HB2302/sbe079.cnv
* Sea-Bird SBE 19plus V2 Data File:
* FileName = C:\cruise\data\sbe079.hex
* Software Version Seasave V 7.26.7.121
* Temperature SN = 4758
* Conductivity SN = 4758
* System UpLoad Time = Jun 16 2023 02:08:32
* NMEA Latitude = 40 44.69 N
* NMEA Longitude = 068 02.53 W
* NMEA UTC (Time) = Jun 16 2023 02:08:33
** Cruise: HB2302
** Program: Ecomon
** Chief Scientist: Jerry Prezioso
# nquan = 7
# nvalues = 1867                                  
# units = specified
# name 0 = depSM: Depth [salt water, m]
# name 1 = tv290C: Temperature [ITS-90, deg C]
# name 2 = c0S/m: Conductivity [S/m]
# name 3 = sal00: Salinity, Practical [PSU]
# name 4 = scan: Scan Count
# name 5 = timeM: Time, Elapsed [minutes]
# name 6 = flag:  0.000e+00
# span 0 =     -0.179,     71.787                 
# span 1 =     9.1711,    14.0136                 
# span 2 =   0.000130,   3.913644                 
# span 3 =     0.0074,    32.9064                 
# span 4 =         11,       1877                 
# span 5 =     0.0417,     7.8167                 
# span 6 = 0.0000e+00, 0.0000e+00                 
# interval = seconds: 0.25
# start_time = Jun 16 2023 02:08:33 [NMEA time, header]
# bad_flag = -9.990e-29
*END*
[from data line 1026]
     43.123     9.2969   3.539345    32.8721       1037     4.3167  0.000e+00
     43.048     9.2946   3.539459    32.8754       1038     4.3208  0.000e+00
     42.978     9.2942   3.539916    32.8806       1039     4.3250  0.000e+00
     42.903     9.2960   3.540221    32.8821       1040     4.3292  0.000e+00
     42.833     9.2981   3.539916    32.8771       1041     4.3333  0.000e+00
     42.773     9.2989   3.540246    32.8798       1042     4.3375  0.000e+00
     42.713     9.3005   3.540811    32.8841       1043     4.3417  0.000e+00
     42.650     9.3041   3.540988    32.8826       1044     4.3458  0.000e+00
     42.586     9.3072   3.539979    32.8694       1045     4.3500  0.000e+00
     42.535     9.3040   3.538672    32.8589       1046     4.3542  0.000e+00
     42.487     9.2954   3.538450    32.8645       1047     4.3583  0.000e+00
     42.438     9.2889   3.538691    32.8731       1048     4.3625  0.000e+00
     42.393     9.2864   3.538691    32.8754       1049     4.3667  0.000e+00
     42.351     9.2857   3.539611    32.8855       1050     4.3708  0.000e+00
     42.312     9.2897   3.540398    32.8900       1051     4.3750  0.000e+00
     42.261     9.2963   3.540335    32.8833       1052     4.3792  0.000e+00
     42.212     9.3003   3.540068    32.8769       1053     4.3833  0.000e+00
     42.164     9.3007   3.539916    32.8749       1054     4.3875  0.000e+00
     42.110     9.2998   3.540157    32.8783       1055     4.3917  0.000e+00
     42.031     9.3002   3.539782    32.8741       1056     4.3958  0.000e+00
     41.959     9.2992   3.539916    32.8764       1057     4.4000  0.000e+00
     41.878     9.2987   3.540049    32.8783       1058     4.4042  0.000e+00
     41.793     9.2994   3.540112    32.8784       1059     4.4083  0.000e+00
     41.709     9.3000   3.540265    32.8794       1060     4.4125  0.000e+00
     41.618     9.3016   3.540595    32.8814       1061     4.4167  0.000e+00
     41.528     9.3036   3.540924    32.8830       1062     4.4208  0.000e+00
     41.446     9.3064   3.541032    32.8815       1063     4.4250  0.000e+00
     41.356     9.3090   3.541686    32.8860       1064     4.4292  0.000e+00
     41.277     9.3130   3.541184    32.8771       1065     4.4333  0.000e+00
     41.199     9.3140   3.540613    32.8704       1066     4.4375  0.000e+00
     41.121     9.3119   3.541514    32.8816       1067     4.4417  0.000e+00
     41.057     9.3135   3.541952    32.8847       1068     4.4458  0.000e+00
     40.976     9.3169   3.541273    32.8746       1069     4.4500  0.000e+00
     40.903     9.3174   3.541908    32.8807       1070     4.4542  0.000e+00
     40.825     9.3187   3.542060    32.8811       1071     4.4583  0.000e+00
     40.753     9.3207   3.542104    32.8797       1072     4.4625  0.000e+00
     40.677     9.3224   3.541971    32.8769       1073     4.4667  0.000e+00
     40.596     9.3227   3.541996    32.8769       1074     4.4708  0.000e+00
     40.517     9.3224   3.541996    32.8772       1075     4.4750  0.000e+00
     40.430     9.3226   3.541755    32.8746       1076     4.4792  0.000e+00
     40.361     9.3216   3.542123    32.8793       1077     4.4833  0.000e+00
     40.288     9.3225   3.542364    32.8810       1078     4.4875  0.000e+00
     40.228     9.3245   3.542345    32.8790       1079     4.4917  0.000e+00
     40.168     9.3253   3.541952    32.8742       1080     4.4958  0.000e+00
     40.113     9.3245   3.542149    32.8770       1081     4.5000  0.000e+00
     40.074     9.3245   3.542498    32.8806       1082     4.5042  0.000e+00
     40.041     9.3263   3.542713    32.8812       1083     4.5083  0.000e+00
     40.008     9.3284   3.542783    32.8800       1084     4.5125  0.000e+00
     39.975     9.3296   3.542079    32.8716       1085     4.5167  0.000e+00
     39.957     9.3276   3.542542    32.8783       1086     4.5208  0.000e+00
     39.932     9.3275   3.542650    32.8795       1087     4.5250  0.000e+00
     39.893     9.3287   3.542713    32.8791       1088     4.5292  0.000e+00
     39.863     9.3302   3.542935    32.8800       1089     4.5333  0.000e+00
     39.821     9.3306   3.541514    32.8650       1090     4.5375  0.000e+00
     39.755     9.3256   3.541400    32.8685       1091     4.5417  0.000e+00
     39.685     9.3209   3.541051    32.8692       1092     4.5458  0.000e+00
     39.610     9.3169   3.541203    32.8744       1093     4.5500  0.000e+00
     39.525     9.3155   3.542193    32.8861       1094     4.5542  0.000e+00
     39.435     9.3195   3.543151    32.8923       1095     4.5583  0.000e+00
     39.335     9.3269   3.544510    32.8995       1096     4.5625  0.000e+00
     39.257     9.3375   3.545017    32.8950       1097     4.5667  0.000e+00
     39.163     9.3467   3.544465    32.8809       1098     4.5708  0.000e+00
     39.076     9.3494   3.543982    32.8735       1099     4.5750  0.000e+00
     39.019     9.3481   3.543963    32.8745       1100     4.5792  0.000e+00
     38.952     9.3466   3.544617    32.8827       1101     4.5833  0.000e+00
     38.898     9.3484   3.544554    32.8804       1102     4.5875  0.000e+00
     38.859     9.3502   3.544617    32.8794       1103     4.5917  0.000e+00
     38.823     9.3509   3.543919    32.8716       1104     4.5958  0.000e+00
     38.774     9.3484   3.543830    32.8730       1105     4.6000  0.000e+00
     38.750     9.3460   3.544027    32.8772       1106     4.6042  0.000e+00
     38.708     9.3454   3.543830    32.8758       1107     4.6083  0.000e+00
     38.663     9.3447   3.544027    32.8785       1108     4.6125  0.000e+00
     38.624     9.3452   3.544687    32.8848       1109     4.6167  0.000e+00
     38.575     9.3483   3.545099    32.8863       1110     4.6208  0.000e+00
     38.515     9.3525   3.545455    32.8860       1111     4.6250  0.000e+00
     38.461     9.3568   3.545893    32.8867       1112     4.6292  0.000e+00
     38.404     9.3611   3.546261    32.8865       1113     4.6333  0.000e+00
     38.340     9.3654   3.546502    32.8851       1114     4.6375  0.000e+00
     38.277     9.3692   3.546413    32.8807       1115     4.6417  0.000e+00
     38.211     9.3710   3.546724    32.8823       1116     4.6458  0.000e+00
     38.144     9.3729   3.546655    32.8799       1117     4.6500  0.000e+00
     38.072     9.3741   3.547512    32.8876       1118     4.6542  0.000e+00
     38.002     9.3779   3.547842    32.8875       1119     4.6583  0.000e+00
     37.921     9.3827   3.548236    32.8873       1120     4.6625  0.000e+00
     37.852     9.3871   3.548344    32.8843       1121     4.6667  0.000e+00
     37.779     9.3899   3.547931    32.8775       1122     4.6708  0.000e+00
     37.704     9.3898   3.547734    32.8757       1123     4.6750  0.000e+00
     37.637     9.3881   3.546832    32.8679       1124     4.6792  0.000e+00
     37.562     9.3837   3.548255    32.8867       1125     4.6833  0.000e+00
     37.499     9.3870   3.550344    32.9052       1126     4.6875  0.000e+00
     37.426     9.3994   3.551310    32.9038       1127     4.6917  0.000e+00
     37.363     9.4112   3.550427    32.8838       1128     4.6958  0.000e+00
     37.300     9.4153   3.550909    32.8851       1129     4.7000  0.000e+00
     37.245     9.4176   3.550299    32.8768       1130     4.7042  0.000e+00
     37.194     9.4166   3.549791    32.8724       1131     4.7083  0.000e+00
     37.149     9.4127   3.548896    32.8669       1132     4.7125  0.000e+00
     37.104     9.4081   3.551024    32.8929       1133     4.7167  0.000e+00
     37.064     9.4128   3.551220    32.8907       1134     4.7208  0.000e+00
     37.031     9.4185   3.551106    32.8843       1135     4.7250  0.000e+00
     36.986     9.4209   3.550915    32.8801       1136     4.7292  0.000e+00
     36.959     9.4214   3.550934    32.8799       1137     4.7333  0.000e+00
     36.920     9.4219   3.550826    32.8783       1138     4.7375  0.000e+00
     36.886     9.4211   3.550515    32.8759       1139     4.7417  0.000e+00
     36.835     9.4192   3.551284    32.8855       1140     4.7458  0.000e+00
     36.787     9.4214   3.551570    32.8865       1141     4.7500  0.000e+00
     36.742     9.4242   3.551595    32.8842       1142     4.7542  0.000e+00
     36.681     9.4272   3.553768    32.9039       1143     4.7583  0.000e+00
     36.612     9.4360   3.551855    32.8761       1144     4.7625  0.000e+00
     36.546     9.4366   3.551595    32.8729       1145     4.7667  0.000e+00
     36.473     9.4329   3.551195    32.8722       1146     4.7708  0.000e+00
     36.395     9.4289   3.550801    32.8719       1147     4.7750  0.000e+00
     36.319     9.4245   3.551023    32.8783       1148     4.7792  0.000e+00
     36.241     9.4230   3.550712    32.8765       1149     4.7833  0.000e+00
     36.166     9.4213   3.551633    32.8875       1150     4.7875  0.000e+00
     36.081     9.4240   3.552052    32.8894       1151     4.7917  0.000e+00
     36.003     9.4291   3.552821    32.8927       1152     4.7958  0.000e+00
     35.927     9.4349   3.553062    32.8898       1153     4.8000  0.000e+00
     35.849     9.4400   3.553609    32.8908       1154     4.8042  0.000e+00
     35.783     9.4455   3.555611    32.9064       1155     4.8083  0.000e+00
     35.713     9.4572   3.556380    32.9036       1156     4.8125  0.000e+00
     35.638     9.4680   3.554536    32.8747       1157     4.8167  0.000e+00
     35.568     9.4667   3.553780    32.8682       1158     4.8208  0.000e+00
     35.502     9.4605   3.554358    32.8799       1159     4.8250  0.000e+00
     35.445     9.4589   3.555261    32.8906       1160     4.8292  0.000e+00
     35.379     9.4626   3.555350    32.8882       1161     4.8333  0.000e+00
     35.321     9.4660   3.555127    32.8828       1162     4.8375  0.000e+00
     35.270     9.4672   3.555477    32.8853       1163     4.8417  0.000e+00
     35.222     9.4690   3.555896    32.8880       1164     4.8458  0.000e+00
     35.176     9.4717   3.556163    32.8883       1165     4.8500  0.000e+00
     35.134     9.4748   3.556487    32.8888       1166     4.8542  0.000e+00
     35.095     9.4783   3.556646    32.8872       1167     4.8583  0.000e+00
     35.065     9.4812   3.556532    32.8834       1168     4.8625  0.000e+00
     35.026     9.4821   3.556271    32.8800       1169     4.8667  0.000e+00
     34.993     9.4815   3.556487    32.8827       1170     4.8708  0.000e+00
     34.950     9.4813   3.556513    32.8832       1171     4.8750  0.000e+00
     34.920     9.4822   3.556799    32.8853       1172     4.8792  0.000e+00
     34.869     9.4844   3.556843    32.8838       1173     4.8833  0.000e+00
     34.824     9.4863   3.556843    32.8821       1174     4.8875  0.000e+00
     34.766     9.4871   3.556843    32.8814       1175     4.8917  0.000e+00
     34.703     9.4874   3.556710    32.8797       1176     4.8958  0.000e+00
     34.628     9.4873   3.556671    32.8794       1177     4.9000  0.000e+00
     34.555     9.4869   3.556665    32.8798       1178     4.9042  0.000e+00
     34.489     9.4866   3.556754    32.8810       1179     4.9083  0.000e+00
     34.408     9.4865   3.556862    32.8822       1180     4.9125  0.000e+00
     34.329     9.4868   3.556907    32.8825       1181     4.9167  0.000e+00
     34.257     9.4876   3.556773    32.8803       1182     4.9208  0.000e+00
     34.178     9.4878   3.556487    32.8773       1183     4.9250  0.000e+00
     34.115     9.4875   3.556315    32.8758       1184     4.9292  0.000e+00
     34.046     9.4867   3.556334    32.8768       1185     4.9333  0.000e+00
     33.982     9.4863   3.556512    32.8790       1186     4.9375  0.000e+00
     33.928     9.4865   3.556468    32.8784       1187     4.9417  0.000e+00
     33.874     9.4867   3.556531    32.8789       1188     4.9458  0.000e+00
     33.813     9.4870   3.556423    32.8775       1189     4.9500  0.000e+00
     33.762     9.4868   3.556531    32.8789       1190     4.9542  0.000e+00
     33.714     9.4869   3.556557    32.8790       1191     4.9583  0.000e+00
     33.663     9.4873   3.556709    32.8803       1192     4.9625  0.000e+00
     33.605     9.4874   3.556817    32.8813       1193     4.9667  0.000e+00
     33.551     9.4873   3.556665    32.8798       1194     4.9708  0.000e+00
     33.491     9.4862   3.556226    32.8764       1195     4.9750  0.000e+00
     33.430     9.4836   3.556271    32.8793       1196     4.9792  0.000e+00
     33.367     9.4813   3.555279    32.8712       1197     4.9833  0.000e+00
     33.298     9.4768   3.555279    32.8753       1198     4.9875  0.000e+00
     33.240     9.4731   3.555851    32.8847       1199     4.9917  0.000e+00
     33.180     9.4735   3.555877    32.8846       1200     4.9958  0.000e+00
     33.111     9.4755   3.555959    32.8836       1201     5.0000  0.000e+00
     33.056     9.4779   3.556315    32.8851       1202     5.0042  0.000e+00
     32.987     9.4812   3.556003    32.8789       1203     5.0083  0.000e+00
     32.936     9.4827   3.555762    32.8751       1204     5.0125  0.000e+00
     32.875     9.4827   3.555876    32.8763       1205     5.0167  0.000e+00
     32.827     9.4829   3.555959    32.8770       1206     5.0208  0.000e+00
     32.773     9.4830   3.555762    32.8748       1207     5.0250  0.000e+00
     32.731     9.4829   3.556048    32.8779       1208     5.0292  0.000e+00
     32.685     9.4832   3.555393    32.8709       1209     5.0333  0.000e+00
     32.634     9.4821   3.555304    32.8710       1210     5.0375  0.000e+00
     32.589     9.4812   3.555323    32.8721       1211     5.0417  0.000e+00
     32.544     9.4805   3.555304    32.8726       1212     5.0458  0.000e+00
     32.498     9.4803   3.555266    32.8724       1213     5.0500  0.000e+00
     32.456     9.4801   3.555323    32.8732       1214     5.0542  0.000e+00
     32.405     9.4797   3.555323    32.8735       1215     5.0583  0.000e+00
     32.348     9.4799   3.555412    32.8743       1216     5.0625  0.000e+00
     32.287     9.4803   3.555654    32.8765       1217     5.0667  0.000e+00
     32.224     9.4809   3.555431    32.8736       1218     5.0708  0.000e+00
     32.158     9.4812   3.555851    32.8778       1219     5.0750  0.000e+00
     32.088     9.4818   3.555787    32.8766       1220     5.0792  0.000e+00
     32.010     9.4825   3.555787    32.8760       1221     5.0833  0.000e+00
     31.937     9.4827   3.555762    32.8756       1222     5.0875  0.000e+00
     31.865     9.4828   3.555984    32.8778       1223     5.0917  0.000e+00
     31.796     9.4836   3.555761    32.8748       1224     5.0958  0.000e+00
     31.732     9.4836   3.555590    32.8730       1225     5.1000  0.000e+00
     31.678     9.4828   3.555431    32.8722       1226     5.1042  0.000e+00
     31.618     9.4819   3.555278    32.8714       1227     5.1083  0.000e+00
     31.566     9.4809   3.555259    32.8722       1228     5.1125  0.000e+00
     31.518     9.4803   3.555259    32.8728       1229     5.1167  0.000e+00
     31.461     9.4799   3.555304    32.8736       1230     5.1208  0.000e+00
     31.410     9.4797   3.555304    32.8738       1231     5.1250  0.000e+00
     31.352     9.4798   3.555393    32.8747       1232     5.1292  0.000e+00
     31.304     9.4801   3.555304    32.8735       1233     5.1333  0.000e+00
     31.241     9.4801   3.555278    32.8732       1234     5.1375  0.000e+00
     31.180     9.4803   3.555259    32.8729       1235     5.1417  0.000e+00
     31.120     9.4801   3.555323    32.8737       1236     5.1458  0.000e+00
     31.060     9.4804   3.555234    32.8726       1237     5.1500  0.000e+00
     30.996     9.4803   3.555259    32.8730       1238     5.1542  0.000e+00
     30.939     9.4801   3.555259    32.8732       1239     5.1583  0.000e+00
     30.888     9.4800   3.555234    32.8731       1240     5.1625  0.000e+00
