HB2302/sbe022.cnv
* Sea-Bird SBE 19plus V2 Data File:
* FileName = C:\cruise\data\sbe022.hex
* Software Version Seasave V 7.26.7.121
* Temperature SN = 4758
* Conductivity SN = 4758
* System UpLoad Time = Jun 10 2023 21:30:14
* NMEA Latitude = 38 43.97 N
* NMEA Longitude = 073 13.24 W
* NMEA UTC (Time) = Jun 10 2023 21:30:15
** Cruise: HB2302
** Program: Ecomon
** Chief Scientist: Jerry Prezioso
# nquan = 7
# nvalues = 1866                                  
# units = specified
# name 0 = depSM: Depth [salt water, m]
# name 1 = tv290C: Temperature [ITS-90, deg C]
# name 2 = c0S/m: Conductivity [S/m]
# name 3 = sal00: Salinity, Practical [PSU]
# name 4 = scan: Scan Count
# name 5 = timeM: Time, Elapsed [minutes]
# name 6 = flag:  0.000e+00
# span 0 =     -0.114,     86.527                 
# span 1 =     7.4970,    22.0627                 
# span 2 =   0.000044,   4.480568                 
# span 3 =     0.0107,    34.2385                 
# span 4 =         11,       1876                 
# span 5 =     0.0417,     7.8125                 
# span 6 = 0.0000e+00, 0.0000e+00                 
# interval = seconds: 0.25
# start_time = Jun 10 2023 21:30:15 [NMEA time, header]
# bad_flag = -9.990e-29
*END*
[from data line 1436]
     24.355    13.6329   4.037792    33.8621       1447     6.0250  0.000e+00
     24.292    13.6279   4.037384    33.8627       1448     6.0292  0.000e+00
     24.231    13.6243   4.037351    33.8656       1449     6.0333  0.000e+00
     24.165    13.6228   4.038990    33.8823       1450     6.0375  0.000e+00
     24.102    13.6268   4.039913    33.8875       1451     6.0417  0.000e+00
     24.029    13.6328   4.040428    33.8870       1452     6.0458  0.000e+00
     23.969    13.6384   4.040355    33.8814       1453     6.0500  0.000e+00
     23.902    13.6424   4.040857    33.8826       1454     6.0542  0.000e+00
     23.830    13.6459   4.043427    33.9035       1455     6.0583  0.000e+00
     23.757    13.6593   4.056032    34.0097       1456     6.0625  0.000e+00
     23.679    13.7058   4.061958    34.0238       1457     6.0667  0.000e+00
     23.606    13.7626   4.064170    33.9941       1458     6.0708  0.000e+00
     23.522    13.8037   4.066611    33.9804       1459     6.0750  0.000e+00
     23.449    13.8306   4.067705    33.9668       1460     6.0792  0.000e+00
     23.362    13.8483   4.064706    33.9232       1461     6.0833  0.000e+00
     23.268    13.8492   4.063210    33.9085       1462     6.0875  0.000e+00
     23.184    13.8414   4.061667    33.9011       1463     6.0917  0.000e+00
     23.102    13.8324   4.062667    33.9184       1464     6.0958  0.000e+00
     23.003    13.8287   4.068933    33.9801       1465     6.1000  0.000e+00
     22.903    13.8475   4.074047    34.0111       1466     6.1042  0.000e+00
     22.806    13.8811   4.073819    33.9793       1467     6.1083  0.000e+00
     22.701    13.9015   4.077149    33.9922       1468     6.1125  0.000e+00
     22.601    13.9256   4.090375    34.0941       1469     6.1167  0.000e+00
     22.495    13.9867   4.109095    34.2139       1470     6.1208  0.000e+00
     22.411    14.0881   4.114000    34.1694       1471     6.1250  0.000e+00
     22.317    14.1745   4.114768    34.1000       1472     6.1292  0.000e+00
     22.239    14.2263   4.114673    34.0533       1473     6.1333  0.000e+00
     22.160    14.2519   4.110810    33.9951       1474     6.1375  0.000e+00
     22.094    14.2533   4.105885    33.9484       1475     6.1417  0.000e+00
     22.036    14.2361   4.102659    33.9338       1476     6.1458  0.000e+00
     21.982    14.2148   4.095518    33.8866       1477     6.1500  0.000e+00
     21.934    14.1833   4.089208    33.8559       1478     6.1542  0.000e+00
     21.882    14.1432   4.083642    33.8397       1479     6.1583  0.000e+00
     21.834    14.1012   4.075910    33.8051       1480     6.1625  0.000e+00
     21.777    14.0551   4.071802    33.8075       1481     6.1667  0.000e+00
     21.731    14.0117   4.059184    33.7286       1482     6.1708  0.000e+00
     21.674    13.9487   4.036643    33.5746       1483     6.1750  0.000e+00
     21.608    13.8424   4.015637    33.4723       1484     6.1792  0.000e+00
     21.544    13.7161   4.011434    33.5436       1485     6.1833  0.000e+00
     21.469    13.6260   4.009334    33.6031       1486     6.1875  0.000e+00
     21.384    13.5738   4.012543    33.6792       1487     6.1917  0.000e+00
     21.312    13.5600   4.016922    33.7324       1488     6.1958  0.000e+00
     21.239    13.5745   4.017696    33.7268       1489     6.2000  0.000e+00
     21.155    13.5903   4.017455    33.7107       1490     6.2042  0.000e+00
     21.073    13.5985   4.016821    33.6976       1491     6.2083  0.000e+00
     20.998    13.6026   4.017916    33.7042       1492     6.2125  0.000e+00
     20.925    13.6116   4.019632    33.7124       1493     6.2167  0.000e+00
     20.856    13.6274   4.021208    33.7132       1494     6.2208  0.000e+00
     20.780    13.6515   4.016046    33.6437       1495     6.2250  0.000e+00
     20.717    13.6723   4.014864    33.6144       1496     6.2292  0.000e+00
     20.656    13.6891   4.016099    33.6112       1497     6.2333  0.000e+00
     20.584    13.7059   4.017400    33.6086       1498     6.2375  0.000e+00
     20.512    13.7243   4.027072    33.6828       1499     6.2417  0.000e+00
     20.442    13.7721   4.037428    33.7374       1500     6.2458  0.000e+00
     20.355    13.8459   4.043469    33.7288       1501     6.2500  0.000e+00
     20.276    13.9160   4.046448    33.6949       1502     6.2542  0.000e+00
     20.191    13.9694   4.048174    33.6641       1503     6.2583  0.000e+00
     20.101    14.0062   4.050799    33.6563       1504     6.2625  0.000e+00
     20.010    14.0386   4.053258    33.6508       1505     6.2667  0.000e+00
     19.920    14.0734   4.053894    33.6263       1506     6.2708  0.000e+00
     19.838    14.1024   4.055193    33.6131       1507     6.2750  0.000e+00
     19.760    14.1264   4.056916    33.6080       1508     6.2792  0.000e+00
     19.684    14.1507   4.054234    33.5622       1509     6.2833  0.000e+00
     19.606    14.1601   4.047074    33.4879       1510     6.2875  0.000e+00
     19.533    14.1421   4.035550    33.3971       1511     6.2917  0.000e+00
     19.464    14.0943   4.022844    33.3211       1512     6.2958  0.000e+00
     19.382    14.0266   4.016261    33.3188       1513     6.3000  0.000e+00
     19.313    13.9644   4.012317    33.3363       1514     6.3042  0.000e+00
     19.243    13.9169   4.006961    33.3279       1515     6.3083  0.000e+00
     19.165    13.8750   4.000962    33.3086       1516     6.3125  0.000e+00
     19.095    13.8339   3.998070    33.3174       1517     6.3167  0.000e+00
     19.017    13.8007   3.996411    33.3308       1518     6.3208  0.000e+00
     18.953    13.7758   3.993821    33.3284       1519     6.3250  0.000e+00
     18.887    13.7560   3.995599    33.3623       1520     6.3292  0.000e+00
     18.827    13.7487   3.988994    33.3071       1521     6.3333  0.000e+00
     18.778    13.7291   3.984987    33.2869       1522     6.3375  0.000e+00
     18.721    13.7039   3.981229    33.2737       1523     6.3417  0.000e+00
     18.675    13.6808   3.977518    33.2592       1524     6.3458  0.000e+00
     18.636    13.6596   3.974819    33.2525       1525     6.3500  0.000e+00
     18.594    13.6413   3.971716    33.2394       1526     6.3542  0.000e+00
     18.549    13.6221   3.967471    33.2166       1527     6.3583  0.000e+00
     18.503    13.6017   3.967298    33.2327       1528     6.3625  0.000e+00
     18.458    13.5920   3.968826    33.2554       1529     6.3667  0.000e+00
     18.404    13.5951   3.970208    33.2657       1530     6.3708  0.000e+00
     18.349    13.6032   3.969623    33.2532       1531     6.3750  0.000e+00
     18.286    13.6066   3.968853    33.2430       1532     6.3792  0.000e+00
     18.216    13.6069   3.972786    33.2796       1533     6.3833  0.000e+00
     18.141    13.6205   3.979002    33.3258       1534     6.3875  0.000e+00
     18.056    13.6546   3.983118    33.3345       1535     6.3917  0.000e+00
     17.975    13.6939   3.984841    33.3164       1536     6.3958  0.000e+00
     17.887    13.7269   3.996678    33.3981       1537     6.4000  0.000e+00
     17.802    13.7809   4.000889    33.3902       1538     6.4042  0.000e+00
     17.718    13.8369   4.008769    33.4148       1539     6.4083  0.000e+00
     17.633    13.8971   4.007948    33.3549       1540     6.4125  0.000e+00
     17.561    13.9312   4.008675    33.3320       1541     6.4167  0.000e+00
     17.494    13.9492   4.009521    33.3243       1542     6.4208  0.000e+00
     17.422    13.9623   4.012076    33.3367       1543     6.4250  0.000e+00
     17.371    13.9775   4.012797    33.3302       1544     6.4292  0.000e+00
     17.316    13.9908   4.017542    33.3626       1545     6.4333  0.000e+00
     17.265    14.0158   4.019505    33.3591       1546     6.4375  0.000e+00
     17.210    14.0424   4.026264    33.3986       1547     6.4417  0.000e+00
     17.168    14.0786   4.026578    33.3702       1548     6.4458  0.000e+00
     17.117    14.1051   4.028302    33.3632       1549     6.4500  0.000e+00
     17.062    14.1251   4.030908    33.3699       1550     6.4542  0.000e+00
     17.017    14.1450   4.028355    33.3291       1551     6.4583  0.000e+00
     16.966    14.1500   4.033549    33.3728       1552     6.4625  0.000e+00
     16.911    14.1667   4.035890    33.3800       1553     6.4667  0.000e+00
     16.851    14.1897   4.038980    33.3886       1554     6.4708  0.000e+00
     16.800    14.2148   4.040706    33.3828       1555     6.4750  0.000e+00
     16.754    14.2361   4.040244    33.3601       1556     6.4792  0.000e+00
     16.712    14.2482   4.043242    33.3773       1557     6.4833  0.000e+00
     16.664    14.2635   4.046221    33.3916       1558     6.4875  0.000e+00
     16.612    14.2854   4.047513    33.3845       1559     6.4917  0.000e+00
     16.570    14.3025   4.045216    33.3486       1560     6.4958  0.000e+00
     16.513    14.3040   4.045316    33.3483       1561     6.5000  0.000e+00
     16.467    14.3032   4.046903    33.3636       1562     6.5042  0.000e+00
     16.404    14.3072   4.048296    33.3730       1563     6.5083  0.000e+00
     16.331    14.3176   4.051176    33.3905       1564     6.5125  0.000e+00
     16.268    14.3341   4.051443    33.3788       1565     6.5167  0.000e+00
     16.186    14.3481   4.054646    33.3961       1566     6.5208  0.000e+00
     16.114    14.3668   4.056388    33.3960       1567     6.5250  0.000e+00
     16.023    14.3853   4.057681    33.3919       1568     6.5292  0.000e+00
     15.942    14.4031   4.058539    33.3845       1569     6.5333  0.000e+00
     15.854    14.4163   4.062596    33.4103       1570     6.5375  0.000e+00
     15.785    14.4371   4.064158    33.4068       1571     6.5417  0.000e+00
     15.724    14.4557   4.060523    33.3574       1572     6.5458  0.000e+00
     15.661    14.4550   4.061851    33.3702       1573     6.5500  0.000e+00
     15.610    14.4564   4.065922    33.4064       1574     6.5542  0.000e+00
     15.570    14.4728   4.066096    33.3939       1575     6.5583  0.000e+00
     15.516    14.4864   4.066780    33.3884       1576     6.5625  0.000e+00
     15.471    14.4948   4.065016    33.3650       1577     6.5667  0.000e+00
     15.428    14.4945   4.065600    33.3707       1578     6.5708  0.000e+00
     15.377    14.4936   4.068102    33.3943       1579     6.5750  0.000e+00
     15.320    14.5030   4.070021    33.4039       1580     6.5792  0.000e+00
     15.259    14.5175   4.069041    33.3824       1581     6.5833  0.000e+00
     15.184    14.5228   4.068867    33.3763       1582     6.5875  0.000e+00
     15.105    14.5259   4.073525    33.4163       1583     6.5917  0.000e+00
     15.017    14.5423   4.072088    33.3891       1584     6.5958  0.000e+00
     14.921    14.5507   4.071081    33.3726       1585     6.6000  0.000e+00
     14.833    14.5495   4.071242    33.3752       1586     6.6042  0.000e+00
     14.740    14.5480   4.071893    33.3824       1587     6.6083  0.000e+00
     14.655    14.5491   4.071746    33.3802       1588     6.6125  0.000e+00
     14.583    14.5509   4.074424    33.4032       1589     6.6167  0.000e+00
     14.513    14.5599   4.072793    33.3805       1590     6.6208  0.000e+00
     14.447    14.5629   4.073961    33.3886       1591     6.6250  0.000e+00
     14.395    14.5661   4.075216    33.3974       1592     6.6292  0.000e+00
     14.344    14.5732   4.075606    33.3949       1593     6.6333  0.000e+00
     14.295    14.5797   4.075538    33.3887       1594     6.6375  0.000e+00
     14.247    14.5824   4.073739    33.3699       1595     6.6417  0.000e+00
     14.205    14.5777   4.075263    33.3879       1596     6.6458  0.000e+00
     14.162    14.5785   4.076398    33.3977       1597     6.6500  0.000e+00
     14.120    14.5845   4.077258    33.4004       1598     6.6542  0.000e+00
     14.072    14.5918   4.077728    33.3984       1599     6.6583  0.000e+00
     14.011    14.5978   4.077969    33.3955       1600     6.6625  0.000e+00
     13.951    14.6018   4.077613    33.3888       1601     6.6667  0.000e+00
     13.888    14.6027   4.078043    33.3920       1602     6.6708  0.000e+00
     13.827    14.6043   4.078339    33.3933       1603     6.6750  0.000e+00
     13.746    14.6062   4.077506    33.3841       1604     6.6792  0.000e+00
     13.688    14.6044   4.077680    33.3873       1605     6.6833  0.000e+00
     13.625    14.6038   4.079030    33.4001       1606     6.6875  0.000e+00
     13.549    14.6085   4.079521    33.4006       1607     6.6917  0.000e+00
     13.483    14.6138   4.079178    33.3930       1608     6.6958  0.000e+00
     13.422    14.6157   4.078694    33.3869       1609     6.7000  0.000e+00
     13.347    14.6148   4.078560    33.3865       1610     6.7042  0.000e+00
     13.274    14.6136   4.079769    33.3986       1611     6.7083  0.000e+00
     13.205    14.6166   4.079776    33.3961       1612     6.7125  0.000e+00
     13.126    14.6197   4.079870    33.3943       1613     6.7167  0.000e+00
     13.051    14.6215   4.079446    33.3890       1614     6.7208  0.000e+00
     12.957    14.6213   4.079473    33.3894       1615     6.7250  0.000e+00
     12.873    14.6206   4.079917    33.3941       1616     6.7292  0.000e+00
     12.779    14.6220   4.080582    33.3990       1617     6.7333  0.000e+00
     12.682    14.6261   4.081301    33.4021       1618     6.7375  0.000e+00
     12.607    14.6319   4.081966    33.4032       1619     6.7417  0.000e+00
     12.516    14.6387   4.082859    33.4056       1620     6.7458  0.000e+00
     12.438    14.6457   4.082510    33.3964       1621     6.7500  0.000e+00
     12.353    14.6493   4.082879    33.3967       1622     6.7542  0.000e+00
     12.287    14.6518   4.082906    33.3948       1623     6.7583  0.000e+00
     12.223    14.6532   4.082731    33.3920       1624     6.7625  0.000e+00
     12.154    14.6538   4.084136    33.4044       1625     6.7667  0.000e+00
     12.102    14.6588   4.085568    33.4132       1626     6.7708  0.000e+00
     12.042    14.6689   4.086650    33.4143       1627     6.7750  0.000e+00
     11.982    14.6793   4.086334    33.4025       1628     6.7792  0.000e+00
     11.924    14.6842   4.085742    33.3930       1629     6.7833  0.000e+00
     11.879    14.6838   4.086273    33.3982       1630     6.7875  0.000e+00
     11.831    14.6851   4.086878    33.4026       1631     6.7917  0.000e+00
     11.785    14.6878   4.086952    33.4010       1632     6.7958  0.000e+00
     11.731    14.6909   4.088229    33.4099       1633     6.8000  0.000e+00
     11.670    14.6980   4.088458    33.4060       1634     6.8042  0.000e+00
     11.619    14.7041   4.088458    33.4008       1635     6.8083  0.000e+00
     11.565    14.7074   4.088606    33.3993       1636     6.8125  0.000e+00
     11.498    14.7099   4.089009    33.4009       1637     6.8167  0.000e+00
     11.432    14.7134   4.089547    33.4028       1638     6.8208  0.000e+00
     11.350    14.7193   4.089917    33.4011       1639     6.8250  0.000e+00
     11.275    14.7261   4.089950    33.3956       1640     6.8292  0.000e+00
     11.187    14.7307   4.090017    33.3923       1641     6.8333  0.000e+00
     11.100    14.7332   4.090259    33.3924       1642     6.8375  0.000e+00
     11.006    14.7360   4.090569    33.3928       1643     6.8417  0.000e+00
     10.927    14.7400   4.091402    33.3970       1644     6.8458  0.000e+00
     10.840    14.7480   4.093629    33.4105       1645     6.8500  0.000e+00
     10.755    14.7642   4.094867    33.4079       1646     6.8542  0.000e+00
     10.680    14.7828   4.095553    33.3982       1647     6.8583  0.000e+00
     10.604    14.7982   4.096696    33.3954       1648     6.8625  0.000e+00
     10.519    14.8129   4.097463    33.3898       1649     6.8667  0.000e+00
     10.432    14.8266   4.098129    33.3842       1650     6.8708  0.000e+00
     10.338    14.8422   4.099024    33.3790       1651     6.8750  0.000e+00
