HB2302/sbe003.cnv
* Sea-Bird SBE 19plus V2 Data File:
* FileName = C:\cruise\data\sbe003.hex
* Software Version Seasave V 7.26.7.121
* Temperature SN = 4758
* Conductivity SN = 4758
* System UpLoad Time = Jun 09 2023 04:19:39
* NMEA Latitude = 40 56.17 N
* NMEA Longitude = 070 53.67 W
* NMEA UTC (Time) = Jun 09 2023 04:19:41
** Cruise: HB2302
** Program: Ecomon
** Chief Scientist: Jerry Prezioso
# nquan = 7
# nvalues = 1253                                  
# units = specified
# name 0 = depSM: Depth [salt water, m]
# name 1 = tv290C: Temperature [ITS-90, deg C]
# name 2 = c0S/m: Conductivity [S/m]
# name 3 = sal00: Salinity, Practical [PSU]
# name 4 = scan: Scan Count
# name 5 = timeM: Time, Elapsed [minutes]
# name 6 = flag:  0.000e+00
# span 0 =     -0.155,     51.035                 
# span 1 =     8.7246,    13.9668                 
# span 2 = -9.990e-07,   3.867876                 
# span 3 =     0.0000,    32.7136                 
# span 4 =         11,       1263                 
# span 5 =     0.0417,     5.2583                 
# span 6 = 0.0000e+00, 0.0000e+00                 
# interval = seconds: 0.25
# start_time = Jun 09 2023 04:19:41 [NMEA time, header]
# bad_flag = -9.990e-29
*END*
[from data line 411]
     48.415     8.7304   3.469248    32.6634        422     1.7542  0.000e+00
     48.530     8.7305   3.469204    32.6628        423     1.7583  0.000e+00
     48.657     8.7302   3.469204    32.6630        424     1.7625  0.000e+00
     48.784     8.7299   3.469249    32.6636        425     1.7667  0.000e+00
     48.913     8.7300   3.469249    32.6635        426     1.7708  0.000e+00
     49.055     8.7300   3.469286    32.6639        427     1.7750  0.000e+00
     49.212     8.7302   3.469330    32.6640        428     1.7792  0.000e+00
     49.366     8.7306   3.469331    32.6636        429     1.7833  0.000e+00
     49.538     8.7308   3.469394    32.6641        430     1.7875  0.000e+00
     49.716     8.7313   3.469494    32.6646        431     1.7917  0.000e+00
     49.901     8.7318   3.469482    32.6638        432     1.7958  0.000e+00
     50.085     8.7323   3.469589    32.6644        433     1.8000  0.000e+00
     50.278     8.7331   3.469652    32.6643        434     1.8042  0.000e+00
     50.465     8.7339   3.469715    32.6641        435     1.8083  0.000e+00
     50.652     8.7345   3.469608    32.6623        436     1.8125  0.000e+00
     50.842     8.7341   3.469375    32.6602        437     1.8167  0.000e+00
     50.984     8.7328   3.469249    32.6600        438     1.8208  0.000e+00
     51.035     8.7312   3.469287    32.6618        439     1.8250  0.000e+00
     51.029     8.7307   3.469312    32.6626        440     1.8292  0.000e+00
     50.972     8.7305   3.469054    32.6601        441     1.8333  0.000e+00
     50.900     8.7292   3.469035    32.6611        442     1.8375  0.000e+00
     50.851     8.7281   3.468991    32.6617        443     1.8417  0.000e+00
     50.779     8.7275   3.469004    32.6624        444     1.8458  0.000e+00
     50.707     8.7273   3.468991    32.6625        445     1.8500  0.000e+00
     50.610     8.7273   3.468966    32.6623        446     1.8542  0.000e+00
     50.532     8.7271   3.468966    32.6625        447     1.8583  0.000e+00
     50.456     8.7271   3.468966    32.6625        448     1.8625  0.000e+00
     50.387     8.7268   3.468991    32.6631        449     1.8667  0.000e+00
     50.326     8.7269   3.468966    32.6628        450     1.8708  0.000e+00
     50.287     8.7268   3.468960    32.6628        451     1.8750  0.000e+00
     50.248     8.7269   3.468966    32.6628        452     1.8792  0.000e+00
     50.197     8.7269   3.468966    32.6628        453     1.8833  0.000e+00
     50.155     8.7269   3.468947    32.6627        454     1.8875  0.000e+00
     50.112     8.7267   3.468928    32.6627        455     1.8917  0.000e+00
     50.067     8.7268   3.468947    32.6628        456     1.8958  0.000e+00
     50.043     8.7267   3.468934    32.6628        457     1.9000  0.000e+00
     50.010     8.7268   3.468928    32.6626        458     1.9042  0.000e+00
     49.995     8.7268   3.468928    32.6626        459     1.9083  0.000e+00
     49.971     8.7269   3.468928    32.6625        460     1.9125  0.000e+00
     49.950     8.7268   3.468903    32.6624        461     1.9167  0.000e+00
     49.932     8.7269   3.468884    32.6621        462     1.9208  0.000e+00
     49.905     8.7268   3.468890    32.6623        463     1.9250  0.000e+00
     49.871     8.7266   3.468884    32.6624        464     1.9292  0.000e+00
     49.823     8.7267   3.468884    32.6623        465     1.9333  0.000e+00
     49.775     8.7266   3.468859    32.6622        466     1.9375  0.000e+00
     49.708     8.7267   3.468840    32.6619        467     1.9417  0.000e+00
     49.639     8.7266   3.468859    32.6623        468     1.9458  0.000e+00
     49.543     8.7266   3.468859    32.6622        469     1.9500  0.000e+00
     49.455     8.7264   3.468821    32.6621        470     1.9542  0.000e+00
     49.334     8.7266   3.468821    32.6620        471     1.9583  0.000e+00
     49.223     8.7266   3.468795    32.6618        472     1.9625  0.000e+00
     49.090     8.7265   3.468821    32.6622        473     1.9667  0.000e+00
     48.957     8.7264   3.468795    32.6621        474     1.9708  0.000e+00
     48.819     8.7263   3.468751    32.6618        475     1.9750  0.000e+00
     48.695     8.7264   3.468802    32.6623        476     1.9792  0.000e+00
     48.571     8.7263   3.468776    32.6621        477     1.9833  0.000e+00
     48.454     8.7261   3.468776    32.6624        478     1.9875  0.000e+00
     48.342     8.7260   3.468751    32.6623        479     1.9917  0.000e+00
     48.245     8.7261   3.468776    32.6625        480     1.9958  0.000e+00
     48.167     8.7262   3.468732    32.6620        481     2.0000  0.000e+00
     48.092     8.7262   3.468732    32.6620        482     2.0042  0.000e+00
     48.028     8.7263   3.468751    32.6622        483     2.0083  0.000e+00
     47.980     8.7261   3.468732    32.6622        484     2.0125  0.000e+00
     47.941     8.7261   3.468751    32.6623        485     2.0167  0.000e+00
     47.899     8.7263   3.468751    32.6622        486     2.0208  0.000e+00
     47.865     8.7261   3.468732    32.6622        487     2.0250  0.000e+00
     47.838     8.7263   3.468732    32.6621        488     2.0292  0.000e+00
     47.799     8.7261   3.468732    32.6622        489     2.0333  0.000e+00
     47.763     8.7261   3.468713    32.6620        490     2.0375  0.000e+00
     47.715     8.7259   3.468688    32.6619        491     2.0417  0.000e+00
     47.666     8.7259   3.468669    32.6618        492     2.0458  0.000e+00
     47.597     8.7259   3.468669    32.6618        493     2.0500  0.000e+00
     47.519     8.7261   3.468669    32.6617        494     2.0542  0.000e+00
     47.431     8.7260   3.468663    32.6617        495     2.0583  0.000e+00
     47.347     8.7261   3.468650    32.6616        496     2.0625  0.000e+00
     47.244     8.7260   3.468650    32.6617        497     2.0667  0.000e+00
     47.139     8.7260   3.468606    32.6613        498     2.0708  0.000e+00
     47.033     8.7259   3.468606    32.6615        499     2.0750  0.000e+00
     46.930     8.7258   3.468606    32.6616        500     2.0792  0.000e+00
     46.825     8.7258   3.468581    32.6614        501     2.0833  0.000e+00
     46.722     8.7258   3.468574    32.6613        502     2.0875  0.000e+00
     46.626     8.7258   3.468606    32.6617        503     2.0917  0.000e+00
     46.547     8.7258   3.468581    32.6615        504     2.0958  0.000e+00
     46.463     8.7257   3.468562    32.6614        505     2.1000  0.000e+00
     46.381     8.7257   3.468562    32.6615        506     2.1042  0.000e+00
     46.321     8.7258   3.468562    32.6614        507     2.1083  0.000e+00
     46.261     8.7258   3.468574    32.6616        508     2.1125  0.000e+00
     46.197     8.7258   3.468562    32.6614        509     2.1167  0.000e+00
     46.149     8.7258   3.468543    32.6613        510     2.1208  0.000e+00
     46.095     8.7257   3.468543    32.6614        511     2.1250  0.000e+00
     46.047     8.7257   3.468517    32.6612        512     2.1292  0.000e+00
     46.010     8.7258   3.468499    32.6609        513     2.1333  0.000e+00
     45.956     8.7256   3.468549    32.6616        514     2.1375  0.000e+00
     45.917     8.7256   3.468499    32.6611        515     2.1417  0.000e+00
     45.866     8.7256   3.468499    32.6612        516     2.1458  0.000e+00
     45.802     8.7257   3.468517    32.6613        517     2.1500  0.000e+00
     45.748     8.7256   3.468517    32.6614        518     2.1542  0.000e+00
     45.682     8.7256   3.468498    32.6612        519     2.1583  0.000e+00
     45.600     8.7254   3.468473    32.6611        520     2.1625  0.000e+00
     45.525     8.7256   3.468461    32.6609        521     2.1667  0.000e+00
     45.428     8.7256   3.468454    32.6609        522     2.1708  0.000e+00
     45.347     8.7256   3.468454    32.6609        523     2.1750  0.000e+00
     45.251     8.7254   3.468454    32.6611        524     2.1792  0.000e+00
     45.148     8.7257   3.468391    32.6602        525     2.1833  0.000e+00
     45.054     8.7256   3.468391    32.6604        526     2.1875  0.000e+00
     44.952     8.7256   3.468416    32.6607        527     2.1917  0.000e+00
     44.861     8.7254   3.468391    32.6606        528     2.1958  0.000e+00
     44.774     8.7254   3.468391    32.6607        529     2.2000  0.000e+00
     44.683     8.7254   3.468410    32.6609        530     2.2042  0.000e+00
     44.599     8.7254   3.468391    32.6607        531     2.2083  0.000e+00
     44.530     8.7253   3.468410    32.6611        532     2.2125  0.000e+00
     44.460     8.7253   3.468410    32.6611        533     2.2167  0.000e+00
     44.391     8.7254   3.468347    32.6604        534     2.2208  0.000e+00
     44.328     8.7256   3.468347    32.6603        535     2.2250  0.000e+00
     44.273     8.7253   3.468328    32.6604        536     2.2292  0.000e+00
     44.213     8.7254   3.468347    32.6604        537     2.2333  0.000e+00
     44.165     8.7255   3.468328    32.6602        538     2.2375  0.000e+00
     44.104     8.7253   3.468328    32.6604        539     2.2417  0.000e+00
     44.053     8.7255   3.468328    32.6603        540     2.2458  0.000e+00
     43.987     8.7253   3.468303    32.6602        541     2.2500  0.000e+00
     43.933     8.7253   3.468303    32.6602        542     2.2542  0.000e+00
     43.869     8.7253   3.468284    32.6601        543     2.2583  0.000e+00
     43.800     8.7254   3.468284    32.6600        544     2.2625  0.000e+00
     43.718     8.7254   3.468259    32.6598        545     2.2667  0.000e+00
     43.631     8.7253   3.468259    32.6600        546     2.2708  0.000e+00
     43.544     8.7253   3.468221    32.6595        547     2.2750  0.000e+00
     43.453     8.7252   3.468177    32.6592        548     2.2792  0.000e+00
     43.351     8.7253   3.468177    32.6592        549     2.2833  0.000e+00
     43.236     8.7253   3.468196    32.6595        550     2.2875  0.000e+00
     43.127     8.7254   3.468151    32.6589        551     2.2917  0.000e+00
     43.010     8.7253   3.468195    32.6596        552     2.2958  0.000e+00
     42.907     8.7251   3.468233    32.6601        553     2.3000  0.000e+00
     42.796     8.7251   3.468239    32.6603        554     2.3042  0.000e+00
     42.702     8.7250   3.468221    32.6602        555     2.3083  0.000e+00
     42.609     8.7251   3.468195    32.6599        556     2.3125  0.000e+00
     42.521     8.7251   3.468176    32.6598        557     2.3167  0.000e+00
     42.440     8.7251   3.468220    32.6603        558     2.3208  0.000e+00
     42.373     8.7251   3.468233    32.6604        559     2.3250  0.000e+00
     42.310     8.7250   3.468258    32.6608        560     2.3292  0.000e+00
     42.262     8.7248   3.468239    32.6608        561     2.3333  0.000e+00
     42.217     8.7248   3.468258    32.6610        562     2.3375  0.000e+00
     42.174     8.7247   3.468258    32.6611        563     2.3417  0.000e+00
     42.132     8.7246   3.468239    32.6611        564     2.3458  0.000e+00
     42.099     8.7247   3.468233    32.6609        565     2.3500  0.000e+00
     42.054     8.7248   3.468132    32.6598        566     2.3542  0.000e+00
     42.018     8.7249   3.468239    32.6608        567     2.3583  0.000e+00
     41.966     8.7249   3.468195    32.6604        568     2.3625  0.000e+00
     41.912     8.7249   3.468132    32.6598        569     2.3667  0.000e+00
     41.849     8.7248   3.468113    32.6597        570     2.3708  0.000e+00
     41.776     8.7249   3.468050    32.6589        571     2.3750  0.000e+00
     41.692     8.7249   3.468057    32.6591        572     2.3792  0.000e+00
     41.604     8.7250   3.467981    32.6582        573     2.3833  0.000e+00
     41.508     8.7251   3.468025    32.6587        574     2.3875  0.000e+00
     41.408     8.7251   3.467874    32.6571        575     2.3917  0.000e+00
     41.309     8.7254   3.467811    32.6562        576     2.3958  0.000e+00
     41.203     8.7256   3.467811    32.6560        577     2.4000  0.000e+00
     41.101     8.7258   3.467830    32.6561        578     2.4042  0.000e+00
     41.001     8.7258   3.467836    32.6563        579     2.4083  0.000e+00
     40.896     8.7258   3.467855    32.6565        580     2.4125  0.000e+00
     40.802     8.7258   3.467836    32.6563        581     2.4167  0.000e+00
     40.700     8.7256   3.467836    32.6565        582     2.4208  0.000e+00
     40.603     8.7258   3.467811    32.6562        583     2.4250  0.000e+00
     40.510     8.7258   3.467830    32.6564        584     2.4292  0.000e+00
     40.416     8.7256   3.467836    32.6567        585     2.4333  0.000e+00
     40.313     8.7254   3.467792    32.6565        586     2.4375  0.000e+00
     40.214     8.7254   3.467792    32.6565        587     2.4417  0.000e+00
     40.114     8.7255   3.467704    32.6555        588     2.4458  0.000e+00
     40.015     8.7256   3.467729    32.6557        589     2.4500  0.000e+00
     39.921     8.7260   3.467685    32.6549        590     2.4542  0.000e+00
     39.837     8.7262   3.467584    32.6538        591     2.4583  0.000e+00
     39.755     8.7265   3.467578    32.6534        592     2.4625  0.000e+00
     39.686     8.7267   3.467640    32.6540        593     2.4667  0.000e+00
     39.617     8.7270   3.467640    32.6537        594     2.4708  0.000e+00
     39.566     8.7268   3.467685    32.6544        595     2.4750  0.000e+00
     39.523     8.7265   3.467729    32.6552        596     2.4792  0.000e+00
     39.487     8.7262   3.467697    32.6551        597     2.4833  0.000e+00
     39.451     8.7261   3.467729    32.6556        598     2.4875  0.000e+00
     39.424     8.7259   3.467729    32.6557        599     2.4917  0.000e+00
     39.394     8.7259   3.467729    32.6558        600     2.4958  0.000e+00
     39.361     8.7257   3.467747    32.6562        601     2.5000  0.000e+00
     39.328     8.7256   3.467791    32.6567        602     2.5042  0.000e+00
     39.276     8.7255   3.467785    32.6568        603     2.5083  0.000e+00
     39.210     8.7254   3.467747    32.6565        604     2.5125  0.000e+00
     39.138     8.7254   3.467747    32.6565        605     2.5167  0.000e+00
     39.050     8.7253   3.467684    32.6560        606     2.5208  0.000e+00
     38.942     8.7253   3.467791    32.6572        607     2.5250  0.000e+00
     38.824     8.7250   3.467766    32.6572        608     2.5292  0.000e+00
     38.694     8.7253   3.467741    32.6568        609     2.5333  0.000e+00
     38.558     8.7250   3.467728    32.6570        610     2.5375  0.000e+00
     38.417     8.7250   3.467728    32.6570        611     2.5417  0.000e+00
     38.272     8.7251   3.467577    32.6554        612     2.5458  0.000e+00
     38.127     8.7254   3.467426    32.6536        613     2.5500  0.000e+00
     37.997     8.7258   3.467426    32.6534        614     2.5542  0.000e+00
     37.868     8.7261   3.467451    32.6534        615     2.5583  0.000e+00
     37.747     8.7259   3.467514    32.6543        616     2.5625  0.000e+00
     37.638     8.7259   3.467558    32.6548        617     2.5667  0.000e+00
     37.533     8.7257   3.467451    32.6539        618     2.5708  0.000e+00
     37.445     8.7258   3.467407    32.6534        619     2.5750  0.000e+00
     37.373     8.7259   3.467382    32.6530        620     2.5792  0.000e+00
     37.301     8.7262   3.467344    32.6524        621     2.5833  0.000e+00
     37.240     8.7265   3.467287    32.6516        622     2.5875  0.000e+00
     37.186     8.7266   3.467256    32.6511        623     2.5917  0.000e+00
     37.138     8.7268   3.467256    32.6510        624     2.5958  0.000e+00
     37.090     8.7267   3.467300    32.6516        625     2.6000  0.000e+00
