HB2302/sbe043.cnv
* Sea-Bird SBE 19plus V2 Data File:
* FileName = C:\cruise\data\sbe043.hex
* Software Version Seasave V 7.26.7.121
* Temperature SN = 4758
* Conductivity SN = 4758
* System UpLoad Time = Jun 13 2023 03:05:40
* NMEA Latitude = 37 59.97 N
* NMEA Longitude = 074 57.67 W
* NMEA UTC (Time) = Jun 13 2023 03:05:41
** Cruise: HB2302
** Program: Ecomon
** Chief Scientist: Jerry Prezioso
# nquan = 7
# nvalues = 1235                                  
# units = specified
# name 0 = depSM: Depth [salt water, m]
# name 1 = tv290C: Temperature [ITS-90, deg C]
# name 2 = c0S/m: Conductivity [S/m]
# name 3 = sal00: Salinity, Practical [PSU]
# name 4 = scan: Scan Count
# name 5 = timeM: Time, Elapsed [minutes]
# name 6 = flag:  0.000e+00
# span 0 =     -0.157,     18.199                 
# span 1 =    15.6423,    19.3012                 
# span 2 =   0.000026,   4.241549                 
# span 3 =     0.0096,    32.2792                 
# span 4 =         11,       1245                 
# span 5 =     0.0417,     5.1833                 
# span 6 = 0.0000e+00, 0.0000e+00                 
# interval = seconds: 0.25
# start_time = Jun 13 2023 03:05:41 [NMEA time, header]
# bad_flag = -9.990e-29
*END*
[from data line 616]
     14.162    15.9983   4.072881    32.1795        627     2.6083  0.000e+00
     14.171    15.9982   4.072847    32.1793        628     2.6125  0.000e+00
     14.186    15.9982   4.072982    32.1805        629     2.6167  0.000e+00
     14.213    15.9984   4.073102    32.1814        630     2.6208  0.000e+00
     14.237    15.9992   4.073196    32.1816        631     2.6250  0.000e+00
     14.253    15.9998   4.073176    32.1809        632     2.6292  0.000e+00
     14.256    16.0004   4.073203    32.1806        633     2.6333  0.000e+00
     14.253    16.0005   4.073176    32.1803        634     2.6375  0.000e+00
     14.229    16.0006   4.073149    32.1800        635     2.6417  0.000e+00
     14.180    16.0006   4.073002    32.1788        636     2.6458  0.000e+00
     14.132    16.0004   4.072908    32.1781        637     2.6500  0.000e+00
     14.066    15.9998   4.072706    32.1768        638     2.6542  0.000e+00
     13.990    15.9992   4.072773    32.1779        639     2.6583  0.000e+00
     13.905    15.9992   4.073176    32.1815        640     2.6625  0.000e+00
     13.815    16.0018   4.073424    32.1817        641     2.6667  0.000e+00
     13.745    16.0056   4.073572    32.1799        642     2.6708  0.000e+00
     13.676    16.0093   4.073693    32.1779        643     2.6750  0.000e+00
     13.625    16.0121   4.073914    32.1776        644     2.6792  0.000e+00
     13.588    16.0148   4.074035    32.1765        645     2.6833  0.000e+00
     13.558    16.0171   4.074237    32.1765        646     2.6875  0.000e+00
     13.552    16.0195   4.074418    32.1761        647     2.6917  0.000e+00
     13.540    16.0220   4.074606    32.1757        648     2.6958  0.000e+00
     13.552    16.0250   4.074680    32.1740        649     2.7000  0.000e+00
     13.558    16.0267   4.074700    32.1728        650     2.7042  0.000e+00
     13.570    16.0279   4.074753    32.1722        651     2.7083  0.000e+00
     13.577    16.0287   4.074774    32.1717        652     2.7125  0.000e+00
     13.592    16.0293   4.074827    32.1718        653     2.7167  0.000e+00
     13.583    16.0298   4.074841    32.1715        654     2.7208  0.000e+00
     13.580    16.0300   4.074847    32.1714        655     2.7250  0.000e+00
     13.565    16.0301   4.074827    32.1711        656     2.7292  0.000e+00
     13.537    16.0298   4.074800    32.1712        657     2.7333  0.000e+00
     13.489    16.0299   4.074888    32.1718        658     2.7375  0.000e+00
     13.429    16.0307   4.075049    32.1726        659     2.7417  0.000e+00
     13.359    16.0325   4.075834    32.1781        660     2.7458  0.000e+00
     13.290    16.0383   4.076304    32.1776        661     2.7500  0.000e+00
     13.226    16.0458   4.076815    32.1760        662     2.7542  0.000e+00
     13.154    16.0545   4.077164    32.1720        663     2.7583  0.000e+00
     13.096    16.0626   4.077412    32.1677        664     2.7625  0.000e+00
     13.060    16.0684   4.077567    32.1644        665     2.7667  0.000e+00
     13.051    16.0729   4.077681    32.1617        666     2.7708  0.000e+00
     13.051    16.0759   4.077902    32.1613        667     2.7750  0.000e+00
     13.057    16.0790   4.078124    32.1607        668     2.7792  0.000e+00
     13.091    16.0825   4.078225    32.1587        669     2.7833  0.000e+00
     13.127    16.0852   4.078198    32.1563        670     2.7875  0.000e+00
     13.175    16.0865   4.078023    32.1537        671     2.7917  0.000e+00
     13.236    16.0856   4.077828    32.1527        672     2.7958  0.000e+00
     13.293    16.0832   4.077593    32.1526        673     2.8000  0.000e+00
     13.348    16.0801   4.077560    32.1547        674     2.8042  0.000e+00
     13.399    16.0776   4.077634    32.1574        675     2.8083  0.000e+00
     13.433    16.0770   4.077829    32.1596        676     2.8125  0.000e+00
     13.439    16.0778   4.077580    32.1568        677     2.8167  0.000e+00
     13.427    16.0767   4.077264    32.1549        678     2.8208  0.000e+00
     13.378    16.0734   4.077311    32.1580        679     2.8250  0.000e+00
     13.294    16.0714   4.077688    32.1629        680     2.8292  0.000e+00
     13.191    16.0741   4.079259    32.1746        681     2.8333  0.000e+00
     13.076    16.0872   4.082047    32.1885        682     2.8375  0.000e+00
     12.949    16.1168   4.085206    32.1924        683     2.8417  0.000e+00
     12.835    16.1612   4.091257    32.2096        684     2.8458  0.000e+00
     12.726    16.2304   4.099626    32.2271        685     2.8500  0.000e+00
     12.638    16.3326   4.104291    32.1853        686     2.8542  0.000e+00
     12.581    16.4268   4.104357    32.1101        687     2.8583  0.000e+00
     12.542    16.4779   4.105057    32.0751        688     2.8625  0.000e+00
     12.536    16.5052   4.106349    32.0645        689     2.8667  0.000e+00
     12.536    16.5269   4.107892    32.0605        690     2.8708  0.000e+00
     12.578    16.5475   4.107521    32.0408        691     2.8750  0.000e+00
     12.623    16.5575   4.106894    32.0273        692     2.8792  0.000e+00
     12.693    16.5556   4.105945    32.0205        693     2.8833  0.000e+00
     12.772    16.5470   4.103096    32.0026        694     2.8875  0.000e+00
     12.850    16.5220   4.099770    31.9937        695     2.8917  0.000e+00
     12.920    16.4817   4.095645    31.9899        696     2.8958  0.000e+00
     12.977    16.4295   4.091946    31.9995        697     2.9000  0.000e+00
     13.017    16.3702   4.088389    32.0159        698     2.9042  0.000e+00
     13.041    16.3099   4.084484    32.0302        699     2.9083  0.000e+00
     13.053    16.2497   4.082563    32.0619        700     2.9125  0.000e+00
     13.050    16.1996   4.081253    32.0907        701     2.9167  0.000e+00
     13.011    16.1634   4.080709    32.1152        702     2.9208  0.000e+00
     12.962    16.1410   4.080602    32.1324        703     2.9250  0.000e+00
     12.887    16.1291   4.080911    32.1447        704     2.9292  0.000e+00
     12.823    16.1261   4.082047    32.1572        705     2.9333  0.000e+00
     12.742    16.1340   4.084748    32.1745        706     2.9375  0.000e+00
     12.663    16.1589   4.087202    32.1759        707     2.9417  0.000e+00
     12.585    16.1953   4.088512    32.1581        708     2.9458  0.000e+00
     12.533    16.2285   4.091800    32.1601        709     2.9500  0.000e+00
     12.491    16.2671   4.092647    32.1364        710     2.9542  0.000e+00
     12.458    16.2982   4.093804    32.1214        711     2.9583  0.000e+00
     12.452    16.3223   4.095560    32.1174        712     2.9625  0.000e+00
     12.455    16.3468   4.096501    32.1058        713     2.9667  0.000e+00
     12.461    16.3667   4.096232    32.0875        714     2.9708  0.000e+00
     12.479    16.3755   4.095734    32.0761        715     2.9750  0.000e+00
     12.504    16.3761   4.095647    32.0748        716     2.9792  0.000e+00
     12.525    16.3740   4.095438    32.0746        717     2.9833  0.000e+00
     12.555    16.3701   4.094247    32.0674        718     2.9875  0.000e+00
     12.576    16.3598   4.093003    32.0648        719     2.9917  0.000e+00
     12.600    16.3451   4.092317    32.0706        720     2.9958  0.000e+00
     12.613    16.3309   4.091974    32.0790        721     3.0000  0.000e+00
     12.625    16.3202   4.092129    32.0890        722     3.0042  0.000e+00
     12.625    16.3151   4.092465    32.0961        723     3.0083  0.000e+00
     12.622    16.3152   4.092761    32.0985        724     3.0125  0.000e+00
     12.601    16.3183   4.092842    32.0968        725     3.0167  0.000e+00
     12.586    16.3214   4.093144    32.0969        726     3.0208  0.000e+00
     12.564    16.3258   4.093064    32.0927        727     3.0250  0.000e+00
     12.540    16.3282   4.093010    32.0903        728     3.0292  0.000e+00
     12.525    16.3292   4.092862    32.0882        729     3.0333  0.000e+00
     12.516    16.3288   4.092593    32.0862        730     3.0375  0.000e+00
     12.516    16.3268   4.092519    32.0871        731     3.0417  0.000e+00
     12.513    16.3245   4.092223    32.0864        732     3.0458  0.000e+00
     12.498    16.3209   4.091900    32.0865        733     3.0500  0.000e+00
     12.504    16.3164   4.091725    32.0886        734     3.0542  0.000e+00
     12.486    16.3125   4.091550    32.0902        735     3.0583  0.000e+00
     12.474    16.3096   4.091470    32.0918        736     3.0625  0.000e+00
     12.459    16.3072   4.091402    32.0931        737     3.0667  0.000e+00
     12.435    16.3051   4.091302    32.0939        738     3.0708  0.000e+00
     12.411    16.3034   4.091537    32.0974        739     3.0750  0.000e+00
     12.381    16.3047   4.092963    32.1088        740     3.0792  0.000e+00
     12.348    16.3159   4.094820    32.1160        741     3.0833  0.000e+00
     12.290    16.3368   4.098272    32.1294        742     3.0875  0.000e+00
     12.245    16.3723   4.102357    32.1366        743     3.0917  0.000e+00
     12.194    16.4210   4.106923    32.1373        744     3.0958  0.000e+00
     12.142    16.4806   4.111740    32.1314        745     3.1000  0.000e+00
     12.088    16.5513   4.118123    32.1302        746     3.1042  0.000e+00
     12.043    16.6390   4.123289    32.1048        747     3.1083  0.000e+00
     12.003    16.7387   4.130814    32.0903        748     3.1125  0.000e+00
     11.970    16.8580   4.138574    32.0621        749     3.1167  0.000e+00
     11.937    16.9873   4.143784    32.0042        750     3.1208  0.000e+00
     11.919    17.1084   4.148063    31.9449        751     3.1250  0.000e+00
     11.901    17.2098   4.150456    31.8853        752     3.1292  0.000e+00
     11.901    17.2845   4.152276    31.8420        753     3.1333  0.000e+00
     11.895    17.3380   4.154001    31.8147        754     3.1375  0.000e+00
     11.913    17.3783   4.154995    31.7916        755     3.1417  0.000e+00
     11.937    17.4058   4.154961    31.7697        756     3.1458  0.000e+00
     11.968    17.4202   4.154636    31.7556        757     3.1500  0.000e+00
     11.986    17.4232   4.153776    31.7460        758     3.1542  0.000e+00
     12.010    17.4155   4.152375    31.7400        759     3.1583  0.000e+00
     12.019    17.3967   4.149568    31.7308        760     3.1625  0.000e+00
     12.031    17.3622   4.145923    31.7266        761     3.1667  0.000e+00
     12.028    17.3090   4.141407    31.7298        762     3.1708  0.000e+00
     12.025    17.2398   4.137339    31.7493        763     3.1750  0.000e+00
     12.025    17.1635   4.134827    31.7878        764     3.1792  0.000e+00
     12.010    17.0984   4.134308    31.8347        765     3.1833  0.000e+00
     11.983    17.0578   4.135187    31.8742        766     3.1875  0.000e+00
     11.956    17.0466   4.137504    31.9031        767     3.1917  0.000e+00
     11.923    17.0643   4.141559    31.9239        768     3.1958  0.000e+00
     11.886    17.1104   4.145290    31.9196        769     3.2000  0.000e+00
     11.850    17.1727   4.148942    31.9017        770     3.2042  0.000e+00
     11.817    17.2386   4.152229    31.8778        771     3.2083  0.000e+00
     11.793    17.3037   4.154407    31.8452        772     3.2125  0.000e+00
     11.778    17.3582   4.156247    31.8180        773     3.2167  0.000e+00
     11.760    17.4023   4.157811    31.7968        774     3.2208  0.000e+00
     11.745    17.4397   4.159171    31.7791        775     3.2250  0.000e+00
     11.724    17.4726   4.161060    31.7694        776     3.2292  0.000e+00
     11.708    17.5057   4.163085    31.7608        777     3.2333  0.000e+00
     11.678    17.5414   4.164968    31.7489        778     3.2375  0.000e+00
     11.657    17.5775   4.166797    31.7362        779     3.2417  0.000e+00
     11.621    17.6128   4.168586    31.7239        780     3.2458  0.000e+00
     11.591    17.6482   4.170693    31.7141        781     3.2500  0.000e+00
     11.564    17.6845   4.172381    31.7002        782     3.2542  0.000e+00
     11.530    17.7202   4.174516    31.6905        783     3.2583  0.000e+00
     11.503    17.7583   4.176761    31.6799        784     3.2625  0.000e+00
     11.473    17.7992   4.178931    31.6665        785     3.2667  0.000e+00
     11.455    17.8402   4.180437    31.6474        786     3.2708  0.000e+00
     11.419    17.8762   4.181848    31.6314        787     3.2750  0.000e+00
     11.395    17.9076   4.183056    31.6173        788     3.2792  0.000e+00
     11.389    17.9354   4.183904    31.6029        789     3.2833  0.000e+00
     11.389    17.9578   4.184535    31.5909        790     3.2875  0.000e+00
     11.392    17.9751   4.185050    31.5819        791     3.2917  0.000e+00
     11.413    17.9895   4.185553    31.5750        792     3.2958  0.000e+00
     11.434    18.0007   4.185885    31.5691        793     3.3000  0.000e+00
     11.455    18.0092   4.185892    31.5627        794     3.3042  0.000e+00
     11.476    18.0135   4.185810    31.5586        795     3.3083  0.000e+00
     11.495    18.0133   4.185627    31.5572        796     3.3125  0.000e+00
     11.504    18.0106   4.185355    31.5570        797     3.3167  0.000e+00
     11.501    18.0057   4.184921    31.5572        798     3.3208  0.000e+00
     11.486    17.9982   4.184846    31.5623        799     3.3250  0.000e+00
     11.465    17.9920   4.184921    31.5677        800     3.3292  0.000e+00
     11.425    17.9889   4.185356    31.5738        801     3.3333  0.000e+00
     11.377    17.9910   4.186041    31.5780        802     3.3375  0.000e+00
     11.314    18.0004   4.187997    31.5872        803     3.3417  0.000e+00
     11.232    18.0240   4.190699    31.5917        804     3.3458  0.000e+00
     11.132    18.0636   4.193158    31.5818        805     3.3500  0.000e+00
     11.033    18.1095   4.195943    31.5699        806     3.3542  0.000e+00
     10.927    18.1587   4.199069    31.5583        807     3.3583  0.000e+00
     10.833    18.2113   4.200768    31.5321        808     3.3625  0.000e+00
     10.743    18.2557   4.202481    31.5124        809     3.3667  0.000e+00
     10.673    18.2913   4.203474    31.4934        810     3.3708  0.000e+00
     10.622    18.3181   4.204555    31.4819        811     3.3750  0.000e+00
     10.595    18.3386   4.204908    31.4691        812     3.3792  0.000e+00
     10.583    18.3520   4.205214    31.4614        813     3.3833  0.000e+00
     10.595    18.3611   4.205384    31.4559        814     3.3875  0.000e+00
     10.619    18.3669   4.205214    31.4501        815     3.3917  0.000e+00
     10.668    18.3684   4.204608    31.4438        816     3.3958  0.000e+00
     10.737    18.3644   4.204853    31.4489        817     3.4000  0.000e+00
     10.804    18.3623   4.204289    31.4458        818     3.4042  0.000e+00
     10.873    18.3562   4.203269    31.4419        819     3.4083  0.000e+00
     10.949    18.3444   4.202385    31.4435        820     3.4125  0.000e+00
     10.991    18.3300   4.201351    31.4459        821     3.4167  0.000e+00
     11.027    18.3140   4.200413    31.4503        822     3.4208  0.000e+00
     11.033    18.2964   4.198972    31.4517        823     3.4250  0.000e+00
     11.027    18.2751   4.197729    31.4576        824     3.4292  0.000e+00
     10.997    18.2527   4.196974    31.4685        825     3.4333  0.000e+00
     10.934    18.2346   4.197369    31.4857        826     3.4375  0.000e+00
     10.861    18.2295   4.199803    31.5100        827     3.4417  0.000e+00
     10.777    18.2453   4.202121    31.5173        828     3.4458  0.000e+00
     10.680    18.2758   4.204215    31.5115        829     3.4500  0.000e+00
     10.568    18.3103   4.206133    31.5011        830     3.4542  0.000e+00
