HB2302/sbe013.cnv
* Sea-Bird SBE 19plus V2 Data File:
* FileName = C:\cruise\data\sbe013.hex
* Software Version Seasave V 7.26.7.121
* Temperature SN = 4758
* Conductivity SN = 4758
* System UpLoad Time = Jun 10 2023 05:50:24
* NMEA Latitude = 40 01.41 N
* NMEA Longitude = 072 13.18 W
* NMEA UTC (Time) = Jun 10 2023 05:50:25
** Cruise: HB2302
** Program: Ecomon
** Chief Scientist: Jerry Prezioso
# nquan = 7
# nvalues = 1670                                  
# units = specified
# name 0 = depSM: Depth [salt water, m]
# name 1 = tv290C: Temperature [ITS-90, deg C]
# name 2 = c0S/m: Conductivity [S/m]
# name 3 = sal00: Salinity, Practical [PSU]
# name 4 = scan: Scan Count
# name 5 = timeM: Time, Elapsed [minutes]
# name 6 = flag:  0.000e+00
# span 0 =     -0.172,     77.130                 
# span 1 =     7.2795,    14.9298                 
# span 2 =   0.000050,   4.105276                 
# span 3 =     0.0076,    34.0124                 
# span 4 =         11,       1680                 
# span 5 =     0.0417,     6.9958                 
# span 6 = 0.0000e+00, 0.0000e+00                 
# interval = seconds: 0.25
# start_time = Jun 10 2023 05:50:25 [NMEA time, header]
# bad_flag = -9.990e-29
*END*
[from data line 1436]
     11.519    13.1302   3.873079    32.7599       1447     6.0250  0.000e+00
     11.471    13.1353   3.873586    32.7603       1448     6.0292  0.000e+00
     11.428    13.1406   3.873842    32.7583       1449     6.0333  0.000e+00
     11.386    13.1451   3.873974    32.7556       1450     6.0375  0.000e+00
     11.350    13.1481   3.874118    32.7544       1451     6.0417  0.000e+00
     11.313    13.1508   3.874375    32.7545       1452     6.0458  0.000e+00
     11.265    13.1532   3.874677    32.7553       1453     6.0500  0.000e+00
     11.217    13.1558   3.875302    32.7589       1454     6.0542  0.000e+00
     11.169    13.1603   3.876460    32.7660       1455     6.0583  0.000e+00
     11.099    13.1675   3.878592    32.7799       1456     6.0625  0.000e+00
     11.024    13.1810   3.883194    32.8116       1457     6.0667  0.000e+00
     10.954    13.2065   3.886750    32.8230       1458     6.0708  0.000e+00
     10.873    13.2388   3.889121    32.8175       1459     6.0750  0.000e+00
     10.800    13.2698   3.891868    32.8166       1460     6.0792  0.000e+00
     10.719    13.2986   3.894326    32.8148       1461     6.0833  0.000e+00
     10.637    13.3268   3.900544    32.8490       1462     6.0875  0.000e+00
     10.555    13.3662   3.908166    32.8865       1463     6.0917  0.000e+00
     10.477    13.4201   3.912153    32.8774       1464     6.0958  0.000e+00
     10.395    13.4746   3.912410    32.8329       1465     6.1000  0.000e+00
     10.326    13.5114   3.912779    32.8047       1466     6.1042  0.000e+00
     10.247    13.5321   3.913624    32.7948       1467     6.1083  0.000e+00
     10.181    13.5457   3.915434    32.8001       1468     6.1125  0.000e+00
     10.127    13.5596   3.916749    32.8004       1469     6.1167  0.000e+00
     10.066    13.5735   3.917403    32.7946       1470     6.1208  0.000e+00
     10.012    13.5851   3.917687    32.7873       1471     6.1250  0.000e+00
      9.957    13.5929   3.918460    32.7879       1472     6.1292  0.000e+00
      9.924    13.5996   3.918975    32.7869       1473     6.1333  0.000e+00
      9.885    13.6056   3.919537    32.7870       1474     6.1375  0.000e+00
      9.852    13.6112   3.920033    32.7869       1475     6.1417  0.000e+00
      9.824    13.6163   3.920033    32.7825       1476     6.1458  0.000e+00
      9.794    13.6198   3.920548    32.7843       1477     6.1500  0.000e+00
      9.761    13.6235   3.921282    32.7880       1478     6.1542  0.000e+00
      9.718    13.6288   3.922505    32.7949       1479     6.1583  0.000e+00
      9.676    13.6365   3.922809    32.7911       1480     6.1625  0.000e+00
      9.625    13.6439   3.923113    32.7876       1481     6.1667  0.000e+00
      9.573    13.6501   3.923807    32.7888       1482     6.1708  0.000e+00
      9.492    13.6559   3.924217    32.7876       1483     6.1750  0.000e+00
      9.419    13.6617   3.924382    32.7843       1484     6.1792  0.000e+00
      9.344    13.6656   3.925063    32.7873       1485     6.1833  0.000e+00
      9.259    13.6704   3.925539    32.7876       1486     6.1875  0.000e+00
      9.169    13.6752   3.925962    32.7876       1487     6.1917  0.000e+00
      9.084    13.6796   3.926220    32.7862       1488     6.1958  0.000e+00
      9.000    13.6833   3.926286    32.7837       1489     6.2000  0.000e+00
      8.918    13.6861   3.926617    32.7844       1490     6.2042  0.000e+00
      8.837    13.6887   3.926948    32.7853       1491     6.2083  0.000e+00
      8.764    13.6916   3.927086    32.7841       1492     6.2125  0.000e+00
      8.707    13.6942   3.927490    32.7856       1493     6.2167  0.000e+00
      8.643    13.6971   3.928079    32.7887       1494     6.2208  0.000e+00
      8.583    13.7009   3.928383    32.7883       1495     6.2250  0.000e+00
      8.526    13.7045   3.928403    32.7854       1496     6.2292  0.000e+00
      8.468    13.7067   3.928548    32.7849       1497     6.2333  0.000e+00
      8.420    13.7085   3.928528    32.7832       1498     6.2375  0.000e+00
      8.362    13.7098   3.928879    32.7854       1499     6.2417  0.000e+00
      8.320    13.7118   3.929871    32.7929       1500     6.2458  0.000e+00
      8.263    13.7165   3.930811    32.7976       1501     6.2500  0.000e+00
      8.211    13.7236   3.931049    32.7938       1502     6.2542  0.000e+00
      8.172    13.7299   3.931426    32.7919       1503     6.2583  0.000e+00
      8.124    13.7349   3.931876    32.7918       1504     6.2625  0.000e+00
      8.084    13.7397   3.932769    32.7961       1505     6.2667  0.000e+00
      8.036    13.7464   3.935768    32.8182       1506     6.2708  0.000e+00
      7.976    13.7608   3.940588    32.8507       1507     6.2750  0.000e+00
      7.918    13.7907   3.953261    32.9428       1508     6.2792  0.000e+00
      7.861    13.8556   3.972613    33.0667       1509     6.2833  0.000e+00
      7.794    13.9782   3.982871    33.0563       1510     6.2875  0.000e+00
      7.725    14.1147   3.988093    32.9874       1511     6.2917  0.000e+00
      7.661    14.2263   3.996835    32.9725       1512     6.2958  0.000e+00
      7.598    14.3202   3.998832    32.9108       1513     6.3000  0.000e+00
      7.526    14.3893   3.999697    32.8600       1514     6.3042  0.000e+00
      7.468    14.4315   4.000203    32.8288       1515     6.3083  0.000e+00
      7.390    14.4558   4.001843    32.8233       1516     6.3125  0.000e+00
      7.323    14.4738   4.006009    32.8461       1517     6.3167  0.000e+00
      7.251    14.4994   4.007743    32.8403       1518     6.3208  0.000e+00
      7.187    14.5277   4.008903    32.8270       1519     6.3250  0.000e+00
      7.112    14.5485   4.009917    32.8187       1520     6.3292  0.000e+00
      7.048    14.5644   4.010764    32.8130       1521     6.3333  0.000e+00
      6.991    14.5772   4.011290    32.8070       1522     6.3375  0.000e+00
      6.931    14.5868   4.011290    32.7989       1523     6.3417  0.000e+00
      6.873    14.5926   4.012211    32.8024       1524     6.3458  0.000e+00
      6.831    14.5986   4.012938    32.8040       1525     6.3500  0.000e+00
      6.789    14.6063   4.013205    32.7999       1526     6.3542  0.000e+00
      6.749    14.6117   4.014413    32.8064       1527     6.3583  0.000e+00
      6.707    14.6191   4.015521    32.8102       1528     6.3625  0.000e+00
      6.671    14.6300   4.016175    32.8070       1529     6.3667  0.000e+00
      6.632    14.6381   4.016709    32.8050       1530     6.3708  0.000e+00
      6.580    14.6462   4.017262    32.8032       1531     6.3750  0.000e+00
      6.535    14.6531   4.018230    32.8062       1532     6.3792  0.000e+00
      6.480    14.6609   4.018497    32.8022       1533     6.3833  0.000e+00
      6.423    14.6677   4.018537    32.7967       1534     6.3875  0.000e+00
      6.366    14.6714   4.018931    32.7973       1535     6.3917  0.000e+00
      6.305    14.6746   4.020093    32.8051       1536     6.3958  0.000e+00
      6.245    14.6804   4.020166    32.8009       1537     6.4000  0.000e+00
      6.178    14.6864   4.021014    32.8037       1538     6.4042  0.000e+00
      6.109    14.6922   4.021789    32.8058       1539     6.4083  0.000e+00
      6.042    14.6995   4.022931    32.8101       1540     6.4125  0.000e+00
      5.973    14.7087   4.023091    32.8037       1541     6.4167  0.000e+00
      5.901    14.7162   4.023752    32.8035       1542     6.4208  0.000e+00
      5.834    14.7224   4.023853    32.7992       1543     6.4250  0.000e+00
      5.765    14.7268   4.024968    32.8057       1544     6.4292  0.000e+00
      5.704    14.7338   4.024581    32.7963       1545     6.4333  0.000e+00
      5.647    14.7377   4.024627    32.7934       1546     6.4375  0.000e+00
      5.592    14.7391   4.024661    32.7925       1547     6.4417  0.000e+00
      5.538    14.7400   4.025382    32.7983       1548     6.4458  0.000e+00
      5.487    14.7425   4.026157    32.8033       1549     6.4500  0.000e+00
      5.435    14.7481   4.025716    32.7946       1550     6.4542  0.000e+00
      5.384    14.7512   4.026832    32.8022       1551     6.4583  0.000e+00
      5.339    14.7556   4.026130    32.7921       1552     6.4625  0.000e+00
      5.284    14.7576   4.026177    32.7909       1553     6.4667  0.000e+00
      5.233    14.7571   4.027213    32.8007       1554     6.4708  0.000e+00
      5.185    14.7602   4.028389    32.8088       1555     6.4750  0.000e+00
      5.136    14.7685   4.028583    32.8036       1556     6.4792  0.000e+00
      5.091    14.7754   4.028897    32.8006       1557     6.4833  0.000e+00
      5.037    14.7805   4.029191    32.7990       1558     6.4875  0.000e+00
      4.979    14.7844   4.029017    32.7941       1559     6.4917  0.000e+00
      4.904    14.7864   4.029037    32.7927       1560     6.4958  0.000e+00
      4.849    14.7876   4.029117    32.7925       1561     6.5000  0.000e+00
      4.780    14.7881   4.029819    32.7984       1562     6.5042  0.000e+00
      4.704    14.7906   4.030133    32.7992       1563     6.5083  0.000e+00
      4.620    14.7946   4.030012    32.7947       1564     6.5125  0.000e+00
      4.550    14.7970   4.030962    32.8014       1565     6.5167  0.000e+00
      4.478    14.8016   4.031476    32.8022       1566     6.5208  0.000e+00
      4.414    14.8072   4.030988    32.7931       1567     6.5250  0.000e+00
      4.366    14.8097   4.031229    32.7932       1568     6.5292  0.000e+00
      4.318    14.8109   4.030112    32.7821       1569     6.5333  0.000e+00
      4.282    14.8074   4.030400    32.7876       1570     6.5375  0.000e+00
      4.248    14.8048   4.031082    32.7961       1571     6.5417  0.000e+00
      4.215    14.8060   4.031356    32.7975       1572     6.5458  0.000e+00
      4.182    14.8092   4.031376    32.7950       1573     6.5500  0.000e+00
      4.139    14.8116   4.031155    32.7910       1574     6.5542  0.000e+00
      4.106    14.8115   4.031035    32.7900       1575     6.5583  0.000e+00
      4.067    14.8107   4.031128    32.7916       1576     6.5625  0.000e+00
      4.013    14.8106   4.031008    32.7906       1577     6.5667  0.000e+00
      3.976    14.8102   4.031449    32.7949       1578     6.5708  0.000e+00
      3.934    14.8110   4.032004    32.7993       1579     6.5750  0.000e+00
      3.895    14.8147   4.032078    32.7968       1580     6.5792  0.000e+00
      3.849    14.8181   4.032078    32.7940       1581     6.5833  0.000e+00
      3.792    14.8196   4.032178    32.7937       1582     6.5875  0.000e+00
      3.723    14.8209   4.031716    32.7885       1583     6.5917  0.000e+00
      3.647    14.8202   4.031870    32.7905       1584     6.5958  0.000e+00
      3.578    14.8191   4.031837    32.7911       1585     6.6000  0.000e+00
      3.496    14.8186   4.032345    32.7961       1586     6.6042  0.000e+00
      3.418    14.8205   4.031984    32.7913       1587     6.6083  0.000e+00
      3.333    14.8209   4.031449    32.7862       1588     6.6125  0.000e+00
      3.242    14.8184   4.031449    32.7883       1589     6.6167  0.000e+00
      3.170    14.8159   4.031429    32.7903       1590     6.6208  0.000e+00
      3.097    14.8146   4.031863    32.7953       1591     6.6250  0.000e+00
      3.031    14.8155   4.031736    32.7934       1592     6.6292  0.000e+00
      2.974    14.8167   4.032004    32.7949       1593     6.6333  0.000e+00
      2.913    14.8177   4.032345    32.7971       1594     6.6375  0.000e+00
      2.853    14.8202   4.032345    32.7951       1595     6.6417  0.000e+00
      2.795    14.8222   4.032124    32.7914       1596     6.6458  0.000e+00
      2.759    14.8224   4.032151    32.7915       1597     6.6500  0.000e+00
      2.717    14.8219   4.032177    32.7922       1598     6.6542  0.000e+00
      2.683    14.8219   4.032324    32.7935       1599     6.6583  0.000e+00
      2.665    14.8225   4.032271    32.7926       1600     6.6625  0.000e+00
      2.650    14.8228   4.032298    32.7925       1601     6.6667  0.000e+00
      2.632    14.8230   4.032565    32.7948       1602     6.6708  0.000e+00
      2.638    14.8241   4.032685    32.7950       1603     6.6750  0.000e+00
      2.632    14.8255   4.032685    32.7937       1604     6.6792  0.000e+00
      2.617    14.8267   4.032732    32.7932       1605     6.6833  0.000e+00
      2.568    14.8272   4.033100    32.7962       1606     6.6875  0.000e+00
      2.499    14.8291   4.033341    32.7968       1607     6.6917  0.000e+00
      2.414    14.8315   4.033354    32.7948       1608     6.6958  0.000e+00
      2.339    14.8334   4.033468    32.7943       1609     6.7000  0.000e+00
      2.266    14.8345   4.033467    32.7934       1610     6.7042  0.000e+00
      2.212    14.8353   4.033534    32.7934       1611     6.7083  0.000e+00
      2.140    14.8359   4.033467    32.7923       1612     6.7125  0.000e+00
      2.052    14.8360   4.033053    32.7885       1613     6.7167  0.000e+00
      1.976    14.8344   4.032979    32.7892       1614     6.7208  0.000e+00
      1.910    14.8328   4.032979    32.7905       1615     6.7250  0.000e+00
      1.865    14.8318   4.032759    32.7894       1616     6.7292  0.000e+00
      1.810    14.8305   4.032879    32.7917       1617     6.7333  0.000e+00
      1.750    14.8297   4.032805    32.7917       1618     6.7375  0.000e+00
      1.692    14.8295   4.033026    32.7939       1619     6.7417  0.000e+00
      1.647    14.8298   4.032865    32.7921       1620     6.7458  0.000e+00
      1.614    14.8298   4.032932    32.7928       1621     6.7500  0.000e+00
      1.581    14.8301   4.033293    32.7959       1622     6.7542  0.000e+00
      1.559    14.8313   4.033320    32.7951       1623     6.7583  0.000e+00
      1.544    14.8331   4.033320    32.7936       1624     6.7625  0.000e+00
      1.535    14.8340   4.033260    32.7923       1625     6.7667  0.000e+00
      1.538    14.8342   4.033320    32.7926       1626     6.7708  0.000e+00
      1.544    14.8343   4.033367    32.7930       1627     6.7750  0.000e+00
      1.550    14.8346   4.033440    32.7934       1628     6.7792  0.000e+00
      1.535    14.8352   4.033467    32.7931       1629     6.7833  0.000e+00
      1.465    14.8357   4.033534    32.7934       1630     6.7875  0.000e+00
      1.363    14.8361   4.033447    32.7922       1631     6.7917  0.000e+00
      1.242    14.8362   4.033440    32.7921       1632     6.7958  0.000e+00
      1.136    14.8363   4.033440    32.7921       1633     6.8000  0.000e+00
      1.079    14.8362   4.033440    32.7922       1634     6.8042  0.000e+00
      1.012    14.8362   4.033393    32.7918       1635     6.8083  0.000e+00
      0.976    14.8358   4.033293    32.7912       1636     6.8125  0.000e+00
      0.967    14.8353   4.033233    32.7911       1637     6.8167  0.000e+00
      0.958    14.8347   4.033293    32.7922       1638     6.8208  0.000e+00
      0.928    14.8346   4.033320    32.7925       1639     6.8250  0.000e+00
      0.867    14.8346   4.033367    32.7930       1640     6.8292  0.000e+00
      0.801    14.8347   4.033146    32.7909       1641     6.8333  0.000e+00
      0.713    14.8343   4.033052    32.7904       1642     6.8375  0.000e+00
      0.599    14.8332   4.033052    32.7914       1643     6.8417  0.000e+00
      0.508    14.8325   4.032905    32.7907       1644     6.8458  0.000e+00
      0.457    14.8315   4.032878    32.7913       1645     6.8500  0.000e+00
      0.435    14.8308   4.033025    32.7933       1646     6.8542  0.000e+00
      0.420    14.8308   4.033099    32.7939       1647     6.8583  0.000e+00
      0.414    14.8312   4.033099    32.7936       1648     6.8625  0.000e+00
      0.414    14.8316   4.033072    32.7930       1649     6.8667  0.000e+00
      0.435    14.8318   4.032785    32.7902       1650     6.8708  0.000e+00
      0.459    14.8311   4.032564    32.7888       1651     6.8750  0.000e+00
