HB2302/sbe051.cnv
* Sea-Bird SBE 19plus V2 Data File:
* FileName = C:\cruise\data\sbe051.hex
* Software Version Seasave V 7.26.7.121
* Temperature SN = 4758
* Conductivity SN = 4758
* System UpLoad Time = Jun 13 2023 18:46:52
* NMEA Latitude = 39 30.49 N
* NMEA Longitude = 074 09.68 W
* NMEA UTC (Time) = Jun 13 2023 18:46:53
** Cruise: HB2302
** Program: Ecomon
** Chief Scientist: Jerry Prezioso
# nquan = 7
# nvalues = 1492                                  
# units = specified
# name 0 = depSM: Depth [salt water, m]
# name 1 = tv290C: Temperature [ITS-90, deg C]
# name 2 = c0S/m: Conductivity [S/m]
# name 3 = sal00: Salinity, Practical [PSU]
# name 4 = scan: Scan Count
# name 5 = timeM: Time, Elapsed [minutes]
# name 6 = flag:  0.000e+00
# span 0 =     -0.127,     13.957                 
# span 1 =    14.8357,    20.1191                 
# span 2 =   0.000008,   4.328304                 
# span 3 =     0.0100,    31.7885                 
# span 4 =         11,       1502                 
# span 5 =     0.0417,     6.2542                 
# span 6 = 0.0000e+00, 0.0000e+00                 
# interval = seconds: 0.25
# start_time = Jun 13 2023 18:46:53 [NMEA time, header]
# bad_flag = -9.990e-29
*END*
[from data line 1231]
      2.925    18.1907   4.092658    30.6465       1242     5.1708  0.000e+00
      2.913    18.1900   4.092833    30.6485       1243     5.1750  0.000e+00
      2.892    18.1909   4.093109    30.6502       1244     5.1792  0.000e+00
      2.877    18.1926   4.093277    30.6503       1245     5.1833  0.000e+00
      2.874    18.1943   4.093230    30.6486       1246     5.1875  0.000e+00
      2.868    18.1958   4.093526    30.6500       1247     5.1917  0.000e+00
      2.883    18.1974   4.093566    30.6491       1248     5.1958  0.000e+00
      2.901    18.1988   4.093526    30.6477       1249     5.2000  0.000e+00
      2.916    18.1999   4.093822    30.6494       1250     5.2042  0.000e+00
      2.934    18.2009   4.093963    30.6498       1251     5.2083  0.000e+00
      2.949    18.2025   4.094051    30.6493       1252     5.2125  0.000e+00
      2.965    18.2036   4.094219    30.6499       1253     5.2167  0.000e+00
      2.962    18.2053   4.094320    30.6495       1254     5.2208  0.000e+00
      2.949    18.2068   4.094542    30.6502       1255     5.2250  0.000e+00
      2.928    18.2090   4.094892    30.6515       1256     5.2292  0.000e+00
      2.892    18.2124   4.096224    30.6600       1257     5.2333  0.000e+00
      2.850    18.2200   4.097226    30.6628       1258     5.2375  0.000e+00
      2.807    18.2290   4.097590    30.6591       1259     5.2417  0.000e+00
      2.765    18.2365   4.098310    30.6595       1260     5.2458  0.000e+00
      2.741    18.2424   4.097320    30.6468       1261     5.2500  0.000e+00
      2.714    18.2428   4.098108    30.6532       1262     5.2542  0.000e+00
      2.717    18.2447   4.098653    30.6562       1263     5.2583  0.000e+00
      2.711    18.2485   4.098740    30.6541       1264     5.2625  0.000e+00
      2.702    18.2519   4.098902    30.6530       1265     5.2667  0.000e+00
      2.693    18.2545   4.099272    30.6541       1266     5.2708  0.000e+00
      2.689    18.2563   4.098720    30.6482       1267     5.2750  0.000e+00
      2.686    18.2561   4.098875    30.6496       1268     5.2792  0.000e+00
      2.689    18.2558   4.099871    30.6581       1269     5.2833  0.000e+00
      2.693    18.2601   4.100968    30.6641       1270     5.2875  0.000e+00
      2.711    18.2686   4.102052    30.6668       1271     5.2917  0.000e+00
      2.723    18.2772   4.101036    30.6519       1272     5.2958  0.000e+00
      2.741    18.2782   4.100140    30.6436       1273     5.3000  0.000e+00
      2.756    18.2743   4.100517    30.6497       1274     5.3042  0.000e+00
      2.774    18.2720   4.100362    30.6501       1275     5.3083  0.000e+00
      2.789    18.2705   4.100329    30.6510       1276     5.3125  0.000e+00
      2.786    18.2702   4.101857    30.6639       1277     5.3167  0.000e+00
      2.768    18.2755   4.101655    30.6583       1278     5.3208  0.000e+00
      2.747    18.2789   4.100847    30.6490       1279     5.3250  0.000e+00
      2.699    18.2775   4.101009    30.6514       1280     5.3292  0.000e+00
      2.656    18.2766   4.100564    30.6484       1281     5.3333  0.000e+00
      2.608    18.2744   4.102550    30.6666       1282     5.3375  0.000e+00
      2.569    18.2822   4.106470    30.6935       1283     5.3417  0.000e+00
      2.532    18.3034   4.106941    30.6816       1284     5.3458  0.000e+00
      2.499    18.3192   4.105210    30.6553       1285     5.3500  0.000e+00
      2.469    18.3214   4.105897    30.6595       1286     5.3542  0.000e+00
      2.451    18.3222   4.106099    30.6606       1287     5.3583  0.000e+00
      2.423    18.3247   4.106321    30.6606       1288     5.3625  0.000e+00
      2.405    18.3272   4.106321    30.6586       1289     5.3667  0.000e+00
      2.399    18.3278   4.105257    30.6494       1290     5.3708  0.000e+00
      2.408    18.3236   4.104516    30.6463       1291     5.3750  0.000e+00
      2.402    18.3178   4.103317    30.6407       1292     5.3792  0.000e+00
      2.420    18.3090   4.103291    30.6470       1293     5.3833  0.000e+00
      2.441    18.3029   4.102597    30.6458       1294     5.3875  0.000e+00
      2.484    18.2978   4.102375    30.6478       1295     5.3917  0.000e+00
      2.511    18.2933   4.102274    30.6502       1296     5.3958  0.000e+00
      2.553    18.2905   4.102840    30.6570       1297     5.4000  0.000e+00
      2.568    18.2916   4.103217    30.6593       1298     5.4042  0.000e+00
      2.586    18.2942   4.103069    30.6561       1299     5.4083  0.000e+00
      2.605    18.2951   4.102840    30.6536       1300     5.4125  0.000e+00
      2.620    18.2947   4.103291    30.6576       1301     5.4167  0.000e+00
      2.614    18.2958   4.103096    30.6552       1302     5.4208  0.000e+00
      2.620    18.2969   4.104072    30.6625       1303     5.4250  0.000e+00
      2.623    18.3010   4.103816    30.6573       1304     5.4292  0.000e+00
      2.629    18.3032   4.104388    30.6604       1305     5.4333  0.000e+00
      2.611    18.3044   4.102456    30.6434       1306     5.4375  0.000e+00
      2.583    18.2982   4.102079    30.6449       1307     5.4417  0.000e+00
      2.550    18.2916   4.102820    30.6560       1308     5.4458  0.000e+00
      2.508    18.2912   4.103924    30.6655       1309     5.4500  0.000e+00
      2.438    18.2966   4.103365    30.6568       1310     5.4542  0.000e+00
      2.378    18.2982   4.103668    30.6582       1311     5.4583  0.000e+00
      2.327    18.3004   4.105102    30.6685       1312     5.4625  0.000e+00
      2.287    18.3063   4.103924    30.6544       1313     5.4667  0.000e+00
      2.245    18.3069   4.104759    30.6609       1314     5.4708  0.000e+00
      2.218    18.3096   4.105729    30.6670       1315     5.4750  0.000e+00
      2.188    18.3151   4.106025    30.6653       1316     5.4792  0.000e+00
      2.181    18.3206   4.106671    30.6666       1317     5.4833  0.000e+00
      2.172    18.3257   4.105560    30.6535       1318     5.4875  0.000e+00
      2.169    18.3252   4.106496    30.6617       1319     5.4917  0.000e+00
      2.166    18.3266   4.106867    30.6638       1320     5.4958  0.000e+00
      2.163    18.3291   4.104900    30.6455       1321     5.5000  0.000e+00
      2.163    18.3225   4.103964    30.6426       1322     5.5042  0.000e+00
      2.172    18.3136   4.102274    30.6352       1323     5.5083  0.000e+00
      2.178    18.3006   4.100658    30.6314       1324     5.5125  0.000e+00
      2.187    18.2851   4.099992    30.6374       1325     5.5167  0.000e+00
      2.202    18.2719   4.098800    30.6373       1326     5.5208  0.000e+00
      2.221    18.2599   4.098902    30.6472       1327     5.5250  0.000e+00
      2.242    18.2532   4.098383    30.6479       1328     5.5292  0.000e+00
      2.263    18.2479   4.099891    30.6643       1329     5.5333  0.000e+00
      2.281    18.2520   4.100908    30.6698       1330     5.5375  0.000e+00
      2.293    18.2607   4.101062    30.6645       1331     5.5417  0.000e+00
      2.287    18.2671   4.101009    30.6593       1332     5.5458  0.000e+00
      2.254    18.2706   4.102550    30.6696       1333     5.5500  0.000e+00
      2.205    18.2784   4.102671    30.6648       1334     5.5542  0.000e+00
      2.133    18.2855   4.103789    30.6688       1335     5.5583  0.000e+00
      2.063    18.2931   4.104537    30.6694       1336     5.5625  0.000e+00
      2.021    18.3011   4.104920    30.6666       1337     5.5667  0.000e+00
      2.003    18.3081   4.106052    30.6708       1338     5.5708  0.000e+00
      1.994    18.3164   4.106099    30.6650       1339     5.5750  0.000e+00
      2.000    18.3216   4.106247    30.6623       1340     5.5792  0.000e+00
      2.015    18.3253   4.106617    30.6627       1341     5.5833  0.000e+00
      2.021    18.3281   4.106321    30.6581       1342     5.5875  0.000e+00
      2.021    18.3291   4.106415    30.6582       1343     5.5917  0.000e+00
      2.015    18.3294   4.105674    30.6518       1344     5.5958  0.000e+00
      1.991    18.3266   4.104388    30.6432       1345     5.6000  0.000e+00
      1.936    18.3195   4.105109    30.6545       1346     5.6042  0.000e+00
      1.867    18.3175   4.105897    30.6626       1347     5.6083  0.000e+00
      1.815    18.3204   4.104361    30.6476       1348     5.6125  0.000e+00
      1.800    18.3168   4.104213    30.6491       1349     5.6167  0.000e+00
      1.809    18.3131   4.104934    30.6578       1350     5.6208  0.000e+00
      1.833    18.3136   4.105257    30.6601       1351     5.6250  0.000e+00
      1.855    18.3160   4.104779    30.6544       1352     5.6292  0.000e+00
      1.870    18.3142   4.102300    30.6351       1353     5.6333  0.000e+00
      1.882    18.3024   4.102476    30.6453       1354     5.6375  0.000e+00
      1.870    18.2952   4.103237    30.6571       1355     5.6417  0.000e+00
      1.843    18.2956   4.104307    30.6657       1356     5.6458  0.000e+00
      1.806    18.3011   4.104806    30.6657       1357     5.6500  0.000e+00
      1.770    18.3077   4.105466    30.6663       1358     5.6542  0.000e+00
      1.773    18.3143   4.105277    30.6598       1359     5.6583  0.000e+00
      1.788    18.3167   4.105378    30.6588       1360     5.6625  0.000e+00
      1.812    18.3178   4.105183    30.6564       1361     5.6667  0.000e+00
      1.812    18.3178   4.104556    30.6512       1362     5.6708  0.000e+00
      1.821    18.3144   4.103816    30.6476       1363     5.6750  0.000e+00
      1.794    18.3090   4.104139    30.6543       1364     5.6792  0.000e+00
      1.746    18.3062   4.103566    30.6516       1365     5.6833  0.000e+00
      1.691    18.3035   4.105998    30.6739       1366     5.6875  0.000e+00
      1.631    18.3124   4.108194    30.6856       1367     5.6917  0.000e+00
      1.567    18.3295   4.108861    30.6784       1368     5.6958  0.000e+00
      1.546    18.3432   4.109527    30.6737       1369     5.7000  0.000e+00
      1.537    18.3537   4.109905    30.6691       1370     5.7042  0.000e+00
      1.546    18.3609   4.110073    30.6651       1371     5.7083  0.000e+00
      1.546    18.3657   4.110147    30.6621       1372     5.7125  0.000e+00
      1.525    18.3682   4.109783    30.6572       1373     5.7167  0.000e+00
      1.486    18.3672   4.108058    30.6436       1374     5.7208  0.000e+00
      1.425    18.3594   4.107290    30.6431       1375     5.7250  0.000e+00
      1.350    18.3504   4.107715    30.6534       1376     5.7292  0.000e+00
      1.280    18.3465   4.108058    30.6591       1377     5.7333  0.000e+00
      1.241    18.3468   4.108503    30.6626       1378     5.7375  0.000e+00
      1.217    18.3499   4.110524    30.6771       1379     5.7417  0.000e+00
      1.220    18.3589   4.110848    30.6731       1380     5.7458  0.000e+00
      1.238    18.3676   4.109716    30.6572       1381     5.7500  0.000e+00
      1.265    18.3678   4.109823    30.6579       1382     5.7542  0.000e+00
      1.308    18.3669   4.109554    30.6564       1383     5.7583  0.000e+00
      1.332    18.3646   4.108267    30.6473       1384     5.7625  0.000e+00
      1.353    18.3580   4.108409    30.6535       1385     5.7667  0.000e+00
      1.371    18.3538   4.108954    30.6611       1386     5.7708  0.000e+00
      1.407    18.3542   4.109473    30.6651       1387     5.7750  0.000e+00
      1.458    18.3578   4.110545    30.6713       1388     5.7792  0.000e+00
      1.507    18.3633   4.109332    30.6571       1389     5.7833  0.000e+00
      1.537    18.3632   4.108975    30.6542       1390     5.7875  0.000e+00
      1.582    18.3600   4.108213    30.6502       1391     5.7917  0.000e+00
      1.597    18.3550   4.108732    30.6583       1392     5.7958  0.000e+00
      1.564    18.3536   4.109359    30.6646       1393     5.8000  0.000e+00
      1.528    18.3558   4.109750    30.6662       1394     5.8042  0.000e+00
      1.480    18.3594   4.108860    30.6561       1395     5.8083  0.000e+00
      1.404    18.3577   4.108099    30.6511       1396     5.8125  0.000e+00
      1.313    18.3537   4.109500    30.6658       1397     5.8167  0.000e+00
      1.214    18.3564   4.110228    30.6698       1398     5.8208  0.000e+00
      1.120    18.3612   4.110120    30.6654       1399     5.8250  0.000e+00
      1.069    18.3654   4.111218    30.6714       1400     5.8292  0.000e+00
      1.063    18.3718   4.111791    30.6714       1401     5.8333  0.000e+00
      1.078    18.3773   4.111279    30.6630       1402     5.8375  0.000e+00
      1.084    18.3786   4.110174    30.6529       1403     5.8417  0.000e+00
      1.102    18.3739   4.109520    30.6510       1404     5.8458  0.000e+00
      1.102    18.3673   4.109278    30.6538       1405     5.8500  0.000e+00
      1.072    18.3626   4.109500    30.6592       1406     5.8542  0.000e+00
      1.066    18.3614   4.110470    30.6681       1407     5.8583  0.000e+00
      1.047    18.3646   4.110571    30.6666       1408     5.8625  0.000e+00
      1.026    18.3672   4.111272    30.6705       1409     5.8667  0.000e+00
      1.038    18.3717   4.111757    30.6712       1410     5.8708  0.000e+00
      1.059    18.3765   4.110922    30.6606       1411     5.8750  0.000e+00
      1.096    18.3758   4.110423    30.6570       1412     5.8792  0.000e+00
      1.129    18.3722   4.110073    30.6568       1413     5.8833  0.000e+00
      1.168    18.3682   4.109999    30.6591       1414     5.8875  0.000e+00
      1.192    18.3661   4.110174    30.6621       1415     5.8917  0.000e+00
      1.186    18.3655   4.110261    30.6633       1416     5.8958  0.000e+00
      1.147    18.3661   4.112661    30.6828       1417     5.9000  0.000e+00
      1.087    18.3765   4.115499    30.6987       1418     5.9042  0.000e+00
      0.972    18.3959   4.115127    30.6812       1419     5.9083  0.000e+00
      0.869    18.4077   4.115653    30.6768       1420     5.9125  0.000e+00
      0.821    18.4146   4.115599    30.6712       1421     5.9167  0.000e+00
      0.812    18.4186   4.115983    30.6714       1422     5.9208  0.000e+00
      0.809    18.4217   4.115727    30.6670       1423     5.9250  0.000e+00
      0.833    18.4223   4.115275    30.6628       1424     5.9292  0.000e+00
      0.860    18.4206   4.115127    30.6628       1425     5.9333  0.000e+00
      0.863    18.4181   4.114554    30.6599       1426     5.9375  0.000e+00
      0.845    18.4144   4.114938    30.6659       1427     5.9417  0.000e+00
      0.854    18.4120   4.113037    30.6519       1428     5.9458  0.000e+00
      0.887    18.4043   4.112613    30.6541       1429     5.9500  0.000e+00
      0.920    18.3970   4.114224    30.6729       1430     5.9542  0.000e+00
      0.908    18.3995   4.115673    30.6830       1431     5.9583  0.000e+00
      0.896    18.4089   4.117319    30.6897       1432     5.9625  0.000e+00
      0.890    18.4211   4.118006    30.6863       1433     5.9667  0.000e+00
      0.926    18.4326   4.118040    30.6781       1434     5.9708  0.000e+00
      0.957    18.4390   4.117345    30.6675       1435     5.9750  0.000e+00
      0.969    18.4390   4.116792    30.6629       1436     5.9792  0.000e+00
      0.990    18.4363   4.117696    30.6724       1437     5.9833  0.000e+00
      0.987    18.4381   4.118654    30.6790       1438     5.9875  0.000e+00
      0.953    18.4438   4.119861    30.6848       1439     5.9917  0.000e+00
      0.914    18.4529   4.120286    30.6816       1440     5.9958  0.000e+00
      0.887    18.4605   4.120029    30.6738       1441     6.0000  0.000e+00
      0.845    18.4636   4.119611    30.6680       1442     6.0042  0.000e+00
      0.766    18.4627   4.119112    30.6646       1443     6.0083  0.000e+00
      0.648    18.4595   4.118957    30.6657       1444     6.0125  0.000e+00
      0.591    18.4562   4.118518    30.6645       1445     6.0167  0.000e+00
