HB2302/sbe055.cnv
* Sea-Bird SBE 19plus V2 Data File:
* FileName = C:\cruise\data\sbe055.hex
* Software Version Seasave V 7.26.7.121
* Temperature SN = 4758
* Conductivity SN = 4758
* System UpLoad Time = Jun 14 2023 01:21:16
* NMEA Latitude = 39 23.61 N
* NMEA Longitude = 073 14.84 W
* NMEA UTC (Time) = Jun 14 2023 01:21:17
** Cruise: HB2302
** Program: Ecomon
** Chief Scientist: Jerry Prezioso
# nquan = 7
# nvalues = 1720                                  
# units = specified
# name 0 = depSM: Depth [salt water, m]
# name 1 = tv290C: Temperature [ITS-90, deg C]
# name 2 = c0S/m: Conductivity [S/m]
# name 3 = sal00: Salinity, Practical [PSU]
# name 4 = scan: Scan Count
# name 5 = timeM: Time, Elapsed [minutes]
# name 6 = flag:  0.000e+00
# span 0 =     -0.137,     49.677                 
# span 1 =     7.5297,    17.6376                 
# span 2 =   0.000053,   4.239863                 
# span 3 =     0.0083,    33.1643                 
# span 4 =         11,       1730                 
# span 5 =     0.0417,     7.2042                 
# span 6 = 0.0000e+00, 0.0000e+00                 
# interval = seconds: 0.25
# start_time = Jun 14 2023 01:21:17 [NMEA time, header]
# bad_flag = -9.990e-29
*END*
     -0.128    16.3170   0.000059     0.0083         11     0.0417  0.000e+00
     -0.128    16.3164   0.000068     0.0083         12     0.0458  0.000e+00
     -0.125    16.3158   0.000059     0.0083         13     0.0500  0.000e+00
     -0.128    16.3165   0.000062     0.0083         14     0.0542  0.000e+00
     -0.137    16.3172   0.000065     0.0083         15     0.0583  0.000e+00
     -0.128    16.3174   0.000068     0.0083         16     0.0625  0.000e+00
     -0.125    16.3166   0.000062     0.0083         17     0.0667  0.000e+00
     -0.131    16.3155   0.000059     0.0083         18     0.0708  0.000e+00
     -0.131    16.3149   0.000062     0.0083         19     0.0750  0.000e+00
     -0.131    16.3141   0.000059     0.0083         20     0.0792  0.000e+00
     -0.128    16.3138   0.000062     0.0083         21     0.0833  0.000e+00
     -0.125    16.3132   0.000065     0.0083         22     0.0875  0.000e+00
     -0.128    16.3128   0.000056     0.0083         23     0.0917  0.000e+00
     -0.122    16.3121   0.000062     0.0083         24     0.0958  0.000e+00
     -0.125    16.3114   0.000065     0.0083         25     0.1000  0.000e+00
     -0.125    16.3114   0.000062     0.0083         26     0.1042  0.000e+00
     -0.128    16.3120   0.000065     0.0083         27     0.1083  0.000e+00
     -0.128    16.3122   0.000062     0.0083         28     0.1125  0.000e+00
     -0.131    16.3119   0.000062     0.0083         29     0.1167  0.000e+00
     -0.131    16.3112   0.000059     0.0083         30     0.1208  0.000e+00
     -0.122    16.3105   0.000056     0.0083         31     0.1250  0.000e+00
     -0.128    16.3097   0.000065     0.0083         32     0.1292  0.000e+00
     -0.128    16.3090   0.000062     0.0083         33     0.1333  0.000e+00
     -0.128    16.3084   0.000059     0.0083         34     0.1375  0.000e+00
     -0.128    16.3080   0.000062     0.0083         35     0.1417  0.000e+00
     -0.131    16.3089   0.000062     0.0083         36     0.1458  0.000e+00
     -0.128    16.3098   0.000059     0.0083         37     0.1500  0.000e+00
     -0.125    16.3105   0.000056     0.0083         38     0.1542  0.000e+00
     -0.125    16.3096   0.000059     0.0083         39     0.1583  0.000e+00
     -0.125    16.3090   0.000062     0.0083         40     0.1625  0.000e+00
     -0.128    16.3092   0.000068     0.0083         41     0.1667  0.000e+00
     -0.134    16.3095   0.000053     0.0083         42     0.1708  0.000e+00
     -0.131    16.3097   0.000062     0.0083         43     0.1750  0.000e+00
     -0.128    16.3099   0.000059     0.0083         44     0.1792  0.000e+00
     -0.134    16.3098   0.000062     0.0083         45     0.1833  0.000e+00
     -0.134    16.3090   0.000059     0.0083         46     0.1875  0.000e+00
     -0.128    16.3090   0.000056     0.0083         47     0.1917  0.000e+00
     -0.131    16.3090   0.000062     0.0083         48     0.1958  0.000e+00
     -0.128    16.3086   0.000065     0.0083         49     0.2000  0.000e+00
     -0.128    16.3078   0.000068     0.0083         50     0.2042  0.000e+00
     -0.128    16.3076   0.000059     0.0083         51     0.2083  0.000e+00
     -0.125    16.3084   0.000068     0.0083         52     0.2125  0.000e+00
     -0.125    16.3092   0.000059     0.0083         53     0.2167  0.000e+00
     -0.134    16.3088   0.000062     0.0083         54     0.2208  0.000e+00
     -0.131    16.3085   0.000056     0.0083         55     0.2250  0.000e+00
     -0.131    16.3087   0.000059     0.0083         56     0.2292  0.000e+00
     -0.131    16.3093   0.000056     0.0083         57     0.2333  0.000e+00
     -0.122    16.3099   0.000065     0.0083         58     0.2375  0.000e+00
     -0.128    16.3093   0.000062     0.0083         59     0.2417  0.000e+00
     -0.131    16.3089   0.000056     0.0083         60     0.2458  0.000e+00
     -0.125    16.3081   0.000065     0.0083         61     0.2500  0.000e+00
     -0.128    16.3085   0.000068     0.0083         62     0.2542  0.000e+00
     -0.125    16.3089   0.000065     0.0083         63     0.2583  0.000e+00
     -0.122    16.3085   0.000062     0.0083         64     0.2625  0.000e+00
     -0.125    16.3087   0.000059     0.0083         65     0.2667  0.000e+00
     -0.119    16.3080   0.000062     0.0083         66     0.2708  0.000e+00
     -0.131    16.3072   0.000068     0.0083         67     0.2750  0.000e+00
     -0.128    16.3088   0.000059     0.0083         68     0.2792  0.000e+00
     -0.128    16.3081   0.000056     0.0083         69     0.2833  0.000e+00
      0.053    16.3106   0.000059     0.0083         70     0.2875  0.000e+00
      0.207    16.3205   0.208546     1.2967         71     0.2917  0.000e+00
      0.204    16.4157   3.791924    29.4127         72     0.2958  0.000e+00
      0.114    16.7557   2.998715    22.4946         73     0.3000  0.000e+00
      0.044    17.0633   3.163516    23.6808         74     0.3042  0.000e+00
      0.114    17.2348   4.150397    31.8693         75     0.3083  0.000e+00
      0.262    17.2835   3.985506    30.4245         76     0.3125  0.000e+00
      0.425    17.2340   3.709655    28.1268         77     0.3167  0.000e+00
      0.597    17.1799   4.134559    31.7766         78     0.3208  0.000e+00
      0.802    17.1459   4.124176    31.7143         79     0.3250  0.000e+00
      1.029    17.1258   4.136809    31.8384         80     0.3292  0.000e+00
      1.219    17.1175   4.136708    31.8440         81     0.3333  0.000e+00
      1.346    17.1176   4.137465    31.8504         82     0.3375  0.000e+00
      1.452    17.1194   4.136830    31.8435         83     0.3417  0.000e+00
      1.555    17.1185   4.136087    31.8378         84     0.3458  0.000e+00
      1.681    17.1159   4.134776    31.8285         85     0.3500  0.000e+00
      1.808    17.1126   4.133878    31.8234         86     0.3542  0.000e+00
      1.917    17.1104   4.133230    31.8195         87     0.3583  0.000e+00
      1.993    17.1087   4.132858    31.8176         88     0.3625  0.000e+00
      2.035    17.1072   4.132480    31.8155         89     0.3667  0.000e+00
      2.119    17.1057   4.133102    31.8220         90     0.3708  0.000e+00
      2.237    17.0993   4.134932    31.8428         91     0.3750  0.000e+00
      2.409    17.0970   4.137189    31.8639         92     0.3792  0.000e+00
      2.582    17.1113   4.138695    31.8655         93     0.3833  0.000e+00
      2.751    17.1345   4.138993    31.8497         94     0.3875  0.000e+00
      2.902    17.1554   4.139634    31.8386         95     0.3917  0.000e+00
      3.026    17.1683   4.140270    31.8339         96     0.3958  0.000e+00
      3.134    17.1752   4.141932    31.8426         97     0.4000  0.000e+00
      3.228    17.1781   4.143298    31.8520         98     0.4042  0.000e+00
      3.325    17.1780   4.145597    31.8718         99     0.4083  0.000e+00
      3.424    17.1781   4.148985    31.9008        100     0.4125  0.000e+00
      3.521    17.1867   4.153600    31.9335        101     0.4167  0.000e+00
      3.615    17.2051   4.160485    31.9780        102     0.4208  0.000e+00
      3.717    17.2285   4.166473    32.0108        103     0.4250  0.000e+00
      3.847    17.2550   4.170350    32.0230        104     0.4292  0.000e+00
      3.986    17.2826   4.173000    32.0237        105     0.4333  0.000e+00
      4.134    17.3063   4.174051    32.0140        106     0.4375  0.000e+00
      4.255    17.3246   4.174926    32.0069        107     0.4417  0.000e+00
      4.376    17.3385   4.175746    32.0029        108     0.4458  0.000e+00
      4.491    17.3483   4.176703    32.0033        109     0.4500  0.000e+00
      4.612    17.3543   4.177564    32.0059        110     0.4542  0.000e+00
      4.738    17.3597   4.178310    32.0080        111     0.4583  0.000e+00
      4.883    17.3648   4.179667    32.0155        112     0.4625  0.000e+00
      5.019    17.3703   4.180997    32.0224        113     0.4667  0.000e+00
      5.146    17.3753   4.184004    32.0441        114     0.4708  0.000e+00
      5.264    17.3810   4.185769    32.0546        115     0.4750  0.000e+00
      5.364    17.3885   4.188519    32.0722        116     0.4792  0.000e+00
      5.466    17.3970   4.190522    32.0825        117     0.4833  0.000e+00
      5.572    17.4078   4.192044    32.0870        118     0.4875  0.000e+00
      5.684    17.4195   4.192764    32.0838        119     0.4917  0.000e+00
      5.796    17.4298   4.193844    32.0848        120     0.4958  0.000e+00
      5.907    17.4378   4.194700    32.0858        121     0.5000  0.000e+00
      6.028    17.4448   4.195087    32.0835        122     0.5042  0.000e+00
      6.155    17.4521   4.195726    32.0831        123     0.5083  0.000e+00
      6.279    17.4575   4.197153    32.0910        124     0.5125  0.000e+00
      6.409    17.4607   4.198017    32.0958        125     0.5167  0.000e+00
      6.548    17.4644   4.199104    32.1021        126     0.5208  0.000e+00
      6.681    17.4691   4.200267    32.1082        127     0.5250  0.000e+00
      6.805    17.4746   4.201151    32.1114        128     0.5292  0.000e+00
      6.919    17.4809   4.202225    32.1155        129     0.5333  0.000e+00
      7.031    17.4874   4.202259    32.1106        130     0.5375  0.000e+00
      7.143    17.4940   4.202612    32.1083        131     0.5417  0.000e+00
      7.270    17.4988   4.203048    32.1082        132     0.5458  0.000e+00
      7.381    17.5020   4.203735    32.1115        133     0.5500  0.000e+00
      7.502    17.5046   4.204762    32.1182        134     0.5542  0.000e+00
      7.632    17.5076   4.205592    32.1228        135     0.5583  0.000e+00
      7.747    17.5111   4.206939    32.1315        136     0.5625  0.000e+00
      7.853    17.5134   4.207667    32.1358        137     0.5667  0.000e+00
      7.967    17.5179   4.208401    32.1386        138     0.5708  0.000e+00
      8.076    17.5240   4.209089    32.1395        139     0.5750  0.000e+00
      8.188    17.5292   4.209694    32.1405        140     0.5792  0.000e+00
      8.291    17.5329   4.210109    32.1411        141     0.5833  0.000e+00
      8.399    17.5357   4.210477    32.1420        142     0.5875  0.000e+00
      8.493    17.5368   4.211314    32.1482        143     0.5917  0.000e+00
      8.596    17.5386   4.211845    32.1513        144     0.5958  0.000e+00
      8.695    17.5388   4.212315    32.1551        145     0.6000  0.000e+00
      8.801    17.5374   4.212852    32.1607        146     0.6042  0.000e+00
      8.913    17.5426   4.213411    32.1613        147     0.6083  0.000e+00
      9.031    17.5476   4.213955    32.1620        148     0.6125  0.000e+00
      9.161    17.5514   4.214541    32.1639        149     0.6167  0.000e+00
      9.288    17.5538   4.215079    32.1665        150     0.6208  0.000e+00
      9.411    17.5554   4.216059    32.1736        151     0.6250  0.000e+00
      9.535    17.5551   4.217013    32.1819        152     0.6292  0.000e+00
      9.665    17.5550   4.217932    32.1898        153     0.6333  0.000e+00
      9.789    17.5572   4.218824    32.1955        154     0.6375  0.000e+00
      9.913    17.5584   4.219601    32.2012        155     0.6417  0.000e+00
     10.037    17.5586   4.220739    32.2107        156     0.6458  0.000e+00
     10.154    17.5583   4.221474    32.2171        157     0.6500  0.000e+00
     10.263    17.5565   4.222319    32.2257        158     0.6542  0.000e+00
     10.372    17.5538   4.222919    32.2329        159     0.6583  0.000e+00
     10.484    17.5496   4.223553    32.2416        160     0.6625  0.000e+00
     10.586    17.5433   4.223805    32.2488        161     0.6667  0.000e+00
     10.686    17.5374   4.223901    32.2542        162     0.6708  0.000e+00
     10.792    17.5312   4.223785    32.2581        163     0.6750  0.000e+00
     10.882    17.5247   4.223410    32.2601        164     0.6792  0.000e+00
     10.973    17.5150   4.222940    32.2637        165     0.6833  0.000e+00
     11.058    17.5023   4.222477    32.2698        166     0.6875  0.000e+00
     11.145    17.4872   4.221844    32.2764        167     0.6917  0.000e+00
     11.227    17.4722   4.221115    32.2821        168     0.6958  0.000e+00
     11.317    17.4561   4.219487    32.2810        169     0.7000  0.000e+00
     11.402    17.4391   4.217519    32.2777        170     0.7042  0.000e+00
     11.502    17.4186   4.215422    32.2761        171     0.7083  0.000e+00
     11.598    17.3931   4.214101    32.2851        172     0.7125  0.000e+00
     11.707    17.3646   4.212495    32.2940        173     0.7167  0.000e+00
     11.840    17.3357   4.209848    32.2943        174     0.7208  0.000e+00
     11.970    17.3068   4.207093    32.2937        175     0.7250  0.000e+00
     12.106    17.2730   4.204549    32.2989        176     0.7292  0.000e+00
     12.263    17.2379   4.202543    32.3096        177     0.7333  0.000e+00
     12.411    17.2051   4.200082    32.3147        178     0.7375  0.000e+00
     12.571    17.1747   4.198016    32.3212        179     0.7417  0.000e+00
     12.710    17.1435   4.196012    32.3289        180     0.7458  0.000e+00
     12.837    17.1108   4.193172    32.3306        181     0.7500  0.000e+00
     12.951    17.0807   4.190733    32.3337        182     0.7542  0.000e+00
     13.036    17.0469   4.188554    32.3420        183     0.7583  0.000e+00
     13.115    17.0141   4.186286    32.3488        184     0.7625  0.000e+00
     13.181    16.9839   4.184284    32.3557        185     0.7667  0.000e+00
     13.241    16.9510   4.182825    32.3695        186     0.7708  0.000e+00
     13.302    16.9158   4.181495    32.3864        187     0.7750  0.000e+00
     13.344    16.8893   4.178971    32.3859        188     0.7792  0.000e+00
     13.386    16.8683   4.176699    32.3831        189     0.7833  0.000e+00
     13.429    16.8439   4.175187    32.3897        190     0.7875  0.000e+00
     13.477    16.8163   4.172753    32.3908        191     0.7917  0.000e+00
     13.534    16.7891   4.171336    32.4005        192     0.7958  0.000e+00
     13.613    16.7607   4.169032    32.4033        193     0.8000  0.000e+00
     13.713    16.7312   4.166403    32.4043        194     0.8042  0.000e+00
     13.830    16.7017   4.164519    32.4118        195     0.8083  0.000e+00
     13.954    16.6688   4.162616    32.4219        196     0.8125  0.000e+00
     14.093    16.6374   4.161228    32.4351        197     0.8167  0.000e+00
     14.232    16.6107   4.159170    32.4388        198     0.8208  0.000e+00
     14.380    16.5896   4.157417    32.4406        199     0.8250  0.000e+00
     14.531    16.5713   4.155054    32.4348        200     0.8292  0.000e+00
     14.673    16.5460   4.153105    32.4382        201     0.8333  0.000e+00
     14.812    16.5173   4.151062    32.4437        202     0.8375  0.000e+00
     14.942    16.4917   4.149940    32.4546        203     0.8417  0.000e+00
     15.038    16.4698   4.148276    32.4578        204     0.8458  0.000e+00
     15.114    16.4487   4.147424    32.4675        205     0.8500  0.000e+00
     15.180    16.4247   4.146288    32.4771        206     0.8542  0.000e+00
     15.232    16.4028   4.145186    32.4852        207     0.8583  0.000e+00
     15.277    16.3809   4.144382    32.4960        208     0.8625  0.000e+00
     15.313    16.3601   4.143699    32.5070        209     0.8667  0.000e+00
     15.365    16.3420   4.142449    32.5108        210     0.8708  0.000e+00
     15.425    16.3248   4.140556    32.5082        211     0.8750  0.000e+00
     15.485    16.3067   4.138536    32.5052        212     0.8792  0.000e+00
     15.573    16.2889   4.136428    32.5013        213     0.8833  0.000e+00
     15.661    16.2662   4.133787    32.4966        214     0.8875  0.000e+00
     15.748    16.2362   4.131471    32.5007        215     0.8917  0.000e+00
