HB2302/sbe076.cnv
* Sea-Bird SBE 19plus V2 Data File:
* FileName = C:\cruise\data\sbe076.hex
* Software Version Seasave V 7.26.7.121
* Temperature SN = 4758
* Conductivity SN = 4758
* System UpLoad Time = Jun 15 2023 23:03:23
* NMEA Latitude = 40 53.64 N
* NMEA Longitude = 068 32.94 W
* NMEA UTC (Time) = Jun 15 2023 23:03:23
** Cruise: HB2302
** Program: Ecomon
** Chief Scientist: Jerry Prezioso
# nquan = 7
# nvalues = 1171                                  
# units = specified
# name 0 = depSM: Depth [salt water, m]
# name 1 = tv290C: Temperature [ITS-90, deg C]
# name 2 = c0S/m: Conductivity [S/m]
# name 3 = sal00: Salinity, Practical [PSU]
# name 4 = scan: Scan Count
# name 5 = timeM: Time, Elapsed [minutes]
# name 6 = flag:  0.000e+00
# span 0 =     -0.189,     52.394                 
# span 1 =    12.3521,    14.5632                 
# span 2 =   0.000092,   3.874858                 
# span 3 =     0.0076,    33.0172                 
# span 4 =         11,       1181                 
# span 5 =     0.0417,     4.9167                 
# span 6 = 0.0000e+00, 0.0000e+00                 
# interval = seconds: 0.25
# start_time = Jun 15 2023 23:03:23 [NMEA time, header]
# bad_flag = -9.990e-29
*END*
[from data line 206]
     24.632    12.5619   3.844587    32.9786        217     0.9000  0.000e+00
     24.753    12.5603   3.844312    32.9773        218     0.9042  0.000e+00
     24.883    12.5594   3.844056    32.9756        219     0.9083  0.000e+00
     25.031    12.5567   3.843689    32.9744        220     0.9125  0.000e+00
     25.191    12.5535   3.843807    32.9783        221     0.9167  0.000e+00
     25.372    12.5513   3.843394    32.9762        222     0.9208  0.000e+00
     25.565    12.5507   3.843217    32.9750        223     0.9250  0.000e+00
     25.779    12.5486   3.843139    32.9759        224     0.9292  0.000e+00
     25.994    12.5455   3.842817    32.9755        225     0.9333  0.000e+00
     26.226    12.5442   3.842496    32.9735        226     0.9375  0.000e+00
     26.474    12.5437   3.842345    32.9724        227     0.9417  0.000e+00
     26.734    12.5435   3.842175    32.9708        228     0.9458  0.000e+00
     26.993    12.5430   3.842293    32.9723        229     0.9500  0.000e+00
     27.247    12.5413   3.842267    32.9734        230     0.9542  0.000e+00
     27.488    12.5388   3.842372    32.9765        231     0.9583  0.000e+00
     27.715    12.5375   3.842294    32.9768        232     0.9625  0.000e+00
     27.947    12.5408   3.842405    32.9749        233     0.9667  0.000e+00
     28.174    12.5460   3.842254    32.9688        234     0.9708  0.000e+00
     28.364    12.5513   3.842038    32.9620        235     0.9750  0.000e+00
     28.542    12.5520   3.842176    32.9626        236     0.9792  0.000e+00
     28.672    12.5483   3.842405    32.9680        237     0.9833  0.000e+00
     28.781    12.5432   3.842084    32.9693        238     0.9875  0.000e+00
     28.883    12.5395   3.841625    32.9682        239     0.9917  0.000e+00
     29.007    12.5381   3.841534    32.9684        240     0.9958  0.000e+00
     29.128    12.5359   3.841304    32.9682        241     1.0000  0.000e+00
     29.249    12.5324   3.841193    32.9701        242     1.0042  0.000e+00
     29.366    12.5289   3.841350    32.9746        243     1.0083  0.000e+00
     29.505    12.5265   3.841534    32.9785        244     1.0125  0.000e+00
     29.644    12.5253   3.841337    32.9775        245     1.0167  0.000e+00
     29.801    12.5251   3.840964    32.9741        246     1.0208  0.000e+00
     29.967    12.5234   3.840800    32.9739        247     1.0250  0.000e+00
     30.148    12.5218   3.840892    32.9762        248     1.0292  0.000e+00
     30.335    12.5200   3.840564    32.9745        249     1.0333  0.000e+00
     30.532    12.5185   3.840204    32.9723        250     1.0375  0.000e+00
     30.740    12.5163   3.839817    32.9704        251     1.0417  0.000e+00
     30.957    12.5141   3.841305    32.9865        252     1.0458  0.000e+00
     31.172    12.5108   3.834988    32.9289        253     1.0500  0.000e+00
     31.398    12.4852   3.829107    32.8950        254     1.0542  0.000e+00
     31.613    12.4417   3.828760    32.9297        255     1.0583  0.000e+00
     31.818    12.4135   3.828649    32.9532        256     1.0625  0.000e+00
     32.017    12.3988   3.828604    32.9656        257     1.0667  0.000e+00
     32.204    12.3919   3.828539    32.9710        258     1.0708  0.000e+00
     32.382    12.3885   3.828388    32.9725        259     1.0750  0.000e+00
     32.557    12.3862   3.828558    32.9761        260     1.0792  0.000e+00
     32.717    12.3860   3.828513    32.9757        261     1.0833  0.000e+00
     32.886    12.3856   3.828264    32.9736        262     1.0875  0.000e+00
     33.056    12.3846   3.827956    32.9715        263     1.0917  0.000e+00
     33.225    12.3822   3.827852    32.9725        264     1.0958  0.000e+00
     33.394    12.3805   3.827734    32.9728        265     1.1000  0.000e+00
     33.566    12.3789   3.827570    32.9726        266     1.1042  0.000e+00
     33.750    12.3771   3.827511    32.9735        267     1.1083  0.000e+00
     33.949    12.3759   3.827420    32.9736        268     1.1125  0.000e+00
     34.136    12.3747   3.827283    32.9733        269     1.1167  0.000e+00
     34.342    12.3736   3.827237    32.9737        270     1.1208  0.000e+00
     34.559    12.3726   3.827283    32.9749        271     1.1250  0.000e+00
     34.782    12.3722   3.827237    32.9747        272     1.1292  0.000e+00
     35.018    12.3721   3.827093    32.9734        273     1.1333  0.000e+00
     35.253    12.3710   3.827008    32.9734        274     1.1375  0.000e+00
     35.483    12.3701   3.827028    32.9743        275     1.1417  0.000e+00
     35.703    12.3698   3.827093    32.9751        276     1.1458  0.000e+00
     35.915    12.3696   3.827008    32.9744        277     1.1500  0.000e+00
     36.102    12.3692   3.826917    32.9738        278     1.1542  0.000e+00
     36.271    12.3688   3.826878    32.9737        279     1.1583  0.000e+00
     36.413    12.3681   3.826825    32.9738        280     1.1625  0.000e+00
     36.530    12.3675   3.826871    32.9747        281     1.1667  0.000e+00
     36.624    12.3672   3.826852    32.9747        282     1.1708  0.000e+00
     36.706    12.3672   3.826799    32.9741        283     1.1750  0.000e+00
     36.781    12.3669   3.826753    32.9739        284     1.1792  0.000e+00
     36.844    12.3667   3.826799    32.9745        285     1.1833  0.000e+00
     36.914    12.3667   3.826806    32.9746        286     1.1875  0.000e+00
     36.995    12.3666   3.826799    32.9745        287     1.1917  0.000e+00
     37.089    12.3670   3.826780    32.9740        288     1.1958  0.000e+00
     37.204    12.3670   3.826806    32.9742        289     1.2000  0.000e+00
     37.346    12.3669   3.826845    32.9746        290     1.2042  0.000e+00
     37.515    12.3669   3.826871    32.9747        291     1.2083  0.000e+00
     37.699    12.3673   3.826996    32.9755        292     1.2125  0.000e+00
     37.916    12.3677   3.826963    32.9748        293     1.2167  0.000e+00
     38.146    12.3682   3.826891    32.9735        294     1.2208  0.000e+00
     38.408    12.3681   3.826891    32.9736        295     1.2250  0.000e+00
     38.683    12.3678   3.826950    32.9743        296     1.2292  0.000e+00
     38.961    12.3680   3.827009    32.9745        297     1.2333  0.000e+00
     39.226    12.3680   3.826938    32.9737        298     1.2375  0.000e+00
     39.501    12.3679   3.826951    32.9739        299     1.2417  0.000e+00
     39.785    12.3677   3.827029    32.9746        300     1.2458  0.000e+00
     40.072    12.3679   3.827010    32.9742        301     1.2500  0.000e+00
     40.355    12.3681   3.827115    32.9748        302     1.2542  0.000e+00
     40.645    12.3683   3.827010    32.9736        303     1.2583  0.000e+00
     40.920    12.3681   3.826964    32.9732        304     1.2625  0.000e+00
     41.161    12.3676   3.826951    32.9734        305     1.2667  0.000e+00
     41.370    12.3673   3.827056    32.9746        306     1.2708  0.000e+00
     41.569    12.3676   3.827076    32.9745        307     1.2750  0.000e+00
     41.747    12.3678   3.827056    32.9740        308     1.2792  0.000e+00
     41.883    12.3679   3.826971    32.9730        309     1.2833  0.000e+00
     41.943    12.3675   3.826984    32.9735        310     1.2875  0.000e+00
     41.961    12.3670   3.826939    32.9735        311     1.2917  0.000e+00
     41.983    12.3669   3.826952    32.9737        312     1.2958  0.000e+00
     42.037    12.3666   3.826919    32.9736        313     1.3000  0.000e+00
     42.109    12.3666   3.826965    32.9740        314     1.3042  0.000e+00
     42.185    12.3667   3.826971    32.9739        315     1.3083  0.000e+00
     42.263    12.3669   3.826985    32.9739        316     1.3125  0.000e+00
     42.369    12.3669   3.827057    32.9745        317     1.3167  0.000e+00
     42.505    12.3674   3.827102    32.9744        318     1.3208  0.000e+00
     42.680    12.3676   3.827096    32.9741        319     1.3250  0.000e+00
     42.879    12.3681   3.827194    32.9746        320     1.3292  0.000e+00
     43.097    12.3683   3.827240    32.9747        321     1.3333  0.000e+00
     43.326    12.3688   3.827286    32.9746        322     1.3375  0.000e+00
     43.580    12.3692   3.827214    32.9735        323     1.3417  0.000e+00
     43.851    12.3694   3.827260    32.9737        324     1.3458  0.000e+00
     44.111    12.3693   3.827214    32.9732        325     1.3500  0.000e+00
     44.383    12.3689   3.827149    32.9728        326     1.3542  0.000e+00
     44.657    12.3685   3.827149    32.9731        327     1.3583  0.000e+00
     44.929    12.3681   3.827143    32.9733        328     1.3625  0.000e+00
     45.195    12.3678   3.827058    32.9726        329     1.3667  0.000e+00
     45.430    12.3672   3.827104    32.9734        330     1.3708  0.000e+00
     45.653    12.3669   3.827077    32.9734        331     1.3750  0.000e+00
     45.889    12.3668   3.827117    32.9737        332     1.3792  0.000e+00
     46.100    12.3669   3.827104    32.9734        333     1.3833  0.000e+00
     46.296    12.3668   3.827150    32.9739        334     1.3875  0.000e+00
     46.474    12.3668   3.827215    32.9744        335     1.3917  0.000e+00
     46.644    12.3671   3.827150    32.9734        336     1.3958  0.000e+00
     46.800    12.3671   3.827196    32.9739        337     1.4000  0.000e+00
     46.963    12.3672   3.827189    32.9736        338     1.4042  0.000e+00
     47.130    12.3671   3.827242    32.9742        339     1.4083  0.000e+00
     47.293    12.3673   3.827287    32.9744        340     1.4125  0.000e+00
     47.471    12.3679   3.827261    32.9735        341     1.4167  0.000e+00
     47.649    12.3676   3.827261    32.9736        342     1.4208  0.000e+00
     47.830    12.3678   3.827307    32.9739        343     1.4250  0.000e+00
     48.029    12.3681   3.827353    32.9739        344     1.4292  0.000e+00
     48.228    12.3683   3.827360    32.9737        345     1.4333  0.000e+00
     48.431    12.3683   3.827353    32.9736        346     1.4375  0.000e+00
     48.639    12.3684   3.827334    32.9732        347     1.4417  0.000e+00
     48.838    12.3684   3.827406    32.9738        348     1.4458  0.000e+00
     49.034    12.3685   3.827380    32.9735        349     1.4500  0.000e+00
     49.224    12.3685   3.827354    32.9731        350     1.4542  0.000e+00
     49.394    12.3686   3.827314    32.9726        351     1.4583  0.000e+00
     49.557    12.3681   3.827380    32.9735        352     1.4625  0.000e+00
     49.714    12.3683   3.827380    32.9734        353     1.4667  0.000e+00
     49.861    12.3680   3.827354    32.9733        354     1.4708  0.000e+00
     50.003    12.3681   3.827387    32.9734        355     1.4750  0.000e+00
     50.154    12.3681   3.827446    32.9739        356     1.4792  0.000e+00
     50.308    12.3684   3.827537    32.9745        357     1.4833  0.000e+00
     50.474    12.3689   3.827603    32.9746        358     1.4875  0.000e+00
     50.640    12.3696   3.827583    32.9737        359     1.4917  0.000e+00
     50.833    12.3700   3.827564    32.9732        360     1.4958  0.000e+00
     51.033    12.3698   3.827551    32.9731        361     1.5000  0.000e+00
     51.238    12.3696   3.827583    32.9736        362     1.5042  0.000e+00
     51.443    12.3696   3.827603    32.9737        363     1.5083  0.000e+00
     51.633    12.3696   3.827603    32.9736        364     1.5125  0.000e+00
     51.754    12.3696   3.827505    32.9725        365     1.5167  0.000e+00
     51.799    12.3692   3.827446    32.9723        366     1.5208  0.000e+00
     51.808    12.3686   3.827427    32.9726        367     1.5250  0.000e+00
     51.793    12.3681   3.827433    32.9731        368     1.5292  0.000e+00
     51.811    12.3677   3.827427    32.9734        369     1.5333  0.000e+00
     51.857    12.3677   3.827472    32.9739        370     1.5375  0.000e+00
     51.896    12.3677   3.827551    32.9746        371     1.5417  0.000e+00
     51.893    12.3684   3.827564    32.9741        372     1.5458  0.000e+00
     51.872    12.3688   3.827492    32.9731        373     1.5500  0.000e+00
     51.863    12.3688   3.827479    32.9730        374     1.5542  0.000e+00
     51.869    12.3686   3.827472    32.9730        375     1.5583  0.000e+00
     51.857    12.3683   3.827400    32.9726        376     1.5625  0.000e+00
     51.851    12.3681   3.827400    32.9728        377     1.5667  0.000e+00
     51.839    12.3679   3.827407    32.9730        378     1.5708  0.000e+00
     51.836    12.3678   3.827427    32.9734        379     1.5750  0.000e+00
     51.836    12.3678   3.827400    32.9731        380     1.5792  0.000e+00
     51.845    12.3677   3.827433    32.9735        381     1.5833  0.000e+00
     51.875    12.3679   3.827446    32.9735        382     1.5875  0.000e+00
     51.902    12.3677   3.827472    32.9738        383     1.5917  0.000e+00
     51.926    12.3680   3.827603    32.9748        384     1.5958  0.000e+00
     51.984    12.3688   3.827695    32.9750        385     1.6000  0.000e+00
     52.047    12.3696   3.827695    32.9742        386     1.6042  0.000e+00
     52.117    12.3704   3.827675    32.9733        387     1.6083  0.000e+00
     52.183    12.3705   3.827747    32.9739        388     1.6125  0.000e+00
     52.262    12.3708   3.827695    32.9731        389     1.6167  0.000e+00
     52.313    12.3708   3.827676    32.9729        390     1.6208  0.000e+00
     52.361    12.3705   3.827532    32.9718        391     1.6250  0.000e+00
     52.391    12.3699   3.827473    32.9717        392     1.6292  0.000e+00
     52.394    12.3690   3.827446    32.9723        393     1.6333  0.000e+00
     52.379    12.3684   3.827433    32.9726        394     1.6375  0.000e+00
     52.334    12.3681   3.827401    32.9727        395     1.6417  0.000e+00
     52.274    12.3679   3.827381    32.9727        396     1.6458  0.000e+00
     52.198    12.3675   3.827381    32.9730        397     1.6500  0.000e+00
     52.114    12.3674   3.827459    32.9739        398     1.6542  0.000e+00
     52.023    12.3675   3.827446    32.9737        399     1.6583  0.000e+00
     51.927    12.3678   3.827427    32.9733        400     1.6625  0.000e+00
     51.854    12.3678   3.827433    32.9734        401     1.6667  0.000e+00
     51.812    12.3678   3.827400    32.9731        402     1.6708  0.000e+00
     51.776    12.3679   3.827427    32.9733        403     1.6750  0.000e+00
     51.782    12.3679   3.827459    32.9736        404     1.6792  0.000e+00
     51.827    12.3679   3.827492    32.9739        405     1.6833  0.000e+00
     51.891    12.3681   3.827564    32.9743        406     1.6875  0.000e+00
     51.963    12.3686   3.827623    32.9745        407     1.6917  0.000e+00
     52.054    12.3692   3.827649    32.9742        408     1.6958  0.000e+00
     52.132    12.3698   3.827603    32.9732        409     1.7000  0.000e+00
     52.211    12.3698   3.827584    32.9730        410     1.7042  0.000e+00
     52.277    12.3696   3.827577    32.9731        411     1.7083  0.000e+00
     52.310    12.3695   3.827564    32.9730        412     1.7125  0.000e+00
     52.316    12.3692   3.827518    32.9728        413     1.7167  0.000e+00
     52.316    12.3689   3.827479    32.9727        414     1.7208  0.000e+00
     52.286    12.3686   3.827473    32.9729        415     1.7250  0.000e+00
     52.238    12.3685   3.827492    32.9732        416     1.7292  0.000e+00
     52.169    12.3684   3.827479    32.9732        417     1.7333  0.000e+00
     52.081    12.3684   3.827473    32.9731        418     1.7375  0.000e+00
     52.000    12.3684   3.827473    32.9732        419     1.7417  0.000e+00
     51.903    12.3684   3.827472    32.9732        420     1.7458  0.000e+00
