HB2302/sbe081.cnv
* Sea-Bird SBE 19plus V2 Data File:
* FileName = C:\cruise\data\sbe081.hex
* Software Version Seasave V 7.26.7.121
* Temperature SN = 4758
* Conductivity SN = 4758
* System UpLoad Time = Jun 16 2023 10:39:25
* NMEA Latitude = 40 42.88 N
* NMEA Longitude = 067 28.68 W
* NMEA UTC (Time) = Jun 16 2023 10:39:25
** Cruise: HB2302
** Program: Ecomon
** Chief Scientist: Jerry Prezioso
# nquan = 7
# nvalues = 2695                                  
# units = specified
# name 0 = depSM: Depth [salt water, m]
# name 1 = tv290C: Temperature [ITS-90, deg C]
# name 2 = c0S/m: Conductivity [S/m]
# name 3 = sal00: Salinity, Practical [PSU]
# name 4 = scan: Scan Count
# name 5 = timeM: Time, Elapsed [minutes]
# name 6 = flag:  0.000e+00
# span 0 =     -0.166,     87.077                 
# span 1 =     7.4436,    17.3004                 
# span 2 =   0.000032,   4.026948                 
# span 3 =     0.0087,    33.2790                 
# span 4 =         11,       2705                 
# span 5 =     0.0417,    11.2667                 
# span 6 = 0.0000e+00, 0.0000e+00                 
# interval = seconds: 0.25
# start_time = Jun 16 2023 10:39:25 [NMEA time, header]
# bad_flag = -9.990e-29
*END*
[from data line 1436]
     47.519     7.7396   3.406523    32.9245       1447     6.0250  0.000e+00
     47.452     7.7400   3.406523    32.9241       1448     6.0292  0.000e+00
     47.404     7.7409   3.406505    32.9231       1449     6.0333  0.000e+00
     47.350     7.7415   3.406405    32.9215       1450     6.0375  0.000e+00
     47.293     7.7419   3.406355    32.9206       1451     6.0417  0.000e+00
     47.247     7.7423   3.406355    32.9202       1452     6.0458  0.000e+00
     47.193     7.7425   3.406342    32.9199       1453     6.0500  0.000e+00
     47.139     7.7425   3.406336    32.9199       1454     6.0542  0.000e+00
     47.097     7.7427   3.406273    32.9191       1455     6.0583  0.000e+00
     47.042     7.7428   3.406211    32.9183       1456     6.0625  0.000e+00
     46.994     7.7429   3.406167    32.9178       1457     6.0667  0.000e+00
     46.949     7.7431   3.406148    32.9174       1458     6.0708  0.000e+00
     46.901     7.7435   3.406098    32.9166       1459     6.0750  0.000e+00
     46.852     7.7436   3.406211    32.9177       1460     6.0792  0.000e+00
     46.807     7.7444   3.406311    32.9180       1461     6.0833  0.000e+00
     46.768     7.7454   3.406298    32.9170       1462     6.0875  0.000e+00
     46.723     7.7462   3.406273    32.9160       1463     6.0917  0.000e+00
     46.692     7.7463   3.406336    32.9165       1464     6.0958  0.000e+00
     46.659     7.7465   3.406336    32.9164       1465     6.1000  0.000e+00
     46.617     7.7469   3.406342    32.9160       1466     6.1042  0.000e+00
     46.590     7.7471   3.406354    32.9160       1467     6.1083  0.000e+00
     46.560     7.7473   3.406379    32.9161       1468     6.1125  0.000e+00
     46.530     7.7476   3.406404    32.9161       1469     6.1167  0.000e+00
     46.491     7.7482   3.406442    32.9160       1470     6.1208  0.000e+00
     46.454     7.7485   3.406417    32.9154       1471     6.1250  0.000e+00
     46.415     7.7487   3.406448    32.9156       1472     6.1292  0.000e+00
     46.373     7.7488   3.406417    32.9152       1473     6.1333  0.000e+00
     46.319     7.7491   3.406442    32.9152       1474     6.1375  0.000e+00
     46.271     7.7492   3.406448    32.9152       1475     6.1417  0.000e+00
     46.219     7.7497   3.406442    32.9147       1476     6.1458  0.000e+00
     46.168     7.7502   3.406417    32.9139       1477     6.1500  0.000e+00
     46.105     7.7508   3.406379    32.9130       1478     6.1542  0.000e+00
     46.053     7.7511   3.406385    32.9128       1479     6.1583  0.000e+00
     45.999     7.7514   3.406292    32.9116       1480     6.1625  0.000e+00
     45.942     7.7517   3.406104    32.9093       1481     6.1667  0.000e+00
     45.894     7.7522   3.405967    32.9074       1482     6.1708  0.000e+00
     45.842     7.7526   3.405935    32.9067       1483     6.1750  0.000e+00
     45.794     7.7530   3.405935    32.9063       1484     6.1792  0.000e+00
     45.740     7.7533   3.405966    32.9064       1485     6.1833  0.000e+00
     45.686     7.7533   3.405854    32.9052       1486     6.1875  0.000e+00
     45.628     7.7536   3.405666    32.9029       1487     6.1917  0.000e+00
     45.583     7.7541   3.405085    32.8962       1488     6.1958  0.000e+00
     45.538     7.7550   3.404642    32.8906       1489     6.2000  0.000e+00
     45.484     7.7563   3.404079    32.8835       1490     6.2042  0.000e+00
     45.435     7.7576   3.403573    32.8768       1491     6.2083  0.000e+00
     45.390     7.7581   3.403504    32.8756       1492     6.2125  0.000e+00
     45.348     7.7582   3.403367    32.8740       1493     6.2167  0.000e+00
     45.312     7.7584   3.403242    32.8725       1494     6.2208  0.000e+00
     45.285     7.7585   3.403173    32.8717       1495     6.2250  0.000e+00
     45.245     7.7587   3.403117    32.8709       1496     6.2292  0.000e+00
     45.209     7.7589   3.403055    32.8701       1497     6.2333  0.000e+00
     45.182     7.7593   3.402973    32.8689       1498     6.2375  0.000e+00
     45.149     7.7595   3.402967    32.8687       1499     6.2417  0.000e+00
     45.110     7.7600   3.402930    32.8678       1500     6.2458  0.000e+00
     45.077     7.7605   3.402867    32.8667       1501     6.2500  0.000e+00
     45.040     7.7614   3.402886    32.8661       1502     6.2542  0.000e+00
     44.992     7.7622   3.402904    32.8655       1503     6.2583  0.000e+00
     44.941     7.7640   3.403192    32.8669       1504     6.2625  0.000e+00
     44.896     7.7678   3.403723    32.8691       1505     6.2667  0.000e+00
     44.844     7.7743   3.404116    32.8671       1506     6.2708  0.000e+00
     44.802     7.7824   3.403923    32.8574       1507     6.2750  0.000e+00
     44.751     7.7881   3.403660    32.8493       1508     6.2792  0.000e+00
     44.703     7.7901   3.403323    32.8438       1509     6.2833  0.000e+00
     44.654     7.7897   3.403154    32.8424       1510     6.2875  0.000e+00
     44.615     7.7893   3.402998    32.8412       1511     6.2917  0.000e+00
     44.573     7.7889   3.402885    32.8404       1512     6.2958  0.000e+00
     44.534     7.7884   3.402904    32.8410       1513     6.3000  0.000e+00
     44.492     7.7883   3.402910    32.8412       1514     6.3042  0.000e+00
     44.452     7.7882   3.402904    32.8413       1515     6.3083  0.000e+00
     44.404     7.7883   3.402885    32.8410       1516     6.3125  0.000e+00
     44.374     7.7883   3.402885    32.8410       1517     6.3167  0.000e+00
     44.332     7.7882   3.402866    32.8409       1518     6.3208  0.000e+00
     44.293     7.7881   3.402841    32.8408       1519     6.3250  0.000e+00
     44.239     7.7878   3.402823    32.8409       1520     6.3292  0.000e+00
     44.202     7.7880   3.402823    32.8407       1521     6.3333  0.000e+00
     44.154     7.7880   3.402779    32.8403       1522     6.3375  0.000e+00
     44.109     7.7878   3.402729    32.8399       1523     6.3417  0.000e+00
     44.067     7.7878   3.402716    32.8398       1524     6.3458  0.000e+00
     44.012     7.7879   3.402760    32.8402       1525     6.3500  0.000e+00
     43.964     7.7878   3.402729    32.8400       1526     6.3542  0.000e+00
     43.913     7.7877   3.402760    32.8404       1527     6.3583  0.000e+00
     43.871     7.7879   3.402760    32.8403       1528     6.3625  0.000e+00
     43.826     7.7877   3.402760    32.8405       1529     6.3667  0.000e+00
     43.774     7.7878   3.402729    32.8400       1530     6.3708  0.000e+00
     43.741     7.7877   3.402698    32.8398       1531     6.3750  0.000e+00
     43.693     7.7877   3.402716    32.8401       1532     6.3792  0.000e+00
     43.660     7.7875   3.402710    32.8402       1533     6.3833  0.000e+00
     43.618     7.7875   3.402698    32.8401       1534     6.3875  0.000e+00
     43.575     7.7874   3.402698    32.8403       1535     6.3917  0.000e+00
     43.536     7.7874   3.402710    32.8404       1536     6.3958  0.000e+00
     43.500     7.7874   3.402698    32.8402       1537     6.4000  0.000e+00
     43.464     7.7872   3.402716    32.8406       1538     6.4042  0.000e+00
     43.413     7.7873   3.402685    32.8403       1539     6.4083  0.000e+00
     43.379     7.7872   3.402673    32.8403       1540     6.4125  0.000e+00
     43.334     7.7872   3.402672    32.8402       1541     6.4167  0.000e+00
     43.283     7.7872   3.402666    32.8402       1542     6.4208  0.000e+00
     43.244     7.7870   3.402672    32.8404       1543     6.4250  0.000e+00
     43.202     7.7870   3.402672    32.8405       1544     6.4292  0.000e+00
     43.153     7.7870   3.402666    32.8405       1545     6.4333  0.000e+00
     43.105     7.7871   3.402672    32.8404       1546     6.4375  0.000e+00
     43.069     7.7872   3.402654    32.8401       1547     6.4417  0.000e+00
     43.024     7.7875   3.402666    32.8400       1548     6.4458  0.000e+00
     42.984     7.7880   3.402635    32.8393       1549     6.4500  0.000e+00
     42.951     7.7880   3.402635    32.8392       1550     6.4542  0.000e+00
     42.918     7.7885   3.402635    32.8389       1551     6.4583  0.000e+00
     42.891     7.7886   3.402622    32.8386       1552     6.4625  0.000e+00
     42.867     7.7896   3.402572    32.8372       1553     6.4667  0.000e+00
     42.858     7.7910   3.402572    32.8358       1554     6.4708  0.000e+00
     42.837     7.7920   3.402579    32.8349       1555     6.4750  0.000e+00
     42.828     7.7925   3.402547    32.8341       1556     6.4792  0.000e+00
     42.825     7.7935   3.402510    32.8328       1557     6.4833  0.000e+00
     42.804     7.7950   3.402510    32.8314       1558     6.4875  0.000e+00
     42.792     7.7970   3.402510    32.8295       1559     6.4917  0.000e+00
     42.771     7.7972   3.402610    32.8304       1560     6.4958  0.000e+00
     42.743     7.7962   3.402447    32.8296       1561     6.5000  0.000e+00
     42.707     7.7960   3.402447    32.8299       1562     6.5042  0.000e+00
     42.662     7.7962   3.402547    32.8308       1563     6.5083  0.000e+00
     42.614     7.7970   3.402466    32.8292       1564     6.5125  0.000e+00
     42.553     7.7984   3.402466    32.8278       1565     6.5167  0.000e+00
     42.502     7.7994   3.402422    32.8265       1566     6.5208  0.000e+00
     42.430     7.8002   3.402291    32.8244       1567     6.5250  0.000e+00
     42.366     7.8015   3.402235    32.8226       1568     6.5292  0.000e+00
     42.303     7.8029   3.402153    32.8204       1569     6.5333  0.000e+00
     42.240     7.8042   3.402116    32.8188       1570     6.5375  0.000e+00
     42.176     7.8055   3.402153    32.8180       1571     6.5417  0.000e+00
     42.128     7.8061   3.402110    32.8170       1572     6.5458  0.000e+00
     42.071     7.8066   3.402072    32.8161       1573     6.5500  0.000e+00
     42.029     7.8082   3.402028    32.8142       1574     6.5542  0.000e+00
     41.993     7.8086   3.402028    32.8139       1575     6.5583  0.000e+00
     41.944     7.8095   3.402010    32.8128       1576     6.5625  0.000e+00
     41.923     7.8107   3.402028    32.8119       1577     6.5667  0.000e+00
     41.890     7.8114   3.402028    32.8112       1578     6.5708  0.000e+00
     41.860     7.8121   3.402028    32.8106       1579     6.5750  0.000e+00
     41.836     7.8122   3.402003    32.8102       1580     6.5792  0.000e+00
     41.806     7.8121   3.402010    32.8104       1581     6.5833  0.000e+00
     41.779     7.8118   3.402028    32.8109       1582     6.5875  0.000e+00
     41.767     7.8117   3.402003    32.8108       1583     6.5917  0.000e+00
     41.739     7.8115   3.402010    32.8110       1584     6.5958  0.000e+00
     41.715     7.8116   3.402010    32.8110       1585     6.6000  0.000e+00
     41.694     7.8113   3.402028    32.8114       1586     6.6042  0.000e+00
     41.661     7.8113   3.402010    32.8113       1587     6.6083  0.000e+00
     41.631     7.8115   3.402010    32.8111       1588     6.6125  0.000e+00
     41.601     7.8111   3.402003    32.8114       1589     6.6167  0.000e+00
     41.571     7.8113   3.402009    32.8113       1590     6.6208  0.000e+00
     41.531     7.8116   3.401984    32.8108       1591     6.6250  0.000e+00
     41.498     7.8119   3.402116    32.8119       1592     6.6292  0.000e+00
     41.459     7.8132   3.402028    32.8097       1593     6.6333  0.000e+00
     41.426     7.8138   3.402091    32.8099       1594     6.6375  0.000e+00
     41.387     7.8147   3.402172    32.8099       1595     6.6417  0.000e+00
     41.345     7.8158   3.401984    32.8069       1596     6.6458  0.000e+00
     41.308     7.8148   3.401966    32.8077       1597     6.6500  0.000e+00
     41.266     7.8138   3.402009    32.8090       1598     6.6542  0.000e+00
     41.230     7.8140   3.402091    32.8098       1599     6.6583  0.000e+00
     41.197     7.8151   3.402215    32.8101       1600     6.6625  0.000e+00
     41.149     7.8169   3.402671    32.8133       1601     6.6667  0.000e+00
     41.118     7.8205   3.402771    32.8110       1602     6.6708  0.000e+00
     41.085     7.8240   3.402759    32.8076       1603     6.6750  0.000e+00
     41.046     7.8258   3.402653    32.8048       1604     6.6792  0.000e+00
     41.007     7.8267   3.402378    32.8010       1605     6.6833  0.000e+00
     40.968     7.8261   3.402446    32.8023       1606     6.6875  0.000e+00
     40.925     7.8256   3.402359    32.8019       1607     6.6917  0.000e+00
     40.880     7.8254   3.402465    32.8032       1608     6.6958  0.000e+00
     40.847     7.8260   3.402653    32.8047       1609     6.7000  0.000e+00
     40.787     7.8273   3.402465    32.8015       1610     6.7042  0.000e+00
     40.738     7.8273   3.402509    32.8020       1611     6.7083  0.000e+00
     40.681     7.8276   3.402696    32.8038       1612     6.7125  0.000e+00
     40.630     7.8284   3.402671    32.8028       1613     6.7167  0.000e+00
     40.573     7.8290   3.402446    32.7998       1614     6.7208  0.000e+00
     40.521     7.8283   3.402484    32.8009       1615     6.7250  0.000e+00
     40.470     7.8279   3.402446    32.8009       1616     6.7292  0.000e+00
     40.425     7.8275   3.402465    32.8015       1617     6.7333  0.000e+00
     40.392     7.8277   3.402709    32.8039       1618     6.7375  0.000e+00
     40.347     7.8288   3.402696    32.8028       1619     6.7417  0.000e+00
     40.310     7.8298   3.402821    32.8032       1620     6.7458  0.000e+00
     40.283     7.8309   3.402865    32.8026       1621     6.7500  0.000e+00
     40.250     7.8317   3.402777    32.8010       1622     6.7542  0.000e+00
     40.217     7.8317   3.402840    32.8016       1623     6.7583  0.000e+00
     40.181     7.8319   3.402771    32.8008       1624     6.7625  0.000e+00
     40.142     7.8319   3.402671    32.7997       1625     6.7667  0.000e+00
     40.111     7.8316   3.402777    32.8012       1626     6.7708  0.000e+00
     40.072     7.8316   3.402752    32.8008       1627     6.7750  0.000e+00
     40.030     7.8319   3.402715    32.8002       1628     6.7792  0.000e+00
     39.994     7.8317   3.402821    32.8016       1629     6.7833  0.000e+00
     39.967     7.8321   3.402771    32.8006       1630     6.7875  0.000e+00
     39.919     7.8323   3.402652    32.7992       1631     6.7917  0.000e+00
     39.879     7.8314   3.402465    32.7980       1632     6.7958  0.000e+00
     39.858     7.8304   3.402377    32.7981       1633     6.8000  0.000e+00
     39.825     7.8289   3.402359    32.7993       1634     6.8042  0.000e+00
     39.798     7.8282   3.402359    32.7999       1635     6.8083  0.000e+00
     39.768     7.8278   3.402384    32.8006       1636     6.8125  0.000e+00
     39.726     7.8279   3.402465    32.8014       1637     6.8167  0.000e+00
     39.692     7.8283   3.402546    32.8019       1638     6.8208  0.000e+00
     39.650     7.8287   3.402652    32.8027       1639     6.8250  0.000e+00
     39.611     7.8298   3.402683    32.8020       1640     6.8292  0.000e+00
     39.560     7.8308   3.402739    32.8017       1641     6.8333  0.000e+00
     39.524     7.8316   3.402802    32.8017       1642     6.8375  0.000e+00
     39.475     7.8325   3.402821    32.8010       1643     6.8417  0.000e+00
     39.418     7.8332   3.402883    32.8011       1644     6.8458  0.000e+00
     39.379     7.8335   3.402758    32.7994       1645     6.8500  0.000e+00
     39.322     7.8334   3.402821    32.8003       1646     6.8542  0.000e+00
     39.270     7.8334   3.402839    32.8005       1647     6.8583  0.000e+00
     39.219     7.8336   3.402864    32.8005       1648     6.8625  0.000e+00
     39.159     7.8338   3.402821    32.8000       1649     6.8667  0.000e+00
     39.114     7.8339   3.403195    32.8039       1650     6.8708  0.000e+00
     39.059     7.8357   3.403408    32.8045       1651     6.8750  0.000e+00
