HB2302/sbe034.cnv
* Sea-Bird SBE 19plus V2 Data File:
* FileName = C:\cruise\data\sbe034.hex
* Software Version Seasave V 7.26.7.121
* Temperature SN = 4758
* Conductivity SN = 4758
* System UpLoad Time = Jun 12 2023 02:43:58
* NMEA Latitude = 35 45.71 N
* NMEA Longitude = 075 22.65 W
* NMEA UTC (Time) = Jun 12 2023 02:43:59
** Cruise: HB2302
** Program: Ecomon
** Chief Scientist: Jerry Prezioso
# nquan = 7
# nvalues = 1021                                  
# units = specified
# name 0 = depSM: Depth [salt water, m]
# name 1 = tv290C: Temperature [ITS-90, deg C]
# name 2 = c0S/m: Conductivity [S/m]
# name 3 = sal00: Salinity, Practical [PSU]
# name 4 = scan: Scan Count
# name 5 = timeM: Time, Elapsed [minutes]
# name 6 = flag:  0.000e+00
# span 0 =     -0.086,     12.120                 
# span 1 =    17.3906,    21.5886                 
# span 2 =   0.000044,   4.521165                 
# span 3 =     0.0105,    32.1106                 
# span 4 =         11,       1031                 
# span 5 =     0.0417,     4.2917                 
# span 6 = 0.0000e+00, 0.0000e+00                 
# interval = seconds: 0.25
# start_time = Jun 12 2023 02:43:59 [NMEA time, header]
# bad_flag = -9.990e-29
*END*
[from data line 616]
      8.958    17.7310   4.192047    31.8315        627     2.6083  0.000e+00
      8.912    17.7381   4.192482    31.8296        628     2.6125  0.000e+00
      8.867    17.7453   4.192482    31.8240        629     2.6167  0.000e+00
      8.816    17.7512   4.192482    31.8195        630     2.6208  0.000e+00
      8.761    17.7555   4.192557    31.8168        631     2.6250  0.000e+00
      8.707    17.7589   4.192652    31.8149        632     2.6292  0.000e+00
      8.650    17.7623   4.192815    31.8137        633     2.6333  0.000e+00
      8.601    17.7659   4.193453    31.8163        634     2.6375  0.000e+00
      8.559    17.7732   4.194302    31.8178        635     2.6417  0.000e+00
      8.505    17.7842   4.195410    31.8186        636     2.6458  0.000e+00
      8.444    17.7981   4.196857    31.8201        637     2.6500  0.000e+00
      8.399    17.8158   4.198012    31.8160        638     2.6542  0.000e+00
      8.354    17.8351   4.199195    31.8110        639     2.6583  0.000e+00
      8.302    17.8525   4.200289    31.8067        640     2.6625  0.000e+00
      8.257    17.8681   4.201343    31.8034        641     2.6667  0.000e+00
      8.227    17.8827   4.203533    31.8105        642     2.6708  0.000e+00
      8.184    17.9024   4.204634    31.8045        643     2.6750  0.000e+00
      8.154    17.9239   4.205498    31.7951        644     2.6792  0.000e+00
      8.124    17.9417   4.205756    31.7834        645     2.6833  0.000e+00
      8.100    17.9540   4.205708    31.7734        646     2.6875  0.000e+00
      8.079    17.9606   4.205701    31.7682        647     2.6917  0.000e+00
      8.040    17.9639   4.205905    31.7674        648     2.6958  0.000e+00
      8.022    17.9703   4.208565    31.7849        649     2.7000  0.000e+00
      7.976    17.9947   4.214289    31.8142        650     2.7042  0.000e+00
      7.931    18.0499   4.219048    31.8113        651     2.7083  0.000e+00
      7.889    18.1240   4.224552    31.8001        652     2.7125  0.000e+00
      7.828    18.2063   4.227625    31.7621        653     2.7167  0.000e+00
      7.753    18.2776   4.231988    31.7435        654     2.7208  0.000e+00
      7.656    18.3458   4.234436    31.7113        655     2.7250  0.000e+00
      7.562    18.4144   4.247179    31.7649        656     2.7292  0.000e+00
      7.460    18.5285   4.256963    31.7585        657     2.7333  0.000e+00
      7.360    18.6737   4.267419    31.7338        658     2.7375  0.000e+00
      7.269    18.8285   4.274955    31.6775        659     2.7417  0.000e+00
      7.188    18.9739   4.275802    31.5736        660     2.7458  0.000e+00
      7.130    19.0633   4.276725    31.5134        661     2.7500  0.000e+00
      7.079    19.1120   4.277793    31.4852        662     2.7542  0.000e+00
      7.046    19.1422   4.279067    31.4729        663     2.7583  0.000e+00
      7.025    19.1673   4.280814    31.4682        664     2.7625  0.000e+00
      7.009    19.1943   4.280937    31.4488        665     2.7667  0.000e+00
      6.997    19.2138   4.282232    31.4447        666     2.7708  0.000e+00
      6.985    19.2340   4.289841    31.4918        667     2.7750  0.000e+00
      6.961    19.2918   4.296029    31.4988        668     2.7792  0.000e+00
      6.931    19.3795   4.301443    31.4769        669     2.7833  0.000e+00
      6.877    19.4686   4.306593    31.4519        670     2.7875  0.000e+00
      6.801    19.5531   4.310893    31.4234        671     2.7917  0.000e+00
      6.726    19.6330   4.311435    31.3679        672     2.7958  0.000e+00
      6.638    19.6861   4.314561    31.3536        673     2.8000  0.000e+00
      6.565    19.7327   4.316527    31.3348        674     2.8042  0.000e+00
      6.493    19.7756   4.321293    31.3414        675     2.8083  0.000e+00
      6.448    19.8236   4.325558    31.3401        676     2.8125  0.000e+00
      6.424    19.8718   4.326094    31.3085        677     2.8167  0.000e+00
      6.412    19.9056   4.327353    31.2936        678     2.8208  0.000e+00
      6.424    19.9267   4.326162    31.2682        679     2.8250  0.000e+00
      6.445    19.9328   4.326313    31.2649        680     2.8292  0.000e+00
      6.469    19.9340   4.323334    31.2400        681     2.8333  0.000e+00
      6.508    19.9220   4.321242    31.2320        682     2.8375  0.000e+00
      6.539    19.9038   4.321222    31.2454        683     2.8417  0.000e+00
      6.563    19.8918   4.320280    31.2467        684     2.8458  0.000e+00
      6.584    19.8811   4.319345    31.2470        685     2.8500  0.000e+00
      6.575    19.8667   4.318568    31.2515        686     2.8542  0.000e+00
      6.548    19.8539   4.323005    31.2968        687     2.8583  0.000e+00
      6.500    19.8690   4.325984    31.3097        688     2.8625  0.000e+00
      6.433    19.8961   4.327656    31.3030        689     2.8667  0.000e+00
      6.373    19.9232   4.329067    31.2943        690     2.8708  0.000e+00
      6.309    19.9474   4.329500    31.2799        691     2.8750  0.000e+00
      6.261    19.9668   4.327855    31.2522        692     2.8792  0.000e+00
      6.228    19.9785   4.327524    31.2409        693     2.8833  0.000e+00
      6.204    19.9872   4.329142    31.2475        694     2.8875  0.000e+00
      6.192    19.9977   4.330353    31.2494        695     2.8917  0.000e+00
      6.201    20.0095   4.331296    31.2482        696     2.8958  0.000e+00
      6.195    20.0212   4.332357    31.2481        697     2.9000  0.000e+00
      6.213    20.0312   4.331854    31.2367        698     2.9042  0.000e+00
      6.222    20.0356   4.332129    31.2356        699     2.9083  0.000e+00
      6.228    20.0377   4.332177    31.2345        700     2.9125  0.000e+00
      6.222    20.0389   4.332184    31.2337        701     2.9167  0.000e+00
      6.210    20.0397   4.332308    31.2340        702     2.9208  0.000e+00
      6.183    20.0401   4.332790    31.2376        703     2.9250  0.000e+00
      6.153    20.0419   4.332405    31.2332        704     2.9292  0.000e+00
      6.107    20.0432   4.332129    31.2301        705     2.9333  0.000e+00
      6.062    20.0434   4.332356    31.2317        706     2.9375  0.000e+00
      6.026    20.0446   4.332253    31.2300        707     2.9417  0.000e+00
      5.981    20.0464   4.332315    31.2292        708     2.9458  0.000e+00
      5.941    20.0479   4.332632    31.2306        709     2.9500  0.000e+00
      5.914    20.0500   4.332866    31.2310        710     2.9542  0.000e+00
      5.881    20.0526   4.333114    31.2311        711     2.9583  0.000e+00
      5.857    20.0551   4.332811    31.2268        712     2.9625  0.000e+00
      5.824    20.0565   4.332535    31.2235        713     2.9667  0.000e+00
      5.800    20.0575   4.332025    31.2187        714     2.9708  0.000e+00
      5.776    20.0575   4.331674    31.2159        715     2.9750  0.000e+00
      5.763    20.0567   4.331722    31.2169        716     2.9792  0.000e+00
      5.742    20.0560   4.331771    31.2178        717     2.9833  0.000e+00
      5.730    20.0557   4.331853    31.2187        718     2.9875  0.000e+00
      5.715    20.0559   4.332025    31.2199        719     2.9917  0.000e+00
      5.703    20.0572   4.332790    31.2251        720     2.9958  0.000e+00
      5.679    20.0604   4.333926    31.2319        721     3.0000  0.000e+00
      5.649    20.0671   4.334456    31.2312        722     3.0042  0.000e+00
      5.619    20.0739   4.335290    31.2329        723     3.0083  0.000e+00
      5.585    20.0805   4.336867    31.2407        724     3.0125  0.000e+00
      5.546    20.0908   4.337777    31.2404        725     3.0167  0.000e+00
      5.519    20.1015   4.337900    31.2335        726     3.0208  0.000e+00
      5.489    20.1094   4.337962    31.2281        727     3.0250  0.000e+00
      5.480    20.1145   4.338031    31.2249        728     3.0292  0.000e+00
      5.465    20.1179   4.338155    31.2234        729     3.0333  0.000e+00
      5.471    20.1199   4.338203    31.2223        730     3.0375  0.000e+00
      5.477    20.1212   4.338258    31.2218        731     3.0417  0.000e+00
      5.489    20.1218   4.338307    31.2217        732     3.0458  0.000e+00
      5.513    20.1218   4.338286    31.2216        733     3.0500  0.000e+00
      5.525    20.1217   4.338314    31.2218        734     3.0542  0.000e+00
      5.537    20.1210   4.338334    31.2225        735     3.0583  0.000e+00
      5.550    20.1201   4.338334    31.2232        736     3.0625  0.000e+00
      5.562    20.1192   4.338286    31.2234        737     3.0667  0.000e+00
      5.559    20.1180   4.338334    31.2247        738     3.0708  0.000e+00
      5.553    20.1180   4.338458    31.2258        739     3.0750  0.000e+00
      5.544    20.1184   4.338513    31.2259        740     3.0792  0.000e+00
      5.529    20.1197   4.338658    31.2261        741     3.0833  0.000e+00
      5.510    20.1217   4.338761    31.2254        742     3.0875  0.000e+00
      5.498    20.1243   4.338665    31.2228        743     3.0917  0.000e+00
      5.483    20.1261   4.338686    31.2216        744     3.0958  0.000e+00
      5.477    20.1276   4.338865    31.2219        745     3.1000  0.000e+00
      5.459    20.1292   4.338789    31.2201        746     3.1042  0.000e+00
      5.450    20.1307   4.338865    31.2196        747     3.1083  0.000e+00
      5.435    20.1334   4.339002    31.2188        748     3.1125  0.000e+00
      5.414    20.1354   4.339092    31.2180        749     3.1167  0.000e+00
      5.384    20.1372   4.339243    31.2179        750     3.1208  0.000e+00
      5.342    20.1398   4.339119    31.2150        751     3.1250  0.000e+00
      5.284    20.1405   4.339395    31.2167        752     3.1292  0.000e+00
      5.218    20.1437   4.339726    31.2170        753     3.1333  0.000e+00
      5.148    20.1490   4.340339    31.2181        754     3.1375  0.000e+00
      5.088    20.1571   4.340277    31.2116        755     3.1417  0.000e+00
      5.012    20.1659   4.340208    31.2045        756     3.1458  0.000e+00
      4.961    20.1751   4.339498    31.1921        757     3.1500  0.000e+00
      4.901    20.1825   4.339346    31.1854        758     3.1542  0.000e+00
      4.849    20.1882   4.337169    31.1638        759     3.1583  0.000e+00
      4.798    20.1997   4.335797    31.1443        760     3.1625  0.000e+00
      4.759    20.2143   4.334888    31.1263        761     3.1667  0.000e+00
      4.725    20.2269   4.333799    31.1083        762     3.1708  0.000e+00
      4.689    20.2403   4.334784    31.1063        763     3.1750  0.000e+00
      4.665    20.2455   4.333971    31.0960        764     3.1792  0.000e+00
      4.644    20.2484   4.332759    31.0841        765     3.1833  0.000e+00
      4.623    20.2585   4.330858    31.0616        766     3.1875  0.000e+00
      4.605    20.2726   4.330053    31.0448        767     3.1917  0.000e+00
      4.587    20.2824   4.328655    31.0263        768     3.1958  0.000e+00
      4.565    20.2907   4.331822    31.0456        769     3.2000  0.000e+00
      4.541    20.2869   4.329922    31.0332        770     3.2042  0.000e+00
      4.520    20.2856   4.329646    31.0319        771     3.2083  0.000e+00
      4.499    20.2882   4.326259    31.0030        772     3.2125  0.000e+00
      4.499    20.3005   4.323280    30.9701        773     3.2167  0.000e+00
      4.493    20.3224   4.318017    30.9121        774     3.2208  0.000e+00
      4.496    20.3493   4.316414    30.8796        775     3.2250  0.000e+00
      4.508    20.3685   4.315864    30.8613        776     3.2292  0.000e+00
      4.523    20.3802   4.314626    30.8428        777     3.2333  0.000e+00
      4.536    20.3884   4.320423    30.8832        778     3.2375  0.000e+00
      4.530    20.3792   4.322116    30.9033        779     3.2417  0.000e+00
      4.530    20.3674   4.321057    30.9035        780     3.2458  0.000e+00
      4.521    20.3627   4.320527    30.9027        781     3.2500  0.000e+00
      4.514    20.3641   4.319867    30.8964        782     3.2542  0.000e+00
      4.508    20.3666   4.317831    30.8783        783     3.2583  0.000e+00
      4.515    20.3690   4.316820    30.8685        784     3.2625  0.000e+00
      4.527    20.3720   4.317913    30.8751        785     3.2667  0.000e+00
      4.548    20.3742   4.319468    30.8858        786     3.2708  0.000e+00
      4.560    20.3761   4.323630    30.9176        787     3.2750  0.000e+00
      4.563    20.3775   4.323251    30.9136        788     3.2792  0.000e+00
      4.566    20.3797   4.321559    30.8985        789     3.2833  0.000e+00
      4.557    20.3819   4.314379    30.8396        790     3.2875  0.000e+00
      4.518    20.3847   4.313162    30.8279        791     3.2917  0.000e+00
      4.476    20.3893   4.314152    30.8325        792     3.2958  0.000e+00
      4.409    20.4029   4.310049    30.7899        793     3.3000  0.000e+00
      4.337    20.4160   4.306428    30.7515        794     3.3042  0.000e+00
      4.273    20.4264   4.300872    30.6997        795     3.3083  0.000e+00
      4.225    20.4339   4.289604    30.6046        796     3.3125  0.000e+00
      4.201    20.4435   4.284784    30.5594        797     3.3167  0.000e+00
      4.192    20.4501   4.289528    30.5923        798     3.3208  0.000e+00
      4.192    20.4557   4.289871    30.5910        799     3.3250  0.000e+00
      4.186    20.4586   4.283933    30.5417        800     3.3292  0.000e+00
      4.192    20.4570   4.288705    30.5808        801     3.3333  0.000e+00
      4.180    20.4571   4.293507    30.6190        802     3.3375  0.000e+00
      4.164    20.4597   4.282234    30.5274        803     3.3417  0.000e+00
      4.125    20.4615   4.267769    30.4111        804     3.3458  0.000e+00
      4.059    20.4980   4.252594    30.2645        805     3.3500  0.000e+00
      3.977    20.6106   4.234246    30.0393        806     3.3542  0.000e+00
      3.895    20.7740   4.222531    29.8320        807     3.3583  0.000e+00
      3.820    20.9328   4.217625    29.6828        808     3.3625  0.000e+00
      3.756    21.0503   4.217827    29.6031        809     3.3667  0.000e+00
      3.720    21.1166   4.215245    29.5371        810     3.3708  0.000e+00
      3.696    21.1569   4.212188    29.4856        811     3.3750  0.000e+00
      3.696    21.1809   4.213971    29.4830        812     3.3792  0.000e+00
      3.711    21.1916   4.214141    29.4769        813     3.3833  0.000e+00
      3.729    21.1965   4.211725    29.4547        814     3.3875  0.000e+00
      3.760    21.2025   4.215415    29.4794        815     3.3917  0.000e+00
      3.793    21.2018   4.216490    29.4882        816     3.3958  0.000e+00
      3.823    21.1983   4.216838    29.4933        817     3.4000  0.000e+00
      3.856    21.1962   4.217315    29.4985        818     3.4042  0.000e+00
      3.881    21.1933   4.218139    29.5069        819     3.4083  0.000e+00
      3.896    21.1880   4.218554    29.5137        820     3.4125  0.000e+00
      3.905    21.1843   4.218670    29.5172        821     3.4167  0.000e+00
      3.896    21.1817   4.216688    29.5036        822     3.4208  0.000e+00
      3.875    21.1858   4.217444    29.5067        823     3.4250  0.000e+00
      3.835    21.1878   4.216177    29.4953        824     3.4292  0.000e+00
      3.787    21.1913   4.213508    29.4722        825     3.4333  0.000e+00
      3.721    21.1990   4.208519    29.4281        826     3.4375  0.000e+00
      3.666    21.2114   4.206492    29.4037        827     3.4417  0.000e+00
      3.633    21.2240   4.206832    29.3978        828     3.4458  0.000e+00
      3.633    21.2320   4.206661    29.3910        829     3.4500  0.000e+00
      3.654    21.2361   4.205505    29.3792        830     3.4542  0.000e+00
