HB2302/sbe033.cnv
* Sea-Bird SBE 19plus V2 Data File:
* FileName = C:\cruise\data\sbe033.hex
* Software Version Seasave V 7.26.7.121
* Temperature SN = 4758
* Conductivity SN = 4758
* System UpLoad Time = Jun 12 2023 00:58:10
* NMEA Latitude = 35 33.59 N
* NMEA Longitude = 075 07.69 W
* NMEA UTC (Time) = Jun 12 2023 00:58:11
** Cruise: HB2302
** Program: Ecomon
** Chief Scientist: Jerry Prezioso
# nquan = 7
# nvalues = 1256                                  
# units = specified
# name 0 = depSM: Depth [salt water, m]
# name 1 = tv290C: Temperature [ITS-90, deg C]
# name 2 = c0S/m: Conductivity [S/m]
# name 3 = sal00: Salinity, Practical [PSU]
# name 4 = scan: Scan Count
# name 5 = timeM: Time, Elapsed [minutes]
# name 6 = flag:  0.000e+00
# span 0 =     -0.065,     31.684                 
# span 1 =    18.8576,    24.0299                 
# span 2 =   0.000029,   5.296908                 
# span 3 =     0.0105,    36.3994                 
# span 4 =         11,       1266                 
# span 5 =     0.0417,     5.2708                 
# span 6 = 0.0000e+00, 0.0000e+00                 
# interval = seconds: 0.25
# start_time = Jun 12 2023 00:58:11 [NMEA time, header]
# bad_flag = -9.990e-29
*END*
[from data line 1026]
      5.786    19.5972   4.347407    31.6877       1037     4.3167  0.000e+00
      5.707    19.6104   4.349517    31.6949       1038     4.3208  0.000e+00
      5.656    19.6291   4.353435    31.7126       1039     4.3250  0.000e+00
      5.613    19.6661   4.366395    31.7901       1040     4.3292  0.000e+00
      5.595    19.7433   4.369766    31.7590       1041     4.3333  0.000e+00
      5.583    19.8159   4.369965    31.7057       1042     4.3375  0.000e+00
      5.580    19.8569   4.369529    31.6713       1043     4.3417  0.000e+00
      5.595    19.8740   4.367843    31.6447       1044     4.3458  0.000e+00
      5.598    19.8745   4.368430    31.6492       1045     4.3500  0.000e+00
      5.598    19.8750   4.370476    31.6653       1046     4.3542  0.000e+00
      5.562    19.8847   4.374699    31.6922       1047     4.3583  0.000e+00
      5.499    19.9109   4.387221    31.7738       1048     4.3625  0.000e+00
      5.417    19.9764   4.393009    31.7712       1049     4.3667  0.000e+00
      5.320    20.0494   4.402391    31.7919       1050     4.3708  0.000e+00
      5.245    20.1300   4.413918    31.8241       1051     4.3750  0.000e+00
      5.169    20.2338   4.431308    31.8858       1052     4.3792  0.000e+00
      5.112    20.3660   4.439436    31.8515       1053     4.3833  0.000e+00
      5.078    20.4910   4.442690    31.7837       1054     4.3875  0.000e+00
      5.063    20.5766   4.445354    31.7409       1055     4.3917  0.000e+00
      5.072    20.6321   4.445771    31.7029       1056     4.3958  0.000e+00
      5.084    20.6635   4.445722    31.6790       1057     4.4000  0.000e+00
      5.115    20.6772   4.443919    31.6545       1058     4.4042  0.000e+00
      5.148    20.6756   4.442750    31.6464       1059     4.4083  0.000e+00
      5.175    20.6671   4.442688    31.6522       1060     4.4125  0.000e+00
      5.200    20.6604   4.440371    31.6387       1061     4.4167  0.000e+00
      5.197    20.6433   4.430600    31.5736       1062     4.4208  0.000e+00
      5.163    20.5955   4.432972    31.6280       1063     4.4250  0.000e+00
      5.088    20.5719   4.444700    31.7392       1064     4.4292  0.000e+00
      4.997    20.6087   4.452129    31.7710       1065     4.4333  0.000e+00
      4.891    20.6758   4.456600    31.7566       1066     4.4375  0.000e+00
      4.807    20.7414   4.460641    31.7398       1067     4.4417  0.000e+00
      4.722    20.7997   4.464496    31.7271       1068     4.4458  0.000e+00
      4.652    20.8523   4.467829    31.7144       1069     4.4500  0.000e+00
      4.604    20.8966   4.468937    31.6903       1070     4.4542  0.000e+00
      4.583    20.9280   4.469383    31.6705       1071     4.4583  0.000e+00
      4.568    20.9470   4.469195    31.6550       1072     4.4625  0.000e+00
      4.568    20.9559   4.469878    31.6538       1073     4.4667  0.000e+00
      4.574    20.9625   4.470513    31.6539       1074     4.4708  0.000e+00
      4.577    20.9691   4.470904    31.6521       1075     4.4750  0.000e+00
      4.574    20.9755   4.472529    31.6602       1076     4.4792  0.000e+00
      4.553    20.9860   4.474539    31.6684       1077     4.4833  0.000e+00
      4.513    21.0013   4.475118    31.6616       1078     4.4875  0.000e+00
      4.462    21.0147   4.476619    31.6636       1079     4.4917  0.000e+00
      4.402    21.0287   4.479439    31.6755       1080     4.4958  0.000e+00
      4.341    21.0512   4.480780    31.6694       1081     4.5000  0.000e+00
      4.293    21.0724   4.481324    31.6581       1082     4.5042  0.000e+00
      4.253    21.0870   4.482679    31.6580       1083     4.5083  0.000e+00
      4.229    21.1006   4.483447    31.6540       1084     4.5125  0.000e+00
      4.235    21.1122   4.483077    31.6425       1085     4.5167  0.000e+00
      4.260    21.1176   4.483286    31.6401       1086     4.5208  0.000e+00
      4.299    21.1213   4.484215    31.6448       1087     4.5250  0.000e+00
      4.347    21.1278   4.484551    31.6426       1088     4.5292  0.000e+00
      4.396    21.1336   4.483922    31.6333       1089     4.5333  0.000e+00
      4.438    21.1338   4.483209    31.6275       1090     4.5375  0.000e+00
      4.478    21.1294   4.483552    31.6334       1091     4.5417  0.000e+00
      4.499    21.1272   4.483789    31.6369       1092     4.5458  0.000e+00
      4.490    21.1273   4.484781    31.6447       1093     4.5500  0.000e+00
      4.423    21.1335   4.488331    31.6681       1094     4.5542  0.000e+00
      4.342    21.1548   4.491322    31.6760       1095     4.5583  0.000e+00
      4.254    21.1852   4.492720    31.6646       1096     4.5625  0.000e+00
      4.172    21.2124   4.494390    31.6577       1097     4.5667  0.000e+00
      4.097    21.2356   4.496999    31.6611       1098     4.5708  0.000e+00
      4.049    21.2612   4.499530    31.6622       1099     4.5750  0.000e+00
      4.015    21.2891   4.500481    31.6490       1100     4.5792  0.000e+00
      4.006    21.3102   4.499768    31.6279       1101     4.5833  0.000e+00
      3.997    21.3189   4.499474    31.6192       1102     4.5875  0.000e+00
      4.012    21.3209   4.498060    31.6066       1103     4.5917  0.000e+00
      4.006    21.3137   4.497592    31.6083       1104     4.5958  0.000e+00
      4.000    21.3054   4.497249    31.6116       1105     4.6000  0.000e+00
      3.970    21.2990   4.497515    31.6184       1106     4.6042  0.000e+00
      3.925    21.2969   4.497781    31.6221       1107     4.6083  0.000e+00
      3.867    21.2989   4.501307    31.6484       1108     4.6125  0.000e+00
      3.807    21.3145   4.500271    31.6287       1109     4.6167  0.000e+00
      3.756    21.3257   4.503693    31.6474       1110     4.6208  0.000e+00
      3.710    21.3457   4.508284    31.6687       1111     4.6250  0.000e+00
      3.677    21.3804   4.511316    31.6670       1112     4.6292  0.000e+00
      3.662    21.4178   4.511421    31.6403       1113     4.6333  0.000e+00
      3.674    21.4417   4.511742    31.6252       1114     4.6375  0.000e+00
      3.698    21.4534   4.512352    31.6214       1115     4.6417  0.000e+00
      3.747    21.4606   4.508948    31.5894       1116     4.6458  0.000e+00
      3.804    21.4480   4.504559    31.5643       1117     4.6500  0.000e+00
      3.853    21.4171   4.504405    31.5857       1118     4.6542  0.000e+00
      3.892    21.3951   4.504756    31.6046       1119     4.6583  0.000e+00
      3.925    21.3854   4.504490    31.6097       1120     4.6625  0.000e+00
      3.937    21.3789   4.501789    31.5932       1121     4.6667  0.000e+00
      3.925    21.3641   4.502447    31.6093       1122     4.6708  0.000e+00
      3.892    21.3574   4.505575    31.6387       1123     4.6750  0.000e+00
      3.853    21.3687   4.509243    31.6592       1124     4.6792  0.000e+00
      3.813    21.3953   4.509243    31.6397       1125     4.6833  0.000e+00
      3.750    21.4148   4.509866    31.6302       1126     4.6875  0.000e+00
      3.684    21.4273   4.512485    31.6416       1127     4.6917  0.000e+00
      3.602    21.4468   4.514958    31.6466       1128     4.6958  0.000e+00
      3.511    21.4719   4.514957    31.6282       1129     4.7000  0.000e+00
      3.445    21.4879   4.516078    31.6252       1130     4.7042  0.000e+00
      3.396    21.5014   4.522049    31.6621       1131     4.7083  0.000e+00
      3.369    21.5360   4.520051    31.6210       1132     4.7125  0.000e+00
      3.375    21.5548   4.519167    31.6004       1133     4.7167  0.000e+00
      3.405    21.5578   4.519896    31.6039       1134     4.7208  0.000e+00
      3.448    21.5587   4.518445    31.5918       1135     4.7250  0.000e+00
      3.496    21.5549   4.520338    31.6094       1136     4.7292  0.000e+00
      3.554    21.5592   4.520660    31.6087       1137     4.7333  0.000e+00
      3.608    21.5651   4.518571    31.5881       1138     4.7375  0.000e+00
      3.639    21.5596   4.518340    31.5903       1139     4.7417  0.000e+00
      3.651    21.5521   4.519462    31.6046       1140     4.7458  0.000e+00
      3.615    21.5535   4.521621    31.6205       1141     4.7500  0.000e+00
      3.548    21.5655   4.522497    31.6185       1142     4.7542  0.000e+00
      3.475    21.5786   4.522104    31.6058       1143     4.7583  0.000e+00
      3.409    21.5865   4.525729    31.6284       1144     4.7625  0.000e+00
      3.336    21.6038   4.525511    31.6140       1145     4.7667  0.000e+00
      3.279    21.6195   4.527496    31.6180       1146     4.7708  0.000e+00
      3.237    21.6350   4.528905    31.6177       1147     4.7750  0.000e+00
      3.210    21.6538   4.529579    31.6092       1148     4.7792  0.000e+00
      3.194    21.6679   4.529929    31.6016       1149     4.7833  0.000e+00
      3.198    21.6779   4.531445    31.6061       1150     4.7875  0.000e+00
      3.219    21.6899   4.532385    31.6046       1151     4.7917  0.000e+00
      3.237    21.7020   4.531851    31.5916       1152     4.7958  0.000e+00
      3.255    21.7070   4.532055    31.5895       1153     4.8000  0.000e+00
      3.258    21.7089   4.532090    31.5884       1154     4.8042  0.000e+00
      3.231    21.7100   4.529066    31.5640       1155     4.8083  0.000e+00
      3.159    21.6974   4.528294    31.5673       1156     4.8125  0.000e+00
      3.071    21.6798   4.526422    31.5656       1157     4.8167  0.000e+00
      2.968    21.6643   4.531073    31.6132       1158     4.8208  0.000e+00
      2.880    21.6732   4.532329    31.6165       1159     4.8250  0.000e+00
      2.811    21.6925   4.535564    31.6276       1160     4.8292  0.000e+00
      2.769    21.7202   4.536722    31.6164       1161     4.8333  0.000e+00
      2.756    21.7460   4.535752    31.5899       1162     4.8375  0.000e+00
      2.778    21.7546   4.535254    31.5798       1163     4.8417  0.000e+00
      2.805    21.7542   4.534763    31.5763       1164     4.8458  0.000e+00
      2.841    21.7507   4.534819    31.5792       1165     4.8500  0.000e+00
      2.884    21.7480   4.534896    31.5818       1166     4.8542  0.000e+00
      2.890    21.7478   4.535661    31.5879       1167     4.8583  0.000e+00
      2.899    21.7505   4.534686    31.5783       1168     4.8625  0.000e+00
      2.887    21.7491   4.535752    31.5877       1169     4.8667  0.000e+00
      2.848    21.7517   4.537023    31.5957       1170     4.8708  0.000e+00
      2.805    21.7608   4.540147    31.6134       1171     4.8750  0.000e+00
      2.763    21.7818   4.540632    31.6017       1172     4.8792  0.000e+00
      2.715    21.8003   4.540835    31.5899       1173     4.8833  0.000e+00
      2.681    21.8113   4.540385    31.5783       1174     4.8875  0.000e+00
      2.645    21.8132   4.537492    31.5544       1175     4.8917  0.000e+00
      2.609    21.7989   4.535246    31.5474       1176     4.8958  0.000e+00
      2.588    21.7787   4.539733    31.5971       1177     4.9000  0.000e+00
      2.573    21.7859   4.539529    31.5902       1178     4.9042  0.000e+00
      2.573    21.7945   4.539501    31.5838       1179     4.9083  0.000e+00
      2.600    21.7999   4.540533    31.5878       1180     4.9125  0.000e+00
      2.633    21.8070   4.540793    31.5847       1181     4.9167  0.000e+00
      2.669    21.8133   4.540736    31.5796       1182     4.9208  0.000e+00
      2.700    21.8161   4.540842    31.5783       1183     4.9250  0.000e+00
      2.715    21.8179   4.540891    31.5774       1184     4.9292  0.000e+00
      2.703    21.8192   4.540736    31.5753       1185     4.9333  0.000e+00
      2.649    21.8186   4.539823    31.5687       1186     4.9375  0.000e+00
      2.558    21.8138   4.539964    31.5733       1187     4.9417  0.000e+00
      2.443    21.8110   4.540792    31.5818       1188     4.9458  0.000e+00
      2.322    21.8138   4.540631    31.5785       1189     4.9500  0.000e+00
      2.201    21.8160   4.540659    31.5772       1190     4.9542  0.000e+00
      2.107    21.8170   4.540631    31.5763       1191     4.9583  0.000e+00
      2.038    21.8175   4.540659    31.5761       1192     4.9625  0.000e+00
      2.002    21.8174   4.540497    31.5750       1193     4.9667  0.000e+00
      1.968    21.8169   4.540764    31.5774       1194     4.9708  0.000e+00
      1.956    21.8172   4.540013    31.5714       1195     4.9750  0.000e+00
      1.950    21.8143   4.539395    31.5687       1196     4.9792  0.000e+00
      1.959    21.8081   4.538967    31.5699       1197     4.9833  0.000e+00
      1.944    21.8021   4.539051    31.5749       1198     4.9875  0.000e+00
      1.938    21.7993   4.540252    31.5863       1199     4.9917  0.000e+00
      1.929    21.8033   4.540659    31.5865       1200     4.9958  0.000e+00
      1.920    21.8095   4.540308    31.5793       1201     5.0000  0.000e+00
      1.911    21.8114   4.539795    31.5739       1202     5.0042  0.000e+00
      1.893    21.8094   4.540146    31.5781       1203     5.0083  0.000e+00
      1.875    21.8092   4.540476    31.5808       1204     5.0125  0.000e+00
      1.884    21.8115   4.540898    31.5824       1205     5.0167  0.000e+00
      1.887    21.8152   4.540820    31.5791       1206     5.0208  0.000e+00
      1.890    21.8173   4.540399    31.5743       1207     5.0250  0.000e+00
      1.905    21.8157   4.540251    31.5743       1208     5.0292  0.000e+00
      1.905    21.8135   4.540659    31.5791       1209     5.0333  0.000e+00
      1.893    21.8143   4.540736    31.5791       1210     5.0375  0.000e+00
      1.863    21.8160   4.540926    31.5793       1211     5.0417  0.000e+00
      1.830    21.8177   4.540954    31.5784       1212     5.0458  0.000e+00
      1.797    21.8191   4.540841    31.5765       1213     5.0500  0.000e+00
      1.742    21.8195   4.541045    31.5777       1214     5.0542  0.000e+00
      1.664    21.8200   4.540708    31.5748       1215     5.0583  0.000e+00
      1.558    21.8192   4.539774    31.5681       1216     5.0625  0.000e+00
      1.470    21.8127   4.538559    31.5635       1217     5.0667  0.000e+00
      1.382    21.8029   4.539205    31.5757       1218     5.0708  0.000e+00
      1.304    21.7997   4.539851    31.5831       1219     5.0750  0.000e+00
      1.231    21.8017   4.540251    31.5848       1220     5.0792  0.000e+00
      1.186    21.8054   4.541543    31.5921       1221     5.0833  0.000e+00
      1.171    21.8154   4.541269    31.5827       1222     5.0875  0.000e+00
      1.180    21.8215   4.541192    31.5776       1223     5.0917  0.000e+00
      1.201    21.8235   4.541375    31.5776       1224     5.0958  0.000e+00
      1.228    21.8249   4.541031    31.5739       1225     5.1000  0.000e+00
      1.237    21.8243   4.540925    31.5735       1226     5.1042  0.000e+00
      1.219    21.8229   4.540834    31.5738       1227     5.1083  0.000e+00
      1.189    21.8218   4.540820    31.5745       1228     5.1125  0.000e+00
      1.144    21.8206   4.540897    31.5760       1229     5.1167  0.000e+00
      1.129    21.8205   4.540630    31.5740       1230     5.1208  0.000e+00
      1.147    21.8193   4.540792    31.5761       1231     5.1250  0.000e+00
      1.207    21.8191   4.540869    31.5769       1232     5.1292  0.000e+00
      1.277    21.8192   4.540736    31.5757       1233     5.1333  0.000e+00
      1.347    21.8190   4.540708    31.5757       1234     5.1375  0.000e+00
      1.431    21.8184   4.540764    31.5765       1235     5.1417  0.000e+00
      1.504    21.8184   4.540820    31.5769       1236     5.1458  0.000e+00
      1.561    21.8183   4.540862    31.5773       1237     5.1500  0.000e+00
      1.604    21.8189   4.541354    31.5807       1238     5.1542  0.000e+00
      1.604    21.8214   4.541270    31.5782       1239     5.1583  0.000e+00
      1.574    21.8232   4.541276    31.5769       1240     5.1625  0.000e+00
