HB2302/sbe046.cnv
* Sea-Bird SBE 19plus V2 Data File:
* FileName = C:\cruise\data\sbe046.hex
* Software Version Seasave V 7.26.7.121
* Temperature SN = 4758
* Conductivity SN = 4758
* System UpLoad Time = Jun 13 2023 10:03:40
* NMEA Latitude = 38 34.37 N
* NMEA Longitude = 074 46.74 W
* NMEA UTC (Time) = Jun 13 2023 10:03:41
** Cruise: HB2302
** Program: Ecomon
** Chief Scientist: Jerry Prezioso
# nquan = 7
# nvalues = 1756                                  
# units = specified
# name 0 = depSM: Depth [salt water, m]
# name 1 = tv290C: Temperature [ITS-90, deg C]
# name 2 = c0S/m: Conductivity [S/m]
# name 3 = sal00: Salinity, Practical [PSU]
# name 4 = scan: Scan Count
# name 5 = timeM: Time, Elapsed [minutes]
# name 6 = flag:  0.000e+00
# span 0 =     -0.140,     25.694                 
# span 1 =    14.9509,    18.3442                 
# span 2 =  -0.097879,   4.162763                 
# span 3 =     0.0000,    32.6231                 
# span 4 =         11,       1766                 
# span 5 =     0.0417,     7.3542                 
# span 6 = 0.0000e+00, 0.0000e+00                 
# interval = seconds: 0.25
# start_time = Jun 13 2023 10:03:41 [NMEA time, header]
# bad_flag = -9.990e-29
*END*
[from data line 411]
     18.246    15.0947   4.034734    32.5808        422     1.7542  0.000e+00
     18.292    15.0876   4.036072    32.5987        423     1.7583  0.000e+00
     18.343    15.0914   4.037236    32.6061        424     1.7625  0.000e+00
     18.382    15.1003   4.037189    32.5983        425     1.7667  0.000e+00
     18.434    15.1054   4.035898    32.5823        426     1.7708  0.000e+00
     18.479    15.1005   4.033444    32.5643        427     1.7750  0.000e+00
     18.524    15.0856   4.032862    32.5714        428     1.7792  0.000e+00
     18.576    15.0729   4.033424    32.5871        429     1.7833  0.000e+00
     18.639    15.0687   4.033003    32.5868        430     1.7875  0.000e+00
     18.718    15.0654   4.032374    32.5838        431     1.7917  0.000e+00
     18.793    15.0605   4.032595    32.5899        432     1.7958  0.000e+00
     18.878    15.0579   4.031499    32.5821        433     1.8000  0.000e+00
     18.965    15.0519   4.031084    32.5833        434     1.8042  0.000e+00
     19.065    15.0453   4.031385    32.5915        435     1.8083  0.000e+00
     19.162    15.0440   4.033150    32.6085        436     1.8125  0.000e+00
     19.270    15.0506   4.031546    32.5885        437     1.8167  0.000e+00
     19.379    15.0497   4.030623    32.5809        438     1.8208  0.000e+00
     19.485    15.0421   4.029460    32.5767        439     1.8250  0.000e+00
     19.597    15.0331   4.029340    32.5830        440     1.8292  0.000e+00
     19.702    15.0269   4.029621    32.5907        441     1.8333  0.000e+00
     19.805    15.0248   4.029942    32.5953        442     1.8375  0.000e+00
     19.899    15.0253   4.029875    32.5942        443     1.8417  0.000e+00
     19.983    15.0252   4.029748    32.5931        444     1.8458  0.000e+00
     20.065    15.0251   4.030650    32.6013        445     1.8500  0.000e+00
     20.147    15.0283   4.031132    32.6030        446     1.8542  0.000e+00
     20.210    15.0317   4.029922    32.5892        447     1.8583  0.000e+00
     20.271    15.0296   4.029875    32.5905        448     1.8625  0.000e+00
     20.325    15.0272   4.029848    32.5922        449     1.8667  0.000e+00
     20.373    15.0254   4.029240    32.5882        450     1.8708  0.000e+00
     20.419    15.0223   4.028659    32.5856        451     1.8750  0.000e+00
     20.461    15.0180   4.028051    32.5837        452     1.8792  0.000e+00
     20.512    15.0125   4.026981    32.5786        453     1.8833  0.000e+00
     20.567    15.0050   4.028118    32.5950        454     1.8875  0.000e+00
     20.630    15.0050   4.029287    32.6056        455     1.8917  0.000e+00
     20.691    15.0113   4.029675    32.6038        456     1.8958  0.000e+00
     20.754    15.0171   4.029167    32.5943        457     1.9000  0.000e+00
     20.836    15.0185   4.028806    32.5899        458     1.9042  0.000e+00
     20.914    15.0172   4.028559    32.5887        459     1.9083  0.000e+00
     21.002    15.0153   4.028465    32.5895        460     1.9125  0.000e+00
     21.098    15.0137   4.028345    32.5896        461     1.9167  0.000e+00
     21.192    15.0124   4.028345    32.5907        462     1.9208  0.000e+00
     21.295    15.0116   4.028485    32.5925        463     1.9250  0.000e+00
     21.404    15.0121   4.028706    32.5941        464     1.9292  0.000e+00
     21.518    15.0133   4.029241    32.5979        465     1.9333  0.000e+00
     21.627    15.0163   4.029301    32.5959        466     1.9375  0.000e+00
     21.742    15.0174   4.026180    32.5668        467     1.9417  0.000e+00
     21.854    15.0061   4.025191    32.5672        468     1.9458  0.000e+00
     21.960    14.9927   4.024363    32.5709        469     1.9500  0.000e+00
     22.077    14.9817   4.024049    32.5772        470     1.9542  0.000e+00
     22.186    14.9736   4.023735    32.5811        471     1.9583  0.000e+00
     22.283    14.9680   4.023662    32.5851        472     1.9625  0.000e+00
     22.386    14.9644   4.023695    32.5883        473     1.9667  0.000e+00
     22.482    14.9627   4.023662    32.5894        474     1.9708  0.000e+00
     22.555    14.9617   4.023682    32.5904        475     1.9750  0.000e+00
     22.655    14.9607   4.023809    32.5923        476     1.9792  0.000e+00
     22.736    14.9609   4.024390    32.5974        477     1.9833  0.000e+00
     22.815    14.9642   4.024898    32.5992        478     1.9875  0.000e+00
     22.890    14.9695   4.025940    32.6041        479     1.9917  0.000e+00
     22.966    14.9768   4.026355    32.6018        480     1.9958  0.000e+00
     23.038    14.9832   4.026862    32.6010        481     2.0000  0.000e+00
     23.102    14.9885   4.026816    32.5961        482     2.0042  0.000e+00
     23.174    14.9908   4.025847    32.5854        483     2.0083  0.000e+00
     23.241    14.9890   4.026963    32.5970        484     2.0125  0.000e+00
     23.310    14.9912   4.027250    32.5977        485     2.0167  0.000e+00
     23.383    14.9941   4.026588    32.5892        486     2.0208  0.000e+00
     23.443    14.9935   4.026936    32.5929        487     2.0250  0.000e+00
     23.507    14.9935   4.026816    32.5918        488     2.0292  0.000e+00
     23.570    14.9934   4.026502    32.5890        489     2.0333  0.000e+00
     23.652    14.9918   4.026522    32.5905        490     2.0375  0.000e+00
     23.721    14.9912   4.026549    32.5912        491     2.0417  0.000e+00
     23.794    14.9906   4.025827    32.5852        492     2.0458  0.000e+00
     23.872    14.9871   4.024872    32.5794        493     2.0500  0.000e+00
     23.954    14.9810   4.025406    32.5893        494     2.0542  0.000e+00
     24.041    14.9787   4.025580    32.5928        495     2.0583  0.000e+00
     24.132    14.9792   4.025433    32.5909        496     2.0625  0.000e+00
     24.217    14.9793   4.025286    32.5895        497     2.0667  0.000e+00
     24.313    14.9785   4.024872    32.5864        498     2.0708  0.000e+00
     24.404    14.9755   4.023876    32.5799        499     2.0750  0.000e+00
     24.507    14.9694   4.023589    32.5823        500     2.0792  0.000e+00
     24.603    14.9635   4.023589    32.5872        501     2.0833  0.000e+00
     24.703    14.9602   4.023563    32.5897        502     2.0875  0.000e+00
     24.791    14.9585   4.023563    32.5911        503     2.0917  0.000e+00
     24.887    14.9577   4.023616    32.5922        504     2.0958  0.000e+00
     24.981    14.9575   4.023663    32.5928        505     2.1000  0.000e+00
     25.072    14.9575   4.023670    32.5928        506     2.1042  0.000e+00
     25.175    14.9577   4.023663    32.5925        507     2.1083  0.000e+00
     25.262    14.9577   4.023663    32.5925        508     2.1125  0.000e+00
     25.368    14.9576   4.023663    32.5926        509     2.1167  0.000e+00
     25.465    14.9578   4.023663    32.5923        510     2.1208  0.000e+00
     25.555    14.9578   4.023516    32.5910        511     2.1250  0.000e+00
     25.634    14.9574   4.023557    32.5916        512     2.1292  0.000e+00
     25.688    14.9572   4.023370    32.5901        513     2.1333  0.000e+00
     25.694    14.9565   4.023249    32.5896        514     2.1375  0.000e+00
     25.682    14.9555   4.023203    32.5900        515     2.1417  0.000e+00
     25.658    14.9546   4.023203    32.5908        516     2.1458  0.000e+00
     25.634    14.9540   4.023082    32.5902        517     2.1500  0.000e+00
     25.613    14.9535   4.023102    32.5908        518     2.1542  0.000e+00
     25.589    14.9532   4.023142    32.5914        519     2.1583  0.000e+00
     25.546    14.9532   4.023129    32.5913        520     2.1625  0.000e+00
     25.522    14.9531   4.023102    32.5912        521     2.1667  0.000e+00
     25.504    14.9531   4.023056    32.5908        522     2.1708  0.000e+00
     25.480    14.9527   4.022982    32.5904        523     2.1750  0.000e+00
     25.468    14.9521   4.022909    32.5903        524     2.1792  0.000e+00
     25.453    14.9517   4.023029    32.5917        525     2.1833  0.000e+00
     25.441    14.9519   4.022889    32.5903        526     2.1875  0.000e+00
     25.432    14.9518   4.022815    32.5897        527     2.1917  0.000e+00
     25.423    14.9514   4.022768    32.5896        528     2.1958  0.000e+00
     25.417    14.9512   4.022788    32.5900        529     2.2000  0.000e+00
     25.417    14.9511   4.022862    32.5907        530     2.2042  0.000e+00
     25.411    14.9511   4.022935    32.5914        531     2.2083  0.000e+00
     25.402    14.9512   4.022862    32.5907        532     2.2125  0.000e+00
     25.405    14.9511   4.022862    32.5907        533     2.2167  0.000e+00
     25.405    14.9512   4.022909    32.5911        534     2.2208  0.000e+00
     25.408    14.9511   4.022935    32.5914        535     2.2250  0.000e+00
     25.408    14.9512   4.022909    32.5911        536     2.2292  0.000e+00
     25.399    14.9510   4.022889    32.5910        537     2.2333  0.000e+00
     25.387    14.9509   4.022909    32.5913        538     2.2375  0.000e+00
     25.378    14.9509   4.022929    32.5915        539     2.2417  0.000e+00
     25.353    14.9510   4.023029    32.5923        540     2.2458  0.000e+00
     25.332    14.9516   4.023129    32.5927        541     2.2500  0.000e+00
     25.302    14.9523   4.023516    32.5956        542     2.2542  0.000e+00
     25.275    14.9545   4.023490    32.5936        543     2.2583  0.000e+00
     25.233    14.9560   4.023543    32.5928        544     2.2625  0.000e+00
     25.196    14.9573   4.023563    32.5919        545     2.2667  0.000e+00
     25.157    14.9579   4.023162    32.5879        546     2.2708  0.000e+00
     25.121    14.9566   4.023009    32.5876        547     2.2750  0.000e+00
     25.070    14.9550   4.024051    32.5983        548     2.2792  0.000e+00
     25.036    14.9583   4.025794    32.6113        549     2.2833  0.000e+00
     25.000    14.9662   4.025166    32.5991        550     2.2875  0.000e+00
     24.973    14.9708   4.025480    32.5981        551     2.2917  0.000e+00
     24.952    14.9729   4.025066    32.5926        552     2.2958  0.000e+00
     24.925    14.9731   4.026355    32.6041        553     2.3000  0.000e+00
     24.907    14.9766   4.027324    32.6099        554     2.3042  0.000e+00
     24.892    14.9823   4.027104    32.6032        555     2.3083  0.000e+00
     24.876    14.9850   4.026836    32.5985        556     2.3125  0.000e+00
     24.867    14.9853   4.026623    32.5964        557     2.3167  0.000e+00
     24.852    14.9843   4.026476    32.5958        558     2.3208  0.000e+00
     24.846    14.9832   4.026382    32.5960        559     2.3250  0.000e+00
     24.831    14.9819   4.026522    32.5983        560     2.3292  0.000e+00
     24.825    14.9818   4.027010    32.6028        561     2.3333  0.000e+00
     24.816    14.9826   4.027030    32.6023        562     2.3375  0.000e+00
     24.810    14.9833   4.026522    32.5972        563     2.3417  0.000e+00
     24.801    14.9821   4.026449    32.5975        564     2.3458  0.000e+00
     24.801    14.9806   4.026476    32.5989        565     2.3500  0.000e+00
     24.798    14.9797   4.026289    32.5980        566     2.3542  0.000e+00
     24.789    14.9788   4.025988    32.5961        567     2.3583  0.000e+00
     24.789    14.9774   4.026182    32.5990        568     2.3625  0.000e+00
     24.786    14.9769   4.026162    32.5992        569     2.3667  0.000e+00
     24.774    14.9763   4.025868    32.5971        570     2.3708  0.000e+00
     24.768    14.9748   4.024872    32.5894        571     2.3750  0.000e+00
     24.753    14.9714   4.024712    32.5908        572     2.3792  0.000e+00
     24.732    14.9683   4.024825    32.5944        573     2.3833  0.000e+00
     24.702    14.9671   4.024992    32.5968        574     2.3875  0.000e+00
     24.678    14.9667   4.024558    32.5933        575     2.3917  0.000e+00
     24.641    14.9657   4.024605    32.5945        576     2.3958  0.000e+00
     24.596    14.9653   4.024605    32.5949        577     2.4000  0.000e+00
     24.551    14.9653   4.024411    32.5932        578     2.4042  0.000e+00
     24.506    14.9645   4.024364    32.5934        579     2.4083  0.000e+00
     24.457    14.9641   4.024511    32.5951        580     2.4125  0.000e+00
     24.415    14.9644   4.024632    32.5960        581     2.4167  0.000e+00
     24.370    14.9644   4.025433    32.6032        582     2.4208  0.000e+00
     24.334    14.9662   4.025627    32.6035        583     2.4250  0.000e+00
     24.303    14.9684   4.025774    32.6030        584     2.4292  0.000e+00
     24.270    14.9699   4.024872    32.5936        585     2.4333  0.000e+00
     24.255    14.9679   4.024291    32.5900        586     2.4375  0.000e+00
     24.243    14.9648   4.024124    32.5911        587     2.4417  0.000e+00
     24.243    14.9627   4.024171    32.5933        588     2.4458  0.000e+00
     24.243    14.9615   4.023930    32.5921        589     2.4500  0.000e+00
     24.255    14.9605   4.024004    32.5936        590     2.4542  0.000e+00
     24.273    14.9603   4.024271    32.5962        591     2.4583  0.000e+00
     24.304    14.9608   4.024251    32.5956        592     2.4625  0.000e+00
     24.322    14.9610   4.024097    32.5941        593     2.4667  0.000e+00
     24.337    14.9610   4.024077    32.5939        594     2.4708  0.000e+00
     24.346    14.9608   4.024511    32.5979        595     2.4750  0.000e+00
     24.346    14.9624   4.024852    32.5996        596     2.4792  0.000e+00
     24.340    14.9646   4.024779    32.5972        597     2.4833  0.000e+00
     24.328    14.9660   4.024605    32.5945        598     2.4875  0.000e+00
     24.310    14.9652   4.024438    32.5936        599     2.4917  0.000e+00
     24.289    14.9639   4.024511    32.5954        600     2.4958  0.000e+00
     24.256    14.9637   4.025166    32.6015        601     2.5000  0.000e+00
     24.219    14.9646   4.024752    32.5970        602     2.5042  0.000e+00
     24.186    14.9652   4.025894    32.6068        603     2.5083  0.000e+00
     24.153    14.9688   4.026549    32.6097        604     2.5125  0.000e+00
     24.123    14.9735   4.026308    32.6036        605     2.5167  0.000e+00
     24.086    14.9756   4.026161    32.6006        606     2.5208  0.000e+00
     24.059    14.9751   4.025480    32.5949        607     2.5250  0.000e+00
     24.023    14.9721   4.025239    32.5952        608     2.5292  0.000e+00
     23.993    14.9688   4.025119    32.5969        609     2.5333  0.000e+00
     23.948    14.9665   4.025313    32.6005        610     2.5375  0.000e+00
     23.902    14.9660   4.025213    32.6001        611     2.5417  0.000e+00
     23.872    14.9655   4.025313    32.6014        612     2.5458  0.000e+00
     23.839    14.9661   4.025286    32.6007        613     2.5500  0.000e+00
     23.809    14.9664   4.024872    32.5967        614     2.5542  0.000e+00
     23.785    14.9651   4.024925    32.5983        615     2.5583  0.000e+00
     23.757    14.9642   4.024945    32.5992        616     2.5625  0.000e+00
     23.721    14.9640   4.024899    32.5990        617     2.5667  0.000e+00
     23.697    14.9635   4.024832    32.5988        618     2.5708  0.000e+00
     23.658    14.9631   4.024705    32.5980        619     2.5750  0.000e+00
     23.631    14.9623   4.024531    32.5971        620     2.5792  0.000e+00
     23.594    14.9610   4.024585    32.5987        621     2.5833  0.000e+00
     23.561    14.9604   4.024558    32.5990        622     2.5875  0.000e+00
     23.513    14.9603   4.024798    32.6013        623     2.5917  0.000e+00
     23.471    14.9611   4.024584    32.5987        624     2.5958  0.000e+00
     23.425    14.9612   4.024645    32.5992        625     2.6000  0.000e+00
