HB2302/sbe089.cnv
* Sea-Bird SBE 19plus V2 Data File:
* FileName = C:\cruise\data\sbe089.hex
* Software Version Seasave V 7.26.7.121
* Temperature SN = 4758
* Conductivity SN = 4758
* System UpLoad Time = Jun 17 2023 00:26:57
* NMEA Latitude = 41 36.13 N
* NMEA Longitude = 068 04.86 W
* NMEA UTC (Time) = Jun 17 2023 00:26:57
** Cruise: HB2302
** Program: Ecomon
** Chief Scientist: Jerry Prezioso
# nquan = 7
# nvalues = 1316                                  
# units = specified
# name 0 = depSM: Depth [salt water, m]
# name 1 = tv290C: Temperature [ITS-90, deg C]
# name 2 = c0S/m: Conductivity [S/m]
# name 3 = sal00: Salinity, Practical [PSU]
# name 4 = scan: Scan Count
# name 5 = timeM: Time, Elapsed [minutes]
# name 6 = flag:  0.000e+00
# span 0 =     -0.155,     36.260                 
# span 1 =    12.6698,    13.9023                 
# span 2 =   0.000068,   3.863084                 
# span 3 =     0.0072,    32.7891                 
# span 4 =         11,       1326                 
# span 5 =     0.0417,     5.5208                 
# span 6 = 0.0000e+00, 0.0000e+00                 
# interval = seconds: 0.25
# start_time = Jun 17 2023 00:26:57 [NMEA time, header]
# bad_flag = -9.990e-29
*END*
[from data line 411]
     36.031    12.6775   3.833540    32.7676        422     1.7542  0.000e+00
     36.022    12.6776   3.833618    32.7683        423     1.7583  0.000e+00
     35.998    12.6776   3.833585    32.7680        424     1.7625  0.000e+00
     35.995    12.6775   3.833612    32.7683        425     1.7667  0.000e+00
     35.980    12.6774   3.833566    32.7680        426     1.7708  0.000e+00
     35.955    12.6774   3.833585    32.7682        427     1.7750  0.000e+00
     35.931    12.6774   3.833540    32.7677        428     1.7792  0.000e+00
     35.904    12.6774   3.833566    32.7679        429     1.7833  0.000e+00
     35.862    12.6774   3.833546    32.7678        430     1.7875  0.000e+00
     35.823    12.6774   3.833566    32.7680        431     1.7917  0.000e+00
     35.771    12.6774   3.833585    32.7682        432     1.7958  0.000e+00
     35.717    12.6779   3.833618    32.7681        433     1.8000  0.000e+00
     35.663    12.6780   3.833611    32.7680        434     1.8042  0.000e+00
     35.605    12.6781   3.833585    32.7677        435     1.8083  0.000e+00
     35.548    12.6781   3.833585    32.7677        436     1.8125  0.000e+00
     35.503    12.6776   3.833494    32.7672        437     1.8167  0.000e+00
     35.452    12.6774   3.833539    32.7679        438     1.8208  0.000e+00
     35.403    12.6771   3.833520    32.7680        439     1.8250  0.000e+00
     35.355    12.6769   3.833493    32.7679        440     1.8292  0.000e+00
     35.298    12.6769   3.833520    32.7683        441     1.8333  0.000e+00
     35.252    12.6770   3.833493    32.7679        442     1.8375  0.000e+00
     35.204    12.6771   3.833493    32.7679        443     1.8417  0.000e+00
     35.153    12.6768   3.833520    32.7684        444     1.8458  0.000e+00
     35.105    12.6767   3.833565    32.7689        445     1.8500  0.000e+00
     35.050    12.6768   3.833539    32.7686        446     1.8542  0.000e+00
     34.990    12.6772   3.833546    32.7683        447     1.8583  0.000e+00
     34.920    12.6773   3.833520    32.7680        448     1.8625  0.000e+00
     34.851    12.6772   3.833519    32.7681        449     1.8667  0.000e+00
     34.791    12.6774   3.833493    32.7678        450     1.8708  0.000e+00
     34.715    12.6773   3.833474    32.7677        451     1.8750  0.000e+00
     34.643    12.6771   3.833493    32.7680        452     1.8792  0.000e+00
     34.561    12.6771   3.833493    32.7681        453     1.8833  0.000e+00
     34.489    12.6771   3.833493    32.7681        454     1.8875  0.000e+00
     34.414    12.6771   3.833493    32.7682        455     1.8917  0.000e+00
     34.332    12.6771   3.833428    32.7676        456     1.8958  0.000e+00
     34.272    12.6770   3.833257    32.7661        457     1.9000  0.000e+00
     34.199    12.6771   3.833519    32.7685        458     1.9042  0.000e+00
     34.148    12.6771   3.833473    32.7681        459     1.9083  0.000e+00
     34.100    12.6773   3.833473    32.7679        460     1.9125  0.000e+00
     34.048    12.6771   3.833473    32.7681        461     1.9167  0.000e+00
     34.000    12.6769   3.833447    32.7681        462     1.9208  0.000e+00
     33.943    12.6769   3.833447    32.7681        463     1.9250  0.000e+00
     33.895    12.6767   3.833421    32.7680        464     1.9292  0.000e+00
     33.825    12.6765   3.833427    32.7683        465     1.9333  0.000e+00
     33.762    12.6764   3.833447    32.7686        466     1.9375  0.000e+00
     33.698    12.6766   3.833427    32.7682        467     1.9417  0.000e+00
     33.623    12.6765   3.833447    32.7686        468     1.9458  0.000e+00
     33.554    12.6766   3.833447    32.7685        469     1.9500  0.000e+00
     33.487    12.6768   3.833447    32.7684        470     1.9542  0.000e+00
     33.415    12.6768   3.833447    32.7684        471     1.9583  0.000e+00
     33.358    12.6769   3.833401    32.7679        472     1.9625  0.000e+00
     33.294    12.6770   3.833427    32.7681        473     1.9667  0.000e+00
     33.237    12.6770   3.833427    32.7681        474     1.9708  0.000e+00
     33.176    12.6769   3.833421    32.7682        475     1.9750  0.000e+00
     33.122    12.6771   3.833427    32.7681        476     1.9792  0.000e+00
     33.059    12.6770   3.833401    32.7679        477     1.9833  0.000e+00
     32.995    12.6769   3.833401    32.7680        478     1.9875  0.000e+00
     32.944    12.6769   3.833381    32.7679        479     1.9917  0.000e+00
     32.899    12.6769   3.833447    32.7685        480     1.9958  0.000e+00
     32.851    12.6769   3.833375    32.7678        481     2.0000  0.000e+00
     32.799    12.6770   3.833401    32.7680        482     2.0042  0.000e+00
     32.748    12.6770   3.833401    32.7680        483     2.0083  0.000e+00
     32.691    12.6770   3.833401    32.7681        484     2.0125  0.000e+00
     32.639    12.6771   3.833401    32.7680        485     2.0167  0.000e+00
     32.567    12.6771   3.833427    32.7683        486     2.0208  0.000e+00
     32.501    12.6771   3.833427    32.7683        487     2.0250  0.000e+00
     32.425    12.6771   3.833374    32.7678        488     2.0292  0.000e+00
     32.341    12.6768   3.833289    32.7673        489     2.0333  0.000e+00
     32.253    12.6765   3.833289    32.7676        490     2.0375  0.000e+00
     32.151    12.6762   3.833243    32.7675        491     2.0417  0.000e+00
     32.054    12.6758   3.833256    32.7680        492     2.0458  0.000e+00
     31.954    12.6756   3.833263    32.7682        493     2.0500  0.000e+00
     31.858    12.6756   3.833309    32.7687        494     2.0542  0.000e+00
     31.779    12.6759   3.833302    32.7685        495     2.0583  0.000e+00
     31.707    12.6759   3.833263    32.7682        496     2.0625  0.000e+00
     31.635    12.6757   3.833355    32.7692        497     2.0667  0.000e+00
     31.595    12.6762   3.833335    32.7686        498     2.0708  0.000e+00
     31.559    12.6764   3.833276    32.7679        499     2.0750  0.000e+00
     31.541    12.6766   3.833355    32.7685        500     2.0792  0.000e+00
     31.526    12.6767   3.833381    32.7686        501     2.0833  0.000e+00
     31.523    12.6768   3.833328    32.7680        502     2.0875  0.000e+00
     31.523    12.6770   3.833335    32.7679        503     2.0917  0.000e+00
     31.523    12.6768   3.833309    32.7679        504     2.0958  0.000e+00
     31.523    12.6767   3.833309    32.7679        505     2.1000  0.000e+00
     31.532    12.6765   3.833302    32.7680        506     2.1042  0.000e+00
     31.523    12.6766   3.833335    32.7682        507     2.1083  0.000e+00
     31.499    12.6766   3.833335    32.7682        508     2.1125  0.000e+00
     31.472    12.6769   3.833328    32.7680        509     2.1167  0.000e+00
     31.424    12.6769   3.833354    32.7683        510     2.1208  0.000e+00
     31.354    12.6769   3.833354    32.7682        511     2.1250  0.000e+00
     31.294    12.6771   3.833348    32.7680        512     2.1292  0.000e+00
     31.197    12.6771   3.833335    32.7679        513     2.1333  0.000e+00
     31.104    12.6772   3.833335    32.7679        514     2.1375  0.000e+00
     30.995    12.6771   3.833335    32.7680        515     2.1417  0.000e+00
     30.883    12.6771   3.833256    32.7673        516     2.1458  0.000e+00
     30.772    12.6767   3.833243    32.7676        517     2.1500  0.000e+00
     30.663    12.6764   3.833217    32.7677        518     2.1542  0.000e+00
     30.560    12.6760   3.833204    32.7679        519     2.1583  0.000e+00
     30.461    12.6759   3.833217    32.7682        520     2.1625  0.000e+00
     30.376    12.6757   3.833197    32.7682        521     2.1667  0.000e+00
     30.298    12.6756   3.833171    32.7680        522     2.1708  0.000e+00
     30.235    12.6756   3.833158    32.7679        523     2.1750  0.000e+00
     30.177    12.6756   3.833171    32.7682        524     2.1792  0.000e+00
     30.132    12.6755   3.833171    32.7682        525     2.1833  0.000e+00
     30.108    12.6755   3.833184    32.7684        526     2.1875  0.000e+00
     30.075    12.6756   3.833197    32.7684        527     2.1917  0.000e+00
     30.050    12.6757   3.833216    32.7685        528     2.1958  0.000e+00
     30.032    12.6760   3.833216    32.7683        529     2.2000  0.000e+00
     30.017    12.6761   3.833256    32.7685        530     2.2042  0.000e+00
     30.002    12.6762   3.833216    32.7681        531     2.2083  0.000e+00
     29.987    12.6763   3.833216    32.7680        532     2.2125  0.000e+00
     29.972    12.6762   3.833256    32.7685        533     2.2167  0.000e+00
     29.951    12.6764   3.833262    32.7684        534     2.2208  0.000e+00
     29.942    12.6761   3.833216    32.7682        535     2.2250  0.000e+00
     29.918    12.6762   3.833197    32.7679        536     2.2292  0.000e+00
     29.894    12.6764   3.833256    32.7684        537     2.2333  0.000e+00
     29.863    12.6763   3.833243    32.7683        538     2.2375  0.000e+00
     29.836    12.6764   3.833243    32.7683        539     2.2417  0.000e+00
     29.803    12.6766   3.833256    32.7682        540     2.2458  0.000e+00
     29.764    12.6764   3.833216    32.7680        541     2.2500  0.000e+00
     29.719    12.6764   3.833242    32.7683        542     2.2542  0.000e+00
     29.658    12.6764   3.833229    32.7682        543     2.2583  0.000e+00
     29.592    12.6764   3.833197    32.7679        544     2.2625  0.000e+00
     29.526    12.6764   3.833197    32.7680        545     2.2667  0.000e+00
     29.441    12.6765   3.833197    32.7679        546     2.2708  0.000e+00
     29.356    12.6763   3.833203    32.7682        547     2.2750  0.000e+00
     29.284    12.6763   3.833196    32.7681        548     2.2792  0.000e+00
     29.200    12.6761   3.833170    32.7681        549     2.2833  0.000e+00
     29.121    12.6760   3.833157    32.7681        550     2.2875  0.000e+00
     29.046    12.6759   3.833151    32.7681        551     2.2917  0.000e+00
     28.982    12.6759   3.833170    32.7684        552     2.2958  0.000e+00
     28.910    12.6761   3.833242    32.7689        553     2.3000  0.000e+00
     28.840    12.6764   3.833131    32.7676        554     2.3042  0.000e+00
     28.774    12.6761   3.833105    32.7676        555     2.3083  0.000e+00
     28.723    12.6757   3.833078    32.7677        556     2.3125  0.000e+00
     28.675    12.6752   3.833085    32.7683        557     2.3167  0.000e+00
     28.638    12.6751   3.833105    32.7686        558     2.3208  0.000e+00
     28.605    12.6752   3.833150    32.7689        559     2.3250  0.000e+00
     28.575    12.6754   3.833105    32.7683        560     2.3292  0.000e+00
     28.551    12.6756   3.833131    32.7684        561     2.3333  0.000e+00
     28.521    12.6756   3.833105    32.7682        562     2.3375  0.000e+00
     28.503    12.6754   3.833059    32.7679        563     2.3417  0.000e+00
     28.482    12.6754   3.833085    32.7682        564     2.3458  0.000e+00
     28.454    12.6754   3.833059    32.7679        565     2.3500  0.000e+00
     28.436    12.6757   3.833150    32.7686        566     2.3542  0.000e+00
     28.421    12.6760   3.833150    32.7683        567     2.3583  0.000e+00
     28.409    12.6761   3.833183    32.7686        568     2.3625  0.000e+00
     28.397    12.6761   3.833150    32.7682        569     2.3667  0.000e+00
     28.373    12.6763   3.833150    32.7681        570     2.3708  0.000e+00
     28.352    12.6761   3.833157    32.7683        571     2.3750  0.000e+00
     28.331    12.6762   3.833170    32.7683        572     2.3792  0.000e+00
     28.286    12.6764   3.833150    32.7681        573     2.3833  0.000e+00
     28.246    12.6764   3.833157    32.7681        574     2.3875  0.000e+00
     28.195    12.6762   3.833170    32.7684        575     2.3917  0.000e+00
     28.150    12.6764   3.833124    32.7679        576     2.3958  0.000e+00
     28.083    12.6764   3.833170    32.7683        577     2.4000  0.000e+00
     28.026    12.6765   3.833183    32.7683        578     2.4042  0.000e+00
     27.957    12.6768   3.833124    32.7676        579     2.4083  0.000e+00
     27.881    12.6766   3.833124    32.7677        580     2.4125  0.000e+00
     27.809    12.6766   3.833157    32.7681        581     2.4167  0.000e+00
     27.733    12.6766   3.833032    32.7670        582     2.4208  0.000e+00
     27.676    12.6762   3.832986    32.7669        583     2.4250  0.000e+00
     27.613    12.6757   3.833078    32.7682        584     2.4292  0.000e+00
     27.555    12.6754   3.833058    32.7683        585     2.4333  0.000e+00
     27.507    12.6753   3.833078    32.7686        586     2.4375  0.000e+00
     27.471    12.6756   3.833032    32.7679        587     2.4417  0.000e+00
     27.423    12.6754   3.833039    32.7682        588     2.4458  0.000e+00
     27.371    12.6754   3.833058    32.7684        589     2.4500  0.000e+00
     27.344    12.6754   3.833032    32.7681        590     2.4542  0.000e+00
     27.305    12.6751   3.833012    32.7682        591     2.4583  0.000e+00
     27.263    12.6751   3.832986    32.7680        592     2.4625  0.000e+00
     27.226    12.6749   3.833032    32.7686        593     2.4667  0.000e+00
     27.184    12.6748   3.832966    32.7681        594     2.4708  0.000e+00
     27.154    12.6751   3.832986    32.7681        595     2.4750  0.000e+00
     27.109    12.6749   3.833012    32.7685        596     2.4792  0.000e+00
     27.070    12.6750   3.833012    32.7684        597     2.4833  0.000e+00
     27.021    12.6749   3.832966    32.7681        598     2.4875  0.000e+00
     26.976    12.6749   3.832986    32.7683        599     2.4917  0.000e+00
     26.931    12.6749   3.833012    32.7685        600     2.4958  0.000e+00
     26.882    12.6749   3.832966    32.7681        601     2.5000  0.000e+00
     26.843    12.6749   3.832966    32.7682        602     2.5042  0.000e+00
     26.798    12.6749   3.832966    32.7682        603     2.5083  0.000e+00
     26.762    12.6748   3.832966    32.7683        604     2.5125  0.000e+00
     26.716    12.6748   3.832986    32.7685        605     2.5167  0.000e+00
     26.668    12.6748   3.832940    32.7681        606     2.5208  0.000e+00
     26.629    12.6749   3.832986    32.7685        607     2.5250  0.000e+00
     26.581    12.6745   3.832966    32.7686        608     2.5292  0.000e+00
     26.526    12.6747   3.832966    32.7685        609     2.5333  0.000e+00
     26.478    12.6749   3.832966    32.7684        610     2.5375  0.000e+00
     26.421    12.6747   3.832940    32.7682        611     2.5417  0.000e+00
     26.376    12.6748   3.832940    32.7682        612     2.5458  0.000e+00
     26.321    12.6749   3.832920    32.7679        613     2.5500  0.000e+00
     26.264    12.6749   3.832966    32.7684        614     2.5542  0.000e+00
     26.195    12.6748   3.832966    32.7685        615     2.5583  0.000e+00
     26.137    12.6748   3.832986    32.7687        616     2.5625  0.000e+00
     26.071    12.6748   3.832920    32.7681        617     2.5667  0.000e+00
     26.004    12.6748   3.832920    32.7682        618     2.5708  0.000e+00
     25.944    12.6747   3.832914    32.7682        619     2.5750  0.000e+00
     25.887    12.6747   3.832920    32.7683        620     2.5792  0.000e+00
     25.826    12.6749   3.832894    32.7679        621     2.5833  0.000e+00
     25.775    12.6749   3.832920    32.7682        622     2.5875  0.000e+00
     25.724    12.6751   3.832940    32.7682        623     2.5917  0.000e+00
     25.682    12.6751   3.832894    32.7678        624     2.5958  0.000e+00
     25.633    12.6750   3.832894    32.7679        625     2.6000  0.000e+00
