HB2302/sbe015.cnv
* Sea-Bird SBE 19plus V2 Data File:
* FileName = C:\cruise\data\sbe015.hex
* Software Version Seasave V 7.26.7.121
* Temperature SN = 4758
* Conductivity SN = 4758
* System UpLoad Time = Jun 10 2023 10:14:04
* NMEA Latitude = 39 27.86 N
* NMEA Longitude = 072 42.53 W
* NMEA UTC (Time) = Jun 10 2023 10:14:05
** Cruise: HB2302
** Program: Ecomon
** Chief Scientist: Jerry Prezioso
# nquan = 7
# nvalues = 1678                                  
# units = specified
# name 0 = depSM: Depth [salt water, m]
# name 1 = tv290C: Temperature [ITS-90, deg C]
# name 2 = c0S/m: Conductivity [S/m]
# name 3 = sal00: Salinity, Practical [PSU]
# name 4 = scan: Scan Count
# name 5 = timeM: Time, Elapsed [minutes]
# name 6 = flag:  0.000e+00
# span 0 =     -0.162,     74.089                 
# span 1 =     7.4040,    15.6186                 
# span 2 = -9.990e-07,   4.095275                 
# span 3 =     0.0000,    34.2765                 
# span 4 =         11,       1688                 
# span 5 =     0.0417,     7.0292                 
# span 6 = 0.0000e+00, 0.0000e+00                 
# interval = seconds: 0.25
# start_time = Jun 10 2023 10:14:05 [NMEA time, header]
# bad_flag = -9.990e-29
*END*
[from data line 1231]
     19.731    12.5520   3.880459    33.3325       1242     5.1708  0.000e+00
     19.677    12.5332   3.878603    33.3314       1243     5.1750  0.000e+00
     19.634    12.5181   3.874353    33.3041       1244     5.1792  0.000e+00
     19.592    12.4946   3.869197    33.2756       1245     5.1833  0.000e+00
     19.550    12.4641   3.870052    33.3108       1246     5.1875  0.000e+00
     19.514    12.4445   3.866332    33.2925       1247     5.1917  0.000e+00
     19.471    12.4273   3.868692    33.3305       1248     5.1958  0.000e+00
     19.429    12.4220   3.864610    33.2959       1249     5.2000  0.000e+00
     19.384    12.4085   3.861436    33.2774       1250     5.2042  0.000e+00
     19.348    12.3893   3.864761    33.3265       1251     5.2083  0.000e+00
     19.299    12.3790   3.843735    33.1337       1252     5.2125  0.000e+00
     19.257    12.3211   3.835510    33.1057       1253     5.2167  0.000e+00
     19.194    12.2451   3.828896    33.1093       1254     5.2208  0.000e+00
     19.139    12.1733   3.817884    33.0667       1255     5.2250  0.000e+00
     19.082    12.1019   3.818133    33.1324       1256     5.2292  0.000e+00
     19.000    12.0570   3.813446    33.1269       1257     5.2333  0.000e+00
     18.934    12.0219   3.813630    33.1599       1258     5.2375  0.000e+00
     18.856    12.0038   3.816892    33.2077       1259     5.2417  0.000e+00
     18.783    12.0113   3.820456    33.2356       1260     5.2458  0.000e+00
     18.702    12.0347   3.822968    33.2391       1261     5.2500  0.000e+00
     18.626    12.0613   3.823491    33.2205       1262     5.2542  0.000e+00
     18.554    12.0803   3.822797    33.1969       1263     5.2583  0.000e+00
     18.487    12.0886   3.823262    33.1940       1264     5.2625  0.000e+00
     18.421    12.0951   3.824767    33.2029       1265     5.2667  0.000e+00
     18.363    12.1054   3.826534    33.2108       1266     5.2708  0.000e+00
     18.312    12.1206   3.828923    33.2204       1267     5.2750  0.000e+00
     18.267    12.1426   3.829970    33.2110       1268     5.2792  0.000e+00
     18.227    12.1614   3.830278    33.1973       1269     5.2833  0.000e+00
     18.188    12.1730   3.830474    33.1889       1270     5.2875  0.000e+00
     18.158    12.1797   3.830363    33.1819       1271     5.2917  0.000e+00
     18.134    12.1833   3.831672    33.1913       1272     5.2958  0.000e+00
     18.113    12.1914   3.832877    33.1958       1273     5.3000  0.000e+00
     18.088    12.2010   3.832373    33.1824       1274     5.3042  0.000e+00
     18.067    12.2053   3.832759    33.1823       1275     5.3083  0.000e+00
     18.034    12.2091   3.833349    33.1847       1276     5.3125  0.000e+00
     17.992    12.2134   3.833381    33.1812       1277     5.3167  0.000e+00
     17.952    12.2165   3.834246    33.1868       1278     5.3208  0.000e+00
     17.907    12.2213   3.834744    33.1874       1279     5.3250  0.000e+00
     17.865    12.2277   3.834960    33.1838       1280     5.3292  0.000e+00
     17.811    12.2325   3.835648    33.1862       1281     5.3333  0.000e+00
     17.747    12.2403   3.835418    33.1770       1282     5.3375  0.000e+00
     17.702    12.2477   3.834069    33.1575       1283     5.3417  0.000e+00
     17.641    12.2489   3.834567    33.1612       1284     5.3458  0.000e+00
     17.578    12.2505   3.834363    33.1579       1285     5.3500  0.000e+00
     17.527    12.2534   3.834311    33.1549       1286     5.3542  0.000e+00
     17.469    12.2550   3.834245    33.1528       1287     5.3583  0.000e+00
     17.403    12.2558   3.833996    33.1497       1288     5.3625  0.000e+00
     17.349    12.2559   3.833885    33.1486       1289     5.3667  0.000e+00
     17.279    12.2563   3.834265    33.1520       1290     5.3708  0.000e+00
     17.207    12.2583   3.835097    33.1582       1291     5.3750  0.000e+00
     17.131    12.2647   3.836125    33.1625       1292     5.3792  0.000e+00
     17.059    12.2744   3.837292    33.1651       1293     5.3833  0.000e+00
     16.971    12.2853   3.838484    33.1670       1294     5.3875  0.000e+00
     16.905    12.2970   3.840641    33.1774       1295     5.3917  0.000e+00
     16.826    12.3122   3.842725    33.1840       1296     5.3958  0.000e+00
     16.757    12.3306   3.843479    33.1750       1297     5.4000  0.000e+00
     16.687    12.3453   3.844285    33.1699       1298     5.4042  0.000e+00
     16.630    12.3562   3.844836    33.1655       1299     5.4083  0.000e+00
     16.572    12.3646   3.845138    33.1610       1300     5.4125  0.000e+00
     16.527    12.3703   3.845478    33.1592       1301     5.4167  0.000e+00
     16.488    12.3751   3.846121    33.1611       1302     5.4208  0.000e+00
     16.452    12.3806   3.847341    33.1680       1303     5.4250  0.000e+00
     16.427    12.3891   3.849204    33.1784       1304     5.4292  0.000e+00
     16.400    12.4023   3.850424    33.1785       1305     5.4333  0.000e+00
     16.379    12.4160   3.851389    33.1756       1306     5.4375  0.000e+00
     16.346    12.4284   3.852931    33.1795       1307     5.4417  0.000e+00
     16.306    12.4420   3.854447    33.1821       1308     5.4458  0.000e+00
     16.267    12.4560   3.855576    33.1805       1309     5.4500  0.000e+00
     16.225    12.4690   3.856522    33.1781       1310     5.4542  0.000e+00
     16.174    12.4813   3.858386    33.1851       1311     5.4583  0.000e+00
     16.125    12.4964   3.860948    33.1963       1312     5.4625  0.000e+00
     16.074    12.5161   3.862229    33.1913       1313     5.4667  0.000e+00
     16.022    12.5328   3.862307    33.1773       1314     5.4708  0.000e+00
     15.968    12.5431   3.862931    33.1742       1315     5.4750  0.000e+00
     15.905    12.5501   3.863464    33.1731       1316     5.4792  0.000e+00
     15.850    12.5563   3.863969    33.1725       1317     5.4833  0.000e+00
     15.787    12.5622   3.864436    33.1718       1318     5.4875  0.000e+00
     15.727    12.5678   3.864712    33.1695       1319     5.4917  0.000e+00
     15.654    12.5724   3.864896    33.1672       1320     5.4958  0.000e+00
     15.597    12.5757   3.865264    33.1679       1321     5.5000  0.000e+00
     15.521    12.5798   3.867275    33.1836       1322     5.5042  0.000e+00
     15.449    12.5903   3.867880    33.1801       1323     5.5083  0.000e+00
     15.370    12.6026   3.868320    33.1735       1324     5.5125  0.000e+00
     15.295    12.6118   3.869010    33.1720       1325     5.5167  0.000e+00
     15.234    12.6196   3.868780    33.1629       1326     5.5208  0.000e+00
     15.174    12.6241   3.868536    33.1567       1327     5.5250  0.000e+00
     15.117    12.6258   3.870075    33.1699       1328     5.5292  0.000e+00
     15.065    12.6335   3.871443    33.1762       1329     5.5333  0.000e+00
     15.020    12.6472   3.870331    33.1536       1330     5.5375  0.000e+00
     14.981    12.6563   3.861642    33.0627       1331     5.5417  0.000e+00
     14.938    12.6486   3.859126    33.0454       1332     5.5458  0.000e+00
     14.911    12.6350   3.858660    33.0529       1333     5.5500  0.000e+00
     14.878    12.6257   3.857721    33.0521       1334     5.5542  0.000e+00
     14.848    12.6196   3.857189    33.0524       1335     5.5583  0.000e+00
     14.802    12.6157   3.856513    33.0494       1336     5.5625  0.000e+00
     14.760    12.6128   3.854031    33.0283       1337     5.5667  0.000e+00
     14.715    12.6053   3.848420    32.9813       1338     5.5708  0.000e+00
     14.657    12.5860   3.844629    32.9620       1339     5.5750  0.000e+00
     14.594    12.5627   3.843160    32.9684       1340     5.5792  0.000e+00
     14.534    12.5421   3.836167    32.9197       1341     5.5833  0.000e+00
     14.461    12.5126   3.831660    32.9024       1342     5.5875  0.000e+00
     14.395    12.4803   3.828256    32.8982       1343     5.5917  0.000e+00
     14.319    12.4509   3.824532    32.8883       1344     5.5958  0.000e+00
     14.256    12.4227   3.821274    32.8818       1345     5.6000  0.000e+00
     14.174    12.3958   3.816990    32.8643       1346     5.6042  0.000e+00
     14.093    12.3686   3.812368    32.8439       1347     5.6083  0.000e+00
     14.014    12.3409   3.811029    32.8553       1348     5.6125  0.000e+00
     13.923    12.3190   3.807671    32.8423       1349     5.6167  0.000e+00
     13.833    12.3006   3.803883    32.8220       1350     5.6208  0.000e+00
     13.736    12.2858   3.803772    32.8340       1351     5.6250  0.000e+00
     13.646    12.2791   3.803243    32.8348       1352     5.6292  0.000e+00
     13.558    12.2764   3.802186    32.8271       1353     5.6333  0.000e+00
     13.480    12.2764   3.801232    32.8179       1354     5.6375  0.000e+00
     13.389    12.2792   3.801272    32.8159       1355     5.6417  0.000e+00
     13.319    12.2840   3.801415    32.8131       1356     5.6458  0.000e+00
     13.262    12.2898   3.801324    32.8072       1357     5.6500  0.000e+00
     13.205    12.2929   3.801461    32.8058       1358     5.6542  0.000e+00
     13.162    12.2963   3.803498    32.8224       1359     5.6583  0.000e+00
     13.126    12.3080   3.804562    32.8223       1360     5.6625  0.000e+00
     13.084    12.3215   3.806717    32.8312       1361     5.6667  0.000e+00
     13.051    12.3398   3.813192    32.8774       1362     5.6708  0.000e+00
     13.020    12.3787   3.818559    32.8949       1363     5.6750  0.000e+00
     12.978    12.4281   3.822091    32.8854       1364     5.6792  0.000e+00
     12.936    12.4735   3.825375    32.8772       1365     5.6833  0.000e+00
     12.893    12.5117   3.826972    32.8590       1366     5.6875  0.000e+00
     12.836    12.5411   3.830991    32.8718       1367     5.6917  0.000e+00
     12.776    12.5736   3.839233    32.9221       1368     5.6958  0.000e+00
     12.712    12.6262   3.844674    32.9280       1369     5.7000  0.000e+00
     12.634    12.6842   3.849429    32.9228       1370     5.7042  0.000e+00
     12.555    12.7378   3.855086    32.9298       1371     5.7083  0.000e+00
     12.471    12.7921   3.857600    32.9064       1372     5.7125  0.000e+00
     12.389    12.8352   3.859812    32.8899       1373     5.7167  0.000e+00
     12.305    12.8665   3.861658    32.8802       1374     5.7208  0.000e+00
     12.226    12.8916   3.864411    32.8845       1375     5.7250  0.000e+00
     12.142    12.9170   3.869538    32.9110       1376     5.7292  0.000e+00
     12.060    12.9503   3.870234    32.8887       1377     5.7333  0.000e+00
     11.979    12.9752   3.870878    32.8732       1378     5.7375  0.000e+00
     11.903    12.9907   3.872706    32.8771       1379     5.7417  0.000e+00
     11.824    13.0061   3.874686    32.8824       1380     5.7458  0.000e+00
     11.752    13.0243   3.877739    32.8956       1381     5.7500  0.000e+00
     11.686    13.0478   3.880338    32.8997       1382     5.7542  0.000e+00
     11.619    13.0729   3.880358    32.8782       1383     5.7583  0.000e+00
     11.547    13.0875   3.880752    32.8693       1384     5.7625  0.000e+00
     11.480    13.0962   3.881891    32.8725       1385     5.7667  0.000e+00
     11.420    13.1041   3.882635    32.8727       1386     5.7708  0.000e+00
     11.359    13.1136   3.885723    32.8936       1387     5.7750  0.000e+00
     11.296    13.1296   3.885934    32.8818       1388     5.7792  0.000e+00
     11.236    13.1403   3.886355    32.8765       1389     5.7833  0.000e+00
     11.178    13.1477   3.886375    32.8703       1390     5.7875  0.000e+00
     11.109    13.1522   3.886579    32.8683       1391     5.7917  0.000e+00
     11.045    13.1552   3.887844    32.8777       1392     5.7958  0.000e+00
     10.979    13.1615   3.889122    32.8843       1393     5.8000  0.000e+00
     10.915    13.1714   3.890261    32.8865       1394     5.8042  0.000e+00
     10.864    13.1816   3.891428    32.8886       1395     5.8083  0.000e+00
     10.810    13.1927   3.892429    32.8885       1396     5.8125  0.000e+00
     10.749    13.2042   3.893569    32.8893       1397     5.8167  0.000e+00
     10.701    13.2163   3.895039    32.8927       1398     5.8208  0.000e+00
     10.646    13.2297   3.896318    32.8931       1399     5.8250  0.000e+00
     10.586    13.2430   3.897208    32.8900       1400     5.8292  0.000e+00
     10.526    13.2548   3.898045    32.8877       1401     5.8333  0.000e+00
     10.465    13.2653   3.898955    32.8872       1402     5.8375  0.000e+00
     10.393    13.2757   3.900782    32.8955       1403     5.8417  0.000e+00
     10.323    13.2902   3.903349    32.9070       1404     5.8458  0.000e+00
     10.245    13.3115   3.904635    32.9007       1405     5.8500  0.000e+00
     10.169    13.3317   3.905783    32.8941       1406     5.8542  0.000e+00
     10.094    13.3485   3.906878    32.8899       1407     5.8583  0.000e+00
     10.024    13.3640   3.908377    32.8906       1408     5.8625  0.000e+00
      9.964    13.3803   3.909360    32.8857       1409     5.8667  0.000e+00
      9.904    13.3950   3.909783    32.8770       1410     5.8708  0.000e+00
      9.858    13.4053   3.910086    32.8710       1411     5.8750  0.000e+00
      9.813    13.4123   3.910344    32.8674       1412     5.8792  0.000e+00
      9.771    13.4172   3.910568    32.8653       1413     5.8833  0.000e+00
      9.716    13.4206   3.910746    32.8641       1414     5.8875  0.000e+00
      9.659    13.4237   3.910905    32.8629       1415     5.8917  0.000e+00
      9.614    13.4263   3.911096    32.8625       1416     5.8958  0.000e+00
      9.568    13.4287   3.911354    32.8628       1417     5.9000  0.000e+00
      9.517    13.4315   3.911631    32.8630       1418     5.9042  0.000e+00
      9.469    13.4347   3.912053    32.8643       1419     5.9083  0.000e+00
      9.420    13.4380   3.912522    32.8658       1420     5.9125  0.000e+00
      9.378    13.4421   3.913302    32.8695       1421     5.9167  0.000e+00
      9.339    13.4478   3.914530    32.8762       1422     5.9208  0.000e+00
      9.294    13.4564   3.915997    32.8825       1423     5.9250  0.000e+00
      9.263    13.4679   3.917800    32.8895       1424     5.9292  0.000e+00
      9.230    13.4825   3.919730    32.8950       1425     5.9333  0.000e+00
      9.194    13.4993   3.921376    32.8959       1426     5.9375  0.000e+00
      9.164    13.5161   3.922856    32.8953       1427     5.9417  0.000e+00
      9.124    13.5319   3.924291    32.8951       1428     5.9458  0.000e+00
      9.073    13.5470   3.926434    32.9021       1429     5.9500  0.000e+00
      9.028    13.5650   3.930859    32.9279       1430     5.9542  0.000e+00
      8.973    13.5941   3.935889    32.9498       1431     5.9583  0.000e+00
      8.913    13.6342   3.939405    32.9481       1432     5.9625  0.000e+00
      8.858    13.6729   3.940517    32.9251       1433     5.9667  0.000e+00
      8.792    13.7011   3.941676    32.9117       1434     5.9708  0.000e+00
      8.732    13.7200   3.942596    32.9041       1435     5.9750  0.000e+00
      8.677    13.7342   3.944299    32.9077       1436     5.9792  0.000e+00
      8.605    13.7480   3.944299    32.8959       1437     5.9833  0.000e+00
      8.541    13.7571   3.944703    32.8918       1438     5.9875  0.000e+00
      8.472    13.7626   3.945465    32.8942       1439     5.9917  0.000e+00
      8.399    13.7693   3.946790    32.9009       1440     5.9958  0.000e+00
      8.345    13.7786   3.950197    32.9246       1441     6.0000  0.000e+00
      8.285    13.7999   3.956896    32.9685       1442     6.0042  0.000e+00
      8.224    13.8420   3.962006    32.9798       1443     6.0083  0.000e+00
      8.161    13.8885   3.965790    32.9749       1444     6.0125  0.000e+00
      8.106    13.9368   3.975835    33.0266       1445     6.0167  0.000e+00
