HB2302/sbe050.cnv
* Sea-Bird SBE 19plus V2 Data File:
* FileName = C:\cruise\data\sbe050.hex
* Software Version Seasave V 7.26.7.121
* Temperature SN = 4758
* Conductivity SN = 4758
* System UpLoad Time = Jun 13 2023 17:01:30
* NMEA Latitude = 39 17.25 N
* NMEA Longitude = 073 59.02 W
* NMEA UTC (Time) = Jun 13 2023 17:01:31
** Cruise: HB2302
** Program: Ecomon
** Chief Scientist: Jerry Prezioso
# nquan = 7
# nvalues = 1724                                  
# units = specified
# name 0 = depSM: Depth [salt water, m]
# name 1 = tv290C: Temperature [ITS-90, deg C]
# name 2 = c0S/m: Conductivity [S/m]
# name 3 = sal00: Salinity, Practical [PSU]
# name 4 = scan: Scan Count
# name 5 = timeM: Time, Elapsed [minutes]
# name 6 = flag:  0.000e+00
# span 0 =     -0.132,     29.065                 
# span 1 =    10.3581,    20.3666                 
# span 2 =   0.000017,   4.264180                 
# span 3 =     0.0093,    32.7219                 
# span 4 =         11,       1734                 
# span 5 =     0.0417,     7.2208                 
# span 6 = 0.0000e+00, 0.0000e+00                 
# interval = seconds: 0.25
# start_time = Jun 13 2023 17:01:31 [NMEA time, header]
# bad_flag = -9.990e-29
*END*
[from data line 411]
     -0.121    19.5052   0.000074     0.0097        422     1.7542  0.000e+00
     -0.115    19.5078   0.000065     0.0097        423     1.7583  0.000e+00
     -0.115    19.5095   0.000062     0.0097        424     1.7625  0.000e+00
     -0.121    19.5102   0.000062     0.0097        425     1.7667  0.000e+00
     -0.121    19.5015   0.000065     0.0097        426     1.7708  0.000e+00
     -0.121    19.4941   0.000062     0.0097        427     1.7750  0.000e+00
     -0.117    19.4899   0.000065     0.0097        428     1.7792  0.000e+00
     -0.117    19.4854   0.000068     0.0097        429     1.7833  0.000e+00
     -0.117    19.4808   0.000065     0.0097        430     1.7875  0.000e+00
     -0.120    19.4723   0.000068     0.0097        431     1.7917  0.000e+00
     -0.117    19.4714   0.000068     0.0097        432     1.7958  0.000e+00
     -0.117    19.4752   0.000065     0.0097        433     1.8000  0.000e+00
     -0.123    19.4806   0.000068     0.0097        434     1.8042  0.000e+00
     -0.132    19.4835   0.000071     0.0097        435     1.8083  0.000e+00
     -0.120    19.4788   0.000068     0.0097        436     1.8125  0.000e+00
     -0.123    19.4714   0.000065     0.0097        437     1.8167  0.000e+00
     -0.108    19.4623   0.000056     0.0097        438     1.8208  0.000e+00
     -0.120    19.4484   0.000068     0.0097        439     1.8250  0.000e+00
     -0.117    19.4361   0.000065     0.0097        440     1.8292  0.000e+00
     -0.120    19.4283   0.000062     0.0097        441     1.8333  0.000e+00
     -0.120    19.4215   0.000071     0.0097        442     1.8375  0.000e+00
     -0.114    19.4150   0.000056     0.0097        443     1.8417  0.000e+00
     -0.120    19.4071   0.000068     0.0097        444     1.8458  0.000e+00
     -0.117    19.4006   0.000065     0.0097        445     1.8500  0.000e+00
     -0.111    19.4044   0.000062     0.0097        446     1.8542  0.000e+00
     -0.117    19.4121   0.000065     0.0097        447     1.8583  0.000e+00
     -0.117    19.4192   0.000074     0.0097        448     1.8625  0.000e+00
     -0.114    19.4264   0.000071     0.0097        449     1.8667  0.000e+00
     -0.117    19.4317   0.000068     0.0097        450     1.8708  0.000e+00
     -0.120    19.4356   0.000068     0.0097        451     1.8750  0.000e+00
     -0.117    19.4395   0.000065     0.0097        452     1.8792  0.000e+00
     -0.117    19.4428   0.000062     0.0097        453     1.8833  0.000e+00
     -0.117    19.4465   0.000065     0.0097        454     1.8875  0.000e+00
     -0.117    19.4506   0.000062     0.0097        455     1.8917  0.000e+00
     -0.120    19.4551   0.000062     0.0097        456     1.8958  0.000e+00
     -0.120    19.4598   0.000065     0.0097        457     1.9000  0.000e+00
     -0.126    19.4643   0.000056     0.0097        458     1.9042  0.000e+00
     -0.120    19.4692   0.000065     0.0097        459     1.9083  0.000e+00
     -0.117    19.4744   0.000068     0.0097        460     1.9125  0.000e+00
     -0.120    19.4785   0.000074     0.0097        461     1.9167  0.000e+00
     -0.120    19.4834   0.000074     0.0097        462     1.9208  0.000e+00
     -0.117    19.4800   0.000062     0.0097        463     1.9250  0.000e+00
     -0.123    19.4711   0.000065     0.0097        464     1.9292  0.000e+00
     -0.116    19.4620   0.000062     0.0097        465     1.9333  0.000e+00
     -0.119    19.4539   0.000071     0.0097        466     1.9375  0.000e+00
     -0.122    19.4450   0.000062     0.0097        467     1.9417  0.000e+00
     -0.119    19.4375   0.000074     0.0097        468     1.9458  0.000e+00
     -0.116    19.4311   0.000062     0.0097        469     1.9500  0.000e+00
     -0.113    19.4241   0.000068     0.0097        470     1.9542  0.000e+00
     -0.116    19.4197   0.000065     0.0097        471     1.9583  0.000e+00
     -0.113    19.4188   0.000062     0.0097        472     1.9625  0.000e+00
     -0.113    19.4196   0.000074     0.0097        473     1.9667  0.000e+00
     -0.119    19.4224   0.000068     0.0097        474     1.9708  0.000e+00
     -0.119    19.4251   0.000068     0.0097        475     1.9750  0.000e+00
     -0.113    19.4277   0.000071     0.0097        476     1.9792  0.000e+00
     -0.119    19.4300   0.000068     0.0097        477     1.9833  0.000e+00
     -0.119    19.4328   0.000071     0.0097        478     1.9875  0.000e+00
     -0.119    19.4367   0.000074     0.0097        479     1.9917  0.000e+00
     -0.122    19.4402   0.000065     0.0097        480     1.9958  0.000e+00
     -0.116    19.4436   0.000062     0.0097        481     2.0000  0.000e+00
     -0.122    19.4437   0.000068     0.0097        482     2.0042  0.000e+00
     -0.122    19.4468   0.000074     0.0097        483     2.0083  0.000e+00
     -0.125    19.4500   0.000068     0.0097        484     2.0125  0.000e+00
     -0.122    19.4536   0.000071     0.0097        485     2.0167  0.000e+00
     -0.119    19.4586   0.000080     0.0097        486     2.0208  0.000e+00
     -0.119    19.4633   0.000071     0.0097        487     2.0250  0.000e+00
     -0.119    19.4693   0.000074     0.0097        488     2.0292  0.000e+00
     -0.116    19.4714   0.000068     0.0097        489     2.0333  0.000e+00
     -0.128    19.4634   0.000074     0.0097        490     2.0375  0.000e+00
     -0.122    19.4533   0.000068     0.0097        491     2.0417  0.000e+00
     -0.116    19.4422   0.000071     0.0097        492     2.0458  0.000e+00
     -0.116    19.4361   0.000068     0.0097        493     2.0500  0.000e+00
     -0.116    19.4352   0.000068     0.0097        494     2.0542  0.000e+00
     -0.113    19.4291   0.000074     0.0097        495     2.0583  0.000e+00
     -0.119    19.4223   0.000080     0.0097        496     2.0625  0.000e+00
     -0.116    19.4257   0.000071     0.0097        497     2.0667  0.000e+00
     -0.113    19.4379   0.000068     0.0097        498     2.0708  0.000e+00
     -0.113    19.4461   0.000074     0.0097        499     2.0750  0.000e+00
     -0.116    19.4488   0.000068     0.0097        500     2.0792  0.000e+00
     -0.116    19.4444   0.000074     0.0097        501     2.0833  0.000e+00
     -0.113    19.4313   0.000065     0.0097        502     2.0875  0.000e+00
     -0.122    19.4130   0.000074     0.0097        503     2.0917  0.000e+00
     -0.118    19.4095   0.000065     0.0097        504     2.0958  0.000e+00
     -0.022    19.3975   3.180318    22.5081        505     2.1000  0.000e+00
      0.111    19.3634   4.215248    30.7879        506     2.1042  0.000e+00
      0.275    19.2095   4.212418    30.8786        507     2.1083  0.000e+00
      0.477    19.0435   4.209718    30.9798        508     2.1125  0.000e+00
      0.674    18.9243   4.207706    31.0523        509     2.1167  0.000e+00
      0.873    18.8507   4.208040    31.1101        510     2.1208  0.000e+00
      1.061    18.8156   4.210422    31.1561        511     2.1250  0.000e+00
      1.233    18.8348   4.210899    31.1455        512     2.1292  0.000e+00
      1.393    18.8748   4.210408    31.1114        513     2.1333  0.000e+00
      1.554    18.9207   4.207964    31.0568        514     2.1375  0.000e+00
      1.596    18.9546   4.205154    31.0083        515     2.1417  0.000e+00
      1.668    18.9746   4.205229    30.9940        516     2.1458  0.000e+00
      1.783    18.9848   4.197477    30.9226        517     2.1500  0.000e+00
      1.853    18.9803   4.200319    30.9493        518     2.1542  0.000e+00
      1.862    18.8926   4.180541    30.8520        519     2.1583  0.000e+00
      1.925    18.7634   4.189103    31.0190        520     2.1625  0.000e+00
      2.095    18.6777   4.198719    31.1629        521     2.1667  0.000e+00
      2.303    18.6923   4.207601    31.2254        522     2.1708  0.000e+00
      2.491    18.7665   4.209729    31.1869        523     2.1750  0.000e+00
      2.642    18.8478   4.210409    31.1312        524     2.1792  0.000e+00
      2.772    18.9028   4.210680    31.0922        525     2.1833  0.000e+00
      2.872    18.9325   4.211163    31.0739        526     2.1875  0.000e+00
      2.962    18.9395   4.212239    31.0774        527     2.1917  0.000e+00
      3.047    18.9393   4.212831    31.0825        528     2.1958  0.000e+00
      3.123    18.9616   4.213443    31.0707        529     2.2000  0.000e+00
      3.231    18.9949   4.213416    31.0456        530     2.2042  0.000e+00
      3.374    19.0261   4.212558    31.0151        531     2.2083  0.000e+00
      3.510    19.0442   4.210856    30.9876        532     2.2125  0.000e+00
      3.634    19.0477   4.207447    30.9570        533     2.2167  0.000e+00
      3.742    19.0430   4.205202    30.9420        534     2.2208  0.000e+00
      3.839    19.0286   4.203175    30.9361        535     2.2250  0.000e+00
      3.930    19.0103   4.201836    30.9387        536     2.2292  0.000e+00
      4.014    18.9906   4.199885    30.9373        537     2.2333  0.000e+00
      4.096    18.9704   4.196717    30.9263        538     2.2375  0.000e+00
      4.157    18.9459   4.195372    30.9335        539     2.2417  0.000e+00
      4.214    18.9197   4.194333    30.9444        540     2.2458  0.000e+00
      4.256    18.8930   4.191418    30.9404        541     2.2500  0.000e+00
      4.305    18.8702   4.188892    30.9366        542     2.2542  0.000e+00
      4.350    18.8446   4.186360    30.9348        543     2.2583  0.000e+00
      4.392    18.8174   4.185246    30.9459        544     2.2625  0.000e+00
      4.444    18.7889   4.183991    30.9569        545     2.2667  0.000e+00
      4.489    18.7653   4.182627    30.9632        546     2.2708  0.000e+00
      4.535    18.7471   4.181426    30.9670        547     2.2750  0.000e+00
      4.586    18.7306   4.179574    30.9640        548     2.2792  0.000e+00
      4.631    18.7152   4.178332    30.9652        549     2.2833  0.000e+00
      4.668    18.6982   4.177030    30.9672        550     2.2875  0.000e+00
      4.713    18.6814   4.175925    30.9706        551     2.2917  0.000e+00
      4.761    18.6655   4.174779    30.9731        552     2.2958  0.000e+00
      4.825    18.6503   4.173992    30.9779        553     2.3000  0.000e+00
      4.876    18.6359   4.172894    30.9796        554     2.3042  0.000e+00
      4.946    18.6228   4.171335    30.9765        555     2.3083  0.000e+00
      5.027    18.6110   4.169945    30.9738        556     2.3125  0.000e+00
      5.106    18.5964   4.168603    30.9736        557     2.3167  0.000e+00
      5.167    18.5824   4.168258    30.9812        558     2.3208  0.000e+00
      5.224    18.5680   4.167791    30.9882        559     2.3250  0.000e+00
      5.266    18.5564   4.166808    30.9887        560     2.3292  0.000e+00
      5.312    18.5483   4.165616    30.9849        561     2.3333  0.000e+00
      5.330    18.5409   4.164999    30.9853        562     2.3375  0.000e+00
      5.348    18.5313   4.163902    30.9834        563     2.3417  0.000e+00
      5.360    18.5209   4.163191    30.9853        564     2.3458  0.000e+00
      5.384    18.5097   4.162459    30.9877        565     2.3500  0.000e+00
      5.409    18.4986   4.161525    30.9882        566     2.3542  0.000e+00
      5.466    18.4874   4.160638    30.9893        567     2.3583  0.000e+00
      5.538    18.4767   4.159656    30.9892        568     2.3625  0.000e+00
      5.602    18.4654   4.158518    30.9882        569     2.3667  0.000e+00
      5.687    18.4541   4.157665    30.9895        570     2.3708  0.000e+00
      5.765    18.4428   4.156758    30.9905        571     2.3750  0.000e+00
      5.850    18.4330   4.156129    30.9926        572     2.3792  0.000e+00
      5.923    18.4230   4.155581    30.9956        573     2.3833  0.000e+00
      6.001    18.4125   4.154593    30.9952        574     2.3875  0.000e+00
      6.071    18.4033   4.153761    30.9952        575     2.3917  0.000e+00
      6.137    18.3934   4.153226    30.9982        576     2.3958  0.000e+00
      6.198    18.3836   4.152326    30.9980        577     2.4000  0.000e+00
      6.255    18.3745   4.151927    31.0016        578     2.4042  0.000e+00
      6.322    18.3637   4.151569    31.0067        579     2.4083  0.000e+00
      6.385    18.3556   4.151109    31.0090        580     2.4125  0.000e+00
      6.461    18.3497   4.150236    31.0061        581     2.4167  0.000e+00
      6.548    18.3436   4.149330    31.0032        582     2.4208  0.000e+00
      6.636    18.3355   4.148396    31.0014        583     2.4250  0.000e+00
      6.739    18.3258   4.147138    30.9982        584     2.4292  0.000e+00
      6.827    18.3154   4.146665    31.0021        585     2.4333  0.000e+00
      6.917    18.3042   4.146063    31.0055        586     2.4375  0.000e+00
      7.005    18.2944   4.145536    31.0084        587     2.4417  0.000e+00
      7.087    18.2849   4.144475    31.0067        588     2.4458  0.000e+00
      7.168    18.2768   4.143670    31.0062        589     2.4500  0.000e+00
      7.250    18.2687   4.142920    31.0060        590     2.4542  0.000e+00
      7.313    18.2578   4.142271    31.0087        591     2.4583  0.000e+00
      7.398    18.2459   4.141751    31.0133        592     2.4625  0.000e+00
      7.474    18.2350   4.141291    31.0177        593     2.4667  0.000e+00
      7.543    18.2238   4.140433    31.0190        594     2.4708  0.000e+00
      7.631    18.2136   4.139832    31.0216        595     2.4750  0.000e+00
      7.706    18.2042   4.139034    31.0221        596     2.4792  0.000e+00
      7.788    18.1937   4.138088    31.0221        597     2.4833  0.000e+00
      7.888    18.1830   4.137102    31.0218        598     2.4875  0.000e+00
      7.982    18.1717   4.136150    31.0224        599     2.4917  0.000e+00
      8.075    18.1590   4.135244    31.0244        600     2.4958  0.000e+00
      8.181    18.1450   4.134718    31.0306        601     2.5000  0.000e+00
      8.284    18.1304   4.134090    31.0363        602     2.5042  0.000e+00
      8.390    18.1193   4.133469    31.0395        603     2.5083  0.000e+00
      8.505    18.1081   4.132827    31.0426        604     2.5125  0.000e+00
      8.613    18.0974   4.132139    31.0449        605     2.5167  0.000e+00
      8.725    18.0867   4.131112    31.0444        606     2.5208  0.000e+00
      8.834    18.0765   4.131247    31.0532        607     2.5250  0.000e+00
      8.943    18.0667   4.130539    31.0546        608     2.5292  0.000e+00
      9.046    18.0573   4.130127    31.0583        609     2.5333  0.000e+00
      9.155    18.0476   4.129317    31.0588        610     2.5375  0.000e+00
      9.260    18.0367   4.128939    31.0638        611     2.5417  0.000e+00
      9.363    18.0255   4.128669    31.0701        612     2.5458  0.000e+00
      9.466    18.0144   4.128393    31.0761        613     2.5500  0.000e+00
      9.578    18.0046   4.128001    31.0803        614     2.5542  0.000e+00
      9.687    17.9966   4.127441    31.0816        615     2.5583  0.000e+00
      9.801    17.9889   4.126516    31.0796        616     2.5625  0.000e+00
      9.925    17.9799   4.125835    31.0807        617     2.5667  0.000e+00
     10.055    17.9703   4.125538    31.0855        618     2.5708  0.000e+00
     10.185    17.9598   4.124904    31.0881        619     2.5750  0.000e+00
     10.318    17.9493   4.124270    31.0907        620     2.5792  0.000e+00
     10.461    17.9394   4.123845    31.0946        621     2.5833  0.000e+00
     10.603    17.9287   4.123568    31.1004        622     2.5875  0.000e+00
     10.739    17.9188   4.123366    31.1062        623     2.5917  0.000e+00
     10.872    17.9075   4.122644    31.1086        624     2.5958  0.000e+00
     11.005    17.8979   4.122044    31.1108        625     2.6000  0.000e+00
