HB2302/sbe005.cnv
* Sea-Bird SBE 19plus V2 Data File:
* FileName = C:\cruise\data\sbe005.hex
* Software Version Seasave V 7.26.7.121
* Temperature SN = 4758
* Conductivity SN = 4758
* System UpLoad Time = Jun 09 2023 07:37:45
* NMEA Latitude = 40 40.82 N
* NMEA Longitude = 070 37.38 W
* NMEA UTC (Time) = Jun 09 2023 07:37:47
** Cruise: HB2302
** Program: Ecomon
** Chief Scientist: Jerry Prezioso
# nquan = 7
# nvalues = 1360                                  
# units = specified
# name 0 = depSM: Depth [salt water, m]
# name 1 = tv290C: Temperature [ITS-90, deg C]
# name 2 = c0S/m: Conductivity [S/m]
# name 3 = sal00: Salinity, Practical [PSU]
# name 4 = scan: Scan Count
# name 5 = timeM: Time, Elapsed [minutes]
# name 6 = flag:  0.000e+00
# span 0 =     -0.149,     56.362                 
# span 1 =     9.1128,    13.2700                 
# span 2 =  -0.092362,   3.862799                 
# span 3 =     0.0000,    32.9815                 
# span 4 =         11,       1370                 
# span 5 =     0.0417,     5.7042                 
# span 6 = 0.0000e+00, 0.0000e+00                 
# interval = seconds: 0.25
# start_time = Jun 09 2023 07:37:47 [NMEA time, header]
# bad_flag = -9.990e-29
*END*
[from data line 1231]
      5.512    12.4330   3.784869    32.5278       1242     5.1708  0.000e+00
      5.448    12.4367   3.785039    32.5262       1243     5.1750  0.000e+00
      5.385    12.4399   3.785384    32.5268       1244     5.1792  0.000e+00
      5.325    12.4429   3.785567    32.5260       1245     5.1833  0.000e+00
      5.261    12.4456   3.785697    32.5249       1246     5.1875  0.000e+00
      5.216    12.4479   3.785586    32.5219       1247     5.1917  0.000e+00
      5.168    12.4492   3.785534    32.5203       1248     5.1958  0.000e+00
      5.122    12.4501   3.785879    32.5228       1249     5.2000  0.000e+00
      5.071    12.4523   3.786107    32.5231       1250     5.2042  0.000e+00
      5.014    12.4549   3.786244    32.5222       1251     5.2083  0.000e+00
      4.959    12.4571   3.786511    32.5229       1252     5.2125  0.000e+00
      4.905    12.4596   3.786857    32.5240       1253     5.2167  0.000e+00
      4.839    12.4624   3.787098    32.5240       1254     5.2208  0.000e+00
      4.769    12.4651   3.787326    32.5238       1255     5.2250  0.000e+00
      4.706    12.4678   3.787476    32.5229       1256     5.2292  0.000e+00
      4.642    12.4702   3.787619    32.5223       1257     5.2333  0.000e+00
      4.582    12.4725   3.787782    32.5219       1258     5.2375  0.000e+00
      4.525    12.4746   3.788114    32.5232       1259     5.2417  0.000e+00
      4.464    12.4771   3.788251    32.5224       1260     5.2458  0.000e+00
      4.401    12.4795   3.788466    32.5224       1261     5.2500  0.000e+00
      4.340    12.4821   3.788747    32.5229       1262     5.2542  0.000e+00
      4.289    12.4847   3.789842    32.5311       1263     5.2583  0.000e+00
      4.220    12.4911   3.791681    32.5432       1264     5.2625  0.000e+00
      4.159    12.5026   3.793689    32.5524       1265     5.2667  0.000e+00
      4.093    12.5185   3.795822    32.5590       1266     5.2708  0.000e+00
      4.033    12.5368   3.796788    32.5524       1267     5.2750  0.000e+00
      3.972    12.5515   3.797173    32.5434       1268     5.2792  0.000e+00
      3.921    12.5612   3.798484    32.5475       1269     5.2833  0.000e+00
      3.867    12.5736   3.806325    32.6116       1270     5.2875  0.000e+00
      3.803    12.6110   3.811408    32.6277       1271     5.2917  0.000e+00
      3.743    12.6611   3.812524    32.5950       1272     5.2958  0.000e+00
      3.682    12.6966   3.812001    32.5593       1273     5.3000  0.000e+00
      3.613    12.7140   3.814249    32.5657       1274     5.3042  0.000e+00
      3.544    12.7337   3.826193    32.6622       1275     5.3083  0.000e+00
      3.462    12.7944   3.833277    32.6771       1276     5.3125  0.000e+00
      3.371    12.8694   3.835543    32.6338       1277     5.3167  0.000e+00
      3.281    12.9243   3.838504    32.6145       1278     5.3208  0.000e+00
      3.184    12.9659   3.839939    32.5922       1279     5.3250  0.000e+00
      3.103    12.9968   3.844344    32.6073       1280     5.3292  0.000e+00
      3.036    13.0308   3.845734    32.5912       1281     5.3333  0.000e+00
      2.973    13.0587   3.845786    32.5677       1282     5.3375  0.000e+00
      2.909    13.0745   3.846199    32.5580       1283     5.3417  0.000e+00
      2.870    13.0858   3.850319    32.5872       1284     5.3458  0.000e+00
      2.837    13.1061   3.851067    32.5768       1285     5.3500  0.000e+00
      2.798    13.1259   3.851808    32.5668       1286     5.3542  0.000e+00
      2.764    13.1390   3.852569    32.5628       1287     5.3583  0.000e+00
      2.722    13.1493   3.853350    32.5613       1288     5.3625  0.000e+00
      2.680    13.1597   3.854374    32.5620       1289     5.3667  0.000e+00
      2.635    13.1698   3.853652    32.5466       1290     5.3708  0.000e+00
      2.577    13.1730   3.854092    32.5480       1291     5.3750  0.000e+00
      2.523    13.1749   3.856206    32.5663       1292     5.3792  0.000e+00
      2.460    13.1860   3.858996    32.5831       1293     5.3833  0.000e+00
      2.396    13.2054   3.857663    32.5539       1294     5.3875  0.000e+00
      2.327    13.2128   3.858260    32.5532       1295     5.3917  0.000e+00
      2.263    13.2176   3.858628    32.5525       1296     5.3958  0.000e+00
      2.206    13.2219   3.858214    32.5450       1297     5.4000  0.000e+00
      2.155    13.2232   3.859311    32.5542       1298     5.4042  0.000e+00
      2.115    13.2271   3.859758    32.5551       1299     5.4083  0.000e+00
      2.070    13.2323   3.859620    32.5494       1300     5.4125  0.000e+00
      2.028    13.2350   3.859574    32.5467       1301     5.4167  0.000e+00
      1.992    13.2361   3.860276    32.5523       1302     5.4208  0.000e+00
      1.949    13.2399   3.861439    32.5600       1303     5.4250  0.000e+00
      1.895    13.2474   3.861281    32.5521       1304     5.4292  0.000e+00
      1.838    13.2520   3.861439    32.5497       1305     5.4333  0.000e+00
      1.777    13.2544   3.861373    32.5471       1306     5.4375  0.000e+00
      1.702    13.2552   3.861222    32.5449       1307     5.4417  0.000e+00
      1.614    13.2556   3.862273    32.5545       1308     5.4458  0.000e+00
      1.527    13.2595   3.862595    32.5542       1309     5.4500  0.000e+00
      1.412    13.2643   3.862713    32.5513       1310     5.4542  0.000e+00
      1.297    13.2678   3.862799    32.5492       1311     5.4583  0.000e+00
      1.186    13.2697   3.862687    32.5465       1312     5.4625  0.000e+00
      1.077    13.2700   3.861905    32.5390       1313     5.4667  0.000e+00
      0.986    13.2672   3.861905    32.5414       1314     5.4708  0.000e+00
      0.920    13.2645   3.861951    32.5442       1315     5.4750  0.000e+00
      0.872    13.2633   3.861806    32.5438       1316     5.4792  0.000e+00
      0.850    13.2623   3.861787    32.5445       1317     5.4833  0.000e+00
      0.838    13.2619   3.861813    32.5452       1318     5.4875  0.000e+00
      0.829    13.2611   3.861695    32.5447       1319     5.4917  0.000e+00
      0.826    13.2607   3.862095    32.5488       1320     5.4958  0.000e+00
      0.814    13.2621   3.862319    32.5497       1321     5.5000  0.000e+00
      0.808    13.2637   3.861649    32.5421       1322     5.5042  0.000e+00
      0.769    13.2620   3.862109    32.5478       1323     5.5083  0.000e+00
      0.717    13.2628   3.862483    32.5507       1324     5.5125  0.000e+00
      0.663    13.2650   3.862411    32.5482       1325     5.5167  0.000e+00
      0.609    13.2663   3.862621    32.5490       1326     5.5208  0.000e+00
      0.557    13.2678   3.862200    32.5438       1327     5.5250  0.000e+00
      0.506    13.2670   3.862043    32.5430       1328     5.5292  0.000e+00
      0.455    13.2652   3.862457    32.5485       1329     5.5333  0.000e+00
      0.394    13.2659   3.862154    32.5451       1330     5.5375  0.000e+00
      0.346    13.2654   3.861392    32.5384       1331     5.5417  0.000e+00
      0.292    13.2625   3.862089    32.5475       1332     5.5458  0.000e+00
      0.222    13.2625   3.862121    32.5477       1333     5.5500  0.000e+00
      0.132    13.2631   3.862135    32.5474       1334     5.5542  0.000e+00
      0.023    13.2638   3.862410    32.5495       1335     5.5583  0.000e+00
     -0.095    13.2643   2.784516    22.6616       1336     5.5625  0.000e+00
     -0.134    13.2503   0.766131     5.5895       1337     5.5667  0.000e+00
     -0.131    13.2304   0.430903     3.0234       1338     5.5708  0.000e+00
     -0.131    13.2139   0.322280     2.2217       1339     5.5750  0.000e+00
     -0.137    13.2018   0.277051     1.8935       1340     5.5792  0.000e+00
     -0.137    13.1964   0.235000     1.5914       1341     5.5833  0.000e+00
     -0.134    13.1933   0.214463     1.4452       1342     5.5875  0.000e+00
     -0.137    13.1908   0.204335     1.3735       1343     5.5917  0.000e+00
     -0.143    13.1877   0.194871     1.3066       1344     5.5958  0.000e+00
     -0.137    13.1832   0.181135     1.2100       1345     5.6000  0.000e+00
     -0.143    13.1777   0.174915     1.1665       1346     5.6042  0.000e+00
     -0.134    13.1722   0.167880     1.1174       1347     5.6083  0.000e+00
     -0.137    13.1671   0.155637     1.0321       1348     5.6125  0.000e+00
     -0.140    13.1627   0.136770     0.9014       1349     5.6167  0.000e+00
     -0.146    13.1573   0.118226     0.7740       1350     5.6208  0.000e+00
     -0.134    13.1506   0.104758     0.6822       1351     5.6250  0.000e+00
     -0.140    13.1460   0.096506     0.6263       1352     5.6292  0.000e+00
     -0.137    13.1421   0.089444     0.5786       1353     5.6333  0.000e+00
     -0.140    13.1391   0.083363     0.5378       1354     5.6375  0.000e+00
     -0.137    13.1360   0.078282     0.5037       1355     5.6417  0.000e+00
     -0.135    13.1329   0.074643     0.4795       1356     5.6458  0.000e+00
     -0.138    13.1294   0.072183     0.4631       1357     5.6500  0.000e+00
     -0.129    13.1262   0.069236     0.4435       1358     5.6542  0.000e+00
     -0.138    13.1230   0.065574     0.4192       1359     5.6583  0.000e+00
     -0.138    13.1197   0.061801     0.3943       1360     5.6625  0.000e+00
     -0.138    13.1164   0.058290     0.3711       1361     5.6667  0.000e+00
     -0.126    13.1130   0.054871     0.3487       1362     5.6708  0.000e+00
     -0.129    13.1096   0.051426     0.3261       1363     5.6750  0.000e+00
     -0.132    13.1063   0.048088     0.3043       1364     5.6792  0.000e+00
     -0.135    13.1025   0.044987     0.2841       1365     5.6833  0.000e+00
     -0.132    13.0990   0.042003     0.2648       1366     5.6875  0.000e+00
     -0.135    13.0952   0.038807     0.2441       1367     5.6917  0.000e+00
     -0.135    13.0919   0.035200     0.2209       1368     5.6958  0.000e+00
     -0.132    13.0884   0.031459     0.1969       1369     5.7000  0.000e+00
     -0.132    13.0850   0.026450     0.1650       1370     5.7042  0.000e+00
