HB2302/sbe081.cnv
* Sea-Bird SBE 19plus V2 Data File:
* FileName = C:\cruise\data\sbe081.hex
* Software Version Seasave V 7.26.7.121
* Temperature SN = 4758
* Conductivity SN = 4758
* System UpLoad Time = Jun 16 2023 10:39:25
* NMEA Latitude = 40 42.88 N
* NMEA Longitude = 067 28.68 W
* NMEA UTC (Time) = Jun 16 2023 10:39:25
** Cruise: HB2302
** Program: Ecomon
** Chief Scientist: Jerry Prezioso
# nquan = 7
# nvalues = 2695                                  
# units = specified
# name 0 = depSM: Depth [salt water, m]
# name 1 = tv290C: Temperature [ITS-90, deg C]
# name 2 = c0S/m: Conductivity [S/m]
# name 3 = sal00: Salinity, Practical [PSU]
# name 4 = scan: Scan Count
# name 5 = timeM: Time, Elapsed [minutes]
# name 6 = flag:  0.000e+00
# span 0 =     -0.166,     87.077                 
# span 1 =     7.4436,    17.3004                 
# span 2 =   0.000032,   4.026948                 
# span 3 =     0.0087,    33.2790                 
# span 4 =         11,       2705                 
# span 5 =     0.0417,    11.2667                 
# span 6 = 0.0000e+00, 0.0000e+00                 
# interval = seconds: 0.25
# start_time = Jun 16 2023 10:39:25 [NMEA time, header]
# bad_flag = -9.990e-29
*END*
[from data line 1847]
     30.137     7.9508   3.404384    32.7111       1858     7.7375  0.000e+00
     30.086     7.9518   3.404372    32.7101       1859     7.7417  0.000e+00
     30.044     7.9530   3.404003    32.7051       1860     7.7458  0.000e+00
     30.001     7.9530   3.403922    32.7043       1861     7.7500  0.000e+00
     29.965     7.9526   3.403916    32.7046       1862     7.7542  0.000e+00
     29.932     7.9529   3.404003    32.7052       1863     7.7583  0.000e+00
     29.899     7.9533   3.404047    32.7054       1864     7.7625  0.000e+00
     29.863     7.9541   3.404178    32.7060       1865     7.7667  0.000e+00
     29.835     7.9550   3.404384    32.7074       1866     7.7708  0.000e+00
     29.796     7.9568   3.404359    32.7054       1867     7.7750  0.000e+00
     29.757     7.9577   3.404278    32.7038       1868     7.7792  0.000e+00
     29.703     7.9580   3.404353    32.7043       1869     7.7833  0.000e+00
     29.652     7.9585   3.404172    32.7019       1870     7.7875  0.000e+00
     29.591     7.9588   3.404447    32.7046       1871     7.7917  0.000e+00
     29.531     7.9604   3.404328    32.7018       1872     7.7958  0.000e+00
     29.471     7.9621   3.404172    32.6987       1873     7.8000  0.000e+00
     29.392     7.9635   3.405196    32.7083       1874     7.8042  0.000e+00
     29.317     7.9687   3.405846    32.7104       1875     7.8083  0.000e+00
     29.241     7.9757   3.406240    32.7081       1876     7.8125  0.000e+00
     29.175     7.9817   3.406890    32.7094       1877     7.8167  0.000e+00
     29.109     7.9875   3.407302    32.7084       1878     7.8208  0.000e+00
     29.045     7.9930   3.407583    32.7063       1879     7.8250  0.000e+00
     28.994     7.9973   3.407458    32.7009       1880     7.8292  0.000e+00
     28.940     7.9995   3.407496    32.6993       1881     7.8333  0.000e+00
     28.916     8.0004   3.407433    32.6978       1882     7.8375  0.000e+00
     28.880     8.0007   3.407477    32.6981       1883     7.8417  0.000e+00
     28.849     8.0007   3.407139    32.6945       1884     7.8458  0.000e+00
     28.822     8.0000   3.407652    32.7006       1885     7.8500  0.000e+00
     28.801     8.0010   3.407746    32.7006       1886     7.8542  0.000e+00
     28.774     8.0027   3.407558    32.6971       1887     7.8583  0.000e+00
     28.741     8.0027   3.407546    32.6970       1888     7.8625  0.000e+00
     28.693     8.0024   3.407808    32.7001       1889     7.8667  0.000e+00
     28.641     8.0036   3.408039    32.7014       1890     7.8708  0.000e+00
     28.584     8.0054   3.408096    32.7004       1891     7.8750  0.000e+00
     28.524     8.0067   3.408208    32.7004       1892     7.8792  0.000e+00
     28.464     8.0088   3.408564    32.7022       1893     7.8833  0.000e+00
     28.403     8.0117   3.408752    32.7016       1894     7.8875  0.000e+00
     28.346     8.0145   3.408952    32.7011       1895     7.8917  0.000e+00
     28.283     8.0172   3.409108    32.7003       1896     7.8958  0.000e+00
     28.219     8.0196   3.409383    32.7010       1897     7.9000  0.000e+00
     28.165     8.0218   3.409571    32.7010       1898     7.9042  0.000e+00
     28.114     8.0245   3.410408    32.7074       1899     7.9083  0.000e+00
     28.077     8.0294   3.411578    32.7153       1900     7.9125  0.000e+00
     28.035     8.0379   3.413735    32.7303       1901     7.9167  0.000e+00
     27.996     8.0528   3.415017    32.7300       1902     7.9208  0.000e+00
     27.957     8.0703   3.415543    32.7193       1903     7.9250  0.000e+00
     27.915     8.0836   3.415793    32.7095       1904     7.9292  0.000e+00
     27.875     8.0921   3.416387    32.7079       1905     7.9333  0.000e+00
     27.839     8.0990   3.416988    32.7079       1906     7.9375  0.000e+00
     27.803     8.1058   3.417363    32.7055       1907     7.9417  0.000e+00
     27.752     8.1115   3.417576    32.7025       1908     7.9458  0.000e+00
     27.712     8.1159   3.416800    32.6902       1909     7.9500  0.000e+00
     27.658     8.1161   3.415142    32.6724       1910     7.9542  0.000e+00
     27.610     8.1107   3.415286    32.6790       1911     7.9583  0.000e+00
     27.550     8.1073   3.416143    32.6913       1912     7.9625  0.000e+00
     27.498     8.1093   3.417282    32.7016       1913     7.9667  0.000e+00
     27.453     8.1165   3.418896    32.7120       1914     7.9708  0.000e+00
     27.387     8.1284   3.420054    32.7133       1915     7.9750  0.000e+00
     27.335     8.1432   3.421268    32.7123       1916     7.9792  0.000e+00
     27.287     8.1581   3.421944    32.7057       1917     7.9833  0.000e+00
     27.224     8.1718   3.424931    32.7246       1918     7.9875  0.000e+00
     27.164     8.1955   3.425745    32.7112       1919     7.9917  0.000e+00
     27.097     8.2184   3.427436    32.7077       1920     7.9958  0.000e+00
     27.037     8.2391   3.429102    32.7061       1921     8.0000  0.000e+00
     26.977     8.2618   3.432135    32.7171       1922     8.0042  0.000e+00
     26.919     8.2923   3.434555    32.7143       1923     8.0083  0.000e+00
     26.859     8.3265   3.436398    32.7020       1924     8.0125  0.000e+00
     26.814     8.3583   3.436736    32.6761       1925     8.0167  0.000e+00
     26.763     8.3785   3.436717    32.6571       1926     8.0208  0.000e+00
     26.714     8.3887   3.436736    32.6479       1927     8.0250  0.000e+00
     26.684     8.3932   3.436642    32.6427       1928     8.0292  0.000e+00
     26.651     8.3947   3.436629    32.6412       1929     8.0333  0.000e+00
     26.636     8.3947   3.436692    32.6419       1930     8.0375  0.000e+00
     26.615     8.3948   3.436993    32.6450       1931     8.0417  0.000e+00
     26.600     8.3961   3.436949    32.6434       1932     8.0458  0.000e+00
     26.594     8.3972   3.436717    32.6399       1933     8.0500  0.000e+00
     26.585     8.3961   3.436629    32.6400       1934     8.0542  0.000e+00
     26.573     8.3950   3.436592    32.6406       1935     8.0583  0.000e+00
     26.567     8.3942   3.436510    32.6405       1936     8.0625  0.000e+00
     26.543     8.3929   3.436485    32.6414       1937     8.0667  0.000e+00
     26.528     8.3924   3.436422    32.6413       1938     8.0708  0.000e+00
     26.497     8.3916   3.436228    32.6400       1939     8.0750  0.000e+00
     26.458     8.3899   3.436328    32.6426       1940     8.0792  0.000e+00
     26.431     8.3890   3.436334    32.6436       1941     8.0833  0.000e+00
     26.371     8.3890   3.436059    32.6407       1942     8.0875  0.000e+00
     26.325     8.3877   3.436209    32.6435       1943     8.0917  0.000e+00
     26.268     8.3882   3.436485    32.6460       1944     8.0958  0.000e+00
     26.208     8.3905   3.437683    32.6565       1945     8.1000  0.000e+00
     26.136     8.3979   3.439358    32.6673       1946     8.1042  0.000e+00
     26.063     8.4119   3.440455    32.6659       1947     8.1083  0.000e+00
     25.991     8.4262   3.441221    32.6607       1948     8.1125  0.000e+00
     25.915     8.4390   3.442180    32.6590       1949     8.1167  0.000e+00
     25.837     8.4526   3.444289    32.6687       1950     8.1208  0.000e+00
     25.767     8.4723   3.444816    32.6560       1951     8.1250  0.000e+00
     25.704     8.4886   3.445601    32.6492       1952     8.1292  0.000e+00
     25.641     8.5032   3.449035    32.6718       1953     8.1333  0.000e+00
     25.596     8.5296   3.451692    32.6753       1954     8.1375  0.000e+00
     25.547     8.5638   3.455449    32.6832       1955     8.1417  0.000e+00
     25.511     8.6057   3.459069    32.6824       1956     8.1458  0.000e+00
     25.481     8.6485   3.459767    32.6502       1957     8.1500  0.000e+00
     25.451     8.6785   3.460578    32.6310       1958     8.1542  0.000e+00
     25.439     8.6973   3.460037    32.6081       1959     8.1583  0.000e+00
     25.415     8.7051   3.460257    32.6032       1960     8.1625  0.000e+00
     25.409     8.7080   3.460150    32.5994       1961     8.1667  0.000e+00
     25.387     8.7091   3.460219    32.5990       1962     8.1708  0.000e+00
     25.375     8.7107   3.461816    32.6143       1963     8.1750  0.000e+00
     25.354     8.7189   3.462477    32.6137       1964     8.1792  0.000e+00
     25.327     8.7284   3.462816    32.6085       1965     8.1833  0.000e+00
     25.300     8.7356   3.462967    32.6035       1966     8.1875  0.000e+00
     25.261     8.7402   3.463112    32.6007       1967     8.1917  0.000e+00
     25.225     8.7438   3.463690    32.6035       1968     8.1958  0.000e+00
     25.179     8.7497   3.464225    32.6037       1969     8.2000  0.000e+00
     25.128     8.7568   3.464923    32.6045       1970     8.2042  0.000e+00
     25.089     8.7639   3.464546    32.5940       1971     8.2083  0.000e+00
     25.032     8.7673   3.464860    32.5942       1972     8.2125  0.000e+00
     24.974     8.7697   3.464860    32.5920       1973     8.2167  0.000e+00
     24.926     8.7714   3.465074    32.5927       1974     8.2208  0.000e+00
     24.863     8.7738   3.464967    32.5894       1975     8.2250  0.000e+00
     24.814     8.7754   3.465200    32.5904       1976     8.2292  0.000e+00
     24.760     8.7783   3.464992    32.5855       1977     8.2333  0.000e+00
     24.706     8.7815   3.464885    32.5815       1978     8.2375  0.000e+00
     24.661     8.7836   3.464885    32.5796       1979     8.2417  0.000e+00
     24.615     8.7844   3.464797    32.5780       1980     8.2458  0.000e+00
     24.582     8.7851   3.464797    32.5774       1981     8.2500  0.000e+00
     24.543     8.7855   3.465055    32.5797       1982     8.2542  0.000e+00
     24.516     8.7850   3.464702    32.5765       1983     8.2583  0.000e+00
     24.498     8.7848   3.464325    32.5728       1984     8.2625  0.000e+00
     24.474     8.7850   3.464394    32.5733       1985     8.2667  0.000e+00
     24.456     8.7851   3.464287    32.5721       1986     8.2708  0.000e+00
     24.444     8.7852   3.464199    32.5711       1987     8.2750  0.000e+00
     24.425     8.7850   3.464048    32.5697       1988     8.2792  0.000e+00
     24.419     8.7848   3.463218    32.5612       1989     8.2833  0.000e+00
     24.407     8.7826   3.463432    32.5654       1990     8.2875  0.000e+00
     24.386     8.7811   3.462859    32.5609       1991     8.2917  0.000e+00
     24.362     8.7790   3.461218    32.5457       1992     8.2958  0.000e+00
     24.329     8.7730   3.460218    32.5408       1993     8.3000  0.000e+00
     24.287     8.7671   3.462494    32.5700       1994     8.3042  0.000e+00
     24.254     8.7673   3.459677    32.5404       1995     8.3083  0.000e+00
     24.202     8.7633   3.459363    32.5408       1996     8.3125  0.000e+00
     24.151     8.7566   3.457275    32.5252       1997     8.3167  0.000e+00
     24.097     8.7474   3.457276    32.5336       1998     8.3208  0.000e+00
     24.030     8.7406   3.454981    32.5160       1999     8.3250  0.000e+00
     23.964     8.7299   3.450100    32.4748       2000     8.3292  0.000e+00
     23.907     8.7086   3.446150    32.4531       2001     8.3333  0.000e+00
     23.846     8.6824   3.443118    32.4454       2002     8.3375  0.000e+00
     23.783     8.6581   3.442297    32.4591       2003     8.3417  0.000e+00
     23.729     8.6408   3.442636    32.4786       2004     8.3458  0.000e+00
     23.693     8.6336   3.443565    32.4950       2005     8.3500  0.000e+00
     23.644     8.6346   3.443991    32.4986       2006     8.3542  0.000e+00
     23.626     8.6389   3.444581    32.5008       2007     8.3583  0.000e+00
     23.596     8.6441   3.444669    32.4969       2008     8.3625  0.000e+00
     23.581     8.6481   3.444544    32.4920       2009     8.3667  0.000e+00
     23.566     8.6495   3.443903    32.4839       2010     8.3708  0.000e+00
     23.563     8.6465   3.440540    32.4515       2011     8.3750  0.000e+00
     23.557     8.6362   3.443163    32.4885       2012     8.3792  0.000e+00
     23.554     8.6341   3.443357    32.4924       2013     8.3833  0.000e+00
     23.542     8.6361   3.443426    32.4913       2014     8.3875  0.000e+00
     23.533     8.6370   3.443590    32.4922       2015     8.3917  0.000e+00
     23.524     8.6381   3.443288    32.4881       2016     8.3958  0.000e+00
     23.506     8.6375   3.443269    32.4884       2017     8.4000  0.000e+00
     23.485     8.6364   3.440728    32.4628       2018     8.4042  0.000e+00
     23.454     8.6299   3.439197    32.4527       2019     8.4083  0.000e+00
     23.430     8.6181   3.434431    32.4137       2020     8.4125  0.000e+00
     23.406     8.5970   3.429918    32.3857       2021     8.4167  0.000e+00
     23.379     8.5673   3.431372    32.4282       2022     8.4208  0.000e+00
     23.343     8.5514   3.428264    32.4103       2023     8.4250  0.000e+00
     23.319     8.5357   3.427118    32.4126       2024     8.4292  0.000e+00
     23.273     8.5205   3.427770    32.4334       2025     8.4333  0.000e+00
     23.243     8.5135   3.428045    32.4428       2026     8.4375  0.000e+00
     23.192     8.5122   3.427181    32.4349       2027     8.4417  0.000e+00
     23.150     8.5091   3.426692    32.4326       2028     8.4458  0.000e+00
     23.105     8.5034   3.422972    32.3989       2029     8.4500  0.000e+00
     23.056     8.4880   3.421883    32.4016       2030     8.4542  0.000e+00
     23.002     8.4722   3.421877    32.4161       2031     8.4583  0.000e+00
     22.960     8.4630   3.422803    32.4343       2032     8.4625  0.000e+00
     22.900     8.4628   3.423874    32.4457       2033     8.4667  0.000e+00
     22.842     8.4686   3.425077    32.4531       2034     8.4708  0.000e+00
     22.785     8.4783   3.427137    32.4659       2035     8.4750  0.000e+00
     22.743     8.4934   3.431354    32.4963       2036     8.4792  0.000e+00
     22.700     8.5201   3.435510    32.5154       2037     8.4833  0.000e+00
     22.661     8.5555   3.438106    32.5101       2038     8.4875  0.000e+00
     22.637     8.5882   3.438997    32.4893       2039     8.4917  0.000e+00
     22.619     8.6112   3.439799    32.4766       2040     8.4958  0.000e+00
     22.607     8.6263   3.440050    32.4654       2041     8.5000  0.000e+00
     22.604     8.6350   3.440113    32.4580       2042     8.5042  0.000e+00
     22.619     8.6398   3.440132    32.4538       2043     8.5083  0.000e+00
     22.625     8.6419   3.439906    32.4495       2044     8.5125  0.000e+00
     22.640     8.6420   3.439416    32.4443       2045     8.5167  0.000e+00
     22.658     8.6389   3.438551    32.4381       2046     8.5208  0.000e+00
     22.676     8.6331   3.437591    32.4333       2047     8.5250  0.000e+00
     22.689     8.6246   3.436124    32.4257       2048     8.5292  0.000e+00
     22.691     8.6134   3.435233    32.4267       2049     8.5333  0.000e+00
     22.698     8.6017   3.434199    32.4266       2050     8.5375  0.000e+00
     22.704     8.5909   3.433390    32.4280       2051     8.5417  0.000e+00
     22.710     8.5810   3.432682    32.4297       2052     8.5458  0.000e+00
     22.701     8.5725   3.432657    32.4372       2053     8.5500  0.000e+00
     22.701     8.5673   3.432933    32.4449       2054     8.5542  0.000e+00
     22.689     8.5658   3.433039    32.4474       2055     8.5583  0.000e+00
     22.674     8.5657   3.433102    32.4482       2056     8.5625  0.000e+00
     22.655     8.5664   3.433986    32.4568       2057     8.5667  0.000e+00
     22.628     8.5704   3.434682    32.4605       2058     8.5708  0.000e+00
     22.592     8.5766   3.436237    32.4711       2059     8.5750  0.000e+00
     22.550     8.5867   3.438169    32.4820       2060     8.5792  0.000e+00
     22.499     8.6020   3.439843    32.4856       2061     8.5833  0.000e+00
