HB2302/sbe053.cnv
* Sea-Bird SBE 19plus V2 Data File:
* FileName = C:\cruise\data\sbe053.hex
* Software Version Seasave V 7.26.7.121
* Temperature SN = 4758
* Conductivity SN = 4758
* System UpLoad Time = Jun 13 2023 22:14:46
* NMEA Latitude = 39 42.54 N
* NMEA Longitude = 073 36.26 W
* NMEA UTC (Time) = Jun 13 2023 22:14:47
** Cruise: HB2302
** Program: Ecomon
** Chief Scientist: Jerry Prezioso
# nquan = 7
# nvalues = 1236                                  
# units = specified
# name 0 = depSM: Depth [salt water, m]
# name 1 = tv290C: Temperature [ITS-90, deg C]
# name 2 = c0S/m: Conductivity [S/m]
# name 3 = sal00: Salinity, Practical [PSU]
# name 4 = scan: Scan Count
# name 5 = timeM: Time, Elapsed [minutes]
# name 6 = flag:  0.000e+00
# span 0 =     -0.148,     33.253                 
# span 1 =    10.0704,    19.8755                 
# span 2 =   0.000017,   4.261434                 
# span 3 =     0.0098,    32.6458                 
# span 4 =         11,       1246                 
# span 5 =     0.0417,     5.1875                 
# span 6 = 0.0000e+00, 0.0000e+00                 
# interval = seconds: 0.25
# start_time = Jun 13 2023 22:14:47 [NMEA time, header]
# bad_flag = -9.990e-29
*END*
[from data line 616]
     21.744    14.4927   3.949557    32.3092        627     2.6083  0.000e+00
     21.717    14.4973   3.949981    32.3092        628     2.6125  0.000e+00
     21.687    14.5012   3.950644    32.3120        629     2.6167  0.000e+00
     21.648    14.5055   3.951287    32.3143        630     2.6208  0.000e+00
     21.609    14.5106   3.951950    32.3161        631     2.6250  0.000e+00
     21.567    14.5160   3.953064    32.3217        632     2.6292  0.000e+00
     21.506    14.5242   3.954298    32.3262        633     2.6333  0.000e+00
     21.452    14.5342   3.951545    32.2928        634     2.6375  0.000e+00
     21.380    14.5423   3.954417    32.3122        635     2.6417  0.000e+00
     21.307    14.5476   3.954371    32.3075        636     2.6458  0.000e+00
     21.226    14.5540   3.957150    32.3274        637     2.6500  0.000e+00
     21.144    14.5725   3.962931    32.3647        638     2.6542  0.000e+00
     21.063    14.6098   3.966649    32.3674        639     2.6583  0.000e+00
     20.988    14.6521   3.968933    32.3531        640     2.6625  0.000e+00
     20.915    14.6890   3.968886    32.3219        641     2.6667  0.000e+00
     20.846    14.7124   3.967909    32.2937        642     2.6708  0.000e+00
     20.780    14.7227   3.967311    32.2798        643     2.6750  0.000e+00
     20.716    14.7256   3.966979    32.2744        644     2.6792  0.000e+00
     20.668    14.7263   3.966953    32.2736        645     2.6833  0.000e+00
     20.626    14.7276   3.967404    32.2765        646     2.6875  0.000e+00
     20.590    14.7307   3.968122    32.2805        647     2.6917  0.000e+00
     20.563    14.7360   3.969025    32.2843        648     2.6958  0.000e+00
     20.535    14.7431   3.970008    32.2874        649     2.7000  0.000e+00
     20.517    14.7514   3.970958    32.2891        650     2.7042  0.000e+00
     20.496    14.7605   3.972367    32.2943        651     2.7083  0.000e+00
     20.478    14.7722   3.974041    32.2998        652     2.7125  0.000e+00
     20.454    14.7859   3.975710    32.3035        653     2.7167  0.000e+00
     20.427    14.8020   3.978369    32.3143        654     2.7208  0.000e+00
     20.388    14.8238   3.981594    32.3254        655     2.7250  0.000e+00
     20.355    14.8518   3.987010    32.3512        656     2.7292  0.000e+00
     20.313    14.8928   3.993274    32.3739        657     2.7333  0.000e+00
     20.246    14.9472   3.999169    32.3820        658     2.7375  0.000e+00
     20.180    15.0075   4.002880    32.3655        659     2.7417  0.000e+00
     20.102    15.0619   4.004920    32.3389        660     2.7458  0.000e+00
     20.023    15.1030   4.007306    32.3264        661     2.7500  0.000e+00
     19.939    15.1374   4.009387    32.3167        662     2.7542  0.000e+00
     19.848    15.1681   4.011655    32.3118        663     2.7583  0.000e+00
     19.761    15.1984   4.014357    32.3111        664     2.7625  0.000e+00
     19.664    15.2307   4.016392    32.3028        665     2.7667  0.000e+00
     19.583    15.2613   4.017507    32.2876        666     2.7708  0.000e+00
     19.495    15.2866   4.017907    32.2704        667     2.7750  0.000e+00
     19.426    15.3044   4.018033    32.2569        668     2.7792  0.000e+00
     19.360    15.3151   4.018013    32.2480        669     2.7833  0.000e+00
     19.302    15.3210   4.018133    32.2443        670     2.7875  0.000e+00
     19.254    15.3243   4.018133    32.2415        671     2.7917  0.000e+00
     19.206    15.3262   4.018086    32.2396        672     2.7958  0.000e+00
     19.176    15.3274   4.018086    32.2386        673     2.8000  0.000e+00
     19.146    15.3278   4.018140    32.2388        674     2.8042  0.000e+00
     19.119    15.3282   4.018180    32.2388        675     2.8083  0.000e+00
     19.092    15.3285   4.018106    32.2379        676     2.8125  0.000e+00
     19.065    15.3282   4.018206    32.2391        677     2.8167  0.000e+00
     19.032    15.3288   4.018280    32.2393        678     2.8208  0.000e+00
     19.010    15.3288   4.018206    32.2386        679     2.8250  0.000e+00
     18.977    15.3287   4.018133    32.2381        680     2.8292  0.000e+00
     18.941    15.3286   4.018133    32.2381        681     2.8333  0.000e+00
     18.899    15.3288   4.018140    32.2381        682     2.8375  0.000e+00
     18.857    15.3289   4.018086    32.2375        683     2.8417  0.000e+00
     18.818    15.3289   4.017959    32.2364        684     2.8458  0.000e+00
     18.776    15.3291   4.017939    32.2361        685     2.8500  0.000e+00
     18.724    15.3299   4.017893    32.2350        686     2.8542  0.000e+00
     18.679    15.3313   4.017939    32.2343        687     2.8583  0.000e+00
     18.628    15.3324   4.017939    32.2334        688     2.8625  0.000e+00
     18.562    15.3339   4.017952    32.2323        689     2.8667  0.000e+00
     18.498    15.3358   4.017765    32.2291        690     2.8708  0.000e+00
     18.450    15.3384   4.017378    32.2235        691     2.8750  0.000e+00
     18.390    15.3415   4.017165    32.2191        692     2.8792  0.000e+00
     18.329    15.3443   4.016971    32.2151        693     2.8833  0.000e+00
     18.272    15.3463   4.016730    32.2113        694     2.8875  0.000e+00
     18.215    15.3475   4.016537    32.2086        695     2.8917  0.000e+00
     18.164    15.3487   4.016243    32.2051        696     2.8958  0.000e+00
     18.106    15.3491   4.015642    32.1993        697     2.9000  0.000e+00
     18.061    15.3504   4.015515    32.1972        698     2.9042  0.000e+00
     18.019    15.3513   4.015302    32.1945        699     2.9083  0.000e+00
     17.974    15.3518   4.015082    32.1922        700     2.9125  0.000e+00
     17.941    15.3517   4.015008    32.1916        701     2.9167  0.000e+00
     17.908    15.3515   4.014481    32.1871        702     2.9208  0.000e+00
     17.883    15.3503   4.013753    32.1816        703     2.9250  0.000e+00
     17.844    15.3480   4.013313    32.1796        704     2.9292  0.000e+00
     17.817    15.3458   4.012666    32.1755        705     2.9333  0.000e+00
     17.787    15.3432   4.011478    32.1671        706     2.9375  0.000e+00
     17.751    15.3387   4.010297    32.1603        707     2.9417  0.000e+00
     17.715    15.3331   4.009817    32.1605        708     2.9458  0.000e+00
     17.667    15.3284   4.008343    32.1513        709     2.9500  0.000e+00
     17.612    15.3222   4.007109    32.1453        710     2.9542  0.000e+00
     17.558    15.3154   4.006749    32.1476        711     2.9583  0.000e+00
     17.498    15.3100   4.006289    32.1480        712     2.9625  0.000e+00
     17.431    15.3063   4.006142    32.1497        713     2.9667  0.000e+00
     17.371    15.3038   4.005976    32.1503        714     2.9708  0.000e+00
     17.308    15.3020   4.005689    32.1492        715     2.9750  0.000e+00
     17.244    15.3008   4.005642    32.1499        716     2.9792  0.000e+00
     17.184    15.3012   4.005909    32.1519        717     2.9833  0.000e+00
     17.124    15.3036   4.006029    32.1511        718     2.9875  0.000e+00
     17.067    15.3059   4.004942    32.1394        719     2.9917  0.000e+00
     17.021    15.3065   4.004342    32.1336        720     2.9958  0.000e+00
     16.973    15.3060   4.004315    32.1338        721     3.0000  0.000e+00
     16.931    15.3073   4.004695    32.1361        722     3.0042  0.000e+00
     16.901    15.3113   4.005155    32.1370        723     3.0083  0.000e+00
     16.865    15.3163   4.005542    32.1364        724     3.0125  0.000e+00
     16.840    15.3212   4.005762    32.1344        725     3.0167  0.000e+00
     16.807    15.3258   4.006002    32.1327        726     3.0208  0.000e+00
     16.771    15.3301   4.006508    32.1338        727     3.0250  0.000e+00
     16.738    15.3348   4.007162    32.1357        728     3.0292  0.000e+00
     16.702    15.3420   4.007955    32.1370        729     3.0333  0.000e+00
     16.666    15.3512   4.008729    32.1364        730     3.0375  0.000e+00
     16.627    15.3611   4.009463    32.1349        731     3.0417  0.000e+00
     16.581    15.3719   4.010463    32.1350        732     3.0458  0.000e+00
     16.530    15.3844   4.011190    32.1313        733     3.0500  0.000e+00
     16.482    15.3961   4.011650    32.1259        734     3.0542  0.000e+00
     16.437    15.4063   4.012351    32.1238        735     3.0583  0.000e+00
     16.401    15.4168   4.013198    32.1228        736     3.0625  0.000e+00
     16.355    15.4285   4.014092    32.1212        737     3.0667  0.000e+00
     16.316    15.4402   4.015033    32.1201        738     3.0708  0.000e+00
     16.283    15.4534   4.015453    32.1130        739     3.0750  0.000e+00
     16.256    15.4649   4.015493    32.1040        740     3.0792  0.000e+00
     16.226    15.4727   4.014792    32.0914        741     3.0833  0.000e+00
     16.205    15.4759   4.014405    32.0854        742     3.0875  0.000e+00
     16.184    15.4765   4.013945    32.0808        743     3.0917  0.000e+00
     16.163    15.4759   4.013651    32.0787        744     3.0958  0.000e+00
     16.136    15.4752   4.013631    32.0791        745     3.1000  0.000e+00
     16.102    15.4745   4.013584    32.0792        746     3.1042  0.000e+00
     16.075    15.4741   4.013564    32.0794        747     3.1083  0.000e+00
     16.033    15.4745   4.013484    32.0784        748     3.1125  0.000e+00
     15.985    15.4754   4.013511    32.0779        749     3.1167  0.000e+00
     15.937    15.4766   4.013217    32.0744        750     3.1208  0.000e+00
     15.879    15.4774   4.012950    32.0714        751     3.1250  0.000e+00
     15.828    15.4781   4.012950    32.0708        752     3.1292  0.000e+00
     15.771    15.4803   4.013411    32.0731        753     3.1333  0.000e+00
     15.719    15.4854   4.014018    32.0744        754     3.1375  0.000e+00
     15.656    15.4923   4.014945    32.0771        755     3.1417  0.000e+00
     15.605    15.5013   4.016340    32.0822        756     3.1458  0.000e+00
     15.544    15.5142   4.018223    32.0884        757     3.1500  0.000e+00
     15.478    15.5319   4.020960    32.0984        758     3.1542  0.000e+00
     15.409    15.5562   4.024814    32.1129        759     3.1583  0.000e+00
     15.345    15.5894   4.029692    32.1292        760     3.1625  0.000e+00
     15.288    15.6341   4.034211    32.1330        761     3.1667  0.000e+00
     15.237    15.6837   4.036618    32.1140        762     3.1708  0.000e+00
     15.192    15.7251   4.038638    32.0983        763     3.1750  0.000e+00
     15.152    15.7578   4.040471    32.0880        764     3.1792  0.000e+00
     15.122    15.7850   4.041829    32.0780        765     3.1833  0.000e+00
     15.092    15.8070   4.042511    32.0662        766     3.1875  0.000e+00
     15.077    15.8221   4.042899    32.0574        767     3.1917  0.000e+00
     15.065    15.8315   4.043220    32.0526        768     3.1958  0.000e+00
     15.044    15.8378   4.043515    32.0501        769     3.2000  0.000e+00
     15.035    15.8424   4.043662    32.0477        770     3.2042  0.000e+00
     15.017    15.8457   4.043829    32.0465        771     3.2083  0.000e+00
     15.005    15.8480   4.044084    32.0469        772     3.2125  0.000e+00
     14.990    15.8503   4.044780    32.0512        773     3.2167  0.000e+00
     14.969    15.8547   4.045757    32.0563        774     3.2208  0.000e+00
     14.942    15.8618   4.046835    32.0600        775     3.2250  0.000e+00
     14.918    15.8715   4.049105    32.0722        776     3.2292  0.000e+00
     14.879    15.8877   4.051335    32.0788        777     3.2333  0.000e+00
     14.842    15.9090   4.053432    32.0802        778     3.2375  0.000e+00
     14.803    15.9327   4.055951    32.0832        779     3.2417  0.000e+00
     14.767    15.9592   4.058545    32.0846        780     3.2458  0.000e+00
     14.728    15.9875   4.059792    32.0728        781     3.2500  0.000e+00
     14.676    16.0112   4.060723    32.0618        782     3.2542  0.000e+00
     14.640    16.0298   4.061923    32.0573        783     3.2583  0.000e+00
     14.595    16.0453   4.062688    32.0515        784     3.2625  0.000e+00
     14.553    16.0576   4.063620    32.0499        785     3.2667  0.000e+00
     14.499    16.0701   4.066014    32.0608        786     3.2708  0.000e+00
     14.444    16.0905   4.067692    32.0591        787     3.2750  0.000e+00
     14.387    16.1130   4.068825    32.0510        788     3.2792  0.000e+00
     14.333    16.1336   4.071161    32.0549        789     3.2833  0.000e+00
     14.272    16.1573   4.072798    32.0502        790     3.2875  0.000e+00
     14.224    16.1832   4.074846    32.0473        791     3.2917  0.000e+00
     14.182    16.2100   4.073516    32.0141        792     3.2958  0.000e+00
     14.134    16.2292   4.076249    32.0227        793     3.3000  0.000e+00
     14.091    16.2440   4.077209    32.0191        794     3.3042  0.000e+00
     14.064    16.2583   4.077947    32.0141        795     3.3083  0.000e+00
     14.037    16.2716   4.078713    32.0102        796     3.3125  0.000e+00
     14.013    16.2832   4.079069    32.0040        797     3.3167  0.000e+00
     13.986    16.2921   4.079552    32.0011        798     3.3208  0.000e+00
     13.962    16.2997   4.079774    31.9969        799     3.3250  0.000e+00
     13.941    16.3064   4.081373    32.0056        800     3.3292  0.000e+00
     13.920    16.3200   4.083281    32.0113        801     3.3333  0.000e+00
     13.883    16.3406   4.085250    32.0120        802     3.3375  0.000e+00
     13.847    16.3662   4.087670    32.0126        803     3.3417  0.000e+00
     13.799    16.3968   4.089391    32.0031        804     3.3458  0.000e+00
     13.754    16.4250   4.090191    31.9875        805     3.3500  0.000e+00
     13.702    16.4458   4.090883    31.9769        806     3.3542  0.000e+00
     13.651    16.4599   4.091603    31.9719        807     3.3583  0.000e+00
     13.606    16.4714   4.092578    31.9712        808     3.3625  0.000e+00
     13.555    16.4832   4.093533    31.9701        809     3.3667  0.000e+00
     13.503    16.4954   4.094542    31.9691        810     3.3708  0.000e+00
     13.452    16.5076   4.095241    31.9655        811     3.3750  0.000e+00
     13.401    16.5183   4.096251    31.9657        812     3.3792  0.000e+00
     13.370    16.5296   4.098189    31.9736        813     3.3833  0.000e+00
     13.334    16.5464   4.100188    31.9776        814     3.3875  0.000e+00
     13.292    16.5675   4.101238    31.9699        815     3.3917  0.000e+00
     13.262    16.5866   4.102597    31.9665        816     3.3958  0.000e+00
     13.223    16.6120   4.104052    31.9588        817     3.4000  0.000e+00
     13.184    16.6470   4.104886    31.9382        818     3.4042  0.000e+00
     13.141    16.6835   4.105579    31.9151        819     3.4083  0.000e+00
     13.105    16.7176   4.106084    31.8924        820     3.4125  0.000e+00
     13.066    16.7508   4.106400    31.8688        821     3.4167  0.000e+00
     13.024    16.7803   4.106743    31.8483        822     3.4208  0.000e+00
     12.981    16.8037   4.107127    31.8331        823     3.4250  0.000e+00
     12.942    16.8217   4.107363    31.8209        824     3.4292  0.000e+00
     12.903    16.8359   4.107538    31.8112        825     3.4333  0.000e+00
     12.867    16.8496   4.107699    31.8018        826     3.4375  0.000e+00
     12.822    16.8610   4.107786    31.7935        827     3.4417  0.000e+00
     12.773    16.8716   4.107860    31.7858        828     3.4458  0.000e+00
     12.725    16.8832   4.108312    31.7805        829     3.4500  0.000e+00
     12.665    16.8977   4.108682    31.7723        830     3.4542  0.000e+00
