HB2302/sbe031.cnv
* Sea-Bird SBE 19plus V2 Data File:
* FileName = C:\cruise\data\sbe031.hex
* Software Version Seasave V 7.26.7.121
* Temperature SN = 4758
* Conductivity SN = 4758
* System UpLoad Time = Jun 11 2023 22:20:00
* NMEA Latitude = 35 48.46 N
* NMEA Longitude = 074 50.35 W
* NMEA UTC (Time) = Jun 11 2023 22:20:01
** Cruise: HB2302
** Program: Ecomon
** Chief Scientist: Jerry Prezioso
# nquan = 7
# nvalues = 5828                                  
# units = specified
# name 0 = depSM: Depth [salt water, m]
# name 1 = tv290C: Temperature [ITS-90, deg C]
# name 2 = c0S/m: Conductivity [S/m]
# name 3 = sal00: Salinity, Practical [PSU]
# name 4 = scan: Scan Count
# name 5 = timeM: Time, Elapsed [minutes]
# name 6 = flag:  0.000e+00
# span 0 =     -0.035,    501.285                 
# span 1 =     6.1793,    20.6112                 
# span 2 =   0.000038,   4.608278                 
# span 3 =     0.0102,    36.0882                 
# span 4 =         11,       5838                 
# span 5 =     0.0417,    24.3208                 
# span 6 = 0.0000e+00, 0.0000e+00                 
# interval = seconds: 0.25
# start_time = Jun 11 2023 22:20:01 [NMEA time, header]
# bad_flag = -9.990e-29
*END*
[from data line 4924]
    181.662    14.2170   4.313061    35.8355       4935    20.5583  0.000e+00
    181.442    14.2275   4.314085    35.8354       4936    20.5625  0.000e+00
    181.231    14.2383   4.314236    35.8268       4937    20.5667  0.000e+00
    181.030    14.2455   4.314257    35.8205       4938    20.5708  0.000e+00
    180.825    14.2494   4.314256    35.8169       4939    20.5750  0.000e+00
    180.629    14.2510   4.314325    35.8161       4940    20.5792  0.000e+00
    180.421    14.2522   4.314359    35.8154       4941    20.5833  0.000e+00
    180.225    14.2531   4.314387    35.8150       4942    20.5875  0.000e+00
    180.020    14.2534   4.314387    35.8148       4943    20.5917  0.000e+00
    179.836    14.2540   4.314105    35.8116       4944    20.5958  0.000e+00
    179.631    14.2538   4.313830    35.8093       4945    20.6000  0.000e+00
    179.432    14.2531   4.313376    35.8059       4946    20.6042  0.000e+00
    179.230    14.2514   4.313300    35.8068       4947    20.6083  0.000e+00
    179.040    14.2503   4.313046    35.8056       4948    20.6125  0.000e+00
    178.841    14.2495   4.313176    35.8076       4949    20.6167  0.000e+00
    178.655    14.2497   4.313300    35.8087       4950    20.6208  0.000e+00
    178.462    14.2509   4.313348    35.8081       4951    20.6250  0.000e+00
    178.272    14.2521   4.313829    35.8115       4952    20.6292  0.000e+00
    178.079    14.2549   4.314757    35.8176       4953    20.6333  0.000e+00
    177.889    14.2596   4.315438    35.8196       4954    20.6375  0.000e+00
    177.696    14.2652   4.315664    35.8167       4955    20.6417  0.000e+00
    177.512    14.2695   4.316194    35.8177       4956    20.6458  0.000e+00
    177.319    14.2735   4.316929    35.8209       4957    20.6500  0.000e+00
    177.130    14.2786   4.317857    35.8248       4958    20.6542  0.000e+00
    176.937    14.2850   4.320478    35.8433       4959    20.6583  0.000e+00
    176.744    14.2984   4.325755    35.8800       4960    20.6625  0.000e+00
    176.551    14.3243   4.328941    35.8856       4961    20.6667  0.000e+00
    176.355    14.3534   4.333775    35.9036       4962    20.6708  0.000e+00
    176.159    14.3868   4.337446    35.9067       4963    20.6750  0.000e+00
    175.951    14.4195   4.338817    35.8892       4964    20.6792  0.000e+00
    175.746    14.4426   4.338789    35.8676       4965    20.6833  0.000e+00
    175.541    14.4559   4.338382    35.8515       4966    20.6875  0.000e+00
    175.327    14.4615   4.338127    35.8441       4967    20.6917  0.000e+00
    175.110    14.4632   4.337823    35.8398       4968    20.6958  0.000e+00
    174.887    14.4632   4.337803    35.8397       4969    20.7000  0.000e+00
    174.664    14.4630   4.337747    35.8395       4970    20.7042  0.000e+00
    174.447    14.4625   4.337699    35.8396       4971    20.7083  0.000e+00
    174.221    14.4622   4.337699    35.8400       4972    20.7125  0.000e+00
    173.995    14.4620   4.337596    35.8393       4973    20.7167  0.000e+00
    173.775    14.4618   4.337492    35.8386       4974    20.7208  0.000e+00
    173.564    14.4616   4.337506    35.8391       4975    20.7250  0.000e+00
    173.365    14.4612   4.337444    35.8389       4976    20.7292  0.000e+00
    173.157    14.4609   4.337416    35.8390       4977    20.7333  0.000e+00
    172.955    14.4608   4.337395    35.8390       4978    20.7375  0.000e+00
    172.756    14.4606   4.337264    35.8380       4979    20.7417  0.000e+00
    172.566    14.4602   4.337189    35.8378       4980    20.7458  0.000e+00
    172.367    14.4597   4.337037    35.8369       4981    20.7500  0.000e+00
    172.183    14.4589   4.336761    35.8352       4982    20.7542  0.000e+00
    171.981    14.4577   4.336706    35.8359       4983    20.7583  0.000e+00
    171.788    14.4568   4.336610    35.8359       4984    20.7625  0.000e+00
    171.592    14.4561   4.336554    35.8361       4985    20.7667  0.000e+00
    171.403    14.4556   4.336306    35.8344       4986    20.7708  0.000e+00
    171.204    14.4547   4.335796    35.8306       4987    20.7750  0.000e+00
    170.990    14.4525   4.335541    35.8303       4988    20.7792  0.000e+00
    170.791    14.4506   4.335314    35.8300       4989    20.7833  0.000e+00
    170.598    14.4487   4.335059    35.8295       4990    20.7875  0.000e+00
    170.396    14.4471   4.334983    35.8304       4991    20.7917  0.000e+00
    170.194    14.4460   4.334859    35.8304       4992    20.7958  0.000e+00
    169.998    14.4450   4.334480    35.8279       4993    20.8000  0.000e+00
    169.799    14.4437   4.334329    35.8277       4994    20.8042  0.000e+00
    169.612    14.4423   4.334053    35.8266       4995    20.8083  0.000e+00
    169.422    14.4411   4.333998    35.8273       4996    20.8125  0.000e+00
    169.226    14.4398   4.333695    35.8257       4997    20.8167  0.000e+00
    169.048    14.4383   4.333337    35.8239       4998    20.8208  0.000e+00
    168.855    14.4365   4.333034    35.8228       4999    20.8250  0.000e+00
    168.662    14.4348   4.332248    35.8172       5000    20.8292  0.000e+00
    168.464    14.4317   4.331691    35.8150       5001    20.8333  0.000e+00
    168.262    14.4278   4.330809    35.8106       5002    20.8375  0.000e+00
    168.060    14.4235   4.330327    35.8101       5003    20.8417  0.000e+00
    167.843    14.4197   4.329825    35.8091       5004    20.8458  0.000e+00
    167.635    14.4162   4.328985    35.8046       5005    20.8500  0.000e+00
    167.418    14.4122   4.327849    35.7979       5006    20.8542  0.000e+00
    167.210    14.4069   4.327394    35.7987       5007    20.8583  0.000e+00
    166.992    14.4022   4.327002    35.7994       5008    20.8625  0.000e+00
    166.784    14.3988   4.326658    35.7995       5009    20.8667  0.000e+00
    166.576    14.3963   4.326279    35.7984       5010    20.8708  0.000e+00
    166.368    14.3938   4.326107    35.7992       5011    20.8750  0.000e+00
    166.167    14.3915   4.326052    35.8009       5012    20.8792  0.000e+00
    165.962    14.3907   4.326024    35.8015       5013    20.8833  0.000e+00
    165.754    14.3899   4.326004    35.8021       5014    20.8875  0.000e+00
    165.552    14.3895   4.326004    35.8026       5015    20.8917  0.000e+00
    165.356    14.3892   4.325928    35.8022       5016    20.8958  0.000e+00
    165.145    14.3889   4.325824    35.8016       5017    20.9000  0.000e+00
    164.943    14.3885   4.325398    35.7981       5018    20.9042  0.000e+00
    164.741    14.3870   4.324620    35.7924       5019    20.9083  0.000e+00
    164.542    14.3838   4.323904    35.7888       5020    20.9125  0.000e+00
    164.346    14.3798   4.323732    35.7910       5021    20.9167  0.000e+00
    164.147    14.3768   4.323677    35.7933       5022    20.9208  0.000e+00
    163.945    14.3753   4.323808    35.7960       5023    20.9250  0.000e+00
    163.740    14.3747   4.323374    35.7927       5024    20.9292  0.000e+00
    163.532    14.3733   4.322370    35.7848       5025    20.9333  0.000e+00
    163.330    14.3693   4.321709    35.7824       5026    20.9375  0.000e+00
    163.116    14.3648   4.321406    35.7838       5027    20.9417  0.000e+00
    162.905    14.3613   4.321310    35.7863       5028    20.9458  0.000e+00
    162.691    14.3588   4.320980    35.7857       5029    20.9500  0.000e+00
    162.477    14.3567   4.320725    35.7853       5030    20.9542  0.000e+00
    162.266    14.3548   4.320519    35.7853       5031    20.9583  0.000e+00
    162.049    14.3529   4.319487    35.7775       5032    20.9625  0.000e+00
    161.826    14.3488   4.318056    35.7681       5033    20.9667  0.000e+00
    161.615    14.3419   4.318132    35.7753       5034    20.9708  0.000e+00
    161.407    14.3379   4.318208    35.7798       5035    20.9750  0.000e+00
    161.186    14.3362   4.318352    35.7827       5036    20.9792  0.000e+00
    160.966    14.3360   4.318104    35.7807       5037    20.9833  0.000e+00
    160.749    14.3353   4.318056    35.7810       5038    20.9875  0.000e+00
    160.532    14.3348   4.317802    35.7792       5039    20.9917  0.000e+00
    160.318    14.3338   4.317802    35.7802       5040    20.9958  0.000e+00
    160.113    14.3330   4.317774    35.7808       5041    21.0000  0.000e+00
    159.908    14.3325   4.317602    35.7797       5042    21.0042  0.000e+00
    159.703    14.3319   4.317396    35.7785       5043    21.0083  0.000e+00
    159.525    14.3307   4.317272    35.7785       5044    21.0125  0.000e+00
    159.344    14.3299   4.317272    35.7794       5045    21.0167  0.000e+00
    159.164    14.3294   4.317189    35.7792       5046    21.0208  0.000e+00
    158.995    14.3288   4.317196    35.7799       5047    21.0250  0.000e+00
    158.817    14.3285   4.317120    35.7795       5048    21.0292  0.000e+00
    158.654    14.3282   4.316742    35.7763       5049    21.0333  0.000e+00
    158.476    14.3269   4.316487    35.7752       5050    21.0375  0.000e+00
    158.313    14.3255   4.316769    35.7793       5051    21.0417  0.000e+00
    158.139    14.3255   4.316508    35.7769       5052    21.0458  0.000e+00
    157.967    14.3251   4.316845    35.7804       5053    21.0500  0.000e+00
    157.783    14.3255   4.316920    35.7809       5054    21.0542  0.000e+00
    157.590    14.3261   4.316260    35.7742       5055    21.0583  0.000e+00
    157.391    14.3248   4.315531    35.7688       5056    21.0625  0.000e+00
    157.186    14.3222   4.315792    35.7737       5057    21.0667  0.000e+00
    156.975    14.3218   4.317044    35.7857       5058    21.0708  0.000e+00
    156.752    14.3259   4.318577    35.7963       5059    21.0750  0.000e+00
    156.508    14.3336   4.319162    35.7947       5060    21.0792  0.000e+00
    156.266    14.3411   4.319842    35.7942       5061    21.0833  0.000e+00
    156.028    14.3473   4.320516    35.7948       5062    21.0875  0.000e+00
    155.772    14.3537   4.325270    35.8331       5063    21.0917  0.000e+00
    155.516    14.3724   4.329359    35.8537       5064    21.0958  0.000e+00
    155.259    14.4000   4.331589    35.8489       5065    21.1000  0.000e+00
    155.015    14.4240   4.334295    35.8519       5066    21.1042  0.000e+00
    154.780    14.4474   4.342281    35.9043       5067    21.1083  0.000e+00
    154.545    14.4863   4.349900    35.9389       5068    21.1125  0.000e+00
    154.325    14.5381   4.354101    35.9298       5069    21.1167  0.000e+00
    154.108    14.5839   4.357489    35.9188       5070    21.1208  0.000e+00
    153.903    14.6219   4.365575    35.9583       5071    21.1250  0.000e+00
    153.697    14.6696   4.371711    35.9707       5072    21.1292  0.000e+00
    153.511    14.7199   4.372222    35.9290       5073    21.1333  0.000e+00
    153.330    14.7522   4.375886    35.9330       5074    21.1375  0.000e+00
    153.149    14.7790   4.377780    35.9257       5075    21.1417  0.000e+00
    152.971    14.8015   4.379447    35.9204       5076    21.1458  0.000e+00
    152.793    14.8190   4.380138    35.9106       5077    21.1500  0.000e+00
    152.615    14.8314   4.380858    35.9059       5078    21.1542  0.000e+00
    152.428    14.8399   4.381093    35.9003       5079    21.1583  0.000e+00
    152.244    14.8454   4.381321    35.8973       5080    21.1625  0.000e+00
    152.057    14.8493   4.381397    35.8945       5081    21.1667  0.000e+00
    151.861    14.8522   4.381348    35.8915       5082    21.1708  0.000e+00
    151.668    14.8535   4.381424    35.8911       5083    21.1750  0.000e+00
    151.472    14.8544   4.381936    35.8950       5084    21.1792  0.000e+00
    151.270    14.8572   4.385272    35.9232       5085    21.1833  0.000e+00
    151.071    14.8689   4.386441    35.9232       5086    21.1875  0.000e+00
    150.866    14.8841   4.387943    35.9231       5087    21.1917  0.000e+00
    150.658    14.8979   4.390262    35.9317       5088    21.1958  0.000e+00
    150.447    14.9124   4.391626    35.9309       5089    21.2000  0.000e+00
    150.236    14.9266   4.396620    35.9637       5090    21.2042  0.000e+00
    150.022    14.9516   4.402553    35.9950       5091    21.2083  0.000e+00
    149.802    14.9890   4.408877    36.0186       5092    21.2125  0.000e+00
    149.579    15.0330   4.411984    36.0065       5093    21.2167  0.000e+00
    149.356    15.0707   4.412317    35.9749       5094    21.2208  0.000e+00
    149.139    15.0922   4.412580    35.9576       5095    21.2250  0.000e+00
    148.915    15.1036   4.413586    35.9564       5096    21.2292  0.000e+00
    148.701    15.1121   4.413926    35.9518       5097    21.2333  0.000e+00
    148.487    15.1175   4.414543    35.9525       5098    21.2375  0.000e+00
    148.276    15.1223   4.414855    35.9510       5099    21.2417  0.000e+00
    148.065    15.1270   4.418403    35.9792       5100    21.2458  0.000e+00
    147.860    15.1394   4.421749    35.9984       5101    21.2500  0.000e+00
    147.652    15.1597   4.423902    35.9995       5102    21.2542  0.000e+00
    147.447    15.1797   4.427098    36.0103       5103    21.2583  0.000e+00
    147.236    15.2020   4.427931    35.9975       5104    21.2625  0.000e+00
    147.031    15.2183   4.430398    36.0051       5105    21.2667  0.000e+00
    146.811    15.2365   4.434646    36.0271       5106    21.2708  0.000e+00
    146.600    15.2642   4.427694    35.9385       5107    21.2750  0.000e+00
    146.395    15.2691   4.423199    35.8932       5108    21.2792  0.000e+00
    146.184    15.2535   4.422268    35.8991       5109    21.2833  0.000e+00
    145.969    15.2396   4.422865    35.9173       5110    21.2875  0.000e+00
    145.767    15.2329   4.416095    35.8620       5111    21.2917  0.000e+00
    145.571    15.2064   4.393317    35.6789       5112    21.2958  0.000e+00
    145.372    15.1274   4.390021    35.7211       5113    21.3000  0.000e+00
    145.189    15.0589   4.375498    35.6512       5114    21.3042  0.000e+00
    144.986    14.9752   4.354167    35.5327       5115    21.3083  0.000e+00
    144.803    14.8615   4.348670    35.5862       5116    21.3125  0.000e+00
    144.610    14.7766   4.347298    35.6513       5117    21.3167  0.000e+00
    144.411    14.7248   4.343996    35.6686       5118    21.3208  0.000e+00
    144.199    14.6889   4.336216    35.6300       5119    21.3250  0.000e+00
    143.976    14.6462   4.333730    35.6464       5120    21.3292  0.000e+00
    143.762    14.6124   4.331127    35.6535       5121    21.3333  0.000e+00
    143.515    14.5868   4.328442    35.6524       5122    21.3375  0.000e+00
    143.265    14.5659   4.326852    35.6570       5123    21.3417  0.000e+00
    143.020    14.5520   4.326955    35.6709       5124    21.3458  0.000e+00
    142.767    14.5469   4.327258    35.6785       5125    21.3500  0.000e+00
    142.511    14.5469   4.327582    35.6816       5126    21.3542  0.000e+00
    142.263    14.5500   4.329502    35.6966       5127    21.3583  0.000e+00
    142.013    14.5586   4.330590    35.6988       5128    21.3625  0.000e+00
    141.784    14.5686   4.330466    35.6886       5129    21.3667  0.000e+00
    141.543    14.5744   4.331051    35.6887       5130    21.3708  0.000e+00
    141.329    14.5790   4.331202    35.6860       5131    21.3750  0.000e+00
    141.120    14.5820   4.331732    35.6881       5132    21.3792  0.000e+00
    140.921    14.5862   4.332972    35.6959       5133    21.3833  0.000e+00
    140.737    14.5923   4.332841    35.6891       5134    21.3875  0.000e+00
    140.578    14.5961   4.333150    35.6885       5135    21.3917  0.000e+00
    140.415    14.5989   4.332971    35.6844       5136    21.3958  0.000e+00
    140.267    14.6000   4.333880    35.6918       5137    21.4000  0.000e+00
    140.116    14.6036   4.334362    35.6930       5138    21.4042  0.000e+00
