HB2302/sbe002.cnv
* Sea-Bird SBE 19plus V2 Data File:
* FileName = C:\cruise\data\sbe002.hex
* Software Version Seasave V 7.26.7.121
* Temperature SN = 4758
* Conductivity SN = 4758
* System UpLoad Time = Jun 09 2023 02:38:51
* NMEA Latitude = 41 05.56 N
* NMEA Longitude = 071 08.79 W
* NMEA UTC (Time) = Jun 09 2023 02:38:53
** Cruise: HB2302
** Program: Ecomon
** Chief Scientist: Jerry Prezioso
# nquan = 7
# nvalues = 1477                                  
# units = specified
# name 0 = depSM: Depth [salt water, m]
# name 1 = tv290C: Temperature [ITS-90, deg C]
# name 2 = c0S/m: Conductivity [S/m]
# name 3 = sal00: Salinity, Practical [PSU]
# name 4 = scan: Scan Count
# name 5 = timeM: Time, Elapsed [minutes]
# name 6 = flag:  0.000e+00
# span 0 =     -0.159,     32.057                 
# span 1 =    11.0594,    14.8869                 
# span 2 =   0.000017,   3.940121                 
# span 3 =     0.0074,    32.2226                 
# span 4 =         11,       1487                 
# span 5 =     0.0417,     6.1917                 
# span 6 = 0.0000e+00, 0.0000e+00                 
# interval = seconds: 0.25
# start_time = Jun 09 2023 02:38:53 [NMEA time, header]
# bad_flag = -9.990e-29
*END*
[from data line 616]
     19.756    11.3196   3.644389    32.1286        627     2.6083  0.000e+00
     19.708    11.3222   3.644447    32.1269        628     2.6125  0.000e+00
     19.644    11.3242   3.644446    32.1251        629     2.6167  0.000e+00
     19.587    11.3257   3.644601    32.1254        630     2.6208  0.000e+00
     19.530    11.3271   3.644665    32.1248        631     2.6250  0.000e+00
     19.466    11.3288   3.644876    32.1254        632     2.6292  0.000e+00
     19.418    11.3308   3.645056    32.1255        633     2.6333  0.000e+00
     19.355    11.3331   3.645120    32.1241        634     2.6375  0.000e+00
     19.307    11.3353   3.645659    32.1276        635     2.6417  0.000e+00
     19.255    11.3391   3.646051    32.1281        636     2.6458  0.000e+00
     19.201    11.3431   3.646301    32.1271        637     2.6500  0.000e+00
     19.156    11.3475   3.646847    32.1286        638     2.6542  0.000e+00
     19.101    11.3524   3.647104    32.1269        639     2.6583  0.000e+00
     19.047    11.3572   3.647386    32.1255        640     2.6625  0.000e+00
     19.002    11.3613   3.647412    32.1222        641     2.6667  0.000e+00
     18.945    11.3637   3.647450    32.1205        642     2.6708  0.000e+00
     18.899    11.3655   3.647861    32.1230        643     2.6750  0.000e+00
     18.857    11.3685   3.648201    32.1238        644     2.6792  0.000e+00
     18.812    11.3725   3.648478    32.1230        645     2.6833  0.000e+00
     18.770    11.3765   3.648876    32.1234        646     2.6875  0.000e+00
     18.730    11.3812   3.649267    32.1231        647     2.6917  0.000e+00
     18.688    11.3870   3.649698    32.1223        648     2.6958  0.000e+00
     18.661    11.3935   3.649845    32.1181        649     2.7000  0.000e+00
     18.634    11.3987   3.650128    32.1164        650     2.7042  0.000e+00
     18.610    11.4029   3.650539    32.1168        651     2.7083  0.000e+00
     18.577    11.4080   3.650674    32.1137        652     2.7125  0.000e+00
     18.543    11.4121   3.651007    32.1134        653     2.7167  0.000e+00
     18.507    11.4164   3.651560    32.1151        654     2.7208  0.000e+00
     18.477    11.4224   3.651875    32.1130        655     2.7250  0.000e+00
     18.438    11.4286   3.651990    32.1087        656     2.7292  0.000e+00
     18.393    11.4324   3.651984    32.1054        657     2.7333  0.000e+00
     18.357    11.4345   3.652170    32.1054        658     2.7375  0.000e+00
     18.311    11.4364   3.652234    32.1044        659     2.7417  0.000e+00
     18.263    11.4386   3.652478    32.1049        660     2.7458  0.000e+00
     18.215    11.4416   3.652896    32.1064        661     2.7500  0.000e+00
     18.164    11.4462   3.653326    32.1066        662     2.7542  0.000e+00
     18.118    11.4525   3.653782    32.1056        663     2.7583  0.000e+00
     18.064    11.4594   3.654161    32.1034        664     2.7625  0.000e+00
     18.025    11.4659   3.654508    32.1011        665     2.7667  0.000e+00
     17.979    11.4717   3.654688    32.0979        666     2.7708  0.000e+00
     17.931    11.4761   3.654836    32.0955        667     2.7750  0.000e+00
     17.889    11.4792   3.654893    32.0934        668     2.7792  0.000e+00
     17.838    11.4816   3.654913    32.0915        669     2.7833  0.000e+00
     17.799    11.4832   3.654893    32.0899        670     2.7875  0.000e+00
     17.744    11.4841   3.654983    32.0901        671     2.7917  0.000e+00
     17.699    11.4851   3.655163    32.0910        672     2.7958  0.000e+00
     17.648    11.4868   3.655298    32.0909        673     2.8000  0.000e+00
     17.596    11.4890   3.655613    32.0920        674     2.8042  0.000e+00
     17.554    11.4916   3.655825    32.0919        675     2.8083  0.000e+00
     17.506    11.4942   3.655934    32.0907        676     2.8125  0.000e+00
     17.467    11.4970   3.656108    32.0900        677     2.8167  0.000e+00
     17.434    11.4992   3.656230    32.0893        678     2.8208  0.000e+00
     17.391    11.5016   3.656345    32.0884        679     2.8250  0.000e+00
     17.355    11.5042   3.656615    32.0887        680     2.8292  0.000e+00
     17.328    11.5074   3.656866    32.0884        681     2.8333  0.000e+00
     17.301    11.5105   3.657052    32.0876        682     2.8375  0.000e+00
     17.259    11.5130   3.657097    32.0859        683     2.8417  0.000e+00
     17.220    11.5151   3.657149    32.0845        684     2.8458  0.000e+00
     17.186    11.5169   3.657251    32.0841        685     2.8500  0.000e+00
     17.150    11.5189   3.657573    32.0854        686     2.8542  0.000e+00
     17.114    11.5217   3.657733    32.0846        687     2.8583  0.000e+00
     17.066    11.5242   3.657843    32.0835        688     2.8625  0.000e+00
     17.030    11.5264   3.657798    32.0812        689     2.8667  0.000e+00
     16.978    11.5280   3.657753    32.0793        690     2.8708  0.000e+00
     16.939    11.5291   3.657798    32.0788        691     2.8750  0.000e+00
     16.894    11.5311   3.657913    32.0783        692     2.8792  0.000e+00
     16.846    11.5338   3.658228    32.0791        693     2.8833  0.000e+00
     16.798    11.5378   3.658813    32.0813        694     2.8875  0.000e+00
     16.746    11.5436   3.659411    32.0822        695     2.8917  0.000e+00
     16.701    11.5502   3.659597    32.0782        696     2.8958  0.000e+00
     16.647    11.5553   3.659707    32.0749        697     2.9000  0.000e+00
     16.599    11.5591   3.659488    32.0695        698     2.9042  0.000e+00
     16.556    11.5616   3.659231    32.0648        699     2.9083  0.000e+00
     16.505    11.5636   3.659186    32.0627        700     2.9125  0.000e+00
     16.460    11.5650   3.658986    32.0596        701     2.9167  0.000e+00
     16.415    11.5661   3.658414    32.0531        702     2.9208  0.000e+00
     16.372    11.5667   3.658028    32.0488        703     2.9250  0.000e+00
     16.330    11.5670   3.657514    32.0435        704     2.9292  0.000e+00
     16.297    11.5671   3.657341    32.0418        705     2.9333  0.000e+00
     16.261    11.5670   3.657116    32.0397        706     2.9375  0.000e+00
     16.237    11.5667   3.656704    32.0360        707     2.9417  0.000e+00
     16.207    11.5660   3.656543    32.0350        708     2.9458  0.000e+00
     16.186    11.5654   3.656344    32.0336        709     2.9500  0.000e+00
     16.161    11.5648   3.656254    32.0332        710     2.9542  0.000e+00
     16.149    11.5646   3.656325    32.0341        711     2.9583  0.000e+00
     16.125    11.5651   3.656801    32.0383        712     2.9625  0.000e+00
     16.107    11.5683   3.657205    32.0395        713     2.9667  0.000e+00
     16.080    11.5728   3.657752    32.0409        714     2.9708  0.000e+00
     16.056    11.5785   3.658047    32.0389        715     2.9750  0.000e+00
     16.026    11.5840   3.658073    32.0345        716     2.9792  0.000e+00
     16.005    11.5885   3.658002    32.0298        717     2.9833  0.000e+00
     15.969    11.5916   3.658054    32.0277        718     2.9875  0.000e+00
     15.932    11.5943   3.658073    32.0255        719     2.9917  0.000e+00
     15.896    11.5966   3.658388    32.0267        720     2.9958  0.000e+00
     15.860    11.6002   3.659269    32.0321        721     3.0000  0.000e+00
     15.821    11.6070   3.661461    32.0476        722     3.0042  0.000e+00
     15.776    11.6223   3.664329    32.0624        723     3.0083  0.000e+00
     15.733    11.6472   3.665925    32.0563        724     3.0125  0.000e+00
     15.688    11.6723   3.668337    32.0581        725     3.0167  0.000e+00
     15.637    11.6988   3.669360    32.0452        726     3.0208  0.000e+00
     15.586    11.7211   3.670306    32.0351        727     3.0250  0.000e+00
     15.534    11.7386   3.671484    32.0315        728     3.0292  0.000e+00
     15.480    11.7547   3.672784    32.0303        729     3.0333  0.000e+00
     15.432    11.7724   3.673460    32.0216        730     3.0375  0.000e+00
     15.381    11.7872   3.674181    32.0158        731     3.0417  0.000e+00
     15.338    11.8001   3.675894    32.0213        732     3.0458  0.000e+00
     15.296    11.8170   3.677549    32.0229        733     3.0500  0.000e+00
     15.260    11.8377   3.680287    32.0316        734     3.0542  0.000e+00
     15.224    11.8619   3.680951    32.0172        735     3.0583  0.000e+00
     15.197    11.8811   3.681279    32.0038        736     3.0625  0.000e+00
     15.160    11.8933   3.681769    31.9981        737     3.0667  0.000e+00
     15.130    11.9020   3.682162    31.9945        738     3.0708  0.000e+00
     15.100    11.9092   3.683219    31.9985        739     3.0750  0.000e+00
     15.076    11.9190   3.684270    32.0002        740     3.0792  0.000e+00
     15.046    11.9305   3.685185    31.9992        741     3.0833  0.000e+00
     15.013    11.9425   3.686403    32.0006        742     3.0875  0.000e+00
     14.995    11.9556   3.687409    31.9991        743     3.0917  0.000e+00
     14.973    11.9688   3.688144    31.9949        744     3.0958  0.000e+00
     14.946    11.9802   3.688679    31.9903        745     3.1000  0.000e+00
     14.934    11.9893   3.689247    31.9879        746     3.1042  0.000e+00
     14.913    11.9972   3.689860    31.9871        747     3.1083  0.000e+00
     14.901    12.0051   3.690601    31.9875        748     3.1125  0.000e+00
     14.889    12.0134   3.691221    31.9863        749     3.1167  0.000e+00
     14.883    12.0220   3.691717    31.9838        750     3.1208  0.000e+00
     14.880    12.0298   3.691911    31.9790        751     3.1250  0.000e+00
     14.868    12.0351   3.692298    31.9781        752     3.1292  0.000e+00
     14.847    12.0397   3.692879    31.9798        753     3.1333  0.000e+00
     14.826    12.0455   3.693562    31.9814        754     3.1375  0.000e+00
     14.799    12.0535   3.694698    31.9856        755     3.1417  0.000e+00
     14.769    12.0643   3.696002    31.9889        756     3.1458  0.000e+00
     14.717    12.0780   3.697984    31.9962        757     3.1500  0.000e+00
     14.672    12.0965   3.700372    32.0033        758     3.1542  0.000e+00
     14.624    12.1204   3.703673    32.0147        759     3.1583  0.000e+00
     14.570    12.1523   3.708125    32.0301        760     3.1625  0.000e+00
     14.518    12.1949   3.713167    32.0421        761     3.1667  0.000e+00
     14.458    12.2484   3.717099    32.0340        762     3.1708  0.000e+00
     14.392    12.3010   3.718036    31.9981        763     3.1750  0.000e+00
     14.337    12.3373   3.719783    31.9839        764     3.1792  0.000e+00
     14.298    12.3632   3.721724    31.9803        765     3.1833  0.000e+00
     14.259    12.3866   3.723012    31.9727        766     3.1875  0.000e+00
     14.211    12.4072   3.724423    31.9687        767     3.1917  0.000e+00
     14.178    12.4259   3.725006    31.9583        768     3.1958  0.000e+00
     14.147    12.4396   3.725595    31.9523        769     3.2000  0.000e+00
     14.126    12.4500   3.726074    31.9480        770     3.2042  0.000e+00
     14.111    12.4581   3.726191    31.9422        771     3.2083  0.000e+00
     14.099    12.4632   3.726165    31.9377        772     3.2125  0.000e+00
     14.090    12.4653   3.726190    31.9362        773     3.2167  0.000e+00
     14.099    12.4663   3.726255    31.9359        774     3.2208  0.000e+00
     14.105    12.4671   3.726307    31.9357        775     3.2250  0.000e+00
     14.118    12.4675   3.726190    31.9343        776     3.2292  0.000e+00
     14.133    12.4669   3.726048    31.9334        777     3.2333  0.000e+00
     14.145    12.4661   3.725906    31.9327        778     3.2375  0.000e+00
     14.166    12.4644   3.725750    31.9326        779     3.2417  0.000e+00
     14.172    12.4625   3.725549    31.9324        780     3.2458  0.000e+00
     14.172    12.4599   3.725375    31.9329        781     3.2500  0.000e+00
     14.169    12.4577   3.725303    31.9341        782     3.2542  0.000e+00
     14.151    12.4557   3.725491    31.9376        783     3.2583  0.000e+00
     14.133    12.4556   3.725595    31.9387        784     3.2625  0.000e+00
     14.097    12.4572   3.726262    31.9437        785     3.2667  0.000e+00
     14.054    12.4612   3.727330    31.9505        786     3.2708  0.000e+00
     13.997    12.4699   3.730887    31.9770        787     3.2750  0.000e+00
     13.943    12.4929   3.735773    32.0041        788     3.2792  0.000e+00
     13.876    12.5317   3.739870    32.0101        789     3.2833  0.000e+00
     13.816    12.5776   3.745456    32.0243        790     3.2875  0.000e+00
     13.738    12.6317   3.750550    32.0267        791     3.2917  0.000e+00
     13.677    12.6897   3.756460    32.0335        792     3.2958  0.000e+00
     13.611    12.7527   3.761736    32.0301        793     3.3000  0.000e+00
     13.554    12.8143   3.765474    32.0132        794     3.3042  0.000e+00
     13.499    12.8676   3.767594    31.9882        795     3.3083  0.000e+00
     13.445    12.9068   3.768055    31.9594        796     3.3125  0.000e+00
     13.397    12.9301   3.769102    31.9497        797     3.3167  0.000e+00
     13.363    12.9454   3.768992    31.9357        798     3.3208  0.000e+00
     13.330    12.9535   3.769544    31.9341        799     3.3250  0.000e+00
     13.294    12.9594   3.769642    31.9301        800     3.3292  0.000e+00
     13.267    12.9633   3.769687    31.9272        801     3.3333  0.000e+00
     13.246    12.9652   3.769759    31.9263        802     3.3375  0.000e+00
     13.240    12.9664   3.769824    31.9260        803     3.3417  0.000e+00
     13.234    12.9674   3.770065    31.9274        804     3.3458  0.000e+00
     13.234    12.9682   3.769915    31.9252        805     3.3500  0.000e+00
     13.237    12.9687   3.769993    31.9255        806     3.3542  0.000e+00
     13.240    12.9687   3.769915    31.9248        807     3.3583  0.000e+00
     13.252    12.9685   3.770019    31.9260        808     3.3625  0.000e+00
     13.252    12.9689   3.770136    31.9268        809     3.3667  0.000e+00
     13.258    12.9692   3.770110    31.9262        810     3.3708  0.000e+00
     13.255    12.9694   3.770162    31.9266        811     3.3750  0.000e+00
     13.255    12.9696   3.770201    31.9268        812     3.3792  0.000e+00
     13.237    12.9699   3.770182    31.9263        813     3.3833  0.000e+00
     13.225    12.9701   3.770319    31.9275        814     3.3875  0.000e+00
     13.192    12.9708   3.770488    31.9285        815     3.3917  0.000e+00
     13.156    12.9718   3.770494    31.9277        816     3.3958  0.000e+00
     13.111    12.9724   3.770605    31.9282        817     3.4000  0.000e+00
     13.062    12.9734   3.771281    31.9338        818     3.4042  0.000e+00
     13.011    12.9769   3.771704    31.9349        819     3.4083  0.000e+00
     12.942    12.9823   3.772752    31.9403        820     3.4125  0.000e+00
     12.878    12.9899   3.773390    31.9398        821     3.4167  0.000e+00
     12.812    12.9982   3.773787    31.9366        822     3.4208  0.000e+00
     12.748    13.0047   3.774223    31.9353        823     3.4250  0.000e+00
     12.673    13.0107   3.774704    31.9348        824     3.4292  0.000e+00
     12.613    13.0160   3.774808    31.9313        825     3.4333  0.000e+00
     12.540    13.0199   3.774919    31.9291        826     3.4375  0.000e+00
     12.486    13.0223   3.774964    31.9275        827     3.4417  0.000e+00
     12.432    13.0236   3.775121    31.9279        828     3.4458  0.000e+00
     12.380    13.0254   3.775270    31.9279        829     3.4500  0.000e+00
     12.344    13.0269   3.775388    31.9277        830     3.4542  0.000e+00
