HB2302/sbe067.cnv
* Sea-Bird SBE 19plus V2 Data File:
* FileName = C:\cruise\data\sbe067.hex
* Software Version Seasave V 7.26.7.121
* Temperature SN = 4758
* Conductivity SN = 4758
* System UpLoad Time = Jun 15 2023 03:43:48
* NMEA Latitude = 40 58.27 N
* NMEA Longitude = 070 29.86 W
* NMEA UTC (Time) = Jun 15 2023 03:43:49
** Cruise: HB2302
** Program: Ecomon
** Chief Scientist: Jerry Prezioso
# nquan = 7
# nvalues = 1321                                  
# units = specified
# name 0 = depSM: Depth [salt water, m]
# name 1 = tv290C: Temperature [ITS-90, deg C]
# name 2 = c0S/m: Conductivity [S/m]
# name 3 = sal00: Salinity, Practical [PSU]
# name 4 = scan: Scan Count
# name 5 = timeM: Time, Elapsed [minutes]
# name 6 = flag:  0.000e+00
# span 0 =     -0.226,     41.897                 
# span 1 =    10.0990,    15.8529                 
# span 2 =   0.000074,   3.986916                 
# span 3 =     0.0080,    32.3846                 
# span 4 =         11,       1331                 
# span 5 =     0.0417,     5.5417                 
# span 6 = 0.0000e+00, 0.0000e+00                 
# interval = seconds: 0.25
# start_time = Jun 15 2023 03:43:49 [NMEA time, header]
# bad_flag = -9.990e-29
*END*
[from data line 821]
     16.815    10.9431   3.611517    32.1349        832     3.4625  0.000e+00
     16.746    10.9436   3.611542    32.1348        833     3.4667  0.000e+00
     16.676    10.9442   3.611561    32.1344        834     3.4708  0.000e+00
     16.613    10.9449   3.611606    32.1343        835     3.4750  0.000e+00
     16.550    10.9463   3.611721    32.1343        836     3.4792  0.000e+00
     16.501    10.9481   3.611785    32.1333        837     3.4833  0.000e+00
     16.459    10.9507   3.611811    32.1314        838     3.4875  0.000e+00
     16.417    10.9525   3.611830    32.1300        839     3.4917  0.000e+00
     16.390    10.9543   3.611900    32.1291        840     3.4958  0.000e+00
     16.360    10.9560   3.611874    32.1273        841     3.5000  0.000e+00
     16.326    10.9570   3.611887    32.1266        842     3.5042  0.000e+00
     16.302    10.9581   3.611874    32.1255        843     3.5083  0.000e+00
     16.263    10.9587   3.611740    32.1237        844     3.5125  0.000e+00
     16.224    10.9589   3.611676    32.1229        845     3.5167  0.000e+00
     16.173    10.9590   3.611676    32.1228        846     3.5208  0.000e+00
     16.124    10.9591   3.611721    32.1233        847     3.5250  0.000e+00
     16.067    10.9591   3.611676    32.1228        848     3.5292  0.000e+00
     16.004    10.9592   3.611695    32.1229        849     3.5333  0.000e+00
     15.949    10.9592   3.611695    32.1230        850     3.5375  0.000e+00
     15.886    10.9593   3.611631    32.1223        851     3.5417  0.000e+00
     15.823    10.9594   3.611612    32.1220        852     3.5458  0.000e+00
     15.771    10.9600   3.611650    32.1219        853     3.5500  0.000e+00
     15.711    10.9610   3.611695    32.1215        854     3.5542  0.000e+00
     15.654    10.9620   3.611829    32.1220        855     3.5583  0.000e+00
     15.602    10.9633   3.611785    32.1204        856     3.5625  0.000e+00
     15.545    10.9642   3.611765    32.1194        857     3.5667  0.000e+00
     15.491    10.9651   3.611759    32.1186        858     3.5708  0.000e+00
     15.443    10.9657   3.611810    32.1187        859     3.5750  0.000e+00
     15.385    10.9661   3.611784    32.1181        860     3.5792  0.000e+00
     15.331    10.9663   3.611874    32.1188        861     3.5833  0.000e+00
     15.271    10.9671   3.611989    32.1193        862     3.5875  0.000e+00
     15.207    10.9692   3.612015    32.1177        863     3.5917  0.000e+00
     15.147    10.9720   3.612079    32.1159        864     3.5958  0.000e+00
     15.084    10.9741   3.612142    32.1148        865     3.6000  0.000e+00
     15.017    10.9758   3.612232    32.1141        866     3.6042  0.000e+00
     14.954    10.9776   3.612232    32.1126        867     3.6083  0.000e+00
     14.891    10.9795   3.612206    32.1107        868     3.6125  0.000e+00
     14.830    10.9808   3.612168    32.1092        869     3.6167  0.000e+00
     14.791    10.9819   3.612123    32.1078        870     3.6208  0.000e+00
     14.752    10.9829   3.612213    32.1079        871     3.6250  0.000e+00
     14.716    10.9840   3.612232    32.1071        872     3.6292  0.000e+00
     14.692    10.9850   3.612213    32.1061        873     3.6333  0.000e+00
     14.683    10.9856   3.612142    32.1048        874     3.6375  0.000e+00
     14.665    10.9867   3.612168    32.1041        875     3.6417  0.000e+00
     14.655    10.9873   3.612168    32.1036        876     3.6458  0.000e+00
     14.634    10.9867   3.612142    32.1038        877     3.6500  0.000e+00
     14.634    10.9854   3.612142    32.1050        878     3.6542  0.000e+00
     14.622    10.9845   3.612123    32.1056        879     3.6583  0.000e+00
     14.598    10.9839   3.612168    32.1066        880     3.6625  0.000e+00
     14.586    10.9838   3.612187    32.1069        881     3.6667  0.000e+00
     14.550    10.9842   3.612187    32.1066        882     3.6708  0.000e+00
     14.502    10.9843   3.612187    32.1065        883     3.6750  0.000e+00
     14.463    10.9848   3.612296    32.1072        884     3.6792  0.000e+00
     14.384    10.9873   3.612705    32.1090        885     3.6833  0.000e+00
     14.312    10.9926   3.612814    32.1055        886     3.6875  0.000e+00
     14.227    10.9983   3.612794    32.1004        887     3.6917  0.000e+00
     14.149    11.0023   3.612903    32.0979        888     3.6958  0.000e+00
     14.068    11.0053   3.613261    32.0989        889     3.7000  0.000e+00
     13.995    11.0088   3.613383    32.0971        890     3.7042  0.000e+00
     13.923    11.0128   3.613510    32.0949        891     3.7083  0.000e+00
     13.866    11.0166   3.613779    32.0942        892     3.7125  0.000e+00
     13.817    11.0199   3.614048    32.0940        893     3.7167  0.000e+00
     13.781    11.0238   3.614227    32.0924        894     3.7208  0.000e+00
     13.757    11.0279   3.614105    32.0877        895     3.7250  0.000e+00
     13.736    11.0309   3.614137    32.0853        896     3.7292  0.000e+00
     13.721    11.0327   3.614182    32.0842        897     3.7333  0.000e+00
     13.709    11.0337   3.614201    32.0835        898     3.7375  0.000e+00
     13.706    11.0341   3.614182    32.0830        899     3.7417  0.000e+00
     13.694    11.0342   3.614195    32.0831        900     3.7458  0.000e+00
     13.679    11.0343   3.614182    32.0828        901     3.7500  0.000e+00
     13.667    11.0343   3.614201    32.0830        902     3.7542  0.000e+00
     13.652    11.0343   3.614201    32.0830        903     3.7583  0.000e+00
     13.625    11.0347   3.614182    32.0825        904     3.7625  0.000e+00
     13.591    11.0353   3.614214    32.0823        905     3.7667  0.000e+00
     13.552    11.0366   3.614227    32.0813        906     3.7708  0.000e+00
     13.519    11.0382   3.614271    32.0804        907     3.7750  0.000e+00
     13.483    11.0397   3.614425    32.0806        908     3.7792  0.000e+00
     13.429    11.0427   3.614630    32.0800        909     3.7833  0.000e+00
     13.383    11.0462   3.614706    32.0777        910     3.7875  0.000e+00
     13.329    11.0487   3.614719    32.0757        911     3.7917  0.000e+00
     13.278    11.0502   3.614809    32.0753        912     3.7958  0.000e+00
     13.220    11.0514   3.614719    32.0734        913     3.8000  0.000e+00
     13.163    11.0519   3.614738    32.0732        914     3.8042  0.000e+00
     13.097    11.0521   3.614744    32.0731        915     3.8083  0.000e+00
     13.042    11.0522   3.614808    32.0736        916     3.8125  0.000e+00
     12.979    11.0528   3.614917    32.0742        917     3.8167  0.000e+00
     12.916    11.0537   3.615077    32.0751        918     3.8208  0.000e+00
     12.849    11.0551   3.615167    32.0747        919     3.8250  0.000e+00
     12.798    11.0577   3.615275    32.0736        920     3.8292  0.000e+00
     12.750    11.0617   3.615474    32.0720        921     3.8333  0.000e+00
     12.699    11.0659   3.615595    32.0696        922     3.8375  0.000e+00
     12.653    11.0690   3.615685    32.0678        923     3.8417  0.000e+00
     12.617    11.0713   3.615704    32.0659        924     3.8458  0.000e+00
     12.587    11.0732   3.615685    32.0641        925     3.8500  0.000e+00
     12.566    11.0743   3.615685    32.0632        926     3.8542  0.000e+00
     12.548    11.0749   3.615749    32.0633        927     3.8583  0.000e+00
     12.524    11.0757   3.615749    32.0626        928     3.8625  0.000e+00
     12.503    11.0765   3.615749    32.0619        929     3.8667  0.000e+00
     12.476    11.0773   3.615774    32.0615        930     3.8708  0.000e+00
     12.454    11.0783   3.615812    32.0610        931     3.8750  0.000e+00
     12.418    11.0798   3.615883    32.0604        932     3.8792  0.000e+00
     12.382    11.0816   3.615908    32.0591        933     3.8833  0.000e+00
     12.334    11.0831   3.615953    32.0583        934     3.8875  0.000e+00
     12.295    11.0843   3.615953    32.0573        935     3.8917  0.000e+00
     12.262    11.0851   3.615940    32.0564        936     3.8958  0.000e+00
     12.219    11.0854   3.615972    32.0565        937     3.9000  0.000e+00
     12.174    11.0858   3.615972    32.0561        938     3.9042  0.000e+00
     12.141    11.0862   3.615972    32.0559        939     3.9083  0.000e+00
     12.105    11.0864   3.615972    32.0557        940     3.9125  0.000e+00
     12.069    11.0864   3.616049    32.0564        941     3.9167  0.000e+00
     12.038    11.0870   3.615998    32.0554        942     3.9208  0.000e+00
     12.011    11.0886   3.615998    32.0540        943     3.9250  0.000e+00
     11.969    11.0902   3.616042    32.0531        944     3.9292  0.000e+00
     11.930    11.0916   3.616062    32.0521        945     3.9333  0.000e+00
     11.891    11.0929   3.616094    32.0513        946     3.9375  0.000e+00
     11.845    11.0938   3.616151    32.0511        947     3.9417  0.000e+00
     11.791    11.0949   3.616266    32.0513        948     3.9458  0.000e+00
     11.731    11.0969   3.616285    32.0498        949     3.9500  0.000e+00
     11.670    11.0994   3.616401    32.0487        950     3.9542  0.000e+00
     11.601    11.1021   3.616433    32.0468        951     3.9583  0.000e+00
     11.538    11.1058   3.616599    32.0452        952     3.9625  0.000e+00
     11.465    11.1096   3.616778    32.0437        953     3.9667  0.000e+00
     11.399    11.1138   3.616893    32.0412        954     3.9708  0.000e+00
     11.345    11.1184   3.617091    32.0391        955     3.9750  0.000e+00
     11.302    11.1230   3.617219    32.0364        956     3.9792  0.000e+00
     11.272    11.1275   3.617296    32.0333        957     3.9833  0.000e+00
     11.242    11.1315   3.617360    32.0304        958     3.9875  0.000e+00
     11.233    11.1351   3.617341    32.0271        959     3.9917  0.000e+00
     11.233    11.1378   3.617430    32.0256        960     3.9958  0.000e+00
     11.230    11.1399   3.617392    32.0234        961     4.0000  0.000e+00
     11.218    11.1406   3.617405    32.0229        962     4.0042  0.000e+00
     11.206    11.1401   3.617430    32.0236        963     4.0083  0.000e+00
     11.191    11.1402   3.617584    32.0250        964     4.0125  0.000e+00
     11.164    11.1421   3.617763    32.0252        965     4.0167  0.000e+00
     11.140    11.1448   3.617885    32.0240        966     4.0208  0.000e+00
     11.107    11.1472   3.617897    32.0221        967     4.0250  0.000e+00
     11.071    11.1493   3.618057    32.0218        968     4.0292  0.000e+00
     11.019    11.1514   3.618147    32.0209        969     4.0333  0.000e+00
     10.971    11.1534   3.618307    32.0207        970     4.0375  0.000e+00
     10.914    11.1562   3.618524    32.0205        971     4.0417  0.000e+00
     10.869    11.1603   3.618864    32.0203        972     4.0458  0.000e+00
     10.817    11.1653   3.619203    32.0193        973     4.0500  0.000e+00
     10.769    11.1714   3.619676    32.0186        974     4.0542  0.000e+00
     10.733    11.1784   3.620118    32.0170        975     4.0583  0.000e+00
     10.694    11.1848   3.620361    32.0138        976     4.0625  0.000e+00
     10.664    11.1896   3.620393    32.0100        977     4.0667  0.000e+00
     10.633    11.1925   3.620438    32.0079        978     4.0708  0.000e+00
     10.606    11.1941   3.620457    32.0067        979     4.0750  0.000e+00
     10.573    11.1949   3.620451    32.0059        980     4.0792  0.000e+00
     10.543    11.1956   3.620572    32.0065        981     4.0833  0.000e+00
     10.510    11.1963   3.620752    32.0077        982     4.0875  0.000e+00
     10.471    11.1974   3.620886    32.0081        983     4.0917  0.000e+00
     10.422    11.1987   3.620860    32.0068        984     4.0958  0.000e+00
     10.368    11.1991   3.620815    32.0060        985     4.1000  0.000e+00
     10.323    11.1998   3.621270    32.0099        986     4.1042  0.000e+00
     10.277    11.2015   3.621084    32.0065        987     4.1083  0.000e+00
     10.241    11.2022   3.620950    32.0046        988     4.1125  0.000e+00
     10.202    11.2017   3.621174    32.0073        989     4.1167  0.000e+00
     10.172    11.2020   3.621007    32.0054        990     4.1208  0.000e+00
     10.151    11.2020   3.621200    32.0073        991     4.1250  0.000e+00
     10.142    11.2028   3.621199    32.0066        992     4.1292  0.000e+00
     10.127    11.2032   3.621424    32.0085        993     4.1333  0.000e+00
     10.121    11.2041   3.621449    32.0079        994     4.1375  0.000e+00
     10.109    11.2051   3.621558    32.0081        995     4.1417  0.000e+00
     10.088    11.2060   3.621603    32.0078        996     4.1458  0.000e+00
     10.060    11.2069   3.621737    32.0083        997     4.1500  0.000e+00
     10.021    11.2080   3.621827    32.0083        998     4.1542  0.000e+00
      9.976    11.2090   3.621859    32.0077        999     4.1583  0.000e+00
      9.916    11.2097   3.621897    32.0075       1000     4.1625  0.000e+00
      9.858    11.2105   3.621872    32.0066       1001     4.1667  0.000e+00
      9.795    11.2107   3.621961    32.0073       1002     4.1708  0.000e+00
      9.723    11.2109   3.622051    32.0081       1003     4.1750  0.000e+00
      9.644    11.2120   3.622633    32.0129       1004     4.1792  0.000e+00
      9.572    11.2151   3.622544    32.0094       1005     4.1833  0.000e+00
      9.511    11.2173   3.622499    32.0070       1006     4.1875  0.000e+00
      9.460    11.2180   3.623107    32.0124       1007     4.1917  0.000e+00
      9.430    11.2207   3.624189    32.0207       1008     4.1958  0.000e+00
      9.397    11.2268   3.623722    32.0108       1009     4.2000  0.000e+00
      9.373    11.2299   3.623805    32.0090       1010     4.2042  0.000e+00
      9.361    11.2308   3.624414    32.0142       1011     4.2083  0.000e+00
      9.352    11.2333   3.624100    32.0089       1012     4.2125  0.000e+00
      9.343    11.2344   3.624260    32.0096       1013     4.2167  0.000e+00
      9.328    11.2349   3.624388    32.0104       1014     4.2208  0.000e+00
      9.316    11.2357   3.623875    32.0046       1015     4.2250  0.000e+00
      9.291    11.2343   3.623600    32.0032       1016     4.2292  0.000e+00
      9.255    11.2320   3.623920    32.0083       1017     4.2333  0.000e+00
      9.219    11.2318   3.624234    32.0116       1018     4.2375  0.000e+00
      9.177    11.2334   3.624657    32.0144       1019     4.2417  0.000e+00
      9.119    11.2361   3.625425    32.0196       1020     4.2458  0.000e+00
      9.053    11.2405   3.625425    32.0158       1021     4.2500  0.000e+00
      9.002    11.2435   3.625425    32.0133       1022     4.2542  0.000e+00
      8.957    11.2449   3.625304    32.0108       1023     4.2583  0.000e+00
      8.917    11.2451   3.624817    32.0059       1024     4.2625  0.000e+00
      8.884    11.2431   3.625624    32.0155       1025     4.2667  0.000e+00
      8.860    11.2449   3.626187    32.0195       1026     4.2708  0.000e+00
      8.845    11.2487   3.625630    32.0108       1027     4.2750  0.000e+00
      8.839    11.2490   3.625739    32.0116       1028     4.2792  0.000e+00
      8.824    11.2492   3.626527    32.0192       1029     4.2833  0.000e+00
      8.812    11.2522   3.626706    32.0184       1030     4.2875  0.000e+00
      8.794    11.2552   3.626866    32.0173       1031     4.2917  0.000e+00
      8.770    11.2576   3.626764    32.0142       1032     4.2958  0.000e+00
      8.734    11.2589   3.626866    32.0141       1033     4.3000  0.000e+00
      8.709    11.2597   3.627244    32.0171       1034     4.3042  0.000e+00
      8.667    11.2616   3.627744    32.0204       1035     4.3083  0.000e+00
