HB2302/sbe072.cnv
* Sea-Bird SBE 19plus V2 Data File:
* FileName = C:\cruise\data\sbe072.hex
* Software Version Seasave V 7.26.7.121
* Temperature SN = 4758
* Conductivity SN = 4758
* System UpLoad Time = Jun 15 2023 13:51:34
* NMEA Latitude = 40 10.63 N
* NMEA Longitude = 069 26.56 W
* NMEA UTC (Time) = Jun 15 2023 13:51:35
** Cruise: HB2302
** Program: Ecomon
** Chief Scientist: Jerry Prezioso
# nquan = 7
# nvalues = 1911                                  
# units = specified
# name 0 = depSM: Depth [salt water, m]
# name 1 = tv290C: Temperature [ITS-90, deg C]
# name 2 = c0S/m: Conductivity [S/m]
# name 3 = sal00: Salinity, Practical [PSU]
# name 4 = scan: Scan Count
# name 5 = timeM: Time, Elapsed [minutes]
# name 6 = flag:  0.000e+00
# span 0 =     -0.180,     79.940                 
# span 1 =     7.2127,    23.4662                 
# span 2 =   0.000014,   5.036917                 
# span 3 =     0.0112,    37.9280                 
# span 4 =         11,       1921                 
# span 5 =     0.0417,     8.0000                 
# span 6 = 0.0000e+00, 0.0000e+00                 
# interval = seconds: 0.25
# start_time = Jun 15 2023 13:51:35 [NMEA time, header]
# bad_flag = -9.990e-29
*END*
[from data line 616]
     77.139     8.3104   3.504843    33.4180        627     2.6083  0.000e+00
     77.320     8.3108   3.504888    33.4179        628     2.6125  0.000e+00
     77.502     8.3112   3.504780    33.4164        629     2.6167  0.000e+00
     77.692     8.3106   3.504951    33.4186        630     2.6208  0.000e+00
     77.882     8.3111   3.505128    33.4199        631     2.6250  0.000e+00
     78.082     8.3117   3.505324    33.4214        632     2.6292  0.000e+00
     78.287     8.3129   3.505406    33.4210        633     2.6333  0.000e+00
     78.474     8.3137   3.505191    33.4178        634     2.6375  0.000e+00
     78.659     8.3132   3.505476    33.4212        635     2.6417  0.000e+00
     78.828     8.3135   3.505685    33.4231        636     2.6458  0.000e+00
     78.985     8.3149   3.505925    33.4242        637     2.6500  0.000e+00
     79.130     8.3167   3.505798    33.4212        638     2.6542  0.000e+00
     79.251     8.3172   3.505843    33.4211        639     2.6583  0.000e+00
     79.366     8.3173   3.505798    33.4205        640     2.6625  0.000e+00
     79.477     8.3172   3.505817    33.4207        641     2.6667  0.000e+00
     79.480     8.3167   3.505451    33.4173        642     2.6708  0.000e+00
     79.459     8.3147   3.505103    33.4155        643     2.6750  0.000e+00
     79.393     8.3119   3.505040    33.4175        644     2.6792  0.000e+00
     79.323     8.3101   3.505103    33.4200        645     2.6833  0.000e+00
     79.293     8.3091   3.505040    33.4202        646     2.6875  0.000e+00
     79.287     8.3088   3.504952    33.4197        647     2.6917  0.000e+00
     79.299     8.3081   3.504996    33.4207        648     2.6958  0.000e+00
     79.323     8.3080   3.505040    33.4213        649     2.7000  0.000e+00
     79.363     8.3082   3.505040    33.4211        650     2.7042  0.000e+00
     79.414     8.3083   3.505072    33.4213        651     2.7083  0.000e+00
     79.481     8.3083   3.505040    33.4210        652     2.7125  0.000e+00
     79.556     8.3085   3.505129    33.4216        653     2.7167  0.000e+00
     79.623     8.3089   3.505148    33.4214        654     2.7208  0.000e+00
     79.701     8.3092   3.505173    33.4213        655     2.7250  0.000e+00
     79.749     8.3094   3.505129    33.4207        656     2.7292  0.000e+00
     79.804     8.3093   3.505085    33.4203        657     2.7333  0.000e+00
     79.846     8.3090   3.505040    33.4201        658     2.7375  0.000e+00
     79.885     8.3088   3.505103    33.4209        659     2.7417  0.000e+00
     79.907     8.3086   3.505085    33.4209        660     2.7458  0.000e+00
     79.925     8.3085   3.504996    33.4201        661     2.7500  0.000e+00
     79.940     8.3081   3.504977    33.4202        662     2.7542  0.000e+00
     79.937     8.3076   3.504952    33.4204        663     2.7583  0.000e+00
     79.925     8.3074   3.504977    33.4209        664     2.7625  0.000e+00
     79.922     8.3075   3.504996    33.4210        665     2.7667  0.000e+00
     79.904     8.3076   3.505028    33.4213        666     2.7708  0.000e+00
     79.880     8.3076   3.504977    33.4208        667     2.7750  0.000e+00
     79.849     8.3076   3.504996    33.4210        668     2.7792  0.000e+00
     79.822     8.3074   3.504977    33.4209        669     2.7833  0.000e+00
     79.795     8.3074   3.504996    33.4212        670     2.7875  0.000e+00
     79.768     8.3075   3.505040    33.4216        671     2.7917  0.000e+00
     79.747     8.3074   3.505173    33.4231        672     2.7958  0.000e+00
     79.726     8.3078   3.505173    33.4227        673     2.8000  0.000e+00
     79.705     8.3085   3.505628    33.4269        674     2.8042  0.000e+00
     79.677     8.3101   3.506039    33.4297        675     2.8083  0.000e+00
     79.647     8.3122   3.506058    33.4279        676     2.8125  0.000e+00
     79.620     8.3136   3.505925    33.4252        677     2.8167  0.000e+00
     79.575     8.3138   3.505407    33.4195        678     2.8208  0.000e+00
     79.545     8.3124   3.505103    33.4177        679     2.8250  0.000e+00
     79.499     8.3103   3.505002    33.4186        680     2.8292  0.000e+00
     79.460     8.3088   3.505192    33.4221        681     2.8333  0.000e+00
     79.421     8.3087   3.505103    33.4213        682     2.8375  0.000e+00
     79.385     8.3083   3.505065    33.4212        683     2.8417  0.000e+00
     79.354     8.3080   3.505065    33.4215        684     2.8458  0.000e+00
     79.321     8.3078   3.505065    33.4217        685     2.8500  0.000e+00
     79.303     8.3077   3.505084    33.4221        686     2.8542  0.000e+00
     79.282     8.3076   3.505148    33.4229        687     2.8583  0.000e+00
     79.267     8.3080   3.505148    33.4225        688     2.8625  0.000e+00
     79.255     8.3081   3.505040    33.4212        689     2.8667  0.000e+00
     79.252     8.3078   3.504977    33.4208        690     2.8708  0.000e+00
     79.246     8.3076   3.505021    33.4215        691     2.8750  0.000e+00
     79.234     8.3074   3.505065    33.4221        692     2.8792  0.000e+00
     79.219     8.3075   3.505065    33.4221        693     2.8833  0.000e+00
     79.207     8.3079   3.505255    33.4237        694     2.8875  0.000e+00
     79.183     8.3084   3.505369    33.4245        695     2.8917  0.000e+00
     79.155     8.3089   3.505388    33.4242        696     2.8958  0.000e+00
     79.128     8.3096   3.505432    33.4240        697     2.9000  0.000e+00
     79.092     8.3101   3.505299    33.4221        698     2.9042  0.000e+00
     79.059     8.3101   3.505324    33.4225        699     2.9083  0.000e+00
     79.017     8.3096   3.505040    33.4199        700     2.9125  0.000e+00
     78.962     8.3086   3.504996    33.4204        701     2.9167  0.000e+00
     78.911     8.3082   3.504977    33.4206        702     2.9208  0.000e+00
     78.848     8.3078   3.504869    33.4199        703     2.9250  0.000e+00
     78.790     8.3074   3.504585    33.4172        704     2.9292  0.000e+00
     78.703     8.3069   3.504844    33.4205        705     2.9333  0.000e+00
     78.615     8.3068   3.504825    33.4205        706     2.9375  0.000e+00
     78.518     8.3064   3.504844    33.4211        707     2.9417  0.000e+00
     78.410     8.3064   3.504781    33.4205        708     2.9458  0.000e+00
     78.298     8.3063   3.504806    33.4209        709     2.9500  0.000e+00
     78.174     8.3061   3.504800    33.4211        710     2.9542  0.000e+00
     78.047     8.3062   3.504692    33.4199        711     2.9583  0.000e+00
     77.915     8.3059   3.504692    33.4202        712     2.9625  0.000e+00
     77.791     8.3058   3.504673    33.4202        713     2.9667  0.000e+00
     77.664     8.3058   3.504717    33.4208        714     2.9708  0.000e+00
     77.549     8.3056   3.504717    33.4210        715     2.9750  0.000e+00
     77.441     8.3058   3.504629    33.4199        716     2.9792  0.000e+00
     77.332     8.3057   3.504610    33.4199        717     2.9833  0.000e+00
     77.244     8.3052   3.504540    33.4196        718     2.9875  0.000e+00
     77.169     8.3051   3.504540    33.4198        719     2.9917  0.000e+00
     77.112     8.3048   3.504502    33.4197        720     2.9958  0.000e+00
     77.066     8.3045   3.504458    33.4195        721     3.0000  0.000e+00
     77.033     8.3044   3.504521    33.4203        722     3.0042  0.000e+00
     77.021     8.3043   3.504540    33.4206        723     3.0083  0.000e+00
     77.003     8.3044   3.504597    33.4211        724     3.0125  0.000e+00
     76.994     8.3048   3.504629    33.4211        725     3.0167  0.000e+00
     76.988     8.3050   3.504584    33.4204        726     3.0208  0.000e+00
     76.976     8.3050   3.504565    33.4202        727     3.0250  0.000e+00
     76.949     8.3049   3.504521    33.4198        728     3.0292  0.000e+00
     76.916     8.3048   3.504477    33.4195        729     3.0333  0.000e+00
     76.867     8.3044   3.504433    33.4194        730     3.0375  0.000e+00
     76.804     8.3042   3.504433    33.4197        731     3.0417  0.000e+00
     76.740     8.3041   3.504502    33.4205        732     3.0458  0.000e+00
     76.650     8.3042   3.504350    33.4189        733     3.0500  0.000e+00
     76.559     8.3038   3.504003    33.4156        734     3.0542  0.000e+00
     76.454     8.3020   3.504110    33.4185        735     3.0583  0.000e+00
     76.339     8.3014   3.504199    33.4201        736     3.0625  0.000e+00
     76.227     8.3015   3.503958    33.4174        737     3.0667  0.000e+00
     76.110     8.3008   3.503889    33.4175        738     3.0708  0.000e+00
     75.995     8.3001   3.503939    33.4187        739     3.0750  0.000e+00
     75.880     8.2999   3.504047    33.4201        740     3.0792  0.000e+00
     75.774     8.3000   3.504066    33.4202        741     3.0833  0.000e+00
     75.669     8.3004   3.504091    33.4202        742     3.0875  0.000e+00
     75.578     8.3006   3.504091    33.4200        743     3.0917  0.000e+00
     75.488     8.3010   3.503983    33.4185        744     3.0958  0.000e+00
     75.403     8.3007   3.503958    33.4186        745     3.1000  0.000e+00
     75.328     8.3004   3.504173    33.4212        746     3.1042  0.000e+00
     75.258     8.3009   3.504306    33.4221        747     3.1083  0.000e+00
     75.192     8.3020   3.504350    33.4216        748     3.1125  0.000e+00
     75.119     8.3027   3.504394    33.4215        749     3.1167  0.000e+00
     75.047     8.3035   3.504350    33.4203        750     3.1208  0.000e+00
     74.972     8.3035   3.504394    33.4208        751     3.1250  0.000e+00
     74.881     8.3038   3.504369    33.4203        752     3.1292  0.000e+00
     74.787     8.3038   3.504261    33.4191        753     3.1333  0.000e+00
     74.682     8.3032   3.504242    33.4196        754     3.1375  0.000e+00
     74.573     8.3028   3.504324    33.4209        755     3.1417  0.000e+00
     74.455     8.3030   3.504217    33.4196        756     3.1458  0.000e+00
     74.341     8.3028   3.504217    33.4198        757     3.1500  0.000e+00
     74.232     8.3027   3.504046    33.4182        758     3.1542  0.000e+00
     74.126     8.3022   3.504090    33.4192        759     3.1583  0.000e+00
     74.021     8.3018   3.504173    33.4205        760     3.1625  0.000e+00
     73.930     8.3020   3.504154    33.4201        761     3.1667  0.000e+00
     73.849     8.3021   3.504090    33.4194        762     3.1708  0.000e+00
     73.773     8.3017   3.503376    33.4123        763     3.1750  0.000e+00
     73.710     8.2993   3.502833    33.4088        764     3.1792  0.000e+00
     73.655     8.2955   3.502984    33.4140        765     3.1833  0.000e+00
     73.616     8.2935   3.503319    33.4195        766     3.1875  0.000e+00
     73.586     8.2937   3.503136    33.4174        767     3.1917  0.000e+00
     73.556     8.2935   3.502833    33.4144        768     3.1958  0.000e+00
     73.532     8.2922   3.502858    33.4159        769     3.2000  0.000e+00
     73.508     8.2916   3.502706    33.4149        770     3.2042  0.000e+00
     73.484     8.2910   3.502574    33.4141        771     3.2083  0.000e+00
     73.469     8.2898   3.502530    33.4147        772     3.2125  0.000e+00
     73.429     8.2888   3.502643    33.4169        773     3.2167  0.000e+00
     73.387     8.2888   3.502599    33.4164        774     3.2208  0.000e+00
     73.330     8.2888   3.502599    33.4164        775     3.2250  0.000e+00
     73.257     8.2885   3.500975    33.3996        776     3.2292  0.000e+00
     73.170     8.2837   3.499901    33.3928        777     3.2333  0.000e+00
     73.073     8.2762   3.499358    33.3942        778     3.2375  0.000e+00
     72.965     8.2699   3.498341    33.3895        779     3.2417  0.000e+00
     72.838     8.2623   3.494528    33.3563        780     3.2458  0.000e+00
     72.702     8.2466   3.494446    33.3703        781     3.2500  0.000e+00
     72.554     8.2352   3.493732    33.3737        782     3.2542  0.000e+00
     72.409     8.2266   3.489473    33.3367        783     3.2583  0.000e+00
     72.258     8.2084   3.489044    33.3496        784     3.2625  0.000e+00
     72.113     8.1953   3.489536    33.3672        785     3.2667  0.000e+00
     71.983     8.1901   3.489883    33.3759        786     3.2708  0.000e+00
     71.848     8.1888   3.490009    33.3786        787     3.2750  0.000e+00
     71.739     8.1893   3.490287    33.3811        788     3.2792  0.000e+00
     71.633     8.1907   3.490363    33.3807        789     3.2833  0.000e+00
     71.543     8.1913   3.490804    33.3848        790     3.2875  0.000e+00
     71.464     8.1927   3.488804    33.3622        791     3.2917  0.000e+00
     71.401     8.1889   3.488482    33.3625        792     3.2958  0.000e+00
     71.350     8.1847   3.486376    33.3442        793     3.3000  0.000e+00
     71.295     8.1736   3.480903    33.2965        794     3.3042  0.000e+00
     71.244     8.1517   3.480884    33.3171        795     3.3083  0.000e+00
     71.187     8.1362   3.479832    33.3207        796     3.3125  0.000e+00
     71.117     8.1255   3.478074    33.3122        797     3.3167  0.000e+00
     71.051     8.1145   3.476196    33.3027        798     3.3208  0.000e+00
     70.979     8.1026   3.475529    33.3070        799     3.3250  0.000e+00
     70.921     8.0926   3.473217    33.2918        800     3.3292  0.000e+00
     70.855     8.0810   3.472298    33.2931        801     3.3333  0.000e+00
     70.779     8.0703   3.471120    33.2907        802     3.3375  0.000e+00
     70.695     8.0610   3.470755    33.2958        803     3.3417  0.000e+00
     70.604     8.0546   3.470233    33.2963        804     3.3458  0.000e+00
     70.511     8.0491   3.469729    33.2962        805     3.3500  0.000e+00
     70.408     8.0445   3.469024    33.2931        806     3.3542  0.000e+00
     70.290     8.0403   3.468747    33.2942        807     3.3583  0.000e+00
     70.173     8.0365   3.468703    33.2974        808     3.3625  0.000e+00
     70.043     8.0341   3.468130    33.2936        809     3.3667  0.000e+00
     69.901     8.0315   3.467747    33.2920        810     3.3708  0.000e+00
     69.774     8.0284   3.467287    33.2902        811     3.3750  0.000e+00
     69.633     8.0252   3.466872    33.2888        812     3.3792  0.000e+00
     69.494     8.0219   3.466079    33.2836        813     3.3833  0.000e+00
     69.352     8.0177   3.465097    33.2772        814     3.3875  0.000e+00
     69.222     8.0128   3.463927    33.2694        815     3.3917  0.000e+00
     69.083     8.0072   3.463134    33.2663        816     3.3958  0.000e+00
     68.932     8.0017   3.462682    33.2668        817     3.4000  0.000e+00
     68.793     7.9973   3.462090    33.2647        818     3.4042  0.000e+00
     68.642     7.9935   3.460939    33.2562        819     3.4083  0.000e+00
     68.504     7.9878   3.458877    33.2396        820     3.4125  0.000e+00
     68.359     7.9779   3.458047    33.2402        821     3.4167  0.000e+00
     68.226     7.9688   3.457343    33.2414        822     3.4208  0.000e+00
     68.081     7.9615   3.456746    33.2421        823     3.4250  0.000e+00
     67.948     7.9559   3.456048    33.2400        824     3.4292  0.000e+00
     67.818     7.9510   3.455156    33.2352        825     3.4333  0.000e+00
     67.689     7.9456   3.454559    33.2340        826     3.4375  0.000e+00
     67.568     7.9404   3.453987    33.2329        827     3.4417  0.000e+00
     67.456     7.9359   3.453183    33.2286        828     3.4458  0.000e+00
     67.345     7.9308   3.450839    33.2085        829     3.4500  0.000e+00
     67.242     7.9210   3.448654    33.1945        830     3.4542  0.000e+00
