HB2302/sbe056.cnv
* Sea-Bird SBE 19plus V2 Data File:
* FileName = C:\cruise\data\sbe056.hex
* Software Version Seasave V 7.26.7.121
* Temperature SN = 4758
* Conductivity SN = 4758
* System UpLoad Time = Jun 14 2023 05:22:20
* NMEA Latitude = 40 04.09 N
* NMEA Longitude = 072 57.96 W
* NMEA UTC (Time) = Jun 14 2023 05:22:21
** Cruise: HB2302
** Program: Ecomon
** Chief Scientist: Jerry Prezioso
# nquan = 7
# nvalues = 1616                                  
# units = specified
# name 0 = depSM: Depth [salt water, m]
# name 1 = tv290C: Temperature [ITS-90, deg C]
# name 2 = c0S/m: Conductivity [S/m]
# name 3 = sal00: Salinity, Practical [PSU]
# name 4 = scan: Scan Count
# name 5 = timeM: Time, Elapsed [minutes]
# name 6 = flag:  0.000e+00
# span 0 =     -0.166,     45.732                 
# span 1 =     7.4091,    17.4155                 
# span 2 =   0.000080,   4.214853                 
# span 3 =     0.0087,    32.9260                 
# span 4 =         11,       1626                 
# span 5 =     0.0417,     6.7708                 
# span 6 = 0.0000e+00, 0.0000e+00                 
# interval = seconds: 0.25
# start_time = Jun 14 2023 05:22:21 [NMEA time, header]
# bad_flag = -9.990e-29
*END*
[from data line 1026]
     20.139    13.5666   3.907632    32.7053       1037     4.3167  0.000e+00
     20.090    13.5596   3.905546    32.6919       1038     4.3208  0.000e+00
     20.054    13.5496   3.904101    32.6869       1039     4.3250  0.000e+00
     20.033    13.5381   3.901574    32.6733       1040     4.3292  0.000e+00
     20.009    13.5253   3.901165    32.6803       1041     4.3333  0.000e+00
     20.009    13.5162   3.900968    32.6863       1042     4.3375  0.000e+00
     20.003    13.5109   3.900783    32.6892       1043     4.3417  0.000e+00
     20.000    13.5074   3.900315    32.6878       1044     4.3458  0.000e+00
     19.988    13.5045   3.900170    32.6889       1045     4.3500  0.000e+00
     19.978    13.5020   3.899985    32.6893       1046     4.3542  0.000e+00
     19.972    13.5001   3.899497    32.6864       1047     4.3583  0.000e+00
     19.957    13.4976   3.898785    32.6818       1048     4.3625  0.000e+00
     19.939    13.4940   3.898283    32.6803       1049     4.3667  0.000e+00
     19.918    13.4900   3.897347    32.6750       1050     4.3708  0.000e+00
     19.894    13.4849   3.896272    32.6693       1051     4.3750  0.000e+00
     19.861    13.4791   3.895811    32.6700       1052     4.3792  0.000e+00
     19.822    13.4744   3.895811    32.6740       1053     4.3833  0.000e+00
     19.776    13.4721   3.896345    32.6810       1054     4.3875  0.000e+00
     19.740    13.4730   3.897195    32.6882       1055     4.3917  0.000e+00
     19.692    13.4783   3.898633    32.6971       1056     4.3958  0.000e+00
     19.646    13.4879   3.900427    32.7056       1057     4.4000  0.000e+00
     19.598    13.5019   3.903092    32.7186       1058     4.4042  0.000e+00
     19.553    13.5219   3.906088    32.7294       1059     4.4083  0.000e+00
     19.496    13.5467   3.908893    32.7344       1060     4.4125  0.000e+00
     19.441    13.5744   3.910603    32.7267       1061     4.4167  0.000e+00
     19.402    13.6017   3.911897    32.7153       1062     4.4208  0.000e+00
     19.342    13.6246   3.912312    32.6996       1063     4.4250  0.000e+00
     19.281    13.6395   3.912292    32.6868       1064     4.4292  0.000e+00
     19.236    13.6474   3.912154    32.6787       1065     4.4333  0.000e+00
     19.188    13.6509   3.912008    32.6744       1066     4.4375  0.000e+00
     19.142    13.6518   3.912054    32.6741       1067     4.4417  0.000e+00
     19.115    13.6523   3.912101    32.6741       1068     4.4458  0.000e+00
     19.079    13.6526   3.911143    32.6649       1069     4.4500  0.000e+00
     19.061    13.6506   3.907069    32.6287       1070     4.4542  0.000e+00
     19.040    13.6440   3.906013    32.6246       1071     4.4583  0.000e+00
     19.031    13.6374   3.905617    32.6265       1072     4.4625  0.000e+00
     19.018    13.6332   3.905532    32.6293       1073     4.4667  0.000e+00
     18.997    13.6306   3.905406    32.6303       1074     4.4708  0.000e+00
     18.985    13.6289   3.905545    32.6331       1075     4.4750  0.000e+00
     18.967    13.6285   3.905736    32.6352       1076     4.4792  0.000e+00
     18.949    13.6291   3.905545    32.6330       1077     4.4833  0.000e+00
     18.916    13.6289   3.905433    32.6321       1078     4.4875  0.000e+00
     18.880    13.6286   3.905545    32.6334       1079     4.4917  0.000e+00
     18.840    13.6286   3.905314    32.6313       1080     4.4958  0.000e+00
     18.798    13.6280   3.904232    32.6217       1081     4.5000  0.000e+00
     18.756    13.6253   3.903024    32.6128       1082     4.5042  0.000e+00
     18.692    13.6213   3.902510    32.6114       1083     4.5083  0.000e+00
     18.641    13.6176   3.902345    32.6130       1084     4.5125  0.000e+00
     18.578    13.6161   3.902463    32.6155       1085     4.5167  0.000e+00
     18.523    13.6161   3.902483    32.6157       1086     4.5208  0.000e+00
     18.487    13.6172   3.902813    32.6178       1087     4.5250  0.000e+00
     18.439    13.6195   3.902853    32.6163       1088     4.5292  0.000e+00
     18.409    13.6217   3.902951    32.6153       1089     4.5333  0.000e+00
     18.375    13.6238   3.903255    32.6164       1090     4.5375  0.000e+00
     18.357    13.6265   3.903440    32.6158       1091     4.5417  0.000e+00
     18.339    13.6294   3.903677    32.6155       1092     4.5458  0.000e+00
     18.324    13.6320   3.903862    32.6150       1093     4.5500  0.000e+00
     18.300    13.6344   3.904000    32.6143       1094     4.5542  0.000e+00
     18.267    13.6364   3.904212    32.6146       1095     4.5583  0.000e+00
     18.224    13.6386   3.904772    32.6179       1096     4.5625  0.000e+00
     18.176    13.6424   3.905221    32.6189       1097     4.5667  0.000e+00
     18.125    13.6466   3.905571    32.6186       1098     4.5708  0.000e+00
     18.070    13.6514   3.906086    32.6193       1099     4.5750  0.000e+00
     18.010    13.6562   3.906574    32.6198       1100     4.5792  0.000e+00
     17.950    13.6612   3.907181    32.6212       1101     4.5833  0.000e+00
     17.880    13.6672   3.908145    32.6251       1102     4.5875  0.000e+00
     17.820    13.6747   3.909293    32.6294       1103     4.5917  0.000e+00
     17.754    13.6845   3.910462    32.6319       1104     4.5958  0.000e+00
     17.711    13.6953   3.911380    32.6312       1105     4.6000  0.000e+00
     17.681    13.7059   3.912080    32.6287       1106     4.6042  0.000e+00
     17.645    13.7152   3.912832    32.6278       1107     4.6083  0.000e+00
     17.630    13.7237   3.913394    32.6258       1108     4.6125  0.000e+00
     17.612    13.7307   3.913816    32.6238       1109     4.6167  0.000e+00
     17.606    13.7365   3.914140    32.6219       1110     4.6208  0.000e+00
     17.590    13.7411   3.914378    32.6201       1111     4.6250  0.000e+00
     17.575    13.7446   3.914563    32.6189       1112     4.6292  0.000e+00
     17.557    13.7474   3.914708    32.6179       1113     4.6333  0.000e+00
     17.548    13.7494   3.914853    32.6175       1114     4.6375  0.000e+00
     17.527    13.7514   3.915012    32.6173       1115     4.6417  0.000e+00
     17.509    13.7528   3.915078    32.6167       1116     4.6458  0.000e+00
     17.482    13.7543   3.915335    32.6178       1117     4.6500  0.000e+00
     17.439    13.7563   3.915857    32.6211       1118     4.6542  0.000e+00
     17.394    13.7598   3.916676    32.6257       1119     4.6583  0.000e+00
     17.334    13.7654   3.917357    32.6272       1120     4.6625  0.000e+00
     17.267    13.7721   3.918341    32.6307       1121     4.6667  0.000e+00
     17.186    13.7806   3.919564    32.6348       1122     4.6708  0.000e+00
     17.110    13.7912   3.921256    32.6416       1123     4.6750  0.000e+00
     17.032    13.8048   3.922717    32.6436       1124     4.6792  0.000e+00
     16.962    13.8192   3.924105    32.6442       1125     4.6833  0.000e+00
     16.902    13.8336   3.925229    32.6424       1126     4.6875  0.000e+00
     16.851    13.8470   3.925890    32.6371       1127     4.6917  0.000e+00
     16.820    13.8574   3.926221    32.6314       1128     4.6958  0.000e+00
     16.790    13.8646   3.926479    32.6276       1129     4.7000  0.000e+00
     16.781    13.8692   3.926690    32.6257       1130     4.7042  0.000e+00
     16.763    13.8726   3.926902    32.6248       1131     4.7083  0.000e+00
     16.748    13.8752   3.927087    32.6243       1132     4.7125  0.000e+00
     16.718    13.8774   3.927418    32.6255       1133     4.7167  0.000e+00
     16.690    13.8800   3.927748    32.6263       1134     4.7208  0.000e+00
     16.645    13.8830   3.928264    32.6286       1135     4.7250  0.000e+00
     16.600    13.8867   3.929071    32.6329       1136     4.7292  0.000e+00
     16.542    13.8927   3.930553    32.6416       1137     4.7333  0.000e+00
     16.482    13.9026   3.931877    32.6454       1138     4.7375  0.000e+00
     16.419    13.9142   3.932836    32.6445       1139     4.7417  0.000e+00
     16.364    13.9261   3.933948    32.6447       1140     4.7458  0.000e+00
     16.301    13.9370   3.934914    32.6444       1141     4.7500  0.000e+00
     16.250    13.9479   3.936099    32.6461       1142     4.7542  0.000e+00
     16.192    13.9585   3.936761    32.6433       1143     4.7583  0.000e+00
     16.144    13.9676   3.937324    32.6408       1144     4.7625  0.000e+00
     16.108    13.9749   3.937893    32.6398       1145     4.7667  0.000e+00
     16.068    13.9813   3.938244    32.6377       1146     4.7708  0.000e+00
     16.032    13.9866   3.938621    32.6367       1147     4.7750  0.000e+00
     16.002    13.9908   3.938933    32.6359       1148     4.7792  0.000e+00
     15.978    13.9946   3.939217    32.6354       1149     4.7833  0.000e+00
     15.951    13.9976   3.939449    32.6350       1150     4.7875  0.000e+00
     15.936    14.0006   3.939615    32.6340       1151     4.7917  0.000e+00
     15.923    14.0031   3.939880    32.6343       1152     4.7958  0.000e+00
     15.902    14.0053   3.940045    32.6339       1153     4.8000  0.000e+00
     15.881    14.0072   3.940257    32.6343       1154     4.8042  0.000e+00
     15.857    14.0089   3.940515    32.6353       1155     4.8083  0.000e+00
     15.833    14.0112   3.940820    32.6362       1156     4.8125  0.000e+00
     15.803    14.0139   3.941105    32.6365       1157     4.8167  0.000e+00
     15.763    14.0168   3.941436    32.6371       1158     4.8208  0.000e+00
     15.727    14.0197   3.942025    32.6401       1159     4.8250  0.000e+00
     15.679    14.0239   3.942926    32.6448       1160     4.8292  0.000e+00
     15.624    14.0307   3.943682    32.6461       1161     4.8333  0.000e+00
     15.570    14.0380   3.944397    32.6465       1162     4.8375  0.000e+00
     15.486    14.0458   3.945272    32.6480       1163     4.8417  0.000e+00
     15.422    14.0543   3.946120    32.6487       1164     4.8458  0.000e+00
     15.356    14.0631   3.946902    32.6485       1165     4.8500  0.000e+00
     15.286    14.0720   3.948327    32.6541       1166     4.8542  0.000e+00
     15.226    14.0828   3.949513    32.6558       1167     4.8583  0.000e+00
     15.165    14.0944   3.950839    32.6582       1168     4.8625  0.000e+00
     15.117    14.1068   3.951907    32.6576       1169     4.8667  0.000e+00
     15.084    14.1183   3.951999    32.6488       1170     4.8708  0.000e+00
     15.048    14.1254   3.952072    32.6434       1171     4.8750  0.000e+00
     15.026    14.1291   3.952191    32.6413       1172     4.8792  0.000e+00
     14.999    14.1319   3.952901    32.6455       1173     4.8833  0.000e+00
     14.972    14.1364   3.953113    32.6437       1174     4.8875  0.000e+00
     14.945    14.1400   3.952901    32.6387       1175     4.8917  0.000e+00
     14.915    14.1423   3.952808    32.6359       1176     4.8958  0.000e+00
     14.890    14.1435   3.952974    32.6364       1177     4.9000  0.000e+00
     14.845    14.1441   3.952642    32.6329       1178     4.9042  0.000e+00
     14.812    14.1438   3.952357    32.6306       1179     4.9083  0.000e+00
     14.761    14.1426   3.951787    32.6263       1180     4.9125  0.000e+00
     14.709    14.1402   3.951316    32.6241       1181     4.9167  0.000e+00
     14.664    14.1374   3.949320    32.6081       1182     4.9208  0.000e+00
     14.613    14.1316   3.948942    32.6095       1183     4.9250  0.000e+00
     14.558    14.1271   3.948564    32.6099       1184     4.9292  0.000e+00
     14.525    14.1246   3.947517    32.6024       1185     4.9333  0.000e+00
     14.480    14.1219   3.947332    32.6029       1186     4.9375  0.000e+00
     14.434    14.1219   3.946689    32.5971       1187     4.9417  0.000e+00
     14.410    14.1228   3.946954    32.5988       1188     4.9458  0.000e+00
     14.365    14.1243   3.947093    32.5987       1189     4.9500  0.000e+00
     14.338    14.1263   3.947497    32.6008       1190     4.9542  0.000e+00
     14.308    14.1287   3.947424    32.5981       1191     4.9583  0.000e+00
     14.262    14.1311   3.948704    32.6079       1192     4.9625  0.000e+00
     14.223    14.1365   3.948703    32.6033       1193     4.9667  0.000e+00
     14.190    14.1408   3.948206    32.5952       1194     4.9708  0.000e+00
     14.144    14.1414   3.947119    32.5847       1195     4.9750  0.000e+00
     14.099    14.1412   3.945436    32.5693       1196     4.9792  0.000e+00
     14.051    14.1411   3.946118    32.5757       1197     4.9833  0.000e+00
     14.005    14.1406   3.946761    32.5821       1198     4.9875  0.000e+00
     13.960    14.1405   3.946569    32.5804       1199     4.9917  0.000e+00
     13.903    14.1405   3.946098    32.5761       1200     4.9958  0.000e+00
     13.845    14.1405   3.944488    32.5613       1201     5.0000  0.000e+00
     13.794    14.1402   3.944011    32.5571       1202     5.0042  0.000e+00
     13.740    14.1400   3.943945    32.5567       1203     5.0083  0.000e+00
     13.700    14.1409   3.943752    32.5542       1204     5.0125  0.000e+00
     13.661    14.1414   3.943520    32.5517       1205     5.0167  0.000e+00
     13.619    14.1413   3.943845    32.5548       1206     5.0208  0.000e+00
     13.598    14.1424   3.943679    32.5523       1207     5.0250  0.000e+00
     13.583    14.1432   3.943799    32.5527       1208     5.0292  0.000e+00
     13.579    14.1441   3.943587    32.5500       1209     5.0333  0.000e+00
     13.573    14.1437   3.943679    32.5513       1210     5.0375  0.000e+00
     13.573    14.1437   3.944011    32.5543       1211     5.0417  0.000e+00
     13.576    14.1441   3.944130    32.5551       1212     5.0458  0.000e+00
     13.579    14.1438   3.944793    32.5614       1213     5.0500  0.000e+00
     13.567    14.1436   3.944627    32.5601       1214     5.0542  0.000e+00
     13.546    14.1441   3.944581    32.5593       1215     5.0583  0.000e+00
     13.510    14.1447   3.944508    32.5580       1216     5.0625  0.000e+00
     13.465    14.1456   3.944083    32.5534       1217     5.0667  0.000e+00
     13.401    14.1467   3.943825    32.5501       1218     5.0708  0.000e+00
     13.335    14.1470   3.943898    32.5506       1219     5.0750  0.000e+00
     13.244    14.1489   3.945316    32.5621       1220     5.0792  0.000e+00
     13.160    14.1578   3.944984    32.5515       1221     5.0833  0.000e+00
     13.066    14.1631   3.945647    32.5532       1222     5.0875  0.000e+00
     12.982    14.1683   3.946283    32.5547       1223     5.0917  0.000e+00
     12.897    14.1768   3.946687    32.5513       1224     5.0958  0.000e+00
     12.828    14.1851   3.947211    32.5491       1225     5.1000  0.000e+00
     12.770    14.1936   3.949557    32.5635       1226     5.1042  0.000e+00
     12.713    14.2134   3.949981    32.5507       1227     5.1083  0.000e+00
     12.680    14.2328   3.951002    32.5437       1228     5.1125  0.000e+00
     12.658    14.2483   3.951075    32.5314       1229     5.1167  0.000e+00
     12.637    14.2584   3.951194    32.5239       1230     5.1208  0.000e+00
     12.631    14.2641   3.951121    32.5185       1231     5.1250  0.000e+00
     12.622    14.2666   3.950975    32.5151       1232     5.1292  0.000e+00
     12.616    14.2663   3.951048    32.5160       1233     5.1333  0.000e+00
     12.613    14.2665   3.951048    32.5158       1234     5.1375  0.000e+00
     12.598    14.2668   3.951121    32.5162       1235     5.1417  0.000e+00
     12.589    14.2673   3.951194    32.5165       1236     5.1458  0.000e+00
     12.580    14.2676   3.951141    32.5157       1237     5.1500  0.000e+00
     12.571    14.2677   3.951095    32.5153       1238     5.1542  0.000e+00
     12.562    14.2676   3.951075    32.5151       1239     5.1583  0.000e+00
     12.540    14.2674   3.951240    32.5169       1240     5.1625  0.000e+00
