HB2302/sbe091.cnv
* Sea-Bird SBE 19plus V2 Data File:
* FileName = C:\cruise\data\sbe091.hex
* Software Version Seasave V 7.26.7.121
* Temperature SN = 4758
* Conductivity SN = 4758
* System UpLoad Time = Jun 17 2023 03:22:39
* NMEA Latitude = 41 30.39 N
* NMEA Longitude = 067 35.93 W
* NMEA UTC (Time) = Jun 17 2023 03:22:39
** Cruise: HB2302
** Program: Ecomon
** Chief Scientist: Jerry Prezioso
# nquan = 7
# nvalues = 1527                                  
# units = specified
# name 0 = depSM: Depth [salt water, m]
# name 1 = tv290C: Temperature [ITS-90, deg C]
# name 2 = c0S/m: Conductivity [S/m]
# name 3 = sal00: Salinity, Practical [PSU]
# name 4 = scan: Scan Count
# name 5 = timeM: Time, Elapsed [minutes]
# name 6 = flag:  0.000e+00
# span 0 =     -0.168,     33.734                 
# span 1 =    12.4533,    13.6331                 
# span 2 =   0.000217,   3.859119                 
# span 3 =     0.0075,    32.8124                 
# span 4 =         11,       1537                 
# span 5 =     0.0417,     6.4000                 
# span 6 = 0.0000e+00, 0.0000e+00                 
# interval = seconds: 0.25
# start_time = Jun 17 2023 03:22:39 [NMEA time, header]
# bad_flag = -9.990e-29
*END*
[from data line 1436]
      2.785    12.5079   3.811023    32.7140       1447     6.0250  0.000e+00
      2.725    12.5077   3.811114    32.7151       1448     6.0292  0.000e+00
      2.652    12.5077   3.811055    32.7146       1449     6.0333  0.000e+00
      2.589    12.5076   3.811023    32.7144       1450     6.0375  0.000e+00
      2.538    12.5075   3.811069    32.7149       1451     6.0417  0.000e+00
      2.465    12.5074   3.811055    32.7149       1452     6.0458  0.000e+00
      2.402    12.5075   3.811049    32.7148       1453     6.0500  0.000e+00
      2.350    12.5077   3.811114    32.7153       1454     6.0542  0.000e+00
      2.317    12.5078   3.811055    32.7146       1455     6.0583  0.000e+00
      2.299    12.5076   3.811023    32.7145       1456     6.0625  0.000e+00
      2.308    12.5075   3.811068    32.7150       1457     6.0667  0.000e+00
      2.326    12.5075   3.811075    32.7151       1458     6.0708  0.000e+00
      2.356    12.5075   3.811095    32.7152       1459     6.0750  0.000e+00
      2.396    12.5079   3.811140    32.7153       1460     6.0792  0.000e+00
      2.417    12.5082   3.811193    32.7155       1461     6.0833  0.000e+00
      2.444    12.5083   3.811140    32.7149       1462     6.0875  0.000e+00
      2.453    12.5084   3.811068    32.7142       1463     6.0917  0.000e+00
      2.441    12.5083   3.811075    32.7143       1464     6.0958  0.000e+00
      2.393    12.5080   3.811049    32.7143       1465     6.1000  0.000e+00
      2.338    12.5078   3.810957    32.7137       1466     6.1042  0.000e+00
      2.275    12.5072   3.810885    32.7135       1467     6.1083  0.000e+00
      2.193    12.5065   3.810912    32.7145       1468     6.1125  0.000e+00
      2.121    12.5062   3.811055    32.7161       1469     6.1167  0.000e+00
      2.067    12.5067   3.811094    32.7161       1470     6.1208  0.000e+00
      2.030    12.5075   3.811160    32.7160       1471     6.1250  0.000e+00
      2.003    12.5080   3.811127    32.7152       1472     6.1292  0.000e+00
      1.982    12.5083   3.811049    32.7142       1473     6.1333  0.000e+00
      1.973    12.5081   3.811049    32.7144       1474     6.1375  0.000e+00
      1.973    12.5081   3.811029    32.7142       1475     6.1417  0.000e+00
      1.964    12.5080   3.811068    32.7147       1476     6.1458  0.000e+00
      1.961    12.5080   3.811068    32.7147       1477     6.1500  0.000e+00
      1.946    12.5079   3.811055    32.7147       1478     6.1542  0.000e+00
      1.922    12.5079   3.811068    32.7148       1479     6.1583  0.000e+00
      1.880    12.5080   3.811068    32.7148       1480     6.1625  0.000e+00
      1.840    12.5079   3.811075    32.7149       1481     6.1667  0.000e+00
      1.786    12.5080   3.811094    32.7151       1482     6.1708  0.000e+00
      1.729    12.5081   3.811068    32.7147       1483     6.1750  0.000e+00
      1.674    12.5079   3.811055    32.7148       1484     6.1792  0.000e+00
      1.623    12.5081   3.811049    32.7146       1485     6.1833  0.000e+00
      1.578    12.5080   3.811114    32.7153       1486     6.1875  0.000e+00
      1.530    12.5082   3.811147    32.7155       1487     6.1917  0.000e+00
      1.475    12.5084   3.811140    32.7152       1488     6.1958  0.000e+00
      1.421    12.5087   3.811140    32.7150       1489     6.2000  0.000e+00
      1.355    12.5088   3.811146    32.7150       1490     6.2042  0.000e+00
      1.285    12.5089   3.811160    32.7151       1491     6.2083  0.000e+00
      1.234    12.5088   3.811114    32.7147       1492     6.2125  0.000e+00
      1.201    12.5086   3.811101    32.7148       1493     6.2167  0.000e+00
      1.167    12.5087   3.811159    32.7153       1494     6.2208  0.000e+00
      1.158    12.5090   3.811186    32.7153       1495     6.2250  0.000e+00
      1.158    12.5093   3.811218    32.7153       1496     6.2292  0.000e+00
      1.177    12.5094   3.811205    32.7151       1497     6.2333  0.000e+00
      1.210    12.5093   3.811140    32.7146       1498     6.2375  0.000e+00
      1.264    12.5093   3.811075    32.7139       1499     6.2417  0.000e+00
      1.309    12.5087   3.811022    32.7139       1500     6.2458  0.000e+00
      1.358    12.5083   3.811094    32.7149       1501     6.2500  0.000e+00
      1.397    12.5080   3.809742    32.7023       1502     6.2542  0.000e+00
      1.418    12.5024   3.808847    32.6986       1503     6.2583  0.000e+00
      1.439    12.4936   3.809049    32.7081       1504     6.2625  0.000e+00
      1.433    12.4889   3.809480    32.7164       1505     6.2667  0.000e+00
      1.394    12.4890   3.809389    32.7155       1506     6.2708  0.000e+00
      1.343    12.4891   3.809095    32.7126       1507     6.2750  0.000e+00
      1.267    12.4880   3.809023    32.7128       1508     6.2792  0.000e+00
      1.149    12.4871   3.809591    32.7191       1509     6.2833  0.000e+00
      1.044    12.4886   3.810121    32.7229       1510     6.2875  0.000e+00
      0.935    12.4929   3.810820    32.7259       1511     6.2917  0.000e+00
      0.802    12.4988   3.810846    32.7210       1512     6.2958  0.000e+00
      0.660    12.5027   3.810767    32.7170       1513     6.3000  0.000e+00
      0.540    12.5043   3.810617    32.7142       1514     6.3042  0.000e+00
      0.464    12.5043   3.810754    32.7156       1515     6.3083  0.000e+00
      0.422    12.5046   3.810715    32.7149       1516     6.3125  0.000e+00
      0.425    12.5047   3.810774    32.7154       1517     6.3167  0.000e+00
      0.464    12.5050   3.810708    32.7145       1518     6.3208  0.000e+00
      0.509    12.5050   3.810669    32.7141       1519     6.3250  0.000e+00
      0.564    12.5047   3.810754    32.7152       1520     6.3292  0.000e+00
      0.606    12.5045   3.810525    32.7132       1521     6.3333  0.000e+00
      0.651    12.5038   3.810434    32.7128       1522     6.3375  0.000e+00
      0.709    12.5027   3.810434    32.7138       1523     6.3417  0.000e+00
      0.775    12.5020   3.810480    32.7148       1524     6.3458  0.000e+00
      0.829    12.5019   3.810480    32.7149       1525     6.3500  0.000e+00
      0.881    12.5019   3.810480    32.7148       1526     6.3542  0.000e+00
      0.905    12.5019   3.810545    32.7155       1527     6.3583  0.000e+00
      0.917    12.5020   3.810578    32.7157       1528     6.3625  0.000e+00
      0.896    12.5024   3.810663    32.7161       1529     6.3667  0.000e+00
      0.829    12.5030   3.810682    32.7159       1530     6.3708  0.000e+00
      0.739    12.5035   3.810650    32.7152       1531     6.3750  0.000e+00
      0.636    12.5035   3.810617    32.7148       1532     6.3792  0.000e+00
      0.546    12.5035   3.810454    32.7134       1533     6.3833  0.000e+00
      0.479    12.5027   3.810238    32.7120       1534     6.3875  0.000e+00
      0.380    12.5013   3.810434    32.7152       1535     6.3917  0.000e+00
      0.301    12.5012   3.810454    32.7154       1536     6.3958  0.000e+00
      0.280    12.5014   3.810075    32.7116       1537     6.4000  0.000e+00
