HB2302/sbe090.cnv
* Sea-Bird SBE 19plus V2 Data File:
* FileName = C:\cruise\data\sbe090.hex
* Software Version Seasave V 7.26.7.121
* Temperature SN = 4758
* Conductivity SN = 4758
* System UpLoad Time = Jun 17 2023 01:18:43
* NMEA Latitude = 41 31.88 N
* NMEA Longitude = 067 58.64 W
* NMEA UTC (Time) = Jun 17 2023 01:18:43
** Cruise: HB2302
** Program: Ecomon
** Chief Scientist: Jerry Prezioso
# nquan = 7
# nvalues = 985                                   
# units = specified
# name 0 = depSM: Depth [salt water, m]
# name 1 = tv290C: Temperature [ITS-90, deg C]
# name 2 = c0S/m: Conductivity [S/m]
# name 3 = sal00: Salinity, Practical [PSU]
# name 4 = scan: Scan Count
# name 5 = timeM: Time, Elapsed [minutes]
# name 6 = flag:  0.000e+00
# span 0 =     -0.154,     30.605                 
# span 1 =    12.7639,    14.0417                 
# span 2 =   0.000086,   3.880817                 
# span 3 =     0.0073,    32.7622                 
# span 4 =         11,        995                 
# span 5 =     0.0417,     4.1417                 
# span 6 = 0.0000e+00, 0.0000e+00                 
# interval = seconds: 0.25
# start_time = Jun 17 2023 01:18:43 [NMEA time, header]
# bad_flag = -9.990e-29
*END*
[from data line 821]
      4.511    12.7671   3.836868    32.7344        832     3.4625  0.000e+00
      4.451    12.7669   3.836940    32.7352        833     3.4667  0.000e+00
      4.363    12.7673   3.836802    32.7337        834     3.4708  0.000e+00
      4.264    12.7671   3.836802    32.7339        835     3.4750  0.000e+00
      4.152    12.7670   3.837078    32.7366        836     3.4792  0.000e+00
      4.043    12.7679   3.837078    32.7359        837     3.4833  0.000e+00
      3.953    12.7688   3.837038    32.7348        838     3.4875  0.000e+00
      3.883    12.7690   3.837032    32.7345        839     3.4917  0.000e+00
      3.835    12.7693   3.837051    32.7345        840     3.4958  0.000e+00
      3.805    12.7693   3.837110    32.7351        841     3.5000  0.000e+00
      3.790    12.7696   3.837123    32.7349        842     3.5042  0.000e+00
      3.775    12.7700   3.837123    32.7346        843     3.5083  0.000e+00
      3.781    12.7704   3.837169    32.7347        844     3.5125  0.000e+00
      3.775    12.7705   3.837110    32.7340        845     3.5167  0.000e+00
      3.766    12.7705   3.837143    32.7343        846     3.5208  0.000e+00
      3.751    12.7706   3.837143    32.7343        847     3.5250  0.000e+00
      3.733    12.7709   3.837123    32.7338        848     3.5292  0.000e+00
      3.696    12.7707   3.837163    32.7344        849     3.5333  0.000e+00
      3.639    12.7708   3.837143    32.7341        850     3.5375  0.000e+00
      3.573    12.7707   3.837169    32.7345        851     3.5417  0.000e+00
      3.500    12.7709   3.837136    32.7341        852     3.5458  0.000e+00
      3.428    12.7708   3.837143    32.7342        853     3.5500  0.000e+00
      3.355    12.7707   3.837123    32.7341        854     3.5542  0.000e+00
      3.295    12.7707   3.837097    32.7340        855     3.5583  0.000e+00
      3.244    12.7707   3.837110    32.7340        856     3.5625  0.000e+00
      3.189    12.7707   3.837123    32.7342        857     3.5667  0.000e+00
      3.150    12.7707   3.837143    32.7344        858     3.5708  0.000e+00
      3.111    12.7707   3.837136    32.7343        859     3.5750  0.000e+00
      3.087    12.7707   3.837077    32.7339        860     3.5792  0.000e+00
      3.063    12.7706   3.837031    32.7335        861     3.5833  0.000e+00
      3.032    12.7702   3.836985    32.7334        862     3.5875  0.000e+00
      3.020    12.7696   3.836920    32.7333        863     3.5917  0.000e+00
      3.002    12.7694   3.837077    32.7350        864     3.5958  0.000e+00
      2.981    12.7694   3.837097    32.7351        865     3.6000  0.000e+00
      2.957    12.7700   3.837090    32.7346        866     3.6042  0.000e+00
      2.927    12.7703   3.837051    32.7340        867     3.6083  0.000e+00
      2.894    12.7702   3.836985    32.7334        868     3.6125  0.000e+00
      2.851    12.7697   3.836940    32.7335        869     3.6167  0.000e+00
      2.800    12.7692   3.836992    32.7345        870     3.6208  0.000e+00
      2.734    12.7691   3.837031    32.7349        871     3.6250  0.000e+00
      2.667    12.7694   3.836985    32.7343        872     3.6292  0.000e+00
      2.607    12.7694   3.836946    32.7339        873     3.6333  0.000e+00
      2.556    12.7692   3.837097    32.7356        874     3.6375  0.000e+00
      2.504    12.7694   3.836802    32.7325        875     3.6417  0.000e+00
      2.438    12.7689   3.836867    32.7336        876     3.6458  0.000e+00
      2.381    12.7685   3.836992    32.7352        877     3.6500  0.000e+00
      2.332    12.7688   3.837005    32.7351        878     3.6542  0.000e+00
      2.293    12.7694   3.837005    32.7346        879     3.6583  0.000e+00
      2.269    12.7696   3.836966    32.7341        880     3.6625  0.000e+00
      2.254    12.7694   3.836959    32.7341        881     3.6667  0.000e+00
      2.245    12.7693   3.836959    32.7343        882     3.6708  0.000e+00
      2.248    12.7692   3.836985    32.7346        883     3.6750  0.000e+00
      2.245    12.7694   3.837018    32.7347        884     3.6792  0.000e+00
      2.233    12.7697   3.836959    32.7340        885     3.6833  0.000e+00
      2.206    12.7695   3.836985    32.7343        886     3.6875  0.000e+00
      2.169    12.7695   3.837031    32.7348        887     3.6917  0.000e+00
      2.112    12.7697   3.836965    32.7340        888     3.6958  0.000e+00
      2.064    12.7700   3.837031    32.7345        889     3.7000  0.000e+00
      1.991    12.7700   3.837005    32.7342        890     3.7042  0.000e+00
      1.907    12.7700   3.836992    32.7341        891     3.7083  0.000e+00
      1.819    12.7700   3.836959    32.7339        892     3.7125  0.000e+00
      1.738    12.7696   3.836939    32.7340        893     3.7167  0.000e+00
      1.653    12.7695   3.836913    32.7339        894     3.7208  0.000e+00
      1.611    12.7694   3.836946    32.7343        895     3.7250  0.000e+00
      1.566    12.7694   3.836959    32.7345        896     3.7292  0.000e+00
      1.554    12.7695   3.836985    32.7346        897     3.7333  0.000e+00
      1.554    12.7696   3.836991    32.7346        898     3.7375  0.000e+00
      1.563    12.7697   3.836985    32.7345        899     3.7417  0.000e+00
      1.566    12.7698   3.837031    32.7348        900     3.7458  0.000e+00
      1.560    12.7700   3.837031    32.7346        901     3.7500  0.000e+00
      1.533    12.7701   3.836991    32.7342        902     3.7542  0.000e+00
      1.503    12.7702   3.836985    32.7341        903     3.7583  0.000e+00
      1.457    12.7702   3.836985    32.7341        904     3.7625  0.000e+00
      1.412    12.7700   3.837018    32.7345        905     3.7667  0.000e+00
      1.367    12.7700   3.836985    32.7342        906     3.7708  0.000e+00
      1.337    12.7702   3.837031    32.7346        907     3.7750  0.000e+00
      1.285    12.7702   3.837004    32.7343        908     3.7792  0.000e+00
      1.213    12.7701   3.837018    32.7346        909     3.7833  0.000e+00
      1.128    12.7700   3.836913    32.7337        910     3.7875  0.000e+00
      1.026    12.7697   3.836775    32.7326        911     3.7917  0.000e+00
      0.902    12.7689   3.836631    32.7321        912     3.7958  0.000e+00
      0.766    12.7678   3.836546    32.7323        913     3.8000  0.000e+00
      0.688    12.7666   3.836546    32.7333        914     3.8042  0.000e+00
      0.664    12.7658   3.836526    32.7339        915     3.8083  0.000e+00
      0.648    12.7654   3.836605    32.7350        916     3.8125  0.000e+00
      0.657    12.7655   3.836591    32.7347        917     3.8167  0.000e+00
      0.670    12.7659   3.836709    32.7355        918     3.8208  0.000e+00
      0.691    12.7664   3.836755    32.7355        919     3.8250  0.000e+00
      0.700    12.7671   3.836821    32.7355        920     3.8292  0.000e+00
      0.730    12.7679   3.836913    32.7357        921     3.8333  0.000e+00
      0.748    12.7687   3.836985    32.7357        922     3.8375  0.000e+00
      0.748    12.7692   3.836945    32.7348        923     3.8417  0.000e+00
      0.754    12.7697   3.836939    32.7344        924     3.8458  0.000e+00
      0.730    12.7694   3.836867    32.7339        925     3.8500  0.000e+00
      0.691    12.7692   3.836801    32.7335        926     3.8542  0.000e+00
      0.618    12.7689   3.836873    32.7345        927     3.8583  0.000e+00
      0.555    12.7690   3.836958    32.7352        928     3.8625  0.000e+00
      0.492    12.7693   3.836867    32.7341        929     3.8667  0.000e+00
      0.416    12.7691   3.836657    32.7323        930     3.8708  0.000e+00
      0.365    12.7680   3.836618    32.7329        931     3.8750  0.000e+00
      0.289    12.7673   3.836709    32.7344        932     3.8792  0.000e+00
      0.226    12.7671   3.836709    32.7347        933     3.8833  0.000e+00
      0.211    12.7673   3.836775    32.7351        934     3.8875  0.000e+00
      0.178    12.7677   3.836755    32.7346        935     3.8917  0.000e+00
      0.138    12.7678   3.836683    32.7338        936     3.8958  0.000e+00
      0.132    12.7677   3.836847    32.7354        937     3.9000  0.000e+00
      0.129    12.7683   3.836912    32.7356        938     3.9042  0.000e+00
      0.120    12.7688   3.836847    32.7345        939     3.9083  0.000e+00
      0.075    12.7692   3.836912    32.7348        940     3.9125  0.000e+00
      0.018    12.7694   3.836821    32.7337        941     3.9167  0.000e+00
     -0.024    12.7691   3.836709    32.7330        942     3.9208  0.000e+00
     -0.009    12.7684   3.836663    32.7331        943     3.9250  0.000e+00
     -0.009    12.7679   3.836893    32.7357        944     3.9292  0.000e+00
      0.033    12.7682   3.836821    32.7348        945     3.9333  0.000e+00
      0.087    12.7685   3.836729    32.7336        946     3.9375  0.000e+00
      0.139    12.7684   3.836801    32.7344        947     3.9417  0.000e+00
      0.163    12.7684   3.836775    32.7342        948     3.9458  0.000e+00
      0.160    12.7682   3.836729    32.7339        949     3.9500  0.000e+00
      0.151    12.7680   3.836729    32.7341        950     3.9542  0.000e+00
      0.148    12.7680   3.836676    32.7336        951     3.9583  0.000e+00
      0.136    12.7677   3.836775    32.7348        952     3.9625  0.000e+00
      0.163    12.7677   3.836729    32.7343        953     3.9667  0.000e+00
      0.214    12.7679   3.836866    32.7354        954     3.9708  0.000e+00
      0.232    12.7684   3.836847    32.7348        955     3.9750  0.000e+00
      0.257    12.7688   3.836801    32.7340        956     3.9792  0.000e+00
      0.269    12.7687   3.836801    32.7341        957     3.9833  0.000e+00
      0.278    12.7686   3.836709    32.7333        958     3.9875  0.000e+00
      0.281    12.7683   3.836821    32.7346        959     3.9917  0.000e+00
      0.311    12.7684   3.836893    32.7352        960     3.9958  0.000e+00
      0.359    12.7688   3.836958    32.7355        961     4.0000  0.000e+00
      0.426    12.7693   3.836919    32.7346        962     4.0042  0.000e+00
      0.462    12.7697   3.836893    32.7341        963     4.0083  0.000e+00
      0.480    12.7696   3.836821    32.7334        964     4.0125  0.000e+00
      0.477    12.7694   3.836867    32.7341        965     4.0167  0.000e+00
      0.468    12.7692   3.836847    32.7341        966     4.0208  0.000e+00
      0.453    12.7692   3.836912    32.7347        967     4.0250  0.000e+00
      0.447    12.7691   3.836729    32.7330        968     4.0292  0.000e+00
      0.435    12.7686   3.836703    32.7332        969     4.0333  0.000e+00
      0.432    12.7679   3.836709    32.7339        970     4.0375  0.000e+00
      0.417    12.7674   3.836663    32.7338        971     4.0417  0.000e+00
      0.401    12.7674   3.836663    32.7338        972     4.0458  0.000e+00
      0.404    12.7671   3.836677    32.7343        973     4.0500  0.000e+00
      0.429    12.7672   3.836709    32.7345        974     4.0542  0.000e+00
      0.468    12.7672   3.836663    32.7340        975     4.0583  0.000e+00
      0.492    12.7669   3.836703    32.7346        976     4.0625  0.000e+00
      0.519    12.7672   3.836683    32.7342        977     4.0667  0.000e+00
      0.540    12.7671   3.836683    32.7343        978     4.0708  0.000e+00
      0.552    12.7673   3.836821    32.7354        979     4.0750  0.000e+00
      0.561    12.7679   3.836847    32.7351        980     4.0792  0.000e+00
      0.561    12.7682   3.836755    32.7340        981     4.0833  0.000e+00
      0.561    12.7684   3.836801    32.7343        982     4.0875  0.000e+00
      0.561    12.7684   3.836729    32.7335        983     4.0917  0.000e+00
      0.571    12.7679   3.836591    32.7326        984     4.0958  0.000e+00
      0.586    12.7672   3.836618    32.7335        985     4.1000  0.000e+00
      0.625    12.7669   3.836729    32.7349        986     4.1042  0.000e+00
      0.664    12.7669   3.836605    32.7336        987     4.1083  0.000e+00
      0.703    12.7668   3.836591    32.7336        988     4.1125  0.000e+00
      0.700    12.7666   3.836664    32.7345        989     4.1167  0.000e+00
      0.685    12.7665   3.836677    32.7347        990     4.1208  0.000e+00
      0.637    12.7667   3.836500    32.7329        991     4.1250  0.000e+00
      0.555    12.7661   3.836388    32.7323        992     4.1292  0.000e+00
      0.426    12.7651   3.836342    32.7328        993     4.1333  0.000e+00
      0.293    12.7641   3.836414    32.7344        994     4.1375  0.000e+00
      0.175    12.7639   3.836434    32.7348        995     4.1417  0.000e+00
