HB2302/sbe025.cnv
* Sea-Bird SBE 19plus V2 Data File:
* FileName = C:\cruise\data\sbe025.hex
* Software Version Seasave V 7.26.7.121
* Temperature SN = 4758
* Conductivity SN = 4758
* System UpLoad Time = Jun 11 2023 05:33:12
* NMEA Latitude = 37 57.12 N
* NMEA Longitude = 074 07.91 W
* NMEA UTC (Time) = Jun 11 2023 05:33:13
** Cruise: HB2302
** Program: Ecomon
** Chief Scientist: Jerry Prezioso
# nquan = 7
# nvalues = 2337                                  
# units = specified
# name 0 = depSM: Depth [salt water, m]
# name 1 = tv290C: Temperature [ITS-90, deg C]
# name 2 = c0S/m: Conductivity [S/m]
# name 3 = sal00: Salinity, Practical [PSU]
# name 4 = scan: Scan Count
# name 5 = timeM: Time, Elapsed [minutes]
# name 6 = flag:  0.000e+00
# span 0 =     -0.082,    100.399                 
# span 1 =     8.3807,    17.8342                 
# span 2 =   0.000056,   4.513818                 
# span 3 =     0.0090,    34.8392                 
# span 4 =         11,       2347                 
# span 5 =     0.0417,     9.7750                 
# span 6 = 0.0000e+00, 0.0000e+00                 
# interval = seconds: 0.25
# start_time = Jun 11 2023 05:33:13 [NMEA time, header]
# bad_flag = -9.990e-29
*END*
[from data line 616]
     83.795     8.5149   3.515499    33.3337        627     2.6083  0.000e+00
     83.940     8.5147   3.515525    33.3341        628     2.6125  0.000e+00
     84.088     8.5144   3.515499    33.3341        629     2.6167  0.000e+00
     84.242     8.5142   3.515480    33.3340        630     2.6208  0.000e+00
     84.405     8.5140   3.515499    33.3343        631     2.6250  0.000e+00
     84.559     8.5137   3.515588    33.3355        632     2.6292  0.000e+00
     84.722     8.5138   3.515651    33.3359        633     2.6333  0.000e+00
     84.876     8.5141   3.515696    33.3360        634     2.6375  0.000e+00
     85.024     8.5142   3.515759    33.3366        635     2.6417  0.000e+00
     85.166     8.5146   3.515936    33.3380        636     2.6458  0.000e+00
     85.311     8.5154   3.516019    33.3380        637     2.6500  0.000e+00
     85.441     8.5164   3.516107    33.3380        638     2.6542  0.000e+00
     85.565     8.5170   3.516196    33.3383        639     2.6583  0.000e+00
     85.695     8.5176   3.516310    33.3388        640     2.6625  0.000e+00
     85.800     8.5181   3.516367    33.3389        641     2.6667  0.000e+00
     85.921     8.5183   3.516500    33.3400        642     2.6708  0.000e+00
     86.030     8.5188   3.516456    33.3391        643     2.6750  0.000e+00
     86.142     8.5188   3.516411    33.3386        644     2.6792  0.000e+00
     86.268     8.5185   3.516348    33.3381        645     2.6833  0.000e+00
     86.392     8.5182   3.516348    33.3383        646     2.6875  0.000e+00
     86.522     8.5177   3.516323    33.3385        647     2.6917  0.000e+00
     86.646     8.5173   3.516348    33.3391        648     2.6958  0.000e+00
     86.770     8.5172   3.516348    33.3391        649     2.7000  0.000e+00
     86.905     8.5171   3.516367    33.3394        650     2.7042  0.000e+00
     87.038     8.5170   3.516393    33.3396        651     2.7083  0.000e+00
     87.180     8.5170   3.516437    33.3400        652     2.7125  0.000e+00
     87.325     8.5173   3.516545    33.3409        653     2.7167  0.000e+00
     87.461     8.5176   3.516608    33.3411        654     2.7208  0.000e+00
     87.606     8.5180   3.516652    33.3412        655     2.7250  0.000e+00
     87.754     8.5181   3.516716    33.3416        656     2.7292  0.000e+00
     87.902     8.5185   3.516760    33.3417        657     2.7333  0.000e+00
     88.047     8.5190   3.516760    33.3411        658     2.7375  0.000e+00
     88.195     8.5191   3.516760    33.3410        659     2.7417  0.000e+00
     88.346     8.5189   3.516741    33.3409        660     2.7458  0.000e+00
     88.494     8.5189   3.516804    33.3415        661     2.7500  0.000e+00
     88.648     8.5190   3.516849    33.3418        662     2.7542  0.000e+00
     88.792     8.5191   3.516868    33.3419        663     2.7583  0.000e+00
     88.946     8.5193   3.516893    33.3418        664     2.7625  0.000e+00
     89.082     8.5194   3.516957    33.3424        665     2.7667  0.000e+00
     89.233     8.5200   3.517001    33.3422        666     2.7708  0.000e+00
     89.378     8.5200   3.516931    33.3414        667     2.7750  0.000e+00
     89.517     8.5199   3.516976    33.3419        668     2.7792  0.000e+00
     89.650     8.5198   3.517001    33.3422        669     2.7833  0.000e+00
     89.786     8.5200   3.517001    33.3419        670     2.7875  0.000e+00
     89.909     8.5203   3.517001    33.3416        671     2.7917  0.000e+00
     90.048     8.5203   3.517045    33.3420        672     2.7958  0.000e+00
     90.169     8.5205   3.517064    33.3420        673     2.8000  0.000e+00
     90.293     8.5205   3.517065    33.3419        674     2.8042  0.000e+00
     90.414     8.5206   3.517084    33.3420        675     2.8083  0.000e+00
     90.522     8.5206   3.517065    33.3417        676     2.8125  0.000e+00
     90.643     8.5204   3.517109    33.3423        677     2.8167  0.000e+00
     90.749     8.5205   3.517046    33.3415        678     2.8208  0.000e+00
     90.863     8.5201   3.516932    33.3406        679     2.8250  0.000e+00
     90.969     8.5194   3.516780    33.3396        680     2.8292  0.000e+00
     91.084     8.5184   3.516628    33.3389        681     2.8333  0.000e+00
     91.196     8.5171   3.516565    33.3395        682     2.8375  0.000e+00
     91.325     8.5161   3.516546    33.3401        683     2.8417  0.000e+00
     91.449     8.5152   3.516413    33.3395        684     2.8458  0.000e+00
     91.576     8.5145   3.516413    33.3401        685     2.8500  0.000e+00
     91.712     8.5137   3.516325    33.3398        686     2.8542  0.000e+00
     91.851     8.5132   3.516350    33.3406        687     2.8583  0.000e+00
     91.990     8.5130   3.516502    33.3422        688     2.8625  0.000e+00
     92.134     8.5132   3.516546    33.3424        689     2.8667  0.000e+00
     92.279     8.5138   3.516521    33.3416        690     2.8708  0.000e+00
     92.433     8.5140   3.516521    33.3413        691     2.8750  0.000e+00
     92.581     8.5140   3.516546    33.3415        692     2.8792  0.000e+00
     92.738     8.5141   3.516521    33.3411        693     2.8833  0.000e+00
     92.892     8.5140   3.516502    33.3409        694     2.8875  0.000e+00
     93.043     8.5139   3.516521    33.3412        695     2.8917  0.000e+00
     93.200     8.5138   3.516458    33.3405        696     2.8958  0.000e+00
     93.345     8.5133   3.516477    33.3411        697     2.9000  0.000e+00
     93.499     8.5133   3.516477    33.3410        698     2.9042  0.000e+00
     93.647     8.5132   3.516414    33.3403        699     2.9083  0.000e+00
     93.786     8.5129   3.516370    33.3401        700     2.9125  0.000e+00
     93.922     8.5125   3.516306    33.3398        701     2.9167  0.000e+00
     94.051     8.5120   3.516325    33.3404        702     2.9208  0.000e+00
     94.181     8.5119   3.516288    33.3400        703     2.9250  0.000e+00
     94.308     8.5118   3.516307    33.3403        704     2.9292  0.000e+00
     94.417     8.5117   3.516326    33.3405        705     2.9333  0.000e+00
     94.534     8.5116   3.516307    33.3403        706     2.9375  0.000e+00
     94.634     8.5115   3.516307    33.3404        707     2.9417  0.000e+00
     94.746     8.5115   3.516307    33.3404        708     2.9458  0.000e+00
     94.842     8.5113   3.516288    33.3403        709     2.9500  0.000e+00
     94.957     8.5112   3.516307    33.3405        710     2.9542  0.000e+00
     95.066     8.5112   3.516351    33.3410        711     2.9583  0.000e+00
     95.171     8.5113   3.516478    33.3421        712     2.9625  0.000e+00
     95.289     8.5117   3.516655    33.3435        713     2.9667  0.000e+00
     95.407     8.5127   3.516636    33.3423        714     2.9708  0.000e+00
     95.521     8.5134   3.516611    33.3414        715     2.9750  0.000e+00
     95.651     8.5135   3.516547    33.3405        716     2.9792  0.000e+00
     95.775     8.5134   3.516503    33.3402        717     2.9833  0.000e+00
     95.911     8.5129   3.516440    33.3399        718     2.9875  0.000e+00
     96.038     8.5124   3.516478    33.3407        719     2.9917  0.000e+00
     96.186     8.5122   3.516440    33.3404        720     2.9958  0.000e+00
     96.321     8.5121   3.516415    33.3402        721     3.0000  0.000e+00
     96.451     8.5117   3.516396    33.3403        722     3.0042  0.000e+00
     96.596     8.5115   3.516415    33.3406        723     3.0083  0.000e+00
     96.726     8.5115   3.516396    33.3403        724     3.0125  0.000e+00
     96.865     8.5113   3.516371    33.3402        725     3.0167  0.000e+00
     96.998     8.5110   3.516396    33.3407        726     3.0208  0.000e+00
     97.139     8.5110   3.516371    33.3403        727     3.0250  0.000e+00
     97.272     8.5108   3.516415    33.3410        728     3.0292  0.000e+00
     97.411     8.5108   3.516415    33.3409        729     3.0333  0.000e+00
     97.553     8.5109   3.516396    33.3405        730     3.0375  0.000e+00
     97.695     8.5107   3.516371    33.3404        731     3.0417  0.000e+00
     97.843     8.5105   3.516396    33.3408        732     3.0458  0.000e+00
     97.976     8.5107   3.516352    33.3401        733     3.0500  0.000e+00
     98.111     8.5103   3.516352    33.3404        734     3.0542  0.000e+00
     98.247     8.5103   3.516327    33.3401        735     3.0583  0.000e+00
     98.371     8.5099   3.516308    33.3402        736     3.0625  0.000e+00
     98.498     8.5098   3.516245    33.3395        737     3.0667  0.000e+00
     98.624     8.5095   3.516270    33.3401        738     3.0708  0.000e+00
     98.733     8.5090   3.516327    33.3411        739     3.0750  0.000e+00
     98.851     8.5088   3.516593    33.3440        740     3.0792  0.000e+00
     98.981     8.5097   3.516897    33.3463        741     3.0833  0.000e+00
     99.098     8.5109   3.517087    33.3471        742     3.0875  0.000e+00
     99.228     8.5124   3.517390    33.3489        743     3.0917  0.000e+00
     99.355     8.5139   3.517694    33.3506        744     3.0958  0.000e+00
     99.494     8.5157   3.517916    33.3511        745     3.1000  0.000e+00
     99.627     8.5173   3.518042    33.3509        746     3.1042  0.000e+00
     99.771     8.5185   3.518391    33.3533        747     3.1083  0.000e+00
     99.913     8.5200   3.518764    33.3558        748     3.1125  0.000e+00
    100.055     8.5222   3.518872    33.3548        749     3.1167  0.000e+00
    100.209     8.5240   3.519410    33.3587        750     3.1208  0.000e+00
    100.339     8.5264   3.519435    33.3567        751     3.1250  0.000e+00
    100.387     8.5282   3.519935    33.3602        752     3.1292  0.000e+00
    100.399     8.5306   3.520803    33.3670        753     3.1333  0.000e+00
    100.327     8.5345   3.521284    33.3685        754     3.1375  0.000e+00
    100.242     8.5390   3.522151    33.3734        755     3.1417  0.000e+00
    100.179     8.5440   3.522474    33.3721        756     3.1458  0.000e+00
    100.134     8.5480   3.522651    33.3702        757     3.1500  0.000e+00
    100.094     8.5509   3.522936    33.3705        758     3.1542  0.000e+00
    100.034     8.5529   3.522632    33.3654        759     3.1583  0.000e+00
     99.980     8.5533   3.523196    33.3710        760     3.1625  0.000e+00
     99.925     8.5549   3.523215    33.3697        761     3.1667  0.000e+00
     99.880     8.5562   3.522848    33.3646        762     3.1708  0.000e+00
     99.838     8.5563   3.523284    33.3692        763     3.1750  0.000e+00
     99.790     8.5568   3.522892    33.3646        764     3.1792  0.000e+00
     99.750     8.5563   3.522347    33.3593        765     3.1833  0.000e+00
     99.717     8.5543   3.521936    33.3569        766     3.1875  0.000e+00
     99.678     8.5516   3.523063    33.3714        767     3.1917  0.000e+00
     99.639     8.5532   3.523715    33.3767        768     3.1958  0.000e+00
     99.606     8.5567   3.524304    33.3796        769     3.2000  0.000e+00
     99.560     8.5609   3.523816    33.3706        770     3.2042  0.000e+00
     99.512     8.5623   3.521714    33.3471        771     3.2083  0.000e+00
     99.482     8.5568   3.521587    33.3510        772     3.2125  0.000e+00
     99.446     8.5514   3.520524    33.3449        773     3.2167  0.000e+00
     99.424     8.5456   3.520676    33.3520        774     3.2208  0.000e+00
     99.394     8.5416   3.520631    33.3553        775     3.2250  0.000e+00
     99.379     8.5398   3.520910    33.3599        776     3.2292  0.000e+00
     99.355     8.5394   3.520454    33.3556        777     3.2333  0.000e+00
     99.334     8.5384   3.520150    33.3533        778     3.2375  0.000e+00
     99.316     8.5365   3.519694    33.3503        779     3.2417  0.000e+00
     99.292     8.5339   3.519390    33.3496        780     3.2458  0.000e+00
     99.277     8.5313   3.519258    33.3507        781     3.2500  0.000e+00
     99.249     8.5293   3.519175    33.3516        782     3.2542  0.000e+00
     99.219     8.5279   3.519068    33.3518        783     3.2583  0.000e+00
     99.195     8.5271   3.519087    33.3528        784     3.2625  0.000e+00
     99.147     8.5265   3.519068    33.3532        785     3.2667  0.000e+00
     99.105     8.5262   3.518998    33.3527        786     3.2708  0.000e+00
     99.053     8.5260   3.519023    33.3533        787     3.2750  0.000e+00
     99.014     8.5257   3.518998    33.3533        788     3.2792  0.000e+00
     98.954     8.5254   3.518694    33.3504        789     3.2833  0.000e+00
     98.890     8.5246   3.518542    33.3496        790     3.2875  0.000e+00
     98.833     8.5235   3.518346    33.3486        791     3.2917  0.000e+00
     98.779     8.5222   3.517979    33.3460        792     3.2958  0.000e+00
     98.709     8.5206   3.517738    33.3450        793     3.3000  0.000e+00
     98.640     8.5188   3.517631    33.3456        794     3.3042  0.000e+00
     98.573     8.5172   3.517308    33.3437        795     3.3083  0.000e+00
     98.492     8.5156   3.517219    33.3443        796     3.3125  0.000e+00
     98.414     8.5145   3.517067    33.3438        797     3.3167  0.000e+00
     98.335     8.5134   3.516979    33.3439        798     3.3208  0.000e+00
     98.254     8.5126   3.516820    33.3431        799     3.3250  0.000e+00
     98.166     8.5120   3.516719    33.3426        800     3.3292  0.000e+00
     98.088     8.5115   3.516612    33.3420        801     3.3333  0.000e+00
     98.003     8.5108   3.516396    33.3404        802     3.3375  0.000e+00
     97.916     8.5097   3.516352    33.3410        803     3.3417  0.000e+00
     97.831     8.5087   3.516289    33.3413        804     3.3458  0.000e+00
     97.753     8.5083   3.516244    33.3413        805     3.3500  0.000e+00
     97.662     8.5078   3.516156    33.3409        806     3.3542  0.000e+00
     97.578     8.5072   3.515896    33.3388        807     3.3583  0.000e+00
     97.484     8.5061   3.515852    33.3393        808     3.3625  0.000e+00
     97.381     8.5053   3.515833    33.3400        809     3.3667  0.000e+00
     97.279     8.5049   3.515833    33.3404        810     3.3708  0.000e+00
     97.164     8.5047   3.515833    33.3407        811     3.3750  0.000e+00
     97.046     8.5048   3.515852    33.3408        812     3.3792  0.000e+00
     96.914     8.5049   3.515940    33.3417        813     3.3833  0.000e+00
     96.790     8.5054   3.515959    33.3415        814     3.3875  0.000e+00
     96.654     8.5059   3.516004    33.3416        815     3.3917  0.000e+00
     96.521     8.5063   3.516004    33.3412        816     3.3958  0.000e+00
     96.389     8.5069   3.515985    33.3405        817     3.4000  0.000e+00
     96.253     8.5071   3.515985    33.3404        818     3.4042  0.000e+00
     96.120     8.5072   3.516003    33.3406        819     3.4083  0.000e+00
     95.996     8.5072   3.516048    33.3411        820     3.4125  0.000e+00
     95.870     8.5076   3.516111    33.3415        821     3.4167  0.000e+00
     95.740     8.5080   3.516048    33.3405        822     3.4208  0.000e+00
     95.616     8.5080   3.516180    33.3419        823     3.4250  0.000e+00
     95.489     8.5086   3.516263    33.3423        824     3.4292  0.000e+00
     95.375     8.5095   3.516307    33.3420        825     3.4333  0.000e+00
     95.260     8.5102   3.516414    33.3425        826     3.4375  0.000e+00
     95.148     8.5107   3.516478    33.3428        827     3.4417  0.000e+00
     95.043     8.5115   3.516743    33.3448        828     3.4458  0.000e+00
     94.937     8.5129   3.516851    33.3446        829     3.4500  0.000e+00
     94.834     8.5143   3.516914    33.3441        830     3.4542  0.000e+00
