HB2302/sbe062.cnv
* Sea-Bird SBE 19plus V2 Data File:
* FileName = C:\cruise\data\sbe062.hex
* Software Version Seasave V 7.26.7.121
* Temperature SN = 4758
* Conductivity SN = 4758
* System UpLoad Time = Jun 14 2023 18:45:38
* NMEA Latitude = 40 53.43 N
* NMEA Longitude = 071 53.38 W
* NMEA UTC (Time) = Jun 14 2023 18:45:39
** Cruise: HB2302
** Program: Ecomon
** Chief Scientist: Jerry Prezioso
# nquan = 7
# nvalues = 1454                                  
# units = specified
# name 0 = depSM: Depth [salt water, m]
# name 1 = tv290C: Temperature [ITS-90, deg C]
# name 2 = c0S/m: Conductivity [S/m]
# name 3 = sal00: Salinity, Practical [PSU]
# name 4 = scan: Scan Count
# name 5 = timeM: Time, Elapsed [minutes]
# name 6 = flag:  0.000e+00
# span 0 =     -0.201,     33.515                 
# span 1 =    11.6872,    18.1034                 
# span 2 =   0.000068,   4.171509                 
# span 3 =     0.0091,    32.6952                 
# span 4 =         11,       1464                 
# span 5 =     0.0417,     6.0958                 
# span 6 = 0.0000e+00, 0.0000e+00                 
# interval = seconds: 0.25
# start_time = Jun 14 2023 18:45:39 [NMEA time, header]
# bad_flag = -9.990e-29
*END*
     -0.195    18.1034   0.000080     0.0091         11     0.0417  0.000e+00
     -0.186    18.1019   0.000086     0.0092         12     0.0458  0.000e+00
     -0.195    18.1007   0.000080     0.0091         13     0.0500  0.000e+00
     -0.192    18.1002   0.000080     0.0091         14     0.0542  0.000e+00
     -0.198    18.1003   0.000080     0.0091         15     0.0583  0.000e+00
     -0.195    18.1003   0.000080     0.0091         16     0.0625  0.000e+00
     -0.195    18.1004   0.000074     0.0091         17     0.0667  0.000e+00
     -0.195    18.1004   0.000080     0.0091         18     0.0708  0.000e+00
     -0.195    18.1003   0.000080     0.0091         19     0.0750  0.000e+00
     -0.195    18.1003   0.000080     0.0091         20     0.0792  0.000e+00
     -0.195    18.0998   0.000080     0.0091         21     0.0833  0.000e+00
     -0.195    18.0994   0.000086     0.0091         22     0.0875  0.000e+00
     -0.192    18.0980   0.000080     0.0091         23     0.0917  0.000e+00
     -0.195    18.0971   0.000086     0.0091         24     0.0958  0.000e+00
     -0.186    18.0984   0.000080     0.0091         25     0.1000  0.000e+00
     -0.186    18.0989   0.000080     0.0091         26     0.1042  0.000e+00
     -0.195    18.0981   0.000080     0.0091         27     0.1083  0.000e+00
     -0.195    18.0965   0.000068     0.0091         28     0.1125  0.000e+00
     -0.198    18.0960   0.000074     0.0091         29     0.1167  0.000e+00
     -0.198    18.0957   0.000086     0.0091         30     0.1208  0.000e+00
     -0.186    18.0955   0.000074     0.0091         31     0.1250  0.000e+00
     -0.198    18.0950   0.000080     0.0091         32     0.1292  0.000e+00
     -0.192    18.0949   0.000080     0.0091         33     0.1333  0.000e+00
     -0.195    18.0951   0.000086     0.0091         34     0.1375  0.000e+00
     -0.198    18.0953   0.000086     0.0091         35     0.1417  0.000e+00
     -0.195    18.0953   0.000080     0.0091         36     0.1458  0.000e+00
     -0.195    18.0947   0.000074     0.0091         37     0.1500  0.000e+00
     -0.189    18.0942   0.000080     0.0091         38     0.1542  0.000e+00
     -0.192    18.0943   0.000080     0.0091         39     0.1583  0.000e+00
     -0.201    18.0940   0.000080     0.0091         40     0.1625  0.000e+00
     -0.192    18.0936   0.000080     0.0091         41     0.1667  0.000e+00
     -0.186    18.0932   0.000086     0.0091         42     0.1708  0.000e+00
     -0.198    18.0928   0.000080     0.0091         43     0.1750  0.000e+00
     -0.192    18.0926   0.000086     0.0091         44     0.1792  0.000e+00
     -0.189    18.0923   0.000074     0.0091         45     0.1833  0.000e+00
     -0.192    18.0918   0.000080     0.0091         46     0.1875  0.000e+00
     -0.192    18.0917   0.000086     0.0091         47     0.1917  0.000e+00
     -0.192    18.0913   0.000086     0.0091         48     0.1958  0.000e+00
     -0.189    18.0910   0.000080     0.0091         49     0.2000  0.000e+00
     -0.192    18.0908   0.000080     0.0091         50     0.2042  0.000e+00
     -0.195    18.0893   0.000074     0.0091         51     0.2083  0.000e+00
     -0.189    18.0877   0.000071     0.0091         52     0.2125  0.000e+00
     -0.198    18.0860   0.000074     0.0091         53     0.2167  0.000e+00
     -0.192    18.0857   0.000074     0.0091         54     0.2208  0.000e+00
     -0.192    18.0873   0.000080     0.0091         55     0.2250  0.000e+00
     -0.198    18.0878   0.000080     0.0091         56     0.2292  0.000e+00
     -0.192    18.0827   0.000080     0.0091         57     0.2333  0.000e+00
     -0.189    18.0779   0.000086     0.0091         58     0.2375  0.000e+00
     -0.198    18.0781   0.000080     0.0091         59     0.2417  0.000e+00
     -0.195    18.0796   0.000086     0.0091         60     0.2458  0.000e+00
     -0.198    18.0792   0.000080     0.0091         61     0.2500  0.000e+00
     -0.195    18.0765   0.000080     0.0091         62     0.2542  0.000e+00
     -0.195    18.0750   0.000080     0.0091         63     0.2583  0.000e+00
     -0.192    18.0750   0.000086     0.0091         64     0.2625  0.000e+00
     -0.198    18.0754   0.000080     0.0091         65     0.2667  0.000e+00
     -0.186    18.0743   0.000086     0.0091         66     0.2708  0.000e+00
     -0.186    18.0726   0.000086     0.0091         67     0.2750  0.000e+00
     -0.198    18.0725   0.000074     0.0091         68     0.2792  0.000e+00
     -0.186    18.0722   0.000080     0.0091         69     0.2833  0.000e+00
     -0.189    18.0697   0.000080     0.0091         70     0.2875  0.000e+00
     -0.113    18.0707   0.000080     0.0091         71     0.2917  0.000e+00
     -0.101    18.0742   2.872459    20.7708         72     0.2958  0.000e+00
     -0.168    17.9988   2.506346    17.9155         73     0.3000  0.000e+00
     -0.189    17.4080   0.788540     5.1913         74     0.3042  0.000e+00
     -0.189    17.0389   0.597912     3.8947         75     0.3083  0.000e+00
     -0.186    16.9477   0.453445     2.9062         76     0.3125  0.000e+00
     -0.186    16.9316   0.349461     2.2044         77     0.3167  0.000e+00
     -0.186    16.9335   0.273560     1.7009         78     0.3208  0.000e+00
     -0.186    16.9401   0.243502     1.5039         79     0.3250  0.000e+00
     -0.035    16.9583   1.184656     8.1350         80     0.3292  0.000e+00
      0.270    16.9888   3.197514    24.0060         81     0.3333  0.000e+00
      0.488    17.0816   2.851498    21.1108         82     0.3375  0.000e+00
      0.675    17.3119   4.127197    31.6101         83     0.3417  0.000e+00
      0.817    17.5367   4.128152    31.4434         84     0.3458  0.000e+00
      0.917    17.6711   4.139762    31.4379         85     0.3500  0.000e+00
      1.014    17.6999   4.165537    31.6339         86     0.3542  0.000e+00
      0.974    17.6015   4.110312    31.2420         87     0.3583  0.000e+00
      0.823    17.2439   4.027940    30.8155         88     0.3625  0.000e+00
      0.648    16.7639   3.984795    30.8129         89     0.3667  0.000e+00
      0.606    16.3972   4.057998    31.7337         90     0.3708  0.000e+00
      0.721    16.2204   4.127448    32.4838         91     0.3750  0.000e+00
      0.920    16.3365   4.162365    32.6952         92     0.3792  0.000e+00
      1.122    16.7058   4.169319    32.4548         93     0.3833  0.000e+00
      1.295    17.1520   4.171509    32.1156         94     0.3875  0.000e+00
      1.473    17.4519   4.169573    31.8619         95     0.3917  0.000e+00
      1.663    17.6307   4.168561    31.7132         96     0.3958  0.000e+00
      1.838    17.7204   4.161317    31.5820         97     0.4000  0.000e+00
      2.017    17.7638   4.161208    31.5473         98     0.4042  0.000e+00
      2.207    17.7807   4.165252    31.5684         99     0.4083  0.000e+00
      2.400    17.7829   4.163023    31.5478        100     0.4125  0.000e+00
      2.558    17.7768   4.161147    31.5366        101     0.4167  0.000e+00
      2.651    17.7691   4.159922    31.5322        102     0.4208  0.000e+00
      2.687    17.7628   4.160098    31.5385        103     0.4250  0.000e+00
      2.690    17.7584   4.159075    31.5332        104     0.4292  0.000e+00
      2.687    17.7549   4.157173    31.5199        105     0.4333  0.000e+00
      2.706    17.7457   4.152171    31.4847        106     0.4375  0.000e+00
      2.748    17.7309   4.139262    31.3869        107     0.4417  0.000e+00
      2.823    17.7086   4.132304    31.3452        108     0.4458  0.000e+00
      2.911    17.6591   4.128395    31.3502        109     0.4500  0.000e+00
      3.020    17.5931   4.114613    31.2842        110     0.4542  0.000e+00
      3.147    17.5267   4.108016    31.2793        111     0.4583  0.000e+00
      3.274    17.4571   4.096382    31.2340        112     0.4625  0.000e+00
      3.394    17.3765   4.087162    31.2176        113     0.4667  0.000e+00
      3.503    17.2945   4.080536    31.2243        114     0.4708  0.000e+00
      3.600    17.2167   4.071880    31.2105        115     0.4750  0.000e+00
      3.687    17.1441   4.065560    31.2125        116     0.4792  0.000e+00
      3.775    17.0708   4.059753    31.2194        117     0.4833  0.000e+00
      3.851    17.0055   4.053179    31.2135        118     0.4875  0.000e+00
      3.938    16.9606   4.047861    31.2026        119     0.4917  0.000e+00
      4.038    16.9203   4.041910    31.1826        120     0.4958  0.000e+00
      4.144    16.8694   4.035528    31.1672        121     0.5000  0.000e+00
      4.255    16.8067   4.028068    31.1515        122     0.5042  0.000e+00
      4.367    16.7407   4.022757    31.1568        123     0.5083  0.000e+00
      4.479    16.6790   4.018878    31.1712        124     0.5125  0.000e+00
      4.570    16.6226   4.017336    31.2017        125     0.5167  0.000e+00
      4.654    16.5736   4.013632    31.2078        126     0.5208  0.000e+00
      4.736    16.5379   4.010884    31.2118        127     0.5250  0.000e+00
      4.817    16.5121   4.007529    31.2028        128     0.5292  0.000e+00
      4.899    16.4838   4.003835    31.1927        129     0.5333  0.000e+00
      4.986    16.4519   4.000609    31.1896        130     0.5375  0.000e+00
      5.074    16.4190   3.998324    31.1954        131     0.5417  0.000e+00
      5.177    16.3888   3.995220    31.1919        132     0.5458  0.000e+00
      5.289    16.3570   3.990825    31.1785        133     0.5500  0.000e+00
      5.410    16.3213   3.988103    31.1827        134     0.5542  0.000e+00
      5.524    16.2821   3.984976    31.1860        135     0.5583  0.000e+00
      5.651    16.2547   3.983586    31.1953        136     0.5625  0.000e+00
      5.766    16.2281   3.981284    31.1960        137     0.5667  0.000e+00
      5.884    16.2080   3.978365    31.1862        138     0.5708  0.000e+00
      6.011    16.1898   3.977122    31.1896        139     0.5750  0.000e+00
      6.129    16.1647   3.975952    31.1990        140     0.5792  0.000e+00
      6.228    16.1403   3.973613    31.1976        141     0.5833  0.000e+00
      6.325    16.1200   3.972011    31.1995        142     0.5875  0.000e+00
      6.398    16.0966   3.971533    31.2137        143     0.5917  0.000e+00
      6.458    16.0743   3.970677    31.2237        144     0.5958  0.000e+00
      6.524    16.0648   3.968816    31.2148        145     0.6000  0.000e+00
      6.597    16.0570   3.967149    31.2063        146     0.6042  0.000e+00
      6.663    16.0451   3.964546    31.1928        147     0.6083  0.000e+00
      6.733    16.0316   3.962999    31.1898        148     0.6125  0.000e+00
      6.796    16.0150   3.961904    31.1933        149     0.6167  0.000e+00
      6.860    15.9936   3.960006    31.1934        150     0.6208  0.000e+00
      6.917    15.9712   3.958055    31.1939        151     0.6250  0.000e+00
      6.987    15.9508   3.956822    31.1990        152     0.6292  0.000e+00
      7.062    15.9306   3.954991    31.1988        153     0.6333  0.000e+00
      7.144    15.9157   3.952948    31.1926        154     0.6375  0.000e+00
      7.231    15.9051   3.949938    31.1744        155     0.6417  0.000e+00
      7.322    15.8914   3.948208    31.1700        156     0.6458  0.000e+00
      7.416    15.8691   3.946166    31.1695        157     0.6500  0.000e+00
      7.531    15.8504   3.944391    31.1686        158     0.6542  0.000e+00
      7.651    15.8337   3.943589    31.1746        159     0.6583  0.000e+00
      7.793    15.8140   3.942450    31.1801        160     0.6625  0.000e+00
      7.923    15.7996   3.942616    31.1928        161     0.6667  0.000e+00
      8.062    15.7713   3.941954    31.2092        162     0.6708  0.000e+00
      8.189    15.7442   3.941557    31.2271        163     0.6750  0.000e+00
      8.322    15.7197   3.941338    31.2445        164     0.6792  0.000e+00
      8.443    15.6973   3.941531    31.2639        165     0.6833  0.000e+00
      8.546    15.6803   3.941558    31.2775        166     0.6875  0.000e+00
      8.633    15.6680   3.941743    31.2889        167     0.6917  0.000e+00
      8.709    15.6573   3.941624    31.2963        168     0.6958  0.000e+00
      8.775    15.6458   3.941671    31.3058        169     0.7000  0.000e+00
      8.836    15.6350   3.941691    31.3145        170     0.7042  0.000e+00
      8.902    15.6225   3.941910    31.3263        171     0.7083  0.000e+00
      8.957    15.6094   3.941771    31.3354        172     0.7125  0.000e+00
      9.020    15.5986   3.941605    31.3425        173     0.7167  0.000e+00
      9.083    15.5883   3.941294    31.3479        174     0.7208  0.000e+00
      9.177    15.5780   3.941367    31.3568        175     0.7250  0.000e+00
      9.268    15.5671   3.941228    31.3642        176     0.7292  0.000e+00
      9.361    15.5519   3.941083    31.3749        177     0.7333  0.000e+00
      9.455    15.5386   3.941202    31.3866        178     0.7375  0.000e+00
      9.543    15.5297   3.941275    31.3943        179     0.7417  0.000e+00
      9.633    15.5235   3.941322    31.3996        180     0.7458  0.000e+00
      9.724    15.5153   3.941295    31.4058        181     0.7500  0.000e+00
      9.812    15.5040   3.941580    31.4173        182     0.7542  0.000e+00
      9.896    15.4944   3.941607    31.4252        183     0.7583  0.000e+00
      9.981    15.4872   3.941580    31.4307        184     0.7625  0.000e+00
     10.059    15.4787   3.941508    31.4368        185     0.7667  0.000e+00
     10.141    15.4732   3.941442    31.4406        186     0.7708  0.000e+00
     10.229    15.4667   3.940634    31.4386        187     0.7750  0.000e+00
     10.331    15.4588   3.940091    31.4400        188     0.7792  0.000e+00
     10.458    15.4491   3.939124    31.4391        189     0.7833  0.000e+00
     10.579    15.4390   3.938369    31.4404        190     0.7875  0.000e+00
     10.736    15.4243   3.938038    31.4492        191     0.7917  0.000e+00
     10.887    15.4075   3.938085    31.4630        192     0.7958  0.000e+00
     11.038    15.3894   3.938178    31.4783        193     0.8000  0.000e+00
     11.192    15.3723   3.938516    31.4949        194     0.8042  0.000e+00
     11.340    15.3603   3.938675    31.5059        195     0.8083  0.000e+00
     11.479    15.3528   3.938980    31.5145        196     0.8125  0.000e+00
     11.600    15.3463   3.939364    31.5231        197     0.8167  0.000e+00
     11.697    15.3426   3.939457    31.5268        198     0.8208  0.000e+00
     11.787    15.3402   3.939742    31.5313        199     0.8250  0.000e+00
     11.860    15.3366   3.940000    31.5365        200     0.8292  0.000e+00
     11.908    15.3355   3.940166    31.5389        201     0.8333  0.000e+00
     11.948    15.3345   3.940378    31.5415        202     0.8375  0.000e+00
     11.969    15.3332   3.940735    31.5457        203     0.8417  0.000e+00
     11.984    15.3348   3.940828    31.5452        204     0.8458  0.000e+00
     11.993    15.3358   3.940828    31.5445        205     0.8500  0.000e+00
     11.999    15.3359   3.940735    31.5436        206     0.8542  0.000e+00
     12.038    15.3337   3.939762    31.5366        207     0.8583  0.000e+00
     12.090    15.3262   3.938205    31.5288        208     0.8625  0.000e+00
     12.168    15.3104   3.937232    31.5327        209     0.8667  0.000e+00
     12.277    15.2856   3.936458    31.5457        210     0.8708  0.000e+00
     12.410    15.2589   3.934896    31.5532        211     0.8750  0.000e+00
     12.567    15.2362   3.934122    31.5644        212     0.8792  0.000e+00
     12.715    15.2151   3.933672    31.5773        213     0.8833  0.000e+00
     12.872    15.2002   3.932964    31.5829        214     0.8875  0.000e+00
     13.038    15.1873   3.932150    31.5860        215     0.8917  0.000e+00
