HB2302/sbe020.cnv
* Sea-Bird SBE 19plus V2 Data File:
* FileName = C:\cruise\data\sbe020.hex
* Software Version Seasave V 7.26.7.121
* Temperature SN = 4758
* Conductivity SN = 4758
* System UpLoad Time = Jun 10 2023 18:42:54
* NMEA Latitude = 38 59.73 N
* NMEA Longitude = 072 50.41 W
* NMEA UTC (Time) = Jun 10 2023 18:42:55
** Cruise: HB2302
** Program: Ecomon
** Chief Scientist: Jerry Prezioso
# nquan = 7
# nvalues = 2896                                  
# units = specified
# name 0 = depSM: Depth [salt water, m]
# name 1 = tv290C: Temperature [ITS-90, deg C]
# name 2 = c0S/m: Conductivity [S/m]
# name 3 = sal00: Salinity, Practical [PSU]
# name 4 = scan: Scan Count
# name 5 = timeM: Time, Elapsed [minutes]
# name 6 = flag:  0.000e+00
# span 0 =     -0.133,    116.167                 
# span 1 =     8.3362,    16.1074                 
# span 2 =   0.000005,   4.238948                 
# span 3 =     0.0082,    35.0719                 
# span 4 =         11,       2906                 
# span 5 =     0.0417,    12.1042                 
# span 6 = 0.0000e+00, 0.0000e+00                 
# interval = seconds: 0.25
# start_time = Jun 10 2023 18:42:55 [NMEA time, header]
# bad_flag = -9.990e-29
*END*
[from data line 1231]
     86.762    11.5645   3.904666    34.4353       1242     5.1708  0.000e+00
     86.678    11.5499   3.903795    34.4403       1243     5.1750  0.000e+00
     86.602    11.5382   3.903564    34.4490       1244     5.1792  0.000e+00
     86.524    11.5310   3.901671    34.4371       1245     5.1833  0.000e+00
     86.442    11.5219   3.897120    34.4008       1246     5.1875  0.000e+00
     86.358    11.5024   3.894602    34.3941       1247     5.1917  0.000e+00
     86.270    11.4818   3.894252    34.4099       1248     5.1958  0.000e+00
     86.180    11.4686   3.894154    34.4213       1249     5.2000  0.000e+00
     86.083    11.4616   3.893132    34.4177       1250     5.2042  0.000e+00
     85.975    11.4555   3.892176    34.4140       1251     5.2083  0.000e+00
     85.857    11.4487   3.890147    34.4004       1252     5.2125  0.000e+00
     85.736    11.4391   3.889218    34.4002       1253     5.2167  0.000e+00
     85.619    11.4295   3.887893    34.3961       1254     5.2208  0.000e+00
     85.492    11.4203   3.887189    34.3978       1255     5.2250  0.000e+00
     85.371    11.4122   3.885707    34.3907       1256     5.2292  0.000e+00
     85.239    11.4035   3.885074    34.3927       1257     5.2333  0.000e+00
     85.121    11.3956   3.882263    34.3723       1258     5.2375  0.000e+00
     84.997    11.3834   3.880986    34.3711       1259     5.2417  0.000e+00
     84.879    11.3711   3.880617    34.3790       1260     5.2458  0.000e+00
     84.765    11.3632   3.880064    34.3809       1261     5.2500  0.000e+00
     84.653    11.3576   3.879571    34.3813       1262     5.2542  0.000e+00
     84.548    11.3530   3.878485    34.3749       1263     5.2583  0.000e+00
     84.433    11.3467   3.875260    34.3489       1264     5.2625  0.000e+00
     84.330    11.3328   3.873958    34.3490       1265     5.2667  0.000e+00
     84.225    11.3191   3.873320    34.3555       1266     5.2708  0.000e+00
     84.119    11.3091   3.870952    34.3415       1267     5.2750  0.000e+00
     84.007    11.2970   3.869677    34.3401       1268     5.2792  0.000e+00
     83.905    11.2844   3.866903    34.3245       1269     5.2833  0.000e+00
     83.802    11.2704   3.865536    34.3240       1270     5.2875  0.000e+00
     83.709    11.2564   3.864458    34.3265       1271     5.2917  0.000e+00
     83.618    11.2455   3.863715    34.3293       1272     5.2958  0.000e+00
     83.534    11.2370   3.863669    34.3368       1273     5.3000  0.000e+00
     83.452    11.2322   3.863065    34.3353       1274     5.3042  0.000e+00
     83.386    11.2282   3.862467    34.3332       1275     5.3083  0.000e+00
     83.313    11.2238   3.861981    34.3325       1276     5.3125  0.000e+00
     83.247    11.2198   3.861475    34.3312       1277     5.3167  0.000e+00
     83.190    11.2159   3.860227    34.3225       1278     5.3208  0.000e+00
     83.126    11.2101   3.859215    34.3179       1279     5.3250  0.000e+00
     83.057    11.2032   3.858979    34.3220       1280     5.3292  0.000e+00
     82.997    11.1985   3.858519    34.3219       1281     5.3333  0.000e+00
     82.930    11.1947   3.857922    34.3195       1282     5.3375  0.000e+00
     82.858    11.1906   3.856333    34.3076       1283     5.3417  0.000e+00
     82.791    11.1834   3.853680    34.2880       1284     5.3458  0.000e+00
     82.716    11.1699   3.848621    34.2504       1285     5.3500  0.000e+00
     82.632    11.1451   3.841984    34.2077       1286     5.3542  0.000e+00
     82.553    11.1078   3.832273    34.1459       1287     5.3583  0.000e+00
     82.481    11.0588   3.831180    34.1807       1288     5.3625  0.000e+00
     82.405    11.0198   3.823803    34.1436       1289     5.3667  0.000e+00
     82.324    10.9800   3.822750    34.1701       1290     5.3708  0.000e+00
     82.251    10.9484   3.812483    34.0973       1291     5.3750  0.000e+00
     82.167    10.9038   3.804219    34.0563       1292     5.3792  0.000e+00
     82.091    10.8469   3.800120    34.0683       1293     5.3833  0.000e+00
     82.016    10.8000   3.797745    34.0883       1294     5.3875  0.000e+00
     81.935    10.7685   3.795096    34.0911       1295     5.3917  0.000e+00
     81.856    10.7436   3.793094    34.0944       1296     5.3958  0.000e+00
     81.775    10.7214   3.790446    34.0886       1297     5.4000  0.000e+00
     81.687    10.7010   3.787669    34.0798       1298     5.4042  0.000e+00
     81.609    10.6795   3.784000    34.0631       1299     5.4083  0.000e+00
     81.521    10.6567   3.782508    34.0695       1300     5.4125  0.000e+00
     81.440    10.6367   3.783147    34.0945       1301     5.4167  0.000e+00
     81.358    10.6278   3.783636    34.1078       1302     5.4208  0.000e+00
     81.292    10.6261   3.785011    34.1233       1303     5.4250  0.000e+00
     81.210    10.6294   3.784587    34.1159       1304     5.4292  0.000e+00
     81.144    10.6321   3.784874    34.1164       1305     5.4333  0.000e+00
     81.081    10.6339   3.786816    34.1342       1306     5.4375  0.000e+00
     81.011    10.6404   3.787018    34.1302       1307     5.4417  0.000e+00
     80.951    10.6462   3.785616    34.1107       1308     5.4458  0.000e+00
     80.897    10.6455   3.784326    34.0985       1309     5.4500  0.000e+00
     80.827    10.6400   3.783342    34.0937       1310     5.4542  0.000e+00
     80.764    10.6319   3.782130    34.0891       1311     5.4583  0.000e+00
     80.685    10.6231   3.781518    34.0912       1312     5.4625  0.000e+00
     80.610    10.6167   3.780841    34.0905       1313     5.4667  0.000e+00
     80.519    10.6091   3.774596    34.0348       1314     5.4708  0.000e+00
     80.414    10.5872   3.771875    34.0280       1315     5.4750  0.000e+00
     80.311    10.5612   3.769364    34.0271       1316     5.4792  0.000e+00
     80.197    10.5379   3.769429    34.0495       1317     5.4833  0.000e+00
     80.085    10.5248   3.768401    34.0515       1318     5.4875  0.000e+00
     79.964    10.5157   3.768688    34.0630       1319     5.4917  0.000e+00
     79.865    10.5106   3.767484    34.0556       1320     5.4958  0.000e+00
     79.771    10.5050   3.767257    34.0586       1321     5.5000  0.000e+00
     79.684    10.5003   3.767140    34.0619       1322     5.5042  0.000e+00
     79.608    10.4974   3.766749    34.0607       1323     5.5083  0.000e+00
     79.539    10.4948   3.767211    34.0678       1324     5.5125  0.000e+00
     79.475    10.4943   3.767036    34.0665       1325     5.5167  0.000e+00
     79.421    10.4946   3.766580    34.0617       1326     5.5208  0.000e+00
     79.361    10.4917   3.761957    34.0178       1327     5.5250  0.000e+00
     79.303    10.4762   3.761431    34.0270       1328     5.5292  0.000e+00
     79.249    10.4623   3.761275    34.0385       1329     5.5333  0.000e+00
     79.186    10.4544   3.761301    34.0462       1330     5.5375  0.000e+00
     79.116    10.4506   3.761099    34.0477       1331     5.5417  0.000e+00
     79.038    10.4484   3.759910    34.0378       1332     5.5458  0.000e+00
     78.959    10.4422   3.755108    33.9952       1333     5.5500  0.000e+00
     78.866    10.4238   3.754634    34.0077       1334     5.5542  0.000e+00
     78.778    10.4085   3.754771    34.0234       1335     5.5583  0.000e+00
     78.688    10.4009   3.753160    34.0143       1336     5.5625  0.000e+00
     78.600    10.3850   3.725397    33.7489       1337     5.5667  0.000e+00
     78.510    10.2989   3.719740    33.7719       1338     5.5708  0.000e+00
     78.428    10.2077   3.717379    33.8330       1339     5.5750  0.000e+00
     78.353    10.1498   3.716015    33.8733       1340     5.5792  0.000e+00
     78.268    10.1165   3.716501    33.9094       1341     5.5833  0.000e+00
     78.187    10.1009   3.715285    33.9117       1342     5.5875  0.000e+00
     78.115    10.0872   3.704825    33.8183       1343     5.5917  0.000e+00
     78.030    10.0484   3.702286    33.8288       1344     5.5958  0.000e+00
     77.946    10.0089   3.702177    33.8647       1345     5.6000  0.000e+00
     77.855     9.9868   3.701505    33.8786       1346     5.6042  0.000e+00
     77.768     9.9747   3.701828    33.8933       1347     5.6083  0.000e+00
     77.665     9.9675   3.700285    33.8843       1348     5.6125  0.000e+00
     77.584     9.9602   3.697722    33.8651       1349     5.6167  0.000e+00
     77.490     9.9469   3.694210    33.8418       1350     5.6208  0.000e+00
     77.399     9.9250   3.694533    33.8657       1351     5.6250  0.000e+00
     77.315     9.9126   3.693017    33.8618       1352     5.6292  0.000e+00
     77.237     9.9010   3.685070    33.7916       1353     5.6333  0.000e+00
     77.167     9.8685   3.681151    33.7821       1354     5.6375  0.000e+00
     77.095     9.8306   3.681042    33.8166       1355     5.6417  0.000e+00
     77.034     9.8092   3.680585    33.8321       1356     5.6458  0.000e+00
     76.968     9.7974   3.679187    33.8288       1357     5.6500  0.000e+00
     76.908     9.7865   3.677016    33.8169       1358     5.6542  0.000e+00
     76.847     9.7731   3.677035    33.8297       1359     5.6583  0.000e+00
     76.781     9.7646   3.676533    33.8325       1360     5.6625  0.000e+00
     76.702     9.7585   3.676101    33.8338       1361     5.6667  0.000e+00
     76.621     9.7544   3.676056    33.8373       1362     5.6708  0.000e+00
     76.540     9.7519   3.675399    33.8330       1363     5.6750  0.000e+00
     76.440     9.7484   3.673583    33.8177       1364     5.6792  0.000e+00
     76.340     9.7407   3.673358    33.8226       1365     5.6833  0.000e+00
     76.238     9.7346   3.673113    33.8259       1366     5.6875  0.000e+00
     76.138     9.7297   3.668105    33.7792       1367     5.6917  0.000e+00
     76.048     9.7130   3.667584    33.7896       1368     5.6958  0.000e+00
     75.954     9.6968   3.667269    33.8017       1369     5.7000  0.000e+00
     75.870     9.6875   3.666761    33.8052       1370     5.7042  0.000e+00
     75.788     9.6810   3.666857    33.8124       1371     5.7083  0.000e+00
     75.713     9.6774   3.666786    33.8151       1372     5.7125  0.000e+00
     75.640     9.6763   3.667140    33.8198       1373     5.7167  0.000e+00
     75.571     9.6770   3.667127    33.8190       1374     5.7208  0.000e+00
     75.496     9.6763   3.657750    33.7235       1375     5.7250  0.000e+00
     75.429     9.6474   3.651890    33.6904       1376     5.7292  0.000e+00
     75.348     9.6040   3.651621    33.7285       1377     5.7333  0.000e+00
     75.269     9.5765   3.649874    33.7363       1378     5.7375  0.000e+00
     75.176     9.5578   3.650966    33.7652       1379     5.7417  0.000e+00
     75.082     9.5496   3.649264    33.7555       1380     5.7458  0.000e+00
     74.989     9.5418   3.649514    33.7655       1381     5.7500  0.000e+00
     74.886     9.5369   3.647338    33.7477       1382     5.7542  0.000e+00
     74.783     9.5277   3.644750    33.7297       1383     5.7583  0.000e+00
     74.690     9.5112   3.644192    33.7396       1384     5.7625  0.000e+00
     74.602     9.4988   3.641862    33.7273       1385     5.7667  0.000e+00
     74.518     9.4841   3.640753    33.7297       1386     5.7708  0.000e+00
     74.439     9.4709   3.642126    33.7563       1387     5.7750  0.000e+00
     74.364     9.4671   3.638520    33.7228       1388     5.7792  0.000e+00
     74.283     9.4545   3.630710    33.6541       1389     5.7833  0.000e+00
     74.210     9.4212   3.630288    33.6811       1390     5.7875  0.000e+00
     74.141     9.3950   3.629788    33.7006       1391     5.7917  0.000e+00
     74.065     9.3807   3.629743    33.7136       1392     5.7958  0.000e+00
     73.993     9.3733   3.629635    33.7195       1393     5.8000  0.000e+00
     73.917     9.3698   3.629878    33.7254       1394     5.8042  0.000e+00
     73.827     9.3688   3.629378    33.7212       1395     5.8083  0.000e+00
     73.742     9.3673   3.629859    33.7276       1396     5.8125  0.000e+00
     73.649     9.3676   3.629654    33.7253       1397     5.8167  0.000e+00
     73.552     9.3676   3.629590    33.7246       1398     5.8208  0.000e+00
     73.453     9.3667   3.628865    33.7181       1399     5.8250  0.000e+00
     73.356     9.3642   3.628135    33.7129       1400     5.8292  0.000e+00
     73.257     9.3582   3.619470    33.6290       1401     5.8333  0.000e+00
     73.166     9.3277   3.617428    33.6366       1402     5.8375  0.000e+00
     73.079     9.2947   3.612585    33.6176       1403     5.8417  0.000e+00
     72.982     9.2595   3.606658    33.5894       1404     5.8458  0.000e+00
     72.895     9.2172   3.603284    33.5942       1405     5.8500  0.000e+00
     72.810     9.1766   3.594324    33.5395       1406     5.8542  0.000e+00
     72.720     9.1298   3.593118    33.5711       1407     5.8583  0.000e+00
     72.623     9.0938   3.592850    33.6023       1408     5.8625  0.000e+00
     72.529     9.0745   3.592455    33.6164       1409     5.8667  0.000e+00
     72.430     9.0637   3.591829    33.6202       1410     5.8708  0.000e+00
     72.333     9.0529   3.583212    33.5407       1411     5.8750  0.000e+00
     72.234     9.0223   3.581567    33.5525       1412     5.8792  0.000e+00
     72.140     8.9917   3.581504    33.5807       1413     5.8833  0.000e+00
     72.050     8.9736   3.580618    33.5886       1414     5.8875  0.000e+00
     71.962     8.9627   3.580038    33.5929       1415     5.8917  0.000e+00
     71.887     8.9539   3.578936    33.5898       1416     5.8958  0.000e+00
     71.814     8.9462   3.579089    33.5987       1417     5.9000  0.000e+00
     71.751     8.9416   3.579267    33.6049       1418     5.9042  0.000e+00
     71.685     8.9405   3.579911    33.6127       1419     5.9083  0.000e+00
     71.636     8.9427   3.580351    33.6152       1420     5.9125  0.000e+00
     71.582     8.9465   3.579560    33.6034       1421     5.9167  0.000e+00
     71.528     8.9462   3.578642    33.5942       1422     5.9208  0.000e+00
     71.464     8.9409   3.577871    33.5912       1423     5.9250  0.000e+00
     71.395     8.9351   3.575412    33.5710       1424     5.9292  0.000e+00
     71.317     8.9237   3.575081    33.5783       1425     5.9333  0.000e+00
     71.238     8.9132   3.572916    33.5657       1426     5.9375  0.000e+00
     71.145     8.8990   3.567549    33.5231       1427     5.9417  0.000e+00
     71.036     8.8734   3.566155    33.5327       1428     5.9458  0.000e+00
     70.924     8.8506   3.563489    33.5265       1429     5.9500  0.000e+00
     70.813     8.8297   3.562873    33.5398       1430     5.9542  0.000e+00
     70.695     8.8148   3.562389    33.5489       1431     5.9583  0.000e+00
     70.586     8.8044   3.559998    33.5337       1432     5.9625  0.000e+00
     70.484     8.7920   3.559725    33.5426       1433     5.9667  0.000e+00
     70.384     8.7826   3.559814    33.5526       1434     5.9708  0.000e+00
     70.300     8.7780   3.559699    33.5557       1435     5.9750  0.000e+00
     70.215     8.7759   3.559458    33.5552       1436     5.9792  0.000e+00
     70.143     8.7740   3.559458    33.5570       1437     5.9833  0.000e+00
     70.079     8.7730   3.559438    33.5578       1438     5.9875  0.000e+00
     70.007     8.7724   3.559458    33.5586       1439     5.9917  0.000e+00
     69.944     8.7724   3.559877    33.5631       1440     5.9958  0.000e+00
     69.871     8.7738   3.559966    33.5627       1441     6.0000  0.000e+00
     69.814     8.7754   3.559788    33.5593       1442     6.0042  0.000e+00
     69.741     8.7759   3.559833    33.5594       1443     6.0083  0.000e+00
     69.666     8.7761   3.559852    33.5595       1444     6.0125  0.000e+00
     69.594     8.7767   3.559877    33.5592       1445     6.0167  0.000e+00
