HB2302/sbe039.cnv
* Sea-Bird SBE 19plus V2 Data File:
* FileName = C:\cruise\data\sbe039.hex
* Software Version Seasave V 7.26.7.121
* Temperature SN = 4758
* Conductivity SN = 4758
* System UpLoad Time = Jun 12 2023 17:48:18
* NMEA Latitude = 37 27.09 N
* NMEA Longitude = 075 21.99 W
* NMEA UTC (Time) = Jun 12 2023 17:48:19
** Cruise: HB2302
** Program: Ecomon
** Chief Scientist: Jerry Prezioso
# nquan = 7
# nvalues = 1412                                  
# units = specified
# name 0 = depSM: Depth [salt water, m]
# name 1 = tv290C: Temperature [ITS-90, deg C]
# name 2 = c0S/m: Conductivity [S/m]
# name 3 = sal00: Salinity, Practical [PSU]
# name 4 = scan: Scan Count
# name 5 = timeM: Time, Elapsed [minutes]
# name 6 = flag:  0.000e+00
# span 0 =     -0.154,     23.651                 
# span 1 =    16.1189,    23.6875                 
# span 2 =  -0.000273,   4.361338                 
# span 3 =     0.0000,    32.3869                 
# span 4 =         11,       1422                 
# span 5 =     0.0417,     5.9208                 
# span 6 = 0.0000e+00, 0.0000e+00                 
# interval = seconds: 0.25
# start_time = Jun 12 2023 17:48:19 [NMEA time, header]
# bad_flag = -9.990e-29
*END*
[from data line 1026]
      4.707    19.6546   4.282423    31.1171       1037     4.3167  0.000e+00
      4.680    19.6612   4.282348    31.1116       1038     4.3208  0.000e+00
      4.655    19.6671   4.283424    31.1159       1039     4.3250  0.000e+00
      4.598    19.6771   4.283389    31.1082       1040     4.3292  0.000e+00
      4.550    19.6820   4.282025    31.0935       1041     4.3333  0.000e+00
      4.486    19.6732   4.283019    31.1082       1042     4.3375  0.000e+00
      4.423    19.6715   4.284822    31.1240       1043     4.3417  0.000e+00
      4.377    19.6889   4.284856    31.1114       1044     4.3458  0.000e+00
      4.338    19.7027   4.286042    31.1108       1045     4.3500  0.000e+00
      4.314    19.7170   4.286014    31.1000       1046     4.3542  0.000e+00
      4.299    19.7258   4.285664    31.0907       1047     4.3583  0.000e+00
      4.272    19.7274   4.286144    31.0934       1048     4.3625  0.000e+00
      4.257    19.7302   4.285993    31.0901       1049     4.3667  0.000e+00
      4.235    19.7328   4.287118    31.0972       1050     4.3708  0.000e+00
      4.217    19.7409   4.286898    31.0895       1051     4.3750  0.000e+00
      4.208    19.7443   4.284992    31.0715       1052     4.3792  0.000e+00
      4.178    19.7318   4.284170    31.0741       1053     4.3833  0.000e+00
      4.172    19.7143   4.283471    31.0814       1054     4.3875  0.000e+00
      4.157    19.6995   4.284150    31.0979       1055     4.3917  0.000e+00
      4.160    19.6987   4.287139    31.1227       1056     4.3958  0.000e+00
      4.160    19.7190   4.284965    31.0901       1057     4.4000  0.000e+00
      4.169    19.7241   4.286967    31.1025       1058     4.4042  0.000e+00
      4.172    19.7330   4.287550    31.1006       1059     4.4083  0.000e+00
      4.175    19.7461   4.288269    31.0967       1060     4.4125  0.000e+00
      4.181    19.7583   4.288914    31.0929       1061     4.4167  0.000e+00
      4.172    19.7690   4.289092    31.0864       1062     4.4208  0.000e+00
      4.166    19.7769   4.289305    31.0823       1063     4.4250  0.000e+00
      4.145    19.7816   4.289064    31.0769       1064     4.4292  0.000e+00
      4.115    19.7826   4.289044    31.0760       1065     4.4333  0.000e+00
      4.073    19.7830   4.289092    31.0761       1066     4.4375  0.000e+00
      4.018    19.7829   4.288365    31.0703       1067     4.4417  0.000e+00
      3.961    19.7784   4.287864    31.0696       1068     4.4458  0.000e+00
      3.894    19.7715   4.287741    31.0738       1069     4.4500  0.000e+00
      3.825    19.7662   4.287912    31.0791       1070     4.4542  0.000e+00
      3.773    19.7649   4.287762    31.0789       1071     4.4583  0.000e+00
      3.731    19.7634   4.287892    31.0810       1072     4.4625  0.000e+00
      3.710    19.7639   4.287988    31.0814       1073     4.4667  0.000e+00
      3.698    19.7649   4.287844    31.0795       1074     4.4708  0.000e+00
      3.713    19.7643   4.287816    31.0797       1075     4.4750  0.000e+00
      3.734    19.7631   4.287768    31.0802       1076     4.4792  0.000e+00
      3.764    19.7628   4.288015    31.0825       1077     4.4833  0.000e+00
      3.789    19.7639   4.288118    31.0825       1078     4.4875  0.000e+00
      3.813    19.7650   4.288104    31.0816       1079     4.4917  0.000e+00
      3.831    19.7657   4.287768    31.0783       1080     4.4958  0.000e+00
      3.846    19.7639   4.287892    31.0806       1081     4.5000  0.000e+00
      3.843    19.7626   4.287913    31.0817       1082     4.5042  0.000e+00
      3.822    19.7623   4.287446    31.0782       1083     4.5083  0.000e+00
      3.795    19.7586   4.286390    31.0724       1084     4.5125  0.000e+00
      3.759    19.7491   4.287117    31.0853       1085     4.5167  0.000e+00
      3.716    19.7477   4.289044    31.1020       1086     4.5208  0.000e+00
      3.677    19.7613   4.290038    31.0999       1087     4.5250  0.000e+00
      3.626    19.7782   4.288913    31.0784       1088     4.5292  0.000e+00
      3.580    19.7803   4.289339    31.0803       1089     4.5333  0.000e+00
      3.532    19.7840   4.290429    31.0864       1090     4.5375  0.000e+00
      3.484    19.7919   4.289914    31.0764       1091     4.5417  0.000e+00
      3.420    19.7945   4.290141    31.0763       1092     4.5458  0.000e+00
      3.372    19.7961   4.290641    31.0791       1093     4.5500  0.000e+00
      3.323    19.8015   4.293811    31.1008       1094     4.5542  0.000e+00
      3.284    19.8230   4.294743    31.0925       1095     4.5583  0.000e+00
      3.248    19.8448   4.293817    31.0689       1096     4.5625  0.000e+00
      3.221    19.8512   4.292918    31.0569       1097     4.5667  0.000e+00
      3.206    19.8463   4.293570    31.0658       1098     4.5708  0.000e+00
      3.197    19.8451   4.292870    31.0610       1099     4.5750  0.000e+00
      3.215    19.8442   4.293968    31.0705       1100     4.5792  0.000e+00
      3.233    19.8478   4.294620    31.0732       1101     4.5833  0.000e+00
      3.260    19.8542   4.293940    31.0629       1102     4.5875  0.000e+00
      3.299    19.8546   4.292554    31.0514       1103     4.5917  0.000e+00
      3.326    19.8459   4.292239    31.0552       1104     4.5958  0.000e+00
      3.342    19.8366   4.291567    31.0567       1105     4.6000  0.000e+00
      3.357    19.8282   4.291416    31.0617       1106     4.6042  0.000e+00
      3.323    19.8226   4.292239    31.0725       1107     4.6083  0.000e+00
      3.257    19.8247   4.293241    31.0791       1108     4.6125  0.000e+00
      3.133    19.8320   4.291738    31.0616       1109     4.6167  0.000e+00
      2.988    19.8301   4.292040    31.0654       1110     4.6208  0.000e+00
      2.843    19.8287   4.292054    31.0666       1111     4.6250  0.000e+00
      2.740    19.8293   4.292040    31.0661       1112     4.6292  0.000e+00
      2.692    19.8300   4.292369    31.0683       1113     4.6333  0.000e+00
      2.662    19.8318   4.293570    31.0767       1114     4.6375  0.000e+00
      2.674    19.8383   4.293391    31.0704       1115     4.6417  0.000e+00
      2.695    19.8460   4.295168    31.0790       1116     4.6458  0.000e+00
      2.728    19.8567   4.293665    31.0590       1117     4.6500  0.000e+00
      2.770    19.8558   4.291690    31.0437       1118     4.6542  0.000e+00
      2.828    19.8419   4.291765    31.0546       1119     4.6583  0.000e+00
      2.885    19.8329   4.292740    31.0691       1120     4.6625  0.000e+00
      2.946    19.8348   4.292891    31.0689       1121     4.6667  0.000e+00
      2.988    19.8380   4.292994    31.0673       1122     4.6708  0.000e+00
      3.021    19.8402   4.292266    31.0598       1123     4.6750  0.000e+00
      3.027    19.8366   4.292218    31.0621       1124     4.6792  0.000e+00
      2.994    19.8330   4.292740    31.0690       1125     4.6833  0.000e+00
      2.937    19.8340   4.291491    31.0582       1126     4.6875  0.000e+00
      2.852    19.8287   4.292630    31.0713       1127     4.6917  0.000e+00
      2.755    19.8302   4.294270    31.0834       1128     4.6958  0.000e+00
      2.644    19.8425   4.293645    31.0694       1129     4.7000  0.000e+00
      2.532    19.8488   4.294043    31.0680       1130     4.7042  0.000e+00
      2.426    19.8522   4.294125    31.0661       1131     4.7083  0.000e+00
      2.326    19.8556   4.293816    31.0612       1132     4.7125  0.000e+00
      2.266    19.8560   4.294091    31.0631       1133     4.7167  0.000e+00
      2.260    19.8572   4.294441    31.0650       1134     4.7208  0.000e+00
      2.275    19.8597   4.293864    31.0586       1135     4.7250  0.000e+00
      2.311    19.8584   4.294050    31.0610       1136     4.7292  0.000e+00
      2.368    19.8587   4.294770    31.0666       1137     4.7333  0.000e+00
      2.435    19.8627   4.294921    31.0648       1138     4.7375  0.000e+00
      2.514    19.8658   4.294646    31.0603       1139     4.7417  0.000e+00
      2.589    19.8664   4.294811    31.0611       1140     4.7458  0.000e+00
      2.650    19.8677   4.296122    31.0708       1141     4.7500  0.000e+00
      2.704    19.8753   4.296348    31.0669       1142     4.7542  0.000e+00
      2.752    19.8818   4.296321    31.0619       1143     4.7583  0.000e+00
      2.786    19.8852   4.296279    31.0590       1144     4.7625  0.000e+00
      2.786    19.8864   4.296273    31.0581       1145     4.7667  0.000e+00
      2.755    19.8868   4.296273    31.0579       1146     4.7708  0.000e+00
      2.656    19.8869   4.296224    31.0574       1147     4.7750  0.000e+00
      2.495    19.8868   4.296039    31.0561       1148     4.7792  0.000e+00
      2.341    19.8859   4.296121    31.0574       1149     4.7833  0.000e+00
      2.202    19.8859   4.296224    31.0582       1150     4.7875  0.000e+00
      2.118    19.8860   4.296396    31.0596       1151     4.7917  0.000e+00
      2.072    19.8873   4.296307    31.0579       1152     4.7958  0.000e+00
      2.069    19.8877   4.296094    31.0560       1153     4.8000  0.000e+00
      2.090    19.8869   4.296046    31.0561       1154     4.8042  0.000e+00
      2.118    19.8858   4.296094    31.0573       1155     4.8083  0.000e+00
      2.145    19.8858   4.296073    31.0572       1156     4.8125  0.000e+00
      2.172    19.8851   4.295572    31.0536       1157     4.8167  0.000e+00
      2.205    19.8821   4.294722    31.0489       1158     4.8208  0.000e+00
      2.211    19.8748   4.294365    31.0515       1159     4.8250  0.000e+00
      2.202    19.8684   4.294468    31.0570       1160     4.8292  0.000e+00
      2.196    19.8651   4.294365    31.0586       1161     4.8333  0.000e+00
      2.208    19.8640   4.294818    31.0631       1162     4.8375  0.000e+00
      2.226    19.8646   4.294543    31.0604       1163     4.8417  0.000e+00
      2.266    19.8638   4.293816    31.0551       1164     4.8458  0.000e+00
      2.272    19.8591   4.294180    31.0615       1165     4.8500  0.000e+00
      2.272    19.8579   4.294694    31.0666       1166     4.8542  0.000e+00
      2.242    19.8607   4.295147    31.0682       1167     4.8583  0.000e+00
      2.187    19.8662   4.295195    31.0645       1168     4.8625  0.000e+00
      2.115    19.8703   4.294914    31.0592       1169     4.8667  0.000e+00
      2.039    19.8713   4.295120    31.0602       1170     4.8708  0.000e+00
      1.997    19.8723   4.295470    31.0623       1171     4.8750  0.000e+00
      1.942    19.8748   4.295723    31.0625       1172     4.8792  0.000e+00
      1.912    19.8778   4.295648    31.0597       1173     4.8833  0.000e+00
      1.873    19.8788   4.295442    31.0573       1174     4.8875  0.000e+00
      1.833    19.8785   4.295847    31.0608       1175     4.8917  0.000e+00
      1.797    19.8798   4.295119    31.0540       1176     4.8958  0.000e+00
      1.743    19.8770   4.295016    31.0552       1177     4.9000  0.000e+00
      1.716    19.8739   4.294996    31.0574       1178     4.9042  0.000e+00
      1.713    19.8718   4.294468    31.0547       1179     4.9083  0.000e+00
      1.728    19.8686   4.295394    31.0645       1180     4.9125  0.000e+00
      1.758    19.8705   4.295497    31.0639       1181     4.9167  0.000e+00
      1.782    19.8737   4.295806    31.0641       1182     4.9208  0.000e+00
      1.815    19.8772   4.296698    31.0686       1183     4.9250  0.000e+00
      1.839    19.8838   4.296746    31.0641       1184     4.9292  0.000e+00
      1.870    19.8891   4.296396    31.0574       1185     4.9333  0.000e+00
      1.879    19.8893   4.295936    31.0535       1186     4.9375  0.000e+00
      1.882    19.8858   4.295943    31.0561       1187     4.9417  0.000e+00
      1.858    19.8835   4.295771    31.0565       1188     4.9458  0.000e+00
      1.800    19.8820   4.296547    31.0639       1189     4.9500  0.000e+00
      1.728    19.8850   4.296883    31.0644       1190     4.9542  0.000e+00
      1.664    19.8894   4.296368    31.0570       1191     4.9583  0.000e+00
      1.637    19.8889   4.295696    31.0519       1192     4.9625  0.000e+00
      1.628    19.8842   4.295442    31.0534       1193     4.9667  0.000e+00
      1.622    19.8799   4.295126    31.0540       1194     4.9708  0.000e+00
      1.619    19.8758   4.295366    31.0590       1195     4.9750  0.000e+00
      1.625    19.8746   4.295545    31.0613       1196     4.9792  0.000e+00
      1.640    19.8751   4.295318    31.0591       1197     4.9833  0.000e+00
      1.658    19.8745   4.295970    31.0648       1198     4.9875  0.000e+00
      1.667    19.8773   4.296334    31.0657       1199     4.9917  0.000e+00
      1.670    19.8825   4.296622    31.0642       1200     4.9958  0.000e+00
      1.637    19.8864   4.295998    31.0563       1201     5.0000  0.000e+00
      1.555    19.8858   4.296149    31.0579       1202     5.0042  0.000e+00
      1.449    19.8861   4.297617    31.0696       1203     5.0083  0.000e+00
      1.341    19.8928   4.297672    31.0652       1204     5.0125  0.000e+00
      1.250    19.8983   4.297672    31.0611       1205     5.0167  0.000e+00
      1.201    19.9014   4.297651    31.0587       1206     5.0208  0.000e+00
      1.189    19.9032   4.298324    31.0628       1207     5.0250  0.000e+00
      1.186    19.9061   4.298351    31.0608       1208     5.0292  0.000e+00
      1.198    19.9086   4.298351    31.0590       1209     5.0333  0.000e+00
      1.223    19.9100   4.298454    31.0588       1210     5.0375  0.000e+00
      1.268    19.9110   4.298482    31.0582       1211     5.0417  0.000e+00
      1.301    19.9120   4.298324    31.0563       1212     5.0458  0.000e+00
      1.328    19.9121   4.298399    31.0567       1213     5.0500  0.000e+00
      1.331    19.9120   4.298248    31.0556       1214     5.0542  0.000e+00
      1.292    19.9111   4.297576    31.0508       1215     5.0583  0.000e+00
      1.229    19.9079   4.297404    31.0519       1216     5.0625  0.000e+00
      1.153    19.9045   4.297322    31.0537       1217     5.0667  0.000e+00
      1.123    19.9026   4.297651    31.0578       1218     5.0708  0.000e+00
      1.105    19.9028   4.297322    31.0550       1219     5.0750  0.000e+00
      1.105    19.9019   4.296958    31.0528       1220     5.0792  0.000e+00
      1.083    19.8991   4.296821    31.0537       1221     5.0833  0.000e+00
      1.050    19.8969   4.297349    31.0596       1222     5.0875  0.000e+00
      1.020    19.8976   4.297171    31.0577       1223     5.0917  0.000e+00
      0.984    19.8976   4.297013    31.0564       1224     5.0958  0.000e+00
      0.950    19.8967   4.297020    31.0571       1225     5.1000  0.000e+00
      0.923    19.8949   4.295517    31.0464       1226     5.1042  0.000e+00
      0.905    19.8866   4.295119    31.0493       1227     5.1083  0.000e+00
      0.896    19.8779   4.295304    31.0572       1228     5.1125  0.000e+00
      0.872    19.8742   4.294920    31.0568       1229     5.1167  0.000e+00
      0.845    19.8702   4.294893    31.0596       1230     5.1208  0.000e+00
      0.778    19.8687   4.296299    31.0721       1231     5.1250  0.000e+00
      0.736    19.8741   4.295195    31.0591       1232     5.1292  0.000e+00
      0.724    19.8743   4.294495    31.0534       1233     5.1333  0.000e+00
      0.721    19.8682   4.294193    31.0554       1234     5.1375  0.000e+00
      0.763    19.8629   4.294495    31.0617       1235     5.1417  0.000e+00
      0.817    19.8616   4.294165    31.0601       1236     5.1458  0.000e+00
      0.838    19.8596   4.294413    31.0635       1237     5.1500  0.000e+00
      0.844    19.8595   4.293740    31.0582       1238     5.1542  0.000e+00
      0.869    19.8557   4.293294    31.0574       1239     5.1583  0.000e+00
      0.826    19.8501   4.293514    31.0633       1240     5.1625  0.000e+00
