HB2302/sbe074.cnv
* Sea-Bird SBE 19plus V2 Data File:
* FileName = C:\cruise\data\sbe074.hex
* Software Version Seasave V 7.26.7.121
* Temperature SN = 4758
* Conductivity SN = 4758
* System UpLoad Time = Jun 15 2023 18:04:45
* NMEA Latitude = 40 14.94 N
* NMEA Longitude = 068 50.28 W
* NMEA UTC (Time) = Jun 15 2023 18:04:45
** Cruise: HB2302
** Program: Ecomon
** Chief Scientist: Jerry Prezioso
# nquan = 7
# nvalues = 3268                                  
# units = specified
# name 0 = depSM: Depth [salt water, m]
# name 1 = tv290C: Temperature [ITS-90, deg C]
# name 2 = c0S/m: Conductivity [S/m]
# name 3 = sal00: Salinity, Practical [PSU]
# name 4 = scan: Scan Count
# name 5 = timeM: Time, Elapsed [minutes]
# name 6 = flag:  0.000e+00
# span 0 =     -0.174,    100.208                 
# span 1 =     7.9567,    19.9283                 
# span 2 =   0.000050,   4.194812                 
# span 3 =     0.0099,    34.2449                 
# span 4 =         11,       3278                 
# span 5 =     0.0417,    13.6542                 
# span 6 = 0.0000e+00, 0.0000e+00                 
# interval = seconds: 0.25
# start_time = Jun 15 2023 18:04:45 [NMEA time, header]
# bad_flag = -9.990e-29
*END*
[from data line 2462]
     35.605     8.1778   3.447434    32.9539       2473    10.3000  0.000e+00
     35.550     8.1773   3.447303    32.9529       2474    10.3042  0.000e+00
     35.508     8.1768   3.446964    32.9499       2475    10.3083  0.000e+00
     35.457     8.1758   3.446687    32.9478       2476    10.3125  0.000e+00
     35.415     8.1743   3.446204    32.9442       2477    10.3167  0.000e+00
     35.354     8.1724   3.445990    32.9437       2478    10.3208  0.000e+00
     35.294     8.1705   3.445526    32.9406       2479    10.3250  0.000e+00
     35.243     8.1683   3.445312    32.9404       2480    10.3292  0.000e+00
     35.174     8.1661   3.444973    32.9389       2481    10.3333  0.000e+00
     35.107     8.1637   3.444233    32.9333       2482    10.3375  0.000e+00
     35.029     8.1603   3.443806    32.9320       2483    10.3417  0.000e+00
     34.965     8.1568   3.443436    32.9314       2484    10.3458  0.000e+00
     34.878     8.1537   3.443065    32.9304       2485    10.3500  0.000e+00
     34.803     8.1507   3.442582    32.9282       2486    10.3542  0.000e+00
     34.730     8.1477   3.442049    32.9253       2487    10.3583  0.000e+00
     34.655     8.1448   3.441503    32.9223       2488    10.3625  0.000e+00
     34.576     8.1413   3.441164    32.9220       2489    10.3667  0.000e+00
     34.507     8.1384   3.440737    32.9203       2490    10.3708  0.000e+00
     34.441     8.1357   3.440486    32.9201       2491    10.3750  0.000e+00
     34.371     8.1333   3.440336    32.9208       2492    10.3792  0.000e+00
     34.317     8.1318   3.440229    32.9211       2493    10.3833  0.000e+00
     34.257     8.1305   3.440060    32.9206       2494    10.3875  0.000e+00
     34.214     8.1292   3.439827    32.9193       2495    10.3917  0.000e+00
     34.160     8.1279   3.439300    32.9150       2496    10.3958  0.000e+00
     34.115     8.1258   3.438981    32.9136       2497    10.4000  0.000e+00
     34.076     8.1234   3.438824    32.9142       2498    10.4042  0.000e+00
     34.030     8.1217   3.438730    32.9148       2499    10.4083  0.000e+00
     33.985     8.1203   3.438604    32.9148       2500    10.4125  0.000e+00
     33.937     8.1191   3.437971    32.9093       2501    10.4167  0.000e+00
     33.898     8.1166   3.437601    32.9077       2502    10.4208  0.000e+00
     33.858     8.1138   3.437607    32.9104       2503    10.4250  0.000e+00
     33.819     8.1120   3.437569    32.9116       2504    10.4292  0.000e+00
     33.774     8.1112   3.437438    32.9110       2505    10.4333  0.000e+00
     33.738     8.1102   3.437312    32.9106       2506    10.4375  0.000e+00
     33.687     8.1093   3.437231    32.9107       2507    10.4417  0.000e+00
     33.629     8.1083   3.437036    32.9095       2508    10.4458  0.000e+00
     33.569     8.1073   3.436785    32.9079       2509    10.4500  0.000e+00
     33.497     8.1058   3.435600    32.8967       2510    10.4542  0.000e+00
     33.415     8.1017   3.434735    32.8914       2511    10.4583  0.000e+00
     33.319     8.0964   3.432879    32.8767       2512    10.4625  0.000e+00
     33.225     8.0883   3.430980    32.8641       2513    10.4667  0.000e+00
     33.120     8.0779   3.430115    32.8647       2514    10.4708  0.000e+00
     33.005     8.0691   3.428981    32.8609       2515    10.4750  0.000e+00
     32.896     8.0604   3.428054    32.8593       2516    10.4792  0.000e+00
     32.791     8.0517   3.428286    32.8700       2517    10.4833  0.000e+00
     32.682     8.0478   3.427208    32.8623       2518    10.4875  0.000e+00
     32.595     8.0429   3.425103    32.8445       2519    10.4917  0.000e+00
     32.507     8.0311   3.422517    32.8280       2520    10.4958  0.000e+00
     32.432     8.0160   3.421190    32.8281       2521    10.5000  0.000e+00
     32.362     8.0025   3.420320    32.8316       2522    10.5042  0.000e+00
     32.317     7.9913   3.420163    32.8404       2523    10.5083  0.000e+00
     32.257     7.9849   3.419869    32.8433       2524    10.5125  0.000e+00
     32.218     7.9805   3.419450    32.8430       2525    10.5167  0.000e+00
     32.182     7.9769   3.419331    32.8451       2526    10.5208  0.000e+00
     32.157     7.9748   3.419024    32.8439       2527    10.5250  0.000e+00
     32.142     7.9729   3.418355    32.8385       2528    10.5292  0.000e+00
     32.121     7.9701   3.418311    32.8406       2529    10.5333  0.000e+00
     32.103     7.9683   3.418399    32.8433       2530    10.5375  0.000e+00
     32.085     7.9672   3.418042    32.8405       2531    10.5417  0.000e+00
     32.055     7.9658   3.417704    32.8382       2532    10.5458  0.000e+00
     32.031     7.9638   3.417535    32.8383       2533    10.5500  0.000e+00
     31.998     7.9621   3.417241    32.8368       2534    10.5542  0.000e+00
     31.958     7.9598   3.417009    32.8365       2535    10.5583  0.000e+00
     31.907     7.9579   3.416947    32.8377       2536    10.5625  0.000e+00
     31.844     7.9567   3.416653    32.8357       2537    10.5667  0.000e+00
     31.774     7.9572   3.416740    32.8362       2538    10.5708  0.000e+00
     31.699     7.9595   3.417160    32.8386       2539    10.5750  0.000e+00
     31.603     7.9664   3.418111    32.8422       2540    10.5792  0.000e+00
     31.491     7.9801   3.418523    32.8338       2541    10.5833  0.000e+00
     31.394     7.9960   3.418479    32.8185       2542    10.5875  0.000e+00
     31.277     8.0108   3.418185    32.8016       2543    10.5917  0.000e+00
     31.165     8.0233   3.418197    32.7900       2544    10.5958  0.000e+00
     31.041     8.0345   3.417765    32.7750       2545    10.6000  0.000e+00
     30.927     8.0461   3.416633    32.7521       2546    10.6042  0.000e+00
     30.818     8.0569   3.414756    32.7221       2547    10.6083  0.000e+00
     30.728     8.0683   3.413504    32.6982       2548    10.6125  0.000e+00
     30.640     8.0774   3.413342    32.6880       2549    10.6167  0.000e+00
     30.556     8.0836   3.413360    32.6825       2550    10.6208  0.000e+00
     30.496     8.0879   3.413073    32.6754       2551    10.6250  0.000e+00
     30.426     8.0915   3.412897    32.6703       2552    10.6292  0.000e+00
     30.378     8.0937   3.412478    32.6638       2553    10.6333  0.000e+00
     30.333     8.0947   3.412147    32.6593       2554    10.6375  0.000e+00
     30.281     8.0948   3.411809    32.6557       2555    10.6417  0.000e+00
     30.245     8.0937   3.411765    32.6562       2556    10.6458  0.000e+00
     30.197     8.0928   3.410784    32.6466       2557    10.6500  0.000e+00
     30.149     8.0893   3.409877    32.6403       2558    10.6542  0.000e+00
     30.112     8.0834   3.409608    32.6430       2559    10.6583  0.000e+00
     30.061     8.0789   3.409277    32.6436       2560    10.6625  0.000e+00
     30.010     8.0755   3.409127    32.6453       2561    10.6667  0.000e+00
     29.956     8.0731   3.408833    32.6444       2562    10.6708  0.000e+00
     29.901     8.0714   3.409046    32.6483       2563    10.6750  0.000e+00
     29.844     8.0718   3.409677    32.6546       2564    10.6792  0.000e+00
     29.790     8.0747   3.409652    32.6517       2565    10.6833  0.000e+00
     29.729     8.0766   3.409608    32.6495       2566    10.6875  0.000e+00
     29.669     8.0776   3.409796    32.6505       2567    10.6917  0.000e+00
     29.600     8.0787   3.409677    32.6483       2568    10.6958  0.000e+00
     29.533     8.0795   3.410177    32.6529       2569    10.7000  0.000e+00
     29.452     8.0816   3.410302    32.6523       2570    10.7042  0.000e+00
     29.377     8.0843   3.411446    32.6620       2571    10.7083  0.000e+00
     29.292     8.0898   3.411602    32.6586       2572    10.7125  0.000e+00
     29.196     8.0958   3.411452    32.6514       2573    10.7167  0.000e+00
     29.105     8.1003   3.411114    32.6437       2574    10.7208  0.000e+00
     29.009     8.1040   3.411014    32.6392       2575    10.7250  0.000e+00
     28.912     8.1064   3.410570    32.6323       2576    10.7292  0.000e+00
     28.819     8.1075   3.410239    32.6279       2577    10.7333  0.000e+00
     28.719     8.1075   3.409789    32.6231       2578    10.7375  0.000e+00
     28.619     8.1075   3.409607    32.6212       2579    10.7417  0.000e+00
     28.520     8.1072   3.409213    32.6173       2580    10.7458  0.000e+00
     28.423     8.1066   3.409107    32.6168       2581    10.7500  0.000e+00
     28.327     8.1065   3.409107    32.6170       2582    10.7542  0.000e+00
     28.233     8.1066   3.409126    32.6171       2583    10.7583  0.000e+00
     28.149     8.1065   3.409063    32.6166       2584    10.7625  0.000e+00
     28.077     8.1064   3.409001    32.6160       2585    10.7667  0.000e+00
     28.022     8.1061   3.409063    32.6170       2586    10.7708  0.000e+00
     27.968     8.1061   3.408982    32.6161       2587    10.7750  0.000e+00
     27.935     8.1061   3.408994    32.6163       2588    10.7792  0.000e+00
     27.911     8.1060   3.409107    32.6176       2589    10.7833  0.000e+00
     27.896     8.1063   3.409188    32.6182       2590    10.7875  0.000e+00
     27.871     8.1065   3.409151    32.6177       2591    10.7917  0.000e+00
     27.862     8.1065   3.409151    32.6176       2592    10.7958  0.000e+00
     27.847     8.1066   3.409188    32.6179       2593    10.8000  0.000e+00
     27.826     8.1067   3.409213    32.6181       2594    10.8042  0.000e+00
     27.802     8.1068   3.409232    32.6182       2595    10.8083  0.000e+00
     27.775     8.1070   3.409295    32.6188       2596    10.8125  0.000e+00
     27.736     8.1070   3.409313    32.6189       2597    10.8167  0.000e+00
     27.694     8.1070   3.409282    32.6186       2598    10.8208  0.000e+00
     27.645     8.1071   3.408901    32.6145       2599    10.8250  0.000e+00
     27.573     8.1068   3.408794    32.6137       2600    10.8292  0.000e+00
     27.513     8.1061   3.406925    32.5945       2601    10.8333  0.000e+00
     27.428     8.1027   3.406719    32.5955       2602    10.8375  0.000e+00
     27.350     8.0993   3.406557    32.5970       2603    10.8417  0.000e+00
     27.259     8.0975   3.406532    32.5985       2604    10.8458  0.000e+00
     27.157     8.0966   3.406450    32.5985       2605    10.8500  0.000e+00
     27.057     8.0967   3.406407    32.5980       2606    10.8542  0.000e+00
     26.955     8.0970   3.406506    32.5988       2607    10.8583  0.000e+00
     26.837     8.0974   3.406656    32.6001       2608    10.8625  0.000e+00
     26.719     8.0989   3.406781    32.6001       2609    10.8667  0.000e+00
     26.599     8.1011   3.406844    32.5988       2610    10.8708  0.000e+00
     26.490     8.1032   3.406856    32.5970       2611    10.8750  0.000e+00
     26.384     8.1047   3.406531    32.5922       2612    10.8792  0.000e+00
     26.294     8.1044   3.406719    32.5945       2613    10.8833  0.000e+00
     26.213     8.1047   3.406762    32.5947       2614    10.8875  0.000e+00
     26.158     8.1079   3.406844    32.5926       2615    10.8917  0.000e+00
     26.119     8.1119   3.406719    32.5876       2616    10.8958  0.000e+00
     26.086     8.1130   3.406900    32.5885       2617    10.9000  0.000e+00
     26.074     8.1145   3.406950    32.5877       2618    10.9042  0.000e+00
     26.074     8.1166   3.406887    32.5850       2619    10.9083  0.000e+00
     26.083     8.1172   3.406868    32.5843       2620    10.9125  0.000e+00
     26.095     8.1161   3.406825    32.5848       2621    10.9167  0.000e+00
     26.122     8.1146   3.406950    32.5875       2622    10.9208  0.000e+00
     26.137     8.1143   3.406975    32.5880       2623    10.9250  0.000e+00
     26.149     8.1116   3.406950    32.5903       2624    10.9292  0.000e+00
     26.146     8.1089   3.406869    32.5920       2625    10.9333  0.000e+00
     26.134     8.1067   3.406844    32.5938       2626    10.9375  0.000e+00
     26.098     8.1056   3.406994    32.5964       2627    10.9417  0.000e+00
     26.050     8.1057   3.406931    32.5956       2628    10.9458  0.000e+00
     25.980     8.1055   3.406556    32.5919       2629    10.9500  0.000e+00
     25.893     8.1043   3.406369    32.5911       2630    10.9542  0.000e+00
     25.803     8.1032   3.406550    32.5941       2631    10.9583  0.000e+00
     25.700     8.1047   3.406743    32.5947       2632    10.9625  0.000e+00
     25.594     8.1089   3.406993    32.5935       2633    10.9667  0.000e+00
     25.474     8.1148   3.407256    32.5909       2634    10.9708  0.000e+00
     25.362     8.1209   3.407368    32.5865       2635    10.9750  0.000e+00
     25.263     8.1266   3.407456    32.5821       2636    10.9792  0.000e+00
     25.154     8.1308   3.407962    32.5837       2637    10.9833  0.000e+00
     25.055     8.1371   3.408749    32.5863       2638    10.9875  0.000e+00
     24.955     8.1477   3.408874    32.5778       2639    10.9917  0.000e+00
     24.871     8.1559   3.409024    32.5718       2640    10.9958  0.000e+00
     24.786     8.1611   3.408993    32.5666       2641    11.0000  0.000e+00
     24.702     8.1638   3.408999    32.5642       2642    11.0042  0.000e+00
     24.632     8.1648   3.408999    32.5634       2643    11.0083  0.000e+00
     24.563     8.1654   3.409061    32.5634       2644    11.0125  0.000e+00
     24.506     8.1664   3.409274    32.5648       2645    11.0167  0.000e+00
     24.436     8.1684   3.408686    32.5568       2646    11.0208  0.000e+00
     24.379     8.1651   3.408861    32.5617       2647    11.0250  0.000e+00
     24.316     8.1636   3.409480    32.5697       2648    11.0292  0.000e+00
     24.273     8.1677   3.409630    32.5675       2649    11.0333  0.000e+00
     24.240     8.1725   3.410843    32.5760       2650    11.0375  0.000e+00
     24.198     8.1822   3.410824    32.5668       2651    11.0417  0.000e+00
     24.174     8.1888   3.410699    32.5593       2652    11.0458  0.000e+00
     24.156     8.1914   3.410862    32.5586       2653    11.0500  0.000e+00
     24.138     8.1929   3.410843    32.5570       2654    11.0542  0.000e+00
     24.120     8.1940   3.410549    32.5529       2655    11.0583  0.000e+00
     24.110     8.1927   3.410318    32.5517       2656    11.0625  0.000e+00
     24.092     8.1902   3.410249    32.5533       2657    11.0667  0.000e+00
     24.077     8.1875   3.410086    32.5541       2658    11.0708  0.000e+00
     24.035     8.1845   3.410086    32.5568       2659    11.0750  0.000e+00
     23.993     8.1834   3.410549    32.5628       2660    11.0792  0.000e+00
     23.936     8.1859   3.410293    32.5578       2661    11.0833  0.000e+00
     23.869     8.1867   3.410905    32.5636       2662    11.0875  0.000e+00
     23.791     8.1905   3.411431    32.5657       2663    11.0917  0.000e+00
     23.703     8.1973   3.411393    32.5590       2664    11.0958  0.000e+00
     23.604     8.2012   3.411405    32.5555       2665    11.1000  0.000e+00
     23.507     8.2033   3.411387    32.5534       2666    11.1042  0.000e+00
     23.402     8.2040   3.411330    32.5522       2667    11.1083  0.000e+00
     23.290     8.2042   3.411530    32.5542       2668    11.1125  0.000e+00
     23.163     8.2054   3.411662    32.5546       2669    11.1167  0.000e+00
     23.052     8.2072   3.412118    32.5578       2670    11.1208  0.000e+00
     22.937     8.2121   3.412168    32.5538       2671    11.1250  0.000e+00
     22.832     8.2153   3.412224    32.5515       2672    11.1292  0.000e+00
     22.711     8.2176   3.412268    32.5499       2673    11.1333  0.000e+00
     22.605     8.2191   3.412187    32.5477       2674    11.1375  0.000e+00
     22.515     8.2194   3.412305    32.5487       2675    11.1417  0.000e+00
     22.424     8.2203   3.412374    32.5486       2676    11.1458  0.000e+00
