HB2302/sbe010.cnv
* Sea-Bird SBE 19plus V2 Data File:
* FileName = C:\cruise\data\sbe010.hex
* Software Version Seasave V 7.26.7.121
* Temperature SN = 4758
* Conductivity SN = 4758
* System UpLoad Time = Jun 09 2023 19:41:18
* NMEA Latitude = 40 02.05 N
* NMEA Longitude = 070 36.58 W
* NMEA UTC (Time) = Jun 09 2023 19:41:19
** Cruise: HB2302
** Program: Ecomon
** Chief Scientist: Jerry Prezioso
# nquan = 7
# nvalues = 3809                                  
# units = specified
# name 0 = depSM: Depth [salt water, m]
# name 1 = tv290C: Temperature [ITS-90, deg C]
# name 2 = c0S/m: Conductivity [S/m]
# name 3 = sal00: Salinity, Practical [PSU]
# name 4 = scan: Scan Count
# name 5 = timeM: Time, Elapsed [minutes]
# name 6 = flag:  0.000e+00
# span 0 =     -0.152,    167.533                 
# span 1 =    12.1627,    21.6567                 
# span 2 =  -0.069904,   5.078482                 
# span 3 =     0.0000,    36.0782                 
# span 4 =         11,       3819                 
# span 5 =     0.0417,    15.9083                 
# span 6 = 0.0000e+00, 0.0000e+00                 
# interval = seconds: 0.25
# start_time = Jun 09 2023 19:41:19 [NMEA time, header]
# bad_flag = -9.990e-29
*END*
[from data line 1847]
    112.678    13.6048   4.221080    35.5725       1858     7.7375  0.000e+00
    112.645    13.6043   4.221032    35.5725       1859     7.7417  0.000e+00
    112.609    13.6041   4.221080    35.5732       1860     7.7458  0.000e+00
    112.561    13.6044   4.222701    35.5882       1861     7.7500  0.000e+00
    112.509    13.6094   4.222940    35.5858       1862     7.7542  0.000e+00
    112.461    13.6151   4.223485    35.5856       1863     7.7583  0.000e+00
    112.377    13.6204   4.223934    35.5850       1864     7.7625  0.000e+00
    112.301    13.6238   4.222258    35.5661       1865     7.7667  0.000e+00
    112.202    13.6202   4.222163    35.5685       1866     7.7708  0.000e+00
    112.108    13.6165   4.221570    35.5665       1867     7.7750  0.000e+00
    112.005    13.6125   4.221543    35.5700       1868     7.7792  0.000e+00
    111.894    13.6101   4.221263    35.5696       1869     7.7833  0.000e+00
    111.776    13.6079   4.221154    35.5707       1870     7.7875  0.000e+00
    111.665    13.6061   4.221079    35.5717       1871     7.7917  0.000e+00
    111.550    13.6047   4.221222    35.5744       1872     7.7958  0.000e+00
    111.438    13.6045   4.221325    35.5756       1873     7.8000  0.000e+00
    111.336    13.6050   4.221570    35.5775       1874     7.8042  0.000e+00
    111.236    13.6060   4.221543    35.5764       1875     7.8083  0.000e+00
    111.149    13.6066   4.221413    35.5746       1876     7.8125  0.000e+00
    111.061    13.6064   4.221277    35.5736       1877     7.8167  0.000e+00
    110.989    13.6057   4.221100    35.5726       1878     7.8208  0.000e+00
    110.934    13.6044   4.221161    35.5744       1879     7.8250  0.000e+00
    110.880    13.6041   4.221154    35.5746       1880     7.8292  0.000e+00
    110.847    13.6039   4.220977    35.5731       1881     7.8333  0.000e+00
    110.808    13.6037   4.221399    35.5773       1882     7.8375  0.000e+00
    110.775    13.6045   4.221740    35.5798       1883     7.8417  0.000e+00
    110.753    13.6062   4.221386    35.5749       1884     7.8458  0.000e+00
    110.723    13.6065   4.221665    35.5773       1885     7.8500  0.000e+00
    110.702    13.6070   4.221440    35.5747       1886     7.8542  0.000e+00
    110.666    13.6072   4.222305    35.5827       1887     7.8583  0.000e+00
    110.633    13.6094   4.222748    35.5848       1888     7.8625  0.000e+00
    110.600    13.6129   4.222598    35.5801       1889     7.8667  0.000e+00
    110.551    13.6146   4.222625    35.5788       1890     7.8708  0.000e+00
    110.500    13.6156   4.222878    35.5803       1891     7.8750  0.000e+00
    110.434    13.6160   4.222476    35.5762       1892     7.8792  0.000e+00
    110.358    13.6155   4.222257    35.5746       1893     7.8833  0.000e+00
    110.268    13.6144   4.222414    35.5772       1894     7.8875  0.000e+00
    110.186    13.6140   4.221590    35.5698       1895     7.8917  0.000e+00
    110.096    13.6114   4.221467    35.5711       1896     7.8958  0.000e+00
    109.993    13.6094   4.222625    35.5839       1897     7.9000  0.000e+00
    109.891    13.6120   4.223995    35.5944       1898     7.9042  0.000e+00
    109.776    13.6183   4.223211    35.5813       1899     7.9083  0.000e+00
    109.676    13.6209   4.222502    35.5722       1900     7.9125  0.000e+00
    109.565    13.6190   4.222598    35.5749       1901     7.9167  0.000e+00
    109.453    13.6173   4.222843    35.5788       1902     7.9208  0.000e+00
    109.348    13.6175   4.223381    35.5838       1903     7.9250  0.000e+00
    109.251    13.6197   4.223395    35.5819       1904     7.9292  0.000e+00
    109.154    13.6212   4.222795    35.5749       1905     7.9333  0.000e+00
    109.067    13.6200   4.222959    35.5776       1906     7.9375  0.000e+00
    108.995    13.6192   4.222768    35.5766       1907     7.9417  0.000e+00
    108.928    13.6184   4.222155    35.5715       1908     7.9458  0.000e+00
    108.868    13.6156   4.220104    35.5549       1909     7.9500  0.000e+00
    108.817    13.6083   4.223531    35.5940       1910     7.9542  0.000e+00
    108.774    13.6142   4.226816    35.6195       1911     7.9583  0.000e+00
    108.738    13.6322   4.227559    35.6098       1912     7.9625  0.000e+00
    108.705    13.6462   4.227456    35.5958       1913     7.9667  0.000e+00
    108.678    13.6532   4.227279    35.5876       1914     7.9708  0.000e+00
    108.654    13.6566   4.228465    35.5956       1915     7.9750  0.000e+00
    108.632    13.6616   4.229256    35.5984       1916     7.9792  0.000e+00
    108.608    13.6678   4.229617    35.5960       1917     7.9833  0.000e+00
    108.581    13.6723   4.228806    35.5842       1918     7.9875  0.000e+00
    108.551    13.6712   4.223803    35.5382       1919     7.9917  0.000e+00
    108.506    13.6529   4.219926    35.5187       1920     7.9958  0.000e+00
    108.454    13.6263   4.219436    35.5388       1921     8.0000  0.000e+00
    108.385    13.6081   4.219729    35.5585       1922     8.0042  0.000e+00
    108.310    13.5992   4.219702    35.5666       1923     8.0083  0.000e+00
    108.222    13.5948   4.220002    35.5736       1924     8.0125  0.000e+00
    108.123    13.5937   4.220049    35.5751       1925     8.0167  0.000e+00
    108.017    13.5938   4.219382    35.5687       1926     8.0208  0.000e+00
    107.905    13.5921   4.218919    35.5660       1927     8.0250  0.000e+00
    107.785    13.5890   4.218598    35.5659       1928     8.0292  0.000e+00
    107.658    13.5862   4.218231    35.5651       1929     8.0333  0.000e+00
    107.540    13.5836   4.218306    35.5683       1930     8.0375  0.000e+00
    107.414    13.5825   4.218925    35.5751       1931     8.0417  0.000e+00
    107.296    13.5834   4.218353    35.5690       1932     8.0458  0.000e+00
    107.187    13.5839   4.219286    35.5774       1933     8.0500  0.000e+00
    107.085    13.5869   4.219695    35.5785       1934     8.0542  0.000e+00
    106.985    13.5899   4.218646    35.5658       1935     8.0583  0.000e+00
    106.895    13.5893   4.218074    35.5610       1936     8.0625  0.000e+00
    106.810    13.5851   4.217250    35.5572       1937     8.0667  0.000e+00
    106.735    13.5801   4.217590    35.5651       1938     8.0708  0.000e+00
    106.693    13.5779   4.218258    35.5735       1939     8.0750  0.000e+00
    106.638    13.5790   4.217794    35.5681       1940     8.0792  0.000e+00
    106.596    13.5792   4.217304    35.5634       1941     8.0833  0.000e+00
    106.563    13.5769   4.217154    35.5641       1942     8.0875  0.000e+00
    106.533    13.5748   4.217536    35.5696       1943     8.0917  0.000e+00
    106.506    13.5746   4.217250    35.5671       1944     8.0958  0.000e+00
    106.478    13.5741   4.217447    35.5695       1945     8.1000  0.000e+00
    106.460    13.5746   4.218591    35.5798       1946     8.1042  0.000e+00
    106.421    13.5794   4.219729    35.5861       1947     8.1083  0.000e+00
    106.394    13.5885   4.225991    35.6367       1948     8.1125  0.000e+00
    106.361    13.6132   4.228192    35.6344       1949     8.1167  0.000e+00
    106.312    13.6392   4.228833    35.6163       1950     8.1208  0.000e+00
    106.270    13.6568   4.229439    35.6056       1951     8.1250  0.000e+00
    106.204    13.6675   4.229691    35.5981       1952     8.1292  0.000e+00
    106.134    13.6738   4.229773    35.5930       1953     8.1333  0.000e+00
    106.056    13.6772   4.229916    35.5912       1954     8.1375  0.000e+00
    105.962    13.6791   4.230039    35.5906       1955     8.1417  0.000e+00
    105.875    13.6807   4.230134    35.5901       1956     8.1458  0.000e+00
    105.772    13.6818   4.230107    35.5888       1957     8.1500  0.000e+00
    105.658    13.6825   4.229950    35.5868       1958     8.1542  0.000e+00
    105.540    13.6823   4.230059    35.5880       1959     8.1583  0.000e+00
    105.431    13.6822   4.230134    35.5888       1960     8.1625  0.000e+00
    105.317    13.6825   4.229384    35.5816       1961     8.1667  0.000e+00
    105.202    13.6811   4.229814    35.5869       1962     8.1708  0.000e+00
    105.091    13.6800   4.228436    35.5750       1963     8.1750  0.000e+00
    104.985    13.6761   4.229309    35.5869       1964     8.1792  0.000e+00
    104.870    13.6755   4.229493    35.5893       1965     8.1833  0.000e+00
    104.774    13.6763   4.229643    35.5900       1966     8.1875  0.000e+00
    104.683    13.6781   4.229936    35.5911       1967     8.1917  0.000e+00
    104.581    13.6797   4.230182    35.5920       1968     8.1958  0.000e+00
    104.508    13.6814   4.230366    35.5922       1969     8.2000  0.000e+00
    104.424    13.6830   4.230331    35.5904       1970     8.2042  0.000e+00
    104.357    13.6839   4.230366    35.5899       1971     8.2083  0.000e+00
    104.300    13.6845   4.230379    35.5895       1972     8.2125  0.000e+00
    104.246    13.6850   4.230454    35.5898       1973     8.2167  0.000e+00
    104.197    13.6851   4.230365    35.5888       1974     8.2208  0.000e+00
    104.155    13.6851   4.230379    35.5890       1975     8.2250  0.000e+00
    104.122    13.6853   4.230454    35.5896       1976     8.2292  0.000e+00
    104.092    13.6854   4.230597    35.5908       1977     8.2333  0.000e+00
    104.059    13.6858   4.230474    35.5893       1978     8.2375  0.000e+00
    104.026    13.6859   4.230468    35.5892       1979     8.2417  0.000e+00
    103.986    13.6859   4.230672    35.5911       1980     8.2458  0.000e+00
    103.938    13.6865   4.230774    35.5916       1981     8.2500  0.000e+00
    103.890    13.6872   4.230468    35.5880       1982     8.2542  0.000e+00
    103.826    13.6858   4.227897    35.5651       1983     8.2583  0.000e+00
    103.751    13.6779   4.228743    35.5805       1984     8.2625  0.000e+00
    103.669    13.6740   4.228068    35.5778       1985     8.2667  0.000e+00
    103.576    13.6712   4.229049    35.5897       1986     8.2708  0.000e+00
    103.479    13.6711   4.226813    35.5688       1987     8.2750  0.000e+00
    103.377    13.6659   4.225198    35.5584       1988     8.2792  0.000e+00
    103.262    13.6561   4.225614    35.5715       1989     8.2833  0.000e+00
    103.151    13.6508   4.225423    35.5747       1990     8.2875  0.000e+00
    103.033    13.6486   4.226227    35.5843       1991     8.2917  0.000e+00
    102.936    13.6498   4.226370    35.5846       1992     8.2958  0.000e+00
    102.831    13.6515   4.225954    35.5792       1993     8.3000  0.000e+00
    102.731    13.6517   4.225634    35.5761       1994     8.3042  0.000e+00
    102.641    13.6503   4.225573    35.5768       1995     8.3083  0.000e+00
    102.556    13.6486   4.225934    35.5818       1996     8.3125  0.000e+00
    102.490    13.6489   4.226193    35.5840       1997     8.3167  0.000e+00
    102.426    13.6505   4.226179    35.5824       1998     8.3208  0.000e+00
    102.360    13.6514   4.226056    35.5804       1999     8.3250  0.000e+00
    102.309    13.6517   4.225831    35.5780       2000     8.3292  0.000e+00
    102.251    13.6504   4.224925    35.5708       2001     8.3333  0.000e+00
    102.203    13.6472   4.224905    35.5736       2002     8.3375  0.000e+00
    102.152    13.6443   4.224632    35.5737       2003     8.3417  0.000e+00
    102.101    13.6424   4.224312    35.5725       2004     8.3458  0.000e+00
    102.043    13.6405   4.225007    35.5808       2005     8.3500  0.000e+00
    101.980    13.6412   4.225095    35.5811       2006     8.3542  0.000e+00
    101.914    13.6425   4.225007    35.5790       2007     8.3583  0.000e+00
    101.853    13.6431   4.224898    35.5775       2008     8.3625  0.000e+00
    101.772    13.6429   4.224775    35.5766       2009     8.3667  0.000e+00
    101.696    13.6422   4.225191    35.5811       2010     8.3708  0.000e+00
    101.612    13.6432   4.225020    35.5786       2011     8.3750  0.000e+00
    101.530    13.6435   4.224543    35.5739       2012     8.3792  0.000e+00
    101.443    13.6420   4.224141    35.5715       2013     8.3833  0.000e+00
    101.349    13.6399   4.224604    35.5779       2014     8.3875  0.000e+00
    101.256    13.6394   4.224857    35.5808       2015     8.3917  0.000e+00
    101.156    13.6410   4.225511    35.5855       2016     8.3958  0.000e+00
    101.057    13.6441   4.225552    35.5831       2017     8.4000  0.000e+00
    100.963    13.6462   4.225490    35.5805       2018     8.4042  0.000e+00
    100.867    13.6472   4.225415    35.5790       2019     8.4083  0.000e+00
    100.773    13.6474   4.225395    35.5786       2020     8.4125  0.000e+00
    100.683    13.6472   4.225340    35.5783       2021     8.4167  0.000e+00
    100.589    13.6473   4.225422    35.5790       2022     8.4208  0.000e+00
    100.514    13.6475   4.225388    35.5785       2023     8.4250  0.000e+00
    100.435    13.6475   4.225245    35.5772       2024     8.4292  0.000e+00
    100.360    13.6470   4.225803    35.5830       2025     8.4333  0.000e+00
    100.302    13.6486   4.226301    35.5863       2026     8.4375  0.000e+00
    100.266    13.6520   4.227235    35.5919       2027     8.4417  0.000e+00
    100.212    13.6563   4.227044    35.5861       2028     8.4458  0.000e+00
    100.176    13.6596   4.228462    35.5964       2029     8.4500  0.000e+00
    100.142    13.6652   4.228250    35.5892       2030     8.4542  0.000e+00
    100.109    13.6691   4.230350    35.6054       2031     8.4583  0.000e+00
    100.073    13.6774   4.230603    35.6000       2032     8.4625  0.000e+00
    100.046    13.6839   4.230466    35.5927       2033     8.4667  0.000e+00
    100.004    13.6867   4.230623    35.5916       2034     8.4708  0.000e+00
     99.971    13.6883   4.230848    35.5922       2035     8.4750  0.000e+00
     99.916    13.6907   4.232123    35.6020       2036     8.4792  0.000e+00
     99.868    13.6952   4.231509    35.5921       2037     8.4833  0.000e+00
     99.792    13.6967   4.231496    35.5906       2038     8.4875  0.000e+00
     99.711    13.6970   4.232123    35.5963       2039     8.4917  0.000e+00
     99.624    13.6992   4.231877    35.5920       2040     8.4958  0.000e+00
     99.533    13.7000   4.231775    35.5903       2041     8.5000  0.000e+00
     99.430    13.6998   4.232764    35.5998       2042     8.5042  0.000e+00
     99.322    13.7027   4.233091    35.6003       2043     8.5083  0.000e+00
     99.219    13.7059   4.233746    35.6035       2044     8.5125  0.000e+00
     99.117    13.7101   4.234292    35.6048       2045     8.5167  0.000e+00
     99.014    13.7145   4.233684    35.5950       2046     8.5208  0.000e+00
     98.918    13.7154   4.232914    35.5869       2047     8.5250  0.000e+00
     98.821    13.7129   4.233227    35.5923       2048     8.5292  0.000e+00
     98.736    13.7114   4.232989    35.5914       2049     8.5333  0.000e+00
     98.661    13.7102   4.232763    35.5905       2050     8.5375  0.000e+00
     98.589    13.7092   4.234946    35.6119       2051     8.5417  0.000e+00
     98.525    13.7143   4.233821    35.5966       2052     8.5458  0.000e+00
     98.471    13.7175   4.235717    35.6116       2053     8.5500  0.000e+00
     98.420    13.7229   4.235983    35.6091       2054     8.5542  0.000e+00
     98.368    13.7280   4.235717    35.6018       2055     8.5583  0.000e+00
     98.329    13.7300   4.235444    35.5974       2056     8.5625  0.000e+00
     98.284    13.7291   4.233350    35.5786       2057     8.5667  0.000e+00
     98.230    13.7223   4.231999    35.5722       2058     8.5708  0.000e+00
     98.187    13.7129   4.232320    35.5840       2059     8.5750  0.000e+00
     98.139    13.7085   4.233745    35.6015       2060     8.5792  0.000e+00
     98.085    13.7106   4.234264    35.6045       2061     8.5833  0.000e+00
