HB2302/sbe057.cnv
* Sea-Bird SBE 19plus V2 Data File:
* FileName = C:\cruise\data\sbe057.hex
* Software Version Seasave V 7.26.7.121
* Temperature SN = 4758
* Conductivity SN = 4758
* System UpLoad Time = Jun 14 2023 06:59:12
* NMEA Latitude = 40 17.81 N
* NMEA Longitude = 072 49.70 W
* NMEA UTC (Time) = Jun 14 2023 06:59:13
** Cruise: HB2302
** Program: Ecomon
** Chief Scientist: Jerry Prezioso
# nquan = 7
# nvalues = 1323                                  
# units = specified
# name 0 = depSM: Depth [salt water, m]
# name 1 = tv290C: Temperature [ITS-90, deg C]
# name 2 = c0S/m: Conductivity [S/m]
# name 3 = sal00: Salinity, Practical [PSU]
# name 4 = scan: Scan Count
# name 5 = timeM: Time, Elapsed [minutes]
# name 6 = flag:  0.000e+00
# span 0 =     -0.169,     44.094                 
# span 1 =     8.5879,    17.3786                 
# span 2 =   0.000044,   4.150526                 
# span 3 =     0.0084,    32.9899                 
# span 4 =         11,       1333                 
# span 5 =     0.0417,     5.5500                 
# span 6 = 0.0000e+00, 0.0000e+00                 
# interval = seconds: 0.25
# start_time = Jun 14 2023 06:59:13 [NMEA time, header]
# bad_flag = -9.990e-29
*END*
[from data line 821]
     16.747    14.1476   3.953260    32.6349        832     3.4625  0.000e+00
     16.681    14.1577   3.953969    32.6328        833     3.4667  0.000e+00
     16.615    14.1678   3.954752    32.6316        834     3.4708  0.000e+00
     16.557    14.1778   3.955017    32.6256        835     3.4750  0.000e+00
     16.497    14.1865   3.955037    32.6184        836     3.4792  0.000e+00
     16.446    14.1936   3.954990    32.6120        837     3.4833  0.000e+00
     16.400    14.1996   3.954751    32.6048        838     3.4875  0.000e+00
     16.358    14.2048   3.954897    32.6017        839     3.4917  0.000e+00
     16.313    14.2114   3.954088    32.5887        840     3.4958  0.000e+00
     16.265    14.2175   3.953020    32.5737        841     3.5000  0.000e+00
     16.213    14.2209   3.952449    32.5657        842     3.5042  0.000e+00
     16.159    14.2238   3.952615    32.5648        843     3.5083  0.000e+00
     16.105    14.2300   3.955374    32.5849        844     3.5125  0.000e+00
     16.032    14.2464   3.957152    32.5874        845     3.5167  0.000e+00
     15.948    14.2662   3.958937    32.5871        846     3.5208  0.000e+00
     15.869    14.2852   3.959886    32.5799        847     3.5250  0.000e+00
     15.782    14.3010   3.960436    32.5716        848     3.5292  0.000e+00
     15.691    14.3123   3.961339    32.5704        849     3.5333  0.000e+00
     15.607    14.3225   3.961929    32.5672        850     3.5375  0.000e+00
     15.513    14.3313   3.962361    32.5638        851     3.5417  0.000e+00
     15.423    14.3384   3.963005    32.5637        852     3.5458  0.000e+00
     15.326    14.3460   3.963429    32.5613        853     3.5500  0.000e+00
     15.238    14.3534   3.963595    32.5566        854     3.5542  0.000e+00
     15.160    14.3595   3.964266    32.5577        855     3.5583  0.000e+00
     15.072    14.3665   3.965049    32.5589        856     3.5625  0.000e+00
     15.012    14.3749   3.965315    32.5544        857     3.5667  0.000e+00
     14.946    14.3814   3.965647    32.5519        858     3.5708  0.000e+00
     14.894    14.3868   3.965959    32.5503        859     3.5750  0.000e+00
     14.846    14.3913   3.966364    32.5503        860     3.5792  0.000e+00
     14.804    14.3957   3.966789    32.5504        861     3.5833  0.000e+00
     14.774    14.4000   3.967054    32.5493        862     3.5875  0.000e+00
     14.743    14.4040   3.967313    32.5483        863     3.5917  0.000e+00
     14.719    14.4074   3.967625    32.5483        864     3.5958  0.000e+00
     14.689    14.4104   3.968050    32.5496        865     3.6000  0.000e+00
     14.656    14.4140   3.968336    32.5493        866     3.6042  0.000e+00
     14.608    14.4175   3.968768    32.5503        867     3.6083  0.000e+00
     14.563    14.4213   3.969432    32.5532        868     3.6125  0.000e+00
     14.496    14.4263   3.970315    32.5571        869     3.6167  0.000e+00
     14.442    14.4332   3.971345    32.5607        870     3.6208  0.000e+00
     14.351    14.4422   3.973591    32.5737        871     3.6250  0.000e+00
     14.279    14.4567   3.975120    32.5755        872     3.6292  0.000e+00
     14.182    14.4748   3.976861    32.5762        873     3.6333  0.000e+00
     14.098    14.4942   3.978656    32.5763        874     3.6375  0.000e+00
     14.007    14.5147   3.980332    32.5744        875     3.6417  0.000e+00
     13.926    14.5350   3.981336    32.5666        876     3.6458  0.000e+00
     13.844    14.5538   3.982506    32.5615        877     3.6500  0.000e+00
     13.775    14.5735   3.984808    32.5660        878     3.6542  0.000e+00
     13.709    14.5950   3.987709    32.5744        879     3.6583  0.000e+00
     13.654    14.6195   3.991617    32.5894        880     3.6625  0.000e+00
     13.600    14.6499   3.995392    32.5983        881     3.6667  0.000e+00
     13.558    14.6831   3.998083    32.5950        882     3.6708  0.000e+00
     13.515    14.7137   3.999669    32.5837        883     3.6750  0.000e+00
     13.473    14.7380   4.001595    32.5809        884     3.6792  0.000e+00
     13.431    14.7597   4.005508    32.5983        885     3.6833  0.000e+00
     13.380    14.7880   4.008949    32.6058        886     3.6875  0.000e+00
     13.340    14.8219   4.013298    32.6169        887     3.6917  0.000e+00
     13.274    14.8597   4.018377    32.6312        888     3.6958  0.000e+00
     13.214    14.9026   4.019779    32.6081        889     3.7000  0.000e+00
     13.150    14.9358   4.020359    32.5856        890     3.7042  0.000e+00
     13.078    14.9561   4.020773    32.5724        891     3.7083  0.000e+00
     13.008    14.9693   4.022369    32.5759        892     3.7125  0.000e+00
     12.942    14.9822   4.023317    32.5736        893     3.7167  0.000e+00
     12.873    14.9954   4.023558    32.5648        894     3.7208  0.000e+00
     12.809    15.0052   4.024406    32.5644        895     3.7250  0.000e+00
     12.740    15.0143   4.024987    32.5621        896     3.7292  0.000e+00
     12.683    15.0243   4.025187    32.5556        897     3.7333  0.000e+00
     12.613    15.0321   4.025715    32.5538        898     3.7375  0.000e+00
     12.565    15.0389   4.025909    32.5499        899     3.7417  0.000e+00
     12.517    15.0449   4.026249    32.5480        900     3.7458  0.000e+00
     12.471    15.0512   4.027198    32.5514        901     3.7500  0.000e+00
     12.432    15.0613   4.028822    32.5576        902     3.7542  0.000e+00
     12.384    15.0766   4.030232    32.5576        903     3.7583  0.000e+00
     12.348    15.0939   4.031155    32.5515        904     3.7625  0.000e+00
     12.308    15.1100   4.031776    32.5437        905     3.7667  0.000e+00
     12.275    15.1260   4.032859    32.5402        906     3.7708  0.000e+00
     12.251    15.1430   4.033514    32.5319        907     3.7750  0.000e+00
     12.212    15.1572   4.034022    32.5247        908     3.7792  0.000e+00
     12.182    15.1708   4.034604    32.5187        909     3.7833  0.000e+00
     12.136    15.1905   4.036189    32.5166        910     3.7875  0.000e+00
     12.088    15.2225   4.037854    32.5050        911     3.7917  0.000e+00
     12.040    15.2590   4.034730    32.4468        912     3.7958  0.000e+00
     11.986    15.2835   4.032416    32.4058        913     3.8000  0.000e+00
     11.940    15.2999   4.029427    32.3655        914     3.8042  0.000e+00
     11.889    15.3179   4.026827    32.3274        915     3.8083  0.000e+00
     11.826    15.3448   4.026586    32.3031        916     3.8125  0.000e+00
     11.768    15.3734   4.026900    32.2825        917     3.8167  0.000e+00
     11.714    15.3976   4.027655    32.2693        918     3.8208  0.000e+00
     11.663    15.4208   4.028476    32.2577        919     3.8250  0.000e+00
     11.611    15.4423   4.028650    32.2416        920     3.8292  0.000e+00
     11.563    15.4564   4.029111    32.2342        921     3.8333  0.000e+00
     11.518    15.4668   4.029619    32.2302        922     3.8375  0.000e+00
     11.478    15.4771   4.030447    32.2292        923     3.8417  0.000e+00
     11.439    15.4882   4.031176    32.2266        924     3.8458  0.000e+00
     11.403    15.5000   4.031924    32.2236        925     3.8500  0.000e+00
     11.367    15.5121   4.032660    32.2203        926     3.8542  0.000e+00
     11.334    15.5236   4.033509    32.2184        927     3.8583  0.000e+00
     11.288    15.5353   4.034044    32.2137        928     3.8625  0.000e+00
     11.252    15.5456   4.034672    32.2109        929     3.8667  0.000e+00
     11.225    15.5548   4.034993    32.2062        930     3.8708  0.000e+00
     11.192    15.5626   4.035086    32.2007        931     3.8750  0.000e+00
     11.152    15.5683   4.035427    32.1991        932     3.8792  0.000e+00
     11.116    15.5738   4.035695    32.1970        933     3.8833  0.000e+00
     11.083    15.5804   4.035989    32.1942        934     3.8875  0.000e+00
     11.047    15.5863   4.036598    32.1948        935     3.8917  0.000e+00
     10.999    15.5951   4.037889    32.1991        936     3.8958  0.000e+00
     10.962    15.6074   4.037935    32.1895        937     3.9000  0.000e+00
     10.923    15.6165   4.038229    32.1847        938     3.9042  0.000e+00
     10.878    15.6231   4.038979    32.1860        939     3.9083  0.000e+00
     10.833    15.6313   4.039735    32.1861        940     3.9125  0.000e+00
     10.787    15.6413   4.040906    32.1883        941     3.9167  0.000e+00
     10.748    15.6546   4.042512    32.1917        942     3.9208  0.000e+00
     10.709    15.6718   4.043489    32.1864        943     3.9250  0.000e+00
     10.670    15.6884   4.044024    32.1777        944     3.9292  0.000e+00
     10.630    15.7020   4.045637    32.1809        945     3.9333  0.000e+00
     10.594    15.7182   4.046835    32.1783        946     3.9375  0.000e+00
     10.555    15.7363   4.048690    32.1800        947     3.9417  0.000e+00
     10.528    15.7582   4.049373    32.1682        948     3.9458  0.000e+00
     10.491    15.7768   4.049982    32.1585        949     3.9500  0.000e+00
     10.467    15.7905   4.051241    32.1585        950     3.9542  0.000e+00
     10.437    15.8054   4.052085    32.1540        951     3.9583  0.000e+00
     10.404    15.8196   4.052815    32.1488        952     3.9625  0.000e+00
     10.377    15.8325   4.056293    32.1691        953     3.9667  0.000e+00
     10.349    15.8602   4.057539    32.1577        954     3.9708  0.000e+00
     10.328    15.8888   4.058062    32.1391        955     3.9750  0.000e+00
     10.292    15.9079   4.058350    32.1261        956     3.9792  0.000e+00
     10.277    15.9180   4.059033    32.1239        957     3.9833  0.000e+00
     10.247    15.9265   4.058691    32.1141        958     3.9875  0.000e+00
     10.223    15.9309   4.059435    32.1171        959     3.9917  0.000e+00
     10.208    15.9359   4.060206    32.1199        960     3.9958  0.000e+00
     10.180    15.9442   4.061487    32.1244        961     4.0000  0.000e+00
     10.156    15.9570   4.062050    32.1190        962     4.0042  0.000e+00
     10.132    15.9680   4.062097    32.1105        963     4.0083  0.000e+00
     10.099    15.9744   4.062459    32.1086        964     4.0125  0.000e+00
     10.072    15.9795   4.062559    32.1053        965     4.0167  0.000e+00
     10.029    15.9836   4.063545    32.1107        966     4.0208  0.000e+00
      9.993    15.9911   4.064645    32.1144        967     4.0250  0.000e+00
      9.951    16.0038   4.065383    32.1106        968     4.0292  0.000e+00
      9.909    16.0165   4.066295    32.1083        969     4.0333  0.000e+00
      9.860    16.0298   4.068429    32.1164        970     4.0375  0.000e+00
      9.821    16.0511   4.069583    32.1093        971     4.0417  0.000e+00
      9.791    16.0736   4.070374    32.0981        972     4.0458  0.000e+00
      9.761    16.0907   4.071059    32.0903        973     4.0500  0.000e+00
      9.737    16.1046   4.072065    32.0880        974     4.0542  0.000e+00
      9.712    16.1182   4.072186    32.0780        975     4.0583  0.000e+00
      9.700    16.1275   4.072844    32.0763        976     4.0625  0.000e+00
      9.676    16.1358   4.073293    32.0736        977     4.0667  0.000e+00
      9.682    16.1427   4.073468    32.0695        978     4.0708  0.000e+00
      9.667    16.1482   4.074018    32.0700        979     4.0750  0.000e+00
      9.655    16.1540   4.074623    32.0706        980     4.0792  0.000e+00
      9.643    16.1618   4.075415    32.0712        981     4.0833  0.000e+00
      9.625    16.1712   4.076053    32.0693        982     4.0875  0.000e+00
      9.607    16.1812   4.076717    32.0670        983     4.0917  0.000e+00
      9.586    16.1912   4.076892    32.0606        984     4.0958  0.000e+00
      9.546    16.1980   4.077308    32.0587        985     4.1000  0.000e+00
      9.522    16.2050   4.079034    32.0682        986     4.1042  0.000e+00
      9.486    16.2194   4.080291    32.0676        987     4.1083  0.000e+00
      9.450    16.2375   4.081896    32.0671        988     4.1125  0.000e+00
      9.414    16.2582   4.084456    32.0729        989     4.1167  0.000e+00
      9.371    16.2873   4.086062    32.0635        990     4.1208  0.000e+00
      9.335    16.3164   4.088704    32.0633        991     4.1250  0.000e+00
      9.299    16.3489   4.092120    32.0671        992     4.1292  0.000e+00
      9.260    16.3896   4.096056    32.0687        993     4.1333  0.000e+00
      9.220    16.4376   4.098700    32.0533        994     4.1375  0.000e+00
      9.190    16.4837   4.100220    32.0296        995     4.1417  0.000e+00
      9.160    16.5191   4.102650    32.0224        996     4.1458  0.000e+00
      9.139    16.5529   4.104286    32.0096        997     4.1500  0.000e+00
      9.121    16.5823   4.105007    31.9923        998     4.1542  0.000e+00
      9.099    16.6026   4.105606    31.9813        999     4.1583  0.000e+00
      9.078    16.6173   4.108105    31.9913       1000     4.1625  0.000e+00
      9.063    16.6410   4.109129    31.9813       1001     4.1667  0.000e+00
      9.066    16.6646   4.109654    31.9670       1002     4.1708  0.000e+00
      9.060    16.6813   4.110644    31.9622       1003     4.1750  0.000e+00
      9.054    16.6956   4.110974    31.9537       1004     4.1792  0.000e+00
      9.066    16.7057   4.110900    31.9451       1005     4.1833  0.000e+00
      9.072    16.7106   4.110947    31.9415       1006     4.1875  0.000e+00
      9.081    16.7130   4.111244    31.9422       1007     4.1917  0.000e+00
      9.093    16.7161   4.111756    31.9442       1008     4.1958  0.000e+00
      9.102    16.7214   4.112113    31.9430       1009     4.2000  0.000e+00
      9.102    16.7265   4.112113    31.9390       1010     4.2042  0.000e+00
      9.102    16.7294   4.113326    31.9472       1011     4.2083  0.000e+00
      9.096    16.7385   4.114256    31.9480       1012     4.2125  0.000e+00
      9.078    16.7510   4.114977    31.9443       1013     4.2167  0.000e+00
      9.060    16.7637   4.116177    31.9446       1014     4.2208  0.000e+00
      9.030    16.7801   4.119043    31.9563       1015     4.2250  0.000e+00
      8.984    16.8109   4.120938    31.9483       1016     4.2292  0.000e+00
      8.942    16.8435   4.122725    31.9378       1017     4.2333  0.000e+00
      8.882    16.8739   4.125255    31.9355       1018     4.2375  0.000e+00
      8.833    16.9086   4.126159    31.9158       1019     4.2417  0.000e+00
      8.782    16.9351   4.126807    31.9004       1020     4.2458  0.000e+00
      8.728    16.9547   4.127380    31.8898       1021     4.2500  0.000e+00
      8.692    16.9698   4.128210    31.8850       1022     4.2542  0.000e+00
      8.655    16.9848   4.128926    31.8793       1023     4.2583  0.000e+00
      8.631    17.0004   4.129479    31.8718       1024     4.2625  0.000e+00
      8.604    17.0146   4.129547    31.8611       1025     4.2667  0.000e+00
      8.592    17.0234   4.129729    31.8557       1026     4.2708  0.000e+00
      8.583    17.0288   4.129857    31.8526       1027     4.2750  0.000e+00
      8.577    17.0326   4.130181    31.8523       1028     4.2792  0.000e+00
      8.583    17.0369   4.130755    31.8538       1029     4.2833  0.000e+00
      8.586    17.0445   4.130883    31.8489       1030     4.2875  0.000e+00
      8.583    17.0502   4.130579    31.8419       1031     4.2917  0.000e+00
      8.595    17.0495   4.130431    31.8411       1032     4.2958  0.000e+00
      8.595    17.0463   4.130302    31.8426       1033     4.3000  0.000e+00
      8.604    17.0427   4.129978    31.8426       1034     4.3042  0.000e+00
      8.601    17.0383   4.130235    31.8483       1035     4.3083  0.000e+00
