HB2302/sbe083.cnv
* Sea-Bird SBE 19plus V2 Data File:
* FileName = C:\cruise\data\sbe083.hex
* Software Version Seasave V 7.26.7.121
* Temperature SN = 4758
* Conductivity SN = 4758
* System UpLoad Time = Jun 16 2023 14:38:57
* NMEA Latitude = 41 05.47 N
* NMEA Longitude = 068 01.02 W
* NMEA UTC (Time) = Jun 16 2023 14:38:57
** Cruise: HB2302
** Program: Ecomon
** Chief Scientist: Jerry Prezioso
# nquan = 7
# nvalues = 1511                                  
# units = specified
# name 0 = depSM: Depth [salt water, m]
# name 1 = tv290C: Temperature [ITS-90, deg C]
# name 2 = c0S/m: Conductivity [S/m]
# name 3 = sal00: Salinity, Practical [PSU]
# name 4 = scan: Scan Count
# name 5 = timeM: Time, Elapsed [minutes]
# name 6 = flag:  0.000e+00
# span 0 =     -0.143,     51.497                 
# span 1 =    12.2788,    14.9464                 
# span 2 =   0.000044,   3.897785                 
# span 3 =     0.0077,    33.0852                 
# span 4 =         11,       1521                 
# span 5 =     0.0417,     6.3333                 
# span 6 = 0.0000e+00, 0.0000e+00                 
# interval = seconds: 0.25
# start_time = Jun 16 2023 14:38:57 [NMEA time, header]
# bad_flag = -9.990e-29
*END*
[from data line 616]
     41.161    12.2860   3.820232    32.9806        627     2.6083  0.000e+00
     41.101    12.2863   3.820232    32.9804        628     2.6125  0.000e+00
     41.034    12.2864   3.820265    32.9806        629     2.6167  0.000e+00
     40.950    12.2866   3.820324    32.9811        630     2.6208  0.000e+00
     40.868    12.2869   3.820324    32.9808        631     2.6250  0.000e+00
     40.769    12.2872   3.820291    32.9803        632     2.6292  0.000e+00
     40.666    12.2874   3.820304    32.9803        633     2.6333  0.000e+00
     40.563    12.2873   3.820278    32.9802        634     2.6375  0.000e+00
     40.446    12.2873   3.820245    32.9799        635     2.6417  0.000e+00
     40.316    12.2871   3.820075    32.9785        636     2.6458  0.000e+00
     40.183    12.2864   3.820075    32.9792        637     2.6500  0.000e+00
     40.038    12.2857   3.820173    32.9808        638     2.6542  0.000e+00
     39.897    12.2859   3.820075    32.9797        639     2.6583  0.000e+00
     39.764    12.2857   3.820009    32.9793        640     2.6625  0.000e+00
     39.628    12.2853   3.820029    32.9800        641     2.6667  0.000e+00
     39.504    12.2852   3.820120    32.9809        642     2.6708  0.000e+00
     39.387    12.2853   3.820029    32.9801        643     2.6750  0.000e+00
     39.272    12.2852   3.820029    32.9802        644     2.6792  0.000e+00
     39.178    12.2853   3.820055    32.9804        645     2.6833  0.000e+00
     39.103    12.2853   3.819983    32.9797        646     2.6875  0.000e+00
     39.028    12.2851   3.819983    32.9799        647     2.6917  0.000e+00
     38.973    12.2849   3.820127    32.9815        648     2.6958  0.000e+00
     38.925    12.2854   3.819963    32.9795        649     2.7000  0.000e+00
     38.889    12.2851   3.820101    32.9811        650     2.7042  0.000e+00
     38.868    12.2854   3.820029    32.9801        651     2.7083  0.000e+00
     38.850    12.2854   3.819754    32.9775        652     2.7125  0.000e+00
     38.831    12.2844   3.819917    32.9800        653     2.7167  0.000e+00
     38.810    12.2842   3.820029    32.9812        654     2.7208  0.000e+00
     38.789    12.2846   3.819917    32.9799        655     2.7250  0.000e+00
     38.768    12.2847   3.819872    32.9793        656     2.7292  0.000e+00
     38.741    12.2843   3.819839    32.9794        657     2.7333  0.000e+00
     38.711    12.2838   3.819800    32.9794        658     2.7375  0.000e+00
     38.669    12.2836   3.819845    32.9801        659     2.7417  0.000e+00
     38.617    12.2835   3.819858    32.9803        660     2.7458  0.000e+00
     38.554    12.2838   3.819983    32.9813        661     2.7500  0.000e+00
     38.479    12.2843   3.820009    32.9811        662     2.7542  0.000e+00
     38.391    12.2848   3.819930    32.9800        663     2.7583  0.000e+00
     38.288    12.2847   3.819799    32.9788        664     2.7625  0.000e+00
     38.192    12.2840   3.819688    32.9784        665     2.7667  0.000e+00
     38.074    12.2833   3.819812    32.9803        666     2.7708  0.000e+00
     37.954    12.2832   3.819871    32.9809        667     2.7750  0.000e+00
     37.833    12.2835   3.819825    32.9803        668     2.7792  0.000e+00
     37.712    12.2836   3.819858    32.9806        669     2.7833  0.000e+00
     37.591    12.2839   3.819871    32.9805        670     2.7875  0.000e+00
     37.477    12.2841   3.819871    32.9803        671     2.7917  0.000e+00
     37.365    12.2843   3.819930    32.9808        672     2.7958  0.000e+00
     37.262    12.2847   3.819917    32.9804        673     2.8000  0.000e+00
     37.166    12.2847   3.819917    32.9804        674     2.8042  0.000e+00
     37.075    12.2849   3.819936    32.9805        675     2.8083  0.000e+00
     36.997    12.2850   3.819956    32.9806        676     2.8125  0.000e+00
     36.921    12.2852   3.819917    32.9801        677     2.8167  0.000e+00
     36.852    12.2851   3.819871    32.9797        678     2.8208  0.000e+00
     36.786    12.2850   3.820002    32.9811        679     2.8250  0.000e+00
     36.725    12.2854   3.819962    32.9804        680     2.8292  0.000e+00
     36.668    12.2856   3.819962    32.9803        681     2.8333  0.000e+00
     36.617    12.2857   3.820145    32.9820        682     2.8375  0.000e+00
     36.556    12.2864   3.820230    32.9822        683     2.8417  0.000e+00
     36.502    12.2872   3.820139    32.9806        684     2.8458  0.000e+00
     36.451    12.2879   3.820100    32.9797        685     2.8500  0.000e+00
     36.390    12.2878   3.820054    32.9793        686     2.8542  0.000e+00
     36.333    12.2872   3.820073    32.9801        687     2.8583  0.000e+00
     36.276    12.2870   3.819982    32.9793        688     2.8625  0.000e+00
     36.222    12.2865   3.819733    32.9775        689     2.8667  0.000e+00
     36.164    12.2852   3.819753    32.9788        690     2.8708  0.000e+00
     36.110    12.2844   3.819812    32.9801        691     2.8750  0.000e+00
     36.050    12.2842   3.819799    32.9802        692     2.8792  0.000e+00
     35.992    12.2842   3.819779    32.9800        693     2.8833  0.000e+00
     35.929    12.2841   3.819766    32.9800        694     2.8875  0.000e+00
     35.850    12.2841   3.819779    32.9802        695     2.8917  0.000e+00
     35.784    12.2841   3.819733    32.9798        696     2.8958  0.000e+00
     35.706    12.2837   3.819694    32.9797        697     2.9000  0.000e+00
     35.621    12.2835   3.819641    32.9795        698     2.9042  0.000e+00
     35.528    12.2831   3.819596    32.9794        699     2.9083  0.000e+00
     35.434    12.2827   3.819641    32.9803        700     2.9125  0.000e+00
     35.340    12.2826   3.819661    32.9806        701     2.9167  0.000e+00
     35.232    12.2827   3.819569    32.9796        702     2.9208  0.000e+00
     35.123    12.2826   3.819524    32.9793        703     2.9250  0.000e+00
     35.018    12.2820   3.819497    32.9796        704     2.9292  0.000e+00
     34.912    12.2817   3.819478    32.9797        705     2.9333  0.000e+00
     34.809    12.2817   3.819641    32.9814        706     2.9375  0.000e+00
     34.716    12.2822   3.819713    32.9816        707     2.9417  0.000e+00
     34.616    12.2833   3.819778    32.9814        708     2.9458  0.000e+00
     34.538    12.2838   3.819752    32.9807        709     2.9500  0.000e+00
     34.468    12.2842   3.819785    32.9807        710     2.9542  0.000e+00
     34.396    12.2844   3.819661    32.9793        711     2.9583  0.000e+00
     34.333    12.2841   3.819733    32.9804        712     2.9625  0.000e+00
     34.278    12.2839   3.819739    32.9806        713     2.9667  0.000e+00
     34.224    12.2843   3.819752    32.9804        714     2.9708  0.000e+00
     34.176    12.2844   3.819844    32.9813        715     2.9750  0.000e+00
     34.127    12.2849   3.819785    32.9802        716     2.9792  0.000e+00
     34.073    12.2850   3.819752    32.9799        717     2.9833  0.000e+00
     34.025    12.2849   3.819778    32.9803        718     2.9875  0.000e+00
     33.968    12.2850   3.819765    32.9800        719     2.9917  0.000e+00
     33.910    12.2849   3.819706    32.9796        720     2.9958  0.000e+00
     33.862    12.2846   3.819438    32.9772        721     3.0000  0.000e+00
     33.811    12.2834   3.819425    32.9783        722     3.0042  0.000e+00
     33.756    12.2825   3.819438    32.9792        723     3.0083  0.000e+00
     33.699    12.2820   3.819458    32.9799        724     3.0125  0.000e+00
     33.636    12.2817   3.819425    32.9798        725     3.0167  0.000e+00
     33.569    12.2815   3.819366    32.9794        726     3.0208  0.000e+00
     33.506    12.2811   3.819366    32.9798        727     3.0250  0.000e+00
     33.437    12.2808   3.819307    32.9795        728     3.0292  0.000e+00
     33.361    12.2808   3.819346    32.9800        729     3.0333  0.000e+00
     33.292    12.2807   3.819320    32.9798        730     3.0375  0.000e+00
     33.222    12.2805   3.819255    32.9794        731     3.0417  0.000e+00
     33.135    12.2803   3.819215    32.9793        732     3.0458  0.000e+00
     33.062    12.2801   3.819183    32.9792        733     3.0500  0.000e+00
     32.978    12.2799   3.819228    32.9798        734     3.0542  0.000e+00
     32.887    12.2799   3.819235    32.9799        735     3.0583  0.000e+00
     32.791    12.2798   3.819209    32.9797        736     3.0625  0.000e+00
     32.694    12.2797   3.819209    32.9799        737     3.0667  0.000e+00
     32.586    12.2797   3.819189    32.9797        738     3.0708  0.000e+00
     32.489    12.2796   3.819163    32.9796        739     3.0750  0.000e+00
     32.383    12.2796   3.819137    32.9794        740     3.0792  0.000e+00
     32.284    12.2795   3.819189    32.9800        741     3.0833  0.000e+00
     32.184    12.2796   3.819182    32.9800        742     3.0875  0.000e+00
     32.082    12.2797   3.819117    32.9793        743     3.0917  0.000e+00
     31.991    12.2798   3.819215    32.9801        744     3.0958  0.000e+00
     31.904    12.2798   3.819208    32.9801        745     3.1000  0.000e+00
     31.828    12.2800   3.819137    32.9793        746     3.1042  0.000e+00
     31.750    12.2798   3.819189    32.9800        747     3.1083  0.000e+00
     31.683    12.2800   3.819117    32.9792        748     3.1125  0.000e+00
     31.620    12.2799   3.819163    32.9797        749     3.1167  0.000e+00
     31.566    12.2801   3.819189    32.9798        750     3.1208  0.000e+00
     31.514    12.2801   3.819163    32.9796        751     3.1250  0.000e+00
     31.478    12.2800   3.819163    32.9797        752     3.1292  0.000e+00
     31.427    12.2799   3.819163    32.9798        753     3.1333  0.000e+00
     31.394    12.2799   3.819117    32.9794        754     3.1375  0.000e+00
     31.358    12.2798   3.819136    32.9797        755     3.1417  0.000e+00
     31.318    12.2797   3.819117    32.9796        756     3.1458  0.000e+00
     31.279    12.2796   3.819091    32.9794        757     3.1500  0.000e+00
     31.240    12.2796   3.819162    32.9801        758     3.1542  0.000e+00
     31.195    12.2798   3.819143    32.9798        759     3.1583  0.000e+00
     31.137    12.2798   3.819117    32.9796        760     3.1625  0.000e+00
     31.092    12.2796   3.819117    32.9797        761     3.1667  0.000e+00
     31.032    12.2794   3.819071    32.9795        762     3.1708  0.000e+00
     30.965    12.2792   3.819045    32.9795        763     3.1750  0.000e+00
     30.899    12.2795   3.819071    32.9795        764     3.1792  0.000e+00
     30.830    12.2794   3.819117    32.9800        765     3.1833  0.000e+00
     30.754    12.2795   3.819116    32.9800        766     3.1875  0.000e+00
     30.679    12.2795   3.819071    32.9796        767     3.1917  0.000e+00
     30.594    12.2796   3.819071    32.9795        768     3.1958  0.000e+00
     30.519    12.2796   3.819143    32.9803        769     3.2000  0.000e+00
     30.437    12.2797   3.819090    32.9797        770     3.2042  0.000e+00
     30.359    12.2796   3.819116    32.9801        771     3.2083  0.000e+00
     30.277    12.2796   3.819116    32.9801        772     3.2125  0.000e+00
     30.208    12.2797   3.819116    32.9800        773     3.2167  0.000e+00
     30.118    12.2798   3.819044    32.9793        774     3.2208  0.000e+00
     30.048    12.2797   3.819070    32.9797        775     3.2250  0.000e+00
     29.973    12.2796   3.819116    32.9803        776     3.2292  0.000e+00
     29.891    12.2797   3.819116    32.9802        777     3.2333  0.000e+00
     29.795    12.2798   3.819116    32.9801        778     3.2375  0.000e+00
     29.713    12.2802   3.819182    32.9804        779     3.2417  0.000e+00
     29.626    12.2802   3.819116    32.9798        780     3.2458  0.000e+00
     29.529    12.2803   3.819116    32.9798        781     3.2500  0.000e+00
     29.442    12.2801   3.819116    32.9800        782     3.2542  0.000e+00
     29.354    12.2801   3.819090    32.9798        783     3.2583  0.000e+00
     29.267    12.2799   3.819090    32.9800        784     3.2625  0.000e+00
     29.194    12.2800   3.819090    32.9799        785     3.2667  0.000e+00
     29.122    12.2799   3.819136    32.9805        786     3.2708  0.000e+00
     29.049    12.2803   3.819188    32.9806        787     3.2750  0.000e+00
     28.992    12.2804   3.819116    32.9799        788     3.2792  0.000e+00
     28.935    12.2805   3.819090    32.9796        789     3.2833  0.000e+00
     28.886    12.2803   3.819070    32.9796        790     3.2875  0.000e+00
     28.835    12.2802   3.819116    32.9802        791     3.2917  0.000e+00
     28.790    12.2801   3.819070    32.9799        792     3.2958  0.000e+00
     28.738    12.2803   3.819070    32.9797        793     3.3000  0.000e+00
     28.699    12.2801   3.819070    32.9799        794     3.3042  0.000e+00
     28.654    12.2800   3.819135    32.9806        795     3.3083  0.000e+00
     28.606    12.2801   3.819116    32.9803        796     3.3125  0.000e+00
     28.560    12.2800   3.819070    32.9800        797     3.3167  0.000e+00
     28.506    12.2801   3.819116    32.9804        798     3.3208  0.000e+00
     28.458    12.2801   3.819089    32.9801        799     3.3250  0.000e+00
     28.401    12.2804   3.819161    32.9806        800     3.3292  0.000e+00
     28.343    12.2806   3.819161    32.9804        801     3.3333  0.000e+00
     28.274    12.2810   3.819181    32.9803        802     3.3375  0.000e+00
     28.223    12.2810   3.819214    32.9806        803     3.3417  0.000e+00
     28.162    12.2814   3.819253    32.9807        804     3.3458  0.000e+00
     28.111    12.2816   3.819253    32.9805        805     3.3500  0.000e+00
     28.054    12.2820   3.819233    32.9801        806     3.3542  0.000e+00
     28.005    12.2820   3.819207    32.9798        807     3.3583  0.000e+00
     27.948    12.2820   3.819227    32.9800        808     3.3625  0.000e+00
     27.882    12.2820   3.819233    32.9801        809     3.3667  0.000e+00
     27.824    12.2821   3.819207    32.9798        810     3.3708  0.000e+00
     27.755    12.2820   3.819161    32.9794        811     3.3750  0.000e+00
     27.695    12.2819   3.819187    32.9798        812     3.3792  0.000e+00
     27.625    12.2817   3.819253    32.9807        813     3.3833  0.000e+00
     27.559    12.2820   3.819272    32.9806        814     3.3875  0.000e+00
     27.480    12.2820   3.819259    32.9805        815     3.3917  0.000e+00
     27.414    12.2821   3.819135    32.9793        816     3.3958  0.000e+00
     27.354    12.2819   3.819069    32.9788        817     3.4000  0.000e+00
     27.278    12.2812   3.819115    32.9799        818     3.4042  0.000e+00
     27.200    12.2809   3.819089    32.9800        819     3.4083  0.000e+00
     27.127    12.2809   3.819069    32.9798        820     3.4125  0.000e+00
     27.058    12.2808   3.819043    32.9797        821     3.4167  0.000e+00
     26.992    12.2808   3.819043    32.9797        822     3.4208  0.000e+00
     26.919    12.2807   3.819135    32.9807        823     3.4250  0.000e+00
     26.838    12.2809   3.819017    32.9794        824     3.4292  0.000e+00
     26.765    12.2807   3.818951    32.9790        825     3.4333  0.000e+00
     26.705    12.2802   3.818978    32.9797        826     3.4375  0.000e+00
     26.635    12.2800   3.819017    32.9803        827     3.4417  0.000e+00
     26.581    12.2801   3.819115    32.9812        828     3.4458  0.000e+00
     26.530    12.2806   3.819206    32.9816        829     3.4500  0.000e+00
     26.488    12.2813   3.819252    32.9815        830     3.4542  0.000e+00
