HB2302/sbe059.cnv
* Sea-Bird SBE 19plus V2 Data File:
* FileName = C:\cruise\data\sbe059.hex
* Software Version Seasave V 7.26.7.121
* Temperature SN = 4758
* Conductivity SN = 4758
* System UpLoad Time = Jun 14 2023 10:35:08
* NMEA Latitude = 40 31.87 N
* NMEA Longitude = 073 27.64 W
* NMEA UTC (Time) = Jun 14 2023 10:35:09
** Cruise: HB2302
** Program: Ecomon
** Chief Scientist: Jerry Prezioso
# nquan = 7
# nvalues = 1314                                  
# units = specified
# name 0 = depSM: Depth [salt water, m]
# name 1 = tv290C: Temperature [ITS-90, deg C]
# name 2 = c0S/m: Conductivity [S/m]
# name 3 = sal00: Salinity, Practical [PSU]
# name 4 = scan: Scan Count
# name 5 = timeM: Time, Elapsed [minutes]
# name 6 = flag:  0.000e+00
# span 0 =     -0.184,     14.798                 
# span 1 =    14.9704,    19.1141                 
# span 2 =   0.000062,   4.149220                 
# span 3 =     0.0095,    31.4400                 
# span 4 =         11,       1324                 
# span 5 =     0.0417,     5.5125                 
# span 6 = 0.0000e+00, 0.0000e+00                 
# interval = seconds: 0.25
# start_time = Jun 14 2023 10:35:09 [NMEA time, header]
# bad_flag = -9.990e-29
*END*
[from data line 1026]
      4.375    18.4591   4.024264    29.8804       1037     4.3167  0.000e+00
      4.339    18.4647   4.023315    29.8685       1038     4.3208  0.000e+00
      4.296    18.4726   4.023295    29.8626       1039     4.3250  0.000e+00
      4.278    18.4780   4.023148    29.8575       1040     4.3292  0.000e+00
      4.239    18.4815   4.022494    29.8496       1041     4.3333  0.000e+00
      4.218    18.4853   4.023462    29.8548       1042     4.3375  0.000e+00
      4.209    18.4849   4.023369    29.8544       1043     4.3417  0.000e+00
      4.200    18.4846   4.022734    29.8493       1044     4.3458  0.000e+00
      4.203    18.4868   4.023108    29.8508       1045     4.3500  0.000e+00
      4.221    18.4878   4.023315    29.8518       1046     4.3542  0.000e+00
      4.245    18.4869   4.023268    29.8521       1047     4.3583  0.000e+00
      4.263    18.4873   4.023268    29.8518       1048     4.3625  0.000e+00
      4.281    18.4881   4.023415    29.8524       1049     4.3667  0.000e+00
      4.299    18.4883   4.023195    29.8504       1050     4.3708  0.000e+00
      4.311    18.4896   4.023295    29.8503       1051     4.3750  0.000e+00
      4.305    18.4901   4.022901    29.8467       1052     4.3792  0.000e+00
      4.299    18.4912   4.022687    29.8441       1053     4.3833  0.000e+00
      4.281    18.4930   4.023001    29.8455       1054     4.3875  0.000e+00
      4.248    18.4936   4.022420    29.8402       1055     4.3917  0.000e+00
      4.221    18.4952   4.023074    29.8445       1056     4.3958  0.000e+00
      4.181    18.4939   4.022834    29.8434       1057     4.4000  0.000e+00
      4.139    18.4933   4.022420    29.8405       1058     4.4042  0.000e+00
      4.115    18.4945   4.022206    29.8378       1059     4.4083  0.000e+00
      4.088    18.4949   4.022006    29.8359       1060     4.4125  0.000e+00
      4.051    18.4959   4.020650    29.8240       1061     4.4167  0.000e+00
      4.027    18.4999   4.020650    29.8211       1062     4.4208  0.000e+00
      4.009    18.5036   4.020363    29.8160       1063     4.4250  0.000e+00
      3.988    18.5070   4.020242    29.8126       1064     4.4292  0.000e+00
      3.961    18.5095   4.020556    29.8134       1065     4.4333  0.000e+00
      3.937    18.5090   4.021277    29.8197       1066     4.4375  0.000e+00
      3.915    18.5059   4.021692    29.8254       1067     4.4417  0.000e+00
      3.894    18.5027   4.020676    29.8194       1068     4.4458  0.000e+00
      3.867    18.5039   4.021017    29.8213       1069     4.4500  0.000e+00
      3.855    18.5046   4.021064    29.8212       1070     4.4542  0.000e+00
      3.855    18.5043   4.021017    29.8210       1071     4.4583  0.000e+00
      3.864    18.5045   4.020917    29.8200       1072     4.4625  0.000e+00
      3.888    18.5048   4.020863    29.8194       1073     4.4667  0.000e+00
      3.927    18.5055   4.020650    29.8171       1074     4.4708  0.000e+00
      3.967    18.5075   4.020069    29.8109       1075     4.4750  0.000e+00
      4.006    18.5097   4.020750    29.8148       1076     4.4792  0.000e+00
      4.036    18.5094   4.021137    29.8182       1077     4.4833  0.000e+00
      4.072    18.5072   4.021738    29.8248       1078     4.4875  0.000e+00
      4.103    18.5041   4.021525    29.8253       1079     4.4917  0.000e+00
      4.106    18.5024   4.021097    29.8230       1080     4.4958  0.000e+00
      4.097    18.5035   4.021017    29.8215       1081     4.5000  0.000e+00
      4.072    18.5048   4.021598    29.8254       1082     4.5042  0.000e+00
      4.042    18.5042   4.021258    29.8230       1083     4.5083  0.000e+00
      4.006    18.5048   4.021184    29.8220       1084     4.5125  0.000e+00
      3.958    18.5051   4.021692    29.8260       1085     4.5167  0.000e+00
      3.921    18.5045   4.020189    29.8140       1086     4.5208  0.000e+00
      3.879    18.5080   4.019822    29.8085       1087     4.5250  0.000e+00
      3.834    18.5122   4.019341    29.8014       1088     4.5292  0.000e+00
      3.791    18.5160   4.018880    29.7949       1089     4.5333  0.000e+00
      3.740    18.5190   4.019755    29.8000       1090     4.5375  0.000e+00
      3.710    18.5187   4.020336    29.8050       1091     4.5417  0.000e+00
      3.674    18.5168   4.019200    29.7970       1092     4.5458  0.000e+00
      3.655    18.5179   4.018880    29.7936       1093     4.5500  0.000e+00
      3.634    18.5200   4.018646    29.7901       1094     4.5542  0.000e+00
      3.625    18.5220   4.018473    29.7873       1095     4.5583  0.000e+00
      3.613    18.5236   4.018786    29.7887       1096     4.5625  0.000e+00
      3.610    18.5236   4.019027    29.7907       1097     4.5667  0.000e+00
      3.601    18.5228   4.019174    29.7925       1098     4.5708  0.000e+00
      3.616    18.5217   4.018760    29.7899       1099     4.5750  0.000e+00
      3.625    18.5224   4.018326    29.7858       1100     4.5792  0.000e+00
      3.640    18.5246   4.018299    29.7840       1101     4.5833  0.000e+00
      3.637    18.5260   4.018279    29.7828       1102     4.5875  0.000e+00
      3.646    18.5264   4.019073    29.7891       1103     4.5917  0.000e+00
      3.646    18.5249   4.020336    29.8006       1104     4.5958  0.000e+00
      3.649    18.5198   4.020750    29.8077       1105     4.6000  0.000e+00
      3.643    18.5141   4.020503    29.8097       1106     4.6042  0.000e+00
      3.637    18.5121   4.019608    29.8038       1107     4.6083  0.000e+00
      3.628    18.5146   4.018786    29.7952       1108     4.6125  0.000e+00
      3.613    18.5184   4.019922    29.8019       1109     4.6167  0.000e+00
      3.601    18.5177   4.019781    29.8012       1110     4.6208  0.000e+00
      3.589    18.5167   4.019728    29.8015       1111     4.6250  0.000e+00
      3.574    18.5166   4.019220    29.7974       1112     4.6292  0.000e+00
      3.559    18.5185   4.018640    29.7912       1113     4.6333  0.000e+00
      3.540    18.5213   4.018713    29.7898       1114     4.6375  0.000e+00
      3.525    18.5233   4.018713    29.7883       1115     4.6417  0.000e+00
      3.507    18.5242   4.018900    29.7893       1116     4.6458  0.000e+00
      3.486    18.5239   4.019027    29.7906       1117     4.6500  0.000e+00
      3.465    18.5235   4.019007    29.7907       1118     4.6542  0.000e+00
      3.438    18.5233   4.018713    29.7884       1119     4.6583  0.000e+00
      3.410    18.5241   4.018813    29.7886       1120     4.6625  0.000e+00
      3.392    18.5245   4.019073    29.7905       1121     4.6667  0.000e+00
      3.386    18.5238   4.019394    29.7937       1122     4.6708  0.000e+00
      3.371    18.5223   4.019474    29.7954       1123     4.6750  0.000e+00
      3.365    18.5207   4.019588    29.7975       1124     4.6792  0.000e+00
      3.365    18.5197   4.019461    29.7972       1125     4.6833  0.000e+00
      3.383    18.5197   4.019921    29.8010       1126     4.6875  0.000e+00
      3.392    18.5185   4.019561    29.7989       1127     4.6917  0.000e+00
      3.401    18.5185   4.019220    29.7961       1128     4.6958  0.000e+00
      3.407    18.5199   4.019127    29.7943       1129     4.7000  0.000e+00
      3.407    18.5213   4.018873    29.7911       1130     4.7042  0.000e+00
      3.413    18.5231   4.018860    29.7898       1131     4.7083  0.000e+00
      3.401    18.5240   4.018740    29.7881       1132     4.7125  0.000e+00
      3.380    18.5246   4.018713    29.7874       1133     4.7167  0.000e+00
      3.350    18.5252   4.019514    29.7937       1134     4.7208  0.000e+00
      3.317    18.5232   4.019220    29.7927       1135     4.7250  0.000e+00
      3.289    18.5219   4.019027    29.7920       1136     4.7292  0.000e+00
      3.271    18.5225   4.019173    29.7929       1137     4.7333  0.000e+00
      3.268    18.5222   4.019901    29.7990       1138     4.7375  0.000e+00
      3.271    18.5200   4.019394    29.7964       1139     4.7417  0.000e+00
      3.268    18.5194   4.019267    29.7958       1140     4.7458  0.000e+00
      3.280    18.5202   4.018813    29.7915       1141     4.7500  0.000e+00
      3.271    18.5219   4.018546    29.7880       1142     4.7542  0.000e+00
      3.259    18.5240   4.018492    29.7861       1143     4.7583  0.000e+00
      3.208    18.5257   4.018486    29.7849       1144     4.7625  0.000e+00
      3.159    18.5265   4.018372    29.7833       1145     4.7667  0.000e+00
      3.078    18.5268   4.018325    29.7828       1146     4.7708  0.000e+00
      3.002    18.5272   4.018446    29.7835       1147     4.7750  0.000e+00
      2.942    18.5273   4.018566    29.7844       1148     4.7792  0.000e+00
      2.896    18.5271   4.018592    29.7849       1149     4.7833  0.000e+00
      2.884    18.5270   4.018446    29.7837       1150     4.7875  0.000e+00
      2.878    18.5272   4.018519    29.7842       1151     4.7917  0.000e+00
      2.878    18.5271   4.018900    29.7874       1152     4.7958  0.000e+00
      2.896    18.5259   4.018880    29.7881       1153     4.8000  0.000e+00
      2.905    18.5252   4.018880    29.7885       1154     4.8042  0.000e+00
      2.914    18.5246   4.018906    29.7892       1155     4.8083  0.000e+00
      2.926    18.5244   4.019026    29.7904       1156     4.8125  0.000e+00
      2.933    18.5239   4.019394    29.7938       1157     4.8167  0.000e+00
      2.939    18.5223   4.019514    29.7959       1158     4.8208  0.000e+00
      2.939    18.5209   4.019387    29.7959       1159     4.8250  0.000e+00
      2.945    18.5206   4.019561    29.7975       1160     4.8292  0.000e+00
      2.948    18.5203   4.019247    29.7951       1161     4.8333  0.000e+00
      2.954    18.5208   4.019053    29.7932       1162     4.8375  0.000e+00
      2.957    18.5219   4.018860    29.7908       1163     4.8417  0.000e+00
      2.941    18.5231   4.018980    29.7909       1164     4.8458  0.000e+00
      2.911    18.5232   4.019026    29.7913       1165     4.8500  0.000e+00
      2.872    18.5228   4.019294    29.7937       1166     4.8542  0.000e+00
      2.827    18.5224   4.019127    29.7927       1167     4.8583  0.000e+00
      2.766    18.5221   4.019267    29.7940       1168     4.8625  0.000e+00
      2.721    18.5220   4.019127    29.7930       1169     4.8667  0.000e+00
      2.700    18.5223   4.019200    29.7934       1170     4.8708  0.000e+00
      2.673    18.5222   4.019127    29.7928       1171     4.8750  0.000e+00
      2.660    18.5223   4.019173    29.7932       1172     4.8792  0.000e+00
      2.648    18.5224   4.019220    29.7935       1173     4.8833  0.000e+00
      2.630    18.5220   4.019100    29.7928       1174     4.8875  0.000e+00
      2.621    18.5226   4.018980    29.7914       1175     4.8917  0.000e+00
      2.591    18.5233   4.018980    29.7908       1176     4.8958  0.000e+00
      2.576    18.5242   4.018980    29.7902       1177     4.9000  0.000e+00
      2.549    18.5246   4.018759    29.7882       1178     4.9042  0.000e+00
      2.527    18.5251   4.018879    29.7888       1179     4.9083  0.000e+00
      2.503    18.5254   4.018853    29.7883       1180     4.9125  0.000e+00
      2.482    18.5258   4.018298    29.7835       1181     4.9167  0.000e+00
      2.458    18.5265   4.018372    29.7836       1182     4.9208  0.000e+00
      2.425    18.5271   4.018906    29.7876       1183     4.9250  0.000e+00
      2.397    18.5262   4.018566    29.7854       1184     4.9292  0.000e+00
      2.355    18.5259   4.018619    29.7861       1185     4.9333  0.000e+00
      2.310    18.5259   4.018639    29.7862       1186     4.9375  0.000e+00
      2.298    18.5258   4.018592    29.7860       1187     4.9417  0.000e+00
      2.301    18.5259   4.018806    29.7877       1188     4.9458  0.000e+00
      2.325    18.5253   4.018906    29.7889       1189     4.9500  0.000e+00
      2.367    18.5249   4.018953    29.7896       1190     4.9542  0.000e+00
      2.416    18.5246   4.018906    29.7894       1191     4.9583  0.000e+00
      2.461    18.5246   4.018906    29.7894       1192     4.9625  0.000e+00
      2.515    18.5244   4.019006    29.7903       1193     4.9667  0.000e+00
      2.542    18.5240   4.018906    29.7898       1194     4.9708  0.000e+00
      2.554    18.5243   4.018873    29.7893       1195     4.9750  0.000e+00
      2.521    18.5245   4.018492    29.7860       1196     4.9792  0.000e+00
      2.467    18.5252   4.018492    29.7855       1197     4.9833  0.000e+00
      2.379    18.5259   4.018906    29.7884       1198     4.9875  0.000e+00
      2.286    18.5256   4.018712    29.7871       1199     4.9917  0.000e+00
      2.183    18.5252   4.018252    29.7837       1200     4.9958  0.000e+00
      2.077    18.5256   4.018252    29.7834       1201     5.0000  0.000e+00
      2.005    18.5261   4.018138    29.7821       1202     5.0042  0.000e+00
      1.941    18.5264   4.018105    29.7816       1203     5.0083  0.000e+00
      1.911    18.5265   4.018298    29.7831       1204     5.0125  0.000e+00
      1.923    18.5267   4.018592    29.7854       1205     5.0167  0.000e+00
      1.944    18.5263   4.018325    29.7835       1206     5.0208  0.000e+00
      1.998    18.5260   4.018105    29.7819       1207     5.0250  0.000e+00
      2.050    18.5262   4.018038    29.7812       1208     5.0292  0.000e+00
      2.110    18.5265   4.018058    29.7811       1209     5.0333  0.000e+00
      2.156    18.5269   4.018205    29.7820       1210     5.0375  0.000e+00
      2.186    18.5273   4.018372    29.7831       1211     5.0417  0.000e+00
      2.204    18.5269   4.018399    29.7836       1212     5.0458  0.000e+00
      2.192    18.5264   4.018298    29.7832       1213     5.0500  0.000e+00
      2.152    18.5258   4.018445    29.7848       1214     5.0542  0.000e+00
      2.107    18.5258   4.018085    29.7819       1215     5.0583  0.000e+00
      2.065    18.5264   4.018232    29.7826       1216     5.0625  0.000e+00
      2.025    18.5270   4.018232    29.7822       1217     5.0667  0.000e+00
      1.974    18.5271   4.017964    29.7800       1218     5.0708  0.000e+00
      1.923    18.5275   4.018178    29.7814       1219     5.0750  0.000e+00
      1.877    18.5275   4.018105    29.7808       1220     5.0792  0.000e+00
      1.844    18.5278   4.018038    29.7801       1221     5.0833  0.000e+00
      1.832    18.5279   4.017938    29.7792       1222     5.0875  0.000e+00
      1.844    18.5279   4.018058    29.7802       1223     5.0917  0.000e+00
      1.862    18.5280   4.018045    29.7800       1224     5.0958  0.000e+00
      1.883    18.5281   4.017964    29.7793       1225     5.1000  0.000e+00
      1.902    18.5281   4.017964    29.7792       1226     5.1042  0.000e+00
      1.911    18.5282   4.017984    29.7793       1227     5.1083  0.000e+00
      1.892    18.5283   4.017984    29.7793       1228     5.1125  0.000e+00
      1.844    18.5281   4.018011    29.7796       1229     5.1167  0.000e+00
      1.802    18.5279   4.017964    29.7794       1230     5.1208  0.000e+00
      1.763    18.5279   4.017911    29.7790       1231     5.1250  0.000e+00
      1.741    18.5273   4.017998    29.7801       1232     5.1292  0.000e+00
      1.741    18.5273   4.018011    29.7802       1233     5.1333  0.000e+00
      1.760    18.5275   4.018038    29.7803       1234     5.1375  0.000e+00
      1.769    18.5277   4.018011    29.7800       1235     5.1417  0.000e+00
      1.762    18.5276   4.017984    29.7798       1236     5.1458  0.000e+00
      1.747    18.5273   4.018011    29.7802       1237     5.1500  0.000e+00
      1.741    18.5275   4.018085    29.7807       1238     5.1542  0.000e+00
      1.714    18.5278   4.018111    29.7808       1239     5.1583  0.000e+00
      1.693    18.5279   4.018131    29.7809       1240     5.1625  0.000e+00
