HB2302/sbe030.cnv
* Sea-Bird SBE 19plus V2 Data File:
* FileName = C:\cruise\data\sbe030.hex
* Software Version Seasave V 7.26.7.121
* Temperature SN = 4758
* Conductivity SN = 4758
* System UpLoad Time = Jun 11 2023 21:53:40
* NMEA Latitude = 35 49.09 N
* NMEA Longitude = 074 50.82 W
* NMEA UTC (Time) = Jun 11 2023 21:53:41
** Cruise: HB2302
** Program: Ecomon
** Chief Scientist: Jerry Prezioso
# nquan = 7
# nvalues = 4798                                  
# units = specified
# name 0 = depSM: Depth [salt water, m]
# name 1 = tv290C: Temperature [ITS-90, deg C]
# name 2 = c0S/m: Conductivity [S/m]
# name 3 = sal00: Salinity, Practical [PSU]
# name 4 = scan: Scan Count
# name 5 = timeM: Time, Elapsed [minutes]
# name 6 = flag:  0.000e+00
# span 0 =     -0.062,    200.791                 
# span 1 =    12.0977,    27.1062                 
# span 2 =   0.000086,   5.189610                 
# span 3 =     0.0124,    36.1554                 
# span 4 =         11,       4808                 
# span 5 =     0.0417,    20.0292                 
# span 6 = 0.0000e+00, 0.0000e+00                 
# interval = seconds: 0.25
# start_time = Jun 11 2023 21:53:41 [NMEA time, header]
# bad_flag = -9.990e-29
*END*
[from data line 3488]
     58.998    16.3129   4.351290    34.3558       3499    14.5750  0.000e+00
     58.971    16.3193   4.352200    34.3584       3500    14.5792  0.000e+00
     58.941    16.3263   4.352787    34.3575       3501    14.5833  0.000e+00
     58.914    16.3326   4.353118    34.3550       3502    14.5875  0.000e+00
     58.880    16.3370   4.353960    34.3586       3503    14.5917  0.000e+00
     58.844    16.3425   4.354877    34.3620       3504    14.5958  0.000e+00
     58.805    16.3488   4.354877    34.3566       3505    14.6000  0.000e+00
     58.756    16.3526   4.355057    34.3549       3506    14.6042  0.000e+00
     58.714    16.3550   4.355153    34.3537       3507    14.6083  0.000e+00
     58.666    16.3567   4.355132    34.3521       3508    14.6125  0.000e+00
     58.608    16.3568   4.350599    34.3120       3509    14.6167  0.000e+00
     58.560    16.3451   4.344930    34.2721       3510    14.6208  0.000e+00
     58.506    16.3217   4.344579    34.2891       3511    14.6250  0.000e+00
     58.460    16.3060   4.344420    34.3012       3512    14.6292  0.000e+00
     58.409    16.2976   4.344221    34.3068       3513    14.6333  0.000e+00
     58.355    16.2931   4.344172    34.3102       3514    14.6375  0.000e+00
     58.309    16.2908   4.344248    34.3129       3515    14.6417  0.000e+00
     58.270    16.2903   4.344317    34.3139       3516    14.6458  0.000e+00
     58.228    16.2905   4.344345    34.3140       3517    14.6500  0.000e+00
     58.192    16.2909   4.344296    34.3133       3518    14.6542  0.000e+00
     58.152    16.2913   4.344551    34.3152       3519    14.6583  0.000e+00
     58.110    16.2919   4.344731    34.3163       3520    14.6625  0.000e+00
     58.068    16.2934   4.344655    34.3144       3521    14.6667  0.000e+00
     58.028    16.2941   4.344731    34.3144       3522    14.6708  0.000e+00
     57.980    16.2946   4.344145    34.3088       3523    14.6750  0.000e+00
     57.935    16.2930   4.342214    34.2932       3524    14.6792  0.000e+00
     57.880    16.2860   4.341553    34.2934       3525    14.6833  0.000e+00
     57.823    16.2797   4.342800    34.3099       3526    14.6875  0.000e+00
     57.769    16.2780   4.341098    34.2963       3527    14.6917  0.000e+00
     57.714    16.2743   4.341050    34.2991       3528    14.6958  0.000e+00
     57.663    16.2704   4.338968    34.2840       3529    14.7000  0.000e+00
     57.609    16.2635   4.339603    34.2956       3530    14.7042  0.000e+00
     57.551    16.2605   4.339795    34.2999       3531    14.7083  0.000e+00
     57.494    16.2607   4.340264    34.3039       3532    14.7125  0.000e+00
     57.439    16.2625   4.340567    34.3050       3533    14.7167  0.000e+00
     57.388    16.2650   4.340946    34.3063       3534    14.7208  0.000e+00
     57.340    16.2675   4.340974    34.3044       3535    14.7250  0.000e+00
     57.288    16.2696   4.340919    34.3021       3536    14.7292  0.000e+00
     57.237    16.2704   4.341298    34.3048       3537    14.7333  0.000e+00
     57.189    16.2719   4.342242    34.3119       3538    14.7375  0.000e+00
     57.140    16.2766   4.343786    34.3215       3539    14.7417  0.000e+00
     57.095    16.2844   4.345061    34.3260       3540    14.7458  0.000e+00
     57.059    16.2942   4.345744    34.3237       3541    14.7500  0.000e+00
     57.017    16.3022   4.345847    34.3177       3542    14.7542  0.000e+00
     56.971    16.3077   4.346350    34.3174       3543    14.7583  0.000e+00
     56.929    16.3114   4.346557    34.3161       3544    14.7625  0.000e+00
     56.896    16.3142   4.346350    34.3119       3545    14.7667  0.000e+00
     56.869    16.3148   4.346419    34.3119       3546    14.7708  0.000e+00
     56.823    16.3159   4.347778    34.3231       3547    14.7750  0.000e+00
     56.799    16.3207   4.348867    34.3285       3548    14.7792  0.000e+00
     56.766    16.3272   4.349378    34.3274       3549    14.7833  0.000e+00
     56.733    16.3338   4.349709    34.3246       3550    14.7875  0.000e+00
     56.699    16.3382   4.349502    34.3191       3551    14.7917  0.000e+00
     56.672    16.3401   4.349329    34.3160       3552    14.7958  0.000e+00
     56.633    16.3402   4.349198    34.3147       3553    14.8000  0.000e+00
     56.606    16.3395   4.348895    34.3126       3554    14.8042  0.000e+00
     56.578    16.3377   4.348715    34.3126       3555    14.8083  0.000e+00
     56.536    16.3361   4.348846    34.3152       3556    14.8125  0.000e+00
     56.500    16.3354   4.349046    34.3176       3557    14.8167  0.000e+00
     56.473    16.3359   4.349046    34.3171       3558    14.8208  0.000e+00
     56.433    16.3368   4.349302    34.3187       3559    14.8250  0.000e+00
     56.397    16.3376   4.349584    34.3204       3560    14.8292  0.000e+00
     56.355    16.3392   4.349736    34.3204       3561    14.8333  0.000e+00
     56.313    16.3410   4.349964    34.3209       3562    14.8375  0.000e+00
     56.270    16.3425   4.349929    34.3193       3563    14.8417  0.000e+00
     56.225    16.3436   4.350067    34.3196       3564    14.8458  0.000e+00
     56.174    16.3444   4.350239    34.3204       3565    14.8500  0.000e+00
     56.122    16.3454   4.350495    34.3219       3566    14.8542  0.000e+00
     56.062    16.3472   4.350398    34.3195       3567    14.8583  0.000e+00
     56.011    16.3477   4.350295    34.3181       3568    14.8625  0.000e+00
     55.944    16.3476   4.350626    34.3212       3569    14.8667  0.000e+00
     55.884    16.3487   4.350522    34.3194       3570    14.8708  0.000e+00
     55.817    16.3490   4.350570    34.3195       3571    14.8750  0.000e+00
     55.751    16.3497   4.351212    34.3246       3572    14.8792  0.000e+00
     55.687    16.3520   4.351619    34.3263       3573    14.8833  0.000e+00
     55.630    16.3547   4.351640    34.3241       3574    14.8875  0.000e+00
     55.573    16.3564   4.351819    34.3243       3575    14.8917  0.000e+00
     55.518    16.3579   4.351846    34.3233       3576    14.8958  0.000e+00
     55.467    16.3593   4.352150    34.3248       3577    14.9000  0.000e+00
     55.419    16.3606   4.352253    34.3245       3578    14.9042  0.000e+00
     55.385    16.3622   4.352226    34.3230       3579    14.9083  0.000e+00
     55.346    16.3631   4.352412    34.3239       3580    14.9125  0.000e+00
     55.313    16.3640   4.352453    34.3235       3581    14.9167  0.000e+00
     55.280    16.3647   4.352509    34.3234       3582    14.9208  0.000e+00
     55.258    16.3654   4.352557    34.3232       3583    14.9250  0.000e+00
     55.234    16.3660   4.352605    34.3231       3584    14.9292  0.000e+00
     55.210    16.3662   4.352509    34.3221       3585    14.9333  0.000e+00
     55.186    16.3662   4.352936    34.3259       3586    14.9375  0.000e+00
     55.159    16.3677   4.353192    34.3269       3587    14.9417  0.000e+00
     55.125    16.3698   4.353171    34.3249       3588    14.9458  0.000e+00
     55.092    16.3709   4.353419    34.3261       3589    14.9500  0.000e+00
     55.062    16.3723   4.353599    34.3265       3590    14.9542  0.000e+00
     55.014    16.3740   4.352991    34.3197       3591    14.9583  0.000e+00
     54.974    16.3724   4.352122    34.3134       3592    14.9625  0.000e+00
     54.926    16.3681   4.352860    34.3237       3593    14.9667  0.000e+00
     54.872    16.3677   4.354337    34.3370       3594    14.9708  0.000e+00
     54.823    16.3736   4.354924    34.3372       3595    14.9750  0.000e+00
     54.766    16.3799   4.355130    34.3336       3596    14.9792  0.000e+00
     54.712    16.3844   4.355151    34.3299       3597    14.9833  0.000e+00
     54.657    16.3871   4.355448    34.3302       3598    14.9875  0.000e+00
     54.612    16.3893   4.356304    34.3359       3599    14.9917  0.000e+00
     54.561    16.3939   4.357753    34.3447       3600    14.9958  0.000e+00
     54.512    16.4016   4.358443    34.3442       3601    15.0000  0.000e+00
     54.467    16.4094   4.359258    34.3447       3602    15.0042  0.000e+00
     54.415    16.4170   4.360252    34.3470       3603    15.0083  0.000e+00
     54.376    16.4252   4.360991    34.3464       3604    15.0125  0.000e+00
     54.340    16.4324   4.361985    34.3490       3605    15.0167  0.000e+00
     54.298    16.4402   4.362800    34.3495       3606    15.0208  0.000e+00
     54.255    16.4476   4.362572    34.3411       3607    15.0250  0.000e+00
     54.213    16.4515   4.362523    34.3373       3608    15.0292  0.000e+00
     54.171    16.4531   4.362634    34.3369       3609    15.0333  0.000e+00
     54.128    16.4542   4.362724    34.3368       3610    15.0375  0.000e+00
     54.086    16.4555   4.362800    34.3364       3611    15.0417  0.000e+00
     54.038    16.4564   4.362827    34.3359       3612    15.0458  0.000e+00
     53.996    16.4573   4.362392    34.3313       3613    15.0500  0.000e+00
     53.947    16.4561   4.361964    34.3285       3614    15.0542  0.000e+00
     53.902    16.4543   4.361964    34.3301       3615    15.0583  0.000e+00
     53.854    16.4531   4.361805    34.3298       3616    15.0625  0.000e+00
     53.814    16.4518   4.361757    34.3305       3617    15.0667  0.000e+00
     53.763    16.4513   4.362116    34.3341       3618    15.0708  0.000e+00
     53.721    16.4519   4.362496    34.3369       3619    15.0750  0.000e+00
     53.678    16.4542   4.362634    34.3362       3620    15.0792  0.000e+00
     53.639    16.4569   4.363953    34.3455       3621    15.0833  0.000e+00
     53.594    16.4622   4.364284    34.3439       3622    15.0875  0.000e+00
     53.551    16.4674   4.364388    34.3403       3623    15.0917  0.000e+00
     53.509    16.4706   4.364464    34.3382       3624    15.0958  0.000e+00
     53.461    16.4724   4.364388    34.3360       3625    15.1000  0.000e+00
     53.419    16.4730   4.363745    34.3299       3626    15.1042  0.000e+00
     53.373    16.4715   4.363338    34.3276       3627    15.1083  0.000e+00
     53.316    16.4696   4.363897    34.3342       3628    15.1125  0.000e+00
     53.268    16.4694   4.363952    34.3349       3629    15.1167  0.000e+00
     53.213    16.4699   4.363365    34.3293       3630    15.1208  0.000e+00
     53.165    16.4684   4.361618    34.3153       3631    15.1250  0.000e+00
     53.110    16.4624   4.361397    34.3185       3632    15.1292  0.000e+00
     53.056    16.4574   4.361218    34.3212       3633    15.1333  0.000e+00
     53.005    16.4544   4.361321    34.3248       3634    15.1375  0.000e+00
     52.959    16.4529   4.361045    34.3236       3635    15.1417  0.000e+00
     52.923    16.4516   4.361066    34.3249       3636    15.1458  0.000e+00
     52.875    16.4510   4.361121    34.3260       3637    15.1500  0.000e+00
     52.842    16.4509   4.361349    34.3281       3638    15.1542  0.000e+00
     52.805    16.4513   4.361121    34.3257       3639    15.1583  0.000e+00
     52.763    16.4513   4.361093    34.3255       3640    15.1625  0.000e+00
     52.727    16.4510   4.361142    34.3262       3641    15.1667  0.000e+00
     52.681    16.4508   4.361114    34.3261       3642    15.1708  0.000e+00
     52.639    16.4508   4.361093    34.3259       3643    15.1750  0.000e+00
     52.597    16.4504   4.360886    34.3245       3644    15.1792  0.000e+00
     52.552    16.4499   4.360886    34.3249       3645    15.1833  0.000e+00
     52.503    16.4493   4.360865    34.3253       3646    15.1875  0.000e+00
     52.458    16.4493   4.360886    34.3255       3647    15.1917  0.000e+00
     52.413    16.4490   4.360886    34.3257       3648    15.1958  0.000e+00
     52.358    16.4489   4.360941    34.3263       3649    15.2000  0.000e+00
     52.295    16.4493   4.360838    34.3252       3650    15.2042  0.000e+00
     52.246    16.4493   4.360886    34.3256       3651    15.2083  0.000e+00
     52.195    16.4492   4.361045    34.3271       3652    15.2125  0.000e+00
     52.135    16.4494   4.361031    34.3268       3653    15.2167  0.000e+00
     52.086    16.4501   4.361197    34.3277       3654    15.2208  0.000e+00
     52.035    16.4507   4.361141    34.3267       3655    15.2250  0.000e+00
     51.996    16.4514   4.361045    34.3252       3656    15.2292  0.000e+00
     51.944    16.4510   4.360071    34.3170       3657    15.2333  0.000e+00
     51.902    16.4490   4.360202    34.3199       3658    15.2375  0.000e+00
     51.866    16.4470   4.359636    34.3167       3659    15.2417  0.000e+00
     51.833    16.4447   4.359615    34.3185       3660    15.2458  0.000e+00
     51.796    16.4434   4.359588    34.3194       3661    15.2500  0.000e+00
     51.760    16.4425   4.359560    34.3200       3662    15.2542  0.000e+00
     51.730    16.4417   4.359028    34.3159       3663    15.2583  0.000e+00
     51.694    16.4402   4.359512    34.3215       3664    15.2625  0.000e+00
     51.657    16.4401   4.358621    34.3137       3665    15.2667  0.000e+00
     51.627    16.4382   4.358621    34.3154       3666    15.2708  0.000e+00
     51.582    16.4362   4.358290    34.3142       3667    15.2750  0.000e+00
     51.543    16.4345   4.357648    34.3100       3668    15.2792  0.000e+00
     51.491    16.4318   4.356681    34.3039       3669    15.2833  0.000e+00
     51.434    16.4271   4.355404    34.2967       3670    15.2875  0.000e+00
     51.385    16.4209   4.354079    34.2903       3671    15.2917  0.000e+00
     51.328    16.4124   4.351437    34.2744       3672    15.2958  0.000e+00
     51.271    16.4012   4.352196    34.2907       3673    15.3000  0.000e+00
     51.207    16.3965   4.354135    34.3119       3674    15.3042  0.000e+00
     51.150    16.4014   4.354059    34.3070       3675    15.3083  0.000e+00
     51.095    16.4055   4.354335    34.3060       3676    15.3125  0.000e+00
     51.044    16.4081   4.354314    34.3036       3677    15.3167  0.000e+00
     50.990    16.4095   4.354411    34.3032       3678    15.3208  0.000e+00
     50.938    16.4105   4.354390    34.3022       3679    15.3250  0.000e+00
     50.887    16.4110   4.354135    34.2996       3680    15.3292  0.000e+00
     50.845    16.4108   4.354487    34.3028       3681    15.3333  0.000e+00
     50.796    16.4112   4.354328    34.3011       3682    15.3375  0.000e+00
     50.754    16.4111   4.354238    34.3004       3683    15.3417  0.000e+00
     50.712    16.4110   4.354210    34.3003       3684    15.3458  0.000e+00
     50.669    16.4108   4.354183    34.3002       3685    15.3500  0.000e+00
     50.636    16.4106   4.354210    34.3007       3686    15.3542  0.000e+00
     50.597    16.4106   4.354003    34.2989       3687    15.3583  0.000e+00
     50.558    16.4101   4.353831    34.2978       3688    15.3625  0.000e+00
     50.515    16.4090   4.353955    34.2998       3689    15.3667  0.000e+00
     50.470    16.4087   4.353748    34.2983       3690    15.3708  0.000e+00
     50.431    16.4081   4.353803    34.2993       3691    15.3750  0.000e+00
     50.376    16.4078   4.353796    34.2995       3692    15.3792  0.000e+00
     50.328    16.4077   4.353727    34.2990       3693    15.3833  0.000e+00
     50.277    16.4077   4.353624    34.2981       3694    15.3875  0.000e+00
     50.225    16.4071   4.352989    34.2931       3695    15.3917  0.000e+00
     50.171    16.4050   4.352734    34.2926       3696    15.3958  0.000e+00
     50.114    16.4025   4.352706    34.2946       3697    15.4000  0.000e+00
     50.071    16.4012   4.353624    34.3038       3698    15.4042  0.000e+00
     50.014    16.4031   4.353168    34.2981       3699    15.4083  0.000e+00
     49.956    16.4037   4.351919    34.2867       3700    15.4125  0.000e+00
     49.902    16.3998   4.350512    34.2776       3701    15.4167  0.000e+00
     49.851    16.3924   4.350367    34.2827       3702    15.4208  0.000e+00
