HB2302/sbe030.cnv
* Sea-Bird SBE 19plus V2 Data File:
* FileName = C:\cruise\data\sbe030.hex
* Software Version Seasave V 7.26.7.121
* Temperature SN = 4758
* Conductivity SN = 4758
* System UpLoad Time = Jun 11 2023 21:53:40
* NMEA Latitude = 35 49.09 N
* NMEA Longitude = 074 50.82 W
* NMEA UTC (Time) = Jun 11 2023 21:53:41
** Cruise: HB2302
** Program: Ecomon
** Chief Scientist: Jerry Prezioso
# nquan = 7
# nvalues = 4798                                  
# units = specified
# name 0 = depSM: Depth [salt water, m]
# name 1 = tv290C: Temperature [ITS-90, deg C]
# name 2 = c0S/m: Conductivity [S/m]
# name 3 = sal00: Salinity, Practical [PSU]
# name 4 = scan: Scan Count
# name 5 = timeM: Time, Elapsed [minutes]
# name 6 = flag:  0.000e+00
# span 0 =     -0.062,    200.791                 
# span 1 =    12.0977,    27.1062                 
# span 2 =   0.000086,   5.189610                 
# span 3 =     0.0124,    36.1554                 
# span 4 =         11,       4808                 
# span 5 =     0.0417,    20.0292                 
# span 6 = 0.0000e+00, 0.0000e+00                 
# interval = seconds: 0.25
# start_time = Jun 11 2023 21:53:41 [NMEA time, header]
# bad_flag = -9.990e-29
*END*
[from data line 3077]
     79.998    13.7577   4.099268    34.3031       3088    12.8625  0.000e+00
     79.943    13.7607   4.099612    34.3036       3089    12.8667  0.000e+00
     79.889    13.7640   4.100009    34.3043       3090    12.8708  0.000e+00
     79.838    13.7677   4.100729    34.3078       3091    12.8750  0.000e+00
     79.774    13.7726   4.101032    34.3062       3092    12.8792  0.000e+00
     79.717    13.7772   4.100998    34.3019       3093    12.8833  0.000e+00
     79.675    13.7798   4.099611    34.2866       3094    12.8875  0.000e+00
     79.605    13.7775   4.099591    34.2885       3095    12.8917  0.000e+00
     79.548    13.7754   4.100257    34.2966       3096    12.8958  0.000e+00
     79.487    13.7780   4.100156    34.2934       3097    12.9000  0.000e+00
     79.427    13.7810   4.100015    34.2894       3098    12.9042  0.000e+00
     79.361    13.7820   4.099113    34.2801       3099    12.9083  0.000e+00
     79.291    13.7789   4.095721    34.2512       3100    12.9125  0.000e+00
     79.225    13.7669   4.092142    34.2285       3101    12.9167  0.000e+00
     79.161    13.7495   4.092108    34.2438       3102    12.9208  0.000e+00
     79.080    13.7393   4.092579    34.2573       3103    12.9250  0.000e+00
     79.007    13.7367   4.093299    34.2664       3104    12.9292  0.000e+00
     78.932    13.7391   4.094086    34.2717       3105    12.9333  0.000e+00
     78.866    13.7443   4.094705    34.2728       3106    12.9375  0.000e+00
     78.799    13.7505   4.095869    34.2781       3107    12.9417  0.000e+00
     78.742    13.7594   4.097955    34.2897       3108    12.9458  0.000e+00
     78.681    13.7729   4.101422    34.3101       3109    12.9500  0.000e+00
     78.633    13.7953   4.104128    34.3154       3110    12.9542  0.000e+00
     78.573    13.8209   4.104135    34.2926       3111    12.9583  0.000e+00
     78.524    13.8362   4.104848    34.2856       3112    12.9625  0.000e+00
     78.467    13.8460   4.104572    34.2742       3113    12.9667  0.000e+00
     78.419    13.8516   4.107859    34.2999       3114    12.9708  0.000e+00
     78.364    13.8649   4.111040    34.3177       3115    12.9750  0.000e+00
     78.310    13.8867   4.113600    34.3221       3116    12.9792  0.000e+00
     78.253    13.9096   4.114557    34.3105       3117    12.9833  0.000e+00
     78.189    13.9271   4.115117    34.3002       3118    12.9875  0.000e+00
     78.129    13.9386   4.115649    34.2949       3119    12.9917  0.000e+00
     78.066    13.9461   4.116364    34.2949       3120    12.9958  0.000e+00
     77.993    13.9526   4.114820    34.2747       3121    13.0000  0.000e+00
     77.936    13.9539   4.114341    34.2691       3122    13.0042  0.000e+00
     77.863    13.9525   4.114274    34.2698       3123    13.0083  0.000e+00
     77.800    13.9510   4.114941    34.2774       3124    13.0125  0.000e+00
     77.740    13.9528   4.115460    34.2806       3125    13.0167  0.000e+00
     77.676    13.9561   4.115615    34.2791       3126    13.0208  0.000e+00
     77.610    13.9588   4.115541    34.2760       3127    13.0250  0.000e+00
     77.552    13.9600   4.115312    34.2729       3128    13.0292  0.000e+00
     77.504    13.9599   4.115541    34.2751       3129    13.0333  0.000e+00
     77.447    13.9602   4.115514    34.2747       3130    13.0375  0.000e+00
     77.398    13.9603   4.115480    34.2742       3131    13.0417  0.000e+00
     77.344    13.9605   4.115642    34.2756       3132    13.0458  0.000e+00
     77.290    13.9613   4.116120    34.2794       3133    13.0500  0.000e+00
     77.235    13.9635   4.116491    34.2809       3134    13.0542  0.000e+00
     77.193    13.9670   4.117658    34.2886       3135    13.0583  0.000e+00
     77.136    13.9730   4.118265    34.2889       3136    13.0625  0.000e+00
     77.081    13.9798   4.118656    34.2865       3137    13.0667  0.000e+00
     77.024    13.9850   4.118831    34.2835       3138    13.0708  0.000e+00
     76.970    13.9885   4.119168    34.2836       3139    13.0750  0.000e+00
     76.912    13.9914   4.119505    34.2841       3140    13.0792  0.000e+00
     76.846    13.9946   4.119856    34.2846       3141    13.0833  0.000e+00
     76.786    13.9975   4.119788    34.2814       3142    13.0875  0.000e+00
     76.722    13.9994   4.119802    34.2799       3143    13.0917  0.000e+00
     76.650    14.0002   4.120362    34.2844       3144    13.0958  0.000e+00
     76.580    14.0025   4.121003    34.2883       3145    13.1000  0.000e+00
     76.511    14.0065   4.121124    34.2859       3146    13.1042  0.000e+00
     76.435    14.0097   4.121360    34.2852       3147    13.1083  0.000e+00
     76.363    14.0121   4.121326    34.2828       3148    13.1125  0.000e+00
     76.297    14.0135   4.121326    34.2816       3149    13.1167  0.000e+00
     76.218    14.0141   4.121812    34.2857       3150    13.1208  0.000e+00
     76.143    14.0161   4.122500    34.2903       3151    13.1250  0.000e+00
     76.067    14.0205   4.123505    34.2957       3152    13.1292  0.000e+00
     76.004    14.0274   4.124942    34.3030       3153    13.1333  0.000e+00
     75.937    14.0373   4.126292    34.3067       3154    13.1375  0.000e+00
     75.877    14.0493   4.127412    34.3064       3155    13.1417  0.000e+00
     75.826    14.0607   4.128371    34.3052       3156    13.1458  0.000e+00
     75.780    14.0711   4.129194    34.3035       3157    13.1500  0.000e+00
     75.726    14.0805   4.130038    34.3031       3158    13.1542  0.000e+00
     75.687    14.0892   4.131118    34.3054       3159    13.1583  0.000e+00
     75.644    14.0983   4.131881    34.3043       3160    13.1625  0.000e+00
     75.602    14.1069   4.132644    34.3038       3161    13.1667  0.000e+00
     75.566    14.1147   4.133651    34.3062       3162    13.1708  0.000e+00
     75.524    14.1234   4.134724    34.3084       3163    13.1750  0.000e+00
     75.475    14.1327   4.136082    34.3128       3164    13.1792  0.000e+00
     75.424    14.1440   4.137690    34.3176       3165    13.1833  0.000e+00
     75.376    14.1570   4.139163    34.3197       3166    13.1875  0.000e+00
     75.312    14.1706   4.140920    34.3238       3167    13.1917  0.000e+00
     75.258    14.1854   4.143029    34.3303       3168    13.1958  0.000e+00
     75.204    14.2018   4.145490    34.3384       3169    13.2000  0.000e+00
     75.134    14.2212   4.148141    34.3458       3170    13.2042  0.000e+00
     75.071    14.2439   4.150921    34.3513       3171    13.2083  0.000e+00
     75.011    14.2681   4.155035    34.3679       3172    13.2125  0.000e+00
     74.953    14.2982   4.163987    34.4238       3173    13.2167  0.000e+00
     74.881    14.3499   4.173441    34.4650       3174    13.2208  0.000e+00
     74.820    14.4195   4.179762    34.4613       3175    13.2250  0.000e+00
     74.757    14.4855   4.184512    34.4464       3176    13.2292  0.000e+00
     74.697    14.5413   4.189570    34.4433       3177    13.2333  0.000e+00
     74.633    14.5912   4.194835    34.4474       3178    13.2375  0.000e+00
     74.576    14.6387   4.200047    34.4530       3179    13.2417  0.000e+00
     74.518    14.6862   4.204732    34.4539       3180    13.2458  0.000e+00
     74.461    14.7300   4.207922    34.4443       3181    13.2500  0.000e+00
     74.410    14.7663   4.209589    34.4275       3182    13.2542  0.000e+00
     74.352    14.7929   4.211814    34.4243       3183    13.2583  0.000e+00
     74.298    14.8151   4.215483    34.4382       3184    13.2625  0.000e+00
     74.247    14.8407   4.219405    34.4513       3185    13.2667  0.000e+00
     74.189    14.8704   4.223513    34.4626       3186    13.2708  0.000e+00
     74.135    14.9041   4.228898    34.4820       3187    13.2750  0.000e+00
     74.090    14.9441   4.234189    34.4948       3188    13.2792  0.000e+00
     74.035    14.9885   4.239074    34.5001       3189    13.2833  0.000e+00
     73.987    15.0328   4.240937    34.4779       3190    13.2875  0.000e+00
     73.936    15.0654   4.242404    34.4625       3191    13.2917  0.000e+00
     73.881    15.0890   4.246241    34.4765       3192    13.2958  0.000e+00
     73.827    15.1143   4.249062    34.4798       3193    13.3000  0.000e+00
     73.773    15.1395   4.250428    34.4701       3194    13.3042  0.000e+00
     73.725    15.1592   4.252272    34.4694       3195    13.3083  0.000e+00
     73.664    15.1765   4.253311    34.4636       3196    13.3125  0.000e+00
     73.610    15.1903   4.254575    34.4630       3197    13.3167  0.000e+00
     73.546    15.2019   4.256653    34.4717       3198    13.3208  0.000e+00
     73.495    15.2163   4.261166    34.4998       3199    13.3250  0.000e+00
     73.429    15.2421   4.268582    34.5443       3200    13.3292  0.000e+00
     73.365    15.2878   4.275730    34.5687       3201    13.3333  0.000e+00
     73.299    15.3442   4.280915    34.5659       3202    13.3375  0.000e+00
     73.241    15.3991   4.285883    34.5625       3203    13.3417  0.000e+00
     73.181    15.4489   4.289736    34.5534       3204    13.3458  0.000e+00
     73.121    15.4917   4.291807    34.5345       3205    13.3500  0.000e+00
     73.057    15.5240   4.292657    34.5138       3206    13.3542  0.000e+00
     73.000    15.5445   4.293055    34.4995       3207    13.3583  0.000e+00
     72.949    15.5566   4.293453    34.4924       3208    13.3625  0.000e+00
     72.888    15.5640   4.293679    34.4880       3209    13.3667  0.000e+00
     72.840    15.5684   4.293830    34.4855       3210    13.3708  0.000e+00
     72.795    15.5713   4.293885    34.4834       3211    13.3750  0.000e+00
     72.743    15.5729   4.293898    34.4822       3212    13.3792  0.000e+00
     72.692    15.5740   4.293734    34.4798       3213    13.3833  0.000e+00
     72.653    15.5747   4.293754    34.4794       3214    13.3875  0.000e+00
     72.610    15.5761   4.294159    34.4818       3215    13.3917  0.000e+00
     72.568    15.5785   4.294502    34.4828       3216    13.3958  0.000e+00
     72.541    15.5835   4.294509    34.4785       3217    13.4000  0.000e+00
     72.502    15.5888   4.294509    34.4739       3218    13.4042  0.000e+00
     72.457    15.5925   4.294358    34.4693       3219    13.4083  0.000e+00
     72.426    15.5947   4.293905    34.4633       3220    13.4125  0.000e+00
     72.381    15.5957   4.293589    34.4597       3221    13.4167  0.000e+00
     72.333    15.5959   4.293205    34.4560       3222    13.4208  0.000e+00
     72.284    15.5947   4.291805    34.4445       3223    13.4250  0.000e+00
     72.239    15.5915   4.291305    34.4429       3224    13.4292  0.000e+00
     72.182    15.5866   4.285311    34.3934       3225    13.4333  0.000e+00
     72.121    15.5696   4.282885    34.3864       3226    13.4375  0.000e+00
     72.061    15.5496   4.281460    34.3912       3227    13.4417  0.000e+00
     72.007    15.5349   4.280028    34.3911       3228    13.4458  0.000e+00
     71.955    15.5215   4.277075    34.3763       3229    13.4500  0.000e+00
     71.898    15.5063   4.269755    34.3238       3230    13.4542  0.000e+00
     71.835    15.4781   4.265629    34.3113       3231    13.4583  0.000e+00
     71.777    15.4480   4.262099    34.3058       3232    13.4625  0.000e+00
     71.720    15.4205   4.251380    34.2333       3233    13.4667  0.000e+00
     71.663    15.3834   4.250191    34.2550       3234    13.4708  0.000e+00
     71.608    15.3565   4.249748    34.2745       3235    13.4750  0.000e+00
     71.551    15.3408   4.249502    34.2860       3236    13.4792  0.000e+00
     71.493    15.3326   4.249058    34.2892       3237    13.4833  0.000e+00
     71.442    15.3270   4.246722    34.2730       3238    13.4875  0.000e+00
     71.385    15.3190   4.243519    34.2511       3239    13.4917  0.000e+00
     71.330    15.3065   4.241348    34.2424       3240    13.4958  0.000e+00
     71.273    15.2934   4.241164    34.2523       3241    13.5000  0.000e+00
     71.219    15.2847   4.238441    34.2353       3242    13.5042  0.000e+00
     71.161    15.2741   4.236544    34.2274       3243    13.5083  0.000e+00
     71.116    15.2611   4.233495    34.2112       3244    13.5125  0.000e+00
     71.062    15.2457   4.232881    34.2192       3245    13.5167  0.000e+00
     70.998    15.2348   4.232827    34.2282       3246    13.5208  0.000e+00
     70.947    15.2292   4.232806    34.2329       3247    13.5250  0.000e+00
     70.899    15.2266   4.232363    34.2312       3248    13.5292  0.000e+00
     70.859    15.2253   4.232131    34.2303       3249    13.5333  0.000e+00
     70.802    15.2246   4.232117    34.2308       3250    13.5375  0.000e+00
     70.757    15.2246   4.231770    34.2277       3251    13.5417  0.000e+00
     70.709    15.2246   4.231845    34.2284       3252    13.5458  0.000e+00
     70.660    15.2250   4.231231    34.2225       3253    13.5500  0.000e+00
     70.609    15.2239   4.230508    34.2170       3254    13.5542  0.000e+00
     70.558    15.2211   4.229656    34.2116       3255    13.5583  0.000e+00
     70.500    15.2175   4.229171    34.2105       3256    13.5625  0.000e+00
     70.446    15.2139   4.229192    34.2138       3257    13.5667  0.000e+00
     70.386    15.2121   4.230024    34.2229       3258    13.5708  0.000e+00
     70.322    15.2150   4.231231    34.2314       3259    13.5750  0.000e+00
     70.262    15.2226   4.232042    34.2321       3260    13.5792  0.000e+00
     70.201    15.2311   4.232137    34.2255       3261    13.5833  0.000e+00
     70.132    15.2377   4.232437    34.2225       3262    13.5875  0.000e+00
     70.065    15.2425   4.232315    34.2172       3263    13.5917  0.000e+00
     70.011    15.2459   4.232567    34.2166       3264    13.5958  0.000e+00
     69.954    15.2498   4.233713    34.2235       3265    13.6000  0.000e+00
     69.902    15.2570   4.234429    34.2237       3266    13.6042  0.000e+00
     69.848    15.2650   4.235357    34.2252       3267    13.6083  0.000e+00
     69.797    15.2739   4.237287    34.2349       3268    13.6125  0.000e+00
     69.742    15.2867   4.239696    34.2454       3269    13.6167  0.000e+00
     69.697    15.3042   4.241573    34.2471       3270    13.6208  0.000e+00
     69.649    15.3223   4.242883    34.2432       3271    13.6250  0.000e+00
     69.607    15.3380   4.244460    34.2438       3272    13.6292  0.000e+00
     69.558    15.3527   4.245894    34.2438       3273    13.6333  0.000e+00
     69.507    15.3669   4.247547    34.2464       3274    13.6375  0.000e+00
     69.459    15.3812   4.248920    34.2463       3275    13.6417  0.000e+00
     69.416    15.3955   4.249965    34.2433       3276    13.6458  0.000e+00
     69.362    15.4079   4.250559    34.2379       3277    13.6500  0.000e+00
     69.308    15.4174   4.251201    34.2354       3278    13.6542  0.000e+00
     69.262    15.4256   4.251331    34.2294       3279    13.6583  0.000e+00
     69.202    15.4315   4.251331    34.2243       3280    13.6625  0.000e+00
     69.157    15.4356   4.251173    34.2193       3281    13.6667  0.000e+00
     69.090    15.4376   4.250634    34.2127       3282    13.6708  0.000e+00
     69.027    15.4380   4.249868    34.2055       3283    13.6750  0.000e+00
     68.954    15.4374   4.250449    34.2113       3284    13.6792  0.000e+00
     68.897    15.4402   4.254987    34.2497       3285    13.6833  0.000e+00
     68.834    15.4591   4.260142    34.2797       3286    13.6875  0.000e+00
     68.770    15.4915   4.263739    34.2839       3287    13.6917  0.000e+00
     68.698    15.5251   4.266770    34.2818       3288    13.6958  0.000e+00
     68.634    15.5538   4.267467    34.2631       3289    13.7000  0.000e+00
     68.571    15.5733   4.268959    34.2596       3290    13.7042  0.000e+00
     68.520    15.5886   4.270841    34.2632       3291    13.7083  0.000e+00
     68.465    15.6023   4.270499    34.2482       3292    13.7125  0.000e+00
