HB2302/sbe091.cnv
* Sea-Bird SBE 19plus V2 Data File:
* FileName = C:\cruise\data\sbe091.hex
* Software Version Seasave V 7.26.7.121
* Temperature SN = 4758
* Conductivity SN = 4758
* System UpLoad Time = Jun 17 2023 03:22:39
* NMEA Latitude = 41 30.39 N
* NMEA Longitude = 067 35.93 W
* NMEA UTC (Time) = Jun 17 2023 03:22:39
** Cruise: HB2302
** Program: Ecomon
** Chief Scientist: Jerry Prezioso
# nquan = 7
# nvalues = 1527                                  
# units = specified
# name 0 = depSM: Depth [salt water, m]
# name 1 = tv290C: Temperature [ITS-90, deg C]
# name 2 = c0S/m: Conductivity [S/m]
# name 3 = sal00: Salinity, Practical [PSU]
# name 4 = scan: Scan Count
# name 5 = timeM: Time, Elapsed [minutes]
# name 6 = flag:  0.000e+00
# span 0 =     -0.168,     33.734                 
# span 1 =    12.4533,    13.6331                 
# span 2 =   0.000217,   3.859119                 
# span 3 =     0.0075,    32.8124                 
# span 4 =         11,       1537                 
# span 5 =     0.0417,     6.4000                 
# span 6 = 0.0000e+00, 0.0000e+00                 
# interval = seconds: 0.25
# start_time = Jun 17 2023 03:22:39 [NMEA time, header]
# bad_flag = -9.990e-29
*END*
[from data line 821]
     18.069    12.4794   3.809350    32.7166        832     3.4625  0.000e+00
     18.075    12.4801   3.809245    32.7149        833     3.4667  0.000e+00
     18.081    12.4804   3.809212    32.7143        834     3.4708  0.000e+00
     18.084    12.4802   3.809212    32.7145        835     3.4750  0.000e+00
     18.087    12.4801   3.809389    32.7163        836     3.4792  0.000e+00
     18.081    12.4808   3.809983    32.7213        837     3.4833  0.000e+00
     18.066    12.4837   3.809964    32.7187        838     3.4875  0.000e+00
     18.042    12.4858   3.810081    32.7179        839     3.4917  0.000e+00
     18.015    12.4876   3.810147    32.7170        840     3.4958  0.000e+00
     17.987    12.4890   3.810238    32.7167        841     3.5000  0.000e+00
     17.954    12.4898   3.810212    32.7157        842     3.5042  0.000e+00
     17.900    12.4905   3.810244    32.7155        843     3.5083  0.000e+00
     17.843    12.4908   3.810532    32.7180        844     3.5125  0.000e+00
     17.797    12.4924   3.810584    32.7171        845     3.5167  0.000e+00
     17.749    12.4937   3.810597    32.7161        846     3.5208  0.000e+00
     17.692    12.4944   3.810689    32.7164        847     3.5250  0.000e+00
     17.634    12.4948   3.810558    32.7149        848     3.5292  0.000e+00
     17.583    12.4949   3.810395    32.7132        849     3.5333  0.000e+00
     17.535    12.4940   3.810303    32.7131        850     3.5375  0.000e+00
     17.496    12.4931   3.810244    32.7134        851     3.5417  0.000e+00
     17.462    12.4924   3.810192    32.7135        852     3.5458  0.000e+00
     17.432    12.4915   3.810074    32.7132        853     3.5500  0.000e+00
     17.420    12.4904   3.809983    32.7133        854     3.5542  0.000e+00
     17.414    12.4895   3.810009    32.7143        855     3.5583  0.000e+00
     17.432    12.4889   3.809983    32.7146        856     3.5625  0.000e+00
     17.441    12.4886   3.809937    32.7144        857     3.5667  0.000e+00
     17.463    12.4883   3.809872    32.7140        858     3.5708  0.000e+00
     17.484    12.4877   3.809375    32.7098        859     3.5750  0.000e+00
     17.505    12.4852   3.809630    32.7144        860     3.5792  0.000e+00
     17.517    12.4845   3.809669    32.7153        861     3.5833  0.000e+00
     17.523    12.4845   3.808650    32.7056        862     3.5875  0.000e+00
     17.520    12.4803   3.808350    32.7064        863     3.5917  0.000e+00
     17.517    12.4758   3.808533    32.7121        864     3.5958  0.000e+00
     17.487    12.4737   3.808624    32.7148        865     3.6000  0.000e+00
     17.451    12.4732   3.808552    32.7146        866     3.6042  0.000e+00
     17.399    12.4730   3.808670    32.7158        867     3.6083  0.000e+00
     17.339    12.4735   3.808748    32.7162        868     3.6125  0.000e+00
     17.269    12.4739   3.808552    32.7140        869     3.6167  0.000e+00
     17.188    12.4735   3.808533    32.7142        870     3.6208  0.000e+00
     17.103    12.4734   3.809219    32.7209        871     3.6250  0.000e+00
     17.025    12.4759   3.808644    32.7133        872     3.6292  0.000e+00
     16.928    12.4756   3.808689    32.7140        873     3.6333  0.000e+00
     16.859    12.4752   3.808650    32.7140        874     3.6375  0.000e+00
     16.784    12.4745   3.808395    32.7122        875     3.6417  0.000e+00
     16.723    12.4733   3.808467    32.7139        876     3.6458  0.000e+00
     16.672    12.4727   3.808461    32.7144        877     3.6500  0.000e+00
     16.639    12.4723   3.808467    32.7148        878     3.6542  0.000e+00
     16.618    12.4724   3.808513    32.7152        879     3.6583  0.000e+00
     16.615    12.4725   3.808650    32.7164        880     3.6625  0.000e+00
     16.624    12.4735   3.808807    32.7170        881     3.6667  0.000e+00
     16.636    12.4744   3.808735    32.7156        882     3.6708  0.000e+00
     16.672    12.4748   3.808317    32.7112        883     3.6750  0.000e+00
     16.708    12.4732   3.808121    32.7108        884     3.6792  0.000e+00
     16.745    12.4710   3.808219    32.7135        885     3.6833  0.000e+00
     16.781    12.4704   3.808304    32.7149        886     3.6875  0.000e+00
     16.823    12.4704   3.808350    32.7153        887     3.6917  0.000e+00
     16.856    12.4706   3.808533    32.7169        888     3.6958  0.000e+00
     16.883    12.4715   3.808598    32.7167        889     3.7000  0.000e+00
     16.887    12.4723   3.808578    32.7158        890     3.7042  0.000e+00
     16.890    12.4729   3.808650    32.7160        891     3.7083  0.000e+00
     16.865    12.4735   3.808644    32.7154        892     3.7125  0.000e+00
     16.826    12.4739   3.808532    32.7140        893     3.7167  0.000e+00
     16.772    12.4736   3.808604    32.7150        894     3.7208  0.000e+00
     16.721    12.4735   3.808689    32.7159        895     3.7250  0.000e+00
     16.651    12.4741   3.808807    32.7165        896     3.7292  0.000e+00
     16.588    12.4747   3.808768    32.7156        897     3.7333  0.000e+00
     16.515    12.4755   3.808898    32.7162        898     3.7375  0.000e+00
     16.440    12.4760   3.809120    32.7179        899     3.7417  0.000e+00
     16.367    12.4775   3.809153    32.7170        900     3.7458  0.000e+00
     16.304    12.4788   3.809192    32.7163        901     3.7500  0.000e+00
     16.250    12.4796   3.809146    32.7151        902     3.7542  0.000e+00
     16.198    12.4798   3.809101    32.7146        903     3.7583  0.000e+00
     16.156    12.4797   3.809212    32.7157        904     3.7625  0.000e+00
     16.114    12.4801   3.809238    32.7157        905     3.7667  0.000e+00
     16.084    12.4805   3.809388    32.7168        906     3.7708  0.000e+00
     16.053    12.4813   3.809146    32.7138        907     3.7750  0.000e+00
     16.032    12.4809   3.809146    32.7141        908     3.7792  0.000e+00
     16.026    12.4806   3.809172    32.7147        909     3.7833  0.000e+00
     16.011    12.4805   3.809329    32.7162        910     3.7875  0.000e+00
     15.996    12.4808   3.809434    32.7169        911     3.7917  0.000e+00
     16.005    12.4819   3.809551    32.7171        912     3.7958  0.000e+00
     16.002    12.4831   3.809551    32.7161        913     3.8000  0.000e+00
     16.014    12.4836   3.809434    32.7145        914     3.8042  0.000e+00
     16.020    12.4835   3.808989    32.7103        915     3.8083  0.000e+00
     16.026    12.4813   3.808989    32.7122        916     3.8125  0.000e+00
     16.048    12.4796   3.809199    32.7157        917     3.8167  0.000e+00
     16.060    12.4800   3.809349    32.7168        918     3.8208  0.000e+00
     16.063    12.4808   3.809257    32.7152        919     3.8250  0.000e+00
     16.060    12.4813   3.809460    32.7167        920     3.8292  0.000e+00
     16.057    12.4823   3.809440    32.7157        921     3.8333  0.000e+00
     16.054    12.4828   3.809329    32.7142        922     3.8375  0.000e+00
     16.030    12.4824   3.809127    32.7126        923     3.8417  0.000e+00
     16.005    12.4813   3.809146    32.7138        924     3.8458  0.000e+00
     15.963    12.4804   3.809074    32.7139        925     3.8500  0.000e+00
     15.924    12.4798   3.809029    32.7140        926     3.8542  0.000e+00
     15.888    12.4793   3.809100    32.7151        927     3.8583  0.000e+00
     15.824    12.4793   3.809257    32.7167        928     3.8625  0.000e+00
     15.767    12.4801   3.809362    32.7170        929     3.8667  0.000e+00
     15.695    12.4814   3.809375    32.7160        930     3.8708  0.000e+00
     15.634    12.4819   3.809375    32.7156        931     3.8750  0.000e+00
     15.571    12.4822   3.809126    32.7130        932     3.8792  0.000e+00
     15.505    12.4818   3.809100    32.7131        933     3.8833  0.000e+00
     15.447    12.4807   3.808917    32.7123        934     3.8875  0.000e+00
     15.393    12.4794   3.808983    32.7142        935     3.8917  0.000e+00
     15.344    12.4786   3.808872    32.7137        936     3.8958  0.000e+00
     15.314    12.4781   3.808957    32.7150        937     3.9000  0.000e+00
     15.290    12.4780   3.808917    32.7147        938     3.9042  0.000e+00
     15.263    12.4781   3.808780    32.7134        939     3.9083  0.000e+00
     15.260    12.4772   3.808676    32.7131        940     3.9125  0.000e+00
     15.260    12.4763   3.808669    32.7139        941     3.9167  0.000e+00
     15.260    12.4758   3.808623    32.7139        942     3.9208  0.000e+00
     15.266    12.4753   3.808767    32.7157        943     3.9250  0.000e+00
     15.281    12.4756   3.808761    32.7154        944     3.9292  0.000e+00
     15.299    12.4759   3.808852    32.7159        945     3.9333  0.000e+00
     15.311    12.4764   3.808885    32.7158        946     3.9375  0.000e+00
     15.332    12.4768   3.809028    32.7168        947     3.9417  0.000e+00
     15.342    12.4778   3.808943    32.7152        948     3.9458  0.000e+00
     15.348    12.4779   3.808983    32.7154        949     3.9500  0.000e+00
     15.344    12.4781   3.808943    32.7149        950     3.9542  0.000e+00
     15.344    12.4782   3.808826    32.7137        951     3.9583  0.000e+00
     15.344    12.4776   3.808767    32.7136        952     3.9625  0.000e+00
     15.332    12.4769   3.809257    32.7189        953     3.9667  0.000e+00
     15.320    12.4786   3.809466    32.7195        954     3.9708  0.000e+00
     15.326    12.4811   3.809675    32.7193        955     3.9750  0.000e+00
     15.323    12.4835   3.809688    32.7173        956     3.9792  0.000e+00
     15.308    12.4850   3.809897    32.7180        957     3.9833  0.000e+00
     15.290    12.4867   3.809936    32.7169        958     3.9875  0.000e+00
     15.281    12.4877   3.809688    32.7136        959     3.9917  0.000e+00
     15.254    12.4873   3.809675    32.7139        960     3.9958  0.000e+00
     15.236    12.4867   3.809943    32.7170        961     4.0000  0.000e+00
     15.200    12.4876   3.809982    32.7166        962     4.0042  0.000e+00
     15.161    12.4885   3.809675    32.7129        963     4.0083  0.000e+00
     15.115    12.4878   3.809825    32.7150        964     4.0125  0.000e+00
     15.070    12.4875   3.809851    32.7155        965     4.0167  0.000e+00
     15.010    12.4877   3.810008    32.7169        966     4.0208  0.000e+00
     14.965    12.4886   3.810008    32.7161        967     4.0250  0.000e+00
     14.916    12.4891   3.810028    32.7159        968     4.0292  0.000e+00
     14.883    12.4895   3.810172    32.7169        969     4.0333  0.000e+00
     14.853    12.4904   3.810211    32.7165        970     4.0375  0.000e+00
     14.835    12.4914   3.810302    32.7165        971     4.0417  0.000e+00
     14.832    12.4923   3.810367    32.7164        972     4.0458  0.000e+00
     14.835    12.4930   3.810073    32.7129        973     4.0500  0.000e+00
     14.844    12.4925   3.810054    32.7132        974     4.0542  0.000e+00
     14.862    12.4914   3.809936    32.7130        975     4.0583  0.000e+00
     14.883    12.4905   3.809623    32.7108        976     4.0625  0.000e+00
     14.907    12.4883   3.809577    32.7122        977     4.0667  0.000e+00
     14.929    12.4865   3.809603    32.7140        978     4.0708  0.000e+00
     14.944    12.4858   3.809688    32.7154        979     4.0750  0.000e+00
     14.956    12.4860   3.809688    32.7153        980     4.0792  0.000e+00
     14.959    12.4861   3.809577    32.7141        981     4.0833  0.000e+00
     14.962    12.4858   3.809505    32.7138        982     4.0875  0.000e+00
     14.956    12.4850   3.809486    32.7142        983     4.0917  0.000e+00
     14.935    12.4846   3.809433    32.7141        984     4.0958  0.000e+00
     14.910    12.4842   3.809420    32.7143        985     4.1000  0.000e+00
     14.862    12.4839   3.809642    32.7167        986     4.1042  0.000e+00
     14.829    12.4845   3.809819    32.7179        987     4.1083  0.000e+00
     14.802    12.4859   3.809806    32.7166        988     4.1125  0.000e+00
     14.766    12.4870   3.809910    32.7167        989     4.1167  0.000e+00
     14.732    12.4877   3.810008    32.7169        990     4.1208  0.000e+00
     14.702    12.4887   3.809897    32.7151        991     4.1250  0.000e+00
     14.684    12.4889   3.810034    32.7162        992     4.1292  0.000e+00
     14.657    12.4896   3.809982    32.7151        993     4.1333  0.000e+00
     14.645    12.4897   3.809505    32.7105        994     4.1375  0.000e+00
     14.627    12.4879   3.809603    32.7130        995     4.1417  0.000e+00
     14.602    12.4865   3.809505    32.7132        996     4.1458  0.000e+00
     14.587    12.4855   3.809551    32.7145        997     4.1500  0.000e+00
     14.569    12.4855   3.810106    32.7198        998     4.1542  0.000e+00
     14.536    12.4874   3.809943    32.7167        999     4.1583  0.000e+00
     14.512    12.4887   3.809374    32.7101       1000     4.1625  0.000e+00
     14.485    12.4867   3.809217    32.7103       1001     4.1667  0.000e+00
     14.458    12.4842   3.809237    32.7128       1002     4.1708  0.000e+00
     14.433    12.4828   3.809531    32.7168       1003     4.1750  0.000e+00
     14.406    12.4831   3.809126    32.7126       1004     4.1792  0.000e+00
     14.385    12.4822   3.808852    32.7108       1005     4.1833  0.000e+00
     14.376    12.4800   3.808623    32.7106       1006     4.1875  0.000e+00
     14.382    12.4779   3.808956    32.7156       1007     4.1917  0.000e+00
     14.382    12.4779   3.809074    32.7167       1008     4.1958  0.000e+00
     14.394    12.4790   3.809119    32.7162       1009     4.2000  0.000e+00
     14.409    12.4796   3.808767    32.7122       1010     4.2042  0.000e+00
     14.418    12.4786   3.808669    32.7122       1011     4.2083  0.000e+00
     14.431    12.4772   3.808917    32.7158       1012     4.2125  0.000e+00
     14.437    12.4773   3.809100    32.7175       1013     4.2167  0.000e+00
     14.431    12.4784   3.809237    32.7179       1014     4.2208  0.000e+00
     14.425    12.4799   3.809270    32.7169       1015     4.2250  0.000e+00
     14.416    12.4812   3.809237    32.7154       1016     4.2292  0.000e+00
     14.391    12.4815   3.809054    32.7134       1017     4.2333  0.000e+00
     14.370    12.4808   3.809054    32.7140       1018     4.2375  0.000e+00
     14.328    12.4800   3.808734    32.7117       1019     4.2417  0.000e+00
     14.289    12.4786   3.808643    32.7120       1020     4.2458  0.000e+00
     14.247    12.4770   3.808603    32.7130       1021     4.2500  0.000e+00
     14.201    12.4760   3.808597    32.7139       1022     4.2542  0.000e+00
     14.168    12.4754   3.808669    32.7151       1023     4.2583  0.000e+00
     14.129    12.4754   3.808695    32.7153       1024     4.2625  0.000e+00
     14.105    12.4756   3.808688    32.7151       1025     4.2667  0.000e+00
     14.090    12.4756   3.808734    32.7156       1026     4.2708  0.000e+00
     14.075    12.4760   3.808767    32.7155       1027     4.2750  0.000e+00
     14.062    12.4762   3.808734    32.7150       1028     4.2792  0.000e+00
     14.053    12.4766   3.808780    32.7152       1029     4.2833  0.000e+00
     14.038    12.4766   3.808865    32.7160       1030     4.2875  0.000e+00
     14.029    12.4771   3.808917    32.7160       1031     4.2917  0.000e+00
     14.005    12.4776   3.808897    32.7154       1032     4.2958  0.000e+00
     13.993    12.4780   3.808838    32.7145       1033     4.3000  0.000e+00
     13.969    12.4779   3.808871    32.7150       1034     4.3042  0.000e+00
     13.951    12.4777   3.808806    32.7145       1035     4.3083  0.000e+00
