HB2302/sbe086.cnv
* Sea-Bird SBE 19plus V2 Data File:
* FileName = C:\cruise\data\sbe086.hex
* Software Version Seasave V 7.26.7.121
* Temperature SN = 4758
* Conductivity SN = 4758
* System UpLoad Time = Jun 16 2023 20:14:15
* NMEA Latitude = 41 34.15 N
* NMEA Longitude = 068 36.92 W
* NMEA UTC (Time) = Jun 16 2023 20:14:15
** Cruise: HB2302
** Program: Ecomon
** Chief Scientist: Jerry Prezioso
# nquan = 7
# nvalues = 2393                                  
# units = specified
# name 0 = depSM: Depth [salt water, m]
# name 1 = tv290C: Temperature [ITS-90, deg C]
# name 2 = c0S/m: Conductivity [S/m]
# name 3 = sal00: Salinity, Practical [PSU]
# name 4 = scan: Scan Count
# name 5 = timeM: Time, Elapsed [minutes]
# name 6 = flag:  0.000e+00
# span 0 =      1.809,    130.975                 
# span 1 =     6.7505,    14.8371                 
# span 2 =   3.299559,   3.971761                 
# span 3 =    31.7303,    33.8161                 
# span 4 =         11,       2403                 
# span 5 =     0.0417,    10.0083                 
# span 6 = 0.0000e+00, 0.0000e+00                 
# interval = seconds: 0.25
# start_time = Jun 16 2023 20:14:15 [NMEA time, header]
# bad_flag = -9.990e-29
*END*
[from data line 1436]
     72.975     6.8353   3.332734    32.9729       1447     6.0250  0.000e+00
     72.918     6.8353   3.332716    32.9728       1448     6.0292  0.000e+00
     72.864     6.8355   3.332691    32.9724       1449     6.0333  0.000e+00
     72.813     6.8360   3.332635    32.9712       1450     6.0375  0.000e+00
     72.767     6.8361   3.332542    32.9702       1451     6.0417  0.000e+00
     72.725     6.8361   3.332350    32.9681       1452     6.0458  0.000e+00
     72.692     6.8357   3.332220    32.9670       1453     6.0500  0.000e+00
     72.659     6.8353   3.332065    32.9658       1454     6.0542  0.000e+00
     72.635     6.8345   3.332028    32.9662       1455     6.0583  0.000e+00
     72.599     6.8339   3.331879    32.9651       1456     6.0625  0.000e+00
     72.577     6.8332   3.331792    32.9648       1457     6.0667  0.000e+00
     72.550     6.8325   3.331755    32.9650       1458     6.0708  0.000e+00
     72.508     6.8322   3.331706    32.9649       1459     6.0750  0.000e+00
     72.469     6.8319   3.331675    32.9648       1460     6.0792  0.000e+00
     72.409     6.8316   3.331600    32.9643       1461     6.0833  0.000e+00
     72.336     6.8313   3.331514    32.9637       1462     6.0875  0.000e+00
     72.249     6.8310   3.331278    32.9614       1463     6.0917  0.000e+00
     72.140     6.8303   3.331024    32.9593       1464     6.0958  0.000e+00
     72.023     6.8293   3.330720    32.9570       1465     6.1000  0.000e+00
     71.902     6.8281   3.330572    32.9566       1466     6.1042  0.000e+00
     71.755     6.8281   3.330373    32.9545       1467     6.1083  0.000e+00
     71.604     6.8291   3.330169    32.9514       1468     6.1125  0.000e+00
     71.450     6.8296   3.330095    32.9502       1469     6.1167  0.000e+00
     71.290     6.8303   3.329921    32.9476       1470     6.1208  0.000e+00
     71.140     6.8311   3.329797    32.9456       1471     6.1250  0.000e+00
     71.004     6.8316   3.329679    32.9439       1472     6.1292  0.000e+00
     70.865     6.8320   3.329648    32.9433       1473     6.1333  0.000e+00
     70.745     6.8325   3.329655    32.9429       1474     6.1375  0.000e+00
     70.648     6.8333   3.329580    32.9413       1475     6.1417  0.000e+00
     70.567     6.8339   3.329456    32.9395       1476     6.1458  0.000e+00
     70.507     6.8344   3.329413    32.9385       1477     6.1500  0.000e+00
     70.470     6.8348   3.329369    32.9377       1478     6.1542  0.000e+00
     70.449     6.8353   3.329326    32.9368       1479     6.1583  0.000e+00
     70.449     6.8357   3.329314    32.9363       1480     6.1625  0.000e+00
     70.458     6.8361   3.329326    32.9360       1481     6.1667  0.000e+00
     70.488     6.8363   3.329289    32.9354       1482     6.1708  0.000e+00
     70.510     6.8364   3.329345    32.9359       1483     6.1750  0.000e+00
     70.546     6.8363   3.329369    32.9363       1484     6.1792  0.000e+00
     70.567     6.8360   3.329388    32.9367       1485     6.1833  0.000e+00
     70.582     6.8358   3.329456    32.9376       1486     6.1875  0.000e+00
     70.585     6.8355   3.329493    32.9383       1487     6.1917  0.000e+00
     70.564     6.8355   3.329493    32.9384       1488     6.1958  0.000e+00
     70.525     6.8355   3.329431    32.9377       1489     6.2000  0.000e+00
     70.470     6.8356   3.329394    32.9372       1490     6.2042  0.000e+00
     70.386     6.8357   3.329326    32.9364       1491     6.2083  0.000e+00
     70.287     6.8361   3.329289    32.9357       1492     6.2125  0.000e+00
     70.163     6.8376   3.328936    32.9304       1493     6.2167  0.000e+00
     70.018     6.8396   3.328781    32.9269       1494     6.2208  0.000e+00
     69.862     6.8414   3.328700    32.9243       1495     6.2250  0.000e+00
     69.696     6.8429   3.328595    32.9218       1496     6.2292  0.000e+00
     69.527     6.8441   3.328551    32.9202       1497     6.2333  0.000e+00
     69.361     6.8449   3.328514    32.9192       1498     6.2375  0.000e+00
     69.201     6.8453   3.328551    32.9193       1499     6.2417  0.000e+00
     69.044     6.8456   3.328514    32.9187       1500     6.2458  0.000e+00
     68.897     6.8455   3.328508    32.9187       1501     6.2500  0.000e+00
     68.767     6.8456   3.328495    32.9186       1502     6.2542  0.000e+00
     68.662     6.8456   3.328489    32.9186       1503     6.2583  0.000e+00
     68.565     6.8456   3.328477    32.9184       1504     6.2625  0.000e+00
     68.481     6.8456   3.328464    32.9184       1505     6.2667  0.000e+00
     68.424     6.8456   3.328452    32.9182       1506     6.2708  0.000e+00
     68.384     6.8457   3.328446    32.9181       1507     6.2750  0.000e+00
     68.351     6.8456   3.328433    32.9181       1508     6.2792  0.000e+00
     68.342     6.8460   3.328446    32.9179       1509     6.2833  0.000e+00
     68.327     6.8459   3.328477    32.9183       1510     6.2875  0.000e+00
     68.324     6.8459   3.328464    32.9181       1511     6.2917  0.000e+00
     68.312     6.8459   3.328477    32.9183       1512     6.2958  0.000e+00
     68.312     6.8457   3.328446    32.9181       1513     6.3000  0.000e+00
     68.294     6.8460   3.328452    32.9179       1514     6.3042  0.000e+00
     68.273     6.8459   3.328464    32.9182       1515     6.3083  0.000e+00
     68.258     6.8459   3.328452    32.9181       1516     6.3125  0.000e+00
     68.231     6.8457   3.328446    32.9182       1517     6.3167  0.000e+00
     68.185     6.8459   3.328433    32.9179       1518     6.3208  0.000e+00
     68.137     6.8460   3.328464    32.9182       1519     6.3250  0.000e+00
     68.083     6.8459   3.328433    32.9180       1520     6.3292  0.000e+00
     68.017     6.8460   3.328421    32.9178       1521     6.3333  0.000e+00
     67.953     6.8459   3.328415    32.9178       1522     6.3375  0.000e+00
     67.878     6.8459   3.328396    32.9176       1523     6.3417  0.000e+00
     67.794     6.8459   3.328316    32.9168       1524     6.3458  0.000e+00
     67.706     6.8458   3.328316    32.9169       1525     6.3500  0.000e+00
     67.610     6.8456   3.328272    32.9167       1526     6.3542  0.000e+00
     67.507     6.8455   3.328272    32.9168       1527     6.3583  0.000e+00
     67.387     6.8453   3.328254    32.9169       1528     6.3625  0.000e+00
     67.257     6.8453   3.328272    32.9171       1529     6.3667  0.000e+00
     67.130     6.8454   3.328210    32.9164       1530     6.3708  0.000e+00
     66.986     6.8454   3.328099    32.9152       1531     6.3750  0.000e+00
     66.829     6.8455   3.328129    32.9156       1532     6.3792  0.000e+00
     66.687     6.8454   3.327975    32.9140       1533     6.3833  0.000e+00
     66.542     6.8452   3.327826    32.9127       1534     6.3875  0.000e+00
     66.398     6.8449   3.327801    32.9128       1535     6.3917  0.000e+00
     66.271     6.8446   3.327640    32.9114       1536     6.3958  0.000e+00
     66.157     6.8441   3.327566    32.9111       1537     6.4000  0.000e+00
     66.057     6.8438   3.327498    32.9107       1538     6.4042  0.000e+00
     65.976     6.8435   3.327436    32.9103       1539     6.4083  0.000e+00
     65.900     6.8432   3.327374    32.9100       1540     6.4125  0.000e+00
     65.852     6.8429   3.327392    32.9105       1541     6.4167  0.000e+00
     65.813     6.8426   3.327355    32.9103       1542     6.4208  0.000e+00
     65.783     6.8426   3.327287    32.9097       1543     6.4250  0.000e+00
     65.768     6.8425   3.327250    32.9094       1544     6.4292  0.000e+00
     65.756     6.8421   3.327305    32.9103       1545     6.4333  0.000e+00
     65.738     6.8421   3.327169    32.9088       1546     6.4375  0.000e+00
     65.738     6.8419   3.327114    32.9084       1547     6.4417  0.000e+00
     65.729     6.8416   3.327008    32.9076       1548     6.4458  0.000e+00
     65.723     6.8411   3.327033    32.9083       1549     6.4500  0.000e+00
     65.704     6.8409   3.327107    32.9094       1550     6.4542  0.000e+00
     65.689     6.8410   3.327157    32.9098       1551     6.4583  0.000e+00
     65.659     6.8411   3.327194    32.9101       1552     6.4625  0.000e+00
     65.614     6.8413   3.327157    32.9095       1553     6.4667  0.000e+00
     65.566     6.8413   3.327194    32.9099       1554     6.4708  0.000e+00
     65.496     6.8414   3.327052    32.9083       1555     6.4750  0.000e+00
     65.415     6.8410   3.326538    32.9032       1556     6.4792  0.000e+00
     65.322     6.8399   3.326711    32.9061       1557     6.4833  0.000e+00
     65.210     6.8393   3.326519    32.9047       1558     6.4875  0.000e+00
     65.087     6.8386   3.326240    32.9023       1559     6.4917  0.000e+00
     64.954     6.8377   3.326110    32.9018       1560     6.4958  0.000e+00
     64.818     6.8370   3.325937    32.9006       1561     6.5000  0.000e+00
     64.686     6.8365   3.325869    32.9005       1562     6.5042  0.000e+00
     64.535     6.8360   3.325831    32.9006       1563     6.5083  0.000e+00
     64.390     6.8359   3.325887    32.9014       1564     6.5125  0.000e+00
     64.261     6.8360   3.325788    32.9003       1565     6.5167  0.000e+00
     64.131     6.8358   3.325769    32.9003       1566     6.5208  0.000e+00
     64.022     6.8356   3.325683    32.8996       1567     6.5250  0.000e+00
     63.917     6.8355   3.325584    32.8987       1568     6.5292  0.000e+00
     63.823     6.8351   3.325528    32.8985       1569     6.5333  0.000e+00
     63.736     6.8350   3.325441    32.8977       1570     6.5375  0.000e+00
     63.658     6.8348   3.325379    32.8972       1571     6.5417  0.000e+00
     63.585     6.8346   3.325342    32.8970       1572     6.5458  0.000e+00
     63.519     6.8346   3.325274    32.8963       1573     6.5500  0.000e+00
     63.462     6.8345   3.325255    32.8963       1574     6.5542  0.000e+00
     63.416     6.8344   3.325212    32.8959       1575     6.5583  0.000e+00
     63.368     6.8345   3.325218    32.8959       1576     6.5625  0.000e+00
     63.323     6.8344   3.325039    32.8940       1577     6.5667  0.000e+00
     63.284     6.8343   3.324871    32.8923       1578     6.5708  0.000e+00
     63.236     6.8339   3.324847    32.8924       1579     6.5750  0.000e+00
     63.199     6.8336   3.324853    32.8928       1580     6.5792  0.000e+00
     63.151     6.8335   3.324847    32.8929       1581     6.5833  0.000e+00
     63.103     6.8334   3.324828    32.8927       1582     6.5875  0.000e+00
     63.052     6.8333   3.324822    32.8929       1583     6.5917  0.000e+00
     62.994     6.8333   3.324828    32.8929       1584     6.5958  0.000e+00
     62.937     6.8334   3.324803    32.8926       1585     6.6000  0.000e+00
     62.874     6.8333   3.324791    32.8926       1586     6.6042  0.000e+00
     62.823     6.8331   3.324717    32.8920       1587     6.6083  0.000e+00
     62.774     6.8331   3.324747    32.8924       1588     6.6125  0.000e+00
     62.714     6.8331   3.324735    32.8922       1589     6.6167  0.000e+00
     62.663     6.8330   3.324729    32.8923       1590     6.6208  0.000e+00
     62.615     6.8330   3.324673    32.8917       1591     6.6250  0.000e+00
     62.566     6.8330   3.324487    32.8897       1592     6.6292  0.000e+00
     62.503     6.8325   3.324246    32.8875       1593     6.6333  0.000e+00
     62.443     6.8317   3.324097    32.8867       1594     6.6375  0.000e+00
     62.364     6.8306   3.324029    32.8871       1595     6.6417  0.000e+00
     62.280     6.8299   3.323856    32.8859       1596     6.6458  0.000e+00
     62.184     6.8291   3.323627    32.8842       1597     6.6500  0.000e+00
     62.066     6.8279   3.323509    32.8841       1598     6.6542  0.000e+00
     61.945     6.8267   3.323472    32.8849       1599     6.6583  0.000e+00
     61.816     6.8260   3.323063    32.8811       1600     6.6625  0.000e+00
     61.665     6.8244   3.322661    32.8783       1601     6.6667  0.000e+00
     61.517     6.8217   3.322531    32.8795       1602     6.6708  0.000e+00
     61.363     6.8197   3.322673    32.8831       1603     6.6750  0.000e+00
     61.201     6.8191   3.322426    32.8810       1604     6.6792  0.000e+00
     61.050     6.8179   3.322271    32.8805       1605     6.6833  0.000e+00
     60.899     6.8168   3.322407    32.8832       1606     6.6875  0.000e+00
     60.764     6.8166   3.322760    32.8874       1607     6.6917  0.000e+00
     60.634     6.8176   3.322809    32.8870       1608     6.6958  0.000e+00
     60.522     6.8183   3.321596    32.8730       1609     6.7000  0.000e+00
     60.429     6.8155   3.321336    32.8729       1610     6.7042  0.000e+00
     60.357     6.8122   3.321089    32.8734       1611     6.7083  0.000e+00
     60.299     6.8092   3.320866    32.8738       1612     6.7125  0.000e+00
     60.263     6.8068   3.320501    32.8722       1613     6.7167  0.000e+00
     60.245     6.8043   3.320223    32.8715       1614     6.7208  0.000e+00
     60.230     6.8021   3.320421    32.8758       1615     6.7250  0.000e+00
     60.230     6.8010   3.320371    32.8762       1616     6.7292  0.000e+00
     60.233     6.8007   3.320297    32.8758       1617     6.7333  0.000e+00
     60.245     6.8004   3.320544    32.8788       1618     6.7375  0.000e+00
     60.260     6.8008   3.320501    32.8779       1619     6.7417  0.000e+00
     60.263     6.8010   3.320501    32.8777       1620     6.7458  0.000e+00
     60.278     6.8010   3.320439    32.8770       1621     6.7500  0.000e+00
     60.272     6.8007   3.320544    32.8784       1622     6.7542  0.000e+00
     60.260     6.8010   3.320643    32.8792       1623     6.7583  0.000e+00
     60.233     6.8016   3.320544    32.8776       1624     6.7625  0.000e+00
     60.191     6.8018   3.320260    32.8744       1625     6.7667  0.000e+00
     60.137     6.8009   3.319882    32.8711       1626     6.7708  0.000e+00
     60.061     6.7991   3.319870    32.8727       1627     6.7750  0.000e+00
     59.965     6.7975   3.319629    32.8716       1628     6.7792  0.000e+00
     59.859     6.7957   3.319264    32.8693       1629     6.7833  0.000e+00
     59.736     6.7935   3.319177    32.8706       1630     6.7875  0.000e+00
     59.594     6.7917   3.319350    32.8743       1631     6.7917  0.000e+00
     59.440     6.7913   3.318899    32.8698       1632     6.7958  0.000e+00
     59.278     6.7901   3.318855    32.8705       1633     6.8000  0.000e+00
     59.118     6.7889   3.318775    32.8708       1634     6.8042  0.000e+00
     58.961     6.7879   3.318645    32.8705       1635     6.8083  0.000e+00
     58.798     6.7873   3.318552    32.8702       1636     6.8125  0.000e+00
     58.650     6.7864   3.318428    32.8697       1637     6.8167  0.000e+00
     58.503     6.7856   3.318372    32.8699       1638     6.8208  0.000e+00
     58.364     6.7851   3.318471    32.8716       1639     6.8250  0.000e+00
     58.243     6.7847   3.318471    32.8720       1640     6.8292  0.000e+00
     58.135     6.7848   3.318471    32.8719       1641     6.8333  0.000e+00
     58.038     6.7847   3.318409    32.8714       1642     6.8375  0.000e+00
     57.945     6.7845   3.318385    32.8714       1643     6.8417  0.000e+00
     57.870     6.7845   3.318106    32.8683       1644     6.8458  0.000e+00
     57.806     6.7836   3.317599    32.8637       1645     6.8500  0.000e+00
     57.752     6.7812   3.317234    32.8620       1646     6.8542  0.000e+00
     57.695     6.7787   3.316894    32.8607       1647     6.8583  0.000e+00
     57.650     6.7762   3.316869    32.8628       1648     6.8625  0.000e+00
     57.619     6.7744   3.316807    32.8639       1649     6.8667  0.000e+00
     57.577     6.7734   3.316764    32.8644       1650     6.8708  0.000e+00
     57.547     6.7727   3.316745    32.8648       1651     6.8750  0.000e+00
