HB2302/sbe065.cnv
* Sea-Bird SBE 19plus V2 Data File:
* FileName = C:\cruise\data\sbe065.hex
* Software Version Seasave V 7.26.7.121
* Temperature SN = 4758
* Conductivity SN = 4758
* System UpLoad Time = Jun 15 2023 00:55:08
* NMEA Latitude = 41 05.93 N
* NMEA Longitude = 070 37.68 W
* NMEA UTC (Time) = Jun 15 2023 00:55:09
** Cruise: HB2302
** Program: Ecomon
** Chief Scientist: Jerry Prezioso
# nquan = 7
# nvalues = 1325                                  
# units = specified
# name 0 = depSM: Depth [salt water, m]
# name 1 = tv290C: Temperature [ITS-90, deg C]
# name 2 = c0S/m: Conductivity [S/m]
# name 3 = sal00: Salinity, Practical [PSU]
# name 4 = scan: Scan Count
# name 5 = timeM: Time, Elapsed [minutes]
# name 6 = flag:  0.000e+00
# span 0 =     -0.224,     40.931                 
# span 1 =    10.4618,    17.3883                 
# span 2 =   0.000044,   4.093679                 
# span 3 =     0.0088,    32.4020                 
# span 4 =         11,       1335                 
# span 5 =     0.0417,     5.5583                 
# span 6 = 0.0000e+00, 0.0000e+00                 
# interval = seconds: 0.25
# start_time = Jun 15 2023 00:55:09 [NMEA time, header]
# bad_flag = -9.990e-29
*END*
[from data line 1231]
      1.387    16.3715   4.046870    31.6568       1242     5.1708  0.000e+00
      1.441    16.3708   4.047232    31.6605       1243     5.1750  0.000e+00
      1.499    16.3725   4.046749    31.6549       1244     5.1792  0.000e+00
      1.559    16.3719   4.046060    31.6493       1245     5.1833  0.000e+00
      1.607    16.3686   4.046890    31.6592       1246     5.1875  0.000e+00
      1.638    16.3688   4.047145    31.6613       1247     5.1917  0.000e+00
      1.640    16.3714   4.046917    31.6572       1248     5.1958  0.000e+00
      1.601    16.3715   4.046060    31.6496       1249     5.2000  0.000e+00
      1.535    16.3682   4.046529    31.6564       1250     5.2042  0.000e+00
      1.468    16.3671   4.046796    31.6596       1251     5.2083  0.000e+00
      1.423    16.3687   4.047031    31.6604       1252     5.2125  0.000e+00
      1.420    16.3708   4.047091    31.6593       1253     5.2167  0.000e+00
      1.468    16.3726   4.047091    31.6578       1254     5.2208  0.000e+00
      1.550    16.3734   4.046917    31.6556       1255     5.2250  0.000e+00
      1.640    16.3730   4.046308    31.6506       1256     5.2292  0.000e+00
      1.728    16.3701   4.045933    31.6496       1257     5.2333  0.000e+00
      1.809    16.3657   4.045451    31.6489       1258     5.2375  0.000e+00
      1.882    16.3610   4.045283    31.6511       1259     5.2417  0.000e+00
      1.924    16.3573   4.045284    31.6540       1260     5.2458  0.000e+00
      1.939    16.3552   4.045404    31.6568       1261     5.2500  0.000e+00
      1.927    16.3544   4.045190    31.6555       1262     5.2542  0.000e+00
      1.896    16.3537   4.045404    31.6580       1263     5.2583  0.000e+00
      1.872    16.3539   4.045284    31.6567       1264     5.2625  0.000e+00
      1.845    16.3537   4.044601    31.6510       1265     5.2667  0.000e+00
      1.833    16.3508   4.044915    31.6560       1266     5.2708  0.000e+00
      1.827    16.3495   4.045264    31.6601       1267     5.2750  0.000e+00
      1.830    16.3510   4.045451    31.6605       1268     5.2792  0.000e+00
      1.863    16.3532   4.045652    31.6605       1269     5.2833  0.000e+00
      1.899    16.3553   4.045719    31.6594       1270     5.2875  0.000e+00
      1.932    16.3569   4.045940    31.6601       1271     5.2917  0.000e+00
      1.959    16.3585   4.046027    31.6595       1272     5.2958  0.000e+00
      1.980    16.3603   4.046207    31.6597       1273     5.3000  0.000e+00
      2.001    16.3619   4.046261    31.6589       1274     5.3042  0.000e+00
      2.028    16.3631   4.046261    31.6580       1275     5.3083  0.000e+00
      2.044    16.3637   4.046382    31.6585       1276     5.3125  0.000e+00
      2.074    16.3645   4.046382    31.6578       1277     5.3167  0.000e+00
      2.101    16.3653   4.046281    31.6563       1278     5.3208  0.000e+00
      2.146    16.3652   4.046161    31.6553       1279     5.3250  0.000e+00
      2.203    16.3646   4.046261    31.6567       1280     5.3292  0.000e+00
      2.258    16.3644   4.046114    31.6556       1281     5.3333  0.000e+00
      2.315    16.3637   4.045933    31.6545       1282     5.3375  0.000e+00
      2.351    16.3625   4.045993    31.6560       1283     5.3417  0.000e+00
      2.369    16.3617   4.045792    31.6548       1284     5.3458  0.000e+00
      2.345    16.3604   4.044674    31.6461       1285     5.3500  0.000e+00
      2.300    16.3549   4.043844    31.6432       1286     5.3542  0.000e+00
      2.239    16.3469   4.044353    31.6540       1287     5.3583  0.000e+00
      2.197    16.3440   4.044454    31.6572       1288     5.3625  0.000e+00
      2.185    16.3440   4.043577    31.6496       1289     5.3667  0.000e+00
      2.212    16.3403   4.043162    31.6489       1290     5.3708  0.000e+00
      2.254    16.3355   4.043182    31.6529       1291     5.3750  0.000e+00
      2.302    16.3324   4.043282    31.6562       1292     5.3792  0.000e+00
      2.335    16.3313   4.043236    31.6566       1293     5.3833  0.000e+00
      2.366    16.3304   4.042453    31.6505       1294     5.3875  0.000e+00
      2.378    16.3274   4.043918    31.6657       1295     5.3917  0.000e+00
      2.384    16.3312   4.045699    31.6782       1296     5.3958  0.000e+00
      2.365    16.3423   4.046543    31.6768       1297     5.4000  0.000e+00
      2.356    16.3544   4.046603    31.6677       1298     5.4042  0.000e+00
      2.341    16.3618   4.046964    31.6650       1299     5.4083  0.000e+00
      2.326    16.3673   4.047185    31.6626       1300     5.4125  0.000e+00
      2.317    16.3715   4.047600    31.6628       1301     5.4167  0.000e+00
      2.311    16.3753   4.047218    31.6565       1302     5.4208  0.000e+00
      2.299    16.3763   4.047038    31.6541       1303     5.4250  0.000e+00
      2.299    16.3754   4.047232    31.6565       1304     5.4292  0.000e+00
      2.289    16.3753   4.047433    31.6583       1305     5.4333  0.000e+00
      2.274    16.3764   4.046964    31.6534       1306     5.4375  0.000e+00
      2.238    16.3753   4.046402    31.6494       1307     5.4417  0.000e+00
      2.132    16.3719   4.047259    31.6596       1308     5.4458  0.000e+00
      1.918    16.3726   4.046823    31.6553       1309     5.4500  0.000e+00
      1.667    16.3728   4.046281    31.6506       1310     5.4542  0.000e+00
      1.426    16.3696   4.047359    31.6626       1311     5.4583  0.000e+00
      1.187    16.3725   4.047774    31.6640       1312     5.4625  0.000e+00
      0.982    16.3771   4.047794    31.6606       1313     5.4667  0.000e+00
      0.828    16.3803   4.047720    31.6574       1314     5.4708  0.000e+00
      0.728    16.3816   4.047720    31.6565       1315     5.4750  0.000e+00
      0.644    16.3816   4.047231    31.6522       1316     5.4792  0.000e+00
      0.565    16.3801   4.047218    31.6533       1317     5.4833  0.000e+00
      0.453    16.3786   4.047358    31.6558       1318     5.4875  0.000e+00
      0.293    16.3782   4.047378    31.6563       1319     5.4917  0.000e+00
      0.112    16.3785   4.047479    31.6570       1320     5.4958  0.000e+00
     -0.069    16.3789   3.958923    30.8860       1321     5.5000  0.000e+00
     -0.184    16.3792   1.007665     6.9306       1322     5.5042  0.000e+00
     -0.199    16.3816   0.476392     3.1061       1323     5.5083  0.000e+00
     -0.196    16.3883   0.324241     2.0635       1324     5.5125  0.000e+00
     -0.202    16.3956   0.273002     1.7197       1325     5.5167  0.000e+00
     -0.202    16.3971   0.243020     1.5208       1326     5.5208  0.000e+00
     -0.205    16.3963   0.225109     1.4029       1327     5.5250  0.000e+00
     -0.199    16.3942   0.209018     1.2975       1328     5.5292  0.000e+00
     -0.203    16.3917   0.196983     1.2190       1329     5.5333  0.000e+00
     -0.200    16.3894   0.187076     1.1547       1330     5.5375  0.000e+00
     -0.212    16.3867   0.168974     1.0377       1331     5.5417  0.000e+00
     -0.203    16.3841   0.154343     0.9436       1332     5.5458  0.000e+00
     -0.200    16.3813   0.148942     0.9091       1333     5.5500  0.000e+00
     -0.194    16.3786   0.154927     0.9475       1334     5.5542  0.000e+00
     -0.194    16.3761   0.135846     0.8257       1335     5.5583  0.000e+00
