HB2302/sbe058.cnv
* Sea-Bird SBE 19plus V2 Data File:
* FileName = C:\cruise\data\sbe058.hex
* Software Version Seasave V 7.26.7.121
* Temperature SN = 4758
* Conductivity SN = 4758
* System UpLoad Time = Jun 14 2023 08:25:02
* NMEA Latitude = 40 16.52 N
* NMEA Longitude = 073 06.75 W
* NMEA UTC (Time) = Jun 14 2023 08:25:03
** Cruise: HB2302
** Program: Ecomon
** Chief Scientist: Jerry Prezioso
# nquan = 7
# nvalues = 1497                                  
# units = specified
# name 0 = depSM: Depth [salt water, m]
# name 1 = tv290C: Temperature [ITS-90, deg C]
# name 2 = c0S/m: Conductivity [S/m]
# name 3 = sal00: Salinity, Practical [PSU]
# name 4 = scan: Scan Count
# name 5 = timeM: Time, Elapsed [minutes]
# name 6 = flag:  0.000e+00
# span 0 =     -0.186,     38.558                 
# span 1 =     8.3297,    17.7532                 
# span 2 =   0.000038,   4.161111                 
# span 3 =     0.0087,    32.9156                 
# span 4 =         11,       1507                 
# span 5 =     0.0417,     6.2750                 
# span 6 = 0.0000e+00, 0.0000e+00                 
# interval = seconds: 0.25
# start_time = Jun 14 2023 08:25:03 [NMEA time, header]
# bad_flag = -9.990e-29
*END*
     -0.183    17.0611   0.000050     0.0087         11     0.0417  0.000e+00
     -0.177    17.0609   0.000050     0.0087         12     0.0458  0.000e+00
     -0.177    17.0611   0.000050     0.0087         13     0.0500  0.000e+00
     -0.174    17.0606   0.000044     0.0087         14     0.0542  0.000e+00
     -0.174    17.0603   0.000050     0.0087         15     0.0583  0.000e+00
     -0.180    17.0606   0.000050     0.0087         16     0.0625  0.000e+00
     -0.180    17.0613   0.000050     0.0087         17     0.0667  0.000e+00
     -0.183    17.0611   0.000050     0.0087         18     0.0708  0.000e+00
     -0.183    17.0613   0.000050     0.0087         19     0.0750  0.000e+00
     -0.180    17.0614   0.000050     0.0087         20     0.0792  0.000e+00
     -0.180    17.0620   0.000056     0.0087         21     0.0833  0.000e+00
     -0.174    17.0624   0.000050     0.0087         22     0.0875  0.000e+00
     -0.186    17.0623   0.000044     0.0087         23     0.0917  0.000e+00
     -0.180    17.0621   0.000044     0.0087         24     0.0958  0.000e+00
     -0.180    17.0620   0.000053     0.0087         25     0.1000  0.000e+00
     -0.186    17.0622   0.000050     0.0087         26     0.1042  0.000e+00
     -0.183    17.0626   0.000044     0.0087         27     0.1083  0.000e+00
     -0.183    17.0625   0.000044     0.0087         28     0.1125  0.000e+00
     -0.186    17.0625   0.000038     0.0087         29     0.1167  0.000e+00
     -0.183    17.0621   0.000044     0.0087         30     0.1208  0.000e+00
     -0.186    17.0621   0.000044     0.0087         31     0.1250  0.000e+00
     -0.177    17.0620   0.000050     0.0087         32     0.1292  0.000e+00
     -0.183    17.0618   0.000044     0.0087         33     0.1333  0.000e+00
     -0.183    17.0615   0.000050     0.0087         34     0.1375  0.000e+00
     -0.183    17.0617   0.000050     0.0087         35     0.1417  0.000e+00
     -0.180    17.0617   0.000050     0.0087         36     0.1458  0.000e+00
     -0.174    17.0617   0.000044     0.0087         37     0.1500  0.000e+00
     -0.183    17.0616   0.000044     0.0087         38     0.1542  0.000e+00
     -0.177    17.0614   0.000050     0.0087         39     0.1583  0.000e+00
     -0.177    17.0615   0.000044     0.0087         40     0.1625  0.000e+00
     -0.180    17.0621   0.000050     0.0087         41     0.1667  0.000e+00
     -0.174    17.0621   0.000044     0.0087         42     0.1708  0.000e+00
     -0.183    17.0619   0.000050     0.0087         43     0.1750  0.000e+00
     -0.180    17.0617   0.000050     0.0087         44     0.1792  0.000e+00
     -0.183    17.0616   0.000044     0.0087         45     0.1833  0.000e+00
     -0.183    17.0620   0.000044     0.0087         46     0.1875  0.000e+00
     -0.183    17.0616   0.000044     0.0087         47     0.1917  0.000e+00
     -0.183    17.0615   0.000050     0.0087         48     0.1958  0.000e+00
     -0.183    17.0616   0.000056     0.0087         49     0.2000  0.000e+00
     -0.186    17.0617   0.000050     0.0087         50     0.2042  0.000e+00
     -0.180    17.0617   0.000050     0.0087         51     0.2083  0.000e+00
     -0.186    17.0615   0.000050     0.0087         52     0.2125  0.000e+00
     -0.180    17.0616   0.000038     0.0087         53     0.2167  0.000e+00
     -0.186    17.0612   0.000050     0.0087         54     0.2208  0.000e+00
     -0.183    17.0613   0.000050     0.0087         55     0.2250  0.000e+00
     -0.183    17.0613   0.000053     0.0087         56     0.2292  0.000e+00
     -0.177    17.0612   0.000056     0.0087         57     0.2333  0.000e+00
     -0.183    17.0612   0.000044     0.0087         58     0.2375  0.000e+00
     -0.177    17.0608   0.000050     0.0087         59     0.2417  0.000e+00
     -0.180    17.0609   0.000053     0.0087         60     0.2458  0.000e+00
     -0.180    17.0613   0.000050     0.0087         61     0.2500  0.000e+00
     -0.183    17.0613   0.000050     0.0087         62     0.2542  0.000e+00
     -0.180    17.0616   0.000044     0.0087         63     0.2583  0.000e+00
     -0.180    17.0613   0.000050     0.0087         64     0.2625  0.000e+00
     -0.177    17.0611   0.000053     0.0087         65     0.2667  0.000e+00
     -0.177    17.0614   0.000056     0.0087         66     0.2708  0.000e+00
     -0.174    17.0615   0.000044     0.0087         67     0.2750  0.000e+00
     -0.180    17.0615   0.000050     0.0087         68     0.2792  0.000e+00
     -0.174    17.0612   0.000050     0.0087         69     0.2833  0.000e+00
     -0.180    17.0612   0.000053     0.0087         70     0.2875  0.000e+00
     -0.174    17.0613   0.000050     0.0087         71     0.2917  0.000e+00
     -0.177    17.0607   0.000050     0.0087         72     0.2958  0.000e+00
     -0.180    17.0610   0.000050     0.0087         73     0.3000  0.000e+00
     -0.177    17.0605   0.000050     0.0087         74     0.3042  0.000e+00
     -0.177    17.0611   0.000044     0.0087         75     0.3083  0.000e+00
     -0.174    17.0611   0.000050     0.0087         76     0.3125  0.000e+00
     -0.183    17.0611   0.000050     0.0087         77     0.3167  0.000e+00
     -0.177    17.0604   0.000050     0.0087         78     0.3208  0.000e+00
     -0.177    17.0606   0.000053     0.0087         79     0.3250  0.000e+00
     -0.174    17.0605   0.000044     0.0087         80     0.3292  0.000e+00
     -0.174    17.0605   0.000050     0.0087         81     0.3333  0.000e+00
     -0.174    17.0603   0.000053     0.0087         82     0.3375  0.000e+00
     -0.180    17.0603   0.000044     0.0087         83     0.3417  0.000e+00
     -0.177    17.0605   0.000050     0.0087         84     0.3458  0.000e+00
     -0.174    17.0600   0.000056     0.0087         85     0.3500  0.000e+00
     -0.177    17.0600   0.000056     0.0087         86     0.3542  0.000e+00
     -0.174    17.0602   0.000053     0.0087         87     0.3583  0.000e+00
     -0.171    17.0604   0.000050     0.0087         88     0.3625  0.000e+00
     -0.174    17.0607   0.000053     0.0087         89     0.3667  0.000e+00
     -0.171    17.0616   0.000050     0.0087         90     0.3708  0.000e+00
     -0.177    17.0630   0.000050     0.0087         91     0.3750  0.000e+00
     -0.177    17.0641   0.000044     0.0087         92     0.3792  0.000e+00
     -0.174    17.0649   0.000050     0.0087         93     0.3833  0.000e+00
     -0.171    17.0659   0.000050     0.0087         94     0.3875  0.000e+00
     -0.171    17.0694   0.000050     0.0087         95     0.3917  0.000e+00
     -0.135    17.0754   1.243725     8.5495         96     0.3958  0.000e+00
     -0.029    17.0869   4.130278    31.8134         97     0.4000  0.000e+00
      0.080    17.1772   4.057592    31.1200         98     0.4042  0.000e+00
      0.267    17.2760   4.152237    31.8526         99     0.4083  0.000e+00
      0.421    17.3612   4.157109    31.8271        100     0.4125  0.000e+00
      0.524    17.4639   4.146018    31.6520        101     0.4167  0.000e+00
      0.596    17.5460   4.021122    30.5292        102     0.4208  0.000e+00
      0.639    17.5934   3.962121    29.9958        103     0.4250  0.000e+00
      0.657    17.6163   4.059081    30.7972        104     0.4292  0.000e+00
      0.663    17.6289   4.071652    30.8939        105     0.4333  0.000e+00
      0.687    17.6386   3.932597    29.7141        106     0.4375  0.000e+00
      0.747    17.6451   4.100276    31.1237        107     0.4417  0.000e+00
      0.844    17.6474   4.153451    31.5723        108     0.4458  0.000e+00
      0.992    17.6322   4.155887    31.6047        109     0.4500  0.000e+00
      1.143    17.5970   4.155712    31.6305        110     0.4542  0.000e+00
      1.294    17.5675   4.154244    31.6410        111     0.4583  0.000e+00
      1.424    17.5489   4.148506    31.6067        112     0.4625  0.000e+00
      1.530    17.5380   4.144922    31.5846        113     0.4667  0.000e+00
      1.623    17.5362   4.144307    31.5808        114     0.4708  0.000e+00
      1.699    17.5555   4.145064    31.5722        115     0.4750  0.000e+00
      1.795    17.5707   3.059251    22.5378        116     0.4792  0.000e+00
      1.937    17.5727   4.157046    31.6605        117     0.4833  0.000e+00
      2.094    17.5462   4.158435    31.6929        118     0.4875  0.000e+00
      2.279    17.5198   4.158117    31.7108        119     0.4917  0.000e+00
      2.460    17.5009   4.155585    31.7039        120     0.4958  0.000e+00
      2.623    17.4911   4.153832    31.6966        121     0.5000  0.000e+00
      2.765    17.4865   4.153190    31.6947        122     0.5042  0.000e+00
      2.877    17.4847   4.153041    31.6948        123     0.5083  0.000e+00
      2.971    17.4843   4.153873    31.7021        124     0.5125  0.000e+00
      3.046    17.4836   4.157298    31.7318        125     0.5167  0.000e+00
      3.122    17.4816   4.159770    31.7544        126     0.5208  0.000e+00
      3.188    17.4727   4.160962    31.7716        127     0.5250  0.000e+00
      3.261    17.4621   4.161111    31.7811        128     0.5292  0.000e+00
      3.315    17.4547   4.160657    31.7830        129     0.5333  0.000e+00
      3.360    17.4501   4.159899    31.7801        130     0.5375  0.000e+00
      3.427    17.4472   4.159371    31.7779        131     0.5417  0.000e+00
      3.517    17.4455   4.158768    31.7740        132     0.5458  0.000e+00
      3.617    17.4438   4.158308    31.7714        133     0.5500  0.000e+00
      3.744    17.4419   4.157733    31.7679        134     0.5542  0.000e+00
      3.889    17.4407   4.156494    31.7583        135     0.5583  0.000e+00
      4.043    17.4406   4.155444    31.7494        136     0.5625  0.000e+00
      4.221    17.4407   4.154727    31.7431        137     0.5667  0.000e+00
      4.411    17.4409   4.153861    31.7355        138     0.5708  0.000e+00
      4.605    17.4421   4.152460    31.7225        139     0.5750  0.000e+00
      4.804    17.4437   4.151377    31.7120        140     0.5792  0.000e+00
      4.994    17.4466   4.150254    31.7001        141     0.5833  0.000e+00
      5.182    17.4494   4.149842    31.6943        142     0.5875  0.000e+00
      5.342    17.4520   4.149801    31.6918        143     0.5917  0.000e+00
      5.490    17.4557   4.149294    31.6846        144     0.5958  0.000e+00
      5.620    17.4590   4.148428    31.6746        145     0.6000  0.000e+00
      5.716    17.4608   4.147481    31.6651        146     0.6042  0.000e+00
      5.813    17.4618   4.147177    31.6617        147     0.6083  0.000e+00
      5.904    17.4652   4.146656    31.6546        148     0.6125  0.000e+00
      5.997    17.4708   4.145844    31.6433        149     0.6167  0.000e+00
      6.094    17.4779   4.144877    31.6294        150     0.6208  0.000e+00
      6.203    17.4872   4.143410    31.6097        151     0.6250  0.000e+00
      6.320    17.4969   4.143200    31.6003        152     0.6292  0.000e+00
      6.438    17.5056   4.141199    31.5765        153     0.6333  0.000e+00
      6.571    17.5142   4.139868    31.5584        154     0.6375  0.000e+00
      6.704    17.5255   4.139530    31.5467        155     0.6417  0.000e+00
      6.846    17.5365   4.139165    31.5350        156     0.6458  0.000e+00
      6.988    17.5448   4.138860    31.5259        157     0.6500  0.000e+00
      7.124    17.5513   4.138212    31.5154        158     0.6542  0.000e+00
      7.251    17.5567   4.137637    31.5062        159     0.6583  0.000e+00
      7.372    17.5620   4.137259    31.4988        160     0.6625  0.000e+00
      7.480    17.5677   4.137009    31.4922        161     0.6667  0.000e+00
      7.595    17.5737   4.136901    31.4867        162     0.6708  0.000e+00
      7.698    17.5787   4.136583    31.4801        163     0.6750  0.000e+00
      7.800    17.5833   4.136353    31.4745        164     0.6792  0.000e+00
      7.903    17.5878   4.136252    31.4701        165     0.6833  0.000e+00
      8.006    17.5911   4.136009    31.4655        166     0.6875  0.000e+00
      8.133    17.5954   4.135610    31.4587        167     0.6917  0.000e+00
      8.257    17.6000   4.135232    31.4519        168     0.6958  0.000e+00
      8.390    17.6046   4.135002    31.4464        169     0.7000  0.000e+00
      8.522    17.6077   4.134840    31.4425        170     0.7042  0.000e+00
      8.658    17.6085   4.134604    31.4398        171     0.7083  0.000e+00
      8.788    17.6081   4.134577    31.4399        172     0.7125  0.000e+00
      8.915    17.6049   4.134475    31.4415        173     0.7167  0.000e+00
      9.042    17.5963   4.134300    31.4466        174     0.7208  0.000e+00
      9.154    17.5817   4.133956    31.4549        175     0.7250  0.000e+00
      9.266    17.5644   4.133449    31.4640        176     0.7292  0.000e+00
      9.365    17.5412   4.132619    31.4749        177     0.7333  0.000e+00
      9.477    17.5137   4.131748    31.4887        178     0.7375  0.000e+00
      9.568    17.4820   4.130425    31.5020        179     0.7417  0.000e+00
      9.679    17.4443   4.128657    31.5162        180     0.7458  0.000e+00
      9.788    17.3983   4.125350    31.5239        181     0.7500  0.000e+00
      9.912    17.3454   4.122119    31.5374        182     0.7542  0.000e+00
     10.030    17.2798   4.117567    31.5496        183     0.7583  0.000e+00
     10.160    17.2047   4.112660    31.5662        184     0.7625  0.000e+00
     10.286    17.1180   4.108665    31.5997        185     0.7667  0.000e+00
     10.404    17.0269   4.102967    31.6222        186     0.7708  0.000e+00
     10.537    16.9319   4.098626    31.6594        187     0.7750  0.000e+00
     10.658    16.8328   4.092807    31.6872        188     0.7792  0.000e+00
     10.779    16.7402   4.088726    31.7250        189     0.7833  0.000e+00
     10.900    16.6485   4.084452    31.7605        190     0.7875  0.000e+00
     11.011    16.5534   4.080555    31.8021        191     0.7917  0.000e+00
     11.123    16.4570   4.076479    31.8433        192     0.7958  0.000e+00
     11.235    16.3644   4.073586    31.8920        193     0.8000  0.000e+00
     11.338    16.2824   4.069976    31.9260        194     0.8042  0.000e+00
     11.443    16.2198   4.067185    31.9517        195     0.8083  0.000e+00
     11.555    16.1596   4.064791    31.9791        196     0.8125  0.000e+00
     11.679    16.0960   4.061486    32.0012        197     0.8167  0.000e+00
     11.794    16.0283   4.058322    32.0279        198     0.8208  0.000e+00
     11.918    15.9621   4.055166    32.0536        199     0.8250  0.000e+00
     12.035    15.8992   4.053337    32.0883        200     0.8292  0.000e+00
     12.168    15.8364   4.050886    32.1175        201     0.8333  0.000e+00
     12.292    15.7768   4.050010    32.1581        202     0.8375  0.000e+00
     12.416    15.7175   4.048102    32.1894        203     0.8417  0.000e+00
     12.540    15.6715   4.047372    32.2205        204     0.8458  0.000e+00
     12.673    15.6301   4.046837    32.2495        205     0.8500  0.000e+00
     12.793    15.5983   4.045612    32.2646        206     0.8542  0.000e+00
     12.911    15.5724   4.044468    32.2755        207     0.8583  0.000e+00
     13.035    15.5441   4.043538    32.2904        208     0.8625  0.000e+00
     13.156    15.5150   4.042662    32.3064        209     0.8667  0.000e+00
     13.283    15.4897   4.041926    32.3205        210     0.8708  0.000e+00
     13.407    15.4699   4.041103    32.3294        211     0.8750  0.000e+00
     13.527    15.4525   4.040715    32.3402        212     0.8792  0.000e+00
     13.657    15.4357   4.040568    32.3527        213     0.8833  0.000e+00
     13.784    15.4091   4.040006    32.3694        214     0.8875  0.000e+00
     13.917    15.3839   4.038782    32.3793        215     0.8917  0.000e+00
