HB2302/sbe085.cnv
* Sea-Bird SBE 19plus V2 Data File:
* FileName = C:\cruise\data\sbe085.hex
* Software Version Seasave V 7.26.7.121
* Temperature SN = 4758
* Conductivity SN = 4758
* System UpLoad Time = Jun 16 2023 19:51:17
* NMEA Latitude = 41 34.56 N
* NMEA Longitude = 068 37.16 W
* NMEA UTC (Time) = Jun 16 2023 19:51:17
** Cruise: HB2302
** Program: Ecomon
** Chief Scientist: Jerry Prezioso
# nquan = 7
# nvalues = 2931                                  
# units = specified
# name 0 = depSM: Depth [salt water, m]
# name 1 = tv290C: Temperature [ITS-90, deg C]
# name 2 = c0S/m: Conductivity [S/m]
# name 3 = sal00: Salinity, Practical [PSU]
# name 4 = scan: Scan Count
# name 5 = timeM: Time, Elapsed [minutes]
# name 6 = flag:  0.000e+00
# span 0 =     -0.163,    131.433                 
# span 1 =     6.7479,    17.0817                 
# span 2 =   0.000074,   4.079007                 
# span 3 =     0.0087,    33.1145                 
# span 4 =         11,       2941                 
# span 5 =     0.0417,    12.2500                 
# span 6 = 0.0000e+00, 0.0000e+00                 
# interval = seconds: 0.25
# start_time = Jun 16 2023 19:51:17 [NMEA time, header]
# bad_flag = -9.990e-29
*END*
[from data line 2667]
     11.912    11.1267   3.634727    32.2053       2678    11.1542  0.000e+00
     11.879    11.1287   3.634919    32.2055       2679    11.1583  0.000e+00
     11.848    11.1312   3.635022    32.2044       2680    11.1625  0.000e+00
     11.824    11.1331   3.635137    32.2038       2681    11.1667  0.000e+00
     11.803    11.1346   3.635227    32.2034       2682    11.1708  0.000e+00
     11.773    11.1359   3.635413    32.2041       2683    11.1750  0.000e+00
     11.749    11.1378   3.635810    32.2064       2684    11.1792  0.000e+00
     11.728    11.1409   3.636195    32.2074       2685    11.1833  0.000e+00
     11.704    11.1445   3.636965    32.2119       2686    11.1875  0.000e+00
     11.679    11.1497   3.637285    32.2105       2687    11.1917  0.000e+00
     11.652    11.1548   3.637368    32.2069       2688    11.1958  0.000e+00
     11.613    11.1580   3.637484    32.2052       2689    11.2000  0.000e+00
     11.580    11.1604   3.637618    32.2045       2690    11.2042  0.000e+00
     11.538    11.1620   3.637452    32.2015       2691    11.2083  0.000e+00
     11.483    11.1627   3.637548    32.2018       2692    11.2125  0.000e+00
     11.429    11.1638   3.637798    32.2033       2693    11.2167  0.000e+00
     11.372    11.1656   3.638523    32.2089       2694    11.2208  0.000e+00
     11.305    11.1700   3.639004    32.2098       2695    11.2250  0.000e+00
     11.236    11.1752   3.639761    32.2127       2696    11.2292  0.000e+00
     11.169    11.1821   3.640871    32.2176       2697    11.2333  0.000e+00
     11.103    11.1918   3.642385    32.2241       2698    11.2375  0.000e+00
     11.037    11.2038   3.642147    32.2112       2699    11.2417  0.000e+00
     10.973    11.2123   3.642115    32.2035       2700    11.2458  0.000e+00
     10.919    11.2160   3.642025    32.1994       2701    11.2500  0.000e+00
     10.877    11.2173   3.641980    32.1979       2702    11.2542  0.000e+00
     10.834    11.2177   3.641781    32.1956       2703    11.2583  0.000e+00
     10.804    11.2173   3.641730    32.1955       2704    11.2625  0.000e+00
     10.783    11.2166   3.641480    32.1937       2705    11.2667  0.000e+00
     10.759    11.2153   3.641435    32.1943       2706    11.2708  0.000e+00
     10.738    11.2146   3.641454    32.1951       2707    11.2750  0.000e+00
     10.710    11.2143   3.641794    32.1988       2708    11.2792  0.000e+00
     10.689    11.2153   3.641550    32.1955       2709    11.2833  0.000e+00
     10.656    11.2154   3.641499    32.1949       2710    11.2875  0.000e+00
     10.632    11.2151   3.641435    32.1945       2711    11.2917  0.000e+00
     10.587    11.2149   3.641454    32.1949       2712    11.2958  0.000e+00
     10.547    11.2154   3.641685    32.1968       2713    11.3000  0.000e+00
     10.493    11.2174   3.642596    32.2040       2714    11.3042  0.000e+00
     10.427    11.2232   3.644034    32.2131       2715    11.3083  0.000e+00
     10.366    11.2328   3.644624    32.2105       2716    11.3125  0.000e+00
     10.300    11.2417   3.643924    32.1959       2717    11.3167  0.000e+00
     10.224    11.2450   3.643655    32.1904       2718    11.3208  0.000e+00
     10.155    11.2453   3.643783    32.1914       2719    11.3250  0.000e+00
     10.082    11.2460   3.643943    32.1924       2720    11.3292  0.000e+00
      9.998    11.2478   3.644418    32.1955       2721    11.3333  0.000e+00
      9.926    11.2517   3.644515    32.1931       2722    11.3375  0.000e+00
      9.850    11.2556   3.644418    32.1888       2723    11.3417  0.000e+00
      9.787    11.2577   3.644264    32.1855       2724    11.3458  0.000e+00
      9.729    11.2583   3.644213    32.1845       2725    11.3500  0.000e+00
      9.681    11.2584   3.644148    32.1838       2726    11.3542  0.000e+00
      9.645    11.2584   3.644213    32.1844       2727    11.3583  0.000e+00
      9.606    11.2593   3.644104    32.1826       2728    11.3625  0.000e+00
      9.581    11.2600   3.644213    32.1831       2729    11.3667  0.000e+00
      9.566    11.2608   3.644193    32.1821       2730    11.3708  0.000e+00
      9.560    11.2613   3.644033    32.1802       2731    11.3750  0.000e+00
      9.542    11.2610   3.644168    32.1818       2732    11.3792  0.000e+00
      9.530    11.2611   3.643994    32.1800       2733    11.3833  0.000e+00
      9.512    11.2606   3.643853    32.1790       2734    11.3875  0.000e+00
      9.488    11.2599   3.643808    32.1792       2735    11.3917  0.000e+00
      9.451    11.2594   3.643718    32.1788       2736    11.3958  0.000e+00
      9.412    11.2590   3.643673    32.1787       2737    11.4000  0.000e+00
      9.364    11.2589   3.643969    32.1817       2738    11.4042  0.000e+00
      9.303    11.2607   3.644533    32.1857       2739    11.4083  0.000e+00
      9.234    11.2651   3.646138    32.1977       2740    11.4125  0.000e+00
      9.156    11.2755   3.648501    32.2118       2741    11.4167  0.000e+00
      9.098    11.2932   3.649875    32.2099       2742    11.4208  0.000e+00
      9.032    11.3112   3.649990    32.1954       2743    11.4250  0.000e+00
      8.969    11.3227   3.650055    32.1859       2744    11.4292  0.000e+00
      8.911    11.3290   3.649965    32.1796       2745    11.4333  0.000e+00
      8.854    11.3318   3.650196    32.1794       2746    11.4375  0.000e+00
      8.811    11.3339   3.650151    32.1772       2747    11.4417  0.000e+00
      8.763    11.3349   3.650189    32.1767       2748    11.4458  0.000e+00
      8.712    11.3360   3.650555    32.1794       2749    11.4500  0.000e+00
      8.657    11.3384   3.651056    32.1822       2750    11.4542  0.000e+00
      8.603    11.3423   3.651634    32.1844       2751    11.4583  0.000e+00
      8.543    11.3478   3.651737    32.1807       2752    11.4625  0.000e+00
      8.476    11.3519   3.651737    32.1771       2753    11.4667  0.000e+00
      8.413    11.3537   3.651506    32.1733       2754    11.4708  0.000e+00
      8.340    11.3542   3.651506    32.1729       2755    11.4750  0.000e+00
      8.262    11.3548   3.651602    32.1734       2756    11.4792  0.000e+00
      8.202    11.3559   3.652328    32.1796       2757    11.4833  0.000e+00
      8.135    11.3602   3.654005    32.1923       2758    11.4875  0.000e+00
      8.081    11.3740   3.661648    32.2552       2759    11.4917  0.000e+00
      8.023    11.4161   3.666903    32.2698       2760    11.4958  0.000e+00
      7.978    11.4695   3.669360    32.2474       2761    11.5000  0.000e+00
      7.936    11.5133   3.670789    32.2231       2762    11.5042  0.000e+00
      7.897    11.5438   3.673286    32.2209       2763    11.5083  0.000e+00
      7.857    11.5709   3.676352    32.2273       2764    11.5125  0.000e+00
      7.812    11.5998   3.678992    32.2279       2765    11.5167  0.000e+00
      7.779    11.6283   3.681956    32.2320       2766    11.5208  0.000e+00
      7.734    11.6576   3.685160    32.2377       2767    11.5250  0.000e+00
      7.682    11.6890   3.689158    32.2493       2768    11.5292  0.000e+00
      7.634    11.7258   3.693590    32.2605       2769    11.5333  0.000e+00
      7.580    11.7703   3.699954    32.2836       2770    11.5375  0.000e+00
      7.531    11.8254   3.702589    32.2614       2771    11.5417  0.000e+00
      7.471    11.8736   3.706051    32.2531       2772    11.5458  0.000e+00
      7.441    11.9162   3.712353    32.2772       2773    11.5500  0.000e+00
      7.398    11.9708   3.723403    32.3368       2774    11.5542  0.000e+00
      7.353    12.0582   3.742715    32.4473       2775    11.5583  0.000e+00
      7.311    12.1938   3.750092    32.4007       2776    11.5625  0.000e+00
      7.272    12.3189   3.756982    32.3587       2777    11.5667  0.000e+00
      7.226    12.4187   3.765080    32.3502       2778    11.5708  0.000e+00
      7.175    12.5102   3.770680    32.3249       2779    11.5750  0.000e+00
      7.115    12.5886   3.776335    32.3115       2780    11.5792  0.000e+00
      7.057    12.6552   3.781017    32.2989       2781    11.5833  0.000e+00
      6.988    12.7127   3.782136    32.2603       2782    11.5875  0.000e+00
      6.909    12.7524   3.785055    32.2541       2783    11.5917  0.000e+00
      6.834    12.7851   3.790798    32.2807       2784    11.5958  0.000e+00
      6.765    12.8287   3.797555    32.3074       2785    11.6000  0.000e+00
      6.695    12.8856   3.802665    32.3072       2786    11.6042  0.000e+00
      6.626    12.9453   3.810365    32.3290       2787    11.6083  0.000e+00
      6.571    13.0123   3.816182    32.3267       2788    11.6125  0.000e+00
      6.517    13.0795   3.819287    32.2987       2789    11.6167  0.000e+00
      6.460    13.1342   3.825345    32.3092       2790    11.6208  0.000e+00
      6.414    13.1930   3.836385    32.3629       2791    11.6250  0.000e+00
      6.372    13.2755   3.856816    32.4844       2792    11.6292  0.000e+00
      6.315    13.4364   3.898490    32.7371       2793    11.6333  0.000e+00
      6.266    13.7180   3.902596    32.5349       2794    11.6375  0.000e+00
      6.224    13.8992   3.860578    31.9934       2795    11.6417  0.000e+00
      6.179    13.8316   3.854085    31.9898       2796    11.6458  0.000e+00
      6.140    13.7059   3.854874    32.1022       2797    11.6500  0.000e+00
      6.091    13.6350   3.856411    32.1760       2798    11.6542  0.000e+00
      6.040    13.6097   3.859314    32.2244       2799    11.6583  0.000e+00
      6.004    13.6127   3.860681    32.2345       2800    11.6625  0.000e+00
      5.952    13.6254   3.862684    32.2425       2801    11.6667  0.000e+00
      5.898    13.6418   3.863840    32.2394       2802    11.6708  0.000e+00
      5.850    13.6576   3.864740    32.2345       2803    11.6750  0.000e+00
      5.810    13.6718   3.865897    32.2333       2804    11.6792  0.000e+00
      5.753    13.6851   3.867008    32.2324       2805    11.6833  0.000e+00
      5.705    13.6988   3.869933    32.2481       2806    11.6875  0.000e+00
      5.647    13.7199   3.872004    32.2495       2807    11.6917  0.000e+00
      5.587    13.7440   3.872997    32.2385       2808    11.6958  0.000e+00
      5.520    13.7639   3.874043    32.2315       2809    11.7000  0.000e+00
      5.454    13.7805   3.874088    32.2180       2810    11.7042  0.000e+00
      5.385    13.7915   3.874766    32.2150       2811    11.7083  0.000e+00
      5.309    13.7999   3.875522    32.2150       2812    11.7125  0.000e+00
      5.246    13.8086   3.875871    32.2109       2813    11.7167  0.000e+00
      5.170    13.8168   3.876588    32.2107       2814    11.7208  0.000e+00
      5.107    13.8266   3.881669    32.2496       2815    11.7250  0.000e+00
      5.040    13.8537   3.886179    32.2685       2816    11.7292  0.000e+00
      4.989    13.8922   3.888761    32.2601       2817    11.7333  0.000e+00
      4.941    13.9280   3.892602    32.2655       2818    11.7375  0.000e+00
      4.892    13.9644   3.894817    32.2554       2819    11.7417  0.000e+00
      4.841    13.9955   3.895891    32.2393       2820    11.7458  0.000e+00
      4.796    14.0176   3.897269    32.2335       2821    11.7500  0.000e+00
      4.738    14.0354   3.899623    32.2403       2822    11.7542  0.000e+00
      4.690    14.0554   3.903271    32.2571       2823    11.7583  0.000e+00
      4.633    14.0813   3.905250    32.2536       2824    11.7625  0.000e+00
      4.584    14.1068   3.906893    32.2474       2825    11.7667  0.000e+00
      4.524    14.1297   3.909448    32.2518       2826    11.7708  0.000e+00
      4.463    14.1522   3.910992    32.2471       2827    11.7750  0.000e+00
      4.406    14.1725   3.912557    32.2446       2828    11.7792  0.000e+00
      4.337    14.1908   3.914975    32.2516       2829    11.7833  0.000e+00
      4.264    14.2123   3.917300    32.2549       2830    11.7875  0.000e+00
      4.204    14.2352   3.920399    32.2642       2831    11.7917  0.000e+00
      4.137    14.2614   3.920895    32.2469       2832    11.7958  0.000e+00
      4.083    14.2803   3.921384    32.2357       2833    11.8000  0.000e+00
      4.029    14.2924   3.922164    32.2327       2834    11.8042  0.000e+00
      3.996    14.3019   3.923195    32.2343       2835    11.8083  0.000e+00
      3.962    14.3122   3.924299    32.2358       2836    11.8125  0.000e+00
      3.932    14.3221   3.924841    32.2325       2837    11.8167  0.000e+00
      3.893    14.3316   3.927361    32.2476       2838    11.8208  0.000e+00
      3.860    14.3461   3.928042    32.2418       2839    11.8250  0.000e+00
      3.817    14.3606   3.929596    32.2439       2840    11.8292  0.000e+00
      3.781    14.3739   3.929973    32.2364       2841    11.8333  0.000e+00
      3.742    14.3831   3.929861    32.2277       2842    11.8375  0.000e+00
      3.687    14.3876   3.929907    32.2244       2843    11.8417  0.000e+00
      3.636    14.3896   3.929106    32.2154       2844    11.8458  0.000e+00
      3.576    14.3880   3.930635    32.2307       2845    11.8500  0.000e+00
      3.512    14.3913   3.932355    32.2437       2846    11.8542  0.000e+00
      3.446    14.4027   3.933302    32.2429       2847    11.8583  0.000e+00
      3.385    14.4151   3.934010    32.2390       2848    11.8625  0.000e+00
      3.319    14.4248   3.935234    32.2422       2849    11.8667  0.000e+00
      3.264    14.4355   3.937220    32.2514       2850    11.8708  0.000e+00
      3.225    14.4509   3.938332    32.2487       2851    11.8750  0.000e+00
      3.189    14.4656   3.938942    32.2421       2852    11.8792  0.000e+00
      3.153    14.4767   3.939345    32.2365       2853    11.8833  0.000e+00
      3.116    14.4845   3.939511    32.2316       2854    11.8875  0.000e+00
      3.080    14.4891   3.939723    32.2297       2855    11.8917  0.000e+00
      3.041    14.4922   3.940007    32.2298       2856    11.8958  0.000e+00
      2.989    14.4952   3.940146    32.2285       2857    11.9000  0.000e+00
      2.935    14.4979   3.940431    32.2289       2858    11.9042  0.000e+00
      2.875    14.5002   3.940643    32.2290       2859    11.9083  0.000e+00
      2.817    14.5027   3.940908    32.2293       2860    11.9125  0.000e+00
      2.775    14.5053   3.941471    32.2323       2861    11.9167  0.000e+00
      2.742    14.5091   3.941637    32.2307       2862    11.9208  0.000e+00
      2.711    14.5122   3.941663    32.2283       2863    11.9250  0.000e+00
      2.684    14.5141   3.941875    32.2287       2864    11.9292  0.000e+00
      2.648    14.5158   3.942325    32.2314       2865    11.9333  0.000e+00
      2.609    14.5189   3.942398    32.2296       2866    11.9375  0.000e+00
      2.566    14.5217   3.942915    32.2319       2867    11.9417  0.000e+00
      2.512    14.5249   3.943127    32.2312       2868    11.9458  0.000e+00
      2.452    14.5276   3.943531    32.2327       2869    11.9500  0.000e+00
      2.388    14.5312   3.943889    32.2330       2870    11.9542  0.000e+00
      2.325    14.5351   3.944074    32.2314       2871    11.9583  0.000e+00
      2.270    14.5383   3.944220    32.2301       2872    11.9625  0.000e+00
      2.237    14.5409   3.944558    32.2311       2873    11.9667  0.000e+00
      2.210    14.5434   3.944664    32.2299       2874    11.9708  0.000e+00
      2.210    14.5458   3.945214    32.2329       2875    11.9750  0.000e+00
      2.210    14.5494   3.944763    32.2259       2876    11.9792  0.000e+00
      2.195    14.5496   3.944617    32.2243       2877    11.9833  0.000e+00
      2.189    14.5488   3.944902    32.2276       2878    11.9875  0.000e+00
      2.179    14.5492   3.944975    32.2280       2879    11.9917  0.000e+00
      2.158    14.5499   3.944856    32.2263       2880    11.9958  0.000e+00
      2.122    14.5498   3.944995    32.2277       2881    12.0000  0.000e+00
