HB2302/sbe097.cnv
* Sea-Bird SBE 19plus V2 Data File:
* FileName = C:\cruise\data\sbe097.hex
* Software Version Seasave V 7.26.7.121
* Temperature SN = 4758
* Conductivity SN = 4758
* System UpLoad Time = Jun 17 2023 10:43:09
* NMEA Latitude = 41 11.03 N
* NMEA Longitude = 066 58.50 W
* NMEA UTC (Time) = Jun 17 2023 10:43:09
** Cruise: HB2302
** Program: Ecomon
** Chief Scientist: Jerry Prezioso
# nquan = 7
# nvalues = 1808                                  
# units = specified
# name 0 = depSM: Depth [salt water, m]
# name 1 = tv290C: Temperature [ITS-90, deg C]
# name 2 = c0S/m: Conductivity [S/m]
# name 3 = sal00: Salinity, Practical [PSU]
# name 4 = scan: Scan Count
# name 5 = timeM: Time, Elapsed [minutes]
# name 6 = flag:  0.000e+00
# span 0 =     -0.191,     65.811                 
# span 1 =     9.8647,    14.9808                 
# span 2 =   0.000166,   3.993845                 
# span 3 =     0.0079,    32.9374                 
# span 4 =         11,       1818                 
# span 5 =     0.0417,     7.5708                 
# span 6 = 0.0000e+00, 0.0000e+00                 
# interval = seconds: 0.25
# start_time = Jun 17 2023 10:43:09 [NMEA time, header]
# bad_flag = -9.990e-29
*END*
     -0.182    14.9800   0.000166     0.0079         11     0.0417  0.000e+00
     -0.182    14.9798   0.000172     0.0079         12     0.0458  0.000e+00
     -0.188    14.9802   0.000172     0.0079         13     0.0500  0.000e+00
     -0.185    14.9799   0.000172     0.0079         14     0.0542  0.000e+00
     -0.179    14.9802   0.000172     0.0079         15     0.0583  0.000e+00
     -0.185    14.9800   0.000172     0.0079         16     0.0625  0.000e+00
     -0.191    14.9800   0.000172     0.0079         17     0.0667  0.000e+00
     -0.185    14.9800   0.000172     0.0079         18     0.0708  0.000e+00
     -0.182    14.9804   0.000172     0.0079         19     0.0750  0.000e+00
     -0.188    14.9802   0.000172     0.0079         20     0.0792  0.000e+00
     -0.185    14.9804   0.000178     0.0080         21     0.0833  0.000e+00
     -0.185    14.9802   0.000178     0.0080         22     0.0875  0.000e+00
     -0.185    14.9802   0.000178     0.0080         23     0.0917  0.000e+00
     -0.182    14.9806   0.000172     0.0079         24     0.0958  0.000e+00
     -0.182    14.9804   0.000178     0.0080         25     0.1000  0.000e+00
     -0.185    14.9803   0.000178     0.0080         26     0.1042  0.000e+00
     -0.185    14.9803   0.000178     0.0080         27     0.1083  0.000e+00
     -0.185    14.9803   0.000172     0.0079         28     0.1125  0.000e+00
     -0.182    14.9807   0.000172     0.0079         29     0.1167  0.000e+00
     -0.188    14.9806   0.000178     0.0080         30     0.1208  0.000e+00
     -0.179    14.9806   0.000178     0.0080         31     0.1250  0.000e+00
     -0.179    14.9807   0.000178     0.0080         32     0.1292  0.000e+00
     -0.179    14.9807   0.000172     0.0079         33     0.1333  0.000e+00
     -0.179    14.9808   0.000178     0.0080         34     0.1375  0.000e+00
     -0.179    14.9807   0.000181     0.0080         35     0.1417  0.000e+00
     -0.176    14.9807   0.000181     0.0080         36     0.1458  0.000e+00
     -0.179    14.9807   0.000178     0.0080         37     0.1500  0.000e+00
     -0.182    14.9807   0.000178     0.0080         38     0.1542  0.000e+00
     -0.182    14.9807   0.000178     0.0080         39     0.1583  0.000e+00
     -0.173    14.9808   0.000172     0.0079         40     0.1625  0.000e+00
     -0.182    14.9808   0.000178     0.0080         41     0.1667  0.000e+00
     -0.176    14.9806   0.000178     0.0080         42     0.1708  0.000e+00
     -0.182    14.9807   0.000178     0.0080         43     0.1750  0.000e+00
     -0.182    14.9808   0.000178     0.0080         44     0.1792  0.000e+00
     -0.179    14.9807   0.000172     0.0079         45     0.1833  0.000e+00
     -0.179    14.9805   0.000178     0.0080         46     0.1875  0.000e+00
     -0.182    14.9805   0.000178     0.0080         47     0.1917  0.000e+00
     -0.182    14.9805   0.000178     0.0080         48     0.1958  0.000e+00
     -0.176    14.9805   0.000172     0.0079         49     0.2000  0.000e+00
     -0.176    14.9808   0.000178     0.0080         50     0.2042  0.000e+00
     -0.176    14.9806   0.000178     0.0080         51     0.2083  0.000e+00
     -0.182    14.9804   0.000172     0.0079         52     0.2125  0.000e+00
     -0.182    14.9806   0.000178     0.0080         53     0.2167  0.000e+00
     -0.179    14.9806   0.000178     0.0080         54     0.2208  0.000e+00
     -0.182    14.9804   0.000178     0.0080         55     0.2250  0.000e+00
     -0.173    14.9806   0.000178     0.0080         56     0.2292  0.000e+00
     -0.179    14.9807   0.000181     0.0080         57     0.2333  0.000e+00
     -0.185    14.9803   0.000178     0.0080         58     0.2375  0.000e+00
     -0.176    14.9806   0.000178     0.0080         59     0.2417  0.000e+00
     -0.179    14.9806   0.000178     0.0080         60     0.2458  0.000e+00
     -0.173    14.9802   0.000172     0.0079         61     0.2500  0.000e+00
     -0.179    14.9803   0.000178     0.0080         62     0.2542  0.000e+00
     -0.179    14.9804   0.000178     0.0080         63     0.2583  0.000e+00
     -0.182    14.9803   0.000178     0.0080         64     0.2625  0.000e+00
     -0.182    14.9801   0.000181     0.0080         65     0.2667  0.000e+00
     -0.185    14.9799   0.000178     0.0080         66     0.2708  0.000e+00
     -0.176    14.9802   0.000178     0.0080         67     0.2750  0.000e+00
     -0.182    14.9800   0.000178     0.0080         68     0.2792  0.000e+00
     -0.179    14.9799   0.000178     0.0080         69     0.2833  0.000e+00
     -0.179    14.9799   0.000178     0.0080         70     0.2875  0.000e+00
     -0.182    14.9797   0.000181     0.0080         71     0.2917  0.000e+00
     -0.179    14.9799   0.000178     0.0080         72     0.2958  0.000e+00
     -0.182    14.9796   0.000178     0.0080         73     0.3000  0.000e+00
     -0.176    14.9798   0.000178     0.0080         74     0.3042  0.000e+00
     -0.182    14.9798   0.000178     0.0080         75     0.3083  0.000e+00
     -0.179    14.9797   0.000178     0.0080         76     0.3125  0.000e+00
     -0.182    14.9796   0.000178     0.0080         77     0.3167  0.000e+00
     -0.179    14.9794   0.000172     0.0079         78     0.3208  0.000e+00
     -0.179    14.9795   0.000178     0.0080         79     0.3250  0.000e+00
     -0.176    14.9795   0.000181     0.0080         80     0.3292  0.000e+00
     -0.182    14.9792   0.000172     0.0079         81     0.3333  0.000e+00
     -0.176    14.9793   0.000178     0.0080         82     0.3375  0.000e+00
     -0.176    14.9795   0.000187     0.0080         83     0.3417  0.000e+00
     -0.179    14.9797   0.000187     0.0080         84     0.3458  0.000e+00
     -0.179    14.9792   0.000202     0.0080         85     0.3500  0.000e+00
     -0.176    14.9793   0.000241     0.0082         86     0.3542  0.000e+00
     -0.176    14.9795   0.000235     0.0081         87     0.3583  0.000e+00
     -0.173    14.9793   0.000238     0.0081         88     0.3625  0.000e+00
     -0.182    14.9791   0.000229     0.0081         89     0.3667  0.000e+00
     -0.182    14.9792   0.000238     0.0081         90     0.3708  0.000e+00
     -0.176    14.9790   0.000235     0.0081         91     0.3750  0.000e+00
     -0.173    14.9788   0.000229     0.0081         92     0.3792  0.000e+00
     -0.173    14.9791   0.000238     0.0081         93     0.3833  0.000e+00
     -0.176    14.9789   0.000235     0.0081         94     0.3875  0.000e+00
     -0.167    14.9787   0.000232     0.0081         95     0.3917  0.000e+00
     -0.170    14.9783   0.000229     0.0081         96     0.3958  0.000e+00
     -0.173    14.9772   0.000232     0.0081         97     0.4000  0.000e+00
     -0.176    14.9767   0.000241     0.0082         98     0.4042  0.000e+00
     -0.176    14.9766   0.000235     0.0081         99     0.4083  0.000e+00
     -0.170    14.9764   0.000238     0.0081        100     0.4125  0.000e+00
     -0.136    14.9756   0.000229     0.0081        101     0.4167  0.000e+00
      0.132    14.9739   0.022927     0.1366        102     0.4208  0.000e+00
      0.368    14.8362   1.079030     7.7561        103     0.4250  0.000e+00
      0.534    14.6160   1.126934     8.1741        104     0.4292  0.000e+00
      0.618    14.6022   2.025526    15.4474        105     0.4333  0.000e+00
      0.624    14.6445   0.831138     5.8848        106     0.4375  0.000e+00
      0.576    14.6375   0.521081     3.5704        107     0.4417  0.000e+00
      0.498    14.6529   2.626542    20.5017        108     0.4458  0.000e+00
      0.380    14.7135   3.182673    25.2910        109     0.4500  0.000e+00
      0.304    14.8117   3.906764    31.6666        110     0.4542  0.000e+00
      0.325    14.8854   3.111105    24.5555        111     0.4583  0.000e+00
      0.389    14.9197   3.800399    30.6235        112     0.4625  0.000e+00
      0.473    14.9291   3.906597    31.5699        113     0.4667  0.000e+00
      0.585    14.9232   3.993845    32.3613        114     0.4708  0.000e+00
      0.700    14.9060   3.987434    32.3176        115     0.4750  0.000e+00
      0.836    14.8777   3.982883    32.2999        116     0.4792  0.000e+00
      0.963    14.8234   3.978960    32.3094        117     0.4833  0.000e+00
      1.104    14.7381   3.974161    32.3366        118     0.4875  0.000e+00
      1.271    14.6670   3.969716    32.3553        119     0.4917  0.000e+00
      1.443    14.6226   3.966927    32.3669        120     0.4958  0.000e+00
      1.636    14.5797   3.963282    32.3695        121     0.5000  0.000e+00
      1.829    14.5211   3.961736    32.4042        122     0.5042  0.000e+00
      2.022    14.4597   3.961710    32.4553        123     0.5083  0.000e+00
      2.200    14.4051   3.961545    32.4995        124     0.5125  0.000e+00
      2.415    14.3726   3.962262    32.5333        125     0.5167  0.000e+00
      2.644    14.3652   3.967668    32.5889        126     0.5208  0.000e+00
      2.886    14.3736   3.974804    32.6471        127     0.5250  0.000e+00
      3.106    14.3817   3.978986    32.6784        128     0.5292  0.000e+00
      3.294    14.3841   3.978314    32.6702        129     0.5333  0.000e+00
      3.433    14.3691   3.976001    32.6616        130     0.5375  0.000e+00
      3.544    14.3142   3.973057    32.6810        131     0.5417  0.000e+00
      3.647    14.2418   3.968454    32.7000        132     0.5458  0.000e+00
      3.716    14.1575   3.968554    32.7724        133     0.5500  0.000e+00
      3.783    14.1028   3.972588    32.8561        134     0.5542  0.000e+00
      3.843    14.0708   3.968290    32.8437        135     0.5583  0.000e+00
      3.904    14.0977   3.966005    32.7997        136     0.5625  0.000e+00
      3.976    14.1832   3.964118    32.7097        137     0.5667  0.000e+00
      4.052    14.2507   3.961787    32.6311        138     0.5708  0.000e+00
      4.115    14.2939   3.960146    32.5795        139     0.5750  0.000e+00
      4.169    14.3073   3.956954    32.5389        140     0.5792  0.000e+00
      4.233    14.3031   3.955389    32.5281        141     0.5833  0.000e+00
      4.305    14.2861   3.954394    32.5332        142     0.5875  0.000e+00
      4.372    14.2654   3.954083    32.5478        143     0.5917  0.000e+00
      4.462    14.2474   3.953254    32.5553        144     0.5958  0.000e+00
      4.559    14.2360   3.951901    32.5525        145     0.6000  0.000e+00
      4.656    14.2277   3.949507    32.5375        146     0.6042  0.000e+00
      4.773    14.2165   3.948228    32.5351        147     0.6083  0.000e+00
      4.906    14.1981   3.947088    32.5401        148     0.6125  0.000e+00
      5.042    14.1781   3.946996    32.5561        149     0.6167  0.000e+00
      5.202    14.1637   3.947016    32.5683        150     0.6208  0.000e+00
      5.365    14.1529   3.946141    32.5694        151     0.6250  0.000e+00
      5.528    14.1430   3.946168    32.5779        152     0.6292  0.000e+00
      5.697    14.1388   3.947845    32.5968        153     0.6333  0.000e+00
      5.860    14.1369   3.951830    32.6350        154     0.6375  0.000e+00
      6.029    14.1384   3.956413    32.6759        155     0.6417  0.000e+00
      6.189    14.1423   3.959645    32.7023        156     0.6458  0.000e+00
      6.349    14.1466   3.960481    32.7063        157     0.6500  0.000e+00
      6.494    14.1393   3.958504    32.6942        158     0.6542  0.000e+00
      6.627    14.0756   3.955724    32.7226        159     0.6583  0.000e+00
      6.754    13.9441   3.956655    32.8432        160     0.6625  0.000e+00
      6.887    13.8249   3.955801    32.9374        161     0.6667  0.000e+00
      7.017    13.8016   3.948539    32.8900        162     0.6708  0.000e+00
      7.138    13.8907   3.948067    32.8093        163     0.6750  0.000e+00
      7.258    13.9908   3.947562    32.7191        164     0.6792  0.000e+00
      7.370    14.0561   3.944745    32.6376        165     0.6833  0.000e+00
      7.479    14.0892   3.943373    32.5969        166     0.6875  0.000e+00
      7.581    14.1018   3.942849    32.5814        167     0.6917  0.000e+00
      7.678    14.1002   3.942684    32.5812        168     0.6958  0.000e+00
      7.772    14.0953   3.941763    32.5768        169     0.7000  0.000e+00
      7.859    14.0933   3.940889    32.5704        170     0.7042  0.000e+00
      7.950    14.0878   3.940207    32.5687        171     0.7083  0.000e+00
      8.040    14.0793   3.938617    32.5612        172     0.7125  0.000e+00
      8.131    14.0726   3.937511    32.5567        173     0.7167  0.000e+00
      8.225    14.0619   3.936426    32.5557        174     0.7208  0.000e+00
      8.318    14.0486   3.935195    32.5555        175     0.7250  0.000e+00
      8.415    14.0328   3.934414    32.5616        176     0.7292  0.000e+00
      8.520    14.0155   3.932812    32.5615        177     0.7333  0.000e+00
      8.635    14.0010   3.931608    32.5626        178     0.7375  0.000e+00
      8.750    13.9846   3.930199    32.5635        179     0.7417  0.000e+00
      8.874    13.9691   3.929134    32.5667        180     0.7458  0.000e+00
      9.004    13.9518   3.927910    32.5700        181     0.7500  0.000e+00
      9.130    13.9362   3.926217    32.5675        182     0.7542  0.000e+00
      9.254    13.9220   3.924637    32.5649        183     0.7583  0.000e+00
      9.387    13.9064   3.923017    32.5631        184     0.7625  0.000e+00
      9.517    13.8901   3.921430    32.5622        185     0.7667  0.000e+00
      9.647    13.8738   3.919421    32.5573        186     0.7708  0.000e+00
      9.776    13.8558   3.917868    32.5582        187     0.7750  0.000e+00
      9.912    13.8340   3.914631    32.5466        188     0.7792  0.000e+00
     10.039    13.8095   3.911910    32.5421        189     0.7833  0.000e+00
     10.184    13.7815   3.908867    32.5377        190     0.7875  0.000e+00
     10.320    13.7495   3.906055    32.5386        191     0.7917  0.000e+00
     10.465    13.7157   3.903277    32.5415        192     0.7958  0.000e+00
     10.616    13.6800   3.900190    32.5431        193     0.8000  0.000e+00
     10.755    13.6448   3.898489    32.5572        194     0.8042  0.000e+00
     10.885    13.6089   3.895081    32.5560        195     0.8083  0.000e+00
     11.014    13.5772   3.891746    32.5518        196     0.8125  0.000e+00
     11.126    13.5456   3.887048    32.5349        197     0.8167  0.000e+00
     11.226    13.5061   3.885883    32.5577        198     0.8208  0.000e+00
     11.325    13.4588   3.882492    32.5663        199     0.8250  0.000e+00
     11.419    13.4156   3.879234    32.5727        200     0.8292  0.000e+00
     11.494    13.3760   3.876063    32.5768        201     0.8333  0.000e+00
     11.564    13.3368   3.871919    32.5715        202     0.8375  0.000e+00
     11.639    13.2983   3.869717    32.5837        203     0.8417  0.000e+00
     11.712    13.2553   3.867705    32.6017        204     0.8458  0.000e+00
     11.778    13.2141   3.865425    32.6156        205     0.8500  0.000e+00
     11.869    13.1797   3.861910    32.6120        206     0.8542  0.000e+00
     11.972    13.1497   3.857017    32.5917        207     0.8583  0.000e+00
     12.086    13.1146   3.853472    32.5885        208     0.8625  0.000e+00
     12.222    13.0664   3.850080    32.5978        209     0.8667  0.000e+00
     12.367    13.0162   3.846230    32.6046        210     0.8708  0.000e+00
     12.512    12.9708   3.841568    32.5996        211     0.8750  0.000e+00
     12.669    12.9275   3.839346    32.6159        212     0.8792  0.000e+00
     12.832    12.8796   3.837138    32.6362        213     0.8833  0.000e+00
     12.992    12.8432   3.834354    32.6411        214     0.8875  0.000e+00
     13.152    12.8135   3.833346    32.6572        215     0.8917  0.000e+00
