HB2302/sbe045.cnv
* Sea-Bird SBE 19plus V2 Data File:
* FileName = C:\cruise\data\sbe045.hex
* Software Version Seasave V 7.26.7.121
* Temperature SN = 4758
* Conductivity SN = 4758
* System UpLoad Time = Jun 13 2023 08:57:20
* NMEA Latitude = 38 34.11 N
* NMEA Longitude = 074 33.62 W
* NMEA UTC (Time) = Jun 13 2023 08:57:21
** Cruise: HB2302
** Program: Ecomon
** Chief Scientist: Jerry Prezioso
# nquan = 7
# nvalues = 1696                                  
# units = specified
# name 0 = depSM: Depth [salt water, m]
# name 1 = tv290C: Temperature [ITS-90, deg C]
# name 2 = c0S/m: Conductivity [S/m]
# name 3 = sal00: Salinity, Practical [PSU]
# name 4 = scan: Scan Count
# name 5 = timeM: Time, Elapsed [minutes]
# name 6 = flag:  0.000e+00
# span 0 =     -0.157,     28.593                 
# span 1 =    13.1696,    18.1256                 
# span 2 =   0.000044,   4.252107                 
# span 3 =     0.0090,    33.0770                 
# span 4 =         11,       1706                 
# span 5 =     0.0417,     7.1042                 
# span 6 = 0.0000e+00, 0.0000e+00                 
# interval = seconds: 0.25
# start_time = Jun 13 2023 08:57:21 [NMEA time, header]
# bad_flag = -9.990e-29
*END*
[from data line 1436]
      7.463    17.9764   4.166092    31.4227       1447     6.0250  0.000e+00
      7.429    17.9726   4.166817    31.4317       1448     6.0292  0.000e+00
      7.372    17.9753   4.166912    31.4305       1449     6.0333  0.000e+00
      7.296    17.9798   4.167447    31.4315       1450     6.0375  0.000e+00
      7.194    17.9862   4.167881    31.4303       1451     6.0417  0.000e+00
      7.082    17.9934   4.168023    31.4260       1452     6.0458  0.000e+00
      6.976    17.9990   4.168131    31.4226       1453     6.0500  0.000e+00
      6.888    18.0038   4.168267    31.4201       1454     6.0542  0.000e+00
      6.804    18.0072   4.168761    31.4217       1455     6.0583  0.000e+00
      6.734    18.0132   4.168822    31.4176       1456     6.0625  0.000e+00
      6.686    18.0176   4.168232    31.4093       1457     6.0667  0.000e+00
      6.659    18.0156   4.168219    31.4108       1458     6.0708  0.000e+00
      6.641    18.0129   4.168382    31.4142       1459     6.0750  0.000e+00
      6.647    18.0128   4.168456    31.4149       1460     6.0792  0.000e+00
      6.689    18.0139   4.168537    31.4147       1461     6.0833  0.000e+00
      6.713    18.0153   4.168605    31.4142       1462     6.0875  0.000e+00
      6.767    18.0176   4.168992    31.4156       1463     6.0917  0.000e+00
      6.810    18.0226   4.169615    31.4171       1464     6.0958  0.000e+00
      6.861    18.0323   4.170361    31.4158       1465     6.1000  0.000e+00
      6.897    18.0464   4.170727    31.4081       1466     6.1042  0.000e+00
      6.918    18.0593   4.170482    31.3961       1467     6.1083  0.000e+00
      6.930    18.0643   4.170414    31.3917       1468     6.1125  0.000e+00
      6.912    18.0636   4.169954    31.3884       1469     6.1167  0.000e+00
      6.870    18.0566   4.170028    31.3944       1470     6.1208  0.000e+00
      6.803    18.0519   4.170055    31.3982       1471     6.1250  0.000e+00
      6.722    18.0502   4.170171    31.4005       1472     6.1292  0.000e+00
      6.631    18.0510   4.170259    31.4007       1473     6.1333  0.000e+00
      6.528    18.0519   4.170292    31.4004       1474     6.1375  0.000e+00
      6.414    18.0529   4.170584    31.4021       1475     6.1417  0.000e+00
      6.299    18.0553   4.170584    31.4003       1476     6.1458  0.000e+00
      6.202    18.0572   4.170150    31.3952       1477     6.1500  0.000e+00
      6.135    18.0552   4.170177    31.3970       1478     6.1542  0.000e+00
      6.090    18.0527   4.169933    31.3969       1479     6.1583  0.000e+00
      6.078    18.0498   4.169750    31.3976       1480     6.1625  0.000e+00
      6.066    18.0464   4.169764    31.4003       1481     6.1667  0.000e+00
      6.093    18.0442   4.169926    31.4034       1482     6.1708  0.000e+00
      6.120    18.0447   4.169981    31.4034       1483     6.1750  0.000e+00
      6.150    18.0460   4.170130    31.4036       1484     6.1792  0.000e+00
      6.196    18.0475   4.169933    31.4008       1485     6.1833  0.000e+00
      6.244    18.0466   4.170055    31.4025       1486     6.1875  0.000e+00
      6.271    18.0466   4.170150    31.4033       1487     6.1917  0.000e+00
      6.289    18.0484   4.170333    31.4034       1488     6.1958  0.000e+00
      6.289    18.0508   4.170340    31.4016       1489     6.2000  0.000e+00
      6.265    18.0530   4.170611    31.4022       1490     6.2042  0.000e+00
      6.199    18.0568   4.170753    31.4006       1491     6.2083  0.000e+00
      6.096    18.0610   4.170814    31.3979       1492     6.2125  0.000e+00
      5.990    18.0642   4.170828    31.3956       1493     6.2167  0.000e+00
      5.893    18.0664   4.170861    31.3942       1494     6.2208  0.000e+00
      5.803    18.0673   4.170943    31.3942       1495     6.2250  0.000e+00
      5.736    18.0688   4.171017    31.3938       1496     6.2292  0.000e+00
      5.679    18.0710   4.171017    31.3921       1497     6.2333  0.000e+00
      5.636    18.0713   4.170888    31.3908       1498     6.2375  0.000e+00
      5.606    18.0701   4.170970    31.3924       1499     6.2417  0.000e+00
      5.585    18.0703   4.170963    31.3922       1500     6.2458  0.000e+00
      5.567    18.0703   4.170997    31.3925       1501     6.2500  0.000e+00
      5.558    18.0709   4.171038    31.3924       1502     6.2542  0.000e+00
      5.567    18.0719   4.171017    31.3914       1503     6.2583  0.000e+00
      5.564    18.0723   4.171112    31.3919       1504     6.2625  0.000e+00
      5.570    18.0736   4.171268    31.3922       1505     6.2667  0.000e+00
      5.573    18.0787   4.171309    31.3887       1506     6.2708  0.000e+00
      5.564    18.0831   4.171342    31.3856       1507     6.2750  0.000e+00
      5.558    18.0855   4.171309    31.3834       1508     6.2792  0.000e+00
      5.539    18.0869   4.171315    31.3824       1509     6.2833  0.000e+00
      5.527    18.0892   4.171214    31.3798       1510     6.2875  0.000e+00
      5.509    18.0942   4.171295    31.3767       1511     6.2917  0.000e+00
      5.494    18.0961   4.171308    31.3753       1512     6.2958  0.000e+00
      5.488    18.0915   4.171166    31.3777       1513     6.3000  0.000e+00
      5.470    18.0837   4.171139    31.3834       1514     6.3042  0.000e+00
      5.443    18.0786   4.171193    31.3878       1515     6.3083  0.000e+00
      5.406    18.0763   4.171139    31.3891       1516     6.3125  0.000e+00
      5.361    18.0745   4.171092    31.3901       1517     6.3167  0.000e+00
      5.291    18.0730   4.171139    31.3917       1518     6.3208  0.000e+00
      5.210    18.0747   4.171241    31.3913       1519     6.3250  0.000e+00
      5.101    18.0813   4.171213    31.3861       1520     6.3292  0.000e+00
      4.983    18.0851   4.171240    31.3834       1521     6.3333  0.000e+00
      4.868    18.0890   4.170895    31.3775       1522     6.3375  0.000e+00
      4.769    18.0983   4.171139    31.3725       1523     6.3417  0.000e+00
      4.699    18.1007   4.171166    31.3709       1524     6.3458  0.000e+00
      4.654    18.0997   4.171213    31.3720       1525     6.3500  0.000e+00
      4.624    18.0977   4.171213    31.3736       1526     6.3542  0.000e+00
      4.621    18.0970   4.171267    31.3746       1527     6.3583  0.000e+00
      4.630    18.0971   4.171233    31.3743       1528     6.3625  0.000e+00
      4.651    18.0964   4.171294    31.3753       1529     6.3667  0.000e+00
      4.678    18.0949   4.171261    31.3761       1530     6.3708  0.000e+00
      4.717    18.0927   4.171193    31.3772       1531     6.3750  0.000e+00
      4.781    18.0921   4.171186    31.3776       1532     6.3792  0.000e+00
      4.838    18.0938   4.171193    31.3764       1533     6.3833  0.000e+00
      4.868    18.0951   4.171267    31.3760       1534     6.3875  0.000e+00
      4.895    18.0977   4.171186    31.3733       1535     6.3917  0.000e+00
      4.898    18.0991   4.171267    31.3729       1536     6.3958  0.000e+00
      4.895    18.0959   4.171261    31.3753       1537     6.4000  0.000e+00
      4.892    18.0914   4.171213    31.3783       1538     6.4042  0.000e+00
      4.874    18.0890   4.171308    31.3810       1539     6.4083  0.000e+00
      4.856    18.0878   4.171240    31.3814       1540     6.4125  0.000e+00
      4.829    18.0858   4.171498    31.3851       1541     6.4167  0.000e+00
      4.774    18.0893   4.171573    31.3830       1542     6.4208  0.000e+00
      4.708    18.0950   4.171620    31.3790       1543     6.4250  0.000e+00
      4.602    18.0985   4.171647    31.3767       1544     6.4292  0.000e+00
      4.478    18.0996   4.171620    31.3756       1545     6.4333  0.000e+00
      4.342    18.0986   4.171674    31.3769       1546     6.4375  0.000e+00
      4.215    18.0972   4.171647    31.3778       1547     6.4417  0.000e+00
      4.094    18.0977   4.171721    31.3781       1548     6.4458  0.000e+00
      4.010    18.0963   4.171694    31.3789       1549     6.4500  0.000e+00
      3.955    18.0952   4.171694    31.3798       1550     6.4542  0.000e+00
      3.940    18.0977   4.171647    31.3775       1551     6.4583  0.000e+00
      3.958    18.1008   4.171647    31.3751       1552     6.4625  0.000e+00
      4.004    18.1025   4.171694    31.3742       1553     6.4667  0.000e+00
      4.055    18.1021   4.171721    31.3747       1554     6.4708  0.000e+00
      4.106    18.0995   4.171742    31.3769       1555     6.4750  0.000e+00
      4.158    18.0973   4.171721    31.3784       1556     6.4792  0.000e+00
      4.194    18.0959   4.171667    31.3790       1557     6.4833  0.000e+00
      4.224    18.0943   4.171647    31.3800       1558     6.4875  0.000e+00
      4.230    18.0938   4.171620    31.3802       1559     6.4917  0.000e+00
      4.209    18.0979   4.171647    31.3772       1560     6.4958  0.000e+00
      4.151    18.1027   4.171694    31.3740       1561     6.5000  0.000e+00
      4.070    18.1034   4.171674    31.3733       1562     6.5042  0.000e+00
      3.970    18.1029   4.171667    31.3737       1563     6.5083  0.000e+00
      3.870    18.1013   4.171674    31.3750       1564     6.5125  0.000e+00
      3.774    18.1002   4.171647    31.3757       1565     6.5167  0.000e+00
      3.698    18.1022   4.171694    31.3745       1566     6.5208  0.000e+00
      3.647    18.1039   4.171694    31.3733       1567     6.5250  0.000e+00
      3.607    18.1033   4.171721    31.3739       1568     6.5292  0.000e+00
      3.580    18.1004   4.171775    31.3766       1569     6.5333  0.000e+00
      3.556    18.0985   4.171836    31.3786       1570     6.5375  0.000e+00
      3.541    18.0981   4.171877    31.3792       1571     6.5417  0.000e+00
      3.505    18.0988   4.171863    31.3786       1572     6.5458  0.000e+00
      3.459    18.0992   4.171572    31.3759       1573     6.5500  0.000e+00
      3.384    18.1030   4.171307    31.3708       1574     6.5542  0.000e+00
      3.284    18.1101   4.171294    31.3653       1575     6.5583  0.000e+00
      3.199    18.1152   4.171260    31.3611       1576     6.5625  0.000e+00
      3.142    18.1188   4.171314    31.3588       1577     6.5667  0.000e+00
      3.124    18.1217   4.171280    31.3564       1578     6.5708  0.000e+00
      3.139    18.1235   4.171266    31.3549       1579     6.5750  0.000e+00
      3.169    18.1245   4.171260    31.3540       1580     6.5792  0.000e+00
      3.202    18.1247   4.171239    31.3537       1581     6.5833  0.000e+00
      3.223    18.1247   4.171232    31.3536       1582     6.5875  0.000e+00
      3.250    18.1247   4.171293    31.3541       1583     6.5917  0.000e+00
      3.268    18.1247   4.171260    31.3538       1584     6.5958  0.000e+00
      3.271    18.1247   4.171266    31.3539       1585     6.6000  0.000e+00
      3.271    18.1246   4.171280    31.3541       1586     6.6042  0.000e+00
      3.241    18.1237   4.171239    31.3544       1587     6.6083  0.000e+00
      3.172    18.1223   4.171232    31.3555       1588     6.6125  0.000e+00
      3.072    18.1211   4.171266    31.3566       1589     6.6167  0.000e+00
      2.951    18.1205   4.171260    31.3572       1590     6.6208  0.000e+00
      2.839    18.1195   4.171090    31.3565       1591     6.6250  0.000e+00
      2.733    18.1192   4.171307    31.3586       1592     6.6292  0.000e+00
      2.625    18.1187   4.171212    31.3582       1593     6.6333  0.000e+00
      2.522    18.1195   4.171280    31.3582       1594     6.6375  0.000e+00
      2.437    18.1201   4.171212    31.3572       1595     6.6417  0.000e+00
      2.374    18.1205   4.171090    31.3559       1596     6.6458  0.000e+00
      2.337    18.1215   4.171090    31.3552       1597     6.6500  0.000e+00
      2.313    18.1223   4.171164    31.3552       1598     6.6542  0.000e+00
      2.301    18.1222   4.171212    31.3557       1599     6.6583  0.000e+00
      2.316    18.1217   4.171063    31.3547       1600     6.6625  0.000e+00
      2.331    18.1215   4.171090    31.3552       1601     6.6667  0.000e+00
      2.346    18.1217   4.171164    31.3556       1602     6.6708  0.000e+00
      2.355    18.1217   4.171137    31.3554       1603     6.6750  0.000e+00
      2.370    18.1219   4.171015    31.3542       1604     6.6792  0.000e+00
      2.370    18.1223   4.171063    31.3543       1605     6.6833  0.000e+00
      2.367    18.1233   4.171090    31.3538       1606     6.6875  0.000e+00
      2.355    18.1236   4.171015    31.3529       1607     6.6917  0.000e+00
      2.343    18.1237   4.170988    31.3526       1608     6.6958  0.000e+00
      2.334    18.1237   4.170995    31.3527       1609     6.7000  0.000e+00
      2.319    18.1236   4.170961    31.3524       1610     6.7042  0.000e+00
      2.295    18.1236   4.171015    31.3529       1611     6.7083  0.000e+00
      2.255    18.1235   4.170859    31.3517       1612     6.7125  0.000e+00
      2.204    18.1231   4.170771    31.3513       1613     6.7167  0.000e+00
      2.138    18.1225   4.170737    31.3515       1614     6.7208  0.000e+00
      2.044    18.1217   4.170656    31.3514       1615     6.7250  0.000e+00
      1.956    18.1210   4.170683    31.3523       1616     6.7292  0.000e+00
      1.860    18.1207   4.170608    31.3519       1617     6.7333  0.000e+00
      1.775    18.1205   4.170554    31.3516       1618     6.7375  0.000e+00
      1.702    18.1199   4.170534    31.3520       1619     6.7417  0.000e+00
      1.633    18.1194   4.170534    31.3523       1620     6.7458  0.000e+00
      1.560    18.1193   4.170506    31.3522       1621     6.7500  0.000e+00
      1.479    18.1190   4.170832    31.3552       1622     6.7542  0.000e+00
      1.343    18.1201   4.170554    31.3521       1623     6.7583  0.000e+00
      1.186    18.1201   4.170479    31.3515       1624     6.7625  0.000e+00
      1.041    18.1196   4.170750    31.3542       1625     6.7667  0.000e+00
      0.941    18.1199   4.170859    31.3549       1626     6.7708  0.000e+00
      0.823    18.1214   4.170913    31.3543       1627     6.7750  0.000e+00
      0.732    18.1225   4.170893    31.3533       1628     6.7792  0.000e+00
      0.757    18.1229   4.170913    31.3532       1629     6.7833  0.000e+00
      0.890    18.1233   4.170920    31.3529       1630     6.7875  0.000e+00
      1.004    18.1235   4.170913    31.3526       1631     6.7917  0.000e+00
      1.116    18.1235   4.170893    31.3524       1632     6.7958  0.000e+00
      1.225    18.1231   4.170913    31.3528       1633     6.8000  0.000e+00
      1.330    18.1232   4.170893    31.3525       1634     6.8042  0.000e+00
      1.439    18.1230   4.170859    31.3524       1635     6.8083  0.000e+00
      1.554    18.1231   4.170845    31.3521       1636     6.8125  0.000e+00
      1.642    18.1233   4.170886    31.3523       1637     6.8167  0.000e+00
      1.639    18.1233   4.170920    31.3526       1638     6.8208  0.000e+00
      1.554    18.1232   4.170913    31.3526       1639     6.8250  0.000e+00
      1.418    18.1231   4.170920    31.3528       1640     6.8292  0.000e+00
      1.222    18.1229   4.170913    31.3529       1641     6.8333  0.000e+00
      1.025    18.1227   4.170703    31.3514       1642     6.8375  0.000e+00
      0.883    18.1217   4.170404    31.3498       1643     6.8417  0.000e+00
      0.753    18.1205   4.170845    31.3544       1644     6.8458  0.000e+00
      0.581    18.1207   4.170811    31.3540       1645     6.8500  0.000e+00
      0.499    18.1208   4.170506    31.3514       1646     6.8542  0.000e+00
      0.581    18.1201   4.170655    31.3532       1647     6.8583  0.000e+00
      0.653    18.1199   4.170655    31.3533       1648     6.8625  0.000e+00
      0.668    18.1199   4.170533    31.3522       1649     6.8667  0.000e+00
      0.720    18.1197   4.170533    31.3524       1650     6.8708  0.000e+00
      0.777    18.1196   4.170608    31.3531       1651     6.8750  0.000e+00
