HB2302/sbe014.cnv
* Sea-Bird SBE 19plus V2 Data File:
* FileName = C:\cruise\data\sbe014.hex
* Software Version Seasave V 7.26.7.121
* Temperature SN = 4758
* Conductivity SN = 4758
* System UpLoad Time = Jun 10 2023 07:13:17
* NMEA Latitude = 39 48.56 N
* NMEA Longitude = 072 09.06 W
* NMEA UTC (Time) = Jun 10 2023 07:13:19
** Cruise: HB2302
** Program: Ecomon
** Chief Scientist: Jerry Prezioso
# nquan = 7
# nvalues = 2057                                  
# units = specified
# name 0 = depSM: Depth [salt water, m]
# name 1 = tv290C: Temperature [ITS-90, deg C]
# name 2 = c0S/m: Conductivity [S/m]
# name 3 = sal00: Salinity, Practical [PSU]
# name 4 = scan: Scan Count
# name 5 = timeM: Time, Elapsed [minutes]
# name 6 = flag:  0.000e+00
# span 0 =     -0.164,     87.398                 
# span 1 =     7.7095,    15.2423                 
# span 2 =   0.000044,   4.130328                 
# span 3 =     0.0077,    34.0464                 
# span 4 =         11,       2067                 
# span 5 =     0.0417,     8.6083                 
# span 6 = 0.0000e+00, 0.0000e+00                 
# interval = seconds: 0.25
# start_time = Jun 10 2023 07:13:19 [NMEA time, header]
# bad_flag = -9.990e-29
*END*
[from data line 821]
     71.960     8.9252   3.550819    33.3233        832     3.4625  0.000e+00
     71.851     8.9111   3.550997    33.3385        833     3.4667  0.000e+00
     71.740     8.9029   3.550336    33.3394        834     3.4708  0.000e+00
     71.625     8.8971   3.550476    33.3463        835     3.4750  0.000e+00
     71.513     8.8940   3.550533    33.3498        836     3.4792  0.000e+00
     71.414     8.8931   3.549676    33.3418        837     3.4833  0.000e+00
     71.314     8.8898   3.547154    33.3186        838     3.4875  0.000e+00
     71.221     8.8790   3.546849    33.3256        839     3.4917  0.000e+00
     71.115     8.8698   3.545865    33.3240        840     3.4958  0.000e+00
     71.019     8.8621   3.545929    33.3319        841     3.5000  0.000e+00
     70.925     8.8576   3.545186    33.3284        842     3.5042  0.000e+00
     70.826     8.8524   3.543015    33.3107        843     3.5083  0.000e+00
     70.723     8.8422   3.542844    33.3185        844     3.5125  0.000e+00
     70.627     8.8345   3.542818    33.3256        845     3.5167  0.000e+00
     70.527     8.8306   3.542603    33.3270        846     3.5208  0.000e+00
     70.431     8.8280   3.542184    33.3251        847     3.5250  0.000e+00
     70.325     8.8253   3.541968    33.3254        848     3.5292  0.000e+00
     70.231     8.8226   3.541486    33.3230        849     3.5333  0.000e+00
     70.138     8.8191   3.539493    33.3055        850     3.5375  0.000e+00
     70.041     8.8103   3.539100    33.3097        851     3.5417  0.000e+00
     69.942     8.8027   3.539055    33.3164        852     3.5458  0.000e+00
     69.854     8.7986   3.539036    33.3201        853     3.5500  0.000e+00
     69.764     8.7966   3.538859    33.3201        854     3.5542  0.000e+00
     69.664     8.7952   3.538840    33.3213        855     3.5583  0.000e+00
     69.565     8.7942   3.538928    33.3232        856     3.5625  0.000e+00
     69.474     8.7941   3.538706    33.3210        857     3.5667  0.000e+00
     69.375     8.7933   3.538643    33.3212        858     3.5708  0.000e+00
     69.281     8.7926   3.538161    33.3168        859     3.5750  0.000e+00
     69.173     8.7911   3.538357    33.3203        860     3.5792  0.000e+00
     69.079     8.7900   3.538332    33.3211        861     3.5833  0.000e+00
     68.986     8.7895   3.536258    33.3000        862     3.5875  0.000e+00
     68.877     8.7812   3.534951    33.2941        863     3.5917  0.000e+00
     68.780     8.7721   3.537768    33.3322        864     3.5958  0.000e+00
     68.675     8.7765   3.537419    33.3245        865     3.6000  0.000e+00
     68.572     8.7795   3.535801    33.3048        866     3.6042  0.000e+00
     68.488     8.7755   3.535034    33.3005        867     3.6083  0.000e+00
     68.394     8.7666   3.530520    33.2617        868     3.6125  0.000e+00
     68.301     8.7464   3.530038    33.2756        869     3.6167  0.000e+00
     68.207     8.7309   3.531503    33.3055        870     3.6208  0.000e+00
     68.129     8.7265   3.530190    33.2960        871     3.6250  0.000e+00
     68.044     8.7224   3.530824    33.3065        872     3.6292  0.000e+00
     67.954     8.7210   3.528866    33.2874        873     3.6333  0.000e+00
     67.875     8.7137   3.529062    33.2963        874     3.6375  0.000e+00
     67.800     8.7088   3.528974    33.3000        875     3.6417  0.000e+00
     67.716     8.7066   3.526819    33.2795        876     3.6458  0.000e+00
     67.640     8.6971   3.521879    33.2367        877     3.6500  0.000e+00
     67.559     8.6724   3.517903    33.2182        878     3.6542  0.000e+00
     67.474     8.6400   3.511374    33.1802        879     3.6583  0.000e+00
     67.390     8.5972   3.498835    33.0886        880     3.6625  0.000e+00
     67.287     8.5289   3.488389    33.0427        881     3.6667  0.000e+00
     67.197     8.4440   3.486737    33.1050        882     3.6708  0.000e+00
     67.091     8.3874   3.485993    33.1504        883     3.6750  0.000e+00
     66.992     8.3558   3.485987    33.1801        884     3.6792  0.000e+00
     66.871     8.3409   3.487192    33.2070        885     3.6833  0.000e+00
     66.768     8.3387   3.487337    33.2107        886     3.6875  0.000e+00
     66.660     8.3401   3.487444    33.2105        887     3.6917  0.000e+00
     66.548     8.3417   3.487060    33.2050        888     3.6958  0.000e+00
     66.452     8.3402   3.485943    33.1947        889     3.7000  0.000e+00
     66.340     8.3357   3.486246    33.2021        890     3.7042  0.000e+00
     66.244     8.3348   3.487299    33.2141        891     3.7083  0.000e+00
     66.144     8.3380   3.487753    33.2160        892     3.7125  0.000e+00
     66.038     8.3423   3.483175    33.1635        893     3.7167  0.000e+00
     65.951     8.3223   3.466672    33.0079        894     3.7208  0.000e+00
     65.860     8.2486   3.459194    32.9979        895     3.7250  0.000e+00
     65.761     8.1747   3.459427    33.0700        896     3.7292  0.000e+00
     65.673     8.1238   3.448161    32.9982        897     3.7333  0.000e+00
     65.577     8.0662   3.449631    33.0682        898     3.7375  0.000e+00
     65.489     8.0261   3.445958    33.0670        899     3.7417  0.000e+00
     65.399     7.9975   3.446260    33.0973        900     3.7458  0.000e+00
     65.318     7.9821   3.445707    33.1060        901     3.7500  0.000e+00
     65.221     7.9735   3.444709    33.1036        902     3.7542  0.000e+00
     65.133     7.9648   3.444609    33.1107        903     3.7583  0.000e+00
     65.037     7.9596   3.444521    33.1148        904     3.7625  0.000e+00
     64.946     7.9569   3.444772    33.1200        905     3.7667  0.000e+00
     64.844     7.9567   3.445136    33.1242        906     3.7708  0.000e+00
     64.747     7.9582   3.445055    33.1219        907     3.7750  0.000e+00
     64.639     7.9595   3.444753    33.1176        908     3.7792  0.000e+00
     64.533     7.9588   3.444182    33.1122        909     3.7833  0.000e+00
     64.425     7.9562   3.444477    33.1178        910     3.7875  0.000e+00
     64.319     7.9551   3.444521    33.1194        911     3.7917  0.000e+00
     64.219     7.9560   3.445211    33.1259        912     3.7958  0.000e+00
     64.120     7.9583   3.444835    33.1197        913     3.8000  0.000e+00
     64.020     7.9596   3.444690    33.1171        914     3.8042  0.000e+00
     63.933     7.9592   3.444728    33.1179        915     3.8083  0.000e+00
     63.839     7.9590   3.444728    33.1181        916     3.8125  0.000e+00
     63.755     7.9587   3.444433    33.1153        917     3.8167  0.000e+00
     63.661     7.9578   3.444646    33.1185        918     3.8208  0.000e+00
     63.580     7.9576   3.444075    33.1126        919     3.8250  0.000e+00
     63.492     7.9561   3.443711    33.1102        920     3.8292  0.000e+00
     63.408     7.9528   3.443140    33.1072        921     3.8333  0.000e+00
     63.314     7.9492   3.442719    33.1062        922     3.8375  0.000e+00
     63.227     7.9454   3.443479    33.1180        923     3.8417  0.000e+00
     63.137     7.9461   3.443673    33.1194        924     3.8458  0.000e+00
     63.046     7.9476   3.443843    33.1198        925     3.8500  0.000e+00
     62.952     7.9496   3.443893    33.1185        926     3.8542  0.000e+00
     62.865     7.9507   3.443817    33.1167        927     3.8583  0.000e+00
     62.784     7.9509   3.443334    33.1114        928     3.8625  0.000e+00
     62.687     7.9495   3.443478    33.1144        929     3.8667  0.000e+00
     62.597     7.9490   3.443842    33.1188        930     3.8708  0.000e+00
     62.512     7.9500   3.443937    33.1188        931     3.8750  0.000e+00
     62.428     7.9518   3.443987    33.1177        932     3.8792  0.000e+00
     62.337     7.9528   3.443905    33.1159        933     3.8833  0.000e+00
     62.256     7.9531   3.444049    33.1172        934     3.8875  0.000e+00
     62.162     7.9534   3.442687    33.1024        935     3.8917  0.000e+00
     62.075     7.9494   3.442462    33.1038        936     3.8958  0.000e+00
     61.987     7.9446   3.443711    33.1217        937     3.9000  0.000e+00
     61.897     7.9463   3.444200    33.1254        938     3.9042  0.000e+00
     61.806     7.9510   3.444627    33.1256        939     3.9083  0.000e+00
     61.719     7.9559   3.444583    33.1205        940     3.9125  0.000e+00
     61.631     7.9582   3.444627    33.1188        941     3.9167  0.000e+00
     61.541     7.9597   3.444878    33.1201        942     3.9208  0.000e+00
     61.456     7.9614   3.444966    33.1195        943     3.9250  0.000e+00
     61.381     7.9628   3.444783    33.1163        944     3.9292  0.000e+00
     61.303     7.9630   3.444965    33.1181        945     3.9333  0.000e+00
     61.218     7.9633   3.444965    33.1178        946     3.9375  0.000e+00
     61.140     7.9640   3.445091    33.1185        947     3.9417  0.000e+00
     61.064     7.9648   3.444859    33.1154        948     3.9458  0.000e+00
     60.980     7.9641   3.443271    33.0991        949     3.9500  0.000e+00
     60.901     7.9583   3.443647    33.1086        950     3.9542  0.000e+00
     60.823     7.9531   3.440328    33.0781        951     3.9583  0.000e+00
     60.742     7.9411   3.439694    33.0828        952     3.9625  0.000e+00
     60.666     7.9283   3.439669    33.0947        953     3.9667  0.000e+00
     60.582     7.9210   3.439575    33.1006        954     3.9708  0.000e+00
     60.497     7.9169   3.438553    33.0936        955     3.9750  0.000e+00
     60.416     7.9120   3.438383    33.0965        956     3.9792  0.000e+00
     60.331     7.9076   3.438847    33.1057        957     3.9833  0.000e+00
     60.241     7.9068   3.439305    33.1114        958     3.9875  0.000e+00
     60.150     7.9086   3.438590    33.1020        959     3.9917  0.000e+00
     60.063     7.9083   3.439142    33.1082        960     3.9958  0.000e+00
     59.978     7.9087   3.438785    33.1041        961     4.0000  0.000e+00
     59.882     7.9084   3.438546    33.1018        962     4.0042  0.000e+00
     59.791     7.9071   3.438803    33.1059        963     4.0083  0.000e+00
     59.713     7.9071   3.438891    33.1069        964     4.0125  0.000e+00
     59.629     7.9079   3.439035    33.1077        965     4.0167  0.000e+00
     59.544     7.9089   3.439393    33.1106        966     4.0208  0.000e+00
     59.463     7.9106   3.440196    33.1176        967     4.0250  0.000e+00
     59.384     7.9151   3.439819    33.1094        968     4.0292  0.000e+00
     59.309     7.9174   3.439650    33.1054        969     4.0333  0.000e+00
     59.236     7.9167   3.438822    33.0972        970     4.0375  0.000e+00
     59.173     7.9134   3.438659    33.0987        971     4.0417  0.000e+00
     59.092     7.9102   3.438508    33.1001        972     4.0458  0.000e+00
     59.025     7.9077   3.438508    33.1025        973     4.0500  0.000e+00
     58.950     7.9067   3.438508    33.1035        974     4.0542  0.000e+00
     58.887     7.9060   3.438502    33.1041        975     4.0583  0.000e+00
     58.811     7.9060   3.438527    33.1045        976     4.0625  0.000e+00
     58.739     7.9059   3.438652    33.1059        977     4.0667  0.000e+00
     58.681     7.9065   3.438615    33.1050        978     4.0708  0.000e+00
     58.600     7.9066   3.438822    33.1071        979     4.0750  0.000e+00
     58.537     7.9074   3.438659    33.1046        980     4.0792  0.000e+00
     58.467     7.9077   3.438847    33.1064        981     4.0833  0.000e+00
     58.398     7.9085   3.439098    33.1083        982     4.0875  0.000e+00
     58.317     7.9099   3.438866    33.1046        983     4.0917  0.000e+00
     58.238     7.9101   3.438859    33.1043        984     4.0958  0.000e+00
     58.160     7.9098   3.438784    33.1039        985     4.1000  0.000e+00
     58.075     7.9095   3.439160    33.1082        986     4.1042  0.000e+00
     57.997     7.9108   3.439267    33.1082        987     4.1083  0.000e+00
     57.912     7.9122   3.439097    33.1051        988     4.1125  0.000e+00
     57.831     7.9127   3.439235    33.1061        989     4.1167  0.000e+00
     57.749     7.9130   3.439461    33.1083        990     4.1208  0.000e+00
     57.671     7.9142   3.439562    33.1083        991     4.1250  0.000e+00
     57.587     7.9153   3.439461    33.1062        992     4.1292  0.000e+00
     57.511     7.9158   3.439593    33.1072        993     4.1333  0.000e+00
     57.430     7.9163   3.439649    33.1074        994     4.1375  0.000e+00
     57.348     7.9170   3.439712    33.1074        995     4.1417  0.000e+00
     57.273     7.9177   3.439731    33.1069        996     4.1458  0.000e+00
     57.191     7.9182   3.439768    33.1069        997     4.1500  0.000e+00
     57.107     7.9185   3.439756    33.1065        998     4.1542  0.000e+00
     57.023     7.9187   3.439693    33.1058        999     4.1583  0.000e+00
     56.935     7.9186   3.439542    33.1042       1000     4.1625  0.000e+00
     56.851     7.9179   3.439561    33.1052       1001     4.1667  0.000e+00
     56.760     7.9175   3.439461    33.1045       1002     4.1708  0.000e+00
     56.673     7.9169   3.439122    33.1015       1003     4.1750  0.000e+00
     56.588     7.9154   3.439015    33.1018       1004     4.1792  0.000e+00
     56.501     7.9137   3.438909    33.1023       1005     4.1833  0.000e+00
     56.419     7.9126   3.438884    33.1031       1006     4.1875  0.000e+00
     56.332     7.9117   3.438783    33.1030       1007     4.1917  0.000e+00
     56.250     7.9109   3.438357    33.0992       1008     4.1958  0.000e+00
     56.169     7.9090   3.438652    33.1042       1009     4.2000  0.000e+00
     56.091     7.9089   3.438890    33.1069       1010     4.2042  0.000e+00
     56.015     7.9097   3.438614    33.1032       1011     4.2083  0.000e+00
     55.940     7.9096   3.438419    33.1012       1012     4.2125  0.000e+00
     55.855     7.9085   3.438444    33.1025       1013     4.2167  0.000e+00
     55.771     7.9081   3.438614    33.1048       1014     4.2208  0.000e+00
     55.686     7.9086   3.438526    33.1034       1015     4.2250  0.000e+00
     55.605     7.9087   3.438526    33.1034       1016     4.2292  0.000e+00
     55.515     7.9087   3.438294    33.1010       1017     4.2333  0.000e+00
     55.427     7.9080   3.438124    33.0998       1018     4.2375  0.000e+00
     55.340     7.9063   3.436876    33.0881       1019     4.2417  0.000e+00
     55.246     7.9008   3.436814    33.0927       1020     4.2458  0.000e+00
     55.171     7.8966   3.436268    33.0909       1021     4.2500  0.000e+00
     55.086     7.8929   3.437278    33.1053       1022     4.2542  0.000e+00
     55.014     7.8939   3.437259    33.1042       1023     4.2583  0.000e+00
     54.926     7.8956   3.437322    33.1032       1024     4.2625  0.000e+00
     54.845     7.8970   3.437409    33.1029       1025     4.2667  0.000e+00
     54.772     7.8980   3.437365    33.1015       1026     4.2708  0.000e+00
     54.700     7.8982   3.437491    33.1027       1027     4.2750  0.000e+00
     54.622     7.8989   3.437277    33.0998       1028     4.2792  0.000e+00
     54.558     7.8976   3.433691    33.0627       1029     4.2833  0.000e+00
     54.486     7.8854   3.432174    33.0580       1030     4.2875  0.000e+00
     54.423     7.8689   3.431347    33.0649       1031     4.2917  0.000e+00
     54.362     7.8545   3.428815    33.0514       1032     4.2958  0.000e+00
     54.305     7.8401   3.427430    33.0503       1033     4.3000  0.000e+00
     54.239     7.8248   3.426904    33.0592       1034     4.3042  0.000e+00
     54.184     7.8144   3.426353    33.0631       1035     4.3083  0.000e+00
