HB2302/sbe052.cnv
* Sea-Bird SBE 19plus V2 Data File:
* FileName = C:\cruise\data\sbe052.hex
* Software Version Seasave V 7.26.7.121
* Temperature SN = 4758
* Conductivity SN = 4758
* System UpLoad Time = Jun 13 2023 20:15:46
* NMEA Latitude = 39 42.42 N
* NMEA Longitude = 074 00.02 W
* NMEA UTC (Time) = Jun 13 2023 20:15:47
** Cruise: HB2302
** Program: Ecomon
** Chief Scientist: Jerry Prezioso
# nquan = 7
# nvalues = 1393                                  
# units = specified
# name 0 = depSM: Depth [salt water, m]
# name 1 = tv290C: Temperature [ITS-90, deg C]
# name 2 = c0S/m: Conductivity [S/m]
# name 3 = sal00: Salinity, Practical [PSU]
# name 4 = scan: Scan Count
# name 5 = timeM: Time, Elapsed [minutes]
# name 6 = flag:  0.000e+00
# span 0 =     -0.166,     18.719                 
# span 1 =    12.4531,    19.7534                 
# span 2 =   0.000011,   4.217054                 
# span 3 =     0.0098,    32.0170                 
# span 4 =         11,       1403                 
# span 5 =     0.0417,     5.8417                 
# span 6 = 0.0000e+00, 0.0000e+00                 
# interval = seconds: 0.25
# start_time = Jun 13 2023 20:15:47 [NMEA time, header]
# bad_flag = -9.990e-29
*END*
[from data line 821]
     10.394    17.7082   4.063509    30.7617        832     3.4625  0.000e+00
     10.398    17.7031   4.063570    30.7661        833     3.4667  0.000e+00
     10.392    17.6997   4.063469    30.7678        834     3.4708  0.000e+00
     10.373    17.6975   4.063670    30.7712        835     3.4750  0.000e+00
     10.346    17.6972   4.064328    30.7769        836     3.4792  0.000e+00
     10.319    17.7050   4.064972    30.7765        837     3.4833  0.000e+00
     10.280    17.7199   4.065656    30.7711        838     3.4875  0.000e+00
     10.238    17.7401   4.066293    30.7612        839     3.4917  0.000e+00
     10.186    17.7667   4.066346    30.7416        840     3.4958  0.000e+00
     10.138    17.7959   4.066661    30.7222        841     3.5000  0.000e+00
     10.096    17.8214   4.067150    30.7072        842     3.5042  0.000e+00
     10.051    17.8429   4.067251    30.6919        843     3.5083  0.000e+00
     10.015    17.8607   4.067304    30.6789        844     3.5125  0.000e+00
      9.975    17.8746   4.067371    30.6691        845     3.5167  0.000e+00
      9.948    17.8860   4.067076    30.6580        846     3.5208  0.000e+00
      9.915    17.8965   4.066955    30.6492        847     3.5250  0.000e+00
      9.879    17.9051   4.066975    30.6429        848     3.5292  0.000e+00
      9.855    17.9103   4.067176    30.6407        849     3.5333  0.000e+00
      9.834    17.9142   4.067149    30.6376        850     3.5375  0.000e+00
      9.816    17.9177   4.066981    30.6336        851     3.5417  0.000e+00
      9.788    17.9215   4.066974    30.6307        852     3.5458  0.000e+00
      9.773    17.9251   4.066659    30.6253        853     3.5500  0.000e+00
      9.743    17.9297   4.066565    30.6210        854     3.5542  0.000e+00
      9.719    17.9338   4.066417    30.6168        855     3.5583  0.000e+00
      9.710    17.9374   4.066223    30.6125        856     3.5625  0.000e+00
      9.680    17.9403   4.066538    30.6129        857     3.5667  0.000e+00
      9.668    17.9414   4.066659    30.6131        858     3.5708  0.000e+00
      9.644    17.9410   4.066464    30.6118        859     3.5750  0.000e+00
      9.623    17.9411   4.066129    30.6089        860     3.5792  0.000e+00
      9.602    17.9431   4.065827    30.6049        861     3.5833  0.000e+00
      9.571    17.9460   4.065505    30.6000        862     3.5875  0.000e+00
      9.517    17.9503   4.064820    30.5911        863     3.5917  0.000e+00
      9.469    17.9557   4.064230    30.5821        864     3.5958  0.000e+00
      9.420    17.9608   4.063539    30.5725        865     3.6000  0.000e+00
      9.369    17.9647   4.063103    30.5660        866     3.6042  0.000e+00
      9.321    17.9684   4.062486    30.5581        867     3.6083  0.000e+00
      9.261    17.9718   4.061849    30.5502        868     3.6125  0.000e+00
      9.212    17.9758   4.061446    30.5438        869     3.6167  0.000e+00
      9.161    17.9798   4.061359    30.5401        870     3.6208  0.000e+00
      9.113    17.9833   4.061238    30.5365        871     3.6250  0.000e+00
      9.073    17.9861   4.061138    30.5336        872     3.6292  0.000e+00
      9.049    17.9890   4.061024    30.5305        873     3.6333  0.000e+00
      9.022    17.9914   4.060889    30.5276        874     3.6375  0.000e+00
      9.010    17.9941   4.060527    30.5225        875     3.6417  0.000e+00
      8.989    17.9973   4.060279    30.5181        876     3.6458  0.000e+00
      8.977    18.0004   4.060179    30.5150        877     3.6500  0.000e+00
      8.959    18.0030   4.060232    30.5135        878     3.6542  0.000e+00
      8.935    18.0045   4.060252    30.5126        879     3.6583  0.000e+00
      8.917    18.0060   4.060306    30.5119        880     3.6625  0.000e+00
      8.896    18.0079   4.060453    30.5117        881     3.6667  0.000e+00
      8.884    18.0100   4.060648    30.5118        882     3.6708  0.000e+00
      8.863    18.0127   4.060842    30.5114        883     3.6750  0.000e+00
      8.839    18.0164   4.061016    30.5101        884     3.6792  0.000e+00
      8.802    18.0215   4.060943    30.5057        885     3.6833  0.000e+00
      8.763    18.0272   4.060487    30.4977        886     3.6875  0.000e+00
      8.724    18.0331   4.060453    30.4930        887     3.6917  0.000e+00
      8.679    18.0387   4.060647    30.4905        888     3.6958  0.000e+00
      8.633    18.0442   4.061184    30.4908        889     3.7000  0.000e+00
      8.585    18.0515   4.061257    30.4860        890     3.7042  0.000e+00
      8.540    18.0607   4.060305    30.4713        891     3.7083  0.000e+00
      8.485    18.0695   4.060747    30.4685        892     3.7125  0.000e+00
      8.425    18.0771   4.061016    30.4651        893     3.7167  0.000e+00
      8.377    18.0840   4.061304    30.4623        894     3.7208  0.000e+00
      8.316    18.0919   4.061532    30.4584        895     3.7250  0.000e+00
      8.277    18.0997   4.061994    30.4565        896     3.7292  0.000e+00
      8.244    18.1084   4.062316    30.4527        897     3.7333  0.000e+00
      8.211    18.1168   4.062463    30.4477        898     3.7375  0.000e+00
      8.184    18.1230   4.062336    30.4420        899     3.7417  0.000e+00
      8.171    18.1251   4.062262    30.4399        900     3.7458  0.000e+00
      8.165    18.1253   4.062530    30.4420        901     3.7500  0.000e+00
      8.153    18.1273   4.062604    30.4411        902     3.7542  0.000e+00
      8.129    18.1294   4.062685    30.4402        903     3.7583  0.000e+00
      8.111    18.1319   4.062926    30.4404        904     3.7625  0.000e+00
      8.078    18.1349   4.062973    30.4386        905     3.7667  0.000e+00
      8.057    18.1372   4.063026    30.4373        906     3.7708  0.000e+00
      8.027    18.1391   4.063295    30.4381        907     3.7750  0.000e+00
      7.991    18.1421   4.063415    30.4369        908     3.7792  0.000e+00
      7.939    18.1452   4.063710    30.4371        909     3.7833  0.000e+00
      7.891    18.1493   4.063932    30.4359        910     3.7875  0.000e+00
      7.834    18.1537   4.064019    30.4334        911     3.7917  0.000e+00
      7.788    18.1569   4.064153    30.4322        912     3.7958  0.000e+00
      7.743    18.1596   4.064327    30.4316        913     3.8000  0.000e+00
      7.704    18.1628   4.064542    30.4311        914     3.8042  0.000e+00
      7.674    18.1658   4.064723    30.4304        915     3.8083  0.000e+00
      7.635    18.1685   4.064864    30.4295        916     3.8125  0.000e+00
      7.610    18.1711   4.064984    30.4286        917     3.8167  0.000e+00
      7.592    18.1735   4.065112    30.4279        918     3.8208  0.000e+00
      7.592    18.1756   4.065259    30.4276        919     3.8250  0.000e+00
      7.583    18.1778   4.065427    30.4274        920     3.8292  0.000e+00
      7.574    18.1802   4.065454    30.4258        921     3.8333  0.000e+00
      7.571    18.1823   4.065427    30.4241        922     3.8375  0.000e+00
      7.565    18.1828   4.065447    30.4238        923     3.8417  0.000e+00
      7.556    18.1832   4.065548    30.4244        924     3.8458  0.000e+00
      7.544    18.1843   4.065648    30.4245        925     3.8500  0.000e+00
      7.526    18.1854   4.065621    30.4234        926     3.8542  0.000e+00
      7.517    18.1862   4.065621    30.4228        927     3.8583  0.000e+00
      7.499    18.1873   4.065682    30.4225        928     3.8625  0.000e+00
      7.478    18.1880   4.065675    30.4219        929     3.8667  0.000e+00
      7.459    18.1891   4.065796    30.4221        930     3.8708  0.000e+00
      7.429    18.1901   4.065870    30.4220        931     3.8750  0.000e+00
      7.402    18.1911   4.066171    30.4238        932     3.8792  0.000e+00
      7.363    18.1934   4.066581    30.4255        933     3.8833  0.000e+00
      7.336    18.1968   4.066487    30.4222        934     3.8875  0.000e+00
      7.290    18.1991   4.066849    30.4235        935     3.8917  0.000e+00
      7.269    18.2020   4.067064    30.4232        936     3.8958  0.000e+00
      7.218    18.2056   4.067171    30.4214        937     3.9000  0.000e+00
      7.179    18.2093   4.067245    30.4193        938     3.9042  0.000e+00
      7.142    18.2123   4.067318    30.4177        939     3.9083  0.000e+00
      7.097    18.2143   4.067459    30.4174        940     3.9125  0.000e+00
      7.052    18.2160   4.067808    30.4191        941     3.9167  0.000e+00
      7.022    18.2189   4.067660    30.4157        942     3.9208  0.000e+00
      6.989    18.2204   4.067714    30.4151        943     3.9250  0.000e+00
      6.973    18.2208   4.067627    30.4140        944     3.9292  0.000e+00
      6.952    18.2206   4.067660    30.4145        945     3.9333  0.000e+00
      6.934    18.2206   4.067862    30.4162        946     3.9375  0.000e+00
      6.925    18.2217   4.067613    30.4133        947     3.9417  0.000e+00
      6.919    18.2210   4.067580    30.4135        948     3.9458  0.000e+00
      6.928    18.2204   4.067714    30.4151        949     3.9500  0.000e+00
      6.940    18.2208   4.067956    30.4168        950     3.9542  0.000e+00
      6.946    18.2222   4.068029    30.4164        951     3.9583  0.000e+00
      6.959    18.2236   4.068097    30.4159        952     3.9625  0.000e+00
      6.965    18.2246   4.068177    30.4158        953     3.9667  0.000e+00
      6.959    18.2257   4.068352    30.4165        954     3.9708  0.000e+00
      6.950    18.2270   4.068499    30.4167        955     3.9750  0.000e+00
      6.931    18.2288   4.068727    30.4173        956     3.9792  0.000e+00
      6.913    18.2309   4.068573    30.4145        957     3.9833  0.000e+00
      6.886    18.2317   4.068720    30.4151        958     3.9875  0.000e+00
      6.859    18.2325   4.069036    30.4171        959     3.9917  0.000e+00
      6.823    18.2348   4.069553    30.4197        960     3.9958  0.000e+00
      6.777    18.2385   4.069331    30.4152        961     4.0000  0.000e+00
      6.723    18.2403   4.069673    30.4168        962     4.0042  0.000e+00
      6.672    18.2425   4.069948    30.4174        963     4.0083  0.000e+00
      6.632    18.2458   4.070203    30.4171        964     4.0125  0.000e+00
      6.605    18.2495   4.070338    30.4155        965     4.0167  0.000e+00
      6.572    18.2522   4.070512    30.4149        966     4.0208  0.000e+00
      6.554    18.2545   4.070633    30.4143        967     4.0250  0.000e+00
      6.539    18.2563   4.070861    30.4149        968     4.0292  0.000e+00
      6.527    18.2582   4.070955    30.4142        969     4.0333  0.000e+00
      6.530    18.2602   4.071002    30.4131        970     4.0375  0.000e+00
      6.539    18.2611   4.070982    30.4123        971     4.0417  0.000e+00
      6.545    18.2615   4.070834    30.4107        972     4.0458  0.000e+00
      6.572    18.2612   4.070660    30.4095        973     4.0500  0.000e+00
      6.587    18.2598   4.070539    30.4096        974     4.0542  0.000e+00
      6.611    18.2582   4.070391    30.4095        975     4.0583  0.000e+00
      6.629    18.2567   4.070042    30.4077        976     4.0625  0.000e+00
      6.645    18.2543   4.069895    30.4082        977     4.0667  0.000e+00
      6.663    18.2507   4.069385    30.4067        978     4.0708  0.000e+00
      6.693    18.2460   4.069364    30.4099        979     4.0750  0.000e+00
      6.714    18.2430   4.069237    30.4111        980     4.0792  0.000e+00
      6.729    18.2406   4.068767    30.4090        981     4.0833  0.000e+00
      6.753    18.2370   4.068841    30.4122        982     4.0875  0.000e+00
      6.762    18.2349   4.068754    30.4130        983     4.0917  0.000e+00
      6.777    18.2331   4.068371    30.4112        984     4.0958  0.000e+00
      6.789    18.2303   4.068694    30.4160        985     4.1000  0.000e+00
      6.789    18.2301   4.068868    30.4175        986     4.1042  0.000e+00
      6.789    18.2317   4.068821    30.4160        987     4.1083  0.000e+00
      6.789    18.2322   4.068841    30.4158        988     4.1125  0.000e+00
      6.780    18.2324   4.068942    30.4164        989     4.1167  0.000e+00
      6.762    18.2328   4.068767    30.4147        990     4.1208  0.000e+00
      6.747    18.2330   4.069432    30.4202        991     4.1250  0.000e+00
      6.726    18.2360   4.069673    30.4199        992     4.1292  0.000e+00
      6.693    18.2397   4.069653    30.4170        993     4.1333  0.000e+00
      6.660    18.2421   4.069801    30.4165        994     4.1375  0.000e+00
      6.629    18.2434   4.069828    30.4157        995     4.1417  0.000e+00
      6.599    18.2444   4.069948    30.4160        996     4.1458  0.000e+00
      6.578    18.2458   4.070190    30.4170        997     4.1500  0.000e+00
      6.548    18.2477   4.070391    30.4173        998     4.1542  0.000e+00
      6.533    18.2502   4.070465    30.4160        999     4.1583  0.000e+00
      6.518    18.2524   4.070465    30.4144       1000     4.1625  0.000e+00
      6.515    18.2535   4.070633    30.4150       1001     4.1667  0.000e+00
      6.521    18.2547   4.070633    30.4141       1002     4.1708  0.000e+00
      6.536    18.2556   4.070626    30.4134       1003     4.1750  0.000e+00
      6.554    18.2561   4.070633    30.4131       1004     4.1792  0.000e+00
      6.578    18.2561   4.070660    30.4133       1005     4.1833  0.000e+00
      6.611    18.2564   4.070512    30.4119       1006     4.1875  0.000e+00
      6.648    18.2556   4.070438    30.4118       1007     4.1917  0.000e+00
      6.687    18.2543   4.070539    30.4136       1008     4.1958  0.000e+00
      6.714    18.2541   4.070217    30.4110       1009     4.2000  0.000e+00
      6.735    18.2523   4.070096    30.4114       1010     4.2042  0.000e+00
      6.753    18.2503   4.069666    30.4092       1011     4.2083  0.000e+00
      6.759    18.2471   4.069311    30.4087       1012     4.2125  0.000e+00
      6.753    18.2432   4.069358    30.4120       1013     4.2167  0.000e+00
      6.747    18.2411   4.069673    30.4161       1014     4.2208  0.000e+00
      6.726    18.2415   4.069526    30.4146       1015     4.2250  0.000e+00
      6.693    18.2416   4.069626    30.4154       1016     4.2292  0.000e+00
      6.663    18.2419   4.069895    30.4174       1017     4.2333  0.000e+00
      6.620    18.2437   4.070338    30.4198       1018     4.2375  0.000e+00
      6.578    18.2471   4.070606    30.4195       1019     4.2417  0.000e+00
      6.533    18.2508   4.070807    30.4185       1020     4.2458  0.000e+00
      6.494    18.2543   4.070955    30.4171       1021     4.2500  0.000e+00
      6.469    18.2570   4.071129    30.4166       1022     4.2542  0.000e+00
      6.448    18.2592   4.071284    30.4162       1023     4.2583  0.000e+00
      6.430    18.2614   4.071425    30.4158       1024     4.2625  0.000e+00
      6.430    18.2638   4.071545    30.4151       1025     4.2667  0.000e+00
      6.430    18.2654   4.071472    30.4132       1026     4.2708  0.000e+00
      6.445    18.2665   4.071720    30.4145       1027     4.2750  0.000e+00
      6.457    18.2673   4.071498    30.4120       1028     4.2792  0.000e+00
      6.481    18.2672   4.071324    30.4106       1029     4.2833  0.000e+00
      6.518    18.2656   4.070841    30.4078       1030     4.2875  0.000e+00
      6.551    18.2619   4.070586    30.4084       1031     4.2917  0.000e+00
      6.587    18.2582   4.070290    30.4086       1032     4.2958  0.000e+00
      6.614    18.2545   4.070022    30.4091       1033     4.3000  0.000e+00
      6.635    18.2511   4.069827    30.4100       1034     4.3042  0.000e+00
      6.647    18.2478   4.069532    30.4100       1035     4.3083  0.000e+00
