HB2302/sbe004.cnv
* Sea-Bird SBE 19plus V2 Data File:
* FileName = C:\cruise\data\sbe004.hex
* Software Version Seasave V 7.26.7.121
* Temperature SN = 4758
* Conductivity SN = 4758
* System UpLoad Time = Jun 09 2023 06:44:13
* NMEA Latitude = 40 39.18 N
* NMEA Longitude = 070 29.34 W
* NMEA UTC (Time) = Jun 09 2023 06:44:15
** Cruise: HB2302
** Program: Ecomon
** Chief Scientist: Jerry Prezioso
# nquan = 7
# nvalues = 1386                                  
# units = specified
# name 0 = depSM: Depth [salt water, m]
# name 1 = tv290C: Temperature [ITS-90, deg C]
# name 2 = c0S/m: Conductivity [S/m]
# name 3 = sal00: Salinity, Practical [PSU]
# name 4 = scan: Scan Count
# name 5 = timeM: Time, Elapsed [minutes]
# name 6 = flag:  0.000e+00
# span 0 =     -0.154,     56.450                 
# span 1 =     9.4669,    13.1350                 
# span 2 =   0.000020,   3.799633                 
# span 3 =     0.0068,    32.7493                 
# span 4 =         11,       1396                 
# span 5 =     0.0417,     5.8125                 
# span 6 = 0.0000e+00, 0.0000e+00                 
# interval = seconds: 0.25
# start_time = Jun 09 2023 06:44:15 [NMEA time, header]
# bad_flag = -9.990e-29
*END*
[from data line 1026]
     17.236    10.1369   3.565460    32.3882       1037     4.3167  0.000e+00
     17.176    10.1377   3.565530    32.3882       1038     4.3208  0.000e+00
     17.103    10.1390   3.565486    32.3866       1039     4.3250  0.000e+00
     17.031    10.1395   3.565416    32.3855       1040     4.3292  0.000e+00
     16.965    10.1397   3.565416    32.3854       1041     4.3333  0.000e+00
     16.895    10.1395   3.565619    32.3876       1042     4.3375  0.000e+00
     16.826    10.1404   3.565683    32.3875       1043     4.3417  0.000e+00
     16.757    10.1413   3.565880    32.3887       1044     4.3458  0.000e+00
     16.690    10.1424   3.566058    32.3896       1045     4.3500  0.000e+00
     16.633    10.1439   3.566166    32.3893       1046     4.3542  0.000e+00
     16.566    10.1453   3.566134    32.3878       1047     4.3583  0.000e+00
     16.509    10.1463   3.566478    32.3904       1048     4.3625  0.000e+00
     16.455    10.1480   3.567095    32.3951       1049     4.3667  0.000e+00
     16.398    10.1515   3.567821    32.3993       1050     4.3708  0.000e+00
     16.346    10.1572   3.568349    32.3996       1051     4.3750  0.000e+00
     16.289    10.1630   3.568508    32.3960       1052     4.3792  0.000e+00
     16.235    10.1670   3.568642    32.3938       1053     4.3833  0.000e+00
     16.177    10.1696   3.568858    32.3937       1054     4.3875  0.000e+00
     16.117    10.1722   3.569278    32.3956       1055     4.3917  0.000e+00
     16.057    10.1752   3.569520    32.3954       1056     4.3958  0.000e+00
     15.999    10.1784   3.570010    32.3976       1057     4.4000  0.000e+00
     15.933    10.1821   3.570341    32.3976       1058     4.4042  0.000e+00
     15.861    10.1859   3.570532    32.3961       1059     4.4083  0.000e+00
     15.791    10.1891   3.570780    32.3958       1060     4.4125  0.000e+00
     15.707    10.1919   3.571003    32.3956       1061     4.4167  0.000e+00
     15.622    10.1946   3.571175    32.3950       1062     4.4208  0.000e+00
     15.541    10.1975   3.571665    32.3974       1063     4.4250  0.000e+00
     15.453    10.2008   3.572130    32.3991       1064     4.4292  0.000e+00
     15.369    10.2053   3.572614    32.4000       1065     4.4333  0.000e+00
     15.281    10.2103   3.573410    32.4036       1066     4.4375  0.000e+00
     15.194    10.2167   3.574518    32.4091       1067     4.4417  0.000e+00
     15.109    10.2255   3.575199    32.4081       1068     4.4458  0.000e+00
     15.025    10.2340   3.575754    32.4061       1069     4.4500  0.000e+00
     14.943    10.2416   3.576550    32.4074       1070     4.4542  0.000e+00
     14.877    10.2489   3.576836    32.4038       1071     4.4583  0.000e+00
     14.799    10.2548   3.577104    32.4012       1072     4.4625  0.000e+00
     14.735    10.2591   3.578302    32.4095       1073     4.4667  0.000e+00
     14.675    10.2664   3.579850    32.4186       1074     4.4708  0.000e+00
     14.630    10.2780   3.580628    32.4160       1075     4.4750  0.000e+00
     14.575    10.2887   3.581201    32.4123       1076     4.4792  0.000e+00
     14.536    10.2973   3.581800    32.4106       1077     4.4833  0.000e+00
     14.500    10.3048   3.582380    32.4099       1078     4.4875  0.000e+00
     14.470    10.3115   3.582820    32.4083       1079     4.4917  0.000e+00
     14.437    10.3172   3.583152    32.4066       1080     4.4958  0.000e+00
     14.406    10.3220   3.583553    32.4063       1081     4.5000  0.000e+00
     14.379    10.3262   3.583955    32.4066       1082     4.5042  0.000e+00
     14.349    10.3302   3.584331    32.4068       1083     4.5083  0.000e+00
     14.307    10.3343   3.584860    32.4085       1084     4.5125  0.000e+00
     14.265    10.3392   3.585549    32.4111       1085     4.5167  0.000e+00
     14.213    10.3452   3.586550    32.4158       1086     4.5208  0.000e+00
     14.147    10.3532   3.587641    32.4197       1087     4.5250  0.000e+00
     14.078    10.3630   3.588457    32.4192       1088     4.5292  0.000e+00
     14.002    10.3721   3.589280    32.4193       1089     4.5333  0.000e+00
     13.924    10.3812   3.590218    32.4206       1090     4.5375  0.000e+00
     13.836    10.3907   3.591526    32.4253       1091     4.5417  0.000e+00
     13.746    10.4015   3.592330    32.4238       1092     4.5458  0.000e+00
     13.649    10.4123   3.592081    32.4118       1093     4.5500  0.000e+00
     13.562    10.4176   3.591704    32.4033       1094     4.5542  0.000e+00
     13.468    10.4189   3.591104    32.3962       1095     4.5583  0.000e+00
     13.381    10.4169   3.590925    32.3961       1096     4.5625  0.000e+00
     13.302    10.4150   3.591015    32.3988       1097     4.5667  0.000e+00
     13.230    10.4144   3.591104    32.4002       1098     4.5708  0.000e+00
     13.169    10.4149   3.591149    32.4002       1099     4.5750  0.000e+00
     13.109    10.4155   3.591302    32.4013       1100     4.5792  0.000e+00
     13.064    10.4165   3.591385    32.4013       1101     4.5833  0.000e+00
     13.025    10.4176   3.591417    32.4006       1102     4.5875  0.000e+00
     12.988    10.4182   3.591506    32.4010       1103     4.5917  0.000e+00
     12.955    10.4186   3.591327    32.3989       1104     4.5958  0.000e+00
     12.934    10.4185   3.591570    32.4014       1105     4.6000  0.000e+00
     12.925    10.4191   3.591908    32.4043       1106     4.6042  0.000e+00
     12.910    10.4209   3.592150    32.4051       1107     4.6083  0.000e+00
     12.901    10.4234   3.592329    32.4047       1108     4.6125  0.000e+00
     12.889    10.4257   3.592654    32.4059       1109     4.6167  0.000e+00
     12.874    10.4283   3.593152    32.4086       1110     4.6208  0.000e+00
     12.865    10.4316   3.593395    32.4080       1111     4.6250  0.000e+00
     12.856    10.4348   3.593637    32.4076       1112     4.6292  0.000e+00
     12.829    10.4374   3.593976    32.4087       1113     4.6333  0.000e+00
     12.796    10.4403   3.594154    32.4079       1114     4.6375  0.000e+00
     12.762    10.4428   3.594518    32.4093       1115     4.6417  0.000e+00
     12.717    10.4458   3.594952    32.4111       1116     4.6458  0.000e+00
     12.669    10.4492   3.595508    32.4136       1117     4.6500  0.000e+00
     12.618    10.4534   3.595801    32.4128       1118     4.6542  0.000e+00
     12.551    10.4576   3.595935    32.4104       1119     4.6583  0.000e+00
     12.497    10.4606   3.596356    32.4120       1120     4.6625  0.000e+00
     12.421    10.4645   3.597806    32.4231       1121     4.6667  0.000e+00
     12.349    10.4733   3.599996    32.4373       1122     4.6708  0.000e+00
     12.280    10.4880   3.601906    32.4433       1123     4.6750  0.000e+00
     12.195    10.5064   3.604922    32.4572       1124     4.6792  0.000e+00
     12.108    10.5301   3.608118    32.4681       1125     4.6833  0.000e+00
     12.029    10.5586   3.611097    32.4725       1126     4.6875  0.000e+00
     11.948    10.5882   3.613355    32.4688       1127     4.6917  0.000e+00
     11.866    10.6151   3.615453    32.4658       1128     4.6958  0.000e+00
     11.788    10.6390   3.617750    32.4675       1129     4.7000  0.000e+00
     11.712    10.6620   3.619996    32.4694       1130     4.7042  0.000e+00
     11.634    10.6857   3.621968    32.4680       1131     4.7083  0.000e+00
     11.568    10.7097   3.622781    32.4549       1132     4.7125  0.000e+00
     11.498    10.7278   3.622569    32.4367       1133     4.7167  0.000e+00
     11.444    10.7380   3.621967    32.4217       1134     4.7208  0.000e+00
     11.399    10.7417   3.621679    32.4156       1135     4.7250  0.000e+00
     11.357    10.7421   3.621769    32.4161       1136     4.7292  0.000e+00
     11.323    10.7423   3.621737    32.4157       1137     4.7333  0.000e+00
     11.293    10.7422   3.621589    32.4143       1138     4.7375  0.000e+00
     11.266    10.7417   3.621545    32.4143       1139     4.7417  0.000e+00
     11.248    10.7411   3.621519    32.4145       1140     4.7458  0.000e+00
     11.236    10.7409   3.621455    32.4142       1141     4.7500  0.000e+00
     11.209    10.7403   3.621077    32.4109       1142     4.7542  0.000e+00
     11.194    10.7388   3.620911    32.4105       1143     4.7583  0.000e+00
     11.179    10.7374   3.620911    32.4119       1144     4.7625  0.000e+00
     11.164    10.7364   3.621045    32.4140       1145     4.7667  0.000e+00
     11.133    10.7362   3.621026    32.4140       1146     4.7708  0.000e+00
     11.109    10.7362   3.621372    32.4175       1147     4.7750  0.000e+00
     11.061    10.7382   3.622441    32.4264       1148     4.7792  0.000e+00
     11.016    10.7438   3.623184    32.4288       1149     4.7833  0.000e+00
     10.955    10.7509   3.623318    32.4239       1150     4.7875  0.000e+00
     10.889    10.7562   3.623536    32.4214       1151     4.7917  0.000e+00
     10.817    10.7605   3.624035    32.4226       1152     4.7958  0.000e+00
     10.738    10.7656   3.625790    32.4356       1153     4.8000  0.000e+00
     10.660    10.7772   3.627366    32.4410       1154     4.8042  0.000e+00
     10.587    10.7928   3.630429    32.4576       1155     4.8083  0.000e+00
     10.512    10.8156   3.632922    32.4622       1156     4.8125  0.000e+00
     10.433    10.8425   3.635249    32.4615       1157     4.8167  0.000e+00
     10.370    10.8681   3.636268    32.4490       1158     4.8208  0.000e+00
     10.295    10.8886   3.638725    32.4552       1159     4.8250  0.000e+00
     10.225    10.9107   3.641072    32.4589       1160     4.8292  0.000e+00
     10.150    10.9346   3.642773    32.4547       1161     4.8333  0.000e+00
     10.081    10.9564   3.645192    32.4593       1162     4.8375  0.000e+00
     10.005    10.9804   3.649404    32.4799       1163     4.8417  0.000e+00
      9.924    11.0134   3.653515    32.4914       1164     4.8458  0.000e+00
      9.851    11.0531   3.657119    32.4919       1165     4.8500  0.000e+00
      9.767    11.0925   3.659395    32.4796       1166     4.8542  0.000e+00
      9.685    11.1261   3.661156    32.4673       1167     4.8583  0.000e+00
      9.619    11.1525   3.662281    32.4551       1168     4.8625  0.000e+00
      9.544    11.1725   3.663876    32.4533       1169     4.8667  0.000e+00
      9.474    11.1900   3.665754    32.4564       1170     4.8708  0.000e+00
      9.423    11.2080   3.667613    32.4588       1171     4.8750  0.000e+00
      9.359    11.2265   3.668707    32.4533       1172     4.8792  0.000e+00
      9.299    11.2423   3.669293    32.4452       1173     4.8833  0.000e+00
      9.254    11.2535   3.669685    32.4392       1174     4.8875  0.000e+00
      9.193    11.2615   3.669891    32.4342       1175     4.8917  0.000e+00
      9.148    11.2669   3.670200    32.4325       1176     4.8958  0.000e+00
      9.100    11.2712   3.670618    32.4329       1177     4.9000  0.000e+00
      9.049    11.2753   3.671281    32.4358       1178     4.9042  0.000e+00
      9.000    11.2804   3.672137    32.4397       1179     4.9083  0.000e+00
      8.949    11.2868   3.672833    32.4410       1180     4.9125  0.000e+00
      8.895    11.2938   3.673818    32.4445       1181     4.9167  0.000e+00
      8.847    11.3022   3.674900    32.4477       1182     4.9208  0.000e+00
      8.792    11.3120   3.675601    32.4460       1183     4.9250  0.000e+00
      8.744    11.3207   3.675917    32.4415       1184     4.9292  0.000e+00
      8.684    11.3273   3.676445    32.4410       1185     4.9333  0.000e+00
      8.632    11.3328   3.677153    32.4430       1186     4.9375  0.000e+00
      8.569    11.3391   3.678042    32.4463       1187     4.9417  0.000e+00
      8.503    11.3466   3.678925    32.4484       1188     4.9458  0.000e+00
      8.439    11.3551   3.679556    32.4471       1189     4.9500  0.000e+00
      8.367    11.3631   3.680130    32.4457       1190     4.9542  0.000e+00
      8.279    11.3705   3.680606    32.4439       1191     4.9583  0.000e+00
      8.201    11.3769   3.681889    32.4509       1192     4.9625  0.000e+00
      8.113    11.3859   3.683403    32.4579       1193     4.9667  0.000e+00
      8.020    11.3985   3.684248    32.4551       1194     4.9708  0.000e+00
      7.920    11.4110   3.685324    32.4548       1195     4.9750  0.000e+00
      7.827    11.4223   3.686633    32.4577       1196     4.9792  0.000e+00
      7.730    11.4343   3.686800    32.4488       1197     4.9833  0.000e+00
      7.640    11.4424   3.687071    32.4444       1198     4.9875  0.000e+00
      7.555    11.4477   3.687980    32.4487       1199     4.9917  0.000e+00
      7.474    11.4537   3.688219    32.4458       1200     4.9958  0.000e+00
      7.407    11.4586   3.689044    32.4495       1201     5.0000  0.000e+00
      7.344    11.4647   3.689515    32.4489       1202     5.0042  0.000e+00
      7.287    11.4706   3.690257    32.4510       1203     5.0083  0.000e+00
      7.241    11.4769   3.691250    32.4552       1204     5.0125  0.000e+00
      7.196    11.4847   3.691786    32.4536       1205     5.0167  0.000e+00
      7.151    11.4920   3.692876    32.4578       1206     5.0208  0.000e+00
      7.112    11.5005   3.692140    32.4433       1207     5.0250  0.000e+00
      7.072    11.5033   3.692856    32.4478       1208     5.0292  0.000e+00
      7.027    11.5065   3.692972    32.4461       1209     5.0333  0.000e+00
      6.991    11.5091   3.692792    32.4421       1210     5.0375  0.000e+00
      6.943    11.5102   3.692927    32.4425       1211     5.0417  0.000e+00
      6.891    11.5109   3.692947    32.4421       1212     5.0458  0.000e+00
      6.837    11.5113   3.693147    32.4437       1213     5.0500  0.000e+00
      6.783    11.5122   3.693405    32.4455       1214     5.0542  0.000e+00
      6.713    11.5144   3.694786    32.4571       1215     5.0583  0.000e+00
      6.650    11.5206   3.695063    32.4543       1216     5.0625  0.000e+00
      6.572    11.5259   3.693979    32.4392       1217     5.0667  0.000e+00
      6.502    11.5256   3.695728    32.4565       1218     5.0708  0.000e+00
      6.430    11.5313   3.697800    32.4718       1219     5.0750  0.000e+00
      6.357    11.5441   3.698271    32.4652       1220     5.0792  0.000e+00
      6.276    11.5545   3.698652    32.4598       1221     5.0833  0.000e+00
      6.206    11.5616   3.699136    32.4584       1222     5.0875  0.000e+00
      6.140    11.5677   3.700221    32.4636       1223     5.0917  0.000e+00
      6.074    11.5757   3.701280    32.4670       1224     5.0958  0.000e+00
      6.019    11.5853   3.701603    32.4618       1225     5.1000  0.000e+00
      5.962    11.5930   3.701867    32.4576       1226     5.1042  0.000e+00
      5.899    11.5983   3.702035    32.4546       1227     5.1083  0.000e+00
      5.850    11.6021   3.702197    32.4530       1228     5.1125  0.000e+00
      5.793    11.6050   3.702939    32.4577       1229     5.1167  0.000e+00
      5.739    11.6104   3.703295    32.4564       1230     5.1208  0.000e+00
      5.672    11.6162   3.703398    32.4523       1231     5.1250  0.000e+00
      5.621    11.6198   3.703533    32.4505       1232     5.1292  0.000e+00
      5.570    11.6230   3.704347    32.4557       1233     5.1333  0.000e+00
      5.519    11.6274   3.704554    32.4538       1234     5.1375  0.000e+00
      5.467    11.6314   3.704263    32.4476       1235     5.1417  0.000e+00
      5.425    11.6328   3.704321    32.4469       1236     5.1458  0.000e+00
      5.383    11.6334   3.704715    32.4503       1237     5.1500  0.000e+00
      5.337    11.6352   3.705756    32.4588       1238     5.1542  0.000e+00
      5.298    11.6406   3.705891    32.4555       1239     5.1583  0.000e+00
      5.256    11.6452   3.705646    32.4490       1240     5.1625  0.000e+00
