HB2302/sbe096.cnv
* Sea-Bird SBE 19plus V2 Data File:
* FileName = C:\cruise\data\sbe096.hex
* Software Version Seasave V 7.26.7.121
* Temperature SN = 4758
* Conductivity SN = 4758
* System UpLoad Time = Jun 17 2023 10:00:49
* NMEA Latitude = 41 07.32 N
* NMEA Longitude = 067 03.81 W
* NMEA UTC (Time) = Jun 17 2023 10:00:49
** Cruise: HB2302
** Program: Ecomon
** Chief Scientist: Jerry Prezioso
# nquan = 7
# nvalues = 1618                                  
# units = specified
# name 0 = depSM: Depth [salt water, m]
# name 1 = tv290C: Temperature [ITS-90, deg C]
# name 2 = c0S/m: Conductivity [S/m]
# name 3 = sal00: Salinity, Practical [PSU]
# name 4 = scan: Scan Count
# name 5 = timeM: Time, Elapsed [minutes]
# name 6 = flag:  0.000e+00
# span 0 =     -0.188,     62.231                 
# span 1 =     9.1152,    15.6553                 
# span 2 =   0.000098,   4.070920                 
# span 3 =     0.0081,    32.9175                 
# span 4 =         11,       1628                 
# span 5 =     0.0417,     6.7792                 
# span 6 = 0.0000e+00, 0.0000e+00                 
# interval = seconds: 0.25
# start_time = Jun 17 2023 10:00:49 [NMEA time, header]
# bad_flag = -9.990e-29
*END*
[from data line 821]
     39.539     9.1152   3.515585    32.7952        832     3.4625  0.000e+00
     39.530     9.1152   3.515629    32.7957        833     3.4667  0.000e+00
     39.503     9.1152   3.515629    32.7957        834     3.4708  0.000e+00
     39.470     9.1154   3.515655    32.7958        835     3.4750  0.000e+00
     39.437     9.1156   3.515718    32.7963        836     3.4792  0.000e+00
     39.382     9.1164   3.515977    32.7982        837     3.4833  0.000e+00
     39.322     9.1182   3.516066    32.7975        838     3.4875  0.000e+00
     39.259     9.1199   3.516021    32.7955        839     3.4917  0.000e+00
     39.180     9.1206   3.516066    32.7954        840     3.4958  0.000e+00
     39.093     9.1212   3.516281    32.7971        841     3.5000  0.000e+00
     38.987     9.1227   3.516173    32.7947        842     3.5042  0.000e+00
     38.876     9.1233   3.516040    32.7928        843     3.5083  0.000e+00
     38.761     9.1226   3.516021    32.7933        844     3.5125  0.000e+00
     38.628     9.1220   3.515977    32.7934        845     3.5167  0.000e+00
     38.511     9.1215   3.516040    32.7946        846     3.5208  0.000e+00
     38.378     9.1215   3.515996    32.7942        847     3.5250  0.000e+00
     38.251     9.1216   3.515914    32.7933        848     3.5292  0.000e+00
     38.130     9.1213   3.515932    32.7938        849     3.5333  0.000e+00
     38.016     9.1209   3.515825    32.7931        850     3.5375  0.000e+00
     37.907     9.1199   3.515781    32.7936        851     3.5417  0.000e+00
     37.802     9.1195   3.515844    32.7947        852     3.5458  0.000e+00
     37.714     9.1194   3.515958    32.7960        853     3.5500  0.000e+00
     37.627     9.1200   3.515932    32.7952        854     3.5542  0.000e+00
     37.551     9.1202   3.515844    32.7941        855     3.5583  0.000e+00
     37.476     9.1204   3.515977    32.7954        856     3.5625  0.000e+00
     37.416     9.1208   3.516021    32.7955        857     3.5667  0.000e+00
     37.355     9.1214   3.515970    32.7945        858     3.5708  0.000e+00
     37.304     9.1217   3.515957    32.7941        859     3.5750  0.000e+00
     37.253     9.1215   3.515976    32.7945        860     3.5792  0.000e+00
     37.217     9.1216   3.515957    32.7942        861     3.5833  0.000e+00
     37.190     9.1216   3.515976    32.7944        862     3.5875  0.000e+00
     37.166     9.1218   3.516021    32.7947        863     3.5917  0.000e+00
     37.142     9.1219   3.515913    32.7935        864     3.5958  0.000e+00
     37.130     9.1215   3.515869    32.7934        865     3.6000  0.000e+00
     37.115     9.1209   3.515844    32.7937        866     3.6042  0.000e+00
     37.093     9.1206   3.515869    32.7943        867     3.6083  0.000e+00
     37.075     9.1204   3.515869    32.7945        868     3.6125  0.000e+00
     37.042     9.1203   3.515825    32.7941        869     3.6167  0.000e+00
     37.015     9.1201   3.515761    32.7937        870     3.6208  0.000e+00
     36.961     9.1198   3.515717    32.7935        871     3.6250  0.000e+00
     36.910     9.1190   3.515761    32.7947        872     3.6292  0.000e+00
     36.831     9.1191   3.515805    32.7951        873     3.6333  0.000e+00
     36.747     9.1193   3.515824    32.7951        874     3.6375  0.000e+00
     36.653     9.1196   3.515869    32.7954        875     3.6417  0.000e+00
     36.551     9.1202   3.516147    32.7978        876     3.6458  0.000e+00
     36.433     9.1220   3.516565    32.8005        877     3.6500  0.000e+00
     36.303     9.1263   3.516906    32.8002        878     3.6542  0.000e+00
     36.183     9.1305   3.517020    32.7975        879     3.6583  0.000e+00
     36.062     9.1332   3.516602    32.7907        880     3.6625  0.000e+00
     35.945     9.1333   3.517058    32.7954        881     3.6667  0.000e+00
     35.836     9.1346   3.517109    32.7948        882     3.6708  0.000e+00
     35.736     9.1365   3.517558    32.7978        883     3.6750  0.000e+00
     35.631     9.1399   3.517602    32.7952        884     3.6792  0.000e+00
     35.543     9.1424   3.517665    32.7935        885     3.6833  0.000e+00
     35.468     9.1441   3.517887    32.7943        886     3.6875  0.000e+00
     35.399     9.1460   3.517627    32.7899        887     3.6917  0.000e+00
     35.326     9.1462   3.517343    32.7868        888     3.6958  0.000e+00
     35.272     9.1442   3.517191    32.7870        889     3.7000  0.000e+00
     35.221     9.1422   3.517235    32.7894        890     3.7042  0.000e+00
     35.166     9.1411   3.517343    32.7916        891     3.7083  0.000e+00
     35.112     9.1410   3.517406    32.7923        892     3.7125  0.000e+00
     35.061     9.1419   3.517431    32.7918        893     3.7167  0.000e+00
     35.001     9.1422   3.517342    32.7906        894     3.7208  0.000e+00
     34.946     9.1421   3.517342    32.7908        895     3.7250  0.000e+00
     34.895     9.1419   3.517450    32.7921        896     3.7292  0.000e+00
     34.844     9.1422   3.517475    32.7921        897     3.7333  0.000e+00
     34.790     9.1428   3.517450    32.7913        898     3.7375  0.000e+00
     34.744     9.1431   3.517323    32.7897        899     3.7417  0.000e+00
     34.684     9.1423   3.516994    32.7870        900     3.7458  0.000e+00
     34.636     9.1400   3.516716    32.7863        901     3.7500  0.000e+00
     34.582     9.1369   3.516127    32.7831        902     3.7542  0.000e+00
     34.512     9.1321   3.515956    32.7858        903     3.7583  0.000e+00
     34.455     9.1277   3.515956    32.7899        904     3.7625  0.000e+00
     34.383     9.1254   3.515994    32.7924        905     3.7667  0.000e+00
     34.307     9.1245   3.515887    32.7921        906     3.7708  0.000e+00
     34.229     9.1237   3.515830    32.7923        907     3.7750  0.000e+00
     34.150     9.1227   3.515843    32.7934        908     3.7792  0.000e+00
     34.060     9.1222   3.516064    32.7962        909     3.7833  0.000e+00
     33.963     9.1236   3.516342    32.7978        910     3.7875  0.000e+00
     33.879     9.1258   3.516323    32.7957        911     3.7917  0.000e+00
     33.785     9.1270   3.516039    32.7917        912     3.7958  0.000e+00
     33.692     9.1267   3.515975    32.7913        913     3.8000  0.000e+00
     33.598     9.1254   3.515823    32.7910        914     3.8042  0.000e+00
     33.508     9.1238   3.515887    32.7931        915     3.8083  0.000e+00
     33.414     9.1236   3.516519    32.8000        916     3.8125  0.000e+00
     33.327     9.1264   3.516867    32.8010        917     3.8167  0.000e+00
     33.234     9.1307   3.516886    32.7972        918     3.8208  0.000e+00
     33.134     9.1337   3.516975    32.7954        919     3.8250  0.000e+00
     33.044     9.1359   3.516779    32.7914        920     3.8292  0.000e+00
     32.962     9.1363   3.517057    32.7940        921     3.8333  0.000e+00
     32.875     9.1370   3.517234    32.7952        922     3.8375  0.000e+00
     32.799     9.1392   3.517297    32.7939        923     3.8417  0.000e+00
     32.730     9.1408   3.517494    32.7945        924     3.8458  0.000e+00
     32.679     9.1428   3.517513    32.7929        925     3.8500  0.000e+00
     32.621     9.1441   3.517405    32.7906        926     3.8542  0.000e+00
     32.582     9.1441   3.516867    32.7850        927     3.8583  0.000e+00
     32.549     9.1411   3.516823    32.7874        928     3.8625  0.000e+00
     32.510     9.1385   3.516823    32.7898        929     3.8667  0.000e+00
     32.483     9.1373   3.516905    32.7917        930     3.8708  0.000e+00
     32.456     9.1369   3.516323    32.7861        931     3.8750  0.000e+00
     32.413     9.1341   3.515994    32.7853        932     3.8792  0.000e+00
     32.368     9.1298   3.515975    32.7891        933     3.8833  0.000e+00
     32.320     9.1272   3.516019    32.7919        934     3.8875  0.000e+00
     32.254     9.1260   3.515975    32.7926        935     3.8917  0.000e+00
     32.181     9.1256   3.515956    32.7928        936     3.8958  0.000e+00
     32.097     9.1251   3.515975    32.7935        937     3.9000  0.000e+00
     32.006     9.1250   3.515911    32.7929        938     3.9042  0.000e+00
     31.892     9.1247   3.515867    32.7928        939     3.9083  0.000e+00
     31.780     9.1241   3.515842    32.7931        940     3.9125  0.000e+00
     31.675     9.1238   3.515759    32.7927        941     3.9167  0.000e+00
     31.569     9.1234   3.515930    32.7949        942     3.9208  0.000e+00
     31.457     9.1236   3.515911    32.7945        943     3.9250  0.000e+00
     31.352     9.1239   3.515930    32.7945        944     3.9292  0.000e+00
     31.264     9.1243   3.515911    32.7940        945     3.9333  0.000e+00
     31.168     9.1247   3.515955    32.7941        946     3.9375  0.000e+00
     31.077     9.1248   3.516171    32.7963        947     3.9417  0.000e+00
     31.002     9.1262   3.516430    32.7977        948     3.9458  0.000e+00
     30.933     9.1289   3.516582    32.7968        949     3.9500  0.000e+00
     30.875     9.1311   3.516734    32.7964        950     3.9542  0.000e+00
     30.815     9.1335   3.516734    32.7942        951     3.9583  0.000e+00
     30.770     9.1349   3.516715    32.7928        952     3.9625  0.000e+00
     30.731     9.1355   3.516752    32.7926        953     3.9667  0.000e+00
     30.697     9.1360   3.517018    32.7949        954     3.9708  0.000e+00
     30.673     9.1378   3.517018    32.7933        955     3.9750  0.000e+00
     30.649     9.1389   3.516790    32.7899        956     3.9792  0.000e+00
     30.643     9.1383   3.516601    32.7885        957     3.9833  0.000e+00
     30.622     9.1365   3.516626    32.7904        958     3.9875  0.000e+00
     30.607     9.1359   3.517170    32.7966        959     3.9917  0.000e+00
     30.592     9.1381   3.516752    32.7903        960     3.9958  0.000e+00
     30.574     9.1382   3.516949    32.7923        961     4.0000  0.000e+00
     30.547     9.1380   3.516537    32.7881        962     4.0042  0.000e+00
     30.499     9.1362   3.516126    32.7855        963     4.0083  0.000e+00
     30.460     9.1328   3.516233    32.7899        964     4.0125  0.000e+00
     30.393     9.1310   3.516189    32.7911        965     4.0167  0.000e+00
     30.324     9.1300   3.516278    32.7929        966     4.0208  0.000e+00
     30.239     9.1298   3.516170    32.7920        967     4.0250  0.000e+00
     30.146     9.1296   3.516170    32.7923        968     4.0292  0.000e+00
     30.049     9.1291   3.516126    32.7923        969     4.0333  0.000e+00
     29.935     9.1289   3.516145    32.7928        970     4.0375  0.000e+00
     29.811     9.1289   3.516493    32.7964        971     4.0417  0.000e+00
     29.703     9.1306   3.516778    32.7978        972     4.0458  0.000e+00
     29.582     9.1336   3.516929    32.7967        973     4.0500  0.000e+00
     29.485     9.1362   3.516929    32.7943        974     4.0542  0.000e+00
     29.380     9.1378   3.516625    32.7898        975     4.0583  0.000e+00
     29.292     9.1374   3.516410    32.7880        976     4.0625  0.000e+00
     29.214     9.1351   3.516341    32.7894        977     4.0667  0.000e+00
     29.154     9.1338   3.516752    32.7949        978     4.0708  0.000e+00
     29.109     9.1351   3.516929    32.7956        979     4.0750  0.000e+00
     29.066     9.1373   3.516904    32.7933        980     4.0792  0.000e+00
     29.045     9.1385   3.516821    32.7913        981     4.0833  0.000e+00
     29.033     9.1386   3.516752    32.7905        982     4.0875  0.000e+00
     29.036     9.1380   3.516714    32.7906        983     4.0917  0.000e+00
     29.048     9.1375   3.516752    32.7915        984     4.0958  0.000e+00
     29.067     9.1373   3.516904    32.7932        985     4.1000  0.000e+00
     29.082     9.1385   3.517796    32.8014        986     4.1042  0.000e+00
     29.091     9.1437   3.518100    32.7998        987     4.1083  0.000e+00
     29.094     9.1492   3.517600    32.7895        988     4.1125  0.000e+00
     29.088     9.1501   3.517321    32.7858        989     4.1167  0.000e+00
     29.082     9.1480   3.517321    32.7877        990     4.1208  0.000e+00
     29.070     9.1465   3.517359    32.7895        991     4.1250  0.000e+00
     29.040     9.1465   3.518100    32.7972        992     4.1292  0.000e+00
     28.994     9.1502   3.518296    32.7959        993     4.1333  0.000e+00
     28.949     9.1538   3.517992    32.7894        994     4.1375  0.000e+00
     28.877     9.1547   3.517967    32.7883        995     4.1417  0.000e+00
     28.798     9.1545   3.518429    32.7933        996     4.1458  0.000e+00
     28.711     9.1565   3.518315    32.7904        997     4.1500  0.000e+00
     28.614     9.1581   3.518644    32.7924        998     4.1542  0.000e+00
     28.518     9.1602   3.518359    32.7875        999     4.1583  0.000e+00
     28.418     9.1602   3.518251    32.7864       1000     4.1625  0.000e+00
     28.319     9.1592   3.518207    32.7869       1001     4.1667  0.000e+00
     28.207     9.1583   3.518555    32.7915       1002     4.1708  0.000e+00
     28.117     9.1595   3.518707    32.7920       1003     4.1750  0.000e+00
     28.014     9.1619   3.518967    32.7925       1004     4.1792  0.000e+00
     27.918     9.1647   3.518903    32.7893       1005     4.1833  0.000e+00
     27.824     9.1660   3.518555    32.7845       1006     4.1875  0.000e+00
     27.743     9.1656   3.521132    32.8116       1007     4.1917  0.000e+00
     27.673     9.1782   3.522379    32.8130       1008     4.1958  0.000e+00
     27.610     9.1954   3.522790    32.8014       1009     4.2000  0.000e+00
     27.559     9.2082   3.522600    32.7877       1010     4.2042  0.000e+00
     27.508     9.2127   3.520511    32.7620       1011     4.2083  0.000e+00
     27.474     9.2043   3.520422    32.7688       1012     4.2125  0.000e+00
     27.456     9.1960   3.520770    32.7800       1013     4.2167  0.000e+00
     27.444     9.1929   3.519922    32.7741       1014     4.2208  0.000e+00
     27.426     9.1882   3.519966    32.7789       1015     4.2250  0.000e+00
     27.423     9.1845   3.519992    32.7825       1016     4.2292  0.000e+00
     27.417     9.1835   3.520663    32.7904       1017     4.2333  0.000e+00
     27.405     9.1861   3.520751    32.7890       1018     4.2375  0.000e+00
     27.399     9.1893   3.520948    32.7880       1019     4.2417  0.000e+00
     27.384     9.1918   3.520663    32.7828       1020     4.2458  0.000e+00
     27.378     9.1915   3.520251    32.7788       1021     4.2500  0.000e+00
     27.351     9.1890   3.520530    32.7841       1022     4.2542  0.000e+00
     27.324     9.1893   3.522030    32.7993       1023     4.2583  0.000e+00
     27.291     9.1970   3.521967    32.7915       1024     4.2625  0.000e+00
     27.249     9.2033   3.521074    32.7766       1025     4.2667  0.000e+00
     27.200     9.2018   3.521467    32.7820       1026     4.2708  0.000e+00
     27.134     9.2009   3.521011    32.7782       1027     4.2750  0.000e+00
     27.062     9.1992   3.520681    32.7764       1028     4.2792  0.000e+00
     26.977     9.1957   3.521137    32.7843       1029     4.2833  0.000e+00
     26.893     9.1956   3.521359    32.7867       1030     4.2875  0.000e+00
     26.799     9.1978   3.521555    32.7868       1031     4.2917  0.000e+00
     26.694     9.2004   3.521878    32.7878       1032     4.2958  0.000e+00
     26.576     9.2036   3.521967    32.7858       1033     4.3000  0.000e+00
     26.458     9.2061   3.521137    32.7750       1034     4.3042  0.000e+00
     26.356     9.2034   3.521726    32.7836       1035     4.3083  0.000e+00
