HB2302/sbe060.cnv
* Sea-Bird SBE 19plus V2 Data File:
* FileName = C:\cruise\data\sbe060.hex
* Software Version Seasave V 7.26.7.121
* Temperature SN = 4758
* Conductivity SN = 4758
* System UpLoad Time = Jun 14 2023 13:47:58
* NMEA Latitude = 40 34.56 N
* NMEA Longitude = 072 40.25 W
* NMEA UTC (Time) = Jun 14 2023 13:47:59
** Cruise: HB2302
** Program: Ecomon
** Chief Scientist: Jerry Prezioso
# nquan = 7
# nvalues = 1212                                  
# units = specified
# name 0 = depSM: Depth [salt water, m]
# name 1 = tv290C: Temperature [ITS-90, deg C]
# name 2 = c0S/m: Conductivity [S/m]
# name 3 = sal00: Salinity, Practical [PSU]
# name 4 = scan: Scan Count
# name 5 = timeM: Time, Elapsed [minutes]
# name 6 = flag:  0.000e+00
# span 0 =     -0.188,     35.889                 
# span 1 =    12.0547,    18.3416                 
# span 2 =   0.000023,   4.098069                 
# span 3 =     0.0091,    32.7103                 
# span 4 =         11,       1222                 
# span 5 =     0.0417,     5.0875                 
# span 6 = 0.0000e+00, 0.0000e+00                 
# interval = seconds: 0.25
# start_time = Jun 14 2023 13:47:59 [NMEA time, header]
# bad_flag = -9.990e-29
*END*
[from data line 411]
     35.718    12.0577   3.761148    32.6139        422     1.7542  0.000e+00
     35.733    12.0577   3.761122    32.6137        423     1.7583  0.000e+00
     35.754    12.0575   3.761220    32.6147        424     1.7625  0.000e+00
     35.778    12.0577   3.761031    32.6127        425     1.7667  0.000e+00
     35.787    12.0574   3.761038    32.6130        426     1.7708  0.000e+00
     35.808    12.0572   3.761096    32.6137        427     1.7750  0.000e+00
     35.811    12.0571   3.761109    32.6140        428     1.7792  0.000e+00
     35.815    12.0571   3.761005    32.6130        429     1.7833  0.000e+00
     35.812    12.0567   3.760791    32.6112        430     1.7875  0.000e+00
     35.790    12.0558   3.760817    32.6123        431     1.7917  0.000e+00
     35.772    12.0553   3.760979    32.6143        432     1.7958  0.000e+00
     35.727    12.0556   3.761064    32.6149        433     1.8000  0.000e+00
     35.667    12.0565   3.761194    32.6154        434     1.8042  0.000e+00
     35.609    12.0575   3.761441    32.6169        435     1.8083  0.000e+00
     35.552    12.0592   3.761850    32.6194        436     1.8125  0.000e+00
     35.498    12.0618   3.762091    32.6195        437     1.8167  0.000e+00
     35.453    12.0646   3.762273    32.6188        438     1.8208  0.000e+00
     35.413    12.0671   3.762338    32.6172        439     1.8250  0.000e+00
     35.389    12.0690   3.762461    32.6168        440     1.8292  0.000e+00
     35.389    12.0701   3.762585    32.6170        441     1.8333  0.000e+00
     35.398    12.0716   3.762650    32.6163        442     1.8375  0.000e+00
     35.407    12.0725   3.762760    32.6167        443     1.8417  0.000e+00
     35.423    12.0734   3.762715    32.6154        444     1.8458  0.000e+00
     35.435    12.0739   3.762552    32.6134        445     1.8500  0.000e+00
     35.441    12.0735   3.762448    32.6127        446     1.8542  0.000e+00
     35.432    12.0727   3.762552    32.6144        447     1.8583  0.000e+00
     35.423    12.0725   3.762474    32.6139        448     1.8625  0.000e+00
     35.396    12.0723   3.762552    32.6148        449     1.8667  0.000e+00
     35.359    12.0724   3.762942    32.6185        450     1.8708  0.000e+00
     35.299    12.0739   3.763235    32.6201        451     1.8750  0.000e+00
     35.220    12.0763   3.763300    32.6186        452     1.8792  0.000e+00
     35.142    12.0784   3.763306    32.6169        453     1.8833  0.000e+00
     35.064    12.0797   3.763456    32.6172        454     1.8875  0.000e+00
     34.988    12.0812   3.764308    32.6242        455     1.8917  0.000e+00
     34.922    12.0849   3.765114    32.6287        456     1.8958  0.000e+00
     34.864    12.0908   3.765693    32.6292        457     1.9000  0.000e+00
     34.813    12.0970   3.766271    32.6294        458     1.9042  0.000e+00
     34.777    12.1031   3.767422    32.6352        459     1.9083  0.000e+00
     34.744    12.1107   3.768762    32.6415        460     1.9125  0.000e+00
     34.726    12.1206   3.769732    32.6421        461     1.9167  0.000e+00
     34.704    12.1310   3.769894    32.6346        462     1.9208  0.000e+00
     34.689    12.1379   3.770291    32.6325        463     1.9250  0.000e+00
     34.665    12.1426   3.770180    32.6273        464     1.9292  0.000e+00
     34.644    12.1450   3.770414    32.6274        465     1.9333  0.000e+00
     34.626    12.1469   3.770310    32.6248        466     1.9375  0.000e+00
     34.596    12.1476   3.769822    32.6195        467     1.9417  0.000e+00
     34.566    12.1462   3.770063    32.6231        468     1.9458  0.000e+00
     34.524    12.1458   3.770506    32.6277        469     1.9500  0.000e+00
     34.494    12.1474   3.770896    32.6300        470     1.9542  0.000e+00
     34.457    12.1500   3.770961    32.6284        471     1.9583  0.000e+00
     34.421    12.1525   3.770928    32.6259        472     1.9625  0.000e+00
     34.391    12.1536   3.771098    32.6266        473     1.9667  0.000e+00
     34.355    12.1548   3.771163    32.6263        474     1.9708  0.000e+00
     34.310    12.1556   3.771143    32.6254        475     1.9750  0.000e+00
     34.276    12.1562   3.771163    32.6250        476     1.9792  0.000e+00
     34.231    12.1566   3.771052    32.6236        477     1.9833  0.000e+00
     34.192    12.1567   3.771026    32.6233        478     1.9875  0.000e+00
     34.141    12.1563   3.770805    32.6215        479     1.9917  0.000e+00
     34.086    12.1559   3.770987    32.6237        480     1.9958  0.000e+00
     34.029    12.1560   3.771306    32.6267        481     2.0000  0.000e+00
     33.960    12.1573   3.771188    32.6245        482     2.0042  0.000e+00
     33.890    12.1586   3.771657    32.6279        483     2.0083  0.000e+00
     33.806    12.1605   3.771794    32.6276        484     2.0125  0.000e+00
     33.730    12.1624   3.771917    32.6272        485     2.0167  0.000e+00
     33.646    12.1641   3.772015    32.6266        486     2.0208  0.000e+00
     33.564    12.1656   3.772535    32.6303        487     2.0250  0.000e+00
     33.480    12.1684   3.772581    32.6284        488     2.0292  0.000e+00
     33.413    12.1704   3.772984    32.6306        489     2.0333  0.000e+00
     33.350    12.1726   3.773192    32.6306        490     2.0375  0.000e+00
     33.286    12.1750   3.773635    32.6328        491     2.0417  0.000e+00
     33.241    12.1785   3.774156    32.6348        492     2.0458  0.000e+00
     33.205    12.1831   3.775093    32.6398        493     2.0500  0.000e+00
     33.172    12.1896   3.775431    32.6374        494     2.0542  0.000e+00
     33.154    12.1952   3.775503    32.6332        495     2.0583  0.000e+00
     33.145    12.1989   3.775496    32.6300        496     2.0625  0.000e+00
     33.142    12.2011   3.775763    32.6306        497     2.0667  0.000e+00
     33.136    12.2031   3.775880    32.6300        498     2.0708  0.000e+00
     33.136    12.2046   3.775998    32.6298        499     2.0750  0.000e+00
     33.121    12.2054   3.774956    32.6191        500     2.0792  0.000e+00
     33.112    12.2019   3.774214    32.6150        501     2.0833  0.000e+00
     33.082    12.1959   3.774181    32.6199        502     2.0875  0.000e+00
     33.055    12.1922   3.774416    32.6254        503     2.0917  0.000e+00
     33.021    12.1912   3.774442    32.6266        504     2.0958  0.000e+00
     32.973    12.1912   3.775184    32.6338        505     2.1000  0.000e+00
     32.913    12.1945   3.776304    32.6416        506     2.1042  0.000e+00
     32.849    12.2017   3.776824    32.6405        507     2.1083  0.000e+00
     32.768    12.2084   3.777026    32.6365        508     2.1125  0.000e+00
     32.693    12.2134   3.777176    32.6336        509     2.1167  0.000e+00
     32.617    12.2170   3.777339    32.6322        510     2.1208  0.000e+00
     32.539    12.2189   3.777462    32.6317        511     2.1250  0.000e+00
     32.451    12.2203   3.777163    32.6277        512     2.1292  0.000e+00
     32.382    12.2199   3.777045    32.6269        513     2.1333  0.000e+00
     32.321    12.2192   3.776752    32.6247        514     2.1375  0.000e+00
     32.267    12.2170   3.776193    32.6212        515     2.1417  0.000e+00
     32.216    12.2139   3.776726    32.6292        516     2.1458  0.000e+00
     32.189    12.2143   3.777944    32.6404        517     2.1500  0.000e+00
     32.152    12.2196   3.778999    32.6460        518     2.1542  0.000e+00
     32.128    12.2284   3.779924    32.6472        519     2.1583  0.000e+00
     32.107    12.2392   3.780914    32.6474        520     2.1625  0.000e+00
     32.092    12.2500   3.781598    32.6445        521     2.1667  0.000e+00
     32.068    12.2596   3.782939    32.6490        522     2.1708  0.000e+00
     32.044    12.2720   3.784881    32.6569        523     2.1750  0.000e+00
     32.023    12.2878   3.786458    32.6583        524     2.1792  0.000e+00
     31.984    12.3059   3.788081    32.6581        525     2.1833  0.000e+00
     31.954    12.3247   3.789854    32.6587        526     2.1875  0.000e+00
     31.908    12.3443   3.792684    32.6689        527     2.1917  0.000e+00
     31.854    12.3703   3.797759    32.6949        528     2.1958  0.000e+00
     31.812    12.4080   3.801055    32.6936        529     2.2000  0.000e+00
     31.758    12.4473   3.803437    32.6822        530     2.2042  0.000e+00
     31.709    12.4813   3.805174    32.6693        531     2.2083  0.000e+00
     31.658    12.5082   3.807244    32.6657        532     2.2125  0.000e+00
     31.607    12.5329   3.809785    32.6685        533     2.2167  0.000e+00
     31.555    12.5584   3.812614    32.6734        534     2.2208  0.000e+00
     31.510    12.5857   3.814993    32.6725        535     2.2250  0.000e+00
     31.456    12.6130   3.817085    32.6687        536     2.2292  0.000e+00
     31.405    12.6375   3.818635    32.6622        537     2.2333  0.000e+00
     31.359    12.6593   3.820342    32.6597        538     2.2375  0.000e+00
     31.305    12.6783   3.821251    32.6519        539     2.2417  0.000e+00
     31.248    12.6938   3.821578    32.6415        540     2.2458  0.000e+00
     31.191    12.7038   3.822094    32.6379        541     2.2500  0.000e+00
     31.145    12.7114   3.823121    32.6411        542     2.2542  0.000e+00
     31.094    12.7202   3.824738    32.6488        543     2.2583  0.000e+00
     31.049    12.7324   3.826177    32.6520        544     2.2625  0.000e+00
     31.004    12.7468   3.827067    32.6480        545     2.2667  0.000e+00
     30.970    12.7593   3.827552    32.6418        546     2.2708  0.000e+00
     30.922    12.7684   3.828186    32.6400        547     2.2750  0.000e+00
     30.871    12.7758   3.829077    32.6421        548     2.2792  0.000e+00
     30.829    12.7840   3.830268    32.6463        549     2.2833  0.000e+00
     30.777    12.7941   3.831859    32.6527        550     2.2875  0.000e+00
     30.732    12.8071   3.833490    32.6569        551     2.2917  0.000e+00
     30.675    12.8224   3.834499    32.6533        552     2.2958  0.000e+00
     30.626    12.8359   3.835245    32.6487        553     2.3000  0.000e+00
     30.572    12.8473   3.836582    32.6515        554     2.3042  0.000e+00
     30.518    12.8598   3.838646    32.6604        555     2.3083  0.000e+00
     30.463    12.8759   3.840520    32.6642        556     2.3125  0.000e+00
     30.409    12.8944   3.842703    32.6690        557     2.3167  0.000e+00
     30.349    12.9150   3.845339    32.6761        558     2.3208  0.000e+00
     30.292    12.9393   3.847753    32.6780        559     2.3250  0.000e+00
     30.249    12.9651   3.850672    32.6834        560     2.3292  0.000e+00
     30.192    12.9922   3.852503    32.6773        561     2.3333  0.000e+00
     30.150    13.0167   3.854216    32.6723        562     2.3375  0.000e+00
     30.095    13.0374   3.855252    32.6643        563     2.3417  0.000e+00
     30.050    13.0533   3.854766    32.6461        564     2.3458  0.000e+00
     30.008    13.0603   3.853828    32.6312        565     2.3500  0.000e+00
     29.975    13.0589   3.852948    32.6241        566     2.3542  0.000e+00
     29.936    13.0532   3.852626    32.6261        567     2.3583  0.000e+00
     29.903    13.0484   3.853801    32.6413        568     2.3625  0.000e+00
     29.863    13.0504   3.855351    32.6542        569     2.3667  0.000e+00
     29.824    13.0592   3.857281    32.6648        570     2.3708  0.000e+00
     29.782    13.0737   3.860854    32.6860        571     2.3750  0.000e+00
     29.731    13.0981   3.864829    32.7025        572     2.3792  0.000e+00
     29.667    13.1318   3.868733    32.7103        573     2.3833  0.000e+00
     29.613    13.1685   3.871159    32.7015        574     2.3875  0.000e+00
     29.544    13.2017   3.873223    32.6924        575     2.3917  0.000e+00
     29.477    13.2294   3.876466    32.6991        576     2.3958  0.000e+00
     29.399    13.2582   3.879250    32.7005        577     2.4000  0.000e+00
     29.333    13.2879   3.881059    32.6920        578     2.4042  0.000e+00
     29.248    13.3127   3.882020    32.6797        579     2.4083  0.000e+00
     29.170    13.3309   3.883521    32.6782        580     2.4125  0.000e+00
     29.103    13.3469   3.884219    32.6711        581     2.4167  0.000e+00
     29.028    13.3589   3.884752    32.6658        582     2.4208  0.000e+00
     28.961    13.3685   3.886359    32.6726        583     2.4250  0.000e+00
     28.889    13.3806   3.888658    32.6838        584     2.4292  0.000e+00
     28.829    13.3977   3.890542    32.6868        585     2.4333  0.000e+00
     28.774    13.4167   3.891543    32.6799        586     2.4375  0.000e+00
     28.714    13.4322   3.891893    32.6699        587     2.4417  0.000e+00
     28.666    13.4427   3.892294    32.6647        588     2.4458  0.000e+00
     28.626    13.4502   3.892848    32.6635        589     2.4500  0.000e+00
     28.593    13.4570   3.893085    32.6599        590     2.4542  0.000e+00
     28.566    13.4625   3.893276    32.6570        591     2.4583  0.000e+00
     28.536    13.4663   3.893408    32.6549        592     2.4625  0.000e+00
     28.515    13.4696   3.893599    32.6540        593     2.4667  0.000e+00
     28.488    13.4719   3.893711    32.6530        594     2.4708  0.000e+00
     28.458    13.4741   3.893876    32.6528        595     2.4750  0.000e+00
     28.425    13.4757   3.894153    32.6540        596     2.4792  0.000e+00
     28.382    13.4776   3.894364    32.6543        597     2.4833  0.000e+00
     28.334    13.4796   3.894673    32.6555        598     2.4875  0.000e+00
     28.283    13.4823   3.894950    32.6558        599     2.4917  0.000e+00
     28.219    13.4849   3.895161    32.6556        600     2.4958  0.000e+00
     28.150    13.4876   3.895253    32.6542        601     2.5000  0.000e+00
     28.081    13.4896   3.894739    32.6477        602     2.5042  0.000e+00
     28.014    13.4896   3.894152    32.6423        603     2.5083  0.000e+00
     27.942    13.4877   3.893922    32.6417        604     2.5125  0.000e+00
     27.869    13.4856   3.893744    32.6419        605     2.5167  0.000e+00
     27.794    13.4843   3.893665    32.6423        606     2.5208  0.000e+00
     27.728    13.4833   3.893599    32.6425        607     2.5250  0.000e+00
     27.667    13.4829   3.893783    32.6447        608     2.5292  0.000e+00
     27.610    13.4840   3.894343    32.6490        609     2.5333  0.000e+00
     27.556    13.4870   3.894482    32.6477        610     2.5375  0.000e+00
     27.498    13.4898   3.893058    32.6320        611     2.5417  0.000e+00
     27.453    13.4876   3.891404    32.6184        612     2.5458  0.000e+00
     27.417    13.4813   3.891008    32.6202        613     2.5500  0.000e+00
     27.375    13.4752   3.890567    32.6213        614     2.5542  0.000e+00
     27.333    13.4709   3.890402    32.6234        615     2.5583  0.000e+00
     27.281    13.4679   3.890356    32.6256        616     2.5625  0.000e+00
     27.239    13.4662   3.890310    32.6266        617     2.5667  0.000e+00
     27.182    13.4652   3.890297    32.6274        618     2.5708  0.000e+00
     27.128    13.4646   3.890099    32.6261        619     2.5750  0.000e+00
     27.070    13.4639   3.889961    32.6254        620     2.5792  0.000e+00
     27.016    13.4630   3.889796    32.6246        621     2.5833  0.000e+00
     26.959    13.4621   3.889658    32.6242        622     2.5875  0.000e+00
     26.910    13.4611   3.889493    32.6235        623     2.5917  0.000e+00
     26.862    13.4600   3.889216    32.6218        624     2.5958  0.000e+00
     26.823    13.4589   3.888986    32.6206        625     2.6000  0.000e+00
