HB2302/sbe047.cnv
* Sea-Bird SBE 19plus V2 Data File:
* FileName = C:\cruise\data\sbe047.hex
* Software Version Seasave V 7.26.7.121
* Temperature SN = 4758
* Conductivity SN = 4758
* System UpLoad Time = Jun 13 2023 12:58:52
* NMEA Latitude = 39 01.31 N
* NMEA Longitude = 074 35.26 W
* NMEA UTC (Time) = Jun 13 2023 12:58:53
** Cruise: HB2302
** Program: Ecomon
** Chief Scientist: Jerry Prezioso
# nquan = 7
# nvalues = 1421                                  
# units = specified
# name 0 = depSM: Depth [salt water, m]
# name 1 = tv290C: Temperature [ITS-90, deg C]
# name 2 = c0S/m: Conductivity [S/m]
# name 3 = sal00: Salinity, Practical [PSU]
# name 4 = scan: Scan Count
# name 5 = timeM: Time, Elapsed [minutes]
# name 6 = flag:  0.000e+00
# span 0 =     -0.138,     12.629                 
# span 1 =    17.8613,    22.6397                 
# span 2 =   0.000020,   4.373276                 
# span 3 =     0.0108,    31.9311                 
# span 4 =         11,       1431                 
# span 5 =     0.0417,     5.9583                 
# span 6 = 0.0000e+00, 0.0000e+00                 
# interval = seconds: 0.25
# start_time = Jun 13 2023 12:58:53 [NMEA time, header]
# bad_flag = -9.990e-29
*END*
[from data line 1231]
      2.390    18.1478   4.132162    31.0091       1242     5.1708  0.000e+00
      2.353    18.1481   4.131771    31.0055       1243     5.1750  0.000e+00
      2.326    18.1462   4.131940    31.0084       1244     5.1792  0.000e+00
      2.302    18.1454   4.131771    31.0076       1245     5.1833  0.000e+00
      2.272    18.1449   4.131690    31.0073       1246     5.1875  0.000e+00
      2.269    18.1438   4.131710    31.0084       1247     5.1917  0.000e+00
      2.263    18.1433   4.131750    31.0090       1248     5.1958  0.000e+00
      2.260    18.1430   4.131764    31.0094       1249     5.2000  0.000e+00
      2.245    18.1434   4.132108    31.0120       1250     5.2042  0.000e+00
      2.236    18.1446   4.132561    31.0148       1251     5.2083  0.000e+00
      2.233    18.1481   4.133317    31.0185       1252     5.2125  0.000e+00
      2.215    18.1535   4.133567    31.0165       1253     5.2167  0.000e+00
      2.199    18.1577   4.133439    31.0123       1254     5.2208  0.000e+00
      2.178    18.1597   4.133493    31.0112       1255     5.2250  0.000e+00
      2.169    18.1607   4.133540    31.0109       1256     5.2292  0.000e+00
      2.163    18.1614   4.133540    31.0103       1257     5.2333  0.000e+00
      2.160    18.1619   4.133398    31.0088       1258     5.2375  0.000e+00
      2.157    18.1614   4.133418    31.0093       1259     5.2417  0.000e+00
      2.142    18.1610   4.133371    31.0093       1260     5.2458  0.000e+00
      2.121    18.1608   4.133263    31.0085       1261     5.2500  0.000e+00
      2.103    18.1600   4.133216    31.0088       1262     5.2542  0.000e+00
      2.079    18.1593   4.133229    31.0094       1263     5.2583  0.000e+00
      2.049    18.1590   4.133141    31.0089       1264     5.2625  0.000e+00
      2.034    18.1585   4.133155    31.0094       1265     5.2667  0.000e+00
      2.034    18.1583   4.133189    31.0098       1266     5.2708  0.000e+00
      2.031    18.1583   4.133141    31.0095       1267     5.2750  0.000e+00
      2.028    18.1581   4.132993    31.0083       1268     5.2792  0.000e+00
      2.022    18.1571   4.132966    31.0088       1269     5.2833  0.000e+00
      2.007    18.1567   4.133013    31.0096       1270     5.2875  0.000e+00
      1.985    18.1564   4.132966    31.0094       1271     5.2917  0.000e+00
      1.943    18.1563   4.132790    31.0080       1272     5.2958  0.000e+00
      1.901    18.1553   4.132581    31.0070       1273     5.3000  0.000e+00
      1.865    18.1539   4.132540    31.0078       1274     5.3042  0.000e+00
      1.847    18.1529   4.132371    31.0072       1275     5.3083  0.000e+00
      1.831    18.1511   4.132290    31.0078       1276     5.3125  0.000e+00
      1.841    18.1501   4.132338    31.0090       1277     5.3167  0.000e+00
      1.850    18.1498   4.132419    31.0099       1278     5.3208  0.000e+00
      1.859    18.1501   4.132561    31.0108       1279     5.3250  0.000e+00
      1.856    18.1511   4.132736    31.0116       1280     5.3292  0.000e+00
      1.823    18.1523   4.132891    31.0120       1281     5.3333  0.000e+00
      1.783    18.1535   4.132891    31.0111       1282     5.3375  0.000e+00
      1.732    18.1544   4.132797    31.0096       1283     5.3417  0.000e+00
      1.699    18.1548   4.132912    31.0102       1284     5.3458  0.000e+00
      1.681    18.1549   4.132587    31.0075       1285     5.3500  0.000e+00
      1.699    18.1534   4.132013    31.0038       1286     5.3542  0.000e+00
      1.732    18.1499   4.132088    31.0070       1287     5.3583  0.000e+00
      1.762    18.1480   4.131987    31.0077       1288     5.3625  0.000e+00
      1.780    18.1469   4.131635    31.0056       1289     5.3667  0.000e+00
      1.802    18.1445   4.131365    31.0050       1290     5.3708  0.000e+00
      1.805    18.1419   4.131365    31.0071       1291     5.3750  0.000e+00
      1.768    18.1403   4.132061    31.0141       1292     5.3792  0.000e+00
      1.711    18.1427   4.132635    31.0171       1293     5.3833  0.000e+00
      1.642    18.1471   4.132716    31.0145       1294     5.3875  0.000e+00
      1.599    18.1505   4.132912    31.0135       1295     5.3917  0.000e+00
      1.572    18.1529   4.132966    31.0122       1296     5.3958  0.000e+00
      1.569    18.1545   4.132614    31.0081       1297     5.4000  0.000e+00
      1.566    18.1537   4.132513    31.0078       1298     5.4042  0.000e+00
      1.557    18.1525   4.132614    31.0096       1299     5.4083  0.000e+00
      1.506    18.1523   4.132560    31.0092       1300     5.4125  0.000e+00
      1.433    18.1522   4.132513    31.0090       1301     5.4167  0.000e+00
      1.388    18.1518   4.132513    31.0093       1302     5.4208  0.000e+00
      1.343    18.1512   4.132250    31.0075       1303     5.4250  0.000e+00
      1.327    18.1500   4.132216    31.0082       1304     5.4292  0.000e+00
      1.312    18.1489   4.132189    31.0088       1305     5.4333  0.000e+00
      1.315    18.1486   4.132466    31.0114       1306     5.4375  0.000e+00
      1.337    18.1491   4.132513    31.0114       1307     5.4417  0.000e+00
      1.352    18.1502   4.132466    31.0101       1308     5.4458  0.000e+00
      1.364    18.1505   4.132560    31.0107       1309     5.4500  0.000e+00
      1.364    18.1511   4.132439    31.0092       1310     5.4542  0.000e+00
      1.367    18.1508   4.132466    31.0097       1311     5.4583  0.000e+00
      1.385    18.1505   4.132513    31.0103       1312     5.4625  0.000e+00
      1.394    18.1510   4.132250    31.0077       1313     5.4667  0.000e+00
      1.403    18.1499   4.132439    31.0101       1314     5.4708  0.000e+00
      1.403    18.1497   4.132513    31.0109       1315     5.4750  0.000e+00
      1.403    18.1502   4.132466    31.0101       1316     5.4792  0.000e+00
      1.379    18.1505   4.132736    31.0122       1317     5.4833  0.000e+00
      1.346    18.1518   4.132945    31.0129       1318     5.4875  0.000e+00
      1.325    18.1535   4.132966    31.0119       1319     5.4917  0.000e+00
      1.307    18.1547   4.132790    31.0095       1320     5.4958  0.000e+00
      1.279    18.1545   4.132702    31.0089       1321     5.5000  0.000e+00
      1.237    18.1540   4.132540    31.0079       1322     5.5042  0.000e+00
      1.186    18.1529   4.132513    31.0085       1323     5.5083  0.000e+00
      1.125    18.1519   4.132587    31.0099       1324     5.5125  0.000e+00
      1.086    18.1518   4.132716    31.0111       1325     5.5167  0.000e+00
      1.074    18.1524   4.132729    31.0107       1326     5.5208  0.000e+00
      1.074    18.1530   4.132689    31.0099       1327     5.5250  0.000e+00
      1.065    18.1530   4.132729    31.0103       1328     5.5292  0.000e+00
      1.056    18.1531   4.132716    31.0101       1329     5.5333  0.000e+00
      1.056    18.1531   4.132716    31.0101       1330     5.5375  0.000e+00
      1.020    18.1530   4.132655    31.0097       1331     5.5417  0.000e+00
      0.975    18.1530   4.132641    31.0096       1332     5.5458  0.000e+00
      0.926    18.1527   4.132222    31.0064       1333     5.5500  0.000e+00
      0.896    18.1509   4.132013    31.0060       1334     5.5542  0.000e+00
      0.887    18.1485   4.132060    31.0082       1335     5.5583  0.000e+00
      0.896    18.1472   4.132202    31.0103       1336     5.5625  0.000e+00
      0.917    18.1475   4.132790    31.0151       1337     5.5667  0.000e+00
      0.932    18.1501   4.132817    31.0133       1338     5.5708  0.000e+00
      0.935    18.1519   4.132081    31.0058       1339     5.5750  0.000e+00
      0.935    18.1497   4.131561    31.0031       1340     5.5792  0.000e+00
      0.926    18.1458   4.131676    31.0070       1341     5.5833  0.000e+00
      0.896    18.1434   4.131736    31.0093       1342     5.5875  0.000e+00
      0.878    18.1428   4.131885    31.0110       1343     5.5917  0.000e+00
      0.881    18.1433   4.132034    31.0119       1344     5.5958  0.000e+00
      0.866    18.1444   4.132162    31.0122       1345     5.6000  0.000e+00
      0.863    18.1454   4.132108    31.0109       1346     5.6042  0.000e+00
      0.857    18.1463   4.132641    31.0147       1347     5.6083  0.000e+00
      0.836    18.1487   4.132837    31.0145       1348     5.6125  0.000e+00
      0.791    18.1512   4.132797    31.0123       1349     5.6167  0.000e+00
      0.730    18.1529   4.132817    31.0113       1350     5.6208  0.000e+00
      0.703    18.1533   4.132823    31.0110       1351     5.6250  0.000e+00
      0.685    18.1537   4.132817    31.0106       1352     5.6292  0.000e+00
      0.649    18.1537   4.132465    31.0077       1353     5.6333  0.000e+00
      0.582    18.1527   4.132513    31.0089       1354     5.6375  0.000e+00
      0.531    18.1514   4.132290    31.0080       1355     5.6417  0.000e+00
      0.558    18.1499   4.132297    31.0092       1356     5.6458  0.000e+00
      0.588    18.1492   4.132364    31.0103       1357     5.6500  0.000e+00
      0.603    18.1486   4.132114    31.0087       1358     5.6542  0.000e+00
      0.597    18.1480   4.132418    31.0117       1359     5.6583  0.000e+00
      0.613    18.1483   4.132385    31.0111       1360     5.6625  0.000e+00
      0.661    18.1486   4.132033    31.0080       1361     5.6667  0.000e+00
      0.688    18.1471   4.131790    31.0070       1362     5.6708  0.000e+00
      0.700    18.1451   4.131912    31.0096       1363     5.6750  0.000e+00
      0.700    18.1443   4.131865    31.0098       1364     5.6792  0.000e+00
      0.703    18.1435   4.131365    31.0062       1365     5.6833  0.000e+00
      0.709    18.1414   4.131291    31.0072       1366     5.6875  0.000e+00
      0.719    18.1395   4.132088    31.0153       1367     5.6917  0.000e+00
      0.725    18.1416   4.132513    31.0172       1368     5.6958  0.000e+00
      0.767    18.1457   4.132607    31.0149       1369     5.7000  0.000e+00
      0.791    18.1485   4.132641    31.0131       1370     5.7042  0.000e+00
      0.797    18.1503   4.132634    31.0117       1371     5.7083  0.000e+00
      0.788    18.1510   4.132790    31.0124       1372     5.7125  0.000e+00
      0.779    18.1521   4.133013    31.0135       1373     5.7167  0.000e+00
      0.761    18.1535   4.133060    31.0128       1374     5.7208  0.000e+00
      0.722    18.1549   4.133087    31.0120       1375     5.7250  0.000e+00
      0.692    18.1559   4.133350    31.0135       1376     5.7292  0.000e+00
      0.686    18.1573   4.133337    31.0123       1377     5.7333  0.000e+00
      0.692    18.1581   4.133391    31.0121       1378     5.7375  0.000e+00
      0.670    18.1587   4.133445    31.0121       1379     5.7417  0.000e+00
      0.589    18.1595   4.133337    31.0107       1380     5.7458  0.000e+00
      0.450    18.1594   4.133087    31.0087       1381     5.7500  0.000e+00
      0.317    18.1580   4.132891    31.0081       1382     5.7542  0.000e+00
      0.272    18.1565   4.132789    31.0085       1383     5.7583  0.000e+00
      0.269    18.1547   4.132681    31.0089       1384     5.7625  0.000e+00
      0.278    18.1535   4.132715    31.0101       1385     5.7667  0.000e+00
      0.302    18.1528   4.132729    31.0107       1386     5.7708  0.000e+00
      0.359    18.1527   4.132641    31.0101       1387     5.7750  0.000e+00
      0.408    18.1521   4.132715    31.0111       1388     5.7792  0.000e+00
      0.417    18.1517   4.132844    31.0124       1389     5.7833  0.000e+00
      0.368    18.1528   4.132790    31.0112       1390     5.7875  0.000e+00
      0.287    18.1531   4.132661    31.0099       1391     5.7917  0.000e+00
      0.275    18.1523   4.132634    31.0103       1392     5.7958  0.000e+00
      0.305    18.1518   4.132540    31.0099       1393     5.8000  0.000e+00
      0.338    18.1509   4.132634    31.0114       1394     5.8042  0.000e+00
      0.411    18.1506   4.132688    31.0120       1395     5.8083  0.000e+00
      0.480    18.1511   4.132641    31.0112       1396     5.8125  0.000e+00
      0.493    18.1510   4.132607    31.0110       1397     5.8167  0.000e+00
      0.447    18.1508   4.132513    31.0104       1398     5.8208  0.000e+00
      0.354    18.1507   4.132580    31.0110       1399     5.8250  0.000e+00
      0.293    18.1505   4.132560    31.0111       1400     5.8292  0.000e+00
      0.275    18.1504   4.132540    31.0110       1401     5.8333  0.000e+00
      0.251    18.1503   4.132560    31.0112       1402     5.8375  0.000e+00
      0.278    18.1503   4.132560    31.0112       1403     5.8417  0.000e+00
      0.272    18.1504   4.132465    31.0104       1404     5.8458  0.000e+00
      0.215    18.1499   4.132134    31.0079       1405     5.8500  0.000e+00
      0.181    18.1482   4.132216    31.0099       1406     5.8542  0.000e+00
      0.169    18.1474   4.132344    31.0116       1407     5.8583  0.000e+00
      0.160    18.1473   4.132384    31.0121       1408     5.8625  0.000e+00
      0.178    18.1477   4.132418    31.0120       1409     5.8667  0.000e+00
      0.203    18.1479   4.132438    31.0120       1410     5.8708  0.000e+00
      0.212    18.1481   4.132513    31.0125       1411     5.8750  0.000e+00
      0.200    18.1486   4.132344    31.0107       1412     5.8792  0.000e+00
      0.239    18.1482   4.132189    31.0097       1413     5.8833  0.000e+00
      0.230    18.1475   4.132371    31.0118       1414     5.8875  0.000e+00
      0.166    18.1474   4.132465    31.0127       1415     5.8917  0.000e+00
      0.061    18.1480   4.132465    31.0122       1416     5.8958  0.000e+00
     -0.069    18.1484   2.794391    20.1145       1417     5.9000  0.000e+00
     -0.096    18.1427   0.714248     4.5863       1418     5.9042  0.000e+00
     -0.030    18.1151   3.183301    23.2377       1419     5.9083  0.000e+00
      0.012    18.1157   4.018403    30.0836       1420     5.9125  0.000e+00
     -0.015    18.1300   4.031705    30.1840       1421     5.9167  0.000e+00
     -0.039    18.1405   3.943623    29.4433       1422     5.9208  0.000e+00
     -0.087    18.1456   3.100097    22.5518       1423     5.9250  0.000e+00
     -0.108    18.1451   0.738493     4.7530       1424     5.9292  0.000e+00
     -0.120    18.1376   0.435332     2.7037       1425     5.9333  0.000e+00
     -0.114    18.1266   0.351482     2.1547       1426     5.9375  0.000e+00
     -0.090    18.1171   0.305692     1.8589       1427     5.9417  0.000e+00
      0.007    18.1147   0.336862     2.0604       1428     5.9458  0.000e+00
      0.067    18.1186   0.383010     2.3608       1429     5.9500  0.000e+00
      0.097    18.1244   0.424135     2.6306       1430     5.9542  0.000e+00
      0.121    18.1301   2.099724    14.7149       1431     5.9583  0.000e+00
