HB2302/sbe092.cnv
* Sea-Bird SBE 19plus V2 Data File:
* FileName = C:\cruise\data\sbe092.hex
* Software Version Seasave V 7.26.7.121
* Temperature SN = 4758
* Conductivity SN = 4758
* System UpLoad Time = Jun 17 2023 04:49:43
* NMEA Latitude = 41 16.00 N
* NMEA Longitude = 067 37.37 W
* NMEA UTC (Time) = Jun 17 2023 04:49:43
** Cruise: HB2302
** Program: Ecomon
** Chief Scientist: Jerry Prezioso
# nquan = 7
# nvalues = 1121                                  
# units = specified
# name 0 = depSM: Depth [salt water, m]
# name 1 = tv290C: Temperature [ITS-90, deg C]
# name 2 = c0S/m: Conductivity [S/m]
# name 3 = sal00: Salinity, Practical [PSU]
# name 4 = scan: Scan Count
# name 5 = timeM: Time, Elapsed [minutes]
# name 6 = flag:  0.000e+00
# span 0 =     -0.172,     31.523                 
# span 1 =    12.3681,    14.0635                 
# span 2 =   0.000408,   3.954847                 
# span 3 =     0.0084,    33.3449                 
# span 4 =         11,       1131                 
# span 5 =     0.0417,     4.7083                 
# span 6 = 0.0000e+00, 0.0000e+00                 
# interval = seconds: 0.25
# start_time = Jun 17 2023 04:49:43 [NMEA time, header]
# bad_flag = -9.990e-29
*END*
[from data line 616]
     15.970    12.3821   3.818940    32.8943        627     2.6083  0.000e+00
     15.916    12.3820   3.818927    32.8942        628     2.6125  0.000e+00
     15.870    12.3820   3.818927    32.8943        629     2.6167  0.000e+00
     15.828    12.3820   3.818927    32.8943        630     2.6208  0.000e+00
     15.786    12.3818   3.818920    32.8944        631     2.6250  0.000e+00
     15.747    12.3820   3.818881    32.8939        632     2.6292  0.000e+00
     15.711    12.3818   3.818881    32.8941        633     2.6333  0.000e+00
     15.677    12.3817   3.818750    32.8930        634     2.6375  0.000e+00
     15.641    12.3812   3.818809    32.8939        635     2.6417  0.000e+00
     15.605    12.3811   3.818881    32.8947        636     2.6458  0.000e+00
     15.569    12.3812   3.818868    32.8945        637     2.6500  0.000e+00
     15.539    12.3815   3.818809    32.8938        638     2.6542  0.000e+00
     15.481    12.3811   3.818835    32.8944        639     2.6583  0.000e+00
     15.427    12.3809   3.818796    32.8942        640     2.6625  0.000e+00
     15.379    12.3808   3.818809    32.8944        641     2.6667  0.000e+00
     15.324    12.3807   3.818769    32.8941        642     2.6708  0.000e+00
     15.282    12.3808   3.818750    32.8939        643     2.6750  0.000e+00
     15.246    12.3809   3.818769    32.8940        644     2.6792  0.000e+00
     15.207    12.3807   3.818809    32.8945        645     2.6833  0.000e+00
     15.177    12.3809   3.818848    32.8948        646     2.6875  0.000e+00
     15.156    12.3810   3.818835    32.8946        647     2.6917  0.000e+00
     15.140    12.3813   3.818854    32.8945        648     2.6958  0.000e+00
     15.125    12.3813   3.818848    32.8944        649     2.7000  0.000e+00
     15.113    12.3815   3.818854    32.8944        650     2.7042  0.000e+00
     15.104    12.3814   3.818809    32.8940        651     2.7083  0.000e+00
     15.086    12.3814   3.818867    32.8946        652     2.7125  0.000e+00
     15.071    12.3816   3.818835    32.8941        653     2.7167  0.000e+00
     15.047    12.3816   3.818835    32.8941        654     2.7208  0.000e+00
     15.026    12.3817   3.818894    32.8946        655     2.7250  0.000e+00
     14.996    12.3817   3.818881    32.8945        656     2.7292  0.000e+00
     14.953    12.3817   3.818900    32.8947        657     2.7333  0.000e+00
     14.914    12.3820   3.818920    32.8946        658     2.7375  0.000e+00
     14.875    12.3822   3.818946    32.8947        659     2.7417  0.000e+00
     14.839    12.3824   3.818900    32.8941        660     2.7458  0.000e+00
     14.809    12.3824   3.818867    32.8938        661     2.7500  0.000e+00
     14.766    12.3825   3.818946    32.8945        662     2.7542  0.000e+00
     14.742    12.3824   3.818972    32.8948        663     2.7583  0.000e+00
     14.706    12.3824   3.818939    32.8945        664     2.7625  0.000e+00
     14.676    12.3824   3.818946    32.8946        665     2.7667  0.000e+00
     14.649    12.3827   3.818946    32.8944        666     2.7708  0.000e+00
     14.612    12.3827   3.818926    32.8942        667     2.7750  0.000e+00
     14.582    12.3827   3.818920    32.8941        668     2.7792  0.000e+00
     14.549    12.3829   3.818946    32.8943        669     2.7833  0.000e+00
     14.507    12.3827   3.818992    32.8949        670     2.7875  0.000e+00
     14.468    12.3828   3.819011    32.8950        671     2.7917  0.000e+00
     14.422    12.3829   3.819063    32.8954        672     2.7958  0.000e+00
     14.368    12.3834   3.818946    32.8938        673     2.8000  0.000e+00
     14.320    12.3832   3.818919    32.8938        674     2.8042  0.000e+00
     14.269    12.3830   3.818926    32.8941        675     2.8083  0.000e+00
     14.223    12.3827   3.818946    32.8945        676     2.8125  0.000e+00
     14.169    12.3827   3.818919    32.8943        677     2.8167  0.000e+00
     14.127    12.3828   3.818946    32.8945        678     2.8208  0.000e+00
     14.087    12.3829   3.818946    32.8944        679     2.8250  0.000e+00
     14.051    12.3829   3.818965    32.8946        680     2.8292  0.000e+00
     14.009    12.3828   3.818972    32.8948        681     2.8333  0.000e+00
     13.982    12.3832   3.818972    32.8945        682     2.8375  0.000e+00
     13.943    12.3833   3.818965    32.8943        683     2.8417  0.000e+00
     13.915    12.3832   3.818900    32.8938        684     2.8458  0.000e+00
     13.882    12.3828   3.818880    32.8940        685     2.8500  0.000e+00
     13.861    12.3827   3.818939    32.8946        686     2.8542  0.000e+00
     13.837    12.3829   3.818972    32.8948        687     2.8583  0.000e+00
     13.819    12.3829   3.818972    32.8948        688     2.8625  0.000e+00
     13.804    12.3830   3.818965    32.8946        689     2.8667  0.000e+00
     13.789    12.3830   3.818945    32.8944        690     2.8708  0.000e+00
     13.777    12.3829   3.818972    32.8948        691     2.8750  0.000e+00
     13.768    12.3832   3.818991    32.8948        692     2.8792  0.000e+00
     13.762    12.3837   3.818945    32.8939        693     2.8833  0.000e+00
     13.756    12.3834   3.818926    32.8939        694     2.8875  0.000e+00
     13.744    12.3829   3.818939    32.8945        695     2.8917  0.000e+00
     13.726    12.3832   3.818945    32.8943        696     2.8958  0.000e+00
     13.704    12.3832   3.819017    32.8950        697     2.9000  0.000e+00
     13.677    12.3832   3.819109    32.8959        698     2.9042  0.000e+00
     13.647    12.3839   3.819155    32.8958        699     2.9083  0.000e+00
     13.602    12.3844   3.819220    32.8959        700     2.9125  0.000e+00
     13.557    12.3853   3.819200    32.8950        701     2.9167  0.000e+00
     13.511    12.3858   3.819279    32.8953        702     2.9208  0.000e+00
     13.448    12.3862   3.819292    32.8951        703     2.9250  0.000e+00
     13.385    12.3866   3.819083    32.8928        704     2.9292  0.000e+00
     13.324    12.3861   3.819181    32.8942        705     2.9333  0.000e+00
     13.252    12.3858   3.819083    32.8936        706     2.9375  0.000e+00
     13.194    12.3853   3.819037    32.8936        707     2.9417  0.000e+00
     13.125    12.3845   3.818677    32.8908        708     2.9458  0.000e+00
     13.068    12.3831   3.818494    32.8903        709     2.9500  0.000e+00
     13.013    12.3812   3.818468    32.8917        710     2.9542  0.000e+00
     12.974    12.3799   3.818487    32.8931        711     2.9583  0.000e+00
     12.941    12.3790   3.818494    32.8939        712     2.9625  0.000e+00
     12.914    12.3787   3.818468    32.8940        713     2.9667  0.000e+00
     12.883    12.3786   3.818487    32.8943        714     2.9708  0.000e+00
     12.853    12.3786   3.818514    32.8945        715     2.9750  0.000e+00
     12.832    12.3788   3.818422    32.8935        716     2.9792  0.000e+00
     12.805    12.3790   3.818461    32.8937        717     2.9833  0.000e+00
     12.778    12.3786   3.818468    32.8942        718     2.9875  0.000e+00
     12.745    12.3785   3.818468    32.8943        719     2.9917  0.000e+00
     12.715    12.3785   3.818487    32.8945        720     2.9958  0.000e+00
     12.672    12.3786   3.818468    32.8942        721     3.0000  0.000e+00
     12.630    12.3787   3.818494    32.8944        722     3.0042  0.000e+00
     12.585    12.3790   3.818533    32.8945        723     3.0083  0.000e+00
     12.537    12.3791   3.818494    32.8940        724     3.0125  0.000e+00
     12.479    12.3792   3.818494    32.8940        725     3.0167  0.000e+00
     12.449    12.3790   3.818487    32.8941        726     3.0208  0.000e+00
     12.413    12.3791   3.818494    32.8941        727     3.0250  0.000e+00
     12.380    12.3790   3.818494    32.8942        728     3.0292  0.000e+00
     12.350    12.3790   3.818461    32.8939        729     3.0333  0.000e+00
     12.325    12.3790   3.818468    32.8940        730     3.0375  0.000e+00
     12.310    12.3790   3.818494    32.8942        731     3.0417  0.000e+00
     12.280    12.3792   3.818487    32.8940        732     3.0458  0.000e+00
     12.262    12.3791   3.818494    32.8942        733     3.0500  0.000e+00
     12.235    12.3790   3.818422    32.8935        734     3.0542  0.000e+00
     12.208    12.3788   3.818461    32.8942        735     3.0583  0.000e+00
     12.175    12.3786   3.818467    32.8944        736     3.0625  0.000e+00
     12.144    12.3786   3.818559    32.8953        737     3.0667  0.000e+00
     12.105    12.3790   3.818631    32.8956        738     3.0708  0.000e+00
     12.054    12.3796   3.818703    32.8958        739     3.0750  0.000e+00
     12.012    12.3802   3.818631    32.8947        740     3.0792  0.000e+00
     11.960    12.3806   3.818722    32.8952        741     3.0833  0.000e+00
     11.909    12.3810   3.818631    32.8940        742     3.0875  0.000e+00
     11.873    12.3810   3.818605    32.8938        743     3.0917  0.000e+00
     11.834    12.3807   3.818513    32.8932        744     3.0958  0.000e+00
     11.785    12.3802   3.818461    32.8931        745     3.1000  0.000e+00
     11.755    12.3794   3.818448    32.8937        746     3.1042  0.000e+00
     11.719    12.3792   3.818448    32.8939        747     3.1083  0.000e+00
     11.695    12.3790   3.818559    32.8951        748     3.1125  0.000e+00
     11.668    12.3793   3.818631    32.8955        749     3.1167  0.000e+00
     11.635    12.3803   3.818677    32.8952        750     3.1208  0.000e+00
     11.598    12.3808   3.818441    32.8924        751     3.1250  0.000e+00
     11.574    12.3803   3.818421    32.8928        752     3.1292  0.000e+00
     11.553    12.3791   3.818356    32.8931        753     3.1333  0.000e+00
     11.529    12.3785   3.818369    32.8938        754     3.1375  0.000e+00
     11.499    12.3783   3.818402    32.8943        755     3.1417  0.000e+00
     11.481    12.3783   3.818448    32.8948        756     3.1458  0.000e+00
     11.466    12.3784   3.818389    32.8941        757     3.1500  0.000e+00
     11.429    12.3787   3.818448    32.8944        758     3.1542  0.000e+00
     11.405    12.3786   3.818402    32.8941        759     3.1583  0.000e+00
     11.378    12.3787   3.818441    32.8944        760     3.1625  0.000e+00
     11.357    12.3787   3.818421    32.8942        761     3.1667  0.000e+00
     11.333    12.3787   3.818448    32.8945        762     3.1708  0.000e+00
     11.327    12.3787   3.818487    32.8949        763     3.1750  0.000e+00
     11.297    12.3788   3.818448    32.8944        764     3.1792  0.000e+00
     11.273    12.3791   3.818559    32.8952        765     3.1833  0.000e+00
     11.245    12.3795   3.818533    32.8946        766     3.1875  0.000e+00
     11.215    12.3799   3.818467    32.8937        767     3.1917  0.000e+00
     11.170    12.3796   3.818402    32.8933        768     3.1958  0.000e+00
     11.125    12.3791   3.818441    32.8941        769     3.2000  0.000e+00
     11.076    12.3790   3.818493    32.8947        770     3.2042  0.000e+00
     11.010    12.3791   3.818356    32.8934        771     3.2083  0.000e+00
     10.956    12.3788   3.818297    32.8931        772     3.2125  0.000e+00
     10.892    12.3783   3.818330    32.8938        773     3.2167  0.000e+00
     10.838    12.3779   3.818284    32.8938        774     3.2208  0.000e+00
     10.781    12.3778   3.818310    32.8942        775     3.2250  0.000e+00
     10.726    12.3776   3.818245    32.8938        776     3.2292  0.000e+00
     10.690    12.3776   3.818264    32.8940        777     3.2333  0.000e+00
     10.654    12.3773   3.818238    32.8939        778     3.2375  0.000e+00
     10.621    12.3774   3.818271    32.8942        779     3.2417  0.000e+00
     10.597    12.3774   3.818238    32.8939        780     3.2458  0.000e+00
     10.579    12.3774   3.818238    32.8939        781     3.2500  0.000e+00
     10.564    12.3773   3.818271    32.8943        782     3.2542  0.000e+00
     10.554    12.3773   3.818284    32.8945        783     3.2583  0.000e+00
     10.536    12.3773   3.818238    32.8940        784     3.2625  0.000e+00
     10.533    12.3771   3.818245    32.8942        785     3.2667  0.000e+00
     10.518    12.3772   3.818238    32.8941        786     3.2708  0.000e+00
     10.503    12.3772   3.818238    32.8941        787     3.2750  0.000e+00
     10.491    12.3772   3.818245    32.8942        788     3.2792  0.000e+00
     10.479    12.3772   3.818238    32.8941        789     3.2833  0.000e+00
     10.458    12.3773   3.818284    32.8945        790     3.2875  0.000e+00
     10.437    12.3775   3.818271    32.8942        791     3.2917  0.000e+00
     10.416    12.3774   3.818238    32.8940        792     3.2958  0.000e+00
     10.386    12.3775   3.818218    32.8937        793     3.3000  0.000e+00
     10.356    12.3773   3.818199    32.8937        794     3.3042  0.000e+00
     10.313    12.3771   3.818173    32.8936        795     3.3083  0.000e+00
     10.268    12.3771   3.818238    32.8943        796     3.3125  0.000e+00
     10.229    12.3770   3.818127    32.8934        797     3.3167  0.000e+00
     10.165    12.3771   3.818284    32.8948        798     3.3208  0.000e+00
     10.108    12.3773   3.818264    32.8945        799     3.3250  0.000e+00
     10.039    12.3775   3.818244    32.8941        800     3.3292  0.000e+00
      9.981    12.3775   3.818218    32.8939        801     3.3333  0.000e+00
      9.918    12.3775   3.818264    32.8944        802     3.3375  0.000e+00
      9.867    12.3776   3.818270    32.8944        803     3.3417  0.000e+00
      9.821    12.3776   3.818238    32.8940        804     3.3458  0.000e+00
      9.782    12.3776   3.818238    32.8940        805     3.3500  0.000e+00
      9.755    12.3776   3.818297    32.8946        806     3.3542  0.000e+00
      9.737    12.3778   3.818264    32.8941        807     3.3583  0.000e+00
      9.713    12.3780   3.818238    32.8938        808     3.3625  0.000e+00
      9.701    12.3777   3.818297    32.8946        809     3.3667  0.000e+00
      9.686    12.3778   3.818264    32.8941        810     3.3708  0.000e+00
      9.668    12.3780   3.818264    32.8940        811     3.3750  0.000e+00
      9.653    12.3778   3.818297    32.8945        812     3.3792  0.000e+00
      9.634    12.3779   3.818310    32.8945        813     3.3833  0.000e+00
      9.604    12.3781   3.818375    32.8951        814     3.3875  0.000e+00
      9.556    12.3783   3.818355    32.8946        815     3.3917  0.000e+00
      9.514    12.3787   3.818368    32.8945        816     3.3958  0.000e+00
      9.462    12.3788   3.818329    32.8940        817     3.4000  0.000e+00
      9.405    12.3790   3.818375    32.8943        818     3.4042  0.000e+00
      9.348    12.3790   3.818316    32.8938        819     3.4083  0.000e+00
      9.294    12.3788   3.818309    32.8939        820     3.4125  0.000e+00
      9.251    12.3786   3.818264    32.8936        821     3.4167  0.000e+00
      9.215    12.3783   3.818198    32.8933        822     3.4208  0.000e+00
      9.188    12.3778   3.818283    32.8946        823     3.4250  0.000e+00
      9.164    12.3776   3.818309    32.8950        824     3.4292  0.000e+00
      9.143    12.3781   3.818316    32.8947        825     3.4333  0.000e+00
      9.134    12.3783   3.818264    32.8939        826     3.4375  0.000e+00
      9.125    12.3781   3.818218    32.8937        827     3.4417  0.000e+00
      9.113    12.3781   3.818296    32.8945        828     3.4458  0.000e+00
      9.100    12.3782   3.818329    32.8947        829     3.4500  0.000e+00
      9.082    12.3784   3.818309    32.8943        830     3.4542  0.000e+00
