HB2302/sbe038.cnv
* Sea-Bird SBE 19plus V2 Data File:
* FileName = C:\cruise\data\sbe038.hex
* Software Version Seasave V 7.26.7.121
* Temperature SN = 4758
* Conductivity SN = 4758
* System UpLoad Time = Jun 12 2023 14:18:04
* NMEA Latitude = 36 56.77 N
* NMEA Longitude = 075 37.88 W
* NMEA UTC (Time) = Jun 12 2023 14:18:05
** Cruise: HB2302
** Program: Ecomon
** Chief Scientist: Jerry Prezioso
# nquan = 7
# nvalues = 1777                                  
# units = specified
# name 0 = depSM: Depth [salt water, m]
# name 1 = tv290C: Temperature [ITS-90, deg C]
# name 2 = c0S/m: Conductivity [S/m]
# name 3 = sal00: Salinity, Practical [PSU]
# name 4 = scan: Scan Count
# name 5 = timeM: Time, Elapsed [minutes]
# name 6 = flag:  0.000e+00
# span 0 =     -0.135,     17.211                 
# span 1 =    16.4088,    22.1563                 
# span 2 =   0.000014,   4.192909                 
# span 3 =     0.0108,    32.3447                 
# span 4 =         11,       1787                 
# span 5 =     0.0417,     7.4417                 
# span 6 = 0.0000e+00, 0.0000e+00                 
# interval = seconds: 0.25
# start_time = Jun 12 2023 14:18:05 [NMEA time, header]
# bad_flag = -9.990e-29
*END*
[from data line 821]
     12.776    16.5072   4.130818    32.2760        832     3.4625  0.000e+00
     12.746    16.5063   4.130838    32.2769        833     3.4667  0.000e+00
     12.722    16.5067   4.130797    32.2763        834     3.4708  0.000e+00
     12.695    16.5075   4.130791    32.2756        835     3.4750  0.000e+00
     12.661    16.5081   4.130838    32.2755        836     3.4792  0.000e+00
     12.634    16.5087   4.130818    32.2749        837     3.4833  0.000e+00
     12.610    16.5096   4.130811    32.2741        838     3.4875  0.000e+00
     12.589    16.5105   4.130811    32.2734        839     3.4917  0.000e+00
     12.574    16.5120   4.130797    32.2721        840     3.4958  0.000e+00
     12.565    16.5128   4.130811    32.2715        841     3.5000  0.000e+00
     12.562    16.5133   4.130845    32.2714        842     3.5042  0.000e+00
     12.553    16.5142   4.130811    32.2704        843     3.5083  0.000e+00
     12.547    16.5144   4.130811    32.2702        844     3.5125  0.000e+00
     12.541    16.5140   4.130818    32.2706        845     3.5167  0.000e+00
     12.544    16.5139   4.130790    32.2705        846     3.5208  0.000e+00
     12.526    16.5130   4.130818    32.2714        847     3.5250  0.000e+00
     12.523    16.5128   4.130811    32.2715        848     3.5292  0.000e+00
     12.517    16.5128   4.130811    32.2715        849     3.5333  0.000e+00
     12.499    16.5122   4.130797    32.2720        850     3.5375  0.000e+00
     12.490    16.5111   4.130764    32.2725        851     3.5417  0.000e+00
     12.484    16.5100   4.130797    32.2737        852     3.5458  0.000e+00
     12.475    16.5097   4.130764    32.2736        853     3.5500  0.000e+00
     12.469    16.5100   4.130791    32.2736        854     3.5542  0.000e+00
     12.469    16.5104   4.130770    32.2732        855     3.5583  0.000e+00
     12.460    16.5108   4.130791    32.2730        856     3.5625  0.000e+00
     12.466    16.5105   4.130743    32.2728        857     3.5667  0.000e+00
     12.469    16.5104   4.130736    32.2729        858     3.5708  0.000e+00
     12.463    16.5103   4.130736    32.2730        859     3.5750  0.000e+00
     12.464    16.5105   4.130743    32.2728        860     3.5792  0.000e+00
     12.461    16.5101   4.130736    32.2731        861     3.5833  0.000e+00
     12.458    16.5100   4.130723    32.2730        862     3.5875  0.000e+00
     12.436    16.5097   4.130736    32.2734        863     3.5917  0.000e+00
     12.415    16.5088   4.130736    32.2741        864     3.5958  0.000e+00
     12.385    16.5090   4.130770    32.2743        865     3.6000  0.000e+00
     12.346    16.5111   4.130763    32.2726        866     3.6042  0.000e+00
     12.301    16.5130   4.130763    32.2711        867     3.6083  0.000e+00
     12.258    16.5138   4.130797    32.2707        868     3.6125  0.000e+00
     12.201    16.5146   4.130790    32.2700        869     3.6167  0.000e+00
     12.150    16.5156   4.130912    32.2703        870     3.6208  0.000e+00
     12.104    16.5185   4.130838    32.2673        871     3.6250  0.000e+00
     12.059    16.5191   4.130865    32.2671        872     3.6292  0.000e+00
     12.020    16.5196   4.130891    32.2669        873     3.6333  0.000e+00
     11.987    16.5208   4.130966    32.2667        874     3.6375  0.000e+00
     11.969    16.5224   4.130959    32.2653        875     3.6417  0.000e+00
     11.944    16.5238   4.130939    32.2640        876     3.6458  0.000e+00
     11.926    16.5234   4.130912    32.2641        877     3.6500  0.000e+00
     11.926    16.5227   4.130939    32.2649        878     3.6542  0.000e+00
     11.908    16.5229   4.130939    32.2648        879     3.6583  0.000e+00
     11.893    16.5236   4.131006    32.2648        880     3.6625  0.000e+00
     11.884    16.5246   4.130966    32.2636        881     3.6667  0.000e+00
     11.866    16.5247   4.130966    32.2636        882     3.6708  0.000e+00
     11.845    16.5254   4.131107    32.2642        883     3.6750  0.000e+00
     11.824    16.5282   4.131188    32.2626        884     3.6792  0.000e+00
     11.794    16.5314   4.131202    32.2602        885     3.6833  0.000e+00
     11.758    16.5331   4.131215    32.2590        886     3.6875  0.000e+00
     11.728    16.5340   4.131188    32.2580        887     3.6917  0.000e+00
     11.697    16.5340   4.131249    32.2586        888     3.6958  0.000e+00
     11.673    16.5353   4.131290    32.2579        889     3.7000  0.000e+00
     11.649    16.5371   4.131269    32.2563        890     3.7042  0.000e+00
     11.625    16.5382   4.131262    32.2553        891     3.7083  0.000e+00
     11.595    16.5376   4.131289    32.2561        892     3.7125  0.000e+00
     11.592    16.5384   4.131269    32.2553        893     3.7167  0.000e+00
     11.586    16.5387   4.131289    32.2552        894     3.7208  0.000e+00
     11.574    16.5389   4.131215    32.2544        895     3.7250  0.000e+00
     11.583    16.5381   4.131154    32.2545        896     3.7292  0.000e+00
     11.580    16.5368   4.131161    32.2556        897     3.7333  0.000e+00
     11.571    16.5364   4.131127    32.2556        898     3.7375  0.000e+00
     11.568    16.5366   4.131060    32.2549        899     3.7417  0.000e+00
     11.565    16.5369   4.131114    32.2551        900     3.7458  0.000e+00
     11.559    16.5379   4.130959    32.2530        901     3.7500  0.000e+00
     11.538    16.5356   4.130911    32.2544        902     3.7542  0.000e+00
     11.529    16.5338   4.130911    32.2558        903     3.7583  0.000e+00
     11.508    16.5339   4.130938    32.2560        904     3.7625  0.000e+00
     11.493    16.5354   4.131013    32.2555        905     3.7667  0.000e+00
     11.490    16.5370   4.131127    32.2552        906     3.7708  0.000e+00
     11.487    16.5389   4.131060    32.2531        907     3.7750  0.000e+00
     11.484    16.5405   4.131053    32.2517        908     3.7792  0.000e+00
     11.493    16.5413   4.131087    32.2513        909     3.7833  0.000e+00
     11.511    16.5424   4.131087    32.2505        910     3.7875  0.000e+00
     11.535    16.5437   4.131080    32.2494        911     3.7917  0.000e+00
     11.554    16.5442   4.130986    32.2481        912     3.7958  0.000e+00
     11.581    16.5432   4.130938    32.2485        913     3.8000  0.000e+00
     11.602    16.5406   4.130911    32.2503        914     3.8042  0.000e+00
     11.611    16.5398   4.130884    32.2508        915     3.8083  0.000e+00
     11.614    16.5389   4.130864    32.2513        916     3.8125  0.000e+00
     11.608    16.5386   4.130810    32.2510        917     3.8167  0.000e+00
     11.602    16.5372   4.130844    32.2525        918     3.8208  0.000e+00
     11.581    16.5383   4.130938    32.2524        919     3.8250  0.000e+00
     11.566    16.5424   4.130938    32.2492        920     3.8292  0.000e+00
     11.539    16.5445   4.130817    32.2464        921     3.8333  0.000e+00
     11.503    16.5431   4.130864    32.2480        922     3.8375  0.000e+00
     11.473    16.5428   4.130986    32.2493        923     3.8417  0.000e+00
     11.440    16.5458   4.131033    32.2472        924     3.8458  0.000e+00
     11.422    16.5490   4.131012    32.2445        925     3.8500  0.000e+00
     11.400    16.5503   4.130938    32.2428        926     3.8542  0.000e+00
     11.364    16.5494   4.130965    32.2438        927     3.8583  0.000e+00
     11.352    16.5489   4.131087    32.2452        928     3.8625  0.000e+00
     11.331    16.5502   4.131154    32.2448        929     3.8667  0.000e+00
     11.325    16.5522   4.131161    32.2433        930     3.8708  0.000e+00
     11.319    16.5528   4.131033    32.2416        931     3.8750  0.000e+00
     11.328    16.5522   4.131012    32.2420        932     3.8792  0.000e+00
     11.328    16.5510   4.131039    32.2432        933     3.8833  0.000e+00
     11.334    16.5512   4.131080    32.2433        934     3.8875  0.000e+00
     11.346    16.5518   4.131134    32.2434        935     3.8917  0.000e+00
     11.356    16.5536   4.131201    32.2425        936     3.8958  0.000e+00
     11.371    16.5549   4.131134    32.2408        937     3.9000  0.000e+00
     11.386    16.5548   4.131087    32.2405        938     3.9042  0.000e+00
     11.392    16.5544   4.130938    32.2395        939     3.9083  0.000e+00
     11.395    16.5520   4.130884    32.2410        940     3.9125  0.000e+00
     11.407    16.5499   4.130891    32.2427        941     3.9167  0.000e+00
     11.419    16.5489   4.130911    32.2437        942     3.9208  0.000e+00
     11.428    16.5484   4.130810    32.2433        943     3.9250  0.000e+00
     11.435    16.5468   4.130891    32.2452        944     3.9292  0.000e+00
     11.438    16.5470   4.130985    32.2459        945     3.9333  0.000e+00
     11.459    16.5483   4.130938    32.2444        946     3.9375  0.000e+00
     11.465    16.5490   4.130884    32.2434        947     3.9417  0.000e+00
     11.477    16.5485   4.130911    32.2440        948     3.9458  0.000e+00
     11.492    16.5479   4.130958    32.2449        949     3.9500  0.000e+00
     11.495    16.5484   4.130985    32.2448        950     3.9542  0.000e+00
     11.505    16.5491   4.130985    32.2442        951     3.9583  0.000e+00
     11.514    16.5494   4.130938    32.2435        952     3.9625  0.000e+00
     11.517    16.5484   4.130864    32.2437        953     3.9667  0.000e+00
     11.523    16.5463   4.130938    32.2460        954     3.9708  0.000e+00
     11.529    16.5458   4.130985    32.2468        955     3.9750  0.000e+00
     11.541    16.5470   4.131060    32.2465        956     3.9792  0.000e+00
     11.541    16.5485   4.131033    32.2450        957     3.9833  0.000e+00
     11.550    16.5497   4.131087    32.2446        958     3.9875  0.000e+00
     11.550    16.5512   4.131107    32.2435        959     3.9917  0.000e+00
     11.557    16.5519   4.131134    32.2431        960     3.9958  0.000e+00
     11.572    16.5523   4.131161    32.2431        961     4.0000  0.000e+00
     11.575    16.5528   4.131107    32.2422        962     4.0042  0.000e+00
     11.587    16.5515   4.131087    32.2431        963     4.0083  0.000e+00
     11.605    16.5501   4.131053    32.2439        964     4.0125  0.000e+00
     11.614    16.5476   4.131013    32.2455        965     4.0167  0.000e+00
     11.635    16.5457   4.131060    32.2475        966     4.0208  0.000e+00
     11.651    16.5452   4.131127    32.2485        967     4.0250  0.000e+00
     11.669    16.5456   4.131087    32.2478        968     4.0292  0.000e+00
     11.690    16.5461   4.131080    32.2473        969     4.0333  0.000e+00
     11.702    16.5448   4.131040    32.2480        970     4.0375  0.000e+00
     11.705    16.5440   4.131161    32.2497        971     4.0417  0.000e+00
     11.705    16.5460   4.131222    32.2486        972     4.0458  0.000e+00
     11.690    16.5484   4.131087    32.2456        973     4.0500  0.000e+00
     11.681    16.5463   4.130986    32.2463        974     4.0542  0.000e+00
     11.660    16.5422   4.131040    32.2501        975     4.0583  0.000e+00
     11.636    16.5402   4.131013    32.2515        976     4.0625  0.000e+00
     11.606    16.5380   4.131053    32.2537        977     4.0667  0.000e+00
     11.582    16.5386   4.131060    32.2532        978     4.0708  0.000e+00
     11.554    16.5417   4.131013    32.2503        979     4.0750  0.000e+00
     11.530    16.5421   4.131006    32.2500        980     4.0792  0.000e+00
     11.512    16.5412   4.131013    32.2508        981     4.0833  0.000e+00
     11.488    16.5419   4.131107    32.2510        982     4.0875  0.000e+00
     11.491    16.5476   4.131188    32.2471        983     4.0917  0.000e+00
     11.500    16.5526   4.131114    32.2425        984     4.0958  0.000e+00
     11.509    16.5519   4.131033    32.2423        985     4.1000  0.000e+00
     11.521    16.5497   4.131039    32.2441        986     4.1042  0.000e+00
     11.537    16.5498   4.131033    32.2440        987     4.1083  0.000e+00
     11.567    16.5505   4.131114    32.2441        988     4.1125  0.000e+00
     11.585    16.5516   4.131114    32.2432        989     4.1167  0.000e+00
     11.612    16.5536   4.131154    32.2420        990     4.1208  0.000e+00
     11.634    16.5548   4.131087    32.2404        991     4.1250  0.000e+00
     11.655    16.5535   4.131006    32.2408        992     4.1292  0.000e+00
     11.673    16.5506   4.130985    32.2429        993     4.1333  0.000e+00
     11.688    16.5470   4.131013    32.2460        994     4.1375  0.000e+00
     11.709    16.5464   4.131033    32.2467        995     4.1417  0.000e+00
     11.703    16.5476   4.131013    32.2455        996     4.1458  0.000e+00
     11.715    16.5489   4.130986    32.2442        997     4.1500  0.000e+00
     11.716    16.5491   4.130965    32.2439        998     4.1542  0.000e+00
     11.716    16.5494   4.130965    32.2437        999     4.1583  0.000e+00
     11.713    16.5500   4.130938    32.2430       1000     4.1625  0.000e+00
     11.704    16.5489   4.130864    32.2432       1001     4.1667  0.000e+00
     11.701    16.5471   4.130864    32.2447       1002     4.1708  0.000e+00
     11.686    16.5462   4.130938    32.2460       1003     4.1750  0.000e+00
     11.683    16.5472   4.130965    32.2454       1004     4.1792  0.000e+00
     11.683    16.5490   4.131053    32.2448       1005     4.1833  0.000e+00
     11.677    16.5507   4.131114    32.2439       1006     4.1875  0.000e+00
     11.692    16.5513   4.131039    32.2428       1007     4.1917  0.000e+00
     11.704    16.5498   4.131006    32.2437       1008     4.1958  0.000e+00
     11.719    16.5480   4.131087    32.2458       1009     4.2000  0.000e+00
     11.737    16.5486   4.131127    32.2457       1010     4.2042  0.000e+00
     11.765    16.5494   4.131087    32.2447       1011     4.2083  0.000e+00
     11.786    16.5476   4.131040    32.2458       1012     4.2125  0.000e+00
     11.801    16.5460   4.130986    32.2465       1013     4.2167  0.000e+00
     11.822    16.5441   4.130965    32.2479       1014     4.2208  0.000e+00
     11.834    16.5414   4.130938    32.2499       1015     4.2250  0.000e+00
     11.840    16.5394   4.130986    32.2519       1016     4.2292  0.000e+00
     11.834    16.5388   4.131040    32.2528       1017     4.2333  0.000e+00
     11.831    16.5392   4.131053    32.2526       1018     4.2375  0.000e+00
     11.810    16.5399   4.131040    32.2519       1019     4.2417  0.000e+00
     11.786    16.5395   4.131053    32.2524       1020     4.2458  0.000e+00
     11.765    16.5389   4.131060    32.2529       1021     4.2500  0.000e+00
     11.744    16.5392   4.131040    32.2525       1022     4.2542  0.000e+00
     11.723    16.5394   4.131154    32.2534       1023     4.2583  0.000e+00
     11.720    16.5394   4.131114    32.2530       1024     4.2625  0.000e+00
     11.717    16.5396   4.131107    32.2528       1025     4.2667  0.000e+00
     11.714    16.5398   4.131087    32.2525       1026     4.2708  0.000e+00
     11.717    16.5398   4.130986    32.2516       1027     4.2750  0.000e+00
     11.714    16.5389   4.130938    32.2519       1028     4.2792  0.000e+00
     11.711    16.5376   4.130938    32.2530       1029     4.2833  0.000e+00
     11.717    16.5372   4.130938    32.2533       1030     4.2875  0.000e+00
     11.717    16.5372   4.130864    32.2527       1031     4.2917  0.000e+00
     11.699    16.5364   4.130837    32.2530       1032     4.2958  0.000e+00
     11.687    16.5360   4.130817    32.2532       1033     4.3000  0.000e+00
     11.657    16.5359   4.130810    32.2533       1034     4.3042  0.000e+00
     11.630    16.5358   4.130837    32.2536       1035     4.3083  0.000e+00
