HB2302/sbe029.cnv
* Sea-Bird SBE 19plus V2 Data File:
* FileName = C:\cruise\data\sbe029.hex
* Software Version Seasave V 7.26.7.121
* Temperature SN = 4758
* Conductivity SN = 4758
* System UpLoad Time = Jun 11 2023 16:01:50
* NMEA Latitude = 36 30.65 N
* NMEA Longitude = 074 58.43 W
* NMEA UTC (Time) = Jun 11 2023 16:01:51
** Cruise: HB2302
** Program: Ecomon
** Chief Scientist: Jerry Prezioso
# nquan = 7
# nvalues = 1525                                  
# units = specified
# name 0 = depSM: Depth [salt water, m]
# name 1 = tv290C: Temperature [ITS-90, deg C]
# name 2 = c0S/m: Conductivity [S/m]
# name 3 = sal00: Salinity, Practical [PSU]
# name 4 = scan: Scan Count
# name 5 = timeM: Time, Elapsed [minutes]
# name 6 = flag:  0.000e+00
# span 0 =     -0.086,     39.812                 
# span 1 =    15.0879,    19.6875                 
# span 2 =  -0.000007,   4.471652                 
# span 3 =     0.0000,    34.3329                 
# span 4 =         11,       1535                 
# span 5 =     0.0417,     6.3917                 
# span 6 = 0.0000e+00, 0.0000e+00                 
# interval = seconds: 0.25
# start_time = Jun 11 2023 16:01:51 [NMEA time, header]
# bad_flag = -9.990e-29
*END*
[from data line 616]
     32.143    17.4078   4.435810    34.1694        627     2.6083  0.000e+00
     32.113    17.3914   4.434510    34.1721        628     2.6125  0.000e+00
     32.091    17.3768   4.434330    34.1829        629     2.6167  0.000e+00
     32.064    17.3684   4.433808    34.1854        630     2.6208  0.000e+00
     32.031    17.3626   4.433780    34.1901        631     2.6250  0.000e+00
     32.007    17.3589   4.433210    34.1883        632     2.6292  0.000e+00
     31.974    17.3555   4.433940    34.1975        633     2.6333  0.000e+00
     31.944    17.3559   4.433885    34.1967        634     2.6375  0.000e+00
     31.910    17.3559   4.432717    34.1867        635     2.6417  0.000e+00
     31.883    17.3524   4.432661    34.1891        636     2.6458  0.000e+00
     31.856    17.3501   4.432480    34.1896        637     2.6500  0.000e+00
     31.829    17.3484   4.432613    34.1921        638     2.6542  0.000e+00
     31.802    17.3476   4.433064    34.1967        639     2.6583  0.000e+00
     31.768    17.3491   4.433447    34.1987        640     2.6625  0.000e+00
     31.750    17.3508   4.432035    34.1851        641     2.6667  0.000e+00
     31.723    17.3480   4.431723    34.1848        642     2.6708  0.000e+00
     31.696    17.3453   4.433600    34.2033        643     2.6750  0.000e+00
     31.675    17.3481   4.432870    34.1947        644     2.6792  0.000e+00
     31.645    17.3489   4.431931    34.1859        645     2.6833  0.000e+00
     31.617    17.3464   4.431855    34.1874        646     2.6875  0.000e+00
     31.590    17.3433   4.430555    34.1788        647     2.6917  0.000e+00
     31.566    17.3381   4.430791    34.1852        648     2.6958  0.000e+00
     31.536    17.3355   4.430270    34.1829        649     2.7000  0.000e+00
     31.512    17.3340   4.430840    34.1891        650     2.7042  0.000e+00
     31.485    17.3328   4.430555    34.1877        651     2.7083  0.000e+00
     31.448    17.3329   4.431466    34.1955        652     2.7125  0.000e+00
     31.421    17.3352   4.431125    34.1906        653     2.7167  0.000e+00
     31.385    17.3354   4.427462    34.1588        654     2.7208  0.000e+00
     31.355    17.3256   4.428157    34.1731        655     2.7250  0.000e+00
     31.328    17.3200   4.431000    34.2024        656     2.7292  0.000e+00
     31.300    17.3260   4.429672    34.1858        657     2.7333  0.000e+00
     31.276    17.3271   4.427330    34.1647        658     2.7375  0.000e+00
     31.246    17.3196   4.428393    34.1802        659     2.7417  0.000e+00
     31.222    17.3167   4.431598    34.2104        660     2.7458  0.000e+00
     31.195    17.3263   4.431521    34.2016        661     2.7500  0.000e+00
     31.180    17.3333   4.431285    34.1937        662     2.7542  0.000e+00
     31.159    17.3370   4.432327    34.1996        663     2.7583  0.000e+00
     31.134    17.3405   4.431208    34.1870        664     2.7625  0.000e+00
     31.113    17.3403   4.431257    34.1875        665     2.7667  0.000e+00
     31.089    17.3377   4.430214    34.1807        666     2.7708  0.000e+00
     31.080    17.3355   4.431987    34.1979        667     2.7750  0.000e+00
     31.059    17.3384   4.431827    34.1941        668     2.7792  0.000e+00
     31.038    17.3401   4.429748    34.1747        669     2.7833  0.000e+00
     31.014    17.3355   4.430506    34.1851        670     2.7875  0.000e+00
     30.980    17.3326   4.427587    34.1624        671     2.7917  0.000e+00
     30.950    17.3235   4.425385    34.1511        672     2.7958  0.000e+00
     30.914    17.3104   4.426941    34.1756        673     2.8000  0.000e+00
     30.881    17.3077   4.430868    34.2118        674     2.8042  0.000e+00
     30.832    17.3194   4.430451    34.1984        675     2.8083  0.000e+00
     30.790    17.3260   4.428602    34.1768        676     2.8125  0.000e+00
     30.751    17.3231   4.427094    34.1662        677     2.8167  0.000e+00
     30.712    17.3167   4.428060    34.1800        678     2.8208  0.000e+00
     30.660    17.3142   4.426684    34.1703        679     2.8250  0.000e+00
     30.609    17.3099   4.427851    34.1840        680     2.8292  0.000e+00
     30.564    17.3108   4.427671    34.1817        681     2.8333  0.000e+00
     30.518    17.3137   4.427955    34.1817        682     2.8375  0.000e+00
     30.464    17.3124   4.425148    34.1586        683     2.8417  0.000e+00
     30.412    17.3044   4.423981    34.1553        684     2.8458  0.000e+00
     30.361    17.2953   4.424211    34.1650        685     2.8500  0.000e+00
     30.307    17.2912   4.425197    34.1770        686     2.8542  0.000e+00
     30.252    17.2912   4.422425    34.1531        687     2.8583  0.000e+00
     30.207    17.2848   4.422446    34.1587        688     2.8625  0.000e+00
     30.147    17.2780   4.421175    34.1535        689     2.8667  0.000e+00
     30.095    17.2721   4.420085    34.1490        690     2.8708  0.000e+00
     30.047    17.2645   4.420009    34.1548        691     2.8750  0.000e+00
     29.990    17.2607   4.421356    34.1698        692     2.8792  0.000e+00
     29.941    17.2617   4.419516    34.1529        693     2.8833  0.000e+00
     29.893    17.2586   4.419412    34.1547        694     2.8875  0.000e+00
     29.842    17.2552   4.419280    34.1564        695     2.8917  0.000e+00
     29.796    17.2530   4.419280    34.1583        696     2.8958  0.000e+00
     29.763    17.2518   4.419308    34.1596        697     2.9000  0.000e+00
     29.715    17.2516   4.418891    34.1562        698     2.9042  0.000e+00
     29.675    17.2503   4.418738    34.1560        699     2.9083  0.000e+00
     29.639    17.2485   4.419155    34.1611        700     2.9125  0.000e+00
     29.612    17.2493   4.419412    34.1626        701     2.9167  0.000e+00
     29.573    17.2511   4.418946    34.1572        702     2.9208  0.000e+00
     29.537    17.2502   4.418891    34.1575        703     2.9250  0.000e+00
     29.506    17.2493   4.418558    34.1554        704     2.9292  0.000e+00
     29.473    17.2478   4.418426    34.1554        705     2.9333  0.000e+00
     29.440    17.2465   4.418377    34.1562        706     2.9375  0.000e+00
     29.413    17.2458   4.418710    34.1597        707     2.9417  0.000e+00
     29.370    17.2459   4.418690    34.1594        708     2.9458  0.000e+00
     29.328    17.2463   4.418710    34.1592        709     2.9500  0.000e+00
     29.280    17.2468   4.418634    34.1582        710     2.9542  0.000e+00
     29.231    17.2470   4.418349    34.1556        711     2.9583  0.000e+00
     29.177    17.2463   4.418453    34.1571        712     2.9625  0.000e+00
     29.123    17.2458   4.418662    34.1593        713     2.9667  0.000e+00
     29.071    17.2464   4.418585    34.1582        714     2.9708  0.000e+00
     29.014    17.2469   4.418689    34.1587        715     2.9750  0.000e+00
     28.954    17.2470   4.418891    34.1604        716     2.9792  0.000e+00
     28.884    17.2483   4.419363    34.1633        717     2.9833  0.000e+00
     28.812    17.2508   4.419411    34.1617        718     2.9875  0.000e+00
     28.739    17.2527   4.418974    34.1564        719     2.9917  0.000e+00
     28.667    17.2523   4.419752    34.1635        720     2.9958  0.000e+00
     28.600    17.2542   4.420633    34.1694        721     3.0000  0.000e+00
     28.534    17.2584   4.421099    34.1700        722     3.0042  0.000e+00
     28.473    17.2627   4.420605    34.1621        723     3.0083  0.000e+00
     28.410    17.2642   4.420918    34.1635        724     3.0125  0.000e+00
     28.349    17.2653   4.420946    34.1629        725     3.0167  0.000e+00
     28.295    17.2661   4.421230    34.1647        726     3.0208  0.000e+00
     28.241    17.2673   4.421251    34.1639        727     3.0250  0.000e+00
     28.192    17.2681   4.421251    34.1633        728     3.0292  0.000e+00
     28.135    17.2686   4.421279    34.1630        729     3.0333  0.000e+00
     28.080    17.2691   4.421355    34.1634        730     3.0375  0.000e+00
     28.032    17.2694   4.421230    34.1620        731     3.0417  0.000e+00
     27.969    17.2695   4.421439    34.1638        732     3.0458  0.000e+00
     27.917    17.2699   4.421251    34.1618        733     3.0500  0.000e+00
     27.854    17.2699   4.421459    34.1636        734     3.0542  0.000e+00
     27.788    17.2702   4.421619    34.1648        735     3.0583  0.000e+00
     27.724    17.2714   4.421848    34.1658        736     3.0625  0.000e+00
     27.661    17.2726   4.421827    34.1646        737     3.0667  0.000e+00
     27.591    17.2734   4.421563    34.1617        738     3.0708  0.000e+00
     27.516    17.2729   4.421174    34.1588        739     3.0750  0.000e+00
     27.443    17.2711   4.421147    34.1601        740     3.0792  0.000e+00
     27.374    17.2699   4.421098    34.1607        741     3.0833  0.000e+00
     27.310    17.2692   4.421126    34.1615        742     3.0875  0.000e+00
     27.238    17.2681   4.418140    34.1366        743     3.0917  0.000e+00
     27.174    17.2607   4.415523    34.1204        744     3.0958  0.000e+00
     27.108    17.2453   4.410631    34.0910        745     3.1000  0.000e+00
     27.044    17.2222   4.409930    34.1046        746     3.1042  0.000e+00
     26.975    17.2064   4.409466    34.1139        747     3.1083  0.000e+00
     26.911    17.1963   4.408668    34.1155        748     3.1125  0.000e+00
     26.842    17.1868   4.404840    34.0904        749     3.1167  0.000e+00
     26.776    17.1724   4.402261    34.0803        750     3.1208  0.000e+00
     26.709    17.1552   4.401048    34.0844        751     3.1250  0.000e+00
     26.640    17.1403   4.400064    34.0884        752     3.1292  0.000e+00
     26.570    17.1301   4.399502    34.0922        753     3.1333  0.000e+00
     26.498    17.1224   4.396121    34.0695        754     3.1375  0.000e+00
     26.425    17.1089   4.392671    34.0510        755     3.1417  0.000e+00
     26.362    17.0883   4.388427    34.0315        756     3.1458  0.000e+00
     26.307    17.0654   4.388378    34.0505        757     3.1500  0.000e+00
     26.244    17.0499   4.385084    34.0350        758     3.1542  0.000e+00
     26.186    17.0337   4.384883    34.0470        759     3.1583  0.000e+00
     26.126    17.0217   4.381700    34.0295        760     3.1625  0.000e+00
     26.075    17.0064   4.377494    34.0059        761     3.1667  0.000e+00
     26.023    16.9855   4.377391    34.0227        762     3.1708  0.000e+00
     25.972    16.9723   4.377336    34.0334        763     3.1750  0.000e+00
     25.930    16.9654   4.376699    34.0337        764     3.1792  0.000e+00
     25.884    16.9592   4.374853    34.0229        765     3.1833  0.000e+00
     25.842    16.9514   4.374549    34.0269        766     3.1875  0.000e+00
     25.809    16.9452   4.369503    33.9882        767     3.1917  0.000e+00
     25.757    16.9271   4.362194    33.9400        768     3.1958  0.000e+00
     25.721    16.8930   4.358473    33.9363        769     3.2000  0.000e+00
     25.673    16.8609   4.358245    33.9615        770     3.2042  0.000e+00
     25.628    16.8406   4.358073    33.9772        771     3.2083  0.000e+00
     25.573    16.8309   4.356893    33.9752        772     3.2125  0.000e+00
     25.516    16.8223   4.355236    33.9680        773     3.2167  0.000e+00
     25.458    16.8131   4.352993    33.9563        774     3.2208  0.000e+00
     25.392    16.8005   4.348875    33.9310        775     3.2250  0.000e+00
     25.338    16.7808   4.346944    33.9308        776     3.2292  0.000e+00
     25.274    16.7621   4.344021    33.9212        777     3.2333  0.000e+00
     25.202    16.7441   4.341588    33.9151        778     3.2375  0.000e+00
     25.126    16.7262   4.337012    33.8903        779     3.2417  0.000e+00
     25.057    16.7009   4.332212    33.8698        780     3.2458  0.000e+00
     24.987    16.6719   4.327076    33.8495        781     3.2500  0.000e+00
     24.912    16.6399   4.323436    33.8446        782     3.2542  0.000e+00
     24.845    16.6091   4.316001    33.8056        783     3.2583  0.000e+00
     24.788    16.5745   4.317686    33.8497        784     3.2625  0.000e+00
     24.724    16.5545   4.315259    33.8454        785     3.2667  0.000e+00
     24.667    16.5401   4.312448    33.8329        786     3.2708  0.000e+00
     24.615    16.5244   4.313232    33.8531        787     3.2750  0.000e+00
     24.561    16.5152   4.308799    33.8220        788     3.2792  0.000e+00
     24.510    16.5002   4.306085    33.8109        789     3.2833  0.000e+00
     24.458    16.4845   4.305165    33.8161        790     3.2875  0.000e+00
     24.407    16.4710   4.303778    33.8154        791     3.2917  0.000e+00
     24.359    16.4604   4.303297    33.8201        792     3.2958  0.000e+00
     24.307    16.4537   4.303201    33.8250        793     3.3000  0.000e+00
     24.256    16.4499   4.303222    33.8284        794     3.3042  0.000e+00
     24.196    16.4481   4.303098    33.8289        795     3.3083  0.000e+00
     24.129    16.4470   4.303050    33.8295        796     3.3125  0.000e+00
     24.075    16.4464   4.303902    33.8374        797     3.3167  0.000e+00
     24.008    16.4487   4.303854    33.8351        798     3.3208  0.000e+00
     23.948    16.4508   4.303668    33.8317        799     3.3250  0.000e+00
     23.884    16.4514   4.304176    33.8357        800     3.3292  0.000e+00
     23.809    16.4533   4.304781    33.8394        801     3.3333  0.000e+00
     23.745    16.4578   4.306491    33.8506        802     3.3375  0.000e+00
     23.676    16.4666   4.307246    33.8499        803     3.3417  0.000e+00
     23.612    16.4752   4.308126    33.8504        804     3.3458  0.000e+00
     23.552    16.4838   4.310084    33.8602        805     3.3500  0.000e+00
     23.480    16.4954   4.309582    33.8460        806     3.3542  0.000e+00
     23.410    16.5017   4.310613    33.8498        807     3.3583  0.000e+00
     23.347    16.5079   4.311355    33.8511        808     3.3625  0.000e+00
     23.289    16.5148   4.312874    33.8586        809     3.3667  0.000e+00
     23.223    16.5234   4.313705    33.8586        810     3.3708  0.000e+00
     23.159    16.5329   4.314289    33.8557        811     3.3750  0.000e+00
     23.105    16.5413   4.314963    33.8545        812     3.3792  0.000e+00
     23.048    16.5498   4.314330    33.8418        813     3.3833  0.000e+00
     22.990    16.5566   4.309004    33.7894        814     3.3875  0.000e+00
     22.936    16.5484   4.299306    33.7113        815     3.3917  0.000e+00
     22.884    16.5194   4.292245    33.6739        816     3.3958  0.000e+00
     22.842    16.4807   4.289969    33.6865        817     3.4000  0.000e+00
     22.797    16.4461   4.274172    33.5770        818     3.4042  0.000e+00
     22.751    16.3878   4.256814    33.4735        819     3.4083  0.000e+00
     22.703    16.3032   4.247610    33.4636        820     3.4125  0.000e+00
     22.664    16.2238   4.245604    33.5128        821     3.4167  0.000e+00
     22.619    16.1730   4.243365    33.5358        822     3.4208  0.000e+00
     22.567    16.1391   4.237358    33.5114        823     3.4250  0.000e+00
     22.522    16.1043   4.227340    33.4522        824     3.4292  0.000e+00
     22.470    16.0559   4.224907    33.4715        825     3.4333  0.000e+00
     22.407    16.0118   4.211851    33.3931        826     3.4375  0.000e+00
     22.353    15.9521   4.205251    33.3849        827     3.4417  0.000e+00
     22.283    15.8957   4.207606    33.4534        828     3.4458  0.000e+00
     22.220    15.8677   4.203470    33.4404        829     3.4500  0.000e+00
     22.144    15.8444   4.198059    33.4120        830     3.4542  0.000e+00
