HB2302/sbe040.cnv
* Sea-Bird SBE 19plus V2 Data File:
* FileName = C:\cruise\data\sbe040.hex
* Software Version Seasave V 7.26.7.121
* Temperature SN = 4758
* Conductivity SN = 4758
* System UpLoad Time = Jun 12 2023 20:50:56
* NMEA Latitude = 37 47.73 N
* NMEA Longitude = 074 47.97 W
* NMEA UTC (Time) = Jun 12 2023 20:50:57
** Cruise: HB2302
** Program: Ecomon
** Chief Scientist: Jerry Prezioso
# nquan = 7
# nvalues = 1391                                  
# units = specified
# name 0 = depSM: Depth [salt water, m]
# name 1 = tv290C: Temperature [ITS-90, deg C]
# name 2 = c0S/m: Conductivity [S/m]
# name 3 = sal00: Salinity, Practical [PSU]
# name 4 = scan: Scan Count
# name 5 = timeM: Time, Elapsed [minutes]
# name 6 = flag:  0.000e+00
# span 0 =     -0.150,     33.507                 
# span 1 =    12.5517,    19.6984                 
# span 2 =   0.000059,   4.253213                 
# span 3 =     0.0098,    33.9174                 
# span 4 =         11,       1401                 
# span 5 =     0.0417,     5.8333                 
# span 6 = 0.0000e+00, 0.0000e+00                 
# interval = seconds: 0.25
# start_time = Jun 12 2023 20:50:57 [NMEA time, header]
# bad_flag = -9.990e-29
*END*
     -0.141    19.6903   0.000080     0.0098         11     0.0417  0.000e+00
     -0.138    19.6901   0.000080     0.0098         12     0.0458  0.000e+00
     -0.144    19.6901   0.000074     0.0098         13     0.0500  0.000e+00
     -0.141    19.6901   0.000080     0.0098         14     0.0542  0.000e+00
     -0.138    19.6905   0.000074     0.0098         15     0.0583  0.000e+00
     -0.138    19.6903   0.000080     0.0098         16     0.0625  0.000e+00
     -0.141    19.6906   0.000080     0.0098         17     0.0667  0.000e+00
     -0.144    19.6904   0.000086     0.0098         18     0.0708  0.000e+00
     -0.135    19.6908   0.000080     0.0098         19     0.0750  0.000e+00
     -0.141    19.6907   0.000080     0.0098         20     0.0792  0.000e+00
     -0.141    19.6904   0.000074     0.0098         21     0.0833  0.000e+00
     -0.144    19.6906   0.000080     0.0098         22     0.0875  0.000e+00
     -0.141    19.6904   0.000074     0.0098         23     0.0917  0.000e+00
     -0.132    19.6904   0.000080     0.0098         24     0.0958  0.000e+00
     -0.141    19.6902   0.000074     0.0098         25     0.1000  0.000e+00
     -0.141    19.6909   0.000068     0.0098         26     0.1042  0.000e+00
     -0.141    19.6911   0.000074     0.0098         27     0.1083  0.000e+00
     -0.150    19.6911   0.000080     0.0098         28     0.1125  0.000e+00
     -0.138    19.6908   0.000080     0.0098         29     0.1167  0.000e+00
     -0.141    19.6908   0.000074     0.0098         30     0.1208  0.000e+00
     -0.141    19.6908   0.000080     0.0098         31     0.1250  0.000e+00
     -0.144    19.6913   0.000074     0.0098         32     0.1292  0.000e+00
     -0.144    19.6917   0.000074     0.0098         33     0.1333  0.000e+00
     -0.144    19.6913   0.000074     0.0098         34     0.1375  0.000e+00
     -0.147    19.6912   0.000074     0.0098         35     0.1417  0.000e+00
     -0.141    19.6909   0.000074     0.0098         36     0.1458  0.000e+00
     -0.141    19.6915   0.000071     0.0098         37     0.1500  0.000e+00
     -0.141    19.6921   0.000068     0.0098         38     0.1542  0.000e+00
     -0.138    19.6920   0.000080     0.0098         39     0.1583  0.000e+00
     -0.138    19.6916   0.000080     0.0098         40     0.1625  0.000e+00
     -0.138    19.6911   0.000080     0.0098         41     0.1667  0.000e+00
     -0.144    19.6919   0.000074     0.0098         42     0.1708  0.000e+00
     -0.135    19.6921   0.000068     0.0098         43     0.1750  0.000e+00
     -0.141    19.6925   0.000074     0.0098         44     0.1792  0.000e+00
     -0.144    19.6922   0.000080     0.0098         45     0.1833  0.000e+00
     -0.141    19.6920   0.000074     0.0098         46     0.1875  0.000e+00
     -0.144    19.6920   0.000074     0.0098         47     0.1917  0.000e+00
     -0.138    19.6920   0.000080     0.0098         48     0.1958  0.000e+00
     -0.138    19.6918   0.000074     0.0098         49     0.2000  0.000e+00
     -0.141    19.6919   0.000080     0.0098         50     0.2042  0.000e+00
     -0.147    19.6917   0.000080     0.0098         51     0.2083  0.000e+00
     -0.141    19.6913   0.000080     0.0098         52     0.2125  0.000e+00
     -0.141    19.6907   0.000074     0.0098         53     0.2167  0.000e+00
     -0.147    19.6907   0.000086     0.0098         54     0.2208  0.000e+00
     -0.141    19.6912   0.000074     0.0098         55     0.2250  0.000e+00
     -0.144    19.6911   0.000071     0.0098         56     0.2292  0.000e+00
     -0.141    19.6915   0.000080     0.0098         57     0.2333  0.000e+00
     -0.141    19.6915   0.000071     0.0098         58     0.2375  0.000e+00
     -0.144    19.6911   0.000074     0.0098         59     0.2417  0.000e+00
     -0.144    19.6913   0.000071     0.0098         60     0.2458  0.000e+00
     -0.138    19.6911   0.000080     0.0098         61     0.2500  0.000e+00
     -0.141    19.6910   0.000080     0.0098         62     0.2542  0.000e+00
     -0.135    19.6908   0.000074     0.0098         63     0.2583  0.000e+00
     -0.144    19.6912   0.000080     0.0098         64     0.2625  0.000e+00
     -0.141    19.6918   0.000080     0.0098         65     0.2667  0.000e+00
     -0.141    19.6911   0.000080     0.0098         66     0.2708  0.000e+00
     -0.135    19.6907   0.000086     0.0098         67     0.2750  0.000e+00
     -0.132    19.6911   0.000074     0.0098         68     0.2792  0.000e+00
     -0.138    19.6910   0.000080     0.0098         69     0.2833  0.000e+00
     -0.138    19.6913   0.000074     0.0098         70     0.2875  0.000e+00
     -0.135    19.6916   0.000080     0.0098         71     0.2917  0.000e+00
     -0.150    19.6910   0.000080     0.0098         72     0.2958  0.000e+00
     -0.138    19.6911   0.000074     0.0098         73     0.3000  0.000e+00
     -0.141    19.6908   0.000074     0.0098         74     0.3042  0.000e+00
     -0.135    19.6904   0.000071     0.0098         75     0.3083  0.000e+00
     -0.144    19.6908   0.000074     0.0098         76     0.3125  0.000e+00
     -0.135    19.6905   0.000074     0.0098         77     0.3167  0.000e+00
     -0.135    19.6909   0.000074     0.0098         78     0.3208  0.000e+00
     -0.138    19.6910   0.000080     0.0098         79     0.3250  0.000e+00
     -0.138    19.6907   0.000071     0.0098         80     0.3292  0.000e+00
     -0.132    19.6908   0.000074     0.0098         81     0.3333  0.000e+00
     -0.135    19.6904   0.000071     0.0098         82     0.3375  0.000e+00
     -0.135    19.6906   0.000080     0.0098         83     0.3417  0.000e+00
     -0.135    19.6908   0.000074     0.0098         84     0.3458  0.000e+00
     -0.135    19.6904   0.000074     0.0098         85     0.3500  0.000e+00
     -0.138    19.6903   0.000080     0.0098         86     0.3542  0.000e+00
     -0.138    19.6906   0.000071     0.0098         87     0.3583  0.000e+00
     -0.135    19.6898   0.000068     0.0098         88     0.3625  0.000e+00
     -0.135    19.6893   0.000074     0.0098         89     0.3667  0.000e+00
     -0.132    19.6905   0.000074     0.0098         90     0.3708  0.000e+00
     -0.132    19.6927   0.000071     0.0098         91     0.3750  0.000e+00
     -0.111    19.6949   0.000059     0.0098         92     0.3792  0.000e+00
      0.019    19.6984   4.141039    29.9438         93     0.3833  0.000e+00
      0.146    19.6132   4.059443    29.3468         94     0.3875  0.000e+00
      0.267    19.2878   4.011547    29.1876         95     0.3917  0.000e+00
      0.421    19.0205   4.099651    30.0949         96     0.3958  0.000e+00
      0.530    18.9078   4.032805    29.6291         97     0.4000  0.000e+00
      0.548    18.8492   4.008437    29.4715         98     0.4042  0.000e+00
      0.497    18.7899   4.042252    29.7910         99     0.4083  0.000e+00
      0.418    18.5400   4.130333    30.7002        100     0.4125  0.000e+00
      0.367    18.2471   4.125558    30.8796        101     0.4167  0.000e+00
      0.391    18.1302   4.128657    30.9937        102     0.4208  0.000e+00
      0.509    18.1900   4.160538    31.2151        103     0.4250  0.000e+00
      0.699    18.4035   4.171743    31.1465        104     0.4292  0.000e+00
      0.839    18.6902   4.168275    30.9020        105     0.4333  0.000e+00
      0.796    18.9196   4.162682    30.6854        106     0.4375  0.000e+00
      0.690    18.8271   4.162920    30.7559        107     0.4417  0.000e+00
      0.512    18.4871   4.170752    31.0752        108     0.4458  0.000e+00
      0.279    18.1339   4.174716    31.3768        109     0.4500  0.000e+00
      0.068    17.8860   4.179251    31.6059        110     0.4542  0.000e+00
     -0.041    17.7456   4.185286    31.7660        111     0.4583  0.000e+00
     -0.065    17.6825   4.186699    31.8272        112     0.4625  0.000e+00
     -0.044    17.6695   4.185844    31.8302        113     0.4667  0.000e+00
      0.016    17.7342   4.186577    31.7858        114     0.4708  0.000e+00
      0.077    17.8433   4.191676    31.7439        115     0.4750  0.000e+00
      0.122    17.9693   4.194847    31.6728        116     0.4792  0.000e+00
      0.155    18.0951   4.197095    31.5944        117     0.4833  0.000e+00
      0.177    18.2599   4.205898    31.5414        118     0.4875  0.000e+00
      0.213    18.5039   4.226950    31.5300        119     0.4917  0.000e+00
      0.258    18.8180   4.234570    31.3540        120     0.4958  0.000e+00
      0.261    19.1194   4.238598    31.1602        121     0.5000  0.000e+00
      0.234    19.3157   4.241612    31.0382        122     0.5042  0.000e+00
      0.204    19.4452   4.241808    30.9438        123     0.5083  0.000e+00
      0.183    19.5306   4.243036    30.8906        124     0.5125  0.000e+00
      0.189    19.5758   4.244346    30.8679        125     0.5167  0.000e+00
      0.158    19.6088   4.243943    30.8404        126     0.5208  0.000e+00
      0.104    19.6291   4.237540    30.7735        127     0.5250  0.000e+00
     -0.002    19.6323   4.236605    30.7637        128     0.5292  0.000e+00
     -0.074    19.6145   4.242134    30.8215        129     0.5333  0.000e+00
     -0.062    19.5713   4.247092    30.8936        130     0.5375  0.000e+00
      0.068    19.5601   4.250179    30.9269        131     0.5417  0.000e+00
      0.167    19.5960   4.251607    30.9119        132     0.5458  0.000e+00
      0.231    19.6206   4.251245    30.8909        133     0.5500  0.000e+00
      0.276    19.6244   4.252925    30.9017        134     0.5542  0.000e+00
      0.294    19.6163   4.253213    30.9099        135     0.5583  0.000e+00
      0.294    19.5972   4.253097    30.9231        136     0.5625  0.000e+00
      0.273    19.5748   4.250849    30.9214        137     0.5667  0.000e+00
      0.210    19.5524   4.239991    30.8498        138     0.5708  0.000e+00
      0.047    19.4957   4.221171    30.7388        139     0.5750  0.000e+00
     -0.114    19.1083   3.479085    25.0283        140     0.5792  0.000e+00
     -0.132    18.5868   0.690372     4.3753        141     0.5833  0.000e+00
     -0.135    18.3596   0.424397     2.6176        142     0.5875  0.000e+00
     -0.141    18.2987   0.350439     2.1391        143     0.5917  0.000e+00
     -0.138    18.2864   0.310652     1.8832        144     0.5958  0.000e+00
     -0.059    18.2950   1.909835    13.2172        145     0.6000  0.000e+00
      0.068    18.3413   4.050286    30.1833        146     0.6042  0.000e+00
      0.231    18.5073   3.626778    26.5899        147     0.6083  0.000e+00
      0.379    18.6827   3.145926    22.6238        148     0.6125  0.000e+00
      0.458    18.7995   4.238712    31.4022        149     0.6167  0.000e+00
      0.482    18.8711   4.237264    31.3360        150     0.6208  0.000e+00
      0.418    18.9144   4.239079    31.3183        151     0.6250  0.000e+00
      0.331    18.8923   4.036523    29.6706        152     0.6292  0.000e+00
      0.300    18.7935   3.492124    25.3228        153     0.6333  0.000e+00
      0.300    18.7340   3.363825    24.3304        154     0.6375  0.000e+00
      0.282    18.7368   4.213575    31.2418        155     0.6417  0.000e+00
      0.243    18.7906   4.243470    31.4484        156     0.6458  0.000e+00
      0.216    18.8424   4.243230    31.4071        157     0.6500  0.000e+00
      0.216    18.8913   4.243147    31.3693        158     0.6542  0.000e+00
      0.228    18.9285   4.242997    31.3400        159     0.6583  0.000e+00
      0.267    18.9496   4.242607    31.3208        160     0.6625  0.000e+00
      0.406    18.9612   4.242136    31.3081        161     0.6667  0.000e+00
      0.636    18.9605   4.240928    31.2986        162     0.6708  0.000e+00
      0.881    18.9454   4.239276    31.2963        163     0.6750  0.000e+00
      1.092    18.9121   4.237475    31.3066        164     0.6792  0.000e+00
      1.277    18.8614   4.236541    31.3371        165     0.6833  0.000e+00
      1.446    18.8111   4.236255    31.3728        166     0.6875  0.000e+00
      1.588    18.7722   4.234796    31.3902        167     0.6917  0.000e+00
      1.721    18.7369   4.233084    31.4027        168     0.6958  0.000e+00
      1.818    18.6962   4.233344    31.4358        169     0.7000  0.000e+00
      1.887    18.6628   4.232656    31.4555        170     0.7042  0.000e+00
      1.960    18.6482   4.230999    31.4529        171     0.7083  0.000e+00
      2.057    18.6473   4.229137    31.4380        172     0.7125  0.000e+00
      2.156    18.6179   4.226881    31.4417        173     0.7167  0.000e+00
      2.277    18.5592   4.225546    31.4753        174     0.7208  0.000e+00
      2.395    18.4996   4.224129    31.5090        175     0.7250  0.000e+00
      2.498    18.4454   4.222100    31.5336        176     0.7292  0.000e+00
      2.601    18.4154   4.220063    31.5395        177     0.7333  0.000e+00
      2.703    18.4061   4.219007    31.5378        178     0.7375  0.000e+00
      2.779    18.3727   4.218122    31.5560        179     0.7417  0.000e+00
      2.855    18.3336   4.216359    31.5713        180     0.7458  0.000e+00
      2.924    18.3086   4.215965    31.5872        181     0.7500  0.000e+00
      3.021    18.2734   4.215434    31.6098        182     0.7542  0.000e+00
      3.106    18.2424   4.214454    31.6254        183     0.7583  0.000e+00
      3.205    18.2162   4.212793    31.6317        184     0.7625  0.000e+00
      3.308    18.1897   4.209955    31.6283        185     0.7667  0.000e+00
      3.411    18.1565   4.208180    31.6390        186     0.7708  0.000e+00
      3.541    18.1171   4.206901    31.6586        187     0.7750  0.000e+00
      3.674    18.0819   4.205929    31.6776        188     0.7792  0.000e+00
      3.813    18.0499   4.205630    31.6999        189     0.7833  0.000e+00
      3.949    18.0246   4.205032    31.7144        190     0.7875  0.000e+00
      4.091    18.0127   4.204583    31.7198        191     0.7917  0.000e+00
      4.251    18.0011   4.203849    31.7225        192     0.7958  0.000e+00
      4.399    17.9862   4.202992    31.7268        193     0.8000  0.000e+00
      4.559    17.9710   4.202265    31.7324        194     0.8042  0.000e+00
      4.707    17.9561   4.201483    31.7374        195     0.8083  0.000e+00
      4.837    17.9416   4.200926    31.7439        196     0.8125  0.000e+00
      4.955    17.9284   4.200437    31.7500        197     0.8167  0.000e+00
      5.058    17.9148   4.200144    31.7581        198     0.8208  0.000e+00
      5.146    17.9039   4.199417    31.7604        199     0.8250  0.000e+00
      5.233    17.8935   4.198418    31.7600        200     0.8292  0.000e+00
      5.315    17.8817   4.198269    31.7679        201     0.8333  0.000e+00
      5.391    17.8686   4.197807    31.7741        202     0.8375  0.000e+00
      5.475    17.8615   4.197419    31.7764        203     0.8417  0.000e+00
      5.566    17.8553   4.196862    31.7765        204     0.8458  0.000e+00
      5.648    17.8483   4.196495    31.7788        205     0.8500  0.000e+00
      5.735    17.8389   4.195972    31.7817        206     0.8542  0.000e+00
      5.829    17.8305   4.195252    31.7821        207     0.8583  0.000e+00
      5.929    17.8218   4.194443    31.7820        208     0.8625  0.000e+00
      6.044    17.8125   4.193696    31.7829        209     0.8667  0.000e+00
      6.155    17.8041   4.193323    31.7863        210     0.8708  0.000e+00
      6.288    17.7978   4.192698    31.7858        211     0.8750  0.000e+00
      6.439    17.7904   4.192582    31.7905        212     0.8792  0.000e+00
      6.600    17.7808   4.192087    31.7938        213     0.8833  0.000e+00
      6.772    17.7737   4.191564    31.7949        214     0.8875  0.000e+00
      6.953    17.7676   4.191217    31.7966        215     0.8917  0.000e+00
