HB2302/sbe017.cnv
* Sea-Bird SBE 19plus V2 Data File:
* FileName = C:\cruise\data\sbe017.hex
* Software Version Seasave V 7.26.7.121
* Temperature SN = 4758
* Conductivity SN = 4758
* System UpLoad Time = Jun 10 2023 12:54:24
* NMEA Latitude = 39 22.71 N
* NMEA Longitude = 072 32.33 W
* NMEA UTC (Time) = Jun 10 2023 12:54:25
** Cruise: HB2302
** Program: Ecomon
** Chief Scientist: Jerry Prezioso
# nquan = 7
# nvalues = 3798                                  
# units = specified
# name 0 = depSM: Depth [salt water, m]
# name 1 = tv290C: Temperature [ITS-90, deg C]
# name 2 = c0S/m: Conductivity [S/m]
# name 3 = sal00: Salinity, Practical [PSU]
# name 4 = scan: Scan Count
# name 5 = timeM: Time, Elapsed [minutes]
# name 6 = flag:  0.000e+00
# span 0 =     -0.140,    123.525                 
# span 1 =     9.5181,    16.6154                 
# span 2 =   0.000038,   4.442545                 
# span 3 =     0.0079,    35.3475                 
# span 4 =         11,       3808                 
# span 5 =     0.0417,    15.8625                 
# span 6 = 0.0000e+00, 0.0000e+00                 
# interval = seconds: 0.25
# start_time = Jun 10 2023 12:54:25 [NMEA time, header]
# bad_flag = -9.990e-29
*END*
[from data line 1026]
    103.866    12.6304   4.055735    34.9073       1037     4.3167  0.000e+00
    103.987    12.6308   4.055755    34.9070       1038     4.3208  0.000e+00
    104.098    12.6312   4.055755    34.9067       1039     4.3250  0.000e+00
    104.210    12.6310   4.055681    34.9060       1040     4.3292  0.000e+00
    104.318    12.6310   4.055782    34.9070       1041     4.3333  0.000e+00
    104.427    12.6310   4.055809    34.9072       1042     4.3375  0.000e+00
    104.533    12.6311   4.055829    34.9073       1043     4.3417  0.000e+00
    104.644    12.6312   4.055849    34.9073       1044     4.3458  0.000e+00
    104.741    12.6313   4.055883    34.9075       1045     4.3500  0.000e+00
    104.831    12.6312   4.055930    34.9080       1046     4.3542  0.000e+00
    104.919    12.6311   4.056003    34.9088       1047     4.3583  0.000e+00
    105.012    12.6312   4.056251    34.9110       1048     4.3625  0.000e+00
    105.097    12.6320   4.056687    34.9145       1049     4.3667  0.000e+00
    105.187    12.6333   4.056935    34.9156       1050     4.3708  0.000e+00
    105.269    12.6350   4.057130    34.9158       1051     4.3750  0.000e+00
    105.356    12.6362   4.057176    34.9151       1052     4.3792  0.000e+00
    105.447    12.6371   4.057183    34.9143       1053     4.3833  0.000e+00
    105.531    12.6377   4.057304    34.9149       1054     4.3875  0.000e+00
    105.628    12.6380   4.057425    34.9157       1055     4.3917  0.000e+00
    105.712    12.6385   4.057572    34.9167       1056     4.3958  0.000e+00
    105.812    12.6395   4.057834    34.9182       1057     4.4000  0.000e+00
    105.905    12.6405   4.057867    34.9175       1058     4.4042  0.000e+00
    105.993    12.6414   4.058135    34.9193       1059     4.4083  0.000e+00
    106.095    12.6425   4.058598    34.9226       1060     4.4125  0.000e+00
    106.177    12.6443   4.058893    34.9237       1061     4.4167  0.000e+00
    106.261    12.6463   4.059027    34.9232       1062     4.4208  0.000e+00
    106.346    12.6478   4.059235    34.9237       1063     4.4250  0.000e+00
    106.424    12.6492   4.059409    34.9241       1064     4.4292  0.000e+00
    106.515    12.6504   4.059557    34.9243       1065     4.4333  0.000e+00
    106.599    12.6514   4.059637    34.9241       1066     4.4375  0.000e+00
    106.693    12.6523   4.059557    34.9225       1067     4.4417  0.000e+00
    106.786    12.6525   4.059604    34.9228       1068     4.4458  0.000e+00
    106.889    12.6526   4.059630    34.9228       1069     4.4500  0.000e+00
    107.001    12.6528   4.059677    34.9231       1070     4.4542  0.000e+00
    107.115    12.6532   4.059798    34.9238       1071     4.4583  0.000e+00
    107.242    12.6538   4.059899    34.9242       1072     4.4625  0.000e+00
    107.372    12.6541   4.059872    34.9236       1073     4.4667  0.000e+00
    107.489    12.6543   4.059852    34.9231       1074     4.4708  0.000e+00
    107.619    12.6543   4.059751    34.9221       1075     4.4750  0.000e+00
    107.737    12.6541   4.059751    34.9222       1076     4.4792  0.000e+00
    107.854    12.6537   4.059852    34.9235       1077     4.4833  0.000e+00
    107.972    12.6538   4.059899    34.9238       1078     4.4875  0.000e+00
    108.078    12.6541   4.059939    34.9239       1079     4.4917  0.000e+00
    108.186    12.6543   4.060120    34.9255       1080     4.4958  0.000e+00
    108.280    12.6550   4.060610    34.9295       1081     4.5000  0.000e+00
    108.373    12.6565   4.061247    34.9341       1082     4.5042  0.000e+00
    108.461    12.6594   4.061622    34.9350       1083     4.5083  0.000e+00
    108.566    12.6624   4.062206    34.9378       1084     4.5125  0.000e+00
    108.660    12.6656   4.062595    34.9385       1085     4.5167  0.000e+00
    108.765    12.6686   4.062863    34.9382       1086     4.5208  0.000e+00
    108.880    12.6711   4.063574    34.9427       1087     4.5250  0.000e+00
    108.992    12.6744   4.064366    34.9472       1088     4.5292  0.000e+00
    109.115    12.6789   4.064828    34.9475       1089     4.5333  0.000e+00
    109.221    12.6829   4.065224    34.9475       1090     4.5375  0.000e+00
    109.336    12.6862   4.065586    34.9478       1091     4.5417  0.000e+00
    109.441    12.6890   4.065305    34.9425       1092     4.5458  0.000e+00
    109.541    12.6902   4.065687    34.9450       1093     4.5500  0.000e+00
    109.631    12.6912   4.065687    34.9441       1094     4.5542  0.000e+00
    109.707    12.6921   4.065808    34.9443       1095     4.5583  0.000e+00
    109.782    12.6929   4.066049    34.9459       1096     4.5625  0.000e+00
    109.857    12.6939   4.066251    34.9469       1097     4.5667  0.000e+00
    109.927    12.6950   4.066398    34.9472       1098     4.5708  0.000e+00
    110.005    12.6962   4.066546    34.9475       1099     4.5750  0.000e+00
    110.075    12.6973   4.066687    34.9478       1100     4.5792  0.000e+00
    110.144    12.6984   4.066674    34.9466       1101     4.5833  0.000e+00
    110.238    12.6991   4.066694    34.9461       1102     4.5875  0.000e+00
    110.319    12.6993   4.066647    34.9455       1103     4.5917  0.000e+00
    110.416    12.6991   4.066660    34.9458       1104     4.5958  0.000e+00
    110.503    12.6990   4.066600    34.9452       1105     4.6000  0.000e+00
    110.600    12.6987   4.066620    34.9456       1106     4.6042  0.000e+00
    110.696    12.6986   4.066546    34.9450       1107     4.6083  0.000e+00
    110.799    12.6982   4.066519    34.9451       1108     4.6125  0.000e+00
    110.901    12.6978   4.066452    34.9448       1109     4.6167  0.000e+00
    110.998    12.6973   4.066399    34.9446       1110     4.6208  0.000e+00
    111.097    12.6970   4.066278    34.9437       1111     4.6250  0.000e+00
    111.182    12.6960   4.066191    34.9437       1112     4.6292  0.000e+00
    111.290    12.6954   4.066352    34.9458       1113     4.6333  0.000e+00
    111.390    12.6953   4.066573    34.9480       1114     4.6375  0.000e+00
    111.493    12.6964   4.066620    34.9474       1115     4.6417  0.000e+00
    111.601    12.6969   4.066500    34.9457       1116     4.6458  0.000e+00
    111.716    12.6969   4.066352    34.9442       1117     4.6500  0.000e+00
    111.818    12.6965   4.066278    34.9439       1118     4.6542  0.000e+00
    111.942    12.6955   4.066131    34.9433       1119     4.6583  0.000e+00
    112.051    12.6945   4.066144    34.9443       1120     4.6625  0.000e+00
    112.168    12.6940   4.066084    34.9442       1121     4.6667  0.000e+00
    112.280    12.6934   4.065983    34.9437       1122     4.6708  0.000e+00
    112.391    12.6925   4.065661    34.9414       1123     4.6750  0.000e+00
    112.503    12.6911   4.065420    34.9403       1124     4.6792  0.000e+00
    112.615    12.6892   4.065225    34.9401       1125     4.6833  0.000e+00
    112.714    12.6873   4.065199    34.9416       1126     4.6875  0.000e+00
    112.808    12.6862   4.065199    34.9426       1127     4.6917  0.000e+00
    112.904    12.6857   4.065165    34.9428       1128     4.6958  0.000e+00
    112.992    12.6855   4.065051    34.9418       1129     4.7000  0.000e+00
    113.085    12.6847   4.064904    34.9411       1130     4.7042  0.000e+00
    113.167    12.6837   4.064904    34.9420       1131     4.7083  0.000e+00
    113.248    12.6830   4.064810    34.9417       1132     4.7125  0.000e+00
    113.348    12.6824   4.064857    34.9427       1133     4.7167  0.000e+00
    113.435    12.6819   4.064709    34.9417       1134     4.7208  0.000e+00
    113.529    12.6812   4.064609    34.9413       1135     4.7250  0.000e+00
    113.625    12.6803   4.064508    34.9411       1136     4.7292  0.000e+00
    113.722    12.6795   4.064434    34.9411       1137     4.7333  0.000e+00
    113.821    12.6784   4.064367    34.9414       1138     4.7375  0.000e+00
    113.927    12.6775   4.064367    34.9422       1139     4.7417  0.000e+00
    114.033    12.6770   4.064368    34.9426       1140     4.7458  0.000e+00
    114.150    12.6766   4.064341    34.9427       1141     4.7500  0.000e+00
    114.268    12.6761   4.064368    34.9433       1142     4.7542  0.000e+00
    114.391    12.6759   4.064415    34.9439       1143     4.7583  0.000e+00
    114.515    12.6761   4.064710    34.9465       1144     4.7625  0.000e+00
    114.630    12.6768   4.065072    34.9493       1145     4.7667  0.000e+00
    114.756    12.6786   4.065300    34.9498       1146     4.7708  0.000e+00
    114.880    12.6802   4.065320    34.9485       1147     4.7750  0.000e+00
    114.989    12.6812   4.065394    34.9482       1148     4.7792  0.000e+00
    115.109    12.6819   4.065495    34.9485       1149     4.7833  0.000e+00
    115.224    12.6826   4.065663    34.9494       1150     4.7875  0.000e+00
    115.333    12.6832   4.066105    34.9531       1151     4.7917  0.000e+00
    115.432    12.6848   4.066454    34.9548       1152     4.7958  0.000e+00
    115.547    12.6869   4.066924    34.9574       1153     4.8000  0.000e+00
    115.649    12.6897   4.067555    34.9608       1154     4.8042  0.000e+00
    115.761    12.6925   4.067776    34.9602       1155     4.8083  0.000e+00
    115.867    12.6953   4.068293    34.9626       1156     4.8125  0.000e+00
    115.969    12.6978   4.068682    34.9639       1157     4.8167  0.000e+00
    116.081    12.7005   4.068883    34.9633       1158     4.8208  0.000e+00
    116.189    12.7026   4.069253    34.9648       1159     4.8250  0.000e+00
    116.295    12.7049   4.069669    34.9667       1160     4.8292  0.000e+00
    116.394    12.7071   4.070065    34.9684       1161     4.8333  0.000e+00
    116.497    12.7098   4.070628    34.9713       1162     4.8375  0.000e+00
    116.594    12.7127   4.071246    34.9745       1163     4.8417  0.000e+00
    116.684    12.7163   4.072401    34.9822       1164     4.8458  0.000e+00
    116.775    12.7215   4.073092    34.9839       1165     4.8500  0.000e+00
    116.862    12.7269   4.073777    34.9855       1166     4.8542  0.000e+00
    116.947    12.7320   4.074811    34.9906       1167     4.8583  0.000e+00
    117.046    12.7376   4.075227    34.9894       1168     4.8625  0.000e+00
    117.140    12.7427   4.076120    34.9932       1169     4.8667  0.000e+00
    117.245    12.7480   4.076852    34.9952       1170     4.8708  0.000e+00
    117.351    12.7533   4.077591    34.9974       1171     4.8750  0.000e+00
    117.468    12.7590   4.080332    35.0183       1172     4.8792  0.000e+00
    117.586    12.7697   4.082744    35.0315       1173     4.8833  0.000e+00
    117.710    12.7835   4.084303    35.0335       1174     4.8875  0.000e+00
    117.830    12.7958   4.085116    35.0299       1175     4.8917  0.000e+00
    117.945    12.8055   4.085701    35.0264       1176     4.8958  0.000e+00
    118.069    12.8121   4.086373    35.0267       1177     4.9000  0.000e+00
    118.189    12.8175   4.086871    35.0264       1178     4.9042  0.000e+00
    118.307    12.8221   4.088390    35.0366       1179     4.9083  0.000e+00
    118.446    12.8289   4.090327    35.0488       1180     4.9125  0.000e+00
    118.560    12.8379   4.091020    35.0470       1181     4.9167  0.000e+00
    118.687    12.8463   4.092008    35.0486       1182     4.9208  0.000e+00
    118.805    12.8537   4.092903    35.0503       1183     4.9250  0.000e+00
    118.922    12.8604   4.094141    35.0559       1184     4.9292  0.000e+00
    119.046    12.8679   4.096247    35.0690       1185     4.9333  0.000e+00
    119.155    12.8778   4.097963    35.0762       1186     4.9375  0.000e+00
    119.272    12.8890   4.100211    35.0873       1187     4.9417  0.000e+00
    119.390    12.9021   4.105126    35.1220       1188     4.9458  0.000e+00
    119.505    12.9267   4.118673    35.2287       1189     4.9500  0.000e+00
    119.616    12.9784   4.133535    35.3225       1190     4.9542  0.000e+00
    119.728    13.0522   4.143373    35.3475       1191     4.9583  0.000e+00
    119.839    13.1261   4.145800    35.3017       1192     4.9625  0.000e+00
    119.945    13.1766   4.148234    35.2778       1193     4.9667  0.000e+00
    120.053    13.2093   4.150263    35.2667       1194     4.9708  0.000e+00
    120.156    13.2324   4.152008    35.2618       1195     4.9750  0.000e+00
    120.253    13.2493   4.152475    35.2505       1196     4.9792  0.000e+00
    120.358    13.2601   4.152820    35.2437       1197     4.9833  0.000e+00
    120.452    13.2668   4.154803    35.2563       1198     4.9875  0.000e+00
    120.542    13.2757   4.155839    35.2579       1199     4.9917  0.000e+00
    120.639    13.2844   4.156224    35.2534       1200     4.9958  0.000e+00
    120.738    13.2902   4.156847    35.2538       1201     5.0000  0.000e+00
    120.838    13.2953   4.157477    35.2551       1202     5.0042  0.000e+00
    120.934    13.3001   4.158533    35.2606       1203     5.0083  0.000e+00
    121.040    13.3058   4.158966    35.2594       1204     5.0125  0.000e+00
    121.133    13.3105   4.160266    35.2673       1205     5.0167  0.000e+00
    121.233    13.3169   4.162501    35.2825       1206     5.0208  0.000e+00
    121.329    13.3266   4.162779    35.2761       1207     5.0250  0.000e+00
    121.420    13.3338   4.163030    35.2718       1208     5.0292  0.000e+00
    121.516    13.3385   4.163714    35.2738       1209     5.0333  0.000e+00
    121.595    13.3428   4.164723    35.2794       1210     5.0375  0.000e+00
    121.694    13.3480   4.165645    35.2832       1211     5.0417  0.000e+00
    121.776    13.3540   4.166648    35.2872       1212     5.0458  0.000e+00
    121.860    13.3601   4.167312    35.2878       1213     5.0500  0.000e+00
    121.957    13.3654   4.167711    35.2866       1214     5.0542  0.000e+00
    122.053    13.3700   4.168267    35.2875       1215     5.0583  0.000e+00
    122.165    13.3736   4.168593    35.2872       1216     5.0625  0.000e+00
    122.274    13.3774   4.169935    35.2964       1217     5.0667  0.000e+00
    122.388    13.3824   4.171223    35.3039       1218     5.0708  0.000e+00
    122.509    13.3900   4.172368    35.3077       1219     5.0750  0.000e+00
    122.620    13.3974   4.173087    35.3076       1220     5.0792  0.000e+00
    122.741    13.4046   4.176193    35.3302       1221     5.0833  0.000e+00
    122.850    13.4159   4.176159    35.3194       1222     5.0875  0.000e+00
    122.958    13.4243   4.175684    35.3070       1223     5.0917  0.000e+00
    123.055    13.4281   4.178703    35.3320       1224     5.0958  0.000e+00
    123.154    13.4366   4.179565    35.3322       1225     5.1000  0.000e+00
    123.245    13.4454   4.180447    35.3324       1226     5.1042  0.000e+00
    123.335    13.4523   4.180535    35.3268       1227     5.1083  0.000e+00
    123.429    13.4565   4.180467    35.3222       1228     5.1125  0.000e+00
    123.498    13.4584   4.180508    35.3208       1229     5.1167  0.000e+00
    123.525    13.4594   4.180467    35.3195       1230     5.1208  0.000e+00
    123.480    13.4596   4.180555    35.3202       1231     5.1250  0.000e+00
    123.390    13.4600   4.180372    35.3181       1232     5.1292  0.000e+00
    123.308    13.4598   4.180250    35.3172       1233     5.1333  0.000e+00
    123.245    13.4592   4.179958    35.3150       1234     5.1375  0.000e+00
    123.181    13.4583   4.179822    35.3146       1235     5.1417  0.000e+00
    123.118    13.4572   4.179938    35.3167       1236     5.1458  0.000e+00
    123.046    13.4570   4.180026    35.3177       1237     5.1500  0.000e+00
    122.982    13.4569   4.179551    35.3134       1238     5.1542  0.000e+00
    122.910    13.4552   4.178859    35.3085       1239     5.1583  0.000e+00
    122.847    13.4527   4.178825    35.3105       1240     5.1625  0.000e+00
