HB2302/sbe082.cnv
* Sea-Bird SBE 19plus V2 Data File:
* FileName = C:\cruise\data\sbe082.hex
* Software Version Seasave V 7.26.7.121
* Temperature SN = 4758
* Conductivity SN = 4758
* System UpLoad Time = Jun 16 2023 13:33:01
* NMEA Latitude = 40 56.83 N
* NMEA Longitude = 067 53.53 W
* NMEA UTC (Time) = Jun 16 2023 13:33:01
** Cruise: HB2302
** Program: Ecomon
** Chief Scientist: Jerry Prezioso
# nquan = 7
# nvalues = 1411                                  
# units = specified
# name 0 = depSM: Depth [salt water, m]
# name 1 = tv290C: Temperature [ITS-90, deg C]
# name 2 = c0S/m: Conductivity [S/m]
# name 3 = sal00: Salinity, Practical [PSU]
# name 4 = scan: Scan Count
# name 5 = timeM: Time, Elapsed [minutes]
# name 6 = flag:  0.000e+00
# span 0 =     -0.156,     55.817                 
# span 1 =    10.9185,    15.5948                 
# span 2 =   0.000086,   3.945817                 
# span 3 =     0.0080,    34.2355                 
# span 4 =         11,       1421                 
# span 5 =     0.0417,     5.9167                 
# span 6 = 0.0000e+00, 0.0000e+00                 
# interval = seconds: 0.25
# start_time = Jun 16 2023 13:33:01 [NMEA time, header]
# bad_flag = -9.990e-29
*END*
     -0.144    15.5835   0.000098     0.0080         11     0.0417  0.000e+00
     -0.141    15.5847   0.000101     0.0081         12     0.0458  0.000e+00
     -0.144    15.5856   0.000098     0.0080         13     0.0500  0.000e+00
     -0.144    15.5864   0.000095     0.0080         14     0.0542  0.000e+00
     -0.144    15.5869   0.000092     0.0080         15     0.0583  0.000e+00
     -0.144    15.5875   0.000101     0.0081         16     0.0625  0.000e+00
     -0.147    15.5880   0.000098     0.0080         17     0.0667  0.000e+00
     -0.144    15.5884   0.000101     0.0081         18     0.0708  0.000e+00
     -0.147    15.5883   0.000095     0.0080         19     0.0750  0.000e+00
     -0.147    15.5883   0.000098     0.0080         20     0.0792  0.000e+00
     -0.147    15.5881   0.000089     0.0080         21     0.0833  0.000e+00
     -0.156    15.5874   0.000092     0.0080         22     0.0875  0.000e+00
     -0.141    15.5868   0.000095     0.0080         23     0.0917  0.000e+00
     -0.144    15.5871   0.000101     0.0081         24     0.0958  0.000e+00
     -0.147    15.5872   0.000098     0.0080         25     0.1000  0.000e+00
     -0.150    15.5876   0.000095     0.0080         26     0.1042  0.000e+00
     -0.147    15.5883   0.000098     0.0080         27     0.1083  0.000e+00
     -0.144    15.5891   0.000095     0.0080         28     0.1125  0.000e+00
     -0.150    15.5890   0.000092     0.0080         29     0.1167  0.000e+00
     -0.147    15.5904   0.000092     0.0080         30     0.1208  0.000e+00
     -0.144    15.5912   0.000095     0.0080         31     0.1250  0.000e+00
     -0.150    15.5920   0.000092     0.0080         32     0.1292  0.000e+00
     -0.153    15.5929   0.000101     0.0081         33     0.1333  0.000e+00
     -0.147    15.5937   0.000092     0.0080         34     0.1375  0.000e+00
     -0.141    15.5942   0.000095     0.0080         35     0.1417  0.000e+00
     -0.144    15.5946   0.000092     0.0080         36     0.1458  0.000e+00
     -0.144    15.5948   0.000092     0.0080         37     0.1500  0.000e+00
     -0.144    15.5924   0.000101     0.0081         38     0.1542  0.000e+00
     -0.153    15.5881   0.000098     0.0080         39     0.1583  0.000e+00
     -0.153    15.5839   0.000101     0.0081         40     0.1625  0.000e+00
     -0.147    15.5813   0.000098     0.0080         41     0.1667  0.000e+00
     -0.150    15.5802   0.000101     0.0080         42     0.1708  0.000e+00
     -0.144    15.5794   0.000101     0.0080         43     0.1750  0.000e+00
     -0.147    15.5773   0.000098     0.0080         44     0.1792  0.000e+00
     -0.144    15.5746   0.000089     0.0080         45     0.1833  0.000e+00
     -0.141    15.5735   0.000098     0.0080         46     0.1875  0.000e+00
     -0.144    15.5734   0.000101     0.0080         47     0.1917  0.000e+00
     -0.144    15.5735   0.000098     0.0080         48     0.1958  0.000e+00
     -0.147    15.5741   0.000092     0.0080         49     0.2000  0.000e+00
     -0.147    15.5756   0.000095     0.0080         50     0.2042  0.000e+00
     -0.147    15.5774   0.000101     0.0080         51     0.2083  0.000e+00
     -0.141    15.5778   0.000101     0.0080         52     0.2125  0.000e+00
     -0.147    15.5782   0.000098     0.0080         53     0.2167  0.000e+00
     -0.147    15.5777   0.000095     0.0080         54     0.2208  0.000e+00
     -0.141    15.5767   0.000101     0.0080         55     0.2250  0.000e+00
     -0.147    15.5764   0.000098     0.0080         56     0.2292  0.000e+00
     -0.147    15.5764   0.000101     0.0080         57     0.2333  0.000e+00
     -0.147    15.5750   0.000098     0.0080         58     0.2375  0.000e+00
     -0.147    15.5733   0.000101     0.0080         59     0.2417  0.000e+00
     -0.147    15.5722   0.000098     0.0080         60     0.2458  0.000e+00
     -0.150    15.5712   0.000098     0.0080         61     0.2500  0.000e+00
     -0.147    15.5708   0.000095     0.0080         62     0.2542  0.000e+00
     -0.150    15.5706   0.000098     0.0080         63     0.2583  0.000e+00
     -0.147    15.5705   0.000095     0.0080         64     0.2625  0.000e+00
     -0.144    15.5707   0.000101     0.0080         65     0.2667  0.000e+00
     -0.147    15.5710   0.000101     0.0080         66     0.2708  0.000e+00
     -0.147    15.5713   0.000098     0.0080         67     0.2750  0.000e+00
     -0.141    15.5713   0.000098     0.0080         68     0.2792  0.000e+00
     -0.144    15.5710   0.000101     0.0080         69     0.2833  0.000e+00
     -0.150    15.5707   0.000101     0.0080         70     0.2875  0.000e+00
     -0.147    15.5706   0.000101     0.0080         71     0.2917  0.000e+00
     -0.150    15.5710   0.000098     0.0080         72     0.2958  0.000e+00
     -0.147    15.5713   0.000101     0.0080         73     0.3000  0.000e+00
     -0.147    15.5725   0.000098     0.0080         74     0.3042  0.000e+00
     -0.144    15.5737   0.000098     0.0080         75     0.3083  0.000e+00
     -0.147    15.5750   0.000095     0.0080         76     0.3125  0.000e+00
     -0.147    15.5757   0.000101     0.0080         77     0.3167  0.000e+00
     -0.147    15.5761   0.000095     0.0080         78     0.3208  0.000e+00
     -0.141    15.5767   0.000092     0.0080         79     0.3250  0.000e+00
     -0.141    15.5771   0.000101     0.0080         80     0.3292  0.000e+00
     -0.138    15.5761   0.000101     0.0080         81     0.3333  0.000e+00
     -0.144    15.5727   0.000098     0.0080         82     0.3375  0.000e+00
     -0.144    15.5705   0.000095     0.0080         83     0.3417  0.000e+00
     -0.147    15.5687   0.000101     0.0080         84     0.3458  0.000e+00
     -0.144    15.5684   0.000101     0.0080         85     0.3500  0.000e+00
     -0.138    15.5684   0.000098     0.0080         86     0.3542  0.000e+00
     -0.141    15.5687   0.000098     0.0080         87     0.3583  0.000e+00
     -0.141    15.5695   0.000101     0.0080         88     0.3625  0.000e+00
     -0.144    15.5692   0.000098     0.0080         89     0.3667  0.000e+00
     -0.144    15.5695   0.000101     0.0080         90     0.3708  0.000e+00
     -0.138    15.5706   0.000101     0.0080         91     0.3750  0.000e+00
      0.065    15.5733   0.000098     0.0080         92     0.3792  0.000e+00
      0.264    15.5814   0.000086     0.0080         93     0.3833  0.000e+00
      0.424    15.5875   1.736563    12.7403         94     0.3875  0.000e+00
      0.554    15.4289   2.018834    15.0716         95     0.3917  0.000e+00
      0.666    14.8908   1.997998    15.1068         96     0.3958  0.000e+00
      0.759    14.4258   2.298309    17.8145         97     0.4000  0.000e+00
      0.847    14.1089   2.295775    17.9387         98     0.4042  0.000e+00
      0.919    13.8883   3.332715    27.1851         99     0.4083  0.000e+00
      1.007    13.7527   2.104764    16.4647        100     0.4125  0.000e+00
      1.115    13.6726   3.770924    31.3542        101     0.4167  0.000e+00
      1.242    13.6151   3.897945    32.5812        102     0.4208  0.000e+00
      1.393    13.5806   3.898295    32.6138        103     0.4250  0.000e+00
      1.514    13.5426   3.893258    32.5993        104     0.4292  0.000e+00
      1.590    13.5120   3.902716    32.7137        105     0.4333  0.000e+00
      1.644    13.4948   3.907415    32.7723        106     0.4375  0.000e+00
      1.722    13.4885   3.916390    32.8616        107     0.4417  0.000e+00
      1.843    13.4897   3.926312    32.9533        108     0.4458  0.000e+00
      2.018    13.4926   3.928403    32.9703        109     0.4500  0.000e+00
      2.242    13.4951   3.925539    32.9413        110     0.4542  0.000e+00
      2.483    13.5089   3.926551    32.9387        111     0.4583  0.000e+00
      2.713    13.5232   3.931069    32.9685        112     0.4625  0.000e+00
      2.930    13.5275   3.942080    33.0677        113     0.4667  0.000e+00
      3.133    13.5349   3.945651    33.0946        114     0.4708  0.000e+00
      3.314    13.5402   3.945817    33.0915        115     0.4750  0.000e+00
      3.495    13.5013   3.940067    33.0713        116     0.4792  0.000e+00
      3.658    13.4130   3.929450    33.0484        117     0.4833  0.000e+00
      3.824    13.2725   3.913203    33.0176        118     0.4875  0.000e+00
      3.978    13.1231   3.893080    32.9578        119     0.4917  0.000e+00
      4.114    12.9891   3.880567    32.9560        120     0.4958  0.000e+00
      4.217    12.8782   3.873928    32.9898        121     0.5000  0.000e+00
      4.283    12.7871   3.872890    33.0595        122     0.5042  0.000e+00
      4.359    12.7202   3.876161    33.1494        123     0.5083  0.000e+00
      4.437    12.6822   3.883355    33.2514        124     0.5125  0.000e+00
      4.528    12.6740   3.893132    33.3520        125     0.5167  0.000e+00
      4.619    12.6815   3.902279    33.4326        126     0.5208  0.000e+00
      4.718    12.6865   3.912596    33.5267        127     0.5250  0.000e+00
      4.830    12.6856   3.919646    33.5948        128     0.5292  0.000e+00
      4.954    12.6749   3.921689    33.6238        129     0.5333  0.000e+00
      5.090    12.6796   3.927687    33.6769        130     0.5375  0.000e+00
      5.241    12.7376   3.930233    33.6494        131     0.5417  0.000e+00
      5.404    12.8512   3.931833    33.5634        132     0.5458  0.000e+00
      5.582    12.9668   3.934645    33.4875        133     0.5500  0.000e+00
      5.754    13.0444   3.937616    33.4470        134     0.5542  0.000e+00
      5.947    13.0850   3.938444    33.4190        135     0.5583  0.000e+00
      6.138    13.1032   3.933319    33.3543        136     0.5625  0.000e+00
      6.331    13.0963   3.924203    33.2742        137     0.5667  0.000e+00
      6.530    13.0726   3.915155    33.2093        138     0.5708  0.000e+00
      6.726    13.0134   3.902275    33.1392        139     0.5750  0.000e+00
      6.920    12.8882   3.886528    33.0994        140     0.5792  0.000e+00
      7.101    12.7609   3.869702    33.0510        141     0.5833  0.000e+00
      7.261    12.6412   3.855965    33.0249        142     0.5875  0.000e+00
      7.415    12.5297   3.845152    33.0194        143     0.5917  0.000e+00
      7.554    12.4320   3.839718    33.0532        144     0.5958  0.000e+00
      7.678    12.3524   3.837196    33.0992        145     0.6000  0.000e+00
      7.783    12.2952   3.836325    33.1413        146     0.6042  0.000e+00
      7.883    12.2574   3.837380    33.1849        147     0.6083  0.000e+00
      7.983    12.2287   3.838901    33.2250        148     0.6125  0.000e+00
      8.073    12.2138   3.843320    33.2809        149     0.6167  0.000e+00
      8.170    12.2113   3.858617    33.4307        150     0.6208  0.000e+00
      8.266    12.2115   3.882968    33.6657        151     0.6250  0.000e+00
      8.366    12.2076   3.892283    33.7592        152     0.6292  0.000e+00
      8.484    12.2110   3.905843    33.8873        153     0.6333  0.000e+00
      8.617    12.2687   3.912352    33.8978        154     0.6375  0.000e+00
      8.762    12.4202   3.916763    33.8034        155     0.6417  0.000e+00
      8.907    12.5939   3.919014    33.6690        156     0.6458  0.000e+00
      9.061    12.7356   3.920678    33.5583        157     0.6500  0.000e+00
      9.224    12.8560   3.921946    33.4634        158     0.6542  0.000e+00
      9.390    12.9465   3.923049    33.3938        159     0.6583  0.000e+00
      9.574    13.0068   3.923967    33.3492        160     0.6625  0.000e+00
      9.758    13.0457   3.922671    33.3027        161     0.6667  0.000e+00
      9.942    13.0650   3.914826    33.2114        162     0.6708  0.000e+00
     10.121    13.0590   3.905239    33.1259        163     0.6750  0.000e+00
     10.302    13.0538   3.897138    33.0538        164     0.6792  0.000e+00
     10.480    13.0071   3.893598    33.0610        165     0.6833  0.000e+00
     10.658    12.8627   3.886892    33.1237        166     0.6875  0.000e+00
     10.833    12.7319   3.874031    33.1161        167     0.6917  0.000e+00
     10.996    12.6180   3.861109    33.0929        168     0.6958  0.000e+00
     11.168    12.4983   3.852331    33.1142        169     0.7000  0.000e+00
     11.322    12.3951   3.845247    33.1373        170     0.7042  0.000e+00
     11.483    12.3133   3.837518    33.1353        171     0.7083  0.000e+00
     11.627    12.2433   3.831067    33.1350        172     0.7125  0.000e+00
     11.757    12.1869   3.827682    33.1523        173     0.7167  0.000e+00
     11.875    12.1433   3.825857    33.1733        174     0.7208  0.000e+00
     11.993    12.1098   3.825589    33.2005        175     0.7250  0.000e+00
     12.096    12.0832   3.826440    33.2323        176     0.7292  0.000e+00
     12.198    12.0685   3.829033    33.2704        177     0.7333  0.000e+00
     12.313    12.0664   3.837869    33.3579        178     0.7375  0.000e+00
     12.416    12.0704   3.860177    33.5704        179     0.7417  0.000e+00
     12.552    12.0723   3.875152    33.7137        180     0.7458  0.000e+00
     12.681    12.0670   3.892141    33.8833        181     0.7500  0.000e+00
     12.817    12.1024   3.902876    33.9553        182     0.7542  0.000e+00
     12.947    12.2340   3.908135    33.8866        183     0.7583  0.000e+00
     13.098    12.4090   3.909961    33.7462        184     0.7625  0.000e+00
     13.246    12.5803   3.910639    33.5990        185     0.7667  0.000e+00
     13.403    12.7284   3.910902    33.4696        186     0.7708  0.000e+00
     13.563    12.8421   3.910913    33.3690        187     0.7750  0.000e+00
     13.729    12.9277   3.910774    33.2921        188     0.7792  0.000e+00
     13.905    12.9930   3.910865    33.2355        189     0.7833  0.000e+00
     14.086    13.0414   3.910964    33.1939        190     0.7875  0.000e+00
     14.267    13.0758   3.909181    33.1468        191     0.7917  0.000e+00
     14.448    13.0949   3.903425    33.0757        192     0.7958  0.000e+00
     14.632    13.0977   3.895108    32.9946        193     0.8000  0.000e+00
     14.820    13.0871   3.887530    32.9322        194     0.8042  0.000e+00
     15.001    13.0163   3.882940    32.9503        195     0.8083  0.000e+00
     15.170    12.8496   3.874913    33.0195        196     0.8125  0.000e+00
     15.333    12.6847   3.861247    33.0338        197     0.8167  0.000e+00
     15.496    12.5403   3.850048    33.0536        198     0.8208  0.000e+00
     15.650    12.4149   3.840973    33.0769        199     0.8250  0.000e+00
     15.807    12.2999   3.833262    33.1043        200     0.8292  0.000e+00
     15.946    12.2045   3.826636    33.1249        201     0.8333  0.000e+00
     16.091    12.1312   3.822292    33.1478        202     0.8375  0.000e+00
     16.218    12.0756   3.819088    33.1662        203     0.8417  0.000e+00
     16.347    12.0300   3.816950    33.1860        204     0.8458  0.000e+00
     16.459    11.9947   3.816100    33.2091        205     0.8500  0.000e+00
     16.574    11.9705   3.819684    33.2654        206     0.8542  0.000e+00
     16.692    11.9614   3.834753    33.4198        207     0.8583  0.000e+00
     16.797    11.9658   3.853141    33.5944        208     0.8625  0.000e+00
     16.909    11.9668   3.861973    33.6793        209     0.8667  0.000e+00
     17.030    11.9588   3.875872    33.8216        210     0.8708  0.000e+00
     17.154    11.9837   3.889231    33.9289        211     0.8750  0.000e+00
     17.277    12.0822   3.896573    33.9105        212     0.8792  0.000e+00
     17.419    12.2247   3.898529    33.8003        213     0.8833  0.000e+00
     17.564    12.3800   3.898666    33.6617        214     0.8875  0.000e+00
     17.721    12.5396   3.897912    33.5115        215     0.8917  0.000e+00
