HB2302/sbe024.cnv
* Sea-Bird SBE 19plus V2 Data File:
* FileName = C:\cruise\data\sbe024.hex
* Software Version Seasave V 7.26.7.121
* Temperature SN = 4758
* Conductivity SN = 4758
* System UpLoad Time = Jun 11 2023 04:14:42
* NMEA Latitude = 38 08.88 N
* NMEA Longitude = 074 02.69 W
* NMEA UTC (Time) = Jun 11 2023 04:14:43
** Cruise: HB2302
** Program: Ecomon
** Chief Scientist: Jerry Prezioso
# nquan = 7
# nvalues = 1802                                  
# units = specified
# name 0 = depSM: Depth [salt water, m]
# name 1 = tv290C: Temperature [ITS-90, deg C]
# name 2 = c0S/m: Conductivity [S/m]
# name 3 = sal00: Salinity, Practical [PSU]
# name 4 = scan: Scan Count
# name 5 = timeM: Time, Elapsed [minutes]
# name 6 = flag:  0.000e+00
# span 0 =     -0.093,     73.489                 
# span 1 =     7.6937,    17.9957                 
# span 2 = -9.989e-07,   4.381274                 
# span 3 =     0.0000,    34.2030                 
# span 4 =         11,       1812                 
# span 5 =     0.0417,     7.5458                 
# span 6 = 0.0000e+00, 0.0000e+00                 
# interval = seconds: 0.25
# start_time = Jun 11 2023 04:14:43 [NMEA time, header]
# bad_flag = -9.990e-29
*END*
[from data line 411]
     52.032     7.7195   3.424274    33.1320        422     1.7542  0.000e+00
     52.168     7.7196   3.424124    33.1302        423     1.7583  0.000e+00
     52.316     7.7190   3.423911    33.1284        424     1.7625  0.000e+00
     52.452     7.7176   3.423673    33.1271        425     1.7667  0.000e+00
     52.591     7.7152   3.423661    33.1292        426     1.7708  0.000e+00
     52.721     7.7141   3.423679    33.1304        427     1.7750  0.000e+00
     52.857     7.7136   3.423554    33.1295        428     1.7792  0.000e+00
     52.989     7.7130   3.423717    33.1317        429     1.7833  0.000e+00
     53.116     7.7130   3.423748    33.1320        430     1.7875  0.000e+00
     53.237     7.7136   3.423661    33.1304        431     1.7917  0.000e+00
     53.355     7.7133   3.423680    33.1309        432     1.7958  0.000e+00
     53.482     7.7130   3.423742    33.1318        433     1.8000  0.000e+00
     53.609     7.7132   3.423911    33.1333        434     1.8042  0.000e+00
     53.733     7.7144   3.424081    33.1339        435     1.8083  0.000e+00
     53.866     7.7159   3.424049    33.1321        436     1.8125  0.000e+00
     53.999     7.7166   3.423874    33.1295        437     1.8167  0.000e+00
     54.138     7.7162   3.424043    33.1317        438     1.8208  0.000e+00
     54.271     7.7165   3.424106    33.1319        439     1.8250  0.000e+00
     54.409     7.7170   3.423874    33.1290        440     1.8292  0.000e+00
     54.542     7.7166   3.423912    33.1296        441     1.8333  0.000e+00
     54.678     7.7162   3.423893    33.1297        442     1.8375  0.000e+00
     54.820     7.7155   3.423787    33.1292        443     1.8417  0.000e+00
     54.953     7.7151   3.423743    33.1291        444     1.8458  0.000e+00
     55.080     7.7144   3.423705    33.1293        445     1.8500  0.000e+00
     55.204     7.7136   3.423618    33.1290        446     1.8542  0.000e+00
     55.331     7.7130   3.423661    33.1300        447     1.8583  0.000e+00
     55.452     7.7127   3.423674    33.1303        448     1.8625  0.000e+00
     55.564     7.7126   3.423599    33.1296        449     1.8667  0.000e+00
     55.681     7.7124   3.423724    33.1311        450     1.8708  0.000e+00
     55.793     7.7124   3.423743    33.1312        451     1.8750  0.000e+00
     55.899     7.7126   3.423749    33.1310        452     1.8792  0.000e+00
     56.023     7.7129   3.423875    33.1320        453     1.8833  0.000e+00
     56.138     7.7136   3.423875    33.1313        454     1.8875  0.000e+00
     56.268     7.7142   3.424094    33.1331        455     1.8917  0.000e+00
     56.395     7.7154   3.424081    33.1318        456     1.8958  0.000e+00
     56.530     7.7163   3.424063    33.1306        457     1.9000  0.000e+00
     56.675     7.7162   3.424044    33.1305        458     1.9042  0.000e+00
     56.827     7.7161   3.424075    33.1308        459     1.9083  0.000e+00
     56.972     7.7162   3.423912    33.1288        460     1.9125  0.000e+00
     57.123     7.7157   3.423831    33.1284        461     1.9167  0.000e+00
     57.268     7.7149   3.423769    33.1284        462     1.9208  0.000e+00
     57.422     7.7141   3.423700    33.1284        463     1.9250  0.000e+00
     57.564     7.7130   3.423556    33.1278        464     1.9292  0.000e+00
     57.709     7.7118   3.423769    33.1312        465     1.9333  0.000e+00
     57.845     7.7119   3.423763    33.1309        466     1.9375  0.000e+00
     57.975     7.7124   3.423788    33.1306        467     1.9417  0.000e+00
     58.102     7.7125   3.423750    33.1301        468     1.9458  0.000e+00
     58.228     7.7125   3.423725    33.1298        469     1.9500  0.000e+00
     58.346     7.7122   3.423832    33.1311        470     1.9542  0.000e+00
     58.470     7.7126   3.423788    33.1302        471     1.9583  0.000e+00
     58.591     7.7128   3.423706    33.1291        472     1.9625  0.000e+00
     58.718     7.7123   3.423850    33.1311        473     1.9667  0.000e+00
     58.842     7.7128   3.424007    33.1322        474     1.9708  0.000e+00
     58.969     7.7138   3.424189    33.1331        475     1.9750  0.000e+00
     59.102     7.7154   3.424064    33.1303        476     1.9792  0.000e+00
     59.234     7.7157   3.424001    33.1292        477     1.9833  0.000e+00
     59.364     7.7153   3.423945    33.1289        478     1.9875  0.000e+00
     59.500     7.7146   3.423851    33.1285        479     1.9917  0.000e+00
     59.636     7.7140   3.423938    33.1300        480     1.9958  0.000e+00
     59.760     7.7136   3.423857    33.1294        481     2.0000  0.000e+00
     59.890     7.7136   3.423957    33.1305        482     2.0042  0.000e+00
     60.014     7.7137   3.424108    33.1319        483     2.0083  0.000e+00
     60.138     7.7144   3.424045    33.1305        484     2.0125  0.000e+00
     60.262     7.7146   3.423807    33.1277        485     2.0167  0.000e+00
     60.391     7.7136   3.423770    33.1282        486     2.0208  0.000e+00
     60.512     7.7127   3.423619    33.1274        487     2.0250  0.000e+00
     60.645     7.7116   3.423914    33.1315        488     2.0292  0.000e+00
     60.781     7.7120   3.424033    33.1324        489     2.0333  0.000e+00
     60.911     7.7130   3.423958    33.1306        490     2.0375  0.000e+00
     61.050     7.7133   3.423958    33.1301        491     2.0417  0.000e+00
     61.183     7.7135   3.423939    33.1298        492     2.0458  0.000e+00
     61.313     7.7131   3.423964    33.1303        493     2.0500  0.000e+00
     61.434     7.7130   3.423789    33.1284        494     2.0542  0.000e+00
     61.561     7.7123   3.423977    33.1311        495     2.0583  0.000e+00
     61.681     7.7125   3.424108    33.1322        496     2.0625  0.000e+00
     61.796     7.7135   3.423989    33.1300        497     2.0667  0.000e+00
     61.911     7.7135   3.424002    33.1301        498     2.0708  0.000e+00
     62.023     7.7133   3.424171    33.1320        499     2.0750  0.000e+00
     62.138     7.7140   3.424453    33.1344        500     2.0792  0.000e+00
     62.262     7.7157   3.424422    33.1323        501     2.0833  0.000e+00
     62.379     7.7168   3.424503    33.1321        502     2.0875  0.000e+00
     62.512     7.7173   3.424422    33.1306        503     2.0917  0.000e+00
     62.642     7.7178   3.424384    33.1297        504     2.0958  0.000e+00
     62.787     7.7174   3.424315    33.1292        505     2.1000  0.000e+00
     62.923     7.7170   3.424296    33.1294        506     2.1042  0.000e+00
     63.065     7.7164   3.424253    33.1294        507     2.1083  0.000e+00
     63.204     7.7160   3.424140    33.1286        508     2.1125  0.000e+00
     63.343     7.7153   3.424002    33.1277        509     2.1167  0.000e+00
     63.488     7.7139   3.423940    33.1283        510     2.1208  0.000e+00
     63.636     7.7129   3.423896    33.1287        511     2.1250  0.000e+00
     63.778     7.7123   3.423965    33.1299        512     2.1292  0.000e+00
     63.923     7.7121   3.424065    33.1312        513     2.1333  0.000e+00
     64.062     7.7126   3.424109    33.1310        514     2.1375  0.000e+00
     64.204     7.7134   3.424097    33.1301        515     2.1417  0.000e+00
     64.346     7.7134   3.423978    33.1287        516     2.1458  0.000e+00
     64.479     7.7129   3.424128    33.1307        517     2.1500  0.000e+00
     64.615     7.7131   3.424278    33.1321        518     2.1542  0.000e+00
     64.733     7.7139   3.424278    33.1313        519     2.1583  0.000e+00
     64.856     7.7146   3.424235    33.1301        520     2.1625  0.000e+00
     64.977     7.7146   3.424253    33.1303        521     2.1667  0.000e+00
     65.089     7.7146   3.424297    33.1307        522     2.1708  0.000e+00
     65.201     7.7147   3.424191    33.1293        523     2.1750  0.000e+00
     65.309     7.7143   3.424172    33.1295        524     2.1792  0.000e+00
     65.412     7.7140   3.424360    33.1318        525     2.1833  0.000e+00
     65.527     7.7144   3.424360    33.1313        526     2.1875  0.000e+00
     65.630     7.7150   3.424322    33.1303        527     2.1917  0.000e+00
     65.751     7.7149   3.424191    33.1290        528     2.1958  0.000e+00
     65.865     7.7143   3.424279    33.1304        529     2.2000  0.000e+00
     65.971     7.7143   3.424316    33.1308        530     2.2042  0.000e+00
     66.101     7.7145   3.424479    33.1322        531     2.2083  0.000e+00
     66.225     7.7153   3.424611    33.1328        532     2.2125  0.000e+00
     66.355     7.7165   3.424548    33.1310        533     2.2167  0.000e+00
     66.485     7.7170   3.424567    33.1307        534     2.2208  0.000e+00
     66.627     7.7171   3.424442    33.1291        535     2.2250  0.000e+00
     66.765     7.7167   3.424442    33.1294        536     2.2292  0.000e+00
     66.907     7.7163   3.424548    33.1309        537     2.2333  0.000e+00
     67.055     7.7166   3.424498    33.1299        538     2.2375  0.000e+00
     67.203     7.7165   3.424467    33.1297        539     2.2417  0.000e+00
     67.351     7.7162   3.424235    33.1274        540     2.2458  0.000e+00
     67.502     7.7152   3.424173    33.1276        541     2.2500  0.000e+00
     67.653     7.7140   3.424254    33.1296        542     2.2542  0.000e+00
     67.798     7.7136   3.424423    33.1317        543     2.2583  0.000e+00
     67.943     7.7141   3.424342    33.1303        544     2.2625  0.000e+00
     68.085     7.7141   3.424317    33.1300        545     2.2667  0.000e+00
     68.227     7.7140   3.424298    33.1297        546     2.2708  0.000e+00
     68.351     7.7139   3.424424    33.1312        547     2.2750  0.000e+00
     68.481     7.7143   3.424486    33.1314        548     2.2792  0.000e+00
     68.614     7.7150   3.424505    33.1309        549     2.2833  0.000e+00
     68.735     7.7152   3.424455    33.1301        550     2.2875  0.000e+00
     68.865     7.7153   3.424468    33.1300        551     2.2917  0.000e+00
     68.985     7.7152   3.424468    33.1301        552     2.2958  0.000e+00
     69.109     7.7151   3.424480    33.1302        553     2.3000  0.000e+00
     69.230     7.7152   3.424593    33.1313        554     2.3042  0.000e+00
     69.351     7.7157   3.424549    33.1303        555     2.3083  0.000e+00
     69.469     7.7159   3.424505    33.1296        556     2.3125  0.000e+00
     69.596     7.7155   3.424430    33.1291        557     2.3167  0.000e+00
     69.719     7.7151   3.424487    33.1301        558     2.3208  0.000e+00
     69.831     7.7151   3.424487    33.1300        559     2.3250  0.000e+00
     69.964     7.7151   3.424468    33.1298        560     2.3292  0.000e+00
     70.082     7.7149   3.424455    33.1297        561     2.3333  0.000e+00
     70.212     7.7148   3.424443    33.1296        562     2.3375  0.000e+00
     70.339     7.7145   3.424380    33.1292        563     2.3417  0.000e+00
     70.459     7.7141   3.424255    33.1282        564     2.3458  0.000e+00
     70.583     7.7135   3.424299    33.1292        565     2.3500  0.000e+00
     70.716     7.7130   3.424380    33.1304        566     2.3542  0.000e+00
     70.846     7.7130   3.424343    33.1300        567     2.3583  0.000e+00
     70.976     7.7129   3.424343    33.1300        568     2.3625  0.000e+00
     71.106     7.7129   3.424343    33.1299        569     2.3667  0.000e+00
     71.230     7.7130   3.424425    33.1307        570     2.3708  0.000e+00
     71.363     7.7132   3.424381    33.1299        571     2.3750  0.000e+00
     71.492     7.7133   3.424456    33.1305        572     2.3792  0.000e+00
     71.625     7.7136   3.424594    33.1317        573     2.3833  0.000e+00
     71.761     7.7143   3.424531    33.1303        574     2.3875  0.000e+00
     71.894     7.7146   3.424550    33.1301        575     2.3917  0.000e+00
     72.036     7.7149   3.424613    33.1304        576     2.3958  0.000e+00
     72.172     7.7150   3.424425    33.1283        577     2.4000  0.000e+00
     72.317     7.7144   3.424406    33.1286        578     2.4042  0.000e+00
     72.456     7.7138   3.424425    33.1293        579     2.4083  0.000e+00
     72.604     7.7135   3.424456    33.1299        580     2.4125  0.000e+00
     72.761     7.7133   3.424488    33.1303        581     2.4167  0.000e+00
     72.912     7.7135   3.424506    33.1303        582     2.4208  0.000e+00
     73.051     7.7137   3.424488    33.1298        583     2.4250  0.000e+00
     73.190     7.7136   3.424482    33.1297        584     2.4292  0.000e+00
     73.338     7.7136   3.424488    33.1297        585     2.4333  0.000e+00
     73.452     7.7133   3.424406    33.1291        586     2.4375  0.000e+00
     73.489     7.7126   3.424037    33.1258        587     2.4417  0.000e+00
     73.465     7.7108   3.423981    33.1269        588     2.4458  0.000e+00
     73.404     7.7092   3.423962    33.1282        589     2.4500  0.000e+00
     73.329     7.7082   3.423918    33.1288        590     2.4542  0.000e+00
     73.268     7.7076   3.423949    33.1297        591     2.4583  0.000e+00
     73.223     7.7075   3.423981    33.1301        592     2.4625  0.000e+00
     73.169     7.7076   3.423981    33.1301        593     2.4667  0.000e+00
     73.109     7.7076   3.423962    33.1299        594     2.4708  0.000e+00
     73.051     7.7075   3.423993    33.1304        595     2.4750  0.000e+00
     73.003     7.7077   3.424006    33.1303        596     2.4792  0.000e+00
     72.958     7.7077   3.423962    33.1299        597     2.4833  0.000e+00
     72.912     7.7075   3.423980    33.1303        598     2.4875  0.000e+00
     72.882     7.7077   3.424012    33.1305        599     2.4917  0.000e+00
     72.852     7.7076   3.424006    33.1305        600     2.4958  0.000e+00
     72.825     7.7077   3.423980    33.1302        601     2.5000  0.000e+00
     72.804     7.7077   3.423968    33.1300        602     2.5042  0.000e+00
     72.786     7.7077   3.423980    33.1302        603     2.5083  0.000e+00
     72.759     7.7076   3.423980    33.1302        604     2.5125  0.000e+00
     72.744     7.7078   3.423962    33.1299        605     2.5167  0.000e+00
     72.726     7.7078   3.423968    33.1300        606     2.5208  0.000e+00
     72.699     7.7077   3.423980    33.1302        607     2.5250  0.000e+00
     72.674     7.7077   3.423918    33.1296        608     2.5292  0.000e+00
     72.650     7.7074   3.423818    33.1288        609     2.5333  0.000e+00
     72.620     7.7069   3.423724    33.1283        610     2.5375  0.000e+00
     72.578     7.7062   3.423711    33.1288        611     2.5417  0.000e+00
     72.530     7.7057   3.423793    33.1301        612     2.5458  0.000e+00
     72.491     7.7057   3.423836    33.1307        613     2.5500  0.000e+00
     72.433     7.7058   3.423811    33.1303        614     2.5542  0.000e+00
     72.388     7.7060   3.423855    33.1306        615     2.5583  0.000e+00
     72.337     7.7062   3.423855    33.1305        616     2.5625  0.000e+00
     72.304     7.7066   3.423899    33.1306        617     2.5667  0.000e+00
     72.264     7.7069   3.423880    33.1301        618     2.5708  0.000e+00
     72.225     7.7070   3.423855    33.1298        619     2.5750  0.000e+00
     72.201     7.7070   3.423855    33.1297        620     2.5792  0.000e+00
     72.174     7.7070   3.423767    33.1289        621     2.5833  0.000e+00
     72.141     7.7067   3.423711    33.1286        622     2.5875  0.000e+00
     72.105     7.7059   3.423648    33.1286        623     2.5917  0.000e+00
     72.068     7.7051   3.423623    33.1292        624     2.5958  0.000e+00
     72.029     7.7046   3.423636    33.1297        625     2.6000  0.000e+00
