HB2302/sbe088.cnv
* Sea-Bird SBE 19plus V2 Data File:
* FileName = C:\cruise\data\sbe088.hex
* Software Version Seasave V 7.26.7.121
* Temperature SN = 4758
* Conductivity SN = 4758
* System UpLoad Time = Jun 16 2023 23:44:53
* NMEA Latitude = 41 38.53 N
* NMEA Longitude = 068 09.28 W
* NMEA UTC (Time) = Jun 16 2023 23:44:53
** Cruise: HB2302
** Program: Ecomon
** Chief Scientist: Jerry Prezioso
# nquan = 7
# nvalues = 1403                                  
# units = specified
# name 0 = depSM: Depth [salt water, m]
# name 1 = tv290C: Temperature [ITS-90, deg C]
# name 2 = c0S/m: Conductivity [S/m]
# name 3 = sal00: Salinity, Practical [PSU]
# name 4 = scan: Scan Count
# name 5 = timeM: Time, Elapsed [minutes]
# name 6 = flag:  0.000e+00
# span 0 =     -0.161,     31.334                 
# span 1 =    12.9521,    14.4824                 
# span 2 =   0.000032,   3.881581                 
# span 3 =     0.0075,    32.6796                 
# span 4 =         11,       1413                 
# span 5 =     0.0417,     5.8833                 
# span 6 = 0.0000e+00, 0.0000e+00                 
# interval = seconds: 0.25
# start_time = Jun 16 2023 23:44:53 [NMEA time, header]
# bad_flag = -9.990e-29
*END*
[from data line 1026]
      6.930    12.9608   3.848662    32.6776       1037     4.3167  0.000e+00
      6.903    12.9607   3.848656    32.6776       1038     4.3208  0.000e+00
      6.894    12.9609   3.848662    32.6775       1039     4.3250  0.000e+00
      6.888    12.9607   3.848616    32.6772       1040     4.3292  0.000e+00
      6.882    12.9606   3.848596    32.6772       1041     4.3333  0.000e+00
      6.891    12.9604   3.848583    32.6772       1042     4.3375  0.000e+00
      6.891    12.9602   3.848642    32.6779       1043     4.3417  0.000e+00
      6.885    12.9602   3.848596    32.6775       1044     4.3458  0.000e+00
      6.867    12.9600   3.848642    32.6781       1045     4.3500  0.000e+00
      6.852    12.9601   3.848629    32.6779       1046     4.3542  0.000e+00
      6.816    12.9602   3.848662    32.6781       1047     4.3583  0.000e+00
      6.782    12.9604   3.848616    32.6775       1048     4.3625  0.000e+00
      6.737    12.9605   3.848570    32.6770       1049     4.3667  0.000e+00
      6.680    12.9604   3.848629    32.6777       1050     4.3708  0.000e+00
      6.625    12.9605   3.848642    32.6778       1051     4.3750  0.000e+00
      6.577    12.9604   3.848616    32.6776       1052     4.3792  0.000e+00
      6.532    12.9607   3.848616    32.6774       1053     4.3833  0.000e+00
      6.505    12.9605   3.848629    32.6777       1054     4.3875  0.000e+00
      6.487    12.9605   3.848596    32.6774       1055     4.3917  0.000e+00
      6.462    12.9605   3.848596    32.6774       1056     4.3958  0.000e+00
      6.441    12.9605   3.848596    32.6774       1057     4.4000  0.000e+00
      6.432    12.9607   3.848531    32.6767       1058     4.4042  0.000e+00
      6.420    12.9606   3.848596    32.6773       1059     4.4083  0.000e+00
      6.399    12.9605   3.848596    32.6774       1060     4.4125  0.000e+00
      6.372    12.9604   3.848583    32.6774       1061     4.4167  0.000e+00
      6.351    12.9604   3.848550    32.6771       1062     4.4208  0.000e+00
      6.312    12.9601   3.848550    32.6773       1063     4.4250  0.000e+00
      6.275    12.9601   3.848550    32.6774       1064     4.4292  0.000e+00
      6.233    12.9603   3.848570    32.6774       1065     4.4333  0.000e+00
      6.191    12.9603   3.848531    32.6771       1066     4.4375  0.000e+00
      6.158    12.9604   3.848524    32.6770       1067     4.4417  0.000e+00
      6.118    12.9602   3.848550    32.6773       1068     4.4458  0.000e+00
      6.103    12.9602   3.848557    32.6774       1069     4.4500  0.000e+00
      6.088    12.9603   3.848412    32.6760       1070     4.4542  0.000e+00
      6.085    12.9601   3.848524    32.6772       1071     4.4583  0.000e+00
      6.073    12.9599   3.848550    32.6777       1072     4.4625  0.000e+00
      6.073    12.9600   3.848531    32.6774       1073     4.4667  0.000e+00
      6.070    12.9601   3.848524    32.6772       1074     4.4708  0.000e+00
      6.070    12.9601   3.848524    32.6772       1075     4.4750  0.000e+00
      6.067    12.9597   3.848478    32.6771       1076     4.4792  0.000e+00
      6.046    12.9596   3.848531    32.6777       1077     4.4833  0.000e+00
      6.016    12.9598   3.848550    32.6778       1078     4.4875  0.000e+00
      5.971    12.9598   3.848596    32.6782       1079     4.4917  0.000e+00
      5.922    12.9601   3.848570    32.6777       1080     4.4958  0.000e+00
      5.871    12.9604   3.848603    32.6777       1081     4.5000  0.000e+00
      5.808    12.9607   3.848550    32.6771       1082     4.5042  0.000e+00
      5.759    12.9607   3.848524    32.6768       1083     4.5083  0.000e+00
      5.714    12.9604   3.848504    32.6769       1084     4.5125  0.000e+00
      5.678    12.9602   3.848511    32.6771       1085     4.5167  0.000e+00
      5.642    12.9599   3.848504    32.6773       1086     4.5208  0.000e+00
      5.614    12.9596   3.848524    32.6778       1087     4.5250  0.000e+00
      5.593    12.9596   3.848504    32.6776       1088     4.5292  0.000e+00
      5.584    12.9590   3.848484    32.6780       1089     4.5333  0.000e+00
      5.587    12.9584   3.848504    32.6787       1090     4.5375  0.000e+00
      5.578    12.9588   3.848570    32.6790       1091     4.5417  0.000e+00
      5.578    12.9591   3.848524    32.6783       1092     4.5458  0.000e+00
      5.581    12.9589   3.848511    32.6783       1093     4.5500  0.000e+00
      5.584    12.9586   3.848504    32.6786       1094     4.5542  0.000e+00
      5.602    12.9585   3.848550    32.6790       1095     4.5583  0.000e+00
      5.615    12.9591   3.848570    32.6787       1096     4.5625  0.000e+00
      5.624    12.9592   3.848530    32.6782       1097     4.5667  0.000e+00
      5.633    12.9588   3.848504    32.6783       1098     4.5708  0.000e+00
      5.630    12.9588   3.848504    32.6784       1099     4.5750  0.000e+00
      5.627    12.9586   3.848458    32.6781       1100     4.5792  0.000e+00
      5.624    12.9584   3.848458    32.6782       1101     4.5833  0.000e+00
      5.612    12.9583   3.848504    32.6787       1102     4.5875  0.000e+00
      5.587    12.9583   3.848524    32.6789       1103     4.5917  0.000e+00
      5.566    12.9586   3.848524    32.6787       1104     4.5958  0.000e+00
      5.530    12.9592   3.848675    32.6796       1105     4.6000  0.000e+00
      5.488    12.9604   3.848688    32.6788       1106     4.6042  0.000e+00
      5.452    12.9613   3.848688    32.6780       1107     4.6083  0.000e+00
      5.412    12.9620   3.848662    32.6771       1108     4.6125  0.000e+00
      5.376    12.9620   3.848655    32.6771       1109     4.6167  0.000e+00
      5.343    12.9620   3.848688    32.6774       1110     4.6208  0.000e+00
      5.307    12.9623   3.848688    32.6772       1111     4.6250  0.000e+00
      5.277    12.9623   3.848661    32.6769       1112     4.6292  0.000e+00
      5.252    12.9624   3.848675    32.6770       1113     4.6333  0.000e+00
      5.231    12.9624   3.848707    32.6773       1114     4.6375  0.000e+00
      5.201    12.9626   3.848734    32.6774       1115     4.6417  0.000e+00
      5.174    12.9626   3.848701    32.6771       1116     4.6458  0.000e+00
      5.144    12.9627   3.848707    32.6771       1117     4.6500  0.000e+00
      5.123    12.9625   3.848688    32.6771       1118     4.6542  0.000e+00
      5.093    12.9622   3.848707    32.6775       1119     4.6583  0.000e+00
      5.059    12.9625   3.848701    32.6773       1120     4.6625  0.000e+00
      5.035    12.9627   3.848642    32.6765       1121     4.6667  0.000e+00
      5.023    12.9625   3.848688    32.6771       1122     4.6708  0.000e+00
      5.008    12.9627   3.848688    32.6770       1123     4.6750  0.000e+00
      4.999    12.9627   3.848583    32.6760       1124     4.6792  0.000e+00
      4.999    12.9619   3.848524    32.6761       1125     4.6833  0.000e+00
      4.999    12.9609   3.848550    32.6772       1126     4.6875  0.000e+00
      5.011    12.9602   3.848550    32.6778       1127     4.6917  0.000e+00
      5.026    12.9600   3.848530    32.6778       1128     4.6958  0.000e+00
      5.050    12.9598   3.848524    32.6779       1129     4.7000  0.000e+00
      5.075    12.9592   3.848524    32.6784       1130     4.7042  0.000e+00
      5.105    12.9593   3.848550    32.6786       1131     4.7083  0.000e+00
      5.126    12.9592   3.848583    32.6789       1132     4.7125  0.000e+00
      5.144    12.9591   3.848596    32.6791       1133     4.7167  0.000e+00
      5.141    12.9594   3.848570    32.6786       1134     4.7208  0.000e+00
      5.144    12.9593   3.848550    32.6785       1135     4.7250  0.000e+00
      5.129    12.9595   3.848583    32.6787       1136     4.7292  0.000e+00
      5.111    12.9595   3.848550    32.6784       1137     4.7333  0.000e+00
      5.066    12.9594   3.848550    32.6785       1138     4.7375  0.000e+00
      4.999    12.9593   3.848504    32.6782       1139     4.7417  0.000e+00
      4.933    12.9591   3.848484    32.6782       1140     4.7458  0.000e+00
      4.857    12.9593   3.848550    32.6787       1141     4.7500  0.000e+00
      4.782    12.9593   3.848550    32.6787       1142     4.7542  0.000e+00
      4.728    12.9593   3.848504    32.6783       1143     4.7583  0.000e+00
      4.685    12.9592   3.848530    32.6786       1144     4.7625  0.000e+00
      4.667    12.9590   3.848504    32.6786       1145     4.7667  0.000e+00
      4.646    12.9588   3.848478    32.6785       1146     4.7708  0.000e+00
      4.637    12.9587   3.848478    32.6786       1147     4.7750  0.000e+00
      4.637    12.9589   3.848458    32.6782       1148     4.7792  0.000e+00
      4.658    12.9588   3.848432    32.6780       1149     4.7833  0.000e+00
      4.679    12.9591   3.848478    32.6782       1150     4.7875  0.000e+00
      4.697    12.9594   3.848478    32.6780       1151     4.7917  0.000e+00
      4.722    12.9595   3.848484    32.6779       1152     4.7958  0.000e+00
      4.743    12.9596   3.848478    32.6778       1153     4.8000  0.000e+00
      4.755    12.9596   3.848504    32.6780       1154     4.8042  0.000e+00
      4.752    12.9595   3.848550    32.6785       1155     4.8083  0.000e+00
      4.743    12.9596   3.848530    32.6782       1156     4.8125  0.000e+00
      4.716    12.9596   3.848550    32.6785       1157     4.8167  0.000e+00
      4.688    12.9596   3.848550    32.6785       1158     4.8208  0.000e+00
      4.637    12.9597   3.848523    32.6781       1159     4.8250  0.000e+00
      4.598    12.9595   3.848530    32.6784       1160     4.8292  0.000e+00
      4.559    12.9596   3.848523    32.6782       1161     4.8333  0.000e+00
      4.516    12.9597   3.848523    32.6782       1162     4.8375  0.000e+00
      4.492    12.9597   3.848504    32.6780       1163     4.8417  0.000e+00
      4.477    12.9595   3.848458    32.6778       1164     4.8458  0.000e+00
      4.465    12.9594   3.848504    32.6783       1165     4.8500  0.000e+00
      4.465    12.9595   3.848458    32.6778       1166     4.8542  0.000e+00
      4.462    12.9594   3.848458    32.6778       1167     4.8583  0.000e+00
      4.462    12.9594   3.848458    32.6779       1168     4.8625  0.000e+00
      4.456    12.9593   3.848432    32.6777       1169     4.8667  0.000e+00
      4.444    12.9591   3.848432    32.6778       1170     4.8708  0.000e+00
      4.423    12.9592   3.848438    32.6778       1171     4.8750  0.000e+00
      4.399    12.9591   3.848366    32.6773       1172     4.8792  0.000e+00
      4.372    12.9591   3.848386    32.6774       1173     4.8833  0.000e+00
      4.350    12.9591   3.848386    32.6774       1174     4.8875  0.000e+00
      4.323    12.9591   3.848386    32.6775       1175     4.8917  0.000e+00
      4.305    12.9591   3.848386    32.6775       1176     4.8958  0.000e+00
      4.278    12.9591   3.848412    32.6777       1177     4.9000  0.000e+00
      4.254    12.9593   3.848458    32.6780       1178     4.9042  0.000e+00
      4.230    12.9594   3.848458    32.6780       1179     4.9083  0.000e+00
      4.206    12.9594   3.848431    32.6777       1180     4.9125  0.000e+00
      4.181    12.9593   3.848458    32.6781       1181     4.9167  0.000e+00
      4.142    12.9593   3.848431    32.6778       1182     4.9208  0.000e+00
      4.121    12.9593   3.848438    32.6779       1183     4.9250  0.000e+00
      4.100    12.9593   3.848386    32.6774       1184     4.9292  0.000e+00
      4.085    12.9595   3.848412    32.6775       1185     4.9333  0.000e+00
      4.082    12.9591   3.848412    32.6778       1186     4.9375  0.000e+00
      4.070    12.9594   3.848412    32.6776       1187     4.9417  0.000e+00
      4.067    12.9594   3.848412    32.6776       1188     4.9458  0.000e+00
      4.061    12.9594   3.848366    32.6771       1189     4.9500  0.000e+00
      4.049    12.9594   3.848366    32.6771       1190     4.9542  0.000e+00
      4.040    12.9596   3.848385    32.6772       1191     4.9583  0.000e+00
      4.013    12.9595   3.848412    32.6775       1192     4.9625  0.000e+00
      3.967    12.9596   3.848340    32.6767       1193     4.9667  0.000e+00
      3.913    12.9597   3.848385    32.6771       1194     4.9708  0.000e+00
      3.853    12.9594   3.848313    32.6767       1195     4.9750  0.000e+00
      3.801    12.9595   3.848385    32.6773       1196     4.9792  0.000e+00
      3.765    12.9593   3.848339    32.6771       1197     4.9833  0.000e+00
      3.741    12.9594   3.848339    32.6771       1198     4.9875  0.000e+00
      3.735    12.9592   3.848359    32.6774       1199     4.9917  0.000e+00
      3.753    12.9592   3.848385    32.6776       1200     4.9958  0.000e+00
      3.765    12.9592   3.848366    32.6774       1201     5.0000  0.000e+00
      3.786    12.9591   3.848339    32.6772       1202     5.0042  0.000e+00
      3.807    12.9591   3.848339    32.6772       1203     5.0083  0.000e+00
      3.822    12.9591   3.848339    32.6773       1204     5.0125  0.000e+00
      3.844    12.9591   3.848366    32.6775       1205     5.0167  0.000e+00
      3.837    12.9589   3.848385    32.6778       1206     5.0208  0.000e+00
      3.819    12.9592   3.848359    32.6773       1207     5.0250  0.000e+00
      3.816    12.9594   3.848412    32.6777       1208     5.0292  0.000e+00
      3.798    12.9594   3.848412    32.6777       1209     5.0333  0.000e+00
      3.774    12.9594   3.848366    32.6773       1210     5.0375  0.000e+00
      3.744    12.9594   3.848359    32.6772       1211     5.0417  0.000e+00
      3.708    12.9592   3.848366    32.6775       1212     5.0458  0.000e+00
      3.666    12.9591   3.848339    32.6773       1213     5.0500  0.000e+00
      3.611    12.9590   3.848320    32.6772       1214     5.0542  0.000e+00
      3.560    12.9589   3.848359    32.6777       1215     5.0583  0.000e+00
      3.512    12.9588   3.848320    32.6774       1216     5.0625  0.000e+00
      3.460    12.9589   3.848339    32.6776       1217     5.0667  0.000e+00
      3.427    12.9589   3.848267    32.6769       1218     5.0708  0.000e+00
      3.391    12.9590   3.848293    32.6771       1219     5.0750  0.000e+00
      3.352    12.9590   3.848339    32.6775       1220     5.0792  0.000e+00
      3.315    12.9589   3.848339    32.6776       1221     5.0833  0.000e+00
      3.294    12.9590   3.848287    32.6771       1222     5.0875  0.000e+00
      3.276    12.9589   3.848339    32.6776       1223     5.0917  0.000e+00
      3.255    12.9589   3.848293    32.6772       1224     5.0958  0.000e+00
      3.231    12.9589   3.848320    32.6775       1225     5.1000  0.000e+00
      3.219    12.9588   3.848313    32.6775       1226     5.1042  0.000e+00
      3.207    12.9588   3.848293    32.6773       1227     5.1083  0.000e+00
      3.201    12.9591   3.848339    32.6775       1228     5.1125  0.000e+00
      3.201    12.9591   3.848320    32.6773       1229     5.1167  0.000e+00
      3.207    12.9589   3.848313    32.6774       1230     5.1208  0.000e+00
      3.237    12.9590   3.848274    32.6770       1231     5.1250  0.000e+00
      3.276    12.9589   3.848293    32.6772       1232     5.1292  0.000e+00
      3.315    12.9591   3.848339    32.6775       1233     5.1333  0.000e+00
      3.364    12.9591   3.848287    32.6770       1234     5.1375  0.000e+00
      3.406    12.9591   3.848339    32.6774       1235     5.1417  0.000e+00
      3.445    12.9592   3.848320    32.6771       1236     5.1458  0.000e+00
      3.478    12.9594   3.848366    32.6774       1237     5.1500  0.000e+00
      3.494    12.9594   3.848359    32.6774       1238     5.1542  0.000e+00
      3.478    12.9594   3.848339    32.6772       1239     5.1583  0.000e+00
      3.427    12.9595   3.848366    32.6773       1240     5.1625  0.000e+00
