HB2302/sbe066.cnv
* Sea-Bird SBE 19plus V2 Data File:
* FileName = C:\cruise\data\sbe066.hex
* Software Version Seasave V 7.26.7.121
* Temperature SN = 4758
* Conductivity SN = 4758
* System UpLoad Time = Jun 15 2023 02:22:26
* NMEA Latitude = 41 03.67 N
* NMEA Longitude = 070 20.90 W
* NMEA UTC (Time) = Jun 15 2023 02:22:27
** Cruise: HB2302
** Program: Ecomon
** Chief Scientist: Jerry Prezioso
# nquan = 7
# nvalues = 1273                                  
# units = specified
# name 0 = depSM: Depth [salt water, m]
# name 1 = tv290C: Temperature [ITS-90, deg C]
# name 2 = c0S/m: Conductivity [S/m]
# name 3 = sal00: Salinity, Practical [PSU]
# name 4 = scan: Scan Count
# name 5 = timeM: Time, Elapsed [minutes]
# name 6 = flag:  0.000e+00
# span 0 =     -0.217,     32.321                 
# span 1 =    11.4877,    15.9218                 
# span 2 =   0.000038,   3.874122                 
# span 3 =     0.0082,    32.0740                 
# span 4 =         11,       1283                 
# span 5 =     0.0417,     5.3417                 
# span 6 = 0.0000e+00, 0.0000e+00                 
# interval = seconds: 0.25
# start_time = Jun 15 2023 02:22:27 [NMEA time, header]
# bad_flag = -9.990e-29
*END*
[from data line 411]
     30.556    11.4944   3.636832    31.8988        422     1.7542  0.000e+00
     30.468    11.4942   3.636877    31.8994        423     1.7583  0.000e+00
     30.384    11.4945   3.636851    31.8989        424     1.7625  0.000e+00
     30.290    11.4945   3.636787    31.8984        425     1.7667  0.000e+00
     30.203    11.4942   3.636813    31.8988        426     1.7708  0.000e+00
     30.112    11.4942   3.636922    31.9000        427     1.7750  0.000e+00
     30.028    11.4946   3.636877    31.8992        428     1.7792  0.000e+00
     29.943    11.4952   3.636967    31.8996        429     1.7833  0.000e+00
     29.883    11.4958   3.636922    31.8987        430     1.7875  0.000e+00
     29.823    11.4961   3.636877    31.8980        431     1.7917  0.000e+00
     29.780    11.4960   3.636877    31.8982        432     1.7958  0.000e+00
     29.738    11.4956   3.636761    31.8973        433     1.8000  0.000e+00
     29.711    11.4949   3.636646    31.8969        434     1.8042  0.000e+00
     29.693    11.4934   3.636685    31.8986        435     1.8083  0.000e+00
     29.684    11.4929   3.636832    31.9004        436     1.8125  0.000e+00
     29.678    11.4934   3.636851    31.9001        437     1.8167  0.000e+00
     29.678    11.4942   3.636806    31.8990        438     1.8208  0.000e+00
     29.675    11.4946   3.636858    31.8992        439     1.8250  0.000e+00
     29.666    11.4950   3.636806    31.8983        440     1.8292  0.000e+00
     29.654    11.4949   3.636806    31.8985        441     1.8333  0.000e+00
     29.630    11.4947   3.636761    31.8982        442     1.8375  0.000e+00
     29.594    11.4943   3.636704    31.8980        443     1.8417  0.000e+00
     29.552    11.4935   3.636717    31.8988        444     1.8458  0.000e+00
     29.491    11.4931   3.636806    31.9000        445     1.8500  0.000e+00
     29.425    11.4938   3.636941    31.9008        446     1.8542  0.000e+00
     29.343    11.4949   3.636723    31.8977        447     1.8583  0.000e+00
     29.253    11.4949   3.636787    31.8984        448     1.8625  0.000e+00
     29.162    11.4946   3.636806    31.8989        449     1.8667  0.000e+00
     29.066    11.4950   3.636941    31.8999        450     1.8708  0.000e+00
     28.972    11.4959   3.636986    31.8996        451     1.8750  0.000e+00
     28.882    11.4971   3.636966    31.8985        452     1.8792  0.000e+00
     28.794    11.4977   3.637030    31.8986        453     1.8833  0.000e+00
     28.710    11.4984   3.637056    31.8983        454     1.8875  0.000e+00
     28.622    11.4989   3.637024    31.8976        455     1.8917  0.000e+00
     28.568    11.4991   3.637030    31.8975        456     1.8958  0.000e+00
     28.505    11.4992   3.637030    31.8974        457     1.9000  0.000e+00
     28.453    11.4994   3.637011    31.8970        458     1.9042  0.000e+00
     28.402    11.4993   3.636985    31.8969        459     1.9083  0.000e+00
     28.360    11.4990   3.636985    31.8972        460     1.9125  0.000e+00
     28.321    11.4989   3.637030    31.8977        461     1.9167  0.000e+00
     28.281    11.4991   3.637030    31.8975        462     1.9208  0.000e+00
     28.254    11.4993   3.637024    31.8973        463     1.9250  0.000e+00
     28.224    11.4993   3.637030    31.8974        464     1.9292  0.000e+00
     28.194    11.4995   3.637011    31.8971        465     1.9333  0.000e+00
     28.164    11.4994   3.637056    31.8976        466     1.9375  0.000e+00
     28.137    11.4996   3.637069    31.8976        467     1.9417  0.000e+00
     28.107    11.4996   3.637075    31.8977        468     1.9458  0.000e+00
     28.073    11.5002   3.637075    31.8972        469     1.9500  0.000e+00
     28.043    11.5005   3.637075    31.8969        470     1.9542  0.000e+00
     28.016    11.5007   3.637114    31.8971        471     1.9583  0.000e+00
     27.971    11.5009   3.637146    31.8973        472     1.9625  0.000e+00
     27.932    11.5012   3.637165    31.8972        473     1.9667  0.000e+00
     27.899    11.5018   3.637165    31.8968        474     1.9708  0.000e+00
     27.841    11.5018   3.637088    31.8960        475     1.9750  0.000e+00
     27.796    11.5016   3.637030    31.8957        476     1.9792  0.000e+00
     27.739    11.5011   3.637120    31.8969        477     1.9833  0.000e+00
     27.687    11.5013   3.637190    31.8974        478     1.9875  0.000e+00
     27.642    11.5018   3.637325    31.8984        479     1.9917  0.000e+00
     27.585    11.5033   3.637575    31.8995        480     1.9958  0.000e+00
     27.528    11.5058   3.637530    31.8970        481     2.0000  0.000e+00
     27.470    11.5074   3.637620    31.8965        482     2.0042  0.000e+00
     27.422    11.5087   3.637524    31.8945        483     2.0083  0.000e+00
     27.365    11.5091   3.637549    31.8944        484     2.0125  0.000e+00
     27.301    11.5091   3.637755    31.8964        485     2.0167  0.000e+00
     27.238    11.5109   3.637979    31.8971        486     2.0208  0.000e+00
     27.157    11.5139   3.638165    31.8964        487     2.0250  0.000e+00
     27.081    11.5166   3.638319    31.8956        488     2.0292  0.000e+00
     26.994    11.5193   3.638248    31.8926        489     2.0333  0.000e+00
     26.912    11.5205   3.638479    31.8938        490     2.0375  0.000e+00
     26.834    11.5229   3.638684    31.8938        491     2.0417  0.000e+00
     26.761    11.5254   3.638659    31.8914        492     2.0458  0.000e+00
     26.683    11.5266   3.638408    31.8879        493     2.0500  0.000e+00
     26.626    11.5261   3.638479    31.8891        494     2.0542  0.000e+00
     26.571    11.5255   3.638703    31.8919        495     2.0583  0.000e+00
     26.520    11.5269   3.638569    31.8894        496     2.0625  0.000e+00
     26.493    11.5270   3.638588    31.8895        497     2.0667  0.000e+00
     26.466    11.5269   3.638678    31.8904        498     2.0708  0.000e+00
     26.448    11.5283   3.639287    31.8952        499     2.0750  0.000e+00
     26.433    11.5327   3.639313    31.8917        500     2.0792  0.000e+00
     26.427    11.5361   3.638973    31.8854        501     2.0833  0.000e+00
     26.418    11.5361   3.639332    31.8889        502     2.0875  0.000e+00
     26.418    11.5373   3.639781    31.8922        503     2.0917  0.000e+00
     26.403    11.5416   3.639922    31.8899        504     2.0958  0.000e+00
     26.382    11.5457   3.640038    31.8875        505     2.1000  0.000e+00
     26.355    11.5490   3.640512    31.8893        506     2.1042  0.000e+00
     26.312    11.5539   3.640961    31.8895        507     2.1083  0.000e+00
     26.267    11.5603   3.641231    31.8866        508     2.1125  0.000e+00
     26.213    11.5661   3.641320    31.8826        509     2.1167  0.000e+00
     26.143    11.5699   3.641410    31.8801        510     2.1208  0.000e+00
     26.059    11.5729   3.641564    31.8791        511     2.1250  0.000e+00
     25.980    11.5752   3.641660    31.8781        512     2.1292  0.000e+00
     25.893    11.5773   3.641911    31.8788        513     2.1333  0.000e+00
     25.799    11.5802   3.642020    31.8774        514     2.1375  0.000e+00
     25.709    11.5828   3.642206    31.8770        515     2.1417  0.000e+00
     25.621    11.5858   3.642565    31.8779        516     2.1458  0.000e+00
     25.540    11.5898   3.642635    31.8753        517     2.1500  0.000e+00
     25.471    11.5931   3.642687    31.8729        518     2.1542  0.000e+00
     25.407    11.5954   3.642789    31.8719        519     2.1583  0.000e+00
     25.353    11.5971   3.642860    31.8712        520     2.1625  0.000e+00
     25.308    11.5985   3.643040    31.8718        521     2.1667  0.000e+00
     25.284    11.6006   3.643181    31.8713        522     2.1708  0.000e+00
     25.257    11.6028   3.643219    31.8698        523     2.1750  0.000e+00
     25.239    11.6048   3.643335    31.8692        524     2.1792  0.000e+00
     25.227    11.6066   3.643335    31.8678        525     2.1833  0.000e+00
     25.211    11.6078   3.643437    31.8677        526     2.1875  0.000e+00
     25.202    11.6089   3.643495    31.8673        527     2.1917  0.000e+00
     25.187    11.6100   3.643514    31.8665        528     2.1958  0.000e+00
     25.175    11.6106   3.643514    31.8660        529     2.2000  0.000e+00
     25.148    11.6110   3.643527    31.8658        530     2.2042  0.000e+00
     25.115    11.6113   3.642994    31.8604        531     2.2083  0.000e+00
     25.085    11.6115   3.643694    31.8670        532     2.2125  0.000e+00
     25.046    11.6128   3.643944    31.8683        533     2.2167  0.000e+00
     25.001    11.6156   3.644169    31.8682        534     2.2208  0.000e+00
     24.955    11.6193   3.644419    31.8675        535     2.2250  0.000e+00
     24.895    11.6229   3.644535    31.8655        536     2.2292  0.000e+00
     24.841    11.6260   3.644624    31.8637        537     2.2333  0.000e+00
     24.774    11.6283   3.644740    31.8629        538     2.2375  0.000e+00
     24.717    11.6309   3.645189    31.8651        539     2.2417  0.000e+00
     24.654    11.6351   3.645664    31.8661        540     2.2458  0.000e+00
     24.584    11.6409   3.645786    31.8623        541     2.2500  0.000e+00
     24.524    11.6456   3.645889    31.8593        542     2.2542  0.000e+00
     24.467    11.6487   3.645914    31.8569        543     2.2583  0.000e+00
     24.400    11.6504   3.645959    31.8559        544     2.2625  0.000e+00
     24.343    11.6514   3.646178    31.8572        545     2.2667  0.000e+00
     24.295    11.6536   3.646524    31.8587        546     2.2708  0.000e+00
     24.235    11.6576   3.646935    31.8593        547     2.2750  0.000e+00
     24.195    11.6630   3.647057    31.8558        548     2.2792  0.000e+00
     24.147    11.6675   3.647339    31.8548        549     2.2833  0.000e+00
     24.111    11.6717   3.647455    31.8523        550     2.2875  0.000e+00
     24.066    11.6747   3.647859    31.8536        551     2.2917  0.000e+00
     24.017    11.6792   3.648225    31.8533        552     2.2958  0.000e+00
     23.981    11.6843   3.648379    31.8505        553     2.3000  0.000e+00
     23.939    11.6886   3.648450    31.8475        554     2.3042  0.000e+00
     23.900    11.6914   3.648540    31.8460        555     2.3083  0.000e+00
     23.849    11.6937   3.648655    31.8452        556     2.3125  0.000e+00
     23.809    11.6954   3.648809    31.8452        557     2.3167  0.000e+00
     23.767    11.6975   3.648996    31.8453        558     2.3208  0.000e+00
     23.725    11.7001   3.649278    31.8458        559     2.3250  0.000e+00
     23.686    11.7038   3.649561    31.8454        560     2.3292  0.000e+00
     23.643    11.7076   3.649625    31.8427        561     2.3333  0.000e+00
     23.598    11.7106   3.649785    31.8418        562     2.3375  0.000e+00
     23.565    11.7132   3.649817    31.8399        563     2.3417  0.000e+00
     23.523    11.7150   3.649856    31.8387        564     2.3458  0.000e+00
     23.481    11.7161   3.649901    31.8382        565     2.3500  0.000e+00
     23.444    11.7170   3.649991    31.8383        566     2.3542  0.000e+00
     23.408    11.7180   3.650081    31.8383        567     2.3583  0.000e+00
     23.372    11.7191   3.650171    31.8383        568     2.3625  0.000e+00
     23.327    11.7204   3.650260    31.8381        569     2.3667  0.000e+00
     23.285    11.7217   3.650337    31.8377        570     2.3708  0.000e+00
     23.242    11.7232   3.650376    31.8368        571     2.3750  0.000e+00
     23.194    11.7245   3.650447    31.8364        572     2.3792  0.000e+00
     23.152    11.7255   3.650556    31.8366        573     2.3833  0.000e+00
     23.101    11.7268   3.650703    31.8370        574     2.3875  0.000e+00
     23.052    11.7286   3.650851    31.8369        575     2.3917  0.000e+00
     23.001    11.7308   3.651012    31.8366        576     2.3958  0.000e+00
     22.956    11.7330   3.651050    31.8351        577     2.4000  0.000e+00
     22.899    11.7352   3.651172    31.8344        578     2.4042  0.000e+00
     22.844    11.7365   3.651191    31.8335        579     2.4083  0.000e+00
     22.805    11.7377   3.651191    31.8325        580     2.4125  0.000e+00
     22.754    11.7381   3.651179    31.8321        581     2.4167  0.000e+00
     22.709    11.7382   3.651191    31.8321        582     2.4208  0.000e+00
     22.664    11.7384   3.651307    31.8331        583     2.4250  0.000e+00
     22.612    11.7392   3.651397    31.8333        584     2.4292  0.000e+00
     22.555    11.7405   3.651461    31.8328        585     2.4333  0.000e+00
     22.507    11.7416   3.651602    31.8332        586     2.4375  0.000e+00
     22.449    11.7429   3.651737    31.8334        587     2.4417  0.000e+00
     22.389    11.7447   3.651782    31.8323        588     2.4458  0.000e+00
     22.335    11.7466   3.651962    31.8325        589     2.4500  0.000e+00
     22.277    11.7484   3.652097    31.8324        590     2.4542  0.000e+00
     22.223    11.7508   3.652238    31.8317        591     2.4583  0.000e+00
     22.181    11.7532   3.652302    31.8302        592     2.4625  0.000e+00
     22.127    11.7548   3.652347    31.8293        593     2.4667  0.000e+00
     22.084    11.7563   3.652527    31.8298        594     2.4708  0.000e+00
     22.033    11.7579   3.652713    31.8302        595     2.4750  0.000e+00
     21.991    11.7602   3.652733    31.8285        596     2.4792  0.000e+00
     21.955    11.7618   3.652758    31.8273        597     2.4833  0.000e+00
     21.904    11.7628   3.652823    31.8272        598     2.4875  0.000e+00
     21.864    11.7636   3.652938    31.8276        599     2.4917  0.000e+00
     21.828    11.7649   3.653144    31.8285        600     2.4958  0.000e+00
     21.789    11.7670   3.653144    31.8267        601     2.5000  0.000e+00
     21.753    11.7689   3.653169    31.8254        602     2.5042  0.000e+00
     21.723    11.7695   3.653163    31.8248        603     2.5083  0.000e+00
     21.683    11.7700   3.653073    31.8235        604     2.5125  0.000e+00
     21.653    11.7700   3.653124    31.8241        605     2.5167  0.000e+00
     21.623    11.7700   3.653208    31.8248        606     2.5208  0.000e+00
     21.590    11.7705   3.653253    31.8248        607     2.5250  0.000e+00
     21.560    11.7711   3.652848    31.8205        608     2.5292  0.000e+00
     21.530    11.7719   3.653362    31.8247        609     2.5333  0.000e+00
     21.497    11.7726   3.653368    31.8242        610     2.5375  0.000e+00
     21.460    11.7730   3.653413    31.8244        611     2.5417  0.000e+00
     21.412    11.7735   3.653445    31.8242        612     2.5458  0.000e+00
     21.376    11.7741   3.653439    31.8237        613     2.5500  0.000e+00
     21.328    11.7742   3.653458    31.8238        614     2.5542  0.000e+00
     21.264    11.7746   3.653439    31.8233        615     2.5583  0.000e+00
     21.198    11.7746   3.653445    31.8234        616     2.5625  0.000e+00
     21.126    11.7746   3.653439    31.8233        617     2.5667  0.000e+00
     21.062    11.7745   3.653439    31.8235        618     2.5708  0.000e+00
     20.990    11.7744   3.653426    31.8234        619     2.5750  0.000e+00
     20.909    11.7743   3.653439    31.8237        620     2.5792  0.000e+00
     20.842    11.7746   3.653548    31.8245        621     2.5833  0.000e+00
     20.776    11.7752   3.653574    31.8242        622     2.5875  0.000e+00
     20.706    11.7757   3.653580    31.8239        623     2.5917  0.000e+00
     20.658    11.7764   3.653593    31.8235        624     2.5958  0.000e+00
     20.610    11.7766   3.653709    31.8244        625     2.6000  0.000e+00
