HB2302/sbe026.cnv
* Sea-Bird SBE 19plus V2 Data File:
* FileName = C:\cruise\data\sbe026.hex
* Software Version Seasave V 7.26.7.121
* Temperature SN = 4758
* Conductivity SN = 4758
* System UpLoad Time = Jun 11 2023 07:07:22
* NMEA Latitude = 37 42.86 N
* NMEA Longitude = 074 15.26 W
* NMEA UTC (Time) = Jun 11 2023 07:07:23
** Cruise: HB2302
** Program: Ecomon
** Chief Scientist: Jerry Prezioso
# nquan = 7
# nvalues = 2442                                  
# units = specified
# name 0 = depSM: Depth [salt water, m]
# name 1 = tv290C: Temperature [ITS-90, deg C]
# name 2 = c0S/m: Conductivity [S/m]
# name 3 = sal00: Salinity, Practical [PSU]
# name 4 = scan: Scan Count
# name 5 = timeM: Time, Elapsed [minutes]
# name 6 = flag:  0.000e+00
# span 0 =     -0.105,    101.237                 
# span 1 =     7.6474,    19.7314                 
# span 2 =   0.000056,   4.810308                 
# span 3 =     0.0094,    35.4272                 
# span 4 =         11,       2452                 
# span 5 =     0.0417,    10.2125                 
# span 6 = 0.0000e+00, 0.0000e+00                 
# interval = seconds: 0.25
# start_time = Jun 11 2023 07:07:23 [NMEA time, header]
# bad_flag = -9.990e-29
*END*
     -0.102    18.7758   0.000065     0.0094         11     0.0417  0.000e+00
     -0.099    18.7755   0.000068     0.0094         12     0.0458  0.000e+00
     -0.102    18.7750   0.000065     0.0094         13     0.0500  0.000e+00
     -0.105    18.7750   0.000068     0.0094         14     0.0542  0.000e+00
     -0.102    18.7750   0.000074     0.0094         15     0.0583  0.000e+00
     -0.096    18.7744   0.000065     0.0094         16     0.0625  0.000e+00
     -0.102    18.7740   0.000068     0.0094         17     0.0667  0.000e+00
     -0.102    18.7740   0.000071     0.0094         18     0.0708  0.000e+00
     -0.102    18.7738   0.000068     0.0094         19     0.0750  0.000e+00
     -0.102    18.7738   0.000074     0.0094         20     0.0792  0.000e+00
     -0.102    18.7734   0.000074     0.0094         21     0.0833  0.000e+00
     -0.099    18.7732   0.000068     0.0094         22     0.0875  0.000e+00
     -0.099    18.7737   0.000071     0.0094         23     0.0917  0.000e+00
     -0.096    18.7739   0.000074     0.0094         24     0.0958  0.000e+00
     -0.102    18.7733   0.000071     0.0094         25     0.1000  0.000e+00
     -0.102    18.7731   0.000068     0.0094         26     0.1042  0.000e+00
     -0.105    18.7726   0.000068     0.0094         27     0.1083  0.000e+00
     -0.102    18.7725   0.000071     0.0094         28     0.1125  0.000e+00
     -0.099    18.7723   0.000068     0.0094         29     0.1167  0.000e+00
     -0.096    18.7721   0.000065     0.0094         30     0.1208  0.000e+00
     -0.102    18.7717   0.000068     0.0094         31     0.1250  0.000e+00
     -0.096    18.7719   0.000065     0.0094         32     0.1292  0.000e+00
     -0.102    18.7721   0.000068     0.0094         33     0.1333  0.000e+00
     -0.096    18.7715   0.000056     0.0094         34     0.1375  0.000e+00
     -0.096    18.7712   0.000074     0.0094         35     0.1417  0.000e+00
     -0.096    18.7709   0.000074     0.0094         36     0.1458  0.000e+00
     -0.099    18.7709   0.000065     0.0094         37     0.1500  0.000e+00
     -0.102    18.7708   0.000068     0.0094         38     0.1542  0.000e+00
     -0.105    18.7702   0.000068     0.0094         39     0.1583  0.000e+00
     -0.099    18.7699   0.000071     0.0094         40     0.1625  0.000e+00
     -0.102    18.7695   0.000068     0.0094         41     0.1667  0.000e+00
     -0.099    18.7696   0.000071     0.0094         42     0.1708  0.000e+00
     -0.099    18.7693   0.000074     0.0094         43     0.1750  0.000e+00
     -0.102    18.7693   0.000071     0.0094         44     0.1792  0.000e+00
     -0.096    18.7686   0.000068     0.0094         45     0.1833  0.000e+00
     -0.102    18.7683   0.000068     0.0094         46     0.1875  0.000e+00
     -0.099    18.7687   0.000071     0.0094         47     0.1917  0.000e+00
     -0.099    18.7686   0.000074     0.0094         48     0.1958  0.000e+00
     -0.102    18.7676   0.000074     0.0094         49     0.2000  0.000e+00
     -0.099    18.7676   0.000068     0.0094         50     0.2042  0.000e+00
     -0.099    18.7673   0.000071     0.0094         51     0.2083  0.000e+00
     -0.102    18.7676   0.000068     0.0094         52     0.2125  0.000e+00
     -0.102    18.7674   0.000068     0.0094         53     0.2167  0.000e+00
     -0.102    18.7667   0.000065     0.0094         54     0.2208  0.000e+00
     -0.096    18.7671   0.000074     0.0094         55     0.2250  0.000e+00
     -0.096    18.7661   0.000074     0.0094         56     0.2292  0.000e+00
     -0.096    18.7658   0.000068     0.0094         57     0.2333  0.000e+00
     -0.099    18.7659   0.000068     0.0094         58     0.2375  0.000e+00
     -0.093    18.7673   0.000071     0.0094         59     0.2417  0.000e+00
     -0.099    18.7671   0.000068     0.0094         60     0.2458  0.000e+00
     -0.102    18.7649   0.000059     0.0094         61     0.2500  0.000e+00
     -0.099    18.7644   0.000068     0.0094         62     0.2542  0.000e+00
     -0.096    18.7642   0.000071     0.0094         63     0.2583  0.000e+00
     -0.096    18.7639   0.000068     0.0094         64     0.2625  0.000e+00
     -0.093    18.7639   0.000068     0.0094         65     0.2667  0.000e+00
     -0.102    18.7640   0.000074     0.0094         66     0.2708  0.000e+00
     -0.099    18.7634   0.000068     0.0094         67     0.2750  0.000e+00
     -0.090    18.7631   0.000071     0.0094         68     0.2792  0.000e+00
     -0.096    18.7634   0.000074     0.0094         69     0.2833  0.000e+00
     -0.090    18.7637   0.000071     0.0094         70     0.2875  0.000e+00
     -0.099    18.7640   0.000074     0.0094         71     0.2917  0.000e+00
     -0.093    18.7640   0.000068     0.0094         72     0.2958  0.000e+00
     -0.102    18.7634   0.000074     0.0094         73     0.3000  0.000e+00
     -0.096    18.7631   0.000074     0.0094         74     0.3042  0.000e+00
     -0.099    18.7632   0.000071     0.0094         75     0.3083  0.000e+00
     -0.096    18.7630   0.000074     0.0094         76     0.3125  0.000e+00
     -0.096    18.7626   0.000068     0.0094         77     0.3167  0.000e+00
     -0.096    18.7626   0.000071     0.0094         78     0.3208  0.000e+00
     -0.099    18.7625   0.000068     0.0094         79     0.3250  0.000e+00
     -0.090    18.7621   0.000071     0.0094         80     0.3292  0.000e+00
     -0.099    18.7618   0.000074     0.0094         81     0.3333  0.000e+00
     -0.090    18.7613   0.000074     0.0094         82     0.3375  0.000e+00
     -0.093    18.7607   0.000068     0.0094         83     0.3417  0.000e+00
     -0.093    18.7601   0.000074     0.0094         84     0.3458  0.000e+00
     -0.096    18.7599   0.000071     0.0094         85     0.3500  0.000e+00
     -0.099    18.7592   0.000068     0.0094         86     0.3542  0.000e+00
     -0.087    18.7576   0.000071     0.0094         87     0.3583  0.000e+00
     -0.096    18.7573   0.000074     0.0094         88     0.3625  0.000e+00
     -0.096    18.7589   0.000074     0.0094         89     0.3667  0.000e+00
     -0.096    18.7652   0.000074     0.0094         90     0.3708  0.000e+00
      0.031    18.7763   0.000056     0.0094         91     0.3750  0.000e+00
      0.237    18.7900   2.827770    20.0655         92     0.3792  0.000e+00
      0.442    18.7643   4.538014    33.9199         93     0.3833  0.000e+00
      0.645    18.5630   4.513163    33.8769         94     0.3875  0.000e+00
      0.835    18.3297   4.513832    34.0752         95     0.3917  0.000e+00
      1.023    18.1568   4.508225    34.1717         96     0.3958  0.000e+00
      1.186    18.0485   4.507295    34.2543         97     0.4000  0.000e+00
      1.328    17.9872   4.507513    34.3077         98     0.4042  0.000e+00
      1.455    17.9564   4.507535    34.3337         99     0.4083  0.000e+00
      1.567    17.9360   4.510119    34.3728        100     0.4125  0.000e+00
      1.684    17.9250   4.403272    33.4717        101     0.4167  0.000e+00
      1.808    17.9214   2.783531    20.1390        102     0.4208  0.000e+00
      1.950    17.9356   3.378523    24.9253        103     0.4250  0.000e+00
      2.095    18.0100   3.923008    29.3647        104     0.4292  0.000e+00
      2.259    18.0805   3.833348    28.5702        105     0.4333  0.000e+00
      2.428    18.1193   4.327624    32.6735        106     0.4375  0.000e+00
      2.618    18.1607   4.537897    34.4198        107     0.4417  0.000e+00
      2.806    18.2012   4.539610    34.4003        108     0.4458  0.000e+00
      2.984    18.2152   4.537735    34.3725        109     0.4500  0.000e+00
      3.159    18.2094   4.534022    34.3458        110     0.4542  0.000e+00
      3.325    18.1844   4.530191    34.3342        111     0.4583  0.000e+00
      3.489    18.1437   4.525113    34.3252        112     0.4625  0.000e+00
      3.652    18.1008   4.522197    34.3364        113     0.4667  0.000e+00
      3.812    18.0613   4.521539    34.3639        114     0.4708  0.000e+00
      3.969    18.0289   4.521063    34.3870        115     0.4750  0.000e+00
      4.123    18.0034   4.518098    34.3832        116     0.4792  0.000e+00
      4.283    17.9828   4.512207    34.3502        117     0.4833  0.000e+00
      4.441    17.9651   4.506661    34.3178        118     0.4875  0.000e+00
      4.589    17.9471   4.503792    34.3084        119     0.4917  0.000e+00
      4.731    17.9327   4.502840    34.3123        120     0.4958  0.000e+00
      4.876    17.9217   4.503239    34.3250        121     0.5000  0.000e+00
      5.021    17.9121   4.504457    34.3433        122     0.5042  0.000e+00
      5.166    17.9059   4.506347    34.3647        123     0.5083  0.000e+00
      5.317    17.9025   4.508525    34.3861        124     0.5125  0.000e+00
      5.468    17.9025   4.510808    34.4055        125     0.5167  0.000e+00
      5.613    17.9035   4.511851    34.4135        126     0.5208  0.000e+00
      5.764    17.9044   4.513791    34.4293        127     0.5250  0.000e+00
      5.924    17.9050   4.515228    34.4410        128     0.5292  0.000e+00
      6.082    17.9058   4.514506    34.4341        129     0.5333  0.000e+00
      6.239    17.9058   4.511725    34.4103        130     0.5375  0.000e+00
      6.399    17.9053   4.509800    34.3942        131     0.5417  0.000e+00
      6.556    17.9075   4.509323    34.3883        132     0.5458  0.000e+00
      6.716    17.9179   4.509533    34.3812        133     0.5500  0.000e+00
      6.889    17.9343   4.509799    34.3696        134     0.5542  0.000e+00
      7.049    17.9493   4.509995    34.3585        135     0.5583  0.000e+00
      7.215    17.9752   4.510464    34.3407        136     0.5625  0.000e+00
      7.381    18.0112   4.511073    34.3155        137     0.5667  0.000e+00
      7.544    18.0618   4.514589    34.3029        138     0.5708  0.000e+00
      7.717    18.1257   4.523678    34.3265        139     0.5750  0.000e+00
      7.874    18.2014   4.537386    34.3793        140     0.5792  0.000e+00
      8.031    18.2936   4.552771    34.4323        141     0.5833  0.000e+00
      8.188    18.3691   4.567607    34.4944        142     0.5875  0.000e+00
      8.339    18.4445   4.579222    34.5292        143     0.5917  0.000e+00
      8.490    18.5081   4.587434    34.5451        144     0.5958  0.000e+00
      8.638    18.5779   4.595844    34.5573        145     0.6000  0.000e+00
      8.780    18.6274   4.600192    34.5524        146     0.6042  0.000e+00
      8.919    18.6712   4.601936    34.5303        147     0.6083  0.000e+00
      9.064    18.7007   4.602804    34.5128        148     0.6125  0.000e+00
      9.216    18.7217   4.602196    34.4901        149     0.6167  0.000e+00
      9.358    18.7330   4.600409    34.4656        150     0.6208  0.000e+00
      9.512    18.7362   4.597494    34.4384        151     0.6250  0.000e+00
      9.678    18.7334   4.595764    34.4262        152     0.6292  0.000e+00
      9.835    18.7292   4.598772    34.4548        153     0.6333  0.000e+00
      9.998    18.7286   4.603870    34.4981        154     0.6375  0.000e+00
     10.149    18.7398   4.607332    34.5178        155     0.6417  0.000e+00
     10.319    18.7735   4.618006    34.5791        156     0.6458  0.000e+00
     10.464    18.8279   4.629618    34.6309        157     0.6500  0.000e+00
     10.618    18.8947   4.643701    34.6929        158     0.6542  0.000e+00
     10.766    18.9566   4.655155    34.7367        159     0.6583  0.000e+00
     10.911    19.0108   4.663155    34.7581        160     0.6625  0.000e+00
     11.053    19.0555   4.668006    34.7611        161     0.6667  0.000e+00
     11.186    19.0977   4.669838    34.7410        162     0.6708  0.000e+00
     11.319    19.1281   4.671053    34.7256        163     0.6750  0.000e+00
     11.452    19.1495   4.671749    34.7134        164     0.6792  0.000e+00
     11.588    19.1654   4.667734    34.6667        165     0.6833  0.000e+00
     11.736    19.1728   4.658389    34.5827        166     0.6875  0.000e+00
     11.884    19.1722   4.666861    34.6536        167     0.6917  0.000e+00
     12.029    19.1710   4.670726    34.6868        168     0.6958  0.000e+00
     12.174    19.1762   4.681690    34.7736        169     0.7000  0.000e+00
     12.319    19.1926   4.692358    34.8487        170     0.7042  0.000e+00
     12.470    19.2182   4.698647    34.8795        171     0.7083  0.000e+00
     12.631    19.2414   4.701261    34.8817        172     0.7125  0.000e+00
     12.785    19.2597   4.702095    34.8733        173     0.7167  0.000e+00
     12.936    19.2742   4.705302    34.8877        174     0.7208  0.000e+00
     13.090    19.2882   4.709466    34.9106        175     0.7250  0.000e+00
     13.244    19.3017   4.712283    34.9226        176     0.7292  0.000e+00
     13.389    19.3165   4.710771    34.8975        177     0.7333  0.000e+00
     13.528    19.3239   4.701104    34.8110        178     0.7375  0.000e+00
     13.673    19.3210   4.690455    34.7250        179     0.7417  0.000e+00
     13.803    19.3170   4.682734    34.6642        180     0.7458  0.000e+00
     13.939    19.3157   4.674854    34.5998        181     0.7500  0.000e+00
     14.078    19.3162   4.667286    34.5365        182     0.7542  0.000e+00
     14.217    19.3171   4.672040    34.5752        183     0.7583  0.000e+00
     14.353    19.3166   4.694757    34.7641        184     0.7625  0.000e+00
     14.489    19.3175   4.704318    34.8427        185     0.7667  0.000e+00
     14.628    19.3210   4.714002    34.9202        186     0.7708  0.000e+00
     14.773    19.3370   4.721417    34.9683        187     0.7750  0.000e+00
     14.924    19.3628   4.727558    34.9976        188     0.7792  0.000e+00
     15.063    19.3869   4.731959    35.0138        189     0.7833  0.000e+00
     15.208    19.4069   4.734603    35.0189        190     0.7875  0.000e+00
     15.350    19.4222   4.736554    35.0222        191     0.7917  0.000e+00
     15.501    19.4364   4.737333    35.0167        192     0.7958  0.000e+00
     15.646    19.4452   4.733845    34.9803        193     0.8000  0.000e+00
     15.807    19.4460   4.710071    34.7826        194     0.8042  0.000e+00
     15.955    19.4469   4.691480    34.6279        195     0.8083  0.000e+00
     16.115    19.4496   4.682705    34.5530        196     0.8125  0.000e+00
     16.281    19.4518   4.680983    34.5368        197     0.8167  0.000e+00
     16.438    19.4522   4.678657    34.5172        198     0.8208  0.000e+00
     16.601    19.4489   4.677335    34.5090        199     0.8250  0.000e+00
     16.762    19.4399   4.678444    34.5255        200     0.8292  0.000e+00
     16.931    19.4282   4.685686    34.5951        201     0.8333  0.000e+00
     17.082    19.4212   4.693944    34.6692        202     0.8375  0.000e+00
     17.245    19.4203   4.705202    34.7632        203     0.8417  0.000e+00
     17.393    19.4228   4.718269    34.8693        204     0.8458  0.000e+00
     17.544    19.4284   4.722745    34.9016        205     0.8500  0.000e+00
     17.692    19.4377   4.727480    34.9330        206     0.8542  0.000e+00
     17.822    19.4519   4.733117    34.9678        207     0.8583  0.000e+00
     17.958    19.4704   4.737248    34.9865        208     0.8625  0.000e+00
     18.082    19.4946   4.738420    34.9759        209     0.8667  0.000e+00
     18.209    19.5115   4.737791    34.9564        210     0.8708  0.000e+00
     18.333    19.5200   4.735846    34.9332        211     0.8750  0.000e+00
     18.451    19.5212   4.727586    34.8638        212     0.8792  0.000e+00
     18.575    19.5160   4.723280    34.8325        213     0.8833  0.000e+00
     18.693    19.5106   4.717812    34.7918        214     0.8875  0.000e+00
     18.826    19.5086   4.709650    34.7259        215     0.8917  0.000e+00
