HB2302/sbe018.cnv
* Sea-Bird SBE 19plus V2 Data File:
* FileName = C:\cruise\data\sbe018.hex
* Software Version Seasave V 7.26.7.121
* Temperature SN = 4758
* Conductivity SN = 4758
* System UpLoad Time = Jun 10 2023 15:03:05
* NMEA Latitude = 39 00.90 N
* NMEA Longitude = 072 34.61 W
* NMEA UTC (Time) = Jun 10 2023 15:03:07
** Cruise: HB2302
** Program: Ecomon
** Chief Scientist: Jerry Prezioso
# nquan = 7
# nvalues = 5719                                  
# units = specified
# name 0 = depSM: Depth [salt water, m]
# name 1 = tv290C: Temperature [ITS-90, deg C]
# name 2 = c0S/m: Conductivity [S/m]
# name 3 = sal00: Salinity, Practical [PSU]
# name 4 = scan: Scan Count
# name 5 = timeM: Time, Elapsed [minutes]
# name 6 = flag:  0.000e+00
# span 0 =     -0.147,    200.423                 
# span 1 =    11.6360,    15.8991                 
# span 2 =   0.000056,   4.332394                 
# span 3 =     0.0080,    35.8083                 
# span 4 =         11,       5729                 
# span 5 =     0.0417,    23.8667                 
# span 6 = 0.0000e+00, 0.0000e+00                 
# interval = seconds: 0.25
# start_time = Jun 10 2023 15:03:07 [NMEA time, header]
# bad_flag = -9.990e-29
*END*
[from data line 5539]
      3.739    14.9473   4.144167    33.7013       5550    23.1208  0.000e+00
      3.699    14.9507   4.144897    33.7050       5551    23.1250  0.000e+00
      3.660    14.9556   4.145005    33.7018       5552    23.1292  0.000e+00
      3.609    14.9588   4.144951    33.6986       5553    23.1333  0.000e+00
      3.567    14.9599   4.143037    33.6803       5554    23.1375  0.000e+00
      3.527    14.9540   4.142665    33.6820       5555    23.1417  0.000e+00
      3.500    14.9480   4.143693    33.6965       5556    23.1458  0.000e+00
      3.488    14.9483   4.144356    33.7023       5557    23.1500  0.000e+00
      3.464    14.9519   4.145174    33.7066       5558    23.1542  0.000e+00
      3.443    14.9570   4.143064    33.6831       5559    23.1583  0.000e+00
      3.422    14.9535   4.143037    33.6858       5560    23.1625  0.000e+00
      3.385    14.9483   4.142659    33.6870       5561    23.1667  0.000e+00
      3.343    14.9444   4.142490    33.6888       5562    23.1708  0.000e+00
      3.282    14.9418   4.142361    33.6899       5563    23.1750  0.000e+00
      3.219    14.9392   4.140502    33.6753       5564    23.1792  0.000e+00
      3.147    14.9322   4.142213    33.6969       5565    23.1833  0.000e+00
      3.074    14.9325   4.142273    33.6972       5566    23.1875  0.000e+00
      3.007    14.9347   4.141983    33.6927       5567    23.1917  0.000e+00
      2.959    14.9345   4.141733    33.6906       5568    23.1958  0.000e+00
      2.917    14.9337   4.141482    33.6890       5569    23.2000  0.000e+00
      2.881    14.9316   4.141057    33.6870       5570    23.2042  0.000e+00
      2.853    14.9291   4.141246    33.6909       5571    23.2083  0.000e+00
      2.829    14.9280   4.141334    33.6926       5572    23.2125  0.000e+00
      2.811    14.9280   4.141145    33.6909       5573    23.2167  0.000e+00
      2.775    14.9281   4.141158    33.6910       5574    23.2208  0.000e+00
      2.751    14.9278   4.141280    33.6923       5575    23.2250  0.000e+00
      2.732    14.9282   4.141341    33.6925       5576    23.2292  0.000e+00
      2.699    14.9287   4.141307    33.6918       5577    23.2333  0.000e+00
      2.675    14.9290   4.141624    33.6945       5578    23.2375  0.000e+00
      2.648    14.9305   4.141509    33.6922       5579    23.2417  0.000e+00
      2.630    14.9322   4.142740    33.7018       5580    23.2458  0.000e+00
      2.578    14.9364   4.142922    33.6999       5581    23.2500  0.000e+00
      2.506    14.9403   4.141962    33.6878       5582    23.2542  0.000e+00
      2.409    14.9398   4.145917    33.7243       5583    23.2583  0.000e+00
      2.322    14.9509   4.146154    33.7168       5584    23.2625  0.000e+00
      2.258    14.9640   4.146735    33.7108       5585    23.2667  0.000e+00
      2.219    14.9715   4.146181    33.6994       5586    23.2708  0.000e+00
      2.195    14.9737   4.145275    33.6892       5587    23.2750  0.000e+00
      2.180    14.9710   4.143618    33.6765       5588    23.2792  0.000e+00
      2.186    14.9612   4.142841    33.6779       5589    23.2833  0.000e+00
      2.186    14.9496   4.139880    33.6610       5590    23.2875  0.000e+00
      2.189    14.9368   4.140779    33.6803       5591    23.2917  0.000e+00
      2.182    14.9291   4.138671    33.6678       5592    23.2958  0.000e+00
      2.149    14.9191   4.139590    33.6848       5593    23.3000  0.000e+00
      2.086    14.9131   4.138069    33.6762       5594    23.3042  0.000e+00
      1.992    14.9078   4.141030    33.7077       5595    23.3083  0.000e+00
      1.871    14.9135   4.142010    33.7117       5596    23.3125  0.000e+00
      1.729    14.9233   4.141340    33.6972       5597    23.3167  0.000e+00
      1.633    14.9288   4.145877    33.7337       5598    23.3208  0.000e+00
      1.557    14.9459   4.146282    33.7226       5599    23.3250  0.000e+00
      1.503    14.9617   4.145464    33.7016       5600    23.3292  0.000e+00
      1.485    14.9677   4.145951    33.7008       5601    23.3333  0.000e+00
      1.503    14.9702   4.145775    33.6970       5602    23.3375  0.000e+00
      1.515    14.9716   4.143942    33.6792       5603    23.3417  0.000e+00
      1.524    14.9665   4.144307    33.6869       5604    23.3458  0.000e+00
      1.548    14.9614   4.143016    33.6795       5605    23.3500  0.000e+00
      1.539    14.9551   4.141833    33.6743       5606    23.3542  0.000e+00
      1.515    14.9459   4.140238    33.6678       5607    23.3583  0.000e+00
      1.433    14.9347   4.138995    33.6662       5608    23.3625  0.000e+00
      1.315    14.9228   4.138535    33.6723       5609    23.3667  0.000e+00
      1.198    14.9142   4.137265    33.6682       5610    23.3708  0.000e+00
      1.083    14.9055   4.137792    33.6806       5611    23.3750  0.000e+00
      1.010    14.9027   4.138941    33.6935       5612    23.3792  0.000e+00
      0.980    14.9064   4.140982    33.7089       5613    23.3833  0.000e+00
      0.932    14.9151   4.139137    33.6846       5614    23.3875  0.000e+00
      0.896    14.9163   4.139603    33.6878       5615    23.3917  0.000e+00
      0.908    14.9153   4.139772    33.6902       5616    23.3958  0.000e+00
      0.938    14.9175   4.141671    33.7056       5617    23.4000  0.000e+00
      0.962    14.9263   4.141482    33.6962       5618    23.4042  0.000e+00
      0.962    14.9305   4.139400    33.6737       5619    23.4083  0.000e+00
      0.926    14.9248   4.142861    33.7101       5620    23.4125  0.000e+00
      0.877    14.9308   4.139447    33.6738       5621    23.4167  0.000e+00
      0.790    14.9278   4.144368    33.7212       5622    23.4208  0.000e+00
      0.684    14.9402   4.142915    33.6973       5623    23.4250  0.000e+00
      0.624    14.9477   4.145125    33.7109       5624    23.4292  0.000e+00
      0.572    14.9545   4.145247    33.7062       5625    23.4333  0.000e+00
      0.488    14.9613   4.144645    33.6949       5626    23.4375  0.000e+00
      0.397    14.9646   4.148040    33.7229       5627    23.4417  0.000e+00
      0.376    14.9771   4.148243    33.7139       5628    23.4458  0.000e+00
      0.397    14.9869   4.145050    33.6765       5629    23.4500  0.000e+00
      0.361    14.9802   4.140981    33.6453       5630    23.4542  0.000e+00
      0.303    14.9567   4.140163    33.6582       5631    23.4583  0.000e+00
      0.361    14.9394   4.140650    33.6776       5632    23.4625  0.000e+00
      0.430    14.9299   4.138846    33.6693       5633    23.4667  0.000e+00
      0.442    14.9198   4.141177    33.6993       5634    23.4708  0.000e+00
      0.421    14.9238   4.143138    33.7136       5635    23.4750  0.000e+00
      0.324    14.9350   4.142658    33.6996       5636    23.4792  0.000e+00
      0.197    14.9412   4.142989    33.6973       5637    23.4833  0.000e+00
      0.143    14.9464   4.143881    33.7009       5638    23.4875  0.000e+00
      0.128    14.9490   4.139974    33.6632       5639    23.4917  0.000e+00
      0.107    14.9362   4.137339    33.6504       5640    23.4958  0.000e+00
      0.067    14.9211   4.145903    33.7413       5641    23.5000  0.000e+00
      0.016    14.9380   4.146579    33.7328       5642    23.5042  0.000e+00
      0.013    14.9597   4.147066    33.7184       5643    23.5083  0.000e+00
      0.046    14.9735   4.147587    33.7112       5644    23.5125  0.000e+00
      0.058    14.9819   4.147478    33.7029       5645    23.5167  0.000e+00
     -0.005    14.9863   4.147715    33.7014       5646    23.5208  0.000e+00
     -0.042    14.9887   4.147864    33.7006       5647    23.5250  0.000e+00
     -0.054    14.9906   4.147891    33.6993       5648    23.5292  0.000e+00
     -0.072    14.9916   4.147810    33.6977       5649    23.5333  0.000e+00
     -0.063    14.9920   4.147715    33.6965       5650    23.5375  0.000e+00
     -0.090    14.9917   4.147586    33.6956       5651    23.5417  0.000e+00
     -0.114    14.9909   1.304549     9.4839       5652    23.5458  0.000e+00
     -0.120    14.9881   0.556314     3.7948       5653    23.5500  0.000e+00
     -0.120    14.9812   0.380209     2.5305       5654    23.5542  0.000e+00
     -0.123    14.9712   0.329326     2.1733       5655    23.5583  0.000e+00
     -0.123    14.9650   0.314650     2.0711       5656    23.5625  0.000e+00
     -0.120    14.9653   0.293300     1.9226       5657    23.5667  0.000e+00
     -0.123    14.9672   0.271191     1.7695       5658    23.5708  0.000e+00
     -0.132    14.9694   0.256307     1.6669       5659    23.5750  0.000e+00
     -0.136    14.9705   0.239795     1.5537       5660    23.5792  0.000e+00
     -0.130    14.9709   0.223612     1.4433       5661    23.5833  0.000e+00
     -0.130    14.9708   0.210699     1.3556       5662    23.5875  0.000e+00
     -0.121    14.9715   0.195226     1.2509       5663    23.5917  0.000e+00
     -0.124    14.9706   0.177470     1.1316       5664    23.5958  0.000e+00
     -0.121    14.9697   0.162893     1.0342       5665    23.6000  0.000e+00
     -0.124    14.9699   0.150024     0.9486       5666    23.6042  0.000e+00
     -0.121    14.9702   0.138753     0.8740       5667    23.6083  0.000e+00
     -0.130    14.9705   0.126842     0.7956       5668    23.6125  0.000e+00
     -0.127    14.9708   0.119030     0.7445       5669    23.6167  0.000e+00
     -0.121    14.9713   0.115462     0.7211       5670    23.6208  0.000e+00
     -0.124    14.9717   0.109569     0.6827       5671    23.6250  0.000e+00
     -0.127    14.9718   0.097716     0.6059       5672    23.6292  0.000e+00
     -0.100    14.9713   0.081276     0.5001       5673    23.6333  0.000e+00
     -0.097    14.9704   0.089577     0.5534       5674    23.6375  0.000e+00
     -0.112    14.9698   0.217919     1.4046       5675    23.6417  0.000e+00
     -0.115    14.9691   0.501031     3.3954       5676    23.6458  0.000e+00
     -0.121    14.9671   0.400044     2.6720       5677    23.6500  0.000e+00
     -0.118    14.9656   0.333625     2.2037       5678    23.6542  0.000e+00
     -0.124    14.9651   0.287584     1.8829       5679    23.6583  0.000e+00
     -0.118    14.9648   0.242486     1.5723       5680    23.6625  0.000e+00
     -0.121    14.9650   0.216464     1.3949       5681    23.6667  0.000e+00
     -0.124    14.9644   0.196625     1.2606       5682    23.6708  0.000e+00
     -0.118    14.9635   0.182139     1.1631       5683    23.6750  0.000e+00
     -0.118    14.9631   0.166596     1.0590       5684    23.6792  0.000e+00
     -0.127    14.9628   0.159045     1.0087       5685    23.6833  0.000e+00
     -0.121    14.9624   0.154181     0.9764       5686    23.6875  0.000e+00
     -0.115    14.9622   0.147478     0.9319       5687    23.6917  0.000e+00
     -0.127    14.9618   0.131999     0.8297       5688    23.6958  0.000e+00
     -0.124    14.9611   0.132561     0.8334       5689    23.7000  0.000e+00
     -0.121    14.9610   0.123939     0.7768       5690    23.7042  0.000e+00
     -0.118    14.9604   0.123977     0.7770       5691    23.7083  0.000e+00
     -0.115    14.9602   0.117399     0.7340       5692    23.7125  0.000e+00
     -0.118    14.9592   0.106333     0.6619       5693    23.7167  0.000e+00
     -0.121    14.9573   0.096775     0.6000       5694    23.7208  0.000e+00
     -0.118    14.9559   0.091912     0.5686       5695    23.7250  0.000e+00
     -0.121    14.9553   0.090322     0.5584       5696    23.7292  0.000e+00
     -0.118    14.9548   0.085857     0.5297       5697    23.7333  0.000e+00
     -0.121    14.9542   0.080230     0.4937       5698    23.7375  0.000e+00
     -0.124    14.9537   0.075630     0.4643       5699    23.7417  0.000e+00
     -0.124    14.9538   0.074723     0.4585       5700    23.7458  0.000e+00
     -0.139    14.9530   0.061859     0.3770       5701    23.7500  0.000e+00
     -0.130    14.9522   0.060814     0.3704       5702    23.7542  0.000e+00
     -0.124    14.9520   0.055564     0.3374       5703    23.7583  0.000e+00
     -0.112    14.9527   0.074949     0.4600       5704    23.7625  0.000e+00
     -0.122    14.9543   0.072106     0.4419       5705    23.7667  0.000e+00
     -0.128    14.9563   0.066212     0.4045       5706    23.7708  0.000e+00
     -0.128    14.9563   0.063500     0.3873       5707    23.7750  0.000e+00
     -0.128    14.9570   0.058628     0.3566       5708    23.7792  0.000e+00
     -0.125    14.9586   0.059747     0.3636       5709    23.7833  0.000e+00
     -0.131    14.9601   0.059670     0.3632       5710    23.7875  0.000e+00
     -0.131    14.9612   0.057845     0.3517       5711    23.7917  0.000e+00
     -0.125    14.9631   0.056598     0.3438       5712    23.7958  0.000e+00
     -0.119    14.9645   0.056742     0.3447       5713    23.8000  0.000e+00
     -0.119    14.9650   0.057817     0.3515       5714    23.8042  0.000e+00
     -0.116    14.9640   0.056997     0.3463       5715    23.8083  0.000e+00
     -0.125    14.9631   0.053138     0.3222       5716    23.8125  0.000e+00
     -0.134    14.9607   0.047693     0.2882       5717    23.8167  0.000e+00
     -0.125    14.9587   0.049430     0.2990       5718    23.8208  0.000e+00
     -0.128    14.9583   0.049348     0.2985       5719    23.8250  0.000e+00
     -0.119    14.9584   0.051588     0.3125       5720    23.8292  0.000e+00
     -0.122    14.9593   0.050608     0.3064       5721    23.8333  0.000e+00
     -0.110    14.9604   0.061561     0.3751       5722    23.8375  0.000e+00
     -0.119    14.9603   0.073383     0.4499       5723    23.8417  0.000e+00
     -0.122    14.9590   0.096681     0.5994       5724    23.8458  0.000e+00
     -0.119    14.9581   0.102180     0.6350       5725    23.8500  0.000e+00
     -0.116    14.9560   0.107190     0.6675       5726    23.8542  0.000e+00
     -0.122    14.9546   0.110075     0.6863       5727    23.8583  0.000e+00
     -0.119    14.9536   0.108708     0.6774       5728    23.8625  0.000e+00
     -0.119    14.9535   0.110925     0.6919       5729    23.8667  0.000e+00
