HB2302/sbe037.cnv
* Sea-Bird SBE 19plus V2 Data File:
* FileName = C:\cruise\data\sbe037.hex
* Software Version Seasave V 7.26.7.121
* Temperature SN = 4758
* Conductivity SN = 4758
* System UpLoad Time = Jun 12 2023 13:13:10
* NMEA Latitude = 36 53.02 N
* NMEA Longitude = 075 49.39 W
* NMEA UTC (Time) = Jun 12 2023 13:13:11
** Cruise: HB2302
** Program: Ecomon
** Chief Scientist: Jerry Prezioso
# nquan = 7
# nvalues = 1047                                  
# units = specified
# name 0 = depSM: Depth [salt water, m]
# name 1 = tv290C: Temperature [ITS-90, deg C]
# name 2 = c0S/m: Conductivity [S/m]
# name 3 = sal00: Salinity, Practical [PSU]
# name 4 = scan: Scan Count
# name 5 = timeM: Time, Elapsed [minutes]
# name 6 = flag:  0.000e+00
# span 0 =     -0.131,     11.877                 
# span 1 =    16.5842,    22.0846                 
# span 2 =   0.000008,   4.677786                 
# span 3 =     0.0108,    32.5931                 
# span 4 =         11,       1057                 
# span 5 =     0.0417,     4.4000                 
# span 6 = 0.0000e+00, 0.0000e+00                 
# interval = seconds: 0.25
# start_time = Jun 12 2023 13:13:11 [NMEA time, header]
# bad_flag = -9.990e-29
*END*
     -0.128    22.0514   0.000029     0.0108         11     0.0417  0.000e+00
     -0.122    22.0518   0.000026     0.0108         12     0.0458  0.000e+00
     -0.122    22.0520   0.000020     0.0109         13     0.0500  0.000e+00
     -0.119    22.0517   0.000029     0.0108         14     0.0542  0.000e+00
     -0.125    22.0516   0.000020     0.0109         15     0.0583  0.000e+00
     -0.125    22.0519   0.000029     0.0108         16     0.0625  0.000e+00
     -0.122    22.0521   0.000026     0.0108         17     0.0667  0.000e+00
     -0.122    22.0515   0.000029     0.0108         18     0.0708  0.000e+00
     -0.131    22.0520   0.000020     0.0109         19     0.0750  0.000e+00
     -0.128    22.0517   0.000026     0.0108         20     0.0792  0.000e+00
     -0.128    22.0513   0.000035     0.0108         21     0.0833  0.000e+00
     -0.119    22.0516   0.000038     0.0108         22     0.0875  0.000e+00
     -0.125    22.0516   0.000029     0.0108         23     0.0917  0.000e+00
     -0.116    22.0515   0.000026     0.0108         24     0.0958  0.000e+00
     -0.125    22.0513   0.000020     0.0109         25     0.1000  0.000e+00
     -0.116    22.0510   0.000029     0.0108         26     0.1042  0.000e+00
     -0.122    22.0504   0.000026     0.0108         27     0.1083  0.000e+00
     -0.119    22.0499   0.000029     0.0108         28     0.1125  0.000e+00
     -0.122    22.0497   0.000020     0.0109         29     0.1167  0.000e+00
     -0.116    22.0492   0.000023     0.0108         30     0.1208  0.000e+00
     -0.122    22.0492   0.000026     0.0108         31     0.1250  0.000e+00
     -0.122    22.0491   0.000038     0.0108         32     0.1292  0.000e+00
     -0.119    22.0492   0.000035     0.0108         33     0.1333  0.000e+00
     -0.128    22.0492   0.000020     0.0109         34     0.1375  0.000e+00
     -0.122    22.0490   0.000023     0.0108         35     0.1417  0.000e+00
     -0.119    22.0489   0.000026     0.0108         36     0.1458  0.000e+00
     -0.119    22.0491   0.000020     0.0109         37     0.1500  0.000e+00
     -0.122    22.0483   0.000029     0.0108         38     0.1542  0.000e+00
     -0.119    22.0488   0.000026     0.0108         39     0.1583  0.000e+00
     -0.119    22.0485   0.000029     0.0108         40     0.1625  0.000e+00
     -0.122    22.0484   0.000026     0.0108         41     0.1667  0.000e+00
     -0.119    22.0481   0.000035     0.0108         42     0.1708  0.000e+00
     -0.125    22.0481   0.000020     0.0109         43     0.1750  0.000e+00
     -0.122    22.0482   0.000026     0.0108         44     0.1792  0.000e+00
     -0.116    22.0480   0.000023     0.0108         45     0.1833  0.000e+00
     -0.119    22.0482   0.000026     0.0108         46     0.1875  0.000e+00
     -0.116    22.0477   0.000029     0.0108         47     0.1917  0.000e+00
     -0.116    22.0475   0.000026     0.0108         48     0.1958  0.000e+00
     -0.116    22.0472   0.000035     0.0108         49     0.2000  0.000e+00
     -0.122    22.0469   0.000032     0.0108         50     0.2042  0.000e+00
     -0.122    22.0468   0.000026     0.0108         51     0.2083  0.000e+00
     -0.122    22.0468   0.000029     0.0108         52     0.2125  0.000e+00
     -0.125    22.0466   0.000032     0.0108         53     0.2167  0.000e+00
     -0.119    22.0470   0.000023     0.0108         54     0.2208  0.000e+00
     -0.119    22.0468   0.000032     0.0108         55     0.2250  0.000e+00
     -0.119    22.0466   0.000032     0.0108         56     0.2292  0.000e+00
     -0.125    22.0459   0.000029     0.0108         57     0.2333  0.000e+00
     -0.122    22.0465   0.000026     0.0108         58     0.2375  0.000e+00
     -0.119    22.0466   0.000023     0.0108         59     0.2417  0.000e+00
     -0.122    22.0466   0.000032     0.0108         60     0.2458  0.000e+00
     -0.122    22.0467   0.000038     0.0108         61     0.2500  0.000e+00
     -0.122    22.0460   0.000032     0.0108         62     0.2542  0.000e+00
     -0.122    22.0463   0.000032     0.0108         63     0.2583  0.000e+00
     -0.125    22.0466   0.000008     0.0109         64     0.2625  0.000e+00
     -0.122    22.0460   0.000050     0.0108         65     0.2667  0.000e+00
     -0.128    22.0457   0.000050     0.0108         66     0.2708  0.000e+00
     -0.122    22.0457   0.000026     0.0108         67     0.2750  0.000e+00
     -0.119    22.0454   0.000017     0.0109         68     0.2792  0.000e+00
     -0.119    22.0455   0.000038     0.0108         69     0.2833  0.000e+00
     -0.122    22.0454   0.000026     0.0108         70     0.2875  0.000e+00
     -0.125    22.0448   0.000029     0.0108         71     0.2917  0.000e+00
     -0.119    22.0446   0.000026     0.0108         72     0.2958  0.000e+00
     -0.119    22.0443   0.000029     0.0108         73     0.3000  0.000e+00
     -0.116    22.0435   0.000026     0.0108         74     0.3042  0.000e+00
     -0.122    22.0427   0.000026     0.0108         75     0.3083  0.000e+00
     -0.125    22.0422   0.000029     0.0108         76     0.3125  0.000e+00
     -0.119    22.0419   0.000020     0.0109         77     0.3167  0.000e+00
     -0.119    22.0420   0.000035     0.0108         78     0.3208  0.000e+00
     -0.119    22.0420   0.000032     0.0108         79     0.3250  0.000e+00
     -0.119    22.0415   0.000023     0.0108         80     0.3292  0.000e+00
     -0.116    22.0414   0.000038     0.0108         81     0.3333  0.000e+00
     -0.119    22.0420   0.000020     0.0109         82     0.3375  0.000e+00
     -0.119    22.0410   0.000017     0.0109         83     0.3417  0.000e+00
     -0.119    22.0409   0.000032     0.0108         84     0.3458  0.000e+00
     -0.119    22.0405   0.000035     0.0108         85     0.3500  0.000e+00
     -0.119    22.0405   0.000020     0.0109         86     0.3542  0.000e+00
     -0.119    22.0404   0.000032     0.0108         87     0.3583  0.000e+00
     -0.119    22.0396   0.000023     0.0108         88     0.3625  0.000e+00
     -0.116    22.0368   0.000020     0.0109         89     0.3667  0.000e+00
     -0.122    22.0342   0.000035     0.0108         90     0.3708  0.000e+00
     -0.119    22.0318   0.000032     0.0108         91     0.3750  0.000e+00
     -0.122    22.0308   0.000035     0.0108         92     0.3792  0.000e+00
     -0.113    22.0304   0.000038     0.0108         93     0.3833  0.000e+00
      0.023    22.0277   0.000020     0.0108         94     0.3875  0.000e+00
      0.210    22.0272   3.159779    21.0159         95     0.3917  0.000e+00
      0.337    22.0196   3.850974    26.1607         96     0.3958  0.000e+00
      0.407    21.8873   4.509655    31.2853         97     0.4000  0.000e+00
      0.449    21.6768   4.418454    30.7284         98     0.4042  0.000e+00
      0.489    21.4971   4.287578    29.8385         99     0.4083  0.000e+00
      0.507    21.3533   4.053402    28.1226        100     0.4125  0.000e+00
      0.504    21.2299   2.944170    19.8025        101     0.4167  0.000e+00
      0.492    21.1495   2.982209    20.1217        102     0.4208  0.000e+00
      0.461    21.1330   4.504093    31.7941        103     0.4250  0.000e+00
      0.404    21.1921   3.608257    24.8086        104     0.4292  0.000e+00
      0.313    21.2345   2.869070    19.2456        105     0.4333  0.000e+00
      0.207    21.2237   3.253642    22.1113        106     0.4375  0.000e+00
      0.159    21.1832   4.525362    31.9247        107     0.4417  0.000e+00
      0.195    21.1811   4.580636    32.3628        108     0.4458  0.000e+00
      0.217    21.2806   4.597882    32.4238        109     0.4500  0.000e+00
      0.232    21.4129   4.617460    32.4781        110     0.4542  0.000e+00
      0.271    21.5125   4.639255    32.5741        111     0.4583  0.000e+00
      0.338    21.6062   4.650690    32.5931        112     0.4625  0.000e+00
      0.416    21.7208   4.654080    32.5330        113     0.4667  0.000e+00
      0.474    21.8258   4.654781    32.4596        114     0.4708  0.000e+00
      0.534    21.8961   4.653658    32.3981        115     0.4750  0.000e+00
      0.576    21.9414   4.651905    32.3505        116     0.4792  0.000e+00
      0.610    21.9686   4.635302    32.2011        117     0.4833  0.000e+00
      0.664    21.9826   4.616327    32.0433        118     0.4875  0.000e+00
      0.713    21.9893   4.616850    32.0424        119     0.4917  0.000e+00
      0.767    21.9930   4.644096    32.2513        120     0.4958  0.000e+00
      0.833    21.9914   4.653075    32.3222        121     0.5000  0.000e+00
      0.903    21.9853   4.647621    32.2844        122     0.5042  0.000e+00
      0.954    21.9859   4.628440    32.1348        123     0.5083  0.000e+00
      1.009    21.9882   4.646826    32.2760        124     0.5125  0.000e+00
      1.054    21.9896   4.653813    32.3293        125     0.5167  0.000e+00
      1.094    21.9879   4.654899    32.3390        126     0.5208  0.000e+00
      1.124    21.9840   4.653005    32.3271        127     0.5250  0.000e+00
      1.133    21.9776   4.641432    32.2419        128     0.5292  0.000e+00
      1.142    21.9716   4.633907    32.1879        129     0.5333  0.000e+00
      1.139    21.9675   4.631202    32.1699        130     0.5375  0.000e+00
      1.118    21.9636   4.618654    32.0753        131     0.5417  0.000e+00
      1.100    21.9609   4.605697    31.9766        132     0.5458  0.000e+00
      1.076    21.9377   4.594852    31.9095        133     0.5500  0.000e+00
      1.060    21.8677   4.600627    32.0061        134     0.5542  0.000e+00
      1.060    21.8272   4.621804    32.2011        135     0.5583  0.000e+00
      1.063    21.8050   4.646354    32.4092        136     0.5625  0.000e+00
      1.076    21.7974   4.663556    32.5493        137     0.5667  0.000e+00
      1.109    21.8221   4.669430    32.5765        138     0.5708  0.000e+00
      1.142    21.8706   4.669493    32.5405        139     0.5750  0.000e+00
      1.178    21.9256   4.671404    32.5140        140     0.5792  0.000e+00
      1.239    21.9692   4.674396    32.5046        141     0.5833  0.000e+00
      1.311    21.9987   4.676614    32.4997        142     0.5875  0.000e+00
      1.390    22.0207   4.677460    32.4898        143     0.5917  0.000e+00
      1.475    22.0422   4.677786    32.4762        144     0.5958  0.000e+00
      1.541    22.0585   4.677096    32.4586        145     0.6000  0.000e+00
      1.611    22.0692   4.677480    32.4536        146     0.6042  0.000e+00
      1.662    22.0750   4.677096    32.4462        147     0.6083  0.000e+00
      1.702    22.0788   4.676677    32.4401        148     0.6125  0.000e+00
      1.738    22.0805   4.676719    32.4391        149     0.6167  0.000e+00
      1.768    22.0818   4.676719    32.4382        150     0.6208  0.000e+00
      1.780    22.0828   4.676982    32.4395        151     0.6250  0.000e+00
      1.795    22.0846   4.676776    32.4365        152     0.6292  0.000e+00
      1.801    22.0845   4.672234    32.4013        153     0.6333  0.000e+00
      1.786    22.0820   4.660903    32.3152        154     0.6375  0.000e+00
      1.780    22.0802   4.657957    32.2937        155     0.6417  0.000e+00
      1.783    22.0772   4.664745    32.3486        156     0.6458  0.000e+00
      1.783    22.0732   4.673847    32.4223        157     0.6500  0.000e+00
      1.792    22.0682   4.671452    32.4074        158     0.6542  0.000e+00
      1.795    22.0653   4.667025    32.3752        159     0.6583  0.000e+00
      1.801    22.0618   4.663552    32.3508        160     0.6625  0.000e+00
      1.805    22.0608   4.659895    32.3232        161     0.6667  0.000e+00
      1.820    22.0589   4.655132    32.2876        162     0.6708  0.000e+00
      1.844    22.0592   4.650719    32.2532        163     0.6750  0.000e+00
      1.862    22.0592   4.649506    32.2437        164     0.6792  0.000e+00
      1.892    22.0479   4.643848    32.2082        165     0.6833  0.000e+00
      1.922    22.0406   4.637066    32.1610        166     0.6875  0.000e+00
      1.947    22.0360   4.629070    32.1023        167     0.6917  0.000e+00
      1.965    22.0311   4.623903    32.0659        168     0.6958  0.000e+00
      1.989    22.0241   4.622382    32.0592        169     0.7000  0.000e+00
      2.016    22.0151   4.624349    32.0811        170     0.7042  0.000e+00
      2.034    22.0065   4.626657    32.1054        171     0.7083  0.000e+00
      2.056    22.0047   4.615641    32.0212        172     0.7125  0.000e+00
      2.083    22.0072   4.601960    31.9132        173     0.7167  0.000e+00
      2.122    22.0089   4.592868    31.8414        174     0.7208  0.000e+00
      2.167    21.9938   4.569952    31.6748        175     0.7250  0.000e+00
      2.222    21.9784   4.538964    31.4458        176     0.7292  0.000e+00
      2.276    21.9648   4.513464    31.2582        177     0.7333  0.000e+00
      2.343    21.9315   4.507932    31.2394        178     0.7375  0.000e+00
      2.400    21.8905   4.511287    31.2950        179     0.7417  0.000e+00
      2.452    21.8620   4.516710    31.3577        180     0.7458  0.000e+00
      2.509    21.8378   4.515435    31.3652        181     0.7500  0.000e+00
      2.555    21.8186   4.499836    31.2580        182     0.7542  0.000e+00
      2.579    21.8080   4.481466    31.1231        183     0.7583  0.000e+00
      2.591    21.8004   4.479190    31.1109        184     0.7625  0.000e+00
      2.597    21.7899   4.480796    31.1309        185     0.7667  0.000e+00
      2.579    21.7787   4.486734    31.1851        186     0.7708  0.000e+00
      2.570    21.7738   4.509314    31.3641        187     0.7750  0.000e+00
      2.564    21.7748   4.516963    31.4229        188     0.7792  0.000e+00
      2.558    21.7772   4.485945    31.1800        189     0.7833  0.000e+00
      2.564    21.7776   4.474052    31.0874        190     0.7875  0.000e+00
      2.576    21.7808   4.454646    30.9345        191     0.7917  0.000e+00
      2.603    21.7799   4.442698    30.8425        192     0.7958  0.000e+00
      2.630    21.7657   4.437564    30.8128        193     0.8000  0.000e+00
      2.676    21.7390   4.429826    30.7718        194     0.8042  0.000e+00
      2.721    21.7137   4.418093    30.6987        195     0.8083  0.000e+00
      2.781    21.6921   4.415032    30.6903        196     0.8125  0.000e+00
      2.836    21.6672   4.425435    30.7888        197     0.8167  0.000e+00
      2.902    21.6439   4.409704    30.6831        198     0.8208  0.000e+00
      2.963    21.6349   4.375081    30.4206        199     0.8250  0.000e+00
      3.008    21.6301   4.354903    30.2674        200     0.8292  0.000e+00
      3.051    21.6179   4.347908    30.2217        201     0.8333  0.000e+00
      3.090    21.5972   4.338919    30.1664        202     0.8375  0.000e+00
      3.123    21.5793   4.330991    30.1174        203     0.8417  0.000e+00
      3.153    21.5618   4.328210    30.1080        204     0.8458  0.000e+00
      3.171    21.5424   4.322629    30.0783        205     0.8500  0.000e+00
      3.193    21.5253   4.318337    30.0568        206     0.8542  0.000e+00
      3.202    21.5084   4.313125    30.0282        207     0.8583  0.000e+00
      3.217    21.4932   4.300836    29.9433        208     0.8625  0.000e+00
      3.232    21.4795   4.294418    29.9030        209     0.8667  0.000e+00
      3.241    21.4619   4.293424    29.9074        210     0.8708  0.000e+00
      3.250    21.4444   4.286271    29.8640        211     0.8750  0.000e+00
      3.277    21.4295   4.276287    29.7968        212     0.8792  0.000e+00
      3.299    21.4145   4.264198    29.7132        213     0.8833  0.000e+00
      3.320    21.4007   4.252902    29.6349        214     0.8875  0.000e+00
      3.350    21.3858   4.242964    29.5680        215     0.8917  0.000e+00
