HB2302/sbe093.cnv
* Sea-Bird SBE 19plus V2 Data File:
* FileName = C:\cruise\data\sbe093.hex
* Software Version Seasave V 7.26.7.121
* Temperature SN = 4758
* Conductivity SN = 4758
* System UpLoad Time = Jun 17 2023 06:15:31
* NMEA Latitude = 41 07.19 N
* NMEA Longitude = 067 21.12 W
* NMEA UTC (Time) = Jun 17 2023 06:15:31
** Cruise: HB2302
** Program: Ecomon
** Chief Scientist: Jerry Prezioso
# nquan = 7
# nvalues = 2819                                  
# units = specified
# name 0 = depSM: Depth [salt water, m]
# name 1 = tv290C: Temperature [ITS-90, deg C]
# name 2 = c0S/m: Conductivity [S/m]
# name 3 = sal00: Salinity, Practical [PSU]
# name 4 = scan: Scan Count
# name 5 = timeM: Time, Elapsed [minutes]
# name 6 = flag:  0.000e+00
# span 0 =     -0.182,     56.535                 
# span 1 =    10.8026,    14.6069                 
# span 2 =   0.000092,   3.975341                 
# span 3 =     0.0076,    33.7347                 
# span 4 =         11,       2829                 
# span 5 =     0.0417,    11.7833                 
# span 6 = 0.0000e+00, 0.0000e+00                 
# interval = seconds: 0.25
# start_time = Jun 17 2023 06:15:31 [NMEA time, header]
# bad_flag = -9.990e-29
*END*
[from data line 2052]
     47.580    10.8644   3.678249    32.8531       2063     8.5917  0.000e+00
     47.492    10.8642   3.678229    32.8532       2064     8.5958  0.000e+00
     47.393    10.8639   3.678088    32.8520       2065     8.6000  0.000e+00
     47.296    10.8630   3.677675    32.8488       2066     8.6042  0.000e+00
     47.200    10.8609   3.677443    32.8484       2067     8.6083  0.000e+00
     47.097    10.8586   3.677353    32.8497       2068     8.6125  0.000e+00
     46.985    10.8565   3.677289    32.8509       2069     8.6167  0.000e+00
     46.883    10.8551   3.677205    32.8514       2070     8.6208  0.000e+00
     46.771    10.8540   3.677147    32.8518       2071     8.6250  0.000e+00
     46.666    10.8534   3.677269    32.8536       2072     8.6292  0.000e+00
     46.566    10.8536   3.677514    32.8559       2073     8.6333  0.000e+00
     46.464    10.8546   3.677353    32.8535       2074     8.6375  0.000e+00
     46.379    10.8549   3.677185    32.8516       2075     8.6417  0.000e+00
     46.292    10.8542   3.677308    32.8535       2076     8.6458  0.000e+00
     46.213    10.8541   3.677514    32.8556       2077     8.6500  0.000e+00
     46.132    10.8550   3.676876    32.8485       2078     8.6542  0.000e+00
     46.068    10.8531   3.676232    32.8439       2079     8.6583  0.000e+00
     46.020    10.8488   3.676303    32.8484       2080     8.6625  0.000e+00
     45.963    10.8464   3.676831    32.8559       2081     8.6667  0.000e+00
     45.917    10.8474   3.676966    32.8564       2082     8.6708  0.000e+00
     45.881    10.8492   3.677424    32.8592       2083     8.6750  0.000e+00
     45.845    10.8520   3.677746    32.8600       2084     8.6792  0.000e+00
     45.794    10.8555   3.678042    32.8599       2085     8.6833  0.000e+00
     45.746    10.8588   3.678177    32.8582       2086     8.6875  0.000e+00
     45.691    10.8613   3.678100    32.8552       2087     8.6917  0.000e+00
     45.631    10.8625   3.677997    32.8532       2088     8.6958  0.000e+00
     45.559    10.8622   3.677655    32.8501       2089     8.7000  0.000e+00
     45.483    10.8609   3.677771    32.8524       2090     8.7042  0.000e+00
     45.399    10.8604   3.677971    32.8549       2091     8.7083  0.000e+00
     45.305    10.8607   3.677539    32.8504       2092     8.7125  0.000e+00
     45.197    10.8594   3.677159    32.8478       2093     8.7167  0.000e+00
     45.079    10.8570   3.677198    32.8504       2094     8.7208  0.000e+00
     44.958    10.8549   3.677378    32.8541       2095     8.7250  0.000e+00
     44.825    10.8553   3.677359    32.8537       2096     8.7292  0.000e+00
     44.693    10.8557   3.676992    32.8497       2097     8.7333  0.000e+00
     44.566    10.8540   3.677172    32.8531       2098     8.7375  0.000e+00
     44.436    10.8542   3.677880    32.8599       2099     8.7417  0.000e+00
     44.316    10.8568   3.677217    32.8511       2100     8.7458  0.000e+00
     44.207    10.8568   3.678248    32.8614       2101     8.7500  0.000e+00
     44.101    10.8598   3.678357    32.8598       2102     8.7542  0.000e+00
     44.008    10.8631   3.677906    32.8524       2103     8.7583  0.000e+00
     43.923    10.8633   3.677552    32.8488       2104     8.7625  0.000e+00
     43.848    10.8613   3.677352    32.8486       2105     8.7667  0.000e+00
     43.776    10.8590   3.677655    32.8537       2106     8.7708  0.000e+00
     43.703    10.8592   3.678531    32.8623       2107     8.7750  0.000e+00
     43.631    10.8628   3.678473    32.8585       2108     8.7792  0.000e+00
     43.568    10.8657   3.678544    32.8566       2109     8.7833  0.000e+00
     43.492    10.8670   3.678099    32.8511       2110     8.7875  0.000e+00
     43.420    10.8663   3.678221    32.8529       2111     8.7917  0.000e+00
     43.335    10.8657   3.678518    32.8565       2112     8.7958  0.000e+00
     43.260    10.8668   3.678595    32.8563       2113     8.8000  0.000e+00
     43.163    10.8681   3.678705    32.8562       2114     8.8042  0.000e+00
     43.079    10.8694   3.678363    32.8517       2115     8.8083  0.000e+00
     42.982    10.8689   3.678814    32.8567       2116     8.8125  0.000e+00
     42.892    10.8698   3.679439    32.8621       2117     8.8167  0.000e+00
     42.801    10.8738   3.679072    32.8550       2118     8.8208  0.000e+00
     42.711    10.8749   3.679078    32.8540       2119     8.8250  0.000e+00
     42.605    10.8748   3.679619    32.8595       2120     8.8292  0.000e+00
     42.524    10.8768   3.680257    32.8641       2121     8.8333  0.000e+00
     42.430    10.8816   3.680927    32.8665       2122     8.8375  0.000e+00
     42.337    10.8875   3.680901    32.8610       2123     8.8417  0.000e+00
     42.249    10.8909   3.680740    32.8564       2124     8.8458  0.000e+00
     42.153    10.8920   3.680515    32.8532       2125     8.8500  0.000e+00
     42.071    10.8912   3.680076    32.8496       2126     8.8542  0.000e+00
     41.993    10.8888   3.680076    32.8518       2127     8.8583  0.000e+00
     41.905    10.8871   3.679915    32.8517       2128     8.8625  0.000e+00
     41.827    10.8858   3.679754    32.8514       2129     8.8667  0.000e+00
     41.739    10.8843   3.679728    32.8525       2130     8.8708  0.000e+00
     41.652    10.8831   3.679438    32.8507       2131     8.8750  0.000e+00
     41.570    10.8813   3.679438    32.8523       2132     8.8792  0.000e+00
     41.483    10.8798   3.679097    32.8504       2133     8.8833  0.000e+00
     41.401    10.8780   3.679322    32.8543       2134     8.8875  0.000e+00
     41.314    10.8778   3.679870    32.8600       2135     8.8917  0.000e+00
     41.236    10.8803   3.679709    32.8562       2136     8.8958  0.000e+00
     41.157    10.8813   3.679161    32.8498       2137     8.9000  0.000e+00
     41.073    10.8792   3.678910    32.8492       2138     8.9042  0.000e+00
     40.976    10.8768   3.679077    32.8531       2139     8.9083  0.000e+00
     40.904    10.8761   3.679045    32.8534       2140     8.9125  0.000e+00
     40.813    10.8755   3.678659    32.8502       2141     8.9167  0.000e+00
     40.729    10.8738   3.678794    32.8530       2142     8.9208  0.000e+00
     40.647    10.8734   3.679593    32.8614       2143     8.9250  0.000e+00
     40.560    10.8768   3.680559    32.8680       2144     8.9292  0.000e+00
     40.472    10.8832   3.680972    32.8664       2145     8.9333  0.000e+00
     40.385    10.8892   3.681107    32.8623       2146     8.9375  0.000e+00
     40.294    10.8932   3.680668    32.8545       2147     8.9417  0.000e+00
     40.210    10.8934   3.680424    32.8519       2148     8.9458  0.000e+00
     40.125    10.8921   3.680417    32.8531       2149     8.9500  0.000e+00
     40.026    10.8910   3.679966    32.8496       2150     8.9542  0.000e+00
     39.941    10.8884   3.679206    32.8444       2151     8.9583  0.000e+00
     39.857    10.8837   3.679025    32.8469       2152     8.9625  0.000e+00
     39.775    10.8790   3.677569    32.8367       2153     8.9667  0.000e+00
     39.697    10.8718   3.679232    32.8596       2154     8.9708  0.000e+00
     39.616    10.8724   3.679985    32.8666       2155     8.9750  0.000e+00
     39.543    10.8779   3.679863    32.8605       2156     8.9792  0.000e+00
     39.456    10.8813   3.679663    32.8555       2157     8.9833  0.000e+00
     39.365    10.8824   3.679502    32.8530       2158     8.9875  0.000e+00
     39.287    10.8818   3.679425    32.8528       2159     8.9917  0.000e+00
     39.199    10.8809   3.679341    32.8528       2160     8.9958  0.000e+00
     39.112    10.8800   3.679437    32.8546       2161     9.0000  0.000e+00
     39.030    10.8798   3.679251    32.8530       2162     9.0042  0.000e+00
     38.952    10.8790   3.678909    32.8503       2163     9.0083  0.000e+00
     38.873    10.8775   3.679457    32.8572       2164     9.0125  0.000e+00
     38.804    10.8783   3.679772    32.8596       2165     9.0167  0.000e+00
     38.726    10.8805   3.679250    32.8524       2166     9.0208  0.000e+00
     38.647    10.8803   3.679180    32.8520       2167     9.0250  0.000e+00
     38.584    10.8790   3.678922    32.8506       2168     9.0292  0.000e+00
     38.511    10.8771   3.679115    32.8542       2169     9.0333  0.000e+00
     38.448    10.8767   3.678902    32.8526       2170     9.0375  0.000e+00
     38.379    10.8758   3.678316    32.8475       2171     9.0417  0.000e+00
     38.318    10.8728   3.677833    32.8455       2172     9.0458  0.000e+00
     38.249    10.8684   3.677724    32.8483       2173     9.0500  0.000e+00
     38.171    10.8651   3.677788    32.8520       2174     9.0542  0.000e+00
     38.092    10.8640   3.677653    32.8517       2175     9.0583  0.000e+00
     38.011    10.8630   3.677640    32.8525       2176     9.0625  0.000e+00
     37.929    10.8623   3.677788    32.8546       2177     9.0667  0.000e+00
     37.839    10.8623   3.677807    32.8548       2178     9.0708  0.000e+00
     37.754    10.8630   3.677852    32.8547       2179     9.0750  0.000e+00
     37.673    10.8636   3.677904    32.8547       2180     9.0792  0.000e+00
     37.588    10.8640   3.677672    32.8521       2181     9.0833  0.000e+00
     37.507    10.8634   3.677440    32.8504       2182     9.0875  0.000e+00
     37.428    10.8616   3.677350    32.8511       2183     9.0917  0.000e+00
     37.347    10.8603   3.677375    32.8525       2184     9.0958  0.000e+00
     37.269    10.8595   3.677311    32.8526       2185     9.1000  0.000e+00
     37.193    10.8592   3.677285    32.8527       2186     9.1042  0.000e+00
     37.115    10.8586   3.676963    32.8501       2187     9.1083  0.000e+00
     37.045    10.8571   3.676982    32.8516       2188     9.1125  0.000e+00
     36.970    10.8559   3.676892    32.8519       2189     9.1167  0.000e+00
     36.904    10.8553   3.677079    32.8542       2190     9.1208  0.000e+00
     36.831    10.8556   3.677221    32.8554       2191     9.1250  0.000e+00
     36.759    10.8565   3.677169    32.8542       2192     9.1292  0.000e+00
     36.677    10.8569   3.677124    32.8534       2193     9.1333  0.000e+00
     36.599    10.8570   3.676899    32.8511       2194     9.1375  0.000e+00
     36.523    10.8558   3.677401    32.8572       2195     9.1417  0.000e+00
     36.442    10.8577   3.678335    32.8648       2196     9.1458  0.000e+00
     36.364    10.8623   3.677813    32.8555       2197     9.1500  0.000e+00
     36.279    10.8636   3.677626    32.8525       2198     9.1542  0.000e+00
     36.195    10.8638   3.678039    32.8565       2199     9.1583  0.000e+00
     36.104    10.8646   3.677813    32.8536       2200     9.1625  0.000e+00
     36.014    10.8653   3.677922    32.8541       2201     9.1667  0.000e+00
     35.920    10.8651   3.677832    32.8534       2202     9.1708  0.000e+00
     35.836    10.8648   3.677742    32.8528       2203     9.1750  0.000e+00
     35.751    10.8648   3.678927    32.8646       2204     9.1792  0.000e+00
     35.655    10.8692   3.679204    32.8635       2205     9.1833  0.000e+00
     35.579    10.8742   3.679894    32.8658       2206     9.1875  0.000e+00
     35.489    10.8800   3.679958    32.8613       2207     9.1917  0.000e+00
     35.413    10.8840   3.679861    32.8569       2208     9.1958  0.000e+00
     35.329    10.8854   3.679339    32.8504       2209     9.2000  0.000e+00
     35.262    10.8844   3.679500    32.8530       2210     9.2042  0.000e+00
     35.193    10.8833   3.679597    32.8549       2211     9.2083  0.000e+00
     35.133    10.8834   3.679662    32.8555       2212     9.2125  0.000e+00
     35.066    10.8840   3.679913    32.8575       2213     9.2167  0.000e+00
     35.018    10.8855   3.680776    32.8647       2214     9.2208  0.000e+00
     34.958    10.8899   3.681034    32.8634       2215     9.2250  0.000e+00
     34.903    10.8942   3.681698    32.8661       2216     9.2292  0.000e+00
     34.849    10.9000   3.682278    32.8667       2217     9.2333  0.000e+00
     34.792    10.9053   3.681491    32.8542       2218     9.2375  0.000e+00
     34.728    10.9058   3.681517    32.8540       2219     9.2417  0.000e+00
     34.662    10.9051   3.681427    32.8538       2220     9.2458  0.000e+00
     34.593    10.9041   3.681014    32.8506       2221     9.2500  0.000e+00
     34.511    10.9018   3.680795    32.8505       2222     9.2542  0.000e+00
     34.415    10.8992   3.680782    32.8527       2223     9.2583  0.000e+00
     34.312    10.8978   3.680782    32.8541       2224     9.2625  0.000e+00
     34.213    10.8971   3.680885    32.8558       2225     9.2667  0.000e+00
     34.107    10.8971   3.680666    32.8537       2226     9.2708  0.000e+00
     33.986    10.8964   3.680711    32.8548       2227     9.2750  0.000e+00
     33.872    10.8959   3.680666    32.8548       2228     9.2792  0.000e+00
     33.766    10.8957   3.680370    32.8521       2229     9.2833  0.000e+00
     33.657    10.8943   3.680002    32.8497       2230     9.2875  0.000e+00
     33.561    10.8917   3.679790    32.8500       2231     9.2917  0.000e+00
     33.470    10.8892   3.679983    32.8542       2232     9.2958  0.000e+00
     33.383    10.8886   3.680531    32.8602       2233     9.3000  0.000e+00
     33.317    10.8908   3.680988    32.8628       2234     9.3042  0.000e+00
     33.250    10.8947   3.681356    32.8630       2235     9.3083  0.000e+00
     33.193    10.8984   3.681033    32.8565       2236     9.3125  0.000e+00
     33.157    10.8996   3.681471    32.8598       2237     9.3167  0.000e+00
     33.114    10.9013   3.681381    32.8574       2238     9.3208  0.000e+00
     33.081    10.9024   3.681555    32.8581       2239     9.3250  0.000e+00
     33.054    10.9037   3.681426    32.8557       2240     9.3292  0.000e+00
     33.024    10.9039   3.681059    32.8519       2241     9.3333  0.000e+00
     32.994    10.9024   3.680885    32.8516       2242     9.3375  0.000e+00
     32.951    10.9004   3.681014    32.8546       2243     9.3417  0.000e+00
     32.906    10.8997   3.681123    32.8564       2244     9.3458  0.000e+00
     32.849    10.8997   3.680795    32.8531       2245     9.3500  0.000e+00
     32.786    10.8990   3.680511    32.8510       2246     9.3542  0.000e+00
     32.716    10.8969   3.680369    32.8514       2247     9.3583  0.000e+00
     32.638    10.8949   3.680318    32.8528       2248     9.3625  0.000e+00
     32.559    10.8933   3.679983    32.8509       2249     9.3667  0.000e+00
     32.469    10.8914   3.679796    32.8508       2250     9.3708  0.000e+00
     32.378    10.8891   3.679880    32.8537       2251     9.3750  0.000e+00
     32.285    10.8884   3.680305    32.8587       2252     9.3792  0.000e+00
     32.197    10.8897   3.679983    32.8543       2253     9.3833  0.000e+00
     32.107    10.8898   3.680073    32.8551       2254     9.3875  0.000e+00
     32.028    10.8896   3.679589    32.8505       2255     9.3917  0.000e+00
     31.956    10.8879   3.679338    32.8496       2256     9.3958  0.000e+00
     31.893    10.8852   3.679267    32.8514       2257     9.4000  0.000e+00
     31.832    10.8834   3.679248    32.8529       2258     9.4042  0.000e+00
     31.778    10.8822   3.679293    32.8544       2259     9.4083  0.000e+00
     31.718    10.8819   3.679319    32.8549       2260     9.4125  0.000e+00
     31.669    10.8819   3.679248    32.8543       2261     9.4167  0.000e+00
     31.618    10.8817   3.679183    32.8538       2262     9.4208  0.000e+00
     31.549    10.8814   3.679177    32.8540       2263     9.4250  0.000e+00
     31.485    10.8811   3.679274    32.8553       2264     9.4292  0.000e+00
     31.422    10.8811   3.679138    32.8539       2265     9.4333  0.000e+00
     31.353    10.8807   3.679409    32.8571       2266     9.4375  0.000e+00
