HB2302/sbe001.cnv
* Sea-Bird SBE 19plus V2 Data File:
* FileName = C:\cruise\data\sbe001.hex
* Software Version Seasave V 7.26.7.121
* Temperature SN = 4758
* Conductivity SN = 4758
* System UpLoad Time = Jun 09 2023 01:29:19
* NMEA Latitude = 41 13.76 N
* NMEA Longitude = 071 14.57 W
* NMEA UTC (Time) = Jun 09 2023 01:29:21
** Cruise: HB2302
** Program: Ecomon
** Chief Scientist: Jerry Prezioso
# nquan = 7
# nvalues = 1524                                  
# units = specified
# name 0 = depSM: Depth [salt water, m]
# name 1 = tv290C: Temperature [ITS-90, deg C]
# name 2 = c0S/m: Conductivity [S/m]
# name 3 = sal00: Salinity, Practical [PSU]
# name 4 = scan: Scan Count
# name 5 = timeM: Time, Elapsed [minutes]
# name 6 = flag:  0.000e+00
# span 0 =     -0.151,     34.330                 
# span 1 =    11.4812,    14.7113                 
# span 2 =  -0.093043,   3.920769                 
# span 3 =     0.0000,    32.2362                 
# span 4 =         11,       1534                 
# span 5 =     0.0417,     6.3875                 
# span 6 = 0.0000e+00, 0.0000e+00                 
# interval = seconds: 0.25
# start_time = Jun 09 2023 01:29:21 [NMEA time, header]
# bad_flag = -9.990e-29
*END*
[from data line 1436]
      3.152    14.0980   3.872854    31.9425       1447     6.0250  0.000e+00
      3.094    14.1347   3.876320    31.9439       1448     6.0292  0.000e+00
      3.040    14.1761   3.882480    31.9661       1449     6.0333  0.000e+00
      2.992    14.2231   3.879853    31.9032       1450     6.0375  0.000e+00
      2.956    14.2419   3.877556    31.8667       1451     6.0417  0.000e+00
      2.925    14.2414   3.885548    31.9403       1452     6.0458  0.000e+00
      2.898    14.2699   3.888966    31.9479       1453     6.0500  0.000e+00
      2.880    14.3107   3.888024    31.9057       1454     6.0542  0.000e+00
      2.877    14.3321   3.891061    31.9158       1455     6.0583  0.000e+00
      2.862    14.3529   3.892807    31.9145       1456     6.0625  0.000e+00
      2.853    14.3743   3.893018    31.8988       1457     6.0667  0.000e+00
      2.832    14.3898   3.893598    31.8913       1458     6.0708  0.000e+00
      2.792    14.3988   3.893551    31.8836       1459     6.0750  0.000e+00
      2.750    14.4037   3.896373    31.9053       1460     6.0792  0.000e+00
      2.699    14.4171   3.896267    31.8933       1461     6.0833  0.000e+00
      2.638    14.4300   3.899267    31.9100       1462     6.0875  0.000e+00
      2.569    14.4475   3.899083    31.8939       1463     6.0917  0.000e+00
      2.506    14.4641   3.906281    31.9459       1464     6.0958  0.000e+00
      2.445    14.5002   3.906841    31.9212       1465     6.1000  0.000e+00
      2.397    14.5315   3.909323    31.9181       1466     6.1042  0.000e+00
      2.355    14.5569   3.912109    31.9225       1467     6.1083  0.000e+00
      2.321    14.5839   3.914639    31.9233       1468     6.1125  0.000e+00
      2.294    14.6108   3.913528    31.8911       1469     6.1167  0.000e+00
      2.261    14.6239   3.913654    31.8815       1470     6.1208  0.000e+00
      2.240    14.6289   3.913700    31.8779       1471     6.1250  0.000e+00
      2.216    14.6316   3.914922    31.8867       1472     6.1292  0.000e+00
      2.201    14.6372   3.914407    31.8775       1473     6.1333  0.000e+00
      2.167    14.6387   3.912788    31.8617       1474     6.1375  0.000e+00
      2.143    14.6347   3.918206    31.9141       1475     6.1417  0.000e+00
      2.113    14.6515   3.917247    31.8916       1476     6.1458  0.000e+00
      2.083    14.6647   3.918159    31.8891       1477     6.1500  0.000e+00
      2.046    14.6724   3.918959    31.8900       1478     6.1542  0.000e+00
      2.010    14.6809   3.919097    31.8842       1479     6.1583  0.000e+00
      1.962    14.6869   3.919500    31.8830       1480     6.1625  0.000e+00
      1.911    14.6908   3.919170    31.8769       1481     6.1667  0.000e+00
      1.865    14.6923   3.919196    31.8759       1482     6.1708  0.000e+00
      1.811    14.6920   3.919335    31.8774       1483     6.1750  0.000e+00
      1.766    14.6925   3.919005    31.8740       1484     6.1792  0.000e+00
      1.720    14.6916   3.918958    31.8744       1485     6.1833  0.000e+00
      1.681    14.6909   3.919619    31.8810       1486     6.1875  0.000e+00
      1.645    14.6930   3.919408    31.8773       1487     6.1917  0.000e+00
      1.615    14.6941   3.919619    31.8783       1488     6.1958  0.000e+00
      1.591    14.6944   3.919315    31.8754       1489     6.2000  0.000e+00
      1.548    14.6941   3.920505    31.8863       1490     6.2042  0.000e+00
      1.509    14.6983   3.920485    31.8828       1491     6.2083  0.000e+00
      1.446    14.7019   3.920650    31.8813       1492     6.2125  0.000e+00
      1.397    14.7044   3.920485    31.8778       1493     6.2167  0.000e+00
      1.331    14.7051   3.920769    31.8799       1494     6.2208  0.000e+00
      1.280    14.7065   3.920769    31.8787       1495     6.2250  0.000e+00
      1.243    14.7074   3.920577    31.8762       1496     6.2292  0.000e+00
      1.201    14.7070   3.920465    31.8756       1497     6.2333  0.000e+00
      1.153    14.7060   3.920630    31.8779       1498     6.2375  0.000e+00
      1.113    14.7054   3.919711    31.8701       1499     6.2417  0.000e+00
      1.065    14.7022   3.920108    31.8764       1500     6.2458  0.000e+00
      1.011    14.7008   3.919817    31.8749       1501     6.2500  0.000e+00
      0.953    14.6990   3.919639    31.8747       1502     6.2542  0.000e+00
      0.908    14.6970   3.919500    31.8752       1503     6.2583  0.000e+00
      0.857    14.6952   3.919592    31.8775       1504     6.2625  0.000e+00
      0.805    14.6946   3.919685    31.8788       1505     6.2667  0.000e+00
      0.778    14.6950   3.919784    31.8794       1506     6.2708  0.000e+00
      0.751    14.6958   3.919758    31.8786       1507     6.2750  0.000e+00
      0.730    14.6961   3.919784    31.8785       1508     6.2792  0.000e+00
      0.730    14.6963   3.919850    31.8790       1509     6.2833  0.000e+00
      0.715    14.6967   3.919877    31.8788       1510     6.2875  0.000e+00
      0.712    14.6969   3.919758    31.8776       1511     6.2917  0.000e+00
      0.706    14.6967   3.919467    31.8752       1512     6.2958  0.000e+00
      0.685    14.6949   3.919361    31.8757       1513     6.3000  0.000e+00
      0.690    14.6933   3.919685    31.8799       1514     6.3042  0.000e+00
      0.672    14.6941   3.920088    31.8830       1515     6.3083  0.000e+00
      0.636    14.6963   3.919896    31.8794       1516     6.3125  0.000e+00
      0.603    14.6968   3.919454    31.8750       1517     6.3167  0.000e+00
      0.573    14.6955   3.920042    31.8814       1518     6.3208  0.000e+00
      0.528    14.6965   3.920181    31.8819       1519     6.3250  0.000e+00
      0.470    14.6984   3.919995    31.8787       1520     6.3292  0.000e+00
      0.434    14.6989   3.920088    31.8791       1521     6.3333  0.000e+00
      0.410    14.6991   3.920253    31.8804       1522     6.3375  0.000e+00
      0.370    14.7003   3.920465    31.8814       1523     6.3417  0.000e+00
      0.334    14.7017   3.920478    31.8804       1524     6.3458  0.000e+00
      0.292    14.7025   3.919969    31.8751       1525     6.3500  0.000e+00
      0.213    14.7009   3.920134    31.8780       1526     6.3542  0.000e+00
      0.168    14.7003   3.920227    31.8793       1527     6.3583  0.000e+00
      0.129    14.7002   3.919619    31.8739       1528     6.3625  0.000e+00
      0.099    14.6977   3.919592    31.8757       1529     6.3667  0.000e+00
      0.029    14.6957   3.919638    31.8778       1530     6.3708  0.000e+00
     -0.049    14.6948   3.919592    31.8782       1531     6.3750  0.000e+00
     -0.028    14.6943   3.919665    31.8792       1532     6.3792  0.000e+00
     -0.055    14.6941   3.919453    31.8774       1533     6.3833  0.000e+00
     -0.077    14.6933   3.919196    31.8758       1534     6.3875  0.000e+00
