HB2302/sbe051.cnv
* Sea-Bird SBE 19plus V2 Data File:
* FileName = C:\cruise\data\sbe051.hex
* Software Version Seasave V 7.26.7.121
* Temperature SN = 4758
* Conductivity SN = 4758
* System UpLoad Time = Jun 13 2023 18:46:52
* NMEA Latitude = 39 30.49 N
* NMEA Longitude = 074 09.68 W
* NMEA UTC (Time) = Jun 13 2023 18:46:53
** Cruise: HB2302
** Program: Ecomon
** Chief Scientist: Jerry Prezioso
# nquan = 7
# nvalues = 1492                                  
# units = specified
# name 0 = depSM: Depth [salt water, m]
# name 1 = tv290C: Temperature [ITS-90, deg C]
# name 2 = c0S/m: Conductivity [S/m]
# name 3 = sal00: Salinity, Practical [PSU]
# name 4 = scan: Scan Count
# name 5 = timeM: Time, Elapsed [minutes]
# name 6 = flag:  0.000e+00
# span 0 =     -0.127,     13.957                 
# span 1 =    14.8357,    20.1191                 
# span 2 =   0.000008,   4.328304                 
# span 3 =     0.0100,    31.7885                 
# span 4 =         11,       1502                 
# span 5 =     0.0417,     6.2542                 
# span 6 = 0.0000e+00, 0.0000e+00                 
# interval = seconds: 0.25
# start_time = Jun 13 2023 18:46:53 [NMEA time, header]
# bad_flag = -9.990e-29
*END*
[from data line 1436]
      0.660    18.4509   4.118721    30.6701       1447     6.0250  0.000e+00
      0.691    18.4508   4.118518    30.6686       1448     6.0292  0.000e+00
      0.748    18.4499   4.118316    30.6675       1449     6.0333  0.000e+00
      0.817    18.4483   4.117568    30.6624       1450     6.0375  0.000e+00
      0.851    18.4441   4.117419    30.6644       1451     6.0417  0.000e+00
      0.863    18.4402   4.117365    30.6668       1452     6.0458  0.000e+00
      0.808    18.4378   4.116799    30.6639       1453     6.0500  0.000e+00
      0.703    18.4342   4.116570    30.6647       1454     6.0542  0.000e+00
      0.597    18.4317   4.117082    30.6709       1455     6.0583  0.000e+00
      0.509    18.4325   4.116947    30.6692       1456     6.0625  0.000e+00
      0.455    18.4327   4.117568    30.6742       1457     6.0667  0.000e+00
      0.509    18.4353   4.119011    30.6843       1458     6.0708  0.000e+00
      0.633    18.4437   4.119591    30.6828       1459     6.0750  0.000e+00
      0.700    18.4518   4.119840    30.6788       1460     6.0792  0.000e+00
      0.724    18.4573   4.120184    30.6775       1461     6.0833  0.000e+00
      0.718    18.4617   4.120164    30.6741       1462     6.0875  0.000e+00
      0.681    18.4644   4.119914    30.6700       1463     6.0917  0.000e+00
      0.542    18.4644   4.120413    30.6742       1464     6.0958  0.000e+00
      0.400    18.4659   4.120488    30.6737       1465     6.1000  0.000e+00
      0.373    18.4678   4.119840    30.6669       1466     6.1042  0.000e+00
      0.434    18.4663   4.119914    30.6687       1467     6.1083  0.000e+00
      0.533    18.4648   4.120103    30.6713       1468     6.1125  0.000e+00
      0.603    18.4649   4.120164    30.6717       1469     6.1167  0.000e+00
      0.645    18.4654   4.119240    30.6637       1470     6.1208  0.000e+00
      0.657    18.4616   4.118626    30.6614       1471     6.1250  0.000e+00
      0.642    18.4554   4.118518    30.6651       1472     6.1292  0.000e+00
      0.627    18.4514   4.118215    30.6656       1473     6.1333  0.000e+00
      0.612    18.4488   4.118842    30.6727       1474     6.1375  0.000e+00
      0.609    18.4493   4.118916    30.6730       1475     6.1417  0.000e+00
      0.621    18.4508   4.119017    30.6727       1476     6.1458  0.000e+00
      0.603    18.4518   4.118222    30.6654       1477     6.1500  0.000e+00
      0.524    18.4486   4.116401    30.6527       1478     6.1542  0.000e+00
      0.427    18.4397   4.117392    30.6676       1479     6.1583  0.000e+00
      0.315    18.4365   4.118168    30.6764       1480     6.1625  0.000e+00
      0.249    18.4404   4.118768    30.6785       1481     6.1667  0.000e+00
      0.267    18.4456   4.118437    30.6719       1482     6.1708  0.000e+00
      0.240    18.4472   4.116724    30.6565       1483     6.1750  0.000e+00
      0.128    18.4408   4.115922    30.6546       1484     6.1792  0.000e+00
      0.010    18.4321   4.078356    30.3494       1485     6.1833  0.000e+00
     -0.102    18.4263   0.990103     6.4690       1486     6.1875  0.000e+00
     -0.117    18.4060   0.484371     3.0096       1487     6.1917  0.000e+00
     -0.120    18.3506   0.289652     1.7461       1488     6.1958  0.000e+00
     -0.120    18.2908   0.256297     1.5366       1489     6.2000  0.000e+00
     -0.120    18.2733   0.220406     1.3111       1490     6.2042  0.000e+00
     -0.126    18.2728   0.189377     1.1176       1491     6.2083  0.000e+00
     -0.126    18.2761   0.177779     1.0457       1492     6.2125  0.000e+00
     -0.123    18.2810   0.165170     0.9679       1493     6.2167  0.000e+00
     -0.123    18.2862   0.146505     0.8535       1494     6.2208  0.000e+00
     -0.123    18.2910   0.137226     0.7969       1495     6.2250  0.000e+00
     -0.117    18.2957   0.126555     0.7321       1496     6.2292  0.000e+00
     -0.123    18.3008   0.110675     0.6364       1497     6.2333  0.000e+00
     -0.123    18.3067   0.100826     0.5774       1498     6.2375  0.000e+00
     -0.120    18.3131   0.097421     0.5571       1499     6.2417  0.000e+00
     -0.120    18.3178   0.094249     0.5382       1500     6.2458  0.000e+00
     -0.126    18.3210   0.090564     0.5163       1501     6.2500  0.000e+00
     -0.120    18.3266   0.088800     0.5057       1502     6.2542  0.000e+00
