HB2302/sbe061.cnv
* Sea-Bird SBE 19plus V2 Data File:
* FileName = C:\cruise\data\sbe061.hex
* Software Version Seasave V 7.26.7.121
* Temperature SN = 4758
* Conductivity SN = 4758
* System UpLoad Time = Jun 14 2023 16:11:30
* NMEA Latitude = 40 30.07 N
* NMEA Longitude = 072 14.09 W
* NMEA UTC (Time) = Jun 14 2023 16:11:31
** Cruise: HB2302
** Program: Ecomon
** Chief Scientist: Jerry Prezioso
# nquan = 7
# nvalues = 1236                                  
# units = specified
# name 0 = depSM: Depth [salt water, m]
# name 1 = tv290C: Temperature [ITS-90, deg C]
# name 2 = c0S/m: Conductivity [S/m]
# name 3 = sal00: Salinity, Practical [PSU]
# name 4 = scan: Scan Count
# name 5 = timeM: Time, Elapsed [minutes]
# name 6 = flag:  0.000e+00
# span 0 =     -0.200,     53.230                 
# span 1 =     9.1421,    19.5019                 
# span 2 =   0.000044,   4.310964                 
# span 3 =     0.0096,    32.7039                 
# span 4 =         11,       1246                 
# span 5 =     0.0417,     5.1875                 
# span 6 = 0.0000e+00, 0.0000e+00                 
# interval = seconds: 0.25
# start_time = Jun 14 2023 16:11:31 [NMEA time, header]
# bad_flag = -9.990e-29
*END*
[from data line 1026]
     10.940    12.1030   3.735323    32.3357       1037     4.3167  0.000e+00
     10.828    12.1010   3.736036    32.3443       1038     4.3208  0.000e+00
     10.729    12.1047   3.738804    32.3679       1039     4.3250  0.000e+00
     10.623    12.1187   3.742774    32.3940       1040     4.3292  0.000e+00
     10.533    12.1454   3.747238    32.4139       1041     4.3333  0.000e+00
     10.448    12.1814   3.750022    32.4095       1042     4.3375  0.000e+00
     10.364    12.2159   3.751782    32.3966       1043     4.3417  0.000e+00
     10.288    12.2437   3.752645    32.3809       1044     4.3458  0.000e+00
     10.225    12.2632   3.753677    32.3739       1045     4.3500  0.000e+00
     10.174    12.2781   3.754937    32.3731       1046     4.3542  0.000e+00
     10.134    12.2918   3.756425    32.3756       1047     4.3583  0.000e+00
     10.080    12.3063   3.755268    32.3520       1048     4.3625  0.000e+00
     10.029    12.3177   3.754950    32.3391       1049     4.3667  0.000e+00
      9.993    12.3247   3.755242    32.3359       1050     4.3708  0.000e+00
      9.941    12.3317   3.759017    32.3661       1051     4.3750  0.000e+00
      9.893    12.3528   3.763528    32.3911       1052     4.3792  0.000e+00
      9.836    12.3871   3.768301    32.4072       1053     4.3833  0.000e+00
      9.784    12.4298   3.771528    32.4012       1054     4.3875  0.000e+00
      9.715    12.4703   3.772432    32.3749       1055     4.3917  0.000e+00
      9.643    12.4978   3.772972    32.3564       1056     4.3958  0.000e+00
      9.567    12.5152   3.775328    32.3640       1057     4.4000  0.000e+00
      9.489    12.5359   3.781514    32.4052       1058     4.4042  0.000e+00
      9.407    12.5758   3.785723    32.4110       1059     4.4083  0.000e+00
      9.326    12.6234   3.789718    32.4081       1060     4.4125  0.000e+00
      9.244    12.6721   3.793983    32.4069       1061     4.4167  0.000e+00
      9.163    12.7236   3.797009    32.3913       1062     4.4208  0.000e+00
      9.075    12.7713   3.800226    32.3810       1063     4.4250  0.000e+00
      8.997    12.8135   3.802021    32.3618       1064     4.4292  0.000e+00
      8.933    12.8460   3.803581    32.3488       1065     4.4333  0.000e+00
      8.870    12.8703   3.804847    32.3400       1066     4.4375  0.000e+00
      8.813    12.8890   3.806166    32.3365       1067     4.4417  0.000e+00
      8.767    12.9051   3.807205    32.3326       1068     4.4458  0.000e+00
      8.728    12.9187   3.808139    32.3298       1069     4.4500  0.000e+00
      8.692    12.9305   3.808739    32.3255       1070     4.4542  0.000e+00
      8.659    12.9401   3.809112    32.3208       1071     4.4583  0.000e+00
      8.629    12.9471   3.809458    32.3181       1072     4.4625  0.000e+00
      8.586    12.9526   3.809784    32.3165       1073     4.4667  0.000e+00
      8.544    12.9573   3.809909    32.3137       1074     4.4708  0.000e+00
      8.487    12.9614   3.809752    32.3087       1075     4.4750  0.000e+00
      8.423    12.9648   3.809569    32.3041       1076     4.4792  0.000e+00
      8.354    12.9674   3.808771    32.2944       1077     4.4833  0.000e+00
      8.273    12.9694   3.807955    32.2850       1078     4.4875  0.000e+00
      8.185    12.9707   3.807308    32.2778       1079     4.4917  0.000e+00
      8.091    12.9737   3.805055    32.2540       1080     4.4958  0.000e+00
      7.986    12.9775   3.802710    32.2288       1081     4.5000  0.000e+00
      7.886    12.9790   3.803076    32.2309       1082     4.5042  0.000e+00
      7.787    12.9854   3.807909    32.2712       1083     4.5083  0.000e+00
      7.693    13.0182   3.816542    32.3247       1084     4.5125  0.000e+00
      7.603    13.0897   3.825641    32.3494       1085     4.5167  0.000e+00
      7.524    13.1903   3.837991    32.3798       1086     4.5208  0.000e+00
      7.458    13.3135   3.848290    32.3717       1087     4.5250  0.000e+00
      7.416    13.4415   3.853381    32.3106       1088     4.5292  0.000e+00
      7.373    13.5449   3.855330    32.2414       1089     4.5333  0.000e+00
      7.334    13.6127   3.857982    32.2089       1090     4.5375  0.000e+00
      7.310    13.6600   3.860306    32.1907       1091     4.5417  0.000e+00
      7.277    13.6961   3.862263    32.1786       1092     4.5458  0.000e+00
      7.244    13.7252   3.863143    32.1622       1093     4.5500  0.000e+00
      7.201    13.7471   3.864556    32.1570       1094     4.5542  0.000e+00
      7.165    13.7660   3.865666    32.1514       1095     4.5583  0.000e+00
      7.108    13.7823   3.866797    32.1483       1096     4.5625  0.000e+00
      7.057    13.7980   3.868499    32.1509       1097     4.5667  0.000e+00
      6.984    13.8183   3.873391    32.1792       1098     4.5708  0.000e+00
      6.900    13.8580   3.883322    32.2377       1099     4.5750  0.000e+00
      6.812    13.9416   3.896967    32.2936       1100     4.5792  0.000e+00
      6.728    14.0750   3.914508    32.3434       1101     4.5833  0.000e+00
      6.634    14.2647   3.933801    32.3615       1102     4.5875  0.000e+00
      6.537    14.4938   3.949903    32.3173       1103     4.5917  0.000e+00
      6.456    14.7210   3.955338    32.1781       1104     4.5958  0.000e+00
      6.371    14.8897   3.959828    32.0796       1105     4.6000  0.000e+00
      6.284    15.0035   3.962773    32.0127       1106     4.6042  0.000e+00
      6.199    15.0814   3.965774    31.9760       1107     4.6083  0.000e+00
      6.112    15.1409   3.973479    31.9966       1108     4.6125  0.000e+00
      6.021    15.2156   3.982282    32.0146       1109     4.6167  0.000e+00
      5.928    15.3130   3.988988    31.9952       1110     4.6208  0.000e+00
      5.846    15.4093   3.994127    31.9627       1111     4.6250  0.000e+00
      5.768    15.4944   3.996891    31.9182       1112     4.6292  0.000e+00
      5.711    15.5584   3.997902    31.8755       1113     4.6333  0.000e+00
      5.656    15.5995   3.998815    31.8504       1114     4.6375  0.000e+00
      5.626    15.6254   3.999587    31.8363       1115     4.6417  0.000e+00
      5.605    15.6430   4.000380    31.8292       1116     4.6458  0.000e+00
      5.590    15.6558   4.000767    31.8223       1117     4.6500  0.000e+00
      5.572    15.6645   4.001306    31.8200       1118     4.6542  0.000e+00
      5.560    15.6712   4.001773    31.8188       1119     4.6583  0.000e+00
      5.533    15.6773   4.002833    31.8233       1120     4.6625  0.000e+00
      5.496    15.6854   4.005126    31.8371       1121     4.6667  0.000e+00
      5.433    15.7030   4.009901    31.8652       1122     4.6708  0.000e+00
      5.355    15.7407   4.015172    31.8815       1123     4.6750  0.000e+00
      5.252    15.7973   4.025876    31.9306       1124     4.6792  0.000e+00
      5.140    15.8896   4.033595    31.9244       1125     4.6833  0.000e+00
      5.016    15.9894   4.034684    31.8537       1126     4.6875  0.000e+00
      4.905    16.0535   4.034837    31.8037       1127     4.6917  0.000e+00
      4.793    16.0866   4.036127    31.7886       1128     4.6958  0.000e+00
      4.696    16.1076   4.037558    31.7844       1129     4.7000  0.000e+00
      4.597    16.1265   4.039311    31.7847       1130     4.7042  0.000e+00
      4.512    16.1455   4.039632    31.7723       1131     4.7083  0.000e+00
      4.428    16.1584   4.039899    31.7643       1132     4.7125  0.000e+00
      4.377    16.1663   4.040508    31.7634       1133     4.7167  0.000e+00
      4.328    16.1729   4.040869    31.7614       1134     4.7208  0.000e+00
      4.292    16.1787   4.042382    31.7699       1135     4.7250  0.000e+00
      4.250    16.1888   4.043211    31.7692       1136     4.7292  0.000e+00
      4.208    16.1991   4.043660    31.7649       1137     4.7333  0.000e+00
      4.156    16.2070   4.043968    31.7613       1138     4.7375  0.000e+00
      4.108    16.2129   4.044235    31.7589       1139     4.7417  0.000e+00
      4.060    16.2170   4.044382    31.7570       1140     4.7458  0.000e+00
      4.018    16.2198   4.044677    31.7573       1141     4.7500  0.000e+00
      3.972    16.2226   4.045333    31.7609       1142     4.7542  0.000e+00
      3.906    16.2276   4.046284    31.7652       1143     4.7583  0.000e+00
      3.821    16.2364   4.050925    31.7989       1144     4.7625  0.000e+00
      3.716    16.2699   4.061480    31.8645       1145     4.7667  0.000e+00
      3.592    16.3480   4.062706    31.8129       1146     4.7708  0.000e+00
      3.468    16.4055   4.055204    31.7017       1147     4.7750  0.000e+00
      3.329    16.3958   4.053026    31.6905       1148     4.7792  0.000e+00
      3.221    16.3636   4.056772    31.7488       1149     4.7833  0.000e+00
      3.097    16.3698   4.074671    31.9001       1150     4.7875  0.000e+00
      2.988    16.4737   4.078713    31.8524       1151     4.7917  0.000e+00
      2.892    16.5828   4.083193    31.8047       1152     4.7958  0.000e+00
      2.813    16.6719   4.086351    31.7614       1153     4.8000  0.000e+00
      2.753    16.7405   4.087661    31.7184       1154     4.8042  0.000e+00
      2.711    16.7837   4.086920    31.6780       1155     4.8083  0.000e+00
      2.683    16.8037   4.085193    31.6473       1156     4.8125  0.000e+00
      2.668    16.8028   4.090087    31.6902       1157     4.8167  0.000e+00
      2.662    16.8273   4.095105    31.7143       1158     4.8208  0.000e+00
      2.656    16.8754   4.092656    31.6552       1159     4.8250  0.000e+00
      2.650    16.8896   4.088129    31.6050       1160     4.8292  0.000e+00
      2.626    16.8673   4.090275    31.6410       1161     4.8333  0.000e+00
      2.575    16.8611   4.091909    31.6600       1162     4.8375  0.000e+00
      2.505    16.8711   4.091465    31.6484       1163     4.8417  0.000e+00
      2.418    16.8728   4.089851    31.6331       1164     4.8458  0.000e+00
      2.327    16.8675   4.092602    31.6611       1165     4.8500  0.000e+00
      2.228    16.8756   4.094263    31.6691       1166     4.8542  0.000e+00
      2.098    16.8930   4.095568    31.6666       1167     4.8583  0.000e+00
      1.953    16.9151   4.100138    31.6887       1168     4.8625  0.000e+00
      1.808    16.9507   4.101127    31.6693       1169     4.8667  0.000e+00
      1.684    16.9817   4.101409    31.6474       1170     4.8708  0.000e+00
      1.570    16.9989   4.100507    31.6261       1171     4.8750  0.000e+00
      1.488    17.0043   4.101126    31.6272       1172     4.8792  0.000e+00
      1.419    17.0076   4.101193    31.6253       1173     4.8833  0.000e+00
      1.370    17.0090   4.099887    31.6129       1174     4.8875  0.000e+00
      1.346    17.0043   4.100507    31.6219       1175     4.8917  0.000e+00
      1.349    17.0028   4.100904    31.6266       1176     4.8958  0.000e+00
      1.352    17.0041   4.100439    31.6215       1177     4.9000  0.000e+00
      1.370    17.0025   4.100008    31.6191       1178     4.9042  0.000e+00
      1.380    16.9983   4.099416    31.6173       1179     4.9083  0.000e+00
      1.383    16.9920   4.100110    31.6282       1180     4.9125  0.000e+00
      1.361    16.9925   4.101301    31.6381       1181     4.9167  0.000e+00
      1.301    17.0006   4.101719    31.6353       1182     4.9208  0.000e+00
      1.183    17.0078   4.101860    31.6309       1183     4.9250  0.000e+00
      1.020    17.0130   4.102762    31.6346       1184     4.9292  0.000e+00
      0.860    17.0186   4.102984    31.6322       1185     4.9333  0.000e+00
      0.694    17.0239   4.102876    31.6272       1186     4.9375  0.000e+00
      0.558    17.0262   4.101947    31.6174       1187     4.9417  0.000e+00
      0.447    17.0227   4.101449    31.6159       1188     4.9458  0.000e+00
      0.432    17.0171   4.101502    31.6208       1189     4.9500  0.000e+00
      0.465    17.0143   4.101873    31.6262       1190     4.9542  0.000e+00
      0.456    17.0143   4.101873    31.6262       1191     4.9583  0.000e+00
      0.414    17.0143   4.101880    31.6262       1192     4.9625  0.000e+00
      0.386    17.0149   4.101718    31.6244       1193     4.9667  0.000e+00
      0.395    17.0139   4.101051    31.6194       1194     4.9708  0.000e+00
      0.401    17.0101   4.100796    31.6202       1195     4.9750  0.000e+00
      0.414    17.0055   4.100654    31.6226       1196     4.9792  0.000e+00
      0.399    17.0019   4.100136    31.6210       1197     4.9833  0.000e+00
      0.287    16.9976   4.101334    31.6347       1198     4.9875  0.000e+00
      0.166    17.0020   4.105200    31.6645       1199     4.9917  0.000e+00
      0.075    17.0235   4.105792    31.6528       1200     4.9958  0.000e+00
     -0.051    17.0424   4.105697    31.6372       1201     5.0000  0.000e+00
     -0.145    17.0521   3.003217    22.3672       1202     5.0042  0.000e+00
     -0.178    17.0565   0.776313     5.1490       1203     5.0083  0.000e+00
     -0.184    17.0573   0.441760     2.8190       1204     5.0125  0.000e+00
     -0.187    17.0543   0.333712     2.0930       1205     5.0167  0.000e+00
     -0.187    17.0486   0.290686     1.8086       1206     5.0208  0.000e+00
     -0.187    17.0411   0.264519     1.6373       1207     5.0250  0.000e+00
     -0.187    17.0337   0.236947     1.4579       1208     5.0292  0.000e+00
     -0.187    17.0243   0.224950     1.3805       1209     5.0333  0.000e+00
     -0.184    17.0125   0.176359     1.0689       1210     5.0375  0.000e+00
     -0.178    16.9921   0.130554     0.7803       1211     5.0417  0.000e+00
     -0.151    16.9677   0.201114     1.2286       1212     5.0458  0.000e+00
     -0.172    16.9463   0.492678     3.1749       1213     5.0500  0.000e+00
     -0.109    16.9353   2.077972    14.9799       1214     5.0542  0.000e+00
     -0.000    16.9225   1.776828    12.6345       1215     5.0583  0.000e+00
      0.060    16.9067   2.330447    16.9917       1216     5.0625  0.000e+00
      0.006    16.9016   3.983695    30.6984       1217     5.0667  0.000e+00
     -0.130    16.9238   4.088000    31.5780       1218     5.0708  0.000e+00
     -0.175    16.9569   2.569885    18.8901       1219     5.0750  0.000e+00
     -0.181    16.9793   0.609140     3.9788       1220     5.0792  0.000e+00
     -0.178    16.9850   0.402489     2.5578       1221     5.0833  0.000e+00
     -0.127    16.9827   1.733036    12.2780       1222     5.0875  0.000e+00
     -0.061    16.9756   4.078449    31.4552       1223     5.0917  0.000e+00
     -0.112    16.9728   4.083784    31.5034       1224     5.0958  0.000e+00
     -0.148    16.9797   4.090548    31.5561       1225     5.1000  0.000e+00
     -0.151    16.9916   4.093615    31.5732       1226     5.1042  0.000e+00
     -0.163    17.0021   2.918244    21.6980       1227     5.1083  0.000e+00
     -0.178    17.0055   0.754702     5.0017       1228     5.1125  0.000e+00
     -0.181    17.0047   0.516740     3.3357       1229     5.1167  0.000e+00
     -0.181    17.0014   0.543069     3.5176       1230     5.1208  0.000e+00
     -0.184    16.9968   0.418816     2.6675       1231     5.1250  0.000e+00
     -0.184    16.9913   0.338414     2.1275       1232     5.1292  0.000e+00
     -0.181    16.9836   0.292759     1.8251       1233     5.1333  0.000e+00
     -0.175    16.9684   0.264629     1.6409       1234     5.1375  0.000e+00
     -0.166    16.9493   0.258425     1.6010       1235     5.1417  0.000e+00
     -0.181    16.9312   0.316563     1.9851       1236     5.1458  0.000e+00
     -0.184    16.9178   0.350448     2.2118       1237     5.1500  0.000e+00
     -0.184    16.9077   0.355626     2.2470       1238     5.1542  0.000e+00
     -0.184    16.8998   0.336601     2.1202       1239     5.1583  0.000e+00
     -0.185    16.8911   0.307444     1.9265       1240     5.1625  0.000e+00
