HB2302/sbe009.cnv
* Sea-Bird SBE 19plus V2 Data File:
* FileName = C:\cruise\data\sbe009.hex
* Software Version Seasave V 7.26.7.121
* Temperature SN = 4758
* Conductivity SN = 4758
* System UpLoad Time = Jun 09 2023 17:42:54
* NMEA Latitude = 40 10.26 N
* NMEA Longitude = 070 51.93 W
* NMEA UTC (Time) = Jun 09 2023 17:42:55
** Cruise: HB2302
** Program: Ecomon
** Chief Scientist: Jerry Prezioso
# nquan = 7
# nvalues = 3221                                  
# units = specified
# name 0 = depSM: Depth [salt water, m]
# name 1 = tv290C: Temperature [ITS-90, deg C]
# name 2 = c0S/m: Conductivity [S/m]
# name 3 = sal00: Salinity, Practical [PSU]
# name 4 = scan: Scan Count
# name 5 = timeM: Time, Elapsed [minutes]
# name 6 = flag:  0.000e+00
# span 0 =     -0.156,    131.089                 
# span 1 =    10.1733,    20.4186                 
# span 2 =   0.000011,   4.915034                 
# span 3 =     0.0097,    35.6943                 
# span 4 =         11,       3231                 
# span 5 =     0.0417,    13.4583                 
# span 6 = 0.0000e+00, 0.0000e+00                 
# interval = seconds: 0.25
# start_time = Jun 09 2023 17:42:55 [NMEA time, header]
# bad_flag = -9.990e-29
*END*
[from data line 1436]
     95.847    13.0351   4.116208    35.1146       1447     6.0250  0.000e+00
     95.750    13.0251   4.116430    35.1260       1448     6.0292  0.000e+00
     95.654    13.0188   4.110458    35.0749       1449     6.0333  0.000e+00
     95.560    13.0013   4.109751    35.0844       1450     6.0375  0.000e+00
     95.466    12.9849   4.109488    35.0972       1451     6.0417  0.000e+00
     95.370    12.9753   4.108969    35.1012       1452     6.0458  0.000e+00
     95.288    12.9693   4.108349    35.1008       1453     6.0500  0.000e+00
     95.204    12.9643   4.107204    35.0946       1454     6.0542  0.000e+00
     95.119    12.9578   4.107002    35.0988       1455     6.0583  0.000e+00
     95.047    12.9533   4.106928    35.1022       1456     6.0625  0.000e+00
     94.975    12.9509   4.106975    35.1049       1457     6.0667  0.000e+00
     94.902    12.9500   4.106975    35.1058       1458     6.0708  0.000e+00
     94.833    12.9495   4.106524    35.1020       1459     6.0750  0.000e+00
     94.772    12.9479   4.105763    35.0962       1460     6.0792  0.000e+00
     94.715    12.9447   4.105190    35.0937       1461     6.0833  0.000e+00
     94.664    12.9409   4.104086    35.0868       1462     6.0875  0.000e+00
     94.600    12.9352   4.103870    35.0900       1463     6.0917  0.000e+00
     94.540    12.9311   4.103850    35.0936       1464     6.0958  0.000e+00
     94.480    12.9288   4.103392    35.0914       1465     6.1000  0.000e+00
     94.413    12.9264   4.103203    35.0919       1466     6.1042  0.000e+00
     94.335    12.9246   4.103150    35.0931       1467     6.1083  0.000e+00
     94.256    12.9236   4.102658    35.0893       1468     6.1125  0.000e+00
     94.175    12.9213   4.101486    35.0803       1469     6.1167  0.000e+00
     94.078    12.9165   4.101096    35.0811       1470     6.1208  0.000e+00
     93.982    12.9122   4.100982    35.0840       1471     6.1250  0.000e+00
     93.873    12.9093   4.100423    35.0814       1472     6.1292  0.000e+00
     93.768    12.9062   4.099877    35.0791       1473     6.1333  0.000e+00
     93.656    12.9027   4.100100    35.0846       1474     6.1375  0.000e+00
     93.541    12.9014   4.099628    35.0812       1475     6.1417  0.000e+00
     93.430    12.8995   4.098141    35.0689       1476     6.1458  0.000e+00
     93.318    12.8936   4.096606    35.0597       1477     6.1500  0.000e+00
     93.203    12.8842   4.094191    35.0454       1478     6.1542  0.000e+00
     93.095    12.8717   4.094278    35.0579       1479     6.1583  0.000e+00
     92.983    12.8638   4.094352    35.0660       1480     6.1625  0.000e+00
     92.874    12.8600   4.092415    35.0510       1481     6.1667  0.000e+00
     92.778    12.8506   4.084561    34.9846       1482     6.1708  0.000e+00
     92.678    12.8229   4.078098    34.9484       1483     6.1750  0.000e+00
     92.579    12.7865   4.073317    34.9363       1484     6.1792  0.000e+00
     92.482    12.7476   4.065579    34.8982       1485     6.1833  0.000e+00
     92.404    12.7035   4.063936    34.9233       1486     6.1875  0.000e+00
     92.328    12.6709   4.063769    34.9520       1487     6.1917  0.000e+00
     92.253    12.6535   4.063152    34.9622       1488     6.1958  0.000e+00
     92.189    12.6430   4.061361    34.9547       1489     6.2000  0.000e+00
     92.129    12.6325   4.059893    34.9504       1490     6.2042  0.000e+00
     92.066    12.6214   4.058029    34.9428       1491     6.2083  0.000e+00
     92.014    12.6097   4.054873    34.9234       1492     6.2125  0.000e+00
     91.954    12.5943   4.053600    34.9254       1493     6.2167  0.000e+00
     91.900    12.5808   4.053184    34.9339       1494     6.2208  0.000e+00
     91.848    12.5716   4.052159    34.9326       1495     6.2250  0.000e+00
     91.788    12.5639   4.051912    34.9374       1496     6.2292  0.000e+00
     91.713    12.5582   4.050813    34.9322       1497     6.2333  0.000e+00
     91.649    12.5522   4.050029    34.9303       1498     6.2375  0.000e+00
     91.562    12.5462   4.049273    34.9286       1499     6.2417  0.000e+00
     91.477    12.5400   4.048348    34.9255       1500     6.2458  0.000e+00
     91.390    12.5342   4.047880    34.9264       1501     6.2500  0.000e+00
     91.293    12.5295   4.047491    34.9271       1502     6.2542  0.000e+00
     91.191    12.5254   4.047029    34.9264       1503     6.2583  0.000e+00
     91.094    12.5214   4.046319    34.9234       1504     6.2625  0.000e+00
     90.988    12.5166   4.043929    34.9049       1505     6.2667  0.000e+00
     90.883    12.5071   4.043782    34.9123       1506     6.2708  0.000e+00
     90.786    12.4995   4.042731    34.9093       1507     6.2750  0.000e+00
     90.681    12.4917   4.040436    34.8944       1508     6.2792  0.000e+00
     90.584    12.4811   4.040396    34.9039       1509     6.2833  0.000e+00
     90.487    12.4735   4.039419    34.9016       1510     6.2875  0.000e+00
     90.397    12.4664   4.035940    34.8746       1511     6.2917  0.000e+00
     90.315    12.4527   4.034456    34.8731       1512     6.2958  0.000e+00
     90.228    12.4380   4.033232    34.8749       1513     6.3000  0.000e+00
     90.152    12.4261   4.032243    34.8764       1514     6.3042  0.000e+00
     90.086    12.4163   4.031728    34.8806       1515     6.3083  0.000e+00
     90.014    12.4093   4.031608    34.8860       1516     6.3125  0.000e+00
     89.953    12.4051   4.031340    34.8873       1517     6.3167  0.000e+00
     89.884    12.4024   4.030953    34.8861       1518     6.3208  0.000e+00
     89.818    12.4001   4.030979    34.8886       1519     6.3250  0.000e+00
     89.763    12.3990   4.030953    34.8893       1520     6.3292  0.000e+00
     89.694    12.3984   4.030638    34.8869       1521     6.3333  0.000e+00
     89.636    12.3969   4.029181    34.8743       1522     6.3375  0.000e+00
     89.567    12.3912   4.027624    34.8646       1523     6.3417  0.000e+00
     89.495    12.3816   4.023795    34.8365       1524     6.3458  0.000e+00
     89.419    12.3659   4.021698    34.8308       1525     6.3500  0.000e+00
     89.341    12.3482   4.020523    34.8360       1526     6.3542  0.000e+00
     89.262    12.3350   4.018633    34.8299       1527     6.3583  0.000e+00
     89.187    12.3216   4.014548    34.8029       1528     6.3625  0.000e+00
     89.087    12.3011   4.009230    34.7705       1529     6.3667  0.000e+00
     89.009    12.2722   4.003589    34.7427       1530     6.3708  0.000e+00
     88.912    12.2378   4.000890    34.7485       1531     6.3750  0.000e+00
     88.816    12.2084   3.999491    34.7623       1532     6.3792  0.000e+00
     88.725    12.1868   3.997305    34.7612       1533     6.3833  0.000e+00
     88.635    12.1690   3.994081    34.7465       1534     6.3875  0.000e+00
     88.550    12.1498   3.992736    34.7513       1535     6.3917  0.000e+00
     88.454    12.1339   3.992450    34.7633       1536     6.3958  0.000e+00
     88.366    12.1244   3.992157    34.7694       1537     6.4000  0.000e+00
     88.279    12.1184   3.991345    34.7671       1538     6.4042  0.000e+00
     88.200    12.1139   3.990626    34.7643       1539     6.4083  0.000e+00
     88.113    12.1097   3.990286    34.7650       1540     6.4125  0.000e+00
     88.028    12.1064   3.990167    34.7669       1541     6.4167  0.000e+00
     87.941    12.1042   3.989661    34.7641       1542     6.4208  0.000e+00
     87.856    12.1017   3.989474    34.7646       1543     6.4250  0.000e+00
     87.778    12.0995   3.989015    34.7623       1544     6.4292  0.000e+00
     87.693    12.0965   3.987697    34.7522       1545     6.4333  0.000e+00
     87.618    12.0911   3.987717    34.7575       1546     6.4375  0.000e+00
     87.542    12.0860   3.984463    34.7306       1547     6.4417  0.000e+00
     87.458    12.0754   3.985720    34.7528       1548     6.4458  0.000e+00
     87.376    12.0703   3.984290    34.7436       1549     6.4500  0.000e+00
     87.304    12.0652   3.983838    34.7440       1550     6.4542  0.000e+00
     87.231    12.0599   3.982880    34.7396       1551     6.4583  0.000e+00
     87.159    12.0542   3.982806    34.7442       1552     6.4625  0.000e+00
     87.084    12.0491   3.977805    34.7003       1553     6.4667  0.000e+00
     87.005    12.0333   3.973597    34.6741       1554     6.4708  0.000e+00
     86.930    12.0068   3.970594    34.6695       1555     6.4750  0.000e+00
     86.857    11.9802   3.969664    34.6852       1556     6.4792  0.000e+00
     86.773    11.9613   3.968734    34.6938       1557     6.4833  0.000e+00
     86.688    11.9486   3.969259    34.7107       1558     6.4875  0.000e+00
     86.598    11.9440   3.968588    34.7085       1559     6.4917  0.000e+00
     86.513    11.9402   3.967585    34.7023       1560     6.4958  0.000e+00
     86.420    11.9342   3.966801    34.7003       1561     6.5000  0.000e+00
     86.317    11.9285   3.964112    34.6794       1562     6.5042  0.000e+00
     86.221    11.9172   3.963561    34.6846       1563     6.5083  0.000e+00
     86.121    11.9073   3.963083    34.6892       1564     6.5125  0.000e+00
     86.027    11.9008   3.963017    34.6946       1565     6.5167  0.000e+00
     85.925    11.8971   3.962897    34.6970       1566     6.5208  0.000e+00
     85.834    11.8950   3.962492    34.6950       1567     6.5250  0.000e+00
     85.741    11.8930   3.962704    34.6990       1568     6.5292  0.000e+00
     85.650    11.8923   3.963202    34.7046       1569     6.5333  0.000e+00
     85.575    11.8934   3.963129    34.7028       1570     6.5375  0.000e+00
     85.499    11.8944   3.962797    34.6987       1571     6.5417  0.000e+00
     85.421    11.8937   3.962844    34.6998       1572     6.5458  0.000e+00
     85.366    11.8933   3.962180    34.6937       1573     6.5500  0.000e+00
     85.303    11.8912   3.961702    34.6910       1574     6.5542  0.000e+00
     85.243    11.8882   3.961802    34.6948       1575     6.5583  0.000e+00
     85.198    11.8866   3.961821    34.6965       1576     6.5625  0.000e+00
     85.143    11.8858   3.961967    34.6987       1577     6.5667  0.000e+00
     85.089    11.8860   3.961821    34.6972       1578     6.5708  0.000e+00
     85.035    11.8861   3.962014    34.6989       1579     6.5750  0.000e+00
     84.968    11.8868   3.962326    34.7014       1580     6.5792  0.000e+00
     84.905    11.8880   3.961967    34.6968       1581     6.5833  0.000e+00
     84.823    11.8877   3.961921    34.6966       1582     6.5875  0.000e+00
     84.742    11.8876   3.962087    34.6984       1583     6.5917  0.000e+00
     84.651    11.8877   3.962206    34.6995       1584     6.5958  0.000e+00
     84.558    11.8883   3.962040    34.6974       1585     6.6000  0.000e+00
     84.449    11.8881   3.961516    34.6924       1586     6.6042  0.000e+00
     84.344    11.8865   3.960892    34.6879       1587     6.6083  0.000e+00
     84.235    11.8833   3.960540    34.6876       1588     6.6125  0.000e+00
     84.123    11.8797   3.960374    34.6893       1589     6.6167  0.000e+00
     84.018    11.8777   3.960706    34.6945       1590     6.6208  0.000e+00
     83.906    11.8782   3.961131    34.6982       1591     6.6250  0.000e+00
     83.803    11.8793   3.960208    34.6882       1592     6.6292  0.000e+00
     83.704    11.8770   3.956850    34.6576       1593     6.6333  0.000e+00
     83.607    11.8653   3.955404    34.6543       1594     6.6375  0.000e+00
     83.514    11.8520   3.953029    34.6435       1595     6.6417  0.000e+00
     83.438    11.8370   3.948262    34.6109       1596     6.6458  0.000e+00
     83.357    11.8131   3.944498    34.5964       1597     6.6500  0.000e+00
     83.281    11.7872   3.941914    34.5952       1598     6.6542  0.000e+00
     83.209    11.7632   3.937709    34.5764       1599     6.6583  0.000e+00
     83.146    11.7354   3.929263    34.5195       1600     6.6625  0.000e+00
     83.073    11.6948   3.925850    34.5239       1601     6.6667  0.000e+00
     83.010    11.6566   3.922670    34.5282       1602     6.6708  0.000e+00
     82.946    11.6259   3.921381    34.5442       1603     6.6750  0.000e+00
     82.871    11.6037   3.918209    34.5337       1604     6.6792  0.000e+00
     82.811    11.5816   3.915203    34.5248       1605     6.6833  0.000e+00
     82.741    11.5578   3.914608    34.5411       1606     6.6875  0.000e+00
     82.678    11.5424   3.914265    34.5522       1607     6.6917  0.000e+00
     82.599    11.5333   3.914688    34.5648       1608     6.6958  0.000e+00
     82.524    11.5300   3.914549    34.5666       1609     6.7000  0.000e+00
     82.439    11.5290   3.912977    34.5521       1610     6.7042  0.000e+00
     82.355    11.5215   3.901881    34.4498       1611     6.7083  0.000e+00
     82.273    11.4834   3.895227    34.4198       1612     6.7125  0.000e+00
     82.183    11.4310   3.890824    34.4252       1613     6.7167  0.000e+00
     82.101    11.3863   3.889336    34.4522       1614     6.7208  0.000e+00
     82.014    11.3561   3.889916    34.4862       1615     6.7250  0.000e+00
     81.932    11.3429   3.890034    34.4997       1616     6.7292  0.000e+00
     81.854    11.3379   3.888638    34.4905       1617     6.7333  0.000e+00
     81.773    11.3303   3.888473    34.4961       1618     6.7375  0.000e+00
     81.700    11.3249   3.887123    34.4879       1619     6.7417  0.000e+00
     81.625    11.3176   3.885213    34.4758       1620     6.7458  0.000e+00
     81.561    11.3072   3.884725    34.4807       1621     6.7500  0.000e+00
     81.483    11.3002   3.884310    34.4832       1622     6.7542  0.000e+00
     81.410    11.2949   3.883889    34.4840       1623     6.7583  0.000e+00
     81.338    11.2914   3.882704    34.4755       1624     6.7625  0.000e+00
     81.269    11.2842   3.879781    34.4534       1625     6.7667  0.000e+00
     81.196    11.2701   3.874997    34.4191       1626     6.7708  0.000e+00
     81.118    11.2474   3.874399    34.4345       1627     6.7750  0.000e+00
     81.039    11.2278   3.866048    34.3701       1628     6.7792  0.000e+00
     80.961    11.1933   3.858683    34.3293       1629     6.7833  0.000e+00
     80.870    11.1470   3.856149    34.3474       1630     6.7875  0.000e+00
     80.786    11.1093   3.845807    34.2798       1631     6.7917  0.000e+00
     80.692    11.0588   3.846647    34.3354       1632     6.7958  0.000e+00
     80.599    11.0250   3.842057    34.3213       1633     6.8000  0.000e+00
     80.502    10.9961   3.842195    34.3497       1634     6.8042  0.000e+00
     80.418    10.9782   3.841802    34.3626       1635     6.8083  0.000e+00
     80.321    10.9677   3.839946    34.3540       1636     6.8125  0.000e+00
     80.237    10.9526   3.825877    34.2277       1637     6.8167  0.000e+00
     80.152    10.9055   3.821781    34.2309       1638     6.8208  0.000e+00
     80.074    10.8554   3.821363    34.2736       1639     6.8250  0.000e+00
     80.007    10.8253   3.821632    34.3045       1640     6.8292  0.000e+00
     79.935    10.8114   3.821089    34.3122       1641     6.8333  0.000e+00
     79.868    10.8034   3.821455    34.3233       1642     6.8375  0.000e+00
     79.811    10.8008   3.821632    34.3276       1643     6.8417  0.000e+00
     79.745    10.8008   3.822070    34.3320       1644     6.8458  0.000e+00
     79.681    10.8027   3.823366    34.3432       1645     6.8500  0.000e+00
     79.618    10.8099   3.825421    34.3571       1646     6.8542  0.000e+00
     79.552    10.8218   3.825951    34.3512       1647     6.8583  0.000e+00
     79.491    10.8314   3.826631    34.3490       1648     6.8625  0.000e+00
     79.410    10.8399   3.826952    34.3444       1649     6.8667  0.000e+00
     79.340    10.8456   3.827181    34.3413       1650     6.8708  0.000e+00
     79.256    10.8498   3.827436    34.3400       1651     6.8750  0.000e+00
