HB2302/sbe019.cnv
* Sea-Bird SBE 19plus V2 Data File:
* FileName = C:\cruise\data\sbe019.hex
* Software Version Seasave V 7.26.7.121
* Temperature SN = 4758
* Conductivity SN = 4758
* System UpLoad Time = Jun 10 2023 17:23:04
* NMEA Latitude = 39 02.92 N
* NMEA Longitude = 072 43.90 W
* NMEA UTC (Time) = Jun 10 2023 17:23:05
** Cruise: HB2302
** Program: Ecomon
** Chief Scientist: Jerry Prezioso
# nquan = 7
# nvalues = 4765                                  
# units = specified
# name 0 = depSM: Depth [salt water, m]
# name 1 = tv290C: Temperature [ITS-90, deg C]
# name 2 = c0S/m: Conductivity [S/m]
# name 3 = sal00: Salinity, Practical [PSU]
# name 4 = scan: Scan Count
# name 5 = timeM: Time, Elapsed [minutes]
# name 6 = flag:  0.000e+00
# span 0 =     -0.141,    197.961                 
# span 1 =    11.1167,    17.1235                 
# span 2 =   0.000059,   4.464267                 
# span 3 =     0.0083,    35.7844                 
# span 4 =         11,       4775                 
# span 5 =     0.0417,    19.8917                 
# span 6 = 0.0000e+00, 0.0000e+00                 
# interval = seconds: 0.25
# start_time = Jun 10 2023 17:23:05 [NMEA time, header]
# bad_flag = -9.990e-29
*END*
[from data line 2257]
    127.538    13.9512   4.246552    35.4841       2268     9.4458  0.000e+00
    127.447    13.9468   4.246723    35.4899       2269     9.4500  0.000e+00
    127.354    13.9455   4.246818    35.4920       2270     9.4542  0.000e+00
    127.276    13.9451   4.246996    35.4940       2271     9.4583  0.000e+00
    127.188    13.9463   4.248061    35.5029       2272     9.4625  0.000e+00
    127.116    13.9511   4.250179    35.5183       2273     9.4667  0.000e+00
    127.040    13.9617   4.251839    35.5240       2274     9.4708  0.000e+00
    126.962    13.9752   4.252953    35.5220       2275     9.4750  0.000e+00
    126.886    13.9873   4.253158    35.5128       2276     9.4792  0.000e+00
    126.811    13.9952   4.253452    35.5083       2277     9.4833  0.000e+00
    126.723    13.9999   4.253622    35.5056       2278     9.4875  0.000e+00
    126.639    14.0032   4.253704    35.5034       2279     9.4917  0.000e+00
    126.551    14.0052   4.253793    35.5024       2280     9.4958  0.000e+00
    126.461    14.0065   4.254046    35.5036       2281     9.5000  0.000e+00
    126.367    14.0084   4.254743    35.5084       2282     9.5042  0.000e+00
    126.280    14.0118   4.254839    35.5061       2283     9.5083  0.000e+00
    126.189    14.0150   4.254586    35.5008       2284     9.5125  0.000e+00
    126.099    14.0159   4.254066    35.4952       2285     9.5167  0.000e+00
    126.002    14.0148   4.253868    35.4944       2286     9.5208  0.000e+00
    125.909    14.0153   4.254961    35.5042       2287     9.5250  0.000e+00
    125.815    14.0242   4.255030    35.4966       2288     9.5292  0.000e+00
    125.716    14.0316   4.255105    35.4906       2289     9.5333  0.000e+00
    125.616    14.0361   4.254906    35.4846       2290     9.5375  0.000e+00
    125.505    14.0370   4.255105    35.4857       2291     9.5417  0.000e+00
    125.399    14.0381   4.255282    35.4864       2292     9.5458  0.000e+00
    125.284    14.0399   4.255405    35.4859       2293     9.5500  0.000e+00
    125.173    14.0420   4.255419    35.4842       2294     9.5542  0.000e+00
    125.058    14.0431   4.255453    35.4835       2295     9.5583  0.000e+00
    124.944    14.0438   4.255405    35.4825       2296     9.5625  0.000e+00
    124.844    14.0439   4.255494    35.4832       2297     9.5667  0.000e+00
    124.741    14.0445   4.255726    35.4849       2298     9.5708  0.000e+00
    124.639    14.0463   4.255699    35.4830       2299     9.5750  0.000e+00
    124.545    14.0477   4.255829    35.4830       2300     9.5792  0.000e+00
    124.461    14.0494   4.256567    35.4884       2301     9.5833  0.000e+00
    124.379    14.0545   4.256642    35.4844       2302     9.5875  0.000e+00
    124.298    14.0580   4.256765    35.4824       2303     9.5917  0.000e+00
    124.226    14.0600   4.257086    35.4835       2304     9.5958  0.000e+00
    124.153    14.0624   4.257038    35.4809       2305     9.6000  0.000e+00
    124.066    14.0640   4.257052    35.4795       2306     9.6042  0.000e+00
    123.984    14.0646   4.257209    35.4805       2307     9.6083  0.000e+00
    123.912    14.0658   4.257161    35.4790       2308     9.6125  0.000e+00
    123.827    14.0664   4.257024    35.4773       2309     9.6167  0.000e+00
    123.746    14.0658   4.257236    35.4798       2310     9.6208  0.000e+00
    123.661    14.0664   4.257065    35.4777       2311     9.6250  0.000e+00
    123.571    14.0667   4.257202    35.4787       2312     9.6292  0.000e+00
    123.486    14.0670   4.257407    35.4803       2313     9.6333  0.000e+00
    123.390    14.0684   4.257134    35.4766       2314     9.6375  0.000e+00
    123.296    14.0687   4.256997    35.4751       2315     9.6417  0.000e+00
    123.200    14.0685   4.256963    35.4749       2316     9.6458  0.000e+00
    123.100    14.0682   4.256935    35.4750       2317     9.6500  0.000e+00
    122.998    14.0682   4.256997    35.4756       2318     9.6542  0.000e+00
    122.898    14.0685   4.256962    35.4751       2319     9.6583  0.000e+00
    122.802    14.0687   4.256935    35.4746       2320     9.6625  0.000e+00
    122.699    14.0683   4.256689    35.4728       2321     9.6667  0.000e+00
    122.596    14.0678   4.256921    35.4754       2322     9.6708  0.000e+00
    122.491    14.0680   4.256990    35.4760       2323     9.6750  0.000e+00
    122.388    14.0686   4.257010    35.4757       2324     9.6792  0.000e+00
    122.283    14.0689   4.257051    35.4758       2325     9.6833  0.000e+00
    122.183    14.0695   4.257037    35.4752       2326     9.6875  0.000e+00
    122.087    14.0695   4.256989    35.4748       2327     9.6917  0.000e+00
    121.987    14.0693   4.256969    35.4748       2328     9.6958  0.000e+00
    121.893    14.0692   4.256839    35.4737       2329     9.7000  0.000e+00
    121.806    14.0685   4.256347    35.4698       2330     9.7042  0.000e+00
    121.715    14.0668   4.256347    35.4714       2331     9.7083  0.000e+00
    121.637    14.0652   4.256565    35.4750       2332     9.7125  0.000e+00
    121.562    14.0652   4.257085    35.4798       2333     9.7167  0.000e+00
    121.486    14.0670   4.257051    35.4779       2334     9.7208  0.000e+00
    121.399    14.0681   4.257064    35.4771       2335     9.7250  0.000e+00
    121.329    14.0687   4.256866    35.4746       2336     9.7292  0.000e+00
    121.245    14.0686   4.256818    35.4743       2337     9.7333  0.000e+00
    121.160    14.0682   4.256866    35.4752       2338     9.7375  0.000e+00
    121.064    14.0684   4.257208    35.4783       2339     9.7417  0.000e+00
    120.967    14.0689   4.257228    35.4780       2340     9.7458  0.000e+00
    120.859    14.0698   4.257235    35.4773       2341     9.7500  0.000e+00
    120.741    14.0705   4.257659    35.4806       2342     9.7542  0.000e+00
    120.629    14.0721   4.257570    35.4784       2343     9.7583  0.000e+00
    120.512    14.0727   4.256866    35.4713       2344     9.7625  0.000e+00
    120.397    14.0707   4.256763    35.4723       2345     9.7667  0.000e+00
    120.282    14.0690   4.256633    35.4726       2346     9.7708  0.000e+00
    120.180    14.0679   4.256291    35.4705       2347     9.7750  0.000e+00
    120.077    14.0659   4.255847    35.4683       2348     9.7792  0.000e+00
    119.975    14.0634   4.255854    35.4707       2349     9.7833  0.000e+00
    119.872    14.0620   4.255799    35.4715       2350     9.7875  0.000e+00
    119.785    14.0610   4.255949    35.4738       2351     9.7917  0.000e+00
    119.694    14.0613   4.255956    35.4737       2352     9.7958  0.000e+00
    119.610    14.0611   4.255751    35.4720       2353     9.8000  0.000e+00
    119.525    14.0609   4.255970    35.4743       2354     9.8042  0.000e+00
    119.450    14.0610   4.255826    35.4729       2355     9.8083  0.000e+00
    119.380    14.0608   4.255204    35.4673       2356     9.8125  0.000e+00
    119.302    14.0589   4.255751    35.4742       2357     9.8167  0.000e+00
    119.227    14.0587   4.255594    35.4729       2358     9.8208  0.000e+00
    119.145    14.0590   4.255997    35.4764       2359     9.8250  0.000e+00
    119.067    14.0600   4.255997    35.4755       2360     9.8292  0.000e+00
    118.973    14.0610   4.255956    35.4743       2361     9.8333  0.000e+00
    118.883    14.0614   4.255949    35.4739       2362     9.8375  0.000e+00
    118.792    14.0614   4.255894    35.4734       2363     9.8417  0.000e+00
    118.690    14.0612   4.255819    35.4729       2364     9.8458  0.000e+00
    118.587    14.0610   4.255778    35.4727       2365     9.8500  0.000e+00
    118.481    14.0607   4.255846    35.4738       2366     9.8542  0.000e+00
    118.379    14.0608   4.256168    35.4767       2367     9.8583  0.000e+00
    118.276    14.0615   4.255491    35.4698       2368     9.8625  0.000e+00
    118.168    14.0606   4.255081    35.4668       2369     9.8667  0.000e+00
    118.068    14.0583   4.255375    35.4717       2370     9.8708  0.000e+00
    117.971    14.0578   4.255416    35.4726       2371     9.8750  0.000e+00
    117.872    14.0578   4.255422    35.4727       2372     9.8792  0.000e+00
    117.778    14.0587   4.256092    35.4781       2373     9.8833  0.000e+00
    117.685    14.0608   4.255928    35.4747       2374     9.8875  0.000e+00
    117.594    14.0618   4.255969    35.4742       2375     9.8917  0.000e+00
    117.507    14.0622   4.256167    35.4758       2376     9.8958  0.000e+00
    117.416    14.0633   4.256762    35.4803       2377     9.9000  0.000e+00
    117.326    14.0658   4.256591    35.4765       2378     9.9042  0.000e+00
    117.235    14.0668   4.256885    35.4783       2379     9.9083  0.000e+00
    117.157    14.0679   4.257069    35.4790       2380     9.9125  0.000e+00
    117.063    14.0696   4.256215    35.4696       2381     9.9167  0.000e+00
    116.976    14.0678   4.255497    35.4645       2382     9.9208  0.000e+00
    116.894    14.0633   4.255258    35.4665       2383     9.9250  0.000e+00
    116.807    14.0610   4.255695    35.4727       2384     9.9292  0.000e+00
    116.719    14.0604   4.254855    35.4655       2385     9.9333  0.000e+00
    116.644    14.0579   4.255333    35.4723       2386     9.9375  0.000e+00
    116.559    14.0574   4.255723    35.4764       2387     9.9417  0.000e+00
    116.484    14.0592   4.255251    35.4704       2388     9.9458  0.000e+00
    116.409    14.0583   4.255593    35.4744       2389     9.9500  0.000e+00
    116.342    14.0592   4.256016    35.4776       2390     9.9542  0.000e+00
    116.276    14.0610   4.254560    35.4624       2391     9.9583  0.000e+00
    116.209    14.0578   4.254971    35.4692       2392     9.9625  0.000e+00
    116.146    14.0562   4.255401    35.4747       2393     9.9667  0.000e+00
    116.083    14.0576   4.256092    35.4799       2394     9.9708  0.000e+00
    116.019    14.0602   4.255777    35.4746       2395     9.9750  0.000e+00
    115.950    14.0610   4.254608    35.4630       2396     9.9792  0.000e+00
    115.866    14.0581   4.255052    35.4698       2397     9.9833  0.000e+00
    115.784    14.0563   4.255128    35.4722       2398     9.9875  0.000e+00
    115.688    14.0558   4.254806    35.4697       2399     9.9917  0.000e+00
    115.591    14.0552   4.254485    35.4673       2400     9.9958  0.000e+00
    115.494    14.0541   4.254553    35.4690       2401    10.0000  0.000e+00
    115.392    14.0526   4.253494    35.4606       2402    10.0042  0.000e+00
    115.289    14.0493   4.252011    35.4498       2403    10.0083  0.000e+00
    115.190    14.0420   4.249968    35.4375       2404    10.0125  0.000e+00
    115.093    14.0318   4.248841    35.4364       2405    10.0167  0.000e+00
    114.994    14.0216   4.248718    35.4447       2406    10.0208  0.000e+00
    114.909    14.0150   4.246450    35.4297       2407    10.0250  0.000e+00
    114.825    14.0044   4.244347    35.4199       2408    10.0292  0.000e+00
    114.734    13.9931   4.244743    35.4340       2409    10.0333  0.000e+00
    114.647    13.9861   4.241971    35.4145       2410    10.0375  0.000e+00
    114.556    13.9761   4.241289    35.4175       2411    10.0417  0.000e+00
    114.466    13.9658   4.238402    35.4000       2412    10.0458  0.000e+00
    114.387    13.9531   4.237351    35.4019       2413    10.0500  0.000e+00
    114.300    13.9426   4.237344    35.4116       2414    10.0542  0.000e+00
    114.218    13.9370   4.237556    35.4188       2415    10.0583  0.000e+00
    114.152    13.9346   4.237249    35.4181       2416    10.0625  0.000e+00
    114.076    13.9332   4.237249    35.4195       2417    10.0667  0.000e+00
    114.016    13.9321   4.236396    35.4125       2418    10.0708  0.000e+00
    113.944    13.9298   4.236457    35.4153       2419    10.0750  0.000e+00
    113.892    13.9280   4.236259    35.4151       2420    10.0792  0.000e+00
    113.829    13.9267   4.236218    35.4159       2421    10.0833  0.000e+00
    113.763    13.9258   4.236014    35.4148       2422    10.0875  0.000e+00
    113.705    13.9251   4.235993    35.4154       2423    10.0917  0.000e+00
    113.627    13.9242   4.235673    35.4131       2424    10.0958  0.000e+00
    113.560    13.9229   4.235175    35.4097       2425    10.1000  0.000e+00
    113.488    13.9216   4.235802    35.4169       2426    10.1042  0.000e+00
    113.401    13.9219   4.235325    35.4121       2427    10.1083  0.000e+00
    113.316    13.9208   4.235052    35.4106       2428    10.1125  0.000e+00
    113.235    13.9193   4.235645    35.4176       2429    10.1167  0.000e+00
    113.144    13.9194   4.232937    35.3922       2430    10.1208  0.000e+00
    113.060    13.9138   4.234663    35.4136       2431    10.1250  0.000e+00
    112.978    13.9121   4.233094    35.4005       2432    10.1292  0.000e+00
    112.888    13.9096   4.232842    35.4004       2433    10.1333  0.000e+00
    112.803    13.9066   4.231109    35.3871       2434    10.1375  0.000e+00
    112.716    13.8994   4.227530    35.3602       2435    10.1417  0.000e+00
    112.631    13.8849   4.226425    35.3633       2436    10.1458  0.000e+00
    112.541    13.8723   4.225574    35.3670       2437    10.1500  0.000e+00
    112.456    13.8631   4.223945    35.3602       2438    10.1542  0.000e+00
    112.375    13.8539   4.220824    35.3395       2439    10.1583  0.000e+00
    112.290    13.8407   4.218645    35.3313       2440    10.1625  0.000e+00
    112.194    13.8267   4.217473    35.3333       2441    10.1667  0.000e+00
    112.118    13.8154   4.215996    35.3299       2442    10.1708  0.000e+00
    112.034    13.8059   4.214756    35.3271       2443    10.1750  0.000e+00
    111.967    13.7968   4.212993    35.3189       2444    10.1792  0.000e+00
    111.898    13.7879   4.211625    35.3143       2445    10.1833  0.000e+00
    111.826    13.7787   4.210073    35.3082       2446    10.1875  0.000e+00
    111.762    13.7697   4.208590    35.3027       2447    10.1917  0.000e+00
    111.687    13.7617   4.208883    35.3128       2448    10.1958  0.000e+00
    111.632    13.7570   4.206699    35.2967       2449    10.2000  0.000e+00
    111.569    13.7502   4.204175    35.2793       2450    10.2042  0.000e+00
    111.503    13.7389   4.197016    35.2225       2451    10.2083  0.000e+00
    111.442    13.7139   4.190778    35.1869       2452    10.2125  0.000e+00
    111.370    13.6804   4.189447    35.2053       2453    10.2167  0.000e+00
    111.298    13.6556   4.187933    35.2139       2454    10.2208  0.000e+00
    111.219    13.6387   4.187845    35.2286       2455    10.2250  0.000e+00
    111.135    13.6285   4.185313    35.2143       2456    10.2292  0.000e+00
    111.059    13.6167   4.183269    35.2059       2457    10.2333  0.000e+00
    110.978    13.6034   4.182618    35.2121       2458    10.2375  0.000e+00
    110.893    13.5932   4.180270    35.1994       2459    10.2417  0.000e+00
    110.815    13.5820   4.178207    35.1904       2460    10.2458  0.000e+00
    110.730    13.5688   4.176871    35.1900       2461    10.2500  0.000e+00
    110.661    13.5568   4.175352    35.1867       2462    10.2542  0.000e+00
    110.579    13.5454   4.174945    35.1935       2463    10.2583  0.000e+00
    110.507    13.5379   4.174871    35.1997       2464    10.2625  0.000e+00
    110.426    13.5334   4.173196    35.1881       2465    10.2667  0.000e+00
    110.347    13.5270   4.172985    35.1921       2466    10.2708  0.000e+00
    110.272    13.5215   4.173196    35.1991       2467    10.2750  0.000e+00
    110.178    13.5200   4.172450    35.1935       2468    10.2792  0.000e+00
    110.082    13.5167   4.170789    35.1809       2469    10.2833  0.000e+00
    109.985    13.5090   4.170687    35.1871       2470    10.2875  0.000e+00
    109.894    13.5036   4.168816    35.1745       2471    10.2917  0.000e+00
