HB2302/sbe069.cnv
* Sea-Bird SBE 19plus V2 Data File:
* FileName = C:\cruise\data\sbe069.hex
* Software Version Seasave V 7.26.7.121
* Temperature SN = 4758
* Conductivity SN = 4758
* System UpLoad Time = Jun 15 2023 06:31:23
* NMEA Latitude = 40 41.91 N
* NMEA Longitude = 070 03.37 W
* NMEA UTC (Time) = Jun 15 2023 06:31:23
** Cruise: HB2302
** Program: Ecomon
** Chief Scientist: Jerry Prezioso
# nquan = 7
# nvalues = 1608                                  
# units = specified
# name 0 = depSM: Depth [salt water, m]
# name 1 = tv290C: Temperature [ITS-90, deg C]
# name 2 = c0S/m: Conductivity [S/m]
# name 3 = sal00: Salinity, Practical [PSU]
# name 4 = scan: Scan Count
# name 5 = timeM: Time, Elapsed [minutes]
# name 6 = flag:  0.000e+00
# span 0 =     -0.204,     40.995                 
# span 1 =    10.4313,    14.7723                 
# span 2 =   0.000086,   3.944125                 
# span 3 =     0.0076,    33.1966                 
# span 4 =         11,       1618                 
# span 5 =     0.0417,     6.7375                 
# span 6 = 0.0000e+00, 0.0000e+00                 
# interval = seconds: 0.25
# start_time = Jun 15 2023 06:31:23 [NMEA time, header]
# bad_flag = -9.990e-29
*END*
[from data line 1026]
     16.455    10.9164   3.599297    32.0375       1037     4.3167  0.000e+00
     16.395    10.9161   3.599418    32.0391       1038     4.3208  0.000e+00
     16.337    10.9164   3.599520    32.0399       1039     4.3250  0.000e+00
     16.265    10.9178   3.599539    32.0388       1040     4.3292  0.000e+00
     16.202    10.9189   3.599584    32.0384       1041     4.3333  0.000e+00
     16.135    10.9198   3.599718    32.0389       1042     4.3375  0.000e+00
     16.078    10.9210   3.599673    32.0375       1043     4.3417  0.000e+00
     16.036    10.9216   3.599590    32.0361       1044     4.3458  0.000e+00
     15.997    10.9215   3.599628    32.0366       1045     4.3500  0.000e+00
     15.966    10.9214   3.599584    32.0363       1046     4.3542  0.000e+00
     15.942    10.9212   3.599450    32.0351       1047     4.3583  0.000e+00
     15.927    10.9206   3.599520    32.0364       1048     4.3625  0.000e+00
     15.912    10.9197   3.599450    32.0364       1049     4.3667  0.000e+00
     15.897    10.9192   3.599482    32.0372       1050     4.3708  0.000e+00
     15.876    10.9187   3.599405    32.0368       1051     4.3750  0.000e+00
     15.855    10.9183   3.599386    32.0371       1052     4.3792  0.000e+00
     15.822    10.9178   3.599386    32.0375       1053     4.3833  0.000e+00
     15.786    10.9176   3.599475    32.0385       1054     4.3875  0.000e+00
     15.734    10.9179   3.599405    32.0376       1055     4.3917  0.000e+00
     15.686    10.9180   3.599430    32.0378       1056     4.3958  0.000e+00
     15.623    10.9180   3.599418    32.0377       1057     4.4000  0.000e+00
     15.565    10.9181   3.599386    32.0373       1058     4.4042  0.000e+00
     15.505    10.9181   3.599405    32.0375       1059     4.4083  0.000e+00
     15.439    10.9178   3.599405    32.0379       1060     4.4125  0.000e+00
     15.375    10.9179   3.599405    32.0378       1061     4.4167  0.000e+00
     15.306    10.9179   3.599449    32.0382       1062     4.4208  0.000e+00
     15.233    10.9181   3.599526    32.0389       1063     4.4250  0.000e+00
     15.161    10.9186   3.599520    32.0384       1064     4.4292  0.000e+00
     15.098    10.9196   3.599698    32.0393       1065     4.4333  0.000e+00
     15.040    10.9213   3.599852    32.0394       1066     4.4375  0.000e+00
     14.986    10.9233   3.599852    32.0377       1067     4.4417  0.000e+00
     14.947    10.9246   3.599941    32.0374       1068     4.4458  0.000e+00
     14.929    10.9258   3.599947    32.0364       1069     4.4500  0.000e+00
     14.923    10.9264   3.600094    32.0373       1070     4.4542  0.000e+00
     14.923    10.9277   3.600184    32.0372       1071     4.4583  0.000e+00
     14.932    10.9289   3.600165    32.0358       1072     4.4625  0.000e+00
     14.944    10.9295   3.600184    32.0355       1073     4.4667  0.000e+00
     14.965    10.9299   3.600050    32.0339       1074     4.4708  0.000e+00
     14.974    10.9291   3.599992    32.0340       1075     4.4750  0.000e+00
     14.974    10.9285   3.600030    32.0349       1076     4.4792  0.000e+00
     14.959    10.9282   3.600139    32.0362       1077     4.4833  0.000e+00
     14.920    10.9287   3.600209    32.0365       1078     4.4875  0.000e+00
     14.875    10.9297   3.600343    32.0370       1079     4.4917  0.000e+00
     14.811    10.9310   3.600433    32.0368       1080     4.4958  0.000e+00
     14.739    10.9321   3.600030    32.0319       1081     4.5000  0.000e+00
     14.666    10.9307   3.600075    32.0335       1082     4.5042  0.000e+00
     14.579    10.9301   3.600675    32.0400       1083     4.5083  0.000e+00
     14.500    10.9327   3.600988    32.0409       1084     4.5125  0.000e+00
     14.419    10.9371   3.600944    32.0366       1085     4.5167  0.000e+00
     14.347    10.9398   3.601122    32.0360       1086     4.5208  0.000e+00
     14.274    10.9419   3.601391    32.0369       1087     4.5250  0.000e+00
     14.217    10.9449   3.601627    32.0366       1088     4.5292  0.000e+00
     14.156    10.9485   3.601991    32.0371       1089     4.5333  0.000e+00
     14.111    10.9528   3.602304    32.0365       1090     4.5375  0.000e+00
     14.069    10.9578   3.602304    32.0322       1091     4.5417  0.000e+00
     14.024    10.9610   3.602483    32.0312       1092     4.5458  0.000e+00
     13.988    10.9636   3.602866    32.0327       1093     4.5500  0.000e+00
     13.945    10.9673   3.603416    32.0349       1094     4.5542  0.000e+00
     13.900    10.9731   3.603914    32.0348       1095     4.5583  0.000e+00
     13.852    10.9799   3.604182    32.0315       1096     4.5625  0.000e+00
     13.810    10.9859   3.605345    32.0378       1097     4.5667  0.000e+00
     13.774    10.9952   3.605300    32.0292       1098     4.5708  0.000e+00
     13.740    11.0030   3.605562    32.0250       1099     4.5750  0.000e+00
     13.707    11.0078   3.605722    32.0225       1100     4.5792  0.000e+00
     13.680    11.0112   3.605613    32.0185       1101     4.5833  0.000e+00
     13.650    11.0126   3.605946    32.0205       1102     4.5875  0.000e+00
     13.623    11.0145   3.606125    32.0206       1103     4.5917  0.000e+00
     13.587    11.0175   3.606438    32.0211       1104     4.5958  0.000e+00
     13.553    11.0220   3.607128    32.0240       1105     4.6000  0.000e+00
     13.526    11.0301   3.607927    32.0248       1106     4.6042  0.000e+00
     13.493    11.0395   3.608202    32.0193       1107     4.6083  0.000e+00
     13.451    11.0470   3.608272    32.0135       1108     4.6125  0.000e+00
     13.412    11.0515   3.608381    32.0107       1109     4.6167  0.000e+00
     13.357    11.0547   3.608605    32.0101       1110     4.6208  0.000e+00
     13.306    11.0579   3.608732    32.0086       1111     4.6250  0.000e+00
     13.243    11.0613   3.608720    32.0056       1112     4.6292  0.000e+00
     13.188    11.0638   3.608783    32.0041       1113     4.6333  0.000e+00
     13.128    11.0657   3.608854    32.0031       1114     4.6375  0.000e+00
     13.074    11.0671   3.608943    32.0028       1115     4.6417  0.000e+00
     13.007    11.0688   3.609435    32.0062       1116     4.6458  0.000e+00
     12.941    11.0730   3.610311    32.0112       1117     4.6500  0.000e+00
     12.881    11.0804   3.610350    32.0052       1118     4.6542  0.000e+00
     12.811    11.0866   3.610420    32.0005       1119     4.6583  0.000e+00
     12.751    11.0901   3.610394    31.9972       1120     4.6625  0.000e+00
     12.699    11.0917   3.610330    31.9952       1121     4.6667  0.000e+00
     12.645    11.0930   3.610349    31.9943       1122     4.6708  0.000e+00
     12.600    11.0936   3.610330    31.9936       1123     4.6750  0.000e+00
     12.561    11.0942   3.610241    31.9922       1124     4.6792  0.000e+00
     12.522    11.0942   3.610484    31.9946       1125     4.6833  0.000e+00
     12.488    11.0956   3.610573    31.9943       1126     4.6875  0.000e+00
     12.461    11.0972   3.610567    31.9928       1127     4.6917  0.000e+00
     12.437    11.0981   3.610305    31.9895       1128     4.6958  0.000e+00
     12.410    11.0977   3.610305    31.9898       1129     4.7000  0.000e+00
     12.383    11.0968   3.610215    31.9897       1130     4.7042  0.000e+00
     12.362    11.0962   3.610215    31.9903       1131     4.7083  0.000e+00
     12.341    11.0959   3.610484    31.9932       1132     4.7125  0.000e+00
     12.319    11.0975   3.610631    31.9933       1133     4.7167  0.000e+00
     12.301    11.0994   3.610509    31.9904       1134     4.7208  0.000e+00
     12.289    11.0998   3.610573    31.9907       1135     4.7250  0.000e+00
     12.265    11.0995   3.610886    31.9941       1136     4.7292  0.000e+00
     12.238    11.1013   3.611360    31.9972       1137     4.7333  0.000e+00
     12.199    11.1050   3.611270    31.9931       1138     4.7375  0.000e+00
     12.163    11.1075   3.611289    31.9912       1139     4.7417  0.000e+00
     12.111    11.1081   3.611647    31.9941       1140     4.7458  0.000e+00
     12.057    11.1098   3.611961    31.9958       1141     4.7500  0.000e+00
     11.985    11.1132   3.612364    31.9968       1142     4.7542  0.000e+00
     11.909    11.1180   3.613195    32.0009       1143     4.7583  0.000e+00
     11.834    11.1234   3.613169    31.9960       1144     4.7625  0.000e+00
     11.743    11.1273   3.614135    32.0021       1145     4.7667  0.000e+00
     11.665    11.1340   3.615684    32.0115       1146     4.7708  0.000e+00
     11.589    11.1454   3.615728    32.0021       1147     4.7750  0.000e+00
     11.514    11.1541   3.616374    32.0009       1148     4.7792  0.000e+00
     11.444    11.1617   3.616515    31.9958       1149     4.7833  0.000e+00
     11.372    11.1665   3.616464    31.9911       1150     4.7875  0.000e+00
     11.309    11.1684   3.617763    32.0023       1151     4.7917  0.000e+00
     11.251    11.1759   3.619696    32.0147       1152     4.7958  0.000e+00
     11.188    11.1892   3.619043    31.9968       1153     4.8000  0.000e+00
     11.152    11.1965   3.621392    32.0135       1154     4.8042  0.000e+00
     11.110    11.2086   3.621270    32.0019       1155     4.8083  0.000e+00
     11.085    11.2166   3.617628    31.9591       1156     4.8125  0.000e+00
     11.064    11.2057   3.618575    31.9779       1157     4.8167  0.000e+00
     11.058    11.1970   3.617698    31.9768       1158     4.8208  0.000e+00
     11.061    11.1916   3.618761    31.9920       1159     4.8250  0.000e+00
     11.073    11.1920   3.618575    31.9898       1160     4.8292  0.000e+00
     11.089    11.1927   3.618729    31.9907       1161     4.8333  0.000e+00
     11.101    11.1946   3.619875    32.0003       1162     4.8375  0.000e+00
     11.107    11.1993   3.619081    31.9885       1163     4.8417  0.000e+00
     11.116    11.2008   3.618396    31.9804       1164     4.8458  0.000e+00
     11.119    11.1968   3.617474    31.9748       1165     4.8500  0.000e+00
     11.098    11.1888   3.617922    31.9862       1166     4.8542  0.000e+00
     11.071    11.1866   3.617628    31.9852       1167     4.8583  0.000e+00
     11.037    11.1848   3.617455    31.9851       1168     4.8625  0.000e+00
     10.983    11.1828   3.618012    31.9923       1169     4.8667  0.000e+00
     10.917    11.1843   3.617430    31.9853       1170     4.8708  0.000e+00
     10.856    11.1834   3.616892    31.9809       1171     4.8750  0.000e+00
     10.778    11.1800   3.617878    31.9935       1172     4.8792  0.000e+00
     10.714    11.1818   3.619100    32.0040       1173     4.8833  0.000e+00
     10.645    11.1892   3.619471    32.0013       1174     4.8875  0.000e+00
     10.579    11.1970   3.619810    31.9979       1175     4.8917  0.000e+00
     10.536    11.2022   3.620617    32.0012       1176     4.8958  0.000e+00
     10.485    11.2093   3.621379    32.0026       1177     4.9000  0.000e+00
     10.452    11.2169   3.620534    31.9877       1178     4.9042  0.000e+00
     10.440    11.2177   3.621174    31.9933       1179     4.9083  0.000e+00
     10.413    11.2199   3.621584    31.9954       1180     4.9125  0.000e+00
     10.392    11.2232   3.619945    31.9764       1181     4.9167  0.000e+00
     10.380    11.2190   3.620546    31.9860       1182     4.9208  0.000e+00
     10.368    11.2166   3.620982    31.9924       1183     4.9250  0.000e+00
     10.347    11.2184   3.622121    32.0020       1184     4.9292  0.000e+00
     10.331    11.2246   3.622256    31.9980       1185     4.9333  0.000e+00
     10.307    11.2304   3.621583    31.9864       1186     4.9375  0.000e+00
     10.283    11.2299   3.621020    31.9812       1187     4.9417  0.000e+00
     10.256    11.2269   3.621948    31.9930       1188     4.9458  0.000e+00
     10.226    11.2282   3.622838    32.0006       1189     4.9500  0.000e+00
     10.187    11.2348   3.622499    31.9916       1190     4.9542  0.000e+00
     10.138    11.2370   3.622819    31.9928       1191     4.9583  0.000e+00
     10.087    11.2392   3.624945    32.0118       1192     4.9625  0.000e+00
     10.030    11.2507   3.626572    32.0178       1193     4.9667  0.000e+00
      9.966    11.2664   3.626572    32.0042       1194     4.9708  0.000e+00
      9.915    11.2775   3.628801    32.0164       1195     4.9750  0.000e+00
      9.858    11.2921   3.628686    32.0027       1196     4.9792  0.000e+00
      9.822    11.3015   3.627725    31.9851       1197     4.9833  0.000e+00
      9.807    11.3014   3.628103    31.9889       1198     4.9875  0.000e+00
      9.782    11.3024   3.629993    32.0066       1199     4.9917  0.000e+00
      9.773    11.3120   3.631031    32.0084       1200     4.9958  0.000e+00
      9.780    11.3232   3.629762    31.9863       1201     5.0000  0.000e+00
      9.770    11.3242   3.628346    31.9716       1202     5.0042  0.000e+00
      9.780    11.3163   3.627923    31.9742       1203     5.0083  0.000e+00
      9.786    11.3083   3.627898    31.9809       1204     5.0125  0.000e+00
      9.789    11.3033   3.626168    31.9683       1205     5.0167  0.000e+00
      9.789    11.2946   3.626078    31.9749       1206     5.0208  0.000e+00
      9.783    11.2867   3.626322    31.9842       1207     5.0250  0.000e+00
      9.771    11.2834   3.625713    31.9811       1208     5.0292  0.000e+00
      9.740    11.2796   3.626546    31.9926       1209     5.0333  0.000e+00
      9.698    11.2813   3.626636    31.9920       1210     5.0375  0.000e+00
      9.629    11.2829   3.626751    31.9917       1211     5.0417  0.000e+00
      9.550    11.2844   3.627494    31.9978       1212     5.0458  0.000e+00
      9.457    11.2888   3.626636    31.9856       1213     5.0500  0.000e+00
      9.357    11.2880   3.625944    31.9795       1214     5.0542  0.000e+00
      9.255    11.2829   3.625969    31.9842       1215     5.0583  0.000e+00
      9.161    11.2809   3.628936    32.0151       1216     5.0625  0.000e+00
      9.098    11.2935   3.633371    32.0477       1217     5.0667  0.000e+00
      9.043    11.3240   3.634294    32.0303       1218     5.0708  0.000e+00
      9.004    11.3482   3.633883    32.0053       1219     5.0750  0.000e+00
      8.995    11.3595   3.633934    31.9960       1220     5.0792  0.000e+00
      9.001    11.3648   3.634345    31.9954       1221     5.0833  0.000e+00
      9.007    11.3692   3.634954    31.9976       1222     5.0875  0.000e+00
      9.037    11.3744   3.634896    31.9924       1223     5.0917  0.000e+00
      9.065    11.3756   3.631793    31.9611       1224     5.0958  0.000e+00
      9.092    11.3633   3.630287    31.9569       1225     5.1000  0.000e+00
      9.122    11.3474   3.630986    31.9776       1226     5.1042  0.000e+00
      9.137    11.3360   3.626782    31.9463       1227     5.1083  0.000e+00
      9.140    11.3153   3.626795    31.9644       1228     5.1125  0.000e+00
      9.113    11.3003   3.627289    31.9822       1229     5.1167  0.000e+00
      9.080    11.2954   3.627603    31.9895       1230     5.1208  0.000e+00
      9.028    11.2953   3.627359    31.9872       1231     5.1250  0.000e+00
      8.977    11.2946   3.627295    31.9872       1232     5.1292  0.000e+00
      8.908    11.2936   3.627468    31.9899       1233     5.1333  0.000e+00
      8.838    11.2941   3.630647    32.0206       1234     5.1375  0.000e+00
      8.766    11.3096   3.634858    32.0485       1235     5.1417  0.000e+00
      8.694    11.3408   3.635922    32.0318       1236     5.1458  0.000e+00
      8.615    11.3655   3.637140    32.0224       1237     5.1500  0.000e+00
      8.564    11.3843   3.635832    31.9932       1238     5.1542  0.000e+00
      8.516    11.3872   3.630171    31.9354       1239     5.1583  0.000e+00
      8.464    11.3638   3.629524    31.9493       1240     5.1625  0.000e+00
