HB2302/sbe035.cnv
* Sea-Bird SBE 19plus V2 Data File:
* FileName = C:\cruise\data\sbe035.hex
* Software Version Seasave V 7.26.7.121
* Temperature SN = 4758
* Conductivity SN = 4758
* System UpLoad Time = Jun 12 2023 07:09:42
* NMEA Latitude = 36 08.26 N
* NMEA Longitude = 075 34.67 W
* NMEA UTC (Time) = Jun 12 2023 07:09:43
** Cruise: HB2302
** Program: Ecomon
** Chief Scientist: Jerry Prezioso
# nquan = 7
# nvalues = 1406                                  
# units = specified
# name 0 = depSM: Depth [salt water, m]
# name 1 = tv290C: Temperature [ITS-90, deg C]
# name 2 = c0S/m: Conductivity [S/m]
# name 3 = sal00: Salinity, Practical [PSU]
# name 4 = scan: Scan Count
# name 5 = timeM: Time, Elapsed [minutes]
# name 6 = flag:  0.000e+00
# span 0 =     -0.109,     19.906                 
# span 1 =    16.0618,    21.2164                 
# span 2 =   0.000002,   4.236549                 
# span 3 =     0.0105,    32.7832                 
# span 4 =         11,       1416                 
# span 5 =     0.0417,     5.8958                 
# span 6 = 0.0000e+00, 0.0000e+00                 
# interval = seconds: 0.25
# start_time = Jun 12 2023 07:09:43 [NMEA time, header]
# bad_flag = -9.990e-29
*END*
     -0.100    21.2063   0.000011     0.0106         11     0.0417  0.000e+00
     -0.097    21.2071   0.000011     0.0106         12     0.0458  0.000e+00
     -0.103    21.2065   0.000017     0.0105         13     0.0500  0.000e+00
     -0.103    21.2066   0.000005     0.0106         14     0.0542  0.000e+00
     -0.106    21.2062   0.000008     0.0106         15     0.0583  0.000e+00
     -0.103    21.2065   0.000011     0.0106         16     0.0625  0.000e+00
     -0.103    21.2062   0.000011     0.0106         17     0.0667  0.000e+00
     -0.094    21.2064   0.000014     0.0106         18     0.0708  0.000e+00
     -0.100    21.2061   0.000011     0.0106         19     0.0750  0.000e+00
     -0.103    21.2068   0.000008     0.0106         20     0.0792  0.000e+00
     -0.106    21.2063   0.000017     0.0105         21     0.0833  0.000e+00
     -0.103    21.2064   0.000014     0.0106         22     0.0875  0.000e+00
     -0.103    21.2059   0.000017     0.0105         23     0.0917  0.000e+00
     -0.100    21.2061   0.000017     0.0105         24     0.0958  0.000e+00
     -0.094    21.2059   0.000014     0.0106         25     0.1000  0.000e+00
     -0.100    21.2059   0.000017     0.0105         26     0.1042  0.000e+00
     -0.103    21.2060   0.000014     0.0106         27     0.1083  0.000e+00
     -0.097    21.2056   0.000011     0.0106         28     0.1125  0.000e+00
     -0.106    21.2059   0.000017     0.0105         29     0.1167  0.000e+00
     -0.103    21.2058   0.000005     0.0106         30     0.1208  0.000e+00
     -0.103    21.2054   0.000011     0.0106         31     0.1250  0.000e+00
     -0.103    21.2060   0.000008     0.0106         32     0.1292  0.000e+00
     -0.100    21.2052   0.000017     0.0105         33     0.1333  0.000e+00
     -0.103    21.2059   0.000014     0.0106         34     0.1375  0.000e+00
     -0.100    21.2053   0.000017     0.0105         35     0.1417  0.000e+00
     -0.106    21.2055   0.000011     0.0106         36     0.1458  0.000e+00
     -0.103    21.2059   0.000014     0.0106         37     0.1500  0.000e+00
     -0.103    21.2053   0.000011     0.0106         38     0.1542  0.000e+00
     -0.106    21.2052   0.000014     0.0106         39     0.1583  0.000e+00
     -0.103    21.2053   0.000011     0.0106         40     0.1625  0.000e+00
     -0.106    21.2053   0.000014     0.0106         41     0.1667  0.000e+00
     -0.103    21.2053   0.000011     0.0106         42     0.1708  0.000e+00
     -0.100    21.2053   0.000011     0.0106         43     0.1750  0.000e+00
     -0.100    21.2054   0.000002     0.0107         44     0.1792  0.000e+00
     -0.097    21.2053   0.000017     0.0105         45     0.1833  0.000e+00
     -0.097    21.2049   0.000014     0.0106         46     0.1875  0.000e+00
     -0.100    21.2049   0.000017     0.0105         47     0.1917  0.000e+00
     -0.103    21.2049   0.000020     0.0105         48     0.1958  0.000e+00
     -0.097    21.2048   0.000008     0.0106         49     0.2000  0.000e+00
     -0.097    21.2045   0.000011     0.0106         50     0.2042  0.000e+00
     -0.106    21.2047   0.000014     0.0106         51     0.2083  0.000e+00
     -0.103    21.2048   0.000011     0.0106         52     0.2125  0.000e+00
     -0.100    21.2044   0.000017     0.0105         53     0.2167  0.000e+00
     -0.103    21.2044   0.000017     0.0105         54     0.2208  0.000e+00
     -0.106    21.2048   0.000017     0.0105         55     0.2250  0.000e+00
     -0.100    21.2043   0.000017     0.0105         56     0.2292  0.000e+00
     -0.103    21.2044   0.000017     0.0105         57     0.2333  0.000e+00
     -0.103    21.2041   0.000014     0.0106         58     0.2375  0.000e+00
     -0.100    21.2044   0.000017     0.0105         59     0.2417  0.000e+00
     -0.106    21.2041   0.000014     0.0106         60     0.2458  0.000e+00
     -0.106    21.2041   0.000020     0.0105         61     0.2500  0.000e+00
     -0.103    21.2038   0.000017     0.0105         62     0.2542  0.000e+00
     -0.106    21.2039   0.000014     0.0106         63     0.2583  0.000e+00
     -0.106    21.2043   0.000011     0.0106         64     0.2625  0.000e+00
     -0.100    21.2039   0.000023     0.0105         65     0.2667  0.000e+00
     -0.100    21.2040   0.000017     0.0105         66     0.2708  0.000e+00
     -0.100    21.2038   0.000017     0.0105         67     0.2750  0.000e+00
     -0.100    21.2038   0.000008     0.0106         68     0.2792  0.000e+00
     -0.097    21.2038   0.000017     0.0105         69     0.2833  0.000e+00
     -0.106    21.2040   0.000017     0.0105         70     0.2875  0.000e+00
     -0.097    21.2036   0.000017     0.0105         71     0.2917  0.000e+00
     -0.103    21.2038   0.000017     0.0105         72     0.2958  0.000e+00
     -0.100    21.2037   0.000020     0.0105         73     0.3000  0.000e+00
     -0.097    21.2038   0.000011     0.0106         74     0.3042  0.000e+00
     -0.103    21.2038   0.000017     0.0105         75     0.3083  0.000e+00
     -0.103    21.2034   0.000017     0.0105         76     0.3125  0.000e+00
     -0.103    21.2034   0.000017     0.0105         77     0.3167  0.000e+00
     -0.097    21.2034   0.000011     0.0106         78     0.3208  0.000e+00
     -0.097    21.2029   0.000017     0.0105         79     0.3250  0.000e+00
     -0.097    21.2033   0.000023     0.0105         80     0.3292  0.000e+00
     -0.100    21.2035   0.000020     0.0105         81     0.3333  0.000e+00
     -0.097    21.2033   0.000023     0.0105         82     0.3375  0.000e+00
     -0.100    21.2033   0.000020     0.0105         83     0.3417  0.000e+00
     -0.097    21.2033   0.000017     0.0105         84     0.3458  0.000e+00
     -0.103    21.2035   0.000020     0.0105         85     0.3500  0.000e+00
     -0.103    21.2033   0.000017     0.0105         86     0.3542  0.000e+00
     -0.097    21.2029   0.000014     0.0106         87     0.3583  0.000e+00
     -0.109    21.2029   0.000020     0.0105         88     0.3625  0.000e+00
     -0.097    21.2031   0.000017     0.0105         89     0.3667  0.000e+00
     -0.100    21.2032   0.000011     0.0106         90     0.3708  0.000e+00
     -0.100    21.2031   0.000017     0.0105         91     0.3750  0.000e+00
     -0.103    21.2029   0.000017     0.0105         92     0.3792  0.000e+00
     -0.100    21.2030   0.000011     0.0106         93     0.3833  0.000e+00
     -0.103    21.2029   0.000008     0.0106         94     0.3875  0.000e+00
     -0.103    21.2028   0.000020     0.0105         95     0.3917  0.000e+00
     -0.097    21.2030   0.000014     0.0106         96     0.3958  0.000e+00
     -0.103    21.2028   0.000017     0.0105         97     0.4000  0.000e+00
     -0.094    21.2024   0.000017     0.0105         98     0.4042  0.000e+00
     -0.094    21.2031   0.000017     0.0105         99     0.4083  0.000e+00
     -0.100    21.2030   0.000017     0.0105        100     0.4125  0.000e+00
     -0.100    21.2027   0.000023     0.0105        101     0.4167  0.000e+00
     -0.100    21.2028   0.000017     0.0105        102     0.4208  0.000e+00
     -0.100    21.2026   0.000023     0.0105        103     0.4250  0.000e+00
     -0.097    21.2027   0.000020     0.0105        104     0.4292  0.000e+00
     -0.100    21.2029   0.000017     0.0105        105     0.4333  0.000e+00
     -0.097    21.2031   0.000023     0.0105        106     0.4375  0.000e+00
     -0.100    21.2030   0.000005     0.0106        107     0.4417  0.000e+00
     -0.097    21.2026   0.000014     0.0106        108     0.4458  0.000e+00
     -0.097    21.2030   0.000017     0.0105        109     0.4500  0.000e+00
     -0.097    21.2027   0.000020     0.0105        110     0.4542  0.000e+00
     -0.091    21.2025   0.000017     0.0105        111     0.4583  0.000e+00
     -0.100    21.2026   0.000020     0.0105        112     0.4625  0.000e+00
     -0.103    21.2027   0.000014     0.0106        113     0.4667  0.000e+00
     -0.097    21.2026   0.000020     0.0105        114     0.4708  0.000e+00
     -0.094    21.2027   0.000023     0.0105        115     0.4750  0.000e+00
     -0.094    21.2029   0.000026     0.0105        116     0.4792  0.000e+00
     -0.097    21.2026   0.000017     0.0105        117     0.4833  0.000e+00
     -0.097    21.2025   0.000017     0.0105        118     0.4875  0.000e+00
     -0.100    21.2026   0.000017     0.0105        119     0.4917  0.000e+00
     -0.100    21.2024   0.000023     0.0105        120     0.4958  0.000e+00
     -0.100    21.2025   0.000017     0.0105        121     0.5000  0.000e+00
     -0.094    21.2022   0.000017     0.0105        122     0.5042  0.000e+00
     -0.100    21.2025   0.000017     0.0105        123     0.5083  0.000e+00
     -0.097    21.2023   0.000020     0.0105        124     0.5125  0.000e+00
     -0.103    21.2024   0.000023     0.0105        125     0.5167  0.000e+00
     -0.097    21.2028   0.000017     0.0105        126     0.5208  0.000e+00
     -0.100    21.2025   0.000023     0.0105        127     0.5250  0.000e+00
     -0.094    21.2025   0.000011     0.0106        128     0.5292  0.000e+00
     -0.094    21.2022   0.000017     0.0105        129     0.5333  0.000e+00
     -0.097    21.2019   0.000017     0.0105        130     0.5375  0.000e+00
     -0.091    21.2021   0.000020     0.0105        131     0.5417  0.000e+00
     -0.094    21.2023   0.000014     0.0106        132     0.5458  0.000e+00
     -0.100    21.2019   0.000017     0.0105        133     0.5500  0.000e+00
     -0.094    21.2047   0.000014     0.0106        134     0.5542  0.000e+00
      0.012    21.2102   0.000005     0.0106        135     0.5583  0.000e+00
      0.106    21.2164   0.904449     5.4964        136     0.5625  0.000e+00
      0.142    21.2069   2.496372    16.5307        137     0.5667  0.000e+00
      0.118    21.1085   2.480439    16.4526        138     0.5708  0.000e+00
      0.091    21.0140   3.671207    25.3937        139     0.5750  0.000e+00
      0.103    20.9565   3.285954    22.4931        140     0.5792  0.000e+00
      0.166    20.9007   3.935958    27.5066        141     0.5833  0.000e+00
      0.218    20.8437   4.061365    28.5210        142     0.5875  0.000e+00
      0.315    20.7963   4.170470    29.4081        143     0.5917  0.000e+00
      0.496    20.7533   4.218906    29.8190        144     0.5958  0.000e+00
      0.708    20.7075   4.220201    29.8612        145     0.6000  0.000e+00
      0.946    20.6560   4.221476    29.9073        146     0.6042  0.000e+00
      1.194    20.5996   4.222608    29.9558        147     0.6083  0.000e+00
      1.418    20.5535   4.222486    29.9873        148     0.6125  0.000e+00
      1.633    20.5099   4.222766    30.0202        149     0.6167  0.000e+00
      1.851    20.4711   4.223441    30.0530        150     0.6208  0.000e+00
      2.047    20.4393   4.225404    30.0910        151     0.6250  0.000e+00
      2.228    20.4126   4.226570    30.1192        152     0.6292  0.000e+00
      2.413    20.3967   4.227225    30.1356        153     0.6333  0.000e+00
      2.558    20.3878   4.228118    30.1490        154     0.6375  0.000e+00
      2.664    20.3899   4.229434    30.1579        155     0.6417  0.000e+00
      2.718    20.4013   4.231180    30.1637        156     0.6458  0.000e+00
      2.721    20.4121   4.233321    30.1730        157     0.6500  0.000e+00
      2.643    20.4119   4.227668    30.1283        158     0.6542  0.000e+00
      2.522    20.3509   4.217557    30.0912        159     0.6583  0.000e+00
      2.383    20.2520   4.214583    30.1379        160     0.6625  0.000e+00
      2.253    20.1641   4.213787    30.1943        161     0.6667  0.000e+00
      2.168    20.1067   4.214605    30.2419        162     0.6708  0.000e+00
      2.096    20.0756   4.215062    30.2679        163     0.6750  0.000e+00
      2.047    20.0588   4.219148    30.3127        164     0.6792  0.000e+00
      2.023    20.0513   4.223031    30.3492        165     0.6833  0.000e+00
      2.023    20.0530   4.223277    30.3499        166     0.6875  0.000e+00
      2.050    20.0815   4.225062    30.3438        167     0.6917  0.000e+00
      2.108    20.1252   4.227767    30.3340        168     0.6958  0.000e+00
      2.174    20.1815   4.228973    30.3032        169     0.7000  0.000e+00
      2.262    20.2446   4.230125    30.2672        170     0.7042  0.000e+00
      2.362    20.3028   4.230294    30.2269        171     0.7083  0.000e+00
      2.455    20.3442   4.230382    30.1981        172     0.7125  0.000e+00
      2.540    20.3682   4.230416    30.1812        173     0.7167  0.000e+00
      2.591    20.3813   4.230764    30.1746        174     0.7208  0.000e+00
      2.628    20.3888   4.231234    30.1730        175     0.7250  0.000e+00
      2.637    20.3939   4.232141    30.1766        176     0.7292  0.000e+00
      2.631    20.3980   4.234276    30.1907        177     0.7333  0.000e+00
      2.597    20.4004   4.235115    30.1957        178     0.7375  0.000e+00
      2.558    20.3997   4.234747    30.1932        179     0.7417  0.000e+00
      2.510    20.3736   4.234481    30.2097        180     0.7458  0.000e+00
      2.479    20.3361   4.234870    30.2396        181     0.7500  0.000e+00
      2.461    20.3168   4.236549    30.2667        182     0.7542  0.000e+00
      2.458    20.3060   4.234612    30.2590        183     0.7583  0.000e+00
      2.483    20.3078   4.233077    30.2455        184     0.7625  0.000e+00
      2.531    20.3406   4.233192    30.2229        185     0.7667  0.000e+00
      2.600    20.3717   4.231153    30.1846        186     0.7708  0.000e+00
      2.691    20.3927   4.230368    30.1634        187     0.7750  0.000e+00
      2.785    20.4004   4.230593    30.1596        188     0.7792  0.000e+00
      2.900    20.3978   4.230886    30.1638        189     0.7833  0.000e+00
      3.000    20.3928   4.230614    30.1651        190     0.7875  0.000e+00
      3.102    20.3886   4.230396    30.1663        191     0.7917  0.000e+00
      3.193    20.3835   4.230048    30.1672        192     0.7958  0.000e+00
      3.260    20.3769   4.230075    30.1721        193     0.8000  0.000e+00
      3.299    20.3689   4.230123    30.1781        194     0.8042  0.000e+00
      3.329    20.3634   4.230396    30.1842        195     0.8083  0.000e+00
      3.314    20.3611   4.231624    30.1957        196     0.8125  0.000e+00
      3.290    20.3615   4.234475    30.2180        197     0.8167  0.000e+00
      3.238    20.3625   4.234147    30.2148        198     0.8208  0.000e+00
      3.178    20.3525   4.231330    30.1995        199     0.8250  0.000e+00
      3.127    20.3097   4.228774    30.2096        200     0.8292  0.000e+00
      3.115    20.2548   4.232137    30.2757        201     0.8333  0.000e+00
      3.139    20.2182   4.232485    30.3046        202     0.8375  0.000e+00
      3.202    20.2204   4.232758    30.3052        203     0.8417  0.000e+00
      3.278    20.2632   4.231543    30.2649        204     0.8458  0.000e+00
      3.369    20.3081   4.230274    30.2227        205     0.8500  0.000e+00
      3.459    20.3340   4.229306    30.1965        206     0.8542  0.000e+00
      3.547    20.3382   4.229606    30.1958        207     0.8583  0.000e+00
      3.629    20.3323   4.229783    30.2014        208     0.8625  0.000e+00
      3.692    20.3275   4.229817    30.2051        209     0.8667  0.000e+00
      3.746    20.3249   4.229851    30.2072        210     0.8708  0.000e+00
      3.780    20.3237   4.229920    30.2086        211     0.8750  0.000e+00
      3.795    20.3240   4.230049    30.2094        212     0.8792  0.000e+00
      3.807    20.3232   4.230274    30.2118        213     0.8833  0.000e+00
      3.807    20.3230   4.230411    30.2130        214     0.8875  0.000e+00
      3.789    20.3239   4.230738    30.2149        215     0.8917  0.000e+00
