HB2302/sbe016.cnv
* Sea-Bird SBE 19plus V2 Data File:
* FileName = C:\cruise\data\sbe016.hex
* Software Version Seasave V 7.26.7.121
* Temperature SN = 4758
* Conductivity SN = 4758
* System UpLoad Time = Jun 10 2023 11:33:06
* NMEA Latitude = 39 23.33 N
* NMEA Longitude = 072 48.35 W
* NMEA UTC (Time) = Jun 10 2023 11:33:07
** Cruise: HB2302
** Program: Ecomon
** Chief Scientist: Jerry Prezioso
# nquan = 7
# nvalues = 1877                                  
# units = specified
# name 0 = depSM: Depth [salt water, m]
# name 1 = tv290C: Temperature [ITS-90, deg C]
# name 2 = c0S/m: Conductivity [S/m]
# name 3 = sal00: Salinity, Practical [PSU]
# name 4 = scan: Scan Count
# name 5 = timeM: Time, Elapsed [minutes]
# name 6 = flag:  0.000e+00
# span 0 =     -0.146,     70.157                 
# span 1 =     6.7823,    15.8520                 
# span 2 =   0.000035,   4.149142                 
# span 3 =     0.0080,    34.0402                 
# span 4 =         11,       1887                 
# span 5 =     0.0417,     7.8583                 
# span 6 = 0.0000e+00, 0.0000e+00                 
# interval = seconds: 0.25
# start_time = Jun 10 2023 11:33:07 [NMEA time, header]
# bad_flag = -9.990e-29
*END*
[from data line 1642]
      5.742    13.4680   3.932229    33.0259       1653     6.8833  0.000e+00
      5.721    13.4702   3.932679    33.0282       1654     6.8875  0.000e+00
      5.690    13.4726   3.933010    33.0292       1655     6.8917  0.000e+00
      5.654    13.4757   3.933030    33.0267       1656     6.8958  0.000e+00
      5.615    13.4785   3.933572    33.0294       1657     6.9000  0.000e+00
      5.576    13.4817   3.934115    33.0317       1658     6.9042  0.000e+00
      5.539    13.4862   3.935181    33.0379       1659     6.9083  0.000e+00
      5.503    13.4934   3.936286    33.0419       1660     6.9125  0.000e+00
      5.482    13.5029   3.937021    33.0406       1661     6.9167  0.000e+00
      5.467    13.5120   3.937968    33.0416       1662     6.9208  0.000e+00
      5.467    13.5211   3.939763    33.0505       1663     6.9250  0.000e+00
      5.470    13.5337   3.940425    33.0458       1664     6.9292  0.000e+00
      5.470    13.5443   3.940425    33.0366       1665     6.9333  0.000e+00
      5.470    13.5501   3.940424    33.0316       1666     6.9375  0.000e+00
      5.473    13.5524   3.940424    33.0296       1667     6.9417  0.000e+00
      5.464    13.5532   3.940491    33.0295       1668     6.9458  0.000e+00
      5.449    13.5546   3.941815    33.0407       1669     6.9500  0.000e+00
      5.400    13.5602   3.942856    33.0457       1670     6.9542  0.000e+00
      5.346    13.5694   3.945274    33.0603       1671     6.9583  0.000e+00
      5.267    13.5836   3.946056    33.0553       1672     6.9625  0.000e+00
      5.198    13.5961   3.946884    33.0523       1673     6.9667  0.000e+00
      5.132    13.6151   3.960580    33.1637       1674     6.9708  0.000e+00
      5.080    13.6981   3.962411    33.1089       1675     6.9750  0.000e+00
      5.059    13.7826   3.964721    33.0574       1676     6.9792  0.000e+00
      5.035    13.8360   3.959151    32.9597       1677     6.9833  0.000e+00
      5.029    13.8402   3.964933    33.0097       1678     6.9875  0.000e+00
      5.041    13.8590   3.958958    32.9382       1679     6.9917  0.000e+00
      5.044    13.8495   3.952284    32.8844       1680     6.9958  0.000e+00
      5.065    13.7935   3.952384    32.9333       1681     7.0000  0.000e+00
      5.077    13.7520   3.950435    32.9509       1682     7.0042  0.000e+00
      5.071    13.7160   3.948281    32.9619       1683     7.0083  0.000e+00
      5.059    13.6792   3.943569    32.9497       1684     7.0125  0.000e+00
      5.026    13.6384   3.946406    33.0113       1685     7.0167  0.000e+00
      4.983    13.6259   3.947427    33.0317       1686     7.0208  0.000e+00
      4.947    13.6343   3.951173    33.0594       1687     7.0250  0.000e+00
      4.899    13.6631   3.953951    33.0604       1688     7.0292  0.000e+00
      4.868    13.6996   3.957845    33.0651       1689     7.0333  0.000e+00
      4.844    13.7439   3.960267    33.0495       1690     7.0375  0.000e+00
      4.826    13.7855   3.962935    33.0384       1691     7.0417  0.000e+00
      4.823    13.8261   3.969462    33.0640       1692     7.0458  0.000e+00
      4.817    13.8887   3.970797    33.0225       1693     7.0500  0.000e+00
      4.805    13.9363   3.970298    32.9770       1694     7.0542  0.000e+00
      4.793    13.9647   3.974591    32.9924       1695     7.0583  0.000e+00
      4.772    13.9970   3.974045    32.9597       1696     7.0625  0.000e+00
      4.741    14.0151   3.974544    32.9487       1697     7.0667  0.000e+00
      4.699    14.0269   3.975667    32.9490       1698     7.0708  0.000e+00
      4.651    14.0411   3.977249    32.9515       1699     7.0750  0.000e+00
      4.606    14.0574   3.978153    32.9460       1700     7.0792  0.000e+00
      4.551    14.0726   3.981890    32.9675       1701     7.0833  0.000e+00
      4.503    14.1001   3.985363    32.9760       1702     7.0875  0.000e+00
      4.442    14.1378   3.987179    32.9605       1703     7.0917  0.000e+00
      4.382    14.1667   3.985861    32.9237       1704     7.0958  0.000e+00
      4.322    14.1784   3.988816    32.9409       1705     7.1000  0.000e+00
      4.264    14.1956   3.996068    32.9930       1706     7.1042  0.000e+00
      4.189    14.2400   3.993589    32.9323       1707     7.1083  0.000e+00
      4.146    14.2609   3.994428    32.9222       1708     7.1125  0.000e+00
      4.098    14.2732   3.998058    32.9451       1709     7.1167  0.000e+00
      4.059    14.2941   3.997918    32.9261       1710     7.1208  0.000e+00
      4.032    14.3091   3.998544    32.9190       1711     7.1250  0.000e+00
      4.017    14.3196   3.999430    32.9182       1712     7.1292  0.000e+00
      4.016    14.3282   3.996066    32.8800       1713     7.1333  0.000e+00
      4.016    14.3216   3.997125    32.8953       1714     7.1375  0.000e+00
      4.022    14.3166   3.996885    32.8974       1715     7.1417  0.000e+00
      4.022    14.3130   3.996359    32.8956       1716     7.1458  0.000e+00
      4.028    14.3097   3.998804    32.9209       1717     7.1500  0.000e+00
      4.025    14.3198   4.004830    32.9676       1718     7.1542  0.000e+00
      4.007    14.3532   4.004976    32.9405       1719     7.1583  0.000e+00
      3.977    14.3777   4.003162    32.9030       1720     7.1625  0.000e+00
      3.941    14.3821   4.002562    32.8938       1721     7.1667  0.000e+00
      3.889    14.3788   4.002589    32.8968       1722     7.1708  0.000e+00
      3.835    14.3766   4.002729    32.9000       1723     7.1750  0.000e+00
      3.793    14.3755   4.002129    32.8954       1724     7.1792  0.000e+00
      3.763    14.3736   4.003382    32.9085       1725     7.1833  0.000e+00
      3.741    14.3758   4.004675    32.9185       1726     7.1875  0.000e+00
      3.711    14.3848   4.005936    32.9225       1727     7.1917  0.000e+00
      3.669    14.3969   4.005309    32.9064       1728     7.1958  0.000e+00
      3.605    14.4015   4.005215    32.9017       1729     7.2000  0.000e+00
      3.512    14.4020   4.005475    32.9037       1730     7.2042  0.000e+00
      3.403    14.4025   4.005288    32.9016       1731     7.2083  0.000e+00
      3.291    14.4026   4.004782    32.8969       1732     7.2125  0.000e+00
      3.195    14.4008   4.006035    32.9100       1733     7.2167  0.000e+00
      3.125    14.4045   4.008009    32.9249       1734     7.2208  0.000e+00
      3.074    14.4162   4.007816    32.9133       1735     7.2250  0.000e+00
      3.026    14.4239   4.007715    32.9058       1736     7.2292  0.000e+00
      2.995    14.4259   4.006682    32.8946       1737     7.2333  0.000e+00
      2.986    14.4234   4.008229    32.9109       1738     7.2375  0.000e+00
      2.971    14.4262   4.008082    32.9073       1739     7.2417  0.000e+00
      2.947    14.4287   4.006755    32.8930       1740     7.2458  0.000e+00
      2.932    14.4249   4.006442    32.8933       1741     7.2500  0.000e+00
      2.908    14.4193   4.006802    32.9014       1742     7.2542  0.000e+00
      2.862    14.4180   4.008276    32.9160       1743     7.2583  0.000e+00
      2.811    14.4249   4.011544    32.9401       1744     7.2625  0.000e+00
      2.754    14.4441   4.011991    32.9279       1745     7.2667  0.000e+00
      2.711    14.4591   4.011611    32.9116       1746     7.2708  0.000e+00
      2.684    14.4652   4.011991    32.9100       1747     7.2750  0.000e+00
      2.675    14.4690   4.010783    32.8957       1748     7.2792  0.000e+00
      2.675    14.4667   4.007915    32.8714       1749     7.2833  0.000e+00
      2.684    14.4511   4.006294    32.8698       1750     7.2875  0.000e+00
      2.684    14.4313   4.005114    32.8758       1751     7.2917  0.000e+00
      2.690    14.4183   4.008442    32.9174       1752     7.2958  0.000e+00
      2.672    14.4183   4.004401    32.8804       1753     7.3000  0.000e+00
      2.639    14.4083   4.005741    32.9011       1754     7.3042  0.000e+00
      2.590    14.4041   4.005501    32.9026       1755     7.3083  0.000e+00
      2.524    14.4043   4.007695    32.9225       1756     7.3125  0.000e+00
      2.427    14.4131   4.007915    32.9171       1757     7.3167  0.000e+00
      2.325    14.4191   4.004608    32.8817       1758     7.3208  0.000e+00
      2.228    14.4107   4.004588    32.8887       1759     7.3250  0.000e+00
      2.146    14.4015   4.005601    32.9058       1760     7.3292  0.000e+00
      2.068    14.4013   4.005501    32.9052       1761     7.3333  0.000e+00
      2.007    14.4015   4.005481    32.9048       1762     7.3375  0.000e+00
      1.971    14.4014   4.005741    32.9073       1763     7.3417  0.000e+00
      1.926    14.4022   4.002848    32.8801       1764     7.3458  0.000e+00
      1.877    14.3937   4.007675    32.9316       1765     7.3500  0.000e+00
      1.835    14.4002   4.004754    32.8993       1766     7.3542  0.000e+00
      1.784    14.4035   4.010977    32.9536       1767     7.3583  0.000e+00
      1.717    14.4269   4.012138    32.9443       1768     7.3625  0.000e+00
      1.633    14.4503   4.012164    32.9247       1769     7.3667  0.000e+00
      1.572    14.4635   4.012698    32.9183       1770     7.3708  0.000e+00
      1.524    14.4721   4.012464    32.9089       1771     7.3750  0.000e+00
      1.494    14.4757   4.012551    32.9067       1772     7.3792  0.000e+00
      1.479    14.4771   4.012504    32.9050       1773     7.3833  0.000e+00
      1.464    14.4773   4.011970    32.9000       1774     7.3875  0.000e+00
      1.436    14.4751   4.011777    32.9001       1775     7.3917  0.000e+00
      1.394    14.4729   4.011923    32.9033       1776     7.3958  0.000e+00
      1.367    14.4718   4.012017    32.9051       1777     7.4000  0.000e+00
      1.331    14.4718   4.011777    32.9029       1778     7.4042  0.000e+00
      1.297    14.4710   4.011723    32.9031       1779     7.4083  0.000e+00
      1.252    14.4703   4.011483    32.9016       1780     7.4125  0.000e+00
      1.225    14.4685   4.011363    32.9020       1781     7.4167  0.000e+00
      1.216    14.4672   4.011343    32.9030       1782     7.4208  0.000e+00
      1.204    14.4663   4.011290    32.9032       1783     7.4250  0.000e+00
      1.174    14.4652   4.011223    32.9035       1784     7.4292  0.000e+00
      1.131    14.4646   4.011170    32.9036       1785     7.4333  0.000e+00
      1.047    14.4638   4.011123    32.9038       1786     7.4375  0.000e+00
      0.962    14.4633   4.011356    32.9065       1787     7.4417  0.000e+00
      0.881    14.4637   4.011003    32.9029       1788     7.4458  0.000e+00
      0.814    14.4632   4.011076    32.9040       1789     7.4500  0.000e+00
      0.775    14.4625   4.011269    32.9064       1790     7.4542  0.000e+00
      0.778    14.4631   4.011343    32.9065       1791     7.4583  0.000e+00
      0.796    14.4643   4.011483    32.9069       1792     7.4625  0.000e+00
      0.796    14.4655   4.011583    32.9067       1793     7.4667  0.000e+00
      0.796    14.4666   4.011463    32.9047       1794     7.4708  0.000e+00
      0.781    14.4665   4.011029    32.9008       1795     7.4750  0.000e+00
      0.708    14.4644   4.011083    32.9031       1796     7.4792  0.000e+00
      0.527    14.4628   4.010596    32.9001       1797     7.4833  0.000e+00
      0.237    14.4600   4.010015    32.8972       1798     7.4875  0.000e+00
     -0.022    14.4560   4.010062    32.9012       1799     7.4917  0.000e+00
     -0.059    14.4554   2.277942    17.6286       1800     7.4958  0.000e+00
      0.119    14.4554   3.903376    31.9275       1801     7.5000  0.000e+00
      0.282    14.4552   4.009388    32.8956       1802     7.5042  0.000e+00
      0.300    14.4553   4.010495    32.9056       1803     7.5083  0.000e+00
      0.297    14.4556   4.010469    32.9052       1804     7.5125  0.000e+00
      0.282    14.4557   4.010522    32.9055       1805     7.5167  0.000e+00
      0.216    14.4557   4.010449    32.9049       1806     7.5208  0.000e+00
      0.216    14.4556   4.010569    32.9061       1807     7.5250  0.000e+00
      0.228    14.4562   4.010849    32.9082       1808     7.5292  0.000e+00
      0.213    14.4578   4.010495    32.9035       1809     7.5333  0.000e+00
      0.192    14.4574   4.010809    32.9068       1810     7.5375  0.000e+00
      0.137    14.4577   4.010736    32.9059       1811     7.5417  0.000e+00
      0.083    14.4585   4.010662    32.9045       1812     7.5458  0.000e+00
      0.031    14.4580   4.010836    32.9066       1813     7.5500  0.000e+00
     -0.044    14.4587   4.011243    32.9098       1814     7.5542  0.000e+00
     -0.041    14.4612   4.011363    32.9087       1815     7.5583  0.000e+00
     -0.032    14.4631   4.011376    32.9072       1816     7.5625  0.000e+00
     -0.017    14.4643   4.011289    32.9054       1817     7.5667  0.000e+00
      0.004    14.4644   4.011289    32.9053       1818     7.5708  0.000e+00
     -0.071    14.4644   3.020078    24.0221       1819     7.5750  0.000e+00
     -0.105    14.4649   0.830675     5.9084       1820     7.5792  0.000e+00
     -0.105    14.4623   0.620405     4.3213       1821     7.5833  0.000e+00
     -0.105    14.4552   0.814881     5.7892       1822     7.5875  0.000e+00
     -0.102    14.4503   0.722295     5.0871       1823     7.5917  0.000e+00
     -0.096    14.4488   1.815021    13.7604       1824     7.5958  0.000e+00
     -0.096    14.4499   3.029988    24.1181       1825     7.6000  0.000e+00
     -0.102    14.4509   1.912846    14.5693       1826     7.6042  0.000e+00
     -0.102    14.4508   2.176563    16.7745       1827     7.6083  0.000e+00
     -0.108    14.4506   1.781346    13.4822       1828     7.6125  0.000e+00
     -0.102    14.4502   1.735419    13.1046       1829     7.6167  0.000e+00
     -0.108    14.4495   0.563495     3.9002       1830     7.6208  0.000e+00
     -0.105    14.4484   0.559083     3.8677       1831     7.6250  0.000e+00
     -0.105    14.4473   0.829814     5.9045       1832     7.6292  0.000e+00
     -0.105    14.4456   0.458196     3.1282       1833     7.6333  0.000e+00
     -0.105    14.4446   0.320840     2.1423       1834     7.6375  0.000e+00
     -0.108    14.4428   0.253054     1.6667       1835     7.6417  0.000e+00
     -0.102    14.4411   0.212623     1.3871       1836     7.6458  0.000e+00
     -0.105    14.4396   0.187243     1.2133       1837     7.6500  0.000e+00
     -0.108    14.4377   0.169104     1.0901       1838     7.6542  0.000e+00
     -0.105    14.4360   0.158034     1.0154       1839     7.6583  0.000e+00
     -0.105    14.4338   0.147159     0.9422       1840     7.6625  0.000e+00
     -0.096    14.4320   0.134458     0.8572       1841     7.6667  0.000e+00
     -0.105    14.4303   0.125965     0.8007       1842     7.6708  0.000e+00
     -0.102    14.4281   0.121691     0.7723       1843     7.6750  0.000e+00
     -0.099    14.4259   0.114999     0.7280       1844     7.6792  0.000e+00
     -0.106    14.4231   0.109874     0.6942       1845     7.6833  0.000e+00
     -0.106    14.4196   0.104466     0.6586       1846     7.6875  0.000e+00
     -0.106    14.4164   0.103964     0.6554       1847     7.6917  0.000e+00
     -0.103    14.4136   0.100993     0.6359       1848     7.6958  0.000e+00
     -0.097    14.4106   0.093301     0.5855       1849     7.7000  0.000e+00
     -0.100    14.4084   0.083040     0.5187       1850     7.7042  0.000e+00
     -0.097    14.4063   0.076404     0.4757       1851     7.7083  0.000e+00
     -0.106    14.4041   0.072975     0.4535       1852     7.7125  0.000e+00
     -0.109    14.4019   0.070063     0.4348       1853     7.7167  0.000e+00
     -0.109    14.4001   0.064652     0.4001       1854     7.7208  0.000e+00
     -0.106    14.3985   0.059123     0.3647       1855     7.7250  0.000e+00
     -0.103    14.3971   0.054760     0.3370       1856     7.7292  0.000e+00
