HB2302/sbe073.cnv
* Sea-Bird SBE 19plus V2 Data File:
* FileName = C:\cruise\data\sbe073.hex
* Software Version Seasave V 7.26.7.121
* Temperature SN = 4758
* Conductivity SN = 4758
* System UpLoad Time = Jun 15 2023 14:05:08
* NMEA Latitude = 40 10.48 N
* NMEA Longitude = 069 26.86 W
* NMEA UTC (Time) = Jun 15 2023 14:05:09
** Cruise: HB2302
** Program: Ecomon
** Chief Scientist: Jerry Prezioso
# nquan = 7
# nvalues = 2547                                  
# units = specified
# name 0 = depSM: Depth [salt water, m]
# name 1 = tv290C: Temperature [ITS-90, deg C]
# name 2 = c0S/m: Conductivity [S/m]
# name 3 = sal00: Salinity, Practical [PSU]
# name 4 = scan: Scan Count
# name 5 = timeM: Time, Elapsed [minutes]
# name 6 = flag:  0.000e+00
# span 0 =     -0.123,     79.894                 
# span 1 =     7.2534,    16.6772                 
# span 2 =   0.000035,   4.329677                 
# span 3 =     0.0082,    34.4339                 
# span 4 =         11,       2557                 
# span 5 =     0.0417,    10.6500                 
# span 6 = 0.0000e+00, 0.0000e+00                 
# interval = seconds: 0.25
# start_time = Jun 15 2023 14:05:09 [NMEA time, header]
# bad_flag = -9.990e-29
*END*
[from data line 1642]
     61.964     7.9314   3.452326    33.2263       1653     6.8833  0.000e+00
     61.792     7.9247   3.450605    33.2144       1654     6.8875  0.000e+00
     61.647     7.9163   3.448570    33.2007       1655     6.8917  0.000e+00
     61.506     7.9053   3.447911    33.2041       1656     6.8958  0.000e+00
     61.406     7.8962   3.447798    33.2117       1657     6.9000  0.000e+00
     61.313     7.8910   3.447314    33.2115       1658     6.9042  0.000e+00
     61.246     7.8868   3.446492    33.2067       1659     6.9083  0.000e+00
     61.186     7.8823   3.445406    33.1994       1660     6.9125  0.000e+00
     61.150     7.8767   3.443535    33.1847       1661     6.9167  0.000e+00
     61.120     7.8693   3.443950    33.1962       1662     6.9208  0.000e+00
     61.096     7.8641   3.443542    33.1968       1663     6.9250  0.000e+00
     61.078     7.8613   3.443184    33.1956       1664     6.9292  0.000e+00
     61.068     7.8598   3.442443    33.1891       1665     6.9333  0.000e+00
     61.053     7.8570   3.441446    33.1811       1666     6.9375  0.000e+00
     61.020     7.8519   3.441132    33.1826       1667     6.9417  0.000e+00
     60.978     7.8482   3.440981    33.1846       1668     6.9458  0.000e+00
     60.930     7.8465   3.440473    33.1807       1669     6.9500  0.000e+00
     60.870     7.8465   3.440285    33.1787       1670     6.9542  0.000e+00
     60.800     7.8469   3.440097    33.1764       1671     6.9583  0.000e+00
     60.722     7.8488   3.439990    33.1734       1672     6.9625  0.000e+00
     60.631     7.8488   3.439927    33.1729       1673     6.9667  0.000e+00
     60.553     7.8479   3.439777    33.1722       1674     6.9708  0.000e+00
     60.465     7.8475   3.439726    33.1720       1675     6.9750  0.000e+00
     60.384     7.8471   3.439990    33.1753       1676     6.9792  0.000e+00
     60.312     7.8469   3.439758    33.1730       1677     6.9833  0.000e+00
     60.239     7.8464   3.439607    33.1719       1678     6.9875  0.000e+00
     60.188     7.8457   3.439682    33.1734       1679     6.9917  0.000e+00
     60.137     7.8464   3.440034    33.1764       1680     6.9958  0.000e+00
     60.094     7.8471   3.439802    33.1733       1681     7.0000  0.000e+00
     60.058     7.8461   3.440285    33.1795       1682     7.0042  0.000e+00
     60.016     7.8490   3.440303    33.1769       1683     7.0083  0.000e+00
     59.971     7.8523   3.440128    33.1720       1684     7.0125  0.000e+00
     59.904     7.8543   3.440391    33.1730       1685     7.0167  0.000e+00
     59.841     7.8549   3.440391    33.1724       1686     7.0208  0.000e+00
     59.763     7.8552   3.440410    33.1723       1687     7.0250  0.000e+00
     59.669     7.8555   3.440128    33.1691       1688     7.0292  0.000e+00
     59.567     7.8561   3.440033    33.1675       1689     7.0333  0.000e+00
     59.446     7.8566   3.440071    33.1675       1690     7.0375  0.000e+00
     59.313     7.8568   3.440115    33.1678       1691     7.0417  0.000e+00
     59.187     7.8564   3.440115    33.1683       1692     7.0458  0.000e+00
     59.051     7.8562   3.439864    33.1659       1693     7.0500  0.000e+00
     58.918     7.8569   3.439437    33.1607       1694     7.0542  0.000e+00
     58.792     7.8586   3.439312    33.1578       1695     7.0583  0.000e+00
     58.677     7.8609   3.439161    33.1541       1696     7.0625  0.000e+00
     58.577     7.8633   3.439148    33.1517       1697     7.0667  0.000e+00
     58.487     7.8650   3.439161    33.1502       1698     7.0708  0.000e+00
     58.412     7.8663   3.439205    33.1496       1699     7.0750  0.000e+00
     58.333     7.8671   3.439230    33.1491       1700     7.0792  0.000e+00
     58.279     7.8680   3.439506    33.1512       1701     7.0833  0.000e+00
     58.228     7.8690   3.439481    33.1500       1702     7.0875  0.000e+00
     58.188     7.8696   3.439330    33.1478       1703     7.0917  0.000e+00
     58.155     7.8692   3.439418    33.1492       1704     7.0958  0.000e+00
     58.122     7.8688   3.439543    33.1509       1705     7.1000  0.000e+00
     58.092     7.8691   3.439462    33.1498       1706     7.1042  0.000e+00
     58.056     7.8696   3.439481    33.1495       1707     7.1083  0.000e+00
     58.017     7.8700   3.439499    33.1494       1708     7.1125  0.000e+00
     57.971     7.8697   3.439587    33.1506       1709     7.1167  0.000e+00
     57.914     7.8702   3.439481    33.1491       1710     7.1208  0.000e+00
     57.848     7.8716   3.439462    33.1475       1711     7.1250  0.000e+00
     57.775     7.8737   3.439437    33.1453       1712     7.1292  0.000e+00
     57.694     7.8735   3.439462    33.1458       1713     7.1333  0.000e+00
     57.613     7.8726   3.439418    33.1463       1714     7.1375  0.000e+00
     57.516     7.8734   3.439462    33.1460       1715     7.1417  0.000e+00
     57.423     7.8743   3.439462    33.1452       1716     7.1458  0.000e+00
     57.320     7.8764   3.439499    33.1436       1717     7.1500  0.000e+00
     57.227     7.8790   3.439543    33.1417       1718     7.1542  0.000e+00
     57.136     7.8824   3.439593    33.1390       1719     7.1583  0.000e+00
     57.055     7.8859   3.439562    33.1354       1720     7.1625  0.000e+00
     56.973     7.8883   3.439693    33.1345       1721     7.1667  0.000e+00
     56.892     7.8899   3.439775    33.1339       1722     7.1708  0.000e+00
     56.819     7.8913   3.439794    33.1329       1723     7.1750  0.000e+00
     56.753     7.8923   3.439863    33.1327       1724     7.1792  0.000e+00
     56.678     7.8936   3.439800    33.1308       1725     7.1833  0.000e+00
     56.602     7.8946   3.439668    33.1285       1726     7.1875  0.000e+00
     56.530     7.8956   3.439668    33.1276       1727     7.1917  0.000e+00
     56.464     7.8963   3.439750    33.1278       1728     7.1958  0.000e+00
     56.385     7.8973   3.439731    33.1267       1729     7.2000  0.000e+00
     56.304     7.8978   3.439712    33.1260       1730     7.2042  0.000e+00
     56.231     7.8982   3.439693    33.1255       1731     7.2083  0.000e+00
     56.150     7.8982   3.439260    33.1209       1732     7.2125  0.000e+00
     56.071     7.8973   3.439078    33.1199       1733     7.2167  0.000e+00
     55.984     7.8959   3.438890    33.1192       1734     7.2208  0.000e+00
     55.906     7.8952   3.439542    33.1269       1735     7.2250  0.000e+00
     55.830     7.8960   3.439574    33.1265       1736     7.2292  0.000e+00
     55.761     7.8970   3.439586    33.1257       1737     7.2333  0.000e+00
     55.689     7.8972   3.439078    33.1201       1738     7.2375  0.000e+00
     55.631     7.8963   3.439141    33.1217       1739     7.2417  0.000e+00
     55.577     7.8957   3.439059    33.1215       1740     7.2458  0.000e+00
     55.532     7.8953   3.438858    33.1197       1741     7.2500  0.000e+00
     55.474     7.8944   3.438846    33.1205       1742     7.2542  0.000e+00
     55.429     7.8938   3.438758    33.1201       1743     7.2583  0.000e+00
     55.381     7.8934   3.438783    33.1207       1744     7.2625  0.000e+00
     55.330     7.8933   3.438746    33.1205       1745     7.2667  0.000e+00
     55.275     7.8932   3.438758    33.1207       1746     7.2708  0.000e+00
     55.215     7.8931   3.438695    33.1201       1747     7.2750  0.000e+00
     55.149     7.8930   3.438676    33.1201       1748     7.2792  0.000e+00
     55.088     7.8929   3.438758    33.1210       1749     7.2833  0.000e+00
     55.016     7.8929   3.438789    33.1214       1750     7.2875  0.000e+00
     54.947     7.8931   3.438651    33.1198       1751     7.2917  0.000e+00
     54.862     7.8931   3.438632    33.1197       1752     7.2958  0.000e+00
     54.772     7.8926   3.438676    33.1206       1753     7.3000  0.000e+00
     54.681     7.8927   3.438632    33.1201       1754     7.3042  0.000e+00
     54.582     7.8925   3.438651    33.1205       1755     7.3083  0.000e+00
     54.464     7.8926   3.438632    33.1203       1756     7.3125  0.000e+00
     54.344     7.8925   3.438613    33.1203       1757     7.3167  0.000e+00
     54.220     7.8926   3.438726    33.1215       1758     7.3208  0.000e+00
     54.099     7.8928   3.438651    33.1205       1759     7.3250  0.000e+00
     53.979     7.8928   3.438695    33.1211       1760     7.3292  0.000e+00
     53.864     7.8929   3.438613    33.1201       1761     7.3333  0.000e+00
     53.752     7.8928   3.438463    33.1187       1762     7.3375  0.000e+00
     53.662     7.8923   3.438482    33.1194       1763     7.3417  0.000e+00
     53.565     7.8919   3.438212    33.1169       1764     7.3458  0.000e+00
     53.493     7.8912   3.438274    33.1183       1765     7.3500  0.000e+00
     53.433     7.8908   3.438488    33.1210       1766     7.3542  0.000e+00
     53.391     7.8911   3.438569    33.1216       1767     7.3583  0.000e+00
     53.360     7.8918   3.438419    33.1193       1768     7.3625  0.000e+00
     53.336     7.8916   3.438400    33.1193       1769     7.3667  0.000e+00
     53.318     7.8916   3.438419    33.1195       1770     7.3708  0.000e+00
     53.291     7.8914   3.438300    33.1184       1771     7.3750  0.000e+00
     53.240     7.8911   3.438187    33.1176       1772     7.3792  0.000e+00
     53.189     7.8907   3.438187    33.1180       1773     7.3833  0.000e+00
     53.110     7.8904   3.438187    33.1183       1774     7.3875  0.000e+00
     53.020     7.8901   3.438168    33.1184       1775     7.3917  0.000e+00
     52.902     7.8900   3.438080    33.1176       1776     7.3958  0.000e+00
     52.769     7.8897   3.437597    33.1128       1777     7.4000  0.000e+00
     52.622     7.8885   3.437534    33.1133       1778     7.4042  0.000e+00
     52.477     7.8873   3.437195    33.1109       1779     7.4083  0.000e+00
     52.323     7.8862   3.436342    33.1029       1780     7.4125  0.000e+00
     52.181     7.8839   3.436161    33.1032       1781     7.4167  0.000e+00
     52.051     7.8823   3.435903    33.1020       1782     7.4208  0.000e+00
     51.949     7.8814   3.435653    33.1002       1783     7.4250  0.000e+00
     51.861     7.8803   3.435389    33.0985       1784     7.4292  0.000e+00
     51.798     7.8788   3.434956    33.0953       1785     7.4333  0.000e+00
     51.750     7.8767   3.434260    33.0899       1786     7.4375  0.000e+00
     51.738     7.8737   3.433270    33.0822       1787     7.4417  0.000e+00
     51.726     7.8692   3.433145    33.0851       1788     7.4458  0.000e+00
     51.729     7.8663   3.433057    33.0869       1789     7.4500  0.000e+00
     51.729     7.8647   3.433308    33.0911       1790     7.4542  0.000e+00
     51.732     7.8642   3.433414    33.0927       1791     7.4583  0.000e+00
     51.717     7.8643   3.433163    33.0899       1792     7.4625  0.000e+00
     51.681     7.8639   3.432906    33.0876       1793     7.4667  0.000e+00
     51.623     7.8631   3.432405    33.0830       1794     7.4708  0.000e+00
     51.545     7.8617   3.431835    33.0782       1795     7.4750  0.000e+00
     51.458     7.8597   3.431051    33.0718       1796     7.4792  0.000e+00
     51.337     7.8558   3.429146    33.0552       1797     7.4833  0.000e+00
     51.198     7.8487   3.428732    33.0576       1798     7.4875  0.000e+00
     51.053     7.8419   3.427404    33.0498       1799     7.4917  0.000e+00
     50.903     7.8344   3.426220    33.0443       1800     7.4958  0.000e+00
     50.746     7.8260   3.425657    33.0463       1801     7.5000  0.000e+00
     50.583     7.8197   3.424667    33.0418       1802     7.5042  0.000e+00
     50.429     7.8137   3.424185    33.0423       1803     7.5083  0.000e+00
     50.305     7.8086   3.423897    33.0441       1804     7.5125  0.000e+00
     50.173     7.8049   3.422776    33.0357       1805     7.5167  0.000e+00
     50.067     7.8008   3.422313    33.0347       1806     7.5208  0.000e+00
     49.980     7.7972   3.421724    33.0318       1807     7.5250  0.000e+00
     49.907     7.7949   3.421417    33.0307       1808     7.5292  0.000e+00
     49.853     7.7937   3.421323    33.0309       1809     7.5333  0.000e+00
     49.808     7.7939   3.421449    33.0321       1810     7.5375  0.000e+00
     49.778     7.7951   3.421661    33.0332       1811     7.5417  0.000e+00
     49.738     7.7975   3.421705    33.0314       1812     7.5458  0.000e+00
     49.714     7.7998   3.421661    33.0288       1813     7.5500  0.000e+00
     49.675     7.8014   3.421411    33.0246       1814     7.5542  0.000e+00
     49.627     7.8020   3.421173    33.0215       1815     7.5583  0.000e+00
     49.576     7.8013   3.421092    33.0213       1816     7.5625  0.000e+00
     49.497     7.8004   3.420672    33.0177       1817     7.5667  0.000e+00
     49.404     7.7987   3.420465    33.0172       1818     7.5708  0.000e+00
     49.304     7.7967   3.420109    33.0153       1819     7.5750  0.000e+00
     49.193     7.7945   3.420021    33.0165       1820     7.5792  0.000e+00
     49.066     7.7933   3.421260    33.0310       1821     7.5833  0.000e+00
     48.930     7.7983   3.421517    33.0291       1822     7.5875  0.000e+00
     48.810     7.8050   3.420972    33.0169       1823     7.5917  0.000e+00
     48.686     7.8076   3.420653    33.0111       1824     7.5958  0.000e+00
     48.577     7.8072   3.420359    33.0084       1825     7.6000  0.000e+00
     48.469     7.8061   3.420327    33.0091       1826     7.6042  0.000e+00
     48.378     7.8050   3.420083    33.0076       1827     7.6083  0.000e+00
     48.303     7.8038   3.419032    32.9975       1828     7.6125  0.000e+00
     48.228     7.8005   3.417123    32.9802       1829     7.6167  0.000e+00
     48.188     7.7936   3.416310    32.9781       1830     7.6208  0.000e+00
     48.152     7.7864   3.415865    32.9801       1831     7.6250  0.000e+00
     48.125     7.7810   3.415571    32.9821       1832     7.6292  0.000e+00
     48.098     7.7767   3.415052    32.9806       1833     7.6333  0.000e+00
     48.071     7.7731   3.414983    32.9833       1834     7.6375  0.000e+00
     48.041     7.7710   3.414840    32.9838       1835     7.6417  0.000e+00
     47.992     7.7694   3.414733    32.9842       1836     7.6458  0.000e+00
     47.929     7.7681   3.414452    32.9823       1837     7.6500  0.000e+00
     47.857     7.7665   3.414164    32.9809       1838     7.6542  0.000e+00
     47.748     7.7643   3.413476    32.9756       1839     7.6583  0.000e+00
     47.634     7.7608   3.412356    32.9670       1840     7.6625  0.000e+00
     47.498     7.7552   3.411862    32.9670       1841     7.6667  0.000e+00
     47.350     7.7494   3.411675    32.9705       1842     7.6708  0.000e+00
     47.193     7.7457   3.411631    32.9737       1843     7.6750  0.000e+00
     47.033     7.7435   3.411124    32.9704       1844     7.6792  0.000e+00
     46.889     7.7411   3.410999    32.9714       1845     7.6833  0.000e+00
     46.750     7.7394   3.410962    32.9726       1846     7.6875  0.000e+00
     46.638     7.7385   3.411012    32.9741       1847     7.6917  0.000e+00
     46.539     7.7384   3.411062    32.9748       1848     7.6958  0.000e+00
     46.460     7.7390   3.410999    32.9736       1849     7.7000  0.000e+00
     46.412     7.7395   3.410636    32.9692       1850     7.7042  0.000e+00
     46.382     7.7391   3.410330    32.9663       1851     7.7083  0.000e+00
     46.367     7.7379   3.410205    32.9662       1852     7.7125  0.000e+00
     46.367     7.7370   3.410224    32.9672       1853     7.7167  0.000e+00
     46.355     7.7365   3.410218    32.9676       1854     7.7208  0.000e+00
     46.334     7.7360   3.410099    32.9668       1855     7.7250  0.000e+00
     46.300     7.7357   3.409892    32.9649       1856     7.7292  0.000e+00
