HB2302/sbe014.cnv
* Sea-Bird SBE 19plus V2 Data File:
* FileName = C:\cruise\data\sbe014.hex
* Software Version Seasave V 7.26.7.121
* Temperature SN = 4758
* Conductivity SN = 4758
* System UpLoad Time = Jun 10 2023 07:13:17
* NMEA Latitude = 39 48.56 N
* NMEA Longitude = 072 09.06 W
* NMEA UTC (Time) = Jun 10 2023 07:13:19
** Cruise: HB2302
** Program: Ecomon
** Chief Scientist: Jerry Prezioso
# nquan = 7
# nvalues = 2057                                  
# units = specified
# name 0 = depSM: Depth [salt water, m]
# name 1 = tv290C: Temperature [ITS-90, deg C]
# name 2 = c0S/m: Conductivity [S/m]
# name 3 = sal00: Salinity, Practical [PSU]
# name 4 = scan: Scan Count
# name 5 = timeM: Time, Elapsed [minutes]
# name 6 = flag:  0.000e+00
# span 0 =     -0.164,     87.398                 
# span 1 =     7.7095,    15.2423                 
# span 2 =   0.000044,   4.130328                 
# span 3 =     0.0077,    34.0464                 
# span 4 =         11,       2067                 
# span 5 =     0.0417,     8.6083                 
# span 6 = 0.0000e+00, 0.0000e+00                 
# interval = seconds: 0.25
# start_time = Jun 10 2023 07:13:19 [NMEA time, header]
# bad_flag = -9.990e-29
*END*
[from data line 1231]
     39.535     8.5954   3.511409    33.2354       1242     5.1708  0.000e+00
     39.460     8.6207   3.512364    33.2217       1243     5.1750  0.000e+00
     39.384     8.6386   3.513098    33.2126       1244     5.1792  0.000e+00
     39.309     8.6511   3.514072    33.2111       1245     5.1833  0.000e+00
     39.234     8.6610   3.514464    33.2059       1246     5.1875  0.000e+00
     39.173     8.6687   3.515312    33.2076       1247     5.1917  0.000e+00
     39.113     8.6762   3.516178    33.2098       1248     5.1958  0.000e+00
     39.056     8.6839   3.516634    33.2073       1249     5.2000  0.000e+00
     39.010     8.6901   3.517064    33.2061       1250     5.2042  0.000e+00
     38.953     8.6956   3.517368    33.2041       1251     5.2083  0.000e+00
     38.905     8.7002   3.517786    33.2042       1252     5.2125  0.000e+00
     38.851     8.7043   3.518089    33.2035       1253     5.2167  0.000e+00
     38.811     8.7086   3.518564    33.2045       1254     5.2208  0.000e+00
     38.763     8.7126   3.518823    33.2035       1255     5.2250  0.000e+00
     38.706     8.7162   3.519456    33.2068       1256     5.2292  0.000e+00
     38.658     8.7210   3.520172    33.2098       1257     5.2333  0.000e+00
     38.594     8.7268   3.520279    33.2055       1258     5.2375  0.000e+00
     38.537     8.7311   3.520323    33.2020       1259     5.2417  0.000e+00
     38.474     8.7335   3.520323    33.1997       1260     5.2458  0.000e+00
     38.414     8.7349   3.520412    33.1994       1261     5.2500  0.000e+00
     38.341     8.7363   3.520456    33.1986       1262     5.2542  0.000e+00
     38.278     8.7376   3.520456    33.1974       1263     5.2583  0.000e+00
     38.205     8.7383   3.520456    33.1968       1264     5.2625  0.000e+00
     38.142     8.7387   3.520456    33.1964       1265     5.2667  0.000e+00
     38.070     8.7387   3.519215    33.1834       1266     5.2708  0.000e+00
     38.000     8.7357   3.518500    33.1787       1267     5.2750  0.000e+00
     37.937     8.7312   3.518260    33.1805       1268     5.2792  0.000e+00
     37.868     8.7280   3.518044    33.1813       1269     5.2833  0.000e+00
     37.804     8.7255   3.517285    33.1757       1270     5.2875  0.000e+00
     37.744     8.7220   3.516019    33.1657       1271     5.2917  0.000e+00
     37.693     8.7166   3.515133    33.1615       1272     5.2958  0.000e+00
     37.642     8.7101   3.513900    33.1547       1273     5.3000  0.000e+00
     37.584     8.7038   3.512837    33.1495       1274     5.3042  0.000e+00
     37.542     8.6985   3.511837    33.1440       1275     5.3083  0.000e+00
     37.512     8.6928   3.511559    33.1465       1276     5.3125  0.000e+00
     37.464     8.6883   3.511471    33.1498       1277     5.3167  0.000e+00
     37.419     8.6859   3.511319    33.1504       1278     5.3208  0.000e+00
     37.376     8.6844   3.511275    33.1514       1279     5.3250  0.000e+00
     37.325     8.6837   3.511344    33.1528       1280     5.3292  0.000e+00
     37.283     8.6838   3.511907    33.1586       1281     5.3333  0.000e+00
     37.223     8.6861   3.513615    33.1744       1282     5.3375  0.000e+00
     37.168     8.6950   3.516070    33.1919       1283     5.3417  0.000e+00
     37.102     8.7135   3.524452    33.2624       1284     5.3458  0.000e+00
     37.036     8.7550   3.527543    33.2558       1285     5.3500  0.000e+00
     36.963     8.7986   3.527460    33.2141       1286     5.3542  0.000e+00
     36.897     8.8238   3.527219    33.1880       1287     5.3583  0.000e+00
     36.822     8.8349   3.527808    33.1839       1288     5.3625  0.000e+00
     36.752     8.8407   3.528024    33.1807       1289     5.3667  0.000e+00
     36.686     8.8455   3.528087    33.1769       1290     5.3708  0.000e+00
     36.605     8.8485   3.528309    33.1765       1291     5.3750  0.000e+00
     36.535     8.8504   3.528283    33.1744       1292     5.3792  0.000e+00
     36.463     8.8518   3.528391    33.1743       1293     5.3833  0.000e+00
     36.387     8.8527   3.528264    33.1722       1294     5.3875  0.000e+00
     36.315     8.8528   3.528549    33.1751       1295     5.3917  0.000e+00
     36.261     8.8538   3.529221    33.1812       1296     5.3958  0.000e+00
     36.198     8.8569   3.529177    33.1779       1297     5.4000  0.000e+00
     36.140     8.8591   3.529310    33.1772       1298     5.4042  0.000e+00
     36.086     8.8606   3.529436    33.1771       1299     5.4083  0.000e+00
     36.035     8.8619   3.529373    33.1753       1300     5.4125  0.000e+00
     35.990     8.8625   3.529132    33.1722       1301     5.4167  0.000e+00
     35.950     8.8619   3.529050    33.1719       1302     5.4208  0.000e+00
     35.905     8.8614   3.529354    33.1757       1303     5.4250  0.000e+00
     35.857     8.8615   3.529481    33.1769       1304     5.4292  0.000e+00
     35.809     8.8625   3.529550    33.1767       1305     5.4333  0.000e+00
     35.754     8.8635   3.529202    33.1722       1306     5.4375  0.000e+00
     35.697     8.8630   3.529569    33.1765       1307     5.4417  0.000e+00
     35.631     8.8633   3.529202    33.1724       1308     5.4458  0.000e+00
     35.580     8.8628   3.528416    33.1646       1309     5.4500  0.000e+00
     35.513     8.8598   3.528676    33.1702       1310     5.4542  0.000e+00
     35.450     8.8582   3.528587    33.1708       1311     5.4583  0.000e+00
     35.384     8.8574   3.528391    33.1696       1312     5.4625  0.000e+00
     35.314     8.8563   3.528372    33.1704       1313     5.4667  0.000e+00
     35.242     8.8553   3.528213    33.1697       1314     5.4708  0.000e+00
     35.175     8.8542   3.528264    33.1713       1315     5.4750  0.000e+00
     35.103     8.8539   3.528283    33.1718       1316     5.4792  0.000e+00
     35.022     8.8538   3.528238    33.1715       1317     5.4833  0.000e+00
     34.937     8.8536   3.528549    33.1750       1318     5.4875  0.000e+00
     34.859     8.8544   3.528631    33.1751       1319     5.4917  0.000e+00
     34.765     8.8556   3.528479    33.1724       1320     5.4958  0.000e+00
     34.690     8.8557   3.528435    33.1719       1321     5.5000  0.000e+00
     34.606     8.8555   3.528872    33.1767       1322     5.5042  0.000e+00
     34.527     8.8569   3.528980    33.1766       1323     5.5083  0.000e+00
     34.449     8.8579   3.528283    33.1684       1324     5.5125  0.000e+00
     34.379     8.8564   3.529265    33.1801       1325     5.5167  0.000e+00
     34.319     8.8584   3.529132    33.1769       1326     5.5208  0.000e+00
     34.250     8.8599   3.527193    33.1552       1327     5.5250  0.000e+00
     34.192     8.8546   3.528479    33.1737       1328     5.5292  0.000e+00
     34.135     8.8530   3.528130    33.1715       1329     5.5333  0.000e+00
     34.084     8.8529   3.526584    33.1555       1330     5.5375  0.000e+00
     34.020     8.8467   3.525780    33.1529       1331     5.5417  0.000e+00
     33.963     8.8398   3.525412    33.1555       1332     5.5458  0.000e+00
     33.909     8.8345   3.525609    33.1626       1333     5.5500  0.000e+00
     33.852     8.8323   3.525539    33.1639       1334     5.5542  0.000e+00
     33.797     8.8312   3.525102    33.1604       1335     5.5583  0.000e+00
     33.734     8.8293   3.524538    33.1563       1336     5.5625  0.000e+00
     33.671     8.8258   3.523234    33.1459       1337     5.5667  0.000e+00
     33.613     8.8193   3.522778    33.1473       1338     5.5708  0.000e+00
     33.547     8.8128   3.522626    33.1519       1339     5.5750  0.000e+00
     33.490     8.8085   3.522062    33.1500       1340     5.5792  0.000e+00
     33.423     8.8042   3.521017    33.1432       1341     5.5833  0.000e+00
     33.363     8.7981   3.520302    33.1414       1342     5.5875  0.000e+00
     33.306     8.7912   3.518909    33.1333       1343     5.5917  0.000e+00
     33.249     8.7824   3.518625    33.1385       1344     5.5958  0.000e+00
     33.185     8.7756   3.516631    33.1241       1345     5.6000  0.000e+00
     33.122     8.7666   3.515416    33.1199       1346     5.6042  0.000e+00
     33.056     8.7565   3.515131    33.1263       1347     5.6083  0.000e+00
     32.998     8.7496   3.512854    33.1089       1348     5.6125  0.000e+00
     32.929     8.7380   3.508743    33.0768       1349     5.6167  0.000e+00
     32.863     8.7167   3.508263    33.0917       1350     5.6208  0.000e+00
     32.793     8.7007   3.508092    33.1049       1351     5.6250  0.000e+00
     32.727     8.6921   3.508181    33.1138       1352     5.6292  0.000e+00
     32.664     8.6888   3.508061    33.1157       1353     5.6333  0.000e+00
     32.603     8.6867   3.508004    33.1172       1354     5.6375  0.000e+00
     32.549     8.6847   3.508048    33.1195       1355     5.6417  0.000e+00
     32.483     8.6856   3.510343    33.1428       1356     5.6458  0.000e+00
     32.432     8.6933   3.509932    33.1312       1357     5.6500  0.000e+00
     32.371     8.6989   3.511494    33.1424       1358     5.6542  0.000e+00
     32.314     8.7064   3.511924    33.1400       1359     5.6583  0.000e+00
     32.260     8.7132   3.512683    33.1416       1360     5.6625  0.000e+00
     32.205     8.7196   3.513594    33.1452       1361     5.6667  0.000e+00
     32.154     8.7283   3.516283    33.1652       1362     5.6708  0.000e+00
     32.097     8.7435   3.519125    33.1807       1363     5.6750  0.000e+00
     32.043     8.7668   3.522993    33.1995       1364     5.6792  0.000e+00
     31.988     8.7968   3.525913    33.2020       1365     5.6833  0.000e+00
     31.937     8.8255   3.526261    33.1788       1366     5.6875  0.000e+00
     31.883     8.8442   3.527325    33.1724       1367     5.6917  0.000e+00
     31.831     8.8576   3.527369    33.1604       1368     5.6958  0.000e+00
     31.774     8.8649   3.528041    33.1605       1369     5.7000  0.000e+00
     31.717     8.8714   3.528896    33.1634       1370     5.7042  0.000e+00
     31.666     8.8783   3.529523    33.1635       1371     5.7083  0.000e+00
     31.605     8.8844   3.529416    33.1568       1372     5.7125  0.000e+00
     31.554     8.8882   3.529593    33.1551       1373     5.7167  0.000e+00
     31.497     8.8901   3.529023    33.1473       1374     5.7208  0.000e+00
     31.434     8.8892   3.529764    33.1560       1375     5.7250  0.000e+00
     31.379     8.8908   3.529872    33.1556       1376     5.7292  0.000e+00
     31.322     8.8937   3.531729    33.1723       1377     5.7333  0.000e+00
     31.259     8.9002   3.530505    33.1535       1378     5.7375  0.000e+00
     31.210     8.9020   3.530765    33.1546       1379     5.7417  0.000e+00
     31.156     8.9025   3.530765    33.1542       1380     5.7458  0.000e+00
     31.108     8.9032   3.533257    33.1795       1381     5.7500  0.000e+00
     31.054     8.9122   3.535197    33.1914       1382     5.7542  0.000e+00
     30.999     8.9271   3.536529    33.1914       1383     5.7583  0.000e+00
     30.960     8.9399   3.534784    33.1613       1384     5.7625  0.000e+00
     30.909     8.9440   3.541077    33.2230       1385     5.7667  0.000e+00
     30.849     8.9668   3.548149    33.2755       1386     5.7708  0.000e+00
     30.800     9.0136   3.562392    33.3800       1387     5.7750  0.000e+00
     30.752     9.1006   3.575154    33.4312       1388     5.7792  0.000e+00
     30.689     9.2103   3.583259    33.4125       1389     5.7833  0.000e+00
     30.641     9.3107   3.588992    33.3780       1390     5.7875  0.000e+00
     30.580     9.3895   3.591167    33.3269       1391     5.7917  0.000e+00
     30.517     9.4422   3.599759    33.3664       1392     5.7958  0.000e+00
     30.463     9.5011   3.605701    33.3728       1393     5.8000  0.000e+00
     30.411     9.5633   3.608986    33.3488       1394     5.8042  0.000e+00
     30.354     9.6111   3.613533    33.3511       1395     5.8083  0.000e+00
     30.297     9.6556   3.618959    33.3654       1396     5.8125  0.000e+00
     30.248     9.7031   3.623491    33.3678       1397     5.8167  0.000e+00
     30.209     9.7487   3.628205    33.3738       1398     5.8208  0.000e+00
     30.146     9.7934   3.633620    33.3877       1399     5.8250  0.000e+00
     30.098     9.8390   3.633306    33.3423       1400     5.8292  0.000e+00
     30.052     9.8645   3.634479    33.3307       1401     5.8333  0.000e+00
     29.998     9.8823   3.638205    33.3522       1402     5.8375  0.000e+00
     29.950     9.9050   3.638788    33.3372       1403     5.8417  0.000e+00
     29.893     9.9209   3.638878    33.3235       1404     5.8458  0.000e+00
     29.844     9.9287   3.637415    33.3014       1405     5.8500  0.000e+00
     29.793     9.9272   3.636293    33.2914       1406     5.8542  0.000e+00
     29.748     9.9229   3.639217    33.3251       1407     5.8583  0.000e+00
     29.694     9.9281   3.640481    33.3333       1408     5.8625  0.000e+00
     29.642     9.9399   3.641816    33.3359       1409     5.8667  0.000e+00
     29.606     9.9503   3.641437    33.3225       1410     5.8708  0.000e+00
     29.552     9.9563   3.642380    33.3266       1411     5.8750  0.000e+00
     29.507     9.9617   3.643625    33.3343       1412     5.8792  0.000e+00
     29.461     9.9710   3.645570    33.3455       1413     5.8833  0.000e+00
     29.410     9.9853   3.650129    33.3787       1414     5.8875  0.000e+00
     29.353    10.0111   3.658688    33.4420       1415     5.8917  0.000e+00
     29.305    10.0630   3.668657    33.4952       1416     5.8958  0.000e+00
     29.247    10.1346   3.677620    33.5199       1417     5.9000  0.000e+00
     29.199    10.2215   3.705452    33.7215       1418     5.9042  0.000e+00
     29.151    10.3742   3.717515    33.7016       1419     5.9083  0.000e+00
     29.090    10.5263   3.724173    33.6280       1420     5.9125  0.000e+00
     29.048    10.6392   3.732839    33.6109       1421     5.9167  0.000e+00
     28.994    10.7338   3.742285    33.6184       1422     5.9208  0.000e+00
     28.946    10.8206   3.747306    33.5888       1423     5.9250  0.000e+00
     28.903    10.8932   3.750467    33.5537       1424     5.9292  0.000e+00
     28.855    10.9464   3.754369    33.5439       1425     5.9333  0.000e+00
     28.807    10.9871   3.755057    33.5136       1426     5.9375  0.000e+00
     28.768    11.0128   3.756421    33.5037       1427     5.9417  0.000e+00
     28.726    11.0306   3.757610    33.4992       1428     5.9458  0.000e+00
     28.680    11.0470   3.763063    33.5385       1429     5.9500  0.000e+00
     28.632    11.0750   3.765833    33.5404       1430     5.9542  0.000e+00
     28.587    11.1053   3.768350    33.5377       1431     5.9583  0.000e+00
     28.548    11.1324   3.771668    33.5459       1432     5.9625  0.000e+00
     28.500    11.1605   3.777917    33.5821       1433     5.9667  0.000e+00
     28.451    11.2017   3.784398    33.6087       1434     5.9708  0.000e+00
     28.409    11.2516   3.789084    33.6095       1435     5.9750  0.000e+00
     28.370    11.3007   3.791887    33.5924       1436     5.9792  0.000e+00
     28.325    11.3410   3.797575    33.6119       1437     5.9833  0.000e+00
     28.289    11.3857   3.808210    33.6759       1438     5.9875  0.000e+00
     28.255    11.4569   3.822403    33.7507       1439     5.9917  0.000e+00
     28.210    11.5532   3.826453    33.7027       1440     5.9958  0.000e+00
     28.180    11.6325   3.828429    33.6500       1441     6.0000  0.000e+00
     28.144    11.6822   3.830026    33.6206       1442     6.0042  0.000e+00
     28.102    11.7131   3.831512    33.6071       1443     6.0083  0.000e+00
     28.057    11.7336   3.832906    33.6022       1444     6.0125  0.000e+00
     28.014    11.7490   3.832539    33.5847       1445     6.0167  0.000e+00
