HB2302/sbe098.cnv
* Sea-Bird SBE 19plus V2 Data File:
* FileName = C:\cruise\data\sbe098.hex
* Software Version Seasave V 7.26.7.121
* Temperature SN = 4758
* Conductivity SN = 4758
* System UpLoad Time = Jun 17 2023 12:15:25
* NMEA Latitude = 41 14.31 N
* NMEA Longitude = 066 45.21 W
* NMEA UTC (Time) = Jun 17 2023 12:15:25
** Cruise: HB2302
** Program: Ecomon
** Chief Scientist: Jerry Prezioso
# nquan = 7
# nvalues = 1656                                  
# units = specified
# name 0 = depSM: Depth [salt water, m]
# name 1 = tv290C: Temperature [ITS-90, deg C]
# name 2 = c0S/m: Conductivity [S/m]
# name 3 = sal00: Salinity, Practical [PSU]
# name 4 = scan: Scan Count
# name 5 = timeM: Time, Elapsed [minutes]
# name 6 = flag:  0.000e+00
# span 0 =     -0.180,     71.448                 
# span 1 =     8.5957,    14.9225                 
# span 2 =   0.084395,   4.024527                 
# span 3 =     0.5500,    33.6331                 
# span 4 =         11,       1666                 
# span 5 =     0.0417,     6.9375                 
# span 6 = 0.0000e+00, 0.0000e+00                 
# interval = seconds: 0.25
# start_time = Jun 17 2023 12:15:25 [NMEA time, header]
# bad_flag = -9.990e-29
*END*
[from data line 616]
     60.933     8.6050   3.476332    32.8480        627     2.6083  0.000e+00
     60.722     8.6051   3.476307    32.8477        628     2.6125  0.000e+00
     60.513     8.6052   3.476326    32.8479        629     2.6167  0.000e+00
     60.308     8.6051   3.476288    32.8477        630     2.6208  0.000e+00
     60.124     8.6052   3.476288    32.8477        631     2.6250  0.000e+00
     59.946     8.6050   3.476155    32.8466        632     2.6292  0.000e+00
     59.799     8.6051   3.476244    32.8474        633     2.6333  0.000e+00
     59.675     8.6049   3.476199    32.8472        634     2.6375  0.000e+00
     59.566     8.6051   3.476262    32.8478        635     2.6417  0.000e+00
     59.497     8.6051   3.476288    32.8481        636     2.6458  0.000e+00
     59.452     8.6049   3.476256    32.8479        637     2.6500  0.000e+00
     59.431     8.6050   3.476225    32.8475        638     2.6542  0.000e+00
     59.434     8.6051   3.476288    32.8481        639     2.6583  0.000e+00
     59.452     8.6051   3.476288    32.8481        640     2.6625  0.000e+00
     59.482     8.6052   3.476262    32.8477        641     2.6667  0.000e+00
     59.518     8.6053   3.476288    32.8479        642     2.6708  0.000e+00
     59.567     8.6053   3.476288    32.8478        643     2.6750  0.000e+00
     59.594     8.6052   3.476256    32.8476        644     2.6792  0.000e+00
     59.621     8.6052   3.476262    32.8476        645     2.6833  0.000e+00
     59.639     8.6051   3.476244    32.8475        646     2.6875  0.000e+00
     59.627     8.6050   3.476244    32.8476        647     2.6917  0.000e+00
     59.603     8.6049   3.476225    32.8475        648     2.6958  0.000e+00
     59.561     8.6047   3.476225    32.8477        649     2.7000  0.000e+00
     59.482     8.6046   3.476199    32.8476        650     2.7042  0.000e+00
     59.374     8.6045   3.476212    32.8479        651     2.7083  0.000e+00
     59.238     8.6046   3.476180    32.8475        652     2.7125  0.000e+00
     59.066     8.6047   3.476199    32.8477        653     2.7167  0.000e+00
     58.876     8.6048   3.476155    32.8472        654     2.7208  0.000e+00
     58.659     8.6047   3.476180    32.8476        655     2.7250  0.000e+00
     58.427     8.6047   3.476155    32.8475        656     2.7292  0.000e+00
     58.192     8.6046   3.476180    32.8480        657     2.7333  0.000e+00
     57.959     8.6046   3.476117    32.8474        658     2.7375  0.000e+00
     57.721     8.6046   3.476092    32.8473        659     2.7417  0.000e+00
     57.489     8.6044   3.476092    32.8476        660     2.7458  0.000e+00
     57.284     8.6042   3.476092    32.8478        661     2.7500  0.000e+00
     57.091     8.6042   3.476047    32.8474        662     2.7542  0.000e+00
     56.928     8.6042   3.476047    32.8475        663     2.7583  0.000e+00
     56.798     8.6040   3.476047    32.8478        664     2.7625  0.000e+00
     56.698     8.6040   3.476010    32.8474        665     2.7667  0.000e+00
     56.623     8.6039   3.475984    32.8473        666     2.7708  0.000e+00
     56.587     8.6035   3.475984    32.8477        667     2.7750  0.000e+00
     56.575     8.6033   3.475965    32.8477        668     2.7792  0.000e+00
     56.584     8.6032   3.475965    32.8478        669     2.7833  0.000e+00
     56.617     8.6031   3.475984    32.8481        670     2.7875  0.000e+00
     56.653     8.6032   3.475984    32.8480        671     2.7917  0.000e+00
     56.708     8.6030   3.475947    32.8477        672     2.7958  0.000e+00
     56.765     8.6030   3.475959    32.8478        673     2.8000  0.000e+00
     56.820     8.6029   3.475984    32.8482        674     2.8042  0.000e+00
     56.859     8.6029   3.475984    32.8482        675     2.8083  0.000e+00
     56.886     8.6029   3.475965    32.8480        676     2.8125  0.000e+00
     56.904     8.6030   3.475965    32.8478        677     2.8167  0.000e+00
     56.904     8.6030   3.475965    32.8478        678     2.8208  0.000e+00
     56.874     8.6031   3.475965    32.8477        679     2.8250  0.000e+00
     56.820     8.6030   3.475940    32.8476        680     2.8292  0.000e+00
     56.729     8.6030   3.475947    32.8477        681     2.8333  0.000e+00
     56.612     8.6029   3.475946    32.8479        682     2.8375  0.000e+00
     56.473     8.6028   3.475946    32.8480        683     2.8417  0.000e+00
     56.307     8.6028   3.475902    32.8476        684     2.8458  0.000e+00
     56.123     8.6027   3.475921    32.8480        685     2.8500  0.000e+00
     55.930     8.6027   3.475902    32.8479        686     2.8542  0.000e+00
     55.731     8.6026   3.475896    32.8480        687     2.8583  0.000e+00
     55.532     8.6025   3.475877    32.8480        688     2.8625  0.000e+00
     55.342     8.6024   3.475732    32.8466        689     2.8667  0.000e+00
     55.158     8.6025   3.475839    32.8477        690     2.8708  0.000e+00
     54.986     8.6025   3.475877    32.8482        691     2.8750  0.000e+00
     54.817     8.6029   3.475877    32.8480        692     2.8792  0.000e+00
     54.681     8.6028   3.475858    32.8479        693     2.8833  0.000e+00
     54.564     8.6028   3.475870    32.8481        694     2.8875  0.000e+00
     54.455     8.6028   3.475902    32.8485        695     2.8917  0.000e+00
     54.380     8.6029   3.475858    32.8480        696     2.8958  0.000e+00
     54.322     8.6028   3.475858    32.8481        697     2.9000  0.000e+00
     54.283     8.6029   3.475876    32.8482        698     2.9042  0.000e+00
     54.259     8.6029   3.475813    32.8475        699     2.9083  0.000e+00
     54.244     8.6028   3.475858    32.8481        700     2.9125  0.000e+00
     54.250     8.6027   3.475826    32.8479        701     2.9167  0.000e+00
     54.259     8.6027   3.475839    32.8480        702     2.9208  0.000e+00
     54.280     8.6025   3.475813    32.8479        703     2.9250  0.000e+00
     54.284     8.6025   3.475813    32.8479        704     2.9292  0.000e+00
     54.290     8.6024   3.475839    32.8482        705     2.9333  0.000e+00
     54.284     8.6025   3.475813    32.8479        706     2.9375  0.000e+00
     54.266     8.6024   3.475839    32.8483        707     2.9417  0.000e+00
     54.241     8.6023   3.475813    32.8481        708     2.9458  0.000e+00
     54.193     8.6023   3.475801    32.8480        709     2.9500  0.000e+00
     54.124     8.6023   3.475769    32.8477        710     2.9542  0.000e+00
     54.024     8.6023   3.475769    32.8477        711     2.9583  0.000e+00
     53.904     8.6022   3.475769    32.8479        712     2.9625  0.000e+00
     53.765     8.6022   3.475750    32.8478        713     2.9667  0.000e+00
     53.590     8.6021   3.475750    32.8479        714     2.9708  0.000e+00
     53.400     8.6020   3.475706    32.8476        715     2.9750  0.000e+00
     53.195     8.6019   3.475643    32.8472        716     2.9792  0.000e+00
     52.981     8.6013   3.475599    32.8474        717     2.9833  0.000e+00
     52.776     8.6008   3.475624    32.8481        718     2.9875  0.000e+00
     52.561     8.6007   3.475706    32.8492        719     2.9917  0.000e+00
     52.362     8.6011   3.475662    32.8484        720     2.9958  0.000e+00
     52.181     8.6015   3.475662    32.8482        721     3.0000  0.000e+00
     52.021     8.6018   3.475661    32.8480        722     3.0042  0.000e+00
     51.889     8.6017   3.475668    32.8482        723     3.0083  0.000e+00
     51.777     8.6017   3.475643    32.8480        724     3.0125  0.000e+00
     51.690     8.6017   3.475642    32.8480        725     3.0167  0.000e+00
     51.638     8.6018   3.475642    32.8480        726     3.0208  0.000e+00
     51.614     8.6018   3.475661    32.8482        727     3.0250  0.000e+00
     51.608     8.6018   3.475687    32.8484        728     3.0292  0.000e+00
     51.627     8.6018   3.475642    32.8480        729     3.0333  0.000e+00
     51.660     8.6019   3.475642    32.8479        730     3.0375  0.000e+00
     51.702     8.6018   3.475661    32.8482        731     3.0417  0.000e+00
     51.747     8.6018   3.475661    32.8481        732     3.0458  0.000e+00
     51.796     8.6019   3.475706    32.8485        733     3.0500  0.000e+00
     51.829     8.6018   3.475687    32.8483        734     3.0542  0.000e+00
     51.862     8.6018   3.475687    32.8483        735     3.0583  0.000e+00
     51.883     8.6021   3.475687    32.8480        736     3.0625  0.000e+00
     51.901     8.6018   3.475687    32.8483        737     3.0667  0.000e+00
     51.889     8.6019   3.475661    32.8480        738     3.0708  0.000e+00
     51.859     8.6020   3.475706    32.8483        739     3.0750  0.000e+00
     51.805     8.6020   3.475687    32.8481        740     3.0792  0.000e+00
     51.727     8.6019   3.475687    32.8483        741     3.0833  0.000e+00
     51.627     8.6018   3.475642    32.8479        742     3.0875  0.000e+00
     51.500     8.6019   3.475598    32.8475        743     3.0917  0.000e+00
     51.368     8.6017   3.475510    32.8468        744     3.0958  0.000e+00
     51.199     8.6011   3.475579    32.8482        745     3.1000  0.000e+00
     51.021     8.6011   3.475579    32.8482        746     3.1042  0.000e+00
     50.846     8.6011   3.475579    32.8483        747     3.1083  0.000e+00
     50.665     8.6010   3.475579    32.8485        748     3.1125  0.000e+00
     50.490     8.6013   3.475598    32.8485        749     3.1167  0.000e+00
     50.327     8.6015   3.475623    32.8486        750     3.1208  0.000e+00
     50.179     8.6017   3.475554    32.8478        751     3.1250  0.000e+00
     50.035     8.6017   3.475579    32.8482        752     3.1292  0.000e+00
     49.905     8.6017   3.475554    32.8480        753     3.1333  0.000e+00
     49.805     8.6017   3.475554    32.8480        754     3.1375  0.000e+00
     49.715     8.6016   3.475554    32.8481        755     3.1417  0.000e+00
     49.643     8.6017   3.475516    32.8477        756     3.1458  0.000e+00
     49.594     8.6018   3.475579    32.8482        757     3.1500  0.000e+00
     49.567     8.6019   3.475554    32.8479        758     3.1542  0.000e+00
     49.543     8.6018   3.475554    32.8480        759     3.1583  0.000e+00
     49.552     8.6018   3.475554    32.8480        760     3.1625  0.000e+00
     49.564     8.6018   3.475535    32.8478        761     3.1667  0.000e+00
     49.576     8.6017   3.475535    32.8479        762     3.1708  0.000e+00
     49.597     8.6017   3.475554    32.8481        763     3.1750  0.000e+00
     49.628     8.6016   3.475516    32.8478        764     3.1792  0.000e+00
     49.640     8.6018   3.475554    32.8480        765     3.1833  0.000e+00
     49.655     8.6017   3.475510    32.8476        766     3.1875  0.000e+00
     49.655     8.6015   3.475516    32.8478        767     3.1917  0.000e+00
     49.646     8.6015   3.475472    32.8474        768     3.1958  0.000e+00
     49.610     8.6010   3.475365    32.8467        769     3.2000  0.000e+00
     49.556     8.6000   3.475428    32.8484        770     3.2042  0.000e+00
     49.480     8.6000   3.475409    32.8482        771     3.2083  0.000e+00
     49.387     8.5999   3.475446    32.8487        772     3.2125  0.000e+00
     49.269     8.6002   3.475440    32.8484        773     3.2167  0.000e+00
     49.139     8.6003   3.475427    32.8482        774     3.2208  0.000e+00
     48.998     8.6003   3.475472    32.8488        775     3.2250  0.000e+00
     48.823     8.6006   3.475471    32.8486        776     3.2292  0.000e+00
     48.657     8.6008   3.475515    32.8489        777     3.2333  0.000e+00
     48.494     8.6014   3.475534    32.8486        778     3.2375  0.000e+00
     48.322     8.6017   3.475490    32.8480        779     3.2417  0.000e+00
     48.165     8.6018   3.475509    32.8482        780     3.2458  0.000e+00
     48.020     8.6018   3.475490    32.8480        781     3.2500  0.000e+00
     47.894     8.6018   3.475490    32.8481        782     3.2542  0.000e+00
     47.785     8.6019   3.475515    32.8483        783     3.2583  0.000e+00
     47.686     8.6021   3.475515    32.8482        784     3.2625  0.000e+00
     47.616     8.6020   3.475515    32.8483        785     3.2667  0.000e+00
     47.565     8.6023   3.475534    32.8482        786     3.2708  0.000e+00
     47.523     8.6024   3.475553    32.8484        787     3.2750  0.000e+00
     47.508     8.6026   3.475490    32.8475        788     3.2792  0.000e+00
     47.505     8.6025   3.475471    32.8474        789     3.2833  0.000e+00
     47.511     8.6024   3.475446    32.8472        790     3.2875  0.000e+00
     47.526     8.6023   3.475490    32.8478        791     3.2917  0.000e+00
     47.547     8.6022   3.475471    32.8477        792     3.2958  0.000e+00
     47.565     8.6021   3.475471    32.8478        793     3.3000  0.000e+00
     47.581     8.6018   3.475484    32.8481        794     3.3042  0.000e+00
     47.593     8.6019   3.475427    32.8475        795     3.3083  0.000e+00
     47.599     8.6018   3.475446    32.8477        796     3.3125  0.000e+00
     47.596     8.6018   3.475446    32.8478        797     3.3167  0.000e+00
     47.563     8.6018   3.475471    32.8481        798     3.3208  0.000e+00
     47.524     8.6018   3.475490    32.8483        799     3.3250  0.000e+00
     47.451     8.6019   3.475471    32.8480        800     3.3292  0.000e+00
     47.382     8.6020   3.475427    32.8474        801     3.3333  0.000e+00
     47.273     8.6020   3.475421    32.8475        802     3.3375  0.000e+00
     47.153     8.6017   3.475446    32.8480        803     3.3417  0.000e+00
     47.008     8.6019   3.475490    32.8484        804     3.3458  0.000e+00
     46.851     8.6022   3.475597    32.8493        805     3.3500  0.000e+00
     46.685     8.6029   3.475622    32.8490        806     3.3542  0.000e+00
     46.519     8.6039   3.475597    32.8479        807     3.3583  0.000e+00
     46.356     8.6043   3.475578    32.8474        808     3.3625  0.000e+00
     46.209     8.6044   3.475622    32.8479        809     3.3667  0.000e+00
     46.082     8.6044   3.475622    32.8479        810     3.3708  0.000e+00
     45.970     8.6047   3.475578    32.8472        811     3.3750  0.000e+00
     45.874     8.6047   3.475596    32.8474        812     3.3792  0.000e+00
     45.795     8.6051   3.475659    32.8478        813     3.3833  0.000e+00
     45.765     8.6053   3.475685    32.8479        814     3.3875  0.000e+00
     45.726     8.6058   3.475659    32.8471        815     3.3917  0.000e+00
     45.714     8.6060   3.475666    32.8470        816     3.3958  0.000e+00
     45.708     8.6060   3.475622    32.8466        817     3.4000  0.000e+00
     45.723     8.6059   3.475577    32.8462        818     3.4042  0.000e+00
     45.735     8.6054   3.475514    32.8460        819     3.4083  0.000e+00
     45.747     8.6050   3.475552    32.8468        820     3.4125  0.000e+00
     45.756     8.6047   3.475640    32.8480        821     3.4167  0.000e+00
     45.756     8.6048   3.475622    32.8477        822     3.4208  0.000e+00
     45.744     8.6051   3.475596    32.8472        823     3.4250  0.000e+00
     45.696     8.6051   3.475489    32.8461        824     3.4292  0.000e+00
     45.657     8.6044   3.475552    32.8473        825     3.4333  0.000e+00
     45.582     8.6042   3.475426    32.8463        826     3.4375  0.000e+00
     45.491     8.6039   3.475426    32.8466        827     3.4417  0.000e+00
     45.383     8.6035   3.475514    32.8479        828     3.4458  0.000e+00
     45.265     8.6037   3.475533    32.8480        829     3.4500  0.000e+00
     45.144     8.6040   3.475552    32.8479        830     3.4542  0.000e+00
