HB2302/sbe084.cnv
* Sea-Bird SBE 19plus V2 Data File:
* FileName = C:\cruise\data\sbe084.hex
* Software Version Seasave V 7.26.7.121
* Temperature SN = 4758
* Conductivity SN = 4758
* System UpLoad Time = Jun 16 2023 16:23:43
* NMEA Latitude = 41 19.19 N
* NMEA Longitude = 068 03.19 W
* NMEA UTC (Time) = Jun 16 2023 16:23:43
** Cruise: HB2302
** Program: Ecomon
** Chief Scientist: Jerry Prezioso
# nquan = 7
# nvalues = 1709                                  
# units = specified
# name 0 = depSM: Depth [salt water, m]
# name 1 = tv290C: Temperature [ITS-90, deg C]
# name 2 = c0S/m: Conductivity [S/m]
# name 3 = sal00: Salinity, Practical [PSU]
# name 4 = scan: Scan Count
# name 5 = timeM: Time, Elapsed [minutes]
# name 6 = flag:  0.000e+00
# span 0 =     -0.143,     17.937                 
# span 1 =    12.9613,    15.7275                 
# span 2 =   0.000050,   3.961413                 
# span 3 =     0.0080,    33.3585                 
# span 4 =         11,       1719                 
# span 5 =     0.0417,     7.1583                 
# span 6 = 0.0000e+00, 0.0000e+00                 
# interval = seconds: 0.25
# start_time = Jun 16 2023 16:23:43 [NMEA time, header]
# bad_flag = -9.990e-29
*END*
[from data line 1642]
      1.102    13.0062   3.878314    32.9211       1653     6.8833  0.000e+00
      1.080    13.0058   3.878136    32.9197       1654     6.8875  0.000e+00
      1.086    13.0051   3.878150    32.9205       1655     6.8917  0.000e+00
      1.102    13.0047   3.878150    32.9208       1656     6.8958  0.000e+00
      1.141    13.0046   3.878176    32.9212       1657     6.9000  0.000e+00
      1.177    13.0045   3.877827    32.9179       1658     6.9042  0.000e+00
      1.216    13.0035   3.877623    32.9168       1659     6.9083  0.000e+00
      1.241    13.0015   3.877222    32.9148       1660     6.9125  0.000e+00
      1.247    12.9987   3.877406    32.9189       1661     6.9167  0.000e+00
      1.213    12.9974   3.877735    32.9232       1662     6.9208  0.000e+00
      1.168    12.9987   3.877386    32.9188       1663     6.9250  0.000e+00
      1.105    12.9981   3.877505    32.9205       1664     6.9292  0.000e+00
      1.047    12.9989   3.878920    32.9332       1665     6.9333  0.000e+00
      0.969    13.0047   3.878406    32.9233       1666     6.9375  0.000e+00
      0.878    13.0068   3.878873    32.9259       1667     6.9417  0.000e+00
      0.860    13.0099   3.879426    32.9285       1668     6.9458  0.000e+00
      0.863    13.0138   3.879334    32.9242       1669     6.9500  0.000e+00
      0.905    13.0159   3.879064    32.9198       1670     6.9542  0.000e+00
      0.927    13.0155   3.878380    32.9137       1671     6.9583  0.000e+00
      0.948    13.0120   3.878544    32.9183       1672     6.9625  0.000e+00
      0.936    13.0103   3.878617    32.9204       1673     6.9667  0.000e+00
      0.878    13.0098   3.878130    32.9163       1674     6.9708  0.000e+00
      0.788    13.0078   3.877992    32.9167       1675     6.9750  0.000e+00
      0.643    13.0057   3.877781    32.9166       1676     6.9792  0.000e+00
      0.540    13.0039   3.878571    32.9258       1677     6.9833  0.000e+00
      0.489    13.0063   3.879012    32.9279       1678     6.9875  0.000e+00
      0.444    13.0099   3.878478    32.9196       1679     6.9917  0.000e+00
      0.389    13.0096   3.878636    32.9215       1680     6.9958  0.000e+00
      0.353    13.0094   3.878669    32.9220       1681     7.0000  0.000e+00
      0.326    13.0103   3.880683    32.9402       1682     7.0042  0.000e+00
      0.247    13.0191   3.882006    32.9452       1683     7.0083  0.000e+00
      0.148    13.0320   3.882006    32.9339       1684     7.0125  0.000e+00
      0.105    13.0393   3.880933    32.9175       1685     7.0167  0.000e+00
      0.066    13.0388   3.880795    32.9166       1686     7.0208  0.000e+00
      0.066    13.0365   3.881005    32.9206       1687     7.0250  0.000e+00
      0.084    13.0358   3.880492    32.9164       1688     7.0292  0.000e+00
      0.051    13.0340   3.881025    32.9230       1689     7.0333  0.000e+00
     -0.039    13.0339   3.880775    32.9207       1690     7.0375  0.000e+00
     -0.085    13.0342   2.335807    18.8004       1691     7.0417  0.000e+00
     -0.127    13.0362   0.750722     5.4997       1692     7.0458  0.000e+00
     -0.127    13.0449   0.419585     2.9532       1693     7.0500  0.000e+00
     -0.130    13.0600   0.327491     2.2689       1694     7.0542  0.000e+00
     -0.127    13.0721   0.277229     1.9012       1695     7.0583  0.000e+00
     -0.133    13.0754   0.246116     1.6763       1696     7.0625  0.000e+00
     -0.130    13.0765   0.226469     1.5353       1697     7.0667  0.000e+00
     -0.133    13.0766   0.217035     1.4679       1698     7.0708  0.000e+00
     -0.133    13.0765   0.201241     1.3556       1699     7.0750  0.000e+00
     -0.130    13.0771   0.187976     1.2616       1700     7.0792  0.000e+00
     -0.127    13.0776   0.177536     1.1880       1701     7.0833  0.000e+00
     -0.130    13.0784   0.164725     1.0980       1702     7.0875  0.000e+00
     -0.130    13.0792   0.154884     1.0292       1703     7.0917  0.000e+00
     -0.133    13.0799   0.151462     1.0054       1704     7.0958  0.000e+00
     -0.127    13.0806   0.146089     0.9680       1705     7.1000  0.000e+00
     -0.133    13.0813   0.136665     0.9026       1706     7.1042  0.000e+00
     -0.127    13.0816   0.131946     0.8699       1707     7.1083  0.000e+00
     -0.121    13.0818   0.130403     0.8593       1708     7.1125  0.000e+00
     -0.130    13.0818   0.125050     0.8224       1709     7.1167  0.000e+00
     -0.124    13.0819   0.112984     0.7396       1710     7.1208  0.000e+00
     -0.124    13.0814   0.108341     0.7078       1711     7.1250  0.000e+00
     -0.121    13.0810   0.105489     0.6884       1712     7.1292  0.000e+00
     -0.124    13.0805   0.098305     0.6395       1713     7.1333  0.000e+00
     -0.121    13.0802   0.093776     0.6088       1714     7.1375  0.000e+00
     -0.124    13.0797   0.087510     0.5665       1715     7.1417  0.000e+00
     -0.124    13.0795   0.080072     0.5165       1716     7.1458  0.000e+00
     -0.127    13.0791   0.075630     0.4867       1717     7.1500  0.000e+00
     -0.127    13.0785   0.072193     0.4638       1718     7.1542  0.000e+00
     -0.130    13.0781   0.072044     0.4628       1719     7.1583  0.000e+00
