HB2302/sbe041.cnv
* Sea-Bird SBE 19plus V2 Data File:
* FileName = C:\cruise\data\sbe041.hex
* Software Version Seasave V 7.26.7.121
* Temperature SN = 4758
* Conductivity SN = 4758
* System UpLoad Time = Jun 12 2023 22:06:22
* NMEA Latitude = 37 50.69 N
* NMEA Longitude = 074 34.79 W
* NMEA UTC (Time) = Jun 12 2023 22:06:23
** Cruise: HB2302
** Program: Ecomon
** Chief Scientist: Jerry Prezioso
# nquan = 7
# nvalues = 1255                                  
# units = specified
# name 0 = depSM: Depth [salt water, m]
# name 1 = tv290C: Temperature [ITS-90, deg C]
# name 2 = c0S/m: Conductivity [S/m]
# name 3 = sal00: Salinity, Practical [PSU]
# name 4 = scan: Scan Count
# name 5 = timeM: Time, Elapsed [minutes]
# name 6 = flag:  0.000e+00
# span 0 =     -0.164,     49.732                 
# span 1 =     9.4644,    19.8179                 
# span 2 =  -0.000007,   4.331370                 
# span 3 =     0.0000,    33.9355                 
# span 4 =         11,       1265                 
# span 5 =     0.0417,     5.2667                 
# span 6 = 0.0000e+00, 0.0000e+00                 
# interval = seconds: 0.25
# start_time = Jun 12 2023 22:06:23 [NMEA time, header]
# bad_flag = -9.990e-29
*END*
     -0.155    19.8145   0.000017     0.0100         11     0.0417  0.000e+00
     -0.158    19.8144   0.000026     0.0099         12     0.0458  0.000e+00
     -0.152    19.8141   0.000017     0.0100         13     0.0500  0.000e+00
     -0.152    19.8140   0.000026     0.0099         14     0.0542  0.000e+00
     -0.158    19.8143   0.000020     0.0099         15     0.0583  0.000e+00
     -0.158    19.8150   0.000023     0.0099         16     0.0625  0.000e+00
     -0.161    19.8154   0.000026     0.0099         17     0.0667  0.000e+00
     -0.161    19.8158   0.000017     0.0100         18     0.0708  0.000e+00
     -0.158    19.8161   0.000026     0.0099         19     0.0750  0.000e+00
     -0.158    19.8160   0.000017     0.0100         20     0.0792  0.000e+00
     -0.161    19.8160   0.000029     0.0099         21     0.0833  0.000e+00
     -0.158    19.8165   0.000026     0.0099         22     0.0875  0.000e+00
     -0.152    19.8170   0.000023     0.0099         23     0.0917  0.000e+00
     -0.152    19.8179   0.000020     0.0099         24     0.0958  0.000e+00
     -0.152    19.8179   0.000023     0.0099         25     0.1000  0.000e+00
     -0.155    19.8179   0.000020     0.0099         26     0.1042  0.000e+00
     -0.158    19.8178   0.000020     0.0099         27     0.1083  0.000e+00
     -0.158    19.8176   0.000017     0.0100         28     0.1125  0.000e+00
     -0.152    19.8166   0.000020     0.0099         29     0.1167  0.000e+00
     -0.152    19.8164   0.000029     0.0099         30     0.1208  0.000e+00
     -0.158    19.8167   0.000026     0.0099         31     0.1250  0.000e+00
     -0.155    19.8167   0.000017     0.0100         32     0.1292  0.000e+00
     -0.155    19.8164   0.000020     0.0099         33     0.1333  0.000e+00
     -0.152    19.8164   0.000026     0.0099         34     0.1375  0.000e+00
     -0.155    19.8164   0.000017     0.0100         35     0.1417  0.000e+00
     -0.164    19.8166   0.000017     0.0100         36     0.1458  0.000e+00
     -0.155    19.8164   0.000017     0.0100         37     0.1500  0.000e+00
     -0.164    19.8152   0.000026     0.0099         38     0.1542  0.000e+00
     -0.158    19.8148   0.000017     0.0100         39     0.1583  0.000e+00
     -0.155    19.8155   0.000017     0.0100         40     0.1625  0.000e+00
     -0.158    19.8154   0.000011     0.0100         41     0.1667  0.000e+00
     -0.158    19.8149   0.000023     0.0099         42     0.1708  0.000e+00
     -0.155    19.8150   0.000017     0.0100         43     0.1750  0.000e+00
     -0.161    19.8141   0.000029     0.0099         44     0.1792  0.000e+00
     -0.161    19.8143   0.000020     0.0099         45     0.1833  0.000e+00
     -0.155    19.8147   0.000017     0.0100         46     0.1875  0.000e+00
     -0.152    19.8149   0.000023     0.0099         47     0.1917  0.000e+00
     -0.155    19.8151   0.000017     0.0100         48     0.1958  0.000e+00
     -0.158    19.8154   0.000029     0.0099         49     0.2000  0.000e+00
     -0.155    19.8156   0.000026     0.0099         50     0.2042  0.000e+00
     -0.158    19.8156   0.000017     0.0100         51     0.2083  0.000e+00
     -0.158    19.8158   0.000023     0.0099         52     0.2125  0.000e+00
     -0.155    19.8156   0.000011     0.0100         53     0.2167  0.000e+00
     -0.155    19.8155   0.000023     0.0099         54     0.2208  0.000e+00
     -0.158    19.8154   0.000026     0.0099         55     0.2250  0.000e+00
     -0.155    19.8159   0.000017     0.0100         56     0.2292  0.000e+00
     -0.155    19.8154   0.000020     0.0099         57     0.2333  0.000e+00
     -0.161    19.8154   0.000020     0.0099         58     0.2375  0.000e+00
     -0.155    19.8156   0.000023     0.0099         59     0.2417  0.000e+00
     -0.155    19.8153   0.000020     0.0099         60     0.2458  0.000e+00
     -0.155    19.8150   0.000017     0.0100         61     0.2500  0.000e+00
     -0.155    19.8146   0.000026     0.0099         62     0.2542  0.000e+00
     -0.158    19.8137   0.000023     0.0099         63     0.2583  0.000e+00
     -0.161    19.8120   0.000017     0.0100         64     0.2625  0.000e+00
     -0.158    19.8104   0.000020     0.0099         65     0.2667  0.000e+00
     -0.155    19.8082   0.000023     0.0099         66     0.2708  0.000e+00
     -0.158    19.8069   0.000026     0.0099         67     0.2750  0.000e+00
     -0.158    19.8057   0.000023     0.0099         68     0.2792  0.000e+00
     -0.155    19.8057   0.000032     0.0099         69     0.2833  0.000e+00
     -0.158    19.8056   0.000026     0.0099         70     0.2875  0.000e+00
     -0.155    19.8058   0.000017     0.0100         71     0.2917  0.000e+00
     -0.158    19.8066   0.000020     0.0099         72     0.2958  0.000e+00
     -0.152    19.8073   0.000017     0.0100         73     0.3000  0.000e+00
     -0.152    19.8073   0.000026     0.0099         74     0.3042  0.000e+00
     -0.155    19.8077   0.000023     0.0099         75     0.3083  0.000e+00
     -0.149    19.8083   0.000026     0.0099         76     0.3125  0.000e+00
     -0.152    19.8086   0.000026     0.0099         77     0.3167  0.000e+00
     -0.152    19.8091   0.000023     0.0099         78     0.3208  0.000e+00
     -0.152    19.8096   0.000017     0.0100         79     0.3250  0.000e+00
     -0.152    19.8106   0.000023     0.0099         80     0.3292  0.000e+00
     -0.146    19.8113   0.000026     0.0099         81     0.3333  0.000e+00
     -0.149    19.8125   0.000020     0.0099         82     0.3375  0.000e+00
     -0.149    19.8126   0.000017     0.0100         83     0.3417  0.000e+00
     -0.152    19.8134   0.000026     0.0099         84     0.3458  0.000e+00
     -0.155    19.8135   0.000017     0.0100         85     0.3500  0.000e+00
     -0.152    19.8119   0.000026     0.0099         86     0.3542  0.000e+00
     -0.146    19.8103   0.000023     0.0099         87     0.3583  0.000e+00
     -0.155    19.8088   0.000020     0.0099         88     0.3625  0.000e+00
     -0.149    19.8076   0.000020     0.0099         89     0.3667  0.000e+00
     -0.152    19.8066   0.000023     0.0099         90     0.3708  0.000e+00
     -0.149    19.8060   0.000017     0.0100         91     0.3750  0.000e+00
     -0.140    19.8050   0.000017     0.0100         92     0.3792  0.000e+00
      0.081    19.8022   0.000011     0.0100         93     0.3833  0.000e+00
      0.317    19.8008  -0.000007     0.0000         94     0.3875  0.000e+00
      0.552    19.7307   1.166011     7.4804         95     0.3917  0.000e+00
      0.815    19.4235   1.873866    12.6011         96     0.3958  0.000e+00
      1.066    19.3123   2.206919    15.1022         97     0.4000  0.000e+00
      1.335    19.3352   2.337850    16.0756         98     0.4042  0.000e+00
      1.607    19.4329   2.720854    18.9398         99     0.4083  0.000e+00
      1.846    19.5304   2.771284    19.2809        100     0.4125  0.000e+00
      2.064    19.5729   3.634604    25.9798        101     0.4167  0.000e+00
      2.239    19.5768   4.294774    31.2760        102     0.4208  0.000e+00
      2.348    19.5627   4.291563    31.2605        103     0.4250  0.000e+00
      2.387    19.5478   4.287593    31.2393        104     0.4292  0.000e+00
      2.378    19.5088   4.004035    28.9727        105     0.4333  0.000e+00
      2.336    19.2973   3.791616    27.4075        106     0.4375  0.000e+00
      2.327    19.0592   4.314995    31.8331        107     0.4417  0.000e+00
      2.423    19.0840   4.318880    31.8461        108     0.4458  0.000e+00
      2.592    19.2029   4.322482    31.7847        109     0.4500  0.000e+00
      2.804    19.2548   4.323920    31.7568        110     0.4542  0.000e+00
      3.037    19.2374   4.324429    31.7742        111     0.4583  0.000e+00
      3.258    19.2085   4.325490    31.8049        112     0.4625  0.000e+00
      3.475    19.1901   4.326398    31.8264        113     0.4667  0.000e+00
      3.678    19.1855   4.326811    31.8332        114     0.4708  0.000e+00
      3.871    19.1839   4.326956    31.8356        115     0.4750  0.000e+00
      4.043    19.1281   4.326124    31.8714        116     0.4792  0.000e+00
      4.225    18.9723   4.323071    31.9659        117     0.4833  0.000e+00
      4.400    18.7905   4.321485    32.0933        118     0.4875  0.000e+00
      4.584    18.6530   4.321204    32.1979        119     0.4917  0.000e+00
      4.781    18.5710   4.321006    32.2602        120     0.4958  0.000e+00
      4.995    18.5048   4.318909    32.2945        121     0.5000  0.000e+00
      5.198    18.4124   4.312764    32.3155        122     0.5042  0.000e+00
      5.391    18.3095   4.307007    32.3482        123     0.5083  0.000e+00
      5.576    18.2294   4.302612    32.3743        124     0.5125  0.000e+00
      5.769    18.1599   4.299400    32.4022        125     0.5167  0.000e+00
      5.948    18.0958   4.297349    32.4356        126     0.5208  0.000e+00
      6.135    18.0423   4.295723    32.4642        127     0.5250  0.000e+00
      6.322    17.9941   4.293144    32.4807        128     0.5292  0.000e+00
      6.495    17.9504   4.290593    32.4937        129     0.5333  0.000e+00
      6.658    17.9149   4.287418    32.4951        130     0.5375  0.000e+00
      6.794    17.8875   4.286671    32.5106        131     0.5417  0.000e+00
      6.918    17.8674   4.288420    32.5413        132     0.5458  0.000e+00
      7.036    17.8533   4.293531    32.5959        133     0.5500  0.000e+00
      7.138    17.8519   4.306815    32.7097        134     0.5542  0.000e+00
      7.232    17.8603   4.317008    32.7894        135     0.5583  0.000e+00
      7.341    17.9002   4.324498    32.8208        136     0.5625  0.000e+00
      7.444    18.0761   4.324853    32.6828        137     0.5667  0.000e+00
      7.553    18.2990   4.322435    32.4852        138     0.5708  0.000e+00
      7.676    18.5055   4.320706    32.3080        139     0.5750  0.000e+00
      7.812    18.6479   4.319665    32.1879        140     0.5792  0.000e+00
      7.958    18.7271   4.320070    32.1295        141     0.5833  0.000e+00
      8.118    18.7551   4.321686    32.1211        142     0.5875  0.000e+00
      8.293    18.7588   4.323530    32.1335        143     0.5917  0.000e+00
      8.471    18.7605   4.324576    32.1408        144     0.5958  0.000e+00
      8.668    18.7627   4.325422    32.1461        145     0.6000  0.000e+00
      8.861    18.7638   4.326104    32.1508        146     0.6042  0.000e+00
      9.070    18.7652   4.326606    32.1538        147     0.6083  0.000e+00
      9.278    18.7663   4.327012    32.1563        148     0.6125  0.000e+00
      9.499    18.7659   4.327618    32.1615        149     0.6167  0.000e+00
      9.720    18.7661   4.328479    32.1684        150     0.6208  0.000e+00
      9.940    18.7689   4.328761    32.1685        151     0.6250  0.000e+00
     10.146    18.7723   4.327295    32.1536        152     0.6292  0.000e+00
     10.363    18.7749   4.326786    32.1473        153     0.6333  0.000e+00
     10.569    18.7728   4.326380    32.1455        154     0.6375  0.000e+00
     10.765    18.7213   4.326979    32.1905        155     0.6417  0.000e+00
     10.959    18.6314   4.327696    32.2666        156     0.6458  0.000e+00
     11.119    18.5192   4.328462    32.3608        157     0.6500  0.000e+00
     11.270    18.4325   4.329778    32.4400        158     0.6542  0.000e+00
     11.394    18.3949   4.331370    32.4829        159     0.6583  0.000e+00
     11.497    18.3997   4.331218    32.4779        160     0.6625  0.000e+00
     11.600    18.4379   4.329978    32.4373        161     0.6667  0.000e+00
     11.699    18.5463   4.329529    32.3483        162     0.6708  0.000e+00
     11.811    18.6492   4.327497    32.2507        163     0.6750  0.000e+00
     11.926    18.7179   4.325624    32.1814        164     0.6792  0.000e+00
     12.059    18.7506   4.323986    32.1423        165     0.6833  0.000e+00
     12.210    18.7561   4.322871    32.1288        166     0.6875  0.000e+00
     12.376    18.7450   4.323360    32.1415        167     0.6917  0.000e+00
     12.552    18.7277   4.323505    32.1560        168     0.6958  0.000e+00
     12.748    18.7134   4.322748    32.1608        169     0.7000  0.000e+00
     12.954    18.6982   4.322067    32.1669        170     0.7042  0.000e+00
     13.177    18.6782   4.321641    32.1789        171     0.7083  0.000e+00
     13.398    18.6584   4.320754    32.1868        172     0.7125  0.000e+00
     13.640    18.6406   4.319922    32.1937        173     0.7167  0.000e+00
     13.882    18.6216   4.318939    32.2002        174     0.7208  0.000e+00
     14.126    18.6025   4.318183    32.2088        175     0.7250  0.000e+00
     14.356    18.5829   4.318011    32.2226        176     0.7292  0.000e+00
     14.580    18.5620   4.318287    32.2411        177     0.7333  0.000e+00
     14.794    18.5410   4.318445    32.2588        178     0.7375  0.000e+00
     15.003    18.5260   4.318260    32.2689        179     0.7417  0.000e+00
     15.196    18.5208   4.318288    32.2732        180     0.7458  0.000e+00
     15.375    18.5265   4.319271    32.2768        181     0.7500  0.000e+00
     15.523    18.5377   4.321692    32.2883        182     0.7542  0.000e+00
     15.668    18.5470   4.323481    32.2959        183     0.7583  0.000e+00
     15.789    18.5560   4.324128    32.2941        184     0.7625  0.000e+00
     15.898    18.5595   4.325022    32.2988        185     0.7667  0.000e+00
     15.985    18.5614   4.323557    32.2851        186     0.7708  0.000e+00
     16.073    18.5682   4.318335    32.2362        187     0.7750  0.000e+00
     16.164    18.5807   4.315867    32.2058        188     0.7792  0.000e+00
     16.272    18.5624   4.314011    32.2045        189     0.7833  0.000e+00
     16.396    18.5218   4.312472    32.2234        190     0.7875  0.000e+00
     16.535    18.4829   4.312843    32.2569        191     0.7917  0.000e+00
     16.680    18.4522   4.312748    32.2801        192     0.7958  0.000e+00
     16.834    18.4331   4.312823    32.2957        193     0.8000  0.000e+00
     17.007    18.4226   4.311112    32.2896        194     0.8042  0.000e+00
     17.179    18.4150   4.309724    32.2839        195     0.8083  0.000e+00
     17.369    18.4020   4.309024    32.2881        196     0.8125  0.000e+00
     17.563    18.3816   4.308220    32.2973        197     0.8167  0.000e+00
     17.768    18.3577   4.307719    32.3119        198     0.8208  0.000e+00
     17.974    18.3345   4.307005    32.3241        199     0.8250  0.000e+00
     18.179    18.3135   4.306841    32.3391        200     0.8292  0.000e+00
     18.385    18.2970   4.306511    32.3493        201     0.8333  0.000e+00
     18.581    18.2811   4.305982    32.3574        202     0.8375  0.000e+00
     18.769    18.2637   4.305907    32.3704        203     0.8417  0.000e+00
     18.950    18.2410   4.305983    32.3889        204     0.8458  0.000e+00
     19.107    18.2189   4.305558    32.4027        205     0.8500  0.000e+00
     19.264    18.2005   4.305331    32.4152        206     0.8542  0.000e+00
     19.407    18.1783   4.304933    32.4294        207     0.8583  0.000e+00
     19.540    18.1551   4.303958    32.4395        208     0.8625  0.000e+00
     19.669    18.1361   4.303526    32.4509        209     0.8667  0.000e+00
     19.809    18.1070   4.303348    32.4724        210     0.8708  0.000e+00
     19.932    18.0750   4.303197    32.4964        211     0.8750  0.000e+00
     20.065    18.0489   4.303074    32.5161        212     0.8792  0.000e+00
     20.195    18.0248   4.303356    32.5376        213     0.8833  0.000e+00
     20.337    18.0048   4.303199    32.5521        214     0.8875  0.000e+00
     20.473    17.9889   4.303199    32.5648        215     0.8917  0.000e+00
