HB2302/sbe048.cnv
* Sea-Bird SBE 19plus V2 Data File:
* FileName = C:\cruise\data\sbe048.hex
* Software Version Seasave V 7.26.7.121
* Temperature SN = 4758
* Conductivity SN = 4758
* System UpLoad Time = Jun 13 2023 14:20:52
* NMEA Latitude = 39 11.70 N
* NMEA Longitude = 074 25.82 W
* NMEA UTC (Time) = Jun 13 2023 14:20:53
** Cruise: HB2302
** Program: Ecomon
** Chief Scientist: Jerry Prezioso
# nquan = 7
# nvalues = 1115                                  
# units = specified
# name 0 = depSM: Depth [salt water, m]
# name 1 = tv290C: Temperature [ITS-90, deg C]
# name 2 = c0S/m: Conductivity [S/m]
# name 3 = sal00: Salinity, Practical [PSU]
# name 4 = scan: Scan Count
# name 5 = timeM: Time, Elapsed [minutes]
# name 6 = flag:  0.000e+00
# span 0 =     -0.129,     15.405                 
# span 1 =    14.2990,    24.3062                 
# span 2 =   0.000008,   4.550514                 
# span 3 =     0.0114,    32.2543                 
# span 4 =         11,       1125                 
# span 5 =     0.0417,     4.6833                 
# span 6 = 0.0000e+00, 0.0000e+00                 
# interval = seconds: 0.25
# start_time = Jun 13 2023 14:20:53 [NMEA time, header]
# bad_flag = -9.990e-29
*END*
[from data line 821]
      4.218    18.1716   4.072747    30.4941        832     3.4625  0.000e+00
      4.202    18.1744   4.072653    30.4913        833     3.4667  0.000e+00
      4.196    18.1752   4.072727    30.4913        834     3.4708  0.000e+00
      4.191    18.1758   4.072788    30.4914        835     3.4750  0.000e+00
      4.197    18.1764   4.072627    30.4896        836     3.4792  0.000e+00
      4.188    18.1758   4.072506    30.4891        837     3.4833  0.000e+00
      4.191    18.1751   4.072600    30.4904        838     3.4875  0.000e+00
      4.188    18.1748   4.072627    30.4908        839     3.4917  0.000e+00
      4.173    18.1750   4.072600    30.4904        840     3.4958  0.000e+00
      4.158    18.1750   4.072674    30.4911        841     3.5000  0.000e+00
      4.121    18.1755   4.072774    30.4915        842     3.5042  0.000e+00
      4.103    18.1763   4.073237    30.4948        843     3.5083  0.000e+00
      4.082    18.1792   4.073613    30.4958        844     3.5125  0.000e+00
      4.070    18.1828   4.073560    30.4927        845     3.5167  0.000e+00
      4.043    18.1849   4.073586    30.4914        846     3.5208  0.000e+00
      4.010    18.1858   4.073633    30.4911        847     3.5250  0.000e+00
      3.974    18.1862   4.073539    30.4900        848     3.5292  0.000e+00
      3.931    18.1864   4.073559    30.4900        849     3.5333  0.000e+00
      3.898    18.1867   4.073909    30.4928        850     3.5375  0.000e+00
      3.871    18.1883   4.073942    30.4918        851     3.5417  0.000e+00
      3.838    18.1897   4.074003    30.4913        852     3.5458  0.000e+00
      3.814    18.1904   4.073687    30.4881        853     3.5500  0.000e+00
      3.796    18.1899   4.073962    30.4908        854     3.5542  0.000e+00
      3.771    18.1902   4.074130    30.4920        855     3.5583  0.000e+00
      3.744    18.1917   4.074150    30.4911        856     3.5625  0.000e+00
      3.729    18.1925   4.074103    30.4901        857     3.5667  0.000e+00
      3.702    18.1931   4.074432    30.4924        858     3.5708  0.000e+00
      3.684    18.1947   4.074647    30.4930        859     3.5750  0.000e+00
      3.672    18.1970   4.074667    30.4915        860     3.5792  0.000e+00
      3.654    18.1983   4.074546    30.4895        861     3.5833  0.000e+00
      3.645    18.1986   4.074640    30.4901        862     3.5875  0.000e+00
      3.633    18.1993   4.075258    30.4947        863     3.5917  0.000e+00
      3.633    18.2025   4.076245    30.5006        864     3.5958  0.000e+00
      3.618    18.2086   4.077058    30.5028        865     3.6000  0.000e+00
      3.588    18.2168   4.077205    30.4980        866     3.6042  0.000e+00
      3.552    18.2214   4.076346    30.4874        867     3.6083  0.000e+00
      3.522    18.2207   4.076715    30.4910        868     3.6125  0.000e+00
      3.497    18.2208   4.077131    30.4944        869     3.6167  0.000e+00
      3.479    18.2228   4.076863    30.4907        870     3.6208  0.000e+00
      3.458    18.2228   4.076762    30.4898        871     3.6250  0.000e+00
      3.443    18.2219   4.076366    30.4872        872     3.6292  0.000e+00
      3.413    18.2205   4.076829    30.4921        873     3.6333  0.000e+00
      3.383    18.2212   4.076661    30.4902        874     3.6375  0.000e+00
      3.353    18.2208   4.077057    30.4938        875     3.6417  0.000e+00
      3.313    18.2223   4.077252    30.4944        876     3.6458  0.000e+00
      3.292    18.2242   4.077487    30.4949        877     3.6500  0.000e+00
      3.271    18.2266   4.077991    30.4973        878     3.6542  0.000e+00
      3.265    18.2301   4.078139    30.4960        879     3.6583  0.000e+00
      3.259    18.2330   4.078454    30.4965        880     3.6625  0.000e+00
      3.250    18.2362   4.079200    30.5003        881     3.6667  0.000e+00
      3.244    18.2414   4.079052    30.4952        882     3.6708  0.000e+00
      3.235    18.2445   4.079771    30.4989        883     3.6750  0.000e+00
      3.226    18.2496   4.081014    30.5055        884     3.6792  0.000e+00
      3.220    18.2572   4.078783    30.4812        885     3.6833  0.000e+00
      3.217    18.2531   4.077399    30.4728        886     3.6875  0.000e+00
      3.199    18.2410   4.076124    30.4711        887     3.6917  0.000e+00
      3.193    18.2287   4.076923    30.4869        888     3.6958  0.000e+00
      3.181    18.2249   4.076439    30.4857        889     3.7000  0.000e+00
      3.175    18.2218   4.075754    30.4823        890     3.7042  0.000e+00
      3.175    18.2170   4.076829    30.4948        891     3.7083  0.000e+00
      3.184    18.2183   4.077205    30.4969        892     3.7125  0.000e+00
      3.178    18.2221   4.077427    30.4960        893     3.7167  0.000e+00
      3.160    18.2252   4.078065    30.4990        894     3.7208  0.000e+00
      3.139    18.2293   4.077608    30.4922        895     3.7250  0.000e+00
      3.133    18.2300   4.077252    30.4887        896     3.7292  0.000e+00
      3.118    18.2282   4.077084    30.4886        897     3.7333  0.000e+00
      3.109    18.2258   4.076715    30.4873        898     3.7375  0.000e+00
      3.106    18.2234   4.076782    30.4897        899     3.7417  0.000e+00
      3.106    18.2218   4.076366    30.4874        900     3.7458  0.000e+00
      3.094    18.2196   4.076863    30.4932        901     3.7500  0.000e+00
      3.082    18.2203   4.077628    30.4990        902     3.7542  0.000e+00
      3.061    18.2239   4.077675    30.4968        903     3.7583  0.000e+00
      3.034    18.2268   4.077279    30.4914        904     3.7625  0.000e+00
      3.004    18.2273   4.077796    30.4953        905     3.7667  0.000e+00
      2.958    18.2283   4.077843    30.4949        906     3.7708  0.000e+00
      2.922    18.2296   4.077870    30.4942        907     3.7750  0.000e+00
      2.880    18.2306   4.077279    30.4886        908     3.7792  0.000e+00
      2.844    18.2287   4.078656    30.5014        909     3.7833  0.000e+00
      2.798    18.2331   4.080335    30.5122        910     3.7875  0.000e+00
      2.741    18.2446   4.080778    30.5074        911     3.7917  0.000e+00
      2.690    18.2541   4.080436    30.4975        912     3.7958  0.000e+00
      2.647    18.2580   4.080852    30.4981        913     3.8000  0.000e+00
      2.605    18.2607   4.080234    30.4909        914     3.8042  0.000e+00
      2.581    18.2594   4.079696    30.4874        915     3.8083  0.000e+00
      2.569    18.2556   4.079549    30.4890        916     3.8125  0.000e+00
      2.563    18.2525   4.079676    30.4924        917     3.8167  0.000e+00
      2.572    18.2512   4.079549    30.4923        918     3.8208  0.000e+00
      2.584    18.2508   4.080456    30.5001        919     3.8250  0.000e+00
      2.596    18.2546   4.080704    30.4993        920     3.8292  0.000e+00
      2.615    18.2600   4.081867    30.5051        921     3.8333  0.000e+00
      2.636    18.2688   4.081914    30.4989        922     3.8375  0.000e+00
      2.645    18.2741   4.081416    30.4908        923     3.8417  0.000e+00
      2.648    18.2740   4.081463    30.4913        924     3.8458  0.000e+00
      2.651    18.2730   4.079965    30.4796        925     3.8500  0.000e+00
      2.645    18.2653   4.078534    30.4733        926     3.8542  0.000e+00
      2.633    18.2527   4.078286    30.4806        927     3.8583  0.000e+00
      2.615    18.2436   4.078850    30.4921        928     3.8625  0.000e+00
      2.606    18.2417   4.079247    30.4968        929     3.8667  0.000e+00
      2.573    18.2430   4.078608    30.4905        930     3.8708  0.000e+00
      2.539    18.2417   4.079320    30.4974        931     3.8750  0.000e+00
      2.491    18.2434   4.079173    30.4949        932     3.8792  0.000e+00
      2.440    18.2449   4.078904    30.4916        933     3.8833  0.000e+00
      2.388    18.2437   4.079079    30.4940        934     3.8875  0.000e+00
      2.340    18.2436   4.079159    30.4947        935     3.8917  0.000e+00
      2.286    18.2440   4.078877    30.4922        936     3.8958  0.000e+00
      2.234    18.2434   4.078830    30.4922        937     3.9000  0.000e+00
      2.189    18.2425   4.078931    30.4937        938     3.9042  0.000e+00
      2.150    18.2422   4.078689    30.4920        939     3.9083  0.000e+00
      2.123    18.2411   4.078561    30.4917        940     3.9125  0.000e+00
      2.111    18.2402   4.079005    30.4961        941     3.9167  0.000e+00
      2.096    18.2416   4.079367    30.4980        942     3.9208  0.000e+00
      2.081    18.2451   4.079468    30.4963        943     3.9250  0.000e+00
      2.072    18.2472   4.079152    30.4921        944     3.9292  0.000e+00
      2.072    18.2471   4.079246    30.4929        945     3.9333  0.000e+00
      2.066    18.2478   4.080099    30.4995        946     3.9375  0.000e+00
      2.069    18.2517   4.079522    30.4918        947     3.9417  0.000e+00
      2.081    18.2521   4.079938    30.4950        948     3.9458  0.000e+00
      2.075    18.2537   4.080187    30.4959        949     3.9500  0.000e+00
      2.075    18.2565   4.079629    30.4892        950     3.9542  0.000e+00
      2.081    18.2551   4.079347    30.4878        951     3.9583  0.000e+00
      2.078    18.2523   4.079549    30.4916        952     3.9625  0.000e+00
      2.072    18.2521   4.079978    30.4953        953     3.9667  0.000e+00
      2.051    18.2545   4.079669    30.4910        954     3.9708  0.000e+00
      2.024    18.2554   4.080187    30.4947        955     3.9750  0.000e+00
      1.982    18.2584   4.080435    30.4945        956     3.9792  0.000e+00
      1.945    18.2618   4.080355    30.4914        957     3.9833  0.000e+00
      1.900    18.2632   4.080361    30.4903        958     3.9875  0.000e+00
      1.870    18.2644   4.080260    30.4886        959     3.9917  0.000e+00
      1.825    18.2639   4.079535    30.4830        960     3.9958  0.000e+00
      1.791    18.2599   4.079669    30.4871        961     4.0000  0.000e+00
      1.743    18.2573   4.080140    30.4930        962     4.0042  0.000e+00
      1.683    18.2592   4.080160    30.4917        963     4.0083  0.000e+00
      1.619    18.2612   4.080072    30.4896        964     4.0125  0.000e+00
      1.559    18.2620   4.080012    30.4884        965     4.0167  0.000e+00
      1.513    18.2624   4.079864    30.4870        966     4.0208  0.000e+00
      1.480    18.2615   4.079770    30.4868        967     4.0250  0.000e+00
      1.465    18.2604   4.079367    30.4843        968     4.0292  0.000e+00
      1.429    18.2578   4.079273    30.4855        969     4.0333  0.000e+00
      1.408    18.2553   4.079226    30.4869        970     4.0375  0.000e+00
      1.390    18.2538   4.079065    30.4867        971     4.0417  0.000e+00
      1.363    18.2521   4.078856    30.4862        972     4.0458  0.000e+00
      1.335    18.2498   4.079199    30.4908        973     4.0500  0.000e+00
      1.317    18.2501   4.078950    30.4886        974     4.0542  0.000e+00
      1.335    18.2492   4.078379    30.4844        975     4.0583  0.000e+00
      1.351    18.2459   4.078682    30.4894        976     4.0625  0.000e+00
      1.369    18.2453   4.078856    30.4913        977     4.0667  0.000e+00
      1.366    18.2469   4.078897    30.4905        978     4.0708  0.000e+00
      1.369    18.2478   4.079004    30.4906        979     4.0750  0.000e+00
      1.363    18.2488   4.079004    30.4899        980     4.0792  0.000e+00
      1.354    18.2490   4.078729    30.4875        981     4.0833  0.000e+00
      1.336    18.2482   4.078924    30.4897        982     4.0875  0.000e+00
      1.299    18.2483   4.079098    30.4911        983     4.0917  0.000e+00
      1.284    18.2494   4.078561    30.4858        984     4.0958  0.000e+00
      1.269    18.2485   4.078782    30.4883        985     4.1000  0.000e+00
      1.251    18.2477   4.078520    30.4867        986     4.1042  0.000e+00
      1.242    18.2469   4.078413    30.4865        987     4.1083  0.000e+00
      1.212    18.2454   4.078211    30.4859        988     4.1125  0.000e+00
      1.185    18.2439   4.078218    30.4871        989     4.1167  0.000e+00
      1.149    18.2431   4.078238    30.4879        990     4.1208  0.000e+00
      1.097    18.2424   4.078238    30.4884        991     4.1250  0.000e+00
      1.043    18.2423   4.077896    30.4856        992     4.1292  0.000e+00
      1.013    18.2409   4.078030    30.4878        993     4.1333  0.000e+00
      0.998    18.2406   4.078386    30.4910        994     4.1375  0.000e+00
      0.958    18.2420   4.078856    30.4939        995     4.1417  0.000e+00
      0.889    18.2457   4.079320    30.4950        996     4.1458  0.000e+00
      0.780    18.2499   4.079037    30.4896        997     4.1500  0.000e+00
      0.723    18.2515   4.079152    30.4893        998     4.1542  0.000e+00
      0.708    18.2517   4.079420    30.4915        999     4.1583  0.000e+00
      0.711    18.2538   4.079488    30.4905       1000     4.1625  0.000e+00
      0.693    18.2550   4.079078    30.4862       1001     4.1667  0.000e+00
      0.693    18.2544   4.079420    30.4895       1002     4.1708  0.000e+00
      0.684    18.2546   4.079447    30.4895       1003     4.1750  0.000e+00
      0.708    18.2554   4.079205    30.4869       1004     4.1792  0.000e+00
      0.714    18.2546   4.079125    30.4868       1005     4.1833  0.000e+00
      0.699    18.2537   4.079467    30.4904       1006     4.1875  0.000e+00
      0.726    18.2543   4.079373    30.4891       1007     4.1917  0.000e+00
      0.769    18.2551   4.079535    30.4899       1008     4.1958  0.000e+00
      0.784    18.2557   4.079273    30.4873       1009     4.2000  0.000e+00
      0.808    18.2553   4.079320    30.4879       1010     4.2042  0.000e+00
      0.835    18.2549   4.079931    30.4933       1011     4.2083  0.000e+00
      0.835    18.2575   4.080065    30.4925       1012     4.2125  0.000e+00
      0.826    18.2601   4.080334    30.4928       1013     4.2167  0.000e+00
      0.802    18.2625   4.080851    30.4954       1014     4.2208  0.000e+00
      0.790    18.2662   4.080663    30.4911       1015     4.2250  0.000e+00
      0.790    18.2677   4.079817    30.4829       1016     4.2292  0.000e+00
      0.787    18.2645   4.079696    30.4842       1017     4.2333  0.000e+00
      0.763    18.2618   4.080193    30.4904       1018     4.2375  0.000e+00
      0.751    18.2620   4.080287    30.4910       1019     4.2417  0.000e+00
      0.742    18.2626   4.079467    30.4837       1020     4.2458  0.000e+00
      0.678    18.2602   4.079991    30.4899       1021     4.2500  0.000e+00
      0.521    18.2597   4.079817    30.4889       1022     4.2542  0.000e+00
      0.503    18.2608   4.081073    30.4985       1023     4.2583  0.000e+00
      0.546    18.2651   4.079964    30.4861       1024     4.2625  0.000e+00
      0.585    18.2646   4.079622    30.4836       1025     4.2667  0.000e+00
      0.612    18.2611   4.079817    30.4878       1026     4.2708  0.000e+00
      0.612    18.2596   4.080582    30.4953       1027     4.2750  0.000e+00
      0.567    18.2630   4.082256    30.5067       1028     4.2792  0.000e+00
      0.540    18.2737   4.083277    30.5073       1029     4.2833  0.000e+00
      0.522    18.2848   4.083418    30.5003       1030     4.2875  0.000e+00
      0.504    18.2923   4.083592    30.4962       1031     4.2917  0.000e+00
      0.516    18.2968   4.084056    30.4966       1032     4.2958  0.000e+00
      0.525    18.3012   4.083841    30.4916       1033     4.3000  0.000e+00
      0.546    18.3024   4.083270    30.4859       1034     4.3042  0.000e+00
      0.555    18.3008   4.082699    30.4824       1035     4.3083  0.000e+00
