HB2302/sbe028.cnv
* Sea-Bird SBE 19plus V2 Data File:
* FileName = C:\cruise\data\sbe028.hex
* Software Version Seasave V 7.26.7.121
* Temperature SN = 4758
* Conductivity SN = 4758
* System UpLoad Time = Jun 11 2023 14:23:16
* NMEA Latitude = 36 34.99 N
* NMEA Longitude = 074 45.11 W
* NMEA UTC (Time) = Jun 11 2023 14:23:17
** Cruise: HB2302
** Program: Ecomon
** Chief Scientist: Jerry Prezioso
# nquan = 7
# nvalues = 2328                                  
# units = specified
# name 0 = depSM: Depth [salt water, m]
# name 1 = tv290C: Temperature [ITS-90, deg C]
# name 2 = c0S/m: Conductivity [S/m]
# name 3 = sal00: Salinity, Practical [PSU]
# name 4 = scan: Scan Count
# name 5 = timeM: Time, Elapsed [minutes]
# name 6 = flag:  0.000e+00
# span 0 =     -0.078,     88.883                 
# span 1 =     9.4251,    18.4192                 
# span 2 =  -0.007683,   4.374183                 
# span 3 =     0.0000,    34.1839                 
# span 4 =         11,       2338                 
# span 5 =     0.0417,     9.7375                 
# span 6 = 0.0000e+00, 0.0000e+00                 
# interval = seconds: 0.25
# start_time = Jun 11 2023 14:23:17 [NMEA time, header]
# bad_flag = -9.990e-29
*END*
[from data line 821]
     86.553     9.4529   3.608073    33.4166        832     3.4625  0.000e+00
     86.465     9.4530   3.608093    33.4168        833     3.4667  0.000e+00
     86.375     9.4532   3.607977    33.4154        834     3.4708  0.000e+00
     86.281     9.4532   3.607958    33.4153        835     3.4750  0.000e+00
     86.182     9.4530   3.607869    33.4146        836     3.4792  0.000e+00
     86.091     9.4526   3.607619    33.4124        837     3.4833  0.000e+00
     85.998     9.4519   3.607498    33.4119        838     3.4875  0.000e+00
     85.904     9.4508   3.607511    33.4131        839     3.4917  0.000e+00
     85.813     9.4506   3.607600    33.4143        840     3.4958  0.000e+00
     85.732     9.4510   3.607600    33.4139        841     3.5000  0.000e+00
     85.650     9.4510   3.607242    33.4102        842     3.5042  0.000e+00
     85.578     9.4500   3.607050    33.4093        843     3.5083  0.000e+00
     85.490     9.4488   3.606839    33.4083        844     3.5125  0.000e+00
     85.412     9.4473   3.606858    33.4098        845     3.5167  0.000e+00
     85.324     9.4465   3.606948    33.4116        846     3.5208  0.000e+00
     85.237     9.4465   3.606993    33.4121        847     3.5250  0.000e+00
     85.146     9.4470   3.606993    33.4117        848     3.5292  0.000e+00
     85.059     9.4472   3.606922    33.4108        849     3.5333  0.000e+00
     84.971     9.4472   3.606814    33.4097        850     3.5375  0.000e+00
     84.872     9.4471   3.606813    33.4099        851     3.5417  0.000e+00
     84.769     9.4467   3.606813    33.4103        852     3.5458  0.000e+00
     84.669     9.4466   3.606813    33.4104        853     3.5500  0.000e+00
     84.567     9.4468   3.606858    33.4107        854     3.5542  0.000e+00
     84.452     9.4471   3.606839    33.4103        855     3.5583  0.000e+00
     84.340     9.4472   3.606705    33.4089        856     3.5625  0.000e+00
     84.225     9.4471   3.606615    33.4081        857     3.5667  0.000e+00
     84.099     9.4464   3.606570    33.4083        858     3.5708  0.000e+00
     83.978     9.4462   3.606589    33.4088        859     3.5750  0.000e+00
     83.842     9.4462   3.606436    33.4073        860     3.5792  0.000e+00
     83.703     9.4455   3.606302    33.4066        861     3.5833  0.000e+00
     83.561     9.4449   3.606366    33.4079        862     3.5875  0.000e+00
     83.438     9.4448   3.606436    33.4088        863     3.5917  0.000e+00
     83.305     9.4451   3.606500    33.4092        864     3.5958  0.000e+00
     83.178     9.4457   3.606570    33.4094        865     3.6000  0.000e+00
     83.051     9.4465   3.606775    33.4108        866     3.6042  0.000e+00
     82.930     9.4475   3.606838    33.4106        867     3.6083  0.000e+00
     82.810     9.4487   3.606794    33.4091        868     3.6125  0.000e+00
     82.698     9.4495   3.606704    33.4075        869     3.6167  0.000e+00
     82.589     9.4495   3.606659    33.4071        870     3.6208  0.000e+00
     82.478     9.4493   3.606634    33.4070        871     3.6250  0.000e+00
     82.378     9.4494   3.606627    33.4070        872     3.6292  0.000e+00
     82.278     9.4492   3.606589    33.4068        873     3.6333  0.000e+00
     82.176     9.4490   3.606544    33.4065        874     3.6375  0.000e+00
     82.079     9.4488   3.606480    33.4061        875     3.6417  0.000e+00
     81.976     9.4486   3.606410    33.4056        876     3.6458  0.000e+00
     81.880     9.4484   3.606435    33.4061        877     3.6500  0.000e+00
     81.768     9.4480   3.606346    33.4056        878     3.6542  0.000e+00
     81.660     9.4479   3.606301    33.4052        879     3.6583  0.000e+00
     81.557     9.4477   3.606301    33.4055        880     3.6625  0.000e+00
     81.448     9.4477   3.606346    33.4060        881     3.6667  0.000e+00
     81.333     9.4479   3.606346    33.4059        882     3.6708  0.000e+00
     81.219     9.4483   3.606435    33.4065        883     3.6750  0.000e+00
     81.101     9.4489   3.606524    33.4069        884     3.6792  0.000e+00
     80.977     9.4497   3.606569    33.4067        885     3.6833  0.000e+00
     80.850     9.4506   3.606678    33.4070        886     3.6875  0.000e+00
     80.733     9.4516   3.606767    33.4071        887     3.6917  0.000e+00
     80.615     9.4528   3.606882    33.4072        888     3.6958  0.000e+00
     80.488     9.4541   3.606965    33.4069        889     3.7000  0.000e+00
     80.374     9.4553   3.606946    33.4056        890     3.7042  0.000e+00
     80.259     9.4559   3.606927    33.4049        891     3.7083  0.000e+00
     80.141     9.4563   3.606927    33.4046        892     3.7125  0.000e+00
     80.023     9.4564   3.606882    33.4041        893     3.7167  0.000e+00
     79.906     9.4566   3.606837    33.4035        894     3.7208  0.000e+00
     79.797     9.4566   3.606773    33.4029        895     3.7250  0.000e+00
     79.679     9.4564   3.606812    33.4035        896     3.7292  0.000e+00
     79.565     9.4564   3.606882    33.4043        897     3.7333  0.000e+00
     79.453     9.4569   3.607035    33.4054        898     3.7375  0.000e+00
     79.347     9.4580   3.606971    33.4039        899     3.7417  0.000e+00
     79.232     9.4583   3.606690    33.4007        900     3.7458  0.000e+00
     79.133     9.4579   3.606588    33.4001        901     3.7500  0.000e+00
     79.018     9.4570   3.606453    33.3995        902     3.7542  0.000e+00
     78.912     9.4562   3.606364    33.3994        903     3.7583  0.000e+00
     78.819     9.4554   3.606364    33.4003        904     3.7625  0.000e+00
     78.713     9.4550   3.606409    33.4011        905     3.7667  0.000e+00
     78.623     9.4547   3.606051    33.3978        906     3.7708  0.000e+00
     78.517     9.4537   3.605961    33.3978        907     3.7750  0.000e+00
     78.417     9.4525   3.605718    33.3964        908     3.7792  0.000e+00
     78.315     9.4512   3.605609    33.3966        909     3.7833  0.000e+00
     78.215     9.4498   3.605520    33.3970        910     3.7875  0.000e+00
     78.101     9.4488   3.605360    33.3964        911     3.7917  0.000e+00
     77.992     9.4477   3.605347    33.3973        912     3.7958  0.000e+00
     77.874     9.4472   3.605341    33.3978        913     3.8000  0.000e+00
     77.759     9.4468   3.605315    33.3980        914     3.8042  0.000e+00
     77.633     9.4468   3.605386    33.3987        915     3.8083  0.000e+00
     77.509     9.4467   3.605270    33.3977        916     3.8125  0.000e+00
     77.382     9.4466   3.605251    33.3976        917     3.8167  0.000e+00
     77.261     9.4464   3.605219    33.3975        918     3.8208  0.000e+00
     77.135     9.4461   3.605162    33.3973        919     3.8250  0.000e+00
     77.017     9.4459   3.605206    33.3980        920     3.8292  0.000e+00
     76.896     9.4460   3.605162    33.3975        921     3.8333  0.000e+00
     76.769     9.4458   3.605181    33.3979        922     3.8375  0.000e+00
     76.664     9.4459   3.605155    33.3976        923     3.8417  0.000e+00
     76.552     9.4459   3.605136    33.3974        924     3.8458  0.000e+00
     76.446     9.4459   3.605046    33.3966        925     3.8500  0.000e+00
     76.341     9.4455   3.605002    33.3966        926     3.8542  0.000e+00
     76.238     9.4451   3.604957    33.3965        927     3.8583  0.000e+00
     76.142     9.4448   3.604957    33.3969        928     3.8625  0.000e+00
     76.051     9.4446   3.604963    33.3971        929     3.8667  0.000e+00
     75.957     9.4446   3.604893    33.3965        930     3.8708  0.000e+00
     75.855     9.4444   3.604823    33.3960        931     3.8750  0.000e+00
     75.761     9.4440   3.604714    33.3953        932     3.8792  0.000e+00
     75.668     9.4435   3.604714    33.3958        933     3.8833  0.000e+00
     75.574     9.4430   3.604714    33.3962        934     3.8875  0.000e+00
     75.477     9.4430   3.604707    33.3962        935     3.8917  0.000e+00
     75.378     9.4429   3.604714    33.3965        936     3.8958  0.000e+00
     75.284     9.4429   3.604714    33.3965        937     3.9000  0.000e+00
     75.179     9.4431   3.604643    33.3956        938     3.9042  0.000e+00
     75.082     9.4427   3.604087    33.3903        939     3.9083  0.000e+00
     74.982     9.4408   3.604062    33.3919        940     3.9125  0.000e+00
     74.886     9.4392   3.604132    33.3941        941     3.9167  0.000e+00
     74.783     9.4386   3.603972    33.3931        942     3.9208  0.000e+00
     74.672     9.4382   3.603953    33.3933        943     3.9250  0.000e+00
     74.566     9.4374   3.604043    33.3950        944     3.9292  0.000e+00
     74.454     9.4373   3.604017    33.3949        945     3.9333  0.000e+00
     74.352     9.4374   3.603953    33.3942        946     3.9375  0.000e+00
     74.246     9.4373   3.604049    33.3954        947     3.9417  0.000e+00
     74.137     9.4375   3.603953    33.3942        948     3.9458  0.000e+00
     74.023     9.4373   3.603525    33.3901        949     3.9500  0.000e+00
     73.911     9.4358   3.603435    33.3905        950     3.9542  0.000e+00
     73.793     9.4344   3.603461    33.3922        951     3.9583  0.000e+00
     73.685     9.4338   3.603505    33.3933        952     3.9625  0.000e+00
     73.573     9.4335   3.603410    33.3926        953     3.9667  0.000e+00
     73.461     9.4333   3.603346    33.3922        954     3.9708  0.000e+00
     73.356     9.4329   3.603326    33.3924        955     3.9750  0.000e+00
     73.253     9.4325   3.603263    33.3922        956     3.9792  0.000e+00
     73.150     9.4320   3.603218    33.3922        957     3.9833  0.000e+00
     73.045     9.4316   3.603147    33.3919        958     3.9875  0.000e+00
     72.939     9.4311   3.603071    33.3916        959     3.9917  0.000e+00
     72.842     9.4307   3.603103    33.3923        960     3.9958  0.000e+00
     72.755     9.4304   3.602924    33.3908        961     4.0000  0.000e+00
     72.649     9.4299   3.603013    33.3923        962     4.0042  0.000e+00
     72.559     9.4296   3.602789    33.3903        963     4.0083  0.000e+00
     72.456     9.4290   3.602700    33.3900        964     4.0125  0.000e+00
     72.354     9.4281   3.602770    33.3916        965     4.0167  0.000e+00
     72.254     9.4280   3.602745    33.3915        966     4.0208  0.000e+00
     72.151     9.4279   3.602610    33.3902        967     4.0250  0.000e+00
     72.049     9.4275   3.602655    33.3911        968     4.0292  0.000e+00
     71.937     9.4272   3.602610    33.3910        969     4.0333  0.000e+00
     71.843     9.4270   3.602591    33.3910        970     4.0375  0.000e+00
     71.738     9.4269   3.602623    33.3915        971     4.0417  0.000e+00
     71.626     9.4267   3.602566    33.3911        972     4.0458  0.000e+00
     71.520     9.4266   3.602546    33.3910        973     4.0500  0.000e+00
     71.418     9.4265   3.602521    33.3909        974     4.0542  0.000e+00
     71.306     9.4264   3.602457    33.3904        975     4.0583  0.000e+00
     71.210     9.4261   3.602476    33.3909        976     4.0625  0.000e+00
     71.101     9.4262   3.602476    33.3909        977     4.0667  0.000e+00
     70.998     9.4262   3.602457    33.3907        978     4.0708  0.000e+00
     70.896     9.4262   3.602476    33.3910        979     4.0750  0.000e+00
     70.796     9.4260   3.602457    33.3911        980     4.0792  0.000e+00
     70.697     9.4262   3.602412    33.3905        981     4.0833  0.000e+00
     70.606     9.4261   3.602412    33.3906        982     4.0875  0.000e+00
     70.503     9.4261   3.602431    33.3908        983     4.0917  0.000e+00
     70.407     9.4260   3.602386    33.3904        984     4.0958  0.000e+00
     70.310     9.4260   3.602386    33.3905        985     4.1000  0.000e+00
     70.214     9.4260   3.602367    33.3903        986     4.1042  0.000e+00
     70.126     9.4260   3.602367    33.3904        987     4.1083  0.000e+00
     70.039     9.4258   3.602367    33.3906        988     4.1125  0.000e+00
     69.939     9.4258   3.602348    33.3904        989     4.1167  0.000e+00
     69.836     9.4258   3.602341    33.3905        990     4.1208  0.000e+00
     69.740     9.4258   3.602341    33.3905        991     4.1250  0.000e+00
     69.646     9.4257   3.602322    33.3904        992     4.1292  0.000e+00
     69.553     9.4259   3.602277    33.3898        993     4.1333  0.000e+00
     69.459     9.4258   3.602296    33.3901        994     4.1375  0.000e+00
     69.360     9.4256   3.602284    33.3902        995     4.1417  0.000e+00
     69.266     9.4256   3.602277    33.3902        996     4.1458  0.000e+00
     69.172     9.4256   3.602252    33.3900        997     4.1500  0.000e+00
     69.079     9.4256   3.602252    33.3901        998     4.1542  0.000e+00
     68.982     9.4257   3.602232    33.3898        999     4.1583  0.000e+00
     68.886     9.4256   3.602277    33.3904       1000     4.1625  0.000e+00
     68.786     9.4256   3.602220    33.3899       1001     4.1667  0.000e+00
     68.687     9.4255   3.602188    33.3897       1002     4.1708  0.000e+00
     68.587     9.4254   3.602207    33.3900       1003     4.1750  0.000e+00
     68.490     9.4254   3.602162    33.3895       1004     4.1792  0.000e+00
     68.382     9.4254   3.602187    33.3899       1005     4.1833  0.000e+00
     68.282     9.4254   3.602143    33.3895       1006     4.1875  0.000e+00
     68.180     9.4251   3.602130    33.3897       1007     4.1917  0.000e+00
     68.080     9.4251   3.602117    33.3896       1008     4.1958  0.000e+00
     67.980     9.4251   3.602143    33.3899       1009     4.2000  0.000e+00
     67.881     9.4251   3.602117    33.3897       1010     4.2042  0.000e+00
     67.784     9.4251   3.602143    33.3900       1011     4.2083  0.000e+00
     67.694     9.4253   3.602143    33.3898       1012     4.2125  0.000e+00
     67.594     9.4253   3.602111    33.3895       1013     4.2167  0.000e+00
     67.510     9.4255   3.602098    33.3893       1014     4.2208  0.000e+00
     67.413     9.4254   3.602072    33.3891       1015     4.2250  0.000e+00
     67.323     9.4254   3.602098    33.3895       1016     4.2292  0.000e+00
     67.232     9.4254   3.602098    33.3895       1017     4.2333  0.000e+00
     67.141     9.4254   3.602072    33.3893       1018     4.2375  0.000e+00
     67.051     9.4253   3.602046    33.3892       1019     4.2417  0.000e+00
     66.963     9.4254   3.602053    33.3891       1020     4.2458  0.000e+00
     66.873     9.4254   3.602053    33.3892       1021     4.2500  0.000e+00
     66.788     9.4255   3.602027    33.3889       1022     4.2542  0.000e+00
     66.698     9.4254   3.602027    33.3890       1023     4.2583  0.000e+00
     66.595     9.4254   3.602027    33.3891       1024     4.2625  0.000e+00
     66.508     9.4254   3.602002    33.3889       1025     4.2667  0.000e+00
     66.417     9.4253   3.602027    33.3892       1026     4.2708  0.000e+00
     66.324     9.4254   3.601982    33.3887       1027     4.2750  0.000e+00
     66.230     9.4254   3.601982    33.3887       1028     4.2792  0.000e+00
     66.134     9.4253   3.601982    33.3890       1029     4.2833  0.000e+00
     66.040     9.4254   3.601963    33.3886       1030     4.2875  0.000e+00
     65.934     9.4254   3.601982    33.3889       1031     4.2917  0.000e+00
     65.844     9.4256   3.601982    33.3887       1032     4.2958  0.000e+00
     65.741     9.4256   3.601982    33.3888       1033     4.3000  0.000e+00
     65.645     9.4257   3.601982    33.3888       1034     4.3042  0.000e+00
     65.542     9.4258   3.601982    33.3887       1035     4.3083  0.000e+00
