HB2302/sbe036.cnv
* Sea-Bird SBE 19plus V2 Data File:
* FileName = C:\cruise\data\sbe036.hex
* Software Version Seasave V 7.26.7.121
* Temperature SN = 4758
* Conductivity SN = 4758
* System UpLoad Time = Jun 12 2023 10:29:50
* NMEA Latitude = 36 42.33 N
* NMEA Longitude = 075 16.74 W
* NMEA UTC (Time) = Jun 12 2023 10:29:51
** Cruise: HB2302
** Program: Ecomon
** Chief Scientist: Jerry Prezioso
# nquan = 7
# nvalues = 1368                                  
# units = specified
# name 0 = depSM: Depth [salt water, m]
# name 1 = tv290C: Temperature [ITS-90, deg C]
# name 2 = c0S/m: Conductivity [S/m]
# name 3 = sal00: Salinity, Practical [PSU]
# name 4 = scan: Scan Count
# name 5 = timeM: Time, Elapsed [minutes]
# name 6 = flag:  0.000e+00
# span 0 =     -0.131,     22.814                 
# span 1 =    15.8865,    19.2134                 
# span 2 =   0.000080,   4.288571                 
# span 3 =     0.0096,    32.9757                 
# span 4 =         11,       1378                 
# span 5 =     0.0417,     5.7375                 
# span 6 = 0.0000e+00, 0.0000e+00                 
# interval = seconds: 0.25
# start_time = Jun 12 2023 10:29:51 [NMEA time, header]
# bad_flag = -9.990e-29
*END*
[from data line 616]
     16.061    15.8896   4.149319    32.9437        627     2.6083  0.000e+00
     15.995    15.8896   4.147662    32.9290        628     2.6125  0.000e+00
     15.935    15.8900   4.148257    32.9340        629     2.6167  0.000e+00
     15.883    15.8901   4.148311    32.9344        630     2.6208  0.000e+00
     15.823    15.8901   4.148358    32.9349        631     2.6250  0.000e+00
     15.790    15.8900   4.148602    32.9372        632     2.6292  0.000e+00
     15.747    15.8901   4.148663    32.9376        633     2.6333  0.000e+00
     15.711    15.8900   4.148385    32.9352        634     2.6375  0.000e+00
     15.681    15.8900   4.148338    32.9349        635     2.6417  0.000e+00
     15.663    15.8902   4.148210    32.9335        636     2.6458  0.000e+00
     15.642    15.8900   4.148169    32.9334        637     2.6500  0.000e+00
     15.624    15.8899   4.148338    32.9350        638     2.6542  0.000e+00
     15.612    15.8897   4.148697    32.9383        639     2.6583  0.000e+00
     15.597    15.8897   4.149062    32.9415        640     2.6625  0.000e+00
     15.566    15.8896   4.149062    32.9417        641     2.6667  0.000e+00
     15.551    15.8899   4.148095    32.9328        642     2.6708  0.000e+00
     15.518    15.8897   4.148108    32.9331        643     2.6750  0.000e+00
     15.485    15.8895   4.148142    32.9336        644     2.6792  0.000e+00
     15.455    15.8896   4.148460    32.9364        645     2.6833  0.000e+00
     15.419    15.8895   4.148913    32.9405        646     2.6875  0.000e+00
     15.388    15.8895   4.147479    32.9278        647     2.6917  0.000e+00
     15.367    15.8895   4.147398    32.9270        648     2.6958  0.000e+00
     15.337    15.8892   4.146924    32.9231        649     2.7000  0.000e+00
     15.316    15.8890   4.146221    32.9170        650     2.7042  0.000e+00
     15.295    15.8890   4.146559    32.9200        651     2.7083  0.000e+00
     15.286    15.8890   4.147831    32.9313        652     2.7125  0.000e+00
     15.265    15.8888   4.146728    32.9217        653     2.7167  0.000e+00
     15.238    15.8888   4.146924    32.9235        654     2.7208  0.000e+00
     15.204    15.8887   4.147614    32.9297        655     2.7250  0.000e+00
     15.174    15.8887   4.147804    32.9314        656     2.7292  0.000e+00
     15.132    15.8887   4.147276    32.9267        657     2.7333  0.000e+00
     15.084    15.8885   4.146532    32.9203        658     2.7375  0.000e+00
     15.020    15.8885   4.145193    32.9084        659     2.7417  0.000e+00
     14.951    15.8882   4.144902    32.9061        660     2.7458  0.000e+00
     14.878    15.8880   4.145193    32.9089        661     2.7500  0.000e+00
     14.794    15.8879   4.144976    32.9071        662     2.7542  0.000e+00
     14.721    15.8875   4.144713    32.9051        663     2.7583  0.000e+00
     14.643    15.8874   4.145396    32.9113        664     2.7625  0.000e+00
     14.579    15.8873   4.144686    32.9051        665     2.7667  0.000e+00
     14.519    15.8871   4.144713    32.9056        666     2.7708  0.000e+00
     14.467    15.8871   4.145382    32.9115        667     2.7750  0.000e+00
     14.416    15.8873   4.145193    32.9096        668     2.7792  0.000e+00
     14.374    15.8873   4.145044    32.9083        669     2.7833  0.000e+00
     14.350    15.8873   4.144158    32.9006        670     2.7875  0.000e+00
     14.332    15.8873   4.144009    32.8992        671     2.7917  0.000e+00
     14.329    15.8871   4.143989    32.8992        672     2.7958  0.000e+00
     14.338    15.8870   4.144036    32.8997        673     2.8000  0.000e+00
     14.338    15.8869   4.144185    32.9011        674     2.8042  0.000e+00
     14.344    15.8869   4.144334    32.9025        675     2.8083  0.000e+00
     14.359    15.8869   4.144185    32.9011        676     2.8125  0.000e+00
     14.359    15.8870   4.144375    32.9027        677     2.8167  0.000e+00
     14.356    15.8869   4.143536    32.8953        678     2.8208  0.000e+00
     14.350    15.8869   4.143178    32.8922        679     2.8250  0.000e+00
     14.329    15.8869   4.142529    32.8864        680     2.8292  0.000e+00
     14.314    15.8867   4.142407    32.8855        681     2.8333  0.000e+00
     14.272    15.8865   4.142427    32.8859        682     2.8375  0.000e+00
     14.229    15.8865   4.142556    32.8871        683     2.8417  0.000e+00
     14.166    15.8865   4.142454    32.8862        684     2.8458  0.000e+00
     14.096    15.8866   4.142177    32.8836        685     2.8500  0.000e+00
     14.012    15.8871   4.142407    32.8853        686     2.8542  0.000e+00
     13.930    15.8874   4.142427    32.8853        687     2.8583  0.000e+00
     13.828    15.8875   4.141853    32.8801        688     2.8625  0.000e+00
     13.746    15.8880   4.141400    32.8758        689     2.8667  0.000e+00
     13.662    15.8891   4.141373    32.8746        690     2.8708  0.000e+00
     13.577    15.8903   4.140947    32.8699        691     2.8750  0.000e+00
     13.514    15.8918   4.140872    32.8680        692     2.8792  0.000e+00
     13.456    15.8935   4.140852    32.8665        693     2.8833  0.000e+00
     13.417    15.8942   4.140845    32.8658        694     2.8875  0.000e+00
     13.399    15.8947   4.140872    32.8656        695     2.8917  0.000e+00
     13.387    15.8950   4.140919    32.8658        696     2.8958  0.000e+00
     13.375    15.8947   4.140946    32.8663        697     2.9000  0.000e+00
     13.375    15.8945   4.140899    32.8661        698     2.9042  0.000e+00
     13.387    15.8946   4.140872    32.8657        699     2.9083  0.000e+00
     13.399    15.8946   4.140899    32.8659        700     2.9125  0.000e+00
     13.402    15.8949   4.140946    32.8661        701     2.9167  0.000e+00
     13.414    15.8947   4.140974    32.8665        702     2.9208  0.000e+00
     13.408    15.8946   4.141068    32.8674        703     2.9250  0.000e+00
     13.393    15.8941   4.140946    32.8668        704     2.9292  0.000e+00
     13.366    15.8940   4.140919    32.8666        705     2.9333  0.000e+00
     13.327    15.8939   4.140845    32.8661        706     2.9375  0.000e+00
     13.279    15.8937   4.140845    32.8663        707     2.9417  0.000e+00
     13.221    15.8936   4.140919    32.8670        708     2.9458  0.000e+00
     13.155    15.8942   4.140946    32.8668        709     2.9500  0.000e+00
     13.079    15.8950   4.141088    32.8674        710     2.9542  0.000e+00
     12.998    15.8962   4.141149    32.8670        711     2.9583  0.000e+00
     12.898    15.8975   4.141149    32.8659        712     2.9625  0.000e+00
     12.798    15.8982   4.141183    32.8657        713     2.9667  0.000e+00
     12.708    15.8989   4.141250    32.8657        714     2.9708  0.000e+00
     12.632    15.9004   4.141331    32.8653        715     2.9750  0.000e+00
     12.557    15.9019   4.141298    32.8638        716     2.9792  0.000e+00
     12.487    15.9024   4.141331    32.8636        717     2.9833  0.000e+00
     12.433    15.9031   4.141345    32.8632        718     2.9875  0.000e+00
     12.384    15.9036   4.141372    32.8631        719     2.9917  0.000e+00
     12.357    15.9039   4.141426    32.8632        720     2.9958  0.000e+00
     12.327    15.9047   4.141500    32.8633        721     3.0000  0.000e+00
     12.318    15.9051   4.141615    32.8640        722     3.0042  0.000e+00
     12.303    15.9057   4.141676    32.8640        723     3.0083  0.000e+00
     12.291    15.9066   4.141622    32.8628        724     3.0125  0.000e+00
     12.282    15.9070   4.141615    32.8624        725     3.0167  0.000e+00
     12.261    15.9070   4.141622    32.8624        726     3.0208  0.000e+00
     12.252    15.9070   4.141547    32.8619        727     3.0250  0.000e+00
     12.227    15.9068   4.141798    32.8642        728     3.0292  0.000e+00
     12.200    15.9076   4.142169    32.8669        729     3.0333  0.000e+00
     12.170    15.9098   4.142250    32.8657        730     3.0375  0.000e+00
     12.122    15.9121   4.142277    32.8641        731     3.0417  0.000e+00
     12.073    15.9132   4.142264    32.8631        732     3.0458  0.000e+00
     12.019    15.9135   4.142325    32.8634        733     3.0500  0.000e+00
     11.959    15.9140   4.142433    32.8639        734     3.0542  0.000e+00
     11.901    15.9149   4.142500    32.8638        735     3.0583  0.000e+00
     11.841    15.9160   4.142602    32.8639        736     3.0625  0.000e+00
     11.793    15.9168   4.142649    32.8636        737     3.0667  0.000e+00
     11.741    15.9182   4.142676    32.8627        738     3.0708  0.000e+00
     11.705    15.9191   4.142554    32.8609        739     3.0750  0.000e+00
     11.678    15.9200   4.142527    32.8599        740     3.0792  0.000e+00
     11.651    15.9206   4.142575    32.8599        741     3.0833  0.000e+00
     11.636    15.9212   4.142527    32.8590        742     3.0875  0.000e+00
     11.605    15.9214   4.142777    32.8610        743     3.0917  0.000e+00
     11.578    15.9230   4.142980    32.8615        744     3.0958  0.000e+00
     11.551    15.9257   4.143480    32.8637        745     3.1000  0.000e+00
     11.512    15.9301   4.144183    32.8663        746     3.1042  0.000e+00
     11.464    15.9362   4.144413    32.8633        747     3.1083  0.000e+00
     11.406    15.9411   4.144508    32.8601        748     3.1125  0.000e+00
     11.346    15.9441   4.144636    32.8588        749     3.1167  0.000e+00
     11.279    15.9470   4.144711    32.8570        750     3.1208  0.000e+00
     11.204    15.9499   4.144758    32.8550        751     3.1250  0.000e+00
     11.122    15.9520   4.144812    32.8538        752     3.1292  0.000e+00
     11.059    15.9535   4.144852    32.8530        753     3.1333  0.000e+00
     10.983    15.9541   4.144866    32.8526        754     3.1375  0.000e+00
     10.926    15.9548   4.144886    32.8522        755     3.1417  0.000e+00
     10.878    15.9556   4.144927    32.8520        756     3.1458  0.000e+00
     10.845    15.9563   4.144940    32.8515        757     3.1500  0.000e+00
     10.811    15.9569   4.144947    32.8511        758     3.1542  0.000e+00
     10.793    15.9573   4.144886    32.8502        759     3.1583  0.000e+00
     10.784    15.9568   4.144927    32.8510        760     3.1625  0.000e+00
     10.784    15.9570   4.145015    32.8516        761     3.1667  0.000e+00
     10.778    15.9583   4.145238    32.8525        762     3.1708  0.000e+00
     10.760    15.9609   4.145454    32.8522        763     3.1750  0.000e+00
     10.754    15.9638   4.145440    32.8498        764     3.1792  0.000e+00
     10.739    15.9655   4.145738    32.8510        765     3.1833  0.000e+00
     10.724    15.9683   4.145718    32.8485        766     3.1875  0.000e+00
     10.694    15.9698   4.145474    32.8451        767     3.1917  0.000e+00
     10.667    15.9690   4.145691    32.8477        768     3.1958  0.000e+00
     10.633    15.9696   4.146319    32.8528        769     3.2000  0.000e+00
     10.582    15.9739   4.146198    32.8481        770     3.2042  0.000e+00
     10.540    15.9766   4.146069    32.8448        771     3.2083  0.000e+00
     10.483    15.9771   4.145954    32.8434        772     3.2125  0.000e+00
     10.416    15.9765   4.145968    32.8440        773     3.2167  0.000e+00
     10.356    15.9762   4.146049    32.8450        774     3.2208  0.000e+00
     10.301    15.9758   4.146069    32.8455        775     3.2250  0.000e+00
     10.247    15.9763   4.146143    32.8458        776     3.2292  0.000e+00
     10.196    15.9768   4.146265    32.8465        777     3.2333  0.000e+00
     10.169    15.9780   4.146394    32.8466        778     3.2375  0.000e+00
     10.138    15.9796   4.146556    32.8468        779     3.2417  0.000e+00
     10.114    15.9819   4.146495    32.8443        780     3.2458  0.000e+00
     10.093    15.9828   4.146461    32.8433        781     3.2500  0.000e+00
     10.090    15.9833   4.146495    32.8432        782     3.2542  0.000e+00
     10.084    15.9833   4.146468    32.8430        783     3.2583  0.000e+00
     10.078    15.9833   4.146434    32.8426        784     3.2625  0.000e+00
     10.063    15.9829   4.146448    32.8431        785     3.2667  0.000e+00
     10.054    15.9827   4.146360    32.8425        786     3.2708  0.000e+00
     10.030    15.9824   4.146346    32.8426        787     3.2750  0.000e+00
     10.006    15.9821   4.146360    32.8430        788     3.2792  0.000e+00
      9.963    15.9819   4.146393    32.8435        789     3.2833  0.000e+00
      9.915    15.9820   4.146447    32.8439        790     3.2875  0.000e+00
      9.867    15.9825   4.146508    32.8441        791     3.2917  0.000e+00
      9.815    15.9830   4.146468    32.8433        792     3.2958  0.000e+00
      9.761    15.9833   4.146698    32.8451        793     3.3000  0.000e+00
      9.716    15.9848   4.146873    32.8454        794     3.3042  0.000e+00
      9.667    15.9869   4.146914    32.8440        795     3.3083  0.000e+00
      9.631    15.9881   4.146549    32.8398        796     3.3125  0.000e+00
      9.601    15.9868   4.146745    32.8426        797     3.3167  0.000e+00
      9.580    15.9868   4.146630    32.8416        798     3.3208  0.000e+00
      9.559    15.9864   4.146495    32.8408        799     3.3250  0.000e+00
      9.550    15.9852   4.146677    32.8434        800     3.3292  0.000e+00
      9.532    15.9854   4.146643    32.8430        801     3.3333  0.000e+00
      9.501    15.9857   4.146555    32.8419        802     3.3375  0.000e+00
      9.486    15.9860   4.146670    32.8427        803     3.3417  0.000e+00
      9.456    15.9861   4.146745    32.8433        804     3.3458  0.000e+00
      9.429    15.9869   4.146772    32.8429        805     3.3500  0.000e+00
      9.393    15.9876   4.147022    32.8445        806     3.3542  0.000e+00
      9.347    15.9895   4.147374    32.8460        807     3.3583  0.000e+00
      9.305    15.9930   4.148131    32.8499        808     3.3625  0.000e+00
      9.254    15.9994   4.148645    32.8491        809     3.3667  0.000e+00
      9.197    16.0069   4.149842    32.8535        810     3.3708  0.000e+00
      9.139    16.0184   4.152407    32.8667        811     3.3750  0.000e+00
      9.067    16.0401   4.154193    32.8646        812     3.3792  0.000e+00
      9.000    16.0637   4.154450    32.8473        813     3.3833  0.000e+00
      8.943    16.0790   4.155086    32.8403        814     3.3875  0.000e+00
      8.891    16.0899   4.155708    32.8368        815     3.3917  0.000e+00
      8.849    16.0996   4.155952    32.8309        816     3.3958  0.000e+00
      8.816    16.1060   4.155756    32.8239        817     3.4000  0.000e+00
      8.792    16.1082   4.155830    32.8227        818     3.4042  0.000e+00
      8.774    16.1093   4.155810    32.8216        819     3.4083  0.000e+00
      8.762    16.1099   4.156162    32.8243        820     3.4125  0.000e+00
      8.738    16.1115   4.155972    32.8213        821     3.4167  0.000e+00
      8.732    16.1126   4.156338    32.8236        822     3.4208  0.000e+00
      8.723    16.1140   4.156168    32.8209        823     3.4250  0.000e+00
      8.711    16.1141   4.155884    32.8184        824     3.4292  0.000e+00
      8.701    16.1131   4.155925    32.8196        825     3.4333  0.000e+00
      8.689    16.1124   4.156310    32.8236        826     3.4375  0.000e+00
      8.674    16.1134   4.156310    32.8227        827     3.4417  0.000e+00
      8.632    16.1147   4.156236    32.8210        828     3.4458  0.000e+00
      8.593    16.1148   4.156114    32.8199        829     3.4500  0.000e+00
      8.551    16.1144   4.156290    32.8217        830     3.4542  0.000e+00
