HB2302/sbe068.cnv
* Sea-Bird SBE 19plus V2 Data File:
* FileName = C:\cruise\data\sbe068.hex
* Software Version Seasave V 7.26.7.121
* Temperature SN = 4758
* Conductivity SN = 4758
* System UpLoad Time = Jun 15 2023 04:59:56
* NMEA Latitude = 40 49.50 N
* NMEA Longitude = 070 18.52 W
* NMEA UTC (Time) = Jun 15 2023 04:59:57
** Cruise: HB2302
** Program: Ecomon
** Chief Scientist: Jerry Prezioso
# nquan = 7
# nvalues = 1190                                  
# units = specified
# name 0 = depSM: Depth [salt water, m]
# name 1 = tv290C: Temperature [ITS-90, deg C]
# name 2 = c0S/m: Conductivity [S/m]
# name 3 = sal00: Salinity, Practical [PSU]
# name 4 = scan: Scan Count
# name 5 = timeM: Time, Elapsed [minutes]
# name 6 = flag:  0.000e+00
# span 0 =     -0.234,     42.536                 
# span 1 =    10.4829,    15.9874                 
# span 2 =   0.000044,   4.053065                 
# span 3 =     0.0081,    32.4545                 
# span 4 =         11,       1200                 
# span 5 =     0.0417,     4.9958                 
# span 6 = 0.0000e+00, 0.0000e+00                 
# interval = seconds: 0.25
# start_time = Jun 15 2023 04:59:57 [NMEA time, header]
# bad_flag = -9.990e-29
*END*
[from data line 1026]
      4.327    14.1595   3.885451    32.0067       1037     4.3167  0.000e+00
      4.330    14.1375   3.886340    32.0331       1038     4.3208  0.000e+00
      4.324    14.1312   3.880829    31.9877       1039     4.3250  0.000e+00
      4.309    14.1083   3.884944    32.0446       1040     4.3292  0.000e+00
      4.288    14.1096   3.896001    32.1450       1041     4.3333  0.000e+00
      4.257    14.1597   3.896423    32.1072       1042     4.3375  0.000e+00
      4.212    14.2006   3.895558    32.0653       1043     4.3417  0.000e+00
      4.149    14.2251   3.905017    32.1317       1044     4.3458  0.000e+00
      4.076    14.2666   3.904152    32.0893       1045     4.3500  0.000e+00
      4.001    14.2996   3.906725    32.0854       1046     4.3542  0.000e+00
      3.956    14.3270   3.911314    32.1047       1047     4.3583  0.000e+00
      3.929    14.3608   3.913896    32.1002       1048     4.3625  0.000e+00
      3.916    14.3947   3.913413    32.0677       1049     4.3667  0.000e+00
      3.932    14.4101   3.906585    31.9927       1050     4.3708  0.000e+00
      3.959    14.3888   3.903425    31.9814       1051     4.3750  0.000e+00
      3.998    14.3557   3.901116    31.9877       1052     4.3792  0.000e+00
      4.037    14.3254   3.896209    31.9679       1053     4.3833  0.000e+00
      4.074    14.2861   3.889777    31.9415       1054     4.3875  0.000e+00
      4.116    14.2346   3.890944    31.9948       1055     4.3917  0.000e+00
      4.140    14.2051   3.893455    32.0423       1056     4.3958  0.000e+00
      4.140    14.2047   3.893066    32.0391       1057     4.4000  0.000e+00
      4.119    14.2046   3.888730    31.9994       1058     4.4042  0.000e+00
      4.055    14.1875   3.890081    32.0260       1059     4.4083  0.000e+00
      3.959    14.1780   3.893884    32.0688       1060     4.4125  0.000e+00
      3.862    14.1896   3.894372    32.0637       1061     4.4167  0.000e+00
      3.769    14.2062   3.896798    32.0722       1062     4.4208  0.000e+00
      3.705    14.2239   3.901863    32.1039       1063     4.4250  0.000e+00
      3.678    14.2565   3.907591    32.1293       1064     4.4292  0.000e+00
      3.666    14.3057   3.910006    32.1105       1065     4.4333  0.000e+00
      3.678    14.3458   3.908461    32.0631       1066     4.4375  0.000e+00
      3.711    14.3614   3.905299    32.0213       1067     4.4417  0.000e+00
      3.757    14.3549   3.908058    32.0519       1068     4.4458  0.000e+00
      3.793    14.3567   3.906586    32.0369       1069     4.4500  0.000e+00
      3.838    14.3567   3.905365    32.0257       1070     4.4542  0.000e+00
      3.877    14.3483   3.902350    32.0051       1071     4.4583  0.000e+00
      3.911    14.3310   3.902304    32.0190       1072     4.4625  0.000e+00
      3.929    14.3179   3.904574    32.0506       1073     4.4667  0.000e+00
      3.926    14.3208   3.905907    32.0604       1074     4.4708  0.000e+00
      3.896    14.3304   3.904362    32.0383       1075     4.4750  0.000e+00
      3.826    14.3307   3.904950    32.0435       1076     4.4792  0.000e+00
      3.739    14.3322   3.911221    32.0996       1077     4.4833  0.000e+00
      3.615    14.3594   3.917886    32.1380       1078     4.4875  0.000e+00
      3.500    14.4109   3.924185    32.1528       1079     4.4917  0.000e+00
      3.388    14.4706   3.924905    32.1099       1080     4.4958  0.000e+00
      3.307    14.5122   3.926274    32.0880       1081     4.5000  0.000e+00
      3.259    14.5387   3.929594    32.0963       1082     4.5042  0.000e+00
      3.244    14.5681   3.930401    32.0793       1083     4.5083  0.000e+00
      3.256    14.5891   3.930705    32.0647       1084     4.5125  0.000e+00
      3.295    14.6015   3.929150    32.0403       1085     4.5167  0.000e+00
      3.349    14.5996   3.922087    31.9777       1086     4.5208  0.000e+00
      3.401    14.5675   3.917837    31.9655       1087     4.5250  0.000e+00
      3.434    14.5232   3.914904    31.9753       1088     4.5292  0.000e+00
      3.494    14.4832   3.909416    31.9583       1089     4.5333  0.000e+00
      3.536    14.4374   3.909463    31.9965       1090     4.5375  0.000e+00
      3.527    14.4073   3.913802    32.0610       1091     4.5417  0.000e+00
      3.464    14.4111   3.913703    32.0570       1092     4.5458  0.000e+00
      3.388    14.4226   3.922770    32.1302       1093     4.5500  0.000e+00
      3.280    14.4650   3.928278    32.1453       1094     4.5542  0.000e+00
      3.174    14.5199   3.928397    32.1009       1095     4.5583  0.000e+00
      3.081    14.5550   3.928185    32.0700       1096     4.5625  0.000e+00
      2.987    14.5715   3.928396    32.0583       1097     4.5667  0.000e+00
      2.924    14.5793   3.927503    32.0438       1098     4.5708  0.000e+00
      2.884    14.5788   3.924884    32.0204       1099     4.5750  0.000e+00
      2.869    14.5671   3.925591    32.0365       1100     4.5792  0.000e+00
      2.863    14.5607   3.927027    32.0548       1101     4.5833  0.000e+00
      2.860    14.5635   3.925830    32.0417       1102     4.5875  0.000e+00
      2.848    14.5618   3.923760    32.0242       1103     4.5917  0.000e+00
      2.860    14.5519   3.922980    32.0253       1104     4.5958  0.000e+00
      2.866    14.5375   3.915208    31.9665       1105     4.6000  0.000e+00
      2.845    14.5009   3.917554    32.0181       1106     4.6042  0.000e+00
      2.815    14.4810   3.921546    32.0708       1107     4.6083  0.000e+00
      2.776    14.4917   3.923780    32.0824       1108     4.6125  0.000e+00
      2.721    14.5116   3.923403    32.0626       1109     4.6167  0.000e+00
      2.676    14.5229   3.924818    32.0661       1110     4.6208  0.000e+00
      2.631    14.5344   3.928092    32.0864       1111     4.6250  0.000e+00
      2.591    14.5564   3.930890    32.0937       1112     4.6292  0.000e+00
      2.555    14.5814   3.931697    32.0803       1113     4.6333  0.000e+00
      2.513    14.6010   3.931128    32.0590       1114     4.6375  0.000e+00
      2.471    14.6095   3.931101    32.0517       1115     4.6417  0.000e+00
      2.447    14.6129   3.930400    32.0426       1116     4.6458  0.000e+00
      2.440    14.6111   3.929196    32.0331       1117     4.6500  0.000e+00
      2.422    14.6054   3.931479    32.0586       1118     4.6542  0.000e+00
      2.410    14.6082   3.927178    32.0172       1119     4.6583  0.000e+00
      2.392    14.5956   3.924202    32.0006       1120     4.6625  0.000e+00
      2.359    14.5712   3.925360    32.0313       1121     4.6667  0.000e+00
      2.308    14.5597   3.924275    32.0308       1122     4.6708  0.000e+00
      2.244    14.5499   3.922887    32.0264       1123     4.6750  0.000e+00
      2.154    14.5401   3.924348    32.0478       1124     4.6792  0.000e+00
      2.069    14.5386   3.923760    32.0437       1125     4.6833  0.000e+00
      2.009    14.5374   3.924295    32.0496       1126     4.6875  0.000e+00
      1.979    14.5385   3.924037    32.0463       1127     4.6917  0.000e+00
      1.972    14.5384   3.924110    32.0471       1128     4.6958  0.000e+00
      1.972    14.5387   3.924818    32.0533       1129     4.7000  0.000e+00
      1.975    14.5423   3.925241    32.0542       1130     4.7042  0.000e+00
      1.975    14.5464   3.926286    32.0603       1131     4.7083  0.000e+00
      1.954    14.5524   3.924837    32.0421       1132     4.7125  0.000e+00
      1.849    14.5523   3.925737    32.0505       1133     4.7167  0.000e+00
      1.692    14.5537   3.925922    32.0510       1134     4.7208  0.000e+00
      1.550    14.5554   3.925968    32.0501       1135     4.7250  0.000e+00
      1.456    14.5577   3.926676    32.0547       1136     4.7292  0.000e+00
      1.402    14.5615   3.926748    32.0522       1137     4.7333  0.000e+00
      1.393    14.5645   3.926695    32.0493       1138     4.7375  0.000e+00
      1.408    14.5660   3.926748    32.0485       1139     4.7417  0.000e+00
      1.426    14.5668   3.926583    32.0463       1140     4.7458  0.000e+00
      1.456    14.5664   3.926437    32.0454       1141     4.7500  0.000e+00
      1.504    14.5655   3.926934    32.0505       1142     4.7542  0.000e+00
      1.550    14.5669   3.927125    32.0511       1143     4.7583  0.000e+00
      1.568    14.5691   3.927595    32.0536       1144     4.7625  0.000e+00
      1.562    14.5723   3.927767    32.0525       1145     4.7667  0.000e+00
      1.531    14.5750   3.927734    32.0500       1146     4.7708  0.000e+00
      1.435    14.5763   3.927403    32.0459       1147     4.7750  0.000e+00
      1.305    14.5761   3.927661    32.0485       1148     4.7792  0.000e+00
      1.172    14.5763   3.927502    32.0469       1149     4.7833  0.000e+00
      1.067    14.5765   3.927337    32.0453       1150     4.7875  0.000e+00
      0.982    14.5758   3.927687    32.0491       1151     4.7917  0.000e+00
      0.913    14.5763   3.927615    32.0481       1152     4.7958  0.000e+00
      0.861    14.5773   3.929526    32.0646       1153     4.8000  0.000e+00
      0.834    14.5847   3.930420    32.0667       1154     4.8042  0.000e+00
      0.831    14.5949   3.930373    32.0578       1155     4.8083  0.000e+00
      0.837    14.6010   3.929480    32.0447       1156     4.8125  0.000e+00
      0.846    14.6003   3.928865    32.0396       1157     4.8167  0.000e+00
      0.846    14.5961   3.929149    32.0457       1158     4.8208  0.000e+00
      0.840    14.5943   3.929897    32.0540       1159     4.8250  0.000e+00
      0.810    14.5970   3.930724    32.0592       1160     4.8292  0.000e+00
      0.764    14.6026   3.930161    32.0496       1161     4.8333  0.000e+00
      0.722    14.6044   3.929546    32.0425       1162     4.8375  0.000e+00
      0.725    14.6024   3.929857    32.0470       1163     4.8417  0.000e+00
      0.722    14.6005   3.928845    32.0394       1164     4.8458  0.000e+00
      0.731    14.5967   3.929169    32.0455       1165     4.8500  0.000e+00
      0.737    14.5949   3.929314    32.0482       1166     4.8542  0.000e+00
      0.722    14.5948   3.929592    32.0508       1167     4.8583  0.000e+00
      0.671    14.5959   3.929288    32.0472       1168     4.8625  0.000e+00
      0.571    14.5957   3.928183    32.0373       1169     4.8667  0.000e+00
      0.517    14.5906   3.928090    32.0408       1170     4.8708  0.000e+00
      0.471    14.5862   3.927217    32.0364       1171     4.8750  0.000e+00
      0.438    14.5804   3.927826    32.0468       1172     4.8792  0.000e+00
      0.348    14.5785   3.928653    32.0559       1173     4.8833  0.000e+00
      0.206    14.5821   3.928884    32.0551       1174     4.8875  0.000e+00
      0.100    14.5862   3.929056    32.0533       1175     4.8917  0.000e+00
      0.088    14.5890   3.929122    32.0516       1176     4.8958  0.000e+00
      0.169    14.5911   3.929195    32.0505       1177     4.9000  0.000e+00
      0.218    14.5929   3.929499    32.0518       1178     4.9042  0.000e+00
      0.257    14.5945   3.929453    32.0500       1179     4.9083  0.000e+00
      0.320    14.5959   3.929361    32.0480       1180     4.9125  0.000e+00
      0.381    14.5960   3.929169    32.0462       1181     4.9167  0.000e+00
      0.435    14.5951   3.929619    32.0509       1182     4.9208  0.000e+00
      0.471    14.5963   3.929380    32.0478       1183     4.9250  0.000e+00
      0.456    14.5968   3.928911    32.0431       1184     4.9292  0.000e+00
      0.395    14.5943   3.928699    32.0433       1185     4.9333  0.000e+00
      0.263    14.5919   3.928606    32.0445       1186     4.9375  0.000e+00
      0.109    14.5895   3.927568    32.0371       1187     4.9417  0.000e+00
      0.030    14.5846   3.927826    32.0435       1188     4.9458  0.000e+00
     -0.027    14.5812   3.927548    32.0438       1189     4.9500  0.000e+00
     -0.070    14.5795   3.928772    32.0563       1190     4.9542  0.000e+00
     -0.118    14.5827   3.927191    32.0393       1191     4.9583  0.000e+00
     -0.118    14.5800   3.927310    32.0427       1192     4.9625  0.000e+00
     -0.082    14.5766   3.928726    32.0583       1193     4.9667  0.000e+00
     -0.030    14.5809   3.927826    32.0466       1194     4.9708  0.000e+00
      0.027    14.5814   3.927025    32.0389       1195     4.9750  0.000e+00
      0.108    14.5772   3.927006    32.0421       1196     4.9792  0.000e+00
      0.178    14.5734   3.926225    32.0381       1197     4.9833  0.000e+00
      0.250    14.5678   3.924109    32.0235       1198     4.9875  0.000e+00
      0.350    14.5560   3.923779    32.0302       1199     4.9917  0.000e+00
      0.404    14.5463   3.925994    32.0583       1200     4.9958  0.000e+00
