HB2302/sbe049.cnv
* Sea-Bird SBE 19plus V2 Data File:
* FileName = C:\cruise\data\sbe049.hex
* Software Version Seasave V 7.26.7.121
* Temperature SN = 4758
* Conductivity SN = 4758
* System UpLoad Time = Jun 13 2023 16:03:34
* NMEA Latitude = 39 13.99 N
* NMEA Longitude = 074 07.84 W
* NMEA UTC (Time) = Jun 13 2023 16:03:35
** Cruise: HB2302
** Program: Ecomon
** Chief Scientist: Jerry Prezioso
# nquan = 7
# nvalues = 1486                                  
# units = specified
# name 0 = depSM: Depth [salt water, m]
# name 1 = tv290C: Temperature [ITS-90, deg C]
# name 2 = c0S/m: Conductivity [S/m]
# name 3 = sal00: Salinity, Practical [PSU]
# name 4 = scan: Scan Count
# name 5 = timeM: Time, Elapsed [minutes]
# name 6 = flag:  0.000e+00
# span 0 =     -0.118,     21.018                 
# span 1 =    14.7197,    19.9826                 
# span 2 =   0.000017,   4.263647                 
# span 3 =     0.0099,    32.1156                 
# span 4 =         11,       1496                 
# span 5 =     0.0417,     6.2292                 
# span 6 = 0.0000e+00, 0.0000e+00                 
# interval = seconds: 0.25
# start_time = Jun 13 2023 16:03:35 [NMEA time, header]
# bad_flag = -9.990e-29
*END*
[from data line 821]
     12.359    15.9760   4.032654    31.8439        832     3.4625  0.000e+00
     12.368    15.9699   4.032527    31.8476        833     3.4667  0.000e+00
     12.365    15.9657   4.032581    31.8515        834     3.4708  0.000e+00
     12.347    15.9630   4.032554    31.8534        835     3.4750  0.000e+00
     12.311    15.9621   4.032741    31.8559        836     3.4792  0.000e+00
     12.266    15.9637   4.033309    31.8595        837     3.4833  0.000e+00
     12.218    15.9699   4.034667    31.8665        838     3.4875  0.000e+00
     12.166    15.9828   4.036058    31.8685        839     3.4917  0.000e+00
     12.109    15.9993   4.037636    31.8691        840     3.4958  0.000e+00
     12.058    16.0199   4.038954    31.8642        841     3.5000  0.000e+00
     12.000    16.0440   4.039937    31.8535        842     3.5042  0.000e+00
     11.943    16.0660   4.040532    31.8411        843     3.5083  0.000e+00
     11.892    16.0837   4.040853    31.8298        844     3.5125  0.000e+00
     11.855    16.0956   4.041000    31.8216        845     3.5167  0.000e+00
     11.825    16.1028   4.041094    31.8166        846     3.5208  0.000e+00
     11.801    16.1072   4.041147    31.8135        847     3.5250  0.000e+00
     11.786    16.1101   4.041214    31.8118        848     3.5292  0.000e+00
     11.792    16.1117   4.041214    31.8105        849     3.5333  0.000e+00
     11.801    16.1124   4.041241    31.8103        850     3.5375  0.000e+00
     11.826    16.1127   4.041268    31.8102        851     3.5417  0.000e+00
     11.850    16.1128   4.041214    31.8097        852     3.5458  0.000e+00
     11.886    16.1125   4.041194    31.8097        853     3.5500  0.000e+00
     11.919    16.1121   4.041141    31.8095        854     3.5542  0.000e+00
     11.953    16.1110   4.041094    31.8100        855     3.5583  0.000e+00
     11.992    16.1096   4.040973    31.8101        856     3.5625  0.000e+00
     12.016    16.1082   4.040853    31.8101        857     3.5667  0.000e+00
     12.044    16.1066   4.040659    31.8097        858     3.5708  0.000e+00
     12.053    16.1043   4.040485    31.8100        859     3.5750  0.000e+00
     12.056    16.1014   4.040485    31.8123        860     3.5792  0.000e+00
     12.047    16.0995   4.040606    31.8149        861     3.5833  0.000e+00
     12.023    16.0996   4.040733    31.8160        862     3.5875  0.000e+00
     11.984    16.1008   4.041081    31.8180        863     3.5917  0.000e+00
     11.941    16.1036   4.041214    31.8170        864     3.5958  0.000e+00
     11.869    16.1064   4.041415    31.8166        865     3.6000  0.000e+00
     11.799    16.1095   4.041582    31.8156        866     3.6042  0.000e+00
     11.727    16.1128   4.041897    31.8157        867     3.6083  0.000e+00
     11.646    16.1187   4.043637    31.8263        868     3.6125  0.000e+00
     11.576    16.1383   4.046897    31.8392        869     3.6167  0.000e+00
     11.519    16.1728   4.052027    31.8566        870     3.6208  0.000e+00
     11.467    16.2272   4.054820    31.8375        871     3.6250  0.000e+00
     11.431    16.2871   4.055771    31.7980        872     3.6292  0.000e+00
     11.410    16.3304   4.056675    31.7714        873     3.6333  0.000e+00
     11.401    16.3593   4.057044    31.7516        874     3.6375  0.000e+00
     11.401    16.3775   4.057191    31.7384        875     3.6417  0.000e+00
     11.416    16.3879   4.057311    31.7312        876     3.6458  0.000e+00
     11.441    16.3931   4.056789    31.7225        877     3.6500  0.000e+00
     11.471    16.3898   4.055696    31.7156        878     3.6542  0.000e+00
     11.501    16.3797   4.055086    31.7183        879     3.6583  0.000e+00
     11.537    16.3684   4.054450    31.7217        880     3.6625  0.000e+00
     11.568    16.3557   4.053961    31.7275        881     3.6667  0.000e+00
     11.595    16.3386   4.052795    31.7309        882     3.6708  0.000e+00
     11.610    16.3159   4.052025    31.7423        883     3.6750  0.000e+00
     11.619    16.2952   4.052005    31.7586        884     3.6792  0.000e+00
     11.616    16.2840   4.052716    31.7737        885     3.6833  0.000e+00
     11.619    16.2844   4.053567    31.7808        886     3.6875  0.000e+00
     11.592    16.2944   4.053935    31.7761        887     3.6917  0.000e+00
     11.568    16.3090   4.054819    31.7722        888     3.6958  0.000e+00
     11.550    16.3247   4.055355    31.7644        889     3.7000  0.000e+00
     11.517    16.3406   4.056702    31.7635        890     3.7042  0.000e+00
     11.493    16.3607   4.057727    31.7564        891     3.7083  0.000e+00
     11.468    16.3823   4.058806    31.7487        892     3.7125  0.000e+00
     11.438    16.4045   4.059886    31.7404        893     3.7167  0.000e+00
     11.405    16.4291   4.061843    31.7380        894     3.7208  0.000e+00
     11.378    16.4635   4.063788    31.7276        895     3.7250  0.000e+00
     11.345    16.5063   4.065430    31.7079        896     3.7292  0.000e+00
     11.327    16.5493   4.066483    31.6830        897     3.7333  0.000e+00
     11.300    16.5893   4.067194    31.6576        898     3.7375  0.000e+00
     11.285    16.6211   4.068140    31.6406        899     3.7417  0.000e+00
     11.273    16.6476   4.069307    31.6298        900     3.7458  0.000e+00
     11.251    16.6729   4.070266    31.6181        901     3.7500  0.000e+00
     11.236    16.6936   4.070977    31.6080        902     3.7542  0.000e+00
     11.218    16.7097   4.071823    31.6027        903     3.7583  0.000e+00
     11.200    16.7277   4.072917    31.5979        904     3.7625  0.000e+00
     11.191    16.7519   4.073857    31.5870        905     3.7667  0.000e+00
     11.173    16.7734   4.074669    31.5771        906     3.7708  0.000e+00
     11.161    16.7908   4.074709    31.5638        907     3.7750  0.000e+00
     11.158    16.8003   4.074890    31.5579        908     3.7792  0.000e+00
     11.143    16.8056   4.075206    31.5565        909     3.7833  0.000e+00
     11.137    16.8109   4.075850    31.5579        910     3.7875  0.000e+00
     11.119    16.8244   4.077274    31.5596        911     3.7917  0.000e+00
     11.107    16.8526   4.078926    31.5517        912     3.7958  0.000e+00
     11.074    16.8922   4.079617    31.5266        913     3.8000  0.000e+00
     11.044    16.9285   4.080262    31.5037        914     3.8042  0.000e+00
     11.017    16.9602   4.080503    31.4811        915     3.8083  0.000e+00
     10.986    16.9858   4.080503    31.4610        916     3.8125  0.000e+00
     10.950    17.0059   4.080207    31.4428        917     3.8167  0.000e+00
     10.920    17.0259   4.079998    31.4254        918     3.8208  0.000e+00
     10.881    17.0407   4.080233    31.4159        919     3.8250  0.000e+00
     10.833    17.0539   4.081140    31.4135        920     3.8292  0.000e+00
     10.802    17.0726   4.081731    31.4039        921     3.8333  0.000e+00
     10.772    17.0940   4.082329    31.3925        922     3.8375  0.000e+00
     10.742    17.1113   4.082772    31.3828        923     3.8417  0.000e+00
     10.724    17.1245   4.082792    31.3727        924     3.8458  0.000e+00
     10.703    17.1321   4.082658    31.3657        925     3.8500  0.000e+00
     10.679    17.1340   4.082624    31.3639        926     3.8542  0.000e+00
     10.670    17.1345   4.082698    31.3641        927     3.8583  0.000e+00
     10.655    17.1365   4.082745    31.3630        928     3.8625  0.000e+00
     10.649    17.1389   4.082637    31.3602        929     3.8667  0.000e+00
     10.640    17.1401   4.082476    31.3579        930     3.8708  0.000e+00
     10.628    17.1394   4.082449    31.3582        931     3.8750  0.000e+00
     10.622    17.1390   4.082496    31.3589        932     3.8792  0.000e+00
     10.607    17.1382   4.082745    31.3617        933     3.8833  0.000e+00
     10.598    17.1396   4.082792    31.3610        934     3.8875  0.000e+00
     10.576    17.1440   4.082966    31.3591        935     3.8917  0.000e+00
     10.561    17.1494   4.083249    31.3573        936     3.8958  0.000e+00
     10.522    17.1562   4.083336    31.3528        937     3.9000  0.000e+00
     10.498    17.1616   4.083611    31.3509        938     3.9042  0.000e+00
     10.468    17.1677   4.082939    31.3405        939     3.9083  0.000e+00
     10.435    17.1776   4.082892    31.3325        940     3.9125  0.000e+00
     10.395    17.1848   4.082919    31.3271        941     3.9167  0.000e+00
     10.368    17.1899   4.082919    31.3231        942     3.9208  0.000e+00
     10.338    17.1944   4.082872    31.3193        943     3.9250  0.000e+00
     10.314    17.1979   4.082401    31.3125        944     3.9292  0.000e+00
     10.287    17.2008   4.081904    31.3060        945     3.9333  0.000e+00
     10.266    17.2047   4.081810    31.3022        946     3.9375  0.000e+00
     10.248    17.2076   4.082253    31.3038        947     3.9417  0.000e+00
     10.242    17.2079   4.082105    31.3023        948     3.9458  0.000e+00
     10.242    17.2084   4.081803    31.2993        949     3.9500  0.000e+00
     10.236    17.2094   4.081763    31.2982        950     3.9542  0.000e+00
     10.236    17.2109   4.081729    31.2967        951     3.9583  0.000e+00
     10.242    17.2124   4.081884    31.2969        952     3.9625  0.000e+00
     10.245    17.2128   4.082448    31.3015        953     3.9667  0.000e+00
     10.248    17.2106   4.082569    31.3042        954     3.9708  0.000e+00
     10.242    17.2091   4.082818    31.3074        955     3.9750  0.000e+00
     10.221    17.2100   4.082166    31.3012        956     3.9792  0.000e+00
     10.185    17.2117   4.081359    31.2930        957     3.9833  0.000e+00
     10.146    17.2129   4.080990    31.2889        958     3.9875  0.000e+00
     10.100    17.2133   4.081017    31.2888        959     3.9917  0.000e+00
     10.061    17.2137   4.080748    31.2863        960     3.9958  0.000e+00
     10.004    17.2144   4.080056    31.2798        961     4.0000  0.000e+00
      9.949    17.2164   4.079639    31.2747        962     4.0042  0.000e+00
      9.898    17.2187   4.079612    31.2727        963     4.0083  0.000e+00
      9.838    17.2206   4.079270    31.2684        964     4.0125  0.000e+00
      9.780    17.2217   4.078820    31.2637        965     4.0167  0.000e+00
      9.726    17.2233   4.077765    31.2534        966     4.0208  0.000e+00
      9.678    17.2264   4.077617    31.2498        967     4.0250  0.000e+00
      9.647    17.2286   4.077483    31.2470        968     4.0292  0.000e+00
      9.620    17.2302   4.077342    31.2445        969     4.0333  0.000e+00
      9.602    17.2322   4.077248    31.2422        970     4.0375  0.000e+00
      9.596    17.2336   4.077147    31.2402        971     4.0417  0.000e+00
      9.602    17.2344   4.077221    31.2403        972     4.0458  0.000e+00
      9.602    17.2346   4.077442    31.2420        973     4.0500  0.000e+00
      9.617    17.2338   4.077516    31.2433        974     4.0542  0.000e+00
      9.636    17.2329   4.077577    31.2445        975     4.0583  0.000e+00
      9.648    17.2325   4.077711    31.2459        976     4.0625  0.000e+00
      9.657    17.2318   4.077590    31.2454        977     4.0667  0.000e+00
      9.663    17.2318   4.077812    31.2473        978     4.0708  0.000e+00
      9.678    17.2315   4.078376    31.2523        979     4.0750  0.000e+00
      9.678    17.2301   4.078376    31.2534        980     4.0792  0.000e+00
      9.672    17.2291   4.077933    31.2505        981     4.0833  0.000e+00
      9.657    17.2291   4.077812    31.2494        982     4.0875  0.000e+00
      9.621    17.2298   4.077785    31.2486        983     4.0917  0.000e+00
      9.582    17.2305   4.077516    31.2459        984     4.0958  0.000e+00
      9.530    17.2315   4.077543    31.2453        985     4.1000  0.000e+00
      9.473    17.2331   4.077382    31.2427        986     4.1042  0.000e+00
      9.413    17.2382   4.077489    31.2397        987     4.1083  0.000e+00
      9.355    17.2470   4.077590    31.2338        988     4.1125  0.000e+00
      9.301    17.2582   4.077838    31.2273        989     4.1167  0.000e+00
      9.252    17.2698   4.078066    31.2203        990     4.1208  0.000e+00
      9.210    17.2833   4.078154    31.2106        991     4.1250  0.000e+00
      9.180    17.2940   4.078355    31.2041        992     4.1292  0.000e+00
      9.144    17.3029   4.078959    31.2024        993     4.1333  0.000e+00
      9.129    17.3170   4.079409    31.1954        994     4.1375  0.000e+00
      9.117    17.3334   4.079859    31.1866        995     4.1417  0.000e+00
      9.105    17.3537   4.079980    31.1720        996     4.1458  0.000e+00
      9.099    17.3689   4.079899    31.1596        997     4.1500  0.000e+00
      9.102    17.3744   4.079953    31.1559        998     4.1542  0.000e+00
      9.111    17.3769   4.080127    31.1554        999     4.1583  0.000e+00
      9.117    17.3802   4.079785    31.1500       1000     4.1625  0.000e+00
      9.120    17.3739   4.079879    31.1556       1001     4.1667  0.000e+00
      9.114    17.3698   4.080248    31.1619       1002     4.1708  0.000e+00
      9.108    17.3762   4.080006    31.1549       1003     4.1750  0.000e+00
      9.105    17.3757   4.079852    31.1540       1004     4.1792  0.000e+00
      9.102    17.3734   4.080026    31.1572       1005     4.1833  0.000e+00
      9.084    17.3764   4.080349    31.1577       1006     4.1875  0.000e+00
      9.069    17.3834   4.080644    31.1549       1007     4.1917  0.000e+00
      9.042    17.3919   4.080839    31.1500       1008     4.1958  0.000e+00
      8.999    17.4013   4.080765    31.1422       1009     4.2000  0.000e+00
      8.969    17.4068   4.081088    31.1407       1010     4.2042  0.000e+00
      8.921    17.4125   4.081195    31.1372       1011     4.2083  0.000e+00
      8.873    17.4182   4.081356    31.1343       1012     4.2125  0.000e+00
      8.824    17.4241   4.081504    31.1310       1013     4.2167  0.000e+00
      8.788    17.4283   4.081605    31.1286       1014     4.2208  0.000e+00
      8.758    17.4335   4.082162    31.1294       1015     4.2250  0.000e+00
      8.728    17.4457   4.082915    31.1264       1016     4.2292  0.000e+00
      8.701    17.4638   4.083230    31.1153       1017     4.2333  0.000e+00
      8.686    17.4784   4.083378    31.1053       1018     4.2375  0.000e+00
      8.673    17.4892   4.084729    31.1085       1019     4.2417  0.000e+00
      8.664    17.5073   4.084735    31.0947       1020     4.2458  0.000e+00
      8.658    17.5178   4.083478    31.0760       1021     4.2500  0.000e+00
      8.665    17.5090   4.082820    31.0771       1022     4.2542  0.000e+00
      8.655    17.4934   4.082343    31.0851       1023     4.2583  0.000e+00
      8.665    17.4767   4.082101    31.0958       1024     4.2625  0.000e+00
      8.665    17.4638   4.082027    31.1050       1025     4.2667  0.000e+00
      8.665    17.4551   4.081974    31.1113       1026     4.2708  0.000e+00
      8.680    17.4500   4.081927    31.1147       1027     4.2750  0.000e+00
      8.686    17.4476   4.082001    31.1172       1028     4.2792  0.000e+00
      8.695    17.4477   4.082209    31.1189       1029     4.2833  0.000e+00
      8.695    17.4506   4.082149    31.1161       1030     4.2875  0.000e+00
      8.674    17.4528   4.082122    31.1143       1031     4.2917  0.000e+00
      8.635    17.4543   4.082471    31.1161       1032     4.2958  0.000e+00
      8.568    17.4589   4.082464    31.1125       1033     4.3000  0.000e+00
      8.505    17.4607   4.082693    31.1131       1034     4.3042  0.000e+00
      8.444    17.4662   4.083627    31.1168       1035     4.3083  0.000e+00
