HB2302/sbe027.cnv
* Sea-Bird SBE 19plus V2 Data File:
* FileName = C:\cruise\data\sbe027.hex
* Software Version Seasave V 7.26.7.121
* Temperature SN = 4758
* Conductivity SN = 4758
* System UpLoad Time = Jun 11 2023 10:31:50
* NMEA Latitude = 37 19.78 N
* NMEA Longitude = 074 47.08 W
* NMEA UTC (Time) = Jun 11 2023 10:31:51
** Cruise: HB2302
** Program: Ecomon
** Chief Scientist: Jerry Prezioso
# nquan = 7
# nvalues = 2092                                  
# units = specified
# name 0 = depSM: Depth [salt water, m]
# name 1 = tv290C: Temperature [ITS-90, deg C]
# name 2 = c0S/m: Conductivity [S/m]
# name 3 = sal00: Salinity, Practical [PSU]
# name 4 = scan: Scan Count
# name 5 = timeM: Time, Elapsed [minutes]
# name 6 = flag:  0.000e+00
# span 0 =     -0.091,     48.101                 
# span 1 =    12.9798,    18.2055                 
# span 2 =   0.000020,   4.541022                 
# span 3 =     0.0091,    35.0684                 
# span 4 =         11,       2102                 
# span 5 =     0.0417,     8.7542                 
# span 6 = 0.0000e+00, 0.0000e+00                 
# interval = seconds: 0.25
# start_time = Jun 11 2023 10:31:51 [NMEA time, header]
# bad_flag = -9.990e-29
*END*
[from data line 616]
     46.577    13.1829   4.000715    33.9043        627     2.6083  0.000e+00
     46.537    13.1833   4.000735    33.9041        628     2.6125  0.000e+00
     46.510    13.1834   4.000761    33.9043        629     2.6167  0.000e+00
     46.474    13.1837   4.000834    33.9047        630     2.6208  0.000e+00
     46.441    13.1839   4.000788    33.9040        631     2.6250  0.000e+00
     46.408    13.1840   4.000834    33.9044        632     2.6292  0.000e+00
     46.374    13.1844   4.000834    33.9041        633     2.6333  0.000e+00
     46.347    13.1845   4.000834    33.9041        634     2.6375  0.000e+00
     46.314    13.1846   4.000741    33.9031        635     2.6417  0.000e+00
     46.275    13.1842   4.000834    33.9044        636     2.6458  0.000e+00
     46.239    13.1845   4.001294    33.9085        637     2.6500  0.000e+00
     46.199    13.1864   4.001028    33.9042        638     2.6542  0.000e+00
     46.157    13.1870   4.000908    33.9026        639     2.6583  0.000e+00
     46.097    13.1863   4.000814    33.9023        640     2.6625  0.000e+00
     46.045    13.1856   4.001028    33.9050        641     2.6667  0.000e+00
     45.994    13.1862   4.002041    33.9141        642     2.6708  0.000e+00
     45.949    13.1906   4.002061    33.9103        643     2.6750  0.000e+00
     45.888    13.1941   4.001894    33.9056        644     2.6792  0.000e+00
     45.825    13.1951   4.002567    33.9112        645     2.6833  0.000e+00
     45.780    13.1982   4.004500    33.9267        646     2.6875  0.000e+00
     45.716    13.2078   4.004907    33.9220        647     2.6917  0.000e+00
     45.659    13.2164   4.005747    33.9223        648     2.6958  0.000e+00
     45.596    13.2237   4.006787    33.9256        649     2.7000  0.000e+00
     45.538    13.2320   4.007294    33.9230        650     2.7042  0.000e+00
     45.481    13.2388   4.007027    33.9144        651     2.7083  0.000e+00
     45.423    13.2420   4.007901    33.9199        652     2.7125  0.000e+00
     45.366    13.2457   4.008427    33.9216        653     2.7167  0.000e+00
     45.315    13.2511   4.009368    33.9256        654     2.7208  0.000e+00
     45.251    13.2581   4.010482    33.9299        655     2.7250  0.000e+00
     45.194    13.2655   4.011082    33.9290        656     2.7292  0.000e+00
     45.122    13.2732   4.011529    33.9264        657     2.7333  0.000e+00
     45.052    13.2789   4.011469    33.9208        658     2.7375  0.000e+00
     44.971    13.2818   4.011469    33.9183        659     2.7417  0.000e+00
     44.880    13.2835   4.012436    33.9259        660     2.7458  0.000e+00
     44.795    13.2872   4.012289    33.9212        661     2.7500  0.000e+00
     44.711    13.2897   4.013043    33.9262        662     2.7542  0.000e+00
     44.623    13.2936   4.014104    33.9327        663     2.7583  0.000e+00
     44.530    13.3003   4.015045    33.9356        664     2.7625  0.000e+00
     44.442    13.3078   4.015472    33.9331        665     2.7667  0.000e+00
     44.352    13.3138   4.016133    33.9340        666     2.7708  0.000e+00
     44.267    13.3198   4.018122    33.9474        667     2.7750  0.000e+00
     44.189    13.3303   4.018990    33.9463        668     2.7792  0.000e+00
     44.107    13.3411   4.020225    33.9483        669     2.7833  0.000e+00
     44.029    13.3515   4.020806    33.9445        670     2.7875  0.000e+00
     43.950    13.3598   4.021120    33.9401        671     2.7917  0.000e+00
     43.869    13.3655   4.021921    33.9426        672     2.7958  0.000e+00
     43.793    13.3711   4.021801    33.9365        673     2.8000  0.000e+00
     43.715    13.3747   4.022262    33.9377        674     2.8042  0.000e+00
     43.648    13.3777   4.022963    33.9417        675     2.8083  0.000e+00
     43.579    13.3823   4.024005    33.9473        676     2.8125  0.000e+00
     43.500    13.3890   4.024733    33.9483        677     2.8167  0.000e+00
     43.422    13.3963   4.025074    33.9450        678     2.8208  0.000e+00
     43.349    13.4020   4.025922    33.9479        679     2.8250  0.000e+00
     43.277    13.4086   4.026891    33.9513        680     2.8292  0.000e+00
     43.189    13.4163   4.026964    33.9451        681     2.8333  0.000e+00
     43.117    13.4214   4.027038    33.9413        682     2.8375  0.000e+00
     43.032    13.4243   4.027278    33.9410        683     2.8417  0.000e+00
     42.951    13.4267   4.027572    33.9416        684     2.8458  0.000e+00
     42.860    13.4297   4.029838    33.9603        685     2.8500  0.000e+00
     42.782    13.4409   4.032164    33.9723        686     2.8542  0.000e+00
     42.703    13.4570   4.033521    33.9707        687     2.8583  0.000e+00
     42.613    13.4723   4.034959    33.9706        688     2.8625  0.000e+00
     42.525    13.4866   4.035153    33.9597        689     2.8667  0.000e+00
     42.453    13.4945   4.034765    33.9491        690     2.8708  0.000e+00
     42.374    13.4976   4.035661    33.9548        691     2.8750  0.000e+00
     42.305    13.5012   4.035373    33.9489        692     2.8792  0.000e+00
     42.223    13.5026   4.035420    33.9481        693     2.8833  0.000e+00
     42.145    13.5039   4.037875    33.9701        694     2.8875  0.000e+00
     42.069    13.5133   4.040069    33.9824        695     2.8917  0.000e+00
     42.003    13.5276   4.039507    33.9644        696     2.8958  0.000e+00
     41.930    13.5354   4.041333    33.9746        697     2.9000  0.000e+00
     41.852    13.5447   4.042310    33.9755        698     2.9042  0.000e+00
     41.770    13.5551   4.042578    33.9688        699     2.9083  0.000e+00
     41.704    13.5617   4.042799    33.9650        700     2.9125  0.000e+00
     41.631    13.5664   4.043408    33.9666        701     2.9167  0.000e+00
     41.547    13.5711   4.043983    33.9678        702     2.9208  0.000e+00
     41.450    13.5759   4.044673    33.9701        703     2.9250  0.000e+00
     41.381    13.5818   4.044894    33.9669        704     2.9292  0.000e+00
     41.284    13.5864   4.045335    33.9670        705     2.9333  0.000e+00
     41.206    13.5903   4.045750    33.9675        706     2.9375  0.000e+00
     41.112    13.5947   4.046246    33.9683        707     2.9417  0.000e+00
     41.022    13.6002   4.046996    33.9704        708     2.9458  0.000e+00
     40.931    13.6066   4.048020    33.9744        709     2.9500  0.000e+00
     40.831    13.6149   4.048214    33.9689        710     2.9542  0.000e+00
     40.747    13.6211   4.048803    33.9689        711     2.9583  0.000e+00
     40.662    13.6269   4.049272    33.9681        712     2.9625  0.000e+00
     40.569    13.6327   4.049191    33.9623        713     2.9667  0.000e+00
     40.493    13.6372   4.049118    33.9577        714     2.9708  0.000e+00
     40.409    13.6407   4.049359    33.9569        715     2.9750  0.000e+00
     40.336    13.6433   4.049265    33.9537        716     2.9792  0.000e+00
     40.264    13.6452   4.048783    33.9475        717     2.9833  0.000e+00
     40.191    13.6455   4.048408    33.9437        718     2.9875  0.000e+00
     40.122    13.6455   4.047919    33.9392        719     2.9917  0.000e+00
     40.049    13.6449   4.047751    33.9382        720     2.9958  0.000e+00
     39.980    13.6447   4.047845    33.9393        721     3.0000  0.000e+00
     39.899    13.6466   4.048012    33.9392        722     3.0042  0.000e+00
     39.832    13.6493   4.048166    33.9383        723     3.0083  0.000e+00
     39.778    13.6524   4.048387    33.9376        724     3.0125  0.000e+00
     39.711    13.6554   4.048581    33.9368        725     3.0167  0.000e+00
     39.648    13.6580   4.048548    33.9342        726     3.0208  0.000e+00
     39.582    13.6600   4.048655    33.9335        727     3.0250  0.000e+00
     39.521    13.6610   4.048729    33.9333        728     3.0292  0.000e+00
     39.443    13.6624   4.048729    33.9321        729     3.0333  0.000e+00
     39.382    13.6633   4.048628    33.9303        730     3.0375  0.000e+00
     39.304    13.6647   4.048594    33.9288        731     3.0417  0.000e+00
     39.247    13.6658   4.048461    33.9267        732     3.0458  0.000e+00
     39.168    13.6667   4.048313    33.9245        733     3.0500  0.000e+00
     39.077    13.6675   4.047898    33.9200        734     3.0542  0.000e+00
     39.020    13.6675   4.047650    33.9177        735     3.0583  0.000e+00
     38.948    13.6674   4.047429    33.9157        736     3.0625  0.000e+00
     38.860    13.6673   4.047114    33.9129        737     3.0667  0.000e+00
     38.806    13.6670   4.047014    33.9122        738     3.0708  0.000e+00
     38.724    13.6673   4.047041    33.9122        739     3.0750  0.000e+00
     38.640    13.6678   4.047235    33.9136        740     3.0792  0.000e+00
     38.567    13.6694   4.047456    33.9143        741     3.0833  0.000e+00
     38.492    13.6718   4.047556    33.9132        742     3.0875  0.000e+00
     38.404    13.6737   4.047918    33.9149        743     3.0917  0.000e+00
     38.317    13.6766   4.048654    33.9193        744     3.0958  0.000e+00
     38.235    13.6814   4.049431    33.9223        745     3.1000  0.000e+00
     38.148    13.6874   4.050067    33.9229        746     3.1042  0.000e+00
     38.057    13.6931   4.050094    33.9182        747     3.1083  0.000e+00
     37.985    13.6976   4.051561    33.9280        748     3.1125  0.000e+00
     37.927    13.7043   4.052123    33.9273        749     3.1167  0.000e+00
     37.825    13.7112   4.052612    33.9258        750     3.1208  0.000e+00
     37.743    13.7174   4.052840    33.9225        751     3.1250  0.000e+00
     37.652    13.7249   4.053590    33.9229        752     3.1292  0.000e+00
     37.574    13.7327   4.054615    33.9256        753     3.1333  0.000e+00
     37.499    13.7399   4.053758    33.9112        754     3.1375  0.000e+00
     37.435    13.7425   4.053818    33.9095        755     3.1417  0.000e+00
     37.366    13.7437   4.053101    33.9017        756     3.1458  0.000e+00
     37.287    13.7428   4.053248    33.9040        757     3.1500  0.000e+00
     37.236    13.7425   4.053054    33.9024        758     3.1542  0.000e+00
     37.157    13.7427   4.053000    33.9018        759     3.1583  0.000e+00
     37.097    13.7424   4.053235    33.9043        760     3.1625  0.000e+00
     37.034    13.7432   4.052464    33.8964        761     3.1667  0.000e+00
     36.952    13.7423   4.052906    33.9014        762     3.1708  0.000e+00
     36.895    13.7414   4.051607    33.8901        763     3.1750  0.000e+00
     36.834    13.7377   4.051707    33.8942        764     3.1792  0.000e+00
     36.762    13.7357   4.053027    33.9084        765     3.1833  0.000e+00
     36.702    13.7400   4.056183    33.9341        766     3.1875  0.000e+00
     36.632    13.7549   4.057772    33.9357        767     3.1917  0.000e+00
     36.560    13.7710   4.058609    33.9293        768     3.1958  0.000e+00
     36.478    13.7838   4.059407    33.9255        769     3.2000  0.000e+00
     36.403    13.7917   4.057825    33.9038        770     3.2042  0.000e+00
     36.336    13.7919   4.058508    33.9100        771     3.2083  0.000e+00
     36.270    13.7938   4.062404    33.9446        772     3.2125  0.000e+00
     36.207    13.8077   4.068260    33.9870        773     3.2167  0.000e+00
     36.107    13.8393   4.080702    34.0751        774     3.2208  0.000e+00
     36.053    13.9052   4.086279    34.0685        775     3.2250  0.000e+00
     35.968    13.9670   4.089640    34.0450        776     3.2292  0.000e+00
     35.914    14.0191   4.105563    34.1468        777     3.2333  0.000e+00
     35.829    14.1013   4.113008    34.1430        778     3.2375  0.000e+00
     35.766    14.1797   4.114328    34.0858        779     3.2417  0.000e+00
     35.696    14.2327   4.120032    34.0918        780     3.2458  0.000e+00
     35.636    14.2773   4.124052    34.0895        781     3.2500  0.000e+00
     35.573    14.3168   4.127015    34.0820        782     3.2542  0.000e+00
     35.518    14.3520   4.132503    34.1016        783     3.2583  0.000e+00
     35.452    14.3876   4.135786    34.1005        784     3.2625  0.000e+00
     35.394    14.4196   4.138292    34.0954        785     3.2667  0.000e+00
     35.343    14.4469   4.140096    34.0879        786     3.2708  0.000e+00
     35.283    14.4693   4.140758    34.0743        787     3.2750  0.000e+00
     35.231    14.4842   4.144638    34.0969        788     3.2792  0.000e+00
     35.180    14.5031   4.143658    34.0713        789     3.2833  0.000e+00
     35.111    14.5139   4.144354    34.0682        790     3.2875  0.000e+00
     35.047    14.5218   4.149521    34.1087        791     3.2917  0.000e+00
     34.981    14.5416   4.151943    34.1136        792     3.2958  0.000e+00
     34.927    14.5646   4.154954    34.1210        793     3.3000  0.000e+00
     34.869    14.5894   4.159666    34.1425        794     3.3042  0.000e+00
     34.797    14.6208   4.165179    34.1653        795     3.3083  0.000e+00
     34.736    14.6559   4.166825    34.1496        796     3.3125  0.000e+00
     34.673    14.6859   4.169150    34.1445        797     3.3167  0.000e+00
     34.607    14.7091   4.169671    34.1289        798     3.3208  0.000e+00
     34.540    14.7224   4.167529    34.0977        799     3.3250  0.000e+00
     34.468    14.7249   4.172308    34.1392        800     3.3292  0.000e+00
     34.413    14.7386   4.179409    34.1921        801     3.3333  0.000e+00
     34.338    14.7722   4.185531    34.2186        802     3.3375  0.000e+00
     34.272    14.8173   4.189632    34.2163        803     3.3417  0.000e+00
     34.199    14.8601   4.193163    34.2110        804     3.3458  0.000e+00
     34.136    14.8979   4.204039    34.2770        805     3.3500  0.000e+00
     34.066    14.9526   4.212728    34.3080        806     3.3542  0.000e+00
     34.009    15.0209   4.220926    34.3225        807     3.3583  0.000e+00
     33.937    15.0920   4.226084    34.3070        808     3.3625  0.000e+00
     33.873    15.1477   4.230058    34.2942        809     3.3667  0.000e+00
     33.822    15.1924   4.233712    34.2882        810     3.3708  0.000e+00
     33.755    15.2280   4.232225    34.2436        811     3.3750  0.000e+00
     33.707    15.2452   4.232245    34.2287        812     3.3792  0.000e+00
     33.665    15.2508   4.233623    34.2363        813     3.3833  0.000e+00
     33.611    15.2578   4.231188    34.2082        814     3.3875  0.000e+00
     33.562    15.2554   4.232300    34.2204        815     3.3917  0.000e+00
     33.511    15.2531   4.231365    34.2140        816     3.3958  0.000e+00
     33.457    15.2517   4.235765    34.2550        817     3.4000  0.000e+00
     33.420    15.2645   4.247274    34.3478        818     3.4042  0.000e+00
     33.366    15.3115   4.258050    34.4040        819     3.4083  0.000e+00
     33.312    15.3865   4.269344    34.4402        820     3.4125  0.000e+00
     33.267    15.4639   4.271739    34.3941        821     3.4167  0.000e+00
     33.215    15.5189   4.269712    34.3277        822     3.4208  0.000e+00
     33.161    15.5430   4.270656    34.3153        823     3.4250  0.000e+00
     33.110    15.5542   4.271012    34.3087        824     3.4292  0.000e+00
     33.049    15.5575   4.264544    34.2478        825     3.4333  0.000e+00
     32.998    15.5424   4.265961    34.2736        826     3.4375  0.000e+00
     32.934    15.5334   4.267309    34.2936        827     3.4417  0.000e+00
     32.874    15.5330   4.267425    34.2950        828     3.4458  0.000e+00
     32.826    15.5357   4.270759    34.3227        829     3.4500  0.000e+00
     32.750    15.5470   4.271128    34.3162        830     3.4542  0.000e+00
