HB2302/sbe054.cnv
* Sea-Bird SBE 19plus V2 Data File:
* FileName = C:\cruise\data\sbe054.hex
* Software Version Seasave V 7.26.7.121
* Temperature SN = 4758
* Conductivity SN = 4758
* System UpLoad Time = Jun 14 2023 00:22:34
* NMEA Latitude = 39 22.40 N
* NMEA Longitude = 073 23.13 W
* NMEA UTC (Time) = Jun 14 2023 00:22:35
** Cruise: HB2302
** Program: Ecomon
** Chief Scientist: Jerry Prezioso
# nquan = 7
# nvalues = 1320                                  
# units = specified
# name 0 = depSM: Depth [salt water, m]
# name 1 = tv290C: Temperature [ITS-90, deg C]
# name 2 = c0S/m: Conductivity [S/m]
# name 3 = sal00: Salinity, Practical [PSU]
# name 4 = scan: Scan Count
# name 5 = timeM: Time, Elapsed [minutes]
# name 6 = flag:  0.000e+00
# span 0 =     -0.140,     43.048                 
# span 1 =     8.0023,    18.1703                 
# span 2 =   0.000059,   4.184334                 
# span 3 =     0.0091,    33.0127                 
# span 4 =         11,       1330                 
# span 5 =     0.0417,     5.5375                 
# span 6 = 0.0000e+00, 0.0000e+00                 
# interval = seconds: 0.25
# start_time = Jun 14 2023 00:22:35 [NMEA time, header]
# bad_flag = -9.990e-29
*END*
[from data line 206]
     21.184    15.2738   4.012741    32.2340        217     0.9000  0.000e+00
     21.332    15.2501   4.011287    32.2405        218     0.9042  0.000e+00
     21.486    15.2225   4.010420    32.2553        219     0.9083  0.000e+00
     21.652    15.1999   4.008633    32.2578        220     0.9125  0.000e+00
     21.828    15.1820   4.006512    32.2535        221     0.9167  0.000e+00
     22.006    15.1636   4.004559    32.2510        222     0.9208  0.000e+00
     22.196    15.1442   4.002079    32.2446        223     0.9250  0.000e+00
     22.387    15.1209   4.000154    32.2464        224     0.9292  0.000e+00
     22.580    15.0941   3.997096    32.2409        225     0.9333  0.000e+00
     22.788    15.0728   3.992627    32.2182        226     0.9375  0.000e+00
     22.985    15.0467   3.989551    32.2119        227     0.9417  0.000e+00
     23.184    15.0049   3.988606    32.2379        228     0.9458  0.000e+00
     23.365    14.9628   3.987875    32.2659        229     0.9500  0.000e+00
     23.538    14.9365   3.986990    32.2796        230     0.9542  0.000e+00
     23.695    14.9183   3.986052    32.2861        231     0.9583  0.000e+00
     23.858    14.9020   3.985214    32.2920        232     0.9625  0.000e+00
     24.012    14.8858   3.984109    32.2954        233     0.9667  0.000e+00
     24.166    14.8682   3.982985    32.2998        234     0.9708  0.000e+00
     24.314    14.8520   3.981023    32.2953        235     0.9750  0.000e+00
     24.456    14.8352   3.979347    32.2941        236     0.9792  0.000e+00
     24.601    14.8187   3.976169    32.2789        237     0.9833  0.000e+00
     24.743    14.8004   3.973896    32.2735        238     0.9875  0.000e+00
     24.879    14.7765   3.971943    32.2755        239     0.9917  0.000e+00
     25.012    14.7581   3.969026    32.2643        240     0.9958  0.000e+00
     25.151    14.7336   3.967027    32.2664        241     1.0000  0.000e+00
     25.293    14.7022   3.965314    32.2769        242     1.0042  0.000e+00
     25.441    14.6704   3.962765    32.2801        243     1.0083  0.000e+00
     25.589    14.6420   3.961192    32.2893        244     1.0125  0.000e+00
     25.746    14.6089   3.959241    32.2990        245     1.0167  0.000e+00
     25.912    14.5740   3.956322    32.3015        246     1.0208  0.000e+00
     26.081    14.5448   3.954804    32.3119        247     1.0250  0.000e+00
     26.251    14.5106   3.954114    32.3341        248     1.0292  0.000e+00
     26.423    14.4763   3.953047    32.3529        249     1.0333  0.000e+00
     26.595    14.4515   3.951860    32.3626        250     1.0375  0.000e+00
     26.764    14.4338   3.950959    32.3691        251     1.0417  0.000e+00
     26.942    14.4119   3.950031    32.3789        252     1.0458  0.000e+00
     27.115    14.3890   3.949249    32.3909        253     1.0500  0.000e+00
     27.296    14.3684   3.947638    32.3933        254     1.0542  0.000e+00
     27.459    14.3558   3.944345    32.3736        255     1.0583  0.000e+00
     27.622    14.3407   3.941648    32.3616        256     1.0625  0.000e+00
     27.779    14.3089   3.938887    32.3628        257     1.0667  0.000e+00
     27.936    14.2695   3.934987    32.3600        258     1.0708  0.000e+00
     28.096    14.2300   3.931758    32.3635        259     1.0750  0.000e+00
     28.254    14.1861   3.928999    32.3749        260     1.0792  0.000e+00
     28.408    14.1431   3.924687    32.3713        261     1.0833  0.000e+00
     28.577    14.0977   3.920972    32.3752        262     1.0875  0.000e+00
     28.734    14.0550   3.924808    32.4464        263     1.0917  0.000e+00
     28.900    14.0067   3.823451    31.5540        264     1.0958  0.000e+00
     29.069    13.3293   3.577226    29.8261        265     1.1000  0.000e+00
     29.247    11.8451   3.550726    30.7692        266     1.1042  0.000e+00
     29.426    10.7470   3.532664    31.5194        267     1.1083  0.000e+00
     29.604    10.0894   3.522458    31.9911        268     1.1125  0.000e+00
     29.782     9.7124   3.514619    32.2471        269     1.1167  0.000e+00
     29.951     9.4962   3.508601    32.3801        270     1.1208  0.000e+00
     30.124     9.3637   3.505770    32.4709        271     1.1250  0.000e+00
     30.293     9.2856   3.506137    32.5457        272     1.1292  0.000e+00
     30.459     9.2478   3.503174    32.5494        273     1.1333  0.000e+00
     30.625     9.2199   3.496119    32.5020        274     1.1375  0.000e+00
     30.794     9.1773   3.490672    32.4844        275     1.1417  0.000e+00
     30.963     9.1310   3.488950    32.5088        276     1.1458  0.000e+00
     31.120     9.0956   3.484977    32.4998        277     1.1500  0.000e+00
     31.281     9.0637   3.484593    32.5249        278     1.1542  0.000e+00
     31.441     9.0432   3.484751    32.5452        279     1.1583  0.000e+00
     31.601     9.0353   3.484423    32.5490        280     1.1625  0.000e+00
     31.752     9.0306   3.482790    32.5363        281     1.1667  0.000e+00
     31.900     9.0236   3.481933    32.5337        282     1.1708  0.000e+00
     32.042     9.0155   3.479103    32.5116        283     1.1750  0.000e+00
     32.184     8.9969   3.472035    32.4553        284     1.1792  0.000e+00
     32.323     8.9569   3.466868    32.4381        285     1.1833  0.000e+00
     32.453     8.9092   3.464974    32.4619        286     1.1875  0.000e+00
     32.589     8.8710   3.461622    32.4618        287     1.1917  0.000e+00
     32.716     8.8369   3.457875    32.4540        288     1.1958  0.000e+00
     32.861     8.8037   3.461327    32.5203        289     1.2000  0.000e+00
     33.003     8.7968   3.459560    32.5081        290     1.2042  0.000e+00
     33.163     8.7923   3.455769    32.4727        291     1.2083  0.000e+00
     33.326     8.7730   3.451579    32.4465        292     1.2125  0.000e+00
     33.504     8.7410   3.448803    32.4468        293     1.2167  0.000e+00
     33.679     8.7084   3.448276    32.4710        294     1.2208  0.000e+00
     33.855     8.6865   3.449268    32.5014        295     1.2250  0.000e+00
     34.036     8.6790   3.449545    32.5112        296     1.2292  0.000e+00
     34.214     8.6785   3.449614    32.5122        297     1.2333  0.000e+00
     34.395     8.6787   3.449338    32.5091        298     1.2375  0.000e+00
     34.580     8.6755   3.448892    32.5073        299     1.2417  0.000e+00
     34.749     8.6673   3.447297    32.4981        300     1.2458  0.000e+00
     34.915     8.6528   3.446958    32.5078        301     1.2500  0.000e+00
     35.069     8.6400   3.447385    32.5239        302     1.2542  0.000e+00
     35.241     8.6337   3.447530    32.5312        303     1.2583  0.000e+00
     35.410     8.6289   3.447894    32.5393        304     1.2625  0.000e+00
     35.592     8.6268   3.449100    32.5538        305     1.2667  0.000e+00
     35.764     8.6263   3.449772    32.5612        306     1.2708  0.000e+00
     35.942     8.6255   3.449339    32.5574        307     1.2750  0.000e+00
     36.114     8.6225   3.449760    32.5644        308     1.2792  0.000e+00
     36.280     8.6171   3.448020    32.5511        309     1.2833  0.000e+00
     36.456     8.6016   3.446325    32.5475        310     1.2875  0.000e+00
     36.613     8.5813   3.444392    32.5459        311     1.2917  0.000e+00
     36.761     8.5570   3.439215    32.5139        312     1.2958  0.000e+00
     36.915     8.5179   3.438576    32.5431        313     1.3000  0.000e+00
     37.066     8.4828   3.434857    32.5363        314     1.3042  0.000e+00
     37.208     8.4452   3.432557    32.5468        315     1.3083  0.000e+00
     37.371     8.4115   3.432494    32.5772        316     1.3125  0.000e+00
     37.522     8.3905   3.429969    32.5700        317     1.3167  0.000e+00
     37.691     8.3692   3.428891    32.5782        318     1.3208  0.000e+00
     37.869     8.3472   3.425922    32.5672        319     1.3250  0.000e+00
     38.045     8.3207   3.425647    32.5887        320     1.3292  0.000e+00
     38.226     8.3016   3.425710    32.6070        321     1.3333  0.000e+00
     38.413     8.2922   3.425059    32.6087        322     1.3375  0.000e+00
     38.601     8.2854   3.424176    32.6056        323     1.3417  0.000e+00
     38.788     8.2753   3.421377    32.5854        324     1.3458  0.000e+00
     38.960     8.2557   3.419681    32.5855        325     1.3500  0.000e+00
     39.138     8.2346   3.418079    32.5881        326     1.3542  0.000e+00
     39.295     8.2143   3.416477    32.5898        327     1.3583  0.000e+00
     39.456     8.1943   3.415877    32.6020        328     1.3625  0.000e+00
     39.595     8.1805   3.416108    32.6171        329     1.3667  0.000e+00
     39.749     8.1740   3.414951    32.6109        330     1.3708  0.000e+00
     39.894     8.1654   3.413994    32.6086        331     1.3750  0.000e+00
     40.054     8.1550   3.413613    32.6142        332     1.3792  0.000e+00
     40.214     8.1467   3.412900    32.6143        333     1.3833  0.000e+00
     40.383     8.1394   3.412769    32.6196        334     1.3875  0.000e+00
     40.561     8.1326   3.411224    32.6094        335     1.3917  0.000e+00
     40.733     8.1225   3.411037    32.6168        336     1.3958  0.000e+00
     40.909     8.1148   3.410699    32.6203        337     1.4000  0.000e+00
     41.084     8.1088   3.410324    32.6219        338     1.4042  0.000e+00
     41.256     8.1042   3.410243    32.6252        339     1.4083  0.000e+00
     41.422     8.1006   3.409749    32.6232        340     1.4125  0.000e+00
     41.588     8.0955   3.409049    32.6204        341     1.4167  0.000e+00
     41.742     8.0885   3.408068    32.6165        342     1.4208  0.000e+00
     41.896     8.0797   3.407499    32.6186        343     1.4250  0.000e+00
     42.029     8.0707   3.407305    32.6248        344     1.4292  0.000e+00
     42.171     8.0640   3.406874    32.6264        345     1.4333  0.000e+00
     42.307     8.0584   3.406768    32.6304        346     1.4375  0.000e+00
     42.452     8.0549   3.406818    32.6341        347     1.4417  0.000e+00
     42.606     8.0530   3.406831    32.6359        348     1.4458  0.000e+00
     42.769     8.0516   3.406787    32.6367        349     1.4500  0.000e+00
     42.878     8.0503   3.406493    32.6348        350     1.4542  0.000e+00
     42.936     8.0479   3.405806    32.6297        351     1.4583  0.000e+00
     42.948     8.0419   3.404700    32.6234        352     1.4625  0.000e+00
     42.939     8.0327   3.404282    32.6277        353     1.4667  0.000e+00
     42.939     8.0244   3.404225    32.6348        354     1.4708  0.000e+00
     42.975     8.0187   3.404157    32.6393        355     1.4750  0.000e+00
     43.017     8.0156   3.403969    32.6402        356     1.4792  0.000e+00
     43.045     8.0135   3.403919    32.6416        357     1.4833  0.000e+00
     43.048     8.0122   3.403944    32.6430        358     1.4875  0.000e+00
     43.033     8.0117   3.403819    32.6422        359     1.4917  0.000e+00
     43.039     8.0111   3.403695    32.6414        360     1.4958  0.000e+00
     43.033     8.0103   3.403757    32.6429        361     1.5000  0.000e+00
     43.030     8.0100   3.403657    32.6421        362     1.5042  0.000e+00
     43.015     8.0094   3.403607    32.6421        363     1.5083  0.000e+00
     43.009     8.0088   3.403595    32.6425        364     1.5125  0.000e+00
     43.000     8.0083   3.403532    32.6423        365     1.5167  0.000e+00
     42.987     8.0083   3.403563    32.6427        366     1.5208  0.000e+00
     42.987     8.0085   3.403507    32.6419        367     1.5250  0.000e+00
     42.975     8.0082   3.403470    32.6418        368     1.5292  0.000e+00
     42.969     8.0082   3.403476    32.6419        369     1.5333  0.000e+00
     42.963     8.0080   3.403407    32.6413        370     1.5375  0.000e+00
     42.948     8.0080   3.403426    32.6416        371     1.5417  0.000e+00
     42.948     8.0080   3.403407    32.6414        372     1.5458  0.000e+00
     42.930     8.0080   3.403320    32.6404        373     1.5500  0.000e+00
     42.924     8.0080   3.403320    32.6404        374     1.5542  0.000e+00
     42.921     8.0077   3.403301    32.6405        375     1.5583  0.000e+00
     42.924     8.0077   3.403320    32.6407        376     1.5625  0.000e+00
     42.934     8.0077   3.403238    32.6398        377     1.5667  0.000e+00
     42.943     8.0077   3.403257    32.6401        378     1.5708  0.000e+00
     42.952     8.0078   3.403257    32.6399        379     1.5750  0.000e+00
     42.964     8.0077   3.403238    32.6398        380     1.5792  0.000e+00
     42.976     8.0075   3.403195    32.6395        381     1.5833  0.000e+00
     42.976     8.0075   3.403188    32.6394        382     1.5875  0.000e+00
     42.979     8.0074   3.403113    32.6387        383     1.5917  0.000e+00
     42.973     8.0071   3.403026    32.6381        384     1.5958  0.000e+00
     42.964     8.0064   3.403039    32.6389        385     1.6000  0.000e+00
     42.943     8.0061   3.403026    32.6391        386     1.6042  0.000e+00
     42.931     8.0059   3.402964    32.6385        387     1.6083  0.000e+00
     42.913     8.0058   3.402951    32.6385        388     1.6125  0.000e+00
     42.892     8.0057   3.402926    32.6383        389     1.6167  0.000e+00
     42.871     8.0059   3.402926    32.6382        390     1.6208  0.000e+00
     42.877     8.0061   3.402964    32.6385        391     1.6250  0.000e+00
     42.877     8.0065   3.402951    32.6379        392     1.6292  0.000e+00
     42.883     8.0064   3.402945    32.6380        393     1.6333  0.000e+00
     42.895     8.0065   3.403007    32.6385        394     1.6375  0.000e+00
     42.907     8.0070   3.402970    32.6376        395     1.6417  0.000e+00
     42.928     8.0069   3.402945    32.6374        396     1.6458  0.000e+00
     42.949     8.0068   3.402945    32.6375        397     1.6500  0.000e+00
     42.953     8.0066   3.402926    32.6375        398     1.6542  0.000e+00
     42.962     8.0065   3.402901    32.6373        399     1.6583  0.000e+00
     42.965     8.0067   3.402882    32.6370        400     1.6625  0.000e+00
     42.956     8.0063   3.402751    32.6359        401     1.6667  0.000e+00
     42.938     8.0060   3.402757    32.6363        402     1.6708  0.000e+00
     42.923     8.0057   3.402757    32.6365        403     1.6750  0.000e+00
     42.892     8.0053   3.402707    32.6365        404     1.6792  0.000e+00
     42.871     8.0050   3.402695    32.6366        405     1.6833  0.000e+00
     42.841     8.0049   3.402670    32.6364        406     1.6875  0.000e+00
     42.811     8.0049   3.402639    32.6361        407     1.6917  0.000e+00
     42.784     8.0048   3.402670    32.6365        408     1.6958  0.000e+00
     42.763     8.0048   3.402651    32.6364        409     1.7000  0.000e+00
     42.748     8.0051   3.402639    32.6359        410     1.7042  0.000e+00
     42.724     8.0053   3.402670    32.6361        411     1.7083  0.000e+00
     42.712     8.0054   3.402632    32.6356        412     1.7125  0.000e+00
     42.703     8.0055   3.402632    32.6355        413     1.7167  0.000e+00
     42.688     8.0056   3.402664    32.6358        414     1.7208  0.000e+00
     42.691     8.0056   3.402651    32.6356        415     1.7250  0.000e+00
     42.694     8.0058   3.402651    32.6354        416     1.7292  0.000e+00
     42.688     8.0058   3.402664    32.6356        417     1.7333  0.000e+00
     42.688     8.0060   3.402632    32.6351        418     1.7375  0.000e+00
     42.700     8.0061   3.402589    32.6345        419     1.7417  0.000e+00
     42.703     8.0056   3.402620    32.6353        420     1.7458  0.000e+00
