HB2302/sbe047.cnv
* Sea-Bird SBE 19plus V2 Data File:
* FileName = C:\cruise\data\sbe047.hex
* Software Version Seasave V 7.26.7.121
* Temperature SN = 4758
* Conductivity SN = 4758
* System UpLoad Time = Jun 13 2023 12:58:52
* NMEA Latitude = 39 01.31 N
* NMEA Longitude = 074 35.26 W
* NMEA UTC (Time) = Jun 13 2023 12:58:53
** Cruise: HB2302
** Program: Ecomon
** Chief Scientist: Jerry Prezioso
# nquan = 7
# nvalues = 1421                                  
# units = specified
# name 0 = depSM: Depth [salt water, m]
# name 1 = tv290C: Temperature [ITS-90, deg C]
# name 2 = c0S/m: Conductivity [S/m]
# name 3 = sal00: Salinity, Practical [PSU]
# name 4 = scan: Scan Count
# name 5 = timeM: Time, Elapsed [minutes]
# name 6 = flag:  0.000e+00
# span 0 =     -0.138,     12.629                 
# span 1 =    17.8613,    22.6397                 
# span 2 =   0.000020,   4.373276                 
# span 3 =     0.0108,    31.9311                 
# span 4 =         11,       1431                 
# span 5 =     0.0417,     5.9583                 
# span 6 = 0.0000e+00, 0.0000e+00                 
# interval = seconds: 0.25
# start_time = Jun 13 2023 12:58:53 [NMEA time, header]
# bad_flag = -9.990e-29
*END*
[from data line 411]
      8.329    18.1544   4.133441    31.0127        422     1.7542  0.000e+00
      8.359    18.1561   4.133927    31.0155        423     1.7583  0.000e+00
      8.380    18.1609   4.133792    31.0107        424     1.7625  0.000e+00
      8.389    18.1634   4.133590    31.0072        425     1.7667  0.000e+00
      8.395    18.1634   4.133279    31.0045        426     1.7708  0.000e+00
      8.402    18.1619   4.133765    31.0098        427     1.7750  0.000e+00
      8.408    18.1628   4.133731    31.0088        428     1.7792  0.000e+00
      8.399    18.1639   4.133340    31.0047        429     1.7833  0.000e+00
      8.405    18.1627   4.133495    31.0069        430     1.7875  0.000e+00
      8.411    18.1619   4.133637    31.0087        431     1.7917  0.000e+00
      8.414    18.1625   4.133671    31.0085        432     1.7958  0.000e+00
      8.432    18.1631   4.133569    31.0072        433     1.8000  0.000e+00
      8.444    18.1632   4.133245    31.0044        434     1.8042  0.000e+00
      8.475    18.1608   4.132387    30.9990        435     1.8083  0.000e+00
      8.505    18.1559   4.132779    31.0060        436     1.8125  0.000e+00
      8.550    18.1535   4.132117    31.0023        437     1.8167  0.000e+00
      8.590    18.1496   4.131962    31.0039        438     1.8208  0.000e+00
      8.623    18.1464   4.132266    31.0088        439     1.8250  0.000e+00
      8.672    18.1459   4.132469    31.0109        440     1.8292  0.000e+00
      8.708    18.1474   4.132536    31.0104        441     1.8333  0.000e+00
      8.760    18.1486   4.131692    31.0024        442     1.8375  0.000e+00
      8.817    18.1446   4.131105    31.0004        443     1.8417  0.000e+00
      8.872    18.1388   4.130787    31.0021        444     1.8458  0.000e+00
      8.935    18.1328   4.130139    31.0012        445     1.8500  0.000e+00
      8.996    18.1270   4.130720    31.0105        446     1.8542  0.000e+00
      9.065    18.1260   4.130612    31.0103        447     1.8583  0.000e+00
      9.129    18.1255   4.130167    31.0069        448     1.8625  0.000e+00
      9.189    18.1229   4.130342    31.0103        449     1.8667  0.000e+00
      9.238    18.1223   4.130167    31.0093        450     1.8708  0.000e+00
      9.305    18.1210   4.129863    31.0077        451     1.8750  0.000e+00
      9.353    18.1184   4.129964    31.0105        452     1.8792  0.000e+00
      9.404    18.1173   4.129586    31.0082        453     1.8833  0.000e+00
      9.450    18.1146   4.129269    31.0076        454     1.8875  0.000e+00
      9.486    18.1117   4.129836    31.0145        455     1.8917  0.000e+00
      9.513    18.1126   4.129505    31.0110        456     1.8958  0.000e+00
      9.538    18.1123   4.129438    31.0106        457     1.9000  0.000e+00
      9.556    18.1114   4.129411    31.0111        458     1.9042  0.000e+00
      9.574    18.1107   4.129242    31.0102        459     1.9083  0.000e+00
      9.592    18.1095   4.129188    31.0107        460     1.9125  0.000e+00
      9.605    18.1081   4.129006    31.0102        461     1.9167  0.000e+00
      9.617    18.1067   4.128661    31.0084        462     1.9208  0.000e+00
      9.644    18.1039   4.128513    31.0092        463     1.9250  0.000e+00
      9.662    18.1011   4.128358    31.0100        464     1.9292  0.000e+00
      9.689    18.0990   4.128365    31.0117        465     1.9333  0.000e+00
      9.714    18.0973   4.128358    31.0129        466     1.9375  0.000e+00
      9.750    18.0967   4.128263    31.0125        467     1.9417  0.000e+00
      9.783    18.0960   4.127987    31.0108        468     1.9458  0.000e+00
      9.826    18.0938   4.127406    31.0076        469     1.9500  0.000e+00
      9.868    18.0888   4.126961    31.0076        470     1.9542  0.000e+00
      9.923    18.0832   4.126940    31.0116        471     1.9583  0.000e+00
      9.977    18.0793   4.126522    31.0111        472     1.9625  0.000e+00
     10.038    18.0748   4.126239    31.0121        473     1.9667  0.000e+00
     10.101    18.0706   4.126070    31.0139        474     1.9708  0.000e+00
     10.165    18.0672   4.126117    31.0168        475     1.9750  0.000e+00
     10.241    18.0653   4.126117    31.0182        476     1.9792  0.000e+00
     10.307    18.0645   4.126070    31.0184        477     1.9833  0.000e+00
     10.386    18.0641   4.125989    31.0180        478     1.9875  0.000e+00
     10.458    18.0633   4.125989    31.0186        479     1.9917  0.000e+00
     10.534    18.0628   4.125854    31.0178        480     1.9958  0.000e+00
     10.604    18.0617   4.125888    31.0189        481     2.0000  0.000e+00
     10.676    18.0608   4.125713    31.0180        482     2.0042  0.000e+00
     10.737    18.0598   4.125564    31.0176        483     2.0083  0.000e+00
     10.794    18.0577   4.124862    31.0133        484     2.0125  0.000e+00
     10.849    18.0525   4.124734    31.0161        485     2.0167  0.000e+00
     10.888    18.0477   4.124491    31.0177        486     2.0208  0.000e+00
     10.916    18.0437   4.124404    31.0199        487     2.0250  0.000e+00
     10.943    18.0407   4.124390    31.0221        488     2.0292  0.000e+00
     10.961    18.0396   4.124438    31.0234        489     2.0333  0.000e+00
     10.976    18.0391   4.124451    31.0238        490     2.0375  0.000e+00
     10.982    18.0390   4.124492    31.0242        491     2.0417  0.000e+00
     10.989    18.0396   4.124438    31.0234        492     2.0458  0.000e+00
     10.989    18.0396   4.124451    31.0235        493     2.0500  0.000e+00
     10.986    18.0397   4.124492    31.0237        494     2.0542  0.000e+00
     10.971    18.0399   4.124498    31.0236        495     2.0583  0.000e+00
     10.980    18.0402   4.124417    31.0227        496     2.0625  0.000e+00
     10.977    18.0400   4.124539    31.0239        497     2.0667  0.000e+00
     10.992    18.0404   4.124519    31.0234        498     2.0708  0.000e+00
     11.004    18.0408   4.124492    31.0228        499     2.0750  0.000e+00
     11.032    18.0408   4.124492    31.0228        500     2.0792  0.000e+00
     11.062    18.0408   4.124357    31.0217        501     2.0833  0.000e+00
     11.110    18.0400   4.124269    31.0216        502     2.0875  0.000e+00
     11.168    18.0382   4.123851    31.0194        503     2.0917  0.000e+00
     11.228    18.0343   4.123291    31.0176        504     2.0958  0.000e+00
     11.289    18.0281   4.123095    31.0207        505     2.1000  0.000e+00
     11.359    18.0233   4.123021    31.0237        506     2.1042  0.000e+00
     11.428    18.0197   4.122994    31.0261        507     2.1083  0.000e+00
     11.498    18.0181   4.122967    31.0271        508     2.1125  0.000e+00
     11.567    18.0172   4.122900    31.0272        509     2.1167  0.000e+00
     11.625    18.0161   4.122846    31.0276        510     2.1208  0.000e+00
     11.682    18.0149   4.122684    31.0271        511     2.1250  0.000e+00
     11.737    18.0131   4.122394    31.0260        512     2.1292  0.000e+00
     11.773    18.0100   4.122218    31.0269        513     2.1333  0.000e+00
     11.810    18.0066   4.122111    31.0285        514     2.1375  0.000e+00
     11.840    18.0039   4.121996    31.0296        515     2.1417  0.000e+00
     11.870    18.0017   4.121868    31.0302        516     2.1458  0.000e+00
     11.894    17.9990   4.121159    31.0263        517     2.1500  0.000e+00
     11.925    17.9931   4.120674    31.0267        518     2.1542  0.000e+00
     11.946    17.9849   4.119851    31.0260        519     2.1583  0.000e+00
     11.964    17.9746   4.119500    31.0308        520     2.1625  0.000e+00
     11.998    17.9654   4.119453    31.0374        521     2.1667  0.000e+00
     12.016    17.9599   4.119258    31.0400        522     2.1708  0.000e+00
     12.043    17.9562   4.119224    31.0425        523     2.1750  0.000e+00
     12.064    17.9535   4.119251    31.0447        524     2.1792  0.000e+00
     12.092    17.9526   4.119427    31.0469        525     2.1833  0.000e+00
     12.125    17.9532   4.119454    31.0466        526     2.1875  0.000e+00
     12.155    17.9541   4.119373    31.0453        527     2.1917  0.000e+00
     12.179    17.9538   4.119305    31.0449        528     2.1958  0.000e+00
     12.216    17.9533   4.119298    31.0452        529     2.2000  0.000e+00
     12.237    17.9526   4.119305    31.0458        530     2.2042  0.000e+00
     12.267    17.9526   4.119224    31.0452        531     2.2083  0.000e+00
     12.280    17.9520   4.119029    31.0440        532     2.2125  0.000e+00
     12.301    17.9503   4.118853    31.0438        533     2.2167  0.000e+00
     12.325    17.9478   4.118476    31.0425        534     2.2208  0.000e+00
     12.337    17.9440   4.118327    31.0441        535     2.2250  0.000e+00
     12.340    17.9402   4.118017    31.0444        536     2.2292  0.000e+00
     12.334    17.9365   4.117855    31.0459        537     2.2333  0.000e+00
     12.319    17.9331   4.118004    31.0497        538     2.2375  0.000e+00
     12.313    17.9321   4.117566    31.0467        539     2.2417  0.000e+00
     12.304    17.9288   4.117478    31.0485        540     2.2458  0.000e+00
     12.298    17.9269   4.118422    31.0579        541     2.2500  0.000e+00
     12.286    17.9308   4.117633    31.0483        542     2.2542  0.000e+00
     12.280    17.9309   4.118132    31.0524        543     2.2583  0.000e+00
     12.286    17.9326   4.118375    31.0532        544     2.2625  0.000e+00
     12.299    17.9355   4.118078    31.0484        545     2.2667  0.000e+00
     12.305    17.9346   4.117404    31.0435        546     2.2708  0.000e+00
     12.314    17.9295   4.117114    31.0449        547     2.2750  0.000e+00
     12.344    17.9243   4.116905    31.0471        548     2.2792  0.000e+00
     12.375    17.9194   4.116386    31.0465        549     2.2833  0.000e+00
     12.405    17.9128   4.115833    31.0468        550     2.2875  0.000e+00
     12.429    17.9052   4.115637    31.0509        551     2.2917  0.000e+00
     12.456    17.8991   4.115307    31.0528        552     2.2958  0.000e+00
     12.502    17.8937   4.115213    31.0561        553     2.3000  0.000e+00
     12.532    17.8891   4.114141    31.0505        554     2.3042  0.000e+00
     12.562    17.8808   4.113932    31.0551        555     2.3083  0.000e+00
     12.596    17.8735   4.113797    31.0595        556     2.3125  0.000e+00
     12.620    17.8683   4.113622    31.0620        557     2.3167  0.000e+00
     12.629    17.8642   4.113407    31.0633        558     2.3208  0.000e+00
     12.629    17.8613   4.114040    31.0708        559     2.3250  0.000e+00
     12.611    17.8635   4.114694    31.0746        560     2.3292  0.000e+00
     12.575    17.8701   4.115287    31.0747        561     2.3333  0.000e+00
     12.536    17.8786   4.115537    31.0703        562     2.3375  0.000e+00
     12.484    17.8855   4.115638    31.0659        563     2.3417  0.000e+00
     12.454    17.8909   4.115833    31.0635        564     2.3458  0.000e+00
     12.409    17.8956   4.116238    31.0632        565     2.3500  0.000e+00
     12.367    17.9012   4.116757    31.0634        566     2.3542  0.000e+00
     12.321    17.9081   4.117505    31.0644        567     2.3583  0.000e+00
     12.276    17.9172   4.118503    31.0660        568     2.3625  0.000e+00
     12.237    17.9290   4.119184    31.0627        569     2.3667  0.000e+00
     12.192    17.9406   4.119474    31.0564        570     2.3708  0.000e+00
     12.152    17.9495   4.119501    31.0498        571     2.3750  0.000e+00
     12.125    17.9551   4.119973    31.0496        572     2.3792  0.000e+00
     12.092    17.9607   4.120047    31.0459        573     2.3833  0.000e+00
     12.056    17.9652   4.120074    31.0428        574     2.3875  0.000e+00
     12.029    17.9672   4.120067    31.0412        575     2.3917  0.000e+00
     12.011    17.9680   4.120121    31.0411        576     2.3958  0.000e+00
     11.999    17.9685   4.119851    31.0384        577     2.4000  0.000e+00
     11.996    17.9675   4.119851    31.0391        578     2.4042  0.000e+00
     11.977    17.9663   4.119898    31.0405        579     2.4083  0.000e+00
     11.968    17.9660   4.120020    31.0417        580     2.4125  0.000e+00
     11.975    17.9672   4.120148    31.0419        581     2.4167  0.000e+00
     11.978    17.9681   4.120195    31.0416        582     2.4208  0.000e+00
     11.987    17.9695   4.120283    31.0413        583     2.4250  0.000e+00
     12.002    17.9706   4.120323    31.0408        584     2.4292  0.000e+00
     12.014    17.9716   4.120330    31.0401        585     2.4333  0.000e+00
     12.035    17.9722   4.120350    31.0398        586     2.4375  0.000e+00
     12.051    17.9726   4.120121    31.0376        587     2.4417  0.000e+00
     12.051    17.9711   4.119973    31.0374        588     2.4458  0.000e+00
     12.042    17.9689   4.120121    31.0404        589     2.4500  0.000e+00
     12.033    17.9687   4.120195    31.0411        590     2.4542  0.000e+00
     11.990    17.9693   4.120350    31.0420        591     2.4583  0.000e+00
     11.945    17.9709   4.120748    31.0442        592     2.4625  0.000e+00
     11.894    17.9750   4.121099    31.0440        593     2.4667  0.000e+00
     11.821    17.9799   4.121544    31.0440        594     2.4708  0.000e+00
     11.755    17.9863   4.122145    31.0442        595     2.4750  0.000e+00
     11.667    17.9947   4.122495    31.0409        596     2.4792  0.000e+00
     11.580    18.0022   4.122792    31.0376        597     2.4833  0.000e+00
     11.483    18.0085   4.122940    31.0342        598     2.4875  0.000e+00
     11.408    18.0131   4.123136    31.0324        599     2.4917  0.000e+00
     11.335    18.0168   4.123392    31.0318        600     2.4958  0.000e+00
     11.275    18.0203   4.123568    31.0305        601     2.5000  0.000e+00
     11.220    18.0238   4.123662    31.0287        602     2.5042  0.000e+00
     11.187    18.0267   4.123770    31.0274        603     2.5083  0.000e+00
     11.157    18.0287   4.123804    31.0262        604     2.5125  0.000e+00
     11.151    18.0306   4.124019    31.0266        605     2.5167  0.000e+00
     11.151    18.0331   4.124019    31.0247        606     2.5208  0.000e+00
     11.160    18.0351   4.124235    31.0250        607     2.5250  0.000e+00
     11.178    18.0369   4.124363    31.0247        608     2.5292  0.000e+00
     11.206    18.0387   4.124363    31.0233        609     2.5333  0.000e+00
     11.233    18.0401   4.124498    31.0234        610     2.5375  0.000e+00
     11.269    18.0414   4.124465    31.0221        611     2.5417  0.000e+00
     11.300    18.0419   4.124404    31.0212        612     2.5458  0.000e+00
     11.342    18.0417   4.124316    31.0206        613     2.5500  0.000e+00
     11.381    18.0410   4.124215    31.0203        614     2.5542  0.000e+00
     11.403    18.0399   4.124188    31.0209        615     2.5583  0.000e+00
     11.433    18.0387   4.124215    31.0220        616     2.5625  0.000e+00
     11.442    18.0382   4.124141    31.0218        617     2.5667  0.000e+00
     11.451    18.0376   4.124094    31.0218        618     2.5708  0.000e+00
     11.436    18.0368   4.124168    31.0230        619     2.5750  0.000e+00
     11.412    18.0368   4.124094    31.0224        620     2.5792  0.000e+00
     11.379    18.0363   4.124215    31.0238        621     2.5833  0.000e+00
     11.325    18.0372   4.124289    31.0238        622     2.5875  0.000e+00
     11.273    18.0381   4.124519    31.0250        623     2.5917  0.000e+00
     11.213    18.0403   4.124694    31.0249        624     2.5958  0.000e+00
     11.149    18.0431   4.124782    31.0235        625     2.6000  0.000e+00
