HB2302/sbe071.cnv
* Sea-Bird SBE 19plus V2 Data File:
* FileName = C:\cruise\data\sbe071.hex
* Software Version Seasave V 7.26.7.121
* Temperature SN = 4758
* Conductivity SN = 4758
* System UpLoad Time = Jun 15 2023 11:34:51
* NMEA Latitude = 40 02.43 N
* NMEA Longitude = 069 51.62 W
* NMEA UTC (Time) = Jun 15 2023 11:34:51
** Cruise: HB2302
** Program: Ecomon
** Chief Scientist: Jerry Prezioso
# nquan = 7
# nvalues = 3951                                  
# units = specified
# name 0 = depSM: Depth [salt water, m]
# name 1 = tv290C: Temperature [ITS-90, deg C]
# name 2 = c0S/m: Conductivity [S/m]
# name 3 = sal00: Salinity, Practical [PSU]
# name 4 = scan: Scan Count
# name 5 = timeM: Time, Elapsed [minutes]
# name 6 = flag:  0.000e+00
# span 0 =     -0.212,    134.905                 
# span 1 =    13.8172,    21.0421                 
# span 2 =   0.000074,   4.936717                 
# span 3 =     0.0096,    36.0027                 
# span 4 =         11,       3961                 
# span 5 =     0.0417,    16.5000                 
# span 6 = 0.0000e+00, 0.0000e+00                 
# interval = seconds: 0.25
# start_time = Jun 15 2023 11:34:51 [NMEA time, header]
# bad_flag = -9.990e-29
*END*
[from data line 2667]
     46.680    15.3359   4.390108    35.5727       2678    11.1542  0.000e+00
     46.664    15.3364   4.389873    35.5701       2679    11.1583  0.000e+00
     46.649    15.3356   4.388924    35.5622       2680    11.1625  0.000e+00
     46.646    15.3325   4.389416    35.5695       2681    11.1667  0.000e+00
     46.652    15.3315   4.389616    35.5723       2682    11.1708  0.000e+00
     46.661    15.3319   4.388716    35.5638       2683    11.1750  0.000e+00
     46.664    15.3300   4.388336    35.5620       2684    11.1792  0.000e+00
     46.668    15.3272   4.388896    35.5696       2685    11.1833  0.000e+00
     46.668    15.3274   4.389852    35.5782       2686    11.1875  0.000e+00
     46.671    15.3306   4.389852    35.5753       2687    11.1917  0.000e+00
     46.649    15.3324   4.389063    35.5664       2688    11.1958  0.000e+00
     46.628    15.3316   4.388896    35.5657       2689    11.2000  0.000e+00
     46.580    15.3299   4.389000    35.5681       2690    11.2042  0.000e+00
     46.550    15.3292   4.388924    35.5681       2691    11.2083  0.000e+00
     46.504    15.3291   4.388924    35.5682       2692    11.2125  0.000e+00
     46.444    15.3283   4.387872    35.5594       2693    11.2167  0.000e+00
     46.381    15.3255   4.387816    35.5615       2694    11.2208  0.000e+00
     46.329    15.3228   4.387872    35.5644       2695    11.2250  0.000e+00
     46.275    15.3217   4.387844    35.5652       2696    11.2292  0.000e+00
     46.227    15.3213   4.387872    35.5659       2697    11.2333  0.000e+00
     46.187    15.3213   4.387892    35.5661       2698    11.2375  0.000e+00
     46.154    15.3217   4.387920    35.5660       2699    11.2417  0.000e+00
     46.118    15.3219   4.387892    35.5656       2700    11.2458  0.000e+00
     46.103    15.3222   4.387920    35.5655       2701    11.2500  0.000e+00
     46.091    15.3221   4.387892    35.5654       2702    11.2542  0.000e+00
     46.067    15.3222   4.387920    35.5655       2703    11.2583  0.000e+00
     46.064    15.3223   4.387892    35.5652       2704    11.2625  0.000e+00
     46.058    15.3223   4.387920    35.5655       2705    11.2667  0.000e+00
     46.048    15.3224   4.387948    35.5656       2706    11.2708  0.000e+00
     46.048    15.3227   4.387975    35.5656       2707    11.2750  0.000e+00
     46.048    15.3227   4.387975    35.5656       2708    11.2792  0.000e+00
     46.045    15.3229   4.387380    35.5600       2709    11.2833  0.000e+00
     46.018    15.3212   4.384708    35.5373       2710    11.2875  0.000e+00
     46.003    15.3156   4.383705    35.5333       2711    11.2917  0.000e+00
     45.973    15.3086   4.379962    35.5056       2712    11.2958  0.000e+00
     45.934    15.2958   4.377783    35.4975       2713    11.3000  0.000e+00
     45.894    15.2821   4.377935    35.5113       2714    11.3042  0.000e+00
     45.849    15.2740   4.377223    35.5122       2715    11.3083  0.000e+00
     45.810    15.2681   4.376269    35.5089       2716    11.3125  0.000e+00
     45.765    15.2624   4.375453    35.5067       2717    11.3167  0.000e+00
     45.722    15.2566   4.373531    35.4945       2718    11.3208  0.000e+00
     45.692    15.2484   4.371173    35.4805       2719    11.3250  0.000e+00
     45.644    15.2387   4.370455    35.4828       2720    11.3292  0.000e+00
     45.623    15.2308   4.370330    35.4888       2721    11.3333  0.000e+00
     45.593    15.2263   4.370075    35.4906       2722    11.3375  0.000e+00
     45.562    15.2238   4.369943    35.4917       2723    11.3417  0.000e+00
     45.538    15.2237   4.371277    35.5039       2724    11.3458  0.000e+00
     45.517    15.2287   4.372093    35.5068       2725    11.3500  0.000e+00
     45.487    15.2357   4.371892    35.4986       2726    11.3542  0.000e+00
     45.472    15.2394   4.370918    35.4864       2727    11.3583  0.000e+00
     45.454    15.2395   4.370793    35.4852       2728    11.3625  0.000e+00
     45.423    15.2386   4.370434    35.4827       2729    11.3667  0.000e+00
     45.411    15.2371   4.369418    35.4748       2730    11.3708  0.000e+00
     45.384    15.2336   4.368153    35.4666       2731    11.3750  0.000e+00
     45.357    15.2279   4.364119    35.4351       2732    11.3792  0.000e+00
     45.336    15.2163   4.361363    35.4205       2733    11.3833  0.000e+00
     45.309    15.2026   4.359630    35.4172       2734    11.3875  0.000e+00
     45.266    15.1910   4.358657    35.4188       2735    11.3917  0.000e+00
     45.236    15.1831   4.357663    35.4169       2736    11.3958  0.000e+00
     45.191    15.1779   4.356800    35.4138       2737    11.4000  0.000e+00
     45.167    15.1735   4.355571    35.4066       2738    11.4042  0.000e+00
     45.128    15.1695   4.354274    35.3985       2739    11.4083  0.000e+00
     45.091    15.1654   4.353646    35.3964       2740    11.4125  0.000e+00
     45.052    15.1618   4.353308    35.3967       2741    11.4167  0.000e+00
     45.025    15.1586   4.352777    35.3947       2742    11.4208  0.000e+00
     44.995    15.1556   4.352390    35.3940       2743    11.4250  0.000e+00
     44.955    15.1534   4.352239    35.3946       2744    11.4292  0.000e+00
     44.919    15.1520   4.351804    35.3919       2745    11.4333  0.000e+00
     44.886    15.1505   4.351576    35.3912       2746    11.4375  0.000e+00
     44.856    15.1495   4.352342    35.3990       2747    11.4417  0.000e+00
     44.820    15.1519   4.353108    35.4039       2748    11.4458  0.000e+00
     44.792    15.1577   4.353812    35.4051       2749    11.4500  0.000e+00
     44.765    15.1660   4.355958    35.4171       2750    11.4542  0.000e+00
     44.732    15.1790   4.357559    35.4199       2751    11.4583  0.000e+00
     44.708    15.1943   4.358325    35.4130       2752    11.4625  0.000e+00
     44.678    15.2066   4.359167    35.4096       2753    11.4667  0.000e+00
     44.657    15.2165   4.360265    35.4107       2754    11.4708  0.000e+00
     44.632    15.2262   4.361004    35.4086       2755    11.4750  0.000e+00
     44.605    15.2349   4.361563    35.4058       2756    11.4792  0.000e+00
     44.569    15.2422   4.361798    35.4013       2757    11.4833  0.000e+00
     44.539    15.2473   4.361846    35.3972       2758    11.4875  0.000e+00
     44.515    15.2504   4.361894    35.3949       2759    11.4917  0.000e+00
     44.494    15.2523   4.361929    35.3934       2760    11.4958  0.000e+00
     44.463    15.2536   4.361873    35.3917       2761    11.5000  0.000e+00
     44.445    15.2547   4.361770    35.3899       2762    11.5042  0.000e+00
     44.421    15.2552   4.361694    35.3887       2763    11.5083  0.000e+00
     44.397    15.2552   4.361721    35.3890       2764    11.5125  0.000e+00
     44.388    15.2551   4.361742    35.3892       2765    11.5167  0.000e+00
     44.361    15.2556   4.361742    35.3888       2766    11.5208  0.000e+00
     44.334    15.2559   4.361742    35.3886       2767    11.5250  0.000e+00
     44.309    15.2559   4.361514    35.3865       2768    11.5292  0.000e+00
     44.282    15.2554   4.361410    35.3860       2769    11.5333  0.000e+00
     44.249    15.2547   4.361410    35.3867       2770    11.5375  0.000e+00
     44.219    15.2543   4.361445    35.3874       2771    11.5417  0.000e+00
     44.183    15.2547   4.361873    35.3909       2772    11.5458  0.000e+00
     44.149    15.2564   4.361818    35.3889       2773    11.5500  0.000e+00
     44.113    15.2580   4.362053    35.3896       2774    11.5542  0.000e+00
     44.077    15.2599   4.362280    35.3900       2775    11.5583  0.000e+00
     44.038    15.2618   4.362384    35.3892       2776    11.5625  0.000e+00
     44.004    15.2635   4.362384    35.3876       2777    11.5667  0.000e+00
     43.968    15.2646   4.362356    35.3864       2778    11.5708  0.000e+00
     43.935    15.2654   4.362253    35.3848       2779    11.5750  0.000e+00
     43.911    15.2655   4.362356    35.3857       2780    11.5792  0.000e+00
     43.878    15.2658   4.362384    35.3856       2781    11.5833  0.000e+00
     43.850    15.2659   4.362301    35.3848       2782    11.5875  0.000e+00
     43.820    15.2659   4.362329    35.3851       2783    11.5917  0.000e+00
     43.778    15.2659   4.362073    35.3827       2784    11.5958  0.000e+00
     43.745    15.2654   4.361997    35.3825       2785    11.6000  0.000e+00
     43.708    15.2648   4.361562    35.3792       2786    11.6042  0.000e+00
     43.666    15.2635   4.361486    35.3796       2787    11.6083  0.000e+00
     43.633    15.2623   4.361514    35.3810       2788    11.6125  0.000e+00
     43.597    15.2617   4.361486    35.3813       2789    11.6167  0.000e+00
     43.551    15.2617   4.361638    35.3827       2790    11.6208  0.000e+00
     43.518    15.2620   4.361921    35.3850       2791    11.6250  0.000e+00
     43.491    15.2635   4.362052    35.3849       2792    11.6292  0.000e+00
     43.461    15.2649   4.362218    35.3851       2793    11.6333  0.000e+00
     43.428    15.2663   4.362356    35.3852       2794    11.6375  0.000e+00
     43.397    15.2677   4.362508    35.3852       2795    11.6417  0.000e+00
     43.364    15.2692   4.362660    35.3853       2796    11.6458  0.000e+00
     43.343    15.2703   4.362763    35.3852       2797    11.6500  0.000e+00
     43.319    15.2715   4.362812    35.3846       2798    11.6542  0.000e+00
     43.292    15.2723   4.362971    35.3853       2799    11.6583  0.000e+00
     43.277    15.2733   4.363150    35.3860       2800    11.6625  0.000e+00
     43.237    15.2747   4.363426    35.3873       2801    11.6667  0.000e+00
     43.216    15.2766   4.363862    35.3896       2802    11.6708  0.000e+00
     43.189    15.2793   4.364552    35.3934       2803    11.6750  0.000e+00
     43.165    15.2832   4.365671    35.4001       2804    11.6792  0.000e+00
     43.132    15.2903   4.368076    35.4155       2805    11.6833  0.000e+00
     43.099    15.3037   4.370121    35.4219       2806    11.6875  0.000e+00
     43.062    15.3197   4.370736    35.4131       2807    11.6917  0.000e+00
     43.014    15.3320   4.371143    35.4057       2808    11.6958  0.000e+00
     42.975    15.3402   4.371351    35.4002       2809    11.7000  0.000e+00
     42.938    15.3451   4.370867    35.3914       2810    11.7042  0.000e+00
     42.875    15.3463   4.370687    35.3887       2811    11.7083  0.000e+00
     42.842    15.3462   4.370887    35.3907       2812    11.7125  0.000e+00
     42.809    15.3466   4.371171    35.3929       2813    11.7167  0.000e+00
     42.775    15.3481   4.371454    35.3941       2814    11.7208  0.000e+00
     42.739    15.3497   4.371634    35.3943       2815    11.7250  0.000e+00
     42.706    15.3514   4.371710    35.3935       2816    11.7292  0.000e+00
     42.685    15.3527   4.371682    35.3920       2817    11.7333  0.000e+00
     42.661    15.3533   4.371779    35.3924       2818    11.7375  0.000e+00
     42.637    15.3541   4.371890    35.3926       2819    11.7417  0.000e+00
     42.618    15.3548   4.371938    35.3925       2820    11.7458  0.000e+00
     42.597    15.3555   4.372069    35.3930       2821    11.7500  0.000e+00
     42.561    15.3563   4.372297    35.3944       2822    11.7542  0.000e+00
     42.537    15.3575   4.372505    35.3952       2823    11.7583  0.000e+00
     42.498    15.3591   4.372809    35.3965       2824    11.7625  0.000e+00
     42.458    15.3612   4.372781    35.3945       2825    11.7667  0.000e+00
     42.416    15.3624   4.373113    35.3964       2826    11.7708  0.000e+00
     42.365    15.3643   4.373396    35.3973       2827    11.7750  0.000e+00
     42.314    15.3665   4.373424    35.3955       2828    11.7792  0.000e+00
     42.268    15.3682   4.373707    35.3966       2829    11.7833  0.000e+00
     42.211    15.3707   4.373908    35.3962       2830    11.7875  0.000e+00
     42.157    15.3733   4.374087    35.3954       2831    11.7917  0.000e+00
     42.111    15.3757   4.374191    35.3943       2832    11.7958  0.000e+00
     42.060    15.3774   4.374191    35.3927       2833    11.8000  0.000e+00
     42.021    15.3784   4.373783    35.3881       2834    11.8042  0.000e+00
     41.997    15.3780   4.373272    35.3839       2835    11.8083  0.000e+00
     41.957    15.3764   4.372836    35.3814       2836    11.8125  0.000e+00
     41.939    15.3737   4.371993    35.3762       2837    11.8167  0.000e+00
     41.915    15.3704   4.372145    35.3806       2838    11.8208  0.000e+00
     41.900    15.3682   4.371709    35.3786       2839    11.8250  0.000e+00
     41.894    15.3663   4.372117    35.3840       2840    11.8292  0.000e+00
     41.891    15.3662   4.371937    35.3825       2841    11.8333  0.000e+00
     41.876    15.3660   4.371937    35.3827       2842    11.8375  0.000e+00
     41.873    15.3658   4.371813    35.3817       2843    11.8417  0.000e+00
     41.873    15.3654   4.372041    35.3842       2844    11.8458  0.000e+00
     41.876    15.3657   4.372656    35.3895       2845    11.8500  0.000e+00
     41.879    15.3678   4.373472    35.3950       2846    11.8542  0.000e+00
     41.888    15.3713   4.373756    35.3944       2847    11.8583  0.000e+00
     41.888    15.3744   4.373596    35.3901       2848    11.8625  0.000e+00
     41.885    15.3757   4.373113    35.3846       2849    11.8667  0.000e+00
     41.870    15.3751   4.373216    35.3861       2850    11.8708  0.000e+00
     41.840    15.3745   4.373064    35.3852       2851    11.8750  0.000e+00
     41.806    15.3740   4.372656    35.3820       2852    11.8792  0.000e+00
     41.770    15.3725   4.371758    35.3752       2853    11.8833  0.000e+00
     41.707    15.3691   4.370735    35.3690       2854    11.8875  0.000e+00
     41.643    15.3643   4.370431    35.3707       2855    11.8917  0.000e+00
     41.583    15.3604   4.369484    35.3656       2856    11.8958  0.000e+00
     41.516    15.3569   4.369228    35.3664       2857    11.9000  0.000e+00
     41.450    15.3542   4.369712    35.3733       2858    11.9042  0.000e+00
     41.399    15.3554   4.370278    35.3774       2859    11.9083  0.000e+00
     41.356    15.3591   4.370147    35.3729       2860    11.9125  0.000e+00
     41.320    15.3614   4.369815    35.3678       2861    11.9167  0.000e+00
     41.293    15.3623   4.370112    35.3697       2862    11.9208  0.000e+00
     41.284    15.3631   4.369739    35.3656       2863    11.9250  0.000e+00
     41.281    15.3636   4.370147    35.3689       2864    11.9292  0.000e+00
     41.281    15.3638   4.370327    35.3703       2865    11.9333  0.000e+00
     41.296    15.3644   4.370223    35.3688       2866    11.9375  0.000e+00
     41.314    15.3642   4.369739    35.3646       2867    11.9417  0.000e+00
     41.326    15.3617   4.369504    35.3647       2868    11.9458  0.000e+00
     41.353    15.3590   4.369428    35.3664       2869    11.9500  0.000e+00
     41.368    15.3572   4.369200    35.3660       2870    11.9542  0.000e+00
     41.387    15.3556   4.369484    35.3700       2871    11.9583  0.000e+00
     41.390    15.3557   4.369608    35.3711       2872    11.9625  0.000e+00
     41.387    15.3565   4.369532    35.3697       2873    11.9667  0.000e+00
     41.365    15.3569   4.369456    35.3686       2874    11.9708  0.000e+00
     41.344    15.3565   4.369608    35.3704       2875    11.9750  0.000e+00
     41.302    15.3572   4.369843    35.3719       2876    11.9792  0.000e+00
     41.251    15.3591   4.370175    35.3732       2877    11.9833  0.000e+00
     41.193    15.3620   4.369608    35.3654       2878    11.9875  0.000e+00
     41.130    15.3638   4.368309    35.3521       2879    11.9917  0.000e+00
     41.073    15.3633   4.367486    35.3451       2880    11.9958  0.000e+00
     41.024    15.3610   4.365849    35.3324       2881    12.0000  0.000e+00
