HB2302/sbe077.cnv
* Sea-Bird SBE 19plus V2 Data File:
* FileName = C:\cruise\data\sbe077.hex
* Software Version Seasave V 7.26.7.121
* Temperature SN = 4758
* Conductivity SN = 4758
* System UpLoad Time = Jun 15 2023 23:45:10
* NMEA Latitude = 40 55.24 N
* NMEA Longitude = 068 26.02 W
* NMEA UTC (Time) = Jun 15 2023 23:45:11
** Cruise: HB2302
** Program: Ecomon
** Chief Scientist: Jerry Prezioso
# nquan = 7
# nvalues = 1751                                  
# units = specified
# name 0 = depSM: Depth [salt water, m]
# name 1 = tv290C: Temperature [ITS-90, deg C]
# name 2 = c0S/m: Conductivity [S/m]
# name 3 = sal00: Salinity, Practical [PSU]
# name 4 = scan: Scan Count
# name 5 = timeM: Time, Elapsed [minutes]
# name 6 = flag:  0.000e+00
# span 0 =     -0.173,     48.310                 
# span 1 =    12.3184,    13.3596                 
# span 2 =   0.000038,   3.853200                 
# span 3 =     0.0069,    33.1176                 
# span 4 =         11,       1761                 
# span 5 =     0.0417,     7.3333                 
# span 6 = 0.0000e+00, 0.0000e+00                 
# interval = seconds: 0.25
# start_time = Jun 15 2023 23:45:11 [NMEA time, header]
# bad_flag = -9.990e-29
*END*
[from data line 1231]
     17.972    12.3338   3.823396    32.9787       1242     5.1708  0.000e+00
     17.909    12.3332   3.823370    32.9790       1243     5.1750  0.000e+00
     17.852    12.3327   3.823416    32.9799       1244     5.1792  0.000e+00
     17.809    12.3327   3.823370    32.9795       1245     5.1833  0.000e+00
     17.773    12.3327   3.823416    32.9799       1246     5.1875  0.000e+00
     17.749    12.3327   3.823344    32.9793       1247     5.1917  0.000e+00
     17.731    12.3324   3.823396    32.9800       1248     5.1958  0.000e+00
     17.725    12.3324   3.823416    32.9801       1249     5.2000  0.000e+00
     17.728    12.3327   3.823488    32.9806       1250     5.2042  0.000e+00
     17.737    12.3332   3.823507    32.9804       1251     5.2083  0.000e+00
     17.749    12.3334   3.823442    32.9795       1252     5.2125  0.000e+00
     17.764    12.3334   3.823344    32.9786       1253     5.2167  0.000e+00
     17.776    12.3329   3.823370    32.9793       1254     5.2208  0.000e+00
     17.782    12.3327   3.823370    32.9795       1255     5.2250  0.000e+00
     17.791    12.3324   3.823370    32.9797       1256     5.2292  0.000e+00
     17.791    12.3324   3.823370    32.9797       1257     5.2333  0.000e+00
     17.785    12.3324   3.823488    32.9808       1258     5.2375  0.000e+00
     17.773    12.3332   3.823645    32.9816       1259     5.2417  0.000e+00
     17.752    12.3341   3.823396    32.9784       1260     5.2458  0.000e+00
     17.725    12.3336   3.823213    32.9771       1261     5.2500  0.000e+00
     17.674    12.3325   3.823187    32.9779       1262     5.2542  0.000e+00
     17.610    12.3315   3.823180    32.9788       1263     5.2583  0.000e+00
     17.529    12.3307   3.823232    32.9800       1264     5.2625  0.000e+00
     17.444    12.3307   3.823213    32.9799       1265     5.2667  0.000e+00
     17.357    12.3308   3.823154    32.9792       1266     5.2708  0.000e+00
     17.263    12.3309   3.823258    32.9802       1267     5.2750  0.000e+00
     17.176    12.3310   3.823232    32.9799       1268     5.2792  0.000e+00
     17.094    12.3310   3.823154    32.9791       1269     5.2833  0.000e+00
     17.007    12.3308   3.823095    32.9788       1270     5.2875  0.000e+00
     16.934    12.3305   3.823141    32.9796       1271     5.2917  0.000e+00
     16.874    12.3304   3.823206    32.9803       1272     5.2958  0.000e+00
     16.816    12.3306   3.823167    32.9798       1273     5.3000  0.000e+00
     16.762    12.3307   3.823095    32.9790       1274     5.3042  0.000e+00
     16.723    12.3304   3.823075    32.9791       1275     5.3083  0.000e+00
     16.690    12.3300   3.823082    32.9795       1276     5.3125  0.000e+00
     16.662    12.3301   3.823232    32.9809       1277     5.3167  0.000e+00
     16.644    12.3305   3.823232    32.9805       1278     5.3208  0.000e+00
     16.638    12.3310   3.823180    32.9796       1279     5.3250  0.000e+00
     16.632    12.3312   3.823140    32.9790       1280     5.3292  0.000e+00
     16.629    12.3311   3.823140    32.9791       1281     5.3333  0.000e+00
     16.638    12.3307   3.823180    32.9798       1282     5.3375  0.000e+00
     16.638    12.3308   3.823140    32.9794       1283     5.3417  0.000e+00
     16.638    12.3308   3.823140    32.9794       1284     5.3458  0.000e+00
     16.638    12.3307   3.823082    32.9789       1285     5.3500  0.000e+00
     16.641    12.3305   3.823075    32.9791       1286     5.3542  0.000e+00
     16.635    12.3303   3.823121    32.9797       1287     5.3583  0.000e+00
     16.629    12.3303   3.823134    32.9798       1288     5.3625  0.000e+00
     16.611    12.3304   3.823186    32.9802       1289     5.3667  0.000e+00
     16.584    12.3307   3.823232    32.9804       1290     5.3708  0.000e+00
     16.557    12.3311   3.823167    32.9794       1291     5.3750  0.000e+00
     16.515    12.3312   3.823062    32.9784       1292     5.3792  0.000e+00
     16.469    12.3306   3.823140    32.9796       1293     5.3833  0.000e+00
     16.418    12.3304   3.823140    32.9799       1294     5.3875  0.000e+00
     16.361    12.3304   3.823108    32.9796       1295     5.3917  0.000e+00
     16.309    12.3304   3.823094    32.9795       1296     5.3958  0.000e+00
     16.249    12.3305   3.823029    32.9787       1297     5.4000  0.000e+00
     16.192    12.3300   3.823036    32.9793       1298     5.4042  0.000e+00
     16.131    12.3298   3.823029    32.9795       1299     5.4083  0.000e+00
     16.080    12.3296   3.823055    32.9799       1300     5.4125  0.000e+00
     16.032    12.3297   3.822990    32.9792       1301     5.4167  0.000e+00
     15.989    12.3296   3.823009    32.9795       1302     5.4208  0.000e+00
     15.956    12.3294   3.822983    32.9794       1303     5.4250  0.000e+00
     15.917    12.3294   3.823009    32.9797       1304     5.4292  0.000e+00
     15.896    12.3291   3.822963    32.9795       1305     5.4333  0.000e+00
     15.872    12.3291   3.822963    32.9795       1306     5.4375  0.000e+00
     15.860    12.3289   3.822990    32.9799       1307     5.4417  0.000e+00
     15.842    12.3289   3.822983    32.9799       1308     5.4458  0.000e+00
     15.829    12.3293   3.823009    32.9798       1309     5.4500  0.000e+00
     15.808    12.3295   3.823009    32.9797       1310     5.4542  0.000e+00
     15.793    12.3294   3.823009    32.9797       1311     5.4583  0.000e+00
     15.763    12.3295   3.822983    32.9794       1312     5.4625  0.000e+00
     15.742    12.3293   3.823009    32.9798       1313     5.4667  0.000e+00
     15.706    12.3294   3.823009    32.9798       1314     5.4708  0.000e+00
     15.667    12.3294   3.822983    32.9795       1315     5.4750  0.000e+00
     15.633    12.3294   3.822983    32.9795       1316     5.4792  0.000e+00
     15.588    12.3293   3.822990    32.9797       1317     5.4833  0.000e+00
     15.549    12.3293   3.822983    32.9797       1318     5.4875  0.000e+00
     15.501    12.3293   3.822963    32.9795       1319     5.4917  0.000e+00
     15.464    12.3293   3.822937    32.9792       1320     5.4958  0.000e+00
     15.434    12.3293   3.822983    32.9797       1321     5.5000  0.000e+00
     15.401    12.3292   3.822937    32.9794       1322     5.5042  0.000e+00
     15.368    12.3293   3.822963    32.9796       1323     5.5083  0.000e+00
     15.347    12.3292   3.822963    32.9797       1324     5.5125  0.000e+00
     15.319    12.3292   3.823009    32.9801       1325     5.5167  0.000e+00
     15.301    12.3293   3.822963    32.9796       1326     5.5208  0.000e+00
     15.274    12.3293   3.822989    32.9798       1327     5.5250  0.000e+00
     15.250    12.3292   3.822937    32.9794       1328     5.5292  0.000e+00
     15.208    12.3292   3.822983    32.9799       1329     5.5333  0.000e+00
     15.184    12.3295   3.823297    32.9826       1330     5.5375  0.000e+00
     15.145    12.3309   3.823029    32.9789       1331     5.5417  0.000e+00
     15.099    12.3308   3.823323    32.9818       1332     5.5458  0.000e+00
     15.057    12.3322   3.824377    32.9907       1333     5.5500  0.000e+00
     15.009    12.3374   3.824606    32.9884       1334     5.5542  0.000e+00
     14.967    12.3426   3.824782    32.9855       1335     5.5583  0.000e+00
     14.927    12.3458   3.824638    32.9813       1336     5.5625  0.000e+00
     14.900    12.3473   3.824625    32.9799       1337     5.5667  0.000e+00
     14.870    12.3477   3.824468    32.9781       1338     5.5708  0.000e+00
     14.855    12.3469   3.823971    32.9740       1339     5.5750  0.000e+00
     14.831    12.3442   3.823598    32.9728       1340     5.5792  0.000e+00
     14.822    12.3407   3.823486    32.9748       1341     5.5833  0.000e+00
     14.819    12.3381   3.823689    32.9790       1342     5.5875  0.000e+00
     14.819    12.3375   3.823827    32.9809       1343     5.5917  0.000e+00
     14.816    12.3380   3.823853    32.9806       1344     5.5958  0.000e+00
     14.813    12.3386   3.823689    32.9786       1345     5.6000  0.000e+00
     14.813    12.3382   3.823611    32.9782       1346     5.6042  0.000e+00
     14.801    12.3375   3.823624    32.9789       1347     5.6083  0.000e+00
     14.785    12.3368   3.823257    32.9761       1348     5.6125  0.000e+00
     14.758    12.3350   3.823395    32.9789       1349     5.6167  0.000e+00
     14.731    12.3344   3.823323    32.9788       1350     5.6208  0.000e+00
     14.698    12.3338   3.823303    32.9791       1351     5.6250  0.000e+00
     14.656    12.3332   3.823441    32.9810       1352     5.6292  0.000e+00
     14.598    12.3339   3.823715    32.9831       1353     5.6333  0.000e+00
     14.541    12.3357   3.823984    32.9841       1354     5.6375  0.000e+00
     14.478    12.3379   3.824016    32.9825       1355     5.6417  0.000e+00
     14.414    12.3395   3.823964    32.9806       1356     5.6458  0.000e+00
     14.354    12.3401   3.823964    32.9801       1357     5.6500  0.000e+00
     14.296    12.3402   3.823735    32.9778       1358     5.6542  0.000e+00
     14.248    12.3396   3.823558    32.9767       1359     5.6583  0.000e+00
     14.200    12.3380   3.823552    32.9780       1360     5.6625  0.000e+00
     14.164    12.3370   3.823552    32.9789       1361     5.6667  0.000e+00
     14.146    12.3365   3.823512    32.9790       1362     5.6708  0.000e+00
     14.124    12.3361   3.823460    32.9789       1363     5.6750  0.000e+00
     14.109    12.3358   3.823506    32.9796       1364     5.6792  0.000e+00
     14.094    12.3357   3.823656    32.9811       1365     5.6833  0.000e+00
     14.088    12.3363   3.823643    32.9804       1366     5.6875  0.000e+00
     14.067    12.3367   3.823624    32.9799       1367     5.6917  0.000e+00
     14.052    12.3368   3.823611    32.9798       1368     5.6958  0.000e+00
     14.034    12.3368   3.823624    32.9798       1369     5.7000  0.000e+00
     14.013    12.3370   3.823761    32.9810       1370     5.7042  0.000e+00
     13.986    12.3375   3.823774    32.9807       1371     5.7083  0.000e+00
     13.971    12.3382   3.823807    32.9804       1372     5.7125  0.000e+00
     13.952    12.3385   3.823964    32.9817       1373     5.7167  0.000e+00
     13.928    12.3397   3.823964    32.9806       1374     5.7208  0.000e+00
     13.910    12.3403   3.823944    32.9799       1375     5.7250  0.000e+00
     13.892    12.3407   3.824010    32.9802       1376     5.7292  0.000e+00
     13.868    12.3408   3.823964    32.9797       1377     5.7333  0.000e+00
     13.853    12.3409   3.823970    32.9797       1378     5.7375  0.000e+00
     13.817    12.3407   3.823964    32.9798       1379     5.7417  0.000e+00
     13.799    12.3407   3.823826    32.9785       1380     5.7458  0.000e+00
     13.768    12.3403   3.823846    32.9790       1381     5.7500  0.000e+00
     13.729    12.3399   3.823872    32.9796       1382     5.7542  0.000e+00
     13.690    12.3401   3.823983    32.9806       1383     5.7583  0.000e+00
     13.645    12.3405   3.823800    32.9784       1384     5.7625  0.000e+00
     13.587    12.3400   3.823872    32.9796       1385     5.7667  0.000e+00
     13.536    12.3399   3.823918    32.9801       1386     5.7708  0.000e+00
     13.481    12.3401   3.823826    32.9791       1387     5.7750  0.000e+00
     13.427    12.3400   3.823852    32.9795       1388     5.7792  0.000e+00
     13.370    12.3399   3.824029    32.9813       1389     5.7833  0.000e+00
     13.313    12.3404   3.823964    32.9803       1390     5.7875  0.000e+00
     13.264    12.3408   3.823970    32.9800       1391     5.7917  0.000e+00
     13.222    12.3412   3.823918    32.9791       1392     5.7958  0.000e+00
     13.183    12.3409   3.823780    32.9781       1393     5.8000  0.000e+00
     13.150    12.3404   3.823872    32.9795       1394     5.8042  0.000e+00
     13.113    12.3402   3.823983    32.9807       1395     5.8083  0.000e+00
     13.080    12.3407   3.824055    32.9810       1396     5.8125  0.000e+00
     13.053    12.3415   3.824042    32.9801       1397     5.8167  0.000e+00
     13.017    12.3419   3.824055    32.9799       1398     5.8208  0.000e+00
     12.999    12.3422   3.824120    32.9803       1399     5.8250  0.000e+00
     12.963    12.3428   3.824042    32.9791       1400     5.8292  0.000e+00
     12.936    12.3426   3.824009    32.9789       1401     5.8333  0.000e+00
     12.917    12.3420   3.824009    32.9794       1402     5.8375  0.000e+00
     12.890    12.3419   3.824062    32.9800       1403     5.8417  0.000e+00
     12.869    12.3421   3.824055    32.9798       1404     5.8458  0.000e+00
     12.848    12.3423   3.824075    32.9799       1405     5.8500  0.000e+00
     12.830    12.3424   3.824101    32.9801       1406     5.8542  0.000e+00
     12.809    12.3426   3.824160    32.9804       1407     5.8583  0.000e+00
     12.773    12.3431   3.824166    32.9801       1408     5.8625  0.000e+00
     12.748    12.3429   3.823688    32.9756       1409     5.8667  0.000e+00
     12.709    12.3412   3.823610    32.9764       1410     5.8708  0.000e+00
     12.670    12.3393   3.823139    32.9736       1411     5.8750  0.000e+00
     12.628    12.3360   3.822478    32.9702       1412     5.8792  0.000e+00
     12.576    12.3310   3.822413    32.9739       1413     5.8833  0.000e+00
     12.507    12.3274   3.822550    32.9784       1414     5.8875  0.000e+00
     12.437    12.3262   3.822962    32.9835       1415     5.8917  0.000e+00
     12.350    12.3277   3.823224    32.9847       1416     5.8958  0.000e+00
     12.277    12.3304   3.822871    32.9790       1417     5.9000  0.000e+00
     12.193    12.3307   3.823394    32.9838       1418     5.9042  0.000e+00
     12.127    12.3320   3.823629    32.9849       1419     5.9083  0.000e+00
     12.057    12.3350   3.823643    32.9825       1420     5.9125  0.000e+00
     12.003    12.3368   3.823760    32.9820       1421     5.9167  0.000e+00
     11.951    12.3380   3.823852    32.9819       1422     5.9208  0.000e+00
     11.906    12.3392   3.823826    32.9805       1423     5.9250  0.000e+00
     11.867    12.3395   3.823276    32.9750       1424     5.9292  0.000e+00
     11.834    12.3376   3.823093    32.9750       1425     5.9333  0.000e+00
     11.828    12.3353   3.823296    32.9789       1426     5.9375  0.000e+00
     11.792    12.3344   3.823368    32.9804       1427     5.9417  0.000e+00
     11.792    12.3349   3.823322    32.9796       1428     5.9458  0.000e+00
     11.795    12.3351   3.823368    32.9799       1429     5.9500  0.000e+00
     11.789    12.3352   3.823256    32.9787       1430     5.9542  0.000e+00
     11.779    12.3348   3.823165    32.9782       1431     5.9583  0.000e+00
     11.776    12.3339   3.823152    32.9788       1432     5.9625  0.000e+00
     11.764    12.3335   3.823184    32.9795       1433     5.9667  0.000e+00
     11.752    12.3334   3.823230    32.9800       1434     5.9708  0.000e+00
     11.728    12.3334   3.823060    32.9784       1435     5.9750  0.000e+00
     11.698    12.3328   3.823093    32.9792       1436     5.9792  0.000e+00
     11.662    12.3325   3.822936    32.9780       1437     5.9833  0.000e+00
     11.610    12.3317   3.822798    32.9774       1438     5.9875  0.000e+00
     11.550    12.3305   3.822844    32.9789       1439     5.9917  0.000e+00
     11.484    12.3300   3.822962    32.9806       1440     5.9958  0.000e+00
     11.411    12.3303   3.822981    32.9805       1441     6.0000  0.000e+00
     11.321    12.3307   3.822962    32.9800       1442     6.0042  0.000e+00
     11.227    12.3308   3.822981    32.9801       1443     6.0083  0.000e+00
     11.130    12.3310   3.823073    32.9809       1444     6.0125  0.000e+00
     11.040    12.3316   3.823151    32.9811       1445     6.0167  0.000e+00
