HB2302/sbe023.cnv
* Sea-Bird SBE 19plus V2 Data File:
* FileName = C:\cruise\data\sbe022.hex
* Software Version Seasave V 7.26.7.121
* Temperature SN = 4758
* Conductivity SN = 4758
* System UpLoad Time = Jun 11 2023 01:20:08
* NMEA Latitude = 38 39.71 N
* NMEA Longitude = 073 58.16 W
* NMEA UTC (Time) = Jun 11 2023 01:20:09
** Cruise: HB2302
** Program: Ecomon
** Chief Scientist: Jerry Prezioso
# nquan = 7
# nvalues = 1276                                  
# units = specified
# name 0 = depSM: Depth [salt water, m]
# name 1 = tv290C: Temperature [ITS-90, deg C]
# name 2 = c0S/m: Conductivity [S/m]
# name 3 = sal00: Salinity, Practical [PSU]
# name 4 = scan: Scan Count
# name 5 = timeM: Time, Elapsed [minutes]
# name 6 = flag:  0.000e+00
# span 0 =     -0.097,     45.175                 
# span 1 =     8.3765,    16.6725                 
# span 2 =   0.000053,   4.189160                 
# span 3 =     0.0082,    33.1500                 
# span 4 =         11,       1286                 
# span 5 =     0.0417,     5.3542                 
# span 6 = 0.0000e+00, 0.0000e+00                 
# interval = seconds: 0.25
# start_time = Jun 11 2023 01:20:09 [NMEA time, header]
# bad_flag = -9.990e-29
*END*
     -0.091    15.9670   0.000062     0.0082         11     0.0417  0.000e+00
     -0.091    15.9661   0.000062     0.0082         12     0.0458  0.000e+00
     -0.097    15.9654   0.000059     0.0082         13     0.0500  0.000e+00
     -0.091    15.9660   0.000062     0.0082         14     0.0542  0.000e+00
     -0.088    15.9676   0.000065     0.0082         15     0.0583  0.000e+00
     -0.088    15.9680   0.000062     0.0082         16     0.0625  0.000e+00
     -0.091    15.9673   0.000059     0.0082         17     0.0667  0.000e+00
     -0.088    15.9660   0.000062     0.0082         18     0.0708  0.000e+00
     -0.085    15.9663   0.000056     0.0082         19     0.0750  0.000e+00
     -0.091    15.9672   0.000059     0.0082         20     0.0792  0.000e+00
     -0.088    15.9675   0.000062     0.0082         21     0.0833  0.000e+00
     -0.089    15.9672   0.000059     0.0082         22     0.0875  0.000e+00
     -0.085    15.9670   0.000056     0.0082         23     0.0917  0.000e+00
     -0.089    15.9678   0.000065     0.0082         24     0.0958  0.000e+00
     -0.089    15.9679   0.000056     0.0082         25     0.1000  0.000e+00
     -0.085    15.9675   0.000056     0.0082         26     0.1042  0.000e+00
     -0.085    15.9694   0.000065     0.0082         27     0.1083  0.000e+00
     -0.085    15.9707   0.000062     0.0082         28     0.1125  0.000e+00
     -0.085    15.9700   0.000065     0.0082         29     0.1167  0.000e+00
     -0.085    15.9684   0.000056     0.0082         30     0.1208  0.000e+00
     -0.082    15.9683   0.000056     0.0082         31     0.1250  0.000e+00
     -0.085    15.9701   0.000053     0.0082         32     0.1292  0.000e+00
     -0.085    15.9723   0.000062     0.0082         33     0.1333  0.000e+00
     -0.088    15.9734   0.000059     0.0082         34     0.1375  0.000e+00
     -0.088    15.9730   0.000068     0.0082         35     0.1417  0.000e+00
     -0.085    15.9730   0.000059     0.0082         36     0.1458  0.000e+00
     -0.085    15.9750   0.000062     0.0082         37     0.1500  0.000e+00
     -0.094    15.9762   0.000062     0.0082         38     0.1542  0.000e+00
     -0.085    15.9754   0.000065     0.0082         39     0.1583  0.000e+00
     -0.082    15.9737   0.000062     0.0082         40     0.1625  0.000e+00
     -0.085    15.9756   0.000071     0.0082         41     0.1667  0.000e+00
     -0.088    15.9788   0.000062     0.0082         42     0.1708  0.000e+00
     -0.088    15.9793   0.000059     0.0082         43     0.1750  0.000e+00
     -0.085    15.9790   0.000062     0.0082         44     0.1792  0.000e+00
     -0.085    15.9810   0.000062     0.0082         45     0.1833  0.000e+00
     -0.064    15.9817   0.000059     0.0082         46     0.1875  0.000e+00
      0.045    15.9837   0.286697     1.8296         47     0.1917  0.000e+00
      0.202    15.9914   3.850131    30.2355         48     0.1958  0.000e+00
      0.486    16.0525   3.866279    30.3298         49     0.2000  0.000e+00
      0.818    16.1667   4.120444    32.4661         50     0.2042  0.000e+00
      1.093    16.2498   4.163098    32.7728         51     0.2083  0.000e+00
      1.307    16.2591   4.153760    32.6831         52     0.2125  0.000e+00
      1.470    16.2368   4.081819    32.0700         53     0.2167  0.000e+00
      1.630    16.2172   4.081866    32.0861         54     0.2208  0.000e+00
      1.775    16.2035   4.117375    32.4088         55     0.2250  0.000e+00
      1.929    16.1925   4.065142    31.9592         56     0.2292  0.000e+00
      2.077    16.1832   3.842507    30.0230         57     0.2333  0.000e+00
      2.246    16.1767   3.922350    30.7230         58     0.2375  0.000e+00
      2.400    16.1726   4.156165    32.7750         59     0.2417  0.000e+00
      2.570    16.1764   4.128165    32.5254         60     0.2458  0.000e+00
      2.754    16.2036   4.171353    32.8829         61     0.2500  0.000e+00
      2.914    16.2489   4.176079    32.8870         62     0.2542  0.000e+00
      3.056    16.3218   4.178737    32.8501         63     0.2583  0.000e+00
      3.204    16.3998   4.180392    32.8003         64     0.2625  0.000e+00
      3.337    16.4586   4.181402    32.7609         65     0.2667  0.000e+00
      3.482    16.5060   4.183465    32.7400         66     0.2708  0.000e+00
      3.645    16.5437   4.184843    32.7210         67     0.2750  0.000e+00
      3.826    16.5752   4.186390    32.7088         68     0.2792  0.000e+00
      4.010    16.5980   4.187925    32.7035         69     0.2833  0.000e+00
      4.195    16.6151   4.188753    32.6966         70     0.2875  0.000e+00
      4.376    16.6320   4.189092    32.6857         71     0.2917  0.000e+00
      4.551    16.6477   4.189160    32.6734         72     0.2958  0.000e+00
      4.729    16.6570   4.188922    32.6637         73     0.3000  0.000e+00
      4.898    16.6613   4.188522    32.6567         74     0.3042  0.000e+00
      5.080    16.6665   4.188359    32.6509         75     0.3083  0.000e+00
      5.243    16.6725   4.187938    32.6423         76     0.3125  0.000e+00
      5.424    16.6724   4.187462    32.6381         77     0.3167  0.000e+00
      5.602    16.6707   4.187381    32.6388         78     0.3208  0.000e+00
      5.786    16.6696   4.186858    32.6351         79     0.3250  0.000e+00
      5.983    16.6669   4.186030    32.6300         80     0.3292  0.000e+00
      6.167    16.6617   4.185494    32.6295         81     0.3333  0.000e+00
      6.351    16.6542   4.184550    32.6273         82     0.3375  0.000e+00
      6.532    16.6476   4.183234    32.6211         83     0.3417  0.000e+00
      6.708    16.6393   4.182127    32.6182         84     0.3458  0.000e+00
      6.874    16.6312   4.181483    32.6192         85     0.3500  0.000e+00
      7.043    16.6231   4.179943    32.6122         86     0.3542  0.000e+00
      7.206    16.6151   4.178871    32.6093         87     0.3583  0.000e+00
      7.378    16.6040   4.177765    32.6087         88     0.3625  0.000e+00
      7.538    16.5923   4.176836    32.6101         89     0.3667  0.000e+00
      7.686    16.5819   4.175995    32.6112         90     0.3708  0.000e+00
      7.849    16.5697   4.175012    32.6125         91     0.3750  0.000e+00
      7.991    16.5556   4.173968    32.6148         92     0.3792  0.000e+00
      8.136    16.5412   4.172985    32.6179         93     0.3833  0.000e+00
      8.275    16.5281   4.172809    32.6270         94     0.3875  0.000e+00
      8.426    16.5143   4.171331    32.6254         95     0.3917  0.000e+00
      8.568    16.5053   4.169874    32.6200         96     0.3958  0.000e+00
      8.716    16.4953   4.169203    32.6222         97     0.4000  0.000e+00
      8.855    16.4819   4.168200    32.6243         98     0.4042  0.000e+00
      9.009    16.4709   4.166309    32.6167         99     0.4083  0.000e+00
      9.166    16.4598   4.166127    32.6241        100     0.4125  0.000e+00
      9.332    16.4460   4.165537    32.6302        101     0.4167  0.000e+00
      9.486    16.4342   4.165368    32.6383        102     0.4208  0.000e+00
      9.649    16.4248   4.164718    32.6402        103     0.4250  0.000e+00
      9.818    16.4176   4.164284    32.6423        104     0.4292  0.000e+00
      9.984    16.4112   4.163438    32.6400        105     0.4333  0.000e+00
     10.151    16.4055   4.162842    32.6394        106     0.4375  0.000e+00
     10.317    16.3970   4.162524    32.6435        107     0.4417  0.000e+00
     10.486    16.3874   4.160952    32.6376        108     0.4458  0.000e+00
     10.658    16.3804   4.159436    32.6299        109     0.4500  0.000e+00
     10.824    16.3722   4.159287    32.6353        110     0.4542  0.000e+00
     10.981    16.3614   4.159009    32.6416        111     0.4583  0.000e+00
     11.141    16.3532   4.158549    32.6442        112     0.4625  0.000e+00
     11.289    16.3454   4.158400    32.6493        113     0.4667  0.000e+00
     11.443    16.3364   4.157778    32.6511        114     0.4708  0.000e+00
     11.594    16.3301   4.156965    32.6491        115     0.4750  0.000e+00
     11.745    16.3244   4.156431    32.6490        116     0.4792  0.000e+00
     11.893    16.3165   4.155179    32.6445        117     0.4833  0.000e+00
     12.050    16.3099   4.154238    32.6416        118     0.4875  0.000e+00
     12.213    16.3018   4.153311    32.6400        119     0.4917  0.000e+00
     12.373    16.2919   4.151849    32.6353        120     0.4958  0.000e+00
     12.546    16.2797   4.151498    32.6421        121     0.5000  0.000e+00
     12.715    16.2660   4.150314    32.6429        122     0.5042  0.000e+00
     12.884    16.2545   4.149293    32.6433        123     0.5083  0.000e+00
     13.047    16.2433   4.148177    32.6426        124     0.5125  0.000e+00
     13.219    16.2300   4.147419    32.6468        125     0.5167  0.000e+00
     13.385    16.2144   4.146094    32.6479        126     0.5208  0.000e+00
     13.542    16.1976   4.145378    32.6553        127     0.5250  0.000e+00
     13.699    16.1823   4.143931    32.6550        128     0.5292  0.000e+00
     13.859    16.1686   4.142924    32.6574        129     0.5333  0.000e+00
     14.013    16.1527   4.140896    32.6525        130     0.5375  0.000e+00
     14.161    16.1347   4.139335    32.6535        131     0.5417  0.000e+00
     14.315    16.1128   4.138768    32.6665        132     0.5458  0.000e+00
     14.460    16.0890   4.137234    32.6725        133     0.5500  0.000e+00
     14.608    16.0664   4.134627    32.6680        134     0.5542  0.000e+00
     14.762    16.0452   4.130899    32.6526        135     0.5583  0.000e+00
     14.913    16.0204   4.125917    32.6289        136     0.5625  0.000e+00
     15.073    15.9889   4.122760    32.6269        137     0.5667  0.000e+00
     15.225    15.9473   4.119306    32.6306        138     0.5708  0.000e+00
     15.397    15.8987   4.117088    32.6509        139     0.5750  0.000e+00
     15.554    15.8510   4.112767    32.6519        140     0.5792  0.000e+00
     15.720    15.8144   4.109021    32.6489        141     0.5833  0.000e+00
     15.883    15.7669   4.106064    32.6618        142     0.5875  0.000e+00
     16.040    15.7175   4.101694    32.6638        143     0.5917  0.000e+00
     16.200    15.6763   4.099265    32.6763        144     0.5958  0.000e+00
     16.342    15.6373   4.096492    32.6838        145     0.6000  0.000e+00
     16.484    15.6016   4.092940    32.6818        146     0.6042  0.000e+00
     16.617    15.5653   4.087803    32.6660        147     0.6083  0.000e+00
     16.744    15.5225   4.083683    32.6646        148     0.6125  0.000e+00
     16.858    15.4708   4.078872    32.6646        149     0.6167  0.000e+00
     16.994    15.4157   4.070366    32.6342        150     0.6208  0.000e+00
     17.112    15.3626   4.063704    32.6187        151     0.6250  0.000e+00
     17.254    15.2974   4.057402    32.6163        152     0.6292  0.000e+00
     17.390    15.2272   4.050139    32.6094        153     0.6333  0.000e+00
     17.547    15.1490   4.043679    32.6164        154     0.6375  0.000e+00
     17.707    15.0698   4.037992    32.6312        155     0.6417  0.000e+00
     17.876    14.9958   4.032863    32.6466        156     0.6458  0.000e+00
     18.045    14.9329   4.028098    32.6561        157     0.6500  0.000e+00
     18.217    14.8741   4.024824    32.6756        158     0.6542  0.000e+00
     18.392    14.8172   4.021285    32.6913        159     0.6583  0.000e+00
     18.568    14.7689   4.016318    32.6867        160     0.6625  0.000e+00
     18.725    14.7270   4.014776    32.7078        161     0.6667  0.000e+00
     18.903    14.6755   4.011107    32.7177        162     0.6708  0.000e+00
     19.066    14.6329   4.005358    32.7012        163     0.6750  0.000e+00
     19.238    14.5863   4.000592    32.6969        164     0.6792  0.000e+00
     19.392    14.5409   3.997248    32.7047        165     0.6833  0.000e+00
     19.555    14.5005   3.995443    32.7221        166     0.6875  0.000e+00
     19.718    14.4528   3.991548    32.7268        167     0.6917  0.000e+00
     19.887    14.4102   3.982557    32.6805        168     0.6958  0.000e+00
     20.051    14.3763   3.978108    32.6683        169     0.7000  0.000e+00
     20.211    14.3273   3.973947    32.6716        170     0.7042  0.000e+00
     20.362    14.2779   3.973449    32.7087        171     0.7083  0.000e+00
     20.522    14.2181   3.968367    32.7126        172     0.7125  0.000e+00
     20.673    14.1678   3.964171    32.7166        173     0.7167  0.000e+00
     20.815    14.1193   3.958941    32.7095        174     0.7208  0.000e+00
     20.954    14.0687   3.953760    32.7047        175     0.7250  0.000e+00
     21.096    14.0284   3.948635    32.6916        176     0.7292  0.000e+00
     21.228    13.9932   3.943949    32.6782        177     0.7333  0.000e+00
     21.376    13.9483   3.939690    32.6769        178     0.7375  0.000e+00
     21.518    13.8853   3.934943    32.6865        179     0.7417  0.000e+00
     21.654    13.8233   3.931522    32.7076        180     0.7458  0.000e+00
     21.802    13.7709   3.927897    32.7187        181     0.7500  0.000e+00
     21.953    13.7301   3.922455    32.7028        182     0.7542  0.000e+00
     22.095    13.6879   3.919706    32.7133        183     0.7583  0.000e+00
     22.237    13.6398   3.915550    32.7157        184     0.7625  0.000e+00
     22.376    13.5952   3.912155    32.7221        185     0.7667  0.000e+00
     22.518    13.5511   3.909574    32.7358        186     0.7708  0.000e+00
     22.654    13.5082   3.904624    32.7262        187     0.7750  0.000e+00
     22.790    13.4738   3.900573    32.7179        188     0.7792  0.000e+00
     22.926    13.4310   3.894178    32.6947        189     0.7833  0.000e+00
     23.065    13.3877   3.888241    32.6762        190     0.7875  0.000e+00
     23.200    13.3387   3.883051    32.6696        191     0.7917  0.000e+00
     23.342    13.2860   3.874976    32.6389        192     0.7958  0.000e+00
     23.475    13.2179   3.870090    32.6514        193     0.8000  0.000e+00
     23.617    13.1468   3.865818    32.6724        194     0.8042  0.000e+00
     23.747    13.0836   3.860365    32.6754        195     0.8083  0.000e+00
     23.886    13.0357   3.855986    32.6752        196     0.8125  0.000e+00
     24.025    12.9790   3.852284    32.6891        197     0.8167  0.000e+00
     24.152    12.9259   3.842005    32.6377        198     0.8208  0.000e+00
     24.273    12.8684   3.838820    32.6572        199     0.8250  0.000e+00
     24.387    12.7832   3.832643    32.6722        200     0.8292  0.000e+00
     24.508    12.7122   3.827661    32.6862        201     0.8333  0.000e+00
     24.632    12.6501   3.822302    32.6890        202     0.8375  0.000e+00
     24.759    12.5855   3.819065    32.7143        203     0.8417  0.000e+00
     24.886    12.5178   3.813567    32.7205        204     0.8458  0.000e+00
     25.010    12.4632   3.810829    32.7419        205     0.8500  0.000e+00
     25.154    12.4134   3.804976    32.7293        206     0.8542  0.000e+00
     25.296    12.3728   3.799963    32.7165        207     0.8583  0.000e+00
     25.444    12.3289   3.796642    32.7229        208     0.8625  0.000e+00
     25.601    12.2771   3.791939    32.7230        209     0.8667  0.000e+00
     25.765    12.2309   3.789331    32.7382        210     0.8708  0.000e+00
     25.922    12.1863   3.784606    32.7317        211     0.8750  0.000e+00
     26.091    12.1458   3.780391    32.7265        212     0.8792  0.000e+00
     26.251    12.1077   3.774304    32.7010        213     0.8833  0.000e+00
     26.417    12.0550   3.769886    32.7045        214     0.8875  0.000e+00
     26.577    11.9944   3.766152    32.7215        215     0.8917  0.000e+00
