HB2302/sbe070.cnv
* Sea-Bird SBE 19plus V2 Data File:
* FileName = C:\cruise\data\sbe070.hex
* Software Version Seasave V 7.26.7.121
* Temperature SN = 4758
* Conductivity SN = 4758
* System UpLoad Time = Jun 15 2023 08:07:58
* NMEA Latitude = 40 30.04 N
* NMEA Longitude = 069 51.11 W
* NMEA UTC (Time) = Jun 15 2023 08:07:59
** Cruise: HB2302
** Program: Ecomon
** Chief Scientist: Jerry Prezioso
# nquan = 7
# nvalues = 1801                                  
# units = specified
# name 0 = depSM: Depth [salt water, m]
# name 1 = tv290C: Temperature [ITS-90, deg C]
# name 2 = c0S/m: Conductivity [S/m]
# name 3 = sal00: Salinity, Practical [PSU]
# name 4 = scan: Scan Count
# name 5 = timeM: Time, Elapsed [minutes]
# name 6 = flag:  0.000e+00
# span 0 =     -0.224,     68.046                 
# span 1 =     8.9739,    15.4676                 
# span 2 =   0.000092,   4.014327                 
# span 3 =     0.0079,    32.9835                 
# span 4 =         11,       1811                 
# span 5 =     0.0417,     7.5417                 
# span 6 = 0.0000e+00, 0.0000e+00                 
# interval = seconds: 0.25
# start_time = Jun 15 2023 08:07:59 [NMEA time, header]
# bad_flag = -9.990e-29
*END*
[from data line 1231]
     24.213    10.5092   3.626925    32.6698       1242     5.1708  0.000e+00
     24.156    10.5029   3.626471    32.6709       1243     5.1750  0.000e+00
     24.104    10.4994   3.627015    32.6795       1244     5.1792  0.000e+00
     24.044    10.4996   3.626765    32.6768       1245     5.1833  0.000e+00
     23.981    10.4988   3.625414    32.6640       1246     5.1875  0.000e+00
     23.914    10.4937   3.623595    32.6504       1247     5.1917  0.000e+00
     23.848    10.4832   3.620425    32.6281       1248     5.1958  0.000e+00
     23.779    10.4674   3.619907    32.6371       1249     5.2000  0.000e+00
     23.703    10.4547   3.619504    32.6445       1250     5.2042  0.000e+00
     23.634    10.4463   3.617910    32.6360       1251     5.2083  0.000e+00
     23.562    10.4368   3.618006    32.6455       1252     5.2125  0.000e+00
     23.486    10.4307   3.614615    32.6171       1253     5.2167  0.000e+00
     23.414    10.4171   3.613393    32.6170       1254     5.2208  0.000e+00
     23.338    10.4029   3.613342    32.6292       1255     5.2250  0.000e+00
     23.257    10.3948   3.613790    32.6411       1256     5.2292  0.000e+00
     23.178    10.3924   3.613585    32.6412       1257     5.2333  0.000e+00
     23.100    10.3920   3.614237    32.6481       1258     5.2375  0.000e+00
     23.024    10.3928   3.613540    32.6405       1259     5.2417  0.000e+00
     22.943    10.3918   3.612894    32.6349       1260     5.2458  0.000e+00
     22.877    10.3890   3.612804    32.6366       1261     5.2500  0.000e+00
     22.804    10.3866   3.612600    32.6367       1262     5.2542  0.000e+00
     22.735    10.3843   3.611615    32.6289       1263     5.2583  0.000e+00
     22.675    10.3806   3.612734    32.6435       1264     5.2625  0.000e+00
     22.614    10.3812   3.612984    32.6455       1265     5.2667  0.000e+00
     22.569    10.3830   3.612421    32.6382       1266     5.2708  0.000e+00
     22.521    10.3821   3.610630    32.6210       1267     5.2750  0.000e+00
     22.484    10.3758   3.610879    32.6292       1268     5.2792  0.000e+00
     22.442    10.3713   3.610943    32.6340       1269     5.2833  0.000e+00
     22.427    10.3695   3.609703    32.6231       1270     5.2875  0.000e+00
     22.406    10.3648   3.609063    32.6209       1271     5.2917  0.000e+00
     22.385    10.3596   3.611954    32.6547       1272     5.2958  0.000e+00
     22.376    10.3638   3.609671    32.6279       1273     5.3000  0.000e+00
     22.343    10.3637   3.609716    32.6285       1274     5.3042  0.000e+00
     22.313    10.3606   3.612773    32.6620       1275     5.3083  0.000e+00
     22.270    10.3720   3.620810    32.7326       1276     5.3125  0.000e+00
     22.222    10.4059   3.612177    32.6153       1277     5.3167  0.000e+00
     22.165    10.4048   3.615088    32.6456       1278     5.3208  0.000e+00
     22.098    10.4011   3.611480    32.6128       1279     5.3250  0.000e+00
     22.029    10.3908   3.611192    32.6192       1280     5.3292  0.000e+00
     21.957    10.3850   3.622135    32.7343       1281     5.3333  0.000e+00
     21.878    10.4149   3.620201    32.6880       1282     5.3375  0.000e+00
     21.800    10.4375   3.621821    32.6840       1283     5.3417  0.000e+00
     21.727    10.4524   3.623934    32.6918       1284     5.3458  0.000e+00
     21.652    10.4672   3.621744    32.6566       1285     5.3500  0.000e+00
     21.586    10.4695   3.616635    32.6034       1286     5.3542  0.000e+00
     21.516    10.4521   3.614838    32.6010       1287     5.3583  0.000e+00
     21.450    10.4297   3.613475    32.6074       1288     5.3625  0.000e+00
     21.383    10.4105   3.614864    32.6386       1289     5.3667  0.000e+00
     21.308    10.4073   3.620611    32.6992       1290     5.3708  0.000e+00
     21.242    10.4266   3.620675    32.6825       1291     5.3750  0.000e+00
     21.169    10.4424   3.621526    32.6769       1292     5.3792  0.000e+00
     21.100    10.4530   3.621231    32.6644       1293     5.3833  0.000e+00
     21.030    10.4570   3.620918    32.6577       1294     5.3875  0.000e+00
     20.964    10.4591   3.621635    32.6631       1295     5.3917  0.000e+00
     20.886    10.4608   3.619144    32.6366       1296     5.3958  0.000e+00
     20.822    10.4554   3.619279    32.6428       1297     5.4000  0.000e+00
     20.759    10.4506   3.618811    32.6425       1298     5.4042  0.000e+00
     20.699    10.4477   3.622877    32.6859       1299     5.4083  0.000e+00
     20.632    10.4562   3.622922    32.6787       1300     5.4125  0.000e+00
     20.566    10.4665   3.620808    32.6483       1301     5.4167  0.000e+00
     20.511    10.4639   3.619323    32.6358       1302     5.4208  0.000e+00
     20.451    10.4575   3.620719    32.6556       1303     5.4250  0.000e+00
     20.394    10.4558   3.619989    32.6498       1304     5.4292  0.000e+00
     20.330    10.4537   3.618920    32.6410       1305     5.4333  0.000e+00
     20.285    10.4472   3.617845    32.6360       1306     5.4375  0.000e+00
     20.240    10.4395   3.619035    32.6549       1307     5.4417  0.000e+00
     20.198    10.4398   3.618338    32.6477       1308     5.4458  0.000e+00
     20.152    10.4387   3.617640    32.6417       1309     5.4500  0.000e+00
     20.119    10.4347   3.618517    32.6541       1310     5.4542  0.000e+00
     20.080    10.4364   3.624740    32.7150       1311     5.4583  0.000e+00
     20.047    10.4606   3.626764    32.7135       1312     5.4625  0.000e+00
     20.020    10.4852   3.626181    32.6857       1313     5.4667  0.000e+00
     19.980    10.4982   3.627956    32.6918       1314     5.4708  0.000e+00
     19.941    10.5088   3.629128    32.6940       1315     5.4750  0.000e+00
     19.893    10.5217   3.632281    32.7141       1316     5.4792  0.000e+00
     19.842    10.5388   3.628538    32.6613       1317     5.4833  0.000e+00
     19.784    10.5384   3.629839    32.6746       1318     5.4875  0.000e+00
     19.724    10.5370   3.629397    32.6715       1319     5.4917  0.000e+00
     19.649    10.5366   3.629980    32.6778       1320     5.4958  0.000e+00
     19.573    10.5383   3.631268    32.6891       1321     5.5000  0.000e+00
     19.495    10.5447   3.634563    32.7164       1322     5.5042  0.000e+00
     19.407    10.5608   3.635910    32.7155       1323     5.5083  0.000e+00
     19.308    10.5760   3.632505    32.6678       1324     5.5125  0.000e+00
     19.223    10.5737   3.630902    32.6539       1325     5.5167  0.000e+00
     19.145    10.5619   3.630569    32.6612       1326     5.5208  0.000e+00
     19.057    10.5534   3.630569    32.6688       1327     5.5250  0.000e+00
     18.985    10.5485   3.630364    32.6712       1328     5.5292  0.000e+00
     18.915    10.5505   3.639886    32.7648       1329     5.5333  0.000e+00
     18.846    10.5811   3.638443    32.7228       1330     5.5375  0.000e+00
     18.795    10.6016   3.638282    32.7029       1331     5.5417  0.000e+00
     18.740    10.6110   3.639007    32.7017       1332     5.5458  0.000e+00
     18.695    10.6168   3.639411    32.7006       1333     5.5500  0.000e+00
     18.650    10.6201   3.639590    32.6995       1334     5.5542  0.000e+00
     18.608    10.6245   3.637595    32.6755       1335     5.5583  0.000e+00
     18.578    10.6198   3.639411    32.6980       1336     5.5625  0.000e+00
     18.532    10.6199   3.641175    32.7155       1337     5.5667  0.000e+00
     18.502    10.6286   3.638801    32.6840       1338     5.5708  0.000e+00
     18.469    10.6284   3.641637    32.7125       1339     5.5750  0.000e+00
     18.421    10.6349   3.641104    32.7014       1340     5.5792  0.000e+00
     18.375    10.6384   3.641175    32.6990       1341     5.5833  0.000e+00
     18.336    10.6397   3.638910    32.6752       1342     5.5875  0.000e+00
     18.291    10.6359   3.643318    32.7226       1343     5.5917  0.000e+00
     18.243    10.6458   3.644294    32.7236       1344     5.5958  0.000e+00
     18.188    10.6560   3.641489    32.6864       1345     5.6000  0.000e+00
     18.128    10.6549   3.641142    32.6840       1346     5.6042  0.000e+00
     18.053    10.6486   3.642413    32.7023       1347     5.6083  0.000e+00
     17.983    10.6506   3.647259    32.7490       1348     5.6125  0.000e+00
     17.911    10.6726   3.647574    32.7324       1349     5.6167  0.000e+00
     17.838    10.6857   3.646354    32.7085       1350     5.6208  0.000e+00
     17.760    10.6916   3.645583    32.6956       1351     5.6250  0.000e+00
     17.672    10.6923   3.648549    32.7246       1352     5.6292  0.000e+00
     17.591    10.6990   3.649590    32.7290       1353     5.6333  0.000e+00
     17.515    10.7104   3.649031    32.7133       1354     5.6375  0.000e+00
     17.425    10.7151   3.647618    32.6950       1355     5.6417  0.000e+00
     17.346    10.7112   3.645287    32.6753       1356     5.6458  0.000e+00
     17.277    10.7004   3.652724    32.7592       1357     5.6500  0.000e+00
     17.214    10.7195   3.653881    32.7536       1358     5.6542  0.000e+00
     17.153    10.7406   3.653810    32.7340       1359     5.6583  0.000e+00
     17.117    10.7531   3.653109    32.7159       1360     5.6625  0.000e+00
     17.066    10.7558   3.652486    32.7073       1361     5.6667  0.000e+00
     17.033    10.7545   3.654992    32.7334       1362     5.6708  0.000e+00
     17.003    10.7629   3.654876    32.7247       1363     5.6750  0.000e+00
     16.985    10.7700   3.657157    32.7411       1364     5.6792  0.000e+00
     16.982    10.7821   3.658057    32.7393       1365     5.6833  0.000e+00
     16.972    10.7930   3.652652    32.6757       1366     5.6875  0.000e+00
     16.957    10.7798   3.653109    32.6921       1367     5.6917  0.000e+00
     16.939    10.7666   3.652505    32.6979       1368     5.6958  0.000e+00
     16.900    10.7575   3.651631    32.6973       1369     5.7000  0.000e+00
     16.870    10.7496   3.650501    32.6931       1370     5.7042  0.000e+00
     16.816    10.7413   3.654844    32.7439       1371     5.7083  0.000e+00
     16.755    10.7505   3.656605    32.7532       1372     5.7125  0.000e+00
     16.683    10.7699   3.664224    32.8117       1373     5.7167  0.000e+00
     16.595    10.8125   3.665407    32.7853       1374     5.7208  0.000e+00
     16.508    10.8480   3.665909    32.7586       1375     5.7250  0.000e+00
     16.414    10.8698   3.666024    32.7403       1376     5.7292  0.000e+00
     16.309    10.8819   3.666114    32.7304       1377     5.7333  0.000e+00
     16.212    10.8879   3.665953    32.7235       1378     5.7375  0.000e+00
     16.119    10.8911   3.665586    32.7171       1379     5.7417  0.000e+00
     16.016    10.8927   3.665226    32.7121       1380     5.7458  0.000e+00
     15.928    10.8927   3.665175    32.7116       1381     5.7500  0.000e+00
     15.856    10.8927   3.665200    32.7119       1382     5.7542  0.000e+00
     15.781    10.8924   3.665271    32.7129       1383     5.7583  0.000e+00
     15.717    10.8927   3.665194    32.7119       1384     5.7625  0.000e+00
     15.660    10.8932   3.665290    32.7125       1385     5.7667  0.000e+00
     15.624    10.8937   3.665657    32.7156       1386     5.7708  0.000e+00
     15.584    10.8957   3.665715    32.7144       1387     5.7750  0.000e+00
     15.554    10.8976   3.665541    32.7110       1388     5.7792  0.000e+00
     15.527    10.8981   3.665496    32.7101       1389     5.7833  0.000e+00
     15.512    10.8977   3.665387    32.7094       1390     5.7875  0.000e+00
     15.482    10.8969   3.665335    32.7096       1391     5.7917  0.000e+00
     15.467    10.8965   3.665567    32.7123       1392     5.7958  0.000e+00
     15.455    10.8975   3.665702    32.7128       1393     5.8000  0.000e+00
     15.443    10.8988   3.665760    32.7122       1394     5.8042  0.000e+00
     15.421    10.8999   3.665773    32.7114       1395     5.8083  0.000e+00
     15.397    10.9006   3.665818    32.7112       1396     5.8125  0.000e+00
     15.370    10.9013   3.665933    32.7117       1397     5.8167  0.000e+00
     15.337    10.9022   3.665908    32.7107       1398     5.8208  0.000e+00
     15.292    10.9032   3.666429    32.7150       1399     5.8250  0.000e+00
     15.246    10.9058   3.666950    32.7178       1400     5.8292  0.000e+00
     15.198    10.9109   3.668185    32.7255       1401     5.8333  0.000e+00
     15.138    10.9187   3.668230    32.7190       1402     5.8375  0.000e+00
     15.068    10.9246   3.668925    32.7207       1403     5.8417  0.000e+00
     14.981    10.9301   3.668983    32.7164       1404     5.8458  0.000e+00
     14.897    10.9344   3.669073    32.7135       1405     5.8500  0.000e+00
     14.797    10.9373   3.668880    32.7091       1406     5.8542  0.000e+00
     14.691    10.9392   3.670418    32.7227       1407     5.8583  0.000e+00
     14.586    10.9481   3.676065    32.7708       1408     5.8625  0.000e+00
     14.477    10.9771   3.677933    32.7634       1409     5.8667  0.000e+00
     14.381    11.0079   3.679562    32.7521       1410     5.8708  0.000e+00
     14.284    11.0344   3.677797    32.7110       1411     5.8750  0.000e+00
     14.203    11.0501   3.677191    32.6912       1412     5.8792  0.000e+00
     14.139    11.0560   3.678602    32.6999       1413     5.8833  0.000e+00
     14.082    11.0641   3.680155    32.7080       1414     5.8875  0.000e+00
     14.028    11.0764   3.681115    32.7065       1415     5.8917  0.000e+00
     13.979    11.0887   3.682171    32.7061       1416     5.8958  0.000e+00
     13.955    11.1004   3.682951    32.7034       1417     5.9000  0.000e+00
     13.925    11.1107   3.683576    32.7004       1418     5.9042  0.000e+00
     13.922    11.1192   3.683821    32.6953       1419     5.9083  0.000e+00
     13.919    11.1250   3.683815    32.6901       1420     5.9125  0.000e+00
     13.922    11.1282   3.683750    32.6866       1421     5.9167  0.000e+00
     13.922    11.1294   3.683634    32.6844       1422     5.9208  0.000e+00
     13.928    11.1294   3.683666    32.6847       1423     5.9250  0.000e+00
     13.925    11.1294   3.683885    32.6869       1424     5.9292  0.000e+00
     13.922    11.1301   3.684001    32.6874       1425     5.9333  0.000e+00
     13.898    11.1314   3.684279    32.6890       1426     5.9375  0.000e+00
     13.862    11.1334   3.684324    32.6877       1427     5.9417  0.000e+00
     13.807    11.1352   3.684369    32.6866       1428     5.9458  0.000e+00
     13.750    11.1371   3.684562    32.6868       1429     5.9500  0.000e+00
     13.684    11.1399   3.685839    32.6969       1430     5.9542  0.000e+00
     13.599    11.1473   3.687418    32.7060       1431     5.9583  0.000e+00
     13.515    11.1593   3.689914    32.7200       1432     5.9625  0.000e+00
     13.406    11.1786   3.695483    32.7578       1433     5.9667  0.000e+00
     13.306    11.2116   3.696612    32.7396       1434     5.9708  0.000e+00
     13.204    11.2393   3.697806    32.7268       1435     5.9750  0.000e+00
     13.104    11.2590   3.698361    32.7148       1436     5.9792  0.000e+00
     13.020    11.2753   3.701480    32.7311       1437     5.9833  0.000e+00
     12.944    11.2985   3.703449    32.7298       1438     5.9875  0.000e+00
     12.878    11.3229   3.703850    32.7122       1439     5.9917  0.000e+00
     12.821    11.3394   3.704625    32.7052       1440     5.9958  0.000e+00
     12.772    11.3508   3.705297    32.7017       1441     6.0000  0.000e+00
     12.736    11.3603   3.706027    32.7005       1442     6.0042  0.000e+00
     12.691    11.3685   3.706472    32.6976       1443     6.0083  0.000e+00
     12.652    11.3755   3.706640    32.6931       1444     6.0125  0.000e+00
     12.628    11.3803   3.706770    32.6901       1445     6.0167  0.000e+00
