HB2302/sbe057.cnv
* Sea-Bird SBE 19plus V2 Data File:
* FileName = C:\cruise\data\sbe057.hex
* Software Version Seasave V 7.26.7.121
* Temperature SN = 4758
* Conductivity SN = 4758
* System UpLoad Time = Jun 14 2023 06:59:12
* NMEA Latitude = 40 17.81 N
* NMEA Longitude = 072 49.70 W
* NMEA UTC (Time) = Jun 14 2023 06:59:13
** Cruise: HB2302
** Program: Ecomon
** Chief Scientist: Jerry Prezioso
# nquan = 7
# nvalues = 1323                                  
# units = specified
# name 0 = depSM: Depth [salt water, m]
# name 1 = tv290C: Temperature [ITS-90, deg C]
# name 2 = c0S/m: Conductivity [S/m]
# name 3 = sal00: Salinity, Practical [PSU]
# name 4 = scan: Scan Count
# name 5 = timeM: Time, Elapsed [minutes]
# name 6 = flag:  0.000e+00
# span 0 =     -0.169,     44.094                 
# span 1 =     8.5879,    17.3786                 
# span 2 =   0.000044,   4.150526                 
# span 3 =     0.0084,    32.9899                 
# span 4 =         11,       1333                 
# span 5 =     0.0417,     5.5500                 
# span 6 = 0.0000e+00, 0.0000e+00                 
# interval = seconds: 0.25
# start_time = Jun 14 2023 06:59:13 [NMEA time, header]
# bad_flag = -9.990e-29
*END*
[from data line 1026]
      8.589    17.0397   4.130546    31.8498       1037     4.3167  0.000e+00
      8.583    17.0426   4.130127    31.8439       1038     4.3208  0.000e+00
      8.564    17.0411   4.130201    31.8458       1039     4.3250  0.000e+00
      8.561    17.0394   4.130167    31.8468       1040     4.3292  0.000e+00
      8.552    17.0390   4.130579    31.8507       1041     4.3333  0.000e+00
      8.555    17.0425   4.130667    31.8487       1042     4.3375  0.000e+00
      8.555    17.0457   4.130181    31.8420       1043     4.3417  0.000e+00
      8.564    17.0427   4.130026    31.8430       1044     4.3458  0.000e+00
      8.567    17.0379   4.130019    31.8467       1045     4.3500  0.000e+00
      8.573    17.0362   4.130228    31.8499       1046     4.3542  0.000e+00
      8.564    17.0367   4.129931    31.8470       1047     4.3583  0.000e+00
      8.555    17.0350   4.129951    31.8485       1048     4.3625  0.000e+00
      8.528    17.0329   4.130154    31.8519       1049     4.3667  0.000e+00
      8.501    17.0345   4.130282    31.8518       1050     4.3708  0.000e+00
      8.458    17.0377   4.130228    31.8488       1051     4.3750  0.000e+00
      8.401    17.0407   4.130275    31.8468       1052     4.3792  0.000e+00
      8.356    17.0430   4.130377    31.8458       1053     4.3833  0.000e+00
      8.289    17.0475   4.131079    31.8484       1054     4.3875  0.000e+00
      8.256    17.0574   4.131457    31.8438       1055     4.3917  0.000e+00
      8.226    17.0695   4.132058    31.8395       1056     4.3958  0.000e+00
      8.208    17.0830   4.132233    31.8303       1057     4.4000  0.000e+00
      8.189    17.0941   4.132192    31.8212       1058     4.4042  0.000e+00
      8.189    17.1006   4.132206    31.8162       1059     4.4083  0.000e+00
      8.195    17.1038   4.132172    31.8134       1060     4.4125  0.000e+00
      8.195    17.1046   4.132104    31.8121       1061     4.4167  0.000e+00
      8.211    17.1042   4.132104    31.8125       1062     4.4208  0.000e+00
      8.232    17.1031   4.132098    31.8133       1063     4.4250  0.000e+00
      8.235    17.1027   4.132077    31.8134       1064     4.4292  0.000e+00
      8.247    17.1023   4.132098    31.8139       1065     4.4333  0.000e+00
      8.241    17.1029   4.132077    31.8133       1066     4.4375  0.000e+00
      8.241    17.1041   4.132152    31.8129       1067     4.4417  0.000e+00
      8.238    17.1065   4.132077    31.8104       1068     4.4458  0.000e+00
      8.235    17.1059   4.132003    31.8103       1069     4.4500  0.000e+00
      8.237    17.1032   4.132050    31.8128       1070     4.4542  0.000e+00
      8.240    17.1026   4.132131    31.8140       1071     4.4583  0.000e+00
      8.237    17.1027   4.131956    31.8124       1072     4.4625  0.000e+00
      8.231    17.1012   4.131956    31.8136       1073     4.4667  0.000e+00
      8.231    17.0998   4.132057    31.8155       1074     4.4708  0.000e+00
      8.219    17.1008   4.132003    31.8143       1075     4.4750  0.000e+00
      8.204    17.1013   4.132077    31.8145       1076     4.4792  0.000e+00
      8.177    17.1021   4.132280    31.8157       1077     4.4833  0.000e+00
      8.147    17.1056   4.132435    31.8142       1078     4.4875  0.000e+00
      8.104    17.1101   4.132530    31.8115       1079     4.4917  0.000e+00
      8.053    17.1144   4.132719    31.8098       1080     4.4958  0.000e+00
      8.014    17.1185   4.132752    31.8069       1081     4.5000  0.000e+00
      7.962    17.1206   4.132854    31.8061       1082     4.5042  0.000e+00
      7.917    17.1239   4.133198    31.8065       1083     4.5083  0.000e+00
      7.881    17.1293   4.133482    31.8046       1084     4.5125  0.000e+00
      7.844    17.1381   4.133819    31.8006       1085     4.5167  0.000e+00
      7.808    17.1487   4.133907    31.7930       1086     4.5208  0.000e+00
      7.781    17.1560   4.133833    31.7866       1087     4.5250  0.000e+00
      7.763    17.1599   4.134704    31.7911       1088     4.5292  0.000e+00
      7.745    17.1699   4.134305    31.7798       1089     4.5333  0.000e+00
      7.724    17.1734   4.133961    31.7741       1090     4.5375  0.000e+00
      7.724    17.1676   4.133832    31.7775       1091     4.5417  0.000e+00
      7.717    17.1619   4.133934    31.7829       1092     4.5458  0.000e+00
      7.726    17.1603   4.134035    31.7850       1093     4.5500  0.000e+00
      7.733    17.1614   4.134332    31.7867       1094     4.5542  0.000e+00
      7.745    17.1673   4.134413    31.7828       1095     4.5583  0.000e+00
      7.757    17.1730   4.134231    31.7767       1096     4.5625  0.000e+00
      7.784    17.1728   4.134204    31.7766       1097     4.5667  0.000e+00
      7.799    17.1708   4.134103    31.7773       1098     4.5708  0.000e+00
      7.817    17.1684   4.134055    31.7788       1099     4.5750  0.000e+00
      7.829    17.1661   4.134177    31.7816       1100     4.5792  0.000e+00
      7.826    17.1660   4.134157    31.7815       1101     4.5833  0.000e+00
      7.811    17.1653   4.133934    31.7802       1102     4.5875  0.000e+00
      7.781    17.1606   4.133893    31.7836       1103     4.5917  0.000e+00
      7.735    17.1567   4.134109    31.7885       1104     4.5958  0.000e+00
      7.678    17.1582   4.134440    31.7901       1105     4.6000  0.000e+00
      7.614    17.1647   4.134758    31.7878       1106     4.6042  0.000e+00
      7.542    17.1743   4.135210    31.7841       1107     4.6083  0.000e+00
      7.457    17.1871   4.135872    31.7798       1108     4.6125  0.000e+00
      7.376    17.2043   4.136108    31.7683       1109     4.6167  0.000e+00
      7.309    17.2174   4.136040    31.7574       1110     4.6208  0.000e+00
      7.240    17.2232   4.136061    31.7531       1111     4.6250  0.000e+00
      7.185    17.2267   4.136662    31.7555       1112     4.6292  0.000e+00
      7.152    17.2362   4.136567    31.7472       1113     4.6333  0.000e+00
      7.137    17.2424   4.136885    31.7451       1114     4.6375  0.000e+00
      7.137    17.2474   4.136594    31.7387       1115     4.6417  0.000e+00
      7.155    17.2466   4.136560    31.7390       1116     4.6458  0.000e+00
      7.173    17.2434   4.136459    31.7406       1117     4.6500  0.000e+00
      7.206    17.2405   4.136182    31.7405       1118     4.6542  0.000e+00
      7.236    17.2348   4.135736    31.7412       1119     4.6583  0.000e+00
      7.260    17.2255   4.135588    31.7472       1120     4.6625  0.000e+00
      7.279    17.2178   4.135736    31.7545       1121     4.6667  0.000e+00
      7.288    17.2157   4.135986    31.7584       1122     4.6708  0.000e+00
      7.281    17.2191   4.136594    31.7609       1123     4.6750  0.000e+00
      7.260    17.2293   4.136689    31.7537       1124     4.6792  0.000e+00
      7.224    17.2374   4.136858    31.7487       1125     4.6833  0.000e+00
      7.179    17.2419   4.137040    31.7468       1126     4.6875  0.000e+00
      7.112    17.2482   4.137412    31.7451       1127     4.6917  0.000e+00
      7.037    17.2562   4.137695    31.7412       1128     4.6958  0.000e+00
      6.940    17.2656   4.137817    31.7349       1129     4.7000  0.000e+00
      6.855    17.2727   4.137073    31.7230       1130     4.7042  0.000e+00
      6.780    17.2661   4.136736    31.7253       1131     4.7083  0.000e+00
      6.725    17.2564   4.137763    31.7418       1132     4.7125  0.000e+00
      6.686    17.2639   4.137668    31.7351       1133     4.7167  0.000e+00
      6.662    17.2713   4.138168    31.7336       1134     4.7208  0.000e+00
      6.659    17.2810   4.138627    31.7299       1135     4.7250  0.000e+00
      6.665    17.2941   4.138614    31.7195       1136     4.7292  0.000e+00
      6.683    17.3012   4.138262    31.7109       1137     4.7333  0.000e+00
      6.692    17.3009   4.138431    31.7126       1138     4.7375  0.000e+00
      6.707    17.3010   4.138843    31.7160       1139     4.7417  0.000e+00
      6.722    17.3087   4.139485    31.7155       1140     4.7458  0.000e+00
      6.722    17.3252   4.139546    31.7031       1141     4.7500  0.000e+00
      6.713    17.3348   4.139512    31.6953       1142     4.7542  0.000e+00
      6.686    17.3380   4.139269    31.6907       1143     4.7583  0.000e+00
      6.646    17.3350   4.139343    31.6937       1144     4.7625  0.000e+00
      6.586    17.3319   4.139390    31.6966       1145     4.7667  0.000e+00
      6.531    17.3310   4.139620    31.6993       1146     4.7708  0.000e+00
      6.456    17.3321   4.139532    31.6976       1147     4.7750  0.000e+00
      6.377    17.3317   4.139370    31.6966       1148     4.7792  0.000e+00
      6.308    17.3292   4.139370    31.6986       1149     4.7833  0.000e+00
      6.238    17.3278   4.139370    31.6997       1150     4.7875  0.000e+00
      6.175    17.3274   4.139370    31.7001       1151     4.7917  0.000e+00
      6.139    17.3289   4.139512    31.7001       1152     4.7958  0.000e+00
      6.121    17.3333   4.139295    31.6948       1153     4.8000  0.000e+00
      6.124    17.3331   4.139194    31.6941       1154     4.8042  0.000e+00
      6.133    17.3285   4.139126    31.6971       1155     4.8083  0.000e+00
      6.160    17.3241   4.139268    31.7018       1156     4.8125  0.000e+00
      6.184    17.3238   4.139154    31.7010       1157     4.8167  0.000e+00
      6.202    17.3217   4.138964    31.7010       1158     4.8208  0.000e+00
      6.220    17.3178   4.138768    31.7024       1159     4.8250  0.000e+00
      6.226    17.3125   4.138742    31.7063       1160     4.8292  0.000e+00
      6.223    17.3092   4.139167    31.7126       1161     4.8333  0.000e+00
      6.196    17.3145   4.139512    31.7113       1162     4.8375  0.000e+00
      6.135    17.3244   4.139397    31.7027       1163     4.8417  0.000e+00
      6.060    17.3293   4.139512    31.6998       1164     4.8458  0.000e+00
      5.975    17.3324   4.139268    31.6954       1165     4.8500  0.000e+00
      5.884    17.3300   4.139241    31.6970       1166     4.8542  0.000e+00
      5.809    17.3265   4.139390    31.7010       1167     4.8583  0.000e+00
      5.733    17.3259   4.139491    31.7024       1168     4.8625  0.000e+00
      5.664    17.3288   4.139559    31.7008       1169     4.8667  0.000e+00
      5.600    17.3327   4.139491    31.6971       1170     4.8708  0.000e+00
      5.552    17.3338   4.139545    31.6968       1171     4.8750  0.000e+00
      5.504    17.3354   4.139586    31.6959       1172     4.8792  0.000e+00
      5.467    17.3379   4.139491    31.6931       1173     4.8833  0.000e+00
      5.446    17.3386   4.139586    31.6934       1174     4.8875  0.000e+00
      5.437    17.3404   4.139342    31.6899       1175     4.8917  0.000e+00
      5.434    17.3346   4.139464    31.6955       1176     4.8958  0.000e+00
      5.446    17.3296   4.139491    31.6996       1177     4.9000  0.000e+00
      5.470    17.3272   4.139491    31.7015       1178     4.9042  0.000e+00
      5.491    17.3275   4.139559    31.7018       1179     4.9083  0.000e+00
      5.524    17.3289   4.139444    31.6998       1180     4.9125  0.000e+00
      5.545    17.3269   4.139370    31.7007       1181     4.9167  0.000e+00
      5.557    17.3239   4.139491    31.7041       1182     4.9208  0.000e+00
      5.563    17.3240   4.139593    31.7048       1183     4.9250  0.000e+00
      5.545    17.3269   4.139728    31.7037       1184     4.9292  0.000e+00
      5.515    17.3292   4.139768    31.7023       1185     4.9333  0.000e+00
      5.458    17.3297   4.139775    31.7020       1186     4.9375  0.000e+00
      5.376    17.3311   4.139795    31.7010       1187     4.9417  0.000e+00
      5.291    17.3355   4.139748    31.6973       1188     4.9458  0.000e+00
      5.201    17.3380   4.139822    31.6960       1189     4.9500  0.000e+00
      5.101    17.3406   4.139944    31.6950       1190     4.9542  0.000e+00
      5.010    17.3491   4.140058    31.6894       1191     4.9583  0.000e+00
      4.938    17.3588   4.140072    31.6819       1192     4.9625  0.000e+00
      4.878    17.3642   4.140085    31.6778       1193     4.9667  0.000e+00
      4.856    17.3659   4.140092    31.6765       1194     4.9708  0.000e+00
      4.853    17.3671   4.140119    31.6759       1195     4.9750  0.000e+00
      4.859    17.3668   4.140058    31.6756       1196     4.9792  0.000e+00
      4.877    17.3644   4.140045    31.6773       1197     4.9833  0.000e+00
      4.907    17.3626   4.139991    31.6783       1198     4.9875  0.000e+00
      4.922    17.3586   4.140045    31.6819       1199     4.9917  0.000e+00
      4.944    17.3561   4.139997    31.6834       1200     4.9958  0.000e+00
      4.962    17.3554   4.139991    31.6839       1201     5.0000  0.000e+00
      4.956    17.3520   4.139896    31.6857       1202     5.0042  0.000e+00
      4.940    17.3486   4.139964    31.6890       1203     5.0083  0.000e+00
      4.910    17.3464   4.139971    31.6908       1204     5.0125  0.000e+00
      4.868    17.3451   4.139964    31.6917       1205     5.0167  0.000e+00
      4.810    17.3449   4.139943    31.6917       1206     5.0208  0.000e+00
      4.747    17.3455   4.139970    31.6915       1207     5.0250  0.000e+00
      4.680    17.3466   4.140011    31.6911       1208     5.0292  0.000e+00
      4.611    17.3466   4.139943    31.6905       1209     5.0333  0.000e+00
      4.553    17.3466   4.140011    31.6910       1210     5.0375  0.000e+00
      4.508    17.3468   4.139970    31.6906       1211     5.0417  0.000e+00
      4.490    17.3466   4.140045    31.6913       1212     5.0458  0.000e+00
      4.472    17.3484   4.140085    31.6903       1213     5.0500  0.000e+00
      4.472    17.3496   4.140072    31.6892       1214     5.0542  0.000e+00
      4.466    17.3512   4.140133    31.6885       1215     5.0583  0.000e+00
      4.472    17.3572   4.140220    31.6846       1216     5.0625  0.000e+00
      4.475    17.3631   4.140193    31.6798       1217     5.0667  0.000e+00
      4.471    17.3668   4.140274    31.6776       1218     5.0708  0.000e+00
      4.465    17.3688   4.140322    31.6764       1219     5.0750  0.000e+00
      4.435    17.3698   4.140349    31.6758       1220     5.0792  0.000e+00
      4.405    17.3704   4.140321    31.6751       1221     5.0833  0.000e+00
      4.347    17.3704   4.140321    31.6751       1222     5.0875  0.000e+00
      4.296    17.3698   4.140220    31.6748       1223     5.0917  0.000e+00
      4.208    17.3667   4.140173    31.6769       1224     5.0958  0.000e+00
      4.085    17.3599   4.140132    31.6819       1225     5.1000  0.000e+00
      3.958    17.3562   4.140092    31.6845       1226     5.1042  0.000e+00
      3.828    17.3584   4.140011    31.6821       1227     5.1083  0.000e+00
      3.746    17.3630   4.139943    31.6779       1228     5.1125  0.000e+00
      3.701    17.3658   4.139841    31.6749       1229     5.1167  0.000e+00
      3.689    17.3675   4.139943    31.6744       1230     5.1208  0.000e+00
      3.710    17.3683   4.139970    31.6741       1231     5.1250  0.000e+00
      3.746    17.3687   4.140037    31.6743       1232     5.1292  0.000e+00
      3.794    17.3693   4.140091    31.6743       1233     5.1333  0.000e+00
      3.842    17.3698   4.140105    31.6739       1234     5.1375  0.000e+00
      3.891    17.3702   4.140220    31.6746       1235     5.1417  0.000e+00
      3.930    17.3691   4.140193    31.6752       1236     5.1458  0.000e+00
      3.969    17.3693   4.140254    31.6756       1237     5.1500  0.000e+00
      3.990    17.3700   4.140247    31.6750       1238     5.1542  0.000e+00
      3.993    17.3706   4.140396    31.6758       1239     5.1583  0.000e+00
      3.948    17.3702   4.140247    31.6748       1240     5.1625  0.000e+00
