HB2302/sbe063.cnv
* Sea-Bird SBE 19plus V2 Data File:
* FileName = C:\cruise\data\sbe063.hex
* Software Version Seasave V 7.26.7.121
* Temperature SN = 4758
* Conductivity SN = 4758
* System UpLoad Time = Jun 14 2023 19:58:54
* NMEA Latitude = 41 01.56 N
* NMEA Longitude = 071 46.61 W
* NMEA UTC (Time) = Jun 14 2023 19:58:55
** Cruise: HB2302
** Program: Ecomon
** Chief Scientist: Jerry Prezioso
# nquan = 7
# nvalues = 1502                                  
# units = specified
# name 0 = depSM: Depth [salt water, m]
# name 1 = tv290C: Temperature [ITS-90, deg C]
# name 2 = c0S/m: Conductivity [S/m]
# name 3 = sal00: Salinity, Practical [PSU]
# name 4 = scan: Scan Count
# name 5 = timeM: Time, Elapsed [minutes]
# name 6 = flag:  0.000e+00
# span 0 =     -0.208,     22.566                 
# span 1 =    12.8591,    17.9509                 
# span 2 =   0.000160,   4.024913                 
# span 3 =     0.0092,    31.9218                 
# span 4 =         11,       1512                 
# span 5 =     0.0417,     6.2958                 
# span 6 = 0.0000e+00, 0.0000e+00                 
# interval = seconds: 0.25
# start_time = Jun 14 2023 19:58:55 [NMEA time, header]
# bad_flag = -9.990e-29
*END*
[from data line 1231]
      3.418    15.1531   3.844258    30.8313       1242     5.1708  0.000e+00
      3.512    15.1039   3.844108    30.8687       1243     5.1750  0.000e+00
      3.584    15.0768   3.843282    30.8827       1244     5.1792  0.000e+00
      3.632    15.0303   3.838537    30.8769       1245     5.1833  0.000e+00
      3.678    14.8955   3.836723    30.9673       1246     5.1875  0.000e+00
      3.690    14.7470   3.836090    31.0798       1247     5.1917  0.000e+00
      3.666    14.6470   3.835907    31.1582       1248     5.1958  0.000e+00
      3.611    14.5935   3.835790    31.2000       1249     5.2000  0.000e+00
      3.545    14.5677   3.835659    31.2196       1250     5.2042  0.000e+00
      3.460    14.5569   3.835541    31.2273       1251     5.2083  0.000e+00
      3.397    14.5545   3.835358    31.2275       1252     5.2125  0.000e+00
      3.361    14.5563   3.835214    31.2248       1253     5.2167  0.000e+00
      3.334    14.5597   3.835220    31.2221       1254     5.2208  0.000e+00
      3.340    14.5636   3.835155    31.2184       1255     5.2250  0.000e+00
      3.349    14.5667   3.835024    31.2147       1256     5.2292  0.000e+00
      3.376    14.5707   3.834991    31.2112       1257     5.2333  0.000e+00
      3.415    14.5742   3.835017    31.2086       1258     5.2375  0.000e+00
      3.442    14.5759   3.835083    31.2078       1259     5.2417  0.000e+00
      3.451    14.5756   3.834997    31.2072       1260     5.2458  0.000e+00
      3.457    14.5756   3.834971    31.2070       1261     5.2500  0.000e+00
      3.430    14.5760   3.834925    31.2063       1262     5.2542  0.000e+00
      3.400    14.5778   3.834807    31.2038       1263     5.2583  0.000e+00
      3.379    14.5821   3.834716    31.1995       1264     5.2625  0.000e+00
      3.343    14.5873   3.834696    31.1952       1265     5.2667  0.000e+00
      3.297    14.5925   3.834558    31.1897       1266     5.2708  0.000e+00
      3.237    14.5993   3.834466    31.1836       1267     5.2750  0.000e+00
      3.174    14.6108   3.834420    31.1739       1268     5.2792  0.000e+00
      3.116    14.6278   3.834669    31.1626       1269     5.2833  0.000e+00
      3.074    14.6631   3.838698    31.1707       1270     5.2875  0.000e+00
      3.053    14.7589   3.841863    31.1226       1271     5.2917  0.000e+00
      3.032    14.8807   3.842275    31.0292       1272     5.2958  0.000e+00
      3.032    14.9557   3.841035    30.9585       1273     5.3000  0.000e+00
      3.056    14.9833   3.844090    30.9641       1274     5.3042  0.000e+00
      3.083    15.0381   3.845257    30.9311       1275     5.3083  0.000e+00
      3.113    15.0852   3.843787    30.8807       1276     5.3125  0.000e+00
      3.140    15.0839   3.843354    30.8779       1277     5.3167  0.000e+00
      3.156    15.0652   3.843177    30.8911       1278     5.3208  0.000e+00
      3.174    15.0515   3.842869    30.8991       1279     5.3250  0.000e+00
      3.216    15.0398   3.842299    30.9033       1280     5.3292  0.000e+00
      3.261    15.0056   3.836846    30.8814       1281     5.3333  0.000e+00
      3.273    14.8774   3.835721    30.9728       1282     5.3375  0.000e+00
      3.258    14.7429   3.835539    31.0782       1283     5.3417  0.000e+00
      3.225    14.6595   3.835337    31.1431       1284     5.3458  0.000e+00
      3.156    14.6156   3.835187    31.1770       1285     5.3500  0.000e+00
      3.080    14.5941   3.835108    31.1936       1286     5.3542  0.000e+00
      2.990    14.5852   3.834853    31.1985       1287     5.3583  0.000e+00
      2.896    14.5862   3.834833    31.1975       1288     5.3625  0.000e+00
      2.817    14.5917   3.834735    31.1922       1289     5.3667  0.000e+00
      2.757    14.5983   3.834669    31.1864       1290     5.3708  0.000e+00
      2.712    14.6028   3.834695    31.1830       1291     5.3750  0.000e+00
      2.706    14.6044   3.834663    31.1814       1292     5.3792  0.000e+00
      2.724    14.6052   3.834695    31.1811       1293     5.3833  0.000e+00
      2.748    14.6028   3.834853    31.1844       1294     5.3875  0.000e+00
      2.784    14.5948   3.834899    31.1912       1295     5.3917  0.000e+00
      2.824    14.5858   3.836203    31.2102       1296     5.3958  0.000e+00
      2.857    14.6015   3.837329    31.2078       1297     5.4000  0.000e+00
      2.890    14.6319   3.839367    31.2018       1298     5.4042  0.000e+00
      2.905    14.6809   3.839419    31.1630       1299     5.4083  0.000e+00
      2.902    14.7097   3.837715    31.1245       1300     5.4125  0.000e+00
      2.857    14.7039   3.843175    31.1785       1301     5.4167  0.000e+00
      2.806    14.8159   3.842485    31.0827       1302     5.4208  0.000e+00
      2.775    14.9036   3.841225    31.0017       1303     5.4250  0.000e+00
      2.751    14.8943   3.837922    30.9794       1304     5.4292  0.000e+00
      2.685    14.8039   3.835951    31.0335       1305     5.4333  0.000e+00
      2.621    14.6962   3.835356    31.1141       1306     5.4375  0.000e+00
      2.576    14.6291   3.835154    31.1661       1307     5.4417  0.000e+00
      2.516    14.5962   3.835108    31.1921       1308     5.4458  0.000e+00
      2.467    14.5828   3.835036    31.2022       1309     5.4500  0.000e+00
      2.410    14.5788   3.834853    31.2038       1310     5.4542  0.000e+00
      2.362    14.5793   3.834715    31.2022       1311     5.4583  0.000e+00
      2.316    14.5829   3.834578    31.1981       1312     5.4625  0.000e+00
      2.274    14.5897   3.834538    31.1922       1313     5.4667  0.000e+00
      2.256    14.5963   3.834532    31.1869       1314     5.4708  0.000e+00
      2.241    14.6000   3.834558    31.1841       1315     5.4750  0.000e+00
      2.256    14.6014   3.834486    31.1824       1316     5.4792  0.000e+00
      2.295    14.6011   3.834466    31.1824       1317     5.4833  0.000e+00
      2.332    14.6008   3.834466    31.1827       1318     5.4875  0.000e+00
      2.359    14.6007   3.834558    31.1835       1319     5.4917  0.000e+00
      2.404    14.6017   3.834564    31.1828       1320     5.4958  0.000e+00
      2.422    14.6034   3.834787    31.1834       1321     5.5000  0.000e+00
      2.404    14.6222   3.842579    31.2389       1322     5.5042  0.000e+00
      2.326    14.7698   3.849950    31.1870       1323     5.5083  0.000e+00
      2.241    15.0069   3.850026    30.9989       1324     5.5125  0.000e+00
      2.151    15.1478   3.844822    30.8410       1325     5.5167  0.000e+00
      2.018    15.1565   3.849092    30.8723       1326     5.5208  0.000e+00
      1.930    15.1849   3.848495    30.8447       1327     5.5250  0.000e+00
      1.855    15.2000   3.846572    30.8157       1328     5.5292  0.000e+00
      1.831    15.1615   3.842271    30.8076       1329     5.5333  0.000e+00
      1.846    15.0637   3.839244    30.8575       1330     5.5375  0.000e+00
      1.888    14.9442   3.836591    30.9282       1331     5.5417  0.000e+00
      1.933    14.8235   3.836075    31.0194       1332     5.5458  0.000e+00
      1.963    14.7390   3.835381    31.0805       1333     5.5500  0.000e+00
      1.991    14.6837   3.835107    31.1222       1334     5.5542  0.000e+00
      2.036    14.6499   3.834924    31.1475       1335     5.5583  0.000e+00
      2.069    14.6315   3.834924    31.1623       1336     5.5625  0.000e+00
      2.048    14.6212   3.834878    31.1701       1337     5.5667  0.000e+00
      1.966    14.6145   3.834944    31.1761       1338     5.5708  0.000e+00
      1.876    14.6069   3.835383    31.1862       1339     5.5750  0.000e+00
      1.809    14.6083   3.837696    31.2060       1340     5.5792  0.000e+00
      1.755    14.6676   3.845149    31.2258       1341     5.5833  0.000e+00
      1.680    14.8356   3.846938    31.1076       1342     5.5875  0.000e+00
      1.628    14.9924   3.847900    30.9915       1343     5.5917  0.000e+00
      1.598    15.0919   3.846843    30.9033       1344     5.5958  0.000e+00
      1.598    15.1189   3.843261    30.8500       1345     5.6000  0.000e+00
      1.619    15.0842   3.843413    30.8787       1346     5.6042  0.000e+00
      1.655    15.0633   3.842915    30.8907       1347     5.6083  0.000e+00
      1.686    15.0304   3.836682    30.8609       1348     5.6125  0.000e+00
      1.710    14.9036   3.835307    30.9489       1349     5.6167  0.000e+00
      1.749    14.7802   3.834968    31.0439       1350     5.6208  0.000e+00
      1.764    14.7075   3.834694    31.0994       1351     5.6250  0.000e+00
      1.755    14.6780   3.834714    31.1232       1352     5.6292  0.000e+00
      1.701    14.6822   3.835140    31.1237       1353     5.6333  0.000e+00
      1.613    14.7211   3.840303    31.1392       1354     5.6375  0.000e+00
      1.517    14.8302   3.841659    31.0644       1355     5.6417  0.000e+00
      1.435    14.9218   3.840805    30.9840       1356     5.6458  0.000e+00
      1.414    14.9612   3.840451    30.9495       1357     5.6500  0.000e+00
      1.429    14.9649   3.842732    30.9670       1358     5.6542  0.000e+00
      1.475    14.9643   3.840484    30.9474       1359     5.6583  0.000e+00
      1.529    14.9265   3.837082    30.9468       1360     5.6625  0.000e+00
      1.580    14.8435   3.835445    30.9979       1361     5.6667  0.000e+00
      1.601    14.7628   3.837144    31.0774       1362     5.6708  0.000e+00
      1.601    14.7551   3.841129    31.1195       1363     5.6750  0.000e+00
      1.598    14.8210   3.841587    31.0711       1364     5.6792  0.000e+00
      1.565    14.8626   3.837784    31.0037       1365     5.6833  0.000e+00
      1.544    14.8374   3.834941    30.9982       1366     5.6875  0.000e+00
      1.493    14.7647   3.834739    31.0543       1367     5.6917  0.000e+00
      1.420    14.7233   3.834897    31.0888       1368     5.6958  0.000e+00
      1.363    14.7162   3.835126    31.0966       1369     5.7000  0.000e+00
      1.317    14.7285   3.835263    31.0880       1370     5.7042  0.000e+00
      1.272    14.7441   3.835185    31.0749       1371     5.7083  0.000e+00
      1.215    14.7502   3.835263    31.0707       1372     5.7125  0.000e+00
      1.163    14.7533   3.835263    31.0682       1373     5.7167  0.000e+00
      1.145    14.7665   3.835243    31.0575       1374     5.7208  0.000e+00
      1.157    14.8032   3.844045    31.1076       1375     5.7250  0.000e+00
      1.166    14.9416   3.851601    31.0652       1376     5.7292  0.000e+00
      1.194    15.1327   3.849853    30.8982       1377     5.7333  0.000e+00
      1.245    15.2205   3.842932    30.7674       1378     5.7375  0.000e+00
      1.290    15.1679   3.845740    30.8337       1379     5.7417  0.000e+00
      1.330    15.1544   3.850936    30.8907       1380     5.7458  0.000e+00
      1.390    15.2230   3.851578    30.8424       1381     5.7500  0.000e+00
      1.444    15.2859   3.844905    30.7336       1382     5.7542  0.000e+00
      1.463    15.2606   3.838651    30.6977       1383     5.7583  0.000e+00
      1.444    15.1482   3.836195    30.7640       1384     5.7625  0.000e+00
      1.408    15.0386   3.841400    30.8968       1385     5.7667  0.000e+00
      1.366    15.0337   3.845997    30.9419       1386     5.7708  0.000e+00
      1.327    15.0978   3.848450    30.9132       1387     5.7750  0.000e+00
      1.312    15.1674   3.848383    30.8577       1388     5.7792  0.000e+00
      1.303    15.2063   3.845647    30.8027       1389     5.7833  0.000e+00
      1.309    15.2040   3.846933    30.8159       1390     5.7875  0.000e+00
      1.318    15.2060   3.843372    30.7827       1391     5.7917  0.000e+00
      1.315    15.1782   3.845575    30.8242       1392     5.7958  0.000e+00
      1.287    15.1672   3.845208    30.8295       1393     5.8000  0.000e+00
      1.254    15.1507   3.843556    30.8278       1394     5.8042  0.000e+00
      1.212    15.1036   3.838876    30.8231       1395     5.8083  0.000e+00
      1.130    15.0088   3.838923    30.8983       1396     5.8125  0.000e+00
      1.022    14.9524   3.842739    30.9772       1397     5.8167  0.000e+00
      0.901    14.9630   3.839317    30.9381       1398     5.8208  0.000e+00
      0.825    14.9298   3.835968    30.9344       1399     5.8250  0.000e+00
      0.810    14.8448   3.835792    31.0003       1400     5.8292  0.000e+00
      0.825    14.7932   3.838119    31.0623       1401     5.8333  0.000e+00
      0.877    14.7995   3.840787    31.0813       1402     5.8375  0.000e+00
      0.934    14.8540   3.841540    31.0446       1403     5.8417  0.000e+00
      0.986    14.9074   3.837620    30.9670       1404     5.8458  0.000e+00
      1.046    14.8898   3.836002    30.9663       1405     5.8500  0.000e+00
      1.109    14.8361   3.835721    31.0064       1406     5.8542  0.000e+00
      1.173    14.8009   3.842275    31.0934       1407     5.8583  0.000e+00
      1.245    14.8766   3.847226    31.0776       1408     5.8625  0.000e+00
      1.294    15.0100   3.842299    30.9275       1409     5.8667  0.000e+00
      1.315    15.0336   3.842731    30.9127       1410     5.8708  0.000e+00
      1.263    15.0333   3.841767    30.9044       1411     5.8750  0.000e+00
      1.179    15.0398   3.840889    30.8914       1412     5.8792  0.000e+00
      1.097    15.0217   3.840417    30.9015       1413     5.8833  0.000e+00
      1.055    14.9961   3.840162    30.9194       1414     5.8875  0.000e+00
      1.028    14.9790   3.840988    30.9404       1415     5.8917  0.000e+00
      1.019    14.9776   3.841152    30.9430       1416     5.8958  0.000e+00
      1.010    14.9728   3.837160    30.9110       1417     5.9000  0.000e+00
      1.022    14.9034   3.835490    30.9509       1418     5.9042  0.000e+00
      1.055    14.8152   3.836219    31.0276       1419     5.9083  0.000e+00
      1.067    14.7824   3.837969    31.0694       1420     5.9125  0.000e+00
      1.070    14.8154   3.841521    31.0751       1421     5.9167  0.000e+00
      1.052    14.8969   3.846891    31.0585       1422     5.9208  0.000e+00
      1.016    15.0163   3.847853    30.9724       1423     5.9250  0.000e+00
      0.961    15.1096   3.846449    30.8861       1424     5.9292  0.000e+00
      0.931    15.1326   3.844566    30.8511       1425     5.9333  0.000e+00
      0.907    15.1001   3.837827    30.8166       1426     5.9375  0.000e+00
      0.798    14.9724   3.837010    30.9100       1427     5.9417  0.000e+00
      0.635    14.9115   3.846339    31.0421       1428     5.9458  0.000e+00
      0.548    15.0104   3.848496    30.9830       1429     5.9500  0.000e+00
      0.554    15.1271   3.853535    30.9358       1430     5.9542  0.000e+00
      0.569    15.2445   3.855194    30.8580       1431     5.9583  0.000e+00
      0.557    15.3349   3.856710    30.8005       1432     5.9625  0.000e+00
      0.548    15.3962   3.857536    30.7599       1433     5.9667  0.000e+00
      0.557    15.4329   3.857864    30.7341       1434     5.9708  0.000e+00
      0.605    15.4542   3.857831    30.7171       1435     5.9750  0.000e+00
      0.656    15.4643   3.857581    30.7071       1436     5.9792  0.000e+00
      0.738    15.4664   3.855625    30.6881       1437     5.9833  0.000e+00
      0.829    15.4406   3.846123    30.6239       1438     5.9875  0.000e+00
      0.943    15.3352   3.842806    30.6767       1439     5.9917  0.000e+00
      1.037    15.2078   3.837891    30.7325       1440     5.9958  0.000e+00
      1.109    15.0683   3.836517    30.8298       1441     6.0000  0.000e+00
      1.158    14.9533   3.842090    30.9706       1442     6.0042  0.000e+00
      1.212    14.9481   3.842686    30.9800       1443     6.0083  0.000e+00
      1.212    14.9600   3.836564    30.9157       1444     6.0125  0.000e+00
      1.143    14.8959   3.835969    30.9612       1445     6.0167  0.000e+00
