HB2302/sbe007.cnv
* Sea-Bird SBE 19plus V2 Data File:
* FileName = C:\cruise\data\sbe007.hex
* Software Version Seasave V 7.26.7.121
* Temperature SN = 4758
* Conductivity SN = 4758
* System UpLoad Time = Jun 09 2023 12:51:10
* NMEA Latitude = 40 28.65 N
* NMEA Longitude = 071 38.83 W
* NMEA UTC (Time) = Jun 09 2023 12:51:11
** Cruise: HB2302
** Program: Ecomon
** Chief Scientist: Jerry Prezioso
# nquan = 7
# nvalues = 1884                                  
# units = specified
# name 0 = depSM: Depth [salt water, m]
# name 1 = tv290C: Temperature [ITS-90, deg C]
# name 2 = c0S/m: Conductivity [S/m]
# name 3 = sal00: Salinity, Practical [PSU]
# name 4 = scan: Scan Count
# name 5 = timeM: Time, Elapsed [minutes]
# name 6 = flag:  0.000e+00
# span 0 =     -0.147,     71.632                 
# span 1 =     7.8402,    14.8004                 
# span 2 =   0.000008,   4.000318                 
# span 3 =     0.0076,    33.2861                 
# span 4 =         11,       1894                 
# span 5 =     0.0417,     7.8875                 
# span 6 = 0.0000e+00, 0.0000e+00                 
# interval = seconds: 0.25
# start_time = Jun 09 2023 12:51:11 [NMEA time, header]
# bad_flag = -9.990e-29
*END*
[from data line 1436]
     19.361    12.9030   3.892456    33.1376       1447     6.0250  0.000e+00
     19.322    12.9032   3.892456    33.1374       1448     6.0292  0.000e+00
     19.280    12.9033   3.892344    33.1363       1449     6.0333  0.000e+00
     19.237    12.9033   3.892225    33.1352       1450     6.0375  0.000e+00
     19.192    12.9034   3.892107    33.1340       1451     6.0417  0.000e+00
     19.147    12.9032   3.891757    33.1309       1452     6.0458  0.000e+00
     19.099    12.9027   3.891619    33.1300       1453     6.0500  0.000e+00
     19.047    12.9021   3.891599    33.1304       1454     6.0542  0.000e+00
     18.993    12.9014   3.891434    33.1295       1455     6.0583  0.000e+00
     18.942    12.9011   3.891296    33.1284       1456     6.0625  0.000e+00
     18.887    12.9004   3.890993    33.1262       1457     6.0667  0.000e+00
     18.821    12.8997   3.890663    33.1237       1458     6.0708  0.000e+00
     18.770    12.8985   3.890498    33.1232       1459     6.0750  0.000e+00
     18.718    12.8976   3.890406    33.1232       1460     6.0792  0.000e+00
     18.664    12.8968   3.890294    33.1228       1461     6.0833  0.000e+00
     18.618    12.8963   3.890222    33.1226       1462     6.0875  0.000e+00
     18.567    12.8959   3.890011    33.1210       1463     6.0917  0.000e+00
     18.516    12.8954   3.889859    33.1199       1464     6.0958  0.000e+00
     18.470    12.8950   3.889688    33.1187       1465     6.1000  0.000e+00
     18.428    12.8945   3.889596    33.1183       1466     6.1042  0.000e+00
     18.386    12.8942   3.889497    33.1176       1467     6.1083  0.000e+00
     18.341    12.8934   3.889385    33.1173       1468     6.1125  0.000e+00
     18.307    12.8931   3.889358    33.1173       1469     6.1167  0.000e+00
     18.265    12.8928   3.889246    33.1165       1470     6.1208  0.000e+00
     18.220    12.8928   3.889055    33.1148       1471     6.1250  0.000e+00
     18.177    12.8928   3.888943    33.1137       1472     6.1292  0.000e+00
     18.135    12.8934   3.888871    33.1125       1473     6.1333  0.000e+00
     18.096    12.8941   3.888897    33.1122       1474     6.1375  0.000e+00
     18.051    12.8952   3.888989    33.1121       1475     6.1417  0.000e+00
     18.008    12.8962   3.889035    33.1117       1476     6.1458  0.000e+00
     17.966    12.8970   3.889075    33.1113       1477     6.1500  0.000e+00
     17.921    12.8978   3.889101    33.1109       1478     6.1542  0.000e+00
     17.875    12.8987   3.889128    33.1104       1479     6.1583  0.000e+00
     17.827    12.8994   3.888897    33.1076       1480     6.1625  0.000e+00
     17.788    12.9003   3.888548    33.1036       1481     6.1667  0.000e+00
     17.743    12.9014   3.888106    33.0984       1482     6.1708  0.000e+00
     17.694    12.9028   3.887533    33.0918       1483     6.1750  0.000e+00
     17.652    12.9043   3.886868    33.0842       1484     6.1792  0.000e+00
     17.610    12.9050   3.885867    33.0740       1485     6.1833  0.000e+00
     17.564    12.9045   3.884477    33.0613       1486     6.1875  0.000e+00
     17.516    12.9032   3.883009    33.0486       1487     6.1917  0.000e+00
     17.468    12.9009   3.881481    33.0361       1488     6.1958  0.000e+00
     17.429    12.8983   3.879776    33.0223       1489     6.2000  0.000e+00
     17.383    12.8957   3.878624    33.0136       1490     6.2042  0.000e+00
     17.341    12.8936   3.878019    33.0097       1491     6.2083  0.000e+00
     17.284    12.8923   3.877716    33.0080       1492     6.2125  0.000e+00
     17.254    12.8911   3.877512    33.0071       1493     6.2167  0.000e+00
     17.199    12.8906   3.877144    33.0041       1494     6.2208  0.000e+00
     17.154    12.8898   3.875328    32.9876       1495     6.2250  0.000e+00
     17.099    12.8889   3.874867    32.9840       1496     6.2292  0.000e+00
     17.051    12.8880   3.874334    32.9797       1497     6.2333  0.000e+00
     17.006    12.8872   3.873986    32.9771       1498     6.2375  0.000e+00
     16.948    12.8865   3.873644    32.9746       1499     6.2417  0.000e+00
     16.906    12.8864   3.873315    32.9715       1500     6.2458  0.000e+00
     16.852    12.8863   3.872736    32.9662       1501     6.2500  0.000e+00
     16.803    12.8857   3.872413    32.9636       1502     6.2542  0.000e+00
     16.761    12.8851   3.871854    32.9589       1503     6.2583  0.000e+00
     16.713    12.8843   3.871427    32.9555       1504     6.2625  0.000e+00
     16.668    12.8833   3.870927    32.9517       1505     6.2667  0.000e+00
     16.631    12.8825   3.870237    32.9458       1506     6.2708  0.000e+00
     16.601    12.8818   3.869842    32.9427       1507     6.2750  0.000e+00
     16.556    12.8813   3.869421    32.9392       1508     6.2792  0.000e+00
     16.523    12.8811   3.869165    32.9370       1509     6.2833  0.000e+00
     16.492    12.8810   3.868961    32.9352       1510     6.2875  0.000e+00
     16.459    12.8807   3.868685    32.9327       1511     6.2917  0.000e+00
     16.420    12.8806   3.868409    32.9303       1512     6.2958  0.000e+00
     16.384    12.8800   3.867942    32.9264       1513     6.3000  0.000e+00
     16.347    12.8788   3.867541    32.9236       1514     6.3042  0.000e+00
     16.305    12.8772   3.867041    32.9203       1515     6.3083  0.000e+00
     16.257    12.8753   3.866069    32.9128       1516     6.3125  0.000e+00
     16.202    12.8721   3.865056    32.9060       1517     6.3167  0.000e+00
     16.151    12.8687   3.863828    32.8973       1518     6.3208  0.000e+00
     16.109    12.8648   3.861528    32.8789       1519     6.3250  0.000e+00
     16.051    12.8603   3.860549    32.8735       1520     6.3292  0.000e+00
     15.997    12.8582   3.860438    32.8743       1521     6.3333  0.000e+00
     15.943    12.8596   3.860575    32.8745       1522     6.3375  0.000e+00
     15.894    12.8626   3.860799    32.8740       1523     6.3417  0.000e+00
     15.840    12.8665   3.861061    32.8731       1524     6.3458  0.000e+00
     15.795    12.8708   3.861265    32.8713       1525     6.3500  0.000e+00
     15.758    12.8750   3.861449    32.8694       1526     6.3542  0.000e+00
     15.716    12.8785   3.861764    32.8694       1527     6.3583  0.000e+00
     15.683    12.8828   3.861869    32.8667       1528     6.3625  0.000e+00
     15.647    12.8871   3.861777    32.8621       1529     6.3667  0.000e+00
     15.610    12.8908   3.861751    32.8586       1530     6.3708  0.000e+00
     15.577    12.8931   3.861777    32.8568       1531     6.3750  0.000e+00
     15.544    12.8947   3.861744    32.8551       1532     6.3792  0.000e+00
     15.508    12.8956   3.861777    32.8547       1533     6.3833  0.000e+00
     15.465    12.8957   3.861797    32.8548       1534     6.3875  0.000e+00
     15.426    12.8956   3.861751    32.8545       1535     6.3917  0.000e+00
     15.387    12.8957   3.861744    32.8543       1536     6.3958  0.000e+00
     15.342    12.8956   3.861705    32.8541       1537     6.4000  0.000e+00
     15.290    12.8957   3.861731    32.8542       1538     6.4042  0.000e+00
     15.245    12.8958   3.861639    32.8533       1539     6.4083  0.000e+00
     15.184    12.8962   3.861593    32.8525       1540     6.4125  0.000e+00
     15.139    12.8965   3.861547    32.8519       1541     6.4167  0.000e+00
     15.085    12.8970   3.861494    32.8510       1542     6.4208  0.000e+00
     15.033    12.8968   3.861494    32.8512       1543     6.4250  0.000e+00
     14.982    12.8970   3.861475    32.8509       1544     6.4292  0.000e+00
     14.931    12.8973   3.861475    32.8506       1545     6.4333  0.000e+00
     14.895    12.8980   3.861540    32.8507       1546     6.4375  0.000e+00
     14.843    12.8988   3.861639    32.8509       1547     6.4417  0.000e+00
     14.816    12.9000   3.861842    32.8518       1548     6.4458  0.000e+00
     14.777    12.9019   3.861915    32.8509       1549     6.4500  0.000e+00
     14.740    12.9041   3.861961    32.8494       1550     6.4542  0.000e+00
     14.701    12.9060   3.862026    32.8484       1551     6.4583  0.000e+00
     14.662    12.9073   3.862026    32.8473       1552     6.4625  0.000e+00
     14.626    12.9083   3.862098    32.8470       1553     6.4667  0.000e+00
     14.589    12.9093   3.862204    32.8472       1554     6.4708  0.000e+00
     14.556    12.9111   3.862420    32.8477       1555     6.4750  0.000e+00
     14.517    12.9140   3.862768    32.8486       1556     6.4792  0.000e+00
     14.472    12.9177   3.863255    32.8499       1557     6.4833  0.000e+00
     14.435    12.9228   3.863393    32.8468       1558     6.4875  0.000e+00
     14.402    12.9271   3.863485    32.8440       1559     6.4917  0.000e+00
     14.363    12.9306   3.863668    32.8427       1560     6.4958  0.000e+00
     14.317    12.9337   3.863898    32.8422       1561     6.5000  0.000e+00
     14.278    12.9371   3.864109    32.8413       1562     6.5042  0.000e+00
     14.245    12.9404   3.864286    32.8401       1563     6.5083  0.000e+00
     14.202    12.9435   3.864568    32.8401       1564     6.5125  0.000e+00
     14.151    12.9468   3.864726    32.8387       1565     6.5167  0.000e+00
     14.109    12.9498   3.864798    32.8369       1566     6.5208  0.000e+00
     14.060    12.9524   3.864917    32.8358       1567     6.5250  0.000e+00
     14.003    12.9546   3.864917    32.8338       1568     6.5292  0.000e+00
     13.946    12.9568   3.865009    32.8329       1569     6.5333  0.000e+00
     13.879    12.9585   3.865055    32.8318       1570     6.5375  0.000e+00
     13.813    12.9601   3.865166    32.8315       1571     6.5417  0.000e+00
     13.752    12.9622   3.865192    32.8300       1572     6.5458  0.000e+00
     13.686    12.9645   3.865206    32.8281       1573     6.5500  0.000e+00
     13.623    12.9666   3.865212    32.8263       1574     6.5542  0.000e+00
     13.565    12.9680   3.865212    32.8252       1575     6.5583  0.000e+00
     13.517    12.9693   3.865192    32.8239       1576     6.5625  0.000e+00
     13.466    12.9700   3.865133    32.8227       1577     6.5667  0.000e+00
     13.423    12.9709   3.865100    32.8217       1578     6.5708  0.000e+00
     13.381    12.9716   3.865074    32.8208       1579     6.5750  0.000e+00
     13.345    12.9721   3.865028    32.8200       1580     6.5792  0.000e+00
     13.324    12.9724   3.865028    32.8197       1581     6.5833  0.000e+00
     13.293    12.9729   3.865159    32.8206       1582     6.5875  0.000e+00
     13.272    12.9734   3.865212    32.8206       1583     6.5917  0.000e+00
     13.248    12.9743   3.865330    32.8210       1584     6.5958  0.000e+00
     13.227    12.9751   3.865376    32.8207       1585     6.6000  0.000e+00
     13.200    12.9763   3.865475    32.8206       1586     6.6042  0.000e+00
     13.187    12.9776   3.865560    32.8203       1587     6.6083  0.000e+00
     13.163    12.9787   3.865678    32.8205       1588     6.6125  0.000e+00
     13.127    12.9801   3.865790    32.8204       1589     6.6167  0.000e+00
     13.097    12.9814   3.865862    32.8199       1590     6.6208  0.000e+00
     13.070    12.9824   3.865889    32.8193       1591     6.6250  0.000e+00
     13.030    12.9833   3.865882    32.8185       1592     6.6292  0.000e+00
     13.000    12.9838   3.865908    32.8183       1593     6.6333  0.000e+00
     12.961    12.9846   3.865974    32.8183       1594     6.6375  0.000e+00
     12.915    12.9852   3.866066    32.8186       1595     6.6417  0.000e+00
     12.864    12.9865   3.866151    32.8183       1596     6.6458  0.000e+00
     12.816    12.9877   3.866204    32.8178       1597     6.6500  0.000e+00
     12.765    12.9890   3.866256    32.8172       1598     6.6542  0.000e+00
     12.707    12.9904   3.866394    32.8173       1599     6.6583  0.000e+00
     12.638    12.9920   3.866506    32.8170       1600     6.6625  0.000e+00
     12.574    12.9942   3.866664    32.8166       1601     6.6667  0.000e+00
     12.502    12.9966   3.866927    32.8171       1602     6.6708  0.000e+00
     12.423    12.9990   3.867111    32.8168       1603     6.6750  0.000e+00
     12.351    13.0020   3.867130    32.8144       1604     6.6792  0.000e+00
     12.269    13.0047   3.867196    32.8127       1605     6.6833  0.000e+00
     12.188    13.0067   3.867314    32.8121       1606     6.6875  0.000e+00
     12.121    13.0086   3.867452    32.8118       1607     6.6917  0.000e+00
     12.055    13.0107   3.867544    32.8108       1608     6.6958  0.000e+00
     11.995    13.0124   3.867597    32.8099       1609     6.7000  0.000e+00
     11.940    13.0143   3.867827    32.8105       1610     6.7042  0.000e+00
     11.892    13.0165   3.868031    32.8105       1611     6.7083  0.000e+00
     11.859    13.0189   3.868169    32.8097       1612     6.7125  0.000e+00
     11.813    13.0213   3.868241    32.8084       1613     6.7167  0.000e+00
     11.795    13.0234   3.868313    32.8072       1614     6.7208  0.000e+00
     11.783    13.0248   3.868339    32.8062       1615     6.7250  0.000e+00
     11.762    13.0257   3.868379    32.8059       1616     6.7292  0.000e+00
     11.756    13.0263   3.868359    32.8052       1617     6.7333  0.000e+00
     11.753    13.0268   3.868359    32.8047       1618     6.7375  0.000e+00
     11.744    13.0269   3.868359    32.8046       1619     6.7417  0.000e+00
     11.744    13.0269   3.868313    32.8042       1620     6.7458  0.000e+00
     11.738    13.0269   3.868333    32.8044       1621     6.7500  0.000e+00
     11.719    13.0269   3.868359    32.8046       1622     6.7542  0.000e+00
     11.698    13.0270   3.868405    32.8050       1623     6.7583  0.000e+00
     11.677    13.0276   3.868510    32.8055       1624     6.7625  0.000e+00
     11.647    13.0285   3.868589    32.8055       1625     6.7667  0.000e+00
     11.610    13.0298   3.868701    32.8054       1626     6.7708  0.000e+00
     11.562    13.0312   3.868865    32.8058       1627     6.7750  0.000e+00
     11.502    13.0329   3.869418    32.8096       1628     6.7792  0.000e+00
     11.429    13.0370   3.870187    32.8133       1629     6.7833  0.000e+00
     11.360    13.0444   3.870647    32.8113       1630     6.7875  0.000e+00
     11.278    13.0516   3.871298    32.8112       1631     6.7917  0.000e+00
     11.200    13.0597   3.872034    32.8112       1632     6.7958  0.000e+00
     11.115    13.0684   3.872685    32.8098       1633     6.8000  0.000e+00
     11.034    13.0766   3.872981    32.8056       1634     6.8042  0.000e+00
     10.955    13.0836   3.873238    32.8020       1635     6.8083  0.000e+00
     10.871    13.0885   3.873376    32.7990       1636     6.8125  0.000e+00
     10.786    13.0921   3.873566    32.7977       1637     6.8167  0.000e+00
     10.720    13.0950   3.873678    32.7963       1638     6.8208  0.000e+00
     10.647    13.0974   3.874046    32.7978       1639     6.8250  0.000e+00
     10.590    13.1007   3.874099    32.7955       1640     6.8292  0.000e+00
     10.538    13.1032   3.874882    32.8007       1641     6.8333  0.000e+00
     10.493    13.1079   3.875000    32.7978       1642     6.8375  0.000e+00
     10.457    13.1123   3.874651    32.7907       1643     6.8417  0.000e+00
     10.421    13.1135   3.875171    32.7945       1644     6.8458  0.000e+00
     10.399    13.1158   3.875460    32.7953       1645     6.8500  0.000e+00
     10.378    13.1194   3.875605    32.7936       1646     6.8542  0.000e+00
     10.360    13.1224   3.875763    32.7925       1647     6.8583  0.000e+00
     10.342    13.1244   3.875927    32.7923       1648     6.8625  0.000e+00
     10.321    13.1266   3.875947    32.7906       1649     6.8667  0.000e+00
     10.309    13.1281   3.876092    32.7906       1650     6.8708  0.000e+00
     10.302    13.1291   3.875947    32.7884       1651     6.8750  0.000e+00
