HB2302/sbe025.cnv
* Sea-Bird SBE 19plus V2 Data File:
* FileName = C:\cruise\data\sbe025.hex
* Software Version Seasave V 7.26.7.121
* Temperature SN = 4758
* Conductivity SN = 4758
* System UpLoad Time = Jun 11 2023 05:33:12
* NMEA Latitude = 37 57.12 N
* NMEA Longitude = 074 07.91 W
* NMEA UTC (Time) = Jun 11 2023 05:33:13
** Cruise: HB2302
** Program: Ecomon
** Chief Scientist: Jerry Prezioso
# nquan = 7
# nvalues = 2337                                  
# units = specified
# name 0 = depSM: Depth [salt water, m]
# name 1 = tv290C: Temperature [ITS-90, deg C]
# name 2 = c0S/m: Conductivity [S/m]
# name 3 = sal00: Salinity, Practical [PSU]
# name 4 = scan: Scan Count
# name 5 = timeM: Time, Elapsed [minutes]
# name 6 = flag:  0.000e+00
# span 0 =     -0.082,    100.399                 
# span 1 =     8.3807,    17.8342                 
# span 2 =   0.000056,   4.513818                 
# span 3 =     0.0090,    34.8392                 
# span 4 =         11,       2347                 
# span 5 =     0.0417,     9.7750                 
# span 6 = 0.0000e+00, 0.0000e+00                 
# interval = seconds: 0.25
# start_time = Jun 11 2023 05:33:13 [NMEA time, header]
# bad_flag = -9.990e-29
*END*
[from data line 2052]
     13.209    17.6874   4.501490    34.5049       2063     8.5917  0.000e+00
     13.164    17.6772   4.509407    34.5816       2064     8.5958  0.000e+00
     13.109    17.6986   4.510233    34.5705       2065     8.6000  0.000e+00
     13.073    17.7223   4.507810    34.5296       2066     8.6042  0.000e+00
     13.027    17.7322   4.497256    34.4307       2067     8.6083  0.000e+00
     12.997    17.7116   4.492089    34.4038       2068     8.6125  0.000e+00
     12.961    17.6818   4.491852    34.4270       2069     8.6167  0.000e+00
     12.924    17.6631   4.491083    34.4363       2070     8.6208  0.000e+00
     12.903    17.6518   4.489867    34.4354       2071     8.6250  0.000e+00
     12.876    17.6431   4.489615    34.4407       2072     8.6292  0.000e+00
     12.852    17.6381   4.491482    34.4610       2073     8.6333  0.000e+00
     12.833    17.6406   4.492670    34.4691       2074     8.6375  0.000e+00
     12.809    17.6458   4.493544    34.4722       2075     8.6417  0.000e+00
     12.788    17.6523   4.498209    34.5068       2076     8.6458  0.000e+00
     12.767    17.6680   4.504541    34.5478       2077     8.6500  0.000e+00
     12.749    17.6885   4.505129    34.5354       2078     8.6542  0.000e+00
     12.724    17.7032   4.503645    34.5102       2079     8.6583  0.000e+00
     12.694    17.7088   4.495082    34.4320       2080     8.6625  0.000e+00
     12.654    17.6912   4.491215    34.4137       2081     8.6667  0.000e+00
     12.615    17.6683   4.490090    34.4235       2082     8.6708  0.000e+00
     12.555    17.6522   4.489524    34.4323       2083     8.6750  0.000e+00
     12.491    17.6422   4.485828    34.4090       2084     8.6792  0.000e+00
     12.422    17.6291   4.484661    34.4102       2085     8.6833  0.000e+00
     12.340    17.6155   4.481839    34.3975       2086     8.6875  0.000e+00
     12.270    17.6021   4.481602    34.4068       2087     8.6917  0.000e+00
     12.192    17.5931   4.481497    34.4135       2088     8.6958  0.000e+00
     12.119    17.5889   4.481441    34.4167       2089     8.7000  0.000e+00
     12.053    17.5866   4.480282    34.4087       2090     8.7042  0.000e+00
     11.992    17.5826   4.476330    34.3781       2091     8.7083  0.000e+00
     11.929    17.5696   4.472540    34.3566       2092     8.7125  0.000e+00
     11.874    17.5493   4.471173    34.3620       2093     8.7167  0.000e+00
     11.826    17.5322   4.468808    34.3562       2094     8.7208  0.000e+00
     11.780    17.5173   4.467804    34.3602       2095     8.7250  0.000e+00
     11.729    17.5055   4.466465    34.3586       2096     8.7292  0.000e+00
     11.687    17.4952   4.465753    34.3613       2097     8.7333  0.000e+00
     11.638    17.4876   4.464387    34.3560       2098     8.7375  0.000e+00
     11.602    17.4806   4.463941    34.3581       2099     8.7417  0.000e+00
     11.553    17.4748   4.462790    34.3531       2100     8.7458  0.000e+00
     11.508    17.4699   4.463962    34.3674       2101     8.7500  0.000e+00
     11.465    17.4685   4.463341    34.3632       2102     8.7542  0.000e+00
     11.420    17.4675   4.461947    34.3520       2103     8.7583  0.000e+00
     11.384    17.4630   4.459298    34.3330       2104     8.7625  0.000e+00
     11.332    17.4527   4.454114    34.2971       2105     8.7667  0.000e+00
     11.296    17.4339   4.452359    34.2979       2106     8.7708  0.000e+00
     11.254    17.4158   4.450576    34.2979       2107     8.7750  0.000e+00
     11.208    17.4004   4.449531    34.3019       2108     8.7792  0.000e+00
     11.163    17.3896   4.449274    34.3089       2109     8.7833  0.000e+00
     11.118    17.3827   4.448626    34.3092       2110     8.7875  0.000e+00
     11.069    17.3782   4.448668    34.3134       2111     8.7917  0.000e+00
     11.024    17.3755   4.447861    34.3087       2112     8.7958  0.000e+00
     10.966    17.3725   4.447492    34.3081       2113     8.8000  0.000e+00
     10.903    17.3696   4.446399    34.3011       2114     8.8042  0.000e+00
     10.836    17.3645   4.442926    34.2755       2115     8.8083  0.000e+00
     10.767    17.3532   4.440184    34.2614       2116     8.8125  0.000e+00
     10.700    17.3378   4.435204    34.2315       2117     8.8167  0.000e+00
     10.630    17.3160   4.429323    34.1991       2118     8.8208  0.000e+00
     10.576    17.2856   4.425244    34.1896       2119     8.8250  0.000e+00
     10.519    17.2558   4.423140    34.1966       2120     8.8292  0.000e+00
     10.473    17.2315   4.422779    34.2142       2121     8.8333  0.000e+00
     10.428    17.2178   4.421897    34.2181       2122     8.8375  0.000e+00
     10.391    17.2089   4.422752    34.2331       2123     8.8417  0.000e+00
     10.370    17.2057   4.421793    34.2275       2124     8.8458  0.000e+00
     10.334    17.2033   4.420960    34.2224       2125     8.8500  0.000e+00
     10.303    17.1989   4.421036    34.2268       2126     8.8542  0.000e+00
     10.276    17.1957   4.420390    34.2239       2127     8.8583  0.000e+00
     10.243    17.1929   4.420522    34.2274       2128     8.8625  0.000e+00
     10.207    17.1912   4.420057    34.2249       2129     8.8667  0.000e+00
     10.158    17.1894   4.419793    34.2241       2130     8.8708  0.000e+00
     10.113    17.1879   4.419745    34.2249       2131     8.8750  0.000e+00
     10.067    17.1864   4.419377    34.2230       2132     8.8792  0.000e+00
     10.022    17.1849   4.419356    34.2242       2133     8.8833  0.000e+00
      9.961    17.1836   4.417821    34.2120       2134     8.8875  0.000e+00
      9.904    17.1794   4.414996    34.1911       2135     8.8917  0.000e+00
      9.840    17.1672   4.413733    34.1905       2136     8.8958  0.000e+00
      9.789    17.1549   4.413574    34.1996       2137     8.9000  0.000e+00
      9.741    17.1493   4.413678    34.2053       2138     8.9042  0.000e+00
      9.689    17.1472   4.414587    34.2149       2139     8.9083  0.000e+00
      9.626    17.1495   4.414976    34.2164       2140     8.9125  0.000e+00
      9.574    17.1529   4.415232    34.2158       2141     8.9167  0.000e+00
      9.514    17.1563   4.416551    34.2244       2142     8.9208  0.000e+00
      9.453    17.1630   4.420154    34.2499       2143     8.9250  0.000e+00
      9.396    17.1781   4.421689    34.2505       2144     8.9292  0.000e+00
      9.344    17.1957   4.424439    34.2593       2145     8.9333  0.000e+00
      9.287    17.2150   4.427142    34.2664       2146     8.9375  0.000e+00
      9.223    17.2346   4.427663    34.2543       2147     8.9417  0.000e+00
      9.166    17.2487   4.425501    34.2237       2148     8.9458  0.000e+00
      9.096    17.2503   4.422570    34.1970       2149     8.9500  0.000e+00
      9.042    17.2409   4.421223    34.1932       2150     8.9542  0.000e+00
      8.978    17.2298   4.417098    34.1670       2151     8.9583  0.000e+00
      8.927    17.2131   4.416807    34.1786       2152     8.9625  0.000e+00
      8.879    17.2011   4.415675    34.1790       2153     8.9667  0.000e+00
      8.833    17.1926   4.415308    34.1830       2154     8.9708  0.000e+00
      8.797    17.1859   4.413524    34.1732       2155     8.9750  0.000e+00
      8.766    17.1791   4.412719    34.1720       2156     8.9792  0.000e+00
      8.724    17.1710   4.411061    34.1646       2157     8.9833  0.000e+00
      8.691    17.1614   4.408272    34.1485       2158     8.9875  0.000e+00
      8.661    17.1489   4.409667    34.1713       2159     8.9917  0.000e+00
      8.627    17.1430   4.411061    34.1884       2160     8.9958  0.000e+00
      8.585    17.1464   4.412074    34.1943       2161     9.0000  0.000e+00
      8.543    17.1526   4.411373    34.1829       2162     9.0042  0.000e+00
      8.497    17.1542   4.410235    34.1718       2163     9.0083  0.000e+00
      8.449    17.1513   4.410492    34.1765       2164     9.0125  0.000e+00
      8.406    17.1497   4.410340    34.1765       2165     9.0167  0.000e+00
      8.361    17.1484   4.409979    34.1745       2166     9.0208  0.000e+00
      8.325    17.1474   4.409438    34.1707       2167     9.0250  0.000e+00
      8.285    17.1449   4.408480    34.1645       2168     9.0292  0.000e+00
      8.243    17.1414   4.407912    34.1625       2169     9.0333  0.000e+00
      8.210    17.1368   4.405457    34.1452       2170     9.0375  0.000e+00
      8.176    17.1287   4.403363    34.1339       2171     9.0417  0.000e+00
      8.143    17.1175   4.400008    34.1143       2172     9.0458  0.000e+00
      8.106    17.1023   4.397866    34.1085       2173     9.0500  0.000e+00
      8.061    17.0864   4.391403    34.0659       2174     9.0542  0.000e+00
      8.028    17.0597   4.387907    34.0582       2175     9.0583  0.000e+00
      7.982    17.0326   4.384619    34.0526       2176     9.0625  0.000e+00
      7.937    17.0076   4.378483    34.0204       2177     9.0667  0.000e+00
      7.891    16.9780   4.374437    34.0102       2178     9.0708  0.000e+00
      7.840    16.9477   4.370442    34.0011       2179     9.0750  0.000e+00
      7.792    16.9211   4.368017    34.0026       2180     9.0792  0.000e+00
      7.737    16.8989   4.365792    34.0020       2181     9.0833  0.000e+00
      7.674    16.8812   4.363596    33.9979       2182     9.0875  0.000e+00
      7.607    16.8677   4.361220    33.9886       2183     9.0917  0.000e+00
      7.532    16.8547   4.358824    33.9787       2184     9.0958  0.000e+00
      7.468    16.8426   4.357830    33.9803       2185     9.1000  0.000e+00
      7.405    16.8343   4.356609    33.9767       2186     9.1042  0.000e+00
      7.338    16.8273   4.355995    33.9773       2187     9.1083  0.000e+00
      7.296    16.8226   4.355815    33.9798       2188     9.1125  0.000e+00
      7.253    16.8200   4.355615    33.9802       2189     9.1167  0.000e+00
      7.217    16.8189   4.356250    33.9867       2190     9.1208  0.000e+00
      7.184    16.8194   4.356098    33.9850       2191     9.1250  0.000e+00
      7.153    16.8196   4.355380    33.9785       2192     9.1292  0.000e+00
      7.114    16.8193   4.355587    33.9806       2193     9.1333  0.000e+00
      7.087    16.8189   4.355256    33.9781       2194     9.1375  0.000e+00
      7.053    16.8184   4.355380    33.9796       2195     9.1417  0.000e+00
      7.011    16.8179   4.355284    33.9792       2196     9.1458  0.000e+00
      6.969    16.8179   4.354821    33.9752       2197     9.1500  0.000e+00
      6.926    16.8184   4.354773    33.9744       2198     9.1542  0.000e+00
      6.878    16.8186   4.354745    33.9740       2199     9.1583  0.000e+00
      6.829    16.8188   4.354386    33.9707       2200     9.1625  0.000e+00
      6.787    16.8194   4.354545    33.9716       2201     9.1667  0.000e+00
      6.738    16.8195   4.354462    33.9708       2202     9.1708  0.000e+00
      6.696    16.8196   4.354773    33.9735       2203     9.1750  0.000e+00
      6.663    16.8194   4.355125    33.9767       2204     9.1792  0.000e+00
      6.626    16.8193   4.355076    33.9764       2205     9.1833  0.000e+00
      6.584    16.8196   4.354566    33.9717       2206     9.1875  0.000e+00
      6.548    16.8193   4.354290    33.9695       2207     9.1917  0.000e+00
      6.508    16.8196   4.354214    33.9687       2208     9.1958  0.000e+00
      6.466    16.8196   4.354221    33.9687       2209     9.2000  0.000e+00
      6.409    16.8196   4.354214    33.9687       2210     9.2042  0.000e+00
      6.351    16.8190   4.354214    33.9692       2211     9.2083  0.000e+00
      6.285    16.8186   4.353931    33.9671       2212     9.2125  0.000e+00
      6.218    16.8191   4.353931    33.9666       2213     9.2167  0.000e+00
      6.145    16.8195   4.354034    33.9673       2214     9.2208  0.000e+00
      6.076    16.8192   4.353903    33.9664       2215     9.2250  0.000e+00
      6.003    16.8194   4.353882    33.9661       2216     9.2292  0.000e+00
      5.955    16.8200   4.353931    33.9661       2217     9.2333  0.000e+00
      5.925    16.8203   4.353634    33.9632       2218     9.2375  0.000e+00
      5.897    16.8209   4.353599    33.9624       2219     9.2417  0.000e+00
      5.885    16.8218   4.353523    33.9610       2220     9.2458  0.000e+00
      5.885    16.8223   4.353420    33.9597       2221     9.2500  0.000e+00
      5.876    16.8228   4.353447    33.9594       2222     9.2542  0.000e+00
      5.879    16.8233   4.353447    33.9590       2223     9.2583  0.000e+00
      5.879    16.8235   4.353344    33.9580       2224     9.2625  0.000e+00
      5.861    16.8237   4.353268    33.9571       2225     9.2667  0.000e+00
      5.839    16.8243   4.353144    33.9556       2226     9.2708  0.000e+00
      5.812    16.8247   4.353130    33.9551       2227     9.2750  0.000e+00
      5.770    16.8249   4.352985    33.9537       2228     9.2792  0.000e+00
      5.718    16.8251   4.353013    33.9538       2229     9.2833  0.000e+00
      5.652    16.8250   4.352861    33.9525       2230     9.2875  0.000e+00
      5.591    16.8249   4.352861    33.9527       2231     9.2917  0.000e+00
      5.516    16.8250   4.352937    33.9533       2232     9.2958  0.000e+00
      5.440    16.8251   4.352985    33.9536       2233     9.3000  0.000e+00
      5.370    16.8252   4.352964    33.9534       2234     9.3042  0.000e+00
      5.304    16.8253   4.353068    33.9543       2235     9.3083  0.000e+00
      5.240    16.8254   4.353130    33.9548       2236     9.3125  0.000e+00
      5.180    16.8256   4.353116    33.9545       2237     9.3167  0.000e+00
      5.122    16.8258   4.353088    33.9541       2238     9.3208  0.000e+00
      5.065    16.8258   4.353068    33.9539       2239     9.3250  0.000e+00
      4.998    16.8259   4.353088    33.9541       2240     9.3292  0.000e+00
      4.920    16.8259   4.352888    33.9523       2241     9.3333  0.000e+00
      4.838    16.8256   4.352681    33.9508       2242     9.3375  0.000e+00
      4.751    16.8250   4.352860    33.9529       2243     9.3417  0.000e+00
      4.654    16.8250   4.353088    33.9550       2244     9.3458  0.000e+00
      4.563    16.8252   4.352998    33.9540       2245     9.3500  0.000e+00
      4.478    16.8251   4.353012    33.9542       2246     9.3542  0.000e+00
      4.403    16.8252   4.352860    33.9529       2247     9.3583  0.000e+00
      4.354    16.8250   4.352860    33.9531       2248     9.3625  0.000e+00
      4.321    16.8248   4.352784    33.9526       2249     9.3667  0.000e+00
      4.303    16.8248   4.352909    33.9537       2250     9.3708  0.000e+00
      4.303    16.8246   4.352909    33.9539       2251     9.3750  0.000e+00
      4.288    16.8243   4.352833    33.9534       2252     9.3792  0.000e+00
      4.287    16.8241   4.352708    33.9526       2253     9.3833  0.000e+00
      4.269    16.8241   4.352805    33.9534       2254     9.3875  0.000e+00
      4.239    16.8241   4.352481    33.9506       2255     9.3917  0.000e+00
      4.203    16.8234   4.352377    33.9503       2256     9.3958  0.000e+00
      4.151    16.8232   4.352350    33.9502       2257     9.4000  0.000e+00
      4.106    16.8228   4.352425    33.9513       2258     9.4042  0.000e+00
      4.054    16.8228   4.352757    33.9541       2259     9.4083  0.000e+00
      4.009    16.8232   4.352860    33.9547       2260     9.4125  0.000e+00
      3.976    16.8240   4.352653    33.9523       2261     9.4167  0.000e+00
      3.948    16.8241   4.352556    33.9514       2262     9.4208  0.000e+00
      3.930    16.8239   4.352570    33.9516       2263     9.4250  0.000e+00
      3.885    16.8237   4.352501    33.9512       2264     9.4292  0.000e+00
      3.833    16.8237   4.352453    33.9508       2265     9.4333  0.000e+00
      3.755    16.8240   4.352481    33.9508       2266     9.4375  0.000e+00
