HB2302/sbe032.cnv
* Sea-Bird SBE 19plus V2 Data File:
* FileName = C:\cruise\data\sbe032.hex
* Software Version Seasave V 7.26.7.121
* Temperature SN = 4758
* Conductivity SN = 4758
* System UpLoad Time = Jun 12 2023 00:18:26
* NMEA Latitude = 35 35.94 N
* NMEA Longitude = 075 02.04 W
* NMEA UTC (Time) = Jun 12 2023 00:18:27
** Cruise: HB2302
** Program: Ecomon
** Chief Scientist: Jerry Prezioso
# nquan = 7
# nvalues = 1116                                  
# units = specified
# name 0 = depSM: Depth [salt water, m]
# name 1 = tv290C: Temperature [ITS-90, deg C]
# name 2 = c0S/m: Conductivity [S/m]
# name 3 = sal00: Salinity, Practical [PSU]
# name 4 = scan: Scan Count
# name 5 = timeM: Time, Elapsed [minutes]
# name 6 = flag:  0.000e+00
# span 0 =     -0.072,     38.816                 
# span 1 =    17.4404,    23.0725                 
# span 2 =  -0.000037,   5.128315                 
# span 3 =     0.0000,    37.4466                 
# span 4 =         11,       1126                 
# span 5 =     0.0417,     4.6875                 
# span 6 = 0.0000e+00, 0.0000e+00                 
# interval = seconds: 0.25
# start_time = Jun 12 2023 00:18:27 [NMEA time, header]
# bad_flag = -9.990e-29
*END*
[from data line 206]
     21.358    18.6647   4.333422    32.2846        217     0.9000  0.000e+00
     21.503    18.6534   4.332630    32.2868        218     0.9042  0.000e+00
     21.663    18.6447   4.331956    32.2879        219     0.9083  0.000e+00
     21.829    18.6351   4.331797    32.2940        220     0.9125  0.000e+00
     21.996    18.6211   4.332355    32.3096        221     0.9167  0.000e+00
     22.174    18.6078   4.333368    32.3284        222     0.9208  0.000e+00
     22.344    18.5976   4.334966    32.3497        223     0.9250  0.000e+00
     22.528    18.5926   4.337956    32.3784        224     0.9292  0.000e+00
     22.706    18.5910   4.340940    32.4046        225     0.9333  0.000e+00
     22.885    18.5916   4.343842    32.4282        226     0.9375  0.000e+00
     23.063    18.6006   4.346256    32.4412        227     0.9417  0.000e+00
     23.227    18.6151   4.349180    32.4541        228     0.9458  0.000e+00
     23.408    18.6281   4.353326    32.4784        229     0.9500  0.000e+00
     23.559    18.6389   4.357860    32.5076        230     0.9542  0.000e+00
     23.723    18.6522   4.361837    32.5303        231     0.9583  0.000e+00
     23.877    18.6655   4.366589    32.5593        232     0.9625  0.000e+00
     24.028    18.6831   4.370480    32.5778        233     0.9667  0.000e+00
     24.176    18.7043   4.375927    32.6064        234     0.9708  0.000e+00
     24.318    18.7273   4.380070    32.6227        235     0.9750  0.000e+00
     24.470    18.7513   4.385550    32.6493        236     0.9792  0.000e+00
     24.621    18.7755   4.390638    32.6725        237     0.9833  0.000e+00
     24.772    18.8003   4.395868    32.6963        238     0.9875  0.000e+00
     24.926    18.8277   4.404247    32.7442        239     0.9917  0.000e+00
     25.078    18.8564   4.409420    32.7645        240     0.9958  0.000e+00
     25.232    18.8868   4.415575    32.7915        241     1.0000  0.000e+00
     25.389    18.9185   4.422761    32.8260        242     1.0042  0.000e+00
     25.549    18.9519   4.425428    32.8216        243     1.0083  0.000e+00
     25.704    18.9933   4.608727    34.3128        244     1.0125  0.000e+00
     25.870    19.5733   5.043954    37.4466        245     1.0167  0.000e+00
     26.030    20.8855   5.074178    36.5427        246     1.0208  0.000e+00
     26.193    21.8275   5.081084    35.8025        247     1.0250  0.000e+00
     26.354    22.3461   5.085319    35.4095        248     1.0292  0.000e+00
     26.499    22.6111   5.088064    35.2161        249     1.0333  0.000e+00
     26.659    22.7419   5.089388    35.1210        250     1.0375  0.000e+00
     26.813    22.8053   5.090574    35.0793        251     1.0417  0.000e+00
     26.965    22.8364   5.091989    35.0653        252     1.0458  0.000e+00
     27.113    22.8548   5.093146    35.0595        253     1.0500  0.000e+00
     27.261    22.8661   5.093861    35.0559        254     1.0542  0.000e+00
     27.415    22.8737   5.094569    35.0552        255     1.0583  0.000e+00
     27.557    22.8794   5.094687    35.0516        256     1.0625  0.000e+00
     27.705    22.8821   5.095107    35.0526        257     1.0667  0.000e+00
     27.848    22.8839   5.095071    35.0508        258     1.0708  0.000e+00
     27.990    22.8842   5.096015    35.0578        259     1.0750  0.000e+00
     28.138    22.8870   5.096848    35.0620        260     1.0792  0.000e+00
     28.283    22.8910   5.097608    35.0646        261     1.0833  0.000e+00
     28.419    22.8945   5.097940    35.0643        262     1.0875  0.000e+00
     28.564    22.8965   5.097976    35.0630        263     1.0917  0.000e+00
     28.716    22.8979   5.098773    35.0679        264     1.0958  0.000e+00
     28.864    22.9000   5.099142    35.0691        265     1.1000  0.000e+00
     29.012    22.9017   5.099363    35.0694        266     1.1042  0.000e+00
     29.163    22.9025   5.099710    35.0714        267     1.1083  0.000e+00
     29.323    22.9042   5.100787    35.0783        268     1.1125  0.000e+00
     29.490    22.9079   5.102861    35.0913        269     1.1167  0.000e+00
     29.653    22.9150   5.104078    35.0950        270     1.1208  0.000e+00
     29.834    22.9226   5.105274    35.0981        271     1.1250  0.000e+00
     30.001    22.9297   5.106691    35.1033        272     1.1292  0.000e+00
     30.182    22.9367   5.107577    35.1045        273     1.1333  0.000e+00
     30.361    22.9429   5.107134    35.0960        274     1.1375  0.000e+00
     30.539    22.9452   5.108522    35.1049        275     1.1417  0.000e+00
     30.715    22.9495   5.110729    35.1184        276     1.1458  0.000e+00
     30.884    22.9576   5.113129    35.1304        277     1.1500  0.000e+00
     31.044    22.9685   5.113786    35.1267        278     1.1542  0.000e+00
     31.201    22.9765   5.113956    35.1215        279     1.1583  0.000e+00
     31.356    22.9811   5.116017    35.1337        280     1.1625  0.000e+00
     31.510    22.9882   5.117066    35.1361        281     1.1667  0.000e+00
     31.652    22.9957   5.117598    35.1342        282     1.1708  0.000e+00
     31.791    23.0009   5.118374    35.1359        283     1.1750  0.000e+00
     31.924    23.0058   5.119889    35.1436        284     1.1792  0.000e+00
     32.057    23.0124   5.121056    35.1473        285     1.1833  0.000e+00
     32.187    23.0198   5.121825    35.1473        286     1.1875  0.000e+00
     32.314    23.0256   5.121973    35.1438        287     1.1917  0.000e+00
     32.438    23.0289   5.122542    35.1454        288     1.1958  0.000e+00
     32.565    23.0316   5.123259    35.1487        289     1.2000  0.000e+00
     32.686    23.0363   5.123998    35.1507        290     1.2042  0.000e+00
     32.810    23.0404   5.124892    35.1543        291     1.2083  0.000e+00
     32.931    23.0449   5.125883    35.1582        292     1.2125  0.000e+00
     33.049    23.0497   5.126356    35.1580        293     1.2167  0.000e+00
     33.170    23.0535   5.126400    35.1553        294     1.2208  0.000e+00
     33.294    23.0560   5.126925    35.1573        295     1.2250  0.000e+00
     33.424    23.0583   5.126999    35.1560        296     1.2292  0.000e+00
     33.557    23.0594   5.127133    35.1560        297     1.2333  0.000e+00
     33.693    23.0601   5.127488    35.1582        298     1.2375  0.000e+00
     33.838    23.0615   5.127547    35.1575        299     1.2417  0.000e+00
     33.999    23.0623   5.127687    35.1579        300     1.2458  0.000e+00
     34.156    23.0631   5.127939    35.1591        301     1.2500  0.000e+00
     34.325    23.0637   5.127946    35.1586        302     1.2542  0.000e+00
     34.486    23.0639   5.127798    35.1573        303     1.2583  0.000e+00
     34.655    23.0630   5.127909    35.1588        304     1.2625  0.000e+00
     34.827    23.0625   5.128087    35.1605        305     1.2667  0.000e+00
     34.994    23.0620   5.128205    35.1618        306     1.2708  0.000e+00
     35.157    23.0614   5.128058    35.1611        307     1.2750  0.000e+00
     35.311    23.0602   5.127459    35.1573        308     1.2792  0.000e+00
     35.462    23.0567   5.126172    35.1502        309     1.2833  0.000e+00
     35.604    23.0508   5.125256    35.1478        310     1.2875  0.000e+00
     35.741    23.0432   5.124288    35.1464        311     1.2917  0.000e+00
     35.868    23.0357   5.122240    35.1365        312     1.2958  0.000e+00
     35.989    23.0242   5.118775    35.1189        313     1.3000  0.000e+00
     36.109    23.0032   5.097204    34.9693        314     1.3042  0.000e+00
     36.221    22.9101   5.034840    34.5621        315     1.3083  0.000e+00
     36.336    22.6449   4.971596    34.2819        316     1.3125  0.000e+00
     36.451    22.2441   4.913988    34.1489        317     1.3167  0.000e+00
     36.566    21.8082   4.881743    34.2403        318     1.3208  0.000e+00
     36.678    21.4425   4.846202    34.2502        319     1.3250  0.000e+00
     36.790    21.1184   4.809878    34.2201        320     1.3292  0.000e+00
     36.914    20.8202   4.780722    34.2258        321     1.3333  0.000e+00
     37.035    20.5543   4.761093    34.2822        322     1.3375  0.000e+00
     37.168    20.3305   4.738051    34.2768        323     1.3417  0.000e+00
     37.295    20.1285   4.709328    34.2072        324     1.3458  0.000e+00
     37.437    19.9215   4.687396    34.1964        325     1.3500  0.000e+00
     37.579    19.7232   4.665237    34.1763        326     1.3542  0.000e+00
     37.730    19.5345   4.650086    34.2058        327     1.3583  0.000e+00
     37.882    19.3555   4.616496    34.0748        328     1.3625  0.000e+00
     38.042    19.1507   4.597881    34.0883        329     1.3667  0.000e+00
     38.193    18.9542   4.585057    34.1430        330     1.3708  0.000e+00
     38.356    18.8057   4.569248    34.1334        331     1.3750  0.000e+00
     38.514    18.6654   4.548730    34.0774        332     1.3792  0.000e+00
     38.668    18.5118   4.529374    34.0416        333     1.3833  0.000e+00
     38.771    18.3476   4.503248    33.9571        334     1.3875  0.000e+00
     38.816    18.1605   4.471936    33.8470        335     1.3917  0.000e+00
     38.813    17.9345   4.443368    33.7913        336     1.3958  0.000e+00
     38.762    17.6895   4.438104    33.9502        337     1.4000  0.000e+00
     38.722    17.5262   4.442010    34.1206        338     1.4042  0.000e+00
     38.713    17.4582   4.444001    34.1950        339     1.4083  0.000e+00
     38.701    17.4404   4.446751    34.2337        340     1.4125  0.000e+00
     38.683    17.4454   4.448867    34.2477        341     1.4167  0.000e+00
     38.641    17.4601   4.450406    34.2486        342     1.4208  0.000e+00
     38.608    17.4775   4.451555    34.2438        343     1.4250  0.000e+00
     38.568    17.4929   4.452711    34.2408        344     1.4292  0.000e+00
     38.547    17.5075   4.454229    34.2415        345     1.4333  0.000e+00
     38.514    17.5222   4.456319    34.2471        346     1.4375  0.000e+00
     38.490    17.5394   4.459280    34.2580        347     1.4417  0.000e+00
     38.463    17.5608   4.463505    34.2763        348     1.4458  0.000e+00
     38.441    17.5899   4.468498    34.2946        349     1.4500  0.000e+00
     38.423    17.6270   4.473207    34.3038        350     1.4542  0.000e+00
     38.414    17.6671   4.476710    34.3000        351     1.4583  0.000e+00
     38.402    17.7047   4.478734    34.2856        352     1.4625  0.000e+00
     38.390    17.7342   4.480186    34.2732        353     1.4667  0.000e+00
     38.390    17.7556   4.480982    34.2620        354     1.4708  0.000e+00
     38.396    17.7701   4.481185    34.2515        355     1.4750  0.000e+00
     38.402    17.7791   4.480870    34.2412        356     1.4792  0.000e+00
     38.414    17.7826   4.480661    34.2365        357     1.4833  0.000e+00
     38.426    17.7830   4.480081    34.2312        358     1.4875  0.000e+00
     38.426    17.7815   4.480451    34.2356        359     1.4917  0.000e+00
     38.435    17.7818   4.481464    34.2440        360     1.4958  0.000e+00
     38.426    17.7861   4.482428    34.2487        361     1.5000  0.000e+00
     38.423    17.7927   4.483671    34.2537        362     1.5042  0.000e+00
     38.414    17.8019   4.485354    34.2604        363     1.5083  0.000e+00
     38.393    17.8136   4.487919    34.2725        364     1.5125  0.000e+00
     38.372    17.8312   4.491770    34.2906        365     1.5167  0.000e+00
     38.345    17.8562   4.497105    34.3152        366     1.5208  0.000e+00
     38.312    17.8924   4.506572    34.3656        367     1.5250  0.000e+00
     38.269    17.9486   4.512768    34.3712        368     1.5292  0.000e+00
     38.233    18.0077   4.517581    34.3624        369     1.5333  0.000e+00
     38.182    18.0606   4.524099    34.3735        370     1.5375  0.000e+00
     38.094    18.1141   4.530151    34.3799        371     1.5417  0.000e+00
     37.988    18.1679   4.539949    34.4181        372     1.5458  0.000e+00
     37.852    18.2348   4.553544    34.4772        373     1.5500  0.000e+00
     37.701    18.3230   4.564988    34.5000        374     1.5542  0.000e+00
     37.544    18.4243   4.601648    34.7250        375     1.5583  0.000e+00
     37.383    18.6143   4.652980    34.9976        376     1.5625  0.000e+00
     37.232    18.9085   4.672795    34.9152        377     1.5667  0.000e+00
     37.090    19.1661   4.698965    34.9169        378     1.5708  0.000e+00
     36.963    19.3939   4.728139    34.9682        379     1.5750  0.000e+00
     36.839    19.6286   4.758965    35.0267        380     1.5792  0.000e+00
     36.730    19.8670   4.785338    35.0445        381     1.5833  0.000e+00
     36.631    20.0973   4.808354    35.0413        382     1.5875  0.000e+00
     36.546    20.3073   4.830877    35.0506        383     1.5917  0.000e+00
     36.455    20.5015   4.845105    35.0055        384     1.5958  0.000e+00
     36.386    20.6589   4.862648    35.0176        385     1.6000  0.000e+00
     36.310    20.8090   4.901674    35.2087        386     1.6042  0.000e+00
     36.232    21.0222   4.936052    35.3091        387     1.6083  0.000e+00
     36.165    21.2700   4.967700    35.3579        388     1.6125  0.000e+00
     36.099    21.5175   4.989477    35.3277        389     1.6167  0.000e+00
     36.017    21.7381   5.022503    35.4087        390     1.6208  0.000e+00
     35.951    21.9856   5.079503    35.6559        391     1.6250  0.000e+00
     35.875    22.3165   5.104807    35.5830        392     1.6292  0.000e+00
     35.793    22.6101   5.111062    35.3927        393     1.6333  0.000e+00
     35.712    22.7886   5.111923    35.2551        394     1.6375  0.000e+00
     35.612    22.8811   5.115075    35.2052        395     1.6417  0.000e+00
     35.530    22.9321   5.116293    35.1737        396     1.6458  0.000e+00
     35.428    22.9617   5.118295    35.1655        397     1.6500  0.000e+00
     35.331    22.9800   5.118435    35.1519        398     1.6542  0.000e+00
     35.234    22.9911   5.120031    35.1554        399     1.6583  0.000e+00
     35.128    23.0006   5.120991    35.1552        400     1.6625  0.000e+00
     35.029    23.0087   5.123172    35.1656        401     1.6667  0.000e+00
     34.929    23.0197   5.125433    35.1743        402     1.6708  0.000e+00
     34.826    23.0335   5.126313    35.1701        403     1.6750  0.000e+00
     34.726    23.0445   5.127311    35.1690        404     1.6792  0.000e+00
     34.623    23.0540   5.127747    35.1648        405     1.6833  0.000e+00
     34.527    23.0606   5.127887    35.1606        406     1.6875  0.000e+00
     34.427    23.0649   5.128028    35.1583        407     1.6917  0.000e+00
     34.327    23.0679   5.128057    35.1562        408     1.6958  0.000e+00
     34.234    23.0698   5.128116    35.1551        409     1.7000  0.000e+00
     34.137    23.0708   5.128227    35.1552        410     1.7042  0.000e+00
     34.055    23.0716   5.128294    35.1551        411     1.7083  0.000e+00
     33.967    23.0720   5.128257    35.1545        412     1.7125  0.000e+00
     33.889    23.0722   5.128293    35.1546        413     1.7167  0.000e+00
     33.816    23.0723   5.128116    35.1532        414     1.7208  0.000e+00
     33.738    23.0720   5.128086    35.1533        415     1.7250  0.000e+00
     33.674    23.0719   5.128145    35.1538        416     1.7292  0.000e+00
     33.602    23.0719   5.128286    35.1549        417     1.7333  0.000e+00
     33.529    23.0722   5.128264    35.1545        418     1.7375  0.000e+00
     33.463    23.0724   5.128315    35.1548        419     1.7417  0.000e+00
     33.396    23.0725   5.128204    35.1539        420     1.7458  0.000e+00
