HB2302/sbe171.cnv
* Sea-Bird SBE 19plus V2 Data File:
* FileName = C:\cruise\data\sbe171.hex
* Software Version Seasave V 7.26.7.121
* Temperature SN = 4758
* Conductivity SN = 4758
* System UpLoad Time = Jun 24 2023 07:24:06
* NMEA Latitude = 39 30.69 N
* NMEA Longitude = 068 31.39 W
* NMEA UTC (Time) = Jun 24 2023 07:24:05
** Cruise: HB2302
** Program: Ecomon
** Chief Scientist: Jerry Prezioso
# nquan = 7
# nvalues = 2519                                  
# units = specified
# name 0 = depSM: Depth [salt water, m]
# name 1 = tv290C: Temperature [ITS-90, deg C]
# name 2 = c0S/m: Conductivity [S/m]
# name 3 = sal00: Salinity, Practical [PSU]
# name 4 = scan: Scan Count
# name 5 = timeM: Time, Elapsed [minutes]
# name 6 = flag:  0.000e+00
# span 0 =     -0.059,     11.611                 
# span 1 =    21.9690,    22.2740                 
# span 2 =   0.002950,   5.064995                 
# span 3 =     0.0213,    35.4040                 
# span 4 =         11,       2529                 
# span 5 =     0.0417,    10.5333                 
# span 6 = 0.0000e+00, 0.0000e+00                 
# interval = seconds: 0.25
# start_time = Jun 24 2023 07:24:05 [NMEA time, header]
# bad_flag = -9.990e-29
*END*
[from data line 1026]
      4.174    22.1902   5.047264    35.2456       1037     4.3167  0.000e+00
      4.165    22.1984   5.045597    35.2259       1038     4.3208  0.000e+00
      4.165    22.2015   5.046118    35.2274       1039     4.3250  0.000e+00
      4.171    22.2019   5.038578    35.1680       1040     4.3292  0.000e+00
      4.183    22.1934   5.031469    35.1191       1041     4.3333  0.000e+00
      4.192    22.1777   5.030215    35.1220       1042     4.3375  0.000e+00
      4.192    22.1640   5.028250    35.1176       1043     4.3417  0.000e+00
      4.201    22.1539   5.026461    35.1118       1044     4.3458  0.000e+00
      4.198    22.1459   5.026373    35.1176       1045     4.3500  0.000e+00
      4.210    22.1406   5.024871    35.1100       1046     4.3542  0.000e+00
      4.213    22.1356   5.024079    35.1079       1047     4.3583  0.000e+00
      4.210    22.1312   5.025794    35.1249       1048     4.3625  0.000e+00
      4.213    22.1310   5.026740    35.1325       1049     4.3667  0.000e+00
      4.219    22.1333   5.028001    35.1406       1050     4.3708  0.000e+00
      4.216    22.1364   5.026696    35.1278       1051     4.3750  0.000e+00
      4.201    22.1373   5.025069    35.1143       1052     4.3792  0.000e+00
      4.177    22.1346   5.024541    35.1123       1053     4.3833  0.000e+00
      4.162    22.1316   5.025039    35.1187       1054     4.3875  0.000e+00
      4.150    22.1309   5.026520    35.1309       1055     4.3917  0.000e+00
      4.153    22.1327   5.026462    35.1290       1056     4.3958  0.000e+00
      4.147    22.1341   5.026117    35.1252       1057     4.4000  0.000e+00
      4.132    22.1345   5.026601    35.1286       1058     4.4042  0.000e+00
      4.114    22.1351   5.028118    35.1400       1059     4.4083  0.000e+00
      4.105    22.1376   5.028793    35.1434       1060     4.4125  0.000e+00
      4.080    22.1411   5.031374    35.1608       1061     4.4167  0.000e+00
      4.074    22.1469   5.037067    35.2008       1062     4.4208  0.000e+00
      4.074    22.1584   5.044349    35.2486       1063     4.4250  0.000e+00
      4.065    22.1756   5.047903    35.2626       1064     4.4292  0.000e+00
      4.041    22.1911   5.048755    35.2567       1065     4.4333  0.000e+00
      4.023    22.2016   5.048130    35.2432       1066     4.4375  0.000e+00
      4.002    22.2066   5.046793    35.2287       1067     4.4417  0.000e+00
      3.974    22.2083   5.049276    35.2468       1068     4.4458  0.000e+00
      3.938    22.2099   5.050180    35.2526       1069     4.4500  0.000e+00
      3.896    22.2119   5.050863    35.2564       1070     4.4542  0.000e+00
      3.838    22.2131   5.051355    35.2593       1071     4.4583  0.000e+00
      3.775    22.2138   5.051590    35.2606       1072     4.4625  0.000e+00
      3.724    22.2144   5.051678    35.2608       1073     4.4667  0.000e+00
      3.672    22.2136   5.051634    35.2611       1074     4.4708  0.000e+00
      3.624    22.2132   5.051502    35.2604       1075     4.4750  0.000e+00
      3.585    22.2135   5.051296    35.2586       1076     4.4792  0.000e+00
      3.560    22.2140   5.050510    35.2520       1077     4.4833  0.000e+00
      3.542    22.2146   5.050040    35.2479       1078     4.4875  0.000e+00
      3.536    22.2146   5.047990    35.2318       1079     4.4917  0.000e+00
      3.539    22.2134   5.048020    35.2330       1080     4.4958  0.000e+00
      3.545    22.2125   5.047814    35.2321       1081     4.5000  0.000e+00
      3.548    22.2117   5.043812    35.2013       1082     4.5042  0.000e+00
      3.536    22.2068   5.041418    35.1866       1083     4.5083  0.000e+00
      3.500    22.2000   5.042322    35.1992       1084     4.5125  0.000e+00
      3.461    22.1969   5.044965    35.2224       1085     4.5167  0.000e+00
      3.412    22.1987   5.045538    35.2255       1086     4.5208  0.000e+00
      3.346    22.2013   5.045185    35.2206       1087     4.5250  0.000e+00
      3.282    22.2023   5.044223    35.2122       1088     4.5292  0.000e+00
      3.225    22.2015   5.041330    35.1902       1089     4.5333  0.000e+00
      3.198    22.1968   5.035393    35.1475       1090     4.5375  0.000e+00
      3.204    22.1865   5.034263    35.1470       1091     4.5417  0.000e+00
      3.246    22.1772   5.034586    35.1570       1092     4.5458  0.000e+00
      3.316    22.1717   5.035482    35.1685       1093     4.5500  0.000e+00
      3.400    22.1705   5.037624    35.1862       1094     4.5542  0.000e+00
      3.470    22.1730   5.037096    35.1801       1095     4.5583  0.000e+00
      3.524    22.1746   5.036656    35.1753       1096     4.5625  0.000e+00
      3.548    22.1749   5.037911    35.1849       1097     4.5667  0.000e+00
      3.545    22.1763   5.037155    35.1778       1098     4.5708  0.000e+00
      3.524    22.1766   5.035291    35.1629       1099     4.5750  0.000e+00
      3.464    22.1743   5.034293    35.1570       1100     4.5792  0.000e+00
      3.352    22.1709   5.032995    35.1496       1101     4.5833  0.000e+00
      3.195    22.1670   5.031880    35.1441       1102     4.5875  0.000e+00
      3.001    22.1629   5.030420    35.1360       1103     4.5917  0.000e+00
      2.799    22.1580   5.028161    35.1223       1104     4.5958  0.000e+00
      2.599    22.1519   5.024334    35.0972       1105     4.6000  0.000e+00
      2.430    22.1415   5.021491    35.0834       1106     4.6042  0.000e+00
      2.315    22.1302   5.021168    35.0901       1107     4.6083  0.000e+00
      2.267    22.1222   5.021081    35.0959       1108     4.6125  0.000e+00
      2.276    22.1179   5.021169    35.1000       1109     4.6167  0.000e+00
      2.342    22.1158   5.021249    35.1024       1110     4.6208  0.000e+00
      2.448    22.1148   5.021462    35.1048       1111     4.6250  0.000e+00
      2.578    22.1151   5.022158    35.1100       1112     4.6292  0.000e+00
      2.690    22.1163   5.022869    35.1146       1113     4.6333  0.000e+00
      2.796    22.1184   5.025237    35.1314       1114     4.6375  0.000e+00
      2.889    22.1231   5.027275    35.1436       1115     4.6417  0.000e+00
      2.944    22.1302   5.027546    35.1399       1116     4.6458  0.000e+00
      2.962    22.1357   5.026930    35.1306       1117     4.6500  0.000e+00
      2.962    22.1379   5.027018    35.1296       1118     4.6542  0.000e+00
      2.904    22.1388   5.027047    35.1291       1119     4.6583  0.000e+00
      2.805    22.1390   5.026519    35.1248       1120     4.6625  0.000e+00
      2.675    22.1384   5.025471    35.1171       1121     4.6667  0.000e+00
      2.542    22.1360   5.023726    35.1054       1122     4.6708  0.000e+00
      2.433    22.1318   5.023638    35.1082       1123     4.6750  0.000e+00
      2.378    22.1286   5.023001    35.1058       1124     4.6792  0.000e+00
      2.366    22.1257   5.022825    35.1067       1125     4.6833  0.000e+00
      2.381    22.1238   5.022979    35.1094       1126     4.6875  0.000e+00
      2.412    22.1226   5.022561    35.1072       1127     4.6917  0.000e+00
      2.460    22.1217   5.022620    35.1083       1128     4.6958  0.000e+00
      2.496    22.1209   5.022224    35.1059       1129     4.7000  0.000e+00
      2.529    22.1200   5.022246    35.1067       1130     4.7042  0.000e+00
      2.545    22.1192   5.022275    35.1076       1131     4.7083  0.000e+00
      2.557    22.1189   5.022422    35.1090       1132     4.7125  0.000e+00
      2.548    22.1191   5.022393    35.1086       1133     4.7167  0.000e+00
      2.502    22.1191   5.021953    35.1052       1134     4.7208  0.000e+00
      2.433    22.1185   5.021557    35.1025       1135     4.7250  0.000e+00
      2.354    22.1175   5.021286    35.1012       1136     4.7292  0.000e+00
      2.218    22.1164   5.021345    35.1027       1137     4.7333  0.000e+00
      2.064    22.1157   5.021447    35.1041       1138     4.7375  0.000e+00
      1.913    22.1156   5.021462    35.1044       1139     4.7417  0.000e+00
      1.786    22.1158   5.021462    35.1042       1140     4.7458  0.000e+00
      1.704    22.1158   5.021359    35.1035       1141     4.7500  0.000e+00
      1.665    22.1155   5.021374    35.1038       1142     4.7542  0.000e+00
      1.662    22.1157   5.021374    35.1037       1143     4.7583  0.000e+00
      1.698    22.1155   5.021308    35.1033       1144     4.7625  0.000e+00
      1.762    22.1151   5.021374    35.1041       1145     4.7667  0.000e+00
      1.843    22.1153   5.021550    35.1053       1146     4.7708  0.000e+00
      1.937    22.1157   5.021586    35.1053       1147     4.7750  0.000e+00
      2.015    22.1161   5.021550    35.1046       1148     4.7792  0.000e+00
      2.094    22.1163   5.021374    35.1031       1149     4.7833  0.000e+00
      2.148    22.1159   5.021359    35.1032       1150     4.7875  0.000e+00
      2.185    22.1155   5.021198    35.1023       1151     4.7917  0.000e+00
      2.194    22.1153   5.021139    35.1020       1152     4.7958  0.000e+00
      2.185    22.1150   5.021198    35.1027       1153     4.8000  0.000e+00
      2.161    22.1147   5.021432    35.1048       1154     4.8042  0.000e+00
      2.109    22.1148   5.021520    35.1054       1155     4.8083  0.000e+00
      2.055    22.1150   5.021586    35.1058       1156     4.8125  0.000e+00
      2.000    22.1155   5.021491    35.1046       1157     4.8167  0.000e+00
      1.943    22.1155   5.021315    35.1033       1158     4.8208  0.000e+00
      1.907    22.1152   5.021315    35.1035       1159     4.8250  0.000e+00
      1.888    22.1149   5.021278    35.1035       1160     4.8292  0.000e+00
      1.885    22.1143   5.021286    35.1040       1161     4.8333  0.000e+00
      1.873    22.1142   5.021432    35.1053       1162     4.8375  0.000e+00
      1.867    22.1143   5.021616    35.1066       1163     4.8417  0.000e+00
      1.864    22.1148   5.021344    35.1041       1164     4.8458  0.000e+00
      1.837    22.1145   5.021982    35.1094       1165     4.8500  0.000e+00
      1.801    22.1160   5.022751    35.1142       1166     4.8542  0.000e+00
      1.740    22.1180   5.021608    35.1036       1167     4.8583  0.000e+00
      1.671    22.1174   5.021718    35.1049       1168     4.8625  0.000e+00
      1.583    22.1166   5.021308    35.1025       1169     4.8667  0.000e+00
      1.465    22.1156   5.021139    35.1020       1170     4.8708  0.000e+00
      1.356    22.1146   5.020992    35.1017       1171     4.8750  0.000e+00
      1.302    22.1136   5.020941    35.1021       1172     4.8792  0.000e+00
      1.272    22.1130   5.021022    35.1032       1173     4.8833  0.000e+00
      1.281    22.1127   5.020963    35.1030       1174     4.8875  0.000e+00
      1.329    22.1128   5.021000    35.1032       1175     4.8917  0.000e+00
      1.405    22.1128   5.020963    35.1028       1176     4.8958  0.000e+00
      1.498    22.1127   5.021051    35.1036       1177     4.9000  0.000e+00
      1.601    22.1127   5.021110    35.1040       1178     4.9042  0.000e+00
      1.686    22.1129   5.021168    35.1043       1179     4.9083  0.000e+00
      1.749    22.1133   5.021198    35.1042       1180     4.9125  0.000e+00
      1.783    22.1134   5.021249    35.1045       1181     4.9167  0.000e+00
      1.789    22.1133   5.021198    35.1042       1182     4.9208  0.000e+00
      1.743    22.1133   5.021081    35.1033       1183     4.9250  0.000e+00
      1.662    22.1131   5.021308    35.1052       1184     4.9292  0.000e+00
      1.532    22.1131   5.021139    35.1039       1185     4.9333  0.000e+00
      1.374    22.1135   5.021110    35.1035       1186     4.9375  0.000e+00
      1.241    22.1133   5.021110    35.1037       1187     4.9417  0.000e+00
      1.142    22.1133   5.021256    35.1048       1188     4.9458  0.000e+00
      1.057    22.1135   5.021461    35.1063       1189     4.9500  0.000e+00
      1.000    22.1140   5.021637    35.1073       1190     4.9542  0.000e+00
      0.969    22.1146   5.021666    35.1071       1191     4.9583  0.000e+00
      0.933    22.1151   5.021776    35.1076       1192     4.9625  0.000e+00
      0.909    22.1161   5.021894    35.1077       1193     4.9667  0.000e+00
      0.918    22.1165   5.021894    35.1074       1194     4.9708  0.000e+00
      0.951    22.1168   5.021776    35.1062       1195     4.9750  0.000e+00
      1.000    22.1169   5.021776    35.1061       1196     4.9792  0.000e+00
      1.048    22.1167   5.021388    35.1032       1197     4.9833  0.000e+00
      1.081    22.1159   5.021168    35.1021       1198     4.9875  0.000e+00
      1.102    22.1151   5.021080    35.1020       1199     4.9917  0.000e+00
      1.124    22.1140   5.021029    35.1025       1200     4.9958  0.000e+00
      1.139    22.1134   5.020992    35.1027       1201     5.0000  0.000e+00
      1.169    22.1133   5.021139    35.1039       1202     5.0042  0.000e+00
      1.184    22.1133   5.021307    35.1052       1203     5.0083  0.000e+00
      1.184    22.1140   5.021608    35.1070       1204     5.0125  0.000e+00
      1.172    22.1148   5.021491    35.1055       1205     5.0167  0.000e+00
      1.136    22.1156   5.021417    35.1043       1206     5.0208  0.000e+00
      1.087    22.1156   5.021637    35.1060       1207     5.0250  0.000e+00
      0.988    22.1160   5.022392    35.1117       1208     5.0292  0.000e+00
      0.845    22.1176   5.022700    35.1128       1209     5.0333  0.000e+00
      0.697    22.1193   5.022421    35.1093       1210     5.0375  0.000e+00
      0.616    22.1196   5.021637    35.1029       1211     5.0417  0.000e+00
      0.610    22.1188   5.021476    35.1023       1212     5.0458  0.000e+00
      0.573    22.1175   5.021373    35.1025       1213     5.0500  0.000e+00
      0.528    22.1165   5.021285    35.1027       1214     5.0542  0.000e+00
      0.492    22.1160   5.021307    35.1033       1215     5.0583  0.000e+00
      0.489    22.1155   5.021168    35.1026       1216     5.0625  0.000e+00
      0.525    22.1141   5.021139    35.1035       1217     5.0667  0.000e+00
      0.582    22.1136   5.021307    35.1052       1218     5.0708  0.000e+00
      0.643    22.1140   5.021344    35.1051       1219     5.0750  0.000e+00
      0.700    22.1143   5.021285    35.1044       1220     5.0792  0.000e+00
      0.749    22.1150   5.021337    35.1043       1221     5.0833  0.000e+00
      0.773    22.1152   5.021227    35.1032       1222     5.0875  0.000e+00
      0.791    22.1154   5.021285    35.1035       1223     5.0917  0.000e+00
      0.794    22.1152   5.021461    35.1051       1224     5.0958  0.000e+00
      0.797    22.1154   5.021498    35.1052       1225     5.1000  0.000e+00
      0.788    22.1153   5.021520    35.1054       1226     5.1042  0.000e+00
      0.755    22.1153   5.021520    35.1055       1227     5.1083  0.000e+00
      0.646    22.1148   5.021446    35.1053       1228     5.1125  0.000e+00
      0.492    22.1149   5.021402    35.1049       1229     5.1167  0.000e+00
      0.380    22.1146   5.021256    35.1041       1230     5.1208  0.000e+00
      0.362    22.1142   5.021248    35.1043       1231     5.1250  0.000e+00
      0.343    22.1143   5.021344    35.1050       1232     5.1292  0.000e+00
      0.289    22.1142   5.021402    35.1056       1233     5.1333  0.000e+00
      0.247    22.1146   5.021336    35.1047       1234     5.1375  0.000e+00
      0.204    22.1145   5.021461    35.1058       1235     5.1417  0.000e+00
      0.138    22.1149   5.021080    35.1025       1236     5.1458  0.000e+00
      0.062    22.1140   5.020779    35.1009       1237     5.1500  0.000e+00
     -0.019    22.1122   2.061324    13.1332       1238     5.1542  0.000e+00
     -0.037    22.1110   0.699378     4.0872       1239     5.1583  0.000e+00
     -0.040    22.1115   0.445883     2.5284       1240     5.1625  0.000e+00
