HB2302/sbe118.cnv
* Sea-Bird SBE 19plus V2 Data File:
* FileName = C:\cruise\data\sbe118.hex
* Software Version Seasave V 7.26.7.121
* Temperature SN = 4758
* Conductivity SN = 4758
* System UpLoad Time = Jun 19 2023 10:36:53
* NMEA Latitude = 42 28.00 N
* NMEA Longitude = 067 29.82 W
* NMEA UTC (Time) = Jun 19 2023 10:36:53
** Cruise: HB2302
** Program: Ecomon
** Chief Scientist: Jerry Prezioso
# nquan = 7
# nvalues = 4839                                  
# units = specified
# name 0 = depSM: Depth [salt water, m]
# name 1 = tv290C: Temperature [ITS-90, deg C]
# name 2 = c0S/m: Conductivity [S/m]
# name 3 = sal00: Salinity, Practical [PSU]
# name 4 = scan: Scan Count
# name 5 = timeM: Time, Elapsed [minutes]
# name 6 = flag:  0.000e+00
# span 0 =     -0.088,    186.957                 
# span 1 =     7.3065,    11.4731                 
# span 2 =   0.002083,   3.745581                 
# span 3 =     0.0163,    34.7080                 
# span 4 =         11,       4849                 
# span 5 =     0.0417,    20.2000                 
# span 6 = 0.0000e+00, 0.0000e+00                 
# interval = seconds: 0.25
# start_time = Jun 19 2023 10:36:53 [NMEA time, header]
# bad_flag = -9.990e-29
*END*
[from data line 2052]
    142.359     8.6727   3.607137    34.1208       2063     8.5917  0.000e+00
    142.311     8.6721   3.607047    34.1205       2064     8.5958  0.000e+00
    142.251     8.6711   3.606913    34.1200       2065     8.6000  0.000e+00
    142.206     8.6705   3.606779    34.1193       2066     8.6042  0.000e+00
    142.160     8.6697   3.606734    34.1195       2067     8.6083  0.000e+00
    142.118     8.6691   3.606779    34.1206       2068     8.6125  0.000e+00
    142.067     8.6690   3.606619    34.1191       2069     8.6167  0.000e+00
    142.028     8.6686   3.606600    34.1193       2070     8.6208  0.000e+00
    141.995     8.6683   3.606465    34.1182       2071     8.6250  0.000e+00
    141.952     8.6675   3.606350    34.1177       2072     8.6292  0.000e+00
    141.919     8.6671   3.606331    34.1179       2073     8.6333  0.000e+00
    141.874     8.6667   3.606421    34.1193       2074     8.6375  0.000e+00
    141.832     8.6667   3.605928    34.1141       2075     8.6417  0.000e+00
    141.784     8.6654   3.604612    34.1015       2076     8.6458  0.000e+00
    141.732     8.6618   3.604049    34.0991       2077     8.6500  0.000e+00
    141.681     8.6577   3.603315    34.0954       2078     8.6542  0.000e+00
    141.612     8.6531   3.601283    34.0785       2079     8.6583  0.000e+00
    141.534     8.6463   3.599948    34.0710       2080     8.6625  0.000e+00
    141.449     8.6378   3.597738    34.0560       2081     8.6667  0.000e+00
    141.374     8.6281   3.596531    34.0526       2082     8.6708  0.000e+00
    141.289     8.6188   3.593990    34.0348       2083     8.6750  0.000e+00
    141.199     8.6081   3.592171    34.0260       2084     8.6792  0.000e+00
    141.118     8.5966   3.590812    34.0227       2085     8.6833  0.000e+00
    141.042     8.5869   3.589747    34.0209       2086     8.6875  0.000e+00
    140.970     8.5781   3.587233    34.0029       2087     8.6917  0.000e+00
    140.889     8.5680   3.585970    33.9993       2088     8.6958  0.000e+00
    140.831     8.5580   3.585103    33.9998       2089     8.7000  0.000e+00
    140.762     8.5503   3.584510    34.0010       2090     8.7042  0.000e+00
    140.717     8.5446   3.583860    33.9997       2091     8.7083  0.000e+00
    140.660     8.5399   3.583018    33.9953       2092     8.7125  0.000e+00
    140.605     8.5355   3.582508    33.9942       2093     8.7167  0.000e+00
    140.560     8.5315   3.581775    33.9903       2094     8.7208  0.000e+00
    140.509     8.5274   3.580934    33.9854       2095     8.7250  0.000e+00
    140.452     8.5230   3.580621    33.9863       2096     8.7292  0.000e+00
    140.403     8.5196   3.580424    33.9876       2097     8.7333  0.000e+00
    140.346     8.5171   3.580029    33.9858       2098     8.7375  0.000e+00
    140.277     8.5151   3.579799    33.9854       2099     8.7417  0.000e+00
    140.214     8.5132   3.579340    33.9824       2100     8.7458  0.000e+00
    140.150     8.5108   3.577919    33.9697       2101     8.7500  0.000e+00
    140.072     8.5056   3.574205    33.9356       2102     8.7542  0.000e+00
    139.997     8.4938   3.572632    33.9303       2103     8.7583  0.000e+00
    139.930     8.4814   3.571817    33.9336       2104     8.7625  0.000e+00
    139.855     8.4721   3.571550    33.9398       2105     8.7667  0.000e+00
    139.795     8.4660   3.570754    33.9373       2106     8.7708  0.000e+00
    139.731     8.4605   3.568036    33.9138       2107     8.7750  0.000e+00
    139.674     8.4511   3.566960    33.9116       2108     8.7792  0.000e+00
    139.617     8.4420   3.565923    33.9093       2109     8.7833  0.000e+00
    139.569     8.4341   3.565191    33.9093       2110     8.7875  0.000e+00
    139.523     8.4276   3.565083    33.9143       2111     8.7917  0.000e+00
    139.481     8.4233   3.564600    33.9134       2112     8.7958  0.000e+00
    139.439     8.4201   3.564313    33.9135       2113     8.8000  0.000e+00
    139.385     8.4175   3.564046    33.9131       2114     8.8042  0.000e+00
    139.331     8.4153   3.562876    33.9029       2115     8.8083  0.000e+00
    139.282     8.4123   3.562507    33.9020       2116     8.8125  0.000e+00
    139.213     8.4096   3.562418    33.9036       2117     8.8167  0.000e+00
    139.150     8.4081   3.562437    33.9052       2118     8.8208  0.000e+00
    139.074     8.4075   3.562462    33.9062       2119     8.8250  0.000e+00
    138.999     8.4074   3.562437    33.9060       2120     8.8292  0.000e+00
    138.936     8.4078   3.562392    33.9052       2121     8.8333  0.000e+00
    138.854     8.4078   3.562417    33.9055       2122     8.8375  0.000e+00
    138.779     8.4080   3.562545    33.9067       2123     8.8417  0.000e+00
    138.701     8.4090   3.562545    33.9058       2124     8.8458  0.000e+00
    138.628     8.4097   3.562545    33.9051       2125     8.8500  0.000e+00
    138.568     8.4103   3.562525    33.9044       2126     8.8542  0.000e+00
    138.502     8.4106   3.562614    33.9051       2127     8.8583  0.000e+00
    138.436     8.4112   3.562589    33.9042       2128     8.8625  0.000e+00
    138.372     8.4115   3.562614    33.9043       2129     8.8667  0.000e+00
    138.315     8.4118   3.562659    33.9044       2130     8.8708  0.000e+00
    138.258     8.4121   3.562659    33.9042       2131     8.8750  0.000e+00
    138.204     8.4123   3.562748    33.9050       2132     8.8792  0.000e+00
    138.152     8.4128   3.562792    33.9050       2133     8.8833  0.000e+00
    138.098     8.4133   3.562811    33.9048       2134     8.8875  0.000e+00
    138.041     8.4141   3.562811    33.9040       2135     8.8917  0.000e+00
    137.984     8.4142   3.562703    33.9028       2136     8.8958  0.000e+00
    137.929     8.4142   3.562792    33.9038       2137     8.9000  0.000e+00
    137.878     8.4143   3.562799    33.9038       2138     8.9042  0.000e+00
    137.818     8.4145   3.562792    33.9035       2139     8.9083  0.000e+00
    137.764     8.4147   3.562900    33.9045       2140     8.9125  0.000e+00
    137.706     8.4157   3.562945    33.9040       2141     8.9167  0.000e+00
    137.655     8.4166   3.562945    33.9032       2142     8.9208  0.000e+00
    137.607     8.4171   3.562945    33.9027       2143     8.9250  0.000e+00
    137.556     8.4176   3.562945    33.9023       2144     8.9292  0.000e+00
    137.510     8.4178   3.562875    33.9013       2145     8.9333  0.000e+00
    137.465     8.4181   3.562900    33.9014       2146     8.9375  0.000e+00
    137.411     8.4184   3.562811    33.9002       2147     8.9417  0.000e+00
    137.369     8.4185   3.562767    33.8996       2148     8.9458  0.000e+00
    137.318     8.4185   3.562569    33.8975       2149     8.9500  0.000e+00
    137.263     8.4187   3.562614    33.8979       2150     8.9542  0.000e+00
    137.200     8.4186   3.562658    33.8985       2151     8.9583  0.000e+00
    137.146     8.4188   3.562652    33.8982       2152     8.9625  0.000e+00
    137.070     8.4189   3.562703    33.8987       2153     8.9667  0.000e+00
    136.992     8.4189   3.562506    33.8966       2154     8.9708  0.000e+00
    136.917     8.4188   3.562302    33.8946       2155     8.9750  0.000e+00
    136.835     8.4188   3.562219    33.8937       2156     8.9792  0.000e+00
    136.754     8.4186   3.562086    33.8926       2157     8.9833  0.000e+00
    136.679     8.4188   3.562105    33.8927       2158     8.9875  0.000e+00
    136.603     8.4194   3.562016    33.8912       2159     8.9917  0.000e+00
    136.525     8.4194   3.561710    33.8880       2160     8.9958  0.000e+00
    136.462     8.4187   3.560279    33.8736       2161     9.0000  0.000e+00
    136.407     8.4151   3.558957    33.8630       2162     9.0042  0.000e+00
    136.350     8.4087   3.558251    33.8617       2163     9.0083  0.000e+00
    136.302     8.4028   3.557393    33.8584       2164     9.0125  0.000e+00
    136.248     8.3972   3.556713    33.8566       2165     9.0167  0.000e+00
    136.199     8.3919   3.556318    33.8575       2166     9.0208  0.000e+00
    136.148     8.3875   3.556166    33.8601       2167     9.0250  0.000e+00
    136.097     8.3847   3.556153    33.8627       2168     9.0292  0.000e+00
    136.049     8.3831   3.556121    33.8639       2169     9.0333  0.000e+00
    135.998     8.3824   3.556096    33.8644       2170     9.0375  0.000e+00
    135.949     8.3818   3.556032    33.8643       2171     9.0417  0.000e+00
    135.898     8.3815   3.556032    33.8646       2172     9.0458  0.000e+00
    135.844     8.3811   3.555924    33.8638       2173     9.0500  0.000e+00
    135.787     8.3809   3.555765    33.8624       2174     9.0542  0.000e+00
    135.741     8.3801   3.555765    33.8632       2175     9.0583  0.000e+00
    135.696     8.3797   3.555746    33.8634       2176     9.0625  0.000e+00
    135.639     8.3793   3.555791    33.8643       2177     9.0667  0.000e+00
    135.591     8.3794   3.555791    33.8642       2178     9.0708  0.000e+00
    135.542     8.3795   3.555683    33.8629       2179     9.0750  0.000e+00
    135.482     8.3793   3.555683    33.8632       2180     9.0792  0.000e+00
    135.434     8.3790   3.555505    33.8616       2181     9.0833  0.000e+00
    135.371     8.3782   3.555238    33.8596       2182     9.0875  0.000e+00
    135.313     8.3773   3.555085    33.8589       2183     9.0917  0.000e+00
    135.256     8.3762   3.555041    33.8595       2184     9.0958  0.000e+00
    135.193     8.3754   3.555022    33.8601       2185     9.1000  0.000e+00
    135.139     8.3750   3.554977    33.8600       2186     9.1042  0.000e+00
    135.081     8.3745   3.554888    33.8595       2187     9.1083  0.000e+00
    135.030     8.3744   3.554844    33.8592       2188     9.1125  0.000e+00
    134.979     8.3742   3.554825    33.8592       2189     9.1167  0.000e+00
    134.925     8.3740   3.554780    33.8590       2190     9.1208  0.000e+00
    134.883     8.3739   3.554755    33.8588       2191     9.1250  0.000e+00
    134.837     8.3738   3.554736    33.8588       2192     9.1292  0.000e+00
    134.786     8.3738   3.554710    33.8585       2193     9.1333  0.000e+00
    134.741     8.3735   3.554735    33.8591       2194     9.1375  0.000e+00
    134.684     8.3734   3.554710    33.8589       2195     9.1417  0.000e+00
    134.629     8.3735   3.554646    33.8582       2196     9.1458  0.000e+00
    134.569     8.3734   3.554672    33.8586       2197     9.1500  0.000e+00
    134.503     8.3733   3.554735    33.8594       2198     9.1542  0.000e+00
    134.433     8.3734   3.554672    33.8586       2199     9.1583  0.000e+00
    134.367     8.3735   3.554646    33.8583       2200     9.1625  0.000e+00
    134.289     8.3732   3.554538    33.8575       2201     9.1667  0.000e+00
    134.213     8.3729   3.554386    33.8562       2202     9.1708  0.000e+00
    134.135     8.3723   3.554144    33.8543       2203     9.1750  0.000e+00
    134.060     8.3714   3.554055    33.8542       2204     9.1792  0.000e+00
    133.975     8.3707   3.553877    33.8531       2205     9.1833  0.000e+00
    133.906     8.3697   3.553451    33.8495       2206     9.1875  0.000e+00
    133.834     8.3683   3.552733    33.8433       2207     9.1917  0.000e+00
    133.761     8.3651   3.551024    33.8283       2208     9.1958  0.000e+00
    133.692     8.3589   3.550516    33.8289       2209     9.2000  0.000e+00
    133.629     8.3529   3.549944    33.8286       2210     9.2042  0.000e+00
    133.572     8.3480   3.549462    33.8282       2211     9.2083  0.000e+00
    133.511     8.3437   3.549354    33.8313       2212     9.2125  0.000e+00
    133.454     8.3410   3.549354    33.8339       2213     9.2167  0.000e+00
    133.400     8.3397   3.549220    33.8338       2214     9.2208  0.000e+00
    133.342     8.3386   3.549201    33.8346       2215     9.2250  0.000e+00
    133.297     8.3382   3.549220    33.8353       2216     9.2292  0.000e+00
    133.249     8.3379   3.549138    33.8347       2217     9.2333  0.000e+00
    133.213     8.3376   3.549004    33.8336       2218     9.2375  0.000e+00
    133.174     8.3373   3.548807    33.8318       2219     9.2417  0.000e+00
    133.135     8.3365   3.548655    33.8309       2220     9.2458  0.000e+00
    133.104     8.3358   3.548522    33.8303       2221     9.2500  0.000e+00
    133.083     8.3350   3.548503    33.8308       2222     9.2542  0.000e+00
    133.053     8.3343   3.548611    33.8327       2223     9.2583  0.000e+00
    133.029     8.3342   3.548630    33.8329       2224     9.2625  0.000e+00
    133.002     8.3343   3.548566    33.8322       2225     9.2667  0.000e+00
    132.963     8.3343   3.548522    33.8318       2226     9.2708  0.000e+00
    132.927     8.3342   3.548522    33.8318       2227     9.2750  0.000e+00
    132.881     8.3341   3.548503    33.8318       2228     9.2792  0.000e+00
    132.836     8.3340   3.548477    33.8317       2229     9.2833  0.000e+00
    132.779     8.3339   3.548503    33.8320       2230     9.2875  0.000e+00
    132.719     8.3337   3.548458    33.8317       2231     9.2917  0.000e+00
    132.655     8.3338   3.548458    33.8317       2232     9.2958  0.000e+00
    132.589     8.3338   3.548369    33.8308       2233     9.3000  0.000e+00
    132.517     8.3336   3.548388    33.8312       2234     9.3042  0.000e+00
    132.444     8.3335   3.548388    33.8314       2235     9.3083  0.000e+00
    132.363     8.3334   3.548433    33.8319       2236     9.3125  0.000e+00
    132.288     8.3335   3.548413    33.8317       2237     9.3167  0.000e+00
    132.212     8.3335   3.548413    33.8317       2238     9.3208  0.000e+00
    132.128     8.3335   3.548217    33.8297       2239     9.3250  0.000e+00
    132.047     8.3332   3.548191    33.8297       2240     9.3292  0.000e+00
    131.971     8.3327   3.548102    33.8293       2241     9.3333  0.000e+00
    131.893     8.3324   3.547797    33.8264       2242     9.3375  0.000e+00
    131.812     8.3314   3.547753    33.8270       2243     9.3417  0.000e+00
    131.739     8.3304   3.547556    33.8258       2244     9.3458  0.000e+00
    131.673     8.3294   3.547467    33.8259       2245     9.3500  0.000e+00
    131.598     8.3284   3.547340    33.8255       2246     9.3542  0.000e+00
    131.525     8.3276   3.546921    33.8219       2247     9.3583  0.000e+00
    131.471     8.3262   3.546286    33.8165       2248     9.3625  0.000e+00
    131.405     8.3232   3.546108    33.8175       2249     9.3667  0.000e+00
    131.347     8.3206   3.545956    33.8185       2250     9.3708  0.000e+00
    131.302     8.3189   3.545651    33.8169       2251     9.3750  0.000e+00
    131.254     8.3171   3.545581    33.8180       2252     9.3792  0.000e+00
    131.215     8.3155   3.545740    33.8212       2253     9.3833  0.000e+00
    131.185     8.3154   3.545626    33.8201       2254     9.3875  0.000e+00
    131.155     8.3151   3.545365    33.8176       2255     9.3917  0.000e+00
    131.121     8.3141   3.545454    33.8195       2256     9.3958  0.000e+00
    131.091     8.3136   3.545080    33.8160       2257     9.4000  0.000e+00
    131.058     8.3127   3.545168    33.8179       2258     9.4042  0.000e+00
    131.016     8.3118   3.544508    33.8117       2259     9.4083  0.000e+00
    130.962     8.3102   3.544553    33.8138       2260     9.4125  0.000e+00
    130.910     8.3088   3.544553    33.8152       2261     9.4167  0.000e+00
    130.850     8.3079   3.544267    33.8130       2262     9.4208  0.000e+00
    130.781     8.3069   3.544337    33.8148       2263     9.4250  0.000e+00
    130.705     8.3064   3.544660    33.8187       2264     9.4292  0.000e+00
    130.624     8.3068   3.544260    33.8141       2265     9.4333  0.000e+00
    130.546     8.3064   3.543702    33.8086       2266     9.4375  0.000e+00
