HB2302/sbe137.cnv
* Sea-Bird SBE 19plus V2 Data File:
* FileName = C:\cruise\data\sbe137.hex
* Software Version Seasave V 7.26.7.121
* Temperature SN = 4758
* Conductivity SN = 4758
* System UpLoad Time = Jun 21 2023 02:25:35
* NMEA Latitude = 43 57.01 N
* NMEA Longitude = 068 12.14 W
* NMEA UTC (Time) = Jun 21 2023 02:25:35
** Cruise: HB2302
** Program: Ecomon
** Chief Scientist: Jerry Prezioso
# nquan = 7
# nvalues = 2968                                  
# units = specified
# name 0 = depSM: Depth [salt water, m]
# name 1 = tv290C: Temperature [ITS-90, deg C]
# name 2 = c0S/m: Conductivity [S/m]
# name 3 = sal00: Salinity, Practical [PSU]
# name 4 = scan: Scan Count
# name 5 = timeM: Time, Elapsed [minutes]
# name 6 = flag:  0.000e+00
# span 0 =      0.009,    102.670                 
# span 1 =     7.8372,    10.9859                 
# span 2 =  -0.136741,   3.598518                 
# span 3 =     0.0000,    32.8983                 
# span 4 =         11,       2978                 
# span 5 =     0.0417,    12.4042                 
# span 6 = 0.0000e+00, 0.0000e+00                 
# interval = seconds: 0.25
# start_time = Jun 21 2023 02:25:35 [NMEA time, header]
# bad_flag = -9.990e-29
*END*
      0.015    10.9813   0.003193     0.0228         11     0.0417  0.000e+00
      0.018    10.9811   0.003196     0.0228         12     0.0458  0.000e+00
      0.015    10.9809   0.003193     0.0228         13     0.0500  0.000e+00
      0.021    10.9809   0.003196     0.0228         14     0.0542  0.000e+00
      0.018    10.9812   0.003202     0.0229         15     0.0583  0.000e+00
      0.015    10.9812   0.003208     0.0229         16     0.0625  0.000e+00
      0.015    10.9812   0.003202     0.0229         17     0.0667  0.000e+00
      0.015    10.9811   0.003193     0.0228         18     0.0708  0.000e+00
      0.012    10.9810   0.003196     0.0228         19     0.0750  0.000e+00
      0.018    10.9808   0.003193     0.0228         20     0.0792  0.000e+00
      0.018    10.9810   0.003190     0.0228         21     0.0833  0.000e+00
      0.015    10.9810   0.003196     0.0228         22     0.0875  0.000e+00
      0.012    10.9810   0.003193     0.0228         23     0.0917  0.000e+00
      0.015    10.9810   0.003190     0.0228         24     0.0958  0.000e+00
      0.015    10.9807   0.003184     0.0228         25     0.1000  0.000e+00
      0.012    10.9804   0.003196     0.0228         26     0.1042  0.000e+00
      0.012    10.9806   0.003190     0.0228         27     0.1083  0.000e+00
      0.015    10.9808   0.003196     0.0228         28     0.1125  0.000e+00
      0.018    10.9808   0.003184     0.0228         29     0.1167  0.000e+00
      0.012    10.9805   0.003190     0.0228         30     0.1208  0.000e+00
      0.012    10.9808   0.003196     0.0228         31     0.1250  0.000e+00
      0.015    10.9806   0.003193     0.0228         32     0.1292  0.000e+00
      0.015    10.9804   0.003196     0.0228         33     0.1333  0.000e+00
      0.012    10.9806   0.003205     0.0229         34     0.1375  0.000e+00
      0.018    10.9804   0.003208     0.0229         35     0.1417  0.000e+00
      0.009    10.9802   0.003199     0.0229         36     0.1458  0.000e+00
      0.015    10.9803   0.003202     0.0229         37     0.1500  0.000e+00
      0.012    10.9802   0.003202     0.0229         38     0.1542  0.000e+00
      0.009    10.9805   0.003208     0.0229         39     0.1583  0.000e+00
      0.012    10.9804   0.003208     0.0229         40     0.1625  0.000e+00
      0.012    10.9804   0.003208     0.0229         41     0.1667  0.000e+00
      0.018    10.9802   0.003208     0.0229         42     0.1708  0.000e+00
      0.018    10.9802   0.003205     0.0229         43     0.1750  0.000e+00
      0.018    10.9802   0.003214     0.0229         44     0.1792  0.000e+00
      0.021    10.9804   0.003214     0.0229         45     0.1833  0.000e+00
      0.021    10.9802   0.003214     0.0229         46     0.1875  0.000e+00
      0.021    10.9802   0.003202     0.0229         47     0.1917  0.000e+00
      0.021    10.9801   0.003214     0.0229         48     0.1958  0.000e+00
      0.021    10.9800   0.003214     0.0229         49     0.2000  0.000e+00
      0.021    10.9800   0.003220     0.0230         50     0.2042  0.000e+00
      0.018    10.9802   0.003217     0.0230         51     0.2083  0.000e+00
      0.018    10.9802   0.003214     0.0229         52     0.2125  0.000e+00
      0.015    10.9801   0.003214     0.0229         53     0.2167  0.000e+00
      0.018    10.9798   0.003214     0.0229         54     0.2208  0.000e+00
      0.018    10.9798   0.003214     0.0229         55     0.2250  0.000e+00
      0.009    10.9800   0.003223     0.0230         56     0.2292  0.000e+00
      0.009    10.9801   0.003226     0.0230         57     0.2333  0.000e+00
      0.015    10.9800   0.003229     0.0230         58     0.2375  0.000e+00
      0.018    10.9798   0.003220     0.0230         59     0.2417  0.000e+00
      0.015    10.9797   0.003214     0.0229         60     0.2458  0.000e+00
      0.021    10.9799   0.003217     0.0230         61     0.2500  0.000e+00
      0.015    10.9798   0.003220     0.0230         62     0.2542  0.000e+00
      0.012    10.9798   0.003217     0.0230         63     0.2583  0.000e+00
      0.021    10.9798   0.003226     0.0230         64     0.2625  0.000e+00
      0.024    10.9800   0.003217     0.0230         65     0.2667  0.000e+00
      0.018    10.9794   0.003208     0.0229         66     0.2708  0.000e+00
      0.021    10.9796   0.003217     0.0230         67     0.2750  0.000e+00
      0.024    10.9798   0.003226     0.0230         68     0.2792  0.000e+00
      0.021    10.9796   0.003223     0.0230         69     0.2833  0.000e+00
      0.015    10.9799   0.003229     0.0230         70     0.2875  0.000e+00
      0.015    10.9797   0.003226     0.0230         71     0.2917  0.000e+00
      0.024    10.9798   0.003229     0.0230         72     0.2958  0.000e+00
      0.021    10.9796   0.003220     0.0230         73     0.3000  0.000e+00
      0.021    10.9797   0.003217     0.0230         74     0.3042  0.000e+00
      0.021    10.9796   0.003229     0.0230         75     0.3083  0.000e+00
      0.027    10.9798   0.003223     0.0230         76     0.3125  0.000e+00
      0.024    10.9798   0.003229     0.0230         77     0.3167  0.000e+00
      0.024    10.9798   0.003226     0.0230         78     0.3208  0.000e+00
      0.024    10.9798   0.003229     0.0230         79     0.3250  0.000e+00
      0.018    10.9796   0.003229     0.0230         80     0.3292  0.000e+00
      0.021    10.9795   0.003217     0.0230         81     0.3333  0.000e+00
      0.024    10.9794   0.003226     0.0230         82     0.3375  0.000e+00
      0.018    10.9793   0.003229     0.0230         83     0.3417  0.000e+00
      0.024    10.9796   0.003226     0.0230         84     0.3458  0.000e+00
      0.021    10.9797   0.003217     0.0230         85     0.3500  0.000e+00
      0.021    10.9801   0.003202     0.0229         86     0.3542  0.000e+00
      0.109    10.9823   0.003615     0.0254         87     0.3583  0.000e+00
      0.281    10.9859  -0.136741     0.0000         88     0.3625  0.000e+00
      0.468    10.9828   2.057390    17.2857         89     0.3667  0.000e+00
      0.655    10.9181   1.636935    13.4996         90     0.3708  0.000e+00
      0.824    10.8757   2.334504    19.9043         91     0.3750  0.000e+00
      0.990    10.8657   2.204211    18.6970         92     0.3792  0.000e+00
      1.168    10.8547   2.688779    23.2550         93     0.3833  0.000e+00
      1.337    10.8374   2.685735    23.2370         94     0.3875  0.000e+00
      1.506    10.8206   2.150791    18.2245         95     0.3917  0.000e+00
      1.677    10.8083   2.452757    21.0501         96     0.3958  0.000e+00
      1.831    10.7978   2.504039    21.5394         97     0.4000  0.000e+00
      1.970    10.7896   2.136103    18.1037         98     0.4042  0.000e+00
      2.112    10.7823   3.010474    26.3890         99     0.4083  0.000e+00
      2.251    10.7779   2.883618    25.1685        100     0.4125  0.000e+00
      2.393    10.7749   2.275047    19.4028        101     0.4167  0.000e+00
      2.540    10.7735   2.432240    20.8767        102     0.4208  0.000e+00
      2.673    10.7722   2.514763    21.6555        103     0.4250  0.000e+00
      2.809    10.7720   2.068541    17.4873        104     0.4292  0.000e+00
      2.942    10.7720   1.990413    16.7677        105     0.4333  0.000e+00
      3.071    10.7716   2.447676    21.0229        106     0.4375  0.000e+00
      3.180    10.7714   3.394809    30.1479        107     0.4417  0.000e+00
      3.286    10.7713   3.326518    29.4767        108     0.4458  0.000e+00
      3.382    10.7613   2.804925    24.4238        109     0.4500  0.000e+00
      3.476    10.7370   2.103932    17.8312        110     0.4542  0.000e+00
      3.572    10.7175   2.061479    17.4479        111     0.4583  0.000e+00
      3.681    10.7102   2.633813    22.8219        112     0.4625  0.000e+00
      3.793    10.7113   3.595195    32.1821        113     0.4667  0.000e+00
      3.907    10.7252   3.592744    32.1455        114     0.4708  0.000e+00
      4.028    10.7475   3.591410    32.1126        115     0.4750  0.000e+00
      4.164    10.7488   3.590229    32.0997        116     0.4792  0.000e+00
      4.299    10.7368   3.589610    32.1040        117     0.4833  0.000e+00
      4.441    10.7238   3.589477    32.1140        118     0.4875  0.000e+00
      4.580    10.7133   3.589643    32.1249        119     0.4917  0.000e+00
      4.722    10.7040   3.590651    32.1430        120     0.4958  0.000e+00
      4.864    10.6979   3.593191    32.1736        121     0.5000  0.000e+00
      4.996    10.6964   3.595285    32.1957        122     0.5042  0.000e+00
      5.135    10.6978   3.596083    32.2024        123     0.5083  0.000e+00
      5.256    10.6998   3.596287    32.2026        124     0.5125  0.000e+00
      5.376    10.6882   3.597041    32.2203        125     0.5167  0.000e+00
      5.482    10.6637   3.597380    32.2452        126     0.5208  0.000e+00
      5.594    10.6478   3.597489    32.2603        127     0.5250  0.000e+00
      5.696    10.6251   3.597623    32.2816        128     0.5292  0.000e+00
      5.799    10.5997   3.598026    32.3081        129     0.5333  0.000e+00
      5.904    10.5824   3.598518    32.3283        130     0.5375  0.000e+00
      6.004    10.5799   3.598000    32.3253        131     0.5417  0.000e+00
      6.112    10.5842   3.596046    32.3019        132     0.5458  0.000e+00
      6.230    10.5930   3.593167    32.2653        133     0.5500  0.000e+00
      6.345    10.6249   3.591035    32.2159        134     0.5542  0.000e+00
      6.468    10.6601   3.590365    32.1781        135     0.5583  0.000e+00
      6.595    10.6770   3.589165    32.1512        136     0.5625  0.000e+00
      6.728    10.6846   3.587985    32.1327        137     0.5667  0.000e+00
      6.867    10.6885   3.587564    32.1250        138     0.5708  0.000e+00
      7.005    10.6829   3.587462    32.1289        139     0.5750  0.000e+00
      7.150    10.6704   3.587590    32.1410        140     0.5792  0.000e+00
      7.277    10.6605   3.587718    32.1510        141     0.5833  0.000e+00
      7.413    10.6535   3.587922    32.1592        142     0.5875  0.000e+00
      7.539    10.6479   3.587922    32.1640        143     0.5917  0.000e+00
      7.657    10.6429   3.587877    32.1680        144     0.5958  0.000e+00
      7.769    10.6388   3.587654    32.1693        145     0.6000  0.000e+00
      7.877    10.6357   3.587546    32.1708        146     0.6042  0.000e+00
      7.986    10.6339   3.587463    32.1716        147     0.6083  0.000e+00
      8.085    10.6327   3.587431    32.1723        148     0.6125  0.000e+00
      8.182    10.6307   3.587099    32.1707        149     0.6167  0.000e+00
      8.288    10.6282   3.586742    32.1693        150     0.6208  0.000e+00
      8.393    10.6262   3.586347    32.1671        151     0.6250  0.000e+00
      8.493    10.6270   3.585748    32.1603        152     0.6292  0.000e+00
      8.610    10.6278   3.584880    32.1509        153     0.6333  0.000e+00
      8.725    10.6234   3.584300    32.1490        154     0.6375  0.000e+00
      8.834    10.6152   3.584020    32.1534        155     0.6417  0.000e+00
      8.960    10.6058   3.583746    32.1588        156     0.6458  0.000e+00
      9.075    10.5989   3.583280    32.1603        157     0.6500  0.000e+00
      9.196    10.5951   3.583102    32.1618        158     0.6542  0.000e+00
      9.328    10.5921   3.583280    32.1661        159     0.6583  0.000e+00
      9.455    10.5880   3.583395    32.1708        160     0.6625  0.000e+00
      9.579    10.5817   3.583217    32.1746        161     0.6667  0.000e+00
      9.709    10.5771   3.582905    32.1755        162     0.6708  0.000e+00
      9.838    10.5750   3.582707    32.1753        163     0.6750  0.000e+00
      9.956    10.5743   3.582592    32.1747        164     0.6792  0.000e+00
     10.074    10.5735   3.582376    32.1732        165     0.6833  0.000e+00
     10.179    10.5719   3.581866    32.1695        166     0.6875  0.000e+00
     10.285    10.5688   3.581643    32.1699        167     0.6917  0.000e+00
     10.396    10.5655   3.581464    32.1711        168     0.6958  0.000e+00
     10.493    10.5627   3.580954    32.1684        169     0.7000  0.000e+00
     10.598    10.5606   3.579871    32.1594        170     0.7042  0.000e+00
     10.695    10.5589   3.578826    32.1504        171     0.7083  0.000e+00
     10.795    10.5543   3.578342    32.1496        172     0.7125  0.000e+00
     10.906    10.5487   3.578252    32.1536        173     0.7167  0.000e+00
     11.012    10.5424   3.578163    32.1582        174     0.7208  0.000e+00
     11.114    10.5336   3.578030    32.1646        175     0.7250  0.000e+00
     11.229    10.5257   3.577851    32.1697        176     0.7292  0.000e+00
     11.362    10.5195   3.577699    32.1737        177     0.7333  0.000e+00
     11.482    10.5141   3.577654    32.1779        178     0.7375  0.000e+00
     11.609    10.5101   3.577673    32.1816        179     0.7417  0.000e+00
     11.745    10.5081   3.577788    32.1844        180     0.7458  0.000e+00
     11.869    10.5078   3.578005    32.1868        181     0.7500  0.000e+00
     12.001    10.5086   3.578139    32.1874        182     0.7542  0.000e+00
     12.131    10.5096   3.578342    32.1884        183     0.7583  0.000e+00
     12.252    10.5103   3.578566    32.1900        184     0.7625  0.000e+00
     12.378    10.5108   3.578827    32.1921        185     0.7667  0.000e+00
     12.499    10.5114   3.579069    32.1939        186     0.7708  0.000e+00
     12.617    10.5123   3.579381    32.1962        187     0.7750  0.000e+00
     12.728    10.5124   3.579713    32.1994        188     0.7792  0.000e+00
     12.837    10.5128   3.579891    32.2008        189     0.7833  0.000e+00
     12.949    10.5137   3.579981    32.2009        190     0.7875  0.000e+00
     13.048    10.5155   3.579904    32.1985        191     0.7917  0.000e+00
     13.151    10.5189   3.579560    32.1920        192     0.7958  0.000e+00
     13.253    10.5227   3.579095    32.1839        193     0.8000  0.000e+00
     13.356    10.5251   3.578540    32.1762        194     0.8042  0.000e+00
     13.467    10.5257   3.578031    32.1705        195     0.8083  0.000e+00
     13.561    10.5257   3.577591    32.1661        196     0.8125  0.000e+00
     13.670    10.5251   3.577145    32.1621        197     0.8167  0.000e+00
     13.778    10.5232   3.576661    32.1589        198     0.8208  0.000e+00
     13.890    10.5179   3.576260    32.1596        199     0.8250  0.000e+00
     14.004    10.5118   3.575935    32.1616        200     0.8292  0.000e+00
     14.125    10.5068   3.575572    32.1624        201     0.8333  0.000e+00
     14.246    10.5018   3.575311    32.1641        202     0.8375  0.000e+00
     14.372    10.4965   3.574979    32.1655        203     0.8417  0.000e+00
     14.502    10.4909   3.574757    32.1681        204     0.8458  0.000e+00
     14.635    10.4850   3.574757    32.1733        205     0.8500  0.000e+00
     14.765    10.4806   3.574910    32.1786        206     0.8542  0.000e+00
     14.900    10.4767   3.575133    32.1842        207     0.8583  0.000e+00
     15.030    10.4750   3.575286    32.1872        208     0.8625  0.000e+00
     15.163    10.4749   3.575286    32.1872        209     0.8667  0.000e+00
     15.290    10.4749   3.575267    32.1871        210     0.8708  0.000e+00
     15.416    10.4751   3.575311    32.1873        211     0.8750  0.000e+00
     15.543    10.4757   3.575356    32.1871        212     0.8792  0.000e+00
     15.670    10.4763   3.575528    32.1882        213     0.8833  0.000e+00
     15.781    10.4765   3.575662    32.1893        214     0.8875  0.000e+00
     15.905    10.4773   3.575751    32.1895        215     0.8917  0.000e+00
