HB2302/sbe164.cnv
* Sea-Bird SBE 19plus V2 Data File:
* FileName = C:\cruise\data\sbe164.hex
* Software Version Seasave V 7.26.7.121
* Temperature SN = 4758
* Conductivity SN = 4758
* System UpLoad Time = Jun 23 2023 09:37:35
* NMEA Latitude = 41 53.26 N
* NMEA Longitude = 068 49.96 W
* NMEA UTC (Time) = Jun 23 2023 09:37:35
** Cruise: HB2302
** Program: Ecomon
** Chief Scientist: Jerry Prezioso
# nquan = 7
# nvalues = 3595                                  
# units = specified
# name 0 = depSM: Depth [salt water, m]
# name 1 = tv290C: Temperature [ITS-90, deg C]
# name 2 = c0S/m: Conductivity [S/m]
# name 3 = sal00: Salinity, Practical [PSU]
# name 4 = scan: Scan Count
# name 5 = timeM: Time, Elapsed [minutes]
# name 6 = flag:  0.000e+00
# span 0 =     -0.068,    159.576                 
# span 1 =     6.2966,    15.7126                 
# span 2 =   0.000713,   4.026458                 
# span 3 =     0.0103,    33.3011                 
# span 4 =         11,       3605                 
# span 5 =     0.0417,    15.0167                 
# span 6 = 0.0000e+00, 0.0000e+00                 
# interval = seconds: 0.25
# start_time = Jun 23 2023 09:37:35 [NMEA time, header]
# bad_flag = -9.990e-29
*END*
[from data line 1847]
    108.903     6.8630   3.345911    33.0735       1858     7.7375  0.000e+00
    108.876     6.8627   3.345868    33.0733       1859     7.7417  0.000e+00
    108.861     6.8621   3.345744    33.0725       1860     7.7458  0.000e+00
    108.837     6.8618   3.345663    33.0719       1861     7.7500  0.000e+00
    108.801     6.8613   3.345570    33.0714       1862     7.7542  0.000e+00
    108.768     6.8607   3.345477    33.0710       1863     7.7583  0.000e+00
    108.720     6.8602   3.345415    33.0708       1864     7.7625  0.000e+00
    108.644     6.8597   3.345272    33.0697       1865     7.7667  0.000e+00
    108.557     6.8591   3.345160    33.0691       1866     7.7708  0.000e+00
    108.445     6.8583   3.345048    33.0688       1867     7.7750  0.000e+00
    108.304     6.8574   3.344856    33.0676       1868     7.7792  0.000e+00
    108.144     6.8567   3.344515    33.0646       1869     7.7833  0.000e+00
    107.963     6.8554   3.344434    33.0650       1870     7.7875  0.000e+00
    107.779     6.8539   3.344254    33.0646       1871     7.7917  0.000e+00
    107.595     6.8529   3.344086    33.0639       1872     7.7958  0.000e+00
    107.421     6.8518   3.344080    33.0649       1873     7.8000  0.000e+00
    107.267     6.8510   3.344272    33.0678       1874     7.8042  0.000e+00
    107.131     6.8512   3.344254    33.0675       1875     7.8083  0.000e+00
    107.020     6.8511   3.343819    33.0629       1876     7.8125  0.000e+00
    106.935     6.8505   3.343391    33.0589       1877     7.8167  0.000e+00
    106.884     6.8487   3.343366    33.0603       1878     7.8208  0.000e+00
    106.854     6.8473   3.343627    33.0645       1879     7.8250  0.000e+00
    106.839     6.8471   3.343633    33.0648       1880     7.8292  0.000e+00
    106.839     6.8471   3.343584    33.0643       1881     7.8333  0.000e+00
    106.836     6.8472   3.343429    33.0625       1882     7.8375  0.000e+00
    106.842     6.8469   3.343633    33.0650       1883     7.8417  0.000e+00
    106.842     6.8468   3.343801    33.0669       1884     7.8458  0.000e+00
    106.839     6.8475   3.343801    33.0662       1885     7.8500  0.000e+00
    106.824     6.8481   3.343757    33.0652       1886     7.8542  0.000e+00
    106.809     6.8481   3.343348    33.0607       1887     7.8583  0.000e+00
    106.779     6.8472   3.343478    33.0630       1888     7.8625  0.000e+00
    106.730     6.8467   3.343714    33.0661       1889     7.8667  0.000e+00
    106.667     6.8471   3.343174    33.0598       1890     7.8708  0.000e+00
    106.601     6.8462   3.343081    33.0597       1891     7.8750  0.000e+00
    106.522     6.8452   3.343069    33.0606       1892     7.8792  0.000e+00
    106.435     6.8445   3.343124    33.0619       1893     7.8833  0.000e+00
    106.345     6.8443   3.343087    33.0618       1894     7.8875  0.000e+00
    106.245     6.8442   3.343286    33.0641       1895     7.8917  0.000e+00
    106.149     6.8445   3.343044    33.0612       1896     7.8958  0.000e+00
    106.049     6.8443   3.342876    33.0595       1897     7.9000  0.000e+00
    105.950     6.8437   3.342920    33.0607       1898     7.9042  0.000e+00
    105.853     6.8432   3.343025    33.0624       1899     7.9083  0.000e+00
    105.769     6.8434   3.342510    33.0566       1900     7.9125  0.000e+00
    105.672     6.8423   3.342442    33.0569       1901     7.9167  0.000e+00
    105.582     6.8412   3.342429    33.0579       1902     7.9208  0.000e+00
    105.483     6.8403   3.342398    33.0584       1903     7.9250  0.000e+00
    105.389     6.8400   3.342448    33.0593       1904     7.9292  0.000e+00
    105.284     6.8400   3.342423    33.0591       1905     7.9333  0.000e+00
    105.175     6.8399   3.342404    33.0590       1906     7.9375  0.000e+00
    105.061     6.8398   3.342355    33.0587       1907     7.9417  0.000e+00
    104.937     6.8395   3.342262    33.0579       1908     7.9458  0.000e+00
    104.820     6.8392   3.342224    33.0579       1909     7.9500  0.000e+00
    104.696     6.8388   3.342206    33.0581       1910     7.9542  0.000e+00
    104.584     6.8386   3.342200    33.0583       1911     7.9583  0.000e+00
    104.470     6.8385   3.342057    33.0569       1912     7.9625  0.000e+00
    104.367     6.8382   3.342020    33.0568       1913     7.9667  0.000e+00
    104.283     6.8376   3.342013    33.0574       1914     7.9708  0.000e+00
    104.211     6.8374   3.341976    33.0572       1915     7.9750  0.000e+00
    104.147     6.8372   3.341970    33.0574       1916     7.9792  0.000e+00
    104.102     6.8370   3.341976    33.0576       1917     7.9833  0.000e+00
    104.078     6.8370   3.341970    33.0576       1918     7.9875  0.000e+00
    104.063     6.8370   3.341957    33.0575       1919     7.9917  0.000e+00
    104.057     6.8368   3.341970    33.0578       1920     7.9958  0.000e+00
    104.057     6.8369   3.341957    33.0576       1921     8.0000  0.000e+00
    104.066     6.8368   3.341970    33.0577       1922     8.0042  0.000e+00
    104.069     6.8368   3.341976    33.0578       1923     8.0083  0.000e+00
    104.066     6.8369   3.341976    33.0578       1924     8.0125  0.000e+00
    104.054     6.8368   3.341970    33.0578       1925     8.0167  0.000e+00
    104.027     6.8370   3.341976    33.0577       1926     8.0208  0.000e+00
    103.985     6.8369   3.341970    33.0577       1927     8.0250  0.000e+00
    103.918     6.8369   3.341914    33.0571       1928     8.0292  0.000e+00
    103.828     6.8368   3.341926    33.0574       1929     8.0333  0.000e+00
    103.719     6.8367   3.341914    33.0575       1930     8.0375  0.000e+00
    103.611     6.8367   3.341926    33.0576       1931     8.0417  0.000e+00
    103.472     6.8367   3.341877    33.0571       1932     8.0458  0.000e+00
    103.346     6.8365   3.341796    33.0565       1933     8.0500  0.000e+00
    103.210     6.8363   3.341790    33.0568       1934     8.0542  0.000e+00
    103.080     6.8360   3.341734    33.0564       1935     8.0583  0.000e+00
    102.954     6.8358   3.341628    33.0555       1936     8.0625  0.000e+00
    102.836     6.8355   3.341579    33.0554       1937     8.0667  0.000e+00
    102.728     6.8351   3.341548    33.0554       1938     8.0708  0.000e+00
    102.631     6.8347   3.341504    33.0554       1939     8.0750  0.000e+00
    102.538     6.8345   3.341498    33.0556       1940     8.0792  0.000e+00
    102.454     6.8344   3.341467    33.0554       1941     8.0833  0.000e+00
    102.381     6.8342   3.341454    33.0554       1942     8.0875  0.000e+00
    102.306     6.8340   3.341423    33.0554       1943     8.0917  0.000e+00
    102.240     6.8338   3.341411    33.0554       1944     8.0958  0.000e+00
    102.179     6.8336   3.341361    33.0551       1945     8.1000  0.000e+00
    102.122     6.8336   3.341324    33.0547       1946     8.1042  0.000e+00
    102.068     6.8335   3.341299    33.0546       1947     8.1083  0.000e+00
    102.014     6.8334   3.341343    33.0552       1948     8.1125  0.000e+00
    101.965     6.8333   3.341324    33.0551       1949     8.1167  0.000e+00
    101.917     6.8333   3.341324    33.0551       1950     8.1208  0.000e+00
    101.875     6.8331   3.341324    33.0553       1951     8.1250  0.000e+00
    101.839     6.8331   3.341343    33.0555       1952     8.1292  0.000e+00
    101.803     6.8331   3.341343    33.0556       1953     8.1333  0.000e+00
    101.757     6.8333   3.341299    33.0549       1954     8.1375  0.000e+00
    101.703     6.8331   3.341299    33.0551       1955     8.1417  0.000e+00
    101.652     6.8331   3.341324    33.0554       1956     8.1458  0.000e+00
    101.598     6.8332   3.341324    33.0554       1957     8.1500  0.000e+00
    101.522     6.8332   3.341299    33.0551       1958     8.1542  0.000e+00
    101.462     6.8330   3.341281    33.0551       1959     8.1583  0.000e+00
    101.393     6.8331   3.341299    33.0553       1960     8.1625  0.000e+00
    101.314     6.8331   3.341280    33.0551       1961     8.1667  0.000e+00
    101.239     6.8330   3.341262    33.0551       1962     8.1708  0.000e+00
    101.158     6.8328   3.341256    33.0552       1963     8.1750  0.000e+00
    101.067     6.8328   3.341237    33.0550       1964     8.1792  0.000e+00
    100.968     6.8328   3.341256    33.0553       1965     8.1833  0.000e+00
    100.871     6.8328   3.341200    33.0547       1966     8.1875  0.000e+00
    100.760     6.8327   3.341193    33.0548       1967     8.1917  0.000e+00
    100.639     6.8328   3.341200    33.0549       1968     8.1958  0.000e+00
    100.516     6.8327   3.341175    33.0548       1969     8.2000  0.000e+00
    100.395     6.8327   3.341169    33.0548       1970     8.2042  0.000e+00
    100.259     6.8325   3.341200    33.0553       1971     8.2083  0.000e+00
    100.133     6.8325   3.341106    33.0543       1972     8.2125  0.000e+00
    100.018     6.8325   3.341156    33.0550       1973     8.2167  0.000e+00
     99.913     6.8324   3.341106    33.0545       1974     8.2208  0.000e+00
     99.828     6.8323   3.341119    33.0548       1975     8.2250  0.000e+00
     99.762     6.8323   3.341106    33.0548       1976     8.2292  0.000e+00
     99.717     6.8324   3.341094    33.0545       1977     8.2333  0.000e+00
     99.690     6.8323   3.341125    33.0550       1978     8.2375  0.000e+00
     99.681     6.8322   3.341094    33.0547       1979     8.2417  0.000e+00
     99.681     6.8321   3.341106    33.0549       1980     8.2458  0.000e+00
     99.696     6.8321   3.341137    33.0553       1981     8.2500  0.000e+00
     99.717     6.8323   3.341125    33.0550       1982     8.2542  0.000e+00
     99.738     6.8323   3.341119    33.0549       1983     8.2583  0.000e+00
     99.747     6.8324   3.341125    33.0549       1984     8.2625  0.000e+00
     99.750     6.8323   3.341137    33.0551       1985     8.2667  0.000e+00
     99.735     6.8323   3.341094    33.0546       1986     8.2708  0.000e+00
     99.705     6.8322   3.341106    33.0549       1987     8.2750  0.000e+00
     99.654     6.8323   3.341119    33.0550       1988     8.2792  0.000e+00
     99.584     6.8323   3.341063    33.0544       1989     8.2833  0.000e+00
     99.473     6.8323   3.341075    33.0546       1990     8.2875  0.000e+00
     99.349     6.8324   3.341088    33.0547       1991     8.2917  0.000e+00
     99.202     6.8321   3.341057    33.0546       1992     8.2958  0.000e+00
     99.045     6.8321   3.341044    33.0546       1993     8.3000  0.000e+00
     98.867     6.8320   3.341032    33.0546       1994     8.3042  0.000e+00
     98.689     6.8321   3.341019    33.0545       1995     8.3083  0.000e+00
     98.514     6.8320   3.340994    33.0544       1996     8.3125  0.000e+00
     98.364     6.8320   3.341019    33.0548       1997     8.3167  0.000e+00
     98.216     6.8319   3.340976    33.0544       1998     8.3208  0.000e+00
     98.095     6.8318   3.340932    33.0541       1999     8.3250  0.000e+00
     97.996     6.8317   3.340932    33.0543       2000     8.3292  0.000e+00
     97.918     6.8315   3.340913    33.0543       2001     8.3333  0.000e+00
     97.866     6.8313   3.340913    33.0545       2002     8.3375  0.000e+00
     97.845     6.8314   3.340889    33.0541       2003     8.3417  0.000e+00
     97.836     6.8314   3.340889    33.0542       2004     8.3458  0.000e+00
     97.839     6.8312   3.340889    33.0543       2005     8.3500  0.000e+00
     97.860     6.8313   3.340889    33.0542       2006     8.3542  0.000e+00
     97.875     6.8312   3.340870    33.0541       2007     8.3583  0.000e+00
     97.902     6.8312   3.340889    33.0543       2008     8.3625  0.000e+00
     97.918     6.8313   3.340870    33.0540       2009     8.3667  0.000e+00
     97.930     6.8312   3.340913    33.0546       2010     8.3708  0.000e+00
     97.939     6.8314   3.340932    33.0546       2011     8.3750  0.000e+00
     97.939     6.8314   3.340932    33.0546       2012     8.3792  0.000e+00
     97.918     6.8315   3.340932    33.0544       2013     8.3833  0.000e+00
     97.881     6.8314   3.340932    33.0546       2014     8.3875  0.000e+00
     97.827     6.8315   3.340932    33.0546       2015     8.3917  0.000e+00
     97.752     6.8315   3.340913    33.0543       2016     8.3958  0.000e+00
     97.655     6.8315   3.340870    33.0540       2017     8.4000  0.000e+00
     97.547     6.8315   3.340889    33.0542       2018     8.4042  0.000e+00
     97.417     6.8314   3.340932    33.0549       2019     8.4083  0.000e+00
     97.270     6.8314   3.340913    33.0547       2020     8.4125  0.000e+00
     97.119     6.8314   3.340913    33.0548       2021     8.4167  0.000e+00
     96.947     6.8314   3.340913    33.0548       2022     8.4208  0.000e+00
     96.793     6.8314   3.340888    33.0546       2023     8.4250  0.000e+00
     96.637     6.8314   3.340870    33.0546       2024     8.4292  0.000e+00
     96.501     6.8315   3.340826    33.0540       2025     8.4333  0.000e+00
     96.371     6.8314   3.340826    33.0542       2026     8.4375  0.000e+00
     96.260     6.8312   3.340826    33.0544       2027     8.4417  0.000e+00
     96.160     6.8312   3.340826    33.0544       2028     8.4458  0.000e+00
     96.094     6.8312   3.340783    33.0540       2029     8.4500  0.000e+00
     96.049     6.8312   3.340826    33.0545       2030     8.4542  0.000e+00
     96.010     6.8311   3.340869    33.0551       2031     8.4583  0.000e+00
     95.989     6.8312   3.340851    33.0548       2032     8.4625  0.000e+00
     95.977     6.8315   3.340826    33.0543       2033     8.4667  0.000e+00
     95.962     6.8314   3.340826    33.0543       2034     8.4708  0.000e+00
     95.952     6.8314   3.340826    33.0544       2035     8.4750  0.000e+00
     95.946     6.8315   3.340845    33.0545       2036     8.4792  0.000e+00
     95.934     6.8314   3.340826    33.0544       2037     8.4833  0.000e+00
     95.919     6.8314   3.340845    33.0546       2038     8.4875  0.000e+00
     95.904     6.8314   3.340826    33.0544       2039     8.4917  0.000e+00
     95.880     6.8314   3.340826    33.0544       2040     8.4958  0.000e+00
     95.844     6.8315   3.340807    33.0541       2041     8.5000  0.000e+00
     95.796     6.8314   3.340783    33.0540       2042     8.5042  0.000e+00
     95.738     6.8313   3.340807    33.0544       2043     8.5083  0.000e+00
     95.684     6.8312   3.340826    33.0547       2044     8.5125  0.000e+00
     95.609     6.8312   3.340789    33.0543       2045     8.5167  0.000e+00
     95.515     6.8311   3.340764    33.0542       2046     8.5208  0.000e+00
     95.428     6.8311   3.340745    33.0540       2047     8.5250  0.000e+00
     95.323     6.8309   3.340782    33.0546       2048     8.5292  0.000e+00
     95.229     6.8311   3.340727    33.0540       2049     8.5333  0.000e+00
     95.124     6.8309   3.340646    33.0532       2050     8.5375  0.000e+00
     95.021     6.8307   3.340590    33.0529       2051     8.5417  0.000e+00
     94.922     6.8304   3.340602    33.0534       2052     8.5458  0.000e+00
     94.825     6.8303   3.340522    33.0526       2053     8.5500  0.000e+00
     94.726     6.8302   3.340398    33.0514       2054     8.5542  0.000e+00
     94.641     6.8297   3.340354    33.0514       2055     8.5583  0.000e+00
     94.551     6.8292   3.340317    33.0516       2056     8.5625  0.000e+00
     94.473     6.8288   3.340286    33.0517       2057     8.5667  0.000e+00
     94.388     6.8286   3.340298    33.0520       2058     8.5708  0.000e+00
     94.301     6.8285   3.340267    33.0518       2059     8.5750  0.000e+00
     94.210     6.8283   3.340236    33.0518       2060     8.5792  0.000e+00
     94.123     6.8281   3.340199    33.0515       2061     8.5833  0.000e+00
