HB2302/sbe176.cnv
* Sea-Bird SBE 19plus V2 Data File:
* FileName = C:\cruise\data\sbe176.hex
* Software Version Seasave V 7.26.7.121
* Temperature SN = 4758
* Conductivity SN = 4758
* System UpLoad Time = Jun 25 2023 00:12:58
* NMEA Latitude = 40 42.04 N
* NMEA Longitude = 069 23.62 W
* NMEA UTC (Time) = Jun 25 2023 00:12:57
** Cruise: HB2302
** Program: Ecomon
** Chief Scientist: Jerry Prezioso
# nquan = 7
# nvalues = 1764                                  
# units = specified
# name 0 = depSM: Depth [salt water, m]
# name 1 = tv290C: Temperature [ITS-90, deg C]
# name 2 = c0S/m: Conductivity [S/m]
# name 3 = sal00: Salinity, Practical [PSU]
# name 4 = scan: Scan Count
# name 5 = timeM: Time, Elapsed [minutes]
# name 6 = flag:  0.000e+00
# span 0 =     -0.092,     49.744                 
# span 1 =    11.5197,    16.5660                 
# span 2 =   0.000961,   4.139482                 
# span 3 =     0.0117,    32.9174                 
# span 4 =         11,       1774                 
# span 5 =     0.0417,     7.3875                 
# span 6 = 0.0000e+00, 0.0000e+00                 
# interval = seconds: 0.25
# start_time = Jun 25 2023 00:12:57 [NMEA time, header]
# bad_flag = -9.990e-29
*END*
[from data line 1436]
     15.002    11.6854   3.652802    31.8962       1447     6.0250  0.000e+00
     15.005    11.6860   3.652840    31.8960       1448     6.0292  0.000e+00
     15.027    11.6867   3.652866    31.8957       1449     6.0333  0.000e+00
     15.030    11.6874   3.653007    31.8964       1450     6.0375  0.000e+00
     15.024    11.6883   3.652994    31.8956       1451     6.0417  0.000e+00
     15.012    11.6885   3.653027    31.8957       1452     6.0458  0.000e+00
     14.996    11.6891   3.653097    31.8959       1453     6.0500  0.000e+00
     14.954    11.6896   3.653052    31.8951       1454     6.0542  0.000e+00
     14.909    11.6900   3.653168    31.8958       1455     6.0583  0.000e+00
     14.846    11.6905   3.653296    31.8967       1456     6.0625  0.000e+00
     14.770    11.6915   3.653187    31.8948       1457     6.0667  0.000e+00
     14.677    11.6920   3.653123    31.8938       1458     6.0708  0.000e+00
     14.583    11.6916   3.653367    31.8965       1459     6.0750  0.000e+00
     14.502    11.6921   3.653348    31.8960       1460     6.0792  0.000e+00
     14.399    11.6929   3.653367    31.8955       1461     6.0833  0.000e+00
     14.318    11.6936   3.653508    31.8963       1462     6.0875  0.000e+00
     14.239    11.6947   3.653572    31.8960       1463     6.0917  0.000e+00
     14.173    11.6954   3.653502    31.8947       1464     6.0958  0.000e+00
     14.113    11.6958   3.653534    31.8947       1465     6.1000  0.000e+00
     14.061    11.6959   3.653707    31.8964       1466     6.1042  0.000e+00
     14.031    11.6966   3.653842    31.8970       1467     6.1083  0.000e+00
     13.998    11.6978   3.653887    31.8965       1468     6.1125  0.000e+00
     13.980    11.6989   3.653900    31.8957       1469     6.1167  0.000e+00
     13.965    11.6996   3.653913    31.8952       1470     6.1208  0.000e+00
     13.953    11.7001   3.653842    31.8941       1471     6.1250  0.000e+00
     13.944    11.7000   3.653771    31.8935       1472     6.1292  0.000e+00
     13.932    11.6998   3.653823    31.8942       1473     6.1333  0.000e+00
     13.929    11.6995   3.653887    31.8951       1474     6.1375  0.000e+00
     13.923    11.6995   3.653778    31.8940       1475     6.1417  0.000e+00
     13.914    11.6993   3.653707    31.8935       1476     6.1458  0.000e+00
     13.898    11.6987   3.653572    31.8927       1477     6.1500  0.000e+00
     13.874    11.6980   3.653932    31.8968       1478     6.1542  0.000e+00
     13.841    11.6987   3.653855    31.8955       1479     6.1583  0.000e+00
     13.805    11.6994   3.653823    31.8946       1480     6.1625  0.000e+00
     13.757    11.6995   3.653501    31.8914       1481     6.1667  0.000e+00
     13.693    11.6981   3.653591    31.8935       1482     6.1708  0.000e+00
     13.633    11.6973   3.654028    31.8985       1483     6.1750  0.000e+00
     13.555    11.6991   3.653932    31.8960       1484     6.1792  0.000e+00
     13.470    11.7001   3.653868    31.8945       1485     6.1833  0.000e+00
     13.392    11.7003   3.653945    31.8952       1486     6.1875  0.000e+00
     13.301    11.7008   3.653912    31.8944       1487     6.1917  0.000e+00
     13.217    11.7010   3.653752    31.8927       1488     6.1958  0.000e+00
     13.144    11.7005   3.653777    31.8935       1489     6.2000  0.000e+00
     13.066    11.7001   3.654054    31.8965       1490     6.2042  0.000e+00
     13.011    11.7011   3.653932    31.8945       1491     6.2083  0.000e+00
     12.951    11.7012   3.653096    31.8863       1492     6.2125  0.000e+00
     12.894    11.6977   3.652794    31.8864       1493     6.2167  0.000e+00
     12.857    11.6933   3.653161    31.8938       1494     6.2208  0.000e+00
     12.821    11.6917   3.653026    31.8938       1495     6.2250  0.000e+00
     12.791    11.6912   3.653006    31.8941       1496     6.2292  0.000e+00
     12.758    11.6907   3.653013    31.8946       1497     6.2333  0.000e+00
     12.734    11.6903   3.652981    31.8946       1498     6.2375  0.000e+00
     12.703    11.6902   3.653006    31.8950       1499     6.2417  0.000e+00
     12.688    11.6899   3.652968    31.8949       1500     6.2458  0.000e+00
     12.658    11.6899   3.652910    31.8944       1501     6.2500  0.000e+00
     12.637    11.6894   3.653161    31.8972       1502     6.2542  0.000e+00
     12.613    11.6903   3.653116    31.8961       1503     6.2583  0.000e+00
     12.589    11.6909   3.653251    31.8968       1504     6.2625  0.000e+00
     12.562    11.6917   3.653321    31.8968       1505     6.2667  0.000e+00
     12.535    11.6928   3.653347    31.8962       1506     6.2708  0.000e+00
     12.510    11.6934   3.653360    31.8958       1507     6.2750  0.000e+00
     12.474    11.6937   3.653392    31.8958       1508     6.2792  0.000e+00
     12.441    11.6944   3.653527    31.8966       1509     6.2833  0.000e+00
     12.402    11.6952   3.653295    31.8937       1510     6.2875  0.000e+00
     12.366    11.6947   3.653141    31.8926       1511     6.2917  0.000e+00
     12.314    11.6935   3.653141    31.8936       1512     6.2958  0.000e+00
     12.266    11.6929   3.653295    31.8957       1513     6.3000  0.000e+00
     12.209    11.6930   3.653469    31.8973       1514     6.3042  0.000e+00
     12.149    11.6939   3.653160    31.8935       1515     6.3083  0.000e+00
     12.082    11.6935   3.653231    31.8947       1516     6.3125  0.000e+00
     12.010    11.6932   3.653392    31.8965       1517     6.3167  0.000e+00
     11.937    11.6937   3.653424    31.8964       1518     6.3208  0.000e+00
     11.868    11.6942   3.653392    31.8956       1519     6.3250  0.000e+00
     11.805    11.6946   3.653482    31.8962       1520     6.3292  0.000e+00
     11.750    11.6953   3.653340    31.8942       1521     6.3333  0.000e+00
     11.690    11.6951   3.653411    31.8951       1522     6.3375  0.000e+00
     11.642    11.6952   3.653591    31.8968       1523     6.3417  0.000e+00
     11.594    11.6962   3.653661    31.8966       1524     6.3458  0.000e+00
     11.542    11.6971   3.653726    31.8966       1525     6.3500  0.000e+00
     11.506    11.6980   3.653867    31.8972       1526     6.3542  0.000e+00
     11.464    11.6991   3.653732    31.8949       1527     6.3583  0.000e+00
     11.422    11.6991   3.653835    31.8959       1528     6.3625  0.000e+00
     11.385    11.6997   3.653841    31.8955       1529     6.3667  0.000e+00
     11.349    11.7003   3.653931    31.8959       1530     6.3708  0.000e+00
     11.316    11.7007   3.654072    31.8969       1531     6.3750  0.000e+00
     11.274    11.7016   3.654162    31.8970       1532     6.3792  0.000e+00
     11.228    11.7028   3.654207    31.8964       1533     6.3833  0.000e+00
     11.192    11.7038   3.654117    31.8947       1534     6.3875  0.000e+00
     11.153    11.7041   3.653982    31.8932       1535     6.3917  0.000e+00
     11.105    11.7033   3.653822    31.8923       1536     6.3958  0.000e+00
     11.066    11.7018   3.654027    31.8956       1537     6.4000  0.000e+00
     11.014    11.7021   3.654246    31.8976       1538     6.4042  0.000e+00
     10.966    11.7033   3.654271    31.8967       1539     6.4083  0.000e+00
     10.909    11.7047   3.654297    31.8958       1540     6.4125  0.000e+00
     10.857    11.7055   3.654297    31.8952       1541     6.4167  0.000e+00
     10.797    11.7059   3.654310    31.8949       1542     6.4208  0.000e+00
     10.733    11.7061   3.654297    31.8947       1543     6.4250  0.000e+00
     10.676    11.7061   3.654181    31.8936       1544     6.4292  0.000e+00
     10.625    11.7057   3.654329    31.8954       1545     6.4333  0.000e+00
     10.564    11.7058   3.654477    31.8968       1546     6.4375  0.000e+00
     10.519    11.7069   3.654458    31.8956       1547     6.4417  0.000e+00
     10.471    11.7075   3.654181    31.8924       1548     6.4458  0.000e+00
     10.420    11.7067   3.654329    31.8946       1549     6.4500  0.000e+00
     10.377    11.7068   3.654933    31.9004       1550     6.4542  0.000e+00
     10.335    11.7091   3.654933    31.8985       1551     6.4583  0.000e+00
     10.302    11.7112   3.654804    31.8954       1552     6.4625  0.000e+00
     10.254    11.7118   3.654702    31.8939       1553     6.4667  0.000e+00
     10.208    11.7116   3.654657    31.8937       1554     6.4708  0.000e+00
     10.175    11.7110   3.654702    31.8946       1555     6.4750  0.000e+00
     10.136    11.7110   3.654766    31.8953       1556     6.4792  0.000e+00
     10.094    11.7114   3.654862    31.8959       1557     6.4833  0.000e+00
     10.058    11.7117   3.654502    31.8922       1558     6.4875  0.000e+00
     10.022    11.7107   3.654785    31.8958       1559     6.4917  0.000e+00
      9.988    11.7109   3.654978    31.8975       1560     6.4958  0.000e+00
      9.958    11.7124   3.655113    31.8975       1561     6.5000  0.000e+00
      9.913    11.7141   3.655228    31.8972       1562     6.5042  0.000e+00
      9.877    11.7158   3.655389    31.8973       1563     6.5083  0.000e+00
      9.831    11.7175   3.655498    31.8969       1564     6.5125  0.000e+00
      9.792    11.7191   3.655273    31.8934       1565     6.5167  0.000e+00
      9.747    11.7190   3.655344    31.8942       1566     6.5208  0.000e+00
      9.696    11.7188   3.655248    31.8934       1567     6.5250  0.000e+00
      9.638    11.7182   3.655228    31.8938       1568     6.5292  0.000e+00
      9.581    11.7175   3.655196    31.8941       1569     6.5333  0.000e+00
      9.511    11.7172   3.655093    31.8934       1570     6.5375  0.000e+00
      9.445    11.7168   3.655158    31.8944       1571     6.5417  0.000e+00
      9.373    11.7164   3.655588    31.8989       1572     6.5458  0.000e+00
      9.297    11.7184   3.655652    31.8978       1573     6.5500  0.000e+00
      9.216    11.7203   3.655794    31.8976       1574     6.5542  0.000e+00
      9.149    11.7220   3.655819    31.8964       1575     6.5583  0.000e+00
      9.074    11.7234   3.655909    31.8961       1576     6.5625  0.000e+00
      9.007    11.7249   3.656385    31.8995       1577     6.5667  0.000e+00
      8.944    11.7278   3.656410    31.8973       1578     6.5708  0.000e+00
      8.899    11.7302   3.656520    31.8963       1579     6.5750  0.000e+00
      8.851    11.7320   3.656513    31.8947       1580     6.5792  0.000e+00
      8.802    11.7333   3.656770    31.8961       1581     6.5833  0.000e+00
      8.769    11.7353   3.657246    31.8990       1582     6.5875  0.000e+00
      8.730    11.7386   3.657619    31.8998       1583     6.5917  0.000e+00
      8.700    11.7426   3.657792    31.8981       1584     6.5958  0.000e+00
      8.670    11.7464   3.657953    31.8964       1585     6.6000  0.000e+00
      8.639    11.7496   3.658525    31.8992       1586     6.6042  0.000e+00
      8.615    11.7536   3.658769    31.8981       1587     6.6083  0.000e+00
      8.588    11.7575   3.658859    31.8957       1588     6.6125  0.000e+00
      8.561    11.7604   3.658885    31.8934       1589     6.6167  0.000e+00
      8.525    11.7622   3.658962    31.8927       1590     6.6208  0.000e+00
      8.477    11.7636   3.659180    31.8936       1591     6.6250  0.000e+00
      8.434    11.7651   3.659341    31.8939       1592     6.6292  0.000e+00
      8.377    11.7669   3.659483    31.8937       1593     6.6333  0.000e+00
      8.314    11.7689   3.659888    31.8960       1594     6.6375  0.000e+00
      8.238    11.7720   3.660794    31.9021       1595     6.6417  0.000e+00
      8.154    11.7776   3.661624    31.9054       1596     6.6458  0.000e+00
      8.066    11.7854   3.662640    31.9086       1597     6.6500  0.000e+00
      7.979    11.7947   3.662594    31.9002       1598     6.6542  0.000e+00
      7.894    11.8011   3.663045    31.8991       1599     6.6583  0.000e+00
      7.828    11.8061   3.663077    31.8952       1600     6.6625  0.000e+00
      7.758    11.8092   3.663385    31.8955       1601     6.6667  0.000e+00
      7.695    11.8121   3.663662    31.8957       1602     6.6708  0.000e+00
      7.650    11.8155   3.663745    31.8936       1603     6.6750  0.000e+00
      7.608    11.8177   3.664871    31.9027       1604     6.6792  0.000e+00
      7.568    11.8238   3.665508    31.9036       1605     6.6833  0.000e+00
      7.517    11.8321   3.666003    31.9013       1606     6.6875  0.000e+00
      7.481    11.8386   3.666711    31.9026       1607     6.6917  0.000e+00
      7.424    11.8456   3.667058    31.9000       1608     6.6958  0.000e+00
      7.372    11.8525   3.670585    31.9282       1609     6.7000  0.000e+00
      7.321    11.8714   3.672619    31.9317       1610     6.7042  0.000e+00
      7.267    11.8984   3.676096    31.9421       1611     6.7083  0.000e+00
      7.221    11.9279   3.676263    31.9185       1612     6.7125  0.000e+00
      7.182    11.9509   3.678904    31.9243       1613     6.7167  0.000e+00
      7.143    11.9739   3.679729    31.9125       1614     6.7208  0.000e+00
      7.110    11.9933   3.680096    31.8995       1615     6.7250  0.000e+00
      7.089    12.0060   3.680463    31.8922       1616     6.7292  0.000e+00
      7.067    12.0143   3.680669    31.8871       1617     6.7333  0.000e+00
      7.049    12.0197   3.680946    31.8851       1618     6.7375  0.000e+00
      7.028    12.0244   3.681610    31.8875       1619     6.7417  0.000e+00
      7.001    12.0304   3.681700    31.8833       1620     6.7458  0.000e+00
      6.965    12.0345   3.681687    31.8797       1621     6.7500  0.000e+00
      6.926    12.0362   3.681745    31.8788       1622     6.7542  0.000e+00
      6.859    12.0370   3.681287    31.8737       1623     6.7583  0.000e+00
      6.793    12.0354   3.681120    31.8736       1624     6.7625  0.000e+00
      6.714    12.0327   3.681100    31.8757       1625     6.7667  0.000e+00
      6.636    12.0317   3.681687    31.8822       1626     6.7708  0.000e+00
      6.551    12.0333   3.682273    31.8866       1627     6.7750  0.000e+00
      6.464    12.0377   3.682480    31.8848       1628     6.7792  0.000e+00
      6.376    12.0415   3.681751    31.8746       1629     6.7833  0.000e+00
      6.292    12.0404   3.681332    31.8715       1630     6.7875  0.000e+00
      6.210    12.0374   3.681538    31.8761       1631     6.7917  0.000e+00
      6.123    12.0358   3.681603    31.8781       1632     6.7958  0.000e+00
      6.038    12.0360   3.681970    31.8815       1633     6.8000  0.000e+00
      5.960    12.0377   3.682570    31.8859       1634     6.8042  0.000e+00
      5.875    12.0422   3.683388    31.8899       1635     6.8083  0.000e+00
      5.803    12.0492   3.684445    31.8941       1636     6.8125  0.000e+00
      5.716    12.0587   3.685683    31.8980       1637     6.8167  0.000e+00
      5.655    12.0709   3.686792    31.8983       1638     6.8208  0.000e+00
      5.592    12.0841   3.687566    31.8944       1639     6.8250  0.000e+00
      5.544    12.0956   3.687933    31.8882       1640     6.8292  0.000e+00
      5.513    12.1042   3.688184    31.8833       1641     6.8333  0.000e+00
      5.486    12.1102   3.688371    31.8799       1642     6.8375  0.000e+00
      5.462    12.1143   3.688410    31.8769       1643     6.8417  0.000e+00
      5.447    12.1166   3.688462    31.8754       1644     6.8458  0.000e+00
      5.432    12.1179   3.688687    31.8765       1645     6.8500  0.000e+00
      5.423    12.1199   3.689261    31.8803       1646     6.8542  0.000e+00
      5.408    12.1236   3.689771    31.8820       1647     6.8583  0.000e+00
      5.378    12.1285   3.690468    31.8845       1648     6.8625  0.000e+00
      5.347    12.1344   3.690551    31.8803       1649     6.8667  0.000e+00
      5.305    12.1388   3.690571    31.8768       1650     6.8708  0.000e+00
      5.248    12.1414   3.690925    31.8780       1651     6.8750  0.000e+00
