HB2302/sbe145.cnv
* Sea-Bird SBE 19plus V2 Data File:
* FileName = C:\cruise\data\sbe145.hex
* Software Version Seasave V 7.26.7.121
* Temperature SN = 4758
* Conductivity SN = 4758
* System UpLoad Time = Jun 21 2023 20:10:53
* NMEA Latitude = 42 21.81 N
* NMEA Longitude = 068 37.99 W
* NMEA UTC (Time) = Jun 21 2023 20:10:53
** Cruise: HB2302
** Program: Ecomon
** Chief Scientist: Jerry Prezioso
# nquan = 7
# nvalues = 3931                                  
# units = specified
# name 0 = depSM: Depth [salt water, m]
# name 1 = tv290C: Temperature [ITS-90, deg C]
# name 2 = c0S/m: Conductivity [S/m]
# name 3 = sal00: Salinity, Practical [PSU]
# name 4 = scan: Scan Count
# name 5 = timeM: Time, Elapsed [minutes]
# name 6 = flag:  0.000e+00
# span 0 =      0.032,    187.848                 
# span 1 =     6.0242,    21.0023                 
# span 2 =   0.001398,   4.131948                 
# span 3 =     0.0146,    33.8845                 
# span 4 =         11,       3941                 
# span 5 =     0.0417,    16.4167                 
# span 6 = 0.0000e+00, 0.0000e+00                 
# interval = seconds: 0.25
# start_time = Jun 21 2023 20:10:53 [NMEA time, header]
# bad_flag = -9.990e-29
*END*
[from data line 3077]
     52.958     6.0288   3.219547    32.5027       3088    12.8625  0.000e+00
     52.891     6.0287   3.219467    32.5019       3089    12.8667  0.000e+00
     52.822     6.0286   3.219528    32.5027       3090    12.8708  0.000e+00
     52.762     6.0287   3.219547    32.5029       3091    12.8750  0.000e+00
     52.695     6.0290   3.219589    32.5031       3092    12.8792  0.000e+00
     52.644     6.0294   3.219589    32.5027       3093    12.8833  0.000e+00
     52.584     6.0301   3.219528    32.5014       3094    12.8875  0.000e+00
     52.518     6.0304   3.219485    32.5007       3095    12.8917  0.000e+00
     52.457     6.0308   3.219406    32.4995       3096    12.8958  0.000e+00
     52.394     6.0315   3.219406    32.4988       3097    12.9000  0.000e+00
     52.328     6.0323   3.219473    32.4988       3098    12.9042  0.000e+00
     52.268     6.0330   3.219485    32.4983       3099    12.9083  0.000e+00
     52.201     6.0337   3.219546    32.4983       3100    12.9125  0.000e+00
     52.132     6.0341   3.219504    32.4975       3101    12.9167  0.000e+00
     52.060     6.0348   3.219571    32.4976       3102    12.9208  0.000e+00
     51.993     6.0354   3.219608    32.4975       3103    12.9250  0.000e+00
     51.921     6.0364   3.219650    32.4970       3104    12.9292  0.000e+00
     51.849     6.0381   3.219711    32.4961       3105    12.9333  0.000e+00
     51.773     6.0397   3.219754    32.4951       3106    12.9375  0.000e+00
     51.692     6.0411   3.219742    32.4936       3107    12.9417  0.000e+00
     51.607     6.0421   3.219668    32.4920       3108    12.9458  0.000e+00
     51.526     6.0428   3.219650    32.4911       3109    12.9500  0.000e+00
     51.445     6.0434   3.219589    32.4899       3110    12.9542  0.000e+00
     51.366     6.0439   3.219589    32.4894       3111    12.9583  0.000e+00
     51.285     6.0444   3.219528    32.4883       3112    12.9625  0.000e+00
     51.209     6.0447   3.219528    32.4881       3113    12.9667  0.000e+00
     51.128     6.0450   3.219485    32.4874       3114    12.9708  0.000e+00
     51.062     6.0453   3.219424    32.4864       3115    12.9750  0.000e+00
     50.983     6.0455   3.219430    32.4863       3116    12.9792  0.000e+00
     50.905     6.0458   3.219424    32.4860       3117    12.9833  0.000e+00
     50.827     6.0462   3.219381    32.4852       3118    12.9875  0.000e+00
     50.754     6.0466   3.219381    32.4849       3119    12.9917  0.000e+00
     50.676     6.0469   3.219332    32.4841       3120    12.9958  0.000e+00
     50.598     6.0472   3.219338    32.4838       3121    13.0000  0.000e+00
     50.513     6.0476   3.219320    32.4833       3122    13.0042  0.000e+00
     50.441     6.0480   3.219338    32.4832       3123    13.0083  0.000e+00
     50.366     6.0483   3.219350    32.4831       3124    13.0125  0.000e+00
     50.287     6.0485   3.219362    32.4830       3125    13.0167  0.000e+00
     50.218     6.0489   3.219338    32.4824       3126    13.0208  0.000e+00
     50.152     6.0492   3.219319    32.4820       3127    13.0250  0.000e+00
     50.082     6.0497   3.219338    32.4817       3128    13.0292  0.000e+00
     50.013     6.0507   3.219546    32.4831       3129    13.0333  0.000e+00
     49.938     6.0528   3.219876    32.4848       3130    13.0375  0.000e+00
     49.868     6.0560   3.220084    32.4841       3131    13.0417  0.000e+00
     49.799     6.0592   3.220371    32.4843       3132    13.0458  0.000e+00
     49.724     6.0627   3.220646    32.4841       3133    13.0500  0.000e+00
     49.657     6.0664   3.220866    32.4830       3134    13.0542  0.000e+00
     49.579     6.0696   3.221056    32.4821       3135    13.0583  0.000e+00
     49.507     6.0725   3.221153    32.4805       3136    13.0625  0.000e+00
     49.440     6.0746   3.221214    32.4791       3137    13.0667  0.000e+00
     49.365     6.0764   3.221422    32.4798       3138    13.0708  0.000e+00
     49.299     6.0783   3.221551    32.4795       3139    13.0750  0.000e+00
     49.226     6.0805   3.221691    32.4789       3140    13.0792  0.000e+00
     49.157     6.0826   3.221856    32.4788       3141    13.0833  0.000e+00
     49.094     6.0851   3.222015    32.4782       3142    13.0875  0.000e+00
     49.027     6.0877   3.222272    32.4786       3143    13.0917  0.000e+00
     48.967     6.0904   3.222413    32.4776       3144    13.0958  0.000e+00
     48.898     6.0929   3.222517    32.4765       3145    13.1000  0.000e+00
     48.834     6.0951   3.222823    32.4777       3146    13.1042  0.000e+00
     48.771     6.0975   3.222933    32.4767       3147    13.1083  0.000e+00
     48.711     6.0998   3.223159    32.4771       3148    13.1125  0.000e+00
     48.650     6.1020   3.223471    32.4785       3149    13.1167  0.000e+00
     48.590     6.1047   3.223452    32.4757       3150    13.1208  0.000e+00
     48.533     6.1063   3.223446    32.4741       3151    13.1250  0.000e+00
     48.467     6.1074   3.223569    32.4745       3152    13.1292  0.000e+00
     48.415     6.1085   3.224088    32.4793       3153    13.1333  0.000e+00
     48.349     6.1116   3.224333    32.4791       3154    13.1375  0.000e+00
     48.289     6.1150   3.224235    32.4747       3155    13.1417  0.000e+00
     48.210     6.1167   3.224523    32.4764       3156    13.1458  0.000e+00
     48.153     6.1185   3.224645    32.4760       3157    13.1500  0.000e+00
     48.084     6.1206   3.224663    32.4742       3158    13.1542  0.000e+00
     48.002     6.1216   3.224688    32.4736       3159    13.1583  0.000e+00
     47.933     6.1227   3.225098    32.4772       3160    13.1625  0.000e+00
     47.849     6.1250   3.225556    32.4802       3161    13.1667  0.000e+00
     47.764     6.1288   3.225728    32.4784       3162    13.1708  0.000e+00
     47.683     6.1319   3.225801    32.4764       3163    13.1750  0.000e+00
     47.598     6.1342   3.225887    32.4751       3164    13.1792  0.000e+00
     47.511     6.1357   3.225862    32.4735       3165    13.1833  0.000e+00
     47.430     6.1365   3.225905    32.4732       3166    13.1875  0.000e+00
     47.345     6.1369   3.225966    32.4735       3167    13.1917  0.000e+00
     47.273     6.1376   3.226009    32.4734       3168    13.1958  0.000e+00
     47.198     6.1381   3.226070    32.4737       3169    13.2000  0.000e+00
     47.128     6.1386   3.226339    32.4762       3170    13.2042  0.000e+00
     47.059     6.1403   3.226474    32.4761       3171    13.2083  0.000e+00
     46.990     6.1419   3.226462    32.4745       3172    13.2125  0.000e+00
     46.932     6.1429   3.226462    32.4735       3173    13.2167  0.000e+00
     46.878     6.1434   3.226504    32.4735       3174    13.2208  0.000e+00
     46.824     6.1438   3.226608    32.4743       3175    13.2250  0.000e+00
     46.776     6.1446   3.226755    32.4753       3176    13.2292  0.000e+00
     46.727     6.1457   3.226773    32.4745       3177    13.2333  0.000e+00
     46.691     6.1467   3.226896    32.4749       3178    13.2375  0.000e+00
     46.643     6.1476   3.226963    32.4747       3179    13.2417  0.000e+00
     46.604     6.1489   3.227165    32.4758       3180    13.2458  0.000e+00
     46.559     6.1505   3.227416    32.4771       3181    13.2500  0.000e+00
     46.510     6.1526   3.227685    32.4781       3182    13.2542  0.000e+00
     46.459     6.1552   3.227869    32.4777       3183    13.2583  0.000e+00
     46.405     6.1576   3.228162    32.4787       3184    13.2625  0.000e+00
     46.354     6.1603   3.228530    32.4802       3185    13.2667  0.000e+00
     46.290     6.1640   3.229032    32.4823       3186    13.2708  0.000e+00
     46.209     6.1685   3.229950    32.4882       3187    13.2750  0.000e+00
     46.152     6.1759   3.231015    32.4931       3188    13.2792  0.000e+00
     46.079     6.1857   3.231700    32.4914       3189    13.2833  0.000e+00
     46.001     6.1956   3.232000    32.4853       3190    13.2875  0.000e+00
     45.932     6.2033   3.233066    32.4898       3191    13.2917  0.000e+00
     45.856     6.2118   3.233672    32.4885       3192    13.2958  0.000e+00
     45.784     6.2206   3.233960    32.4833       3193    13.3000  0.000e+00
     45.715     6.2272   3.234284    32.4807       3194    13.3042  0.000e+00
     45.642     6.2328   3.234560    32.4784       3195    13.3083  0.000e+00
     45.567     6.2375   3.235037    32.4793       3196    13.3125  0.000e+00
     45.507     6.2432   3.235576    32.4798       3197    13.3167  0.000e+00
     45.431     6.2496   3.235993    32.4784       3198    13.3208  0.000e+00
     45.356     6.2562   3.236489    32.4777       3199    13.3250  0.000e+00
     45.290     6.2628   3.236740    32.4742       3200    13.3292  0.000e+00
     45.214     6.2681   3.236801    32.4699       3201    13.3333  0.000e+00
     45.154     6.2714   3.236924    32.4681       3202    13.3375  0.000e+00
     45.085     6.2738   3.237255    32.4695       3203    13.3417  0.000e+00
     45.015     6.2770   3.237359    32.4676       3204    13.3458  0.000e+00
     44.955     6.2803   3.237377    32.4648       3205    13.3500  0.000e+00
     44.886     6.2822   3.237322    32.4623       3206    13.3542  0.000e+00
     44.822     6.2834   3.237322    32.4612       3207    13.3583  0.000e+00
     44.765     6.2849   3.237444    32.4612       3208    13.3625  0.000e+00
     44.705     6.2876   3.238854    32.4743       3209    13.3667  0.000e+00
     44.642     6.2977   3.240686    32.4851       3210    13.3708  0.000e+00
     44.581     6.3153   3.240765    32.4692       3211    13.3750  0.000e+00
     44.527     6.3283   3.241066    32.4601       3212    13.3792  0.000e+00
     44.476     6.3367   3.241452    32.4565       3213    13.3833  0.000e+00
     44.425     6.3430   3.241513    32.4511       3214    13.3875  0.000e+00
     44.373     6.3470   3.241556    32.4478       3215    13.3917  0.000e+00
     44.325     6.3494   3.241556    32.4456       3216    13.3958  0.000e+00
     44.271     6.3506   3.241764    32.4467       3217    13.4000  0.000e+00
     44.217     6.3521   3.241807    32.4458       3218    13.4042  0.000e+00
     44.159     6.3535   3.241813    32.4446       3219    13.4083  0.000e+00
     44.105     6.3544   3.241850    32.4441       3220    13.4125  0.000e+00
     44.048     6.3551   3.241911    32.4442       3221    13.4167  0.000e+00
     43.988     6.3561   3.241911    32.4433       3222    13.4208  0.000e+00
     43.927     6.3567   3.241954    32.4432       3223    13.4250  0.000e+00
     43.867     6.3574   3.242181    32.4451       3224    13.4292  0.000e+00
     43.798     6.3591   3.242242    32.4441       3225    13.4333  0.000e+00
     43.728     6.3609   3.242248    32.4426       3226    13.4375  0.000e+00
     43.659     6.3621   3.242260    32.4416       3227    13.4417  0.000e+00
     43.581     6.3630   3.242260    32.4408       3228    13.4458  0.000e+00
     43.511     6.3633   3.242199    32.4399       3229    13.4500  0.000e+00
     43.433     6.3632   3.242132    32.4392       3230    13.4542  0.000e+00
     43.363     6.3630   3.242181    32.4400       3231    13.4583  0.000e+00
     43.285     6.3630   3.241886    32.4367       3232    13.4625  0.000e+00
     43.210     6.3623   3.241991    32.4387       3233    13.4667  0.000e+00
     43.131     6.3616   3.241825    32.4375       3234    13.4708  0.000e+00
     43.062     6.3609   3.241849    32.4385       3235    13.4750  0.000e+00
     42.987     6.3603   3.241868    32.4393       3236    13.4792  0.000e+00
     42.911     6.3601   3.241813    32.4389       3237    13.4833  0.000e+00
     42.842     6.3600   3.241825    32.4391       3238    13.4875  0.000e+00
     42.761     6.3599   3.241408    32.4347       3239    13.4917  0.000e+00
     42.688     6.3588   3.240924    32.4304       3240    13.4958  0.000e+00
     42.631     6.3566   3.240850    32.4317       3241    13.5000  0.000e+00
     42.568     6.3550   3.241016    32.4351       3242    13.5042  0.000e+00
     42.504     6.3543   3.240746    32.4328       3243    13.5083  0.000e+00
     42.441     6.3537   3.240887    32.4350       3244    13.5125  0.000e+00
     42.381     6.3530   3.240286    32.4290       3245    13.5167  0.000e+00
     42.318     6.3518   3.239833    32.4251       3246    13.5208  0.000e+00
     42.257     6.3495   3.239900    32.4281       3247    13.5250  0.000e+00
     42.197     6.3480   3.239729    32.4277       3248    13.5292  0.000e+00
     42.128     6.3468   3.239520    32.4265       3249    13.5333  0.000e+00
     42.061     6.3450   3.238730    32.4195       3250    13.5375  0.000e+00
     41.995     6.3418   3.238442    32.4194       3251    13.5417  0.000e+00
     41.932     6.3381   3.238417    32.4226       3252    13.5458  0.000e+00
     41.859     6.3361   3.238644    32.4271       3253    13.5500  0.000e+00
     41.796     6.3357   3.238442    32.4253       3254    13.5542  0.000e+00
     41.724     6.3352   3.238399    32.4253       3255    13.5583  0.000e+00
     41.658     6.3350   3.238417    32.4257       3256    13.5625  0.000e+00
     41.591     6.3358   3.238503    32.4259       3257    13.5667  0.000e+00
     41.516     6.3374   3.238478    32.4242       3258    13.5708  0.000e+00
     41.441     6.3385   3.238546    32.4239       3259    13.5750  0.000e+00
     41.377     6.3396   3.238417    32.4215       3260    13.5792  0.000e+00
     41.299     6.3405   3.238582    32.4225       3261    13.5833  0.000e+00
     41.230     6.3412   3.238637    32.4225       3262    13.5875  0.000e+00
     41.160     6.3416   3.238441    32.4200       3263    13.5917  0.000e+00
     41.094     6.3410   3.238441    32.4206       3264    13.5958  0.000e+00
     41.028     6.3402   3.238398    32.4209       3265    13.6000  0.000e+00
     40.958     6.3395   3.238398    32.4216       3266    13.6042  0.000e+00
     40.892     6.3387   3.238417    32.4226       3267    13.6083  0.000e+00
     40.819     6.3380   3.238417    32.4233       3268    13.6125  0.000e+00
     40.747     6.3378   3.238637    32.4260       3269    13.6167  0.000e+00
     40.678     6.3395   3.238938    32.4277       3270    13.6208  0.000e+00
     40.593     6.3430   3.239765    32.4336       3271    13.6250  0.000e+00
     40.530     6.3491   3.240139    32.4320       3272    13.6292  0.000e+00
     40.452     6.3556   3.241223    32.4378       3273    13.6333  0.000e+00
     40.379     6.3644   3.242137    32.4396       3274    13.6375  0.000e+00
     40.307     6.3754   3.243510    32.4444       3275    13.6417  0.000e+00
     40.232     6.3882   3.244736    32.4459       3276    13.6458  0.000e+00
     40.156     6.4021   3.245276    32.4386       3277    13.6500  0.000e+00
     40.078     6.4137   3.245552    32.4307       3278    13.6542  0.000e+00
     40.000     6.4218   3.246815    32.4370       3279    13.6583  0.000e+00
     39.918     6.4315   3.247526    32.4357       3280    13.6625  0.000e+00
     39.849     6.4416   3.247796    32.4292       3281    13.6667  0.000e+00
     39.767     6.4495   3.249385    32.4393       3282    13.6708  0.000e+00
     39.692     6.4605   3.250158    32.4374       3283    13.6750  0.000e+00
     39.608     6.4721   3.249943    32.4240       3284    13.6792  0.000e+00
     39.538     6.4779   3.250508    32.4248       3285    13.6833  0.000e+00
     39.466     6.4831   3.250716    32.4222       3286    13.6875  0.000e+00
     39.403     6.4879   3.251011    32.4209       3287    13.6917  0.000e+00
     39.330     6.4919   3.251404    32.4215       3288    13.6958  0.000e+00
     39.273     6.4960   3.251686    32.4208       3289    13.7000  0.000e+00
     39.210     6.4996   3.251133    32.4112       3290    13.7042  0.000e+00
     39.143     6.4997   3.251256    32.4125       3291    13.7083  0.000e+00
     39.074     6.4995   3.251667    32.4173       3292    13.7125  0.000e+00
