HB2302/sbe174.cnv
* Sea-Bird SBE 19plus V2 Data File:
* FileName = C:\cruise\data\sbe174.hex
* Software Version Seasave V 7.26.7.121
* Temperature SN = 4758
* Conductivity SN = 4758
* System UpLoad Time = Jun 24 2023 17:06:30
* NMEA Latitude = 40 06.39 N
* NMEA Longitude = 068 58.59 W
* NMEA UTC (Time) = Jun 24 2023 17:06:29
** Cruise: HB2302
** Program: Ecomon
** Chief Scientist: Jerry Prezioso
# nquan = 7
# nvalues = 3784                                  
# units = specified
# name 0 = depSM: Depth [salt water, m]
# name 1 = tv290C: Temperature [ITS-90, deg C]
# name 2 = c0S/m: Conductivity [S/m]
# name 3 = sal00: Salinity, Practical [PSU]
# name 4 = scan: Scan Count
# name 5 = timeM: Time, Elapsed [minutes]
# name 6 = flag:  0.000e+00
# span 0 =     -0.085,    154.080                 
# span 1 =    10.2544,    24.8826                 
# span 2 =   0.001275,   5.219225                 
# span 3 =     0.0150,    37.0684                 
# span 4 =         11,       3794                 
# span 5 =     0.0417,    15.8042                 
# span 6 = 0.0000e+00, 0.0000e+00                 
# interval = seconds: 0.25
# start_time = Jun 24 2023 17:06:29 [NMEA time, header]
# bad_flag = -9.990e-29
*END*
[from data line 616]
     55.996    10.8626   3.797617    34.0403        627     2.6083  0.000e+00
     56.086    10.8748   3.797617    34.0290        628     2.6125  0.000e+00
     56.186    10.8816   3.796488    34.0113        629     2.6167  0.000e+00
     56.301    10.8822   3.796286    34.0087        630     2.6208  0.000e+00
     56.437    10.8803   3.795953    34.0071        631     2.6250  0.000e+00
     56.576    10.8778   3.795581    34.0057        632     2.6292  0.000e+00
     56.742    10.8748   3.794316    33.9957        633     2.6333  0.000e+00
     56.921    10.8686   3.793911    33.9974        634     2.6375  0.000e+00
     57.117    10.8619   3.792418    33.9886        635     2.6417  0.000e+00
     57.329    10.8536   3.792112    33.9932        636     2.6458  0.000e+00
     57.546    10.8456   3.791042    33.9898        637     2.6500  0.000e+00
     57.788    10.8378   3.788487    33.9714        638     2.6542  0.000e+00
     58.030    10.8230   3.783012    33.9303        639     2.6583  0.000e+00
     58.272    10.7941   3.777724    33.9041        640     2.6625  0.000e+00
     58.504    10.7568   3.776428    33.9257        641     2.6667  0.000e+00
     58.728    10.7267   3.771482    33.9040        642     2.6708  0.000e+00
     58.976    10.6884   3.754318    33.7674        643     2.6750  0.000e+00
     59.194    10.6104   3.749319    33.7893        644     2.6792  0.000e+00
     59.384    10.5338   3.749612    33.8633        645     2.6833  0.000e+00
     59.544    10.4882   3.743155    33.8406        646     2.6875  0.000e+00
     59.671    10.4438   3.733954    33.7891        647     2.6917  0.000e+00
     59.780    10.3830   3.727935    33.7848        648     2.6958  0.000e+00
     59.868    10.3209   3.726628    33.8294        649     2.7000  0.000e+00
     59.946    10.2772   3.729440    33.8986        650     2.7042  0.000e+00
     60.013    10.2594   3.729880    33.9197        651     2.7083  0.000e+00
     60.067    10.2544   3.731416    33.9399        652     2.7125  0.000e+00
     60.113    10.2565   3.733393    33.9579        653     2.7167  0.000e+00
     60.179    10.2648   3.733762    33.9538        654     2.7208  0.000e+00
     60.264    10.2730   3.735259    33.9613        655     2.7250  0.000e+00
     60.360    10.2830   3.735298    33.9523        656     2.7292  0.000e+00
     60.478    10.2900   3.735233    33.9450        657     2.7333  0.000e+00
     60.608    10.2940   3.735700    33.9459        658     2.7375  0.000e+00
     60.766    10.2987   3.735162    33.9361        659     2.7417  0.000e+00
     60.941    10.3004   3.734533    33.9280        660     2.7458  0.000e+00
     61.119    10.2985   3.733762    33.9219        661     2.7500  0.000e+00
     61.319    10.2941   3.732816    33.9163        662     2.7542  0.000e+00
     61.524    10.2870   3.733477    33.9296        663     2.7583  0.000e+00
     61.736    10.2851   3.740531    34.0027        664     2.7625  0.000e+00
     61.956    10.3048   3.745274    34.0321        665     2.7667  0.000e+00
     62.183    10.3376   3.748914    34.0381        666     2.7708  0.000e+00
     62.410    10.3689   3.751959    34.0394        667     2.7750  0.000e+00
     62.612    10.3968   3.758618    34.0805        668     2.7792  0.000e+00
     62.803    10.4353   3.764091    34.0996        669     2.7833  0.000e+00
     62.975    10.4749   3.761899    34.0403        670     2.7875  0.000e+00
     63.129    10.4947   3.765898    34.0620        671     2.7917  0.000e+00
     63.271    10.5155   3.774135    34.1255        672     2.7958  0.000e+00
     63.410    10.5546   3.783474    34.1829        673     2.8000  0.000e+00
     63.534    10.6071   3.787683    34.1759        674     2.8042  0.000e+00
     63.643    10.6562   3.791288    34.1661        675     2.8083  0.000e+00
     63.764    10.6968   3.793303    34.1482        676     2.8125  0.000e+00
     63.870    10.7242   3.793035    34.1199        677     2.8167  0.000e+00
     63.975    10.7352   3.791496    34.0942        678     2.8208  0.000e+00
     64.075    10.7338   3.795201    34.1326        679     2.8250  0.000e+00
     64.184    10.7379   3.797060    34.1473        680     2.8292  0.000e+00
     64.296    10.7507   3.803235    34.1972        681     2.8333  0.000e+00
     64.411    10.7747   3.809616    34.2386        682     2.8375  0.000e+00
     64.550    10.8100   3.814152    34.2510        683     2.8417  0.000e+00
     64.686    10.8451   3.816184    34.2383        684     2.8458  0.000e+00
     64.828    10.8728   3.817413    34.2247        685     2.8500  0.000e+00
     64.985    10.8928   3.821560    34.2473        686     2.8542  0.000e+00
     65.163    10.9158   3.831994    34.3300        687     2.8583  0.000e+00
     65.345    10.9612   3.834902    34.3164        688     2.8625  0.000e+00
     65.526    11.0056   3.848964    34.4150        689     2.8667  0.000e+00
     65.725    11.0679   3.847494    34.3419        690     2.8708  0.000e+00
     65.913    11.1124   3.845585    34.2813        691     2.8750  0.000e+00
     66.112    11.1262   3.842142    34.2341        692     2.8792  0.000e+00
     66.297    11.1218   3.844712    34.2637        693     2.8833  0.000e+00
     66.475    11.1246   3.848504    34.2987        694     2.8875  0.000e+00
     66.647    11.1377   3.855730    34.3582        695     2.8917  0.000e+00
     66.810    11.1671   3.861535    34.3883        696     2.8958  0.000e+00
     66.970    11.2064   3.865004    34.3859        697     2.9000  0.000e+00
     67.125    11.2436   3.873170    34.4321        698     2.9042  0.000e+00
     67.282    11.2893   3.879447    34.4515        699     2.9083  0.000e+00
     67.427    11.3374   3.883258    34.4442        700     2.9125  0.000e+00
     67.563    11.3779   3.885463    34.4282        701     2.9167  0.000e+00
     67.699    11.4086   3.887024    34.4149        702     2.9208  0.000e+00
     67.835    11.4310   3.887465    34.3984        703     2.9250  0.000e+00
     67.959    11.4449   3.889237    34.4029        704     2.9292  0.000e+00
     68.077    11.4562   3.889586    34.3957        705     2.9333  0.000e+00
     68.191    11.4650   3.890232    34.3938        706     2.9375  0.000e+00
     68.303    11.4718   3.891332    34.3983        707     2.9417  0.000e+00
     68.415    11.4791   3.892703    34.4050        708     2.9458  0.000e+00
     68.518    11.4884   3.895900    34.4278        709     2.9500  0.000e+00
     68.621    11.5031   3.896830    34.4233        710     2.9542  0.000e+00
     68.723    11.5165   3.897826    34.4205        711     2.9583  0.000e+00
     68.823    11.5280   3.899560    34.4269        712     2.9625  0.000e+00
     68.938    11.5390   3.899936    34.4203        713     2.9667  0.000e+00
     69.050    11.5478   3.901314    34.4256        714     2.9708  0.000e+00
     69.171    11.5563   3.901756    34.4220        715     2.9750  0.000e+00
     69.298    11.5634   3.902713    34.4248        716     2.9792  0.000e+00
     69.437    11.5694   3.903115    34.4231        717     2.9833  0.000e+00
     69.588    11.5747   3.903208    34.4190        718     2.9875  0.000e+00
     69.742    11.5777   3.903122    34.4153        719     2.9917  0.000e+00
     69.914    11.5790   3.903346    34.4162        720     2.9958  0.000e+00
     70.086    11.5799   3.905009    34.4316        721     3.0000  0.000e+00
     70.274    11.5855   3.908567    34.4614        722     3.0042  0.000e+00
     70.455    11.5991   3.910020    34.4630        723     3.0083  0.000e+00
     70.630    11.6140   3.911215    34.4608        724     3.0125  0.000e+00
     70.802    11.6260   3.910132    34.4389        725     3.0167  0.000e+00
     70.963    11.6308   3.910389    34.4368        726     3.0208  0.000e+00
     71.111    11.6322   3.910885    34.4404        727     3.0250  0.000e+00
     71.256    11.6340   3.911961    34.4492        728     3.0292  0.000e+00
     71.389    11.6382   3.912945    34.4549        729     3.0333  0.000e+00
     71.522    11.6441   3.913414    34.4540        730     3.0375  0.000e+00
     71.646    11.6490   3.913203    34.4473        731     3.0417  0.000e+00
     71.757    11.6516   3.913394    34.4467        732     3.0458  0.000e+00
     71.881    11.6531   3.913275    34.4441        733     3.0500  0.000e+00
     72.002    11.6539   3.913672    34.4472        734     3.0542  0.000e+00
     72.120    11.6554   3.913883    34.4478        735     3.0583  0.000e+00
     72.229    11.6569   3.913698    34.4445        736     3.0625  0.000e+00
     72.356    11.6576   3.912833    34.4354        737     3.0667  0.000e+00
     72.492    11.6556   3.912595    34.4348        738     3.0708  0.000e+00
     72.631    11.6533   3.912595    34.4369        739     3.0750  0.000e+00
     72.773    11.6519   3.912292    34.4352        740     3.0792  0.000e+00
     72.924    11.6509   3.911915    34.4323        741     3.0833  0.000e+00
     73.075    11.6484   3.910931    34.4249        742     3.0875  0.000e+00
     73.220    11.6440   3.911519    34.4347        743     3.0917  0.000e+00
     73.356    11.6420   3.913157    34.4526        744     3.0958  0.000e+00
     73.480    11.6460   3.916632    34.4830        745     3.1000  0.000e+00
     73.592    11.6575   3.918575    34.4913        746     3.1042  0.000e+00
     73.706    11.6702   3.918720    34.4809        747     3.1083  0.000e+00
     73.812    11.6791   3.919070    34.4760        748     3.1125  0.000e+00
     73.921    11.6844   3.919612    34.4763        749     3.1167  0.000e+00
     74.036    11.6885   3.920954    34.4857        750     3.1208  0.000e+00
     74.157    11.6937   3.921727    34.4883        751     3.1250  0.000e+00
     74.293    11.6990   3.922858    34.4944        752     3.1292  0.000e+00
     74.426    11.7041   3.922977    34.4908        753     3.1333  0.000e+00
     74.574    11.7075   3.923208    34.4899        754     3.1375  0.000e+00
     74.734    11.7083   3.923327    34.4902        755     3.1417  0.000e+00
     74.891    11.7089   3.923327    34.4896        756     3.1458  0.000e+00
     75.054    11.7091   3.923658    34.4926        757     3.1500  0.000e+00
     75.217    11.7091   3.923857    34.4944        758     3.1542  0.000e+00
     75.377    11.7100   3.924974    34.5045        759     3.1583  0.000e+00
     75.537    11.7139   3.926978    34.5205        760     3.1625  0.000e+00
     75.692    11.7214   3.927706    34.5205        761     3.1667  0.000e+00
     75.837    11.7295   3.928036    34.5162        762     3.1708  0.000e+00
     75.979    11.7347   3.927633    34.5073        763     3.1750  0.000e+00
     76.096    11.7370   3.928156    34.5102        764     3.1792  0.000e+00
     76.202    11.7393   3.929426    34.5205        765     3.1833  0.000e+00
     76.308    11.7442   3.930438    34.5259        766     3.1875  0.000e+00
     76.399    11.7503   3.931331    34.5289        767     3.1917  0.000e+00
     76.486    11.7567   3.932039    34.5299        768     3.1958  0.000e+00
     76.574    11.7625   3.933224    34.5360        769     3.2000  0.000e+00
     76.658    11.7689   3.934071    34.5384        770     3.2042  0.000e+00
     76.755    11.7752   3.934329    34.5349        771     3.2083  0.000e+00
     76.867    11.7805   3.934521    34.5319        772     3.2125  0.000e+00
     76.988    11.7837   3.934422    34.5278        773     3.2167  0.000e+00
     77.121    11.7860   3.935084    34.5322        774     3.2208  0.000e+00
     77.275    11.7886   3.935508    34.5338        775     3.2250  0.000e+00
     77.438    11.7910   3.935938    34.5357        776     3.2292  0.000e+00
     77.604    11.7935   3.936124    34.5352        777     3.2333  0.000e+00
     77.782    11.7949   3.935323    34.5260        778     3.2375  0.000e+00
     77.964    11.7935   3.936051    34.5342        779     3.2417  0.000e+00
     78.166    11.7936   3.936620    34.5397        780     3.2458  0.000e+00
     78.359    11.7956   3.936812    34.5397        781     3.2500  0.000e+00
     78.553    11.7967   3.936952    34.5399        782     3.2542  0.000e+00
     78.743    11.7969   3.937137    34.5414        783     3.2583  0.000e+00
     78.918    11.7980   3.937634    34.5452        784     3.2625  0.000e+00
     79.075    11.7997   3.937448    34.5417        785     3.2667  0.000e+00
     79.208    11.7988   3.935939    34.5277        786     3.2708  0.000e+00
     79.323    11.7915   3.931947    34.4953        787     3.2750  0.000e+00
     79.414    11.7709   3.926317    34.4594        788     3.2792  0.000e+00
     79.486    11.7326   3.918113    34.4144        789     3.2833  0.000e+00
     79.550    11.6758   3.911726    34.4045        790     3.2875  0.000e+00
     79.595    11.6130   3.907956    34.4257        791     3.2917  0.000e+00
     79.646    11.5585   3.905878    34.4559        792     3.2958  0.000e+00
     79.683    11.5190   3.903397    34.4683        793     3.3000  0.000e+00
     79.731    11.4878   3.900244    34.4663        794     3.3042  0.000e+00
     79.794    11.4573   3.896162    34.4544        795     3.3083  0.000e+00
     79.873    11.4235   3.892662    34.4513        796     3.3125  0.000e+00
     79.970    11.3891   3.890290    34.4600        797     3.3167  0.000e+00
     80.094    11.3613   3.890805    34.4909        798     3.3208  0.000e+00
     80.239    11.3455   3.890943    34.5070        799     3.3250  0.000e+00
     80.405    11.3386   3.891405    34.5180        800     3.3292  0.000e+00
     80.577    11.3403   3.894951    34.5513        801     3.3333  0.000e+00
     80.773    11.3528   3.897819    34.5680        802     3.3375  0.000e+00
     80.985    11.3728   3.895860    34.5298        803     3.3417  0.000e+00
     81.196    11.3798   3.891490    34.4799        804     3.3458  0.000e+00
     81.417    11.3655   3.889144    34.4700        805     3.3500  0.000e+00
     81.637    11.3421   3.885495    34.4556        806     3.3542  0.000e+00
     81.858    11.3141   3.882500    34.4521        807     3.3583  0.000e+00
     82.075    11.2848   3.881407    34.4686        808     3.3625  0.000e+00
     82.266    11.2607   3.883403    34.5108        809     3.3667  0.000e+00
     82.426    11.2525   3.884917    34.5334        810     3.3708  0.000e+00
     82.540    11.2552   3.884035    34.5221        811     3.3750  0.000e+00
     82.634    11.2552   3.885866    34.5402        812     3.3792  0.000e+00
     82.716    11.2615   3.899780    34.6723        813     3.3833  0.000e+00
     82.785    11.3029   3.905691    34.6919        814     3.3875  0.000e+00
     82.846    11.3532   3.910001    34.6872        815     3.3917  0.000e+00
     82.891    11.3988   3.919031    34.7336        816     3.3958  0.000e+00
     82.951    11.4518   3.921496    34.7082        817     3.4000  0.000e+00
     83.003    11.4946   3.918309    34.6366        818     3.4042  0.000e+00
     83.075    11.5089   3.920226    34.6421        819     3.4083  0.000e+00
     83.154    11.5191   3.923849    34.6681        820     3.4125  0.000e+00
     83.256    11.5369   3.926461    34.6772        821     3.4167  0.000e+00
     83.368    11.5563   3.926275    34.6572        822     3.4208  0.000e+00
     83.501    11.5685   3.928088    34.6635        823     3.4250  0.000e+00
     83.658    11.5790   3.930774    34.6800        824     3.4292  0.000e+00
     83.827    11.5946   3.933037    34.6877        825     3.4333  0.000e+00
     83.999    11.6147   3.942062    34.7576        826     3.4375  0.000e+00
     84.196    11.6508   3.946064    34.7630        827     3.4417  0.000e+00
     84.395    11.6899   3.951560    34.7802        828     3.4458  0.000e+00
     84.601    11.7336   3.961232    34.8342        829     3.4500  0.000e+00
     84.812    11.7865   3.968045    34.8513        830     3.4542  0.000e+00
