HB2302/sbe120.cnv
* Sea-Bird SBE 19plus V2 Data File:
* FileName = C:\cruise\data\sbe120.hex
* Software Version Seasave V 7.26.7.121
* Temperature SN = 4758
* Conductivity SN = 4758
* System UpLoad Time = Jun 19 2023 14:48:39
* NMEA Latitude = 42 52.88 N
* NMEA Longitude = 067 29.31 W
* NMEA UTC (Time) = Jun 19 2023 14:48:39
** Cruise: HB2302
** Program: Ecomon
** Chief Scientist: Jerry Prezioso
# nquan = 7
# nvalues = 4274                                  
# units = specified
# name 0 = depSM: Depth [salt water, m]
# name 1 = tv290C: Temperature [ITS-90, deg C]
# name 2 = c0S/m: Conductivity [S/m]
# name 3 = sal00: Salinity, Practical [PSU]
# name 4 = scan: Scan Count
# name 5 = timeM: Time, Elapsed [minutes]
# name 6 = flag:  0.000e+00
# span 0 =     -0.055,    235.230                 
# span 1 =     6.4411,    12.0680                 
# span 2 =   0.001431,   3.698834                 
# span 3 =     0.0125,    34.6125                 
# span 4 =         11,       4284                 
# span 5 =     0.0417,    17.8458                 
# span 6 = 0.0000e+00, 0.0000e+00                 
# interval = seconds: 0.25
# start_time = Jun 19 2023 14:48:39 [NMEA time, header]
# bad_flag = -9.990e-29
*END*
[from data line 1026]
    173.226     8.2401   3.540741    33.8207       1037     4.3167  0.000e+00
    173.485     8.2434   3.541502    33.8255       1038     4.3208  0.000e+00
    173.732     8.2470   3.542251    33.8299       1039     4.3250  0.000e+00
    173.985     8.2511   3.542664    33.8302       1040     4.3292  0.000e+00
    174.223     8.2551   3.543362    33.8337       1041     4.3333  0.000e+00
    174.449     8.2588   3.544263    33.8396       1042     4.3375  0.000e+00
    174.660     8.2635   3.545552    33.8486       1043     4.3417  0.000e+00
    174.853     8.2693   3.546060    33.8484       1044     4.3458  0.000e+00
    175.036     8.2747   3.546981    33.8528       1045     4.3500  0.000e+00
    175.211     8.2798   3.547597    33.8544       1046     4.3542  0.000e+00
    175.368     8.2847   3.548715    33.8615       1047     4.3583  0.000e+00
    175.521     8.2900   3.549197    33.8614       1048     4.3625  0.000e+00
    175.666     8.2948   3.549680    33.8619       1049     4.3667  0.000e+00
    175.810     8.2988   3.551827    33.8807       1050     4.3708  0.000e+00
    175.958     8.3058   3.552838    33.8846       1051     4.3750  0.000e+00
    176.100     8.3135   3.552641    33.8750       1052     4.3792  0.000e+00
    176.247     8.3181   3.553359    33.8781       1053     4.3833  0.000e+00
    176.383     8.3222   3.555539    33.8973       1054     4.3875  0.000e+00
    176.530     8.3289   3.556467    33.9006       1055     4.3917  0.000e+00
    176.690     8.3361   3.557852    33.9083       1056     4.3958  0.000e+00
    176.844     8.3434   3.557611    33.8986       1057     4.4000  0.000e+00
    177.012     8.3477   3.557236    33.8904       1058     4.4042  0.000e+00
    177.181     8.3487   3.557058    33.8875       1059     4.4083  0.000e+00
    177.350     8.3485   3.556950    33.8864       1060     4.4125  0.000e+00
    177.530     8.3480   3.557121    33.8887       1061     4.4167  0.000e+00
    177.720     8.3476   3.558864    33.9074       1062     4.4208  0.000e+00
    177.922     8.3515   3.560383    33.9197       1063     4.4250  0.000e+00
    178.118     8.3586   3.560733    33.9165       1064     4.4292  0.000e+00
    178.326     8.3638   3.560759    33.9116       1065     4.4333  0.000e+00
    178.539     8.3671   3.561439    33.9156       1066     4.4375  0.000e+00
    178.756     8.3704   3.562629    33.9249       1067     4.4417  0.000e+00
    178.982     8.3752   3.563157    33.9258       1068     4.4458  0.000e+00
    179.223     8.3798   3.563297    33.9227       1069     4.4500  0.000e+00
    179.458     8.3831   3.564569    33.9329       1070     4.4542  0.000e+00
    179.702     8.3872   3.564900    33.9323       1071     4.4583  0.000e+00
    179.949     8.3916   3.566351    33.9433       1072     4.4625  0.000e+00
    180.199     8.3971   3.568076    33.9562       1073     4.4667  0.000e+00
    180.431     8.4052   3.569839    33.9669       1074     4.4708  0.000e+00
    180.663     8.4144   3.570151    33.9613       1075     4.4750  0.000e+00
    180.886     8.4215   3.571456    33.9682       1076     4.4792  0.000e+00
    181.097     8.4279   3.573023    33.9785       1077     4.4833  0.000e+00
    181.296     8.4355   3.574526    33.9869       1078     4.4875  0.000e+00
    181.491     8.4444   3.575437    33.9879       1079     4.4917  0.000e+00
    181.660     8.4522   3.576743    33.9941       1080     4.4958  0.000e+00
    181.829     8.4598   3.577641    33.9962       1081     4.5000  0.000e+00
    181.988     8.4668   3.578470    33.9982       1082     4.5042  0.000e+00
    182.145     8.4729   3.579241    34.0004       1083     4.5083  0.000e+00
    182.293     8.4783   3.580044    34.0035       1084     4.5125  0.000e+00
    182.434     8.4830   3.580394    34.0026       1085     4.5167  0.000e+00
    182.585     8.4872   3.580592    34.0006       1086     4.5208  0.000e+00
    182.723     8.4902   3.581038    34.0024       1087     4.5250  0.000e+00
    182.871     8.4928   3.582300    34.0132       1088     4.5292  0.000e+00
    183.028     8.4973   3.583524    34.0217       1089     4.5333  0.000e+00
    183.181     8.5034   3.586324    34.0453       1090     4.5375  0.000e+00
    183.335     8.5132   3.585386    34.0259       1091     4.5417  0.000e+00
    183.515     8.5187   3.584876    34.0151       1092     4.5458  0.000e+00
    183.684     8.5190   3.585699    34.0234       1093     4.5500  0.000e+00
    183.871     8.5205   3.588582    34.0523       1094     4.5542  0.000e+00
    184.070     8.5279   3.589450    34.0543       1095     4.5583  0.000e+00
    184.263     8.5349   3.594057    34.0961       1096     4.5625  0.000e+00
    184.470     8.5503   3.596892    34.1110       1097     4.5667  0.000e+00
    184.690     8.5677   3.597307    34.0985       1098     4.5708  0.000e+00
    184.901     8.5804   3.599561    34.1100       1099     4.5750  0.000e+00
    185.127     8.5918   3.600762    34.1116       1100     4.5792  0.000e+00
    185.347     8.6025   3.603439    34.1293       1101     4.5833  0.000e+00
    185.570     8.6143   3.604001    34.1237       1102     4.5875  0.000e+00
    185.793     8.6237   3.604902    34.1241       1103     4.5917  0.000e+00
    186.013     8.6312   3.605407    34.1221       1104     4.5958  0.000e+00
    186.229     8.6366   3.605567    34.1184       1105     4.6000  0.000e+00
    186.446     8.6399   3.606008    34.1198       1106     4.6042  0.000e+00
    186.651     8.6426   3.606392    34.1211       1107     4.6083  0.000e+00
    186.868     8.6453   3.606993    34.1248       1108     4.6125  0.000e+00
    187.070     8.6487   3.607715    34.1290       1109     4.6167  0.000e+00
    187.268     8.6521   3.608406    34.1329       1110     4.6208  0.000e+00
    187.464     8.6561   3.608783    34.1329       1111     4.6250  0.000e+00
    187.657     8.6596   3.609122    34.1330       1112     4.6292  0.000e+00
    187.838     8.6623   3.609768    34.1371       1113     4.6333  0.000e+00
    188.021     8.6654   3.610126    34.1378       1114     4.6375  0.000e+00
    188.196     8.6684   3.610804    34.1420       1115     4.6417  0.000e+00
    188.359     8.6714   3.611226    34.1434       1116     4.6458  0.000e+00
    188.524     8.6744   3.611853    34.1471       1117     4.6500  0.000e+00
    188.681     8.6777   3.612032    34.1457       1118     4.6542  0.000e+00
    188.838     8.6803   3.612166    34.1445       1119     4.6583  0.000e+00
    189.000     8.6819   3.612467    34.1461       1120     4.6625  0.000e+00
    189.157     8.6835   3.612838    34.1484       1121     4.6667  0.000e+00
    189.320     8.6853   3.613036    34.1487       1122     4.6708  0.000e+00
    189.491     8.6868   3.613420    34.1512       1123     4.6750  0.000e+00
    189.672     8.6884   3.613753    34.1530       1124     4.6792  0.000e+00
    189.850     8.6901   3.613516    34.1489       1125     4.6833  0.000e+00
    190.042     8.6904   3.613260    34.1457       1126     4.6875  0.000e+00
    190.238     8.6897   3.613708    34.1511       1127     4.6917  0.000e+00
    190.437     8.6901   3.613932    34.1529       1128     4.6958  0.000e+00
    190.657     8.6912   3.614988    34.1629       1129     4.7000  0.000e+00
    190.871     8.6941   3.615756    34.1680       1130     4.7042  0.000e+00
    191.088     8.6981   3.615794    34.1645       1131     4.7083  0.000e+00
    191.301     8.7007   3.615864    34.1626       1132     4.7125  0.000e+00
    191.524     8.7019   3.616805    34.1712       1133     4.7167  0.000e+00
    191.735     8.7047   3.617228    34.1729       1134     4.7208  0.000e+00
    191.949     8.7077   3.617509    34.1729       1135     4.7250  0.000e+00
    192.151     8.7103   3.617880    34.1741       1136     4.7292  0.000e+00
    192.341     8.7123   3.618329    34.1769       1137     4.7333  0.000e+00
    192.524     8.7149   3.618866    34.1799       1138     4.7375  0.000e+00
    192.702     8.7175   3.619071    34.1795       1139     4.7417  0.000e+00
    192.871     8.7196   3.619257    34.1794       1140     4.7458  0.000e+00
    193.030     8.7213   3.619494    34.1801       1141     4.7500  0.000e+00
    193.193     8.7228   3.619609    34.1798       1142     4.7542  0.000e+00
    193.349     8.7239   3.619654    34.1792       1143     4.7583  0.000e+00
    193.506     8.7247   3.619743    34.1792       1144     4.7625  0.000e+00
    193.666     8.7251   3.619686    34.1782       1145     4.7667  0.000e+00
    193.837     8.7254   3.619808    34.1791       1146     4.7708  0.000e+00
    194.003     8.7256   3.619808    34.1788       1147     4.7750  0.000e+00
    194.193     8.7259   3.619833    34.1786       1148     4.7792  0.000e+00
    194.382     8.7259   3.619744    34.1776       1149     4.7833  0.000e+00
    194.578     8.7256   3.619833    34.1788       1150     4.7875  0.000e+00
    194.789     8.7255   3.619878    34.1793       1151     4.7917  0.000e+00
    195.009     8.7253   3.619878    34.1794       1152     4.7958  0.000e+00
    195.238     8.7253   3.620128    34.1819       1153     4.8000  0.000e+00
    195.458     8.7258   3.620173    34.1817       1154     4.8042  0.000e+00
    195.696     8.7265   3.620224    34.1815       1155     4.8083  0.000e+00
    195.930     8.7268   3.620263    34.1815       1156     4.8125  0.000e+00
    196.162     8.7270   3.620352    34.1822       1157     4.8167  0.000e+00
    196.397     8.7273   3.620487    34.1832       1158     4.8208  0.000e+00
    196.626     8.7277   3.620532    34.1831       1159     4.8250  0.000e+00
    196.843     8.7281   3.620711    34.1845       1160     4.8292  0.000e+00
    197.048     8.7289   3.620820    34.1848       1161     4.8333  0.000e+00
    197.250     8.7296   3.621070    34.1867       1162     4.8375  0.000e+00
    197.433     8.7308   3.621115    34.1859       1163     4.8417  0.000e+00
    197.605     8.7313   3.621204    34.1863       1164     4.8458  0.000e+00
    197.765     8.7322   3.621313    34.1865       1165     4.8500  0.000e+00
    197.921     8.7328   3.621454    34.1873       1166     4.8542  0.000e+00
    198.057     8.7335   3.621544    34.1875       1167     4.8583  0.000e+00
    198.201     8.7342   3.621589    34.1873       1168     4.8625  0.000e+00
    198.334     8.7347   3.621589    34.1867       1169     4.8667  0.000e+00
    198.472     8.7349   3.621653    34.1871       1170     4.8708  0.000e+00
    198.611     8.7352   3.621723    34.1875       1171     4.8750  0.000e+00
    198.749     8.7354   3.621768    34.1877       1172     4.8792  0.000e+00
    198.906     8.7359   3.621858    34.1881       1173     4.8833  0.000e+00
    199.069     8.7361   3.621935    34.1887       1174     4.8875  0.000e+00
    199.249     8.7363   3.621877    34.1877       1175     4.8917  0.000e+00
    199.427     8.7364   3.621813    34.1869       1176     4.8958  0.000e+00
    199.623     8.7362   3.621922    34.1882       1177     4.9000  0.000e+00
    199.837     8.7361   3.622012    34.1891       1178     4.9042  0.000e+00
    200.063     8.7364   3.622275    34.1914       1179     4.9083  0.000e+00
    200.295     8.7371   3.622576    34.1938       1180     4.9125  0.000e+00
    200.523     8.7387   3.622800    34.1946       1181     4.9167  0.000e+00
    200.773     8.7399   3.622960    34.1949       1182     4.9208  0.000e+00
    201.020     8.7413   3.623178    34.1958       1183     4.9250  0.000e+00
    201.264     8.7427   3.623229    34.1948       1184     4.9292  0.000e+00
    201.514     8.7435   3.623364    34.1953       1185     4.9333  0.000e+00
    201.752     8.7444   3.623428    34.1950       1186     4.9375  0.000e+00
    201.978     8.7452   3.623562    34.1956       1187     4.9417  0.000e+00
    202.198     8.7460   3.623626    34.1954       1188     4.9458  0.000e+00
    202.412     8.7467   3.623633    34.1947       1189     4.9500  0.000e+00
    202.623     8.7469   3.623767    34.1958       1190     4.9542  0.000e+00
    202.818     8.7474   3.623832    34.1959       1191     4.9583  0.000e+00
    203.011     8.7478   3.623928    34.1964       1192     4.9625  0.000e+00
    203.195     8.7486   3.623992    34.1963       1193     4.9667  0.000e+00
    203.370     8.7490   3.624126    34.1972       1194     4.9708  0.000e+00
    203.532     8.7497   3.624197    34.1972       1195     4.9750  0.000e+00
    203.680     8.7502   3.624242    34.1971       1196     4.9792  0.000e+00
    203.824     8.7507   3.624357    34.1978       1197     4.9833  0.000e+00
    203.972     8.7510   3.624440    34.1983       1198     4.9875  0.000e+00
    204.107     8.7517   3.624485    34.1980       1199     4.9917  0.000e+00
    204.237     8.7519   3.624485    34.1978       1200     4.9958  0.000e+00
    204.369     8.7522   3.624511    34.1977       1201     5.0000  0.000e+00
    204.496     8.7524   3.624613    34.1985       1202     5.0042  0.000e+00
    204.634     8.7525   3.624735    34.1996       1203     5.0083  0.000e+00
    204.779     8.7528   3.624870    34.2007       1204     5.0125  0.000e+00
    204.942     8.7532   3.625344    34.2052       1205     5.0167  0.000e+00
    205.101     8.7538   3.625171    34.2028       1206     5.0208  0.000e+00
    205.279     8.7542   3.625139    34.2019       1207     5.0250  0.000e+00
    205.472     8.7540   3.625677    34.2077       1208     5.0292  0.000e+00
    205.676     8.7545   3.626375    34.2144       1209     5.0333  0.000e+00
    205.899     8.7558   3.626670    34.2162       1210     5.0375  0.000e+00
    206.131     8.7573   3.626773    34.2157       1211     5.0417  0.000e+00
    206.357     8.7583   3.627074    34.2178       1212     5.0458  0.000e+00
    206.610     8.7593   3.627522    34.2214       1213     5.0500  0.000e+00
    206.866     8.7605   3.627862    34.2237       1214     5.0542  0.000e+00
    207.119     8.7619   3.628279    34.2266       1215     5.0583  0.000e+00
    207.381     8.7635   3.628426    34.2265       1216     5.0625  0.000e+00
    207.628     8.7646   3.628561    34.2267       1217     5.0667  0.000e+00
    207.863     8.7655   3.628721    34.2274       1218     5.0708  0.000e+00
    208.092     8.7665   3.628811    34.2273       1219     5.0750  0.000e+00
    208.312     8.7671   3.628811    34.2267       1220     5.0792  0.000e+00
    208.519     8.7676   3.628875    34.2267       1221     5.0833  0.000e+00
    208.709     8.7678   3.629010    34.2278       1222     5.0875  0.000e+00
    208.884     8.7682   3.629080    34.2281       1223     5.0917  0.000e+00
    209.046     8.7688   3.629093    34.2276       1224     5.0958  0.000e+00
    209.200     8.7691   3.629170    34.2281       1225     5.1000  0.000e+00
    209.342     8.7692   3.629170    34.2279       1226     5.1042  0.000e+00
    209.486     8.7693   3.629100    34.2270       1227     5.1083  0.000e+00
    209.631     8.7693   3.629029    34.2261       1228     5.1125  0.000e+00
    209.775     8.7692   3.629010    34.2260       1229     5.1167  0.000e+00
    209.920     8.7689   3.628965    34.2258       1230     5.1208  0.000e+00
    210.064     8.7686   3.628920    34.2255       1231     5.1250  0.000e+00
    210.221     8.7685   3.628856    34.2248       1232     5.1292  0.000e+00
    210.377     8.7681   3.628812    34.2247       1233     5.1333  0.000e+00
    210.540     8.7680   3.628856    34.2252       1234     5.1375  0.000e+00
    210.715     8.7678   3.628857    34.2253       1235     5.1417  0.000e+00
    210.898     8.7678   3.628812    34.2248       1236     5.1458  0.000e+00
    211.082     8.7677   3.628837    34.2250       1237     5.1500  0.000e+00
    211.269     8.7676   3.628966    34.2263       1238     5.1542  0.000e+00
    211.465     8.7678   3.629081    34.2273       1239     5.1583  0.000e+00
    211.672     8.7679   3.629305    34.2294       1240     5.1625  0.000e+00
