HB2302/sbe182.cnv
* Sea-Bird SBE 19plus V2 Data File:
* FileName = C:\cruise\data\sbe182.hex
* Software Version Seasave V 7.26.7.121
* Temperature SN = 4758
* Conductivity SN = 4758
* System UpLoad Time = Jun 25 2023 17:36:30
* NMEA Latitude = 39 49.00 N
* NMEA Longitude = 069 50.94 W
* NMEA UTC (Time) = Jun 25 2023 17:36:29
** Cruise: HB2302
** Program: Ecomon
** Chief Scientist: Jerry Prezioso
# nquan = 7
# nvalues = 2964                                  
# units = specified
# name 0 = depSM: Depth [salt water, m]
# name 1 = tv290C: Temperature [ITS-90, deg C]
# name 2 = c0S/m: Conductivity [S/m]
# name 3 = sal00: Salinity, Practical [PSU]
# name 4 = scan: Scan Count
# name 5 = timeM: Time, Elapsed [minutes]
# name 6 = flag:  0.000e+00
# span 0 =     -0.094,     10.630                 
# span 1 =    20.0258,    24.1622                 
# span 2 =   0.003354,   5.003892                 
# span 3 =     0.0231,    34.6622                 
# span 4 =         11,       2974                 
# span 5 =     0.0417,    12.3875                 
# span 6 = 0.0000e+00, 0.0000e+00                 
# interval = seconds: 0.25
# start_time = Jun 25 2023 17:36:29 [NMEA time, header]
# bad_flag = -9.990e-29
*END*
[from data line 1436]
     10.185    20.6108   4.804974    34.6001       1447     6.0250  0.000e+00
     10.200    20.6120   4.805133    34.6004       1448     6.0292  0.000e+00
     10.212    20.6128   4.805248    34.6007       1449     6.0333  0.000e+00
     10.228    20.6135   4.805276    34.6003       1450     6.0375  0.000e+00
     10.243    20.6142   4.805334    34.6003       1451     6.0417  0.000e+00
     10.261    20.6146   4.805305    34.5996       1452     6.0458  0.000e+00
     10.270    20.6147   4.805334    34.5998       1453     6.0500  0.000e+00
     10.282    20.6147   4.805305    34.5996       1454     6.0542  0.000e+00
     10.279    20.6148   4.805305    34.5995       1455     6.0583  0.000e+00
     10.270    20.6146   4.805305    34.5996       1456     6.0625  0.000e+00
     10.240    20.6147   4.805334    34.5998       1457     6.0667  0.000e+00
     10.197    20.6146   4.805305    34.5997       1458     6.0708  0.000e+00
     10.167    20.6145   4.805248    34.5993       1459     6.0750  0.000e+00
     10.107    20.6144   4.805140    34.5985       1460     6.0792  0.000e+00
     10.046    20.6142   4.803989    34.5895       1461     6.0833  0.000e+00
      9.974    20.6120   4.803220    34.5850       1462     6.0875  0.000e+00
      9.901    20.6083   4.802472    34.5820       1463     6.0917  0.000e+00
      9.838    20.6044   4.801544    34.5778       1464     6.0958  0.000e+00
      9.768    20.6001   4.800746    34.5748       1465     6.1000  0.000e+00
      9.711    20.5959   4.799725    34.5700       1466     6.1042  0.000e+00
      9.653    20.5910   4.798985    34.5680       1467     6.1083  0.000e+00
      9.602    20.5865   4.798158    34.5651       1468     6.1125  0.000e+00
      9.563    20.5821   4.797533    34.5636       1469     6.1167  0.000e+00
      9.536    20.5778   4.797203    34.5644       1470     6.1208  0.000e+00
      9.520    20.5749   4.797009    34.5652       1471     6.1250  0.000e+00
      9.508    20.5729   4.796786    34.5651       1472     6.1292  0.000e+00
      9.514    20.5713   4.796735    34.5660       1473     6.1333  0.000e+00
      9.533    20.5703   4.796735    34.5668       1474     6.1375  0.000e+00
      9.548    20.5701   4.796951    34.5687       1475     6.1417  0.000e+00
      9.572    20.5701   4.797418    34.5725       1476     6.1458  0.000e+00
      9.599    20.5714   4.798015    34.5762       1477     6.1500  0.000e+00
      9.635    20.5732   4.798547    34.5791       1478     6.1542  0.000e+00
      9.666    20.5756   4.798849    34.5795       1479     6.1583  0.000e+00
      9.696    20.5777   4.799043    34.5793       1480     6.1625  0.000e+00
      9.708    20.5791   4.799122    34.5788       1481     6.1667  0.000e+00
      9.723    20.5804   4.799230    34.5786       1482     6.1708  0.000e+00
      9.726    20.5813   4.799316    34.5786       1483     6.1750  0.000e+00
      9.720    20.5817   4.799474    34.5795       1484     6.1792  0.000e+00
      9.693    20.5826   4.799122    34.5760       1485     6.1833  0.000e+00
      9.669    20.5824   4.798683    34.5726       1486     6.1875  0.000e+00
      9.627    20.5812   4.798137    34.5692       1487     6.1917  0.000e+00
      9.587    20.5792   4.797583    34.5664       1488     6.1958  0.000e+00
      9.539    20.5769   4.797116    34.5645       1489     6.2000  0.000e+00
      9.500    20.5743   4.796570    34.5622       1490     6.2042  0.000e+00
      9.466    20.5717   4.796117    34.5607       1491     6.2083  0.000e+00
      9.442    20.5689   4.795665    34.5593       1492     6.2125  0.000e+00
      9.415    20.5665   4.795830    34.5626       1493     6.2167  0.000e+00
      9.400    20.5653   4.795967    34.5647       1494     6.2208  0.000e+00
      9.385    20.5652   4.795715    34.5627       1495     6.2250  0.000e+00
      9.379    20.5646   4.795442    34.5610       1496     6.2292  0.000e+00
      9.373    20.5638   4.795801    34.5646       1497     6.2333  0.000e+00
      9.367    20.5639   4.795744    34.5640       1498     6.2375  0.000e+00
      9.367    20.5640   4.795363    34.5609       1499     6.2417  0.000e+00
      9.361    20.5633   4.795090    34.5593       1500     6.2458  0.000e+00
      9.349    20.5617   4.795169    34.5612       1501     6.2500  0.000e+00
      9.361    20.5610   4.795119    34.5614       1502     6.2542  0.000e+00
      9.361    20.5606   4.795255    34.5628       1503     6.2583  0.000e+00
      9.370    20.5610   4.795198    34.5620       1504     6.2625  0.000e+00
      9.382    20.5610   4.795392    34.5636       1505     6.2667  0.000e+00
      9.397    20.5613   4.795305    34.5626       1506     6.2708  0.000e+00
      9.412    20.5615   4.795880    34.5671       1507     6.2750  0.000e+00
      9.424    20.5629   4.796161    34.5682       1508     6.2792  0.000e+00
      9.442    20.5643   4.796182    34.5672       1509     6.2833  0.000e+00
      9.448    20.5658   4.796182    34.5660       1510     6.2875  0.000e+00
      9.448    20.5665   4.796290    34.5664       1511     6.2917  0.000e+00
      9.457    20.5669   4.796405    34.5669       1512     6.2958  0.000e+00
      9.448    20.5676   4.796297    34.5655       1513     6.3000  0.000e+00
      9.436    20.5677   4.796211    34.5647       1514     6.3042  0.000e+00
      9.409    20.5675   4.795995    34.5631       1515     6.3083  0.000e+00
      9.382    20.5668   4.795744    34.5617       1516     6.3125  0.000e+00
      9.355    20.5659   4.794565    34.5529       1517     6.3167  0.000e+00
      9.319    20.5625   4.794759    34.5573       1518     6.3208  0.000e+00
      9.282    20.5604   4.794953    34.5605       1519     6.3250  0.000e+00
      9.258    20.5597   4.794537    34.5578       1520     6.3292  0.000e+00
      9.240    20.5586   4.794429    34.5577       1521     6.3333  0.000e+00
      9.216    20.5578   4.793990    34.5549       1522     6.3375  0.000e+00
      9.207    20.5560   4.793552    34.5528       1523     6.3417  0.000e+00
      9.198    20.5538   4.792791    34.5485       1524     6.3458  0.000e+00
      9.183    20.5507   4.792424    34.5480       1525     6.3500  0.000e+00
      9.174    20.5476   4.792317    34.5497       1526     6.3542  0.000e+00
      9.167    20.5456   4.792266    34.5509       1527     6.3583  0.000e+00
      9.152    20.5444   4.793006    34.5579       1528     6.3625  0.000e+00
      9.146    20.5453   4.792590    34.5538       1529     6.3667  0.000e+00
      9.134    20.5455   4.791814    34.5473       1530     6.3708  0.000e+00
      9.128    20.5436   4.791196    34.5439       1531     6.3750  0.000e+00
      9.116    20.5405   4.791634    34.5500       1532     6.3792  0.000e+00
      9.104    20.5394   4.792317    34.5564       1533     6.3833  0.000e+00
      9.092    20.5408   4.792949    34.5604       1534     6.3875  0.000e+00
      9.086    20.5436   4.792618    34.5555       1535     6.3917  0.000e+00
      9.089    20.5447   4.792187    34.5511       1536     6.3958  0.000e+00
      9.089    20.5438   4.791771    34.5484       1537     6.4000  0.000e+00
      9.089    20.5425   4.791828    34.5499       1538     6.4042  0.000e+00
      9.092    20.5413   4.791663    34.5495       1539     6.4083  0.000e+00
      9.083    20.5404   4.791577    34.5496       1540     6.4125  0.000e+00
      9.074    20.5397   4.791850    34.5524       1541     6.4167  0.000e+00
      9.071    20.5401   4.791828    34.5519       1542     6.4208  0.000e+00
      9.059    20.5405   4.791756    34.5510       1543     6.4250  0.000e+00
      9.056    20.5403   4.791907    34.5524       1544     6.4292  0.000e+00
      9.032    20.5406   4.791965    34.5526       1545     6.4333  0.000e+00
      9.020    20.5413   4.791936    34.5518       1546     6.4375  0.000e+00
      8.998    20.5414   4.791936    34.5517       1547     6.4417  0.000e+00
      8.983    20.5414   4.791878    34.5512       1548     6.4458  0.000e+00
      8.977    20.5413   4.791900    34.5515       1549     6.4500  0.000e+00
      8.965    20.5411   4.791850    34.5512       1550     6.4542  0.000e+00
      8.950    20.5411   4.791684    34.5499       1551     6.4583  0.000e+00
      8.923    20.5410   4.791577    34.5492       1552     6.4625  0.000e+00
      8.908    20.5402   4.790593    34.5419       1553     6.4667  0.000e+00
      8.893    20.5375   4.789853    34.5381       1554     6.4708  0.000e+00
      8.869    20.5343   4.788438    34.5293       1555     6.4750  0.000e+00
      8.847    20.5291   4.786399    34.5170       1556     6.4792  0.000e+00
      8.826    20.5212   4.785774    34.5184       1557     6.4833  0.000e+00
      8.805    20.5146   4.785717    34.5233       1558     6.4875  0.000e+00
      8.793    20.5104   4.785473    34.5248       1559     6.4917  0.000e+00
      8.778    20.5079   4.785415    34.5264       1560     6.4958  0.000e+00
      8.781    20.5062   4.785150    34.5256       1561     6.5000  0.000e+00
      8.787    20.5045   4.785171    34.5271       1562     6.5042  0.000e+00
      8.784    20.5035   4.785114    34.5275       1563     6.5083  0.000e+00
      8.802    20.5028   4.785142    34.5283       1564     6.5125  0.000e+00
      8.802    20.5025   4.785063    34.5279       1565     6.5167  0.000e+00
      8.799    20.5020   4.785035    34.5281       1566     6.5208  0.000e+00
      8.805    20.5018   4.785035    34.5282       1567     6.5250  0.000e+00
      8.799    20.5015   4.785085    34.5288       1568     6.5292  0.000e+00
      8.793    20.5013   4.785114    34.5293       1569     6.5333  0.000e+00
      8.781    20.5015   4.785387    34.5313       1570     6.5375  0.000e+00
      8.748    20.5023   4.785473    34.5314       1571     6.5417  0.000e+00
      8.727    20.5032   4.785315    34.5294       1572     6.5458  0.000e+00
      8.693    20.5025   4.782788    34.5095       1573     6.5500  0.000e+00
      8.660    20.4976   4.780714    34.4967       1574     6.5542  0.000e+00
      8.630    20.4888   4.779867    34.4970       1575     6.5583  0.000e+00
      8.603    20.4811   4.779731    34.5022       1576     6.5625  0.000e+00
      8.591    20.4764   4.779673    34.5056       1577     6.5667  0.000e+00
      8.588    20.4737   4.779659    34.5077       1578     6.5708  0.000e+00
      8.594    20.4723   4.779702    34.5092       1579     6.5750  0.000e+00
      8.615    20.4717   4.779673    34.5094       1580     6.5792  0.000e+00
      8.636    20.4717   4.779673    34.5095       1581     6.5833  0.000e+00
      8.648    20.4721   4.783039    34.5363       1582     6.5875  0.000e+00
      8.666    20.4782   4.784059    34.5396       1583     6.5917  0.000e+00
      8.672    20.4865   4.784949    34.5401       1584     6.5958  0.000e+00
      8.676    20.4929   4.785250    34.5373       1585     6.6000  0.000e+00
      8.660    20.4975   4.784898    34.5307       1586     6.6042  0.000e+00
      8.633    20.4993   4.784159    34.5232       1587     6.6083  0.000e+00
      8.600    20.4980   4.780656    34.4959       1588     6.6125  0.000e+00
      8.555    20.4902   4.779888    34.4961       1589     6.6167  0.000e+00
      8.500    20.4825   4.779508    34.4993       1590     6.6208  0.000e+00
      8.449    20.4768   4.779458    34.5035       1591     6.6250  0.000e+00
      8.379    20.4734   4.779458    34.5064       1592     6.6292  0.000e+00
      8.328    20.4719   4.777843    34.4945       1593     6.6333  0.000e+00
      8.286    20.4686   4.775663    34.4796       1594     6.6375  0.000e+00
      8.249    20.4621   4.773367    34.4663       1595     6.6417  0.000e+00
      8.234    20.4528   4.772306    34.4653       1596     6.6458  0.000e+00
      8.237    20.4447   4.772141    34.4706       1597     6.6500  0.000e+00
      8.249    20.4397   4.772170    34.4749       1598     6.6542  0.000e+00
      8.265    20.4369   4.771926    34.4752       1599     6.6583  0.000e+00
      8.289    20.4348   4.771238    34.4712       1600     6.6625  0.000e+00
      8.310    20.4322   4.771051    34.4718       1601     6.6667  0.000e+00
      8.334    20.4301   4.771568    34.4777       1602     6.6708  0.000e+00
      8.343    20.4301   4.772744    34.4873       1603     6.6750  0.000e+00
      8.346    20.4333   4.772894    34.4859       1604     6.6792  0.000e+00
      8.343    20.4362   4.773016    34.4845       1605     6.6833  0.000e+00
      8.331    20.4382   4.772385    34.4778       1606     6.6875  0.000e+00
      8.313    20.4380   4.771783    34.4731       1607     6.6917  0.000e+00
      8.280    20.4356   4.771130    34.4698       1608     6.6958  0.000e+00
      8.250    20.4326   4.771209    34.4728       1609     6.7000  0.000e+00
      8.228    20.4308   4.771267    34.4748       1610     6.7042  0.000e+00
      8.213    20.4302   4.770671    34.4705       1611     6.7083  0.000e+00
      8.204    20.4285   4.769990    34.4663       1612     6.7125  0.000e+00
      8.198    20.4255   4.767510    34.4487       1613     6.7167  0.000e+00
      8.204    20.4188   4.766965    34.4497       1614     6.7208  0.000e+00
      8.216    20.4127   4.767015    34.4551       1615     6.7250  0.000e+00
      8.222    20.4097   4.767123    34.4584       1616     6.7292  0.000e+00
      8.244    20.4078   4.767481    34.4628       1617     6.7333  0.000e+00
      8.253    20.4083   4.769166    34.4761       1618     6.7375  0.000e+00
      8.262    20.4120   4.770614    34.4848       1619     6.7417  0.000e+00
      8.268    20.4179   4.771460    34.4869       1620     6.7458  0.000e+00
      8.262    20.4242   4.772113    34.4870       1621     6.7500  0.000e+00
      8.274    20.4291   4.769768    34.4640       1622     6.7542  0.000e+00
      8.265    20.4281   4.770507    34.4708       1623     6.7583  0.000e+00
      8.259    20.4267   4.771640    34.4811       1624     6.7625  0.000e+00
      8.244    20.4289   4.771188    34.4757       1625     6.7667  0.000e+00
      8.229    20.4298   4.769768    34.4634       1626     6.7708  0.000e+00
      8.214    20.4269   4.767668    34.4488       1627     6.7750  0.000e+00
      8.192    20.4201   4.767596    34.4538       1628     6.7792  0.000e+00
      8.159    20.4151   4.767395    34.4562       1629     6.7833  0.000e+00
      8.138    20.4119   4.766334    34.4503       1630     6.7875  0.000e+00
      8.108    20.4076   4.765983    34.4509       1631     6.7917  0.000e+00
      8.093    20.4044   4.765983    34.4535       1632     6.7958  0.000e+00
      8.069    20.4019   4.765912    34.4550       1633     6.8000  0.000e+00
      8.060    20.4004   4.765467    34.4526       1634     6.8042  0.000e+00
      8.038    20.3996   4.763776    34.4395       1635     6.8083  0.000e+00
      8.035    20.3957   4.763884    34.4436       1636     6.8125  0.000e+00
      8.035    20.3910   4.760702    34.4216       1637     6.8167  0.000e+00
      8.044    20.3835   4.759628    34.4190       1638     6.8208  0.000e+00
      8.060    20.3759   4.760352    34.4311       1639     6.8250  0.000e+00
      8.078    20.3721   4.759263    34.4253       1640     6.8292  0.000e+00
      8.084    20.3687   4.759485    34.4299       1641     6.8333  0.000e+00
      8.093    20.3666   4.760395    34.4390       1642     6.8375  0.000e+00
      8.087    20.3679   4.762551    34.4554       1643     6.8417  0.000e+00
      8.084    20.3728   4.761763    34.4450       1644     6.8458  0.000e+00
      8.069    20.3750   4.760108    34.4298       1645     6.8500  0.000e+00
      8.038    20.3731   4.759456    34.4261       1646     6.8542  0.000e+00
      8.005    20.3697   4.758919    34.4245       1647     6.8583  0.000e+00
      7.960    20.3663   4.757658    34.4170       1648     6.8625  0.000e+00
      7.912    20.3618   4.754973    34.3989       1649     6.8667  0.000e+00
      7.863    20.3536   4.753670    34.3951       1650     6.8708  0.000e+00
      7.818    20.3450   4.753527    34.4009       1651     6.8750  0.000e+00
