HB2302/sbe109.cnv
* Sea-Bird SBE 19plus V2 Data File:
* FileName = C:\cruise\data\sbe109.hex
* Software Version Seasave V 7.26.7.121
* Temperature SN = 4758
* Conductivity SN = 4758
* System UpLoad Time = Jun 18 2023 14:38:47
* NMEA Latitude = 42 23.19 N
* NMEA Longitude = 066 19.37 W
* NMEA UTC (Time) = Jun 18 2023 14:38:47
** Cruise: HB2302
** Program: Ecomon
** Chief Scientist: Jerry Prezioso
# nquan = 7
# nvalues = 4181                                  
# units = specified
# name 0 = depSM: Depth [salt water, m]
# name 1 = tv290C: Temperature [ITS-90, deg C]
# name 2 = c0S/m: Conductivity [S/m]
# name 3 = sal00: Salinity, Practical [PSU]
# name 4 = scan: Scan Count
# name 5 = timeM: Time, Elapsed [minutes]
# name 6 = flag:  0.000e+00
# span 0 =     -0.194,    246.181                 
# span 1 =     7.4327,    12.0297                 
# span 2 =  -0.070393,   3.733571                 
# span 3 =     0.0000,    34.9501                 
# span 4 =         11,       4191                 
# span 5 =     0.0417,    17.4583                 
# span 6 = 0.0000e+00, 0.0000e+00                 
# interval = seconds: 0.25
# start_time = Jun 18 2023 14:38:47 [NMEA time, header]
# bad_flag = -9.990e-29
*END*
[from data line 3898]
     50.428     8.8985   3.559430    33.4483       3909    16.2833  0.000e+00
     50.268     8.8980   3.557866    33.4325       3910    16.2875  0.000e+00
     50.099     8.8920   3.558089    33.4405       3911    16.2917  0.000e+00
     49.915     8.8891   3.559055    33.4535       3912    16.2958  0.000e+00
     49.728     8.8919   3.559627    33.4569       3913    16.3000  0.000e+00
     49.523     8.8980   3.558216    33.4365       3914    16.3042  0.000e+00
     49.279     8.8973   3.553493    33.3880       3915    16.3083  0.000e+00
     49.053     8.8813   3.551669    33.3841       3916    16.3125  0.000e+00
     48.812     8.8615   3.550748    33.3932       3917    16.3167  0.000e+00
     48.552     8.8456   3.548881    33.3887       3918    16.3208  0.000e+00
     48.299     8.8314   3.547477    33.3876       3919    16.3250  0.000e+00
     48.040     8.8187   3.546690    33.3913       3920    16.3292  0.000e+00
     47.783     8.8101   3.547744    33.4107       3921    16.3333  0.000e+00
     47.545     8.8092   3.548817    33.4228       3922    16.3375  0.000e+00
     47.304     8.8150   3.547941    33.4083       3923    16.3417  0.000e+00
     47.096     8.8174   3.547763    33.4043       3924    16.3458  0.000e+00
     46.918     8.8181   3.548639    33.4129       3925    16.3500  0.000e+00
     46.767     8.8218   3.548245    33.4053       3926    16.3542  0.000e+00
     46.638     8.8248   3.547324    33.3929       3927    16.3583  0.000e+00
     46.532     8.8240   3.547324    33.3937       3928    16.3625  0.000e+00
     46.457     8.8229   3.547369    33.3952       3929    16.3667  0.000e+00
     46.393     8.8229   3.547458    33.3962       3930    16.3708  0.000e+00
     46.345     8.8233   3.547699    33.3984       3931    16.3750  0.000e+00
     46.300     8.8246   3.547851    33.3987       3932    16.3792  0.000e+00
     46.237     8.8264   3.547851    33.3971       3933    16.3833  0.000e+00
     46.164     8.8276   3.547940    33.3970       3934    16.3875  0.000e+00
     46.089     8.8287   3.548226    33.3989       3935    16.3917  0.000e+00
     45.989     8.8310   3.548264    33.3972       3936    16.3958  0.000e+00
     45.863     8.8333   3.548067    33.3930       3937    16.4000  0.000e+00
     45.718     8.8343   3.547673    33.3880       3938    16.4042  0.000e+00
     45.534     8.8337   3.546797    33.3795       3939    16.4083  0.000e+00
     45.338     8.8307   3.545832    33.3723       3940    16.4125  0.000e+00
     45.109     8.8260   3.544409    33.3620       3941    16.4167  0.000e+00
     44.843     8.8204   3.540798    33.3296       3942    16.4208  0.000e+00
     44.554     8.8077   3.538983    33.3227       3943    16.4250  0.000e+00
     44.261     8.7928   3.537537    33.3216       3944    16.4292  0.000e+00
     43.963     8.7792   3.533630    33.2937       3945    16.4333  0.000e+00
     43.667     8.7620   3.531297    33.2856       3946    16.4375  0.000e+00
     43.357     8.7437   3.530771    33.2974       3947    16.4417  0.000e+00
     43.055     8.7309   3.529814    33.2995       3948    16.4458  0.000e+00
     42.769     8.7214   3.529510    33.3054       3949    16.4500  0.000e+00
     42.509     8.7150   3.529529    33.3118       3950    16.4542  0.000e+00
     42.265     8.7115   3.529206    33.3117       3951    16.4583  0.000e+00
     42.054     8.7091   3.528940    33.3113       3952    16.4625  0.000e+00
     41.870     8.7069   3.528901    33.3131       3953    16.4667  0.000e+00
     41.716     8.7055   3.528857    33.3140       3954    16.4708  0.000e+00
     41.602     8.7048   3.528813    33.3142       3955    16.4750  0.000e+00
     41.499     8.7041   3.528331    33.3099       3956    16.4792  0.000e+00
     41.418     8.7025   3.527222    33.2998       3957    16.4833  0.000e+00
     41.333     8.6986   3.526874    33.2999       3958    16.4875  0.000e+00
     41.264     8.6957   3.524238    33.2750       3959    16.4917  0.000e+00
     41.195     8.6865   3.517179    33.2096       3960    16.4958  0.000e+00
     41.122     8.6618   3.515679    33.2170       3961    16.5000  0.000e+00
     41.035     8.6393   3.513509    33.2154       3962    16.5042  0.000e+00
     40.929     8.6220   3.509917    33.1940       3963    16.5083  0.000e+00
     40.794     8.6037   3.505719    33.1671       3964    16.5125  0.000e+00
     40.652     8.5828   3.503968    33.1685       3965    16.5167  0.000e+00
     40.492     8.5655   3.502819    33.1727       3966    16.5208  0.000e+00
     40.311     8.5530   3.502452    33.1806       3967    16.5250  0.000e+00
     40.127     8.5450   3.502301    33.1866       3968    16.5292  0.000e+00
     39.916     8.5404   3.498504    33.1511       3969    16.5333  0.000e+00
     39.702     8.5282   3.488897    33.0615       3970    16.5375  0.000e+00
     39.479     8.4934   3.487692    33.0816       3971    16.5417  0.000e+00
     39.250     8.4640   3.488853    33.1215       3972    16.5458  0.000e+00
     39.008     8.4532   3.486576    33.1078       3973    16.5500  0.000e+00
     38.764     8.4448   3.484236    33.0911       3974    16.5542  0.000e+00
     38.517     8.4344   3.484539    33.1041       3975    16.5583  0.000e+00
     38.288     8.4299   3.485075    33.1141       3976    16.5625  0.000e+00
     38.064     8.4321   3.485012    33.1115       3977    16.5667  0.000e+00
     37.865     8.4349   3.484785    33.1066       3978    16.5708  0.000e+00
     37.669     8.4368   3.484362    33.1004       3979    16.5750  0.000e+00
     37.486     8.4373   3.483826    33.0943       3980    16.5792  0.000e+00
     37.308     8.4361   3.482994    33.0868       3981    16.5833  0.000e+00
     37.136     8.4332   3.480870    33.0672       3982    16.5875  0.000e+00
     36.970     8.4262   3.477889    33.0424       3983    16.5917  0.000e+00
     36.819     8.4139   3.474846    33.0219       3984    16.5958  0.000e+00
     36.659     8.3972   3.473416    33.0225       3985    16.6000  0.000e+00
     36.512     8.3812   3.472081    33.0234       3986    16.6042  0.000e+00
     36.367     8.3672   3.468474    32.9985       3987    16.6083  0.000e+00
     36.210     8.3484   3.465403    32.9838       3988    16.6125  0.000e+00
     36.038     8.3266   3.463459    32.9838       3989    16.6167  0.000e+00
     35.866     8.3064   3.459290    32.9586       3990    16.6208  0.000e+00
     35.688     8.2818   3.455141    32.9379       3991    16.6250  0.000e+00
     35.507     8.2535   3.453281    32.9448       3992    16.6292  0.000e+00
     35.311     8.2296   3.450423    32.9371       3993    16.6333  0.000e+00
     35.103     8.2076   3.444314    32.8930       3994    16.6375  0.000e+00
     34.898     8.1759   3.435368    32.8279       3995    16.6417  0.000e+00
     34.684     8.1263   3.425416    32.7688       3996    16.6458  0.000e+00
     34.479     8.0589   3.419469    32.7687       3997    16.6500  0.000e+00
     34.283     7.9949   3.414263    32.7733       3998    16.6542  0.000e+00
     34.084     7.9399   3.413238    32.8140       3999    16.6583  0.000e+00
     33.909     7.9045   3.409505    32.8075       4000    16.6625  0.000e+00
     33.719     7.8760   3.405830    32.7950       4001    16.6667  0.000e+00
     33.559     7.8471   3.404424    32.8073       4002    16.6708  0.000e+00
     33.402     7.8248   3.400595    32.7873       4003    16.6750  0.000e+00
     33.248     7.7999   3.396331    32.7651       4004    16.6792  0.000e+00
     33.107     7.7697   3.394140    32.7702       4005    16.6833  0.000e+00
     32.953     7.7456   3.396381    32.8169       4006    16.6875  0.000e+00
     32.817     7.7422   3.399478    32.8534       4007    16.6917  0.000e+00
     32.676     7.7593   3.401020    32.8539       4008    16.6958  0.000e+00
     32.534     7.7823   3.402638    32.8496       4009    16.7000  0.000e+00
     32.380     7.8073   3.402737    32.8272       4010    16.7042  0.000e+00
     32.226     7.8272   3.394451    32.7198       4011    16.7083  0.000e+00
     32.069     7.8127   3.372436    32.4980       4012    16.7125  0.000e+00
     31.897     7.7293   3.361568    32.4595       4013    16.7167  0.000e+00
     31.723     7.6214   3.356031    32.5009       4014    16.7208  0.000e+00
     31.533     7.5378   3.346270    32.4742       4015    16.7250  0.000e+00
     31.339     7.4625   3.350610    32.5916       4016    16.7292  0.000e+00
     31.131     7.4327   3.358761    32.7078       4017    16.7333  0.000e+00
     30.923     7.4601   3.365874    32.7589       4018    16.7375  0.000e+00
     30.727     7.5173   3.391322    32.9795       4019    16.7417  0.000e+00
     30.516     7.6582   3.416155    33.1133       4020    16.7458  0.000e+00
     30.299     7.8727   3.432561    33.0857       4021    16.7500  0.000e+00
     30.082     8.0801   3.443447    33.0059       4022    16.7542  0.000e+00
     29.883     8.2468   3.452300    32.9433       4023    16.7583  0.000e+00
     29.687     8.3819   3.455817    32.8543       4024    16.7625  0.000e+00
     29.473     8.4829   3.457431    32.7773       4025    16.7667  0.000e+00
     29.286     8.5529   3.456513    32.7027       4026    16.7708  0.000e+00
     29.096     8.5986   3.455877    32.6538       4027    16.7750  0.000e+00
     28.903     8.6262   3.455726    32.6268       4028    16.7792  0.000e+00
     28.725     8.6422   3.455650    32.6114       4029    16.7833  0.000e+00
     28.571     8.6510   3.455663    32.6035       4030    16.7875  0.000e+00
     28.429     8.6562   3.455644    32.5986       4031    16.7917  0.000e+00
     28.288     8.6593   3.455512    32.5944       4032    16.7958  0.000e+00
     28.155     8.6620   3.455474    32.5916       4033    16.8000  0.000e+00
     28.028     8.6642   3.455449    32.5893       4034    16.8042  0.000e+00
     27.896     8.6653   3.455172    32.5854       4035    16.8083  0.000e+00
     27.754     8.6653   3.454198    32.5753       4036    16.8125  0.000e+00
     27.585     8.6640   3.453280    32.5670       4037    16.8167  0.000e+00
     27.416     8.6629   3.452834    32.5635       4038    16.8208  0.000e+00
     27.235     8.6621   3.452627    32.5621       4039    16.8250  0.000e+00
     27.018     8.6622   3.453048    32.5665       4040    16.8292  0.000e+00
     26.789     8.6646   3.453494    32.5690       4041    16.8333  0.000e+00
     26.520     8.6697   3.452601    32.5552       4042    16.8375  0.000e+00
     26.240     8.6750   3.451521    32.5391       4043    16.8417  0.000e+00
     25.950     8.6788   3.450572    32.5258       4044    16.8458  0.000e+00
     25.676     8.6834   3.449441    32.5098       4045    16.8500  0.000e+00
     25.395     8.6872   3.449165    32.5036       4046    16.8542  0.000e+00
     25.145     8.6911   3.453323    32.5436       4047    16.8583  0.000e+00
     24.916     8.7095   3.454448    32.5386       4048    16.8625  0.000e+00
     24.720     8.7308   3.453141    32.5054       4049    16.8667  0.000e+00
     24.563     8.7399   3.452858    32.4942       4050    16.8708  0.000e+00
     24.415     8.7443   3.456044    32.5235       4051    16.8750  0.000e+00
     24.283     8.7659   3.460979    32.5553       4052    16.8792  0.000e+00
     24.180     8.8100   3.463708    32.5433       4053    16.8833  0.000e+00
     24.071     8.8543   3.464261    32.5085       4054    16.8875  0.000e+00
     23.969     8.8840   3.464028    32.4789       4055    16.8917  0.000e+00
     23.845     8.8997   3.463028    32.4542       4056    16.8958  0.000e+00
     23.710     8.9043   3.462235    32.4418       4057    16.9000  0.000e+00
     23.559     8.9024   3.459298    32.4130       4058    16.9042  0.000e+00
     23.390     8.8931   3.457745    32.4054       4059    16.9083  0.000e+00
     23.200     8.8837   3.451046    32.3444       4060    16.9125  0.000e+00
     23.004     8.8661   3.443781    32.2849       4061    16.9167  0.000e+00
     22.784     8.8396   3.438762    32.2569       4062    16.9208  0.000e+00
     22.557     8.8174   3.436372    32.2523       4063    16.9250  0.000e+00
     22.322     8.8059   3.435400    32.2527       4064    16.9292  0.000e+00
     22.090     8.8038   3.435570    32.2565       4065    16.9333  0.000e+00
     21.864     8.8108   3.436184    32.2566       4066    16.9375  0.000e+00
     21.635     8.8284   3.435927    32.2380       4067    16.9417  0.000e+00
     21.415     8.8458   3.436942    32.2329       4068    16.9458  0.000e+00
     21.194     8.8640   3.437657    32.2239       4069    16.9500  0.000e+00
     20.974     8.8811   3.437826    32.2103       4070    16.9542  0.000e+00
     20.760     8.8926   3.437870    32.2003       4071    16.9583  0.000e+00
     20.543     8.8988   3.437851    32.1946       4072    16.9625  0.000e+00
     20.317     8.9018   3.438020    32.1938       4073    16.9667  0.000e+00
     20.100     8.9063   3.442399    32.2353       4074    16.9708  0.000e+00
     19.879     8.9360   3.448036    32.2670       4075    16.9750  0.000e+00
     19.662     8.9957   3.452344    32.2576       4076    16.9792  0.000e+00
     19.451     9.0587   3.454763    32.2257       4077    16.9833  0.000e+00
     19.249     9.1105   3.456296    32.1948       4078    16.9875  0.000e+00
     19.059     9.1471   3.458193    32.1814       4079    16.9917  0.000e+00
     18.875     9.1795   3.466691    32.2400       4080    16.9958  0.000e+00
     18.697     9.2439   3.477275    32.2911       4081    17.0000  0.000e+00
     18.531     9.3473   3.485380    32.2812       4082    17.0042  0.000e+00
     18.362     9.4592   3.492817    32.2567       4083    17.0083  0.000e+00
     18.202     9.5704   3.500835    32.2389       4084    17.0125  0.000e+00
     18.034     9.6780   3.504896    32.1840       4085    17.0167  0.000e+00
     17.862     9.7660   3.508701    32.1441       4086    17.0208  0.000e+00
     17.681     9.8353   3.513443    32.1306       4087    17.0250  0.000e+00
     17.485     9.8991   3.516784    32.1078       4088    17.0292  0.000e+00
     17.264     9.9550   3.520594    32.0967       4089    17.0333  0.000e+00
     17.029    10.0074   3.524912    32.0940       4090    17.0375  0.000e+00
     16.773    10.0625   3.530120    32.0978       4091    17.0417  0.000e+00
     16.501    10.1230   3.535635    32.0999       4092    17.0458  0.000e+00
     16.221    10.1914   3.541781    32.1014       4093    17.0500  0.000e+00
     15.934    10.2691   3.544967    32.0648       4094    17.0542  0.000e+00
     15.651    10.3405   3.546966    32.0220       4095    17.0583  0.000e+00
     15.392    10.3938   3.548458    31.9902       4096    17.0625  0.000e+00
     15.156    10.4326   3.549378    31.9653       4097    17.0667  0.000e+00
     14.939    10.4592   3.550102    31.9493       4098    17.0708  0.000e+00
     14.758    10.4788   3.550673    31.9379       4099    17.0750  0.000e+00
     14.595    10.4935   3.550959    31.9279       4100    17.0792  0.000e+00
     14.441    10.5047   3.551175    31.9204       4101    17.0833  0.000e+00
     14.315    10.5128   3.551441    31.9160       4102    17.0875  0.000e+00
     14.170    10.5198   3.551854    31.9140       4103    17.0917  0.000e+00
     14.043    10.5263   3.552229    31.9121       4104    17.0958  0.000e+00
     13.917    10.5331   3.552667    31.9106       4105    17.1000  0.000e+00
     13.781    10.5408   3.553481    31.9120       4106    17.1042  0.000e+00
     13.639    10.5514   3.554535    31.9133       4107    17.1083  0.000e+00
     13.470    10.5661   3.555482    31.9100       4108    17.1125  0.000e+00
     13.292    10.5829   3.556626    31.9068       4109    17.1167  0.000e+00
     13.090    10.6020   3.557242    31.8963       4110    17.1208  0.000e+00
     12.861    10.6188   3.557986    31.8891       4111    17.1250  0.000e+00
     12.620    10.6342   3.558361    31.8795       4112    17.1292  0.000e+00
