HB2302/sbe124.cnv
* Sea-Bird SBE 19plus V2 Data File:
* FileName = C:\cruise\data\sbe124.hex
* Software Version Seasave V 7.26.7.121
* Temperature SN = 4758
* Conductivity SN = 4758
* System UpLoad Time = Jun 19 2023 19:17:41
* NMEA Latitude = 42 58.39 N
* NMEA Longitude = 067 00.10 W
* NMEA UTC (Time) = Jun 19 2023 19:17:41
** Cruise: HB2302
** Program: Ecomon
** Chief Scientist: Jerry Prezioso
# nquan = 7
# nvalues = 3396                                  
# units = specified
# name 0 = depSM: Depth [salt water, m]
# name 1 = tv290C: Temperature [ITS-90, deg C]
# name 2 = c0S/m: Conductivity [S/m]
# name 3 = sal00: Salinity, Practical [PSU]
# name 4 = scan: Scan Count
# name 5 = timeM: Time, Elapsed [minutes]
# name 6 = flag:  0.000e+00
# span 0 =      3.060,    205.989                 
# span 1 =     7.0529,    11.5400                 
# span 2 =   3.328084,   3.738863                 
# span 3 =    30.3253,    34.7778                 
# span 4 =         11,       3406                 
# span 5 =     0.0417,    14.1875                 
# span 6 = 0.0000e+00, 0.0000e+00                 
# interval = seconds: 0.25
# start_time = Jun 19 2023 19:17:41 [NMEA time, header]
# bad_flag = -9.990e-29
*END*
[from data line 1642]
    156.449     9.2922   3.714708    34.6403       1653     6.8833  0.000e+00
    156.407     9.2916   3.714546    34.6393       1654     6.8875  0.000e+00
    156.356     9.2907   3.714456    34.6393       1655     6.8917  0.000e+00
    156.311     9.2899   3.714048    34.6358       1656     6.8958  0.000e+00
    156.244     9.2891   3.713641    34.6323       1657     6.9000  0.000e+00
    156.181     9.2879   3.713647    34.6336       1658     6.9042  0.000e+00
    156.112     9.2873   3.713389    34.6316       1659     6.9083  0.000e+00
    156.022     9.2865   3.712794    34.6262       1660     6.9125  0.000e+00
    155.925     9.2853   3.713156    34.6312       1661     6.9167  0.000e+00
    155.811     9.2844   3.713253    34.6331       1662     6.9208  0.000e+00
    155.699     9.2847   3.713253    34.6329       1663     6.9250  0.000e+00
    155.573     9.2846   3.712832    34.6286       1664     6.9292  0.000e+00
    155.422     9.2841   3.712548    34.6263       1665     6.9333  0.000e+00
    155.280     9.2832   3.712535    34.6270       1666     6.9375  0.000e+00
    155.136     9.2827   3.712347    34.6256       1667     6.9417  0.000e+00
    154.973     9.2820   3.712069    34.6235       1668     6.9458  0.000e+00
    154.822     9.2812   3.711836    34.6219       1669     6.9500  0.000e+00
    154.669     9.2801   3.711558    34.6202       1670     6.9542  0.000e+00
    154.533     9.2789   3.711377    34.6195       1671     6.9583  0.000e+00
    154.400     9.2774   3.711338    34.6206       1672     6.9625  0.000e+00
    154.283     9.2765   3.711261    34.6207       1673     6.9667  0.000e+00
    154.183     9.2760   3.711260    34.6213       1674     6.9708  0.000e+00
    154.090     9.2756   3.711248    34.6216       1675     6.9750  0.000e+00
    154.015     9.2754   3.711215    34.6215       1676     6.9792  0.000e+00
    153.945     9.2752   3.711228    34.6218       1677     6.9833  0.000e+00
    153.885     9.2752   3.711235    34.6219       1678     6.9875  0.000e+00
    153.834     9.2752   3.711228    34.6219       1679     6.9917  0.000e+00
    153.786     9.2752   3.711235    34.6220       1680     6.9958  0.000e+00
    153.747     9.2752   3.711189    34.6215       1681     7.0000  0.000e+00
    153.698     9.2752   3.711202    34.6217       1682     7.0042  0.000e+00
    153.647     9.2751   3.711189    34.6217       1683     7.0083  0.000e+00
    153.599     9.2751   3.711202    34.6218       1684     7.0125  0.000e+00
    153.539     9.2750   3.711189    34.6218       1685     7.0167  0.000e+00
    153.478     9.2752   3.711137    34.6211       1686     7.0208  0.000e+00
    153.412     9.2751   3.711053    34.6204       1687     7.0250  0.000e+00
    153.334     9.2749   3.711073    34.6208       1688     7.0292  0.000e+00
    153.252     9.2750   3.710982    34.6198       1689     7.0333  0.000e+00
    153.156     9.2746   3.710820    34.6186       1690     7.0375  0.000e+00
    153.063     9.2742   3.710827    34.6191       1691     7.0417  0.000e+00
    152.966     9.2739   3.710801    34.6191       1692     7.0458  0.000e+00
    152.864     9.2738   3.710827    34.6196       1693     7.0500  0.000e+00
    152.755     9.2737   3.710820    34.6196       1694     7.0542  0.000e+00
    152.644     9.2737   3.710775    34.6192       1695     7.0583  0.000e+00
    152.526     9.2736   3.710458    34.6160       1696     7.0625  0.000e+00
    152.406     9.2731   3.710361    34.6156       1697     7.0667  0.000e+00
    152.285     9.2723   3.710277    34.6156       1698     7.0708  0.000e+00
    152.162     9.2718   3.710290    34.6162       1699     7.0750  0.000e+00
    152.032     9.2716   3.710219    34.6158       1700     7.0792  0.000e+00
    151.897     9.2713   3.710148    34.6153       1701     7.0833  0.000e+00
    151.773     9.2709   3.710038    34.6146       1702     7.0875  0.000e+00
    151.640     9.2705   3.709947    34.6142       1703     7.0917  0.000e+00
    151.520     9.2704   3.709895    34.6138       1704     7.0958  0.000e+00
    151.411     9.2700   3.709882    34.6141       1705     7.1000  0.000e+00
    151.309     9.2697   3.709805    34.6137       1706     7.1042  0.000e+00
    151.225     9.2695   3.709824    34.6140       1707     7.1083  0.000e+00
    151.146     9.2695   3.709792    34.6138       1708     7.1125  0.000e+00
    151.080     9.2694   3.709714    34.6131       1709     7.1167  0.000e+00
    151.023     9.2693   3.709682    34.6129       1710     7.1208  0.000e+00
    150.974     9.2690   3.709663    34.6130       1711     7.1250  0.000e+00
    150.929     9.2690   3.709682    34.6132       1712     7.1292  0.000e+00
    150.872     9.2688   3.709643    34.6130       1713     7.1333  0.000e+00
    150.827     9.2686   3.709598    34.6127       1714     7.1375  0.000e+00
    150.773     9.2687   3.709443    34.6111       1715     7.1417  0.000e+00
    150.709     9.2683   3.709410    34.6112       1716     7.1458  0.000e+00
    150.637     9.2680   3.709242    34.6097       1717     7.1500  0.000e+00
    150.550     9.2675   3.709158    34.6094       1718     7.1542  0.000e+00
    150.456     9.2670   3.709158    34.6099       1719     7.1583  0.000e+00
    150.363     9.2666   3.709113    34.6098       1720     7.1625  0.000e+00
    150.272     9.2666   3.709113    34.6099       1721     7.1667  0.000e+00
    150.176     9.2664   3.709003    34.6090       1722     7.1708  0.000e+00
    150.083     9.2662   3.708996    34.6092       1723     7.1750  0.000e+00
    149.998     9.2661   3.709003    34.6094       1724     7.1792  0.000e+00
    149.908     9.2659   3.708971    34.6093       1725     7.1833  0.000e+00
    149.832     9.2657   3.708970    34.6095       1726     7.1875  0.000e+00
    149.748     9.2657   3.708958    34.6094       1727     7.1917  0.000e+00
    149.670     9.2655   3.708880    34.6089       1728     7.1958  0.000e+00
    149.585     9.2655   3.708893    34.6090       1729     7.2000  0.000e+00
    149.495     9.2655   3.708854    34.6087       1730     7.2042  0.000e+00
    149.396     9.2653   3.708835    34.6087       1731     7.2083  0.000e+00
    149.290     9.2652   3.708802    34.6085       1732     7.2125  0.000e+00
    149.176     9.2652   3.708738    34.6079       1733     7.2167  0.000e+00
    149.052     9.2650   3.708498    34.6057       1734     7.2208  0.000e+00
    148.922     9.2646   3.708369    34.6047       1735     7.2250  0.000e+00
    148.787     9.2642   3.708098    34.6024       1736     7.2292  0.000e+00
    148.660     9.2634   3.707399    34.5959       1737     7.2333  0.000e+00
    148.534     9.2617   3.707445    34.5981       1738     7.2375  0.000e+00
    148.413     9.2604   3.707264    34.5976       1739     7.2417  0.000e+00
    148.290     9.2595   3.706869    34.5944       1740     7.2458  0.000e+00
    148.175     9.2583   3.706514    34.5919       1741     7.2500  0.000e+00
    148.070     9.2565   3.706359    34.5921       1742     7.2542  0.000e+00
    147.970     9.2555   3.706268    34.5922       1743     7.2583  0.000e+00
    147.874     9.2546   3.706036    34.5907       1744     7.2625  0.000e+00
    147.792     9.2538   3.705971    34.5908       1745     7.2667  0.000e+00
    147.708     9.2529   3.705745    34.5893       1746     7.2708  0.000e+00
    147.642     9.2523   3.705254    34.5849       1747     7.2750  0.000e+00
    147.563     9.2508   3.705118    34.5850       1748     7.2792  0.000e+00
    147.488     9.2494   3.704976    34.5849       1749     7.2833  0.000e+00
    147.422     9.2483   3.704653    34.5826       1750     7.2875  0.000e+00
    147.353     9.2470   3.704407    34.5814       1751     7.2917  0.000e+00
    147.283     9.2457   3.704052    34.5789       1752     7.2958  0.000e+00
    147.211     9.2443   3.704097    34.5808       1753     7.3000  0.000e+00
    147.145     9.2434   3.704356    34.5844       1754     7.3042  0.000e+00
    147.075     9.2435   3.704259    34.5833       1755     7.3083  0.000e+00
    147.009     9.2437   3.704343    34.5840       1756     7.3125  0.000e+00
    146.943     9.2439   3.703826    34.5785       1757     7.3167  0.000e+00
    146.876     9.2429   3.702540    34.5661       1758     7.3208  0.000e+00
    146.810     9.2397   3.702049    34.5641       1759     7.3250  0.000e+00
    146.735     9.2367   3.701907    34.5656       1760     7.3292  0.000e+00
    146.653     9.2341   3.701642    34.5654       1761     7.3333  0.000e+00
    146.569     9.2325   3.701332    34.5638       1762     7.3375  0.000e+00
    146.479     9.2309   3.700583    34.5576       1763     7.3417  0.000e+00
    146.385     9.2285   3.700318    34.5572       1764     7.3458  0.000e+00
    146.289     9.2263   3.699879    34.5548       1765     7.3500  0.000e+00
    146.189     9.2242   3.700144    34.5596       1766     7.3542  0.000e+00
    146.087     9.2235   3.700299    34.5620       1767     7.3583  0.000e+00
    145.981     9.2237   3.700234    34.5612       1768     7.3625  0.000e+00
    145.879     9.2237   3.700183    34.5606       1769     7.3667  0.000e+00
    145.786     9.2236   3.699860    34.5574       1770     7.3708  0.000e+00
    145.686     9.2229   3.699492    34.5543       1771     7.3750  0.000e+00
    145.593     9.2217   3.698362    34.5437       1772     7.3792  0.000e+00
    145.490     9.2184   3.695741    34.5197       1773     7.3833  0.000e+00
    145.394     9.2113   3.695437    34.5235       1774     7.3875  0.000e+00
    145.294     9.2059   3.695624    34.5307       1775     7.3917  0.000e+00
    145.192     9.2030   3.695192    34.5291       1776     7.3958  0.000e+00
    145.087     9.2014   3.694953    34.5282       1777     7.4000  0.000e+00
    144.987     9.1999   3.695599    34.5364       1778     7.4042  0.000e+00
    144.882     9.1996   3.693507    34.5150       1779     7.4083  0.000e+00
    144.785     9.1963   3.693114    34.5141       1780     7.4125  0.000e+00
    144.686     9.1930   3.692830    34.5144       1781     7.4167  0.000e+00
    144.589     9.1907   3.692636    34.5146       1782     7.4208  0.000e+00
    144.505     9.1888   3.692565    34.5158       1783     7.4250  0.000e+00
    144.427     9.1877   3.692585    34.5170       1784     7.4292  0.000e+00
    144.354     9.1872   3.692539    34.5172       1785     7.4333  0.000e+00
    144.282     9.1871   3.692494    34.5168       1786     7.4375  0.000e+00
    144.219     9.1867   3.692501    34.5173       1787     7.4417  0.000e+00
    144.161     9.1865   3.692520    34.5177       1788     7.4458  0.000e+00
    144.104     9.1865   3.692501    34.5175       1789     7.4500  0.000e+00
    144.044     9.1865   3.692494    34.5175       1790     7.4542  0.000e+00
    143.996     9.1865   3.692475    34.5173       1791     7.4583  0.000e+00
    143.932     9.1865   3.692455    34.5171       1792     7.4625  0.000e+00
    143.866     9.1865   3.692313    34.5157       1793     7.4667  0.000e+00
    143.794     9.1862   3.692255    34.5154       1794     7.4708  0.000e+00
    143.703     9.1855   3.691623    34.5095       1795     7.4750  0.000e+00
    143.613     9.1843   3.691068    34.5050       1796     7.4792  0.000e+00
    143.501     9.1817   3.689630    34.4926       1797     7.4833  0.000e+00
    143.384     9.1775   3.689372    34.4940       1798     7.4875  0.000e+00
    143.254     9.1733   3.689443    34.4989       1799     7.4917  0.000e+00
    143.125     9.1709   3.688630    34.4927       1800     7.4958  0.000e+00
    142.965     9.1683   3.688198    34.4909       1801     7.5000  0.000e+00
    142.820     9.1656   3.687856    34.4899       1802     7.5042  0.000e+00
    142.676     9.1633   3.687449    34.4880       1803     7.5083  0.000e+00
    142.537     9.1612   3.686618    34.4814       1804     7.5125  0.000e+00
    142.396     9.1579   3.686160    34.4799       1805     7.5167  0.000e+00
    142.266     9.1547   3.685309    34.4742       1806     7.5208  0.000e+00
    142.148     9.1512   3.684761    34.4720       1807     7.5250  0.000e+00
    142.040     9.1476   3.684541    34.4732       1808     7.5292  0.000e+00
    141.934     9.1453   3.684941    34.4797       1809     7.5333  0.000e+00
    141.856     9.1445   3.684690    34.4778       1810     7.5375  0.000e+00
    141.778     9.1442   3.684496    34.4762       1811     7.5417  0.000e+00
    141.714     9.1433   3.684303    34.4750       1812     7.5458  0.000e+00
    141.660     9.1426   3.684187    34.4745       1813     7.5500  0.000e+00
    141.618     9.1419   3.683974    34.4730       1814     7.5542  0.000e+00
    141.579     9.1412   3.683980    34.4738       1815     7.5583  0.000e+00
    141.543     9.1407   3.683781    34.4722       1816     7.5625  0.000e+00
    141.513     9.1400   3.682491    34.4594       1817     7.5667  0.000e+00
    141.488     9.1379   3.681827    34.4546       1818     7.5708  0.000e+00
    141.461     9.1341   3.681815    34.4581       1819     7.5750  0.000e+00
    141.437     9.1314   3.681963    34.4622       1820     7.5792  0.000e+00
    141.407     9.1301   3.681596    34.4597       1821     7.5833  0.000e+00
    141.377     9.1291   3.681422    34.4589       1822     7.5875  0.000e+00
    141.335     9.1280   3.681389    34.4596       1823     7.5917  0.000e+00
    141.278     9.1271   3.681576    34.4625       1824     7.5958  0.000e+00
    141.211     9.1273   3.682079    34.4675       1825     7.6000  0.000e+00
    141.127     9.1284   3.681621    34.4618       1826     7.6042  0.000e+00
    141.021     9.1282   3.681531    34.4610       1827     7.6083  0.000e+00
    140.898     9.1282   3.681750    34.4634       1828     7.6125  0.000e+00
    140.762     9.1282   3.681756    34.4636       1829     7.6167  0.000e+00
    140.615     9.1283   3.681466    34.4605       1830     7.6208  0.000e+00
    140.449     9.1278   3.680751    34.4536       1831     7.6250  0.000e+00
    140.286     9.1261   3.680616    34.4539       1832     7.6292  0.000e+00
    140.126     9.1241   3.680764    34.4574       1833     7.6333  0.000e+00
    139.964     9.1235   3.680570    34.4561       1834     7.6375  0.000e+00
    139.819     9.1229   3.680519    34.4562       1835     7.6417  0.000e+00
    139.686     9.1223   3.680461    34.4562       1836     7.6458  0.000e+00
    139.569     9.1219   3.680499    34.4571       1837     7.6500  0.000e+00
    139.472     9.1220   3.680499    34.4571       1838     7.6542  0.000e+00
    139.394     9.1218   3.680570    34.4580       1839     7.6583  0.000e+00
    139.331     9.1220   3.680706    34.4593       1840     7.6625  0.000e+00
    139.280     9.1222   3.680706    34.4590       1841     7.6667  0.000e+00
    139.234     9.1225   3.680589    34.4576       1842     7.6708  0.000e+00
    139.198     9.1224   3.680570    34.4575       1843     7.6750  0.000e+00
    139.162     9.1223   3.680473    34.4566       1844     7.6792  0.000e+00
    139.120     9.1222   3.680461    34.4566       1845     7.6833  0.000e+00
    139.075     9.1220   3.680473    34.4570       1846     7.6875  0.000e+00
    139.017     9.1217   3.680454    34.4570       1847     7.6917  0.000e+00
    138.954     9.1218   3.680461    34.4571       1848     7.6958  0.000e+00
    138.882     9.1218   3.680364    34.4561       1849     7.7000  0.000e+00
    138.791     9.1216   3.680480    34.4575       1850     7.7042  0.000e+00
    138.695     9.1215   3.680544    34.4583       1851     7.7083  0.000e+00
    138.593     9.1217   3.680570    34.4585       1852     7.7125  0.000e+00
    138.487     9.1220   3.680460    34.4571       1853     7.7167  0.000e+00
    138.379     9.1218   3.680338    34.4560       1854     7.7208  0.000e+00
    138.264     9.1214   3.680177    34.4548       1855     7.7250  0.000e+00
    138.156     9.1209   3.680286    34.4565       1856     7.7292  0.000e+00
