HB2302/sbe184.cnv
* Sea-Bird SBE 19plus V2 Data File:
* FileName = C:\cruise\data\sbe184.hex
* Software Version Seasave V 7.26.7.121
* Temperature SN = 4758
* Conductivity SN = 4758
* System UpLoad Time = Jun 25 2023 23:30:44
* NMEA Latitude = 40 35.24 N
* NMEA Longitude = 069 51.14 W
* NMEA UTC (Time) = Jun 25 2023 23:30:43
** Cruise: HB2302
** Program: Ecomon
** Chief Scientist: Jerry Prezioso
# nquan = 7
# nvalues = 1542                                  
# units = specified
# name 0 = depSM: Depth [salt water, m]
# name 1 = tv290C: Temperature [ITS-90, deg C]
# name 2 = c0S/m: Conductivity [S/m]
# name 3 = sal00: Salinity, Practical [PSU]
# name 4 = scan: Scan Count
# name 5 = timeM: Time, Elapsed [minutes]
# name 6 = flag:  0.000e+00
# span 0 =     -0.087,     57.341                 
# span 1 =     9.8699,    21.3758                 
# span 2 =   0.000650,   4.811714                 
# span 3 =     0.0119,    35.1490                 
# span 4 =         11,       1552                 
# span 5 =     0.0417,     6.4625                 
# span 6 = 0.0000e+00, 0.0000e+00                 
# interval = seconds: 0.25
# start_time = Jun 25 2023 23:30:43 [NMEA time, header]
# bad_flag = -9.990e-29
*END*
     -0.078    21.3753   0.000674     0.0120         11     0.0417  0.000e+00
     -0.078    21.3758   0.000665     0.0120         12     0.0458  0.000e+00
     -0.078    21.3737   0.000668     0.0120         13     0.0500  0.000e+00
     -0.078    21.3711   0.000680     0.0120         14     0.0542  0.000e+00
     -0.084    21.3707   0.000665     0.0120         15     0.0583  0.000e+00
     -0.081    21.3715   0.000668     0.0120         16     0.0625  0.000e+00
     -0.078    21.3728   0.000665     0.0120         17     0.0667  0.000e+00
     -0.081    21.3728   0.000668     0.0120         18     0.0708  0.000e+00
     -0.087    21.3729   0.000668     0.0120         19     0.0750  0.000e+00
     -0.084    21.3722   0.000668     0.0120         20     0.0792  0.000e+00
     -0.081    21.3714   0.000674     0.0120         21     0.0833  0.000e+00
     -0.081    21.3695   0.000674     0.0120         22     0.0875  0.000e+00
     -0.081    21.3685   0.000668     0.0120         23     0.0917  0.000e+00
     -0.081    21.3693   0.000668     0.0120         24     0.0958  0.000e+00
     -0.084    21.3703   0.000668     0.0120         25     0.1000  0.000e+00
     -0.078    21.3689   0.000674     0.0120         26     0.1042  0.000e+00
     -0.084    21.3667   0.000674     0.0120         27     0.1083  0.000e+00
     -0.081    21.3662   0.000668     0.0120         28     0.1125  0.000e+00
     -0.081    21.3670   0.000668     0.0120         29     0.1167  0.000e+00
     -0.087    21.3679   0.000662     0.0120         30     0.1208  0.000e+00
     -0.081    21.3677   0.000674     0.0120         31     0.1250  0.000e+00
     -0.081    21.3667   0.000662     0.0120         32     0.1292  0.000e+00
     -0.084    21.3657   0.000668     0.0120         33     0.1333  0.000e+00
     -0.084    21.3665   0.000674     0.0120         34     0.1375  0.000e+00
     -0.078    21.3671   0.000668     0.0120         35     0.1417  0.000e+00
     -0.078    21.3655   0.000665     0.0120         36     0.1458  0.000e+00
     -0.075    21.3610   0.000668     0.0120         37     0.1500  0.000e+00
     -0.075    21.3594   0.000674     0.0120         38     0.1542  0.000e+00
     -0.084    21.3613   0.000662     0.0120         39     0.1583  0.000e+00
     -0.072    21.3632   0.000674     0.0120         40     0.1625  0.000e+00
     -0.081    21.3630   0.000674     0.0120         41     0.1667  0.000e+00
     -0.078    21.3601   0.000674     0.0120         42     0.1708  0.000e+00
     -0.081    21.3576   0.000665     0.0120         43     0.1750  0.000e+00
     -0.081    21.3571   0.000668     0.0120         44     0.1792  0.000e+00
     -0.081    21.3583   0.000674     0.0120         45     0.1833  0.000e+00
     -0.075    21.3592   0.000680     0.0120         46     0.1875  0.000e+00
     -0.072    21.3593   0.000674     0.0120         47     0.1917  0.000e+00
     -0.078    21.3597   0.000674     0.0120         48     0.1958  0.000e+00
     -0.081    21.3600   0.000674     0.0120         49     0.2000  0.000e+00
     -0.084    21.3576   0.000674     0.0120         50     0.2042  0.000e+00
     -0.078    21.3556   0.000674     0.0120         51     0.2083  0.000e+00
     -0.078    21.3559   0.000680     0.0120         52     0.2125  0.000e+00
     -0.084    21.3573   0.000674     0.0120         53     0.2167  0.000e+00
     -0.087    21.3578   0.000668     0.0120         54     0.2208  0.000e+00
     -0.081    21.3564   0.000668     0.0120         55     0.2250  0.000e+00
     -0.075    21.3547   0.000668     0.0120         56     0.2292  0.000e+00
     -0.084    21.3545   0.000668     0.0120         57     0.2333  0.000e+00
     -0.078    21.3551   0.000668     0.0120         58     0.2375  0.000e+00
     -0.078    21.3559   0.000674     0.0120         59     0.2417  0.000e+00
     -0.081    21.3557   0.000674     0.0120         60     0.2458  0.000e+00
     -0.078    21.3562   0.000662     0.0120         61     0.2500  0.000e+00
     -0.078    21.3565   0.000668     0.0120         62     0.2542  0.000e+00
     -0.075    21.3567   0.000674     0.0120         63     0.2583  0.000e+00
     -0.081    21.3570   0.000668     0.0120         64     0.2625  0.000e+00
     -0.075    21.3571   0.000674     0.0120         65     0.2667  0.000e+00
     -0.081    21.3568   0.000668     0.0120         66     0.2708  0.000e+00
     -0.081    21.3572   0.000668     0.0120         67     0.2750  0.000e+00
     -0.081    21.3581   0.000674     0.0120         68     0.2792  0.000e+00
     -0.084    21.3581   0.000680     0.0120         69     0.2833  0.000e+00
     -0.081    21.3586   0.000668     0.0120         70     0.2875  0.000e+00
     -0.078    21.3577   0.000674     0.0120         71     0.2917  0.000e+00
     -0.075    21.3568   0.000674     0.0120         72     0.2958  0.000e+00
     -0.075    21.3571   0.000650     0.0119         73     0.3000  0.000e+00
     -0.078    21.3587   0.000668     0.0120         74     0.3042  0.000e+00
     -0.078    21.3589   0.000674     0.0120         75     0.3083  0.000e+00
     -0.081    21.3577   0.000668     0.0120         76     0.3125  0.000e+00
     -0.084    21.3563   0.000668     0.0120         77     0.3167  0.000e+00
     -0.081    21.3561   0.000668     0.0120         78     0.3208  0.000e+00
     -0.081    21.3564   0.000659     0.0120         79     0.3250  0.000e+00
     -0.081    21.3572   0.000674     0.0120         80     0.3292  0.000e+00
     -0.081    21.3569   0.000668     0.0120         81     0.3333  0.000e+00
     -0.084    21.3569   0.000668     0.0120         82     0.3375  0.000e+00
     -0.081    21.3550   0.000668     0.0120         83     0.3417  0.000e+00
     -0.081    21.3473   0.000674     0.0120         84     0.3458  0.000e+00
     -0.078    21.3443   0.000668     0.0120         85     0.3500  0.000e+00
     -0.078    21.3468   0.000674     0.0120         86     0.3542  0.000e+00
     -0.078    21.3438   0.000674     0.0120         87     0.3583  0.000e+00
     -0.081    21.3360   0.000668     0.0120         88     0.3625  0.000e+00
     -0.081    21.3346   0.000674     0.0120         89     0.3667  0.000e+00
     -0.075    21.3348   0.000674     0.0120         90     0.3708  0.000e+00
     -0.072    21.3353   0.000674     0.0120         91     0.3750  0.000e+00
     -0.078    21.3366   0.000668     0.0120         92     0.3792  0.000e+00
     -0.078    21.3362   0.000668     0.0120         93     0.3833  0.000e+00
     -0.084    21.3352   0.000674     0.0120         94     0.3875  0.000e+00
     -0.078    21.3347   0.000665     0.0120         95     0.3917  0.000e+00
     -0.057    21.3363   0.000674     0.0120         96     0.3958  0.000e+00
      0.155    21.3409   1.611588    10.2273         97     0.4000  0.000e+00
      0.342    21.3385   3.509473    23.9763         98     0.4042  0.000e+00
      0.511    21.1606   2.583950    17.1857         99     0.4083  0.000e+00
      0.647    20.9157   2.864773    19.3566        100     0.4125  0.000e+00
      0.744    20.6738   4.493684    32.0550        101     0.4167  0.000e+00
      0.838    20.4236   3.739264    26.2767        102     0.4208  0.000e+00
      0.913    20.1622   3.302994    23.0467        103     0.4250  0.000e+00
      1.016    19.9633   2.648278    18.1565        104     0.4292  0.000e+00
      1.188    19.9066   4.800501    35.1490        105     0.4333  0.000e+00
      1.397    20.0842   4.798910    34.9876        106     0.4375  0.000e+00
      1.618    20.4007   4.791274    34.6640        107     0.4417  0.000e+00
      1.832    20.7330   4.809594    34.5408        108     0.4458  0.000e+00
      2.038    20.9438   4.811714    34.3871        109     0.4500  0.000e+00
      2.222    21.0671   4.811323    34.2847        110     0.4542  0.000e+00
      2.409    21.1451   4.810610    34.2164        111     0.4583  0.000e+00
      2.579    21.1941   4.808789    34.1626        112     0.4625  0.000e+00
      2.736    21.2210   4.805652    34.1162        113     0.4667  0.000e+00
      2.890    21.2341   4.801855    34.0754        114     0.4708  0.000e+00
      3.005    21.2411   4.795730    34.0211        115     0.4750  0.000e+00
      3.117    21.2427   4.788992    33.9662        116     0.4792  0.000e+00
      3.210    21.2371   4.779114    33.8921        117     0.4833  0.000e+00
      3.313    21.2207   4.756154    33.7224        118     0.4875  0.000e+00
      3.428    21.1938   4.725104    33.4967        119     0.4917  0.000e+00
      3.552    21.1443   4.707993    33.3994        120     0.4958  0.000e+00
      3.685    21.0674   4.694654    33.3533        121     0.5000  0.000e+00
      3.830    20.9928   4.676751    33.2689        122     0.5042  0.000e+00
      3.972    20.9361   4.656683    33.1530        123     0.5083  0.000e+00
      4.114    20.8967   4.636758    33.0246        124     0.5125  0.000e+00
      4.265    20.8432   4.629408    33.0073        125     0.5167  0.000e+00
      4.401    20.7796   4.629281    33.0556        126     0.5208  0.000e+00
      4.540    20.7255   4.630670    33.1087        127     0.5250  0.000e+00
      4.670    20.6844   4.621773    33.0695        128     0.5292  0.000e+00
      4.791    20.6547   4.605817    32.9647        129     0.5333  0.000e+00
      4.903    20.6251   4.590498    32.8648        130     0.5375  0.000e+00
      5.009    20.5796   4.575355    32.7785        131     0.5417  0.000e+00
      5.112    20.5275   4.568067    32.7603        132     0.5458  0.000e+00
      5.223    20.4703   4.564344    32.7746        133     0.5500  0.000e+00
      5.335    20.4195   4.553730    32.7284        134     0.5542  0.000e+00
      5.462    20.3836   4.538933    32.6371        135     0.5583  0.000e+00
      5.598    20.3504   4.518520    32.4983        136     0.5625  0.000e+00
      5.749    20.3120   4.505325    32.4216        137     0.5667  0.000e+00
      5.904    20.2583   4.493188    32.3650        138     0.5708  0.000e+00
      6.067    20.1917   4.482379    32.3287        139     0.5750  0.000e+00
      6.224    20.1283   4.474001    32.3096        140     0.5792  0.000e+00
      6.381    20.0637   4.460338    32.2486        141     0.5833  0.000e+00
      6.541    19.9945   4.449652    32.2151        142     0.5875  0.000e+00
      6.692    19.9166   4.439359    32.1913        143     0.5917  0.000e+00
      6.844    19.8354   4.435347    32.2209        144     0.5958  0.000e+00
      6.992    19.7508   4.431525    32.2547        145     0.6000  0.000e+00
      7.134    19.6772   4.435197    32.3413        146     0.6042  0.000e+00
      7.255    19.6256   4.410082    32.1762        147     0.6083  0.000e+00
      7.379    19.6229   4.395343    32.0581        148     0.6125  0.000e+00
      7.481    19.5970   4.377394    31.9316        149     0.6167  0.000e+00
      7.584    19.5074   4.359781    31.8562        150     0.6208  0.000e+00
      7.702    19.3380   4.352447    31.9255        151     0.6250  0.000e+00
      7.805    19.1511   4.338452    31.9539        152     0.6292  0.000e+00
      7.911    19.0004   4.319942    31.9171        153     0.6333  0.000e+00
      8.013    18.8690   4.305118    31.8958        154     0.6375  0.000e+00
      8.116    18.7400   4.292517    31.8908        155     0.6417  0.000e+00
      8.216    18.5992   4.283838    31.9274        156     0.6458  0.000e+00
      8.334    18.4645   4.271427    31.9282        157     0.6500  0.000e+00
      8.437    18.3388   4.261417    31.9421        158     0.6542  0.000e+00
      8.563    18.2193   4.251315    31.9504        159     0.6583  0.000e+00
      8.684    18.1093   4.244718    31.9807        160     0.6625  0.000e+00
      8.817    18.0038   4.234318    31.9756        161     0.6667  0.000e+00
      8.953    17.9225   4.224399    31.9554        162     0.6708  0.000e+00
      9.095    17.8348   4.211895    31.9184        163     0.6750  0.000e+00
      9.244    17.7520   4.199856    31.8812        164     0.6792  0.000e+00
      9.401    17.6443   4.193550    31.9120        165     0.6833  0.000e+00
      9.552    17.5224   4.182612    31.9147        166     0.6875  0.000e+00
      9.703    17.4156   4.163736    31.8376        167     0.6917  0.000e+00
      9.848    17.3090   4.148262    31.7891        168     0.6958  0.000e+00
      9.987    17.1721   4.131834    31.7561        169     0.7000  0.000e+00
     10.120    17.0049   4.117044    31.7606        170     0.7042  0.000e+00
     10.241    16.8274   4.107018    31.8143        171     0.7083  0.000e+00
     10.365    16.6662   4.092170    31.8136        172     0.7125  0.000e+00
     10.477    16.5087   4.083815    31.8662        173     0.7167  0.000e+00
     10.585    16.3680   4.071102    31.8677        174     0.7208  0.000e+00
     10.703    16.2551   4.061651    31.8752        175     0.7250  0.000e+00
     10.818    16.1191   4.052195    31.9014        176     0.7292  0.000e+00
     10.942    16.0090   4.043779    31.9158        177     0.7333  0.000e+00
     11.069    15.9132   4.037711    31.9394        178     0.7375  0.000e+00
     11.196    15.8130   4.029788    31.9502        179     0.7417  0.000e+00
     11.326    15.7142   4.028646    32.0201        180     0.7458  0.000e+00
     11.468    15.6110   4.017158    32.0018        181     0.7500  0.000e+00
     11.604    15.5328   4.007704    31.9812        182     0.7542  0.000e+00
     11.752    15.4548   3.996800    31.9474        183     0.7583  0.000e+00
     11.897    15.3594   3.987792    31.9444        184     0.7625  0.000e+00
     12.045    15.2423   3.978599    31.9576        185     0.7667  0.000e+00
     12.184    15.1099   3.972791    32.0135        186     0.7708  0.000e+00
     12.326    15.0038   3.965545    32.0352        187     0.7750  0.000e+00
     12.459    14.9192   3.965712    32.1061        188     0.7792  0.000e+00
     12.595    14.8460   3.967094    32.1789        189     0.7833  0.000e+00
     12.725    14.8058   3.970622    32.2439        190     0.7875  0.000e+00
     12.849    14.7676   3.971194    32.2807        191     0.7917  0.000e+00
     12.967    14.7232   3.958737    32.2046        192     0.7958  0.000e+00
     13.085    14.7114   3.949763    32.1329        193     0.8000  0.000e+00
     13.194    14.6971   3.939181    32.0487        194     0.8042  0.000e+00
     13.309    14.6371   3.933183    32.0437        195     0.8083  0.000e+00
     13.411    14.5628   3.930074    32.0768        196     0.8125  0.000e+00
     13.514    14.4812   3.934198    32.1819        197     0.8167  0.000e+00
     13.617    14.4220   3.923362    32.1322        198     0.8208  0.000e+00
     13.723    14.4016   3.908741    32.0156        199     0.8250  0.000e+00
     13.844    14.3655   3.894934    31.9194        200     0.8292  0.000e+00
     13.953    14.2849   3.882456    31.8718        201     0.8333  0.000e+00
     14.073    14.1491   3.878561    31.9483        202     0.8375  0.000e+00
     14.200    13.9936   3.874530    32.0403        203     0.8417  0.000e+00
     14.345    13.8783   3.869941    32.0941        204     0.8458  0.000e+00
     14.500    13.7867   3.864400    32.1195        205     0.8500  0.000e+00
     14.654    13.7145   3.855882    32.1010        206     0.8542  0.000e+00
     14.811    13.6565   3.850520    32.0998        207     0.8583  0.000e+00
     14.968    13.5933   3.841653    32.0704        208     0.8625  0.000e+00
     15.131    13.5218   3.837996    32.0963        209     0.8667  0.000e+00
     15.289    13.4427   3.833064    32.1168        210     0.8708  0.000e+00
     15.452    13.3846   3.827126    32.1102        211     0.8750  0.000e+00
     15.618    13.3341   3.821420    32.0994        212     0.8792  0.000e+00
     15.775    13.2781   3.821283    32.1454        213     0.8833  0.000e+00
     15.926    13.2162   3.821101    32.1959        214     0.8875  0.000e+00
     16.084    13.1722   3.814222    32.1686        215     0.8917  0.000e+00
