HB2302/sbe162.cnv
* Sea-Bird SBE 19plus V2 Data File:
* FileName = C:\cruise\data\sbe162.hex
* Software Version Seasave V 7.26.7.121
* Temperature SN = 4758
* Conductivity SN = 4758
* System UpLoad Time = Jun 23 2023 05:25:22
* NMEA Latitude = 42 12.77 N
* NMEA Longitude = 069 14.48 W
* NMEA UTC (Time) = Jun 23 2023 05:25:21
** Cruise: HB2302
** Program: Ecomon
** Chief Scientist: Jerry Prezioso
# nquan = 7
# nvalues = 3796                                  
# units = specified
# name 0 = depSM: Depth [salt water, m]
# name 1 = tv290C: Temperature [ITS-90, deg C]
# name 2 = c0S/m: Conductivity [S/m]
# name 3 = sal00: Salinity, Practical [PSU]
# name 4 = scan: Scan Count
# name 5 = timeM: Time, Elapsed [minutes]
# name 6 = flag:  0.000e+00
# span 0 =     -0.045,    195.134                 
# span 1 =     6.3604,    16.3875                 
# span 2 =   0.000961,   4.088237                 
# span 3 =     0.0115,    33.7109                 
# span 4 =         11,       3806                 
# span 5 =     0.0417,    15.8542                 
# span 6 = 0.0000e+00, 0.0000e+00                 
# interval = seconds: 0.25
# start_time = Jun 23 2023 05:25:21 [NMEA time, header]
# bad_flag = -9.990e-29
*END*
[from data line 616]
     87.379     6.7537   3.316347    32.8642        627     2.6083  0.000e+00
     87.484     6.7529   3.316353    32.8650        628     2.6125  0.000e+00
     87.587     6.7526   3.316217    32.8637        629     2.6167  0.000e+00
     87.705     6.7526   3.316514    32.8670        630     2.6208  0.000e+00
     87.834     6.7526   3.316557    32.8674        631     2.6250  0.000e+00
     87.982     6.7534   3.316755    32.8687        632     2.6292  0.000e+00
     88.136     6.7551   3.316644    32.8658        633     2.6333  0.000e+00
     88.299     6.7570   3.316415    32.8613        634     2.6375  0.000e+00
     88.477     6.7572   3.316391    32.8608        635     2.6417  0.000e+00
     88.655     6.7563   3.316613    32.8640        636     2.6458  0.000e+00
     88.851     6.7558   3.317114    32.8700        637     2.6500  0.000e+00
     89.053     6.7554   3.317244    32.8717        638     2.6542  0.000e+00
     89.265     6.7554   3.317591    32.8753        639     2.6583  0.000e+00
     89.482     6.7560   3.318160    32.8809        640     2.6625  0.000e+00
     89.702     6.7572   3.318482    32.8832        641     2.6667  0.000e+00
     89.931     6.7589   3.318698    32.8838        642     2.6708  0.000e+00
     90.149     6.7607   3.319131    32.8868        643     2.6750  0.000e+00
     90.375     6.7628   3.319676    32.8907        644     2.6792  0.000e+00
     90.589     6.7645   3.320047    32.8930        645     2.6833  0.000e+00
     90.800     6.7665   3.320190    32.8926        646     2.6875  0.000e+00
     90.996     6.7679   3.320431    32.8938        647     2.6917  0.000e+00
     91.181     6.7692   3.320790    32.8964        648     2.6958  0.000e+00
     91.352     6.7707   3.321322    32.9006        649     2.7000  0.000e+00
     91.509     6.7726   3.321625    32.9021        650     2.7042  0.000e+00
     91.642     6.7741   3.321836    32.9030        651     2.7083  0.000e+00
     91.757     6.7755   3.322628    32.9102        652     2.7125  0.000e+00
     91.856     6.7778   3.322746    32.9092        653     2.7167  0.000e+00
     91.947     6.7799   3.323080    32.9109        654     2.7208  0.000e+00
     92.028     6.7815   3.323420    32.9130        655     2.7250  0.000e+00
     92.119     6.7833   3.323934    32.9169        656     2.7292  0.000e+00
     92.206     6.7855   3.324863    32.9250        657     2.7333  0.000e+00
     92.300     6.7887   3.324683    32.9198        658     2.7375  0.000e+00
     92.406     6.7907   3.324900    32.9203        659     2.7417  0.000e+00
     92.532     6.7927   3.325624    32.9263        660     2.7458  0.000e+00
     92.683     6.7955   3.325494    32.9220        661     2.7500  0.000e+00
     92.852     6.7974   3.324980    32.9146        662     2.7542  0.000e+00
     93.042     6.7972   3.325148    32.9165        663     2.7583  0.000e+00
     93.241     6.7969   3.325241    32.9177        664     2.7625  0.000e+00
     93.465     6.7973   3.325835    32.9237        665     2.7667  0.000e+00
     93.700     6.7989   3.326590    32.9304        666     2.7708  0.000e+00
     93.950     6.8015   3.327383    32.9365        667     2.7750  0.000e+00
     94.183     6.8050   3.327854    32.9382        668     2.7792  0.000e+00
     94.409     6.8085   3.328424    32.9410        669     2.7833  0.000e+00
     94.611     6.8123   3.328733    32.9406        670     2.7875  0.000e+00
     94.825     6.8157   3.329074    32.9410        671     2.7917  0.000e+00
     95.027     6.8181   3.329396    32.9421        672     2.7958  0.000e+00
     95.196     6.8197   3.329582    32.9425        673     2.8000  0.000e+00
     95.344     6.8210   3.329805    32.9437        674     2.8042  0.000e+00
     95.468     6.8222   3.330177    32.9466        675     2.8083  0.000e+00
     95.582     6.8234   3.330747    32.9516        676     2.8125  0.000e+00
     95.697     6.8250   3.330908    32.9518        677     2.8167  0.000e+00
     95.818     6.8269   3.331112    32.9521        678     2.8208  0.000e+00
     95.926     6.8283   3.331317    32.9530        679     2.8250  0.000e+00
     96.053     6.8294   3.331521    32.9541        680     2.8292  0.000e+00
     96.180     6.8306   3.331763    32.9556        681     2.8333  0.000e+00
     96.307     6.8320   3.332054    32.9574        682     2.8375  0.000e+00
     96.442     6.8336   3.332643    32.9622        683     2.8417  0.000e+00
     96.578     6.8367   3.332550    32.9582        684     2.8458  0.000e+00
     96.726     6.8388   3.332519    32.9558        685     2.8500  0.000e+00
     96.877     6.8395   3.332445    32.9542        686     2.8542  0.000e+00
     97.034     6.8395   3.332680    32.9567        687     2.8583  0.000e+00
     97.193     6.8398   3.332829    32.9579        688     2.8625  0.000e+00
     97.356     6.8405   3.332928    32.9583        689     2.8667  0.000e+00
     97.525     6.8413   3.333002    32.9582        690     2.8708  0.000e+00
     97.700     6.8420   3.333232    32.9600        691     2.8750  0.000e+00
     97.887     6.8428   3.333579    32.9630        692     2.8792  0.000e+00
     98.068     6.8438   3.333783    32.9641        693     2.8833  0.000e+00
     98.246     6.8452   3.333988    32.9650        694     2.8875  0.000e+00
     98.436     6.8462   3.334149    32.9656        695     2.8917  0.000e+00
     98.620     6.8472   3.334397    32.9673        696     2.8958  0.000e+00
     98.810     6.8484   3.334577    32.9681        697     2.9000  0.000e+00
     98.988     6.8495   3.334781    32.9692        698     2.9042  0.000e+00
     99.175     6.8509   3.335253    32.9729        699     2.9083  0.000e+00
     99.356     6.8527   3.335538    32.9742        700     2.9125  0.000e+00
     99.525     6.8544   3.336108    32.9788        701     2.9167  0.000e+00
     99.685     6.8563   3.336740    32.9838        702     2.9208  0.000e+00
     99.833     6.8587   3.338049    32.9958        703     2.9250  0.000e+00
     99.972     6.8623   3.338675    32.9991        704     2.9292  0.000e+00
    100.105     6.8662   3.339518    33.0046        705     2.9333  0.000e+00
    100.222     6.8701   3.340157    33.0077        706     2.9375  0.000e+00
    100.331     6.8739   3.340697    33.0100        707     2.9417  0.000e+00
    100.448     6.8772   3.340790    33.0078        708     2.9458  0.000e+00
    100.557     6.8797   3.341838    33.0168        709     2.9500  0.000e+00
    100.669     6.8830   3.342694    33.0230        710     2.9542  0.000e+00
    100.789     6.8869   3.343451    33.0274        711     2.9583  0.000e+00
    100.919     6.8910   3.343879    33.0281        712     2.9625  0.000e+00
    101.070     6.8947   3.344593    33.0323        713     2.9667  0.000e+00
    101.224     6.8990   3.345046    33.0331        714     2.9708  0.000e+00
    101.390     6.9026   3.345157    33.0308        715     2.9750  0.000e+00
    101.565     6.9053   3.345455    33.0314        716     2.9792  0.000e+00
    101.749     6.9075   3.345846    33.0334        717     2.9833  0.000e+00
    101.930     6.9093   3.346088    33.0343        718     2.9875  0.000e+00
    102.117     6.9109   3.346231    33.0342        719     2.9917  0.000e+00
    102.307     6.9123   3.346579    33.0366        720     2.9958  0.000e+00
    102.494     6.9137   3.346908    33.0387        721     3.0000  0.000e+00
    102.666     6.9157   3.347057    33.0384        722     3.0042  0.000e+00
    102.829     6.9175   3.347051    33.0365        723     3.0083  0.000e+00
    102.988     6.9183   3.347181    33.0371        724     3.0125  0.000e+00
    103.139     6.9186   3.347342    33.0385        725     3.0167  0.000e+00
    103.290     6.9188   3.347398    33.0388        726     3.0208  0.000e+00
    103.429     6.9190   3.347709    33.0420        727     3.0250  0.000e+00
    103.574     6.9196   3.347789    33.0422        728     3.0292  0.000e+00
    103.733     6.9205   3.347932    33.0429        729     3.0333  0.000e+00
    103.884     6.9211   3.348119    33.0442        730     3.0375  0.000e+00
    104.038     6.9219   3.348243    33.0448        731     3.0417  0.000e+00
    104.204     6.9230   3.348404    33.0454        732     3.0458  0.000e+00
    104.364     6.9241   3.349149    33.0524        733     3.0500  0.000e+00
    104.527     6.9273   3.349124    33.0490        734     3.0542  0.000e+00
    104.693     6.9296   3.349124    33.0467        735     3.0583  0.000e+00
    104.852     6.9302   3.349019    33.0449        736     3.0625  0.000e+00
    105.003     6.9300   3.349149    33.0464        737     3.0667  0.000e+00
    105.157     6.9301   3.349205    33.0469        738     3.0708  0.000e+00
    105.305     6.9301   3.349193    33.0467        739     3.0750  0.000e+00
    105.450     6.9296   3.349348    33.0488        740     3.0792  0.000e+00
    105.588     6.9298   3.349429    33.0494        741     3.0833  0.000e+00
    105.727     6.9300   3.349535    33.0503        742     3.0875  0.000e+00
    105.860     6.9304   3.349615    33.0508        743     3.0917  0.000e+00
    106.017     6.9307   3.349795    33.0524        744     3.0958  0.000e+00
    106.162     6.9312   3.349864    33.0525        745     3.1000  0.000e+00
    106.315     6.9321   3.349944    33.0525        746     3.1042  0.000e+00
    106.472     6.9328   3.350069    33.0531        747     3.1083  0.000e+00
    106.635     6.9336   3.350311    33.0549        748     3.1125  0.000e+00
    106.792     6.9352   3.350808    33.0588        749     3.1167  0.000e+00
    106.958     6.9381   3.351342    33.0617        750     3.1208  0.000e+00
    107.130     6.9420   3.350895    33.0530        751     3.1250  0.000e+00
    107.299     6.9433   3.350783    33.0505        752     3.1292  0.000e+00
    107.461     6.9426   3.350771    33.0509        753     3.1333  0.000e+00
    107.624     6.9418   3.350640    33.0501        754     3.1375  0.000e+00
    107.778     6.9407   3.350640    33.0512        755     3.1417  0.000e+00
    107.926     6.9395   3.350640    33.0522        756     3.1458  0.000e+00
    108.077     6.9389   3.350572    33.0520        757     3.1500  0.000e+00
    108.231     6.9381   3.350498    33.0519        758     3.1542  0.000e+00
    108.378     6.9374   3.350523    33.0527        759     3.1583  0.000e+00
    108.535     6.9370   3.350554    33.0534        760     3.1625  0.000e+00
    108.692     6.9368   3.350728    33.0554        761     3.1667  0.000e+00
    108.858     6.9373   3.350808    33.0558        762     3.1708  0.000e+00
    109.033     6.9378   3.350995    33.0572        763     3.1750  0.000e+00
    109.214     6.9389   3.351523    33.0618        764     3.1792  0.000e+00
    109.407     6.9406   3.351237    33.0570        765     3.1833  0.000e+00
    109.609     6.9413   3.351268    33.0566        766     3.1875  0.000e+00
    109.814     6.9407   3.351343    33.0579        767     3.1917  0.000e+00
    110.025     6.9403   3.351504    33.0599        768     3.1958  0.000e+00
    110.227     6.9400   3.351566    33.0608        769     3.2000  0.000e+00
    110.423     6.9402   3.351753    33.0625        770     3.2042  0.000e+00
    110.616     6.9409   3.351697    33.0612        771     3.2083  0.000e+00
    110.782     6.9409   3.351709    33.0612        772     3.2125  0.000e+00
    110.942     6.9405   3.351765    33.0621        773     3.2167  0.000e+00
    111.075     6.9398   3.351772    33.0628        774     3.2208  0.000e+00
    111.195     6.9387   3.351678    33.0628        775     3.2250  0.000e+00
    111.304     6.9374   3.351691    33.0641        776     3.2292  0.000e+00
    111.388     6.9365   3.351915    33.0674        777     3.2333  0.000e+00
    111.470     6.9358   3.352175    33.0708        778     3.2375  0.000e+00
    111.560     6.9356   3.352144    33.0707        779     3.2417  0.000e+00
    111.663     6.9355   3.352176    33.0710        780     3.2458  0.000e+00
    111.765     6.9355   3.352244    33.0718        781     3.2500  0.000e+00
    111.877     6.9355   3.352281    33.0722        782     3.2542  0.000e+00
    112.016     6.9356   3.352716    33.0767        783     3.2583  0.000e+00
    112.175     6.9364   3.352654    33.0752        784     3.2625  0.000e+00
    112.356     6.9371   3.352499    33.0727        785     3.2667  0.000e+00
    112.540     6.9371   3.352573    33.0735        786     3.2708  0.000e+00
    112.745     6.9368   3.352691    33.0749        787     3.2750  0.000e+00
    112.956     6.9371   3.352716    33.0748        788     3.2792  0.000e+00
    113.174     6.9373   3.352865    33.0761        789     3.2833  0.000e+00
    113.400     6.9374   3.352921    33.0765        790     3.2875  0.000e+00
    113.608     6.9375   3.353039    33.0777        791     3.2917  0.000e+00
    113.825     6.9377   3.353126    33.0783        792     3.2958  0.000e+00
    114.030     6.9382   3.353207    33.0787        793     3.3000  0.000e+00
    114.214     6.9384   3.353145    33.0777        794     3.3042  0.000e+00
    114.386     6.9379   3.353046    33.0770        795     3.3083  0.000e+00
    114.549     6.9363   3.352866    33.0765        796     3.3125  0.000e+00
    114.696     6.9340   3.352717    33.0769        797     3.3167  0.000e+00
    114.841     6.9317   3.352630    33.0782        798     3.3208  0.000e+00
    114.977     6.9293   3.352493    33.0789        799     3.3250  0.000e+00
    115.113     6.9268   3.352388    33.0800        800     3.3292  0.000e+00
    115.236     6.9243   3.352388    33.0824        801     3.3333  0.000e+00
    115.363     6.9228   3.352307    33.0830        802     3.3375  0.000e+00
    115.487     6.9210   3.352326    33.0848        803     3.3417  0.000e+00
    115.616     6.9198   3.352289    33.0855        804     3.3458  0.000e+00
    115.734     6.9186   3.352283    33.0865        805     3.3500  0.000e+00
    115.845     6.9176   3.352307    33.0877        806     3.3542  0.000e+00
    115.969     6.9167   3.352308    33.0885        807     3.3583  0.000e+00
    116.084     6.9161   3.352308    33.0891        808     3.3625  0.000e+00
    116.204     6.9154   3.352326    33.0899        809     3.3667  0.000e+00
    116.340     6.9146   3.352388    33.0913        810     3.3708  0.000e+00
    116.482     6.9143   3.352494    33.0926        811     3.3750  0.000e+00
    116.617     6.9145   3.352649    33.0941        812     3.3792  0.000e+00
    116.771     6.9151   3.352966    33.0969        813     3.3833  0.000e+00
    116.940     6.9163   3.353059    33.0967        814     3.3875  0.000e+00
    117.121     6.9176   3.352948    33.0941        815     3.3917  0.000e+00
    117.305     6.9180   3.352867    33.0928        816     3.3958  0.000e+00
    117.495     6.9174   3.352886    33.0934        817     3.4000  0.000e+00
    117.703     6.9167   3.352985    33.0951        818     3.4042  0.000e+00
    117.920     6.9165   3.353172    33.0972        819     3.4083  0.000e+00
    118.131     6.9165   3.353439    33.1001        820     3.4125  0.000e+00
    118.354     6.9171   3.353470    33.0997        821     3.4167  0.000e+00
    118.565     6.9176   3.353743    33.1021        822     3.4208  0.000e+00
    118.758     6.9182   3.353992    33.1042        823     3.4250  0.000e+00
    118.942     6.9192   3.354240    33.1059        824     3.4292  0.000e+00
    119.105     6.9204   3.354464    33.1071        825     3.4333  0.000e+00
    119.256     6.9216   3.354663    33.1080        826     3.4375  0.000e+00
    119.379     6.9227   3.354775    33.1081        827     3.4417  0.000e+00
    119.491     6.9233   3.354942    33.1093        828     3.4458  0.000e+00
    119.578     6.9241   3.355104    33.1103        829     3.4500  0.000e+00
    119.660     6.9249   3.355247    33.1110        830     3.4542  0.000e+00
