HB2302/sbe196.cnv
* Sea-Bird SBE 19plus V2 Data File:
* FileName = C:\cruise\data\sbe196.hex
* Software Version Seasave V 7.26.7.121
* Temperature SN = 4758
* Conductivity SN = 4758
* System UpLoad Time = Jun 27 2023 06:43:20
* NMEA Latitude = 40 42.32 N
* NMEA Longitude = 069 53.35 W
* NMEA UTC (Time) = Jun 27 2023 06:42:19
** Cruise: HB2302
** Program: Ecomon
** Chief Scientist: Jerry Prezioso
# nquan = 7
# nvalues = 1497                                  
# units = specified
# name 0 = depSM: Depth [salt water, m]
# name 1 = tv290C: Temperature [ITS-90, deg C]
# name 2 = c0S/m: Conductivity [S/m]
# name 3 = sal00: Salinity, Practical [PSU]
# name 4 = scan: Scan Count
# name 5 = timeM: Time, Elapsed [minutes]
# name 6 = flag:  0.000e+00
# span 0 =     -0.110,     45.571                 
# span 1 =    11.1949,    19.1719                 
# span 2 =   0.001120,   4.281443                 
# span 3 =     0.0131,    34.2387                 
# span 4 =         11,       1507                 
# span 5 =     0.0417,     6.2750                 
# span 6 = 0.0000e+00, 0.0000e+00                 
# interval = seconds: 0.25
# start_time = Jun 27 2023 06:42:19 [NMEA time, header]
# bad_flag = -9.990e-29
*END*
[from data line 1436]
      0.631    17.8432   4.239066    32.1446       1447     6.0250  0.000e+00
      0.631    17.8514   4.240650    32.1516       1448     6.0292  0.000e+00
      0.643    17.8640   4.241953    32.1527       1449     6.0333  0.000e+00
      0.668    17.8768   4.241311    32.1372       1450     6.0375  0.000e+00
      0.722    17.8828   4.241127    32.1309       1451     6.0417  0.000e+00
      0.803    17.8837   4.240499    32.1248       1452     6.0458  0.000e+00
      0.846    17.8809   4.237981    32.1057       1453     6.0500  0.000e+00
      0.855    17.8692   4.234672    32.0869       1454     6.0542  0.000e+00
      0.846    17.8472   4.211912    31.9117       1455     6.0583  0.000e+00
      0.800    17.7571   4.229497    32.1314       1456     6.0625  0.000e+00
      0.652    17.7186   4.233459    32.1955       1457     6.0667  0.000e+00
      0.402    17.7533   4.232593    32.1608       1458     6.0708  0.000e+00
      0.182    17.7764   4.234877    32.1620       1459     6.0750  0.000e+00
      0.067    17.7937   4.235450    32.1532       1460     6.0792  0.000e+00
      0.000    17.8098   4.237149    32.1550       1461     6.0833  0.000e+00
     -0.066    17.8248   2.393333    17.1046       1462     6.0875  0.000e+00
     -0.066    17.8412   0.482159     3.0359       1463     6.0917  0.000e+00
      0.037    17.8561   3.780364    28.2871       1464     6.0958  0.000e+00
      0.136    17.8590   4.238492    32.1275       1465     6.1000  0.000e+00
      0.172    17.8591   4.226523    32.0261       1466     6.1042  0.000e+00
      0.172    17.8593   4.238554    32.1278       1467     6.1083  0.000e+00
      0.160    17.8619   4.240117    32.1390       1468     6.1125  0.000e+00
      0.130    17.8679   4.240103    32.1341       1469     6.1167  0.000e+00
      0.109    17.8742   4.238895    32.1190       1470     6.1208  0.000e+00
      0.088    17.8792   4.236786    32.0972       1471     6.1250  0.000e+00
      0.106    17.8806   4.233061    32.0646       1472     6.1292  0.000e+00
      0.163    17.8797   4.230934    32.0473       1473     6.1333  0.000e+00
      0.194    17.8750   4.233478    32.0725       1474     6.1375  0.000e+00
      0.133    17.8713   4.236234    32.0987       1475     6.1417  0.000e+00
      0.034    17.8724   4.236943    32.1039       1476     6.1458  0.000e+00
     -0.084    17.8753   4.237837    32.1092       1477     6.1500  0.000e+00
     -0.096    17.8797   2.356807    16.7966       1478     6.1542  0.000e+00
     -0.099    17.8815   0.524213     3.3157       1479     6.1583  0.000e+00
     -0.090    17.8815   0.372865     2.3076       1480     6.1625  0.000e+00
     -0.096    17.8838   0.299967     1.8323       1481     6.1667  0.000e+00
     -0.099    17.8933   0.257752     1.5606       1482     6.1708  0.000e+00
     -0.102    17.8874   0.232036     1.3969       1483     6.1750  0.000e+00
     -0.099    17.8661   0.214884     1.2890       1484     6.1792  0.000e+00
     -0.099    17.8440   0.201362     1.2044       1485     6.1833  0.000e+00
     -0.105    17.8173   0.184639     1.1001       1486     6.1875  0.000e+00
     -0.102    17.7885   0.175818     1.0457       1487     6.1917  0.000e+00
     -0.102    17.7634   0.171875     1.0217       1488     6.1958  0.000e+00
     -0.105    17.7444   0.164156     0.9741       1489     6.2000  0.000e+00
     -0.102    17.7279   0.152491     0.9019       1490     6.2042  0.000e+00
     -0.087    17.7032   0.138306     0.8147       1491     6.2083  0.000e+00
     -0.072    17.6716   1.552521    10.7130       1492     6.2125  0.000e+00
     -0.048    17.6390   4.132999    31.4057       1493     6.2167  0.000e+00
     -0.087    17.6142   1.556041    10.7544       1494     6.2208  0.000e+00
     -0.090    17.6027   0.526810     3.3558       1495     6.2250  0.000e+00
     -0.093    17.6015   0.409973     2.5696       1496     6.2292  0.000e+00
     -0.096    17.6037   0.348990     2.1656       1497     6.2333  0.000e+00
     -0.096    17.6078   0.296998     1.8253       1498     6.2375  0.000e+00
     -0.093    17.6095   0.263898     1.6108       1499     6.2417  0.000e+00
     -0.099    17.6061   0.237334     1.4403       1500     6.2458  0.000e+00
     -0.102    17.5989   0.212020     1.2791       1501     6.2500  0.000e+00
     -0.102    17.5848   0.202477     1.2190       1502     6.2542  0.000e+00
     -0.096    17.5619   0.200369     1.2063       1503     6.2583  0.000e+00
     -0.097    17.5414   0.193337     1.1624       1504     6.2625  0.000e+00
     -0.100    17.5256   0.179178     1.0735       1505     6.2667  0.000e+00
     -0.106    17.5020   0.163452     0.9753       1506     6.2708  0.000e+00
     -0.006    17.4723   0.492488     3.1331       1507     6.2750  0.000e+00
