HB2302/sbe189.cnv
* Sea-Bird SBE 19plus V2 Data File:
* FileName = C:\cruise\data\sbe189.hex
* Software Version Seasave V 7.26.7.121
* Temperature SN = 4758
* Conductivity SN = 4758
* System UpLoad Time = Jun 26 2023 15:18:00
* NMEA Latitude = 39 30.92 N
* NMEA Longitude = 070 46.16 W
* NMEA UTC (Time) = Jun 26 2023 15:16:59
** Cruise: HB2302
** Program: Ecomon
** Chief Scientist: Jerry Prezioso
# nquan = 7
# nvalues = 5285                                  
# units = specified
# name 0 = depSM: Depth [salt water, m]
# name 1 = tv290C: Temperature [ITS-90, deg C]
# name 2 = c0S/m: Conductivity [S/m]
# name 3 = sal00: Salinity, Practical [PSU]
# name 4 = scan: Scan Count
# name 5 = timeM: Time, Elapsed [minutes]
# name 6 = flag:  0.000e+00
# span 0 =     -0.105,    201.389                 
# span 1 =    12.3427,    25.1583                 
# span 2 =   0.001069,   5.258239                 
# span 3 =     0.0144,    35.7826                 
# span 4 =         11,       5295                 
# span 5 =     0.0417,    22.0583                 
# span 6 = 0.0000e+00, 0.0000e+00                 
# interval = seconds: 0.25
# start_time = Jun 26 2023 15:16:59 [NMEA time, header]
# bad_flag = -9.990e-29
*END*
[from data line 1231]
    148.391    14.1631   4.297662    35.7562       1242     5.1708  0.000e+00
    148.527    14.1631   4.297230    35.7521       1243     5.1750  0.000e+00
    148.662    14.1620   4.296790    35.7490       1244     5.1792  0.000e+00
    148.810    14.1600   4.296509    35.7482       1245     5.1833  0.000e+00
    148.940    14.1577   4.296338    35.7486       1246     5.1875  0.000e+00
    149.085    14.1556   4.296029    35.7477       1247     5.1917  0.000e+00
    149.217    14.1533   4.295734    35.7470       1248     5.1958  0.000e+00
    149.356    14.1510   4.295562    35.7474       1249     5.2000  0.000e+00
    149.480    14.1491   4.295961    35.7529       1250     5.2042  0.000e+00
    149.598    14.1491   4.296537    35.7582       1251     5.2083  0.000e+00
    149.718    14.1510   4.297525    35.7656       1252     5.2125  0.000e+00
    149.842    14.1550   4.299598    35.7812       1253     5.2167  0.000e+00
    149.954    14.1622   4.299646    35.7748       1254     5.2208  0.000e+00
    150.059    14.1685   4.299674    35.7693       1255     5.2250  0.000e+00
    150.180    14.1718   4.300862    35.7771       1256     5.2292  0.000e+00
    150.301    14.1764   4.301198    35.7760       1257     5.2333  0.000e+00
    150.415    14.1807   4.301850    35.7780       1258     5.2375  0.000e+00
    150.536    14.1842   4.300999    35.7668       1259     5.2417  0.000e+00
    150.657    14.1849   4.301541    35.7711       1260     5.2458  0.000e+00
    150.786    14.1852   4.301576    35.7711       1261     5.2500  0.000e+00
    150.916    14.1863   4.301651    35.7708       1262     5.2542  0.000e+00
    151.031    14.1865   4.301480    35.7689       1263     5.2583  0.000e+00
    151.151    14.1862   4.301631    35.7706       1264     5.2625  0.000e+00
    151.284    14.1857   4.301281    35.7677       1265     5.2667  0.000e+00
    151.411    14.1849   4.301301    35.7686       1266     5.2708  0.000e+00
    151.535    14.1844   4.301652    35.7723       1267     5.2750  0.000e+00
    151.664    14.1845   4.301981    35.7752       1268     5.2792  0.000e+00
    151.791    14.1857   4.302249    35.7765       1269     5.2833  0.000e+00
    151.918    14.1866   4.302283    35.7759       1270     5.2875  0.000e+00
    152.053    14.1875   4.302304    35.7752       1271     5.2917  0.000e+00
    152.177    14.1877   4.302359    35.7755       1272     5.2958  0.000e+00
    152.301    14.1878   4.302078    35.7727       1273     5.3000  0.000e+00
    152.403    14.1869   4.301645    35.7695       1274     5.3042  0.000e+00
    152.509    14.1846   4.301556    35.7708       1275     5.3083  0.000e+00
    152.624    14.1827   4.301528    35.7723       1276     5.3125  0.000e+00
    152.738    14.1812   4.301501    35.7733       1277     5.3167  0.000e+00
    152.844    14.1803   4.301309    35.7724       1278     5.3208  0.000e+00
    152.958    14.1791   4.301529    35.7755       1279     5.3250  0.000e+00
    153.076    14.1788   4.301652    35.7769       1280     5.3292  0.000e+00
    153.203    14.1793   4.301481    35.7747       1281     5.3333  0.000e+00
    153.333    14.1789   4.301350    35.7738       1282     5.3375  0.000e+00
    153.459    14.1780   4.301069    35.7720       1283     5.3417  0.000e+00
    153.592    14.1765   4.300678    35.7697       1284     5.3458  0.000e+00
    153.725    14.1739   4.300479    35.7701       1285     5.3500  0.000e+00
    153.864    14.1713   4.300726    35.7748       1286     5.3542  0.000e+00
    154.008    14.1712   4.300362    35.7714       1287     5.3583  0.000e+00
    154.153    14.1704   4.298845    35.7580       1288     5.3625  0.000e+00
    154.295    14.1641   4.297740    35.7535       1289     5.3667  0.000e+00
    154.434    14.1555   4.297143    35.7559       1290     5.3708  0.000e+00
    154.588    14.1482   4.296477    35.7564       1291     5.3750  0.000e+00
    154.732    14.1417   4.295489    35.7532       1292     5.3792  0.000e+00
    154.880    14.1346   4.295064    35.7557       1293     5.3833  0.000e+00
    155.025    14.1290   4.294563    35.7562       1294     5.3875  0.000e+00
    155.167    14.1239   4.293884    35.7545       1295     5.3917  0.000e+00
    155.312    14.1186   4.294111    35.7614       1296     5.3958  0.000e+00
    155.457    14.1161   4.294337    35.7658       1297     5.4000  0.000e+00
    155.601    14.1154   4.294111    35.7643       1298     5.4042  0.000e+00
    155.740    14.1146   4.294289    35.7667       1299     5.4083  0.000e+00
    155.885    14.1139   4.294379    35.7681       1300     5.4125  0.000e+00
    156.015    14.1139   4.294536    35.7695       1301     5.4167  0.000e+00
    156.144    14.1145   4.294763    35.7710       1302     5.4208  0.000e+00
    156.271    14.1153   4.294962    35.7720       1303     5.4250  0.000e+00
    156.392    14.1164   4.294983    35.7712       1304     5.4292  0.000e+00
    156.509    14.1171   4.295037    35.7710       1305     5.4333  0.000e+00
    156.630    14.1174   4.295140    35.7716       1306     5.4375  0.000e+00
    156.754    14.1177   4.295113    35.7710       1307     5.4417  0.000e+00
    156.868    14.1175   4.295113    35.7712       1308     5.4458  0.000e+00
    156.995    14.1172   4.295141    35.7716       1309     5.4500  0.000e+00
    157.119    14.1168   4.295038    35.7710       1310     5.4542  0.000e+00
    157.242    14.1164   4.294736    35.7685       1311     5.4583  0.000e+00
    157.360    14.1150   4.294379    35.7664       1312     5.4625  0.000e+00
    157.484    14.1129   4.294441    35.7689       1313     5.4667  0.000e+00
    157.613    14.1114   4.294565    35.7714       1314     5.4708  0.000e+00
    157.743    14.1110   4.294187    35.7682       1315     5.4750  0.000e+00
    157.879    14.1099   4.293693    35.7646       1316     5.4792  0.000e+00
    158.012    14.1073   4.292911    35.7596       1317     5.4833  0.000e+00
    158.141    14.1031   4.292534    35.7599       1318     5.4875  0.000e+00
    158.268    14.0990   4.291937    35.7581       1319     5.4917  0.000e+00
    158.404    14.0947   4.291389    35.7569       1320     5.4958  0.000e+00
    158.543    14.0896   4.290936    35.7574       1321     5.5000  0.000e+00
    158.691    14.0852   4.290134    35.7539       1322     5.5042  0.000e+00
    158.823    14.0802   4.289510    35.7527       1323     5.5083  0.000e+00
    158.965    14.0747   4.289133    35.7543       1324     5.5125  0.000e+00
    159.113    14.0699   4.287809    35.7463       1325     5.5167  0.000e+00
    159.261    14.0631   4.287213    35.7470       1326     5.5208  0.000e+00
    159.412    14.0562   4.286233    35.7441       1327     5.5250  0.000e+00
    159.559    14.0488   4.285101    35.7404       1328     5.5292  0.000e+00
    159.713    14.0414   4.285609    35.7519       1329     5.5333  0.000e+00
    159.864    14.0372   4.285013    35.7502       1330     5.5375  0.000e+00
    160.015    14.0335   4.284739    35.7510       1331     5.5417  0.000e+00
    160.169    14.0298   4.283772    35.7454       1332     5.5458  0.000e+00
    160.323    14.0251   4.283114    35.7436       1333     5.5500  0.000e+00
    160.474    14.0198   4.282189    35.7398       1334     5.5542  0.000e+00
    160.624    14.0133   4.281168    35.7362       1335     5.5583  0.000e+00
    160.766    14.0061   4.280243    35.7342       1336     5.5625  0.000e+00
    160.914    13.9976   4.279270    35.7329       1337     5.5667  0.000e+00
    161.062    13.9892   4.279922    35.7467       1338     5.5708  0.000e+00
    161.204    13.9846   4.280189    35.7535       1339     5.5750  0.000e+00
    161.342    13.9831   4.280223    35.7551       1340     5.5792  0.000e+00
    161.484    13.9827   4.280319    35.7563       1341     5.5833  0.000e+00
    161.617    13.9823   4.280374    35.7572       1342     5.5875  0.000e+00
    161.747    13.9821   4.280532    35.7588       1343     5.5917  0.000e+00
    161.873    13.9817   4.280696    35.7606       1344     5.5958  0.000e+00
    162.000    13.9817   4.280669    35.7603       1345     5.6000  0.000e+00
    162.112    13.9815   4.280696    35.7607       1346     5.6042  0.000e+00
    162.229    13.9814   4.280820    35.7619       1347     5.6083  0.000e+00
    162.332    13.9814   4.280971    35.7632       1348     5.6125  0.000e+00
    162.434    13.9817   4.281272    35.7658       1349     5.6167  0.000e+00
    162.540    13.9822   4.281217    35.7648       1350     5.6208  0.000e+00
    162.639    13.9823   4.281368    35.7660       1351     5.6250  0.000e+00
    162.748    13.9826   4.281368    35.7657       1352     5.6292  0.000e+00
    162.860    13.9821   4.281320    35.7657       1353     5.6333  0.000e+00
    162.986    13.9820   4.281238    35.7650       1354     5.6375  0.000e+00
    163.107    13.9815   4.280923    35.7624       1355     5.6417  0.000e+00
    163.240    13.9804   4.280971    35.7638       1356     5.6458  0.000e+00
    163.378    13.9794   4.280724    35.7624       1357     5.6500  0.000e+00
    163.514    13.9779   4.280663    35.7631       1358     5.6542  0.000e+00
    163.653    13.9765   4.280300    35.7610       1359     5.6583  0.000e+00
    163.789    13.9748   4.279998    35.7597       1360     5.6625  0.000e+00
    163.931    13.9724   4.279224    35.7546       1361     5.6667  0.000e+00
    164.075    13.9683   4.279094    35.7572       1362     5.6708  0.000e+00
    164.205    13.9640   4.278505    35.7556       1363     5.6750  0.000e+00
    164.332    13.9601   4.278053    35.7549       1364     5.6792  0.000e+00
    164.467    13.9558   4.277683    35.7554       1365     5.6833  0.000e+00
    164.609    13.9517   4.276587    35.7489       1366     5.6875  0.000e+00
    164.745    13.9462   4.276409    35.7524       1367     5.6917  0.000e+00
    164.878    13.9411   4.275985    35.7530       1368     5.6958  0.000e+00
    165.029    13.9368   4.275444    35.7519       1369     5.7000  0.000e+00
    165.167    13.9324   4.274944    35.7512       1370     5.7042  0.000e+00
    165.309    13.9280   4.274369    35.7499       1371     5.7083  0.000e+00
    165.445    13.9234   4.273848    35.7492       1372     5.7125  0.000e+00
    165.584    13.9187   4.273376    35.7492       1373     5.7167  0.000e+00
    165.710    13.9143   4.273123    35.7509       1374     5.7208  0.000e+00
    165.834    13.9107   4.273075    35.7537       1375     5.7250  0.000e+00
    165.961    13.9081   4.272288    35.7487       1376     5.7292  0.000e+00
    166.078    13.9042   4.271281    35.7428       1377     5.7333  0.000e+00
    166.211    13.8984   4.270809    35.7437       1378     5.7375  0.000e+00
    166.326    13.8924   4.269550    35.7375       1379     5.7417  0.000e+00
    166.443    13.8850   4.268845    35.7377       1380     5.7458  0.000e+00
    166.570    13.8779   4.268420    35.7403       1381     5.7500  0.000e+00
    166.703    13.8720   4.268222    35.7439       1382     5.7542  0.000e+00
    166.823    13.8677   4.267853    35.7444       1383     5.7583  0.000e+00
    166.944    13.8641   4.267456    35.7439       1384     5.7625  0.000e+00
    167.068    13.8605   4.267079    35.7437       1385     5.7667  0.000e+00
    167.179    13.8569   4.266950    35.7458       1386     5.7708  0.000e+00
    167.288    13.8543   4.266710    35.7459       1387     5.7750  0.000e+00
    167.402    13.8518   4.265540    35.7372       1388     5.7792  0.000e+00
    167.520    13.8472   4.264425    35.7310       1389     5.7833  0.000e+00
    167.629    13.8394   4.263207    35.7268       1390     5.7875  0.000e+00
    167.746    13.8305   4.262989    35.7330       1391     5.7917  0.000e+00
    167.879    13.8229   4.262421    35.7347       1392     5.7958  0.000e+00
    168.006    13.8175   4.261450    35.7305       1393     5.8000  0.000e+00
    168.135    13.8114   4.261375    35.7355       1394     5.8042  0.000e+00
    168.268    13.8061   4.261053    35.7373       1395     5.8083  0.000e+00
    168.398    13.8029   4.261074    35.7405       1396     5.8125  0.000e+00
    168.524    13.8007   4.261129    35.7429       1397     5.8167  0.000e+00
    168.648    13.8002   4.261868    35.7503       1398     5.8208  0.000e+00
    168.775    13.8019   4.261019    35.7407       1399     5.8250  0.000e+00
    168.896    13.8013   4.260329    35.7347       1400     5.8292  0.000e+00
    169.013    13.7974   4.259269    35.7284       1401     5.8333  0.000e+00
    169.128    13.7915   4.259125    35.7324       1402     5.8375  0.000e+00
    169.239    13.7865   4.258920    35.7352       1403     5.8417  0.000e+00
    169.351    13.7836   4.259139    35.7399       1404     5.8458  0.000e+00
    169.463    13.7823   4.259016    35.7399       1405     5.8500  0.000e+00
    169.580    13.7817   4.258893    35.7392       1406     5.8542  0.000e+00
    169.701    13.7808   4.258599    35.7373       1407     5.8583  0.000e+00
    169.828    13.7791   4.258004    35.7332       1408     5.8625  0.000e+00
    169.954    13.7760   4.257458    35.7309       1409     5.8667  0.000e+00
    170.096    13.7719   4.257136    35.7316       1410     5.8708  0.000e+00
    170.232    13.7680   4.256084    35.7254       1411     5.8750  0.000e+00
    170.377    13.7625   4.255626    35.7261       1412     5.8792  0.000e+00
    170.518    13.7566   4.254512    35.7210       1413     5.8833  0.000e+00
    170.666    13.7497   4.253049    35.7137       1414     5.8875  0.000e+00
    170.814    13.7397   4.252578    35.7185       1415     5.8917  0.000e+00
    170.959    13.7315   4.251068    35.7119       1416     5.8958  0.000e+00
    171.097    13.7226   4.251423    35.7235       1417     5.9000  0.000e+00
    171.224    13.7165   4.249886    35.7147       1418     5.9042  0.000e+00
    171.357    13.7094   4.248008    35.7036       1419     5.9083  0.000e+00
    171.481    13.6975   4.245802    35.6939       1420     5.9125  0.000e+00
    171.601    13.6829   4.246847    35.7172       1421     5.9167  0.000e+00
    171.716    13.6764   4.246403    35.7191       1422     5.9208  0.000e+00
    171.824    13.6723   4.245051    35.7101       1423     5.9250  0.000e+00
    171.933    13.6655   4.243563    35.7024       1424     5.9292  0.000e+00
    172.051    13.6555   4.242402    35.7008       1425     5.9333  0.000e+00
    172.174    13.6451   4.241126    35.6984       1426     5.9375  0.000e+00
    172.289    13.6340   4.240109    35.6991       1427     5.9417  0.000e+00
    172.406    13.6242   4.240061    35.7078       1428     5.9458  0.000e+00
    172.530    13.6178   4.239782    35.7111       1429     5.9500  0.000e+00
    172.654    13.6137   4.239222    35.7095       1430     5.9542  0.000e+00
    172.771    13.6092   4.238854    35.7102       1431     5.9583  0.000e+00
    172.880    13.6051   4.237816    35.7042       1432     5.9625  0.000e+00
    172.998    13.5994   4.237646    35.7079       1433     5.9667  0.000e+00
    173.115    13.5948   4.237278    35.7086       1434     5.9708  0.000e+00
    173.224    13.5911   4.237005    35.7095       1435     5.9750  0.000e+00
    173.326    13.5881   4.236241    35.7051       1436     5.9792  0.000e+00
    173.438    13.5839   4.235524    35.7022       1437     5.9833  0.000e+00
    173.556    13.5783   4.234815    35.7006       1438     5.9875  0.000e+00
    173.661    13.5723   4.234235    35.7008       1439     5.9917  0.000e+00
    173.773    13.5669   4.233853    35.7021       1440     5.9958  0.000e+00
    173.899    13.5617   4.232694    35.6960       1441     6.0000  0.000e+00
    174.014    13.5549   4.231685    35.6928       1442     6.0042  0.000e+00
    174.147    13.5474   4.231985    35.7026       1443     6.0083  0.000e+00
    174.282    13.5434   4.231248    35.6993       1444     6.0125  0.000e+00
    174.412    13.5395   4.230833    35.6989       1445     6.0167  0.000e+00
