HB2302/sbe105.cnv
* Sea-Bird SBE 19plus V2 Data File:
* FileName = C:\cruise\data\sbe105.hex
* Software Version Seasave V 7.26.7.121
* Temperature SN = 4758
* Conductivity SN = 4758
* System UpLoad Time = Jun 18 2023 05:32:07
* NMEA Latitude = 42 13.51 N
* NMEA Longitude = 065 45.92 W
* NMEA UTC (Time) = Jun 18 2023 05:32:07
** Cruise: HB2302
** Program: Ecomon
** Chief Scientist: Jerry Prezioso
# nquan = 7
# nvalues = 6156                                  
# units = specified
# name 0 = depSM: Depth [salt water, m]
# name 1 = tv290C: Temperature [ITS-90, deg C]
# name 2 = c0S/m: Conductivity [S/m]
# name 3 = sal00: Salinity, Practical [PSU]
# name 4 = scan: Scan Count
# name 5 = timeM: Time, Elapsed [minutes]
# name 6 = flag:  0.000e+00
# span 0 =     -0.214,    200.273                 
# span 1 =     7.0602,    12.6351                 
# span 2 =   0.000113,   3.765043                 
# span 3 =     0.0066,    35.0523                 
# span 4 =         11,       6166                 
# span 5 =     0.0417,    25.6875                 
# span 6 = 0.0000e+00, 0.0000e+00                 
# interval = seconds: 0.25
# start_time = Jun 18 2023 05:32:07 [NMEA time, header]
# bad_flag = -9.990e-29
*END*
[from data line 3077]
    114.292     8.2318   3.532919    33.7735       3088    12.8625  0.000e+00
    114.255     8.2308   3.532722    33.7723       3089    12.8667  0.000e+00
    114.228     8.2299   3.532462    33.7705       3090    12.8708  0.000e+00
    114.189     8.2286   3.532373    33.7708       3091    12.8750  0.000e+00
    114.150     8.2275   3.532158    33.7696       3092    12.8792  0.000e+00
    114.108     8.2262   3.531961    33.7688       3093    12.8833  0.000e+00
    114.053     8.2250   3.531873    33.7690       3094    12.8875  0.000e+00
    114.011     8.2242   3.531651    33.7674       3095    12.8917  0.000e+00
    113.966     8.2230   3.531264    33.7645       3096    12.8958  0.000e+00
    113.927     8.2215   3.530757    33.7606       3097    12.9000  0.000e+00
    113.876     8.2190   3.529147    33.7459       3098    12.9042  0.000e+00
    113.830     8.2132   3.527886    33.7381       3099    12.9083  0.000e+00
    113.788     8.2052   3.527316    33.7397       3100    12.9125  0.000e+00
    113.758     8.1989   3.526619    33.7384       3101    12.9167  0.000e+00
    113.722     8.1942   3.526055    33.7369       3102    12.9208  0.000e+00
    113.689     8.1897   3.525099    33.7311       3103    12.9250  0.000e+00
    113.662     8.1847   3.524554    33.7301       3104    12.9292  0.000e+00
    113.632     8.1799   3.523921    33.7279       3105    12.9333  0.000e+00
    113.601     8.1751   3.522945    33.7222       3106    12.9375  0.000e+00
    113.559     8.1694   3.522553    33.7235       3107    12.9417  0.000e+00
    113.532     8.1643   3.521419    33.7163       3108    12.9458  0.000e+00
    113.496     8.1587   3.521204    33.7194       3109    12.9500  0.000e+00
    113.454     8.1547   3.521445    33.7259       3110    12.9542  0.000e+00
    113.396     8.1528   3.521052    33.7235       3111    12.9583  0.000e+00
    113.363     8.1512   3.519526    33.7089       3112    12.9625  0.000e+00
    113.315     8.1457   3.515621    33.6726       3113    12.9667  0.000e+00
    113.264     8.1315   3.514210    33.6713       3114    12.9708  0.000e+00
    113.213     8.1168   3.513932    33.6824       3115    12.9750  0.000e+00
    113.167     8.1076   3.513755    33.6893       3116    12.9792  0.000e+00
    113.122     8.1022   3.513521    33.6921       3117    12.9833  0.000e+00
    113.089     8.0989   3.513262    33.6925       3118    12.9875  0.000e+00
    113.047     8.0964   3.512977    33.6919       3119    12.9917  0.000e+00
    113.008     8.0941   3.512610    33.6902       3120    12.9958  0.000e+00
    112.971     8.0918   3.512281    33.6890       3121    13.0000  0.000e+00
    112.932     8.0895   3.512003    33.6882       3122    13.0042  0.000e+00
    112.884     8.0874   3.511743    33.6875       3123    13.0083  0.000e+00
    112.842     8.0856   3.511263    33.6841       3124    13.0125  0.000e+00
    112.797     8.0833   3.511048    33.6840       3125    13.0167  0.000e+00
    112.763     8.0810   3.510333    33.6787       3126    13.0208  0.000e+00
    112.715     8.0782   3.510099    33.6789       3127    13.0250  0.000e+00
    112.667     8.0751   3.509726    33.6778       3128    13.0292  0.000e+00
    112.619     8.0728   3.509385    33.6765       3129    13.0333  0.000e+00
    112.577     8.0701   3.508493    33.6696       3130    13.0375  0.000e+00
    112.537     8.0660   3.507640    33.6644       3131    13.0417  0.000e+00
    112.480     8.0610   3.507172    33.6643       3132    13.0458  0.000e+00
    112.435     8.0566   3.506982    33.6665       3133    13.0500  0.000e+00
    112.387     8.0533   3.506805    33.6678       3134    13.0542  0.000e+00
    112.341     8.0510   3.506502    33.6667       3135    13.0583  0.000e+00
    112.290     8.0491   3.506287    33.6663       3136    13.0625  0.000e+00
    112.248     8.0473   3.505749    33.6624       3137    13.0667  0.000e+00
    112.200     8.0449   3.505598    33.6631       3138    13.0708  0.000e+00
    112.164     8.0429   3.505554    33.6646       3139    13.0750  0.000e+00
    112.124     8.0416   3.505528    33.6656       3140    13.0792  0.000e+00
    112.085     8.0408   3.505490    33.6659       3141    13.0833  0.000e+00
    112.058     8.0405   3.505358    33.6648       3142    13.0875  0.000e+00
    112.025     8.0399   3.505098    33.6626       3143    13.0917  0.000e+00
    111.995     8.0388   3.504858    33.6612       3144    13.0958  0.000e+00
    111.974     8.0376   3.504795    33.6617       3145    13.1000  0.000e+00
    111.950     8.0366   3.504517    33.6597       3146    13.1042  0.000e+00
    111.941     8.0353   3.504536    33.6611       3147    13.1083  0.000e+00
    111.923     8.0343   3.504473    33.6614       3148    13.1125  0.000e+00
    111.889     8.0340   3.504429    33.6612       3149    13.1167  0.000e+00
    111.877     8.0334   3.504410    33.6616       3150    13.1208  0.000e+00
    111.850     8.0330   3.504277    33.6605       3151    13.1250  0.000e+00
    111.820     8.0325   3.504277    33.6610       3152    13.1292  0.000e+00
    111.778     8.0323   3.504365    33.6622       3153    13.1333  0.000e+00
    111.742     8.0324   3.504062    33.6590       3154    13.1375  0.000e+00
    111.696     8.0318   3.504321    33.6623       3155    13.1417  0.000e+00
    111.636     8.0315   3.503866    33.6577       3156    13.1458  0.000e+00
    111.579     8.0307   3.503000    33.6493       3157    13.1500  0.000e+00
    111.510     8.0273   3.502590    33.6482       3158    13.1542  0.000e+00
    111.455     8.0239   3.502438    33.6498       3159    13.1583  0.000e+00
    111.383     8.0216   3.501743    33.6447       3160    13.1625  0.000e+00
    111.317     8.0181   3.501427    33.6447       3161    13.1667  0.000e+00
    111.250     8.0148   3.501320    33.6468       3162    13.1708  0.000e+00
    111.196     8.0124   3.500543    33.6408       3163    13.1750  0.000e+00
    111.133     8.0091   3.499917    33.6373       3164    13.1792  0.000e+00
    111.076     8.0046   3.499248    33.6346       3165    13.1833  0.000e+00
    111.015     7.9997   3.498035    33.6263       3166    13.1875  0.000e+00
    110.964     7.9934   3.496034    33.6110       3167    13.1917  0.000e+00
    110.913     7.9845   3.495686    33.6158       3168    13.1958  0.000e+00
    110.856     7.9771   3.495042    33.6161       3169    13.2000  0.000e+00
    110.804     7.9713   3.494310    33.6139       3170    13.2042  0.000e+00
    110.753     7.9658   3.493944    33.6153       3171    13.2083  0.000e+00
    110.702     7.9614   3.493483    33.6146       3172    13.2125  0.000e+00
    110.657     7.9575   3.493035    33.6136       3173    13.2167  0.000e+00
    110.614     7.9537   3.492953    33.6164       3174    13.2208  0.000e+00
    110.581     7.9512   3.492783    33.6170       3175    13.2250  0.000e+00
    110.554     7.9491   3.492436    33.6152       3176    13.2292  0.000e+00
    110.527     7.9473   3.492051    33.6129       3177    13.2333  0.000e+00
    110.521     7.9452   3.491874    33.6130       3178    13.2375  0.000e+00
    110.494     7.9433   3.491640    33.6124       3179    13.2417  0.000e+00
    110.482     7.9417   3.491704    33.6146       3180    13.2458  0.000e+00
    110.473     7.9407   3.491830    33.6169       3181    13.2500  0.000e+00
    110.467     7.9408   3.491849    33.6170       3182    13.2542  0.000e+00
    110.449     7.9412   3.491659    33.6146       3183    13.2583  0.000e+00
    110.422     7.9406   3.491596    33.6146       3184    13.2625  0.000e+00
    110.388     7.9401   3.491382    33.6128       3185    13.2667  0.000e+00
    110.355     7.9391   3.490776    33.6072       3186    13.2708  0.000e+00
    110.310     7.9366   3.490195    33.6035       3187    13.2750  0.000e+00
    110.262     7.9333   3.489918    33.6036       3188    13.2792  0.000e+00
    110.217     7.9299   3.487079    33.5766       3189    13.2833  0.000e+00
    110.162     7.9202   3.483346    33.5460       3190    13.2875  0.000e+00
    110.099     7.9024   3.483075    33.5601       3191    13.2917  0.000e+00
    110.057     7.8889   3.483062    33.5730       3192    13.2958  0.000e+00
    110.009     7.8820   3.483088    33.5800       3193    13.3000  0.000e+00
    109.981     7.8787   3.482829    33.5804       3194    13.3042  0.000e+00
    109.939     7.8764   3.482892    33.5833       3195    13.3083  0.000e+00
    109.891     7.8756   3.482766    33.5827       3196    13.3125  0.000e+00
    109.849     7.8749   3.481089    33.5654       3197    13.3167  0.000e+00
    109.801     7.8703   3.480491    33.5635       3198    13.3208  0.000e+00
    109.746     7.8631   3.478921    33.5536       3199    13.3250  0.000e+00
    109.689     7.8548   3.478777    33.5600       3200    13.3292  0.000e+00
    109.617     7.8490   3.478669    33.5645       3201    13.3333  0.000e+00
    109.553     7.8460   3.478688    33.5676       3202    13.3375  0.000e+00
    109.475     7.8443   3.478392    33.5661       3203    13.3417  0.000e+00
    109.412     7.8428   3.478027    33.5637       3204    13.3458  0.000e+00
    109.342     7.8407   3.477082    33.5556       3205    13.3500  0.000e+00
    109.294     7.8366   3.476912    33.5577       3206    13.3542  0.000e+00
    109.252     7.8332   3.476439    33.5560       3207    13.3583  0.000e+00
    109.210     7.8298   3.475437    33.5485       3208    13.3625  0.000e+00
    109.174     7.8253   3.476099    33.5599       3209    13.3667  0.000e+00
    109.147     7.8237   3.476143    33.5620       3210    13.3708  0.000e+00
    109.122     7.8239   3.475652    33.5565       3211    13.3750  0.000e+00
    109.098     7.8227   3.475349    33.5544       3212    13.3792  0.000e+00
    109.083     7.8210   3.475393    33.5565       3213    13.3833  0.000e+00
    109.065     7.8201   3.475671    33.5604       3214    13.3875  0.000e+00
    109.035     7.8205   3.475519    33.5583       3215    13.3917  0.000e+00
    109.002     7.8202   3.475223    33.5555       3216    13.3958  0.000e+00
    108.957     7.8193   3.475198    33.5562       3217    13.4000  0.000e+00
    108.905     7.8187   3.474965    33.5542       3218    13.4042  0.000e+00
    108.854     7.8173   3.474921    33.5551       3219    13.4083  0.000e+00
    108.788     7.8165   3.474902    33.5557       3220    13.4125  0.000e+00
    108.728     7.8159   3.474864    33.5559       3221    13.4167  0.000e+00
    108.664     7.8157   3.474644    33.5538       3222    13.4208  0.000e+00
    108.604     7.8146   3.473466    33.5422       3223    13.4250  0.000e+00
    108.550     7.8110   3.472698    33.5375       3224    13.4292  0.000e+00
    108.508     7.8060   3.472528    33.5404       3225    13.4333  0.000e+00
    108.471     7.8024   3.472458    33.5432       3226    13.4375  0.000e+00
    108.438     7.8003   3.472377    33.5443       3227    13.4417  0.000e+00
    108.423     7.7990   3.472339    33.5453       3228    13.4458  0.000e+00
    108.411     7.7980   3.472351    33.5463       3229    13.4500  0.000e+00
    108.396     7.7976   3.472333    33.5465       3230    13.4542  0.000e+00
    108.402     7.7974   3.472395    33.5473       3231    13.4583  0.000e+00
    108.393     7.7974   3.472333    33.5467       3232    13.4625  0.000e+00
    108.384     7.7974   3.472314    33.5465       3233    13.4667  0.000e+00
    108.375     7.7974   3.472421    33.5477       3234    13.4708  0.000e+00
    108.354     7.7977   3.472270    33.5458       3235    13.4750  0.000e+00
    108.324     7.7976   3.472288    33.5461       3236    13.4792  0.000e+00
    108.294     7.7973   3.472244    33.5459       3237    13.4833  0.000e+00
    108.251     7.7972   3.472244    33.5460       3238    13.4875  0.000e+00
    108.200     7.7968   3.472207    33.5460       3239    13.4917  0.000e+00
    108.143     7.7966   3.472225    33.5464       3240    13.4958  0.000e+00
    108.080     7.7967   3.472206    33.5462       3241    13.5000  0.000e+00
    108.019     7.7964   3.471715    33.5412       3242    13.5042  0.000e+00
    107.941     7.7950   3.470922    33.5341       3243    13.5083  0.000e+00
    107.878     7.7918   3.470796    33.5358       3244    13.5125  0.000e+00
    107.802     7.7891   3.469984    33.5298       3245    13.5167  0.000e+00
    107.733     7.7856   3.468996    33.5225       3246    13.5208  0.000e+00
    107.670     7.7805   3.467907    33.5158       3247    13.5250  0.000e+00
    107.600     7.7742   3.467504    33.5175       3248    13.5292  0.000e+00
    107.540     7.7689   3.467164    33.5190       3249    13.5333  0.000e+00
    107.480     7.7651   3.466906    33.5199       3250    13.5375  0.000e+00
    107.438     7.7623   3.466780    33.5213       3251    13.5417  0.000e+00
    107.398     7.7604   3.466711    33.5224       3252    13.5458  0.000e+00
    107.362     7.7591   3.466692    33.5234       3253    13.5500  0.000e+00
    107.326     7.7582   3.466673    33.5241       3254    13.5542  0.000e+00
    107.308     7.7579   3.466629    33.5240       3255    13.5583  0.000e+00
    107.308     7.7576   3.466585    33.5237       3256    13.5625  0.000e+00
    107.311     7.7573   3.466541    33.5236       3257    13.5667  0.000e+00
    107.305     7.7573   3.466566    33.5239       3258    13.5708  0.000e+00
    107.308     7.7570   3.466566    33.5241       3259    13.5750  0.000e+00
    107.317     7.7571   3.466560    33.5240       3260    13.5792  0.000e+00
    107.311     7.7570   3.466541    33.5238       3261    13.5833  0.000e+00
    107.320     7.7568   3.466522    33.5238       3262    13.5875  0.000e+00
    107.308     7.7569   3.466522    33.5238       3263    13.5917  0.000e+00
    107.299     7.7568   3.466459    33.5232       3264    13.5958  0.000e+00
    107.269     7.7566   3.466397    33.5227       3265    13.6000  0.000e+00
    107.233     7.7563   3.466334    33.5223       3266    13.6042  0.000e+00
    107.190     7.7558   3.466290    33.5224       3267    13.6083  0.000e+00
    107.145     7.7555   3.466289    33.5226       3268    13.6125  0.000e+00
    107.100     7.7552   3.466157    33.5215       3269    13.6167  0.000e+00
    107.046     7.7548   3.465943    33.5197       3270    13.6208  0.000e+00
    107.007     7.7540   3.465836    33.5193       3271    13.6250  0.000e+00
    106.967     7.7533   3.465799    33.5196       3272    13.6292  0.000e+00
    106.928     7.7525   3.465729    33.5196       3273    13.6333  0.000e+00
    106.886     7.7520   3.465648    33.5192       3274    13.6375  0.000e+00
    106.853     7.7516   3.465541    33.5185       3275    13.6417  0.000e+00
    106.814     7.7510   3.465415    33.5178       3276    13.6458  0.000e+00
    106.777     7.7503   3.465346    33.5177       3277    13.6500  0.000e+00
    106.723     7.7495   3.465257    33.5175       3278    13.6542  0.000e+00
    106.678     7.7489   3.465113    33.5166       3279    13.6583  0.000e+00
    106.621     7.7482   3.465031    33.5164       3280    13.6625  0.000e+00
    106.554     7.7474   3.464987    33.5167       3281    13.6667  0.000e+00
    106.491     7.7469   3.464880    33.5161       3282    13.6708  0.000e+00
    106.431     7.7463   3.464836    33.5163       3283    13.6750  0.000e+00
    106.365     7.7458   3.464792    33.5163       3284    13.6792  0.000e+00
    106.307     7.7454   3.464786    33.5167       3285    13.6833  0.000e+00
    106.265     7.7452   3.464729    33.5163       3286    13.6875  0.000e+00
    106.217     7.7450   3.464748    33.5167       3287    13.6917  0.000e+00
    106.190     7.7447   3.464685    33.5163       3288    13.6958  0.000e+00
    106.166     7.7446   3.464685    33.5164       3289    13.7000  0.000e+00
    106.151     7.7444   3.464578    33.5155       3290    13.7042  0.000e+00
    106.144     7.7441   3.464515    33.5151       3291    13.7083  0.000e+00
    106.135     7.7436   3.464515    33.5155       3292    13.7125  0.000e+00
