HB2302/sbe100.cnv
* Sea-Bird SBE 19plus V2 Data File:
* FileName = C:\cruise\data\sbe100.hex
* Software Version Seasave V 7.26.7.121
* Temperature SN = 4758
* Conductivity SN = 4758
* System UpLoad Time = Jun 17 2023 16:07:01
* NMEA Latitude = 41 31.34 N
* NMEA Longitude = 067 02.74 W
* NMEA UTC (Time) = Jun 17 2023 16:07:01
** Cruise: HB2302
** Program: Ecomon
** Chief Scientist: Jerry Prezioso
# nquan = 7
# nvalues = 1455                                  
# units = specified
# name 0 = depSM: Depth [salt water, m]
# name 1 = tv290C: Temperature [ITS-90, deg C]
# name 2 = c0S/m: Conductivity [S/m]
# name 3 = sal00: Salinity, Practical [PSU]
# name 4 = scan: Scan Count
# name 5 = timeM: Time, Elapsed [minutes]
# name 6 = flag:  0.000e+00
# span 0 =     -0.249,     61.341                 
# span 1 =    10.9827,    15.2830                 
# span 2 =   0.000142,   3.974655                 
# span 3 =     0.0080,    34.4227                 
# span 4 =         11,       1465                 
# span 5 =     0.0417,     6.1000                 
# span 6 = 0.0000e+00, 0.0000e+00                 
# interval = seconds: 0.25
# start_time = Jun 17 2023 16:07:01 [NMEA time, header]
# bad_flag = -9.990e-29
*END*
[from data line 411]
     48.664    10.9899   3.684061    32.7980        422     1.7542  0.000e+00
     48.779    10.9900   3.684048    32.7977        423     1.7583  0.000e+00
     48.894    10.9900   3.683996    32.7972        424     1.7625  0.000e+00
     49.011    10.9897   3.684016    32.7975        425     1.7667  0.000e+00
     49.135    10.9896   3.684112    32.7985        426     1.7708  0.000e+00
     49.259    10.9899   3.684222    32.7993        427     1.7750  0.000e+00
     49.389    10.9907   3.684267    32.7990        428     1.7792  0.000e+00
     49.516    10.9913   3.684293    32.7986        429     1.7833  0.000e+00
     49.664    10.9918   3.684338    32.7986        430     1.7875  0.000e+00
     49.818    10.9922   3.684312    32.7980        431     1.7917  0.000e+00
     49.963    10.9923   3.684312    32.7978        432     1.7958  0.000e+00
     50.126    10.9924   3.684383    32.7983        433     1.8000  0.000e+00
     50.283    10.9925   3.684248    32.7968        434     1.8042  0.000e+00
     50.446    10.9923   3.684338    32.7978        435     1.8083  0.000e+00
     50.606    10.9923   3.684364    32.7980        436     1.8125  0.000e+00
     50.769    10.9924   3.684332    32.7976        437     1.8167  0.000e+00
     50.932    10.9925   3.684313    32.7972        438     1.8208  0.000e+00
     51.098    10.9921   3.684339    32.7977        439     1.8250  0.000e+00
     51.264    10.9920   3.684294    32.7973        440     1.8292  0.000e+00
     51.433    10.9918   3.684249    32.7969        441     1.8333  0.000e+00
     51.602    10.9914   3.684249    32.7972        442     1.8375  0.000e+00
     51.768    10.9910   3.684249    32.7975        443     1.8417  0.000e+00
     51.937    10.9910   3.684204    32.7970        444     1.8458  0.000e+00
     52.103    10.9907   3.684249    32.7976        445     1.8500  0.000e+00
     52.266    10.9903   3.684223    32.7977        446     1.8542  0.000e+00
     52.423    10.9903   3.684159    32.7970        447     1.8583  0.000e+00
     52.571    10.9897   3.684075    32.7966        448     1.8625  0.000e+00
     52.710    10.9893   3.684062    32.7968        449     1.8667  0.000e+00
     52.840    10.9889   3.684133    32.7978        450     1.8708  0.000e+00
     52.970    10.9888   3.684159    32.7980        451     1.8750  0.000e+00
     53.084    10.9890   3.684107    32.7974        452     1.8792  0.000e+00
     53.193    10.9890   3.684133    32.7975        453     1.8833  0.000e+00
     53.293    10.9888   3.684114    32.7975        454     1.8875  0.000e+00
     53.395    10.9886   3.684107    32.7976        455     1.8917  0.000e+00
     53.504    10.9885   3.684107    32.7976        456     1.8958  0.000e+00
     53.601    10.9886   3.684185    32.7983        457     1.9000  0.000e+00
     53.700    10.9888   3.684178    32.7980        458     1.9042  0.000e+00
     53.812    10.9892   3.684249    32.7983        459     1.9083  0.000e+00
     53.921    10.9894   3.684204    32.7976        460     1.9125  0.000e+00
     54.035    10.9895   3.684204    32.7974        461     1.9167  0.000e+00
     54.150    10.9893   3.684185    32.7974        462     1.9208  0.000e+00
     54.274    10.9891   3.684224    32.7979        463     1.9250  0.000e+00
     54.392    10.9892   3.684269    32.7982        464     1.9292  0.000e+00
     54.518    10.9894   3.684250    32.7977        465     1.9333  0.000e+00
     54.654    10.9896   3.684269    32.7977        466     1.9375  0.000e+00
     54.799    10.9898   3.684314    32.7980        467     1.9417  0.000e+00
     54.959    10.9898   3.684359    32.7983        468     1.9458  0.000e+00
     55.125    10.9901   3.684340    32.7978        469     1.9500  0.000e+00
     55.309    10.9901   3.684340    32.7977        470     1.9542  0.000e+00
     55.506    10.9903   3.684295    32.7970        471     1.9583  0.000e+00
     55.720    10.9901   3.684269    32.7969        472     1.9625  0.000e+00
     55.922    10.9897   3.684295    32.7973        473     1.9667  0.000e+00
     56.133    10.9896   3.684366    32.7980        474     1.9708  0.000e+00
     56.351    10.9897   3.684366    32.7979        475     1.9750  0.000e+00
     56.562    10.9899   3.684508    32.7991        476     1.9792  0.000e+00
     56.764    10.9905   3.684476    32.7980        477     1.9833  0.000e+00
     56.958    10.9909   3.684457    32.7974        478     1.9875  0.000e+00
     57.136    10.9907   3.684470    32.7976        479     1.9917  0.000e+00
     57.290    10.9908   3.684457    32.7974        480     1.9958  0.000e+00
     57.416    10.9907   3.684431    32.7972        481     2.0000  0.000e+00
     57.522    10.9903   3.684360    32.7968        482     2.0042  0.000e+00
     57.607    10.9899   3.684315    32.7966        483     2.0083  0.000e+00
     57.652    10.9894   3.684270    32.7967        484     2.0125  0.000e+00
     57.703    10.9890   3.684270    32.7969        485     2.0167  0.000e+00
     57.743    10.9887   3.684251    32.7970        486     2.0208  0.000e+00
     57.785    10.9884   3.684315    32.7979        487     2.0250  0.000e+00
     57.824    10.9885   3.684367    32.7983        488     2.0292  0.000e+00
     57.857    10.9889   3.684412    32.7984        489     2.0333  0.000e+00
     57.915    10.9894   3.684425    32.7981        490     2.0375  0.000e+00
     57.990    10.9896   3.684412    32.7977        491     2.0417  0.000e+00
     58.084    10.9896   3.684457    32.7981        492     2.0458  0.000e+00
     58.187    10.9901   3.684425    32.7973        493     2.0500  0.000e+00
     58.313    10.9901   3.684502    32.7980        494     2.0542  0.000e+00
     58.464    10.9904   3.684548    32.7981        495     2.0583  0.000e+00
     58.627    10.9907   3.684599    32.7983        496     2.0625  0.000e+00
     58.796    10.9910   3.684522    32.7972        497     2.0667  0.000e+00
     58.983    10.9911   3.684425    32.7960        498     2.0708  0.000e+00
     59.177    10.9906   3.684458    32.7968        499     2.0750  0.000e+00
     59.379    10.9900   3.684458    32.7972        500     2.0792  0.000e+00
     59.584    10.9898   3.684426    32.7970        501     2.0833  0.000e+00
     59.798    10.9896   3.684458    32.7974        502     2.0875  0.000e+00
     60.004    10.9894   3.684413    32.7970        503     2.0917  0.000e+00
     60.212    10.9890   3.684381    32.7969        504     2.0958  0.000e+00
     60.414    10.9888   3.684368    32.7970        505     2.1000  0.000e+00
     60.601    10.9884   3.684387    32.7975        506     2.1042  0.000e+00
     60.782    10.9884   3.684426    32.7978        507     2.1083  0.000e+00
     60.951    10.9885   3.684387    32.7972        508     2.1125  0.000e+00
     61.114    10.9882   3.684316    32.7967        509     2.1167  0.000e+00
     61.259    10.9878   3.684297    32.7968        510     2.1208  0.000e+00
     61.341    10.9871   3.684181    32.7962        511     2.1250  0.000e+00
     61.341    10.9865   3.684078    32.7958        512     2.1292  0.000e+00
     61.278    10.9853   3.684020    32.7962        513     2.1333  0.000e+00
     61.187    10.9847   3.684046    32.7971        514     2.1375  0.000e+00
     61.097    10.9843   3.684078    32.7978        515     2.1417  0.000e+00
     61.006    10.9844   3.684046    32.7975        516     2.1458  0.000e+00
     60.909    10.9843   3.684046    32.7976        517     2.1500  0.000e+00
     60.801    10.9843   3.684052    32.7977        518     2.1542  0.000e+00
     60.692    10.9845   3.684046    32.7975        519     2.1583  0.000e+00
     60.587    10.9843   3.684020    32.7975        520     2.1625  0.000e+00
     60.484    10.9842   3.683988    32.7972        521     2.1667  0.000e+00
     60.381    10.9841   3.684020    32.7977        522     2.1708  0.000e+00
     60.294    10.9840   3.684078    32.7985        523     2.1750  0.000e+00
     60.200    10.9843   3.684136    32.7988        524     2.1792  0.000e+00
     60.119    10.9847   3.684110    32.7982        525     2.1833  0.000e+00
     60.056    10.9851   3.684052    32.7973        526     2.1875  0.000e+00
     60.001    10.9851   3.684090    32.7977        527     2.1917  0.000e+00
     59.947    10.9852   3.684136    32.7980        528     2.1958  0.000e+00
     59.905    10.9854   3.684097    32.7975        529     2.2000  0.000e+00
     59.878    10.9854   3.684136    32.7979        530     2.2042  0.000e+00
     59.854    10.9856   3.684136    32.7978        531     2.2083  0.000e+00
     59.842    10.9857   3.684078    32.7971        532     2.2125  0.000e+00
     59.836    10.9856   3.684110    32.7975        533     2.2167  0.000e+00
     59.839    10.9853   3.684110    32.7978        534     2.2208  0.000e+00
     59.851    10.9854   3.684116    32.7978        535     2.2250  0.000e+00
     59.875    10.9854   3.684136    32.7979        536     2.2292  0.000e+00
     59.911    10.9855   3.684142    32.7979        537     2.2333  0.000e+00
     59.941    10.9856   3.684161    32.7979        538     2.2375  0.000e+00
     59.966    10.9859   3.684161    32.7977        539     2.2417  0.000e+00
     59.993    10.9859   3.684161    32.7977        540     2.2458  0.000e+00
     60.011    10.9861   3.684161    32.7975        541     2.2500  0.000e+00
     60.017    10.9861   3.684161    32.7975        542     2.2542  0.000e+00
     60.020    10.9860   3.684142    32.7974        543     2.2583  0.000e+00
     60.002    10.9859   3.684136    32.7974        544     2.2625  0.000e+00
     59.969    10.9859   3.684161    32.7977        545     2.2667  0.000e+00
     59.936    10.9859   3.684142    32.7975        546     2.2708  0.000e+00
     59.881    10.9859   3.684181    32.7980        547     2.2750  0.000e+00
     59.821    10.9861   3.684161    32.7976        548     2.2792  0.000e+00
     59.758    10.9863   3.684181    32.7976        549     2.2833  0.000e+00
     59.682    10.9861   3.684161    32.7976        550     2.2875  0.000e+00
     59.616    10.9864   3.684142    32.7972        551     2.2917  0.000e+00
     59.534    10.9862   3.684110    32.7971        552     2.2958  0.000e+00
     59.459    10.9861   3.684135    32.7975        553     2.3000  0.000e+00
     59.374    10.9861   3.684142    32.7975        554     2.3042  0.000e+00
     59.290    10.9861   3.684135    32.7975        555     2.3083  0.000e+00
     59.203    10.9862   3.684110    32.7972        556     2.3125  0.000e+00
     59.112    10.9862   3.684116    32.7973        557     2.3167  0.000e+00
     59.006    10.9861   3.684135    32.7976        558     2.3208  0.000e+00
     58.901    10.9861   3.684019    32.7965        559     2.3250  0.000e+00
     58.789    10.9860   3.684077    32.7973        560     2.3292  0.000e+00
     58.675    10.9861   3.684064    32.7971        561     2.3333  0.000e+00
     58.557    10.9859   3.684096    32.7977        562     2.3375  0.000e+00
     58.439    10.9860   3.684064    32.7973        563     2.3417  0.000e+00
     58.306    10.9861   3.684109    32.7977        564     2.3458  0.000e+00
     58.204    10.9859   3.684116    32.7980        565     2.3500  0.000e+00
     58.092    10.9861   3.684109    32.7978        566     2.3542  0.000e+00
     57.987    10.9862   3.684109    32.7978        567     2.3583  0.000e+00
     57.896    10.9864   3.684077    32.7973        568     2.3625  0.000e+00
     57.809    10.9864   3.684064    32.7972        569     2.3667  0.000e+00
     57.733    10.9861   3.684064    32.7975        570     2.3708  0.000e+00
     57.676    10.9863   3.684032    32.7971        571     2.3750  0.000e+00
     57.637    10.9863   3.684064    32.7974        572     2.3792  0.000e+00
     57.604    10.9861   3.684077    32.7977        573     2.3833  0.000e+00
     57.592    10.9861   3.684044    32.7974        574     2.3875  0.000e+00
     57.589    10.9861   3.684064    32.7975        575     2.3917  0.000e+00
     57.595    10.9860   3.684012    32.7972        576     2.3958  0.000e+00
     57.598    10.9859   3.684044    32.7975        577     2.4000  0.000e+00
     57.592    10.9859   3.683999    32.7971        578     2.4042  0.000e+00
     57.577    10.9857   3.683986    32.7971        579     2.4083  0.000e+00
     57.550    10.9856   3.683974    32.7971        580     2.4125  0.000e+00
     57.498    10.9855   3.683999    32.7975        581     2.4167  0.000e+00
     57.438    10.9852   3.683967    32.7974        582     2.4208  0.000e+00
     57.338    10.9853   3.683999    32.7977        583     2.4250  0.000e+00
     57.227    10.9854   3.683999    32.7977        584     2.4292  0.000e+00
     57.079    10.9855   3.683967    32.7973        585     2.4333  0.000e+00
     56.916    10.9856   3.683999    32.7977        586     2.4375  0.000e+00
     56.741    10.9856   3.684012    32.7978        587     2.4417  0.000e+00
     56.542    10.9859   3.684018    32.7977        588     2.4458  0.000e+00
     56.334    10.9859   3.683999    32.7976        589     2.4500  0.000e+00
     56.125    10.9859   3.683986    32.7976        590     2.4542  0.000e+00
     55.899    10.9859   3.683973    32.7976        591     2.4583  0.000e+00
     55.682    10.9859   3.683954    32.7975        592     2.4625  0.000e+00
     55.468    10.9859   3.683941    32.7974        593     2.4667  0.000e+00
     55.262    10.9859   3.683928    32.7974        594     2.4708  0.000e+00
     55.069    10.9859   3.683902    32.7973        595     2.4750  0.000e+00
     54.894    10.9859   3.683902    32.7973        596     2.4792  0.000e+00
     54.725    10.9859   3.683927    32.7977        597     2.4833  0.000e+00
     54.587    10.9857   3.683882    32.7974        598     2.4875  0.000e+00
     54.466    10.9857   3.683902    32.7976        599     2.4917  0.000e+00
     54.357    10.9856   3.683856    32.7973        600     2.4958  0.000e+00
     54.267    10.9857   3.683811    32.7968        601     2.5000  0.000e+00
     54.188    10.9854   3.683837    32.7974        602     2.5042  0.000e+00
     54.125    10.9852   3.683882    32.7980        603     2.5083  0.000e+00
     54.062    10.9854   3.683856    32.7977        604     2.5125  0.000e+00
     54.010    10.9854   3.683837    32.7974        605     2.5167  0.000e+00
     53.956    10.9856   3.683856    32.7975        606     2.5208  0.000e+00
     53.905    10.9854   3.683811    32.7972        607     2.5250  0.000e+00
     53.848    10.9852   3.683792    32.7973        608     2.5292  0.000e+00
     53.793    10.9850   3.683792    32.7974        609     2.5333  0.000e+00
     53.742    10.9850   3.683811    32.7977        610     2.5375  0.000e+00
     53.697    10.9847   3.683747    32.7973        611     2.5417  0.000e+00
     53.639    10.9848   3.683766    32.7974        612     2.5458  0.000e+00
     53.585    10.9848   3.683766    32.7975        613     2.5500  0.000e+00
     53.528    10.9847   3.683721    32.7972        614     2.5542  0.000e+00
     53.474    10.9847   3.683682    32.7968        615     2.5583  0.000e+00
     53.419    10.9843   3.683676    32.7971        616     2.5625  0.000e+00
     53.344    10.9842   3.683695    32.7974        617     2.5667  0.000e+00
     53.256    10.9841   3.683701    32.7976        618     2.5708  0.000e+00
     53.160    10.9842   3.683675    32.7973        619     2.5750  0.000e+00
     53.051    10.9844   3.683605    32.7965        620     2.5792  0.000e+00
     52.918    10.9840   3.683546    32.7963        621     2.5833  0.000e+00
     52.783    10.9838   3.683559    32.7967        622     2.5875  0.000e+00
     52.617    10.9832   3.683514    32.7968        623     2.5917  0.000e+00
     52.442    10.9831   3.683508    32.7970        624     2.5958  0.000e+00
     52.258    10.9828   3.683514    32.7974        625     2.6000  0.000e+00
