HB2302/sbe183.cnv
* Sea-Bird SBE 19plus V2 Data File:
* FileName = C:\cruise\data\sbe183.hex
* Software Version Seasave V 7.26.7.121
* Temperature SN = 4758
* Conductivity SN = 4758
* System UpLoad Time = Jun 25 2023 20:11:38
* NMEA Latitude = 40 05.08 N
* NMEA Longitude = 069 50.57 W
* NMEA UTC (Time) = Jun 25 2023 20:11:37
** Cruise: HB2302
** Program: Ecomon
** Chief Scientist: Jerry Prezioso
# nquan = 7
# nvalues = 2601                                  
# units = specified
# name 0 = depSM: Depth [salt water, m]
# name 1 = tv290C: Temperature [ITS-90, deg C]
# name 2 = c0S/m: Conductivity [S/m]
# name 3 = sal00: Salinity, Practical [PSU]
# name 4 = scan: Scan Count
# name 5 = timeM: Time, Elapsed [minutes]
# name 6 = flag:  0.000e+00
# span 0 =     -0.082,    111.173                 
# span 1 =    13.4016,    24.6422                 
# span 2 =   0.002968,   5.105796                 
# span 3 =     0.0215,    35.8703                 
# span 4 =         11,       2611                 
# span 5 =     0.0417,    10.8750                 
# span 6 = 0.0000e+00, 0.0000e+00                 
# interval = seconds: 0.25
# start_time = Jun 25 2023 20:11:37 [NMEA time, header]
# bad_flag = -9.990e-29
*END*
[from data line 616]
     48.842    15.3169   4.334514    35.0848        627     2.6083  0.000e+00
     48.993    15.3213   4.336188    35.0960        628     2.6125  0.000e+00
     49.150    15.3288   4.338799    35.1129        629     2.6167  0.000e+00
     49.316    15.3389   4.343065    35.1424        630     2.6208  0.000e+00
     49.477    15.3551   4.349030    35.1819        631     2.6250  0.000e+00
     49.628    15.3781   4.352741    35.1948        632     2.6292  0.000e+00
     49.791    15.4031   4.355625    35.1984        633     2.6333  0.000e+00
     49.951    15.4255   4.356440    35.1856        634     2.6375  0.000e+00
     50.111    15.4404   4.358911    35.1945        635     2.6417  0.000e+00
     50.263    15.4538   4.361590    35.2067        636     2.6458  0.000e+00
     50.417    15.4677   4.362943    35.2064        637     2.6500  0.000e+00
     50.571    15.4795   4.364325    35.2082        638     2.6542  0.000e+00
     50.716    15.4890   4.365112    35.2067        639     2.6583  0.000e+00
     50.873    15.4956   4.365575    35.2049        640     2.6625  0.000e+00
     51.021    15.5002   4.366646    35.2105        641     2.6667  0.000e+00
     51.176    15.5026   4.366901    35.2105        642     2.6708  0.000e+00
     51.324    15.5041   4.367731    35.2166        643     2.6750  0.000e+00
     51.469    15.5052   4.367924    35.2173        644     2.6792  0.000e+00
     51.614    15.5051   4.368484    35.2224        645     2.6833  0.000e+00
     51.768    15.5045   4.369154    35.2290        646     2.6875  0.000e+00
     51.919    15.5043   4.369334    35.2307        647     2.6917  0.000e+00
     52.089    15.5038   4.369458    35.2322        648     2.6958  0.000e+00
     52.255    15.5032   4.369763    35.2355        649     2.7000  0.000e+00
     52.427    15.5026   4.370101    35.2389        650     2.7042  0.000e+00
     52.609    15.5025   4.371581    35.2523        651     2.7083  0.000e+00
     52.796    15.5040   4.372604    35.2601        652     2.7125  0.000e+00
     52.986    15.5069   4.374090    35.2708        653     2.7167  0.000e+00
     53.189    15.5107   4.374526    35.2713        654     2.7208  0.000e+00
     53.389    15.5143   4.376144    35.2826        655     2.7250  0.000e+00
     53.582    15.5177   4.376040    35.2786        656     2.7292  0.000e+00
     53.785    15.5201   4.377984    35.2938        657     2.7333  0.000e+00
     53.984    15.5237   4.378917    35.2989        658     2.7375  0.000e+00
     54.178    15.5279   4.379782    35.3029        659     2.7417  0.000e+00
     54.365    15.5315   4.379755    35.2994        660     2.7458  0.000e+00
     54.534    15.5335   4.379651    35.2965        661     2.7500  0.000e+00
     54.688    15.5346   4.379962    35.2984        662     2.7542  0.000e+00
     54.837    15.5352   4.381678    35.3132        663     2.7583  0.000e+00
     54.967    15.5379   4.382453    35.3177        664     2.7625  0.000e+00
     55.094    15.5416   4.383505    35.3239        665     2.7667  0.000e+00
     55.218    15.5452   4.384840    35.3327        666     2.7708  0.000e+00
     55.344    15.5499   4.388357    35.3601        667     2.7750  0.000e+00
     55.478    15.5571   4.388461    35.3545        668     2.7792  0.000e+00
     55.611    15.5627   4.388385    35.3487        669     2.7833  0.000e+00
     55.753    15.5663   4.389672    35.3570        670     2.7875  0.000e+00
     55.901    15.5698   4.391293    35.3685        671     2.7917  0.000e+00
     56.067    15.5743   4.392422    35.3745        672     2.7958  0.000e+00
     56.227    15.5793   4.393246    35.3774        673     2.8000  0.000e+00
     56.400    15.5829   4.393426    35.3757        674     2.8042  0.000e+00
     56.587    15.5855   4.393842    35.3771        675     2.8083  0.000e+00
     56.771    15.5872   4.394278    35.3794        676     2.8125  0.000e+00
     56.959    15.5888   4.394687    35.3816        677     2.8167  0.000e+00
     57.137    15.5905   4.394687    35.3799        678     2.8208  0.000e+00
     57.321    15.5914   4.394791    35.3800        679     2.8250  0.000e+00
     57.503    15.5916   4.394846    35.3802        680     2.8292  0.000e+00
     57.684    15.5915   4.395103    35.3826        681     2.8333  0.000e+00
     57.860    15.5915   4.394867    35.3804        682     2.8375  0.000e+00
     58.035    15.5909   4.394847    35.3807        683     2.8417  0.000e+00
     58.204    15.5897   4.394847    35.3817        684     2.8458  0.000e+00
     58.373    15.5887   4.394923    35.3832        685     2.8500  0.000e+00
     58.531    15.5875   4.394923    35.3842        686     2.8542  0.000e+00
     58.703    15.5860   4.394847    35.3848        687     2.8583  0.000e+00
     58.866    15.5844   4.394743    35.3852        688     2.8625  0.000e+00
     59.032    15.5828   4.394639    35.3857        689     2.8667  0.000e+00
     59.193    15.5811   4.394307    35.3841        690     2.8708  0.000e+00
     59.350    15.5784   4.393919    35.3830        691     2.8750  0.000e+00
     59.501    15.5751   4.393379    35.3810        692     2.8792  0.000e+00
     59.658    15.5707   4.392783    35.3796        693     2.8833  0.000e+00
     59.818    15.5652   4.392216    35.3793        694     2.8875  0.000e+00
     59.972    15.5595   4.391496    35.3778        695     2.8917  0.000e+00
     60.127    15.5536   4.390367    35.3730        696     2.8958  0.000e+00
     60.287    15.5457   4.388491    35.3630        697     2.9000  0.000e+00
     60.456    15.5341   4.386995    35.3599        698     2.9042  0.000e+00
     60.619    15.5213   4.385383    35.3568        699     2.9083  0.000e+00
     60.801    15.5076   4.384276    35.3591        700     2.9125  0.000e+00
     60.979    15.4955   4.383376    35.3617        701     2.9167  0.000e+00
     61.157    15.4854   4.382733    35.3650        702     2.9208  0.000e+00
     61.336    15.4770   4.381578    35.3619        703     2.9250  0.000e+00
     61.520    15.4679   4.380118    35.3569        704     2.9292  0.000e+00
     61.695    15.4578   4.379219    35.3577        705     2.9333  0.000e+00
     61.868    15.4474   4.378064    35.3566        706     2.9375  0.000e+00
     62.028    15.4381   4.377193    35.3571        707     2.9417  0.000e+00
     62.191    15.4291   4.375250    35.3475        708     2.9458  0.000e+00
     62.342    15.4174   4.372968    35.3374        709     2.9500  0.000e+00
     62.478    15.4021   4.371745    35.3400        710     2.9542  0.000e+00
     62.620    15.3879   4.371586    35.3513        711     2.9583  0.000e+00
     62.759    15.3787   4.371483    35.3585        712     2.9625  0.000e+00
     62.892    15.3735   4.371117    35.3599        713     2.9667  0.000e+00
     63.037    15.3698   4.369976    35.3528        714     2.9708  0.000e+00
     63.182    15.3633   4.367979    35.3406        715     2.9750  0.000e+00
     63.337    15.3514   4.366066    35.3339        716     2.9792  0.000e+00
     63.491    15.3352   4.362667    35.3175        717     2.9833  0.000e+00
     63.663    15.3111   4.352831    35.2501        718     2.9875  0.000e+00
     63.832    15.2654   4.350010    35.2655        719     2.9917  0.000e+00
     64.014    15.2171   4.334549    35.1685        720     2.9958  0.000e+00
     64.198    15.1436   4.324815    35.1459        721     3.0000  0.000e+00
     64.388    15.0556   4.314740    35.1332        722     3.0042  0.000e+00
     64.579    14.9668   4.311710    35.1855        723     3.0083  0.000e+00
     64.769    14.8995   4.305726    35.1915        724     3.0125  0.000e+00
     64.963    14.8433   4.302513    35.2128        725     3.0167  0.000e+00
     65.153    14.7983   4.300131    35.2316        726     3.0208  0.000e+00
     65.334    14.7646   4.297372    35.2368        727     3.0250  0.000e+00
     65.507    14.7356   4.293139    35.2241        728     3.0292  0.000e+00
     65.679    14.7051   4.288084    35.2053        729     3.0333  0.000e+00
     65.851    14.6696   4.286336    35.2213        730     3.0375  0.000e+00
     65.999    14.6387   4.281813    35.2076        731     3.0417  0.000e+00
     66.150    14.6068   4.278305    35.2043        732     3.0458  0.000e+00
     66.280    14.5735   4.277504    35.2271        733     3.0500  0.000e+00
     66.410    14.5505   4.276436    35.2380        734     3.0542  0.000e+00
     66.525    14.5340   4.275840    35.2476        735     3.0583  0.000e+00
     66.649    14.5218   4.274320    35.2446        736     3.0625  0.000e+00
     66.758    14.5102   4.273800    35.2503        737     3.0667  0.000e+00
     66.870    14.5015   4.275238    35.2715        738     3.0708  0.000e+00
     66.991    14.4996   4.277156    35.2909        739     3.0750  0.000e+00
     67.124    14.5033   4.277361    35.2893        740     3.0792  0.000e+00
     67.266    14.5068   4.277375    35.2862        741     3.0833  0.000e+00
     67.426    14.5087   4.277286    35.2835        742     3.0875  0.000e+00
     67.592    14.5086   4.276190    35.2735        743     3.0917  0.000e+00
     67.779    14.5040   4.274670    35.2635        744     3.0958  0.000e+00
     67.970    14.4948   4.272184    35.2489        745     3.1000  0.000e+00
     68.178    14.4806   4.271110    35.2518        746     3.1042  0.000e+00
     68.393    14.4656   4.269022    35.2460        747     3.1083  0.000e+00
     68.617    14.4503   4.266353    35.2352        748     3.1125  0.000e+00
     68.834    14.4315   4.264027    35.2308        749     3.1167  0.000e+00
     69.070    14.4111   4.260751    35.2190        750     3.1208  0.000e+00
     69.297    14.3882   4.259664    35.2296        751     3.1250  0.000e+00
     69.502    14.3696   4.257230    35.2240        752     3.1292  0.000e+00
     69.704    14.3511   4.253744    35.2085        753     3.1333  0.000e+00
     69.877    14.3290   4.252651    35.2185        754     3.1375  0.000e+00
     70.040    14.3109   4.250957    35.2192        755     3.1417  0.000e+00
     70.185    14.2950   4.248498    35.2108        756     3.1458  0.000e+00
     70.333    14.2771   4.246497    35.2086        757     3.1500  0.000e+00
     70.460    14.2592   4.242366    35.1865        758     3.1542  0.000e+00
     70.575    14.2339   4.235548    35.1463        759     3.1583  0.000e+00
     70.678    14.1981   4.228517    35.1135        760     3.1625  0.000e+00
     70.780    14.1514   4.219461    35.0718        761     3.1667  0.000e+00
     70.889    14.0886   4.211727    35.0570        762     3.1708  0.000e+00
     70.992    14.0212   4.199293    35.0026        763     3.1750  0.000e+00
     71.104    13.9389   4.187479    34.9673        764     3.1792  0.000e+00
     71.225    13.8443   4.178676    34.9711        765     3.1833  0.000e+00
     71.352    13.7565   4.176446    35.0304        766     3.1875  0.000e+00
     71.494    13.6946   4.179493    35.1156        767     3.1917  0.000e+00
     71.642    13.6687   4.178821    35.1330        768     3.1958  0.000e+00
     71.808    13.6581   4.179188    35.1461        769     3.2000  0.000e+00
     71.983    13.6540   4.176013    35.1199        770     3.2042  0.000e+00
     72.170    13.6422   4.167281    35.0486        771     3.2083  0.000e+00
     72.370    13.6080   4.167410    35.0811        772     3.2125  0.000e+00
     72.578    13.5780   4.162533    35.0627        773     3.2167  0.000e+00
     72.793    13.5465   4.158388    35.0524        774     3.2208  0.000e+00
     73.008    13.5122   4.157576    35.0762        775     3.2250  0.000e+00
     73.225    13.4882   4.159656    35.1178        776     3.2292  0.000e+00
     73.437    13.4807   4.158830    35.1168        777     3.2333  0.000e+00
     73.654    13.4761   4.158620    35.1190        778     3.2375  0.000e+00
     73.857    13.4710   4.158613    35.1235        779     3.2417  0.000e+00
     74.047    13.4668   4.158417    35.1255        780     3.2458  0.000e+00
     74.225    13.4631   4.159020    35.1345        781     3.2500  0.000e+00
     74.394    13.4616   4.158444    35.1304        782     3.2542  0.000e+00
     74.552    13.4582   4.158830    35.1371        783     3.2583  0.000e+00
     74.706    13.4559   4.159250    35.1432        784     3.2625  0.000e+00
     74.848    13.4560   4.159528    35.1456        785     3.2667  0.000e+00
     74.981    13.4566   4.159284    35.1427        786     3.2708  0.000e+00
     75.123    13.4559   4.161269    35.1620        787     3.2750  0.000e+00
     75.256    13.4607   4.167990    35.2210        788     3.2792  0.000e+00
     75.392    13.4811   4.172118    35.2411        789     3.2833  0.000e+00
     75.534    13.5087   4.172002    35.2144        790     3.2875  0.000e+00
     75.670    13.5292   4.176247    35.2355        791     3.2917  0.000e+00
     75.809    13.5508   4.178391    35.2358        792     3.2958  0.000e+00
     75.957    13.5714   4.182007    35.2508        793     3.3000  0.000e+00
     76.105    13.5937   4.182095    35.2310        794     3.3042  0.000e+00
     76.250    13.6083   4.182672    35.2229        795     3.3083  0.000e+00
     76.404    13.6179   4.186100    35.2463        796     3.3125  0.000e+00
     76.558    13.6320   4.189916    35.2691        797     3.3167  0.000e+00
     76.727    13.6522   4.195338    35.3014        798     3.3208  0.000e+00
     76.896    13.6814   4.198355    35.3028        799     3.3250  0.000e+00
     77.069    13.7104   4.204869    35.3371        800     3.3292  0.000e+00
     77.256    13.7452   4.212857    35.3800        801     3.3333  0.000e+00
     77.452    13.7906   4.217807    35.3845        802     3.3375  0.000e+00
     77.655    13.8320   4.218147    35.3493        803     3.3417  0.000e+00
     77.854    13.8596   4.221117    35.3517        804     3.3458  0.000e+00
     78.063    13.8824   4.223931    35.3569        805     3.3500  0.000e+00
     78.283    13.9034   4.224571    35.3434        806     3.3542  0.000e+00
     78.498    13.9181   4.226152    35.3446        807     3.3583  0.000e+00
     78.709    13.9301   4.226922    35.3407        808     3.3625  0.000e+00
     78.927    13.9391   4.227515    35.3378        809     3.3667  0.000e+00
     79.120    13.9459   4.228204    35.3379        810     3.3708  0.000e+00
     79.311    13.9522   4.229629    35.3454        811     3.3750  0.000e+00
     79.495    13.9597   4.230120    35.3430        812     3.3792  0.000e+00
     79.673    13.9666   4.231006    35.3449        813     3.3833  0.000e+00
     79.821    13.9727   4.230979    35.3389        814     3.3875  0.000e+00
     79.972    13.9764   4.231252    35.3380        815     3.3917  0.000e+00
     80.108    13.9789   4.231402    35.3371        816     3.3958  0.000e+00
     80.238    13.9803   4.231279    35.3345        817     3.4000  0.000e+00
     80.374    13.9807   4.231300    35.3343        818     3.4042  0.000e+00
     80.498    13.9808   4.231177    35.3331        819     3.4083  0.000e+00
     80.628    13.9802   4.231177    35.3335        820     3.4125  0.000e+00
     80.758    13.9797   4.231054    35.3328        821     3.4167  0.000e+00
     80.897    13.9790   4.229322    35.3172        822     3.4208  0.000e+00
     81.045    13.9730   4.225941    35.2911        823     3.4250  0.000e+00
     81.199    13.9574   4.223392    35.2815        824     3.4292  0.000e+00
     81.359    13.9388   4.220422    35.2708        825     3.4333  0.000e+00
     81.525    13.9171   4.216452    35.2535        826     3.4375  0.000e+00
     81.700    13.8913   4.214341    35.2574        827     3.4417  0.000e+00
     81.885    13.8669   4.212857    35.2658        828     3.4458  0.000e+00
     82.081    13.8472   4.210659    35.2633        829     3.4500  0.000e+00
     82.277    13.8294   4.210598    35.2790        830     3.4542  0.000e+00
