HB2302/sbe101.cnv
* Sea-Bird SBE 19plus V2 Data File:
* FileName = C:\cruise\data\sbe101.hex
* Software Version Seasave V 7.26.7.121
* Temperature SN = 4758
* Conductivity SN = 4758
* System UpLoad Time = Jun 17 2023 17:51:37
* NMEA Latitude = 41 40.72 N
* NMEA Longitude = 066 43.05 W
* NMEA UTC (Time) = Jun 17 2023 17:51:37
** Cruise: HB2302
** Program: Ecomon
** Chief Scientist: Jerry Prezioso
# nquan = 7
# nvalues = 1685                                  
# units = specified
# name 0 = depSM: Depth [salt water, m]
# name 1 = tv290C: Temperature [ITS-90, deg C]
# name 2 = c0S/m: Conductivity [S/m]
# name 3 = sal00: Salinity, Practical [PSU]
# name 4 = scan: Scan Count
# name 5 = timeM: Time, Elapsed [minutes]
# name 6 = flag:  0.000e+00
# span 0 =     -0.246,     64.836                 
# span 1 =    10.4691,    14.0493                 
# span 2 =   0.001129,   3.931943                 
# span 3 =     0.0117,    34.3955                 
# span 4 =         11,       1695                 
# span 5 =     0.0417,     7.0583                 
# span 6 = 0.0000e+00, 0.0000e+00                 
# interval = seconds: 0.25
# start_time = Jun 17 2023 17:51:37 [NMEA time, header]
# bad_flag = -9.990e-29
*END*
     -0.237    14.0296   0.001147     0.0118         11     0.0417  0.000e+00
     -0.240    14.0301   0.001147     0.0118         12     0.0458  0.000e+00
     -0.237    14.0303   0.001147     0.0118         13     0.0500  0.000e+00
     -0.237    14.0304   0.001147     0.0118         14     0.0542  0.000e+00
     -0.237    14.0307   0.001141     0.0118         15     0.0583  0.000e+00
     -0.234    14.0310   0.001147     0.0118         16     0.0625  0.000e+00
     -0.240    14.0315   0.001141     0.0118         17     0.0667  0.000e+00
     -0.240    14.0318   0.001147     0.0118         18     0.0708  0.000e+00
     -0.237    14.0317   0.001147     0.0118         19     0.0750  0.000e+00
     -0.240    14.0320   0.001141     0.0118         20     0.0792  0.000e+00
     -0.243    14.0327   0.001147     0.0118         21     0.0833  0.000e+00
     -0.240    14.0330   0.001147     0.0118         22     0.0875  0.000e+00
     -0.234    14.0337   0.001153     0.0118         23     0.0917  0.000e+00
     -0.240    14.0343   0.001147     0.0118         24     0.0958  0.000e+00
     -0.237    14.0346   0.001153     0.0118         25     0.1000  0.000e+00
     -0.231    14.0352   0.001153     0.0118         26     0.1042  0.000e+00
     -0.237    14.0353   0.001153     0.0118         27     0.1083  0.000e+00
     -0.237    14.0356   0.001147     0.0118         28     0.1125  0.000e+00
     -0.237    14.0362   0.001153     0.0118         29     0.1167  0.000e+00
     -0.234    14.0367   0.001153     0.0118         30     0.1208  0.000e+00
     -0.234    14.0370   0.001153     0.0118         31     0.1250  0.000e+00
     -0.231    14.0375   0.001153     0.0118         32     0.1292  0.000e+00
     -0.237    14.0378   0.001153     0.0118         33     0.1333  0.000e+00
     -0.237    14.0382   0.001153     0.0118         34     0.1375  0.000e+00
     -0.237    14.0384   0.001153     0.0118         35     0.1417  0.000e+00
     -0.243    14.0387   0.001153     0.0118         36     0.1458  0.000e+00
     -0.240    14.0390   0.001159     0.0119         37     0.1500  0.000e+00
     -0.240    14.0387   0.001153     0.0118         38     0.1542  0.000e+00
     -0.240    14.0387   0.001156     0.0119         39     0.1583  0.000e+00
     -0.237    14.0390   0.001153     0.0118         40     0.1625  0.000e+00
     -0.234    14.0392   0.001153     0.0118         41     0.1667  0.000e+00
     -0.237    14.0390   0.001159     0.0119         42     0.1708  0.000e+00
     -0.237    14.0389   0.001153     0.0118         43     0.1750  0.000e+00
     -0.237    14.0394   0.001156     0.0119         44     0.1792  0.000e+00
     -0.231    14.0399   0.001147     0.0118         45     0.1833  0.000e+00
     -0.240    14.0404   0.001156     0.0119         46     0.1875  0.000e+00
     -0.240    14.0408   0.001153     0.0118         47     0.1917  0.000e+00
     -0.240    14.0408   0.001132     0.0117         48     0.1958  0.000e+00
     -0.240    14.0409   0.001135     0.0117         49     0.2000  0.000e+00
     -0.243    14.0413   0.001153     0.0118         50     0.2042  0.000e+00
     -0.237    14.0417   0.001156     0.0119         51     0.2083  0.000e+00
     -0.243    14.0415   0.001153     0.0118         52     0.2125  0.000e+00
     -0.234    14.0421   0.001156     0.0119         53     0.2167  0.000e+00
     -0.240    14.0421   0.001159     0.0119         54     0.2208  0.000e+00
     -0.237    14.0426   0.001162     0.0119         55     0.2250  0.000e+00
     -0.240    14.0431   0.001159     0.0119         56     0.2292  0.000e+00
     -0.243    14.0435   0.001159     0.0119         57     0.2333  0.000e+00
     -0.246    14.0435   0.001162     0.0119         58     0.2375  0.000e+00
     -0.234    14.0436   0.001159     0.0119         59     0.2417  0.000e+00
     -0.237    14.0439   0.001162     0.0119         60     0.2458  0.000e+00
     -0.237    14.0436   0.001159     0.0119         61     0.2500  0.000e+00
     -0.241    14.0431   0.001153     0.0118         62     0.2542  0.000e+00
     -0.234    14.0429   0.001165     0.0119         63     0.2583  0.000e+00
     -0.237    14.0427   0.001159     0.0119         64     0.2625  0.000e+00
     -0.228    14.0423   0.001162     0.0119         65     0.2667  0.000e+00
     -0.234    14.0411   0.001159     0.0119         66     0.2708  0.000e+00
     -0.231    14.0408   0.001162     0.0119         67     0.2750  0.000e+00
     -0.231    14.0408   0.001159     0.0119         68     0.2792  0.000e+00
     -0.237    14.0412   0.001156     0.0119         69     0.2833  0.000e+00
     -0.244    14.0414   0.001159     0.0119         70     0.2875  0.000e+00
     -0.237    14.0416   0.001159     0.0119         71     0.2917  0.000e+00
     -0.241    14.0414   0.001156     0.0119         72     0.2958  0.000e+00
     -0.228    14.0416   0.001159     0.0119         73     0.3000  0.000e+00
     -0.231    14.0413   0.001153     0.0118         74     0.3042  0.000e+00
     -0.244    14.0420   0.001159     0.0119         75     0.3083  0.000e+00
     -0.234    14.0426   0.001162     0.0119         76     0.3125  0.000e+00
     -0.234    14.0432   0.001159     0.0119         77     0.3167  0.000e+00
     -0.237    14.0429   0.001153     0.0118         78     0.3208  0.000e+00
     -0.237    14.0432   0.001156     0.0119         79     0.3250  0.000e+00
     -0.231    14.0432   0.001159     0.0119         80     0.3292  0.000e+00
     -0.241    14.0435   0.001156     0.0119         81     0.3333  0.000e+00
     -0.234    14.0441   0.001153     0.0118         82     0.3375  0.000e+00
     -0.240    14.0441   0.001153     0.0118         83     0.3417  0.000e+00
     -0.241    14.0441   0.001153     0.0118         84     0.3458  0.000e+00
     -0.237    14.0443   0.001159     0.0119         85     0.3500  0.000e+00
     -0.237    14.0450   0.001156     0.0119         86     0.3542  0.000e+00
     -0.234    14.0453   0.001153     0.0118         87     0.3583  0.000e+00
     -0.241    14.0452   0.001156     0.0119         88     0.3625  0.000e+00
     -0.237    14.0447   0.001153     0.0118         89     0.3667  0.000e+00
     -0.237    14.0448   0.001147     0.0118         90     0.3708  0.000e+00
     -0.237    14.0453   0.001138     0.0118         91     0.3750  0.000e+00
     -0.237    14.0456   0.001147     0.0118         92     0.3792  0.000e+00
     -0.240    14.0458   0.001153     0.0118         93     0.3833  0.000e+00
     -0.240    14.0461   0.001153     0.0118         94     0.3875  0.000e+00
     -0.244    14.0465   0.001147     0.0118         95     0.3917  0.000e+00
     -0.243    14.0468   0.001147     0.0118         96     0.3958  0.000e+00
     -0.237    14.0470   0.001153     0.0118         97     0.4000  0.000e+00
     -0.237    14.0471   0.001153     0.0118         98     0.4042  0.000e+00
     -0.237    14.0470   0.001147     0.0118         99     0.4083  0.000e+00
     -0.237    14.0469   0.001153     0.0118        100     0.4125  0.000e+00
     -0.231    14.0470   0.001153     0.0118        101     0.4167  0.000e+00
     -0.240    14.0473   0.001156     0.0119        102     0.4208  0.000e+00
     -0.231    14.0476   0.001147     0.0118        103     0.4250  0.000e+00
     -0.234    14.0479   0.001153     0.0118        104     0.4292  0.000e+00
     -0.231    14.0482   0.001153     0.0118        105     0.4333  0.000e+00
     -0.231    14.0479   0.001159     0.0119        106     0.4375  0.000e+00
     -0.231    14.0479   0.001153     0.0118        107     0.4417  0.000e+00
     -0.231    14.0485   0.001153     0.0118        108     0.4458  0.000e+00
     -0.235    14.0487   0.001147     0.0118        109     0.4500  0.000e+00
     -0.235    14.0491   0.001159     0.0119        110     0.4542  0.000e+00
     -0.232    14.0493   0.001153     0.0118        111     0.4583  0.000e+00
     -0.235    14.0488   0.001147     0.0118        112     0.4625  0.000e+00
     -0.235    14.0488   0.001147     0.0118        113     0.4667  0.000e+00
     -0.238    14.0488   0.001153     0.0118        114     0.4708  0.000e+00
     -0.235    14.0489   0.001147     0.0118        115     0.4750  0.000e+00
     -0.232    14.0488   0.001147     0.0118        116     0.4792  0.000e+00
     -0.235    14.0479   0.001147     0.0118        117     0.4833  0.000e+00
     -0.226    14.0479   0.001147     0.0118        118     0.4875  0.000e+00
     -0.226    14.0482   0.001141     0.0118        119     0.4917  0.000e+00
     -0.229    14.0487   0.001141     0.0118        120     0.4958  0.000e+00
     -0.226    14.0490   0.001147     0.0118        121     0.5000  0.000e+00
     -0.235    14.0486   0.001153     0.0118        122     0.5042  0.000e+00
     -0.232    14.0484   0.001132     0.0117        123     0.5083  0.000e+00
     -0.195    14.0481   0.001129     0.0117        124     0.5125  0.000e+00
      0.058    14.0467   0.382665     2.6092        125     0.5167  0.000e+00
      0.348    14.0201   3.745342    30.8376        126     0.5208  0.000e+00
      0.590    13.6967   2.897292    23.4081        127     0.5250  0.000e+00
      0.719    13.1290   3.813857    32.2079        128     0.5292  0.000e+00
      0.753    12.6232   3.719885    31.7478        129     0.5333  0.000e+00
      0.701    12.0120   3.672570    31.8137        130     0.5375  0.000e+00
      0.562    11.4951   3.683812    32.3693        131     0.5417  0.000e+00
      0.448    11.1909   3.126017    27.2062        132     0.5458  0.000e+00
      0.381    11.0586   3.745242    33.3635        133     0.5500  0.000e+00
      0.366    11.1139   3.839961    34.2532        134     0.5542  0.000e+00
      0.481    11.3168   3.873387    34.3955        135     0.5583  0.000e+00
      0.719    11.7820   3.905727    34.2820        136     0.5625  0.000e+00
      1.061    12.3419   3.917865    33.8881        137     0.5667  0.000e+00
      1.390    12.8314   3.924674    33.5144        138     0.5708  0.000e+00
      1.679    13.1688   3.927778    33.2463        139     0.5750  0.000e+00
      1.900    13.3804   3.928742    33.0707        140     0.5792  0.000e+00
      2.075    13.4624   3.930692    33.0178        141     0.5833  0.000e+00
      2.229    13.4813   3.931943    33.0132        142     0.5875  0.000e+00
      2.401    13.5268   3.931923    32.9735        143     0.5917  0.000e+00
      2.621    13.6037   3.930175    32.8908        144     0.5958  0.000e+00
      2.836    13.6535   3.913600    32.6935        145     0.6000  0.000e+00
      3.029    13.6694   3.920994    32.7487        146     0.6042  0.000e+00
      3.225    13.6703   3.922614    32.7629        147     0.6083  0.000e+00
      3.276    13.6540   3.916203    32.7172        148     0.6125  0.000e+00
      3.276    13.6342   3.912967    32.7039        149     0.6167  0.000e+00
      3.204    13.6266   3.918695    32.7638        150     0.6208  0.000e+00
      3.219    13.6213   3.924592    32.8234        151     0.6250  0.000e+00
      3.331    13.6252   3.915708    32.7372        152     0.6292  0.000e+00
      3.494    13.6390   3.912405    32.6946        153     0.6333  0.000e+00
      3.648    13.6176   3.908397    32.6754        154     0.6375  0.000e+00
      3.778    13.5846   3.901218    32.6367        155     0.6417  0.000e+00
      3.919    13.5589   3.892211    32.5746        156     0.6458  0.000e+00
      4.076    13.5263   3.882080    32.5078        157     0.6500  0.000e+00
      4.267    13.4741   3.869179    32.4317        158     0.6542  0.000e+00
      4.496    13.4039   3.860867    32.4136        159     0.6583  0.000e+00
      4.738    13.3176   3.845443    32.3425        160     0.6625  0.000e+00
      4.991    13.2387   3.834104    32.3032        161     0.6667  0.000e+00
      5.215    13.1207   3.824703    32.3151        162     0.6708  0.000e+00
      5.408    12.9708   3.817980    32.3797        163     0.6750  0.000e+00
      5.580    12.8377   3.817236    32.4867        164     0.6792  0.000e+00
      5.731    12.7268   3.818212    32.5915        165     0.6833  0.000e+00
      5.852    12.6461   3.818828    32.6671        166     0.6875  0.000e+00
      5.963    12.6027   3.810650    32.6268        167     0.6917  0.000e+00
      6.078    12.5793   3.804308    32.5866        168     0.6958  0.000e+00
      6.196    12.5310   3.798596    32.5738        169     0.7000  0.000e+00
      6.280    12.4605   3.794134    32.5923        170     0.7042  0.000e+00
      6.359    12.3932   3.791526    32.6258        171     0.7083  0.000e+00
      6.431    12.3306   3.791005    32.6752        172     0.7125  0.000e+00
      6.522    12.2818   3.783243    32.6432        173     0.7167  0.000e+00
      6.618    12.2469   3.770143    32.5477        174     0.7208  0.000e+00
      6.730    12.1964   3.761604    32.5095        175     0.7250  0.000e+00
      6.845    12.1154   3.755399    32.5201        176     0.7292  0.000e+00
      6.993    12.0243   3.749017    32.5379        177     0.7333  0.000e+00
      7.156    11.9386   3.742788    32.5523        178     0.7375  0.000e+00
      7.337    11.8548   3.738949    32.5884        179     0.7417  0.000e+00
      7.527    11.7805   3.734749    32.6127        180     0.7458  0.000e+00
      7.732    11.7142   3.732799    32.6519        181     0.7500  0.000e+00
      7.941    11.6614   3.730868    32.6795        182     0.7542  0.000e+00
      8.131    11.6245   3.729683    32.7004        183     0.7583  0.000e+00
      8.324    11.5982   3.729586    32.7226        184     0.7625  0.000e+00
      8.499    11.5759   3.729963    32.7459        185     0.7667  0.000e+00
      8.662    11.5645   3.730403    32.7602        186     0.7708  0.000e+00
      8.795    11.5607   3.728751    32.7473        187     0.7750  0.000e+00
      8.931    11.5587   3.726944    32.7314        188     0.7792  0.000e+00
      9.048    11.5531   3.725669    32.7238        189     0.7833  0.000e+00
      9.154    11.5470   3.723202    32.7051        190     0.7875  0.000e+00
      9.248    11.5480   3.720652    32.6793        191     0.7917  0.000e+00
      9.341    11.5405   3.717688    32.6568        192     0.7958  0.000e+00
      9.429    11.5154   3.714163    32.6445        193     0.8000  0.000e+00
      9.528    11.4835   3.707349    32.6059        194     0.8042  0.000e+00
      9.631    11.4399   3.704241    32.6139        195     0.8083  0.000e+00
      9.737    11.3865   3.705205    32.6705        196     0.8125  0.000e+00
      9.857    11.3397   3.704785    32.7077        197     0.8167  0.000e+00
      9.981    11.3140   3.703170    32.7147        198     0.8208  0.000e+00
     10.126    11.2992   3.701052    32.7069        199     0.8250  0.000e+00
     10.286    11.2894   3.699612    32.7013        200     0.8292  0.000e+00
     10.449    11.2753   3.699141    32.7091        201     0.8333  0.000e+00
     10.630    11.2566   3.697069    32.7052        202     0.8375  0.000e+00
     10.805    11.2447   3.695713    32.7024        203     0.8417  0.000e+00
     10.984    11.2332   3.693848    32.6942        204     0.8458  0.000e+00
     11.165    11.2198   3.692403    32.6918        205     0.8500  0.000e+00
     11.343    11.2031   3.690455    32.6873        206     0.8542  0.000e+00
     11.521    11.1837   3.690997    32.7098        207     0.8583  0.000e+00
     11.690    11.1665   3.691752    32.7325        208     0.8625  0.000e+00
     11.844    11.1582   3.691940    32.7416        209     0.8667  0.000e+00
     11.980    11.1633   3.691733    32.7350        210     0.8708  0.000e+00
     12.113    11.1659   3.691572    32.7310        211     0.8750  0.000e+00
     12.246    11.1647   3.690701    32.7235        212     0.8792  0.000e+00
     12.363    11.1653   3.690172    32.7177        213     0.8833  0.000e+00
     12.490    11.1657   3.688579    32.7015        214     0.8875  0.000e+00
     12.614    11.1598   3.686663    32.6878        215     0.8917  0.000e+00
