HB2302/sbe161.cnv
* Sea-Bird SBE 19plus V2 Data File:
* FileName = C:\cruise\data\sbe161.hex
* Software Version Seasave V 7.26.7.121
* Temperature SN = 4758
* Conductivity SN = 4758
* System UpLoad Time = Jun 23 2023 02:09:49
* NMEA Latitude = 42 29.56 N
* NMEA Longitude = 069 40.77 W
* NMEA UTC (Time) = Jun 23 2023 02:09:49
** Cruise: HB2302
** Program: Ecomon
** Chief Scientist: Jerry Prezioso
# nquan = 7
# nvalues = 4265                                  
# units = specified
# name 0 = depSM: Depth [salt water, m]
# name 1 = tv290C: Temperature [ITS-90, deg C]
# name 2 = c0S/m: Conductivity [S/m]
# name 3 = sal00: Salinity, Practical [PSU]
# name 4 = scan: Scan Count
# name 5 = timeM: Time, Elapsed [minutes]
# name 6 = flag:  0.000e+00
# span 0 =     -0.029,    199.873                 
# span 1 =     6.0103,    16.4471                 
# span 2 =   0.000552,   4.063556                 
# span 3 =     0.0098,    33.4539                 
# span 4 =         11,       4275                 
# span 5 =     0.0417,    17.8083                 
# span 6 = 0.0000e+00, 0.0000e+00                 
# interval = seconds: 0.25
# start_time = Jun 23 2023 02:09:49 [NMEA time, header]
# bad_flag = -9.990e-29
*END*
[from data line 821]
    116.846     6.3132   3.269659    32.7568        832     3.4625  0.000e+00
    117.021     6.3141   3.269807    32.7576        833     3.4667  0.000e+00
    117.183     6.3150   3.269868    32.7573        834     3.4708  0.000e+00
    117.340     6.3158   3.269979    32.7576        835     3.4750  0.000e+00
    117.479     6.3166   3.270108    32.7582        836     3.4792  0.000e+00
    117.612     6.3172   3.270102    32.7575        837     3.4833  0.000e+00
    117.738     6.3178   3.270354    32.7597        838     3.4875  0.000e+00
    117.856     6.3188   3.270465    32.7599        839     3.4917  0.000e+00
    117.973     6.3198   3.270625    32.7606        840     3.4958  0.000e+00
    118.103     6.3212   3.270797    32.7611        841     3.5000  0.000e+00
    118.221     6.3227   3.271044    32.7624        842     3.5042  0.000e+00
    118.344     6.3245   3.271382    32.7643        843     3.5083  0.000e+00
    118.483     6.3269   3.271487    32.7632        844     3.5125  0.000e+00
    118.619     6.3287   3.271567    32.7622        845     3.5167  0.000e+00
    118.760     6.3300   3.271843    32.7640        846     3.5208  0.000e+00
    118.920     6.3315   3.272022    32.7645        847     3.5250  0.000e+00
    119.077     6.3332   3.272348    32.7664        848     3.5292  0.000e+00
    119.234     6.3350   3.272496    32.7662        849     3.5333  0.000e+00
    119.399     6.3369   3.272483    32.7642        850     3.5375  0.000e+00
    119.565     6.3380   3.272853    32.7672        851     3.5417  0.000e+00
    119.728     6.3396   3.273253    32.7699        852     3.5458  0.000e+00
    119.903     6.3415   3.273542    32.7712        853     3.5500  0.000e+00
    120.069     6.3437   3.273782    32.7717        854     3.5542  0.000e+00
    120.232     6.3457   3.274262    32.7750        855     3.5583  0.000e+00
    120.394     6.3483   3.275062    32.7813        856     3.5625  0.000e+00
    120.551     6.3523   3.275967    32.7874        857     3.5667  0.000e+00
    120.696     6.3572   3.276841    32.7924        858     3.5708  0.000e+00
    120.847     6.3629   3.277315    32.7921        859     3.5750  0.000e+00
    120.991     6.3676   3.277777    32.7926        860     3.5792  0.000e+00
    121.121     6.3715   3.278318    32.7948        861     3.5833  0.000e+00
    121.269     6.3754   3.278602    32.7941        862     3.5875  0.000e+00
    121.401     6.3782   3.279020    32.7960        863     3.5917  0.000e+00
    121.537     6.3809   3.279698    32.8008        864     3.5958  0.000e+00
    121.673     6.3843   3.279993    32.8008        865     3.6000  0.000e+00
    121.802     6.3876   3.280400    32.8021        866     3.6042  0.000e+00
    121.929     6.3908   3.281065    32.8063        867     3.6083  0.000e+00
    122.068     6.3943   3.281404    32.8067        868     3.6125  0.000e+00
    122.209     6.3975   3.281804    32.8079        869     3.6167  0.000e+00
    122.351     6.4004   3.282309    32.8107        870     3.6208  0.000e+00
    122.493     6.4032   3.282623    32.8114        871     3.6250  0.000e+00
    122.643     6.4059   3.282845    32.8112        872     3.6292  0.000e+00
    122.800     6.4082   3.283597    32.8172        873     3.6333  0.000e+00
    122.966     6.4112   3.283825    32.8167        874     3.6375  0.000e+00
    123.132     6.4138   3.284336    32.8198        875     3.6417  0.000e+00
    123.310     6.4168   3.284737    32.8213        876     3.6458  0.000e+00
    123.487     6.4200   3.284768    32.8185        877     3.6500  0.000e+00
    123.665     6.4220   3.285371    32.8232        878     3.6542  0.000e+00
    123.840     6.4247   3.285692    32.8241        879     3.6583  0.000e+00
    124.027     6.4276   3.286807    32.8336        880     3.6625  0.000e+00
    124.196     6.4319   3.287843    32.8408        881     3.6667  0.000e+00
    124.362     6.4384   3.288583    32.8426        882     3.6708  0.000e+00
    124.521     6.4447   3.289131    32.8425        883     3.6750  0.000e+00
    124.681     6.4502   3.289384    32.8400        884     3.6792  0.000e+00
    124.817     6.4541   3.289513    32.8377        885     3.6833  0.000e+00
    124.950     6.4566   3.290081    32.8414        886     3.6875  0.000e+00
    125.064     6.4593   3.290389    32.8422        887     3.6917  0.000e+00
    125.182     6.4621   3.291184    32.8482        888     3.6958  0.000e+00
    125.284     6.4658   3.291598    32.8492        889     3.7000  0.000e+00
    125.381     6.4698   3.292005    32.8498        890     3.7042  0.000e+00
    125.477     6.4733   3.292893    32.8563        891     3.7083  0.000e+00
    125.577     6.4782   3.294330    32.8674        892     3.7125  0.000e+00
    125.679     6.4853   3.295329    32.8715        893     3.7167  0.000e+00
    125.782     6.4932   3.295761    32.8687        894     3.7208  0.000e+00
    125.896     6.4996   3.296242    32.8678        895     3.7250  0.000e+00
    126.014     6.5048   3.296890    32.8699        896     3.7292  0.000e+00
    126.146     6.5097   3.297260    32.8692        897     3.7333  0.000e+00
    126.297     6.5139   3.297958    32.8728        898     3.7375  0.000e+00
    126.460     6.5183   3.298476    32.8743        899     3.7417  0.000e+00
    126.632     6.5225   3.298532    32.8708        900     3.7458  0.000e+00
    126.819     6.5251   3.299303    32.8766        901     3.7500  0.000e+00
    127.024     6.5287   3.299846    32.8791        902     3.7542  0.000e+00
    127.238     6.5325   3.300556    32.8832        903     3.7583  0.000e+00
    127.452     6.5369   3.302563    32.9010        904     3.7625  0.000e+00
    127.678     6.5457   3.303816    32.9063        905     3.7667  0.000e+00
    127.886     6.5569   3.305904    32.9185        906     3.7708  0.000e+00
    128.103     6.5687   3.305879    32.9068        907     3.7750  0.000e+00
    128.293     6.5769   3.308066    32.9229        908     3.7792  0.000e+00
    128.473     6.5868   3.309005    32.9237        909     3.7833  0.000e+00
    128.645     6.5967   3.309500    32.9195        910     3.7875  0.000e+00
    128.796     6.6046   3.310964    32.9280        911     3.7917  0.000e+00
    128.926     6.6129   3.311867    32.9299        912     3.7958  0.000e+00
    129.034     6.6209   3.312287    32.9268        913     3.8000  0.000e+00
    129.140     6.6275   3.313066    32.9290        914     3.8042  0.000e+00
    129.236     6.6330   3.313270    32.9259        915     3.8083  0.000e+00
    129.333     6.6374   3.313505    32.9242        916     3.8125  0.000e+00
    129.423     6.6405   3.313894    32.9255        917     3.8167  0.000e+00
    129.516     6.6436   3.314550    32.9297        918     3.8208  0.000e+00
    129.622     6.6471   3.314946    32.9307        919     3.8250  0.000e+00
    129.739     6.6509   3.315360    32.9315        920     3.8292  0.000e+00
    129.863     6.6545   3.316226    32.9375        921     3.8333  0.000e+00
    130.011     6.6591   3.316467    32.9357        922     3.8375  0.000e+00
    130.177     6.6628   3.316306    32.9303        923     3.8417  0.000e+00
    130.339     6.6645   3.316108    32.9264        924     3.8458  0.000e+00
    130.529     6.6648   3.316510    32.9305        925     3.8500  0.000e+00
    130.725     6.6658   3.316727    32.9318        926     3.8542  0.000e+00
    130.924     6.6671   3.317098    32.9345        927     3.8583  0.000e+00
    131.135     6.6690   3.317407    32.9360        928     3.8625  0.000e+00
    131.340     6.6709   3.317444    32.9345        929     3.8667  0.000e+00
    131.542     6.6727   3.318094    32.9398        930     3.8708  0.000e+00
    131.735     6.6753   3.318292    32.9393        931     3.8750  0.000e+00
    131.907     6.6778   3.318713    32.9415        932     3.8792  0.000e+00
    132.060     6.6804   3.319115    32.9433        933     3.8833  0.000e+00
    132.193     6.6835   3.319554    32.9452        934     3.8875  0.000e+00
    132.305     6.6864   3.319820    32.9453        935     3.8917  0.000e+00
    132.419     6.6890   3.320037    32.9451        936     3.8958  0.000e+00
    132.513     6.6912   3.320377    32.9467        937     3.9000  0.000e+00
    132.600     6.6934   3.320631    32.9473        938     3.9042  0.000e+00
    132.696     6.6955   3.321021    32.9495        939     3.9083  0.000e+00
    132.793     6.6978   3.321175    32.9490        940     3.9125  0.000e+00
    132.895     6.7000   3.321231    32.9474        941     3.9167  0.000e+00
    133.013     6.7015   3.321565    32.9496        942     3.9208  0.000e+00
    133.136     6.7031   3.321658    32.9490        943     3.9250  0.000e+00
    133.275     6.7044   3.321708    32.9483        944     3.9292  0.000e+00
    133.432     6.7054   3.321831    32.9486        945     3.9333  0.000e+00
    133.598     6.7062   3.321930    32.9488        946     3.9375  0.000e+00
    133.769     6.7070   3.322129    32.9502        947     3.9417  0.000e+00
    133.950     6.7080   3.322500    32.9532        948     3.9458  0.000e+00
    134.143     6.7093   3.322791    32.9551        949     3.9500  0.000e+00
    134.351     6.7110   3.323410    32.9601        950     3.9542  0.000e+00
    134.550     6.7135   3.324227    32.9666        951     3.9583  0.000e+00
    134.746     6.7171   3.324735    32.9687        952     3.9625  0.000e+00
    134.939     6.7209   3.326177    32.9808        953     3.9667  0.000e+00
    135.126     6.7264   3.327583    32.9908        954     3.9708  0.000e+00
    135.294     6.7338   3.328512    32.9939        955     3.9750  0.000e+00
    135.439     6.7408   3.329212    32.9947        956     3.9792  0.000e+00
    135.584     6.7468   3.330228    33.0001        957     3.9833  0.000e+00
    135.710     6.7528   3.331002    33.0028        958     3.9875  0.000e+00
    135.828     6.7585   3.331597    33.0038        959     3.9917  0.000e+00
    135.952     6.7631   3.331634    32.9997        960     3.9958  0.000e+00
    136.066     6.7663   3.331752    32.9979        961     4.0000  0.000e+00
    136.208     6.7684   3.332613    33.0052        962     4.0042  0.000e+00
    136.340     6.7714   3.332669    33.0029        963     4.0083  0.000e+00
    136.494     6.7741   3.332917    33.0030        964     4.0125  0.000e+00
    136.642     6.7761   3.333078    33.0027        965     4.0167  0.000e+00
    136.804     6.7784   3.333815    33.0085        966     4.0208  0.000e+00
    136.973     6.7811   3.334026    33.0082        967     4.0250  0.000e+00
    137.139     6.7834   3.334367    33.0097        968     4.0292  0.000e+00
    137.326     6.7855   3.334863    33.0130        969     4.0333  0.000e+00
    137.492     6.7878   3.334962    33.0118        970     4.0375  0.000e+00
    137.669     6.7896   3.335396    33.0147        971     4.0417  0.000e+00
    137.835     6.7917   3.335836    33.0174        972     4.0458  0.000e+00
    137.998     6.7941   3.336152    33.0185        973     4.0500  0.000e+00
    138.140     6.7966   3.336493    33.0199        974     4.0542  0.000e+00
    138.266     6.7988   3.337032    33.0236        975     4.0583  0.000e+00
    138.387     6.8015   3.337901    33.0305        976     4.0625  0.000e+00
    138.498     6.8047   3.338260    33.0313        977     4.0667  0.000e+00
    138.613     6.8078   3.338372    33.0294        978     4.0708  0.000e+00
    138.712     6.8104   3.338899    33.0327        979     4.0750  0.000e+00
    138.827     6.8126   3.339376    33.0358        980     4.0792  0.000e+00
    138.947     6.8151   3.339717    33.0370        981     4.0833  0.000e+00
    139.065     6.8177   3.339786    33.0353        982     4.0875  0.000e+00
    139.206     6.8195   3.339823    33.0338        983     4.0917  0.000e+00
    139.351     6.8208   3.339891    33.0333        984     4.0958  0.000e+00
    139.502     6.8215   3.340046    33.0342        985     4.1000  0.000e+00
    139.668     6.8222   3.340127    33.0344        986     4.1042  0.000e+00
    139.848     6.8228   3.340146    33.0340        987     4.1083  0.000e+00
    140.020     6.8231   3.340239    33.0346        988     4.1125  0.000e+00
    140.204     6.8234   3.340270    33.0345        989     4.1167  0.000e+00
    140.403     6.8237   3.340326    33.0347        990     4.1208  0.000e+00
    140.584     6.8240   3.340394    33.0352        991     4.1250  0.000e+00
    140.771     6.8242   3.340518    33.0362        992     4.1292  0.000e+00
    140.954     6.8247   3.340679    33.0374        993     4.1333  0.000e+00
    141.132     6.8252   3.340903    33.0393        994     4.1375  0.000e+00
    141.295     6.8263   3.341107    33.0404        995     4.1417  0.000e+00
    141.455     6.8273   3.341070    33.0390        996     4.1458  0.000e+00
    141.611     6.8281   3.341250    33.0401        997     4.1500  0.000e+00
    141.759     6.8288   3.341393    33.0409        998     4.1542  0.000e+00
    141.895     6.8294   3.341808    33.0448        999     4.1583  0.000e+00
    142.024     6.8310   3.342255    33.0481       1000     4.1625  0.000e+00
    142.154     6.8328   3.342131    33.0449       1001     4.1667  0.000e+00
    142.280     6.8340   3.342299    33.0456       1002     4.1708  0.000e+00
    142.401     6.8348   3.342565    33.0477       1003     4.1750  0.000e+00
    142.512     6.8360   3.343260    33.0542       1004     4.1792  0.000e+00
    142.627     6.8382   3.343682    33.0565       1005     4.1833  0.000e+00
    142.748     6.8409   3.343930    33.0567       1006     4.1875  0.000e+00
    142.868     6.8434   3.344327    33.0585       1007     4.1917  0.000e+00
    143.001     6.8456   3.344489    33.0581       1008     4.1958  0.000e+00
    143.133     6.8474   3.344712    33.0588       1009     4.2000  0.000e+00
    143.275     6.8489   3.344911    33.0594       1010     4.2042  0.000e+00
    143.423     6.8503   3.345097    33.0601       1011     4.2083  0.000e+00
    143.570     6.8515   3.345364    33.0618       1012     4.2125  0.000e+00
    143.718     6.8526   3.345755    33.0650       1013     4.2167  0.000e+00
    143.872     6.8544   3.346140    33.0674       1014     4.2208  0.000e+00
    144.028     6.8563   3.345898    33.0628       1015     4.2250  0.000e+00
    144.188     6.8582   3.346593    33.0685       1016     4.2292  0.000e+00
    144.348     6.8595   3.346760    33.0690       1017     4.2333  0.000e+00
    144.510     6.8609   3.347325    33.0738       1018     4.2375  0.000e+00
    144.682     6.8625   3.347456    33.0736       1019     4.2417  0.000e+00
    144.842     6.8643   3.348033    33.0781       1020     4.2458  0.000e+00
    145.005     6.8661   3.348232    33.0785       1021     4.2500  0.000e+00
    145.179     6.8680   3.348381    33.0782       1022     4.2542  0.000e+00
    145.342     6.8694   3.348710    33.0804       1023     4.2583  0.000e+00
    145.511     6.8708   3.348995    33.0820       1024     4.2625  0.000e+00
    145.680     6.8725   3.349120    33.0818       1025     4.2667  0.000e+00
    145.848     6.8736   3.349443    33.0841       1026     4.2708  0.000e+00
    146.008     6.8749   3.349616    33.0848       1027     4.2750  0.000e+00
    146.159     6.8762   3.349691    33.0842       1028     4.2792  0.000e+00
    146.316     6.8772   3.349871    33.0852       1029     4.2833  0.000e+00
    146.457     6.8780   3.350064    33.0864       1030     4.2875  0.000e+00
    146.599     6.8788   3.350269    33.0878       1031     4.2917  0.000e+00
    146.734     6.8798   3.350480    33.0891       1032     4.2958  0.000e+00
    146.876     6.8808   3.350741    33.0909       1033     4.3000  0.000e+00
    147.009     6.8821   3.350846    33.0908       1034     4.3042  0.000e+00
    147.147     6.8831   3.351088    33.0924       1035     4.3083  0.000e+00
