HB2302/sbe121.cnv
* Sea-Bird SBE 19plus V2 Data File:
* FileName = C:\cruise\data\sbe121.hex
* Software Version Seasave V 7.26.7.121
* Temperature SN = 4758
* Conductivity SN = 4758
* System UpLoad Time = Jun 19 2023 16:26:31
* NMEA Latitude = 42 51.85 N
* NMEA Longitude = 067 11.55 W
* NMEA UTC (Time) = Jun 19 2023 16:26:31
** Cruise: HB2302
** Program: Ecomon
** Chief Scientist: Jerry Prezioso
# nquan = 7
# nvalues = 5014                                  
# units = specified
# name 0 = depSM: Depth [salt water, m]
# name 1 = tv290C: Temperature [ITS-90, deg C]
# name 2 = c0S/m: Conductivity [S/m]
# name 3 = sal00: Salinity, Practical [PSU]
# name 4 = scan: Scan Count
# name 5 = timeM: Time, Elapsed [minutes]
# name 6 = flag:  0.000e+00
# span 0 =     -0.071,    241.844                 
# span 1 =     7.5567,    12.6172                 
# span 2 =   0.000597,   3.733307                 
# span 3 =     0.0086,    34.7367                 
# span 4 =         11,       5024                 
# span 5 =     0.0417,    20.9292                 
# span 6 = 0.0000e+00, 0.0000e+00                 
# interval = seconds: 0.25
# start_time = Jun 19 2023 16:26:31 [NMEA time, header]
# bad_flag = -9.990e-29
*END*
[from data line 4103]
     59.818     7.6910   3.432027    33.2388       4114    17.1375  0.000e+00
     59.667     7.6896   3.431563    33.2352       4115    17.1417  0.000e+00
     59.513     7.6879   3.431331    33.2344       4116    17.1458  0.000e+00
     59.366     7.6872   3.430905    33.2305       4117    17.1500  0.000e+00
     59.221     7.6872   3.430278    33.2238       4118    17.1542  0.000e+00
     59.088     7.6878   3.430147    33.2219       4119    17.1583  0.000e+00
     58.971     7.6879   3.429119    33.2108       4120    17.1625  0.000e+00
     58.862     7.6878   3.428355    33.2028       4121    17.1667  0.000e+00
     58.760     7.6874   3.428129    33.2008       4122    17.1708  0.000e+00
     58.675     7.6866   3.428167    33.2019       4123    17.1750  0.000e+00
     58.621     7.6863   3.428129    33.2019       4124    17.1792  0.000e+00
     58.576     7.6862   3.427916    33.1997       4125    17.1833  0.000e+00
     58.555     7.6861   3.427809    33.1987       4126    17.1875  0.000e+00
     58.546     7.6856   3.427935    33.2004       4127    17.1917  0.000e+00
     58.549     7.6855   3.427928    33.2005       4128    17.1958  0.000e+00
     58.567     7.6855   3.427640    33.1974       4129    17.2000  0.000e+00
     58.597     7.6850   3.427221    33.1933       4130    17.2042  0.000e+00
     58.615     7.6839   3.426738    33.1892       4131    17.2083  0.000e+00
     58.630     7.6825   3.426538    33.1884       4132    17.2125  0.000e+00
     58.639     7.6811   3.426043    33.1844       4133    17.2167  0.000e+00
     58.633     7.6795   3.425749    33.1827       4134    17.2208  0.000e+00
     58.603     7.6778   3.426525    33.1927       4135    17.2250  0.000e+00
     58.555     7.6782   3.426914    33.1965       4136    17.2292  0.000e+00
     58.492     7.6793   3.426970    33.1961       4137    17.2333  0.000e+00
     58.407     7.6799   3.424001    33.1636       4138    17.2375  0.000e+00
     58.290     7.6756   3.422861    33.1556       4139    17.2417  0.000e+00
     58.154     7.6690   3.423256    33.1661       4140    17.2458  0.000e+00
     58.000     7.6656   3.422548    33.1619       4141    17.2500  0.000e+00
     57.840     7.6626   3.422148    33.1605       4142    17.2542  0.000e+00
     57.672     7.6600   3.422173    33.1633       4143    17.2583  0.000e+00
     57.512     7.6584   3.421885    33.1618       4144    17.2625  0.000e+00
     57.337     7.6572   3.422298    33.1675       4145    17.2667  0.000e+00
     57.177     7.6570   3.421728    33.1616       4146    17.2708  0.000e+00
     57.030     7.6565   3.421221    33.1567       4147    17.2750  0.000e+00
     56.903     7.6545   3.421139    33.1578       4148    17.2792  0.000e+00
     56.800     7.6529   3.421014    33.1580       4149    17.2833  0.000e+00
     56.716     7.6521   3.420970    33.1584       4150    17.2875  0.000e+00
     56.656     7.6514   3.420864    33.1579       4151    17.2917  0.000e+00
     56.613     7.6507   3.420801    33.1579       4152    17.2958  0.000e+00
     56.583     7.6505   3.421014    33.1604       4153    17.3000  0.000e+00
     56.574     7.6503   3.420739    33.1576       4154    17.3042  0.000e+00
     56.571     7.6501   3.420845    33.1590       4155    17.3083  0.000e+00
     56.559     7.6502   3.420889    33.1594       4156    17.3125  0.000e+00
     56.550     7.6504   3.420257    33.1524       4157    17.3167  0.000e+00
     56.529     7.6492   3.419518    33.1456       4158    17.3208  0.000e+00
     56.508     7.6468   3.419205    33.1445       4159    17.3250  0.000e+00
     56.469     7.6448   3.419105    33.1454       4160    17.3292  0.000e+00
     56.418     7.6431   3.419268    33.1488       4161    17.3333  0.000e+00
     56.354     7.6425   3.419205    33.1486       4162    17.3375  0.000e+00
     56.285     7.6424   3.419230    33.1491       4163    17.3417  0.000e+00
     56.197     7.6423   3.418999    33.1467       4164    17.3458  0.000e+00
     56.101     7.6418   3.418723    33.1443       4165    17.3500  0.000e+00
     56.002     7.6408   3.418723    33.1453       4166    17.3542  0.000e+00
     55.905     7.6401   3.418660    33.1453       4167    17.3583  0.000e+00
     55.803     7.6396   3.418579    33.1450       4168    17.3625  0.000e+00
     55.697     7.6390   3.418391    33.1436       4169    17.3667  0.000e+00
     55.598     7.6386   3.418322    33.1432       4170    17.3708  0.000e+00
     55.495     7.6380   3.418535    33.1462       4171    17.3750  0.000e+00
     55.377     7.6381   3.418516    33.1460       4172    17.3792  0.000e+00
     55.260     7.6383   3.418585    33.1465       4173    17.3833  0.000e+00
     55.148     7.6385   3.418598    33.1465       4174    17.3875  0.000e+00
     55.037     7.6389   3.418598    33.1462       4175    17.3917  0.000e+00
     54.925     7.6391   3.418585    33.1460       4176    17.3958  0.000e+00
     54.829     7.6391   3.418472    33.1448       4177    17.4000  0.000e+00
     54.741     7.6388   3.418385    33.1442       4178    17.4042  0.000e+00
     54.654     7.6386   3.418385    33.1444       4179    17.4083  0.000e+00
     54.588     7.6383   3.418454    33.1454       4180    17.4125  0.000e+00
     54.527     7.6383   3.418410    33.1450       4181    17.4167  0.000e+00
     54.488     7.6383   3.418072    33.1414       4182    17.4208  0.000e+00
     54.449     7.6378   3.418078    33.1420       4183    17.4250  0.000e+00
     54.413     7.6375   3.418197    33.1436       4184    17.4292  0.000e+00
     54.380     7.6374   3.418322    33.1450       4185    17.4333  0.000e+00
     54.356     7.6375   3.418159    33.1432       4186    17.4375  0.000e+00
     54.322     7.6376   3.417972    33.1411       4187    17.4417  0.000e+00
     54.286     7.6372   3.417990    33.1416       4188    17.4458  0.000e+00
     54.238     7.6368   3.417965    33.1418       4189    17.4500  0.000e+00
     54.193     7.6365   3.418009    33.1426       4190    17.4542  0.000e+00
     54.132     7.6364   3.418103    33.1437       4191    17.4583  0.000e+00
     54.066     7.6366   3.418197    33.1445       4192    17.4625  0.000e+00
     53.994     7.6368   3.418385    33.1464       4193    17.4667  0.000e+00
     53.924     7.6373   3.418209    33.1440       4194    17.4708  0.000e+00
     53.849     7.6375   3.417946    33.1411       4195    17.4750  0.000e+00
     53.780     7.6370   3.417865    33.1408       4196    17.4792  0.000e+00
     53.710     7.6366   3.417884    33.1413       4197    17.4833  0.000e+00
     53.641     7.6362   3.417746    33.1402       4198    17.4875  0.000e+00
     53.578     7.6359   3.417696    33.1400       4199    17.4917  0.000e+00
     53.502     7.6357   3.417715    33.1405       4200    17.4958  0.000e+00
     53.430     7.6355   3.417727    33.1409       4201    17.5000  0.000e+00
     53.346     7.6354   3.417652    33.1402       4202    17.5042  0.000e+00
     53.261     7.6352   3.416876    33.1320       4203    17.5083  0.000e+00
     53.168     7.6339   3.416413    33.1283       4204    17.5125  0.000e+00
     53.059     7.6322   3.416419    33.1301       4205    17.5167  0.000e+00
     52.936     7.6310   3.416269    33.1297       4206    17.5208  0.000e+00
     52.821     7.6303   3.416476    33.1327       4207    17.5250  0.000e+00
     52.701     7.6299   3.416181    33.1298       4208    17.5292  0.000e+00
     52.577     7.6295   3.415912    33.1275       4209    17.5333  0.000e+00
     52.468     7.6288   3.415787    33.1268       4210    17.5375  0.000e+00
     52.360     7.6279   3.415237    33.1218       4211    17.5417  0.000e+00
     52.272     7.6266   3.414874    33.1191       4212    17.5458  0.000e+00
     52.200     7.6254   3.413498    33.1055       4213    17.5500  0.000e+00
     52.146     7.6230   3.412534    33.0974       4214    17.5542  0.000e+00
     52.107     7.6203   3.412115    33.0955       4215    17.5583  0.000e+00
     52.083     7.6182   3.411740    33.0935       4216    17.5625  0.000e+00
     52.067     7.6166   3.411546    33.0929       4217    17.5667  0.000e+00
     52.049     7.6153   3.411340    33.0920       4218    17.5708  0.000e+00
     52.046     7.6144   3.411215    33.0915       4219    17.5750  0.000e+00
     52.022     7.6137   3.411196    33.0920       4220    17.5792  0.000e+00
     52.013     7.6133   3.410777    33.0878       4221    17.5833  0.000e+00
     51.971     7.6126   3.409933    33.0794       4222    17.5875  0.000e+00
     51.923     7.6112   3.408176    33.0618       4223    17.5917  0.000e+00
     51.853     7.6082   3.406820    33.0501       4224    17.5958  0.000e+00
     51.769     7.6044   3.405089    33.0351       4225    17.6000  0.000e+00
     51.664     7.5998   3.402552    33.0122       4226    17.6042  0.000e+00
     51.549     7.5937   3.398611    32.9756       4227    17.6083  0.000e+00
     51.428     7.5853   3.395646    32.9517       4228    17.6125  0.000e+00
     51.290     7.5765   3.392507    32.9263       4229    17.6167  0.000e+00
     51.178     7.5686   3.390136    32.9084       4230    17.6208  0.000e+00
     51.061     7.5624   3.389419    32.9065       4231    17.6250  0.000e+00
     50.961     7.5590   3.388552    32.9005       4232    17.6292  0.000e+00
     50.871     7.5576   3.388327    32.8994       4233    17.6333  0.000e+00
     50.798     7.5570   3.388171    32.8983       4234    17.6375  0.000e+00
     50.735     7.5567   3.387766    32.8942       4235    17.6417  0.000e+00
     50.690     7.5570   3.387329    32.8893       4236    17.6458  0.000e+00
     50.648     7.5571   3.387105    32.8868       4237    17.6500  0.000e+00
     50.611     7.5574   3.386912    32.8845       4238    17.6542  0.000e+00
     50.587     7.5576   3.386644    32.8813       4239    17.6583  0.000e+00
     50.557     7.5577   3.386469    32.8794       4240    17.6625  0.000e+00
     50.536     7.5579   3.386269    32.8771       4241    17.6667  0.000e+00
     50.506     7.5581   3.386182    32.8760       4242    17.6708  0.000e+00
     50.476     7.5583   3.386051    32.8744       4243    17.6750  0.000e+00
     50.440     7.5583   3.385933    32.8731       4244    17.6792  0.000e+00
     50.409     7.5584   3.385702    32.8705       4245    17.6833  0.000e+00
     50.361     7.5586   3.385502    32.8682       4246    17.6875  0.000e+00
     50.310     7.5588   3.385378    32.8667       4247    17.6917  0.000e+00
     50.253     7.5592   3.384673    32.8588       4248    17.6958  0.000e+00
     50.192     7.5598   3.384318    32.8545       4249    17.7000  0.000e+00
     50.129     7.5605   3.384025    32.8506       4250    17.7042  0.000e+00
     50.060     7.5612   3.383626    32.8457       4251    17.7083  0.000e+00
     49.978     7.5617   3.383090    32.8395       4252    17.7125  0.000e+00
     49.891     7.5618   3.382778    32.8361       4253    17.7167  0.000e+00
     49.803     7.5617   3.382510    32.8333       4254    17.7208  0.000e+00
     49.701     7.5619   3.382055    32.8283       4255    17.7250  0.000e+00
     49.595     7.5621   3.381245    32.8194       4256    17.7292  0.000e+00
     49.487     7.5610   3.380709    32.8148       4257    17.7333  0.000e+00
     49.384     7.5590   3.380665    32.8162       4258    17.7375  0.000e+00
     49.276     7.5589   3.381419    32.8245       4259    17.7417  0.000e+00
     49.158     7.5632   3.382429    32.8314       4260    17.7458  0.000e+00
     49.059     7.5714   3.382990    32.8297       4261    17.7500  0.000e+00
     48.962     7.5795   3.383058    32.8228       4262    17.7542  0.000e+00
     48.875     7.5866   3.382615    32.8114       4263    17.7583  0.000e+00
     48.797     7.5926   3.381967    32.7988       4264    17.7625  0.000e+00
     48.736     7.5965   3.381637    32.7916       4265    17.7667  0.000e+00
     48.682     7.5987   3.381431    32.7873       4266    17.7708  0.000e+00
     48.649     7.5999   3.381331    32.7851       4267    17.7750  0.000e+00
     48.625     7.6008   3.381325    32.7842       4268    17.7792  0.000e+00
     48.604     7.6015   3.381306    32.7833       4269    17.7833  0.000e+00
     48.601     7.6021   3.381288    32.7826       4270    17.7875  0.000e+00
     48.595     7.6027   3.381288    32.7820       4271    17.7917  0.000e+00
     48.595     7.6030   3.381263    32.7815       4272    17.7958  0.000e+00
     48.586     7.6031   3.381288    32.7817       4273    17.8000  0.000e+00
     48.580     7.6031   3.381306    32.7819       4274    17.8042  0.000e+00
     48.568     7.6031   3.381313    32.7819       4275    17.8083  0.000e+00
     48.552     7.6031   3.381288    32.7817       4276    17.8125  0.000e+00
     48.516     7.6033   3.381288    32.7815       4277    17.8167  0.000e+00
     48.480     7.6038   3.381225    32.7803       4278    17.8208  0.000e+00
     48.420     7.6045   3.381119    32.7786       4279    17.8250  0.000e+00
     48.347     7.6057   3.381475    32.7814       4280    17.8292  0.000e+00
     48.248     7.6093   3.382490    32.7889       4281    17.8333  0.000e+00
     48.145     7.6178   3.382964    32.7860       4282    17.8375  0.000e+00
     48.025     7.6299   3.382883    32.7738       4283    17.8417  0.000e+00
     47.901     7.6407   3.382652    32.7612       4284    17.8458  0.000e+00
     47.769     7.6499   3.382446    32.7504       4285    17.8500  0.000e+00
     47.648     7.6570   3.381617    32.7348       4286    17.8542  0.000e+00
     47.533     7.6618   3.381243    32.7265       4287    17.8583  0.000e+00
     47.419     7.6653   3.381661    32.7277       4288    17.8625  0.000e+00
     47.322     7.6694   3.381854    32.7260       4289    17.8667  0.000e+00
     47.238     7.6732   3.381947    32.7234       4290    17.8708  0.000e+00
     47.184     7.6762   3.382321    32.7246       4291    17.8750  0.000e+00
     47.142     7.6796   3.382707    32.7256       4292    17.8792  0.000e+00
     47.114     7.6846   3.382882    32.7228       4293    17.8833  0.000e+00
     47.102     7.6892   3.382969    32.7194       4294    17.8875  0.000e+00
     47.102     7.6923   3.383025    32.7171       4295    17.8917  0.000e+00
     47.105     7.6944   3.383025    32.7151       4296    17.8958  0.000e+00
     47.114     7.6957   3.383037    32.7140       4297    17.9000  0.000e+00
     47.117     7.6962   3.382988    32.7130       4298    17.9042  0.000e+00
     47.108     7.6965   3.382944    32.7123       4299    17.9083  0.000e+00
     47.099     7.6960   3.382882    32.7121       4300    17.9125  0.000e+00
     47.084     7.6948   3.382801    32.7123       4301    17.9167  0.000e+00
     47.048     7.6935   3.382882    32.7145       4302    17.9208  0.000e+00
     46.997     7.6929   3.382994    32.7163       4303    17.9250  0.000e+00
     46.949     7.6936   3.383131    32.7171       4304    17.9292  0.000e+00
     46.873     7.6951   3.383256    32.7171       4305    17.9333  0.000e+00
     46.798     7.6970   3.383256    32.7152       4306    17.9375  0.000e+00
     46.701     7.6989   3.383274    32.7138       4307    17.9417  0.000e+00
     46.605     7.7014   3.383230    32.7109       4308    17.9458  0.000e+00
     46.502     7.7041   3.382987    32.7058       4309    17.9500  0.000e+00
     46.403     7.7057   3.382838    32.7028       4310    17.9542  0.000e+00
     46.297     7.7065   3.382732    32.7009       4311    17.9583  0.000e+00
     46.210     7.7078   3.382713    32.6996       4312    17.9625  0.000e+00
     46.105     7.7103   3.382713    32.6973       4313    17.9667  0.000e+00
     46.008     7.7132   3.382682    32.6943       4314    17.9708  0.000e+00
     45.906     7.7160   3.382694    32.6918       4315    17.9750  0.000e+00
     45.818     7.7186   3.382750    32.6900       4316    17.9792  0.000e+00
     45.740     7.7204   3.382775    32.6887       4317    17.9833  0.000e+00
