HB2302/sbe126.cnv
* Sea-Bird SBE 19plus V2 Data File:
* FileName = C:\cruise\data\sbe126.hex
* Software Version Seasave V 7.26.7.121
* Temperature SN = 4758
* Conductivity SN = 4758
* System UpLoad Time = Jun 20 2023 00:20:29
* NMEA Latitude = 42 58.61 N
* NMEA Longitude = 066 06.48 W
* NMEA UTC (Time) = Jun 20 2023 00:20:29
** Cruise: HB2302
** Program: Ecomon
** Chief Scientist: Jerry Prezioso
# nquan = 7
# nvalues = 2392                                  
# units = specified
# name 0 = depSM: Depth [salt water, m]
# name 1 = tv290C: Temperature [ITS-90, deg C]
# name 2 = c0S/m: Conductivity [S/m]
# name 3 = sal00: Salinity, Practical [PSU]
# name 4 = scan: Scan Count
# name 5 = timeM: Time, Elapsed [minutes]
# name 6 = flag:  0.000e+00
# span 0 =     -0.065,    109.697                 
# span 1 =     5.2256,     8.2835                 
# span 2 =   0.001625,   3.303450                 
# span 3 =     0.0130,    32.6881                 
# span 4 =         11,       2402                 
# span 5 =     0.0417,    10.0042                 
# span 6 = 0.0000e+00, 0.0000e+00                 
# interval = seconds: 0.25
# start_time = Jun 20 2023 00:20:29 [NMEA time, header]
# bad_flag = -9.990e-29
*END*
[from data line 2052]
      7.958     6.8973   3.195817    31.4485       2063     8.5917  0.000e+00
      7.910     6.8988   3.195963    31.4488       2064     8.5958  0.000e+00
      7.864     6.9006   3.195798    31.4454       2065     8.6000  0.000e+00
      7.816     6.9004   3.195853    31.4461       2066     8.6042  0.000e+00
      7.759     6.9003   3.195798    31.4456       2067     8.6083  0.000e+00
      7.692     6.8996   3.195780    31.4461       2068     8.6125  0.000e+00
      7.635     6.8993   3.195817    31.4469       2069     8.6167  0.000e+00
      7.587     6.8997   3.195841    31.4468       2070     8.6208  0.000e+00
      7.536     6.9006   3.195835    31.4459       2071     8.6250  0.000e+00
      7.496     6.9016   3.195859    31.4453       2072     8.6292  0.000e+00
      7.445     6.9026   3.196189    31.4479       2073     8.6333  0.000e+00
      7.403     6.9063   3.196926    31.4527       2074     8.6375  0.000e+00
      7.358     6.9155   3.197213    31.4473       2075     8.6417  0.000e+00
      7.327     6.9253   3.197085    31.4369       2076     8.6458  0.000e+00
      7.297     6.9316   3.197523    31.4360       2077     8.6500  0.000e+00
      7.279     6.9370   3.197560    31.4315       2078     8.6542  0.000e+00
      7.261     6.9423   3.197786    31.4291       2079     8.6583  0.000e+00
      7.240     6.9461   3.197432    31.4218       2080     8.6625  0.000e+00
      7.216     6.9452   3.196859    31.4164       2081     8.6667  0.000e+00
      7.210     6.9379   3.196761    31.4220       2082     8.6708  0.000e+00
      7.195     6.9314   3.196847    31.4289       2083     8.6750  0.000e+00
      7.171     6.9286   3.196944    31.4325       2084     8.6792  0.000e+00
      7.158     6.9279   3.196719    31.4307       2085     8.6833  0.000e+00
      7.134     6.9265   3.196798    31.4328       2086     8.6875  0.000e+00
      7.110     6.9261   3.197170    31.4373       2087     8.6917  0.000e+00
      7.074     6.9289   3.197273    31.4358       2088     8.6958  0.000e+00
      7.035     6.9328   3.197469    31.4344       2089     8.7000  0.000e+00
      6.995     6.9367   3.197499    31.4312       2090     8.7042  0.000e+00
      6.950     6.9401   3.197804    31.4314       2091     8.7083  0.000e+00
      6.893     6.9442   3.197621    31.4258       2092     8.7125  0.000e+00
      6.845     6.9459   3.197785    31.4260       2093     8.7167  0.000e+00
      6.772     6.9473   3.197877    31.4258       2094     8.7208  0.000e+00
      6.727     6.9496   3.198359    31.4289       2095     8.7250  0.000e+00
      6.652     6.9548   3.198273    31.4233       2096     8.7292  0.000e+00
      6.597     6.9588   3.198499    31.4221       2097     8.7333  0.000e+00
      6.534     6.9628   3.198743    31.4211       2098     8.7375  0.000e+00
      6.486     6.9670   3.198499    31.4146       2099     8.7417  0.000e+00
      6.435     6.9675   3.198517    31.4144       2100     8.7458  0.000e+00
      6.392     6.9674   3.198706    31.4166       2101     8.7500  0.000e+00
      6.359     6.9687   3.198456    31.4127       2102     8.7542  0.000e+00
      6.332     6.9688   3.198864    31.4171       2103     8.7583  0.000e+00
      6.299     6.9713   3.198950    31.4157       2104     8.7625  0.000e+00
      6.275     6.9750   3.199041    31.4133       2105     8.7667  0.000e+00
      6.260     6.9780   3.199053    31.4108       2106     8.7708  0.000e+00
      6.248     6.9798   3.199401    31.4129       2107     8.7750  0.000e+00
      6.223     6.9822   3.199584    31.4127       2108     8.7792  0.000e+00
      6.202     6.9843   3.199133    31.4059       2109     8.7833  0.000e+00
      6.199     6.9829   3.198968    31.4054       2110     8.7875  0.000e+00
      6.187     6.9802   3.199078    31.4091       2111     8.7917  0.000e+00
      6.160     6.9785   3.199218    31.4121       2112     8.7958  0.000e+00
      6.145     6.9787   3.199114    31.4108       2113     8.8000  0.000e+00
      6.118     6.9789   3.199011    31.4095       2114     8.8042  0.000e+00
      6.091     6.9777   3.198907    31.4096       2115     8.8083  0.000e+00
      6.069     6.9745   3.198931    31.4127       2116     8.8125  0.000e+00
      6.030     6.9716   3.199041    31.4166       2117     8.8167  0.000e+00
      6.000     6.9712   3.199053    31.4171       2118     8.8208  0.000e+00
      5.964     6.9718   3.198992    31.4159       2119     8.8250  0.000e+00
      5.928     6.9723   3.199194    31.4176       2120     8.8292  0.000e+00
      5.888     6.9738   3.199541    31.4200       2121     8.8333  0.000e+00
      5.846     6.9768   3.201103    31.4344       2122     8.8375  0.000e+00
      5.804     6.9883   3.202738    31.4416       2123     8.8417  0.000e+00
      5.765     7.0085   3.203702    31.4337       2124     8.8458  0.000e+00
      5.725     7.0257   3.204525    31.4270       2125     8.8500  0.000e+00
      5.689     7.0411   3.205203    31.4202       2126     8.8542  0.000e+00
      5.659     7.0535   3.205178    31.4087       2127     8.8583  0.000e+00
      5.620     7.0609   3.204665    31.3964       2128     8.8625  0.000e+00
      5.590     7.0629   3.205837    31.4073       2129     8.8667  0.000e+00
      5.551     7.0680   3.205880    31.4032       2130     8.8708  0.000e+00
      5.523     7.0732   3.205916    31.3988       2131     8.8750  0.000e+00
      5.493     7.0768   3.206484    31.4017       2132     8.8792  0.000e+00
      5.457     7.0805   3.206167    31.3949       2133     8.8833  0.000e+00
      5.415     7.0817   3.204213    31.3727       2134     8.8875  0.000e+00
      5.376     7.0750   3.207131    31.4104       2135     8.8917  0.000e+00
      5.336     7.0802   3.207497    31.4096       2136     8.8958  0.000e+00
      5.282     7.0904   3.208352    31.4097       2137     8.9000  0.000e+00
      5.234     7.1008   3.208895    31.4061       2138     8.9042  0.000e+00
      5.189     7.1109   3.209738    31.4061       2139     8.9083  0.000e+00
      5.149     7.1209   3.209780    31.3974       2140     8.9125  0.000e+00
      5.110     7.1270   3.210190    31.3963       2141     8.9167  0.000e+00
      5.080     7.1306   3.203889    31.3248       2142     8.9208  0.000e+00
      5.047     7.1047   3.200686    31.3137       2143     8.9250  0.000e+00
      5.026     7.0601   3.200382    31.3509       2144     8.9292  0.000e+00
      5.014     7.0302   3.200815    31.3828       2145     8.9333  0.000e+00
      4.992     7.0173   3.202206    31.4097       2146     8.9375  0.000e+00
      4.989     7.0195   3.203006    31.4164       2147     8.9417  0.000e+00
      4.980     7.0288   3.204336    31.4224       2148     8.9458  0.000e+00
      4.983     7.0420   3.204793    31.4153       2149     8.9500  0.000e+00
      4.968     7.0538   3.204360    31.3998       2150     8.9542  0.000e+00
      4.968     7.0572   3.204421    31.3975       2151     8.9583  0.000e+00
      4.947     7.0584   3.204299    31.3950       2152     8.9625  0.000e+00
      4.938     7.0586   3.205056    31.4030       2153     8.9667  0.000e+00
      4.908     7.0627   3.205916    31.4086       2154     8.9708  0.000e+00
      4.890     7.0694   3.204482    31.3870       2155     8.9750  0.000e+00
      4.863     7.0678   3.203725    31.3803       2156     8.9792  0.000e+00
      4.827     7.0601   3.204873    31.3997       2157     8.9833  0.000e+00
      4.793     7.0612   3.206502    31.4165       2158     8.9875  0.000e+00
      4.763     7.0710   3.205715    31.3990       2159     8.9917  0.000e+00
      4.730     7.0757   3.207070    31.4094       2160     8.9958  0.000e+00
      4.685     7.0835   3.207851    31.4108       2161     9.0000  0.000e+00
      4.634     7.0935   3.207521    31.3981       2162     9.0042  0.000e+00
      4.576     7.0990   3.207381    31.3917       2163     9.0083  0.000e+00
      4.528     7.1014   3.208632    31.4031       2164     9.0125  0.000e+00
      4.480     7.1089   3.209615    31.4068       2165     9.0167  0.000e+00
      4.420     7.1186   3.209249    31.3941       2166     9.0208  0.000e+00
      4.368     7.1244   3.209823    31.3951       2167     9.0250  0.000e+00
      4.326     7.1294   3.210543    31.3984       2168     9.0292  0.000e+00
      4.296     7.1356   3.211075    31.3985       2169     9.0333  0.000e+00
      4.269     7.1413   3.209615    31.3775       2170     9.0375  0.000e+00
      4.247     7.1434   3.212864    31.4107       2171     9.0417  0.000e+00
      4.238     7.1539   3.212638    31.3988       2172     9.0458  0.000e+00
      4.229     7.1629   3.210910    31.3718       2173     9.0500  0.000e+00
      4.232     7.1599   3.210769    31.3731       2174     9.0542  0.000e+00
      4.235     7.1542   3.210971    31.3804       2175     9.0583  0.000e+00
      4.226     7.1526   3.211075    31.3830       2176     9.0625  0.000e+00
      4.226     7.1524   3.210604    31.3781       2177     9.0667  0.000e+00
      4.232     7.1477   3.206874    31.3420       2178     9.0708  0.000e+00
      4.238     7.1295   3.207704    31.3675       2179     9.0750  0.000e+00
      4.226     7.1164   3.208589    31.3891       2180     9.0792  0.000e+00
      4.217     7.1136   3.207210    31.3767       2181     9.0833  0.000e+00
      4.193     7.1107   3.208565    31.3940       2182     9.0875  0.000e+00
      4.154     7.1133   3.210641    31.4141       2183     9.0917  0.000e+00
      4.108     7.1270   3.213836    31.4363       2184     9.0958  0.000e+00
      4.066     7.1545   3.216549    31.4406       2185     9.1000  0.000e+00
      4.003     7.1855   3.215461    31.4007       2186     9.1042  0.000e+00
      3.948     7.1993   3.216665    31.4011       2187     9.1083  0.000e+00
      3.885     7.2119   3.214904    31.3707       2188     9.1125  0.000e+00
      3.834     7.2128   3.216695    31.3892       2189     9.1167  0.000e+00
      3.798     7.2184   3.219048    31.4096       2190     9.1208  0.000e+00
      3.749     7.2301   3.211013    31.3122       2191     9.1250  0.000e+00
      3.710     7.2073   3.213609    31.3610       2192     9.1292  0.000e+00
      3.680     7.1929   3.214018    31.3785       2193     9.1333  0.000e+00
      3.665     7.1919   3.213444    31.3732       2194     9.1375  0.000e+00
      3.653     7.1896   3.213603    31.3770       2195     9.1417  0.000e+00
      3.647     7.1880   3.215253    31.3963       2196     9.1458  0.000e+00
      3.653     7.1953   3.217068    31.4092       2197     9.1500  0.000e+00
      3.653     7.2111   3.217728    31.4021       2198     9.1542  0.000e+00
      3.656     7.2272   3.217911    31.3894       2199     9.1583  0.000e+00
      3.647     7.2369   3.217599    31.3772       2200     9.1625  0.000e+00
      3.623     7.2401   3.218620    31.3853       2201     9.1667  0.000e+00
      3.599     7.2458   3.219170    31.3861       2202     9.1708  0.000e+00
      3.575     7.2554   3.219708    31.3832       2203     9.1750  0.000e+00
      3.517     7.2627   3.221029    31.3909       2204     9.1792  0.000e+00
      3.484     7.2738   3.221145    31.3821       2205     9.1833  0.000e+00
      3.439     7.2835   3.223279    31.3963       2206     9.1875  0.000e+00
      3.400     7.2977   3.223505    31.3859       2207     9.1917  0.000e+00
      3.375     7.3105   3.223897    31.3785       2208     9.1958  0.000e+00
      3.348     7.3192   3.223915    31.3708       2209     9.2000  0.000e+00
      3.330     7.3232   3.223175    31.3592       2210     9.2042  0.000e+00
      3.315     7.3225   3.223689    31.3654       2211     9.2083  0.000e+00
      3.294     7.3244   3.223976    31.3668       2212     9.2125  0.000e+00
      3.276     7.3261   3.223719    31.3624       2213     9.2167  0.000e+00
      3.261     7.3262   3.223132    31.3561       2214     9.2208  0.000e+00
      3.234     7.3229   3.222967    31.3573       2215     9.2250  0.000e+00
      3.209     7.3198   3.224374    31.3753       2216     9.2292  0.000e+00
      3.179     7.3255   3.225169    31.3787       2217     9.2333  0.000e+00
      3.146     7.3344   3.223774    31.3556       2218     9.2375  0.000e+00
      3.119     7.3337   3.224374    31.3627       2219     9.2417  0.000e+00
      3.092     7.3323   3.224869    31.3693       2220     9.2458  0.000e+00
      3.062     7.3354   3.224845    31.3663       2221     9.2500  0.000e+00
      3.031     7.3398   3.225658    31.3711       2222     9.2542  0.000e+00
      2.995     7.3448   3.224783    31.3571       2223     9.2583  0.000e+00
      2.977     7.3444   3.225383    31.3640       2224     9.2625  0.000e+00
      2.938     7.3461   3.227616    31.3864       2225     9.2667  0.000e+00
      2.899     7.3595   3.228644    31.3854       2226     9.2708  0.000e+00
      2.872     7.3744   3.226667    31.3507       2227     9.2750  0.000e+00
      2.854     7.3740   3.226374    31.3479       2228     9.2792  0.000e+00
      2.820     7.3692   3.227781    31.3674       2229     9.2833  0.000e+00
      2.790     7.3729   3.227487    31.3609       2230     9.2875  0.000e+00
      2.754     7.3765   3.228216    31.3654       2231     9.2917  0.000e+00
      2.727     7.3814   3.227493    31.3533       2232     9.2958  0.000e+00
      2.700     7.3808   3.226790    31.3463       2233     9.3000  0.000e+00
      2.682     7.3765   3.228766    31.3714       2234     9.3042  0.000e+00
      2.667     7.3812   3.225964    31.3370       2235     9.3083  0.000e+00
      2.639     7.3761   3.224452    31.3254       2236     9.3125  0.000e+00
      2.621     7.3579   3.221003    31.3047       2237     9.3167  0.000e+00
      2.594     7.3275   3.220716    31.3291       2238     9.3208  0.000e+00
      2.564     7.3054   3.221315    31.3557       2239     9.3250  0.000e+00
      2.510     7.2975   3.222948    31.3805       2240     9.3292  0.000e+00
      2.449     7.3015   3.223419    31.3819       2241     9.3333  0.000e+00
      2.383     7.3111   3.225365    31.3942       2242     9.3375  0.000e+00
      2.329     7.3266   3.225713    31.3839       2243     9.3417  0.000e+00
      2.290     7.3394   3.225609    31.3713       2244     9.3458  0.000e+00
      2.274     7.3455   3.223688    31.3450       2245     9.3500  0.000e+00
      2.268     7.3377   3.218655    31.2979       2246     9.3542  0.000e+00
      2.271     7.3047   3.216058    31.2998       2247     9.3583  0.000e+00
      2.283     7.2650   3.215087    31.3252       2248     9.3625  0.000e+00
      2.305     7.2363   3.215460    31.3552       2249     9.3667  0.000e+00
      2.317     7.2224   3.216755    31.3819       2250     9.3708  0.000e+00
      2.332     7.2230   3.218461    31.3998       2251     9.3750  0.000e+00
      2.317     7.2344   3.218632    31.3912       2252     9.3792  0.000e+00
      2.274     7.2449   3.218118    31.3762       2253     9.3833  0.000e+00
      2.202     7.2487   3.220099    31.3942       2254     9.3875  0.000e+00
      2.130     7.2589   3.222111    31.4067       2255     9.3917  0.000e+00
      2.054     7.2782   3.221811    31.3859       2256     9.3958  0.000e+00
      1.967     7.2873   3.220533    31.3639       2257     9.4000  0.000e+00
      1.906     7.2873   3.223646    31.3975       2258     9.4042  0.000e+00
      1.846     7.2974   3.220539    31.3548       2259     9.4083  0.000e+00
      1.798     7.2959   3.221768    31.3695       2260     9.4125  0.000e+00
      1.768     7.2955   3.223688    31.3906       2261     9.4167  0.000e+00
      1.762     7.3090   3.226294    31.4064       2262     9.4208  0.000e+00
      1.765     7.3312   3.228216    31.4070       2263     9.4250  0.000e+00
      1.771     7.3566   3.227163    31.3726       2264     9.4292  0.000e+00
      1.777     7.3686   3.228032    31.3711       2265     9.4333  0.000e+00
      1.792     7.3767   3.229207    31.3764       2266     9.4375  0.000e+00
