HB2302/sbe159.cnv
* Sea-Bird SBE 19plus V2 Data File:
* FileName = C:\cruise\data\sbe159.hex
* Software Version Seasave V 7.26.7.121
* Temperature SN = 4758
* Conductivity SN = 4758
* System UpLoad Time = Jun 22 2023 21:52:37
* NMEA Latitude = 42 21.79 N
* NMEA Longitude = 070 28.58 W
* NMEA UTC (Time) = Jun 22 2023 21:52:37
** Cruise: HB2302
** Program: Ecomon
** Chief Scientist: Jerry Prezioso
# nquan = 7
# nvalues = 1585                                  
# units = specified
# name 0 = depSM: Depth [salt water, m]
# name 1 = tv290C: Temperature [ITS-90, deg C]
# name 2 = c0S/m: Conductivity [S/m]
# name 3 = sal00: Salinity, Practical [PSU]
# name 4 = scan: Scan Count
# name 5 = timeM: Time, Elapsed [minutes]
# name 6 = flag:  0.000e+00
# span 0 =      0.003,     69.489                 
# span 1 =     6.0537,    17.5205                 
# span 2 =   0.001054,   4.023113                 
# span 3 =     0.0121,    32.2155                 
# span 4 =         11,       1595                 
# span 5 =     0.0417,     6.6417                 
# span 6 = 0.0000e+00, 0.0000e+00                 
# interval = seconds: 0.25
# start_time = Jun 22 2023 21:52:37 [NMEA time, header]
# bad_flag = -9.990e-29
*END*
[from data line 616]
     65.794     6.1903   3.201209    32.1381        627     2.6083  0.000e+00
     65.722     6.1913   3.201270    32.1379        628     2.6125  0.000e+00
     65.649     6.1923   3.201312    32.1374        629     2.6167  0.000e+00
     65.574     6.1933   3.201373    32.1372        630     2.6208  0.000e+00
     65.489     6.1944   3.201453    32.1371        631     2.6250  0.000e+00
     65.402     6.1955   3.201538    32.1370        632     2.6292  0.000e+00
     65.303     6.1970   3.201678    32.1373        633     2.6333  0.000e+00
     65.203     6.1987   3.201800    32.1370        634     2.6375  0.000e+00
     65.103     6.2009   3.201904    32.1361        635     2.6417  0.000e+00
     65.001     6.2032   3.201928    32.1343        636     2.6458  0.000e+00
     64.901     6.2050   3.201947    32.1328        637     2.6500  0.000e+00
     64.796     6.2064   3.201965    32.1318        638     2.6542  0.000e+00
     64.702     6.2072   3.202050    32.1320        639     2.6583  0.000e+00
     64.600     6.2086   3.202087    32.1312        640     2.6625  0.000e+00
     64.512     6.2101   3.202129    32.1302        641     2.6667  0.000e+00
     64.422     6.2116   3.202142    32.1290        642     2.6708  0.000e+00
     64.341     6.2123   3.202129    32.1283        643     2.6750  0.000e+00
     64.253     6.2130   3.202154    32.1279        644     2.6792  0.000e+00
     64.178     6.2136   3.202154    32.1273        645     2.6833  0.000e+00
     64.105     6.2140   3.202172    32.1272        646     2.6875  0.000e+00
     64.033     6.2145   3.202154    32.1266        647     2.6917  0.000e+00
     63.946     6.2149   3.202239    32.1272        648     2.6958  0.000e+00
     63.864     6.2157   3.202294    32.1271        649     2.7000  0.000e+00
     63.783     6.2167   3.202294    32.1262        650     2.7042  0.000e+00
     63.692     6.2177   3.202398    32.1264        651     2.7083  0.000e+00
     63.599     6.2192   3.202684    32.1282        652     2.7125  0.000e+00
     63.499     6.2229   3.203136    32.1298        653     2.7167  0.000e+00
     63.400     6.2297   3.203441    32.1268        654     2.7208  0.000e+00
     63.291     6.2371   3.203544    32.1211        655     2.7250  0.000e+00
     63.183     6.2426   3.203630    32.1168        656     2.7292  0.000e+00
     63.071     6.2462   3.203691    32.1141        657     2.7333  0.000e+00
     62.966     6.2490   3.203916    32.1140        658     2.7375  0.000e+00
     62.854     6.2524   3.204099    32.1130        659     2.7417  0.000e+00
     62.748     6.2564   3.204179    32.1101        660     2.7458  0.000e+00
     62.646     6.2598   3.204325    32.1086        661     2.7500  0.000e+00
     62.552     6.2628   3.204429    32.1070        662     2.7542  0.000e+00
     62.453     6.2655   3.204551    32.1058        663     2.7583  0.000e+00
     62.366     6.2681   3.204600    32.1039        664     2.7625  0.000e+00
     62.281     6.2702   3.204630    32.1023        665     2.7667  0.000e+00
     62.200     6.2718   3.204630    32.1008        666     2.7708  0.000e+00
     62.112     6.2729   3.204630    32.0999        667     2.7750  0.000e+00
     62.028     6.2736   3.204715    32.1001        668     2.7792  0.000e+00
     61.949     6.2747   3.204868    32.1009        669     2.7833  0.000e+00
     61.856     6.2766   3.204941    32.0999        670     2.7875  0.000e+00
     61.772     6.2791   3.204959    32.0978        671     2.7917  0.000e+00
     61.678     6.2806   3.204978    32.0967        672     2.7958  0.000e+00
     61.585     6.2817   3.204959    32.0954        673     2.8000  0.000e+00
     61.497     6.2823   3.204984    32.0952        674     2.8042  0.000e+00
     61.389     6.2827   3.205002    32.0950        675     2.8083  0.000e+00
     61.292     6.2831   3.205002    32.0948        676     2.8125  0.000e+00
     61.193     6.2833   3.205002    32.0946        677     2.8167  0.000e+00
     61.087     6.2838   3.205246    32.0969        678     2.8208  0.000e+00
     60.982     6.2853   3.205435    32.0977        679     2.8250  0.000e+00
     60.882     6.2881   3.205679    32.0977        680     2.8292  0.000e+00
     60.779     6.2923   3.206009    32.0975        681     2.8333  0.000e+00
     60.671     6.2978   3.206296    32.0956        682     2.8375  0.000e+00
     60.568     6.3045   3.206601    32.0926        683     2.8417  0.000e+00
     60.472     6.3122   3.206839    32.0881        684     2.8458  0.000e+00
     60.372     6.3190   3.207364    32.0875        685     2.8500  0.000e+00
     60.279     6.3277   3.208407    32.0909        686     2.8542  0.000e+00
     60.189     6.3435   3.209006    32.0828        687     2.8583  0.000e+00
     60.104     6.3606   3.209396    32.0710        688     2.8625  0.000e+00
     60.011     6.3746   3.209628    32.0605        689     2.8667  0.000e+00
     59.920     6.3848   3.209726    32.0520        690     2.8708  0.000e+00
     59.848     6.3918   3.209744    32.0456        691     2.8750  0.000e+00
     59.763     6.3961   3.209744    32.0416        692     2.8792  0.000e+00
     59.679     6.3990   3.210049    32.0423        693     2.8833  0.000e+00
     59.595     6.4026   3.210251    32.0412        694     2.8875  0.000e+00
     59.501     6.4068   3.210360    32.0386        695     2.8917  0.000e+00
     59.417     6.4108   3.210403    32.0353        696     2.8958  0.000e+00
     59.332     6.4137   3.210421    32.0328        697     2.9000  0.000e+00
     59.248     6.4162   3.210482    32.0312        698     2.9042  0.000e+00
     59.158     6.4183   3.210525    32.0297        699     2.9083  0.000e+00
     59.073     6.4201   3.210568    32.0285        700     2.9125  0.000e+00
     58.983     6.4217   3.210690    32.0284        701     2.9167  0.000e+00
     58.889     6.4233   3.210751    32.0277        702     2.9208  0.000e+00
     58.802     6.4250   3.210818    32.0268        703     2.9250  0.000e+00
     58.699     6.4267   3.210855    32.0256        704     2.9292  0.000e+00
     58.597     6.4285   3.210916    32.0247        705     2.9333  0.000e+00
     58.494     6.4303   3.210958    32.0236        706     2.9375  0.000e+00
     58.392     6.4315   3.210916    32.0220        707     2.9417  0.000e+00
     58.283     6.4326   3.211013    32.0220        708     2.9458  0.000e+00
     58.175     6.4342   3.211099    32.0216        709     2.9500  0.000e+00
     58.066     6.4358   3.211184    32.0210        710     2.9542  0.000e+00
     57.964     6.4375   3.211221    32.0199        711     2.9583  0.000e+00
     57.861     6.4388   3.211306    32.0197        712     2.9625  0.000e+00
     57.774     6.4406   3.211581    32.0211        713     2.9667  0.000e+00
     57.674     6.4437   3.211758    32.0202        714     2.9708  0.000e+00
     57.590     6.4475   3.211819    32.0173        715     2.9750  0.000e+00
     57.505     6.4509   3.211880    32.0149        716     2.9792  0.000e+00
     57.430     6.4536   3.211984    32.0135        717     2.9833  0.000e+00
     57.336     6.4559   3.212106    32.0127        718     2.9875  0.000e+00
     57.255     6.4586   3.212192    32.0112        719     2.9917  0.000e+00
     57.162     6.4607   3.212357    32.0110        720     2.9958  0.000e+00
     57.083     6.4635   3.212418    32.0092        721     3.0000  0.000e+00
     56.999     6.4661   3.212399    32.0066        722     3.0042  0.000e+00
     56.914     6.4672   3.212228    32.0037        723     3.0083  0.000e+00
     56.821     6.4677   3.212662    32.0080        724     3.0125  0.000e+00
     56.740     6.4697   3.212827    32.0080        725     3.0167  0.000e+00
     56.658     6.4729   3.212766    32.0044        726     3.0208  0.000e+00
     56.568     6.4752   3.213144    32.0065        727     3.0250  0.000e+00
     56.486     6.4790   3.213217    32.0038        728     3.0292  0.000e+00
     56.405     6.4823   3.213217    32.0007        729     3.0333  0.000e+00
     56.327     6.4844   3.213217    31.9988        730     3.0375  0.000e+00
     56.245     6.4855   3.213217    31.9978        731     3.0417  0.000e+00
     56.164     6.4860   3.213181    31.9970        732     3.0458  0.000e+00
     56.076     6.4864   3.213156    31.9964        733     3.0500  0.000e+00
     56.004     6.4862   3.213217    31.9973        734     3.0542  0.000e+00
     55.929     6.4863   3.213217    31.9972        735     3.0583  0.000e+00
     55.841     6.4864   3.213205    31.9970        736     3.0625  0.000e+00
     55.769     6.4866   3.213174    31.9965        737     3.0667  0.000e+00
     55.690     6.4865   3.213217    31.9971        738     3.0708  0.000e+00
     55.603     6.4867   3.213235    31.9971        739     3.0750  0.000e+00
     55.522     6.4868   3.213321    31.9981        740     3.0792  0.000e+00
     55.437     6.4876   3.213419    31.9984        741     3.0833  0.000e+00
     55.356     6.4889   3.213565    31.9989        742     3.0875  0.000e+00
     55.271     6.4911   3.213651    31.9978        743     3.0917  0.000e+00
     55.187     6.4935   3.213730    31.9965        744     3.0958  0.000e+00
     55.097     6.4956   3.213834    31.9957        745     3.1000  0.000e+00
     55.018     6.4974   3.213809    31.9937        746     3.1042  0.000e+00
     54.934     6.4986   3.214023    31.9950        747     3.1083  0.000e+00
     54.849     6.5013   3.214207    31.9945        748     3.1125  0.000e+00
     54.768     6.5045   3.213712    31.9862        749     3.1167  0.000e+00
     54.690     6.5073   3.214378    31.9909        750     3.1208  0.000e+00
     54.611     6.5094   3.214390    31.9891        751     3.1250  0.000e+00
     54.524     6.5108   3.214390    31.9878        752     3.1292  0.000e+00
     54.442     6.5120   3.214414    31.9870        753     3.1333  0.000e+00
     54.358     6.5128   3.214414    31.9863        754     3.1375  0.000e+00
     54.268     6.5132   3.214414    31.9859        755     3.1417  0.000e+00
     54.174     6.5142   3.214738    31.9887        756     3.1458  0.000e+00
     54.090     6.5163   3.214927    31.9888        757     3.1500  0.000e+00
     54.005     6.5196   3.214988    31.9864        758     3.1542  0.000e+00
     53.921     6.5222   3.215006    31.9842        759     3.1583  0.000e+00
     53.834     6.5241   3.215061    31.9831        760     3.1625  0.000e+00
     53.740     6.5254   3.215129    31.9827        761     3.1667  0.000e+00
     53.656     6.5268   3.215153    31.9817        762     3.1708  0.000e+00
     53.568     6.5278   3.215171    31.9810        763     3.1750  0.000e+00
     53.478     6.5285   3.215177    31.9804        764     3.1792  0.000e+00
     53.388     6.5291   3.215232    31.9805        765     3.1833  0.000e+00
     53.297     6.5297   3.215318    31.9810        766     3.1875  0.000e+00
     53.213     6.5306   3.215379    31.9808        767     3.1917  0.000e+00
     53.125     6.5317   3.215397    31.9800        768     3.1958  0.000e+00
     53.044     6.5328   3.215452    31.9797        769     3.2000  0.000e+00
     52.966     6.5337   3.215422    31.9785        770     3.2042  0.000e+00
     52.890     6.5343   3.215440    31.9782        771     3.2083  0.000e+00
     52.818     6.5347   3.215501    31.9786        772     3.2125  0.000e+00
     52.746     6.5353   3.215605    31.9791        773     3.2167  0.000e+00
     52.679     6.5368   3.215727    31.9791        774     3.2208  0.000e+00
     52.613     6.5385   3.215770    31.9780        775     3.2250  0.000e+00
     52.547     6.5400   3.215813    31.9771        776     3.2292  0.000e+00
     52.477     6.5411   3.215831    31.9763        777     3.2333  0.000e+00
     52.411     6.5419   3.215861    31.9760        778     3.2375  0.000e+00
     52.339     6.5425   3.215916    31.9760        779     3.2417  0.000e+00
     52.269     6.5431   3.215874    31.9751        780     3.2458  0.000e+00
     52.191     6.5434   3.215977    31.9759        781     3.2500  0.000e+00
     52.107     6.5440   3.215977    31.9754        782     3.2542  0.000e+00
     52.034     6.5445   3.216038    31.9756        783     3.2583  0.000e+00
     51.953     6.5451   3.216100    31.9758        784     3.2625  0.000e+00
     51.868     6.5456   3.216142    31.9758        785     3.2667  0.000e+00
     51.781     6.5461   3.216142    31.9754        786     3.2708  0.000e+00
     51.694     6.5467   3.216191    31.9754        787     3.2750  0.000e+00
     51.603     6.5474   3.216222    31.9751        788     3.2792  0.000e+00
     51.513     6.5482   3.216246    31.9747        789     3.2833  0.000e+00
     51.419     6.5487   3.216325    31.9751        790     3.2875  0.000e+00
     51.329     6.5494   3.216411    31.9755        791     3.2917  0.000e+00
     51.232     6.5505   3.216411    31.9746        792     3.2958  0.000e+00
     51.142     6.5513   3.216448    31.9742        793     3.3000  0.000e+00
     51.046     6.5522   3.216448    31.9734        794     3.3042  0.000e+00
     50.958     6.5527   3.216429    31.9728        795     3.3083  0.000e+00
     50.868     6.5530   3.216509    31.9734        796     3.3125  0.000e+00
     50.786     6.5537   3.216570    31.9735        797     3.3167  0.000e+00
     50.711     6.5546   3.216655    31.9736        798     3.3208  0.000e+00
     50.630     6.5556   3.216674    31.9729        799     3.3250  0.000e+00
     50.554     6.5565   3.216759    31.9731        800     3.3292  0.000e+00
     50.479     6.5581   3.216863    31.9727        801     3.3333  0.000e+00
     50.407     6.5599   3.216900    31.9715        802     3.3375  0.000e+00
     50.328     6.5619   3.216899    31.9697        803     3.3417  0.000e+00
     50.250     6.5637   3.216924    31.9683        804     3.3458  0.000e+00
     50.163     6.5654   3.216954    31.9670        805     3.3500  0.000e+00
     50.084     6.5666   3.216985    31.9663        806     3.3542  0.000e+00
     49.997     6.5675   3.216942    31.9651        807     3.3583  0.000e+00
     49.912     6.5678   3.216967    31.9651        808     3.3625  0.000e+00
     49.822     6.5681   3.216997    31.9652        809     3.3667  0.000e+00
     49.735     6.5685   3.217003    31.9649        810     3.3708  0.000e+00
     49.638     6.5689   3.217028    31.9649        811     3.3750  0.000e+00
     49.563     6.5691   3.217003    31.9645        812     3.3792  0.000e+00
     49.481     6.5693   3.217003    31.9643        813     3.3833  0.000e+00
     49.397     6.5693   3.216954    31.9638        814     3.3875  0.000e+00
     49.307     6.5692   3.216985    31.9642        815     3.3917  0.000e+00
     49.225     6.5692   3.216985    31.9643        816     3.3958  0.000e+00
     49.147     6.5693   3.216985    31.9643        817     3.4000  0.000e+00
     49.071     6.5694   3.217015    31.9646        818     3.4042  0.000e+00
     48.990     6.5697   3.217107    31.9653        819     3.4083  0.000e+00
     48.912     6.5704   3.217229    31.9661        820     3.4125  0.000e+00
     48.842     6.5717   3.217541    31.9682        821     3.4167  0.000e+00
     48.752     6.5748   3.217840    31.9687        822     3.4208  0.000e+00
     48.674     6.5790   3.218017    31.9668        823     3.4250  0.000e+00
     48.595     6.5833   3.218140    31.9641        824     3.4292  0.000e+00
     48.511     6.5868   3.218182    31.9613        825     3.4333  0.000e+00
     48.439     6.5893   3.218201    31.9593        826     3.4375  0.000e+00
     48.360     6.5910   3.218231    31.9581        827     3.4417  0.000e+00
     48.285     6.5918   3.218243    31.9575        828     3.4458  0.000e+00
     48.209     6.5925   3.218182    31.9562        829     3.4500  0.000e+00
     48.134     6.5928   3.218182    31.9559        830     3.4542  0.000e+00
