HB2302/sbe134.cnv
* Sea-Bird SBE 19plus V2 Data File:
* FileName = C:\cruise\data\sbe134.hex
* Software Version Seasave V 7.26.7.121
* Temperature SN = 4758
* Conductivity SN = 4758
* System UpLoad Time = Jun 20 2023 15:27:27
* NMEA Latitude = 43 52.59 N
* NMEA Longitude = 067 20.70 W
* NMEA UTC (Time) = Jun 20 2023 15:27:27
** Cruise: HB2302
** Program: Ecomon
** Chief Scientist: Jerry Prezioso
# nquan = 7
# nvalues = 5417                                  
# units = specified
# name 0 = depSM: Depth [salt water, m]
# name 1 = tv290C: Temperature [ITS-90, deg C]
# name 2 = c0S/m: Conductivity [S/m]
# name 3 = sal00: Salinity, Practical [PSU]
# name 4 = scan: Scan Count
# name 5 = timeM: Time, Elapsed [minutes]
# name 6 = flag:  0.000e+00
# span 0 =      0.026,    220.541                 
# span 1 =     7.6449,    12.3342                 
# span 2 =   0.827463,   3.737113                 
# span 3 =     6.2254,    34.1030                 
# span 4 =         11,       5427                 
# span 5 =     0.0417,    22.6083                 
# span 6 = 0.0000e+00, 0.0000e+00                 
# interval = seconds: 0.25
# start_time = Jun 20 2023 15:27:27 [NMEA time, header]
# bad_flag = -9.990e-29
*END*
[from data line 4718]
     59.500     7.6913   3.429683    33.2134       4729    19.7000  0.000e+00
     59.416     7.6909   3.429664    33.2136       4730    19.7042  0.000e+00
     59.331     7.6908   3.429583    33.2128       4731    19.7083  0.000e+00
     59.253     7.6906   3.429570    33.2130       4732    19.7125  0.000e+00
     59.172     7.6905   3.429451    33.2118       4733    19.7167  0.000e+00
     59.096     7.6901   3.429307    33.2107       4734    19.7208  0.000e+00
     59.021     7.6896   3.429182    33.2098       4735    19.7250  0.000e+00
     58.942     7.6892   3.428950    33.2078       4736    19.7292  0.000e+00
     58.864     7.6884   3.428693    33.2058       4737    19.7333  0.000e+00
     58.786     7.6875   3.428611    33.2058       4738    19.7375  0.000e+00
     58.695     7.6866   3.428524    33.2058       4739    19.7417  0.000e+00
     58.617     7.6861   3.428505    33.2061       4740    19.7458  0.000e+00
     58.533     7.6855   3.428486    33.2065       4741    19.7500  0.000e+00
     58.442     7.6853   3.428317    33.2049       4742    19.7542  0.000e+00
     58.355     7.6850   3.428192    33.2039       4743    19.7583  0.000e+00
     58.258     7.6845   3.428085    33.2033       4744    19.7625  0.000e+00
     58.165     7.6840   3.428022    33.2031       4745    19.7667  0.000e+00
     58.083     7.6836   3.428022    33.2035       4746    19.7708  0.000e+00
     57.993     7.6833   3.427935    33.2030       4747    19.7750  0.000e+00
     57.900     7.6832   3.427884    33.2025       4748    19.7792  0.000e+00
     57.821     7.6828   3.427834    33.2024       4749    19.7833  0.000e+00
     57.746     7.6827   3.427834    33.2025       4750    19.7875  0.000e+00
     57.673     7.6825   3.427747    33.2018       4751    19.7917  0.000e+00
     57.601     7.6822   3.427753    33.2022       4752    19.7958  0.000e+00
     57.529     7.6820   3.427746    33.2024       4753    19.8000  0.000e+00
     57.453     7.6820   3.427728    33.2022       4754    19.8042  0.000e+00
     57.390     7.6820   3.427665    33.2016       4755    19.8083  0.000e+00
     57.321     7.6818   3.427665    33.2018       4756    19.8125  0.000e+00
     57.251     7.6818   3.427640    33.2016       4757    19.8167  0.000e+00
     57.173     7.6815   3.427602    33.2014       4758    19.8208  0.000e+00
     57.101     7.6814   3.427552    33.2010       4759    19.8250  0.000e+00
     57.016     7.6814   3.427533    33.2009       4760    19.8292  0.000e+00
     56.923     7.6811   3.427533    33.2012       4761    19.8333  0.000e+00
     56.832     7.6810   3.427452    33.2004       4762    19.8375  0.000e+00
     56.727     7.6809   3.427464    33.2008       4763    19.8417  0.000e+00
     56.624     7.6807   3.427452    33.2009       4764    19.8458  0.000e+00
     56.519     7.6806   3.427389    33.2004       4765    19.8500  0.000e+00
     56.410     7.6804   3.427301    33.1997       4766    19.8542  0.000e+00
     56.311     7.6803   3.427176    33.1985       4767    19.8583  0.000e+00
     56.211     7.6796   3.427264    33.2001       4768    19.8625  0.000e+00
     56.127     7.6796   3.427113    33.1985       4769    19.8667  0.000e+00
     56.040     7.6795   3.427032    33.1978       4770    19.8708  0.000e+00
     55.961     7.6790   3.427019    33.1982       4771    19.8750  0.000e+00
     55.892     7.6790   3.427032    33.1984       4772    19.8792  0.000e+00
     55.838     7.6788   3.426944    33.1976       4773    19.8833  0.000e+00
     55.789     7.6786   3.426944    33.1978       4774    19.8875  0.000e+00
     55.747     7.6785   3.426975    33.1982       4775    19.8917  0.000e+00
     55.711     7.6785   3.426906    33.1975       4776    19.8958  0.000e+00
     55.675     7.6785   3.426906    33.1976       4777    19.9000  0.000e+00
     55.636     7.6784   3.426863    33.1972       4778    19.9042  0.000e+00
     55.588     7.6782   3.426844    33.1972       4779    19.9083  0.000e+00
     55.536     7.6780   3.426775    33.1966       4780    19.9125  0.000e+00
     55.482     7.6779   3.426737    33.1964       4781    19.9167  0.000e+00
     55.407     7.6776   3.426693    33.1962       4782    19.9208  0.000e+00
     55.325     7.6774   3.426537    33.1948       4783    19.9250  0.000e+00
     55.235     7.6769   3.426336    33.1932       4784    19.9292  0.000e+00
     55.120     7.6760   3.425766    33.1879       4785    19.9333  0.000e+00
     55.003     7.6742   3.424958    33.1810       4786    19.9375  0.000e+00
     54.879     7.6718   3.424758    33.1812       4787    19.9417  0.000e+00
     54.734     7.6697   3.424232    33.1776       4788    19.9458  0.000e+00
     54.602     7.6676   3.423724    33.1742       4789    19.9500  0.000e+00
     54.460     7.6654   3.423568    33.1747       4790    19.9542  0.000e+00
     54.324     7.6635   3.423324    33.1739       4791    19.9583  0.000e+00
     54.189     7.6622   3.423092    33.1728       4792    19.9625  0.000e+00
     54.062     7.6611   3.422929    33.1721       4793    19.9667  0.000e+00
     53.945     7.6602   3.422898    33.1727       4794    19.9708  0.000e+00
     53.851     7.6594   3.422779    33.1723       4795    19.9750  0.000e+00
     53.758     7.6589   3.422716    33.1721       4796    19.9792  0.000e+00
     53.688     7.6586   3.422672    33.1720       4797    19.9833  0.000e+00
     53.625     7.6583   3.422566    33.1711       4798    19.9875  0.000e+00
     53.580     7.6580   3.422528    33.1710       4799    19.9917  0.000e+00
     53.538     7.6578   3.422466    33.1705       4800    19.9958  0.000e+00
     53.508     7.6577   3.422372    33.1697       4801    20.0000  0.000e+00
     53.480     7.6574   3.422315    33.1694       4802    20.0042  0.000e+00
     53.453     7.6572   3.422340    33.1698       4803    20.0083  0.000e+00
     53.429     7.6572   3.422296    33.1694       4804    20.0125  0.000e+00
     53.399     7.6570   3.422215    33.1687       4805    20.0167  0.000e+00
     53.363     7.6567   3.422171    33.1685       4806    20.0208  0.000e+00
     53.315     7.6565   3.422109    33.1680       4807    20.0250  0.000e+00
     53.266     7.6563   3.422002    33.1672       4808    20.0292  0.000e+00
     53.203     7.6558   3.421858    33.1661       4809    20.0333  0.000e+00
     53.128     7.6552   3.421157    33.1591       4810    20.0375  0.000e+00
     53.043     7.6539   3.420381    33.1521       4811    20.0417  0.000e+00
     52.956     7.6518   3.418853    33.1377       4812    20.0458  0.000e+00
     52.856     7.6491   3.417927    33.1303       4813    20.0500  0.000e+00
     52.748     7.6468   3.417570    33.1287       4814    20.0542  0.000e+00
     52.639     7.6457   3.417420    33.1282       4815    20.0583  0.000e+00
     52.528     7.6452   3.417351    33.1279       4816    20.0625  0.000e+00
     52.407     7.6449   3.417295    33.1277       4817    20.0667  0.000e+00
     52.299     7.6449   3.417232    33.1271       4818    20.0708  0.000e+00
     52.181     7.6449   3.417170    33.1265       4819    20.0750  0.000e+00
     52.067     7.6452   3.417126    33.1257       4820    20.0792  0.000e+00
     51.970     7.6452   3.417082    33.1254       4821    20.0833  0.000e+00
     51.877     7.6454   3.417045    33.1248       4822    20.0875  0.000e+00
     51.783     7.6455   3.416200    33.1156       4823    20.0917  0.000e+00
     51.702     7.6461   3.416894    33.1226       4824    20.0958  0.000e+00
     51.630     7.6466   3.416894    33.1221       4825    20.1000  0.000e+00
     51.560     7.6471   3.416832    33.1211       4826    20.1042  0.000e+00
     51.497     7.6475   3.416794    33.1203       4827    20.1083  0.000e+00
     51.431     7.6479   3.416725    33.1192       4828    20.1125  0.000e+00
     51.376     7.6484   3.416663    33.1181       4829    20.1167  0.000e+00
     51.319     7.6488   3.416644    33.1175       4830    20.1208  0.000e+00
     51.262     7.6492   3.416581    33.1165       4831    20.1250  0.000e+00
     51.198     7.6493   3.416537    33.1159       4832    20.1292  0.000e+00
     51.135     7.6495   3.416519    33.1156       4833    20.1333  0.000e+00
     51.066     7.6496   3.416506    33.1154       4834    20.1375  0.000e+00
     50.990     7.6499   3.416537    33.1155       4835    20.1417  0.000e+00
     50.921     7.6502   3.416562    33.1155       4836    20.1458  0.000e+00
     50.843     7.6514   3.416600    33.1148       4837    20.1500  0.000e+00
     50.755     7.6527   3.416600    33.1136       4838    20.1542  0.000e+00
     50.662     7.6537   3.416644    33.1132       4839    20.1583  0.000e+00
     50.565     7.6545   3.416600    33.1120       4840    20.1625  0.000e+00
     50.469     7.6552   3.416600    33.1114       4841    20.1667  0.000e+00
     50.373     7.6554   3.416600    33.1112       4842    20.1708  0.000e+00
     50.276     7.6556   3.416625    33.1113       4843    20.1750  0.000e+00
     50.171     7.6560   3.416618    33.1109       4844    20.1792  0.000e+00
     50.074     7.6566   3.416643    33.1107       4845    20.1833  0.000e+00
     49.975     7.6572   3.416662    33.1103       4846    20.1875  0.000e+00
     49.875     7.6580   3.416687    33.1099       4847    20.1917  0.000e+00
     49.782     7.6585   3.416706    33.1097       4848    20.1958  0.000e+00
     49.691     7.6589   3.416725    33.1096       4849    20.2000  0.000e+00
     49.607     7.6598   3.416724    33.1087       4850    20.2042  0.000e+00
     49.519     7.6602   3.416687    33.1080       4851    20.2083  0.000e+00
     49.453     7.6605   3.416724    33.1081       4852    20.2125  0.000e+00
     49.384     7.6607   3.416768    33.1084       4853    20.2167  0.000e+00
     49.320     7.6611   3.416749    33.1079       4854    20.2208  0.000e+00
     49.263     7.6617   3.416793    33.1078       4855    20.2250  0.000e+00
     49.206     7.6624   3.416831    33.1076       4856    20.2292  0.000e+00
     49.161     7.6631   3.416856    33.1072       4857    20.2333  0.000e+00
     49.109     7.6638   3.416906    33.1071       4858    20.2375  0.000e+00
     49.067     7.6645   3.416893    33.1064       4859    20.2417  0.000e+00
     49.016     7.6649   3.416893    33.1059       4860    20.2458  0.000e+00
     48.959     7.6654   3.416918    33.1058       4861    20.2500  0.000e+00
     48.907     7.6660   3.416949    33.1055       4862    20.2542  0.000e+00
     48.853     7.6664   3.416956    33.1053       4863    20.2583  0.000e+00
     48.787     7.6669   3.416999    33.1053       4864    20.2625  0.000e+00
     48.721     7.6675   3.417043    33.1053       4865    20.2667  0.000e+00
     48.651     7.6679   3.417062    33.1051       4866    20.2708  0.000e+00
     48.564     7.6686   3.417081    33.1047       4867    20.2750  0.000e+00
     48.482     7.6690   3.417106    33.1046       4868    20.2792  0.000e+00
     48.389     7.6700   3.417149    33.1042       4869    20.2833  0.000e+00
     48.296     7.6705   3.417187    33.1042       4870    20.2875  0.000e+00
     48.184     7.6712   3.417356    33.1054       4871    20.2917  0.000e+00
     48.085     7.6725   3.417525    33.1060       4872    20.2958  0.000e+00
     47.970     7.6744   3.417587    33.1049       4873    20.3000  0.000e+00
     47.849     7.6764   3.417650    33.1037       4874    20.3042  0.000e+00
     47.726     7.6783   3.417925    33.1050       4875    20.3083  0.000e+00
     47.611     7.6812   3.418163    33.1048       4876    20.3125  0.000e+00
     47.488     7.6845   3.418175    33.1018       4877    20.3167  0.000e+00
     47.367     7.6874   3.418156    33.0990       4878    20.3208  0.000e+00
     47.250     7.6894   3.418113    33.0967       4879    20.3250  0.000e+00
     47.135     7.6905   3.418075    33.0952       4880    20.3292  0.000e+00
     47.033     7.6910   3.417987    33.0938       4881    20.3333  0.000e+00
     46.927     7.6916   3.417962    33.0931       4882    20.3375  0.000e+00
     46.843     7.6918   3.418012    33.0935       4883    20.3417  0.000e+00
     46.755     7.6918   3.417943    33.0928       4884    20.3458  0.000e+00
     46.683     7.6919   3.417943    33.0927       4885    20.3500  0.000e+00
     46.629     7.6918   3.417925    33.0926       4886    20.3542  0.000e+00
     46.574     7.6920   3.417943    33.0927       4887    20.3583  0.000e+00
     46.526     7.6921   3.417925    33.0924       4888    20.3625  0.000e+00
     46.481     7.6920   3.417943    33.0928       4889    20.3667  0.000e+00
     46.451     7.6921   3.417925    33.0924       4890    20.3708  0.000e+00
     46.421     7.6921   3.417900    33.0921       4891    20.3750  0.000e+00
     46.391     7.6923   3.417943    33.0925       4892    20.3792  0.000e+00
     46.351     7.6923   3.417943    33.0925       4893    20.3833  0.000e+00
     46.321     7.6923   3.417968    33.0928       4894    20.3875  0.000e+00
     46.279     7.6923   3.417924    33.0923       4895    20.3917  0.000e+00
     46.228     7.6923   3.417924    33.0924       4896    20.3958  0.000e+00
     46.170     7.6923   3.417899    33.0921       4897    20.4000  0.000e+00
     46.092     7.6924   3.417856    33.0915       4898    20.4042  0.000e+00
     46.014     7.6925   3.417774    33.0906       4899    20.4083  0.000e+00
     45.923     7.6929   3.417774    33.0903       4900    20.4125  0.000e+00
     45.815     7.6930   3.417743    33.0899       4901    20.4167  0.000e+00
     45.697     7.6934   3.417712    33.0892       4902    20.4208  0.000e+00
     45.583     7.6940   3.417730    33.0889       4903    20.4250  0.000e+00
     45.453     7.6944   3.417711    33.0884       4904    20.4292  0.000e+00
     45.320     7.6946   3.417724    33.0884       4905    20.4333  0.000e+00
     45.191     7.6947   3.417755    33.0887       4906    20.4375  0.000e+00
     45.064     7.6951   3.417711    33.0880       4907    20.4417  0.000e+00
     44.937     7.6957   3.417768    33.0880       4908    20.4458  0.000e+00
     44.823     7.6965   3.417730    33.0869       4909    20.4500  0.000e+00
     44.723     7.6972   3.417774    33.0868       4910    20.4542  0.000e+00
     44.639     7.6978   3.417836    33.0869       4911    20.4583  0.000e+00
     44.555     7.6984   3.417830    33.0863       4912    20.4625  0.000e+00
     44.491     7.6990   3.417861    33.0861       4913    20.4667  0.000e+00
     44.440     7.6994   3.417899    33.0862       4914    20.4708  0.000e+00
     44.395     7.6995   3.417918    33.0862       4915    20.4750  0.000e+00
     44.356     7.6999   3.417924    33.0860       4916    20.4792  0.000e+00
     44.329     7.7001   3.417924    33.0858       4917    20.4833  0.000e+00
     44.301     7.7004   3.417986    33.0862       4918    20.4875  0.000e+00
     44.286     7.7008   3.417968    33.0856       4919    20.4917  0.000e+00
     44.256     7.7013   3.417986    33.0854       4920    20.4958  0.000e+00
     44.232     7.7018   3.418005    33.0851       4921    20.5000  0.000e+00
     44.184     7.7027   3.417942    33.0836       4922    20.5042  0.000e+00
     44.136     7.7032   3.417830    33.0819       4923    20.5083  0.000e+00
     44.069     7.7042   3.417755    33.0802       4924    20.5125  0.000e+00
     43.991     7.7059   3.417629    33.0773       4925    20.5167  0.000e+00
     43.888     7.7084   3.417586    33.0745       4926    20.5208  0.000e+00
     43.774     7.7109   3.417523    33.0715       4927    20.5250  0.000e+00
     43.647     7.7132   3.417479    33.0690       4928    20.5292  0.000e+00
     43.508     7.7148   3.417310    33.0656       4929    20.5333  0.000e+00
     43.370     7.7157   3.416991    33.0615       4930    20.5375  0.000e+00
     43.213     7.7167   3.416703    33.0575       4931    20.5417  0.000e+00
     43.068     7.7177   3.416722    33.0568       4932    20.5458  0.000e+00
     42.918     7.7181   3.416728    33.0565       4933    20.5500  0.000e+00
