HB2302/sbe131.cnv
* Sea-Bird SBE 19plus V2 Data File:
* FileName = C:\cruise\data\sbe131.hex
* Software Version Seasave V 7.26.7.121
* Temperature SN = 4758
* Conductivity SN = 4758
* System UpLoad Time = Jun 20 2023 08:40:19
* NMEA Latitude = 43 38.26 N
* NMEA Longitude = 067 22.66 W
* NMEA UTC (Time) = Jun 20 2023 08:40:19
** Cruise: HB2302
** Program: Ecomon
** Chief Scientist: Jerry Prezioso
# nquan = 7
# nvalues = 3523                                  
# units = specified
# name 0 = depSM: Depth [salt water, m]
# name 1 = tv290C: Temperature [ITS-90, deg C]
# name 2 = c0S/m: Conductivity [S/m]
# name 3 = sal00: Salinity, Practical [PSU]
# name 4 = scan: Scan Count
# name 5 = timeM: Time, Elapsed [minutes]
# name 6 = flag:  0.000e+00
# span 0 =      2.411,    209.151                 
# span 1 =     7.5240,    11.7223                 
# span 2 =   3.386355,   3.673720                 
# span 3 =    32.0181,    34.1877                 
# span 4 =         11,       3533                 
# span 5 =     0.0417,    14.7167                 
# span 6 = 0.0000e+00, 0.0000e+00                 
# interval = seconds: 0.25
# start_time = Jun 20 2023 08:40:19 [NMEA time, header]
# bad_flag = -9.990e-29
*END*
[from data line 2052]
    128.663     8.7854   3.615119    34.1027       2063     8.5917  0.000e+00
    128.585     8.7853   3.615099    34.1026       2064     8.5958  0.000e+00
    128.519     8.7852   3.614920    34.1009       2065     8.6000  0.000e+00
    128.452     8.7846   3.614536    34.0974       2066     8.6042  0.000e+00
    128.389     8.7836   3.614427    34.0973       2067     8.6083  0.000e+00
    128.332     8.7824   3.614268    34.0967       2068     8.6125  0.000e+00
    128.266     8.7817   3.614223    34.0970       2069     8.6167  0.000e+00
    128.211     8.7811   3.614024    34.0956       2070     8.6208  0.000e+00
    128.148     8.7803   3.614171    34.0979       2071     8.6250  0.000e+00
    128.088     8.7800   3.614223    34.0987       2072     8.6292  0.000e+00
    128.022     8.7802   3.614223    34.0986       2073     8.6333  0.000e+00
    127.961     8.7801   3.614043    34.0968       2074     8.6375  0.000e+00
    127.895     8.7798   3.613935    34.0960       2075     8.6417  0.000e+00
    127.829     8.7795   3.613820    34.0951       2076     8.6458  0.000e+00
    127.756     8.7789   3.613660    34.0940       2077     8.6500  0.000e+00
    127.666     8.7783   3.613621    34.0942       2078     8.6542  0.000e+00
    127.585     8.7779   3.613621    34.0947       2079     8.6583  0.000e+00
    127.503     8.7774   3.613621    34.0951       2080     8.6625  0.000e+00
    127.407     8.7773   3.613532    34.0944       2081     8.6667  0.000e+00
    127.310     8.7772   3.613301    34.0921       2082     8.6708  0.000e+00
    127.196     8.7766   3.613397    34.0938       2083     8.6750  0.000e+00
    127.096     8.7762   3.613308    34.0933       2084     8.6792  0.000e+00
    126.982     8.7760   3.613237    34.0928       2085     8.6833  0.000e+00
    126.867     8.7757   3.613192    34.0926       2086     8.6875  0.000e+00
    126.750     8.7753   3.613020    34.0912       2087     8.6917  0.000e+00
    126.641     8.7749   3.612968    34.0911       2088     8.6958  0.000e+00
    126.521     8.7745   3.612789    34.0897       2089     8.7000  0.000e+00
    126.406     8.7738   3.612700    34.0894       2090     8.7042  0.000e+00
    126.283     8.7733   3.612565    34.0886       2091     8.7083  0.000e+00
    126.174     8.7727   3.612508    34.0886       2092     8.7125  0.000e+00
    126.063     8.7724   3.612546    34.0894       2093     8.7167  0.000e+00
    125.954     8.7721   3.612341    34.0876       2094     8.7208  0.000e+00
    125.846     8.7716   3.612233    34.0869       2095     8.7250  0.000e+00
    125.749     8.7710   3.611874    34.0838       2096     8.7292  0.000e+00
    125.656     8.7700   3.611695    34.0830       2097     8.7333  0.000e+00
    125.569     8.7686   3.611529    34.0825       2098     8.7375  0.000e+00
    125.481     8.7676   3.611401    34.0823       2099     8.7417  0.000e+00
    125.406     8.7669   3.611267    34.0815       2100     8.7458  0.000e+00
    125.331     8.7662   3.611203    34.0816       2101     8.7500  0.000e+00
    125.258     8.7657   3.611088    34.0809       2102     8.7542  0.000e+00
    125.186     8.7650   3.610908    34.0797       2103     8.7583  0.000e+00
    125.120     8.7644   3.610800    34.0792       2104     8.7625  0.000e+00
    125.047     8.7637   3.610774    34.0796       2105     8.7667  0.000e+00
    124.975     8.7633   3.610729    34.0795       2106     8.7708  0.000e+00
    124.912     8.7633   3.610442    34.0766       2107     8.7750  0.000e+00
    124.845     8.7626   3.610288    34.0757       2108     8.7792  0.000e+00
    124.770     8.7618   3.610128    34.0748       2109     8.7833  0.000e+00
    124.704     8.7607   3.610013    34.0746       2110     8.7875  0.000e+00
    124.637     8.7598   3.609923    34.0746       2111     8.7917  0.000e+00
    124.562     8.7588   3.609834    34.0746       2112     8.7958  0.000e+00
    124.490     8.7582   3.609744    34.0743       2113     8.8000  0.000e+00
    124.411     8.7576   3.609629    34.0738       2114     8.8042  0.000e+00
    124.327     8.7568   3.609367    34.0718       2115     8.8083  0.000e+00
    124.243     8.7557   3.609297    34.0721       2116     8.8125  0.000e+00
    124.146     8.7548   3.609188    34.0719       2117     8.8167  0.000e+00
    124.047     8.7539   3.608983    34.0707       2118     8.8208  0.000e+00
    123.950     8.7530   3.608587    34.0675       2119     8.8250  0.000e+00
    123.842     8.7515   3.608402    34.0670       2120     8.8292  0.000e+00
    123.733     8.7499   3.608114    34.0655       2121     8.8333  0.000e+00
    123.616     8.7485   3.607800    34.0636       2122     8.8375  0.000e+00
    123.513     8.7466   3.607666    34.0642       2123     8.8417  0.000e+00
    123.411     8.7452   3.607353    34.0623       2124     8.8458  0.000e+00
    123.308     8.7437   3.607180    34.0620       2125     8.8500  0.000e+00
    123.209     8.7421   3.607148    34.0632       2126     8.8542  0.000e+00
    123.128     8.7414   3.607014    34.0625       2127     8.8583  0.000e+00
    123.037     8.7407   3.606880    34.0617       2128     8.8625  0.000e+00
    122.941     8.7402   3.606861    34.0621       2129     8.8667  0.000e+00
    122.859     8.7400   3.606861    34.0623       2130     8.8708  0.000e+00
    122.772     8.7398   3.606733    34.0612       2131     8.8750  0.000e+00
    122.691     8.7394   3.606592    34.0601       2132     8.8792  0.000e+00
    122.600     8.7391   3.606682    34.0614       2133     8.8833  0.000e+00
    122.513     8.7390   3.606592    34.0606       2134     8.8875  0.000e+00
    122.425     8.7388   3.606502    34.0599       2135     8.8917  0.000e+00
    122.329     8.7386   3.606522    34.0604       2136     8.8958  0.000e+00
    122.242     8.7385   3.606477    34.0600       2137     8.9000  0.000e+00
    122.148     8.7383   3.606477    34.0603       2138     8.9042  0.000e+00
    122.058     8.7382   3.606458    34.0602       2139     8.9083  0.000e+00
    121.967     8.7383   3.606432    34.0599       2140     8.9125  0.000e+00
    121.877     8.7379   3.606368    34.0596       2141     8.9167  0.000e+00
    121.787     8.7378   3.606368    34.0597       2142     8.9208  0.000e+00
    121.699     8.7376   3.606342    34.0597       2143     8.9250  0.000e+00
    121.624     8.7377   3.606253    34.0587       2144     8.9292  0.000e+00
    121.539     8.7375   3.606298    34.0594       2145     8.9333  0.000e+00
    121.452     8.7376   3.606342    34.0599       2146     8.9375  0.000e+00
    121.377     8.7375   3.606323    34.0598       2147     8.9417  0.000e+00
    121.298     8.7376   3.606330    34.0597       2148     8.9458  0.000e+00
    121.220     8.7378   3.606368    34.0601       2149     8.9500  0.000e+00
    121.151     8.7378   3.606368    34.0601       2150     8.9542  0.000e+00
    121.078     8.7378   3.606387    34.0603       2151     8.9583  0.000e+00
    121.000     8.7378   3.606387    34.0603       2152     8.9625  0.000e+00
    120.931     8.7381   3.606457    34.0608       2153     8.9667  0.000e+00
    120.852     8.7384   3.606457    34.0606       2154     8.9708  0.000e+00
    120.774     8.7387   3.606476    34.0606       2155     8.9750  0.000e+00
    120.699     8.7387   3.606457    34.0604       2156     8.9792  0.000e+00
    120.608     8.7389   3.606412    34.0597       2157     8.9833  0.000e+00
    120.518     8.7388   3.606457    34.0603       2158     8.9875  0.000e+00
    120.424     8.7387   3.606431    34.0602       2159     8.9917  0.000e+00
    120.325     8.7389   3.606431    34.0600       2160     8.9958  0.000e+00
    120.223     8.7388   3.606431    34.0602       2161     9.0000  0.000e+00
    120.123     8.7388   3.606476    34.0607       2162     9.0042  0.000e+00
    120.009     8.7390   3.606502    34.0609       2163     9.0083  0.000e+00
    119.897     8.7393   3.606502    34.0606       2164     9.0125  0.000e+00
    119.780     8.7393   3.606559    34.0613       2165     9.0167  0.000e+00
    119.665     8.7396   3.606636    34.0618       2166     9.0208  0.000e+00
    119.554     8.7402   3.606636    34.0613       2167     9.0250  0.000e+00
    119.442     8.7406   3.606655    34.0612       2168     9.0292  0.000e+00
    119.334     8.7408   3.606815    34.0627       2169     9.0333  0.000e+00
    119.228     8.7414   3.606878    34.0629       2170     9.0375  0.000e+00
    119.129     8.7418   3.606878    34.0625       2171     9.0417  0.000e+00
    119.026     8.7423   3.607038    34.0638       2172     9.0458  0.000e+00
    118.930     8.7432   3.607236    34.0650       2173     9.0500  0.000e+00
    118.842     8.7442   3.607307    34.0649       2174     9.0542  0.000e+00
    118.761     8.7451   3.607307    34.0640       2175     9.0583  0.000e+00
    118.674     8.7457   3.607287    34.0633       2176     9.0625  0.000e+00
    118.595     8.7459   3.607351    34.0638       2177     9.0667  0.000e+00
    118.526     8.7461   3.607370    34.0639       2178     9.0708  0.000e+00
    118.447     8.7462   3.607351    34.0635       2179     9.0750  0.000e+00
    118.381     8.7465   3.607351    34.0633       2180     9.0792  0.000e+00
    118.315     8.7466   3.607396    34.0637       2181     9.0833  0.000e+00
    118.252     8.7466   3.607326    34.0630       2182     9.0875  0.000e+00
    118.197     8.7465   3.607306    34.0629       2183     9.0917  0.000e+00
    118.134     8.7464   3.607306    34.0631       2184     9.0958  0.000e+00
    118.071     8.7462   3.607326    34.0635       2185     9.1000  0.000e+00
    118.011     8.7464   3.607325    34.0633       2186     9.1042  0.000e+00
    117.947     8.7465   3.607306    34.0631       2187     9.1083  0.000e+00
    117.872     8.7465   3.607242    34.0624       2188     9.1125  0.000e+00
    117.800     8.7462   3.607082    34.0610       2189     9.1167  0.000e+00
    117.718     8.7455   3.606948    34.0604       2190     9.1208  0.000e+00
    117.625     8.7449   3.606878    34.0603       2191     9.1250  0.000e+00
    117.534     8.7442   3.606948    34.0617       2192     9.1292  0.000e+00
    117.435     8.7437   3.606903    34.0617       2193     9.1333  0.000e+00
    117.323     8.7438   3.607038    34.0632       2194     9.1375  0.000e+00
    117.218     8.7438   3.607172    34.0645       2195     9.1417  0.000e+00
    117.106     8.7447   3.607236    34.0644       2196     9.1458  0.000e+00
    116.989     8.7452   3.607306    34.0647       2197     9.1500  0.000e+00
    116.880     8.7459   3.607440    34.0655       2198     9.1542  0.000e+00
    116.766     8.7466   3.607498    34.0655       2199     9.1583  0.000e+00
    116.654     8.7476   3.607504    34.0647       2200     9.1625  0.000e+00
    116.543     8.7481   3.607440    34.0636       2201     9.1667  0.000e+00
    116.440     8.7480   3.607350    34.0628       2202     9.1708  0.000e+00
    116.335     8.7479   3.607306    34.0625       2203     9.1750  0.000e+00
    116.241     8.7473   3.607012    34.0600       2204     9.1792  0.000e+00
    116.148     8.7463   3.606794    34.0587       2205     9.1833  0.000e+00
    116.055     8.7450   3.607216    34.0644       2206     9.1875  0.000e+00
    115.976     8.7453   3.607235    34.0644       2207     9.1917  0.000e+00
    115.883     8.7456   3.607261    34.0644       2208     9.1958  0.000e+00
    115.808     8.7462   3.607261    34.0638       2209     9.2000  0.000e+00
    115.723     8.7465   3.607286    34.0639       2210     9.2042  0.000e+00
    115.642     8.7467   3.607369    34.0646       2211     9.2083  0.000e+00
    115.560     8.7474   3.607325    34.0635       2212     9.2125  0.000e+00
    115.476     8.7476   3.607325    34.0633       2213     9.2167  0.000e+00
    115.392     8.7480   3.607325    34.0631       2214     9.2208  0.000e+00
    115.298     8.7479   3.607325    34.0632       2215     9.2250  0.000e+00
    115.208     8.7480   3.607350    34.0634       2216     9.2292  0.000e+00
    115.129     8.7481   3.607305    34.0628       2217     9.2333  0.000e+00
    115.033     8.7481   3.607350    34.0634       2218     9.2375  0.000e+00
    114.958     8.7482   3.607305    34.0628       2219     9.2417  0.000e+00
    114.873     8.7482   3.607216    34.0619       2220     9.2458  0.000e+00
    114.795     8.7480   3.606813    34.0580       2221     9.2500  0.000e+00
    114.714     8.7468   3.605982    34.0504       2222     9.2542  0.000e+00
    114.641     8.7445   3.605873    34.0515       2223     9.2583  0.000e+00
    114.569     8.7420   3.605471    34.0497       2224     9.2625  0.000e+00
    114.484     8.7400   3.604576    34.0422       2225     9.2667  0.000e+00
    114.406     8.7369   3.604378    34.0432       2226     9.2708  0.000e+00
    114.316     8.7345   3.604307    34.0448       2227     9.2750  0.000e+00
    114.228     8.7330   3.604263    34.0458       2228     9.2792  0.000e+00
    114.138     8.7322   3.604243    34.0464       2229     9.2833  0.000e+00
    114.041     8.7318   3.604218    34.0466       2230     9.2875  0.000e+00
    113.939     8.7316   3.604173    34.0463       2231     9.2917  0.000e+00
    113.849     8.7315   3.604020    34.0449       2232     9.2958  0.000e+00
    113.737     8.7311   3.603834    34.0434       2233     9.3000  0.000e+00
    113.632     8.7306   3.603726    34.0427       2234     9.3042  0.000e+00
    113.526     8.7300   3.603483    34.0408       2235     9.3083  0.000e+00
    113.421     8.7294   3.603214    34.0387       2236     9.3125  0.000e+00
    113.306     8.7285   3.602767    34.0349       2237     9.3167  0.000e+00
    113.195     8.7270   3.602365    34.0321       2238     9.3208  0.000e+00
    113.086     8.7249   3.601630    34.0264       2239     9.3250  0.000e+00
    112.978     8.7219   3.600627    34.0188       2240     9.3292  0.000e+00
    112.869     8.7176   3.599598    34.0122       2241     9.3333  0.000e+00
    112.770     8.7125   3.598883    34.0097       2242     9.3375  0.000e+00
    112.670     8.7072   3.598487    34.0106       2243     9.3417  0.000e+00
    112.583     8.7027   3.597370    34.0032       2244     9.3458  0.000e+00
    112.489     8.6974   3.596367    33.9978       2245     9.3500  0.000e+00
    112.408     8.6918   3.596061    34.0000       2246     9.3542  0.000e+00
    112.330     8.6875   3.595275    33.9959       2247     9.3583  0.000e+00
    112.251     8.6829   3.594209    33.9892       2248     9.3625  0.000e+00
    112.179     8.6780   3.593316    33.9845       2249     9.3667  0.000e+00
    112.104     8.6726   3.593207    33.9885       2250     9.3708  0.000e+00
    112.046     8.6690   3.592958    33.9894       2251     9.3750  0.000e+00
    111.983     8.6667   3.592805    33.9901       2252     9.3792  0.000e+00
    111.917     8.6651   3.592792    33.9915       2253     9.3833  0.000e+00
    111.847     8.6642   3.592563    33.9900       2254     9.3875  0.000e+00
    111.781     8.6634   3.592582    33.9910       2255     9.3917  0.000e+00
    111.715     8.6627   3.592448    33.9902       2256     9.3958  0.000e+00
    111.630     8.6624   3.592448    33.9906       2257     9.4000  0.000e+00
    111.546     8.6621   3.592339    33.9898       2258     9.4042  0.000e+00
    111.459     8.6616   3.592250    33.9894       2259     9.4083  0.000e+00
    111.362     8.6612   3.592097    33.9882       2260     9.4125  0.000e+00
    111.263     8.6605   3.591918    33.9871       2261     9.4167  0.000e+00
    111.160     8.6598   3.591669    33.9851       2262     9.4208  0.000e+00
    111.046     8.6588   3.591382    33.9831       2263     9.4250  0.000e+00
    110.937     8.6576   3.591095    33.9813       2264     9.4292  0.000e+00
    110.823     8.6562   3.590667    33.9782       2265     9.4333  0.000e+00
    110.711     8.6545   3.590182    33.9748       2266     9.4375  0.000e+00
