HB2302/sbe185.cnv
* Sea-Bird SBE 19plus V2 Data File:
* FileName = C:\cruise\data\sbe185.hex
* Software Version Seasave V 7.26.7.121
* Temperature SN = 4758
* Conductivity SN = 4758
* System UpLoad Time = Jun 26 2023 02:21:42
* NMEA Latitude = 40 42.19 N
* NMEA Longitude = 070 04.42 W
* NMEA UTC (Time) = Jun 26 2023 02:21:41
** Cruise: HB2302
** Program: Ecomon
** Chief Scientist: Jerry Prezioso
# nquan = 7
# nvalues = 1337                                  
# units = specified
# name 0 = depSM: Depth [salt water, m]
# name 1 = tv290C: Temperature [ITS-90, deg C]
# name 2 = c0S/m: Conductivity [S/m]
# name 3 = sal00: Salinity, Practical [PSU]
# name 4 = scan: Scan Count
# name 5 = timeM: Time, Elapsed [minutes]
# name 6 = flag:  0.000e+00
# span 0 =     -0.096,     39.590                 
# span 1 =    10.5869,    19.1144                 
# span 2 =   0.000355,   4.311900                 
# span 3 =     0.0102,    35.8400                 
# span 4 =         11,       1347                 
# span 5 =     0.0417,     5.6083                 
# span 6 = 0.0000e+00, 0.0000e+00                 
# interval = seconds: 0.25
# start_time = Jun 26 2023 02:21:41 [NMEA time, header]
# bad_flag = -9.990e-29
*END*
[from data line 206]
      3.893    18.7608   4.306299    31.9905        217     0.9000  0.000e+00
      4.095    18.7756   4.306650    31.9819        218     0.9042  0.000e+00
      4.297    18.7865   4.306224    31.9699        219     0.9083  0.000e+00
      4.491    18.7926   4.305090    31.9557        220     0.9125  0.000e+00
      4.690    18.7956   4.304362    31.9472        221     0.9167  0.000e+00
      4.868    18.7359   4.300401    31.9605        222     0.9208  0.000e+00
      5.038    18.5078   4.285819    32.0159        223     0.9250  0.000e+00
      5.195    18.1438   4.292538    32.3574        224     0.9292  0.000e+00
      5.352    17.8790   4.305254    32.6754        225     0.9333  0.000e+00
      5.515    17.7216   4.306136    32.8092        226     0.9375  0.000e+00
      5.675    17.8887   4.306113    32.6748        227     0.9417  0.000e+00
      5.835    18.1679   4.306130    32.4525        228     0.9458  0.000e+00
      5.989    18.3950   4.306051    32.2727        229     0.9500  0.000e+00
      6.140    18.5555   4.305802    32.1450        230     0.9542  0.000e+00
      6.291    18.6571   4.304667    32.0565        231     0.9583  0.000e+00
      6.433    18.7169   4.303966    32.0042        232     0.9625  0.000e+00
      6.563    18.7427   4.303787    31.9827        233     0.9667  0.000e+00
      6.678    18.7458   4.303787    31.9803        234     0.9708  0.000e+00
      6.790    18.7397   4.300779    31.9600        235     0.9750  0.000e+00
      6.884    18.7346   4.298452    31.9446        236     0.9792  0.000e+00
      6.971    18.7292   4.297540    31.9411        237     0.9833  0.000e+00
      7.062    18.7221   4.300725    31.9730        238     0.9875  0.000e+00
      7.159    18.7141   4.303410    32.0015        239     0.9917  0.000e+00
      7.255    18.6996   4.304866    32.0248        240     0.9958  0.000e+00
      7.355    18.6901   4.304495    32.0291        241     1.0000  0.000e+00
      7.464    18.6964   4.304646    32.0254        242     1.0042  0.000e+00
      7.582    18.7011   4.304818    32.0232        243     1.0083  0.000e+00
      7.699    18.7031   4.304818    32.0216        244     1.0125  0.000e+00
      7.835    18.7049   4.303946    32.0128        245     1.0167  0.000e+00
      7.971    18.7054   4.302559    32.0009        246     1.0208  0.000e+00
      8.110    18.7052   4.302236    31.9983        247     1.0250  0.000e+00
      8.270    18.7012   4.302737    32.0056        248     1.0292  0.000e+00
      8.418    18.6971   4.302889    32.0099        249     1.0333  0.000e+00
      8.582    18.6938   4.302600    32.0100        250     1.0375  0.000e+00
      8.742    18.6441   4.301303    32.0377        251     1.0417  0.000e+00
      8.893    18.4263   4.294189    32.1480        252     1.0458  0.000e+00
      9.041    17.9878   4.267758    32.2703        253     1.0500  0.000e+00
      9.180    17.3279   4.226929    32.4479        254     1.0542  0.000e+00
      9.316    16.7170   4.180356    32.5387        255     1.0583  0.000e+00
      9.446    16.1451   4.124415    32.5154        256     1.0625  0.000e+00
      9.566    15.6324   4.071333    32.4666        257     1.0667  0.000e+00
      9.690    15.1724   4.033700    32.5102        258     1.0708  0.000e+00
      9.811    14.7890   4.016200    32.6721        259     1.0750  0.000e+00
      9.926    14.5148   4.025721    32.9905        260     1.0792  0.000e+00
     10.035    14.3674   4.127213    34.0496        261     1.0833  0.000e+00
     10.153    14.2976   4.203562    34.8171        262     1.0875  0.000e+00
     10.270    14.2978   4.263232    35.3702        263     1.0917  0.000e+00
     10.388    14.6609   4.276034    35.1574        264     1.0958  0.000e+00
     10.497    15.2765   4.258835    34.4511        265     1.1000  0.000e+00
     10.618    15.8994   4.195851    33.3504        266     1.1042  0.000e+00
     10.717    16.3043   4.153229    32.6378        267     1.1083  0.000e+00
     10.820    16.5261   4.151067    32.4380        268     1.1125  0.000e+00
     10.926    16.2625   4.117587    32.3592        269     1.1167  0.000e+00
     11.035    15.6828   4.041293    32.1578        270     1.1208  0.000e+00
     11.144    15.1395   3.995212    32.1910        271     1.1250  0.000e+00
     11.261    14.7159   3.953841    32.1669        272     1.1292  0.000e+00
     11.382    14.3343   3.929487    32.2620        273     1.1333  0.000e+00
     11.506    13.9976   3.915779    32.4182        274     1.1375  0.000e+00
     11.636    13.7372   3.906009    32.5481        275     1.1417  0.000e+00
     11.778    13.5479   3.897877    32.6337        276     1.1458  0.000e+00
     11.920    13.4056   3.892987    32.7098        277     1.1500  0.000e+00
     12.068    13.2924   3.892639    32.8038        278     1.1542  0.000e+00
     12.219    13.2095   3.902862    32.9716        279     1.1583  0.000e+00
     12.382    13.1697   3.958352    33.5298        280     1.1625  0.000e+00
     12.551    13.1858   4.038770    34.2762        281     1.1667  0.000e+00
     12.715    13.1906   4.093798    34.7936        282     1.1708  0.000e+00
     12.890    13.2235   4.170523    35.4925        283     1.1750  0.000e+00
     13.065    13.5128   4.183503    35.3461        284     1.1792  0.000e+00
     13.252    14.1270   4.159846    34.5640        285     1.1833  0.000e+00
     13.446    14.9603   4.131413    33.5705        286     1.1875  0.000e+00
     13.633    15.6089   4.115244    32.8756        287     1.1917  0.000e+00
     13.811    15.9558   4.114740    32.5837        288     1.1958  0.000e+00
     13.993    16.1226   4.161343    32.8575        289     1.2000  0.000e+00
     14.174    16.1937   4.191588    33.0650        290     1.2042  0.000e+00
     14.334    16.3595   4.202706    33.0251        291     1.2083  0.000e+00
     14.479    16.6158   4.207743    32.8578        292     1.2125  0.000e+00
     14.630    16.8607   4.211959    32.6942        293     1.2167  0.000e+00
     14.757    17.0667   4.214550    32.5496        294     1.2208  0.000e+00
     14.878    17.2138   4.215821    32.4421        295     1.2250  0.000e+00
     14.971    17.3107   4.217897    32.3821        296     1.2292  0.000e+00
     15.068    17.3795   4.222017    32.3624        297     1.2333  0.000e+00
     15.147    17.4270   4.223611    32.3380        298     1.2375  0.000e+00
     15.219    17.4732   4.226541    32.3262        299     1.2417  0.000e+00
     15.301    17.5315   4.229581    32.3057        300     1.2458  0.000e+00
     15.373    17.5841   4.230882    32.2749        301     1.2500  0.000e+00
     15.455    17.6372   4.230507    32.2296        302     1.2542  0.000e+00
     15.539    17.6817   4.229845    32.1887        303     1.2583  0.000e+00
     15.630    17.7113   4.231201    32.1768        304     1.2625  0.000e+00
     15.739    17.7246   4.233950    32.1895        305     1.2667  0.000e+00
     15.854    17.7273   4.233459    32.1832        306     1.2708  0.000e+00
     15.981    17.7371   4.224997    32.1036        307     1.2750  0.000e+00
     16.126    17.7471   4.219097    32.0457        308     1.2792  0.000e+00
     16.280    17.7386   4.228883    32.1353        309     1.2833  0.000e+00
     16.446    17.7030   4.230881    32.1803        310     1.2875  0.000e+00
     16.624    17.6572   4.231543    32.2221        311     1.2917  0.000e+00
     16.808    17.6075   4.233781    32.2805        312     1.2958  0.000e+00
     16.999    17.5698   4.235651    32.3264        313     1.3000  0.000e+00
     17.195    17.5826   4.236047    32.3194        314     1.3042  0.000e+00
     17.385    17.6122   4.237056    32.3045        315     1.3083  0.000e+00
     17.570    17.6436   4.238857    32.2948        316     1.3125  0.000e+00
     17.766    17.6701   4.239246    32.2769        317     1.3167  0.000e+00
     17.944    17.6976   4.238509    32.2489        318     1.3208  0.000e+00
     18.117    17.7284   4.237894    32.2192        319     1.3250  0.000e+00
     18.258    17.7567   4.236379    32.1839        320     1.3292  0.000e+00
     18.413    17.7752   4.235137    32.1587        321     1.3333  0.000e+00
     18.546    17.7808   4.236365    32.1647        322     1.3375  0.000e+00
     18.678    17.7755   4.234394    32.1520        323     1.3417  0.000e+00
     18.805    17.7707   4.231195    32.1287        324     1.3458  0.000e+00
     18.923    17.7673   4.230275    32.1235        325     1.3500  0.000e+00
     19.041    17.7642   4.228004    32.1067        326     1.3542  0.000e+00
     19.162    17.7546   4.224589    32.0852        327     1.3583  0.000e+00
     19.283    17.7244   4.221857    32.0858        328     1.3625  0.000e+00
     19.401    17.6836   4.220005    32.1023        329     1.3667  0.000e+00
     19.527    17.6498   4.218214    32.1136        330     1.3708  0.000e+00
     19.663    17.6188   4.216478    32.1233        331     1.3750  0.000e+00
     19.799    17.5976   4.214374    32.1221        332     1.3792  0.000e+00
     19.935    17.5852   4.207759    32.0756        333     1.3833  0.000e+00
     20.071    17.5741   4.202011    32.0354        334     1.3875  0.000e+00
     20.210    17.5593   4.202263    32.0492        335     1.3917  0.000e+00
     20.343    17.3876   4.199648    32.1627        336     1.3958  0.000e+00
     20.479    16.7763   4.131391    32.0621        337     1.4000  0.000e+00
     20.615    15.9441   4.010337    31.6700        338     1.4042  0.000e+00
     20.748    15.1526   3.929593    31.5882        339     1.4083  0.000e+00
     20.881    14.3669   3.874620    31.7301        340     1.4125  0.000e+00
     21.020    13.7365   3.850337    32.0287        341     1.4167  0.000e+00
     21.150    13.2937   3.839365    32.2994        342     1.4208  0.000e+00
     21.295    12.9772   3.848103    32.6523        343     1.4250  0.000e+00
     21.431    12.7597   3.874015    33.0872        344     1.4292  0.000e+00
     21.579    12.6741   3.925980    33.6585        345     1.4333  0.000e+00
     21.733    12.6970   3.988982    34.2408        346     1.4375  0.000e+00
     21.887    12.7028   4.023377    34.5651        347     1.4417  0.000e+00
     22.056    12.6459   4.098493    35.3401        348     1.4458  0.000e+00
     22.214    12.7394   4.159544    35.8400        349     1.4500  0.000e+00
     22.371    13.3119   4.150919    35.2198        350     1.4542  0.000e+00
     22.540    14.2391   4.136154    34.2405        351     1.4583  0.000e+00
     22.694    15.0290   4.132516    33.5178        352     1.4625  0.000e+00
     22.851    15.5342   4.121986    32.9946        353     1.4667  0.000e+00
     22.987    15.8620   4.120208    32.7060        354     1.4708  0.000e+00
     23.135    16.0470   4.126494    32.6091        355     1.4750  0.000e+00
     23.262    16.1328   4.132691    32.5932        356     1.4792  0.000e+00
     23.392    16.2066   4.133000    32.5355        357     1.4833  0.000e+00
     23.492    16.2835   4.130609    32.4517        358     1.4875  0.000e+00
     23.603    16.3568   4.128366    32.3724        359     1.4917  0.000e+00
     23.694    16.4080   4.125517    32.3060        360     1.4958  0.000e+00
     23.797    16.4388   4.122784    32.2571        361     1.5000  0.000e+00
     23.887    16.4479   4.120072    32.2261        362     1.5042  0.000e+00
     23.987    16.4418   4.110283    32.1455        363     1.5083  0.000e+00
     24.084    16.4263   4.099534    32.0641        364     1.5125  0.000e+00
     24.199    16.3846   4.085354    31.9738        365     1.5167  0.000e+00
     24.314    16.3193   4.075123    31.9367        366     1.5208  0.000e+00
     24.434    16.2201   4.067123    31.9462        367     1.5250  0.000e+00
     24.567    16.1047   4.055290    31.9351        368     1.5292  0.000e+00
     24.706    15.9940   4.045491    31.9379        369     1.5333  0.000e+00
     24.863    15.8844   4.038740    31.9666        370     1.5375  0.000e+00
     25.024    15.7596   3.937708    31.1749        371     1.5417  0.000e+00
     25.187    15.1009   3.709327    29.6623        372     1.5458  0.000e+00
     25.356    13.7533   3.684986    30.4873        373     1.5500  0.000e+00
     25.528    12.7228   3.679681    31.2740        374     1.5542  0.000e+00
     25.706    12.1180   3.676332    31.7494        375     1.5583  0.000e+00
     25.882    11.7924   3.673889    32.0042        376     1.5625  0.000e+00
     26.045    11.6238   3.672815    32.1393        377     1.5667  0.000e+00
     26.196    11.5370   3.671226    32.1991        378     1.5708  0.000e+00
     26.350    11.4921   3.670557    32.2316        379     1.5750  0.000e+00
     26.489    11.4690   3.670120    32.2474        380     1.5792  0.000e+00
     26.622    11.4564   3.669682    32.2541        381     1.5833  0.000e+00
     26.746    11.4490   3.669168    32.2554        382     1.5875  0.000e+00
     26.867    11.4434   3.668344    32.2522        383     1.5917  0.000e+00
     26.985    11.4390   3.668100    32.2536        384     1.5958  0.000e+00
     27.096    11.4357   3.667681    32.2524        385     1.6000  0.000e+00
     27.208    11.4334   3.667295    32.2505        386     1.6042  0.000e+00
     27.320    11.4319   3.667057    32.2495        387     1.6083  0.000e+00
     27.435    11.4311   3.666613    32.2458        388     1.6125  0.000e+00
     27.550    11.4300   3.666337    32.2440        389     1.6167  0.000e+00
     27.670    11.4279   3.665951    32.2420        390     1.6208  0.000e+00
     27.791    11.4254   3.665192    32.2367        391     1.6250  0.000e+00
     27.918    11.4205   3.664561    32.2347        392     1.6292  0.000e+00
     28.060    11.4134   3.663037    32.2260        393     1.6333  0.000e+00
     28.208    11.4021   3.661031    32.2161        394     1.6375  0.000e+00
     28.365    11.3852   3.659507    32.2159        395     1.6417  0.000e+00
     28.523    11.3668   3.657418    32.2114        396     1.6458  0.000e+00
     28.674    11.3469   3.656313    32.2179        397     1.6500  0.000e+00
     28.828    11.3282   3.654899    32.2203        398     1.6542  0.000e+00
     28.997    11.3105   3.653466    32.2216        399     1.6583  0.000e+00
     29.151    11.2931   3.651764    32.2201        400     1.6625  0.000e+00
     29.296    11.2751   3.650820    32.2265        401     1.6667  0.000e+00
     29.444    11.2597   3.649703    32.2288        402     1.6708  0.000e+00
     29.580    11.2457   3.648483    32.2290        403     1.6750  0.000e+00
     29.719    11.2316   3.646916    32.2260        404     1.6792  0.000e+00
     29.855    11.2163   3.645286    32.2232        405     1.6833  0.000e+00
     29.976    11.2003   3.643566    32.2203        406     1.6875  0.000e+00
     30.100    11.1808   3.642796    32.2297        407     1.6917  0.000e+00
     30.209    11.1642   3.641936    32.2357        408     1.6958  0.000e+00
     30.336    11.1510   3.641012    32.2381        409     1.7000  0.000e+00
     30.453    11.1393   3.639928    32.2377        410     1.7042  0.000e+00
     30.571    11.1271   3.638370    32.2329        411     1.7083  0.000e+00
     30.692    11.1125   3.637138    32.2336        412     1.7125  0.000e+00
     30.816    11.0958   3.635683    32.2338        413     1.7167  0.000e+00
     30.952    11.0792   3.635459    32.2461        414     1.7208  0.000e+00
     31.091    11.0672   3.635164    32.2537        415     1.7250  0.000e+00
     31.233    11.0587   3.635074    32.2602        416     1.7292  0.000e+00
     31.387    11.0533   3.634645    32.2607        417     1.7333  0.000e+00
     31.547    11.0484   3.634375    32.2622        418     1.7375  0.000e+00
     31.710    11.0430   3.633811    32.2613        419     1.7417  0.000e+00
     31.883    11.0370   3.633555    32.2640        420     1.7458  0.000e+00
