HB2302/sbe143.cnv
* Sea-Bird SBE 19plus V2 Data File:
* FileName = C:\cruise\data\sbe143.hex
* Software Version Seasave V 7.26.7.121
* Temperature SN = 4758
* Conductivity SN = 4758
* System UpLoad Time = Jun 21 2023 14:26:17
* NMEA Latitude = 43 03.31 N
* NMEA Longitude = 067 59.57 W
* NMEA UTC (Time) = Jun 21 2023 14:26:17
** Cruise: HB2302
** Program: Ecomon
** Chief Scientist: Jerry Prezioso
# nquan = 7
# nvalues = 5983                                  
# units = specified
# name 0 = depSM: Depth [salt water, m]
# name 1 = tv290C: Temperature [ITS-90, deg C]
# name 2 = c0S/m: Conductivity [S/m]
# name 3 = sal00: Salinity, Practical [PSU]
# name 4 = scan: Scan Count
# name 5 = timeM: Time, Elapsed [minutes]
# name 6 = flag:  0.000e+00
# span 0 =      0.024,    194.938                 
# span 1 =     7.2287,    13.1983                 
# span 2 =   0.000743,   3.748983                 
# span 3 =     0.0096,    33.7265                 
# span 4 =         11,       5993                 
# span 5 =     0.0417,    24.9667                 
# span 6 = 0.0000e+00, 0.0000e+00                 
# interval = seconds: 0.25
# start_time = Jun 21 2023 14:26:17 [NMEA time, header]
# bad_flag = -9.990e-29
*END*
[from data line 3898]
     81.291     7.2316   3.333383    32.5990       3909    16.2833  0.000e+00
     81.270     7.2315   3.333402    32.5992       3910    16.2875  0.000e+00
     81.234     7.2313   3.333365    32.5990       3911    16.2917  0.000e+00
     81.203     7.2315   3.333334    32.5985       3912    16.2958  0.000e+00
     81.185     7.2318   3.333346    32.5984       3913    16.3000  0.000e+00
     81.158     7.2319   3.333359    32.5984       3914    16.3042  0.000e+00
     81.134     7.2320   3.333328    32.5981       3915    16.3083  0.000e+00
     81.116     7.2320   3.333359    32.5984       3916    16.3125  0.000e+00
     81.092     7.2319   3.333365    32.5985       3917    16.3167  0.000e+00
     81.083     7.2320   3.333377    32.5986       3918    16.3208  0.000e+00
     81.062     7.2320   3.333365    32.5984       3919    16.3250  0.000e+00
     81.038     7.2322   3.333359    32.5982       3920    16.3292  0.000e+00
     81.023     7.2324   3.333346    32.5979       3921    16.3333  0.000e+00
     81.001     7.2325   3.333290    32.5973       3922    16.3375  0.000e+00
     80.989     7.2325   3.333303    32.5974       3923    16.3417  0.000e+00
     80.962     7.2325   3.333272    32.5970       3924    16.3458  0.000e+00
     80.941     7.2327   3.333284    32.5970       3925    16.3500  0.000e+00
     80.917     7.2328   3.333290    32.5970       3926    16.3542  0.000e+00
     80.893     7.2328   3.333266    32.5967       3927    16.3583  0.000e+00
     80.860     7.2328   3.333272    32.5968       3928    16.3625  0.000e+00
     80.830     7.2328   3.333284    32.5969       3929    16.3667  0.000e+00
     80.809     7.2328   3.333210    32.5961       3930    16.3708  0.000e+00
     80.781     7.2330   3.333204    32.5960       3931    16.3750  0.000e+00
     80.751     7.2328   3.333185    32.5959       3932    16.3792  0.000e+00
     80.724     7.2329   3.333142    32.5954       3933    16.3833  0.000e+00
     80.703     7.2329   3.333142    32.5954       3934    16.3875  0.000e+00
     80.679     7.2330   3.333142    32.5953       3935    16.3917  0.000e+00
     80.658     7.2328   3.333185    32.5959       3936    16.3958  0.000e+00
     80.637     7.2330   3.333166    32.5956       3937    16.4000  0.000e+00
     80.613     7.2329   3.333160    32.5956       3938    16.4042  0.000e+00
     80.586     7.2330   3.333166    32.5956       3939    16.4083  0.000e+00
     80.558     7.2330   3.333123    32.5951       3940    16.4125  0.000e+00
     80.528     7.2328   3.333123    32.5953       3941    16.4167  0.000e+00
     80.507     7.2330   3.333141    32.5954       3942    16.4208  0.000e+00
     80.480     7.2330   3.333055    32.5945       3943    16.4250  0.000e+00
     80.450     7.2328   3.333061    32.5947       3944    16.4292  0.000e+00
     80.432     7.2330   3.333055    32.5945       3945    16.4333  0.000e+00
     80.402     7.2329   3.333098    32.5951       3946    16.4375  0.000e+00
     80.375     7.2328   3.333036    32.5945       3947    16.4417  0.000e+00
     80.353     7.2330   3.333017    32.5941       3948    16.4458  0.000e+00
     80.326     7.2330   3.333098    32.5950       3949    16.4500  0.000e+00
     80.293     7.2329   3.333061    32.5947       3950    16.4542  0.000e+00
     80.269     7.2330   3.332968    32.5936       3951    16.4583  0.000e+00
     80.248     7.2330   3.333079    32.5949       3952    16.4625  0.000e+00
     80.215     7.2330   3.333079    32.5948       3953    16.4667  0.000e+00
     80.185     7.2330   3.333061    32.5946       3954    16.4708  0.000e+00
     80.161     7.2331   3.333036    32.5943       3955    16.4750  0.000e+00
     80.136     7.2329   3.333079    32.5950       3956    16.4792  0.000e+00
     80.109     7.2330   3.333055    32.5946       3957    16.4833  0.000e+00
     80.094     7.2332   3.333036    32.5942       3958    16.4875  0.000e+00
     80.067     7.2331   3.332924    32.5932       3959    16.4917  0.000e+00
     80.049     7.2331   3.332893    32.5928       3960    16.4958  0.000e+00
     80.028     7.2330   3.332862    32.5926       3961    16.5000  0.000e+00
     80.016     7.2330   3.332856    32.5925       3962    16.5042  0.000e+00
     79.992     7.2330   3.332819    32.5921       3963    16.5083  0.000e+00
     79.974     7.2329   3.332937    32.5935       3964    16.5125  0.000e+00
     79.953     7.2329   3.332949    32.5937       3965    16.5167  0.000e+00
     79.926     7.2331   3.332794    32.5918       3966    16.5208  0.000e+00
     79.910     7.2331   3.332670    32.5905       3967    16.5250  0.000e+00
     79.889     7.2331   3.332670    32.5905       3968    16.5292  0.000e+00
     79.868     7.2332   3.332646    32.5901       3969    16.5333  0.000e+00
     79.835     7.2333   3.332590    32.5894       3970    16.5375  0.000e+00
     79.817     7.2333   3.332565    32.5891       3971    16.5417  0.000e+00
     79.796     7.2332   3.332590    32.5895       3972    16.5458  0.000e+00
     79.772     7.2333   3.332540    32.5889       3973    16.5500  0.000e+00
     79.748     7.2333   3.332633    32.5900       3974    16.5542  0.000e+00
     79.724     7.2333   3.332627    32.5899       3975    16.5583  0.000e+00
     79.696     7.2333   3.332608    32.5897       3976    16.5625  0.000e+00
     79.675     7.2332   3.332608    32.5898       3977    16.5667  0.000e+00
     79.657     7.2332   3.332627    32.5900       3978    16.5708  0.000e+00
     79.639     7.2333   3.332652    32.5902       3979    16.5750  0.000e+00
     79.612     7.2333   3.332627    32.5900       3980    16.5792  0.000e+00
     79.588     7.2332   3.332670    32.5905       3981    16.5833  0.000e+00
     79.570     7.2333   3.332670    32.5905       3982    16.5875  0.000e+00
     79.549     7.2332   3.332652    32.5903       3983    16.5917  0.000e+00
     79.528     7.2330   3.332608    32.5900       3984    16.5958  0.000e+00
     79.498     7.2331   3.332608    32.5899       3985    16.6000  0.000e+00
     79.464     7.2332   3.332565    32.5894       3986    16.6042  0.000e+00
     79.437     7.2331   3.332608    32.5900       3987    16.6083  0.000e+00
     79.410     7.2333   3.332608    32.5899       3988    16.6125  0.000e+00
     79.374     7.2333   3.332590    32.5897       3989    16.6167  0.000e+00
     79.341     7.2331   3.332583    32.5897       3990    16.6208  0.000e+00
     79.296     7.2331   3.332509    32.5890       3991    16.6250  0.000e+00
     79.272     7.2332   3.332410    32.5878       3992    16.6292  0.000e+00
     79.238     7.2331   3.332305    32.5868       3993    16.6333  0.000e+00
     79.205     7.2328   3.332286    32.5869       3994    16.6375  0.000e+00
     79.175     7.2327   3.332305    32.5873       3995    16.6417  0.000e+00
     79.145     7.2328   3.332243    32.5864       3996    16.6458  0.000e+00
     79.130     7.2327   3.332404    32.5883       3997    16.6500  0.000e+00
     79.106     7.2327   3.332304    32.5872       3998    16.6542  0.000e+00
     79.097     7.2327   3.332224    32.5864       3999    16.6583  0.000e+00
     79.073     7.2325   3.332304    32.5875       4000    16.6625  0.000e+00
     79.061     7.2326   3.332466    32.5891       4001    16.6667  0.000e+00
     79.055     7.2328   3.332323    32.5873       4002    16.6708  0.000e+00
     79.048     7.2328   3.332304    32.5872       4003    16.6750  0.000e+00
     79.033     7.2327   3.332323    32.5875       4004    16.6792  0.000e+00
     79.027     7.2326   3.332348    32.5879       4005    16.6833  0.000e+00
     79.021     7.2328   3.332242    32.5865       4006    16.6875  0.000e+00
     79.006     7.2327   3.332181    32.5860       4007    16.6917  0.000e+00
     78.994     7.2325   3.332088    32.5851       4008    16.6958  0.000e+00
     78.979     7.2322   3.332100    32.5855       4009    16.7000  0.000e+00
     78.964     7.2322   3.332044    32.5849       4010    16.7042  0.000e+00
     78.943     7.2322   3.332019    32.5847       4011    16.7083  0.000e+00
     78.913     7.2320   3.332007    32.5847       4012    16.7125  0.000e+00
     78.880     7.2321   3.332081    32.5855       4013    16.7167  0.000e+00
     78.856     7.2321   3.332218    32.5870       4014    16.7208  0.000e+00
     78.822     7.2322   3.332063    32.5852       4015    16.7250  0.000e+00
     78.792     7.2322   3.332131    32.5860       4016    16.7292  0.000e+00
     78.750     7.2322   3.332143    32.5862       4017    16.7333  0.000e+00
     78.711     7.2322   3.332131    32.5860       4018    16.7375  0.000e+00
     78.684     7.2322   3.332118    32.5859       4019    16.7417  0.000e+00
     78.654     7.2322   3.332112    32.5859       4020    16.7458  0.000e+00
     78.630     7.2321   3.332038    32.5851       4021    16.7500  0.000e+00
     78.599     7.2320   3.331964    32.5845       4022    16.7542  0.000e+00
     78.587     7.2320   3.331976    32.5846       4023    16.7583  0.000e+00
     78.563     7.2319   3.331939    32.5843       4024    16.7625  0.000e+00
     78.548     7.2319   3.331877    32.5837       4025    16.7667  0.000e+00
     78.536     7.2318   3.331833    32.5832       4026    16.7708  0.000e+00
     78.524     7.2317   3.331747    32.5824       4027    16.7750  0.000e+00
     78.503     7.2317   3.331796    32.5830       4028    16.7792  0.000e+00
     78.488     7.2317   3.331790    32.5829       4029    16.7833  0.000e+00
     78.467     7.2317   3.331771    32.5827       4030    16.7875  0.000e+00
     78.446     7.2315   3.331790    32.5831       4031    16.7917  0.000e+00
     78.419     7.2316   3.331716    32.5823       4032    16.7958  0.000e+00
     78.395     7.2316   3.331765    32.5828       4033    16.8000  0.000e+00
     78.373     7.2317   3.331716    32.5822       4034    16.8042  0.000e+00
     78.352     7.2317   3.331728    32.5823       4035    16.8083  0.000e+00
     78.322     7.2315   3.331691    32.5821       4036    16.8125  0.000e+00
     78.289     7.2315   3.331685    32.5820       4037    16.8167  0.000e+00
     78.256     7.2314   3.331629    32.5816       4038    16.8208  0.000e+00
     78.223     7.2314   3.331703    32.5823       4039    16.8250  0.000e+00
     78.199     7.2314   3.331753    32.5829       4040    16.8292  0.000e+00
     78.171     7.2316   3.331920    32.5845       4041    16.8333  0.000e+00
     78.138     7.2316   3.331833    32.5836       4042    16.8375  0.000e+00
     78.108     7.2317   3.331728    32.5824       4043    16.8417  0.000e+00
     78.087     7.2316   3.331753    32.5828       4044    16.8458  0.000e+00
     78.063     7.2315   3.331747    32.5828       4045    16.8500  0.000e+00
     78.033     7.2316   3.331629    32.5815       4046    16.8542  0.000e+00
     78.018     7.2316   3.331877    32.5842       4047    16.8583  0.000e+00
     77.988     7.2317   3.332019    32.5856       4048    16.8625  0.000e+00
     77.967     7.2318   3.332025    32.5856       4049    16.8667  0.000e+00
     77.951     7.2319   3.332038    32.5856       4050    16.8708  0.000e+00
     77.924     7.2320   3.332069    32.5859       4051    16.8750  0.000e+00
     77.906     7.2322   3.331957    32.5845       4052    16.8792  0.000e+00
     77.882     7.2322   3.331808    32.5829       4053    16.8833  0.000e+00
     77.864     7.2319   3.331796    32.5830       4054    16.8875  0.000e+00
     77.843     7.2319   3.331895    32.5841       4055    16.8917  0.000e+00
     77.825     7.2318   3.331858    32.5838       4056    16.8958  0.000e+00
     77.810     7.2319   3.331895    32.5842       4057    16.9000  0.000e+00
     77.798     7.2318   3.331833    32.5836       4058    16.9042  0.000e+00
     77.777     7.2317   3.331660    32.5818       4059    16.9083  0.000e+00
     77.750     7.2316   3.331629    32.5816       4060    16.9125  0.000e+00
     77.734     7.2316   3.331808    32.5836       4061    16.9167  0.000e+00
     77.725     7.2317   3.331920    32.5847       4062    16.9208  0.000e+00
     77.698     7.2317   3.331808    32.5834       4063    16.9250  0.000e+00
     77.677     7.2316   3.331715    32.5825       4064    16.9292  0.000e+00
     77.662     7.2316   3.331808    32.5836       4065    16.9333  0.000e+00
     77.641     7.2316   3.331796    32.5835       4066    16.9375  0.000e+00
     77.623     7.2316   3.331728    32.5827       4067    16.9417  0.000e+00
     77.590     7.2317   3.331691    32.5823       4068    16.9458  0.000e+00
     77.563     7.2316   3.331728    32.5827       4069    16.9500  0.000e+00
     77.533     7.2315   3.331715    32.5827       4070    16.9542  0.000e+00
     77.505     7.2315   3.331660    32.5821       4071    16.9583  0.000e+00
     77.472     7.2316   3.331653    32.5820       4072    16.9625  0.000e+00
     77.442     7.2315   3.331641    32.5820       4073    16.9667  0.000e+00
     77.409     7.2314   3.331406    32.5795       4074    16.9708  0.000e+00
     77.388     7.2313   3.331511    32.5807       4075    16.9750  0.000e+00
     77.349     7.2312   3.331548    32.5813       4076    16.9792  0.000e+00
     77.331     7.2313   3.331486    32.5806       4077    16.9833  0.000e+00
     77.300     7.2313   3.331591    32.5817       4078    16.9875  0.000e+00
     77.276     7.2314   3.331703    32.5828       4079    16.9917  0.000e+00
     77.255     7.2313   3.331511    32.5808       4080    16.9958  0.000e+00
     77.237     7.2313   3.331443    32.5801       4081    17.0000  0.000e+00
     77.222     7.2313   3.331430    32.5800       4082    17.0042  0.000e+00
     77.207     7.2311   3.331405    32.5799       4083    17.0083  0.000e+00
     77.195     7.2311   3.331443    32.5803       4084    17.0125  0.000e+00
     77.180     7.2311   3.331325    32.5790       4085    17.0167  0.000e+00
     77.168     7.2311   3.331251    32.5783       4086    17.0208  0.000e+00
     77.147     7.2309   3.331344    32.5794       4087    17.0250  0.000e+00
     77.141     7.2308   3.331232    32.5783       4088    17.0292  0.000e+00
     77.117     7.2308   3.331021    32.5760       4089    17.0333  0.000e+00
     77.102     7.2305   3.330804    32.5740       4090    17.0375  0.000e+00
     77.084     7.2300   3.330798    32.5744       4091    17.0417  0.000e+00
     77.065     7.2301   3.330780    32.5742       4092    17.0458  0.000e+00
     77.047     7.2299   3.331164    32.5785       4093    17.0500  0.000e+00
     77.029     7.2299   3.331337    32.5804       4094    17.0542  0.000e+00
     77.008     7.2304   3.331164    32.5781       4095    17.0583  0.000e+00
     76.981     7.2305   3.330823    32.5743       4096    17.0625  0.000e+00
     76.954     7.2302   3.330798    32.5742       4097    17.0667  0.000e+00
     76.936     7.2300   3.330866    32.5752       4098    17.0708  0.000e+00
     76.918     7.2299   3.330996    32.5768       4099    17.0750  0.000e+00
     76.891     7.2300   3.330996    32.5767       4100    17.0792  0.000e+00
     76.873     7.2302   3.330978    32.5763       4101    17.0833  0.000e+00
     76.845     7.2302   3.330953    32.5760       4102    17.0875  0.000e+00
     76.824     7.2303   3.330897    32.5753       4103    17.0917  0.000e+00
     76.800     7.2302   3.330885    32.5753       4104    17.0958  0.000e+00
     76.785     7.2302   3.330897    32.5755       4105    17.1000  0.000e+00
     76.761     7.2301   3.330866    32.5752       4106    17.1042  0.000e+00
     76.746     7.2301   3.330817    32.5747       4107    17.1083  0.000e+00
     76.731     7.2299   3.330848    32.5752       4108    17.1125  0.000e+00
     76.713     7.2301   3.330854    32.5751       4109    17.1167  0.000e+00
     76.698     7.2299   3.330885    32.5756       4110    17.1208  0.000e+00
     76.683     7.2300   3.330835    32.5750       4111    17.1250  0.000e+00
     76.668     7.2300   3.330823    32.5749       4112    17.1292  0.000e+00
