HB2302/sbe198.cnv
* Sea-Bird SBE 19plus V2 Data File:
* FileName = C:\cruise\data\sbe198.hex
* Software Version Seasave V 7.26.7.121
* Temperature SN = 4758
* Conductivity SN = 4758
* System UpLoad Time = Jun 27 2023 09:20:54
* NMEA Latitude = 40 41.94 N
* NMEA Longitude = 069 53.44 W
* NMEA UTC (Time) = Jun 27 2023 09:19:53
** Cruise: HB2302
** Program: Ecomon
** Chief Scientist: Jerry Prezioso
# nquan = 7
# nvalues = 1642                                  
# units = specified
# name 0 = depSM: Depth [salt water, m]
# name 1 = tv290C: Temperature [ITS-90, deg C]
# name 2 = c0S/m: Conductivity [S/m]
# name 3 = sal00: Salinity, Practical [PSU]
# name 4 = scan: Scan Count
# name 5 = timeM: Time, Elapsed [minutes]
# name 6 = flag:  0.000e+00
# span 0 =     -0.120,     46.474                 
# span 1 =    11.0915,    19.0948                 
# span 2 =   0.003229,   4.195266                 
# span 3 =     0.0226,    32.7255                 
# span 4 =         11,       1652                 
# span 5 =     0.0417,     6.8792                 
# span 6 = 0.0000e+00, 0.0000e+00                 
# interval = seconds: 0.25
# start_time = Jun 27 2023 09:19:53 [NMEA time, header]
# bad_flag = -9.990e-29
*END*
[from data line 411]
     37.996    11.1086   3.629307    32.1567        422     1.7542  0.000e+00
     38.165    11.1083   3.629082    32.1547        423     1.7583  0.000e+00
     38.346    11.1079   3.628961    32.1538        424     1.7625  0.000e+00
     38.525    11.1064   3.628922    32.1547        425     1.7667  0.000e+00
     38.703    11.1051   3.628967    32.1561        426     1.7708  0.000e+00
     38.878    11.1043   3.628993    32.1571        427     1.7750  0.000e+00
     39.069    11.1041   3.628948    32.1567        428     1.7792  0.000e+00
     39.238    11.1036   3.628980    32.1573        429     1.7833  0.000e+00
     39.401    11.1036   3.629038    32.1579        430     1.7875  0.000e+00
     39.564    11.1036   3.629128    32.1587        431     1.7917  0.000e+00
     39.715    11.1041   3.629147    32.1584        432     1.7958  0.000e+00
     39.863    11.1045   3.629090    32.1574        433     1.8000  0.000e+00
     40.011    11.1045   3.629083    32.1573        434     1.8042  0.000e+00
     40.156    11.1043   3.629173    32.1583        435     1.8083  0.000e+00
     40.292    11.1045   3.629192    32.1583        436     1.8125  0.000e+00
     40.437    11.1048   3.629263    32.1586        437     1.8167  0.000e+00
     40.567    11.1053   3.629173    32.1573        438     1.8208  0.000e+00
     40.700    11.1050   3.629147    32.1572        439     1.8250  0.000e+00
     40.827    11.1048   3.629103    32.1569        440     1.8292  0.000e+00
     40.969    11.1045   3.629148    32.1575        441     1.8333  0.000e+00
     41.111    11.1042   3.629154    32.1578        442     1.8375  0.000e+00
     41.253    11.1043   3.629193    32.1580        443     1.8417  0.000e+00
     41.401    11.1042   3.629148    32.1576        444     1.8458  0.000e+00
     41.543    11.1041   3.629058    32.1568        445     1.8500  0.000e+00
     41.697    11.1036   3.628981    32.1564        446     1.8542  0.000e+00
     41.842    11.1029   3.628879    32.1559        447     1.8583  0.000e+00
     41.981    11.1019   3.628904    32.1569        448     1.8625  0.000e+00
     42.117    11.1016   3.628969    32.1578        449     1.8667  0.000e+00
     42.250    11.1015   3.629026    32.1584        450     1.8708  0.000e+00
     42.383    11.1019   3.629129    32.1590        451     1.8750  0.000e+00
     42.513    11.1022   3.629264    32.1600        452     1.8792  0.000e+00
     42.637    11.1030   3.629148    32.1581        453     1.8833  0.000e+00
     42.758    11.1034   3.629148    32.1577        454     1.8875  0.000e+00
     42.891    11.1037   3.629180    32.1577        455     1.8917  0.000e+00
     43.008    11.1038   3.629148    32.1572        456     1.8958  0.000e+00
     43.144    11.1036   3.629174    32.1576        457     1.9000  0.000e+00
     43.277    11.1037   3.629219    32.1579        458     1.9042  0.000e+00
     43.407    11.1038   3.629181    32.1574        459     1.9083  0.000e+00
     43.549    11.1040   3.629219    32.1576        460     1.9125  0.000e+00
     43.691    11.1040   3.629219    32.1575        461     1.9167  0.000e+00
     43.833    11.1039   3.629193    32.1573        462     1.9208  0.000e+00
     43.981    11.1039   3.629200    32.1573        463     1.9250  0.000e+00
     44.141    11.1040   3.629149    32.1566        464     1.9292  0.000e+00
     44.295    11.1036   3.629149    32.1569        465     1.9333  0.000e+00
     44.456    11.1034   3.629130    32.1568        466     1.9375  0.000e+00
     44.610    11.1032   3.629085    32.1565        467     1.9417  0.000e+00
     44.776    11.1028   3.629008    32.1560        468     1.9458  0.000e+00
     44.939    11.1021   3.628995    32.1565        469     1.9500  0.000e+00
     45.102    11.1016   3.628970    32.1565        470     1.9542  0.000e+00
     45.259    11.1012   3.629059    32.1577        471     1.9583  0.000e+00
     45.419    11.1012   3.629136    32.1584        472     1.9625  0.000e+00
     45.591    11.1016   3.629149    32.1581        473     1.9667  0.000e+00
     45.746    11.1021   3.629220    32.1583        474     1.9708  0.000e+00
     45.903    11.1025   3.629220    32.1579        475     1.9750  0.000e+00
     46.051    11.1028   3.629130    32.1567        476     1.9792  0.000e+00
     46.184    11.1024   3.629028    32.1560        477     1.9833  0.000e+00
     46.311    11.1015   3.628951    32.1559        478     1.9875  0.000e+00
     46.413    11.1009   3.628925    32.1562        479     1.9917  0.000e+00
     46.474    11.1000   3.628746    32.1551        480     1.9958  0.000e+00
     46.453    11.0988   3.628624    32.1550        481     2.0000  0.000e+00
     46.438    11.0975   3.628592    32.1558        482     2.0042  0.000e+00
     46.404    11.0965   3.628541    32.1562        483     2.0083  0.000e+00
     46.332    11.0958   3.628566    32.1571        484     2.0125  0.000e+00
     46.248    11.0954   3.628579    32.1576        485     2.0167  0.000e+00
     46.190    11.0953   3.628522    32.1571        486     2.0208  0.000e+00
     46.154    11.0952   3.628541    32.1575        487     2.0250  0.000e+00
     46.115    11.0952   3.628522    32.1573        488     2.0292  0.000e+00
     46.085    11.0951   3.628522    32.1574        489     2.0333  0.000e+00
     46.064    11.0950   3.628534    32.1576        490     2.0375  0.000e+00
     46.049    11.0950   3.628541    32.1577        491     2.0417  0.000e+00
     46.037    11.0951   3.628496    32.1571        492     2.0458  0.000e+00
     46.028    11.0953   3.628522    32.1573        493     2.0500  0.000e+00
     46.019    11.0951   3.628515    32.1574        494     2.0542  0.000e+00
     46.019    11.0949   3.628477    32.1571        495     2.0583  0.000e+00
     46.019    11.0949   3.628522    32.1576        496     2.0625  0.000e+00
     46.013    11.0949   3.628496    32.1574        497     2.0667  0.000e+00
     46.019    11.0949   3.628496    32.1573        498     2.0708  0.000e+00
     46.022    11.0950   3.628470    32.1570        499     2.0750  0.000e+00
     46.025    11.0948   3.628451    32.1570        500     2.0792  0.000e+00
     46.022    11.0947   3.628432    32.1569        501     2.0833  0.000e+00
     46.022    11.0946   3.628477    32.1574        502     2.0875  0.000e+00
     46.025    11.0946   3.628470    32.1574        503     2.0917  0.000e+00
     46.022    11.0945   3.628477    32.1575        504     2.0958  0.000e+00
     46.019    11.0945   3.628451    32.1572        505     2.1000  0.000e+00
     46.007    11.0945   3.628451    32.1572        506     2.1042  0.000e+00
     45.986    11.0945   3.628470    32.1574        507     2.1083  0.000e+00
     45.959    11.0945   3.628451    32.1573        508     2.1125  0.000e+00
     45.923    11.0947   3.628432    32.1570        509     2.1167  0.000e+00
     45.884    11.0945   3.628451    32.1573        510     2.1208  0.000e+00
     45.829    11.0944   3.628432    32.1572        511     2.1250  0.000e+00
     45.778    11.0943   3.628406    32.1571        512     2.1292  0.000e+00
     45.721    11.0945   3.628432    32.1572        513     2.1333  0.000e+00
     45.657    11.0945   3.628387    32.1568        514     2.1375  0.000e+00
     45.606    11.0941   3.628406    32.1573        515     2.1417  0.000e+00
     45.549    11.0941   3.628387    32.1572        516     2.1458  0.000e+00
     45.494    11.0940   3.628387    32.1573        517     2.1500  0.000e+00
     45.443    11.0938   3.628361    32.1572        518     2.1542  0.000e+00
     45.404    11.0940   3.628361    32.1571        519     2.1583  0.000e+00
     45.362    11.0938   3.628316    32.1568        520     2.1625  0.000e+00
     45.320    11.0935   3.628323    32.1572        521     2.1667  0.000e+00
     45.292    11.0934   3.628342    32.1575        522     2.1708  0.000e+00
     45.265    11.0933   3.628342    32.1575        523     2.1750  0.000e+00
     45.241    11.0934   3.628297    32.1570        524     2.1792  0.000e+00
     45.223    11.0934   3.628342    32.1575        525     2.1833  0.000e+00
     45.220    11.0934   3.628316    32.1573        526     2.1875  0.000e+00
     45.208    11.0934   3.628316    32.1573        527     2.1917  0.000e+00
     45.211    11.0934   3.628316    32.1573        528     2.1958  0.000e+00
     45.205    11.0934   3.628323    32.1573        529     2.2000  0.000e+00
     45.211    11.0934   3.628297    32.1571        530     2.2042  0.000e+00
     45.211    11.0934   3.628316    32.1573        531     2.2083  0.000e+00
     45.212    11.0934   3.628297    32.1571        532     2.2125  0.000e+00
     45.221    11.0934   3.628316    32.1573        533     2.2167  0.000e+00
     45.227    11.0932   3.628323    32.1575        534     2.2208  0.000e+00
     45.227    11.0935   3.628361    32.1576        535     2.2250  0.000e+00
     45.233    11.0934   3.628316    32.1572        536     2.2292  0.000e+00
     45.233    11.0934   3.628297    32.1570        537     2.2333  0.000e+00
     45.239    11.0932   3.628278    32.1570        538     2.2375  0.000e+00
     45.239    11.0928   3.628252    32.1571        539     2.2417  0.000e+00
     45.233    11.0928   3.628252    32.1572        540     2.2458  0.000e+00
     45.227    11.0927   3.628252    32.1572        541     2.2500  0.000e+00
     45.218    11.0928   3.628271    32.1573        542     2.2542  0.000e+00
     45.200    11.0929   3.628278    32.1573        543     2.2583  0.000e+00
     45.176    11.0930   3.628252    32.1570        544     2.2625  0.000e+00
     45.155    11.0928   3.628207    32.1567        545     2.2667  0.000e+00
     45.119    11.0926   3.628207    32.1569        546     2.2708  0.000e+00
     45.077    11.0924   3.628214    32.1571        547     2.2750  0.000e+00
     45.040    11.0923   3.628226    32.1573        548     2.2792  0.000e+00
     45.001    11.0926   3.628226    32.1572        549     2.2833  0.000e+00
     44.959    11.0923   3.628226    32.1574        550     2.2875  0.000e+00
     44.908    11.0924   3.628194    32.1570        551     2.2917  0.000e+00
     44.872    11.0924   3.628182    32.1569        552     2.2958  0.000e+00
     44.838    11.0921   3.628182    32.1572        553     2.3000  0.000e+00
     44.805    11.0922   3.628182    32.1571        554     2.3042  0.000e+00
     44.766    11.0924   3.628226    32.1574        555     2.3083  0.000e+00
     44.739    11.0926   3.628169    32.1567        556     2.3125  0.000e+00
     44.709    11.0927   3.628181    32.1567        557     2.3167  0.000e+00
     44.676    11.0928   3.628207    32.1569        558     2.3208  0.000e+00
     44.649    11.0927   3.628181    32.1568        559     2.3250  0.000e+00
     44.630    11.0926   3.628169    32.1567        560     2.3292  0.000e+00
     44.609    11.0927   3.628162    32.1566        561     2.3333  0.000e+00
     44.585    11.0928   3.628162    32.1565        562     2.3375  0.000e+00
     44.576    11.0928   3.628162    32.1565        563     2.3417  0.000e+00
     44.558    11.0928   3.628181    32.1567        564     2.3458  0.000e+00
     44.546    11.0927   3.628149    32.1565        565     2.3500  0.000e+00
     44.537    11.0926   3.628181    32.1569        566     2.3542  0.000e+00
     44.525    11.0925   3.628162    32.1568        567     2.3583  0.000e+00
     44.510    11.0926   3.628181    32.1569        568     2.3625  0.000e+00
     44.486    11.0925   3.628169    32.1569        569     2.3667  0.000e+00
     44.468    11.0924   3.628162    32.1569        570     2.3708  0.000e+00
     44.429    11.0924   3.628181    32.1571        571     2.3750  0.000e+00
     44.399    11.0923   3.628137    32.1567        572     2.3792  0.000e+00
     44.356    11.0922   3.628169    32.1572        573     2.3833  0.000e+00
     44.299    11.0922   3.628162    32.1571        574     2.3875  0.000e+00
     44.239    11.0923   3.628162    32.1571        575     2.3917  0.000e+00
     44.172    11.0923   3.628117    32.1567        576     2.3958  0.000e+00
     44.097    11.0925   3.628092    32.1563        577     2.4000  0.000e+00
     44.007    11.0924   3.628066    32.1561        578     2.4042  0.000e+00
     43.922    11.0928   3.628072    32.1559        579     2.4083  0.000e+00
     43.822    11.0930   3.628047    32.1555        580     2.4125  0.000e+00
     43.723    11.0928   3.628002    32.1553        581     2.4167  0.000e+00
     43.629    11.0931   3.627995    32.1550        582     2.4208  0.000e+00
     43.533    11.0931   3.627982    32.1549        583     2.4250  0.000e+00
     43.427    11.0930   3.627982    32.1551        584     2.4292  0.000e+00
     43.334    11.0928   3.627957    32.1550        585     2.4333  0.000e+00
     43.252    11.0928   3.627957    32.1551        586     2.4375  0.000e+00
     43.174    11.0928   3.627976    32.1552        587     2.4417  0.000e+00
     43.098    11.0927   3.627957    32.1552        588     2.4458  0.000e+00
     43.032    11.0928   3.627957    32.1552        589     2.4500  0.000e+00
     42.984    11.0928   3.627982    32.1554        590     2.4542  0.000e+00
     42.932    11.0927   3.627995    32.1557        591     2.4583  0.000e+00
     42.884    11.0930   3.627982    32.1552        592     2.4625  0.000e+00
     42.848    11.0932   3.627982    32.1551        593     2.4667  0.000e+00
     42.815    11.0930   3.627982    32.1553        594     2.4708  0.000e+00
     42.773    11.0931   3.627982    32.1552        595     2.4750  0.000e+00
     42.730    11.0930   3.627957    32.1551        596     2.4792  0.000e+00
     42.679    11.0929   3.627957    32.1552        597     2.4833  0.000e+00
     42.631    11.0928   3.627956    32.1553        598     2.4875  0.000e+00
     42.568    11.0928   3.627912    32.1549        599     2.4917  0.000e+00
     42.504    11.0929   3.628040    32.1561        600     2.4958  0.000e+00
     42.423    11.0933   3.628001    32.1554        601     2.5000  0.000e+00
     42.329    11.0938   3.628001    32.1550        602     2.5042  0.000e+00
     42.233    11.0940   3.628027    32.1551        603     2.5083  0.000e+00
     42.127    11.0944   3.627995    32.1545        604     2.5125  0.000e+00
     42.012    11.0943   3.627911    32.1538        605     2.5167  0.000e+00
     41.901    11.0941   3.627867    32.1536        606     2.5208  0.000e+00
     41.774    11.0933   3.627866    32.1543        607     2.5250  0.000e+00
     41.650    11.0926   3.627866    32.1550        608     2.5292  0.000e+00
     41.523    11.0923   3.627866    32.1553        609     2.5333  0.000e+00
     41.394    11.0921   3.627822    32.1551        610     2.5375  0.000e+00
     41.255    11.0919   3.627821    32.1554        611     2.5417  0.000e+00
     41.125    11.0915   3.627821    32.1557        612     2.5458  0.000e+00
     40.998    11.0916   3.627783    32.1553        613     2.5500  0.000e+00
     40.868    11.0917   3.627802    32.1555        614     2.5542  0.000e+00
     40.754    11.0917   3.627776    32.1552        615     2.5583  0.000e+00
     40.648    11.0918   3.627802    32.1555        616     2.5625  0.000e+00
     40.546    11.0919   3.627956    32.1570        617     2.5667  0.000e+00
     40.449    11.0930   3.627975    32.1562        618     2.5708  0.000e+00
     40.374    11.0943   3.628250    32.1578        619     2.5750  0.000e+00
     40.310    11.0970   3.628314    32.1562        620     2.5792  0.000e+00
     40.262    11.0998   3.628071    32.1513        621     2.5833  0.000e+00
     40.220    11.0994   3.627930    32.1503        622     2.5875  0.000e+00
     40.184    11.0977   3.628071    32.1532        623     2.5917  0.000e+00
     40.154    11.0977   3.628135    32.1538        624     2.5958  0.000e+00
     40.135    11.0983   3.627936    32.1513        625     2.6000  0.000e+00
