HB2302/sbe152.cnv
* Sea-Bird SBE 19plus V2 Data File:
* FileName = C:\cruise\data\sbe152.hex
* Software Version Seasave V 7.26.7.121
* Temperature SN = 4758
* Conductivity SN = 4758
* System UpLoad Time = Jun 22 2023 06:42:25
* NMEA Latitude = 43 14.75 N
* NMEA Longitude = 069 57.44 W
* NMEA UTC (Time) = Jun 22 2023 06:42:25
** Cruise: HB2302
** Program: Ecomon
** Chief Scientist: Jerry Prezioso
# nquan = 7
# nvalues = 2980                                  
# units = specified
# name 0 = depSM: Depth [salt water, m]
# name 1 = tv290C: Temperature [ITS-90, deg C]
# name 2 = c0S/m: Conductivity [S/m]
# name 3 = sal00: Salinity, Practical [PSU]
# name 4 = scan: Scan Count
# name 5 = timeM: Time, Elapsed [minutes]
# name 6 = flag:  0.000e+00
# span 0 =      0.018,    130.584                 
# span 1 =     5.9116,    15.1412                 
# span 2 =   0.000719,   3.921564                 
# span 3 =     0.0099,    33.6680                 
# span 4 =         11,       2990                 
# span 5 =     0.0417,    12.4542                 
# span 6 = 0.0000e+00, 0.0000e+00                 
# interval = seconds: 0.25
# start_time = Jun 22 2023 06:42:25 [NMEA time, header]
# bad_flag = -9.990e-29
*END*
[from data line 2462]
     35.857     7.8761   3.320909    31.8881       2473    10.3000  0.000e+00
     35.788     7.8827   3.321193    31.8852       2474    10.3042  0.000e+00
     35.725     7.8881   3.321379    31.8822       2475    10.3083  0.000e+00
     35.662     7.8924   3.321682    31.8815       2476    10.3125  0.000e+00
     35.601     7.8959   3.321998    31.8817       2477    10.3167  0.000e+00
     35.550     7.8994   3.322251    31.8812       2478    10.3208  0.000e+00
     35.490     7.9026   3.322344    31.8793       2479    10.3250  0.000e+00
     35.423     7.9049   3.322474    31.8787       2480    10.3292  0.000e+00
     35.357     7.9069   3.322833    31.8806       2481    10.3333  0.000e+00
     35.291     7.9099   3.323328    31.8832       2482    10.3375  0.000e+00
     35.221     7.9137   3.323774    31.8846       2483    10.3417  0.000e+00
     35.152     7.9182   3.323947    31.8824       2484    10.3458  0.000e+00
     35.074     7.9221   3.324263    31.8822       2485    10.3500  0.000e+00
     34.986     7.9256   3.324782    31.8846       2486    10.3542  0.000e+00
     34.902     7.9298   3.325340    31.8866       2487    10.3583  0.000e+00
     34.811     7.9351   3.325705    31.8857       2488    10.3625  0.000e+00
     34.727     7.9399   3.326051    31.8851       2489    10.3667  0.000e+00
     34.642     7.9448   3.326386    31.8843       2490    10.3708  0.000e+00
     34.555     7.9493   3.327110    31.8879       2491    10.3750  0.000e+00
     34.468     7.9555   3.329216    31.9046       2492    10.3792  0.000e+00
     34.380     7.9680   3.331204    31.9143       2493    10.3833  0.000e+00
     34.302     7.9857   3.332542    31.9125       2494    10.3875  0.000e+00
     34.229     8.0029   3.333137    31.9031       2495    10.3917  0.000e+00
     34.142     8.0163   3.333378    31.8935       2496    10.3958  0.000e+00
     34.063     8.0250   3.333446    31.8863       2497    10.4000  0.000e+00
     33.988     8.0303   3.333242    31.8794       2498    10.4042  0.000e+00
     33.913     8.0326   3.333186    31.8768       2499    10.4083  0.000e+00
     33.843     8.0335   3.333359    31.8778       2500    10.4125  0.000e+00
     33.771     8.0347   3.333632    31.8796       2501    10.4167  0.000e+00
     33.702     8.0367   3.333812    31.8797       2502    10.4208  0.000e+00
     33.620     8.0390   3.333911    31.8788       2503    10.4250  0.000e+00
     33.557     8.0411   3.334078    31.8786       2504    10.4292  0.000e+00
     33.491     8.0432   3.334345    31.8796       2505    10.4333  0.000e+00
     33.412     8.0453   3.334853    31.8831       2506    10.4375  0.000e+00
     33.340     8.0489   3.335696    31.8888       2507    10.4417  0.000e+00
     33.271     8.0547   3.336502    31.8921       2508    10.4458  0.000e+00
     33.201     8.0621   3.337028    31.8910       2509    10.4500  0.000e+00
     33.123     8.0694   3.337506    31.8894       2510    10.4542  0.000e+00
     33.062     8.0758   3.337847    31.8872       2511    10.4583  0.000e+00
     32.987     8.0812   3.337809    31.8820       2512    10.4625  0.000e+00
     32.924     8.0846   3.337499    31.8756       2513    10.4667  0.000e+00
     32.854     8.0863   3.337257    31.8715       2514    10.4708  0.000e+00
     32.788     8.0869   3.337158    31.8699       2515    10.4750  0.000e+00
     32.728     8.0869   3.337078    31.8691       2516    10.4792  0.000e+00
     32.658     8.0867   3.336854    31.8670       2517    10.4833  0.000e+00
     32.592     8.0858   3.336340    31.8624       2518    10.4875  0.000e+00
     32.529     8.0838   3.335844    31.8590       2519    10.4917  0.000e+00
     32.468     8.0807   3.335466    31.8578       2520    10.4958  0.000e+00
     32.393     8.0778   3.335267    31.8584       2521    10.5000  0.000e+00
     32.327     8.0754   3.334629    31.8538       2522    10.5042  0.000e+00
     32.251     8.0724   3.334493    31.8552       2523    10.5083  0.000e+00
     32.176     8.0699   3.334424    31.8568       2524    10.5125  0.000e+00
     32.116     8.0683   3.334567    31.8598       2525    10.5167  0.000e+00
     32.046     8.0682   3.335112    31.8656       2526    10.5208  0.000e+00
     31.968     8.0706   3.335893    31.8718       2527    10.5250  0.000e+00
     31.892     8.0754   3.336532    31.8742       2528    10.5292  0.000e+00
     31.811     8.0817   3.337114    31.8747       2529    10.5333  0.000e+00
     31.724     8.0883   3.337734    31.8753       2530    10.5375  0.000e+00
     31.648     8.0952   3.338361    31.8757       2531    10.5417  0.000e+00
     31.567     8.1020   3.339092    31.8773       2532    10.5458  0.000e+00
     31.491     8.1093   3.340059    31.8809       2533    10.5500  0.000e+00
     31.410     8.1176   3.340618    31.8793       2534    10.5542  0.000e+00
     31.338     8.1257   3.341610    31.8825       2535    10.5583  0.000e+00
     31.262     8.1344   3.342491    31.8839       2536    10.5625  0.000e+00
     31.187     8.1437   3.343533    31.8865       2537    10.5667  0.000e+00
     31.114     8.1537   3.344407    31.8867       2538    10.5708  0.000e+00
     31.039     8.1634   3.344804    31.8821       2539    10.5750  0.000e+00
     30.961     8.1713   3.345338    31.8806       2540    10.5792  0.000e+00
     30.882     8.1783   3.345952    31.8808       2541    10.5833  0.000e+00
     30.798     8.1849   3.347262    31.8887       2542    10.5875  0.000e+00
     30.707     8.1938   3.348869    31.8976       2543    10.5917  0.000e+00
     30.626     8.2062   3.349863    31.8968       2544    10.5958  0.000e+00
     30.545     8.2187   3.350577    31.8931       2545    10.6000  0.000e+00
     30.466     8.2293   3.351464    31.8928       2546    10.6042  0.000e+00
     30.382     8.2394   3.352303    31.8926       2547    10.6083  0.000e+00
     30.300     8.2489   3.352818    31.8894       2548    10.6125  0.000e+00
     30.222     8.2567   3.353408    31.8886       2549    10.6167  0.000e+00
     30.147     8.2642   3.354296    31.8913       2550    10.6208  0.000e+00
     30.071     8.2719   3.354688    31.8883       2551    10.6250  0.000e+00
     30.002     8.2787   3.354812    31.8836       2552    10.6292  0.000e+00
     29.927     8.2833   3.354998    31.8814       2553    10.6333  0.000e+00
     29.857     8.2864   3.355054    31.8792       2554    10.6375  0.000e+00
     29.791     8.2890   3.355470    31.8812       2555    10.6417  0.000e+00
     29.718     8.2933   3.357191    31.8955       2556    10.6458  0.000e+00
     29.655     8.3029   3.358819    31.9040       2557    10.6500  0.000e+00
     29.577     8.3167   3.358428    31.8874       2558    10.6542  0.000e+00
     29.507     8.3263   3.359012    31.8849       2559    10.6583  0.000e+00
     29.429     8.3340   3.360963    31.8985       2560    10.6625  0.000e+00
     29.357     8.3452   3.362567    31.9052       2561    10.6667  0.000e+00
     29.263     8.3600   3.364259    31.9096       2562    10.6708  0.000e+00
     29.182     8.3764   3.366622    31.9197       2563    10.6750  0.000e+00
     29.094     8.3950   3.368240    31.9199       2564    10.6792  0.000e+00
     29.010     8.4145   3.369870    31.9193       2565    10.6833  0.000e+00
     28.916     8.4332   3.371556    31.9202       2566    10.6875  0.000e+00
     28.835     8.4507   3.372372    31.9129       2567    10.6917  0.000e+00
     28.747     8.4653   3.372122    31.8971       2568    10.6958  0.000e+00
     28.654     8.4738   3.371076    31.8786       2569    10.7000  0.000e+00
     28.567     8.4746   3.369514    31.8614       2570    10.7042  0.000e+00
     28.485     8.4690   3.368662    31.8576       2571    10.7083  0.000e+00
     28.401     8.4613   3.367909    31.8567       2572    10.7125  0.000e+00
     28.319     8.4544   3.368606    31.8703       2573    10.7167  0.000e+00
     28.241     8.4526   3.369315    31.8795       2574    10.7208  0.000e+00
     28.160     8.4554   3.369452    31.8784       2575    10.7250  0.000e+00
     28.081     8.4588   3.369707    31.8780       2576    10.7292  0.000e+00
     28.006     8.4618   3.369682    31.8750       2577    10.7333  0.000e+00
     27.927     8.4640   3.369788    31.8742       2578    10.7375  0.000e+00
     27.855     8.4652   3.369707    31.8723       2579    10.7417  0.000e+00
     27.774     8.4658   3.369850    31.8733       2580    10.7458  0.000e+00
     27.698     8.4666   3.369838    31.8725       2581    10.7500  0.000e+00
     27.620     8.4673   3.369869    31.8722       2582    10.7542  0.000e+00
     27.538     8.4677   3.369968    31.8730       2583    10.7583  0.000e+00
     27.460     8.4682   3.370186    31.8748       2584    10.7625  0.000e+00
     27.382     8.4698   3.370466    31.8763       2585    10.7667  0.000e+00
     27.300     8.4729   3.371991    31.8895       2586    10.7708  0.000e+00
     27.213     8.4812   3.373317    31.8960       2587    10.7750  0.000e+00
     27.122     8.4938   3.374064    31.8924       2588    10.7792  0.000e+00
     27.044     8.5053   3.374450    31.8861       2589    10.7833  0.000e+00
     26.950     8.5143   3.374724    31.8809       2590    10.7875  0.000e+00
     26.860     8.5207   3.374755    31.8755       2591    10.7917  0.000e+00
     26.772     8.5248   3.375078    31.8753       2592    10.7958  0.000e+00
     26.688     8.5286   3.375925    31.8807       2593    10.8000  0.000e+00
     26.601     8.5342   3.376996    31.8870       2594    10.8042  0.000e+00
     26.516     8.5423   3.378304    31.8933       2595    10.8083  0.000e+00
     26.438     8.5529   3.378909    31.8901       2596    10.8125  0.000e+00
     26.362     8.5629   3.380136    31.8939       2597    10.8167  0.000e+00
     26.278     8.5744   3.383320    31.9170       2598    10.8208  0.000e+00
     26.206     8.5936   3.385901    31.9267       2599    10.8250  0.000e+00
     26.136     8.6183   3.387933    31.9256       2600    10.8292  0.000e+00
     26.064     8.6433   3.391114    31.9363       2601    10.8333  0.000e+00
     25.994     8.6713   3.395270    31.9545       2602    10.8375  0.000e+00
     25.925     8.7059   3.397523    31.9468       2603    10.8417  0.000e+00
     25.862     8.7390   3.397966    31.9215       2604    10.8458  0.000e+00
     25.786     8.7612   3.397441    31.8961       2605    10.8500  0.000e+00
     25.726     8.7724   3.397441    31.8861       2606    10.8542  0.000e+00
     25.654     8.7783   3.398696    31.8939       2607    10.8583  0.000e+00
     25.584     8.7862   3.400251    31.9029       2608    10.8625  0.000e+00
     25.512     8.7981   3.401344    31.9037       2609    10.8667  0.000e+00
     25.443     8.8108   3.402305    31.9023       2610    10.8708  0.000e+00
     25.373     8.8227   3.403461    31.9037       2611    10.8750  0.000e+00
     25.295     8.8347   3.404579    31.9045       2612    10.8792  0.000e+00
     25.219     8.8470   3.405666    31.9048       2613    10.8833  0.000e+00
     25.138     8.8591   3.406504    31.9026       2614    10.8875  0.000e+00
     25.054     8.8703   3.407635    31.9044       2615    10.8917  0.000e+00
     24.975     8.8818   3.409116    31.9095       2616    10.8958  0.000e+00
     24.876     8.8951   3.411067    31.9178       2617    10.9000  0.000e+00
     24.797     8.9119   3.413706    31.9301       2618    10.9042  0.000e+00
     24.713     8.9338   3.416245    31.9368       2619    10.9083  0.000e+00
     24.628     8.9578   3.416533    31.9183       2620    10.9125  0.000e+00
     24.541     8.9751   3.416326    31.9007       2621    10.9167  0.000e+00
     24.453     8.9839   3.416852    31.8983       2622    10.9208  0.000e+00
     24.378     8.9898   3.417502    31.8997       2623    10.9250  0.000e+00
     24.300     8.9961   3.418673    31.9062       2624    10.9292  0.000e+00
     24.221     9.0046   3.420275    31.9152       2625    10.9333  0.000e+00
     24.146     9.0162   3.421345    31.9159       2626    10.9375  0.000e+00
     24.071     9.0281   3.422077    31.9129       2627    10.9417  0.000e+00
     24.004     9.0387   3.422710    31.9099       2628    10.9458  0.000e+00
     23.932     9.0477   3.423511    31.9102       2629    10.9500  0.000e+00
     23.865     9.0564   3.423930    31.9068       2630    10.9542  0.000e+00
     23.796     9.0637   3.423849    31.8994       2631    10.9583  0.000e+00
     23.727     9.0685   3.423617    31.8927       2632    10.9625  0.000e+00
     23.651     9.0704   3.423573    31.8906       2633    10.9667  0.000e+00
     23.582     9.0713   3.423592    31.8901       2634    10.9708  0.000e+00
     23.510     9.0719   3.423780    31.8915       2635    10.9750  0.000e+00
     23.434     9.0729   3.423911    31.8919       2636    10.9792  0.000e+00
     23.356     9.0745   3.423949    31.8910       2637    10.9833  0.000e+00
     23.277     9.0759   3.424162    31.8919       2638    10.9875  0.000e+00
     23.199     9.0775   3.424469    31.8937       2639    10.9917  0.000e+00
     23.117     9.0800   3.424750    31.8944       2640    10.9958  0.000e+00
     23.033     9.0829   3.424750    31.8919       2641    11.0000  0.000e+00
     22.949     9.0851   3.424782    31.8902       2642    11.0042  0.000e+00
     22.861     9.0865   3.424875    31.8900       2643    11.0083  0.000e+00
     22.780     9.0878   3.425195    31.8922       2644    11.0125  0.000e+00
     22.692     9.0901   3.425721    31.8956       2645    11.0167  0.000e+00
     22.605     9.0936   3.426022    31.8956       2646    11.0208  0.000e+00
     22.517     9.0976   3.426416    31.8961       2647    11.0250  0.000e+00
     22.421     9.1014   3.426623    31.8949       2648    11.0292  0.000e+00
     22.342     9.1050   3.426748    31.8930       2649    11.0333  0.000e+00
     22.258     9.1080   3.427130    31.8943       2650    11.0375  0.000e+00
     22.174     9.1115   3.427612    31.8962       2651    11.0417  0.000e+00
     22.092     9.1161   3.428270    31.8989       2652    11.0458  0.000e+00
     22.008     9.1223   3.429360    31.9047       2653    11.0500  0.000e+00
     21.935     9.1309   3.430413    31.9079       2654    11.0542  0.000e+00
     21.857     9.1422   3.432418    31.9185       2655    11.0583  0.000e+00
     21.779     9.1592   3.435716    31.9373       2656    11.0625  0.000e+00
     21.718     9.1865   3.440044    31.9575       2657    11.0667  0.000e+00
     21.640     9.2241   3.441769    31.9417       2658    11.0708  0.000e+00
     21.573     9.2589   3.443450    31.9278       2659    11.0750  0.000e+00
     21.498     9.2867   3.444868    31.9176       2660    11.0792  0.000e+00
     21.429     9.3103   3.445973    31.9080       2661    11.0833  0.000e+00
     21.347     9.3294   3.447285    31.9045       2662    11.0875  0.000e+00
     21.278     9.3470   3.447768    31.8937       2663    11.0917  0.000e+00
     21.190     9.3607   3.448371    31.8877       2664    11.0958  0.000e+00
     21.118     9.3716   3.448666    31.8810       2665    11.1000  0.000e+00
     21.030     9.3798   3.448710    31.8743       2666    11.1042  0.000e+00
     20.940     9.3845   3.448879    31.8718       2667    11.1083  0.000e+00
     20.850     9.3878   3.449620    31.8765       2668    11.1125  0.000e+00
     20.762     9.3937   3.450085    31.8761       2669    11.1167  0.000e+00
     20.675     9.4004   3.450386    31.8733       2670    11.1208  0.000e+00
     20.581     9.4061   3.450977    31.8742       2671    11.1250  0.000e+00
     20.494     9.4119   3.451002    31.8694       2672    11.1292  0.000e+00
     20.397     9.4164   3.451184    31.8673       2673    11.1333  0.000e+00
     20.319     9.4203   3.453332    31.8859       2674    11.1375  0.000e+00
     20.225     9.4318   3.455821    31.9012       2675    11.1417  0.000e+00
     20.138     9.4527   3.457845    31.9033       2676    11.1458  0.000e+00
