HB2302/sbe149.cnv
* Sea-Bird SBE 19plus V2 Data File:
* FileName = C:\cruise\data\sbe149.hex
* Software Version Seasave V 7.26.7.121
* Temperature SN = 4758
* Conductivity SN = 4758
* System UpLoad Time = Jun 22 2023 02:58:39
* NMEA Latitude = 43 01.06 N
* NMEA Longitude = 069 33.14 W
* NMEA UTC (Time) = Jun 22 2023 02:58:39
** Cruise: HB2302
** Program: Ecomon
** Chief Scientist: Jerry Prezioso
# nquan = 7
# nvalues = 3854                                  
# units = specified
# name 0 = depSM: Depth [salt water, m]
# name 1 = tv290C: Temperature [ITS-90, deg C]
# name 2 = c0S/m: Conductivity [S/m]
# name 3 = sal00: Salinity, Practical [PSU]
# name 4 = scan: Scan Count
# name 5 = timeM: Time, Elapsed [minutes]
# name 6 = flag:  0.000e+00
# span 0 =      0.037,    160.817                 
# span 1 =     6.1117,    14.5178                 
# span 2 =   0.000522,   3.896931                 
# span 3 =     0.0088,    33.5164                 
# span 4 =         11,       3864                 
# span 5 =     0.0417,    16.0958                 
# span 6 = 0.0000e+00, 0.0000e+00                 
# interval = seconds: 0.25
# start_time = Jun 22 2023 02:58:39 [NMEA time, header]
# bad_flag = -9.990e-29
*END*
[from data line 1642]
    125.252     6.8026   3.326879    32.9148       1653     6.8833  0.000e+00
    125.174     6.8019   3.326743    32.9139       1654     6.8875  0.000e+00
    125.096     6.8014   3.326731    32.9143       1655     6.8917  0.000e+00
    125.011     6.8009   3.326644    32.9139       1656     6.8958  0.000e+00
    124.942     6.8003   3.326619    32.9143       1657     6.9000  0.000e+00
    124.858     6.8000   3.326557    32.9139       1658     6.9042  0.000e+00
    124.791     6.7997   3.326452    32.9130       1659     6.9083  0.000e+00
    124.713     6.7991   3.326334    32.9124       1660     6.9125  0.000e+00
    124.638     6.7987   3.326278    32.9122       1661     6.9167  0.000e+00
    124.565     6.7981   3.326192    32.9119       1662     6.9208  0.000e+00
    124.502     6.7975   3.326105    32.9115       1663     6.9250  0.000e+00
    124.424     6.7972   3.326074    32.9115       1664     6.9292  0.000e+00
    124.351     6.7967   3.326062    32.9118       1665     6.9333  0.000e+00
    124.282     6.7964   3.325932    32.9107       1666     6.9375  0.000e+00
    124.201     6.7958   3.325851    32.9104       1667     6.9417  0.000e+00
    124.125     6.7953   3.325727    32.9096       1668     6.9458  0.000e+00
    124.062     6.7946   3.325572    32.9087       1669     6.9500  0.000e+00
    123.984     6.7938   3.325504    32.9087       1670     6.9542  0.000e+00
    123.912     6.7932   3.325442    32.9087       1671     6.9583  0.000e+00
    123.836     6.7928   3.325380    32.9084       1672     6.9625  0.000e+00
    123.761     6.7923   3.325294    32.9080       1673     6.9667  0.000e+00
    123.682     6.7919   3.325188    32.9072       1674     6.9708  0.000e+00
    123.610     6.7913   3.325052    32.9063       1675     6.9750  0.000e+00
    123.535     6.7905   3.324972    32.9063       1676     6.9792  0.000e+00
    123.456     6.7898   3.324972    32.9069       1677     6.9833  0.000e+00
    123.384     6.7896   3.324885    32.9062       1678     6.9875  0.000e+00
    123.321     6.7889   3.324668    32.9045       1679     6.9917  0.000e+00
    123.243     6.7885   3.324606    32.9043       1680     6.9958  0.000e+00
    123.185     6.7878   3.324569    32.9046       1681     7.0000  0.000e+00
    123.119     6.7872   3.324458    32.9040       1682     7.0042  0.000e+00
    123.050     6.7866   3.324445    32.9044       1683     7.0083  0.000e+00
    122.995     6.7862   3.324241    32.9026       1684     7.0125  0.000e+00
    122.929     6.7856   3.324179    32.9025       1685     7.0167  0.000e+00
    122.866     6.7849   3.324074    32.9021       1686     7.0208  0.000e+00
    122.806     6.7841   3.323956    32.9016       1687     7.0250  0.000e+00
    122.742     6.7834   3.323795    32.9005       1688     7.0292  0.000e+00
    122.682     6.7827   3.323672    32.8998       1689     7.0333  0.000e+00
    122.625     6.7819   3.323579    32.8996       1690     7.0375  0.000e+00
    122.559     6.7812   3.323511    32.8996       1691     7.0417  0.000e+00
    122.495     6.7806   3.323492    32.9000       1692     7.0458  0.000e+00
    122.426     6.7802   3.323430    32.8997       1693     7.0500  0.000e+00
    122.357     6.7797   3.323300    32.8988       1694     7.0542  0.000e+00
    122.281     6.7793   3.323083    32.8968       1695     7.0583  0.000e+00
    122.209     6.7785   3.322830    32.8949       1696     7.0625  0.000e+00
    122.128     6.7771   3.322576    32.8934       1697     7.0667  0.000e+00
    122.043     6.7760   3.322514    32.8939       1698     7.0708  0.000e+00
    121.962     6.7750   3.322310    32.8926       1699     7.0750  0.000e+00
    121.887     6.7738   3.322192    32.8925       1700     7.0792  0.000e+00
    121.802     6.7728   3.322167    32.8933       1701     7.0833  0.000e+00
    121.724     6.7722   3.322000    32.8920       1702     7.0875  0.000e+00
    121.639     6.7713   3.321579    32.8883       1703     7.0917  0.000e+00
    121.558     6.7697   3.320991    32.8834       1704     7.0958  0.000e+00
    121.483     6.7675   3.320682    32.8822       1705     7.1000  0.000e+00
    121.401     6.7649   3.320478    32.8824       1706     7.1042  0.000e+00
    121.326     6.7626   3.320404    32.8838       1707     7.1083  0.000e+00
    121.257     6.7612   3.320373    32.8849       1708     7.1125  0.000e+00
    121.187     6.7601   3.320379    32.8860       1709     7.1167  0.000e+00
    121.121     6.7597   3.320199    32.8845       1710     7.1208  0.000e+00
    121.067     6.7589   3.319977    32.8828       1711     7.1250  0.000e+00
    121.010     6.7580   3.319754    32.8813       1712     7.1292  0.000e+00
    120.940     6.7569   3.319624    32.8810       1713     7.1333  0.000e+00
    120.886     6.7556   3.319364    32.8794       1714     7.1375  0.000e+00
    120.832     6.7542   3.318962    32.8763       1715     7.1417  0.000e+00
    120.778     6.7526   3.318492    32.8727       1716     7.1458  0.000e+00
    120.723     6.7502   3.318195    32.8718       1717     7.1500  0.000e+00
    120.669     6.7480   3.317923    32.8709       1718     7.1542  0.000e+00
    120.612     6.7459   3.317700    32.8705       1719     7.1583  0.000e+00
    120.564     6.7440   3.317601    32.8713       1720     7.1625  0.000e+00
    120.494     6.7428   3.317533    32.8717       1721     7.1667  0.000e+00
    120.431     6.7417   3.317459    32.8720       1722     7.1708  0.000e+00
    120.365     6.7409   3.317428    32.8724       1723     7.1750  0.000e+00
    120.298     6.7405   3.317415    32.8727       1724     7.1792  0.000e+00
    120.229     6.7403   3.317384    32.8726       1725     7.1833  0.000e+00
    120.163     6.7400   3.317298    32.8719       1726     7.1875  0.000e+00
    120.091     6.7396   3.317273    32.8721       1727     7.1917  0.000e+00
    120.027     6.7393   3.317193    32.8715       1728     7.1958  0.000e+00
    119.958     6.7391   3.317081    32.8706       1729     7.2000  0.000e+00
    119.889     6.7385   3.317013    32.8704       1730     7.2042  0.000e+00
    119.813     6.7381   3.316958    32.8702       1731     7.2083  0.000e+00
    119.747     6.7377   3.316933    32.8704       1732     7.2125  0.000e+00
    119.681     6.7374   3.316852    32.8698       1733     7.2167  0.000e+00
    119.611     6.7371   3.316722    32.8687       1734     7.2208  0.000e+00
    119.542     6.7366   3.316710    32.8691       1735     7.2250  0.000e+00
    119.476     6.7362   3.316611    32.8684       1736     7.2292  0.000e+00
    119.413     6.7358   3.316605    32.8687       1737     7.2333  0.000e+00
    119.346     6.7354   3.316487    32.8679       1738     7.2375  0.000e+00
    119.271     6.7349   3.316444    32.8679       1739     7.2417  0.000e+00
    119.208     6.7345   3.316357    32.8673       1740     7.2458  0.000e+00
    119.144     6.7339   3.316221    32.8664       1741     7.2500  0.000e+00
    119.081     6.7333   3.316036    32.8650       1742     7.2542  0.000e+00
    119.018     6.7324   3.315918    32.8646       1743     7.2583  0.000e+00
    118.949     6.7317   3.315634    32.8622       1744     7.2625  0.000e+00
    118.891     6.7305   3.315306    32.8598       1745     7.2667  0.000e+00
    118.822     6.7291   3.315121    32.8591       1746     7.2708  0.000e+00
    118.753     6.7276   3.315003    32.8593       1747     7.2750  0.000e+00
    118.683     6.7264   3.314842    32.8587       1748     7.2792  0.000e+00
    118.620     6.7254   3.314694    32.8581       1749     7.2833  0.000e+00
    118.554     6.7243   3.314539    32.8574       1750     7.2875  0.000e+00
    118.484     6.7233   3.314434    32.8573       1751     7.2917  0.000e+00
    118.412     6.7224   3.314317    32.8568       1752     7.2958  0.000e+00
    118.340     6.7217   3.314224    32.8565       1753     7.3000  0.000e+00
    118.274     6.7209   3.314211    32.8572       1754     7.3042  0.000e+00
    118.207     6.7205   3.314162    32.8571       1755     7.3083  0.000e+00
    118.141     6.7202   3.314174    32.8576       1756     7.3125  0.000e+00
    118.069     6.7199   3.314137    32.8574       1757     7.3167  0.000e+00
    118.008     6.7198   3.314069    32.8569       1758     7.3208  0.000e+00
    117.942     6.7196   3.314075    32.8572       1759     7.3250  0.000e+00
    117.888     6.7194   3.314032    32.8569       1760     7.3292  0.000e+00
    117.822     6.7192   3.313902    32.8556       1761     7.3333  0.000e+00
    117.767     6.7188   3.313890    32.8559       1762     7.3375  0.000e+00
    117.710     6.7186   3.313840    32.8556       1763     7.3417  0.000e+00
    117.659     6.7183   3.313754    32.8550       1764     7.3458  0.000e+00
    117.599     6.7180   3.313649    32.8541       1765     7.3500  0.000e+00
    117.541     6.7176   3.313544    32.8534       1766     7.3542  0.000e+00
    117.502     6.7169   3.313463    32.8532       1767     7.3583  0.000e+00
    117.436     6.7163   3.313389    32.8530       1768     7.3625  0.000e+00
    117.373     6.7160   3.313401    32.8535       1769     7.3667  0.000e+00
    117.324     6.7155   3.313352    32.8534       1770     7.3708  0.000e+00
    117.270     6.7154   3.313302    32.8530       1771     7.3750  0.000e+00
    117.210     6.7152   3.313265    32.8528       1772     7.3792  0.000e+00
    117.156     6.7148   3.313160    32.8520       1773     7.3833  0.000e+00
    117.098     6.7144   3.313117    32.8520       1774     7.3875  0.000e+00
    117.041     6.7141   3.313098    32.8521       1775     7.3917  0.000e+00
    116.990     6.7136   3.313005    32.8516       1776     7.3958  0.000e+00
    116.936     6.7132   3.312962    32.8515       1777     7.4000  0.000e+00
    116.878     6.7128   3.312777    32.8499       1778     7.4042  0.000e+00
    116.812     6.7122   3.312690    32.8495       1779     7.4083  0.000e+00
    116.755     6.7117   3.312635    32.8495       1780     7.4125  0.000e+00
    116.701     6.7110   3.312622    32.8500       1781     7.4167  0.000e+00
    116.643     6.7105   3.312616    32.8504       1782     7.4208  0.000e+00
    116.577     6.7104   3.312560    32.8499       1783     7.4250  0.000e+00
    116.514     6.7100   3.312529    32.8500       1784     7.4292  0.000e+00
    116.450     6.7099   3.312517    32.8500       1785     7.4333  0.000e+00
    116.378     6.7096   3.312474    32.8498       1786     7.4375  0.000e+00
    116.309     6.7094   3.312387    32.8491       1787     7.4417  0.000e+00
    116.239     6.7091   3.312331    32.8488       1788     7.4458  0.000e+00
    116.170     6.7089   3.312239    32.8481       1789     7.4500  0.000e+00
    116.107     6.7084   3.312263    32.8488       1790     7.4542  0.000e+00
    116.032     6.7081   3.312226    32.8487       1791     7.4583  0.000e+00
    115.959     6.7078   3.312195    32.8487       1792     7.4625  0.000e+00
    115.899     6.7077   3.312208    32.8490       1793     7.4667  0.000e+00
    115.830     6.7073   3.312115    32.8484       1794     7.4708  0.000e+00
    115.763     6.7072   3.312047    32.8478       1795     7.4750  0.000e+00
    115.703     6.7068   3.311942    32.8470       1796     7.4792  0.000e+00
    115.637     6.7064   3.311861    32.8466       1797     7.4833  0.000e+00
    115.571     6.7058   3.311750    32.8459       1798     7.4875  0.000e+00
    115.516     6.7051   3.311620    32.8452       1799     7.4917  0.000e+00
    115.459     6.7043   3.311534    32.8450       1800     7.4958  0.000e+00
    115.396     6.7036   3.311521    32.8456       1801     7.5000  0.000e+00
    115.351     6.7033   3.311497    32.8457       1802     7.5042  0.000e+00
    115.296     6.7030   3.311497    32.8460       1803     7.5083  0.000e+00
    115.245     6.7029   3.311460    32.8457       1804     7.5125  0.000e+00
    115.188     6.7026   3.311453    32.8459       1805     7.5167  0.000e+00
    115.137     6.7023   3.311416    32.8458       1806     7.5208  0.000e+00
    115.094     6.7022   3.311429    32.8461       1807     7.5250  0.000e+00
    115.040     6.7022   3.311398    32.8458       1808     7.5292  0.000e+00
    114.992     6.7020   3.311385    32.8459       1809     7.5333  0.000e+00
    114.932     6.7019   3.311398    32.8461       1810     7.5375  0.000e+00
    114.886     6.7019   3.311385    32.8460       1811     7.5417  0.000e+00
    114.826     6.7019   3.311317    32.8453       1812     7.5458  0.000e+00
    114.772     6.7017   3.311280    32.8451       1813     7.5500  0.000e+00
    114.712     6.7014   3.311237    32.8449       1814     7.5542  0.000e+00
    114.651     6.7010   3.311095    32.8437       1815     7.5583  0.000e+00
    114.588     6.7008   3.311002    32.8430       1816     7.5625  0.000e+00
    114.534     6.7003   3.311014    32.8436       1817     7.5667  0.000e+00
    114.456     6.6998   3.310959    32.8435       1818     7.5708  0.000e+00
    114.404     6.6995   3.310953    32.8437       1819     7.5750  0.000e+00
    114.338     6.6994   3.310897    32.8433       1820     7.5792  0.000e+00
    114.281     6.6992   3.310909    32.8436       1821     7.5833  0.000e+00
    114.224     6.6991   3.310922    32.8439       1822     7.5875  0.000e+00
    114.157     6.6989   3.310891    32.8438       1823     7.5917  0.000e+00
    114.112     6.6988   3.310878    32.8437       1824     7.5958  0.000e+00
    114.058     6.6989   3.310854    32.8434       1825     7.6000  0.000e+00
    113.998     6.6988   3.310854    32.8436       1826     7.6042  0.000e+00
    113.949     6.6985   3.310748    32.8427       1827     7.6083  0.000e+00
    113.904     6.6984   3.310687    32.8421       1828     7.6125  0.000e+00
    113.859     6.6980   3.310687    32.8425       1829     7.6167  0.000e+00
    113.811     6.6978   3.310650    32.8424       1830     7.6208  0.000e+00
    113.762     6.6975   3.310643    32.8426       1831     7.6250  0.000e+00
    113.720     6.6973   3.310650    32.8429       1832     7.6292  0.000e+00
    113.672     6.6973   3.310600    32.8424       1833     7.6333  0.000e+00
    113.636     6.6972   3.310588    32.8423       1834     7.6375  0.000e+00
    113.588     6.6970   3.310600    32.8426       1835     7.6417  0.000e+00
    113.533     6.6970   3.310551    32.8421       1836     7.6458  0.000e+00
    113.485     6.6970   3.310575    32.8425       1837     7.6500  0.000e+00
    113.440     6.6970   3.310575    32.8424       1838     7.6542  0.000e+00
    113.380     6.6970   3.310569    32.8424       1839     7.6583  0.000e+00
    113.326     6.6969   3.310575    32.8427       1840     7.6625  0.000e+00
    113.274     6.6969   3.310526    32.8421       1841     7.6667  0.000e+00
    113.214     6.6969   3.310513    32.8420       1842     7.6708  0.000e+00
    113.151     6.6967   3.310464    32.8417       1843     7.6750  0.000e+00
    113.090     6.6966   3.310408    32.8412       1844     7.6792  0.000e+00
    113.033     6.6964   3.310384    32.8411       1845     7.6833  0.000e+00
    112.967     6.6961   3.310278    32.8402       1846     7.6875  0.000e+00
    112.895     6.6957   3.310142    32.8392       1847     7.6917  0.000e+00
    112.831     6.6951   3.310044    32.8388       1848     7.6958  0.000e+00
    112.765     6.6945   3.309895    32.8377       1849     7.7000  0.000e+00
    112.696     6.6937   3.309660    32.8359       1850     7.7042  0.000e+00
    112.629     6.6925   3.309407    32.8343       1851     7.7083  0.000e+00
    112.566     6.6911   3.309333    32.8349       1852     7.7125  0.000e+00
    112.506     6.6897   3.309259    32.8354       1853     7.7167  0.000e+00
    112.449     6.6888   3.308968    32.8331       1854     7.7208  0.000e+00
    112.391     6.6878   3.308851    32.8328       1855     7.7250  0.000e+00
    112.328     6.6866   3.308826    32.8337       1856     7.7292  0.000e+00
