HB2302/sbe172.cnv
* Sea-Bird SBE 19plus V2 Data File:
* FileName = C:\cruise\data\sbe172.hex
* Software Version Seasave V 7.26.7.121
* Temperature SN = 4758
* Conductivity SN = 4758
* System UpLoad Time = Jun 24 2023 11:33:12
* NMEA Latitude = 39 30.25 N
* NMEA Longitude = 068 58.00 W
* NMEA UTC (Time) = Jun 24 2023 11:33:11
** Cruise: HB2302
** Program: Ecomon
** Chief Scientist: Jerry Prezioso
# nquan = 7
# nvalues = 4017                                  
# units = specified
# name 0 = depSM: Depth [salt water, m]
# name 1 = tv290C: Temperature [ITS-90, deg C]
# name 2 = c0S/m: Conductivity [S/m]
# name 3 = sal00: Salinity, Practical [PSU]
# name 4 = scan: Scan Count
# name 5 = timeM: Time, Elapsed [minutes]
# name 6 = flag:  0.000e+00
# span 0 =     -0.050,    203.101                 
# span 1 =    18.6110,    24.1616                 
# span 2 =   0.001189,   5.315573                 
# span 3 =     0.0146,    36.7978                 
# span 4 =         11,       4027                 
# span 5 =     0.0417,    16.7750                 
# span 6 = 0.0000e+00, 0.0000e+00                 
# interval = seconds: 0.25
# start_time = Jun 24 2023 11:33:11 [NMEA time, header]
# bad_flag = -9.990e-29
*END*
     -0.047    24.1145   0.001221     0.0147         11     0.0417  0.000e+00
     -0.044    24.1147   0.001212     0.0147         12     0.0458  0.000e+00
     -0.044    24.1142   0.001221     0.0147         13     0.0500  0.000e+00
     -0.047    24.1143   0.001224     0.0147         14     0.0542  0.000e+00
     -0.041    24.1148   0.001221     0.0147         15     0.0583  0.000e+00
     -0.041    24.1148   0.001221     0.0147         16     0.0625  0.000e+00
     -0.038    24.1147   0.001212     0.0147         17     0.0667  0.000e+00
     -0.038    24.1148   0.001215     0.0147         18     0.0708  0.000e+00
     -0.050    24.1143   0.001224     0.0147         19     0.0750  0.000e+00
     -0.044    24.1150   0.001215     0.0147         20     0.0792  0.000e+00
     -0.041    24.1146   0.001224     0.0147         21     0.0833  0.000e+00
     -0.037    24.1151   0.001221     0.0147         22     0.0875  0.000e+00
     -0.044    24.1150   0.001215     0.0147         23     0.0917  0.000e+00
     -0.037    24.1148   0.001212     0.0147         24     0.0958  0.000e+00
     -0.044    24.1150   0.001221     0.0147         25     0.1000  0.000e+00
     -0.041    24.1149   0.001218     0.0147         26     0.1042  0.000e+00
     -0.044    24.1143   0.001215     0.0147         27     0.1083  0.000e+00
     -0.044    24.1148   0.001212     0.0147         28     0.1125  0.000e+00
     -0.044    24.1147   0.001215     0.0147         29     0.1167  0.000e+00
     -0.044    24.1150   0.001209     0.0146         30     0.1208  0.000e+00
     -0.044    24.1149   0.001218     0.0147         31     0.1250  0.000e+00
     -0.047    24.1147   0.001215     0.0147         32     0.1292  0.000e+00
     -0.041    24.1149   0.001209     0.0146         33     0.1333  0.000e+00
     -0.047    24.1152   0.001215     0.0147         34     0.1375  0.000e+00
     -0.044    24.1150   0.001209     0.0146         35     0.1417  0.000e+00
     -0.044    24.1151   0.001209     0.0146         36     0.1458  0.000e+00
     -0.047    24.1149   0.001209     0.0146         37     0.1500  0.000e+00
     -0.047    24.1151   0.001212     0.0147         38     0.1542  0.000e+00
     -0.044    24.1148   0.001209     0.0146         39     0.1583  0.000e+00
     -0.047    24.1152   0.001212     0.0147         40     0.1625  0.000e+00
     -0.047    24.1155   0.001215     0.0147         41     0.1667  0.000e+00
     -0.044    24.1152   0.001212     0.0147         42     0.1708  0.000e+00
     -0.047    24.1146   0.001221     0.0147         43     0.1750  0.000e+00
     -0.047    24.1146   0.001215     0.0147         44     0.1792  0.000e+00
     -0.044    24.1153   0.001218     0.0147         45     0.1833  0.000e+00
     -0.047    24.1155   0.001209     0.0146         46     0.1875  0.000e+00
     -0.044    24.1152   0.001218     0.0147         47     0.1917  0.000e+00
     -0.041    24.1152   0.001215     0.0147         48     0.1958  0.000e+00
     -0.044    24.1155   0.001212     0.0147         49     0.2000  0.000e+00
     -0.041    24.1143   0.001209     0.0146         50     0.2042  0.000e+00
     -0.041    24.1145   0.001215     0.0147         51     0.2083  0.000e+00
     -0.044    24.1149   0.001212     0.0147         52     0.2125  0.000e+00
     -0.041    24.1145   0.001209     0.0146         53     0.2167  0.000e+00
     -0.047    24.1140   0.001212     0.0147         54     0.2208  0.000e+00
     -0.047    24.1146   0.001215     0.0147         55     0.2250  0.000e+00
     -0.047    24.1150   0.001212     0.0147         56     0.2292  0.000e+00
     -0.047    24.1152   0.001215     0.0147         57     0.2333  0.000e+00
     -0.041    24.1149   0.001215     0.0147         58     0.2375  0.000e+00
     -0.041    24.1147   0.001209     0.0146         59     0.2417  0.000e+00
     -0.047    24.1148   0.001209     0.0146         60     0.2458  0.000e+00
     -0.044    24.1150   0.001209     0.0146         61     0.2500  0.000e+00
     -0.047    24.1150   0.001215     0.0147         62     0.2542  0.000e+00
     -0.044    24.1154   0.001209     0.0146         63     0.2583  0.000e+00
     -0.044    24.1157   0.001209     0.0146         64     0.2625  0.000e+00
     -0.047    24.1153   0.001209     0.0146         65     0.2667  0.000e+00
     -0.044    24.1153   0.001209     0.0146         66     0.2708  0.000e+00
     -0.038    24.1154   0.001209     0.0146         67     0.2750  0.000e+00
     -0.047    24.1158   0.001212     0.0147         68     0.2792  0.000e+00
     -0.044    24.1161   0.001209     0.0146         69     0.2833  0.000e+00
     -0.044    24.1161   0.001209     0.0146         70     0.2875  0.000e+00
     -0.041    24.1158   0.001209     0.0146         71     0.2917  0.000e+00
     -0.044    24.1159   0.001203     0.0146         72     0.2958  0.000e+00
     -0.047    24.1158   0.001212     0.0147         73     0.3000  0.000e+00
     -0.044    24.1159   0.001203     0.0146         74     0.3042  0.000e+00
     -0.038    24.1161   0.001218     0.0147         75     0.3083  0.000e+00
     -0.050    24.1161   0.001209     0.0146         76     0.3125  0.000e+00
     -0.041    24.1168   0.001215     0.0147         77     0.3167  0.000e+00
     -0.041    24.1161   0.001212     0.0147         78     0.3208  0.000e+00
     -0.038    24.1159   0.001203     0.0146         79     0.3250  0.000e+00
     -0.044    24.1165   0.001209     0.0146         80     0.3292  0.000e+00
     -0.044    24.1169   0.001215     0.0147         81     0.3333  0.000e+00
     -0.044    24.1166   0.001212     0.0147         82     0.3375  0.000e+00
     -0.041    24.1170   0.001209     0.0146         83     0.3417  0.000e+00
     -0.038    24.1170   0.001209     0.0146         84     0.3458  0.000e+00
     -0.035    24.1167   0.001209     0.0146         85     0.3500  0.000e+00
     -0.047    24.1169   0.001203     0.0146         86     0.3542  0.000e+00
     -0.047    24.1173   0.001209     0.0146         87     0.3583  0.000e+00
     -0.044    24.1174   0.001203     0.0146         88     0.3625  0.000e+00
     -0.041    24.1171   0.001203     0.0146         89     0.3667  0.000e+00
     -0.047    24.1178   0.001203     0.0146         90     0.3708  0.000e+00
     -0.044    24.1175   0.001203     0.0146         91     0.3750  0.000e+00
     -0.047    24.1174   0.001209     0.0146         92     0.3792  0.000e+00
     -0.044    24.1176   0.001203     0.0146         93     0.3833  0.000e+00
     -0.044    24.1177   0.001209     0.0146         94     0.3875  0.000e+00
     -0.044    24.1174   0.001209     0.0146         95     0.3917  0.000e+00
     -0.047    24.1176   0.001218     0.0147         96     0.3958  0.000e+00
     -0.041    24.1180   0.001209     0.0146         97     0.4000  0.000e+00
     -0.044    24.1183   0.001209     0.0146         98     0.4042  0.000e+00
     -0.044    24.1180   0.001212     0.0147         99     0.4083  0.000e+00
     -0.041    24.1181   0.001209     0.0146        100     0.4125  0.000e+00
     -0.047    24.1182   0.001209     0.0146        101     0.4167  0.000e+00
     -0.047    24.1174   0.001215     0.0147        102     0.4208  0.000e+00
     -0.050    24.1159   0.001192     0.0146        103     0.4250  0.000e+00
     -0.044    24.1163   0.001203     0.0146        104     0.4292  0.000e+00
     -0.047    24.1170   0.001203     0.0146        105     0.4333  0.000e+00
     -0.041    24.1177   0.001212     0.0147        106     0.4375  0.000e+00
     -0.047    24.1174   0.001203     0.0146        107     0.4417  0.000e+00
     -0.044    24.1169   0.001209     0.0146        108     0.4458  0.000e+00
     -0.044    24.1173   0.001215     0.0147        109     0.4500  0.000e+00
     -0.041    24.1173   0.001209     0.0146        110     0.4542  0.000e+00
     -0.044    24.1176   0.001209     0.0146        111     0.4583  0.000e+00
     -0.050    24.1179   0.001209     0.0146        112     0.4625  0.000e+00
     -0.047    24.1185   0.001212     0.0147        113     0.4667  0.000e+00
     -0.047    24.1183   0.001215     0.0147        114     0.4708  0.000e+00
     -0.047    24.1183   0.001212     0.0147        115     0.4750  0.000e+00
     -0.047    24.1185   0.001209     0.0146        116     0.4792  0.000e+00
     -0.038    24.1188   0.001209     0.0146        117     0.4833  0.000e+00
     -0.044    24.1182   0.001212     0.0147        118     0.4875  0.000e+00
     -0.047    24.1183   0.001209     0.0146        119     0.4917  0.000e+00
     -0.044    24.1182   0.001203     0.0146        120     0.4958  0.000e+00
     -0.044    24.1179   0.001209     0.0146        121     0.5000  0.000e+00
     -0.047    24.1182   0.001212     0.0147        122     0.5042  0.000e+00
     -0.041    24.1189   0.001203     0.0146        123     0.5083  0.000e+00
     -0.041    24.1189   0.001203     0.0146        124     0.5125  0.000e+00
     -0.038    24.1189   0.001209     0.0146        125     0.5167  0.000e+00
     -0.041    24.1196   0.001203     0.0146        126     0.5208  0.000e+00
     -0.038    24.1198   0.001209     0.0146        127     0.5250  0.000e+00
     -0.047    24.1196   0.001203     0.0146        128     0.5292  0.000e+00
     -0.044    24.1196   0.001209     0.0146        129     0.5333  0.000e+00
     -0.041    24.1199   0.001203     0.0146        130     0.5375  0.000e+00
     -0.038    24.1198   0.001209     0.0146        131     0.5417  0.000e+00
     -0.041    24.1192   0.001203     0.0146        132     0.5458  0.000e+00
     -0.044    24.1194   0.001198     0.0146        133     0.5500  0.000e+00
     -0.044    24.1197   0.001203     0.0146        134     0.5542  0.000e+00
     -0.041    24.1200   0.001209     0.0146        135     0.5583  0.000e+00
     -0.047    24.1197   0.001212     0.0147        136     0.5625  0.000e+00
     -0.038    24.1195   0.001209     0.0146        137     0.5667  0.000e+00
     -0.032    24.1201   0.001209     0.0146        138     0.5708  0.000e+00
     -0.041    24.1199   0.001209     0.0146        139     0.5750  0.000e+00
     -0.041    24.1200   0.001209     0.0146        140     0.5792  0.000e+00
     -0.038    24.1207   0.001209     0.0146        141     0.5833  0.000e+00
     -0.038    24.1206   0.001203     0.0146        142     0.5875  0.000e+00
     -0.041    24.1210   0.001212     0.0147        143     0.5917  0.000e+00
     -0.038    24.1210   0.001209     0.0146        144     0.5958  0.000e+00
     -0.038    24.1211   0.001203     0.0146        145     0.6000  0.000e+00
     -0.044    24.1212   0.001203     0.0146        146     0.6042  0.000e+00
     -0.038    24.1208   0.001209     0.0146        147     0.6083  0.000e+00
     -0.035    24.1207   0.001209     0.0146        148     0.6125  0.000e+00
     -0.041    24.1213   0.001209     0.0146        149     0.6167  0.000e+00
     -0.038    24.1221   0.001203     0.0146        150     0.6208  0.000e+00
     -0.041    24.1221   0.001203     0.0146        151     0.6250  0.000e+00
     -0.041    24.1188   0.001209     0.0146        152     0.6292  0.000e+00
     -0.038    24.1174   0.001203     0.0146        153     0.6333  0.000e+00
     -0.032    24.1186   0.001203     0.0146        154     0.6375  0.000e+00
     -0.038    24.1196   0.001203     0.0146        155     0.6417  0.000e+00
     -0.038    24.1200   0.001203     0.0146        156     0.6458  0.000e+00
     -0.035    24.1199   0.001209     0.0146        157     0.6500  0.000e+00
     -0.044    24.1175   0.001209     0.0146        158     0.6542  0.000e+00
     -0.035    24.1180   0.001203     0.0146        159     0.6583  0.000e+00
     -0.035    24.1182   0.001203     0.0146        160     0.6625  0.000e+00
     -0.035    24.1175   0.001198     0.0146        161     0.6667  0.000e+00
     -0.038    24.1180   0.001203     0.0146        162     0.6708  0.000e+00
     -0.038    24.1163   0.001203     0.0146        163     0.6750  0.000e+00
     -0.044    24.1165   0.001215     0.0147        164     0.6792  0.000e+00
     -0.038    24.1149   0.001192     0.0146        165     0.6833  0.000e+00
     -0.038    24.1119   0.001189     0.0146        166     0.6875  0.000e+00
     -0.041    24.1121   0.001192     0.0146        167     0.6917  0.000e+00
     -0.041    24.1135   0.001198     0.0146        168     0.6958  0.000e+00
     -0.047    24.1132   0.001198     0.0146        169     0.7000  0.000e+00
     -0.041    24.1131   0.001203     0.0146        170     0.7042  0.000e+00
     -0.035    24.1127   0.001192     0.0146        171     0.7083  0.000e+00
     -0.038    24.1104   0.001198     0.0146        172     0.7125  0.000e+00
     -0.038    24.1089   0.001203     0.0146        173     0.7167  0.000e+00
     -0.044    24.1095   0.001209     0.0146        174     0.7208  0.000e+00
     -0.044    24.1101   0.001203     0.0146        175     0.7250  0.000e+00
     -0.038    24.1099   0.001203     0.0146        176     0.7292  0.000e+00
     -0.032    24.1079   0.001198     0.0146        177     0.7333  0.000e+00
     -0.041    24.1084   0.001209     0.0146        178     0.7375  0.000e+00
     -0.038    24.1095   0.001203     0.0146        179     0.7417  0.000e+00
     -0.041    24.1099   0.001203     0.0146        180     0.7458  0.000e+00
     -0.038    24.1104   0.001209     0.0146        181     0.7500  0.000e+00
     -0.041    24.1110   0.001209     0.0146        182     0.7542  0.000e+00
     -0.047    24.1091   0.001209     0.0146        183     0.7583  0.000e+00
     -0.041    24.1081   0.001209     0.0146        184     0.7625  0.000e+00
     -0.038    24.1087   0.001209     0.0146        185     0.7667  0.000e+00
     -0.038    24.1064   0.001209     0.0146        186     0.7708  0.000e+00
     -0.041    24.1067   0.001203     0.0146        187     0.7750  0.000e+00
     -0.035    24.1074   0.001209     0.0146        188     0.7792  0.000e+00
     -0.035    24.1077   0.001215     0.0147        189     0.7833  0.000e+00
     -0.035    24.1070   0.001203     0.0146        190     0.7875  0.000e+00
     -0.044    24.1053   0.001203     0.0146        191     0.7917  0.000e+00
     -0.050    24.1011   0.001221     0.0147        192     0.7958  0.000e+00
     -0.044    24.1009   0.001212     0.0146        193     0.8000  0.000e+00
     -0.029    24.1008   0.001209     0.0146        194     0.8042  0.000e+00
     -0.038    24.0968   0.001212     0.0146        195     0.8083  0.000e+00
     -0.038    24.0962   0.001209     0.0146        196     0.8125  0.000e+00
     -0.038    24.0983   0.001218     0.0147        197     0.8167  0.000e+00
     -0.035    24.0967   0.001221     0.0147        198     0.8208  0.000e+00
     -0.038    24.0973   0.001209     0.0146        199     0.8250  0.000e+00
     -0.038    24.1008   0.001218     0.0147        200     0.8292  0.000e+00
     -0.038    24.1030   0.001227     0.0147        201     0.8333  0.000e+00
     -0.035    24.1013   0.001218     0.0147        202     0.8375  0.000e+00
     -0.035    24.0953   0.001221     0.0147        203     0.8417  0.000e+00
     -0.035    24.0947   0.001218     0.0147        204     0.8458  0.000e+00
     -0.005    24.0997   0.001212     0.0146        205     0.8500  0.000e+00
      0.104    24.1052   5.166982    34.6464        206     0.8542  0.000e+00
      0.198    24.1129   4.187142    27.3823        207     0.8583  0.000e+00
      0.322    24.1274   3.751509    24.2296        208     0.8625  0.000e+00
      0.491    24.1429   4.543279    29.9708        209     0.8667  0.000e+00
      0.712    24.1531   5.024535    33.5392        210     0.8708  0.000e+00
      0.972    24.1593   5.249665    35.2274        211     0.8750  0.000e+00
      1.214    24.1616   5.250793    35.2341        212     0.8792  0.000e+00
      1.429    24.1589   5.225510    35.0453        213     0.8833  0.000e+00
      1.613    24.1559   3.320178    21.1549        214     0.8875  0.000e+00
      1.771    24.1539   3.977948    25.8417        215     0.8917  0.000e+00
