HB2302/sbe142.cnv
* Sea-Bird SBE 19plus V2 Data File:
* FileName = C:\cruise\data\sbe142.hex
* Software Version Seasave V 7.26.7.121
* Temperature SN = 4758
* Conductivity SN = 4758
* System UpLoad Time = Jun 21 2023 12:16:39
* NMEA Latitude = 43 12.39 N
* NMEA Longitude = 068 23.58 W
* NMEA UTC (Time) = Jun 21 2023 12:16:39
** Cruise: HB2302
** Program: Ecomon
** Chief Scientist: Jerry Prezioso
# nquan = 7
# nvalues = 5194                                  
# units = specified
# name 0 = depSM: Depth [salt water, m]
# name 1 = tv290C: Temperature [ITS-90, deg C]
# name 2 = c0S/m: Conductivity [S/m]
# name 3 = sal00: Salinity, Practical [PSU]
# name 4 = scan: Scan Count
# name 5 = timeM: Time, Elapsed [minutes]
# name 6 = flag:  0.000e+00
# span 0 =      0.037,    166.225                 
# span 1 =     7.4147,    12.1107                 
# span 2 =   0.001096,   3.676343                 
# span 3 =     0.0110,    33.8468                 
# span 4 =         11,       5204                 
# span 5 =     0.0417,    21.6792                 
# span 6 = 0.0000e+00, 0.0000e+00                 
# interval = seconds: 0.25
# start_time = Jun 21 2023 12:16:39 [NMEA time, header]
# bad_flag = -9.990e-29
*END*
[from data line 4718]
     20.318     8.9718   3.427551    32.0219       4729    19.7000  0.000e+00
     20.288     8.9746   3.427826    32.0222       4730    19.7042  0.000e+00
     20.245     8.9776   3.428165    32.0230       4731    19.7083  0.000e+00
     20.188     8.9811   3.428616    32.0246       4732    19.7125  0.000e+00
     20.110     8.9853   3.429029    32.0251       4733    19.7167  0.000e+00
     20.043     8.9900   3.429511    32.0259       4734    19.7208  0.000e+00
     19.965     8.9953   3.429881    32.0250       4735    19.7250  0.000e+00
     19.902     9.0001   3.430038    32.0223       4736    19.7292  0.000e+00
     19.832     9.0045   3.430420    32.0223       4737    19.7333  0.000e+00
     19.769     9.0088   3.430921    32.0236       4738    19.7375  0.000e+00
     19.691     9.0143   3.431366    32.0234       4739    19.7417  0.000e+00
     19.639     9.0201   3.432150    32.0263       4740    19.7458  0.000e+00
     19.582     9.0275   3.432989    32.0283       4741    19.7500  0.000e+00
     19.537     9.0367   3.433792    32.0284       4742    19.7542  0.000e+00
     19.510     9.0464   3.434042    32.0223       4743    19.7583  0.000e+00
     19.486     9.0543   3.434230    32.0171       4744    19.7625  0.000e+00
     19.473     9.0598   3.434362    32.0136       4745    19.7667  0.000e+00
     19.468     9.0633   3.434362    32.0104       4746    19.7708  0.000e+00
     19.474     9.0656   3.434280    32.0074       4747    19.7750  0.000e+00
     19.495     9.0662   3.434117    32.0052       4748    19.7792  0.000e+00
     19.519     9.0657   3.433773    32.0021       4749    19.7833  0.000e+00
     19.549     9.0635   3.433284    31.9991       4750    19.7875  0.000e+00
     19.582     9.0598   3.432757    31.9969       4751    19.7917  0.000e+00
     19.612     9.0543   3.432275    31.9969       4752    19.7958  0.000e+00
     19.633     9.0483   3.431767    31.9969       4753    19.8000  0.000e+00
     19.652     9.0421   3.431259    31.9973       4754    19.8042  0.000e+00
     19.655     9.0355   3.431027    32.0008       4755    19.8083  0.000e+00
     19.628     9.0300   3.431096    32.0065       4756    19.8125  0.000e+00
     19.600     9.0269   3.431303    32.0114       4757    19.8167  0.000e+00
     19.552     9.0262   3.431811    32.0173       4758    19.8208  0.000e+00
     19.486     9.0286   3.432569    32.0231       4759    19.8250  0.000e+00
     19.407     9.0340   3.433673    32.0296       4760    19.8292  0.000e+00
     19.329     9.0434   3.434638    32.0313       4761    19.8333  0.000e+00
     19.248     9.0545   3.435503    32.0302       4762    19.8375  0.000e+00
     19.163     9.0656   3.436030    32.0257       4763    19.8417  0.000e+00
     19.064     9.0753   3.436607    32.0230       4764    19.8458  0.000e+00
     18.970     9.0839   3.437553    32.0251       4765    19.8500  0.000e+00
     18.877     9.0939   3.438312    32.0240       4766    19.8542  0.000e+00
     18.792     9.1046   3.439222    32.0238       4767    19.8583  0.000e+00
     18.720     9.1156   3.439792    32.0198       4768    19.8625  0.000e+00
     18.663     9.1263   3.440257    32.0151       4769    19.8667  0.000e+00
     18.620     9.1348   3.440639    32.0114       4770    19.8708  0.000e+00
     18.590     9.1417   3.440978    32.0087       4771    19.8750  0.000e+00
     18.557     9.1475   3.441103    32.0048       4772    19.8792  0.000e+00
     18.551     9.1519   3.441216    32.0020       4773    19.8833  0.000e+00
     18.554     9.1547   3.441166    31.9990       4774    19.8875  0.000e+00
     18.575     9.1560   3.440871    31.9948       4775    19.8917  0.000e+00
     18.615     9.1556   3.440488    31.9911       4776    19.8958  0.000e+00
     18.672     9.1529   3.439936    31.9879       4777    19.9000  0.000e+00
     18.723     9.1483   3.439391    31.9863       4778    19.9042  0.000e+00
     18.772     9.1423   3.438839    31.9860       4779    19.9083  0.000e+00
     18.808     9.1353   3.438224    31.9859       4780    19.9125  0.000e+00
     18.844     9.1278   3.437910    31.9894       4781    19.9167  0.000e+00
     18.868     9.1211   3.437566    31.9918       4782    19.9208  0.000e+00
     18.880     9.1154   3.437127    31.9924       4783    19.9250  0.000e+00
     18.883     9.1097   3.436813    31.9943       4784    19.9292  0.000e+00
     18.874     9.1042   3.436832    31.9994       4785    19.9333  0.000e+00
     18.844     9.1009   3.437077    32.0049       4786    19.9375  0.000e+00
     18.805     9.1003   3.437403    32.0089       4787    19.9417  0.000e+00
     18.738     9.1023   3.437723    32.0104       4788    19.9458  0.000e+00
     18.654     9.1055   3.438268    32.0132       4789    19.9500  0.000e+00
     18.563     9.1101   3.439052    32.0172       4790    19.9542  0.000e+00
     18.458     9.1171   3.439937    32.0201       4791    19.9583  0.000e+00
     18.337     9.1265   3.441229    32.0251       4792    19.9625  0.000e+00
     18.223     9.1391   3.443243    32.0346       4793    19.9667  0.000e+00
     18.099     9.1572   3.443770    32.0239       4794    19.9708  0.000e+00
     17.981     9.1744   3.446545    32.0371       4795    19.9750  0.000e+00
     17.876     9.1970   3.451594    32.0689       4796    19.9792  0.000e+00
     17.783     9.2346   3.453233    32.0521       4797    19.9833  0.000e+00
     17.695     9.2706   3.453886    32.0265       4798    19.9875  0.000e+00
     17.638     9.2956   3.454653    32.0120       4799    19.9917  0.000e+00
     17.602     9.3129   3.454784    31.9979       4800    19.9958  0.000e+00
     17.587     9.3237   3.454847    31.9889       4801    20.0000  0.000e+00
     17.596     9.3296   3.454822    31.9834       4802    20.0042  0.000e+00
     17.614     9.3326   3.454803    31.9805       4803    20.0083  0.000e+00
     17.650     9.3339   3.454545    31.9767       4804    20.0125  0.000e+00
     17.698     9.3331   3.453351    31.9651       4805    20.0167  0.000e+00
     17.747     9.3278   3.453056    31.9667       4806    20.0208  0.000e+00
     17.804     9.3215   3.452824    31.9700       4807    20.0250  0.000e+00
     17.849     9.3162   3.451574    31.9619       4808    20.0292  0.000e+00
     17.898     9.3077   3.448301    31.9357       4809    20.0333  0.000e+00
     17.937     9.2880   3.445740    31.9270       4810    20.0375  0.000e+00
     17.967     9.2612   3.444742    31.9407       4811    20.0417  0.000e+00
     17.970     9.2376   3.444340    31.9577       4812    20.0458  0.000e+00
     17.955     9.2208   3.444127    31.9706       4813    20.0500  0.000e+00
     17.937     9.2105   3.444109    31.9796       4814    20.0542  0.000e+00
     17.913     9.2046   3.444090    31.9847       4815    20.0583  0.000e+00
     17.874     9.2016   3.444153    31.9880       4816    20.0625  0.000e+00
     17.822     9.2004   3.444491    31.9926       4817    20.0667  0.000e+00
     17.753     9.2017   3.446080    32.0078       4818    20.0708  0.000e+00
     17.669     9.2104   3.449979    32.0403       4819    20.0750  0.000e+00
     17.581     9.2330   3.452460    32.0456       4820    20.0792  0.000e+00
     17.485     9.2625   3.454251    32.0377       4821    20.0833  0.000e+00
     17.376     9.2904   3.454866    32.0190       4822    20.0875  0.000e+00
     17.274     9.3110   3.455375    32.0058       4823    20.0917  0.000e+00
     17.171     9.3249   3.455739    31.9972       4824    20.0958  0.000e+00
     17.081     9.3344   3.456663    31.9982       4825    20.1000  0.000e+00
     16.984     9.3441   3.457606    31.9992       4826    20.1042  0.000e+00
     16.903     9.3554   3.458203    31.9953       4827    20.1083  0.000e+00
     16.833     9.3654   3.458756    31.9921       4828    20.1125  0.000e+00
     16.767     9.3747   3.459272    31.9891       4829    20.1167  0.000e+00
     16.713     9.3830   3.460032    31.9894       4830    20.1208  0.000e+00
     16.676     9.3917   3.460542    31.9870       4831    20.1250  0.000e+00
     16.649     9.3996   3.460799    31.9825       4832    20.1292  0.000e+00
     16.634     9.4058   3.460868    31.9777       4833    20.1333  0.000e+00
     16.637     9.4097   3.460887    31.9744       4834    20.1375  0.000e+00
     16.637     9.4120   3.460824    31.9718       4835    20.1417  0.000e+00
     16.646     9.4127   3.460516    31.9679       4836    20.1458  0.000e+00
     16.668     9.4118   3.460101    31.9645       4837    20.1500  0.000e+00
     16.689     9.4093   3.459648    31.9621       4838    20.1542  0.000e+00
     16.728     9.4048   3.459183    31.9613       4839    20.1583  0.000e+00
     16.770     9.3994   3.458888    31.9631       4840    20.1625  0.000e+00
     16.803     9.3941   3.458504    31.9639       4841    20.1667  0.000e+00
     16.828     9.3888   3.458190    31.9653       4842    20.1708  0.000e+00
     16.846     9.3839   3.457951    31.9672       4843    20.1750  0.000e+00
     16.855     9.3795   3.457605    31.9676       4844    20.1792  0.000e+00
     16.837     9.3755   3.457417    31.9693       4845    20.1833  0.000e+00
     16.822     9.3720   3.457461    31.9729       4846    20.1875  0.000e+00
     16.789     9.3700   3.457606    31.9762       4847    20.1917  0.000e+00
     16.749     9.3698   3.457951    31.9799       4848    20.1958  0.000e+00
     16.701     9.3709   3.458372    31.9833       4849    20.2000  0.000e+00
     16.626     9.3740   3.458888    31.9859       4850    20.2042  0.000e+00
     16.541     9.3790   3.459862    31.9914       4851    20.2083  0.000e+00
     16.448     9.3871   3.461227    31.9982       4852    20.2125  0.000e+00
     16.348     9.3986   3.462271    31.9987       4853    20.2167  0.000e+00
     16.237     9.4116   3.462887    31.9934       4854    20.2208  0.000e+00
     16.125     9.4233   3.463912    31.9935       4855    20.2250  0.000e+00
     16.010     9.4351   3.464875    31.9929       4856    20.2292  0.000e+00
     15.899     9.4474   3.465617    31.9896       4857    20.2333  0.000e+00
     15.802     9.4591   3.467133    31.9947       4858    20.2375  0.000e+00
     15.718     9.4728   3.467857    31.9900       4859    20.2417  0.000e+00
     15.636     9.4858   3.468285    31.9827       4860    20.2458  0.000e+00
     15.585     9.4961   3.468631    31.9771       4861    20.2500  0.000e+00
     15.540     9.5034   3.468801    31.9723       4862    20.2542  0.000e+00
     15.516     9.5087   3.468864    31.9683       4863    20.2583  0.000e+00
     15.510     9.5118   3.468882    31.9657       4864    20.2625  0.000e+00
     15.519     9.5137   3.468889    31.9641       4865    20.2667  0.000e+00
     15.543     9.5145   3.468756    31.9620       4866    20.2708  0.000e+00
     15.573     9.5146   3.468587    31.9601       4867    20.2750  0.000e+00
     15.607     9.5135   3.468310    31.9583       4868    20.2792  0.000e+00
     15.628     9.5113   3.468070    31.9578       4869    20.2833  0.000e+00
     15.634     9.5088   3.467794    31.9572       4870    20.2875  0.000e+00
     15.640     9.5058   3.467605    31.9579       4871    20.2917  0.000e+00
     15.625     9.5030   3.467586    31.9603       4872    20.2958  0.000e+00
     15.601     9.5011   3.467882    31.9650       4873    20.3000  0.000e+00
     15.559     9.5011   3.468285    31.9691       4874    20.3042  0.000e+00
     15.483     9.5032   3.468694    31.9714       4875    20.3083  0.000e+00
     15.408     9.5073   3.469096    31.9720       4876    20.3125  0.000e+00
     15.308     9.5115   3.469543    31.9728       4877    20.3167  0.000e+00
     15.197     9.5162   3.469814    31.9715       4878    20.3208  0.000e+00
     15.070     9.5206   3.470462    31.9742       4879    20.3250  0.000e+00
     14.946     9.5264   3.472433    31.9893       4880    20.3292  0.000e+00
     14.814     9.5382   3.473503    31.9897       4881    20.3333  0.000e+00
     14.684     9.5530   3.474441    31.9862       4882    20.3375  0.000e+00
     14.557     9.5669   3.476092    31.9907       4883    20.3417  0.000e+00
     14.449     9.5830   3.477591    31.9917       4884    20.3458  0.000e+00
     14.346     9.6015   3.477855    31.9780       4885    20.3500  0.000e+00
     14.259     9.6163   3.477931    31.9656       4886    20.3542  0.000e+00
     14.199     9.6254   3.477975    31.9580       4887    20.3583  0.000e+00
     14.159     9.6306   3.477993    31.9535       4888    20.3625  0.000e+00
     14.135     9.6334   3.478019    31.9513       4889    20.3667  0.000e+00
     14.126     9.6351   3.477974    31.9494       4890    20.3708  0.000e+00
     14.138     9.6357   3.477993    31.9490       4891    20.3750  0.000e+00
     14.153     9.6360   3.478012    31.9490       4892    20.3792  0.000e+00
     14.180     9.6360   3.478019    31.9490       4893    20.3833  0.000e+00
     14.220     9.6362   3.478126    31.9500       4894    20.3875  0.000e+00
     14.256     9.6360   3.478189    31.9507       4895    20.3917  0.000e+00
     14.289     9.6366   3.478208    31.9504       4896    20.3958  0.000e+00
     14.307     9.6367   3.478189    31.9500       4897    20.4000  0.000e+00
     14.307     9.6364   3.478126    31.9497       4898    20.4042  0.000e+00
     14.307     9.6356   3.478082    31.9499       4899    20.4083  0.000e+00
     14.271     9.6347   3.478119    31.9511       4900    20.4125  0.000e+00
     14.226     9.6345   3.478296    31.9532       4901    20.4167  0.000e+00
     14.154     9.6356   3.478315    31.9524       4902    20.4208  0.000e+00
     14.063     9.6366   3.478208    31.9505       4903    20.4250  0.000e+00
     13.961     9.6372   3.478145    31.9493       4904    20.4292  0.000e+00
     13.828     9.6371   3.478126    31.9493       4905    20.4333  0.000e+00
     13.686     9.6371   3.478056    31.9486       4906    20.4375  0.000e+00
     13.535     9.6371   3.478459    31.9528       4907    20.4417  0.000e+00
     13.372     9.6382   3.478982    31.9573       4908    20.4458  0.000e+00
     13.210     9.6419   3.479884    31.9632       4909    20.4500  0.000e+00
     13.044     9.6495   3.481554    31.9736       4910    20.4542  0.000e+00
     12.875     9.6619   3.484384    31.9914       4911    20.4583  0.000e+00
     12.739     9.6835   3.486124    31.9901       4912    20.4625  0.000e+00
     12.619     9.7077   3.487499    31.9826       4913    20.4667  0.000e+00
     12.519     9.7295   3.488275    31.9711       4914    20.4708  0.000e+00
     12.450     9.7469   3.488830    31.9613       4915    20.4750  0.000e+00
     12.401     9.7601   3.489126    31.9527       4916    20.4792  0.000e+00
     12.377     9.7689   3.489221    31.9458       4917    20.4833  0.000e+00
     12.371     9.7745   3.489220    31.9409       4918    20.4875  0.000e+00
     12.393     9.7773   3.489006    31.9362       4919    20.4917  0.000e+00
     12.426     9.7779   3.488873    31.9343       4920    20.4958  0.000e+00
     12.462     9.7770   3.488722    31.9335       4921    20.5000  0.000e+00
     12.501     9.7756   3.488640    31.9339       4922    20.5042  0.000e+00
     12.522     9.7742   3.488489    31.9336       4923    20.5083  0.000e+00
     12.531     9.7726   3.488337    31.9335       4924    20.5125  0.000e+00
     12.528     9.7706   3.488306    31.9349       4925    20.5167  0.000e+00
     12.504     9.7692   3.488382    31.9370       4926    20.5208  0.000e+00
     12.456     9.7685   3.488703    31.9409       4927    20.5250  0.000e+00
     12.390     9.7697   3.489372    31.9466       4928    20.5292  0.000e+00
     12.284     9.7738   3.489820    31.9477       4929    20.5333  0.000e+00
     12.164     9.7792   3.490425    31.9491       4930    20.5375  0.000e+00
     12.022     9.7854   3.490791    31.9473       4931    20.5417  0.000e+00
     11.859     9.7914   3.491435    31.9486       4932    20.5458  0.000e+00
     11.660     9.7976   3.491757    31.9465       4933    20.5500  0.000e+00
