HB2302/sbe199.cnv
* Sea-Bird SBE 19plus V2 Data File:
* FileName = C:\cruise\data\sbe199.hex
* Software Version Seasave V 7.26.7.121
* Temperature SN = 4758
* Conductivity SN = 4758
* System UpLoad Time = Jun 27 2023 10:18:14
* NMEA Latitude = 40 41.94 N
* NMEA Longitude = 070 03.52 W
* NMEA UTC (Time) = Jun 27 2023 10:17:13
** Cruise: HB2302
** Program: Ecomon
** Chief Scientist: Jerry Prezioso
# nquan = 7
# nvalues = 1387                                  
# units = specified
# name 0 = depSM: Depth [salt water, m]
# name 1 = tv290C: Temperature [ITS-90, deg C]
# name 2 = c0S/m: Conductivity [S/m]
# name 3 = sal00: Salinity, Practical [PSU]
# name 4 = scan: Scan Count
# name 5 = timeM: Time, Elapsed [minutes]
# name 6 = flag:  0.000e+00
# span 0 =     -0.131,     41.605                 
# span 1 =    10.8368,    19.8101                 
# span 2 =  -0.092605,   4.103518                 
# span 3 =     0.0000,    32.5599                 
# span 4 =         11,       1397                 
# span 5 =     0.0417,     5.8167                 
# span 6 = 0.0000e+00, 0.0000e+00                 
# interval = seconds: 0.25
# start_time = Jun 27 2023 10:17:13 [NMEA time, header]
# bad_flag = -9.990e-29
*END*
[from data line 821]
     16.540    11.6669   3.658638    31.9682        832     3.4625  0.000e+00
     16.522    11.6711   3.658612    31.9643        833     3.4667  0.000e+00
     16.498    11.6743   3.658181    31.9574        834     3.4708  0.000e+00
     16.468    11.6747   3.658683    31.9619        835     3.4750  0.000e+00
     16.432    11.6755   3.658934    31.9637        836     3.4792  0.000e+00
     16.384    11.6777   3.658773    31.9603        837     3.4833  0.000e+00
     16.332    11.6786   3.659139    31.9631        838     3.4875  0.000e+00
     16.272    11.6805   3.660528    31.9749        839     3.4917  0.000e+00
     16.215    11.6869   3.661364    31.9775        840     3.4958  0.000e+00
     16.148    11.6957   3.662605    31.9820        841     3.5000  0.000e+00
     16.079    11.7061   3.663872    31.9854        842     3.5042  0.000e+00
     16.025    11.7168   3.663595    31.9736        843     3.5083  0.000e+00
     15.955    11.7225   3.662559    31.9586        844     3.5125  0.000e+00
     15.913    11.7221   3.661524    31.9489        845     3.5167  0.000e+00
     15.856    11.7163   3.657274    31.9127        846     3.5208  0.000e+00
     15.814    11.7000   3.656413    31.9184        847     3.5250  0.000e+00
     15.766    11.6833   3.655931    31.9280        848     3.5292  0.000e+00
     15.732    11.6717   3.654505    31.9242        849     3.5333  0.000e+00
     15.702    11.6618   3.655385    31.9413        850     3.5375  0.000e+00
     15.669    11.6573   3.655218    31.9436        851     3.5417  0.000e+00
     15.642    11.6551   3.651575    31.9100        852     3.5458  0.000e+00
     15.606    11.6434   3.651074    31.9153        853     3.5500  0.000e+00
     15.576    11.6319   3.652462    31.9387        854     3.5542  0.000e+00
     15.540    11.6290   3.652083    31.9375        855     3.5583  0.000e+00
     15.503    11.6275   3.649739    31.9160        856     3.5625  0.000e+00
     15.464    11.6187   3.648107    31.9078        857     3.5667  0.000e+00
     15.419    11.6079   3.648287    31.9188        858     3.5708  0.000e+00
     15.368    11.6007   3.647112    31.9136        859     3.5750  0.000e+00
     15.329    11.5939   3.645687    31.9056        860     3.5792  0.000e+00
     15.274    11.5855   3.648833    31.9435        861     3.5833  0.000e+00
     15.217    11.5920   3.653619    31.9845        862     3.5875  0.000e+00
     15.163    11.6175   3.654165    31.9678        863     3.5917  0.000e+00
     15.102    11.6415   3.651074    31.9171        864     3.5958  0.000e+00
     15.042    11.6402   3.650098    31.9088        865     3.6000  0.000e+00
     14.982    11.6364   3.675233    32.1566        866     3.6042  0.000e+00
     14.942    11.7033   3.680811    32.1528        867     3.6083  0.000e+00
     14.882    11.7970   3.661774    31.8874        868     3.6125  0.000e+00
     14.843    11.7987   3.665376    31.9209        869     3.6167  0.000e+00
     14.804    11.7759   3.672990    32.0142        870     3.6208  0.000e+00
     14.768    11.7974   3.673176    31.9975        871     3.6250  0.000e+00
     14.740    11.8163   3.657118    31.8259        872     3.6292  0.000e+00
     14.719    11.7712   3.651323    31.8084        873     3.6333  0.000e+00
     14.698    11.7095   3.655275    31.8996        874     3.6375  0.000e+00
     14.683    11.6828   3.654138    31.9116        875     3.6417  0.000e+00
     14.674    11.6742   3.656863    31.9454        876     3.6458  0.000e+00
     14.662    11.6738   3.654755    31.9252        877     3.6500  0.000e+00
     14.656    11.6709   3.660392    31.9825        878     3.6542  0.000e+00
     14.650    11.6847   3.652345    31.8925        879     3.6583  0.000e+00
     14.638    11.6749   3.649307    31.8714        880     3.6625  0.000e+00
     14.629    11.6499   3.649674    31.8965        881     3.6667  0.000e+00
     14.611    11.6314   3.648370    31.8997        882     3.6708  0.000e+00
     14.596    11.6189   3.649038    31.9170        883     3.6750  0.000e+00
     14.578    11.6137   3.649469    31.9256        884     3.6792  0.000e+00
     14.551    11.6140   3.649443    31.9251        885     3.6833  0.000e+00
     14.536    11.6149   3.649751    31.9274        886     3.6875  0.000e+00
     14.515    11.6180   3.656047    31.9860        887     3.6917  0.000e+00
     14.491    11.6428   3.669657    32.0969        888     3.6958  0.000e+00
     14.467    11.7084   3.673789    32.0804        889     3.7000  0.000e+00
     14.455    11.7718   3.674703    32.0346        890     3.7042  0.000e+00
     14.422    11.8155   3.680423    32.0523        891     3.7083  0.000e+00
     14.389    11.8540   3.674502    31.9619        892     3.7125  0.000e+00
     14.350    11.8585   3.674270    31.9558        893     3.7167  0.000e+00
     14.304    11.8574   3.678728    31.9999        894     3.7208  0.000e+00
     14.259    11.8731   3.683200    32.0297        895     3.7250  0.000e+00
     14.214    11.8869   3.672872    31.9180        896     3.7292  0.000e+00
     14.178    11.8792   3.679597    31.9896        897     3.7333  0.000e+00
     14.142    11.8775   3.681956    32.0139        898     3.7375  0.000e+00
     14.108    11.8957   3.694532    32.1199        899     3.7417  0.000e+00
     14.090    11.9561   3.704766    32.1667        900     3.7458  0.000e+00
     14.087    12.0331   3.709212    32.1431        901     3.7500  0.000e+00
     14.087    12.0965   3.717773    32.1711        902     3.7542  0.000e+00
     14.097    12.1600   3.716434    32.1035        903     3.7583  0.000e+00
     14.097    12.2013   3.720160    32.1039        904     3.7625  0.000e+00
     14.103    12.2332   3.723713    32.1106        905     3.7667  0.000e+00
     14.106    12.2647   3.730494    32.1487        906     3.7708  0.000e+00
     14.118    12.3053   3.736210    32.1686        907     3.7750  0.000e+00
     14.121    12.3527   3.736216    32.1280        908     3.7792  0.000e+00
     14.127    12.3859   3.738115    32.1177        909     3.7833  0.000e+00
     14.127    12.4086   3.741091    32.1267        910     3.7875  0.000e+00
     14.124    12.4309   3.743005    32.1259        911     3.7917  0.000e+00
     14.133    12.4452   3.721011    31.9038        912     3.7958  0.000e+00
     14.130    12.3905   3.735560    32.0894        913     3.8000  0.000e+00
     14.125    12.3844   3.751567    32.2476        914     3.8042  0.000e+00
     14.116    12.4519   3.756197    32.2339        915     3.8083  0.000e+00
     14.106    12.5122   3.747845    32.1026        916     3.8125  0.000e+00
     14.076    12.5314   3.756469    32.1684        917     3.8167  0.000e+00
     14.034    12.5526   3.741232    32.0052        918     3.8208  0.000e+00
     14.001    12.5171   3.718105    31.8152        919     3.8250  0.000e+00
     13.953    12.4124   3.718559    31.9084        920     3.8292  0.000e+00
     13.899    12.3361   3.731458    32.0968        921     3.8333  0.000e+00
     13.844    12.3346   3.746276    32.2399        922     3.8375  0.000e+00
     13.805    12.3966   3.730706    32.0379        923     3.8417  0.000e+00
     13.760    12.4064   3.743122    32.1481        924     3.8458  0.000e+00
     13.730    12.4183   3.735450    32.0647        925     3.8500  0.000e+00
     13.696    12.4214   3.737544    32.0821        926     3.8542  0.000e+00
     13.666    12.4168   3.733259    32.0451        927     3.8583  0.000e+00
     13.648    12.4093   3.727959    32.0009        928     3.8625  0.000e+00
     13.627    12.3802   3.730214    32.0473        929     3.8667  0.000e+00
     13.615    12.3628   3.723407    31.9971        930     3.8708  0.000e+00
     13.609    12.3415   3.722521    32.0067        931     3.8750  0.000e+00
     13.597    12.3177   3.723803    32.0393        932     3.8792  0.000e+00
     13.591    12.3095   3.727099    32.0779        933     3.8833  0.000e+00
     13.582    12.3200   3.727254    32.0704        934     3.8875  0.000e+00
     13.591    12.3290   3.724631    32.0376        935     3.8917  0.000e+00
     13.603    12.3254   3.721925    32.0148        936     3.8958  0.000e+00
     13.603    12.3128   3.723220    32.0379        937     3.9000  0.000e+00
     13.619    12.3057   3.721058    32.0233        938     3.9042  0.000e+00
     13.613    12.2957   3.719583    32.0177        939     3.9083  0.000e+00
     13.613    12.2839   3.720392    32.0356        940     3.9125  0.000e+00
     13.607    12.2791   3.725817    32.0917        941     3.9167  0.000e+00
     13.592    12.2981   3.734310    32.1567        942     3.9208  0.000e+00
     13.568    12.3421   3.730622    32.0837        943     3.9250  0.000e+00
     13.540    12.3638   3.728096    32.0410        944     3.9292  0.000e+00
     13.516    12.3603   3.724709    32.0116        945     3.9333  0.000e+00
     13.477    12.3436   3.723498    32.0144        946     3.9375  0.000e+00
     13.435    12.3274   3.724068    32.0336        947     3.9417  0.000e+00
     13.402    12.3199   3.724495    32.0442        948     3.9458  0.000e+00
     13.360    12.3182   3.723181    32.0331        949     3.9500  0.000e+00
     13.321    12.3150   3.725376    32.0568        950     3.9542  0.000e+00
     13.284    12.3179   3.726749    32.0675        951     3.9583  0.000e+00
     13.242    12.3304   3.735963    32.1450        952     3.9625  0.000e+00
     13.203    12.3671   3.740884    32.1607        953     3.9667  0.000e+00
     13.182    12.4149   3.743783    32.1474        954     3.9708  0.000e+00
     13.155    12.4581   3.750416    32.1738        955     3.9750  0.000e+00
     13.119    12.5006   3.745943    32.0948        956     3.9792  0.000e+00
     13.091    12.5158   3.745294    32.0757        957     3.9833  0.000e+00
     13.073    12.5160   3.745495    32.0774        958     3.9875  0.000e+00
     13.058    12.5159   3.746676    32.0888        959     3.9917  0.000e+00
     13.043    12.5198   3.746027    32.0793        960     3.9958  0.000e+00
     13.028    12.5213   3.745151    32.0696        961     4.0000  0.000e+00
     13.007    12.5188   3.746008    32.0799        962     4.0042  0.000e+00
     12.989    12.5181   3.744269    32.0639        963     4.0083  0.000e+00
     12.956    12.5112   3.741336    32.0419        964     4.0125  0.000e+00
     12.926    12.5002   3.746929    32.1046        965     4.0167  0.000e+00
     12.884    12.5074   3.748390    32.1124        966     4.0208  0.000e+00
     12.835    12.5232   3.750487    32.1189        967     4.0250  0.000e+00
     12.784    12.5408   3.752246    32.1207        968     4.0292  0.000e+00
     12.727    12.5576   3.753298    32.1164        969     4.0333  0.000e+00
     12.669    12.5714   3.756955    32.1395        970     4.0375  0.000e+00
     12.618    12.5915   3.758969    32.1415        971     4.0417  0.000e+00
     12.567    12.6128   3.760802    32.1407        972     4.0458  0.000e+00
     12.525    12.6310   3.761874    32.1354        973     4.0500  0.000e+00
     12.485    12.6448   3.761315    32.1183        974     4.0542  0.000e+00
     12.455    12.6532   3.762725    32.1246        975     4.0583  0.000e+00
     12.434    12.6608   3.761178    32.1034        976     4.0625  0.000e+00
     12.410    12.6629   3.766868    32.1557        977     4.0667  0.000e+00
     12.404    12.6762   3.764019    32.1173        978     4.0708  0.000e+00
     12.404    12.6835   3.766217    32.1319        979     4.0750  0.000e+00
     12.407    12.6920   3.769287    32.1539        980     4.0792  0.000e+00
     12.410    12.7064   3.767075    32.1206        981     4.0833  0.000e+00
     12.404    12.7107   3.767290    32.1190        982     4.0875  0.000e+00
     12.407    12.7112   3.767290    32.1185        983     4.0917  0.000e+00
     12.405    12.7119   3.768500    32.1294        984     4.0958  0.000e+00
     12.402    12.7160   3.769410    32.1346        985     4.1000  0.000e+00
     12.393    12.7228   3.770744    32.1414        986     4.1042  0.000e+00
     12.381    12.7320   3.772377    32.1491        987     4.1083  0.000e+00
     12.363    12.7441   3.774610    32.1600        988     4.1125  0.000e+00
     12.339    12.7586   3.776179    32.1625        989     4.1167  0.000e+00
     12.317    12.7741   3.779363    32.1794        990     4.1208  0.000e+00
     12.287    12.7940   3.783740    32.2040        991     4.1250  0.000e+00
     12.263    12.8233   3.793610    32.2725        992     4.1292  0.000e+00
     12.251    12.8756   3.800363    32.2917        993     4.1333  0.000e+00
     12.224    12.9384   3.809753    32.3268        994     4.1375  0.000e+00
     12.203    13.0064   3.814007    32.3090        995     4.1417  0.000e+00
     12.179    13.0682   3.824733    32.3574        996     4.1458  0.000e+00
     12.155    13.1412   3.839317    32.4324        997     4.1500  0.000e+00
     12.140    13.2412   3.855335    32.4974        998     4.1542  0.000e+00
     12.094    13.3579   3.861520    32.4559        999     4.1583  0.000e+00
     12.058    13.4570   3.863615    32.3912       1000     4.1625  0.000e+00
     11.998    13.5199   3.861814    32.3211       1001     4.1667  0.000e+00
     11.928    13.5482   3.862898    32.3073       1002     4.1708  0.000e+00
     11.865    13.5619   3.861275    32.2806       1003     4.1750  0.000e+00
     11.772    13.5650   3.863679    32.3004       1004     4.1792  0.000e+00
     11.717    13.5726   3.869555    32.3487       1005     4.1833  0.000e+00
     11.657    13.5998   3.883393    32.4545       1006     4.1875  0.000e+00
     11.615    13.6646   3.900633    32.5599       1007     4.1917  0.000e+00
     11.597    13.7703   3.902967    32.4919       1008     4.1958  0.000e+00
     11.582    13.8520   3.902603    32.4193       1009     4.2000  0.000e+00
     11.579    13.8955   3.904351    32.3988       1010     4.2042  0.000e+00
     11.588    13.9228   3.905281    32.3843       1011     4.2083  0.000e+00
     11.597    13.9415   3.906244    32.3775       1012     4.2125  0.000e+00
     11.621    13.9553   3.906502    32.3683       1013     4.2167  0.000e+00
     11.621    13.9638   3.905888    32.3555       1014     4.2208  0.000e+00
     11.633    13.9656   3.904977    32.3455       1015     4.2250  0.000e+00
     11.642    13.9611   3.903901    32.3393       1016     4.2292  0.000e+00
     11.633    13.9532   3.903314    32.3405       1017     4.2333  0.000e+00
     11.606    13.9458   3.904205    32.3551       1018     4.2375  0.000e+00
     11.579    13.9459   3.908885    32.3982       1019     4.2417  0.000e+00
     11.546    13.9641   3.914914    32.4385       1020     4.2458  0.000e+00
     11.501    14.0089   3.927460    32.5165       1021     4.2500  0.000e+00
     11.458    14.0833   3.913407    32.3243       1022     4.2542  0.000e+00
     11.425    14.0835   3.907015    32.2654       1023     4.2583  0.000e+00
     11.380    14.0388   3.902007    32.2567       1024     4.2625  0.000e+00
     11.353    13.9868   3.897245    32.2565       1025     4.2667  0.000e+00
     11.320    13.9377   3.900002    32.3232       1026     4.2708  0.000e+00
     11.305    13.9174   3.900979    32.3493       1027     4.2750  0.000e+00
     11.281    13.9123   3.899812    32.3428       1028     4.2792  0.000e+00
     11.259    13.9096   3.905004    32.3930       1029     4.2833  0.000e+00
     11.238    13.9254   3.905888    32.3880       1030     4.2875  0.000e+00
     11.214    13.9425   3.903690    32.3532       1031     4.2917  0.000e+00
     11.193    13.9427   3.896501    32.2867       1032     4.2958  0.000e+00
     11.178    13.9163   3.895031    32.2953       1033     4.3000  0.000e+00
     11.157    13.8883   3.895941    32.3273       1034     4.3042  0.000e+00
     11.130    13.8772   3.896969    32.3461       1035     4.3083  0.000e+00
