HB2302/sbe119.cnv
* Sea-Bird SBE 19plus V2 Data File:
* FileName = C:\cruise\data\sbe119.hex
* Software Version Seasave V 7.26.7.121
* Temperature SN = 4758
* Conductivity SN = 4758
* System UpLoad Time = Jun 19 2023 14:08:43
* NMEA Latitude = 42 52.50 N
* NMEA Longitude = 067 28.45 W
* NMEA UTC (Time) = Jun 19 2023 14:08:43
** Cruise: HB2302
** Program: Ecomon
** Chief Scientist: Jerry Prezioso
# nquan = 7
# nvalues = 6500                                  
# units = specified
# name 0 = depSM: Depth [salt water, m]
# name 1 = tv290C: Temperature [ITS-90, deg C]
# name 2 = c0S/m: Conductivity [S/m]
# name 3 = sal00: Salinity, Practical [PSU]
# name 4 = scan: Scan Count
# name 5 = timeM: Time, Elapsed [minutes]
# name 6 = flag:  0.000e+00
# span 0 =     -0.078,    201.082                 
# span 1 =     6.4414,    14.1039                 
# span 2 =   0.000337,   3.802007                 
# span 3 =     0.0081,    34.2968                 
# span 4 =         11,       6510                 
# span 5 =     0.0417,    27.1208                 
# span 6 = 0.0000e+00, 0.0000e+00                 
# interval = seconds: 0.25
# start_time = Jun 19 2023 14:08:43 [NMEA time, header]
# bad_flag = -9.990e-29
*END*
[from data line 3077]
    151.171     8.0903   3.515635    33.7080       3088    12.8625  0.000e+00
    151.168     8.0908   3.515204    33.7029       3089    12.8667  0.000e+00
    151.153     8.0916   3.515223    33.7024       3090    12.8708  0.000e+00
    151.135     8.0918   3.515312    33.7032       3091    12.8750  0.000e+00
    151.110     8.0923   3.515590    33.7057       3092    12.8792  0.000e+00
    151.071     8.0931   3.515527    33.7042       3093    12.8833  0.000e+00
    151.029     8.0936   3.515615    33.7047       3094    12.8875  0.000e+00
    150.981     8.0939   3.515590    33.7042       3095    12.8917  0.000e+00
    150.918     8.0943   3.514856    33.6960       3096    12.8958  0.000e+00
    150.857     8.0927   3.514641    33.6953       3097    12.9000  0.000e+00
    150.794     8.0910   3.514401    33.6944       3098    12.9042  0.000e+00
    150.740     8.0885   3.511149    33.6621       3099    12.9083  0.000e+00
    150.692     8.0797   3.510453    33.6631       3100    12.9125  0.000e+00
    150.658     8.0712   3.509884    33.6652       3101    12.9167  0.000e+00
    150.634     8.0650   3.509960    33.6720       3102    12.9208  0.000e+00
    150.625     8.0616   3.509872    33.6744       3103    12.9250  0.000e+00
    150.619     8.0597   3.509265    33.6697       3104    12.9292  0.000e+00
    150.619     8.0572   3.508898    33.6682       3105    12.9333  0.000e+00
    150.634     8.0551   3.510150    33.6836       3106    12.9375  0.000e+00
    150.640     8.0563   3.509872    33.6795       3107    12.9417  0.000e+00
    150.649     8.0572   3.509828    33.6782       3108    12.9458  0.000e+00
    150.649     8.0576   3.509891    33.6785       3109    12.9500  0.000e+00
    150.646     8.0579   3.509568    33.6747       3110    12.9542  0.000e+00
    150.643     8.0573   3.509809    33.6778       3111    12.9583  0.000e+00
    150.631     8.0572   3.510498    33.6853       3112    12.9625  0.000e+00
    150.607     8.0590   3.510738    33.6862       3113    12.9667  0.000e+00
    150.589     8.0614   3.513275    33.7109       3114    12.9708  0.000e+00
    150.568     8.0685   3.514186    33.7138       3115    12.9750  0.000e+00
    150.547     8.0768   3.513730    33.7010       3116    12.9792  0.000e+00
    150.538     8.0803   3.515483    33.7163       3117    12.9833  0.000e+00
    150.517     8.0861   3.515615    33.7122       3118    12.9875  0.000e+00
    150.508     8.0903   3.515419    33.7060       3119    12.9917  0.000e+00
    150.508     8.0921   3.514995    33.6997       3120    12.9958  0.000e+00
    150.496     8.0919   3.514116    33.6905       3121    13.0000  0.000e+00
    150.496     8.0897   3.514293    33.6946       3122    13.0042  0.000e+00
    150.496     8.0878   3.514464    33.6982       3123    13.0083  0.000e+00
    150.481     8.0872   3.514597    33.7003       3124    13.0125  0.000e+00
    150.475     8.0875   3.514401    33.6979       3125    13.0167  0.000e+00
    150.460     8.0873   3.513793    33.6916       3126    13.0208  0.000e+00
    150.429     8.0854   3.511971    33.6740       3127    13.0250  0.000e+00
    150.408     8.0804   3.514204    33.7026       3128    13.0292  0.000e+00
    150.375     8.0813   3.515286    33.7133       3129    13.0333  0.000e+00
    150.333     8.0861   3.514419    33.6995       3130    13.0375  0.000e+00
    150.282     8.0875   3.515096    33.7054       3131    13.0417  0.000e+00
    150.249     8.0888   3.513578    33.6879       3132    13.0458  0.000e+00
    150.197     8.0866   3.514571    33.7007       3133    13.0500  0.000e+00
    150.152     8.0866   3.512148    33.6749       3134    13.0542  0.000e+00
    150.113     8.0817   3.511041    33.6678       3135    13.0583  0.000e+00
    150.089     8.0753   3.514337    33.7091       3136    13.0625  0.000e+00
    150.065     8.0768   3.510934    33.6714       3137    13.0667  0.000e+00
    150.050     8.0742   3.509157    33.6549       3138    13.0708  0.000e+00
    150.044     8.0656   3.507817    33.6489       3139    13.0750  0.000e+00
    150.038     8.0564   3.508335    33.6632       3140    13.0792  0.000e+00
    150.047     8.0518   3.508247    33.6667       3141    13.0833  0.000e+00
    150.053     8.0499   3.508228    33.6684       3142    13.0875  0.000e+00
    150.044     8.0486   3.508032    33.6675       3143    13.0917  0.000e+00
    150.047     8.0476   3.508310    33.6715       3144    13.0958  0.000e+00
    150.050     8.0475   3.508272    33.6711       3145    13.1000  0.000e+00
    150.047     8.0480   3.508443    33.6725       3146    13.1042  0.000e+00
    150.044     8.0484   3.508380    33.6714       3147    13.1083  0.000e+00
    150.023     8.0486   3.508594    33.6735       3148    13.1125  0.000e+00
    150.014     8.0493   3.508531    33.6722       3149    13.1167  0.000e+00
    149.984     8.0497   3.508550    33.6720       3150    13.1208  0.000e+00
    149.953     8.0497   3.508398    33.6704       3151    13.1250  0.000e+00
    149.938     8.0494   3.508462    33.6714       3152    13.1292  0.000e+00
    149.911     8.0491   3.507943    33.6661       3153    13.1333  0.000e+00
    149.887     8.0481   3.507229    33.6595       3154    13.1375  0.000e+00
    149.869     8.0455   3.506951    33.6590       3155    13.1417  0.000e+00
    149.851     8.0429   3.506710    33.6590       3156    13.1458  0.000e+00
    149.833     8.0409   3.506508    33.6588       3157    13.1500  0.000e+00
    149.818     8.0391   3.506515    33.6606       3158    13.1542  0.000e+00
    149.803     8.0379   3.506432    33.6608       3159    13.1583  0.000e+00
    149.785     8.0372   3.506040    33.6574       3160    13.1625  0.000e+00
    149.761     8.0360   3.506325    33.6615       3161    13.1667  0.000e+00
    149.736     8.0339   3.498673    33.5819       3162    13.1708  0.000e+00
    149.709     8.0178   3.500057    33.6121       3163    13.1750  0.000e+00
    149.688     8.0046   3.496646    33.5884       3164    13.1792  0.000e+00
    149.664     7.9927   3.495851    33.5913       3165    13.1833  0.000e+00
    149.640     7.9813   3.495744    33.6011       3166    13.1875  0.000e+00
    149.619     7.9745   3.495788    33.6081       3167    13.1917  0.000e+00
    149.601     7.9713   3.495895    33.6124       3168    13.1958  0.000e+00
    149.577     7.9699   3.496148    33.6164       3169    13.2000  0.000e+00
    149.559     7.9701   3.496154    33.6163       3170    13.2042  0.000e+00
    149.544     7.9705   3.496495    33.6196       3171    13.2083  0.000e+00
    149.532     7.9713   3.495700    33.6103       3172    13.2125  0.000e+00
    149.520     7.9706   3.495832    33.6124       3173    13.2167  0.000e+00
    149.507     7.9695   3.495573    33.6107       3174    13.2208  0.000e+00
    149.504     7.9685   3.494664    33.6019       3175    13.2250  0.000e+00
    149.501     7.9660   3.494342    33.6009       3176    13.2292  0.000e+00
    149.492     7.9627   3.492815    33.5877       3177    13.2333  0.000e+00
    149.483     7.9572   3.492771    33.5926       3178    13.2375  0.000e+00
    149.474     7.9533   3.492297    33.5912       3179    13.2417  0.000e+00
    149.465     7.9501   3.491843    33.5894       3180    13.2458  0.000e+00
    149.456     7.9469   3.490385    33.5770       3181    13.2500  0.000e+00
    149.432     7.9414   3.489824    33.5763       3182    13.2542  0.000e+00
    149.426     7.9364   3.489761    33.5804       3183    13.2583  0.000e+00
    149.414     7.9332   3.489546    33.5812       3184    13.2625  0.000e+00
    149.402     7.9310   3.489092    33.5784       3185    13.2667  0.000e+00
    149.396     7.9290   3.489199    33.5815       3186    13.2708  0.000e+00
    149.387     7.9272   3.488985    33.5809       3187    13.2750  0.000e+00
    149.387     7.9262   3.488682    33.5786       3188    13.2792  0.000e+00
    149.372     7.9251   3.488152    33.5740       3189    13.2833  0.000e+00
    149.363     7.9227   3.487868    33.5733       3190    13.2875  0.000e+00
    149.357     7.9207   3.487975    33.5764       3191    13.2917  0.000e+00
    149.336     7.9194   3.487717    33.5749       3192    13.2958  0.000e+00
    149.306     7.9185   3.488057    33.5794       3193    13.3000  0.000e+00
    149.278     7.9184   3.488449    33.5837       3194    13.3042  0.000e+00
    149.242     7.9198   3.488531    33.5832       3195    13.3083  0.000e+00
    149.197     7.9211   3.488512    33.5818       3196    13.3125  0.000e+00
    149.152     7.9217   3.488404    33.5801       3197    13.3167  0.000e+00
    149.101     7.9216   3.488398    33.5801       3198    13.3208  0.000e+00
    149.052     7.9216   3.488278    33.5789       3199    13.3250  0.000e+00
    149.004     7.9211   3.487912    33.5755       3200    13.3292  0.000e+00
    148.959     7.9199   3.487546    33.5728       3201    13.3333  0.000e+00
    148.920     7.9182   3.487288    33.5717       3202    13.3375  0.000e+00
    148.893     7.9163   3.487048    33.5709       3203    13.3417  0.000e+00
    148.857     7.9147   3.486834    33.5702       3204    13.3458  0.000e+00
    148.836     7.9131   3.486771    33.5710       3205    13.3500  0.000e+00
    148.811     7.9122   3.486752    33.5717       3206    13.3542  0.000e+00
    148.802     7.9114   3.486499    33.5698       3207    13.3583  0.000e+00
    148.784     7.9105   3.486361    33.5692       3208    13.3625  0.000e+00
    148.781     7.9093   3.486064    33.5671       3209    13.3667  0.000e+00
    148.775     7.9078   3.486102    33.5690       3210    13.3708  0.000e+00
    148.769     7.9071   3.486468    33.5736       3211    13.3750  0.000e+00
    148.757     7.9076   3.486064    33.5688       3212    13.3792  0.000e+00
    148.748     7.9074   3.486468    33.5733       3213    13.3833  0.000e+00
    148.733     7.9079   3.486298    33.5710       3214    13.3875  0.000e+00
    148.721     7.9080   3.486386    33.5719       3215    13.3917  0.000e+00
    148.700     7.9082   3.486405    33.5719       3216    13.3958  0.000e+00
    148.682     7.9084   3.486600    33.5738       3217    13.4000  0.000e+00
    148.664     7.9090   3.487092    33.5785       3218    13.4042  0.000e+00
    148.649     7.9108   3.487092    33.5768       3219    13.4083  0.000e+00
    148.631     7.9119   3.486941    33.5741       3220    13.4125  0.000e+00
    148.613     7.9122   3.486537    33.5695       3221    13.4167  0.000e+00
    148.594     7.9112   3.486556    33.5707       3222    13.4208  0.000e+00
    148.585     7.9103   3.486600    33.5720       3223    13.4250  0.000e+00
    148.555     7.9102   3.486752    33.5737       3224    13.4292  0.000e+00
    148.540     7.9103   3.486701    33.5731       3225    13.4333  0.000e+00
    148.516     7.9105   3.486682    33.5727       3226    13.4375  0.000e+00
    148.498     7.9106   3.486707    33.5729       3227    13.4417  0.000e+00
    148.477     7.9106   3.486682    33.5726       3228    13.4458  0.000e+00
    148.456     7.9105   3.486619    33.5721       3229    13.4500  0.000e+00
    148.441     7.9105   3.486619    33.5721       3230    13.4542  0.000e+00
    148.417     7.9103   3.486707    33.5733       3231    13.4583  0.000e+00
    148.399     7.9105   3.486751    33.5736       3232    13.4625  0.000e+00
    148.372     7.9107   3.486789    33.5738       3233    13.4667  0.000e+00
    148.350     7.9110   3.486859    33.5742       3234    13.4708  0.000e+00
    148.332     7.9111   3.486815    33.5737       3235    13.4750  0.000e+00
    148.311     7.9114   3.486859    33.5739       3236    13.4792  0.000e+00
    148.302     7.9114   3.486815    33.5733       3237    13.4833  0.000e+00
    148.284     7.9115   3.486815    33.5733       3238    13.4875  0.000e+00
    148.275     7.9113   3.486663    33.5719       3239    13.4917  0.000e+00
    148.269     7.9111   3.486600    33.5714       3240    13.4958  0.000e+00
    148.260     7.9108   3.486360    33.5692       3241    13.5000  0.000e+00
    148.251     7.9098   3.486203    33.5684       3242    13.5042  0.000e+00
    148.248     7.9085   3.485913    33.5665       3243    13.5083  0.000e+00
    148.242     7.9072   3.485805    33.5667       3244    13.5125  0.000e+00
    148.221     7.9060   3.485654    33.5662       3245    13.5167  0.000e+00
    148.203     7.9050   3.485522    33.5658       3246    13.5208  0.000e+00
    148.194     7.9040   3.485440    33.5658       3247    13.5250  0.000e+00
    148.167     7.9034   3.485307    33.5650       3248    13.5292  0.000e+00
    148.133     7.9026   3.484859    33.5610       3249    13.5333  0.000e+00
    148.109     7.9009   3.483870    33.5520       3250    13.5375  0.000e+00
    148.064     7.8974   3.483630    33.5529       3251    13.5417  0.000e+00
    148.025     7.8939   3.483144    33.5510       3252    13.5458  0.000e+00
    147.989     7.8911   3.483182    33.5541       3253    13.5500  0.000e+00
    147.947     7.8890   3.482495    33.5488       3254    13.5542  0.000e+00
    147.916     7.8867   3.481423    33.5396       3255    13.5583  0.000e+00
    147.889     7.8825   3.480913    33.5382       3256    13.5625  0.000e+00
    147.850     7.8782   3.481127    33.5446       3257    13.5667  0.000e+00
    147.829     7.8755   3.480201    33.5373       3258    13.5708  0.000e+00
    147.817     7.8726   3.480081    33.5388       3259    13.5750  0.000e+00
    147.796     7.8700   3.478940    33.5290       3260    13.5792  0.000e+00
    147.790     7.8657   3.478575    33.5293       3261    13.5833  0.000e+00
    147.781     7.8619   3.477416    33.5205       3262    13.5875  0.000e+00
    147.778     7.8571   3.476345    33.5136       3263    13.5917  0.000e+00
    147.775     7.8509   3.475595    33.5116       3264    13.5958  0.000e+00
    147.766     7.8452   3.474997    33.5106       3265    13.6000  0.000e+00
    147.757     7.8403   3.475053    33.5159       3266    13.6042  0.000e+00
    147.748     7.8376   3.474934    33.5172       3267    13.6083  0.000e+00
    147.733     7.8360   3.474764    33.5170       3268    13.6125  0.000e+00
    147.709     7.8348   3.474701    33.5175       3269    13.6167  0.000e+00
    147.694     7.8337   3.474524    33.5166       3270    13.6208  0.000e+00
    147.660     7.8327   3.473737    33.5091       3271    13.6250  0.000e+00
    147.630     7.8302   3.472685    33.5003       3272    13.6292  0.000e+00
    147.594     7.8260   3.472534    33.5028       3273    13.6333  0.000e+00
    147.564     7.8223   3.471829    33.4987       3274    13.6375  0.000e+00
    147.531     7.8188   3.471533    33.4989       3275    13.6417  0.000e+00
    147.498     7.8159   3.471489    33.5013       3276    13.6458  0.000e+00
    147.471     7.8140   3.471319    33.5012       3277    13.6500  0.000e+00
    147.452     7.8127   3.470847    33.4974       3278    13.6542  0.000e+00
    147.434     7.8107   3.470828    33.4992       3279    13.6583  0.000e+00
    147.431     7.8095   3.470261    33.4943       3280    13.6625  0.000e+00
    147.425     7.8073   3.470444    33.4983       3281    13.6667  0.000e+00
    147.425     7.8063   3.470337    33.4982       3282    13.6708  0.000e+00
    147.407     7.8055   3.470677    33.5026       3283    13.6750  0.000e+00
    147.395     7.8058   3.470935    33.5051       3284    13.6792  0.000e+00
    147.380     7.8071   3.471363    33.5084       3285    13.6833  0.000e+00
    147.368     7.8089   3.471225    33.5052       3286    13.6875  0.000e+00
    147.344     7.8097   3.470847    33.5004       3287    13.6917  0.000e+00
    147.332     7.8093   3.470381    33.4958       3288    13.6958  0.000e+00
    147.302     7.8078   3.470570    33.4993       3289    13.7000  0.000e+00
    147.284     7.8070   3.470633    33.5007       3290    13.7042  0.000e+00
    147.272     7.8068   3.470526    33.4997       3291    13.7083  0.000e+00
    147.254     7.8068   3.470872    33.5035       3292    13.7125  0.000e+00
