HB2302/sbe187.cnv
* Sea-Bird SBE 19plus V2 Data File:
* FileName = C:\cruise\data\sbe187.hex
* Software Version Seasave V 7.26.7.121
* Temperature SN = 4758
* Conductivity SN = 4758
* System UpLoad Time = Jun 26 2023 08:54:20
* NMEA Latitude = 39 49.38 N
* NMEA Longitude = 070 18.09 W
* NMEA UTC (Time) = Jun 26 2023 08:54:19
** Cruise: HB2302
** Program: Ecomon
** Chief Scientist: Jerry Prezioso
# nquan = 7
# nvalues = 5131                                  
# units = specified
# name 0 = depSM: Depth [salt water, m]
# name 1 = tv290C: Temperature [ITS-90, deg C]
# name 2 = c0S/m: Conductivity [S/m]
# name 3 = sal00: Salinity, Practical [PSU]
# name 4 = scan: Scan Count
# name 5 = timeM: Time, Elapsed [minutes]
# name 6 = flag:  0.000e+00
# span 0 =     -0.092,    201.457                 
# span 1 =    11.4838,    23.1472                 
# span 2 =   0.005040,   5.100771                 
# span 3 =     0.0305,    35.7332                 
# span 4 =         11,       5141                 
# span 5 =     0.0417,    21.4167                 
# span 6 = 0.0000e+00, 0.0000e+00                 
# interval = seconds: 0.25
# start_time = Jun 26 2023 08:54:19 [NMEA time, header]
# bad_flag = -9.990e-29
*END*
[from data line 3488]
     83.925    14.0010   4.238170    35.3783       3499    14.5750  0.000e+00
     83.889    13.9823   4.237133    35.3859       3500    14.5792  0.000e+00
     83.867    13.9666   4.238628    35.4143       3501    14.5833  0.000e+00
     83.843    13.9621   4.238171    35.4142       3502    14.5875  0.000e+00
     83.795    13.9609   4.237236    35.4066       3503    14.5917  0.000e+00
     83.768    13.9570   4.237625    35.4138       3504    14.5958  0.000e+00
     83.723    13.9553   4.235292    35.3937       3505    14.6000  0.000e+00
     83.674    13.9496   4.236022    35.4057       3506    14.6042  0.000e+00
     83.623    13.9451   4.237182    35.4207       3507    14.6083  0.000e+00
     83.560    13.9464   4.237755    35.4249       3508    14.6125  0.000e+00
     83.499    13.9504   4.237236    35.4164       3509    14.6167  0.000e+00
     83.436    13.9523   4.235482    35.3983       3510    14.6208  0.000e+00
     83.369    13.9476   4.234180    35.3904       3511    14.6250  0.000e+00
     83.297    13.9391   4.232822    35.3857       3512    14.6292  0.000e+00
     83.231    13.9297   4.232140    35.3880       3513    14.6333  0.000e+00
     83.161    13.9218   4.232570    35.3993       3514    14.6375  0.000e+00
     83.098    13.9183   4.232754    35.4043       3515    14.6417  0.000e+00
     83.038    13.9183   4.232972    35.4063       3516    14.6458  0.000e+00
     82.977    13.9187   4.231179    35.3892       3517    14.6500  0.000e+00
     82.920    13.9140   4.231179    35.3936       3518    14.6542  0.000e+00
     82.872    13.9099   4.231349    35.3989       3519    14.6583  0.000e+00
     82.835    13.9079   4.230251    35.3905       3520    14.6625  0.000e+00
     82.790    13.9043   4.230272    35.3941       3521    14.6667  0.000e+00
     82.766    13.9015   4.230272    35.3966       3522    14.6708  0.000e+00
     82.730    13.9004   4.231574    35.4099       3523    14.6750  0.000e+00
     82.706    13.9034   4.231131    35.4030       3524    14.6792  0.000e+00
     82.669    13.9049   4.229938    35.3905       3525    14.6833  0.000e+00
     82.651    13.9018   4.230149    35.3953       3526    14.6875  0.000e+00
     82.621    13.8998   4.230483    35.4002       3527    14.6917  0.000e+00
     82.594    13.9003   4.232113    35.4151       3528    14.6958  0.000e+00
     82.552    13.9045   4.230933    35.4002       3529    14.7000  0.000e+00
     82.506    13.9061   4.230531    35.3949       3530    14.7042  0.000e+00
     82.461    13.9042   4.230783    35.3991       3531    14.7083  0.000e+00
     82.401    13.9036   4.229753    35.3900       3532    14.7125  0.000e+00
     82.340    13.9004   4.229426    35.3899       3533    14.7167  0.000e+00
     82.280    13.8969   4.229017    35.3893       3534    14.7208  0.000e+00
     82.202    13.8938   4.230169    35.4031       3535    14.7250  0.000e+00
     82.135    13.8950   4.230715    35.4071       3536    14.7292  0.000e+00
     82.072    13.8982   4.229801    35.3956       3537    14.7333  0.000e+00
     81.993    13.8978   4.229787    35.3959       3538    14.7375  0.000e+00
     81.915    13.8971   4.229583    35.3947       3539    14.7417  0.000e+00
     81.839    13.8957   4.229501    35.3952       3540    14.7458  0.000e+00
     81.767    13.8948   4.230026    35.4010       3541    14.7500  0.000e+00
     81.686    13.8956   4.229849    35.3986       3542    14.7542  0.000e+00
     81.601    13.8962   4.229890    35.3985       3543    14.7583  0.000e+00
     81.517    13.8973   4.232802    35.4248       3544    14.7625  0.000e+00
     81.435    13.9058   4.234282    35.4308       3545    14.7667  0.000e+00
     81.345    13.9175   4.236587    35.4416       3546    14.7708  0.000e+00
     81.260    13.9354   4.245721    35.5106       3547    14.7750  0.000e+00
     81.179    13.9758   4.247598    35.4909       3548    14.7792  0.000e+00
     81.103    14.0127   4.247816    35.4589       3549    14.7833  0.000e+00
     81.037    14.0351   4.248383    35.4435       3550    14.7875  0.000e+00
     80.970    14.0479   4.248219    35.4302       3551    14.7917  0.000e+00
     80.916    14.0542   4.247986    35.4223       3552    14.7958  0.000e+00
     80.874    14.0563   4.248061    35.4210       3553    14.8000  0.000e+00
     80.831    14.0572   4.247754    35.4173       3554    14.8042  0.000e+00
     80.816    14.0567   4.247843    35.4187       3555    14.8083  0.000e+00
     80.807    14.0561   4.247788    35.4187       3556    14.8125  0.000e+00
     80.810    14.0561   4.247652    35.4174       3557    14.8167  0.000e+00
     80.816    14.0557   4.247344    35.4150       3558    14.8208  0.000e+00
     80.816    14.0539   4.247174    35.4150       3559    14.8250  0.000e+00
     80.819    14.0523   4.247003    35.4149       3560    14.8292  0.000e+00
     80.816    14.0505   4.247249    35.4188       3561    14.8333  0.000e+00
     80.804    14.0501   4.246900    35.4159       3562    14.8375  0.000e+00
     80.777    14.0494   4.246511    35.4129       3563    14.8417  0.000e+00
     80.744    14.0472   4.246627    35.4161       3564    14.8458  0.000e+00
     80.699    14.0462   4.246504    35.4159       3565    14.8500  0.000e+00
     80.638    14.0458   4.246689    35.4180       3566    14.8542  0.000e+00
     80.572    14.0459   4.246258    35.4140       3567    14.8583  0.000e+00
     80.502    14.0450   4.246702    35.4189       3568    14.8625  0.000e+00
     80.436    14.0456   4.248116    35.4316       3569    14.8667  0.000e+00
     80.358    14.0509   4.250411    35.4482       3570    14.8708  0.000e+00
     80.288    14.0635   4.254122    35.4712       3571    14.8750  0.000e+00
     80.228    14.0838   4.255372    35.4642       3572    14.8792  0.000e+00
     80.161    14.1023   4.256548    35.4581       3573    14.8833  0.000e+00
     80.110    14.1165   4.256821    35.4476       3574    14.8875  0.000e+00
     80.047    14.1259   4.257108    35.4416       3575    14.8917  0.000e+00
     79.998    14.1315   4.257511    35.4402       3576    14.8958  0.000e+00
     79.959    14.1362   4.258653    35.4466       3577    14.9000  0.000e+00
     79.926    14.1422   4.259706    35.4509       3578    14.9042  0.000e+00
     79.887    14.1498   4.260144    35.4480       3579    14.9083  0.000e+00
     79.860    14.1559   4.261929    35.4590       3580    14.9125  0.000e+00
     79.817    14.1649   4.262483    35.4560       3581    14.9167  0.000e+00
     79.790    14.1733   4.262770    35.4508       3582    14.9208  0.000e+00
     79.751    14.1785   4.262571    35.4442       3583    14.9250  0.000e+00
     79.715    14.1811   4.264042    35.4556       3584    14.9292  0.000e+00
     79.660    14.1863   4.262523    35.4367       3585    14.9333  0.000e+00
     79.612    14.1866   4.263289    35.4435       3586    14.9375  0.000e+00
     79.555    14.1868   4.262872    35.4395       3587    14.9417  0.000e+00
     79.485    14.1869   4.263638    35.4466       3588    14.9458  0.000e+00
     79.419    14.1887   4.264110    35.4494       3589    14.9500  0.000e+00
     79.332    14.1917   4.264507    35.4503       3590    14.9542  0.000e+00
     79.262    14.1950   4.264671    35.4488       3591    14.9583  0.000e+00
     79.187    14.1974   4.264459    35.4447       3592    14.9625  0.000e+00
     79.099    14.1985   4.264856    35.4474       3593    14.9667  0.000e+00
     79.036    14.1999   4.264876    35.4463       3594    14.9708  0.000e+00
     78.966    14.2012   4.265006    35.4463       3595    14.9750  0.000e+00
     78.906    14.2024   4.265102    35.4462       3596    14.9792  0.000e+00
     78.861    14.2034   4.265164    35.4458       3597    14.9833  0.000e+00
     78.818    14.2045   4.265081    35.4441       3598    14.9875  0.000e+00
     78.791    14.2045   4.265081    35.4441       3599    14.9917  0.000e+00
     78.770    14.2044   4.265081    35.4442       3600    14.9958  0.000e+00
     78.758    14.2045   4.265081    35.4442       3601    15.0000  0.000e+00
     78.743    14.2045   4.265081    35.4442       3602    15.0042  0.000e+00
     78.731    14.2043   4.265102    35.4445       3603    15.0083  0.000e+00
     78.716    14.2044   4.265136    35.4448       3604    15.0125  0.000e+00
     78.701    14.2046   4.265280    35.4459       3605    15.0167  0.000e+00
     78.683    14.2051   4.265328    35.4459       3606    15.0208  0.000e+00
     78.680    14.2060   4.265211    35.4440       3607    15.0250  0.000e+00
     78.656    14.2059   4.265081    35.4429       3608    15.0292  0.000e+00
     78.637    14.2052   4.265027    35.4430       3609    15.0333  0.000e+00
     78.619    14.2047   4.265061    35.4438       3610    15.0375  0.000e+00
     78.610    14.2045   4.265081    35.4442       3611    15.0417  0.000e+00
     78.586    14.2046   4.265129    35.4445       3612    15.0458  0.000e+00
     78.568    14.2047   4.265252    35.4456       3613    15.0500  0.000e+00
     78.556    14.2052   4.265423    35.4467       3614    15.0542  0.000e+00
     78.526    14.2060   4.265451    35.4462       3615    15.0583  0.000e+00
     78.502    14.2069   4.265601    35.4469       3616    15.0625  0.000e+00
     78.480    14.2078   4.265608    35.4461       3617    15.0667  0.000e+00
     78.465    14.2085   4.265574    35.4451       3618    15.0708  0.000e+00
     78.432    14.2087   4.265752    35.4466       3619    15.0750  0.000e+00
     78.402    14.2093   4.265608    35.4448       3620    15.0792  0.000e+00
     78.378    14.2091   4.265574    35.4446       3621    15.0833  0.000e+00
     78.345    14.2093   4.265847    35.4470       3622    15.0875  0.000e+00
     78.293    14.2098   4.266018    35.4482       3623    15.0917  0.000e+00
     78.254    14.2112   4.266073    35.4474       3624    15.0958  0.000e+00
     78.194    14.2121   4.266025    35.4461       3625    15.1000  0.000e+00
     78.136    14.2126   4.266121    35.4466       3626    15.1042  0.000e+00
     78.070    14.2132   4.266176    35.4466       3627    15.1083  0.000e+00
     78.004    14.2137   4.266148    35.4459       3628    15.1125  0.000e+00
     77.928    14.2142   4.266497    35.4487       3629    15.1167  0.000e+00
     77.847    14.2155   4.266593    35.4484       3630    15.1208  0.000e+00
     77.768    14.2174   4.266641    35.4472       3631    15.1250  0.000e+00
     77.693    14.2184   4.266169    35.4419       3632    15.1292  0.000e+00
     77.614    14.2181   4.265655    35.4375       3633    15.1333  0.000e+00
     77.551    14.2164   4.265874    35.4410       3634    15.1375  0.000e+00
     77.485    14.2160   4.265970    35.4423       3635    15.1417  0.000e+00
     77.430    14.2163   4.265874    35.4412       3636    15.1458  0.000e+00
     77.385    14.2164   4.265840    35.4408       3637    15.1500  0.000e+00
     77.349    14.2164   4.265826    35.4407       3638    15.1542  0.000e+00
     77.322    14.2165   4.265772    35.4401       3639    15.1583  0.000e+00
     77.297    14.2160   4.265785    35.4407       3640    15.1625  0.000e+00
     77.282    14.2160   4.265696    35.4398       3641    15.1667  0.000e+00
     77.264    14.2157   4.265696    35.4402       3642    15.1708  0.000e+00
     77.255    14.2155   4.265710    35.4405       3643    15.1750  0.000e+00
     77.252    14.2156   4.265621    35.4396       3644    15.1792  0.000e+00
     77.231    14.2154   4.265553    35.4392       3645    15.1833  0.000e+00
     77.210    14.2148   4.265498    35.4392       3646    15.1875  0.000e+00
     77.207    14.2145   4.265450    35.4390       3647    15.1917  0.000e+00
     77.195    14.2140   4.265327    35.4383       3648    15.1958  0.000e+00
     77.177    14.2136   4.265354    35.4389       3649    15.2000  0.000e+00
     77.165    14.2132   4.265347    35.4393       3650    15.2042  0.000e+00
     77.143    14.2130   4.265327    35.4392       3651    15.2083  0.000e+00
     77.113    14.2129   4.265128    35.4375       3652    15.2125  0.000e+00
     77.074    14.2124   4.264951    35.4363       3653    15.2167  0.000e+00
     77.041    14.2116   4.264807    35.4358       3654    15.2208  0.000e+00
     76.986    14.2106   4.264684    35.4355       3655    15.2250  0.000e+00
     76.938    14.2096   4.264561    35.4353       3656    15.2292  0.000e+00
     76.890    14.2090   4.264533    35.4357       3657    15.2333  0.000e+00
     76.839    14.2084   4.264431    35.4353       3658    15.2375  0.000e+00
     76.778    14.2080   4.264383    35.4352       3659    15.2417  0.000e+00
     76.733    14.2076   4.264410    35.4359       3660    15.2458  0.000e+00
     76.676    14.2076   4.264554    35.4372       3661    15.2500  0.000e+00
     76.627    14.2083   4.264827    35.4392       3662    15.2542  0.000e+00
     76.576    14.2096   4.265265    35.4421       3663    15.2583  0.000e+00
     76.519    14.2118   4.265477    35.4421       3664    15.2625  0.000e+00
     76.470    14.2143   4.265696    35.4418       3665    15.2667  0.000e+00
     76.425    14.2164   4.265915    35.4419       3666    15.2708  0.000e+00
     76.380    14.2185   4.266072    35.4414       3667    15.2750  0.000e+00
     76.329    14.2203   4.266243    35.4415       3668    15.2792  0.000e+00
     76.283    14.2218   4.266332    35.4409       3669    15.2833  0.000e+00
     76.238    14.2234   4.266544    35.4414       3670    15.2875  0.000e+00
     76.193    14.2248   4.267016    35.4446       3671    15.2917  0.000e+00
     76.144    14.2273   4.267639    35.4480       3672    15.2958  0.000e+00
     76.093    14.2310   4.267974    35.4478       3673    15.3000  0.000e+00
     76.036    14.2349   4.267488    35.4397       3674    15.3042  0.000e+00
     75.985    14.2358   4.266838    35.4328       3675    15.3083  0.000e+00
     75.936    14.2340   4.266749    35.4337       3676    15.3125  0.000e+00
     75.885    14.2323   4.266441    35.4324       3677    15.3167  0.000e+00
     75.831    14.2309   4.266346    35.4328       3678    15.3208  0.000e+00
     75.776    14.2291   4.265997    35.4312       3679    15.3250  0.000e+00
     75.722    14.2278   4.265969    35.4323       3680    15.3292  0.000e+00
     75.680    14.2263   4.265696    35.4310       3681    15.3333  0.000e+00
     75.619    14.2251   4.265395    35.4294       3682    15.3375  0.000e+00
     75.568    14.2233   4.264806    35.4257       3683    15.3417  0.000e+00
     75.526    14.2208   4.264485    35.4250       3684    15.3458  0.000e+00
     75.481    14.2180   4.264307    35.4259       3685    15.3500  0.000e+00
     75.432    14.2160   4.264382    35.4284       3686    15.3542  0.000e+00
     75.381    14.2151   4.264532    35.4307       3687    15.3583  0.000e+00
     75.342    14.2154   4.264580    35.4308       3688    15.3625  0.000e+00
     75.296    14.2161   4.264820    35.4325       3689    15.3667  0.000e+00
     75.260    14.2172   4.264827    35.4315       3690    15.3708  0.000e+00
     75.230    14.2184   4.264779    35.4300       3691    15.3750  0.000e+00
     75.179    14.2192   4.264799    35.4295       3692    15.3792  0.000e+00
     75.124    14.2194   4.264826    35.4296       3693    15.3833  0.000e+00
     75.070    14.2198   4.264881    35.4297       3694    15.3875  0.000e+00
     75.025    14.2202   4.264799    35.4287       3695    15.3917  0.000e+00
     74.958    14.2205   4.264580    35.4264       3696    15.3958  0.000e+00
     74.892    14.2202   4.264382    35.4248       3697    15.4000  0.000e+00
     74.829    14.2193   4.264334    35.4252       3698    15.4042  0.000e+00
     74.762    14.2187   4.264327    35.4258       3699    15.4083  0.000e+00
     74.693    14.2184   4.263937    35.4224       3700    15.4125  0.000e+00
     74.623    14.2175   4.263561    35.4198       3701    15.4167  0.000e+00
     74.560    14.2156   4.263602    35.4219       3702    15.4208  0.000e+00
