HB2302/sbe192.cnv
* Sea-Bird SBE 19plus V2 Data File:
* FileName = C:\cruise\data\sbe192.hex
* Software Version Seasave V 7.26.7.121
* Temperature SN = 4758
* Conductivity SN = 4758
* System UpLoad Time = Jun 26 2023 23:34:30
* NMEA Latitude = 40 35.01 N
* NMEA Longitude = 070 46.07 W
* NMEA UTC (Time) = Jun 26 2023 23:33:29
** Cruise: HB2302
** Program: Ecomon
** Chief Scientist: Jerry Prezioso
# nquan = 7
# nvalues = 1498                                  
# units = specified
# name 0 = depSM: Depth [salt water, m]
# name 1 = tv290C: Temperature [ITS-90, deg C]
# name 2 = c0S/m: Conductivity [S/m]
# name 3 = sal00: Salinity, Practical [PSU]
# name 4 = scan: Scan Count
# name 5 = timeM: Time, Elapsed [minutes]
# name 6 = flag:  0.000e+00
# span 0 =     -0.092,     65.717                 
# span 1 =     8.9822,    23.0265                 
# span 2 =   0.000997,   4.670305                 
# span 3 =     0.0136,    34.3420                 
# span 4 =         11,       1508                 
# span 5 =     0.0417,     6.2792                 
# span 6 = 0.0000e+00, 0.0000e+00                 
# interval = seconds: 0.25
# start_time = Jun 26 2023 23:33:29 [NMEA time, header]
# bad_flag = -9.990e-29
*END*
[from data line 616]
     59.641     9.3592   3.593800    33.3691        627     2.6083  0.000e+00
     59.545     9.3593   3.593666    33.3676        628     2.6125  0.000e+00
     59.457     9.3583   3.593660    33.3686        629     2.6167  0.000e+00
     59.373     9.3580   3.594451    33.3771        630     2.6208  0.000e+00
     59.297     9.3600   3.594049    33.3711        631     2.6250  0.000e+00
     59.219     9.3612   3.594094    33.3705        632     2.6292  0.000e+00
     59.140     9.3609   3.593538    33.3651        633     2.6333  0.000e+00
     59.068     9.3594   3.593200    33.3630        634     2.6375  0.000e+00
     58.992     9.3571   3.592843    33.3614        635     2.6417  0.000e+00
     58.908     9.3541   3.592747    33.3633        636     2.6458  0.000e+00
     58.811     9.3517   3.592868    33.3668        637     2.6500  0.000e+00
     58.709     9.3508   3.592823    33.3673        638     2.6542  0.000e+00
     58.597     9.3505   3.592976    33.3692        639     2.6583  0.000e+00
     58.473     9.3506   3.592421    33.3634        640     2.6625  0.000e+00
     58.334     9.3491   3.592153    33.3621        641     2.6667  0.000e+00
     58.195     9.3469   3.591974    33.3624        642     2.6708  0.000e+00
     58.044     9.3451   3.591751    33.3618        643     2.6750  0.000e+00
     57.887     9.3431   3.591713    33.3633        644     2.6792  0.000e+00
     57.749     9.3419   3.591489    33.3622        645     2.6833  0.000e+00
     57.589     9.3404   3.591266    33.3614        646     2.6875  0.000e+00
     57.456     9.3389   3.591042    33.3606        647     2.6917  0.000e+00
     57.317     9.3370   3.590864    33.3606        648     2.6958  0.000e+00
     57.193     9.3356   3.590998    33.3633        649     2.7000  0.000e+00
     57.066     9.3347   3.590819    33.3623        650     2.7042  0.000e+00
     56.955     9.3340   3.590245    33.3571        651     2.7083  0.000e+00
     56.852     9.3317   3.589773    33.3544        652     2.7125  0.000e+00
     56.749     9.3283   3.589773    33.3577        653     2.7167  0.000e+00
     56.647     9.3278   3.590640    33.3671        654     2.7208  0.000e+00
     56.556     9.3291   3.589262    33.3517        655     2.7250  0.000e+00
     56.463     9.3261   3.589843    33.3606        656     2.7292  0.000e+00
     56.375     9.3244   3.589696    33.3607        657     2.7333  0.000e+00
     56.288     9.3241   3.589307    33.3569        658     2.7375  0.000e+00
     56.203     9.3221   3.588375    33.3492        659     2.7417  0.000e+00
     56.113     9.3183   3.588222    33.3513        660     2.7458  0.000e+00
     56.022     9.3144   3.587820    33.3507        661     2.7500  0.000e+00
     55.922     9.3111   3.587820    33.3539        662     2.7542  0.000e+00
     55.829     9.3089   3.587489    33.3526        663     2.7583  0.000e+00
     55.729     9.3073   3.587578    33.3550        664     2.7625  0.000e+00
     55.621     9.3061   3.586946    33.3497        665     2.7667  0.000e+00
     55.512     9.3036   3.586264    33.3450        666     2.7708  0.000e+00
     55.394     9.2996   3.585575    33.3417        667     2.7750  0.000e+00
     55.277     9.2943   3.584797    33.3386        668     2.7792  0.000e+00
     55.153     9.2886   3.583490    33.3305        669     2.7833  0.000e+00
     55.023     9.2810   3.583025    33.3328        670     2.7875  0.000e+00
     54.908     9.2747   3.582470    33.3330        671     2.7917  0.000e+00
     54.769     9.2702   3.582005    33.3324        672     2.7958  0.000e+00
     54.640     9.2671   3.582107    33.3365        673     2.8000  0.000e+00
     54.519     9.2664   3.582381    33.3400        674     2.8042  0.000e+00
     54.386     9.2688   3.583643    33.3509        675     2.8083  0.000e+00
     54.268     9.2770   3.585046    33.3578        676     2.8125  0.000e+00
     54.145     9.2889   3.585441    33.3508        677     2.8167  0.000e+00
     54.030     9.2991   3.585332    33.3402        678     2.8208  0.000e+00
     53.921     9.3058   3.586397    33.3450        679     2.8250  0.000e+00
     53.813     9.3145   3.587022    33.3434        680     2.8292  0.000e+00
     53.710     9.3241   3.587513    33.3396        681     2.8333  0.000e+00
     53.610     9.3352   3.587220    33.3262        682     2.8375  0.000e+00
     53.514     9.3459   3.586441    33.3083        683     2.8417  0.000e+00
     53.420     9.3518   3.584330    33.2810        684     2.8458  0.000e+00
     53.324     9.3513   3.582826    33.2660        685     2.8500  0.000e+00
     53.224     9.3479   3.581825    33.2589        686     2.8542  0.000e+00
     53.115     9.3455   3.580410    33.2466        687     2.8583  0.000e+00
     53.007     9.3433   3.579721    33.2415        688     2.8625  0.000e+00
     52.892     9.3411   3.578523    33.2312        689     2.8667  0.000e+00
     52.771     9.3370   3.578198    33.2318        690     2.8708  0.000e+00
     52.648     9.3329   3.577038    33.2237        691     2.8750  0.000e+00
     52.512     9.3274   3.575688    33.2149        692     2.8792  0.000e+00
     52.382     9.3194   3.574783    33.2130        693     2.8833  0.000e+00
     52.255     9.3111   3.573299    33.2055        694     2.8875  0.000e+00
     52.134     9.3028   3.571752    33.1973        695     2.8917  0.000e+00
     52.023     9.2940   3.570580    33.1934        696     2.8958  0.000e+00
     51.896     9.2859   3.569543    33.1903        697     2.9000  0.000e+00
     51.793     9.2785   3.568550    33.1869        698     2.9042  0.000e+00
     51.691     9.2721   3.566806    33.1749        699     2.9083  0.000e+00
     51.603     9.2643   3.565737    33.1711        700     2.9125  0.000e+00
     51.513     9.2562   3.565552    33.1767        701     2.9167  0.000e+00
     51.419     9.2510   3.565132    33.1773        702     2.9208  0.000e+00
     51.341     9.2473   3.564382    33.1730        703     2.9250  0.000e+00
     51.253     9.2433   3.563631    33.1690        704     2.9292  0.000e+00
     51.169     9.2395   3.563103    33.1671        705     2.9333  0.000e+00
     51.078     9.2360   3.562836    33.1676        706     2.9375  0.000e+00
     50.988     9.2335   3.562753    33.1691        707     2.9417  0.000e+00
     50.879     9.2319   3.562397    33.1670        708     2.9458  0.000e+00
     50.764     9.2304   3.561932    33.1636        709     2.9500  0.000e+00
     50.656     9.2287   3.561207    33.1577        710     2.9542  0.000e+00
     50.538     9.2262   3.560260    33.1503        711     2.9583  0.000e+00
     50.414     9.2224   3.558810    33.1389        712     2.9625  0.000e+00
     50.294     9.2172   3.557201    33.1271        713     2.9667  0.000e+00
     50.176     9.2099   3.554875    33.1099        714     2.9708  0.000e+00
     50.064     9.1994   3.551354    33.0832        715     2.9750  0.000e+00
     49.962     9.1848   3.549233    33.0748        716     2.9792  0.000e+00
     49.859     9.1701   3.547258    33.0680        717     2.9833  0.000e+00
     49.754     9.1573   3.545944    33.0663        718     2.9875  0.000e+00
     49.660     9.1466   3.544998    33.0665        719     2.9917  0.000e+00
     49.557     9.1384   3.544541    33.0694        720     2.9958  0.000e+00
     49.467     9.1327   3.544147    33.0707        721     3.0000  0.000e+00
     49.370     9.1289   3.543709    33.0697        722     3.0042  0.000e+00
     49.274     9.1260   3.543309    33.0683        723     3.0083  0.000e+00
     49.174     9.1234   3.542916    33.0666        724     3.0125  0.000e+00
     49.063     9.1210   3.542262    33.0621        725     3.0167  0.000e+00
     48.957     9.1185   3.542040    33.0622        726     3.0208  0.000e+00
     48.848     9.1163   3.541583    33.0595        727     3.0250  0.000e+00
     48.734     9.1142   3.540904    33.0545        728     3.0292  0.000e+00
     48.625     9.1120   3.540180    33.0490        729     3.0333  0.000e+00
     48.516     9.1104   3.539374    33.0422        730     3.0375  0.000e+00
     48.399     9.1093   3.538956    33.0390        731     3.0417  0.000e+00
     48.284     9.1086   3.538588    33.0359        732     3.0458  0.000e+00
     48.166     9.1076   3.538194    33.0327        733     3.0500  0.000e+00
     48.061     9.1064   3.537757    33.0294        734     3.0542  0.000e+00
     47.961     9.1048   3.537078    33.0239        735     3.0583  0.000e+00
     47.855     9.1023   3.536640    33.0217        736     3.0625  0.000e+00
     47.750     9.1000   3.536444    33.0219        737     3.0667  0.000e+00
     47.635     9.0980   3.536183    33.0211        738     3.0708  0.000e+00
     47.527     9.0964   3.535809    33.0187        739     3.0750  0.000e+00
     47.421     9.0950   3.536031    33.0224        740     3.0792  0.000e+00
     47.318     9.0943   3.535987    33.0226        741     3.0833  0.000e+00
     47.198     9.0940   3.535549    33.0184        742     3.0875  0.000e+00
     47.080     9.0927   3.535219    33.0162        743     3.0917  0.000e+00
     46.968     9.0913   3.534871    33.0139        744     3.0958  0.000e+00
     46.857     9.0900   3.534699    33.0134        745     3.1000  0.000e+00
     46.742     9.0894   3.534002    33.0068        746     3.1042  0.000e+00
     46.630     9.0903   3.533805    33.0039        747     3.1083  0.000e+00
     46.534     9.0918   3.533761    33.0022        748     3.1125  0.000e+00
     46.437     9.0930   3.533887    33.0024        749     3.1167  0.000e+00
     46.350     9.0948   3.533932    33.0012        750     3.1208  0.000e+00
     46.259     9.0959   3.533887    32.9998        751     3.1250  0.000e+00
     46.175     9.0964   3.533932    32.9998        752     3.1292  0.000e+00
     46.099     9.0970   3.533913    32.9991        753     3.1333  0.000e+00
     46.027     9.0975   3.533779    32.9973        754     3.1375  0.000e+00
     45.955     9.0981   3.533691    32.9958        755     3.1417  0.000e+00
     45.882     9.0986   3.533583    32.9943        756     3.1458  0.000e+00
     45.813     9.0988   3.533494    32.9932        757     3.1500  0.000e+00
     45.740     9.0991   3.533412    32.9921        758     3.1542  0.000e+00
     45.668     9.0995   3.533259    32.9902        759     3.1583  0.000e+00
     45.578     9.0999   3.533323    32.9905        760     3.1625  0.000e+00
     45.490     9.1014   3.533564    32.9917        761     3.1667  0.000e+00
     45.400     9.1058   3.534895    33.0014        762     3.1708  0.000e+00
     45.294     9.1128   3.535726    33.0037        763     3.1750  0.000e+00
     45.179     9.1209   3.536157    33.0007        764     3.1792  0.000e+00
     45.059     9.1286   3.536817    33.0004        765     3.1833  0.000e+00
     44.938     9.1372   3.536747    32.9918        766     3.1875  0.000e+00
     44.805     9.1442   3.536157    32.9793        767     3.1917  0.000e+00
     44.684     9.1476   3.535243    32.9667        768     3.1958  0.000e+00
     44.555     9.1476   3.534520    32.9593        769     3.2000  0.000e+00
     44.428     9.1453   3.532536    32.9409        770     3.2042  0.000e+00
     44.316     9.1394   3.531927    32.9401        771     3.2083  0.000e+00
     44.205     9.1335   3.529981    32.9254        772     3.2125  0.000e+00
     44.093     9.1258   3.529176    32.9242        773     3.2167  0.000e+00
     43.999     9.1183   3.528435    32.9235        774     3.2208  0.000e+00
     43.915     9.1124   3.526673    32.9108        775     3.2250  0.000e+00
     43.833     9.1048   3.526110    32.9120        776     3.2292  0.000e+00
     43.755     9.0982   3.525913    32.9161        777     3.2333  0.000e+00
     43.692     9.0938   3.525780    32.9188        778     3.2375  0.000e+00
     43.625     9.0910   3.525521    32.9187        779     3.2417  0.000e+00
     43.565     9.0890   3.524995    32.9151        780     3.2458  0.000e+00
     43.496     9.0863   3.523646    32.9037        781     3.2500  0.000e+00
     43.426     9.0805   3.522626    32.8984        782     3.2542  0.000e+00
     43.366     9.0737   3.522322    32.9016        783     3.2583  0.000e+00
     43.282     9.0686   3.521626    32.8992        784     3.2625  0.000e+00
     43.206     9.0635   3.520302    32.8902        785     3.2667  0.000e+00
     43.110     9.0567   3.519606    32.8892        786     3.2708  0.000e+00
     43.001     9.0501   3.519081    32.8900        787     3.2750  0.000e+00
     42.895     9.0444   3.518713    32.8915        788     3.2792  0.000e+00
     42.778     9.0401   3.518498    32.8932        789     3.2833  0.000e+00
     42.657     9.0370   3.517973    32.8907        790     3.2875  0.000e+00
     42.539     9.0337   3.517302    32.8868        791     3.2917  0.000e+00
     42.425     9.0296   3.516840    32.8859        792     3.2958  0.000e+00
     42.310     9.0254   3.516435    32.8856        793     3.3000  0.000e+00
     42.195     9.0217   3.516175    32.8864        794     3.3042  0.000e+00
     42.099     9.0187   3.515827    32.8856        795     3.3083  0.000e+00
     42.017     9.0158   3.515416    32.8840        796     3.3125  0.000e+00
     41.933     9.0128   3.515024    32.8828        797     3.3167  0.000e+00
     41.852     9.0098   3.514676    32.8819        798     3.3208  0.000e+00
     41.770     9.0070   3.514309    32.8808        799     3.3250  0.000e+00
     41.704     9.0040   3.514049    32.8809        800     3.3292  0.000e+00
     41.625     9.0014   3.513746    32.8801        801     3.3333  0.000e+00
     41.547     8.9990   3.513486    32.8797        802     3.3375  0.000e+00
     41.478     8.9967   3.513183    32.8787        803     3.3417  0.000e+00
     41.393     8.9942   3.512727    32.8763        804     3.3458  0.000e+00
     41.309     8.9916   3.512424    32.8756        805     3.3500  0.000e+00
     41.227     8.9887   3.511987    32.8738        806     3.3542  0.000e+00
     41.152     8.9860   3.511797    32.8744        807     3.3583  0.000e+00
     41.058     8.9839   3.511753    32.8758        808     3.3625  0.000e+00
     40.974     8.9828   3.511772    32.8771        809     3.3667  0.000e+00
     40.886     8.9822   3.511709    32.8771        810     3.3708  0.000e+00
     40.802     8.9824   3.511665    32.8765        811     3.3750  0.000e+00
     40.702     8.9828   3.511646    32.8760        812     3.3792  0.000e+00
     40.615     8.9833   3.511867    32.8778        813     3.3833  0.000e+00
     40.530     8.9846   3.512487    32.8831        814     3.3875  0.000e+00
     40.425     8.9881   3.512835    32.8836        815     3.3917  0.000e+00
     40.337     8.9922   3.512986    32.8813        816     3.3958  0.000e+00
     40.244     8.9956   3.512853    32.8769        817     3.4000  0.000e+00
     40.144     8.9973   3.512746    32.8742        818     3.4042  0.000e+00
     40.063     8.9986   3.513309    32.8789        819     3.4083  0.000e+00
     39.966     9.0018   3.513182    32.8746        820     3.4125  0.000e+00
     39.864     9.0047   3.512486    32.8648        821     3.4167  0.000e+00
     39.779     9.0039   3.511968    32.8602        822     3.4208  0.000e+00
     39.683     9.0012   3.511904    32.8621        823     3.4250  0.000e+00
     39.589     8.9988   3.511601    32.8611        824     3.4292  0.000e+00
     39.496     8.9969   3.510949    32.8562        825     3.4333  0.000e+00
     39.402     8.9945   3.510627    32.8551        826     3.4375  0.000e+00
     39.303     8.9926   3.510816    32.8589        827     3.4417  0.000e+00
     39.197     8.9926   3.510797    32.8587        828     3.4458  0.000e+00
     39.095     8.9931   3.510405    32.8542        829     3.4500  0.000e+00
     38.998     8.9931   3.510083    32.8509        830     3.4542  0.000e+00
