HB2302/sbe110.cnv
* Sea-Bird SBE 19plus V2 Data File:
* FileName = C:\cruise\data\sbe110.hex
* Software Version Seasave V 7.26.7.121
* Temperature SN = 4758
* Conductivity SN = 4758
* System UpLoad Time = Jun 18 2023 16:19:23
* NMEA Latitude = 42 10.98 N
* NMEA Longitude = 066 11.77 W
* NMEA UTC (Time) = Jun 18 2023 16:19:23
** Cruise: HB2302
** Program: Ecomon
** Chief Scientist: Jerry Prezioso
# nquan = 7
# nvalues = 3061                                  
# units = specified
# name 0 = depSM: Depth [salt water, m]
# name 1 = tv290C: Temperature [ITS-90, deg C]
# name 2 = c0S/m: Conductivity [S/m]
# name 3 = sal00: Salinity, Practical [PSU]
# name 4 = scan: Scan Count
# name 5 = timeM: Time, Elapsed [minutes]
# name 6 = flag:  0.000e+00
# span 0 =     -0.190,    203.912                 
# span 1 =     6.9050,    13.0535                 
# span 2 =   0.000265,   3.750126                 
# span 3 =     0.0073,    34.7808                 
# span 4 =         11,       3071                 
# span 5 =     0.0417,    12.7917                 
# span 6 = 0.0000e+00, 0.0000e+00                 
# interval = seconds: 0.25
# start_time = Jun 18 2023 16:19:23 [NMEA time, header]
# bad_flag = -9.990e-29
*END*
[from data line 411]
     41.738     7.2102   3.316371    32.4532        422     1.7542  0.000e+00
     41.913     7.2067   3.316241    32.4550        423     1.7583  0.000e+00
     42.079     7.2038   3.315765    32.4525        424     1.7625  0.000e+00
     42.251     7.1991   3.315344    32.4523        425     1.7667  0.000e+00
     42.411     7.1932   3.314652    32.4503        426     1.7708  0.000e+00
     42.589     7.1845   3.314065    32.4520        427     1.7750  0.000e+00
     42.764     7.1748   3.314003    32.4603        428     1.7792  0.000e+00
     42.945     7.1678   3.313880    32.4655        429     1.7833  0.000e+00
     43.114     7.1628   3.313787    32.4691        430     1.7875  0.000e+00
     43.292     7.1583   3.313336    32.4684        431     1.7917  0.000e+00
     43.476     7.1526   3.312977    32.4698        432     1.7958  0.000e+00
     43.651     7.1461   3.312563    32.4713        433     1.8000  0.000e+00
     43.823     7.1397   3.312619    32.4779        434     1.8042  0.000e+00
     44.007     7.1356   3.312687    32.4823        435     1.8083  0.000e+00
     44.191     7.1326   3.312125    32.4790        436     1.8125  0.000e+00
     44.372     7.1263   3.312180    32.4854        437     1.8167  0.000e+00
     44.550     7.1200   3.311723    32.4863        438     1.8208  0.000e+00
     44.719     7.1136   3.311513    32.4899        439     1.8250  0.000e+00
     44.894     7.1080   3.311359    32.4935        440     1.8292  0.000e+00
     45.063     7.1034   3.311019    32.4941        441     1.8333  0.000e+00
     45.223     7.0981   3.310623    32.4946        442     1.8375  0.000e+00
     45.386     7.0925   3.310617    32.4997        443     1.8417  0.000e+00
     45.555     7.0885   3.310339    32.5004        444     1.8458  0.000e+00
     45.733     7.0849   3.310210    32.5023        445     1.8500  0.000e+00
     45.905     7.0818   3.310241    32.5055        446     1.8542  0.000e+00
     46.089     7.0800   3.310191    32.5066        447     1.8583  0.000e+00
     46.282     7.0785   3.309814    32.5038        448     1.8625  0.000e+00
     46.482     7.0757   3.309740    32.5055        449     1.8667  0.000e+00
     46.666     7.0730   3.309716    32.5077        450     1.8708  0.000e+00
     46.868     7.0712   3.309703    32.5092        451     1.8750  0.000e+00
     47.061     7.0701   3.309635    32.5094        452     1.8792  0.000e+00
     47.236     7.0688   3.309691    32.5112        453     1.8833  0.000e+00
     47.408     7.0671   3.309741    32.5132        454     1.8875  0.000e+00
     47.571     7.0653   3.309833    32.5159        455     1.8917  0.000e+00
     47.716     7.0639   3.310062    32.5195        456     1.8958  0.000e+00
     47.849     7.0630   3.310099    32.5207        457     1.9000  0.000e+00
     47.981     7.0623   3.310254    32.5230        458     1.9042  0.000e+00
     48.120     7.0609   3.310038    32.5219        459     1.9083  0.000e+00
     48.265     7.0566   3.309957    32.5251        460     1.9125  0.000e+00
     48.413     7.0506   3.309858    32.5296        461     1.9167  0.000e+00
     48.576     7.0455   3.309914    32.5349        462     1.9208  0.000e+00
     48.760     7.0423   3.309828    32.5369        463     1.9250  0.000e+00
     48.941     7.0401   3.309896    32.5397        464     1.9292  0.000e+00
     49.134     7.0389   3.309958    32.5413        465     1.9333  0.000e+00
     49.333     7.0385   3.309995    32.5420        466     1.9375  0.000e+00
     49.541     7.0378   3.309976    32.5424        467     1.9417  0.000e+00
     49.753     7.0371   3.309939    32.5425        468     1.9458  0.000e+00
     49.967     7.0360   3.309933    32.5434        469     1.9500  0.000e+00
     50.169     7.0344   3.310020    32.5458        470     1.9542  0.000e+00
     50.374     7.0332   3.310063    32.5473        471     1.9583  0.000e+00
     50.570     7.0326   3.310199    32.5493        472     1.9625  0.000e+00
     50.745     7.0311   3.310125    32.5498        473     1.9667  0.000e+00
     50.918     7.0298   3.310181    32.5515        474     1.9708  0.000e+00
     51.074     7.0281   3.310169    32.5530        475     1.9750  0.000e+00
     51.231     7.0249   3.310125    32.5554        476     1.9792  0.000e+00
     51.379     7.0215   3.310200    32.5594        477     1.9833  0.000e+00
     51.530     7.0180   3.310237    32.5630        478     1.9875  0.000e+00
     51.687     7.0150   3.310361    32.5671        479     1.9917  0.000e+00
     51.844     7.0114   3.310361    32.5705        480     1.9958  0.000e+00
     52.016     7.0082   3.310441    32.5743        481     2.0000  0.000e+00
     52.188     7.0062   3.310429    32.5760        482     2.0042  0.000e+00
     52.369     7.0045   3.310466    32.5778        483     2.0083  0.000e+00
     52.556     7.0035   3.310620    32.5805        484     2.0125  0.000e+00
     52.746     7.0030   3.310707    32.5818        485     2.0167  0.000e+00
     52.948     7.0027   3.310682    32.5817        486     2.0208  0.000e+00
     53.154     7.0017   3.310683    32.5826        487     2.0250  0.000e+00
     53.371     7.0002   3.310689    32.5839        488     2.0292  0.000e+00
     53.582     6.9987   3.310769    32.5861        489     2.0333  0.000e+00
     53.796     6.9975   3.310850    32.5880        490     2.0375  0.000e+00
     54.004     6.9973   3.310788    32.5874        491     2.0417  0.000e+00
     54.216     6.9963   3.310584    32.5860        492     2.0458  0.000e+00
     54.421     6.9934   3.310553    32.5883        493     2.0500  0.000e+00
     54.617     6.9902   3.310424    32.5899        494     2.0542  0.000e+00
     54.804     6.9864   3.310319    32.5922        495     2.0583  0.000e+00
     54.997     6.9828   3.310405    32.5965        496     2.0625  0.000e+00
     55.175     6.9799   3.310535    32.6006        497     2.0667  0.000e+00
     55.344     6.9759   3.310554    32.6045        498     2.0708  0.000e+00
     55.513     6.9715   3.310628    32.6093        499     2.0750  0.000e+00
     55.673     6.9684   3.310684    32.6128        500     2.0792  0.000e+00
     55.821     6.9646   3.310727    32.6169        501     2.0833  0.000e+00
     55.975     6.9603   3.310641    32.6199        502     2.0875  0.000e+00
     56.120     6.9550   3.310665    32.6251        503     2.0917  0.000e+00
     56.256     6.9494   3.310579    32.6294        504     2.0958  0.000e+00
     56.394     6.9445   3.310443    32.6325        505     2.1000  0.000e+00
     56.536     6.9393   3.310474    32.6377        506     2.1042  0.000e+00
     56.672     6.9352   3.310363    32.6404        507     2.1083  0.000e+00
     56.823     6.9316   3.310511    32.6453        508     2.1125  0.000e+00
     56.971     6.9283   3.310685    32.6502        509     2.1167  0.000e+00
     57.128     6.9257   3.310851    32.6545        510     2.1208  0.000e+00
     57.294     6.9239   3.311173    32.6596        511     2.1250  0.000e+00
     57.481     6.9227   3.311680    32.6663        512     2.1292  0.000e+00
     57.674     6.9223   3.312156    32.6717        513     2.1333  0.000e+00
     57.882     6.9231   3.312737    32.6773        514     2.1375  0.000e+00
     58.099     6.9251   3.313009    32.6782        515     2.1417  0.000e+00
     58.326     6.9264   3.313139    32.6783        516     2.1458  0.000e+00
     58.567     6.9262   3.313331    32.6804        517     2.1500  0.000e+00
     58.802     6.9256   3.313405    32.6817        518     2.1542  0.000e+00
     59.047     6.9250   3.313479    32.6829        519     2.1583  0.000e+00
     59.273     6.9243   3.313523    32.6840        520     2.1625  0.000e+00
     59.502     6.9233   3.313776    32.6876        521     2.1667  0.000e+00
     59.729     6.9233   3.314098    32.6911        522     2.1708  0.000e+00
     59.937     6.9240   3.314395    32.6936        523     2.1750  0.000e+00
     60.151     6.9243   3.314586    32.6952        524     2.1792  0.000e+00
     60.350     6.9238   3.314865    32.6987        525     2.1833  0.000e+00
     60.528     6.9233   3.314927    32.6998        526     2.1875  0.000e+00
     60.712     6.9230   3.315267    32.7037        527     2.1917  0.000e+00
     60.896     6.9234   3.315929    32.7104        528     2.1958  0.000e+00
     61.071     6.9252   3.316040    32.7098        529     2.2000  0.000e+00
     61.243     6.9270   3.316355    32.7115        530     2.2042  0.000e+00
     61.424     6.9291   3.316726    32.7134        531     2.2083  0.000e+00
     61.593     6.9310   3.316782    32.7122        532     2.2125  0.000e+00
     61.768     6.9311   3.316832    32.7126        533     2.2167  0.000e+00
     61.928     6.9304   3.316937    32.7143        534     2.2208  0.000e+00
     62.097     6.9294   3.317011    32.7160        535     2.2250  0.000e+00
     62.269     6.9285   3.317172    32.7185        536     2.2292  0.000e+00
     62.429     6.9286   3.317883    32.7261        537     2.2333  0.000e+00
     62.598     6.9290   3.318533    32.7328        538     2.2375  0.000e+00
     62.770     6.9296   3.319368    32.7412        539     2.2417  0.000e+00
     62.948     6.9300   3.319832    32.7458        540     2.2458  0.000e+00
     63.126     6.9307   3.320222    32.7494        541     2.2500  0.000e+00
     63.313     6.9313   3.321008    32.7573        542     2.2542  0.000e+00
     63.506     6.9321   3.321850    32.7656        543     2.2583  0.000e+00
     63.706     6.9333   3.322760    32.7744        544     2.2625  0.000e+00
     63.911     6.9349   3.323434    32.7802        545     2.2667  0.000e+00
     64.113     6.9361   3.324567    32.7913        546     2.2708  0.000e+00
     64.324     6.9379   3.325211    32.7965        547     2.2750  0.000e+00
     64.532     6.9397   3.326295    32.8066        548     2.2792  0.000e+00
     64.743     6.9418   3.327651    32.8193        549     2.2833  0.000e+00
     64.940     6.9446   3.328617    32.8271        550     2.2875  0.000e+00
     65.139     6.9474   3.330290    32.8426        551     2.2917  0.000e+00
     65.326     6.9510   3.331690    32.8544        552     2.2958  0.000e+00
     65.513     6.9549   3.332861    32.8634        553     2.3000  0.000e+00
     65.694     6.9586   3.333567    32.8675        554     2.3042  0.000e+00
     65.872     6.9624   3.335011    32.8796        555     2.3083  0.000e+00
     66.044     6.9668   3.336914    32.8961        556     2.3125  0.000e+00
     66.213     6.9727   3.337758    32.8996        557     2.3167  0.000e+00
     66.388     6.9783   3.340635    32.9257        558     2.3208  0.000e+00
     66.551     6.9858   3.343253    32.9470        559     2.3250  0.000e+00
     66.708     6.9958   3.345424    32.9611        560     2.3292  0.000e+00
     66.877     7.0058   3.347038    32.9691        561     2.3333  0.000e+00
     67.030     7.0147   3.349242    32.9846        562     2.3375  0.000e+00
     67.187     7.0238   3.350359    32.9880        563     2.3417  0.000e+00
     67.338     7.0317   3.352999    33.0092        564     2.3458  0.000e+00
     67.495     7.0408   3.354241    33.0139        565     2.3500  0.000e+00
     67.646     7.0492   3.355247    33.0168        566     2.3542  0.000e+00
     67.815     7.0560   3.356254    33.0212        567     2.3583  0.000e+00
     67.987     7.0617   3.356689    33.0204        568     2.3625  0.000e+00
     68.162     7.0662   3.357130    33.0209        569     2.3667  0.000e+00
     68.355     7.0696   3.357820    33.0250        570     2.3708  0.000e+00
     68.548     7.0728   3.358087    33.0247        571     2.3750  0.000e+00
     68.762     7.0755   3.358124    33.0225        572     2.3792  0.000e+00
     68.976     7.0771   3.358671    33.0269        573     2.3833  0.000e+00
     69.200     7.0787   3.359529    33.0345        574     2.3875  0.000e+00
     69.426     7.0814   3.360723    33.0448        575     2.3917  0.000e+00
     69.646     7.0857   3.361488    33.0490        576     2.3958  0.000e+00
     69.876     7.0903   3.362184    33.0521        577     2.4000  0.000e+00
     70.102     7.0943   3.362594    33.0526        578     2.4042  0.000e+00
     70.322     7.0977   3.363067    33.0544        579     2.4083  0.000e+00
     70.533     7.1004   3.363316    33.0544        580     2.4125  0.000e+00
     70.726     7.1027   3.363676    33.0560        581     2.4167  0.000e+00
     70.913     7.1048   3.364242    33.0601        582     2.4208  0.000e+00
     71.082     7.1077   3.364802    33.0634        583     2.4250  0.000e+00
     71.242     7.1110   3.365648    33.0693        584     2.4292  0.000e+00
     71.375     7.1147   3.366258    33.0723        585     2.4333  0.000e+00
     71.496     7.1185   3.366488    33.0712        586     2.4375  0.000e+00
     71.607     7.1215   3.366923    33.0730        587     2.4417  0.000e+00
     71.710     7.1241   3.367147    33.0729        588     2.4458  0.000e+00
     71.809     7.1260   3.367832    33.0785        589     2.4500  0.000e+00
     71.903     7.1285   3.368715    33.0857        590     2.4542  0.000e+00
     72.015     7.1323   3.370850    33.1053        591     2.4583  0.000e+00
     72.138     7.1392   3.372792    33.1197        592     2.4625  0.000e+00
     72.274     7.1486   3.374585    33.1302        593     2.4667  0.000e+00
     72.425     7.1586   3.375538    33.1309        594     2.4708  0.000e+00
     72.600     7.1676   3.376846    33.1364        595     2.4750  0.000e+00
     72.784     7.1758   3.377898    33.1399        596     2.4792  0.000e+00
     72.977     7.1833   3.378316    33.1372        597     2.4833  0.000e+00
     73.191     7.1888   3.378665    33.1356        598     2.4875  0.000e+00
     73.411     7.1928   3.378877    33.1340        599     2.4917  0.000e+00
     73.635     7.1955   3.378771    33.1301        600     2.4958  0.000e+00
     73.864     7.1970   3.379057    33.1316        601     2.5000  0.000e+00
     74.096     7.1985   3.379867    33.1390        602     2.5042  0.000e+00
     74.332     7.2005   3.380260    33.1412        603     2.5083  0.000e+00
     74.549     7.2031   3.380603    33.1423        604     2.5125  0.000e+00
     74.760     7.2054   3.380553    33.1395        605     2.5167  0.000e+00
     74.965     7.2069   3.381064    33.1435        606     2.5208  0.000e+00
     75.146     7.2086   3.381213    33.1434        607     2.5250  0.000e+00
     75.312     7.2099   3.381301    33.1430        608     2.5292  0.000e+00
     75.463     7.2108   3.381413    33.1433        609     2.5333  0.000e+00
     75.599     7.2116   3.381612    33.1446        610     2.5375  0.000e+00
     75.728     7.2125   3.381943    33.1473        611     2.5417  0.000e+00
     75.846     7.2138   3.382373    33.1507        612     2.5458  0.000e+00
     75.961     7.2157   3.382647    33.1517        613     2.5500  0.000e+00
     76.084     7.2175   3.382834    33.1520        614     2.5542  0.000e+00
     76.229     7.2191   3.383021    33.1525        615     2.5583  0.000e+00
     76.380     7.2205   3.383164    33.1526        616     2.5625  0.000e+00
     76.534     7.2221   3.383183    33.1512        617     2.5667  0.000e+00
     76.703     7.2227   3.383270    33.1514        618     2.5708  0.000e+00
     76.881     7.2235   3.383333    33.1513        619     2.5750  0.000e+00
     77.065     7.2239   3.383445    33.1521        620     2.5792  0.000e+00
     77.255     7.2244   3.383601    33.1532        621     2.5833  0.000e+00
     77.445     7.2249   3.383869    33.1555        622     2.5875  0.000e+00
     77.644     7.2259   3.384013    33.1560        623     2.5917  0.000e+00
     77.843     7.2269   3.384287    33.1580        624     2.5958  0.000e+00
     78.039     7.2284   3.384580    33.1597        625     2.6000  0.000e+00
