HB2302/sbe143.cnv
* Sea-Bird SBE 19plus V2 Data File:
* FileName = C:\cruise\data\sbe143.hex
* Software Version Seasave V 7.26.7.121
* Temperature SN = 4758
* Conductivity SN = 4758
* System UpLoad Time = Jun 21 2023 14:26:17
* NMEA Latitude = 43 03.31 N
* NMEA Longitude = 067 59.57 W
* NMEA UTC (Time) = Jun 21 2023 14:26:17
** Cruise: HB2302
** Program: Ecomon
** Chief Scientist: Jerry Prezioso
# nquan = 7
# nvalues = 5983                                  
# units = specified
# name 0 = depSM: Depth [salt water, m]
# name 1 = tv290C: Temperature [ITS-90, deg C]
# name 2 = c0S/m: Conductivity [S/m]
# name 3 = sal00: Salinity, Practical [PSU]
# name 4 = scan: Scan Count
# name 5 = timeM: Time, Elapsed [minutes]
# name 6 = flag:  0.000e+00
# span 0 =      0.024,    194.938                 
# span 1 =     7.2287,    13.1983                 
# span 2 =   0.000743,   3.748983                 
# span 3 =     0.0096,    33.7265                 
# span 4 =         11,       5993                 
# span 5 =     0.0417,    24.9667                 
# span 6 = 0.0000e+00, 0.0000e+00                 
# interval = seconds: 0.25
# start_time = Jun 21 2023 14:26:17 [NMEA time, header]
# bad_flag = -9.990e-29
*END*
[from data line 4924]
     48.919     7.2545   3.317950    32.4254       4935    20.5583  0.000e+00
     48.880     7.2545   3.318080    32.4268       4936    20.5625  0.000e+00
     48.838     7.2545   3.317931    32.4252       4937    20.5667  0.000e+00
     48.805     7.2543   3.317919    32.4253       4938    20.5708  0.000e+00
     48.756     7.2542   3.317715    32.4232       4939    20.5750  0.000e+00
     48.708     7.2538   3.317591    32.4223       4940    20.5792  0.000e+00
     48.663     7.2535   3.317671    32.4234       4941    20.5833  0.000e+00
     48.609     7.2532   3.317653    32.4236       4942    20.5875  0.000e+00
     48.548     7.2530   3.317628    32.4235       4943    20.5917  0.000e+00
     48.494     7.2531   3.317591    32.4230       4944    20.5958  0.000e+00
     48.434     7.2530   3.317399    32.4211       4945    20.6000  0.000e+00
     48.374     7.2528   3.317325    32.4205       4946    20.6042  0.000e+00
     48.310     7.2528   3.317245    32.4196       4947    20.6083  0.000e+00
     48.256     7.2544   3.317226    32.4180       4948    20.6125  0.000e+00
     48.199     7.2562   3.317244    32.4165       4949    20.6167  0.000e+00
     48.154     7.2579   3.317306    32.4156       4950    20.6208  0.000e+00
     48.099     7.2598   3.317312    32.4139       4951    20.6250  0.000e+00
     48.048     7.2616   3.317374    32.4129       4952    20.6292  0.000e+00
     48.006     7.2628   3.317368    32.4118       4953    20.6333  0.000e+00
     47.958     7.2634   3.317331    32.4108       4954    20.6375  0.000e+00
     47.915     7.2640   3.317349    32.4104       4955    20.6417  0.000e+00
     47.870     7.2646   3.317374    32.4102       4956    20.6458  0.000e+00
     47.825     7.2650   3.317325    32.4093       4957    20.6500  0.000e+00
     47.777     7.2650   3.317356    32.4097       4958    20.6542  0.000e+00
     47.719     7.2650   3.317349    32.4096       4959    20.6583  0.000e+00
     47.674     7.2648   3.317356    32.4099       4960    20.6625  0.000e+00
     47.620     7.2648   3.317349    32.4099       4961    20.6667  0.000e+00
     47.566     7.2648   3.317356    32.4099       4962    20.6708  0.000e+00
     47.508     7.2655   3.317368    32.4095       4963    20.6750  0.000e+00
     47.448     7.2655   3.317374    32.4096       4964    20.6792  0.000e+00
     47.382     7.2657   3.317386    32.4096       4965    20.6833  0.000e+00
     47.324     7.2662   3.317399    32.4092       4966    20.6875  0.000e+00
     47.264     7.2672   3.317386    32.4081       4967    20.6917  0.000e+00
     47.204     7.2680   3.317417    32.4078       4968    20.6958  0.000e+00
     47.144     7.2689   3.317411    32.4069       4969    20.7000  0.000e+00
     47.089     7.2697   3.317417    32.4063       4970    20.7042  0.000e+00
     47.035     7.2703   3.317417    32.4058       4971    20.7083  0.000e+00
     46.981     7.2707   3.317386    32.4050       4972    20.7125  0.000e+00
     46.939     7.2709   3.317436    32.4054       4973    20.7167  0.000e+00
     46.890     7.2712   3.317448    32.4053       4974    20.7208  0.000e+00
     46.848     7.2716   3.317436    32.4048       4975    20.7250  0.000e+00
     46.809     7.2719   3.317448    32.4047       4976    20.7292  0.000e+00
     46.761     7.2721   3.317436    32.4043       4977    20.7333  0.000e+00
     46.727     7.2723   3.317429    32.4041       4978    20.7375  0.000e+00
     46.697     7.2725   3.317436    32.4040       4979    20.7417  0.000e+00
     46.652     7.2727   3.317491    32.4045       4980    20.7458  0.000e+00
     46.613     7.2729   3.317504    32.4045       4981    20.7500  0.000e+00
     46.580     7.2736   3.317491    32.4037       4982    20.7542  0.000e+00
     46.538     7.2741   3.317504    32.4034       4983    20.7583  0.000e+00
     46.492     7.2749   3.317553    32.4031       4984    20.7625  0.000e+00
     46.453     7.2775   3.317627    32.4016       4985    20.7667  0.000e+00
     46.405     7.2824   3.317609    32.3967       4986    20.7708  0.000e+00
     46.354     7.2876   3.317627    32.3921       4987    20.7750  0.000e+00
     46.299     7.2910   3.317633    32.3891       4988    20.7792  0.000e+00
     46.251     7.2927   3.317627    32.3874       4989    20.7833  0.000e+00
     46.194     7.2937   3.317547    32.3856       4990    20.7875  0.000e+00
     46.140     7.2942   3.317491    32.3846       4991    20.7917  0.000e+00
     46.079     7.2942   3.317398    32.3836       4992    20.7958  0.000e+00
     46.025     7.2942   3.317386    32.3834       4993    20.8000  0.000e+00
     45.977     7.2941   3.317398    32.3837       4994    20.8042  0.000e+00
     45.920     7.2942   3.317386    32.3836       4995    20.8083  0.000e+00
     45.871     7.2942   3.317268    32.3823       4996    20.8125  0.000e+00
     45.820     7.2939   3.317243    32.3823       4997    20.8167  0.000e+00
     45.769     7.2937   3.317243    32.3825       4998    20.8208  0.000e+00
     45.724     7.2936   3.317243    32.3826       4999    20.8250  0.000e+00
     45.688     7.2936   3.317225    32.3824       5000    20.8292  0.000e+00
     45.642     7.2937   3.317206    32.3821       5001    20.8333  0.000e+00
     45.609     7.2937   3.317225    32.3824       5002    20.8375  0.000e+00
     45.576     7.2939   3.317225    32.3823       5003    20.8417  0.000e+00
     45.540     7.2939   3.317225    32.3823       5004    20.8458  0.000e+00
     45.510     7.2939   3.317206    32.3820       5005    20.8500  0.000e+00
     45.470     7.2939   3.317225    32.3823       5006    20.8542  0.000e+00
     45.434     7.2939   3.317206    32.3821       5007    20.8583  0.000e+00
     45.386     7.2942   3.317243    32.3823       5008    20.8625  0.000e+00
     45.350     7.2942   3.317225    32.3820       5009    20.8667  0.000e+00
     45.299     7.2943   3.317206    32.3817       5010    20.8708  0.000e+00
     45.256     7.2948   3.317200    32.3812       5011    20.8750  0.000e+00
     45.196     7.2953   3.317163    32.3804       5012    20.8792  0.000e+00
     45.139     7.2958   3.317181    32.3802       5013    20.8833  0.000e+00
     45.075     7.2965   3.317187    32.3797       5014    20.8875  0.000e+00
     45.015     7.2969   3.317181    32.3792       5015    20.8917  0.000e+00
     44.958     7.2977   3.317206    32.3788       5016    20.8958  0.000e+00
     44.895     7.2985   3.317243    32.3785       5017    20.9000  0.000e+00
     44.828     7.2994   3.317268    32.3779       5018    20.9042  0.000e+00
     44.762     7.3008   3.317286    32.3768       5019    20.9083  0.000e+00
     44.696     7.3016   3.317268    32.3759       5020    20.9125  0.000e+00
     44.638     7.3024   3.317224    32.3747       5021    20.9167  0.000e+00
     44.581     7.3028   3.317224    32.3744       5022    20.9208  0.000e+00
     44.527     7.3031   3.317243    32.3743       5023    20.9250  0.000e+00
     44.470     7.3037   3.317243    32.3738       5024    20.9292  0.000e+00
     44.418     7.3040   3.317162    32.3727       5025    20.9333  0.000e+00
     44.382     7.3043   3.317243    32.3733       5026    20.9375  0.000e+00
     44.337     7.3054   3.317305    32.3729       5027    20.9417  0.000e+00
     44.301     7.3068   3.317311    32.3717       5028    20.9458  0.000e+00
     44.259     7.3079   3.317348    32.3711       5029    20.9500  0.000e+00
     44.235     7.3092   3.317397    32.3704       5030    20.9542  0.000e+00
     44.198     7.3112   3.317447    32.3691       5031    20.9583  0.000e+00
     44.159     7.3138   3.317459    32.3668       5032    20.9625  0.000e+00
     44.120     7.3158   3.317490    32.3652       5033    20.9667  0.000e+00
     44.090     7.3181   3.317478    32.3630       5034    20.9708  0.000e+00
     44.042     7.3198   3.317508    32.3617       5035    20.9750  0.000e+00
     43.996     7.3215   3.317502    32.3601       5036    20.9792  0.000e+00
     43.951     7.3229   3.317552    32.3594       5037    20.9833  0.000e+00
     43.900     7.3239   3.317564    32.3586       5038    20.9875  0.000e+00
     43.849     7.3251   3.317570    32.3576       5039    20.9917  0.000e+00
     43.794     7.3266   3.317626    32.3568       5040    20.9958  0.000e+00
     43.737     7.3286   3.317651    32.3552       5041    21.0000  0.000e+00
     43.686     7.3311   3.317694    32.3534       5042    21.0042  0.000e+00
     43.629     7.3326   3.317712    32.3522       5043    21.0083  0.000e+00
     43.580     7.3337   3.317694    32.3511       5044    21.0125  0.000e+00
     43.523     7.3346   3.317712    32.3504       5045    21.0167  0.000e+00
     43.475     7.3355   3.317712    32.3496       5046    21.0208  0.000e+00
     43.414     7.3361   3.317737    32.3493       5047    21.0250  0.000e+00
     43.357     7.3367   3.317712    32.3485       5048    21.0292  0.000e+00
     43.306     7.3375   3.317694    32.3476       5049    21.0333  0.000e+00
     43.255     7.3381   3.317712    32.3473       5050    21.0375  0.000e+00
     43.209     7.3392   3.317712    32.3463       5051    21.0417  0.000e+00
     43.152     7.3395   3.317712    32.3460       5052    21.0458  0.000e+00
     43.104     7.3398   3.317693    32.3455       5053    21.0500  0.000e+00
     43.059     7.3411   3.317669    32.3441       5054    21.0542  0.000e+00
     43.004     7.3425   3.317669    32.3428       5055    21.0583  0.000e+00
     42.956     7.3438   3.317687    32.3418       5056    21.0625  0.000e+00
     42.908     7.3444   3.317650    32.3408       5057    21.0667  0.000e+00
     42.866     7.3451   3.317650    32.3403       5058    21.0708  0.000e+00
     42.824     7.3457   3.317650    32.3397       5059    21.0750  0.000e+00
     42.784     7.3463   3.317650    32.3391       5060    21.0792  0.000e+00
     42.736     7.3467   3.317650    32.3388       5061    21.0833  0.000e+00
     42.697     7.3469   3.317650    32.3386       5062    21.0875  0.000e+00
     42.649     7.3472   3.317625    32.3381       5063    21.0917  0.000e+00
     42.607     7.3477   3.317631    32.3378       5064    21.0958  0.000e+00
     42.555     7.3478   3.317588    32.3371       5065    21.1000  0.000e+00
     42.504     7.3485   3.317588    32.3365       5066    21.1042  0.000e+00
     42.459     7.3497   3.317489    32.3344       5067    21.1083  0.000e+00
     42.411     7.3511   3.317433    32.3325       5068    21.1125  0.000e+00
     42.359     7.3529   3.317446    32.3309       5069    21.1167  0.000e+00
     42.308     7.3542   3.317415    32.3294       5070    21.1208  0.000e+00
     42.254     7.3551   3.317427    32.3287       5071    21.1250  0.000e+00
     42.206     7.3557   3.317396    32.3279       5072    21.1292  0.000e+00
     42.148     7.3565   3.317427    32.3275       5073    21.1333  0.000e+00
     42.103     7.3568   3.317415    32.3271       5074    21.1375  0.000e+00
     42.055     7.3572   3.317427    32.3269       5075    21.1417  0.000e+00
     42.001     7.3575   3.317415    32.3265       5076    21.1458  0.000e+00
     41.955     7.3578   3.317384    32.3259       5077    21.1500  0.000e+00
     41.901     7.3582   3.317353    32.3253       5078    21.1542  0.000e+00
     41.856     7.3588   3.317346    32.3247       5079    21.1583  0.000e+00
     41.808     7.3593   3.317309    32.3238       5080    21.1625  0.000e+00
     41.753     7.3598   3.317322    32.3235       5081    21.1667  0.000e+00
     41.699     7.3603   3.317285    32.3226       5082    21.1708  0.000e+00
     41.657     7.3609   3.317285    32.3221       5083    21.1750  0.000e+00
     41.603     7.3613   3.317309    32.3220       5084    21.1792  0.000e+00
     41.554     7.3617   3.317285    32.3214       5085    21.1833  0.000e+00
     41.512     7.3619   3.317284    32.3212       5086    21.1875  0.000e+00
     41.473     7.3622   3.317266    32.3207       5087    21.1917  0.000e+00
     41.437     7.3626   3.317241    32.3202       5088    21.1958  0.000e+00
     41.395     7.3629   3.317266    32.3202       5089    21.2000  0.000e+00
     41.364     7.3631   3.317266    32.3200       5090    21.2042  0.000e+00
     41.331     7.3636   3.317179    32.3186       5091    21.2083  0.000e+00
     41.298     7.3646   3.317161    32.3175       5092    21.2125  0.000e+00
     41.274     7.3654   3.317161    32.3167       5093    21.2167  0.000e+00
     41.244     7.3662   3.317142    32.3158       5094    21.2208  0.000e+00
     41.205     7.3669   3.317136    32.3151       5095    21.2250  0.000e+00
     41.172     7.3674   3.317124    32.3145       5096    21.2292  0.000e+00
     41.132     7.3680   3.317136    32.3141       5097    21.2333  0.000e+00
     41.093     7.3683   3.317123    32.3137       5098    21.2375  0.000e+00
     41.045     7.3686   3.317117    32.3133       5099    21.2417  0.000e+00
     40.997     7.3688   3.317080    32.3129       5100    21.2458  0.000e+00
     40.942     7.3691   3.317049    32.3122       5101    21.2500  0.000e+00
     40.885     7.3694   3.317092    32.3124       5102    21.2542  0.000e+00
     40.819     7.3701   3.317062    32.3115       5103    21.2583  0.000e+00
     40.756     7.3705   3.317031    32.3108       5104    21.2625  0.000e+00
     40.698     7.3711   3.317000    32.3099       5105    21.2667  0.000e+00
     40.629     7.3723   3.316962    32.3085       5106    21.2708  0.000e+00
     40.569     7.3738   3.316981    32.3073       5107    21.2750  0.000e+00
     40.505     7.3749   3.316962    32.3061       5108    21.2792  0.000e+00
     40.442     7.3758   3.316956    32.3052       5109    21.2833  0.000e+00
     40.391     7.3768   3.316944    32.3042       5110    21.2875  0.000e+00
     40.343     7.3773   3.316956    32.3038       5111    21.2917  0.000e+00
     40.297     7.3780   3.316944    32.3031       5112    21.2958  0.000e+00
     40.249     7.3790   3.316999    32.3028       5113    21.3000  0.000e+00
     40.204     7.3800   3.316987    32.3017       5114    21.3042  0.000e+00
     40.168     7.3802   3.316981    32.3015       5115    21.3083  0.000e+00
     40.122     7.3808   3.316987    32.3010       5116    21.3125  0.000e+00
     40.086     7.3816   3.316981    32.3002       5117    21.3167  0.000e+00
     40.053     7.3821   3.316987    32.2999       5118    21.3208  0.000e+00
     40.017     7.3824   3.316981    32.2995       5119    21.3250  0.000e+00
     39.981     7.3827   3.317005    32.2996       5120    21.3292  0.000e+00
     39.948     7.3829   3.316987    32.2992       5121    21.3333  0.000e+00
     39.914     7.3828   3.317018    32.2996       5122    21.3375  0.000e+00
     39.881     7.3830   3.316987    32.2991       5123    21.3417  0.000e+00
     39.848     7.3833   3.317018    32.2992       5124    21.3458  0.000e+00
     39.812     7.3836   3.317005    32.2988       5125    21.3500  0.000e+00
     39.788     7.3839   3.317061    32.2991       5126    21.3542  0.000e+00
     39.752     7.3841   3.317073    32.2990       5127    21.3583  0.000e+00
     39.718     7.3844   3.317061    32.2986       5128    21.3625  0.000e+00
     39.676     7.3848   3.317030    32.2980       5129    21.3667  0.000e+00
     39.640     7.3850   3.317042    32.2980       5130    21.3708  0.000e+00
     39.595     7.3851   3.317049    32.2979       5131    21.3750  0.000e+00
     39.547     7.3852   3.317042    32.2978       5132    21.3792  0.000e+00
     39.492     7.3853   3.317049    32.2978       5133    21.3833  0.000e+00
     39.435     7.3853   3.317018    32.2975       5134    21.3875  0.000e+00
     39.381     7.3853   3.317005    32.2974       5135    21.3917  0.000e+00
     39.320     7.3852   3.317042    32.2979       5136    21.3958  0.000e+00
     39.257     7.3853   3.317073    32.2981       5137    21.4000  0.000e+00
     39.197     7.3855   3.317061    32.2979       5138    21.4042  0.000e+00
