HB2302/sbe112.cnv
* Sea-Bird SBE 19plus V2 Data File:
* FileName = C:\cruise\data\sbe112.hex
* Software Version Seasave V 7.26.7.121
* Temperature SN = 4758
* Conductivity SN = 4758
* System UpLoad Time = Jun 19 2023 01:41:21
* NMEA Latitude = 42 09.10 N
* NMEA Longitude = 067 36.56 W
* NMEA UTC (Time) = Jun 19 2023 01:41:21
** Cruise: HB2302
** Program: Ecomon
** Chief Scientist: Jerry Prezioso
# nquan = 7
# nvalues = 4079                                  
# units = specified
# name 0 = depSM: Depth [salt water, m]
# name 1 = tv290C: Temperature [ITS-90, deg C]
# name 2 = c0S/m: Conductivity [S/m]
# name 3 = sal00: Salinity, Practical [PSU]
# name 4 = scan: Scan Count
# name 5 = timeM: Time, Elapsed [minutes]
# name 6 = flag:  0.000e+00
# span 0 =     -0.122,    177.422                 
# span 1 =     6.7908,    13.3654                 
# span 2 =  -0.034051,   3.878596                 
# span 3 =     0.0000,    34.1674                 
# span 4 =         11,       4089                 
# span 5 =     0.0417,    17.0333                 
# span 6 = 0.0000e+00, 0.0000e+00                 
# interval = seconds: 0.25
# start_time = Jun 19 2023 01:41:21 [NMEA time, header]
# bad_flag = -9.990e-29
*END*
[from data line 2257]
    108.959     6.8841   3.344676    33.0396       2268     9.4458  0.000e+00
    108.883     6.8838   3.344577    33.0389       2269     9.4500  0.000e+00
    108.805     6.8833   3.344496    33.0385       2270     9.4542  0.000e+00
    108.726     6.8830   3.344558    33.0395       2271     9.4583  0.000e+00
    108.648     6.8829   3.344657    33.0408       2272     9.4625  0.000e+00
    108.561     6.8833   3.344682    33.0407       2273     9.4667  0.000e+00
    108.479     6.8835   3.344477    33.0383       2274     9.4708  0.000e+00
    108.383     6.8830   3.344558    33.0397       2275     9.4750  0.000e+00
    108.296     6.8827   3.344372    33.0379       2276     9.4792  0.000e+00
    108.199     6.8823   3.344359    33.0382       2277     9.4833  0.000e+00
    108.103     6.8820   3.344043    33.0351       2278     9.4875  0.000e+00
    107.997     6.8810   3.343962    33.0352       2279     9.4917  0.000e+00
    107.895     6.8801   3.343931    33.0358       2280     9.4958  0.000e+00
    107.789     6.8795   3.343881    33.0359       2281     9.5000  0.000e+00
    107.693     6.8792   3.343670    33.0340       2282     9.5042  0.000e+00
    107.596     6.8785   3.343534    33.0331       2283     9.5083  0.000e+00
    107.500     6.8777   3.343435    33.0329       2284     9.5125  0.000e+00
    107.409     6.8769   3.343366    33.0329       2285     9.5167  0.000e+00
    107.328     6.8763   3.343304    33.0328       2286     9.5208  0.000e+00
    107.241     6.8758   3.343304    33.0334       2287     9.5250  0.000e+00
    107.168     6.8755   3.343261    33.0332       2288     9.5292  0.000e+00
    107.099     6.8752   3.343205    33.0329       2289     9.5333  0.000e+00
    107.021     6.8750   3.343174    33.0328       2290     9.5375  0.000e+00
    106.954     6.8749   3.343124    33.0325       2291     9.5417  0.000e+00
    106.894     6.8747   3.343062    33.0320       2292     9.5458  0.000e+00
    106.831     6.8744   3.343025    33.0318       2293     9.5500  0.000e+00
    106.762     6.8741   3.342982    33.0317       2294     9.5542  0.000e+00
    106.701     6.8739   3.342938    33.0315       2295     9.5583  0.000e+00
    106.626     6.8735   3.342814    33.0305       2296     9.5625  0.000e+00
    106.557     6.8730   3.342634    33.0291       2297     9.5667  0.000e+00
    106.478     6.8723   3.342591    33.0293       2298     9.5708  0.000e+00
    106.394     6.8716   3.342485    33.0289       2299     9.5750  0.000e+00
    106.303     6.8711   3.342324    33.0276       2300     9.5792  0.000e+00
    106.216     6.8704   3.342187    33.0268       2301     9.5833  0.000e+00
    106.135     6.8696   3.342057    33.0262       2302     9.5875  0.000e+00
    106.035     6.8691   3.342032    33.0265       2303     9.5917  0.000e+00
    105.939     6.8686   3.341896    33.0255       2304     9.5958  0.000e+00
    105.839     6.8679   3.341796    33.0251       2305     9.6000  0.000e+00
    105.737     6.8673   3.341585    33.0235       2306     9.6042  0.000e+00
    105.628     6.8665   3.341443    33.0227       2307     9.6083  0.000e+00
    105.526     6.8658   3.341325    33.0222       2308     9.6125  0.000e+00
    105.423     6.8649   3.341015    33.0196       2309     9.6167  0.000e+00
    105.321     6.8639   3.340655    33.0167       2310     9.6208  0.000e+00
    105.222     6.8624   3.340667    33.0183       2311     9.6250  0.000e+00
    105.131     6.8614   3.340612    33.0187       2312     9.6292  0.000e+00
    105.038     6.8609   3.340686    33.0201       2313     9.6333  0.000e+00
    104.959     6.8607   3.340289    33.0160       2314     9.6375  0.000e+00
    104.881     6.8598   3.340115    33.0149       2315     9.6417  0.000e+00
    104.803     6.8588   3.339923    33.0139       2316     9.6458  0.000e+00
    104.733     6.8578   3.339582    33.0111       2317     9.6500  0.000e+00
    104.661     6.8565   3.339383    33.0102       2318     9.6542  0.000e+00
    104.595     6.8554   3.339340    33.0108       2319     9.6583  0.000e+00
    104.516     6.8545   3.339303    33.0113       2320     9.6625  0.000e+00
    104.438     6.8541   3.339297    33.0116       2321     9.6667  0.000e+00
    104.360     6.8540   3.338980    33.0083       2322     9.6708  0.000e+00
    104.275     6.8532   3.338707    33.0062       2323     9.6750  0.000e+00
    104.191     6.8524   3.338683    33.0066       2324     9.6792  0.000e+00
    104.103     6.8517   3.338676    33.0073       2325     9.6833  0.000e+00
    104.007     6.8515   3.338664    33.0074       2326     9.6875  0.000e+00
    103.911     6.8512   3.338658    33.0076       2327     9.6917  0.000e+00
    103.814     6.8511   3.338621    33.0074       2328     9.6958  0.000e+00
    103.721     6.8511   3.338589    33.0071       2329     9.7000  0.000e+00
    103.633     6.8510   3.338583    33.0072       2330     9.7042  0.000e+00
    103.546     6.8508   3.338527    33.0068       2331     9.7083  0.000e+00
    103.452     6.8508   3.338459    33.0061       2332     9.7125  0.000e+00
    103.374     6.8506   3.338372    33.0053       2333     9.7167  0.000e+00
    103.293     6.8505   3.338397    33.0058       2334     9.7208  0.000e+00
    103.220     6.8503   3.338372    33.0057       2335     9.7250  0.000e+00
    103.151     6.8503   3.338335    33.0054       2336     9.7292  0.000e+00
    103.079     6.8500   3.338205    33.0042       2337     9.7333  0.000e+00
    103.006     6.8500   3.337988    33.0019       2338     9.7375  0.000e+00
    102.925     6.8494   3.337858    33.0011       2339     9.7417  0.000e+00
    102.853     6.8487   3.337783    33.0010       2340     9.7458  0.000e+00
    102.768     6.8482   3.337641    33.0000       2341     9.7500  0.000e+00
    102.693     6.8475   3.337541    32.9995       2342     9.7542  0.000e+00
    102.609     6.8472   3.337448    32.9989       2343     9.7583  0.000e+00
    102.521     6.8467   3.337461    32.9995       2344     9.7625  0.000e+00
    102.437     6.8463   3.337380    32.9990       2345     9.7667  0.000e+00
    102.337     6.8461   3.337318    32.9986       2346     9.7708  0.000e+00
    102.241     6.8457   3.337175    32.9975       2347     9.7750  0.000e+00
    102.138     6.8453   3.337082    32.9969       2348     9.7792  0.000e+00
    102.036     6.8449   3.337070    32.9973       2349     9.7833  0.000e+00
    101.924     6.8446   3.337064    32.9975       2350     9.7875  0.000e+00
    101.813     6.8445   3.337008    32.9970       2351     9.7917  0.000e+00
    101.704     6.8443   3.336890    32.9960       2352     9.7958  0.000e+00
    101.587     6.8443   3.336847    32.9956       2353     9.8000  0.000e+00
    101.478     6.8440   3.336828    32.9957       2354     9.8042  0.000e+00
    101.376     6.8438   3.336766    32.9952       2355     9.8083  0.000e+00
    101.283     6.8437   3.336673    32.9944       2356     9.8125  0.000e+00
    101.183     6.8435   3.336518    32.9929       2357     9.8167  0.000e+00
    101.102     6.8434   3.336549    32.9934       2358     9.8208  0.000e+00
    101.029     6.8431   3.336518    32.9934       2359     9.8250  0.000e+00
    100.951     6.8430   3.336462    32.9929       2360     9.8292  0.000e+00
    100.885     6.8429   3.336481    32.9933       2361     9.8333  0.000e+00
    100.821     6.8428   3.336462    32.9931       2362     9.8375  0.000e+00
    100.764     6.8427   3.336456    32.9932       2363     9.8417  0.000e+00
    100.701     6.8429   3.336437    32.9929       2364     9.8458  0.000e+00
    100.644     6.8429   3.336437    32.9929       2365     9.8500  0.000e+00
    100.580     6.8426   3.336419    32.9929       2366     9.8542  0.000e+00
    100.514     6.8428   3.336456    32.9932       2367     9.8583  0.000e+00
    100.442     6.8429   3.336437    32.9930       2368     9.8625  0.000e+00
    100.366     6.8427   3.336418    32.9930       2369     9.8667  0.000e+00
    100.285     6.8427   3.336375    32.9926       2370     9.8708  0.000e+00
    100.191     6.8426   3.336350    32.9924       2371     9.8750  0.000e+00
    100.086     6.8426   3.336375    32.9927       2372     9.8792  0.000e+00
     99.984     6.8425   3.336375    32.9929       2373     9.8833  0.000e+00
     99.878     6.8425   3.336313    32.9922       2374     9.8875  0.000e+00
     99.767     6.8424   3.336313    32.9924       2375     9.8917  0.000e+00
     99.649     6.8425   3.336170    32.9908       2376     9.8958  0.000e+00
     99.544     6.8421   3.336269    32.9923       2377     9.9000  0.000e+00
     99.435     6.8422   3.336276    32.9924       2378     9.9042  0.000e+00
     99.330     6.8423   3.336269    32.9923       2379     9.9083  0.000e+00
     99.227     6.8422   3.336152    32.9911       2380     9.9125  0.000e+00
     99.134     6.8421   3.336071    32.9903       2381     9.9167  0.000e+00
     99.043     6.8419   3.336089    32.9908       2382     9.9208  0.000e+00
     98.968     6.8417   3.336114    32.9912       2383     9.9250  0.000e+00
     98.887     6.8416   3.336071    32.9909       2384     9.9292  0.000e+00
     98.817     6.8416   3.336139    32.9917       2385     9.9333  0.000e+00
     98.751     6.8416   3.336027    32.9905       2386     9.9375  0.000e+00
     98.691     6.8415   3.336201    32.9926       2387     9.9417  0.000e+00
     98.624     6.8417   3.336170    32.9921       2388     9.9458  0.000e+00
     98.561     6.8418   3.336071    32.9909       2389     9.9500  0.000e+00
     98.501     6.8417   3.336027    32.9905       2390     9.9542  0.000e+00
     98.431     6.8416   3.335922    32.9895       2391     9.9583  0.000e+00
     98.362     6.8414   3.335965    32.9903       2392     9.9625  0.000e+00
     98.269     6.8413   3.335947    32.9902       2393     9.9667  0.000e+00
     98.190     6.8413   3.335903    32.9898       2394     9.9708  0.000e+00
     98.097     6.8411   3.335885    32.9897       2395     9.9750  0.000e+00
     97.997     6.8412   3.335835    32.9892       2396     9.9792  0.000e+00
     97.904     6.8410   3.335841    32.9895       2397     9.9833  0.000e+00
     97.805     6.8408   3.335792    32.9892       2398     9.9875  0.000e+00
     97.708     6.8409   3.335785    32.9891       2399     9.9917  0.000e+00
     97.606     6.8407   3.335730    32.9887       2400     9.9958  0.000e+00
     97.506     6.8406   3.335698    32.9885       2401    10.0000  0.000e+00
     97.419     6.8404   3.335686    32.9886       2402    10.0042  0.000e+00
     97.319     6.8404   3.335661    32.9883       2403    10.0083  0.000e+00
     97.232     6.8403   3.335643    32.9883       2404    10.0125  0.000e+00
     97.138     6.8403   3.335661    32.9886       2405    10.0167  0.000e+00
     97.051     6.8403   3.335643    32.9884       2406    10.0208  0.000e+00
     96.958     6.8403   3.335333    32.9850       2407    10.0250  0.000e+00
     96.870     6.8398   3.335190    32.9840       2408    10.0292  0.000e+00
     96.777     6.8395   3.334905    32.9812       2409    10.0333  0.000e+00
     96.686     6.8388   3.334824    32.9811       2410    10.0375  0.000e+00
     96.593     6.8384   3.335128    32.9848       2411    10.0417  0.000e+00
     96.506     6.8385   3.335233    32.9859       2412    10.0458  0.000e+00
     96.421     6.8388   3.335153    32.9848       2413    10.0500  0.000e+00
     96.334     6.8388   3.334911    32.9822       2414    10.0542  0.000e+00
     96.252     6.8385   3.334558    32.9786       2415    10.0583  0.000e+00
     96.168     6.8380   3.334719    32.9809       2416    10.0625  0.000e+00
     96.084     6.8379   3.334805    32.9820       2417    10.0667  0.000e+00
     95.996     6.8378   3.334911    32.9833       2418    10.0708  0.000e+00
     95.912     6.8379   3.334985    32.9840       2419    10.0750  0.000e+00
     95.815     6.8382   3.334824    32.9820       2420    10.0792  0.000e+00
     95.725     6.8382   3.334923    32.9831       2421    10.0833  0.000e+00
     95.632     6.8383   3.334762    32.9813       2422    10.0875  0.000e+00
     95.532     6.8381   3.334545    32.9792       2423    10.0917  0.000e+00
     95.439     6.8377   3.334495    32.9790       2424    10.0958  0.000e+00
     95.339     6.8375   3.334502    32.9794       2425    10.1000  0.000e+00
     95.246     6.8373   3.334495    32.9796       2426    10.1042  0.000e+00
     95.155     6.8371   3.334458    32.9793       2427    10.1083  0.000e+00
     95.071     6.8370   3.334433    32.9793       2428    10.1125  0.000e+00
     94.987     6.8370   3.334501    32.9800       2429    10.1167  0.000e+00
     94.893     6.8370   3.334495    32.9800       2430    10.1208  0.000e+00
     94.815     6.8371   3.334545    32.9805       2431    10.1250  0.000e+00
     94.727     6.8371   3.334539    32.9804       2432    10.1292  0.000e+00
     94.646     6.8371   3.334526    32.9804       2433    10.1333  0.000e+00
     94.562     6.8372   3.334514    32.9802       2434    10.1375  0.000e+00
     94.468     6.8371   3.334501    32.9802       2435    10.1417  0.000e+00
     94.381     6.8371   3.334495    32.9802       2436    10.1458  0.000e+00
     94.287     6.8372   3.334501    32.9802       2437    10.1500  0.000e+00
     94.179     6.8371   3.334049    32.9753       2438    10.1542  0.000e+00
     94.082     6.8367   3.334012    32.9754       2439    10.1583  0.000e+00
     93.989     6.8363   3.334024    32.9760       2440    10.1625  0.000e+00
     93.896     6.8360   3.334030    32.9763       2441    10.1667  0.000e+00
     93.808     6.8360   3.334067    32.9768       2442    10.1708  0.000e+00
     93.724     6.8359   3.333968    32.9759       2443    10.1750  0.000e+00
     93.642     6.8359   3.333906    32.9752       2444    10.1792  0.000e+00
     93.573     6.8357   3.333900    32.9754       2445    10.1833  0.000e+00
     93.501     6.8355   3.333801    32.9745       2446    10.1875  0.000e+00
     93.437     6.8355   3.333732    32.9738       2447    10.1917  0.000e+00
     93.371     6.8354   3.333801    32.9747       2448    10.1958  0.000e+00
     93.305     6.8352   3.333776    32.9746       2449    10.2000  0.000e+00
     93.239     6.8354   3.333739    32.9741       2450    10.2042  0.000e+00
     93.166     6.8353   3.333708    32.9738       2451    10.2083  0.000e+00
     93.091     6.8354   3.333701    32.9738       2452    10.2125  0.000e+00
     93.016     6.8353   3.333732    32.9742       2453    10.2167  0.000e+00
     92.925     6.8352   3.333720    32.9742       2454    10.2208  0.000e+00
     92.832     6.8355   3.333683    32.9735       2455    10.2250  0.000e+00
     92.741     6.8354   3.333707    32.9739       2456    10.2292  0.000e+00
     92.639     6.8356   3.333720    32.9739       2457    10.2333  0.000e+00
     92.536     6.8357   3.333689    32.9735       2458    10.2375  0.000e+00
     92.419     6.8357   3.333701    32.9738       2459    10.2417  0.000e+00
     92.301     6.8358   3.333645    32.9731       2460    10.2458  0.000e+00
     92.181     6.8357   3.333131    32.9676       2461    10.2500  0.000e+00
     92.060     6.8353   3.332957    32.9661       2462    10.2542  0.000e+00
     91.931     6.8349   3.332926    32.9662       2463    10.2583  0.000e+00
     91.807     6.8349   3.332914    32.9662       2464    10.2625  0.000e+00
     91.692     6.8346   3.332883    32.9662       2465    10.2667  0.000e+00
     91.581     6.8346   3.332740    32.9647       2466    10.2708  0.000e+00
     91.487     6.8344   3.332641    32.9638       2467    10.2750  0.000e+00
     91.388     6.8342   3.332784    32.9656       2468    10.2792  0.000e+00
     91.301     6.8342   3.332722    32.9650       2469    10.2833  0.000e+00
     91.216     6.8341   3.332653    32.9644       2470    10.2875  0.000e+00
     91.138     6.8340   3.332616    32.9641       2471    10.2917  0.000e+00
