HB2302/sbe193.cnv
* Sea-Bird SBE 19plus V2 Data File:
* FileName = C:\cruise\data\sbe193.hex
* Software Version Seasave V 7.26.7.121
* Temperature SN = 4758
* Conductivity SN = 4758
* System UpLoad Time = Jun 27 2023 02:45:16
* NMEA Latitude = 40 58.90 N
* NMEA Longitude = 070 30.60 W
* NMEA UTC (Time) = Jun 27 2023 02:44:15
** Cruise: HB2302
** Program: Ecomon
** Chief Scientist: Jerry Prezioso
# nquan = 7
# nvalues = 1663                                  
# units = specified
# name 0 = depSM: Depth [salt water, m]
# name 1 = tv290C: Temperature [ITS-90, deg C]
# name 2 = c0S/m: Conductivity [S/m]
# name 3 = sal00: Salinity, Practical [PSU]
# name 4 = scan: Scan Count
# name 5 = timeM: Time, Elapsed [minutes]
# name 6 = flag:  0.000e+00
# span 0 =     -0.092,     41.708                 
# span 1 =    10.6834,    20.2063                 
# span 2 =   0.001090,   4.391809                 
# span 3 =     0.0132,    34.0294                 
# span 4 =         11,       1673                 
# span 5 =     0.0417,     6.9667                 
# span 6 = 0.0000e+00, 0.0000e+00                 
# interval = seconds: 0.25
# start_time = Jun 27 2023 02:44:15 [NMEA time, header]
# bad_flag = -9.990e-29
*END*
     -0.083    20.2063   0.001090     0.0132         11     0.0417  0.000e+00
     -0.080    20.2063   0.001102     0.0133         12     0.0458  0.000e+00
     -0.077    20.2062   0.001096     0.0133         13     0.0500  0.000e+00
     -0.080    20.2055   0.001096     0.0133         14     0.0542  0.000e+00
     -0.086    20.2055   0.001096     0.0133         15     0.0583  0.000e+00
     -0.080    20.2050   0.001111     0.0133         16     0.0625  0.000e+00
     -0.086    20.2049   0.001117     0.0133         17     0.0667  0.000e+00
     -0.083    20.2043   0.001117     0.0133         18     0.0708  0.000e+00
     -0.083    20.2043   0.001117     0.0133         19     0.0750  0.000e+00
     -0.083    20.2040   0.001111     0.0133         20     0.0792  0.000e+00
     -0.083    20.2038   0.001117     0.0133         21     0.0833  0.000e+00
     -0.092    20.2036   0.001123     0.0134         22     0.0875  0.000e+00
     -0.086    20.2029   0.001126     0.0134         23     0.0917  0.000e+00
     -0.080    20.2024   0.001123     0.0134         24     0.0958  0.000e+00
     -0.083    20.2027   0.001126     0.0134         25     0.1000  0.000e+00
     -0.083    20.2022   0.001129     0.0134         26     0.1042  0.000e+00
     -0.080    20.2021   0.001132     0.0134         27     0.1083  0.000e+00
     -0.080    20.2021   0.001129     0.0134         28     0.1125  0.000e+00
     -0.086    20.2016   0.001135     0.0134         29     0.1167  0.000e+00
     -0.080    20.2019   0.001138     0.0134         30     0.1208  0.000e+00
     -0.077    20.2017   0.001135     0.0134         31     0.1250  0.000e+00
     -0.083    20.2015   0.001141     0.0134         32     0.1292  0.000e+00
     -0.080    20.2014   0.001135     0.0134         33     0.1333  0.000e+00
     -0.083    20.2011   0.001141     0.0134         34     0.1375  0.000e+00
     -0.080    20.2010   0.001141     0.0134         35     0.1417  0.000e+00
     -0.080    20.2008   0.001141     0.0134         36     0.1458  0.000e+00
     -0.080    20.2006   0.001147     0.0135         37     0.1500  0.000e+00
     -0.083    20.2005   0.001141     0.0134         38     0.1542  0.000e+00
     -0.077    20.2003   0.001141     0.0134         39     0.1583  0.000e+00
     -0.077    20.2003   0.001147     0.0135         40     0.1625  0.000e+00
     -0.083    20.1998   0.001147     0.0135         41     0.1667  0.000e+00
     -0.077    20.2000   0.001153     0.0135         42     0.1708  0.000e+00
     -0.074    20.1994   0.001147     0.0135         43     0.1750  0.000e+00
     -0.080    20.1990   0.001153     0.0135         44     0.1792  0.000e+00
     -0.086    20.1993   0.001153     0.0135         45     0.1833  0.000e+00
     -0.080    20.1987   0.001147     0.0135         46     0.1875  0.000e+00
     -0.077    20.1986   0.001153     0.0135         47     0.1917  0.000e+00
     -0.080    20.1986   0.001159     0.0135         48     0.1958  0.000e+00
     -0.080    20.1984   0.001156     0.0135         49     0.2000  0.000e+00
     -0.077    20.1976   0.001153     0.0135         50     0.2042  0.000e+00
     -0.083    20.1978   0.001147     0.0135         51     0.2083  0.000e+00
     -0.083    20.1974   0.001141     0.0134         52     0.2125  0.000e+00
     -0.083    20.1969   0.001156     0.0135         53     0.2167  0.000e+00
     -0.080    20.1967   0.001159     0.0135         54     0.2208  0.000e+00
     -0.077    20.1966   0.001159     0.0135         55     0.2250  0.000e+00
     -0.083    20.1959   0.001156     0.0135         56     0.2292  0.000e+00
     -0.083    20.1963   0.001159     0.0135         57     0.2333  0.000e+00
     -0.083    20.1955   0.001153     0.0135         58     0.2375  0.000e+00
     -0.083    20.1955   0.001159     0.0135         59     0.2417  0.000e+00
     -0.083    20.1946   0.001162     0.0135         60     0.2458  0.000e+00
     -0.080    20.1951   0.001165     0.0135         61     0.2500  0.000e+00
     -0.089    20.1949   0.001159     0.0135         62     0.2542  0.000e+00
     -0.080    20.1943   0.001156     0.0135         63     0.2583  0.000e+00
     -0.086    20.1942   0.001153     0.0135         64     0.2625  0.000e+00
     -0.083    20.1944   0.001162     0.0135         65     0.2667  0.000e+00
     -0.080    20.1937   0.001165     0.0135         66     0.2708  0.000e+00
     -0.086    20.1934   0.001156     0.0135         67     0.2750  0.000e+00
     -0.083    20.1932   0.001159     0.0135         68     0.2792  0.000e+00
     -0.077    20.1930   0.001159     0.0135         69     0.2833  0.000e+00
     -0.083    20.1926   0.001162     0.0135         70     0.2875  0.000e+00
     -0.077    20.1927   0.001165     0.0135         71     0.2917  0.000e+00
     -0.077    20.1924   0.001153     0.0135         72     0.2958  0.000e+00
     -0.077    20.1922   0.001165     0.0135         73     0.3000  0.000e+00
     -0.077    20.1914   0.001153     0.0135         74     0.3042  0.000e+00
     -0.080    20.1914   0.001165     0.0135         75     0.3083  0.000e+00
     -0.080    20.1909   0.001153     0.0135         76     0.3125  0.000e+00
     -0.077    20.1907   0.001156     0.0135         77     0.3167  0.000e+00
     -0.080    20.1904   0.001153     0.0135         78     0.3208  0.000e+00
     -0.074    20.1899   0.001162     0.0135         79     0.3250  0.000e+00
     -0.080    20.1898   0.001153     0.0135         80     0.3292  0.000e+00
     -0.080    20.1897   0.001159     0.0135         81     0.3333  0.000e+00
     -0.080    20.1891   0.001156     0.0135         82     0.3375  0.000e+00
     -0.077    20.1892   0.001153     0.0135         83     0.3417  0.000e+00
     -0.086    20.1891   0.001156     0.0135         84     0.3458  0.000e+00
     -0.077    20.1885   0.001159     0.0135         85     0.3500  0.000e+00
     -0.080    20.1883   0.001156     0.0135         86     0.3542  0.000e+00
     -0.074    20.1882   0.001147     0.0135         87     0.3583  0.000e+00
     -0.074    20.1878   0.001147     0.0135         88     0.3625  0.000e+00
     -0.077    20.1879   0.001147     0.0135         89     0.3667  0.000e+00
     -0.077    20.1870   0.001153     0.0135         90     0.3708  0.000e+00
     -0.077    20.1872   0.001153     0.0135         91     0.3750  0.000e+00
     -0.074    20.1866   0.001153     0.0135         92     0.3792  0.000e+00
     -0.074    20.1865   0.001141     0.0134         93     0.3833  0.000e+00
     -0.080    20.1860   0.001153     0.0135         94     0.3875  0.000e+00
     -0.077    20.1855   0.001147     0.0135         95     0.3917  0.000e+00
     -0.077    20.1844   0.001153     0.0135         96     0.3958  0.000e+00
     -0.080    20.1838   0.001159     0.0135         97     0.4000  0.000e+00
     -0.083    20.1835   0.001147     0.0135         98     0.4042  0.000e+00
     -0.077    20.1828   0.001147     0.0135         99     0.4083  0.000e+00
     -0.077    20.1832   0.001147     0.0135        100     0.4125  0.000e+00
     -0.074    20.1828   0.001147     0.0135        101     0.4167  0.000e+00
     -0.080    20.1826   0.001147     0.0135        102     0.4208  0.000e+00
     -0.083    20.1827   0.001153     0.0135        103     0.4250  0.000e+00
     -0.080    20.1823   0.001147     0.0135        104     0.4292  0.000e+00
     -0.077    20.1824   0.001147     0.0135        105     0.4333  0.000e+00
     -0.080    20.1824   0.001141     0.0134        106     0.4375  0.000e+00
     -0.074    20.1816   0.001141     0.0134        107     0.4417  0.000e+00
     -0.074    20.1817   0.001141     0.0134        108     0.4458  0.000e+00
     -0.077    20.1815   0.001141     0.0134        109     0.4500  0.000e+00
     -0.080    20.1814   0.001141     0.0134        110     0.4542  0.000e+00
     -0.077    20.1809   0.001141     0.0134        111     0.4583  0.000e+00
     -0.077    20.1808   0.001138     0.0134        112     0.4625  0.000e+00
     -0.074    20.1801   0.001141     0.0134        113     0.4667  0.000e+00
     -0.071    20.1799   0.001147     0.0135        114     0.4708  0.000e+00
     -0.080    20.1799   0.001147     0.0135        115     0.4750  0.000e+00
     -0.074    20.1794   0.001141     0.0134        116     0.4792  0.000e+00
     -0.074    20.1791   0.001138     0.0134        117     0.4833  0.000e+00
     -0.074    20.1790   0.001129     0.0134        118     0.4875  0.000e+00
     -0.073    20.1784   0.001132     0.0134        119     0.4917  0.000e+00
     -0.077    20.1785   0.001129     0.0134        120     0.4958  0.000e+00
     -0.080    20.1782   0.001138     0.0134        121     0.5000  0.000e+00
     -0.080    20.1781   0.001135     0.0134        122     0.5042  0.000e+00
     -0.080    20.1773   0.001135     0.0134        123     0.5083  0.000e+00
     -0.076    20.1771   0.001132     0.0134        124     0.5125  0.000e+00
     -0.080    20.1770   0.001129     0.0134        125     0.5167  0.000e+00
     -0.080    20.1764   0.001120     0.0134        126     0.5208  0.000e+00
     -0.073    20.1765   0.001123     0.0134        127     0.5250  0.000e+00
     -0.070    20.1761   0.001129     0.0134        128     0.5292  0.000e+00
     -0.076    20.1761   0.001132     0.0134        129     0.5333  0.000e+00
     -0.076    20.1754   0.001129     0.0134        130     0.5375  0.000e+00
     -0.076    20.1751   0.001126     0.0134        131     0.5417  0.000e+00
     -0.070    20.1745   0.001123     0.0134        132     0.5458  0.000e+00
     -0.070    20.1748   0.001120     0.0134        133     0.5500  0.000e+00
     -0.080    20.1744   0.001123     0.0134        134     0.5542  0.000e+00
     -0.074    20.1739   0.001123     0.0134        135     0.5583  0.000e+00
     -0.076    20.1734   0.001132     0.0134        136     0.5625  0.000e+00
     -0.080    20.1730   0.001123     0.0134        137     0.5667  0.000e+00
     -0.080    20.1729   0.001120     0.0134        138     0.5708  0.000e+00
     -0.076    20.1725   0.001117     0.0133        139     0.5750  0.000e+00
     -0.079    20.1722   0.001117     0.0133        140     0.5792  0.000e+00
     -0.076    20.1721   0.001123     0.0134        141     0.5833  0.000e+00
     -0.079    20.1717   0.001129     0.0134        142     0.5875  0.000e+00
     -0.079    20.1712   0.001120     0.0134        143     0.5917  0.000e+00
     -0.073    20.1713   0.001123     0.0134        144     0.5958  0.000e+00
     -0.082    20.1708   0.001126     0.0134        145     0.6000  0.000e+00
     -0.079    20.1707   0.001123     0.0134        146     0.6042  0.000e+00
     -0.076    20.1702   0.001126     0.0134        147     0.6083  0.000e+00
     -0.076    20.1697   0.001123     0.0134        148     0.6125  0.000e+00
     -0.079    20.1693   0.001117     0.0133        149     0.6167  0.000e+00
     -0.079    20.1691   0.001120     0.0133        150     0.6208  0.000e+00
     -0.079    20.1686   0.001129     0.0134        151     0.6250  0.000e+00
     -0.076    20.1686   0.001126     0.0134        152     0.6292  0.000e+00
     -0.073    20.1682   0.001117     0.0133        153     0.6333  0.000e+00
     -0.076    20.1679   0.001120     0.0133        154     0.6375  0.000e+00
     -0.073    20.1672   0.001117     0.0133        155     0.6417  0.000e+00
     -0.082    20.1670   0.001111     0.0133        156     0.6458  0.000e+00
     -0.082    20.1670   0.001120     0.0133        157     0.6500  0.000e+00
     -0.082    20.1665   0.001123     0.0134        158     0.6542  0.000e+00
     -0.076    20.1658   0.001120     0.0133        159     0.6583  0.000e+00
     -0.073    20.1658   0.001123     0.0134        160     0.6625  0.000e+00
     -0.076    20.1649   0.001120     0.0133        161     0.6667  0.000e+00
     -0.076    20.1653   0.001117     0.0133        162     0.6708  0.000e+00
     -0.079    20.1646   0.001108     0.0133        163     0.6750  0.000e+00
     -0.076    20.1642   0.001120     0.0133        164     0.6792  0.000e+00
     -0.079    20.1636   0.001117     0.0133        165     0.6833  0.000e+00
     -0.073    20.1637   0.001117     0.0133        166     0.6875  0.000e+00
     -0.073    20.1636   0.001117     0.0133        167     0.6917  0.000e+00
     -0.079    20.1631   0.001120     0.0133        168     0.6958  0.000e+00
     -0.076    20.1625   0.001123     0.0134        169     0.7000  0.000e+00
     -0.076    20.1623   0.001111     0.0133        170     0.7042  0.000e+00
     -0.079    20.1617   0.001120     0.0133        171     0.7083  0.000e+00
     -0.076    20.1609   0.001111     0.0133        172     0.7125  0.000e+00
     -0.076    20.1607   0.001117     0.0133        173     0.7167  0.000e+00
     -0.070    20.1600   0.001111     0.0133        174     0.7208  0.000e+00
     -0.073    20.1598   0.001111     0.0133        175     0.7250  0.000e+00
     -0.079    20.1594   0.001117     0.0133        176     0.7292  0.000e+00
     -0.079    20.1590   0.001117     0.0133        177     0.7333  0.000e+00
     -0.073    20.1585   0.001111     0.0133        178     0.7375  0.000e+00
     -0.073    20.1579   0.001111     0.0133        179     0.7417  0.000e+00
     -0.076    20.1578   0.001117     0.0133        180     0.7458  0.000e+00
     -0.076    20.1576   0.001111     0.0133        181     0.7500  0.000e+00
     -0.076    20.1568   0.001111     0.0133        182     0.7542  0.000e+00
     -0.082    20.1568   0.001117     0.0133        183     0.7583  0.000e+00
     -0.079    20.1564   0.001117     0.0133        184     0.7625  0.000e+00
     -0.076    20.1558   0.001120     0.0133        185     0.7667  0.000e+00
     -0.079    20.1557   0.001111     0.0133        186     0.7708  0.000e+00
     -0.079    20.1556   0.001111     0.0133        187     0.7750  0.000e+00
     -0.076    20.1549   0.001117     0.0133        188     0.7792  0.000e+00
     -0.073    20.1547   0.001111     0.0133        189     0.7833  0.000e+00
     -0.080    20.1545   0.001117     0.0133        190     0.7875  0.000e+00
     -0.076    20.1542   0.001117     0.0133        191     0.7917  0.000e+00
     -0.076    20.1539   0.001117     0.0133        192     0.7958  0.000e+00
     -0.073    20.1535   0.001108     0.0133        193     0.8000  0.000e+00
     -0.073    20.1533   0.001111     0.0133        194     0.8042  0.000e+00
     -0.073    20.1529   0.001117     0.0133        195     0.8083  0.000e+00
     -0.076    20.1524   0.001117     0.0133        196     0.8125  0.000e+00
     -0.080    20.1524   0.001111     0.0133        197     0.8167  0.000e+00
     -0.073    20.1514   0.001111     0.0133        198     0.8208  0.000e+00
     -0.073    20.1512   0.001117     0.0133        199     0.8250  0.000e+00
     -0.074    20.1510   0.001111     0.0133        200     0.8292  0.000e+00
     -0.080    20.1507   0.001117     0.0133        201     0.8333  0.000e+00
     -0.083    20.1502   0.001117     0.0133        202     0.8375  0.000e+00
     -0.079    20.1498   0.001117     0.0133        203     0.8417  0.000e+00
     -0.076    20.1493   0.001117     0.0133        204     0.8458  0.000e+00
     -0.073    20.1488   0.001111     0.0133        205     0.8500  0.000e+00
     -0.073    20.1488   0.001120     0.0133        206     0.8542  0.000e+00
     -0.082    20.1480   0.001111     0.0133        207     0.8583  0.000e+00
     -0.073    20.1480   0.001117     0.0133        208     0.8625  0.000e+00
     -0.079    20.1474   0.001117     0.0133        209     0.8667  0.000e+00
     -0.079    20.1472   0.001117     0.0133        210     0.8708  0.000e+00
     -0.076    20.1463   0.001120     0.0133        211     0.8750  0.000e+00
     -0.076    20.1458   0.001123     0.0134        212     0.8792  0.000e+00
     -0.079    20.1457   0.001120     0.0133        213     0.8833  0.000e+00
     -0.076    20.1454   0.001123     0.0134        214     0.8875  0.000e+00
     -0.076    20.1450   0.001123     0.0134        215     0.8917  0.000e+00
