HB2302/sbe175.cnv
* Sea-Bird SBE 19plus V2 Data File:
* FileName = C:\cruise\data\sbe175.hex
* Software Version Seasave V 7.26.7.121
* Temperature SN = 4758
* Conductivity SN = 4758
* System UpLoad Time = Jun 24 2023 20:42:58
* NMEA Latitude = 40 38.89 N
* NMEA Longitude = 068 58.40 W
* NMEA UTC (Time) = Jun 24 2023 20:42:57
** Cruise: HB2302
** Program: Ecomon
** Chief Scientist: Jerry Prezioso
# nquan = 7
# nvalues = 1387                                  
# units = specified
# name 0 = depSM: Depth [salt water, m]
# name 1 = tv290C: Temperature [ITS-90, deg C]
# name 2 = c0S/m: Conductivity [S/m]
# name 3 = sal00: Salinity, Practical [PSU]
# name 4 = scan: Scan Count
# name 5 = timeM: Time, Elapsed [minutes]
# name 6 = flag:  0.000e+00
# span 0 =     -0.085,     65.943                 
# span 1 =    10.5184,    18.4217                 
# span 2 =   0.014247,   4.423256                 
# span 3 =     0.0796,    34.3022                 
# span 4 =         11,       1397                 
# span 5 =     0.0417,     5.8167                 
# span 6 = 0.0000e+00, 0.0000e+00                 
# interval = seconds: 0.25
# start_time = Jun 24 2023 20:42:57 [NMEA time, header]
# bad_flag = -9.990e-29
*END*
[from data line 616]
     62.534    10.5294   3.652556    32.8917        627     2.6083  0.000e+00
     62.414    10.5293   3.652537    32.8916        628     2.6125  0.000e+00
     62.284    10.5292   3.652549    32.8919        629     2.6167  0.000e+00
     62.142    10.5290   3.652537    32.8919        630     2.6208  0.000e+00
     61.988    10.5292   3.652466    32.8911        631     2.6250  0.000e+00
     61.843    10.5290   3.652549    32.8922        632     2.6292  0.000e+00
     61.701    10.5290   3.652626    32.8931        633     2.6333  0.000e+00
     61.568    10.5296   3.652536    32.8917        634     2.6375  0.000e+00
     61.460    10.5297   3.652401    32.8903        635     2.6417  0.000e+00
     61.360    10.5289   3.652048    32.8875        636     2.6458  0.000e+00
     61.291    10.5268   3.651900    32.8879        637     2.6500  0.000e+00
     61.230    10.5247   3.651765    32.8885        638     2.6542  0.000e+00
     61.197    10.5229   3.651875    32.8913        639     2.6583  0.000e+00
     61.164    10.5225   3.651971    32.8926        640     2.6625  0.000e+00
     61.155    10.5227   3.652016    32.8929        641     2.6667  0.000e+00
     61.143    10.5232   3.652125    32.8935        642     2.6708  0.000e+00
     61.131    10.5240   3.651984    32.8914        643     2.6750  0.000e+00
     61.107    10.5241   3.651971    32.8912        644     2.6792  0.000e+00
     61.074    10.5239   3.652151    32.8932        645     2.6833  0.000e+00
     61.035    10.5245   3.652157    32.8927        646     2.6875  0.000e+00
     60.968    10.5249   3.652106    32.8919        647     2.6917  0.000e+00
     60.881    10.5251   3.652080    32.8915        648     2.6958  0.000e+00
     60.787    10.5249   3.652106    32.8920        649     2.7000  0.000e+00
     60.663    10.5249   3.652285    32.8938        650     2.7042  0.000e+00
     60.534    10.5256   3.652240    32.8928        651     2.7083  0.000e+00
     60.392    10.5262   3.652215    32.8920        652     2.7125  0.000e+00
     60.244    10.5263   3.652215    32.8920        653     2.7167  0.000e+00
     60.096    10.5266   3.652285    32.8925        654     2.7208  0.000e+00
     59.957    10.5267   3.652215    32.8917        655     2.7250  0.000e+00
     59.827    10.5267   3.652125    32.8909        656     2.7292  0.000e+00
     59.710    10.5262   3.651900    32.8892        657     2.7333  0.000e+00
     59.604    10.5250   3.651855    32.8898        658     2.7375  0.000e+00
     59.513    10.5239   3.651970    32.8920        659     2.7417  0.000e+00
     59.429    10.5239   3.652105    32.8934        660     2.7458  0.000e+00
     59.363    10.5245   3.652047    32.8923        661     2.7500  0.000e+00
     59.308    10.5247   3.652034    32.8921        662     2.7542  0.000e+00
     59.263    10.5249   3.651970    32.8912        663     2.7583  0.000e+00
     59.230    10.5245   3.651900    32.8909        664     2.7625  0.000e+00
     59.191    10.5241   3.651739    32.8896        665     2.7667  0.000e+00
     59.151    10.5233   3.651765    32.8907        666     2.7708  0.000e+00
     59.118    10.5226   3.651784    32.8915        667     2.7750  0.000e+00
     59.064    10.5223   3.651771    32.8916        668     2.7792  0.000e+00
     58.992    10.5223   3.651810    32.8921        669     2.7833  0.000e+00
     58.913    10.5223   3.651784    32.8918        670     2.7875  0.000e+00
     58.813    10.5224   3.651835    32.8923        671     2.7917  0.000e+00
     58.693    10.5228   3.651899    32.8927        672     2.7958  0.000e+00
     58.569    10.5233   3.651899    32.8923        673     2.8000  0.000e+00
     58.439    10.5236   3.651970    32.8928        674     2.8042  0.000e+00
     58.291    10.5237   3.651963    32.8926        675     2.8083  0.000e+00
     58.156    10.5245   3.652060    32.8929        676     2.8125  0.000e+00
     58.008    10.5251   3.652214    32.8941        677     2.8167  0.000e+00
     57.875    10.5260   3.652284    32.8940        678     2.8208  0.000e+00
     57.745    10.5271   3.652259    32.8928        679     2.8250  0.000e+00
     57.639    10.5276   3.652239    32.8922        680     2.8292  0.000e+00
     57.546    10.5278   3.652259    32.8922        681     2.8333  0.000e+00
     57.464    10.5279   3.652284    32.8925        682     2.8375  0.000e+00
     57.416    10.5282   3.652239    32.8917        683     2.8417  0.000e+00
     57.377    10.5286   3.652310    32.8922        684     2.8458  0.000e+00
     57.341    10.5287   3.652220    32.8912        685     2.8500  0.000e+00
     57.329    10.5285   3.652059    32.8897        686     2.8542  0.000e+00
     57.326    10.5275   3.651944    32.8894        687     2.8583  0.000e+00
     57.332    10.5265   3.652124    32.8921        688     2.8625  0.000e+00
     57.329    10.5264   3.652349    32.8945        689     2.8667  0.000e+00
     57.326    10.5276   3.652124    32.8912        690     2.8708  0.000e+00
     57.311    10.5276   3.652194    32.8919        691     2.8750  0.000e+00
     57.278    10.5275   3.652047    32.8905        692     2.8792  0.000e+00
     57.236    10.5270   3.652214    32.8927        693     2.8833  0.000e+00
     57.172    10.5271   3.652355    32.8940        694     2.8875  0.000e+00
     57.094    10.5283   3.652258    32.8920        695     2.8917  0.000e+00
     56.988    10.5284   3.652284    32.8923        696     2.8958  0.000e+00
     56.858    10.5285   3.652194    32.8913        697     2.9000  0.000e+00
     56.716    10.5284   3.652284    32.8924        698     2.9042  0.000e+00
     56.544    10.5284   3.652245    32.8921        699     2.9083  0.000e+00
     56.366    10.5286   3.652194    32.8915        700     2.9125  0.000e+00
     56.194    10.5284   3.652149    32.8912        701     2.9167  0.000e+00
     56.004    10.5281   3.651943    32.8895        702     2.9208  0.000e+00
     55.832    10.5270   3.652008    32.8912        703     2.9250  0.000e+00
     55.666    10.5267   3.652059    32.8921        704     2.9292  0.000e+00
     55.515    10.5267   3.652123    32.8927        705     2.9333  0.000e+00
     55.394    10.5269   3.652155    32.8929        706     2.9375  0.000e+00
     55.292    10.5274   3.652123    32.8922        707     2.9417  0.000e+00
     55.210    10.5277   3.652033    32.8911        708     2.9458  0.000e+00
     55.165    10.5275   3.651988    32.8909        709     2.9500  0.000e+00
     55.129    10.5270   3.652046    32.8919        710     2.9542  0.000e+00
     55.120    10.5271   3.652078    32.8922        711     2.9583  0.000e+00
     55.117    10.5271   3.652033    32.8917        712     2.9625  0.000e+00
     55.123    10.5271   3.652027    32.8916        713     2.9667  0.000e+00
     55.126    10.5269   3.652033    32.8918        714     2.9708  0.000e+00
     55.129    10.5268   3.652014    32.8918        715     2.9750  0.000e+00
     55.129    10.5270   3.651988    32.8913        716     2.9792  0.000e+00
     55.111    10.5269   3.652007    32.8916        717     2.9833  0.000e+00
     55.084    10.5267   3.651988    32.8916        718     2.9875  0.000e+00
     55.033    10.5267   3.652014    32.8919        719     2.9917  0.000e+00
     54.973    10.5266   3.652033    32.8922        720     2.9958  0.000e+00
     54.897    10.5268   3.652309    32.8948        721     3.0000  0.000e+00
     54.804    10.5280   3.652354    32.8942        722     3.0042  0.000e+00
     54.698    10.5295   3.652463    32.8940        723     3.0083  0.000e+00
     54.574    10.5304   3.652392    32.8925        724     3.0125  0.000e+00
     54.442    10.5310   3.652309    32.8913        725     3.0167  0.000e+00
     54.306    10.5309   3.652579    32.8941        726     3.0208  0.000e+00
     54.170    10.5318   3.652649    32.8940        727     3.0250  0.000e+00
     54.028    10.5326   3.652585    32.8927        728     3.0292  0.000e+00
     53.886    10.5334   3.652553    32.8917        729     3.0333  0.000e+00
     53.753    10.5332   3.652122    32.8877        730     3.0375  0.000e+00
     53.618    10.5317   3.652045    32.8883        731     3.0417  0.000e+00
     53.494    10.5300   3.651808    32.8875        732     3.0458  0.000e+00
     53.376    10.5282   3.652077    32.8919        733     3.0500  0.000e+00
     53.268    10.5280   3.652103    32.8924        734     3.0542  0.000e+00
     53.165    10.5282   3.652071    32.8920        735     3.0583  0.000e+00
     53.074    10.5282   3.651852    32.8898        736     3.0625  0.000e+00
     52.993    10.5275   3.652032    32.8923        737     3.0667  0.000e+00
     52.915    10.5277   3.652437    32.8962        738     3.0708  0.000e+00
     52.848    10.5290   3.652013    32.8908        739     3.0750  0.000e+00
     52.800    10.5292   3.651897    32.8894        740     3.0792  0.000e+00
     52.752    10.5281   3.651602    32.8875        741     3.0833  0.000e+00
     52.712    10.5262   3.651531    32.8885        742     3.0875  0.000e+00
     52.682    10.5246   3.651602    32.8907        743     3.0917  0.000e+00
     52.664    10.5238   3.651602    32.8914        744     3.0958  0.000e+00
     52.637    10.5236   3.651570    32.8913        745     3.1000  0.000e+00
     52.616    10.5235   3.651512    32.8908        746     3.1042  0.000e+00
     52.595    10.5232   3.651486    32.8908        747     3.1083  0.000e+00
     52.562    10.5229   3.651441    32.8907        748     3.1125  0.000e+00
     52.535    10.5225   3.651441    32.8911        749     3.1167  0.000e+00
     52.483    10.5223   3.651441    32.8913        750     3.1208  0.000e+00
     52.426    10.5221   3.651467    32.8917        751     3.1250  0.000e+00
     52.342    10.5219   3.651441    32.8916        752     3.1292  0.000e+00
     52.242    10.5221   3.651486    32.8920        753     3.1333  0.000e+00
     52.121    10.5223   3.651557    32.8926        754     3.1375  0.000e+00
     51.974    10.5227   3.651762    32.8944        755     3.1417  0.000e+00
     51.820    10.5239   3.652045    32.8961        756     3.1458  0.000e+00
     51.648    10.5261   3.652102    32.8948        757     3.1500  0.000e+00
     51.485    10.5278   3.651852    32.8908        758     3.1542  0.000e+00
     51.313    10.5273   3.651396    32.8867        759     3.1583  0.000e+00
     51.159    10.5251   3.651351    32.8884        760     3.1625  0.000e+00
     51.014    10.5234   3.651351    32.8900        761     3.1667  0.000e+00
     50.881    10.5225   3.651396    32.8913        762     3.1708  0.000e+00
     50.766    10.5223   3.651331    32.8909        763     3.1750  0.000e+00
     50.673    10.5219   3.651395    32.8919        764     3.1792  0.000e+00
     50.585    10.5219   3.651395    32.8919        765     3.1833  0.000e+00
     50.513    10.5222   3.651395    32.8917        766     3.1875  0.000e+00
     50.471    10.5225   3.651466    32.8922        767     3.1917  0.000e+00
     50.428    10.5227   3.651440    32.8917        768     3.1958  0.000e+00
     50.401    10.5229   3.651646    32.8936        769     3.2000  0.000e+00
     50.371    10.5237   3.651723    32.8938        770     3.2042  0.000e+00
     50.347    10.5247   3.651627    32.8919        771     3.2083  0.000e+00
     50.317    10.5250   3.651511    32.8904        772     3.2125  0.000e+00
     50.284    10.5245   3.651781    32.8936        773     3.2167  0.000e+00
     50.227    10.5251   3.651633    32.8916        774     3.2208  0.000e+00
     50.163    10.5252   3.651511    32.8903        775     3.2250  0.000e+00
     50.085    10.5245   3.651241    32.8883        776     3.2292  0.000e+00
     49.985    10.5232   3.651228    32.8894        777     3.2333  0.000e+00
     49.883    10.5221   3.651305    32.8912        778     3.2375  0.000e+00
     49.777    10.5217   3.651581    32.8943        779     3.2417  0.000e+00
     49.659    10.5229   3.651556    32.8931        780     3.2458  0.000e+00
     49.542    10.5239   3.651504    32.8917        781     3.2500  0.000e+00
     49.415    10.5242   3.651825    32.8947        782     3.2542  0.000e+00
     49.294    10.5253   3.651645    32.8919        783     3.2583  0.000e+00
     49.170    10.5257   3.651157    32.8867        784     3.2625  0.000e+00
     49.038    10.5237   3.651099    32.8881        785     3.2667  0.000e+00
     48.920    10.5219   3.651395    32.8927        786     3.2708  0.000e+00
     48.799    10.5221   3.651421    32.8929        787     3.2750  0.000e+00
     48.697    10.5227   3.651677    32.8949        788     3.2792  0.000e+00
     48.600    10.5245   3.651671    32.8933        789     3.2833  0.000e+00
     48.507    10.5256   3.651626    32.8918        790     3.2875  0.000e+00
     48.425    10.5258   3.651568    32.8911        791     3.2917  0.000e+00
     48.356    10.5258   3.651510    32.8906        792     3.2958  0.000e+00
     48.293    10.5254   3.651440    32.8903        793     3.3000  0.000e+00
     48.226    10.5250   3.651671    32.8930        794     3.3042  0.000e+00
     48.166    10.5254   3.651703    32.8929        795     3.3083  0.000e+00
     48.099    10.5262   3.651716    32.8924        796     3.3125  0.000e+00
     48.033    10.5267   3.651870    32.8935        797     3.3167  0.000e+00
     47.958    10.5276   3.651915    32.8932        798     3.3208  0.000e+00
     47.891    10.5286   3.651895    32.8922        799     3.3250  0.000e+00
     47.813    10.5289   3.651966    32.8926        800     3.3292  0.000e+00
     47.722    10.5294   3.651966    32.8922        801     3.3333  0.000e+00
     47.632    10.5296   3.651960    32.8920        802     3.3375  0.000e+00
     47.541    10.5299   3.651940    32.8916        803     3.3417  0.000e+00
     47.451    10.5300   3.651921    32.8913        804     3.3458  0.000e+00
     47.360    10.5299   3.651895    32.8912        805     3.3500  0.000e+00
     47.273    10.5296   3.651850    32.8910        806     3.3542  0.000e+00
     47.185    10.5294   3.651895    32.8917        807     3.3583  0.000e+00
     47.101    10.5294   3.651985    32.8926        808     3.3625  0.000e+00
     47.004    10.5301   3.652069    32.8929        809     3.3667  0.000e+00
     46.905    10.5308   3.652011    32.8918        810     3.3708  0.000e+00
     46.802    10.5312   3.651966    32.8910        811     3.3750  0.000e+00
     46.691    10.5309   3.652043    32.8921        812     3.3792  0.000e+00
     46.579    10.5313   3.652056    32.8919        813     3.3833  0.000e+00
     46.455    10.5317   3.651985    32.8909        814     3.3875  0.000e+00
     46.322    10.5316   3.652056    32.8917        815     3.3917  0.000e+00
     46.199    10.5316   3.652088    32.8921        816     3.3958  0.000e+00
     46.063    10.5319   3.652100    32.8920        817     3.4000  0.000e+00
     45.933    10.5324   3.652210    32.8927        818     3.4042  0.000e+00
     45.815    10.5332   3.652120    32.8911        819     3.4083  0.000e+00
     45.710    10.5333   3.652042    32.8903        820     3.4125  0.000e+00
     45.607    10.5330   3.652145    32.8917        821     3.4167  0.000e+00
     45.523    10.5328   3.652164    32.8920        822     3.4208  0.000e+00
     45.438    10.5333   3.652216    32.8922        823     3.4250  0.000e+00
     45.366    10.5336   3.652370    32.8934        824     3.4292  0.000e+00
     45.315    10.5346   3.652325    32.8922        825     3.4333  0.000e+00
     45.257    10.5352   3.652164    32.8900        826     3.4375  0.000e+00
     45.215    10.5348   3.652196    32.8907        827     3.4417  0.000e+00
     45.167    10.5346   3.652164    32.8906        828     3.4458  0.000e+00
     45.113    10.5342   3.652235    32.8916        829     3.4500  0.000e+00
     45.070    10.5342   3.652151    32.8908        830     3.4542  0.000e+00
