HB2302/sbe168.cnv
* Sea-Bird SBE 19plus V2 Data File:
* FileName = C:\cruise\data\sbe168.hex
* Software Version Seasave V 7.26.7.121
* Temperature SN = 4758
* Conductivity SN = 4758
* System UpLoad Time = Jun 23 2023 22:32:36
* NMEA Latitude = 40 48.53 N
* NMEA Longitude = 068 31.29 W
* NMEA UTC (Time) = Jun 23 2023 22:32:35
** Cruise: HB2302
** Program: Ecomon
** Chief Scientist: Jerry Prezioso
# nquan = 7
# nvalues = 1395                                  
# units = specified
# name 0 = depSM: Depth [salt water, m]
# name 1 = tv290C: Temperature [ITS-90, deg C]
# name 2 = c0S/m: Conductivity [S/m]
# name 3 = sal00: Salinity, Practical [PSU]
# name 4 = scan: Scan Count
# name 5 = timeM: Time, Elapsed [minutes]
# name 6 = flag:  0.000e+00
# span 0 =     -0.066,     46.636                 
# span 1 =    12.8041,    16.9865                 
# span 2 =   0.000656,   4.101388                 
# span 3 =     0.0105,    33.1263                 
# span 4 =         11,       1405                 
# span 5 =     0.0417,     5.8500                 
# span 6 = 0.0000e+00, 0.0000e+00                 
# interval = seconds: 0.25
# start_time = Jun 23 2023 22:32:35 [NMEA time, header]
# bad_flag = -9.990e-29
*END*
[from data line 616]
     38.120    12.8051   3.858358    32.8917        627     2.6083  0.000e+00
     38.008    12.8054   3.858325    32.8912        628     2.6125  0.000e+00
     37.897    12.8053   3.858279    32.8909        629     2.6167  0.000e+00
     37.773    12.8054   3.858325    32.8913        630     2.6208  0.000e+00
     37.652    12.8055   3.858456    32.8925        631     2.6250  0.000e+00
     37.541    12.8059   3.858417    32.8918        632     2.6292  0.000e+00
     37.432    12.8060   3.858417    32.8918        633     2.6333  0.000e+00
     37.326    12.8058   3.858371    32.8916        634     2.6375  0.000e+00
     37.227    12.8059   3.858357    32.8914        635     2.6417  0.000e+00
     37.133    12.8059   3.858344    32.8913        636     2.6458  0.000e+00
     37.046    12.8056   3.858298    32.8911        637     2.6500  0.000e+00
     36.964    12.8056   3.858390    32.8920        638     2.6542  0.000e+00
     36.883    12.8056   3.858298    32.8912        639     2.6583  0.000e+00
     36.795    12.8056   3.858265    32.8910        640     2.6625  0.000e+00
     36.714    12.8051   3.858232    32.8911        641     2.6667  0.000e+00
     36.626    12.8047   3.858252    32.8917        642     2.6708  0.000e+00
     36.527    12.8043   3.858206    32.8916        643     2.6750  0.000e+00
     36.430    12.8041   3.858193    32.8917        644     2.6792  0.000e+00
     36.333    12.8042   3.858206    32.8918        645     2.6833  0.000e+00
     36.234    12.8043   3.858186    32.8915        646     2.6875  0.000e+00
     36.140    12.8044   3.858160    32.8912        647     2.6917  0.000e+00
     36.026    12.8045   3.858167    32.8913        648     2.6958  0.000e+00
     35.926    12.8044   3.858160    32.8913        649     2.7000  0.000e+00
     35.829    12.8042   3.858140    32.8914        650     2.7042  0.000e+00
     35.754    12.8044   3.858068    32.8905        651     2.7083  0.000e+00
     35.682    12.8045   3.858068    32.8905        652     2.7125  0.000e+00
     35.621    12.8049   3.858068    32.8901        653     2.7167  0.000e+00
     35.564    12.8049   3.858068    32.8902        654     2.7208  0.000e+00
     35.516    12.8051   3.858068    32.8900        655     2.7250  0.000e+00
     35.461    12.8050   3.858048    32.8900        656     2.7292  0.000e+00
     35.413    12.8049   3.858068    32.8902        657     2.7333  0.000e+00
     35.362    12.8050   3.858094    32.8904        658     2.7375  0.000e+00
     35.292    12.8052   3.858068    32.8900        659     2.7417  0.000e+00
     35.229    12.8052   3.858140    32.8907        660     2.7458  0.000e+00
     35.154    12.8049   3.858120    32.8909        661     2.7500  0.000e+00
     35.051    12.8047   3.858094    32.8908        662     2.7542  0.000e+00
     34.942    12.8044   3.858094    32.8911        663     2.7583  0.000e+00
     34.828    12.8042   3.858068    32.8911        664     2.7625  0.000e+00
     34.698    12.8041   3.858068    32.8912        665     2.7667  0.000e+00
     34.583    12.8041   3.858048    32.8911        666     2.7708  0.000e+00
     34.472    12.8041   3.858048    32.8912        667     2.7750  0.000e+00
     34.363    12.8041   3.857975    32.8905        668     2.7792  0.000e+00
     34.260    12.8047   3.858002    32.8903        669     2.7833  0.000e+00
     34.188    12.8056   3.857995    32.8895        670     2.7875  0.000e+00
     34.106    12.8063   3.858021    32.8891        671     2.7917  0.000e+00
     34.031    12.8066   3.858002    32.8887        672     2.7958  0.000e+00
     33.980    12.8064   3.858002    32.8889        673     2.8000  0.000e+00
     33.913    12.8062   3.857995    32.8890        674     2.8042  0.000e+00
     33.871    12.8060   3.857975    32.8890        675     2.8083  0.000e+00
     33.823    12.8056   3.857956    32.8892        676     2.8125  0.000e+00
     33.777    12.8055   3.858021    32.8900        677     2.8167  0.000e+00
     33.711    12.8052   3.858021    32.8902        678     2.8208  0.000e+00
     33.651    12.8049   3.858021    32.8906        679     2.8250  0.000e+00
     33.584    12.8044   3.858021    32.8910        680     2.8292  0.000e+00
     33.518    12.8041   3.858001    32.8911        681     2.8333  0.000e+00
     33.436    12.8049   3.857955    32.8900        682     2.8375  0.000e+00
     33.358    12.8054   3.857923    32.8893        683     2.8417  0.000e+00
     33.283    12.8060   3.858001    32.8895        684     2.8458  0.000e+00
     33.192    12.8062   3.858093    32.8903        685     2.8500  0.000e+00
     33.111    12.8062   3.858093    32.8903        686     2.8542  0.000e+00
     33.035    12.8063   3.858041    32.8898        687     2.8583  0.000e+00
     32.954    12.8063   3.858067    32.8900        688     2.8625  0.000e+00
     32.875    12.8064   3.858021    32.8895        689     2.8667  0.000e+00
     32.797    12.8065   3.857955    32.8889        690     2.8708  0.000e+00
     32.718    12.8064   3.857896    32.8884        691     2.8750  0.000e+00
     32.646    12.8061   3.857883    32.8886        692     2.8792  0.000e+00
     32.598    12.8059   3.857883    32.8887        693     2.8833  0.000e+00
     32.531    12.8060   3.857929    32.8891        694     2.8875  0.000e+00
     32.474    12.8056   3.857909    32.8893        695     2.8917  0.000e+00
     32.432    12.8055   3.857876    32.8891        696     2.8958  0.000e+00
     32.380    12.8059   3.857883    32.8889        697     2.9000  0.000e+00
     32.335    12.8062   3.857863    32.8884        698     2.9042  0.000e+00
     32.287    12.8061   3.857837    32.8883        699     2.9083  0.000e+00
     32.239    12.8063   3.857850    32.8883        700     2.9125  0.000e+00
     32.187    12.8061   3.857863    32.8885        701     2.9167  0.000e+00
     32.133    12.8062   3.857863    32.8885        702     2.9208  0.000e+00
     32.076    12.8060   3.857883    32.8889        703     2.9250  0.000e+00
     32.015    12.8058   3.857896    32.8892        704     2.9292  0.000e+00
     31.952    12.8054   3.857863    32.8893        705     2.9333  0.000e+00
     31.877    12.8051   3.857883    32.8897        706     2.9375  0.000e+00
     31.819    12.8051   3.857909    32.8900        707     2.9417  0.000e+00
     31.744    12.8052   3.857994    32.8908        708     2.9458  0.000e+00
     31.674    12.8054   3.858158    32.8922        709     2.9500  0.000e+00
     31.593    12.8057   3.858276    32.8931        710     2.9542  0.000e+00
     31.518    12.8061   3.858250    32.8926        711     2.9583  0.000e+00
     31.454    12.8060   3.858250    32.8926        712     2.9625  0.000e+00
     31.394    12.8062   3.858119    32.8912        713     2.9667  0.000e+00
     31.337    12.8062   3.857928    32.8894        714     2.9708  0.000e+00
     31.270    12.8061   3.857863    32.8890        715     2.9750  0.000e+00
     31.210    12.8057   3.857955    32.8902        716     2.9792  0.000e+00
     31.143    12.8059   3.857895    32.8895        717     2.9833  0.000e+00
     31.083    12.8064   3.857836    32.8885        718     2.9875  0.000e+00
     31.029    12.8067   3.857817    32.8881        719     2.9917  0.000e+00
     30.965    12.8070   3.857790    32.8876        720     2.9958  0.000e+00
     30.908    12.8068   3.857777    32.8877        721     3.0000  0.000e+00
     30.836    12.8069   3.857744    32.8873        722     3.0042  0.000e+00
     30.772    12.8069   3.857882    32.8887        723     3.0083  0.000e+00
     30.712    12.8066   3.858112    32.8911        724     3.0125  0.000e+00
     30.652    12.8064   3.858112    32.8913        725     3.0167  0.000e+00
     30.588    12.8064   3.858040    32.8907        726     3.0208  0.000e+00
     30.531    12.8062   3.858020    32.8906        727     3.0250  0.000e+00
     30.474    12.8062   3.857790    32.8885        728     3.0292  0.000e+00
     30.422    12.8062   3.857770    32.8883        729     3.0333  0.000e+00
     30.377    12.8059   3.857751    32.8884        730     3.0375  0.000e+00
     30.329    12.8059   3.857770    32.8886        731     3.0417  0.000e+00
     30.296    12.8060   3.857954    32.8903        732     3.0458  0.000e+00
     30.253    12.8059   3.858158    32.8923        733     3.0500  0.000e+00
     30.211    12.8061   3.858118    32.8918        734     3.0542  0.000e+00
     30.175    12.8061   3.858158    32.8922        735     3.0583  0.000e+00
     30.127    12.8061   3.858184    32.8924        736     3.0625  0.000e+00
     30.069    12.8061   3.858184    32.8925        737     3.0667  0.000e+00
     30.006    12.8062   3.858191    32.8925        738     3.0708  0.000e+00
     29.934    12.8063   3.858158    32.8921        739     3.0750  0.000e+00
     29.849    12.8063   3.858138    32.8920        740     3.0792  0.000e+00
     29.762    12.8064   3.858138    32.8920        741     3.0833  0.000e+00
     29.668    12.8062   3.858066    32.8914        742     3.0875  0.000e+00
     29.578    12.8061   3.858092    32.8918        743     3.0917  0.000e+00
     29.481    12.8060   3.858092    32.8920        744     3.0958  0.000e+00
     29.384    12.8059   3.858066    32.8918        745     3.1000  0.000e+00
     29.300    12.8061   3.858065    32.8916        746     3.1042  0.000e+00
     29.218    12.8059   3.858065    32.8919        747     3.1083  0.000e+00
     29.131    12.8061   3.858046    32.8916        748     3.1125  0.000e+00
     29.049    12.8061   3.858046    32.8916        749     3.1167  0.000e+00
     28.968    12.8062   3.858019    32.8913        750     3.1208  0.000e+00
     28.886    12.8061   3.858065    32.8918        751     3.1250  0.000e+00
     28.820    12.8061   3.858046    32.8917        752     3.1292  0.000e+00
     28.736    12.8061   3.857973    32.8910        753     3.1333  0.000e+00
     28.663    12.8061   3.857973    32.8910        754     3.1375  0.000e+00
     28.591    12.8061   3.857973    32.8911        755     3.1417  0.000e+00
     28.524    12.8058   3.857967    32.8913        756     3.1458  0.000e+00
     28.449    12.8058   3.857908    32.8908        757     3.1500  0.000e+00
     28.380    12.8058   3.857881    32.8906        758     3.1542  0.000e+00
     28.328    12.8058   3.857881    32.8906        759     3.1583  0.000e+00
     28.274    12.8058   3.857848    32.8903        760     3.1625  0.000e+00
     28.238    12.8057   3.857881    32.8907        761     3.1667  0.000e+00
     28.190    12.8058   3.857881    32.8907        762     3.1708  0.000e+00
     28.150    12.8059   3.857861    32.8904        763     3.1750  0.000e+00
     28.111    12.8059   3.857875    32.8906        764     3.1792  0.000e+00
     28.066    12.8059   3.857881    32.8907        765     3.1833  0.000e+00
     28.021    12.8058   3.857861    32.8906        766     3.1875  0.000e+00
     27.963    12.8059   3.857881    32.8906        767     3.1917  0.000e+00
     27.900    12.8060   3.857907    32.8908        768     3.1958  0.000e+00
     27.831    12.8063   3.857874    32.8903        769     3.2000  0.000e+00
     27.746    12.8066   3.857927    32.8906        770     3.2042  0.000e+00
     27.668    12.8064   3.857927    32.8908        771     3.2083  0.000e+00
     27.577    12.8064   3.857927    32.8908        772     3.2125  0.000e+00
     27.502    12.8063   3.857920    32.8909        773     3.2167  0.000e+00
     27.426    12.8061   3.857815    32.8901        774     3.2208  0.000e+00
     27.351    12.8069   3.857743    32.8888        775     3.2250  0.000e+00
     27.287    12.8074   3.857723    32.8881        776     3.2292  0.000e+00
     27.218    12.8085   3.857730    32.8873        777     3.2333  0.000e+00
     27.176    12.8096   3.857743    32.8865        778     3.2375  0.000e+00
     27.140    12.8104   3.857697    32.8853        779     3.2417  0.000e+00
     27.103    12.8109   3.857743    32.8854        780     3.2458  0.000e+00
     27.070    12.8112   3.857730    32.8850        781     3.2500  0.000e+00
     27.049    12.8113   3.857723    32.8848        782     3.2542  0.000e+00
     27.034    12.8113   3.857743    32.8850        783     3.2583  0.000e+00
     27.028    12.8114   3.857743    32.8850        784     3.2625  0.000e+00
     27.010    12.8112   3.857651    32.8843        785     3.2667  0.000e+00
     26.989    12.8106   3.857677    32.8850        786     3.2708  0.000e+00
     26.959    12.8100   3.857625    32.8850        787     3.2750  0.000e+00
     26.919    12.8091   3.857579    32.8854        788     3.2792  0.000e+00
     26.880    12.8075   3.857559    32.8866        789     3.2833  0.000e+00
     26.832    12.8066   3.857559    32.8874        790     3.2875  0.000e+00
     26.778    12.8060   3.857533    32.8878        791     3.2917  0.000e+00
     26.717    12.8056   3.857533    32.8882        792     3.2958  0.000e+00
     26.648    12.8055   3.857533    32.8882        793     3.3000  0.000e+00
     26.572    12.8056   3.857533    32.8881        794     3.3042  0.000e+00
     26.503    12.8058   3.857559    32.8883        795     3.3083  0.000e+00
     26.431    12.8061   3.857559    32.8880        796     3.3125  0.000e+00
     26.361    12.8067   3.857578    32.8877        797     3.3167  0.000e+00
     26.295    12.8069   3.857605    32.8879        798     3.3208  0.000e+00
     26.237    12.8075   3.857657    32.8878        799     3.3250  0.000e+00
     26.183    12.8082   3.857624    32.8870        800     3.3292  0.000e+00
     26.141    12.8085   3.857723    32.8876        801     3.3333  0.000e+00
     26.108    12.8095   3.857788    32.8875        802     3.3375  0.000e+00
     26.075    12.8104   3.857847    32.8872        803     3.3417  0.000e+00
     26.054    12.8115   3.857788    32.8857        804     3.3458  0.000e+00
     26.032    12.8118   3.857677    32.8844        805     3.3500  0.000e+00
     26.011    12.8109   3.857677    32.8852        806     3.3542  0.000e+00
     25.999    12.8102   3.857703    32.8860        807     3.3583  0.000e+00
     25.987    12.8099   3.857834    32.8876        808     3.3625  0.000e+00
     25.960    12.8104   3.857742    32.8863        809     3.3667  0.000e+00
     25.924    12.8104   3.857696    32.8858        810     3.3708  0.000e+00
     25.888    12.8099   3.857703    32.8864        811     3.3750  0.000e+00
     25.840    12.8097   3.857723    32.8867        812     3.3792  0.000e+00
     25.776    12.8096   3.857742    32.8870        813     3.3833  0.000e+00
     25.692    12.8095   3.857696    32.8867        814     3.3875  0.000e+00
     25.610    12.8094   3.857742    32.8873        815     3.3917  0.000e+00
     25.520    12.8099   3.857749    32.8869        816     3.3958  0.000e+00
     25.444    12.8100   3.857722    32.8867        817     3.4000  0.000e+00
     25.366    12.8102   3.857722    32.8865        818     3.4042  0.000e+00
     25.281    12.8101   3.857696    32.8864        819     3.4083  0.000e+00
     25.227    12.8101   3.857775    32.8871        820     3.4125  0.000e+00
     25.170    12.8104   3.857834    32.8875        821     3.4167  0.000e+00
     25.118    12.8112   3.857860    32.8870        822     3.4208  0.000e+00
     25.073    12.8123   3.857788    32.8854        823     3.4250  0.000e+00
     25.037    12.8123   3.857873    32.8863        824     3.4292  0.000e+00
     24.998    12.8123   3.857860    32.8861        825     3.4333  0.000e+00
     24.971    12.8125   3.857834    32.8857        826     3.4375  0.000e+00
     24.925    12.8122   3.857788    32.8856        827     3.4417  0.000e+00
     24.895    12.8121   3.857860    32.8863        828     3.4458  0.000e+00
     24.847    12.8123   3.857893    32.8865        829     3.4500  0.000e+00
     24.808    12.8125   3.857860    32.8860        830     3.4542  0.000e+00
