HB2302/sbe194.cnv
* Sea-Bird SBE 19plus V2 Data File:
* FileName = C:\cruise\data\sbe194.hex
* Software Version Seasave V 7.26.7.121
* Temperature SN = 4758
* Conductivity SN = 4758
* System UpLoad Time = Jun 27 2023 04:13:42
* NMEA Latitude = 40 50.08 N
* NMEA Longitude = 070 18.62 W
* NMEA UTC (Time) = Jun 27 2023 04:12:41
** Cruise: HB2302
** Program: Ecomon
** Chief Scientist: Jerry Prezioso
# nquan = 7
# nvalues = 1435                                  
# units = specified
# name 0 = depSM: Depth [salt water, m]
# name 1 = tv290C: Temperature [ITS-90, deg C]
# name 2 = c0S/m: Conductivity [S/m]
# name 3 = sal00: Salinity, Practical [PSU]
# name 4 = scan: Scan Count
# name 5 = timeM: Time, Elapsed [minutes]
# name 6 = flag:  0.000e+00
# span 0 =     -0.093,     42.884                 
# span 1 =    10.7140,    18.8271                 
# span 2 =   0.044751,   4.297540                 
# span 3 =     0.2467,    32.7660                 
# span 4 =         11,       1445                 
# span 5 =     0.0417,     6.0167                 
# span 6 = 0.0000e+00, 0.0000e+00                 
# interval = seconds: 0.25
# start_time = Jun 27 2023 04:12:41 [NMEA time, header]
# bad_flag = -9.990e-29
*END*
[from data line 821]
     25.641    11.7040   3.685353    32.1919        832     3.4625  0.000e+00
     25.553    11.7100   3.685868    32.1918        833     3.4667  0.000e+00
     25.475    11.7159   3.686158    32.1894        834     3.4708  0.000e+00
     25.403    11.7207   3.685649    32.1804        835     3.4750  0.000e+00
     25.318    11.7224   3.684772    32.1704        836     3.4792  0.000e+00
     25.249    11.7213   3.684662    32.1704        837     3.4833  0.000e+00
     25.176    11.7193   3.683792    32.1637        838     3.4875  0.000e+00
     25.122    11.7159   3.682503    32.1541        839     3.4917  0.000e+00
     25.068    11.7092   3.681504    32.1502        840     3.4958  0.000e+00
     25.026    11.7016   3.680750    32.1495        841     3.5000  0.000e+00
     24.996    11.6946   3.679803    32.1463        842     3.5042  0.000e+00
     24.978    11.6876   3.679629    32.1507        843     3.5083  0.000e+00
     24.960    11.6828   3.679468    32.1534        844     3.5125  0.000e+00
     24.951    11.6796   3.679384    32.1553        845     3.5167  0.000e+00
     24.948    11.6777   3.679281    32.1559        846     3.5208  0.000e+00
     24.954    11.6764   3.679146    32.1558        847     3.5250  0.000e+00
     24.960    11.6750   3.679320    32.1587        848     3.5292  0.000e+00
     24.951    11.6749   3.679371    32.1593        849     3.5333  0.000e+00
     24.951    11.6750   3.679346    32.1589        850     3.5375  0.000e+00
     24.945    11.6751   3.679307    32.1585        851     3.5417  0.000e+00
     24.933    11.6752   3.679326    32.1586        852     3.5458  0.000e+00
     24.909    11.6750   3.679281    32.1583        853     3.5500  0.000e+00
     24.876    11.6749   3.679262    32.1582        854     3.5542  0.000e+00
     24.852    11.6747   3.679326    32.1591        855     3.5583  0.000e+00
     24.797    11.6748   3.679236    32.1581        856     3.5625  0.000e+00
     24.740    11.6744   3.679146    32.1576        857     3.5667  0.000e+00
     24.683    11.6739   3.678572    32.1525        858     3.5708  0.000e+00
     24.616    11.6718   3.676859    32.1376        859     3.5750  0.000e+00
     24.544    11.6654   3.676562    32.1404        860     3.5792  0.000e+00
     24.463    11.6598   3.676492    32.1445        861     3.5833  0.000e+00
     24.387    11.6563   3.676530    32.1480        862     3.5875  0.000e+00
     24.327    11.6544   3.676517    32.1495        863     3.5917  0.000e+00
     24.263    11.6537   3.676563    32.1506        864     3.5958  0.000e+00
     24.218    11.6536   3.677142    32.1563        865     3.6000  0.000e+00
     24.182    11.6557   3.677451    32.1576        866     3.6042  0.000e+00
     24.158    11.6585   3.676878    32.1496        867     3.6083  0.000e+00
     24.143    11.6586   3.676949    32.1502        868     3.6125  0.000e+00
     24.140    11.6580   3.676653    32.1478        869     3.6167  0.000e+00
     24.140    11.6569   3.677181    32.1539        870     3.6208  0.000e+00
     24.155    11.6574   3.677142    32.1531        871     3.6250  0.000e+00
     24.161    11.6584   3.677039    32.1512        872     3.6292  0.000e+00
     24.183    11.6585   3.676698    32.1478        873     3.6333  0.000e+00
     24.183    11.6570   3.676575    32.1479        874     3.6375  0.000e+00
     24.177    11.6557   3.676904    32.1522        875     3.6417  0.000e+00
     24.156    11.6563   3.677542    32.1579        876     3.6458  0.000e+00
     24.116    11.6589   3.677773    32.1579        877     3.6500  0.000e+00
     24.074    11.6622   3.678250    32.1597        878     3.6542  0.000e+00
     24.008    11.6657   3.678579    32.1599        879     3.6583  0.000e+00
     23.932    11.6696   3.678572    32.1565        880     3.6625  0.000e+00
     23.854    11.6722   3.679010    32.1585        881     3.6667  0.000e+00
     23.776    11.6757   3.680022    32.1654        882     3.6708  0.000e+00
     23.703    11.6819   3.681207    32.1715        883     3.6750  0.000e+00
     23.637    11.6908   3.681755    32.1692        884     3.6792  0.000e+00
     23.579    11.6989   3.682264    32.1672        885     3.6833  0.000e+00
     23.543    11.7055   3.682741    32.1661        886     3.6875  0.000e+00
     23.516    11.7112   3.683063    32.1643        887     3.6917  0.000e+00
     23.507    11.7160   3.683489    32.1643        888     3.6958  0.000e+00
     23.510    11.7199   3.683540    32.1614        889     3.7000  0.000e+00
     23.513    11.7226   3.683314    32.1569        890     3.7042  0.000e+00
     23.525    11.7230   3.682941    32.1529        891     3.7083  0.000e+00
     23.532    11.7215   3.682786    32.1527        892     3.7125  0.000e+00
     23.532    11.7197   3.682857    32.1549        893     3.7167  0.000e+00
     23.529    11.7187   3.682747    32.1547        894     3.7208  0.000e+00
     23.514    11.7182   3.682831    32.1559        895     3.7250  0.000e+00
     23.487    11.7181   3.683160    32.1593        896     3.7292  0.000e+00
     23.447    11.7191   3.683450    32.1612        897     3.7333  0.000e+00
     23.396    11.7213   3.683953    32.1642        898     3.7375  0.000e+00
     23.339    11.7248   3.685274    32.1740        899     3.7417  0.000e+00
     23.266    11.7320   3.687415    32.1886        900     3.7458  0.000e+00
     23.194    11.7454   3.690124    32.2033        901     3.7500  0.000e+00
     23.119    11.7661   3.692756    32.2109        902     3.7542  0.000e+00
     23.049    11.7899   3.693981    32.2023        903     3.7583  0.000e+00
     22.986    11.8101   3.695291    32.1975        904     3.7625  0.000e+00
     22.938    11.8260   3.696195    32.1925        905     3.7667  0.000e+00
     22.895    11.8391   3.696860    32.1877        906     3.7708  0.000e+00
     22.868    11.8491   3.697240    32.1827        907     3.7750  0.000e+00
     22.844    11.8563   3.697621    32.1802        908     3.7792  0.000e+00
     22.838    11.8612   3.697595    32.1756        909     3.7833  0.000e+00
     22.832    11.8640   3.697595    32.1732        910     3.7875  0.000e+00
     22.826    11.8655   3.697686    32.1728        911     3.7917  0.000e+00
     22.820    11.8665   3.697595    32.1711        912     3.7958  0.000e+00
     22.817    11.8667   3.697686    32.1718        913     3.8000  0.000e+00
     22.805    11.8674   3.697989    32.1742        914     3.8042  0.000e+00
     22.772    11.8684   3.698402    32.1773        915     3.8083  0.000e+00
     22.739    11.8712   3.699048    32.1811        916     3.8125  0.000e+00
     22.688    11.8753   3.699829    32.1852        917     3.8167  0.000e+00
     22.631    11.8813   3.700475    32.1862        918     3.8208  0.000e+00
     22.555    11.8875   3.700959    32.1856        919     3.8250  0.000e+00
     22.483    11.8934   3.701715    32.1879        920     3.8292  0.000e+00
     22.398    11.8999   3.703148    32.1962        921     3.8333  0.000e+00
     22.323    11.9097   3.705319    32.2087        922     3.8375  0.000e+00
     22.247    11.9245   3.708660    32.2282        923     3.8417  0.000e+00
     22.172    11.9465   3.711226    32.2341        924     3.8458  0.000e+00
     22.109    11.9709   3.712338    32.2237        925     3.8500  0.000e+00
     22.060    11.9909   3.713120    32.2139        926     3.8542  0.000e+00
     22.024    12.0045   3.713262    32.2036        927     3.8583  0.000e+00
     21.994    12.0129   3.713586    32.1995        928     3.8625  0.000e+00
     21.967    12.0180   3.713683    32.1960        929     3.8667  0.000e+00
     21.958    12.0211   3.713792    32.1944        930     3.8708  0.000e+00
     21.967    12.0228   3.713773    32.1928        931     3.8750  0.000e+00
     21.967    12.0239   3.713611    32.1903        932     3.8792  0.000e+00
     21.982    12.0234   3.713353    32.1882        933     3.8833  0.000e+00
     21.988    12.0224   3.713372    32.1893        934     3.8875  0.000e+00
     22.013    12.0213   3.713172    32.1882        935     3.8917  0.000e+00
     22.019    12.0199   3.712932    32.1871        936     3.8958  0.000e+00
     22.031    12.0183   3.712958    32.1887        937     3.9000  0.000e+00
     22.034    12.0173   3.712913    32.1892        938     3.9042  0.000e+00
     22.019    12.0164   3.712402    32.1850        939     3.9083  0.000e+00
     22.010    12.0145   3.712454    32.1872        940     3.9125  0.000e+00
     21.965    12.0129   3.712467    32.1887        941     3.9167  0.000e+00
     21.913    12.0126   3.713379    32.1978        942     3.9208  0.000e+00
     21.853    12.0158   3.715662    32.2171        943     3.9250  0.000e+00
     21.769    12.0265   3.718702    32.2372        944     3.9292  0.000e+00
     21.678    12.0455   3.721440    32.2473        945     3.9333  0.000e+00
     21.582    12.0693   3.725557    32.2664        946     3.9375  0.000e+00
     21.467    12.1006   3.732520    32.3064        947     3.9417  0.000e+00
     21.358    12.1467   3.737433    32.3139        948     3.9458  0.000e+00
     21.250    12.1967   3.741421    32.3091        949     3.9500  0.000e+00
     21.147    12.2436   3.746170    32.3143        950     3.9542  0.000e+00
     21.047    12.2897   3.749999    32.3113        951     3.9583  0.000e+00
     20.972    12.3332   3.753304    32.3055        952     3.9625  0.000e+00
     20.903    12.3725   3.754329    32.2815        953     3.9667  0.000e+00
     20.848    12.4010   3.754907    32.2625        954     3.9708  0.000e+00
     20.806    12.4180   3.755933    32.2578        955     3.9750  0.000e+00
     20.767    12.4309   3.756089    32.2482        956     3.9792  0.000e+00
     20.740    12.4388   3.756492    32.2453        957     3.9833  0.000e+00
     20.722    12.4442   3.756134    32.2372        958     3.9875  0.000e+00
     20.707    12.4460   3.756628    32.2404        959     3.9917  0.000e+00
     20.704    12.4479   3.756979    32.2421        960     3.9958  0.000e+00
     20.689    12.4507   3.756784    32.2379        961     4.0000  0.000e+00
     20.680    12.4518   3.757050    32.2394        962     4.0042  0.000e+00
     20.665    12.4531   3.756959    32.2375        963     4.0083  0.000e+00
     20.647    12.4536   3.757518    32.2424        964     4.0125  0.000e+00
     20.620    12.4558   3.759058    32.2553        965     4.0167  0.000e+00
     20.589    12.4631   3.759351    32.2517        966     4.0208  0.000e+00
     20.553    12.4703   3.759955    32.2514        967     4.0250  0.000e+00
     20.532    12.4764   3.759142    32.2384        968     4.0292  0.000e+00
     20.511    12.4774   3.760091    32.2466        969     4.0333  0.000e+00
     20.481    12.4803   3.760871    32.2515        970     4.0375  0.000e+00
     20.460    12.4861   3.761372    32.2514        971     4.0417  0.000e+00
     20.424    12.4920   3.761632    32.2488        972     4.0458  0.000e+00
     20.393    12.4966   3.762100    32.2493        973     4.0500  0.000e+00
     20.348    12.5011   3.763023    32.2543        974     4.0542  0.000e+00
     20.294    12.5072   3.763296    32.2517        975     4.0583  0.000e+00
     20.237    12.5131   3.764271    32.2560        976     4.0625  0.000e+00
     20.164    12.5199   3.764986    32.2570        977     4.0667  0.000e+00
     20.089    12.5278   3.765864    32.2586        978     4.0708  0.000e+00
     20.001    12.5369   3.769461    32.2851        979     4.0750  0.000e+00
     19.902    12.5562   3.773534    32.3074        980     4.0792  0.000e+00
     19.808    12.5858   3.776164    32.3071        981     4.0833  0.000e+00
     19.706    12.6158   3.778182    32.3006        982     4.0875  0.000e+00
     19.597    12.6422   3.779960    32.2949        983     4.0917  0.000e+00
     19.495    12.6648   3.781418    32.2895        984     4.0958  0.000e+00
     19.401    12.6836   3.782076    32.2797        985     4.1000  0.000e+00
     19.320    12.6974   3.782845    32.2752        986     4.1042  0.000e+00
     19.259    12.7073   3.783692    32.2748        987     4.1083  0.000e+00
     19.202    12.7167   3.784304    32.2726        988     4.1125  0.000e+00
     19.169    12.7247   3.784656    32.2691        989     4.1167  0.000e+00
     19.145    12.7307   3.784962    32.2668        990     4.1208  0.000e+00
     19.139    12.7352   3.785138    32.2646        991     4.1250  0.000e+00
     19.154    12.7385   3.785229    32.2627        992     4.1292  0.000e+00
     19.172    12.7401   3.785047    32.2596        993     4.1333  0.000e+00
     19.187    12.7406   3.784897    32.2577        994     4.1375  0.000e+00
     19.211    12.7398   3.784734    32.2569        995     4.1417  0.000e+00
     19.217    12.7387   3.784623    32.2568        996     4.1458  0.000e+00
     19.227    12.7372   3.784538    32.2572        997     4.1500  0.000e+00
     19.221    12.7359   3.784506    32.2581        998     4.1542  0.000e+00
     19.187    12.7352   3.784727    32.2608        999     4.1583  0.000e+00
     19.139    12.7357   3.785275    32.2655       1000     4.1625  0.000e+00
     19.076    12.7384   3.785913    32.2693       1001     4.1667  0.000e+00
     18.988    12.7426   3.786383    32.2702       1002     4.1708  0.000e+00
     18.889    12.7475   3.787686    32.2784       1003     4.1750  0.000e+00
     18.774    12.7552   3.788872    32.2831       1004     4.1792  0.000e+00
     18.662    12.7654   3.789739    32.2827       1005     4.1833  0.000e+00
     18.530    12.7756   3.791389    32.2897       1006     4.1875  0.000e+00
     18.412    12.7876   3.792667    32.2915       1007     4.1917  0.000e+00
     18.306    12.8010   3.793260    32.2858       1008     4.1958  0.000e+00
     18.213    12.8115   3.793449    32.2786       1009     4.2000  0.000e+00
     18.125    12.8182   3.793808    32.2763       1010     4.2042  0.000e+00
     18.068    12.8230   3.794278    32.2767       1011     4.2083  0.000e+00
     18.029    12.8281   3.795086    32.2800       1012     4.2125  0.000e+00
     17.999    12.8339   3.795458    32.2786       1013     4.2167  0.000e+00
     17.993    12.8389   3.795563    32.2753       1014     4.2208  0.000e+00
     17.978    12.8427   3.795680    32.2732       1015     4.2250  0.000e+00
     17.990    12.8450   3.795706    32.2714       1016     4.2292  0.000e+00
     17.993    12.8464   3.795654    32.2698       1017     4.2333  0.000e+00
     18.005    12.8468   3.795615    32.2690       1018     4.2375  0.000e+00
     18.020    12.8468   3.795569    32.2686       1019     4.2417  0.000e+00
     18.029    12.8465   3.795536    32.2686       1020     4.2458  0.000e+00
     18.032    12.8460   3.795543    32.2691       1021     4.2500  0.000e+00
     18.035    12.8456   3.795608    32.2700       1022     4.2542  0.000e+00
     18.017    12.8460   3.795836    32.2718       1023     4.2583  0.000e+00
     17.981    12.8468   3.796091    32.2736       1024     4.2625  0.000e+00
     17.939    12.8487   3.796463    32.2755       1025     4.2667  0.000e+00
     17.885    12.8516   3.797174    32.2798       1026     4.2708  0.000e+00
     17.812    12.8562   3.797833    32.2821       1027     4.2750  0.000e+00
     17.734    12.8619   3.797983    32.2787       1028     4.2792  0.000e+00
     17.649    12.8662   3.798329    32.2783       1029     4.2833  0.000e+00
     17.559    12.8700   3.798622    32.2779       1030     4.2875  0.000e+00
     17.471    12.8737   3.799366    32.2818       1031     4.2917  0.000e+00
     17.396    12.8787   3.800208    32.2855       1032     4.2958  0.000e+00
     17.314    12.8855   3.800430    32.2819       1033     4.3000  0.000e+00
     17.248    12.8905   3.800456    32.2778       1034     4.3042  0.000e+00
     17.191    12.8935   3.800684    32.2775       1035     4.3083  0.000e+00
