HB2302/sbe166.cnv
* Sea-Bird SBE 19plus V2 Data File:
* FileName = C:\cruise\data\sbe166.hex
* Software Version Seasave V 7.26.7.121
* Temperature SN = 4758
* Conductivity SN = 4758
* System UpLoad Time = Jun 23 2023 14:41:23
* NMEA Latitude = 41 38.67 N
* NMEA Longitude = 069 32.30 W
* NMEA UTC (Time) = Jun 23 2023 14:41:23
** Cruise: HB2302
** Program: Ecomon
** Chief Scientist: Jerry Prezioso
# nquan = 7
# nvalues = 2024                                  
# units = specified
# name 0 = depSM: Depth [salt water, m]
# name 1 = tv290C: Temperature [ITS-90, deg C]
# name 2 = c0S/m: Conductivity [S/m]
# name 3 = sal00: Salinity, Practical [PSU]
# name 4 = scan: Scan Count
# name 5 = timeM: Time, Elapsed [minutes]
# name 6 = flag:  0.000e+00
# span 0 =     -0.046,     85.492                 
# span 1 =     6.3221,    17.0744                 
# span 2 =   0.000528,   4.133340                 
# span 3 =     0.0100,    32.4597                 
# span 4 =         11,       2034                 
# span 5 =     0.0417,     8.4708                 
# span 6 = 0.0000e+00, 0.0000e+00                 
# interval = seconds: 0.25
# start_time = Jun 23 2023 14:41:23 [NMEA time, header]
# bad_flag = -9.990e-29
*END*
[from data line 616]
     76.066     6.3340   3.235481    32.3774        627     2.6083  0.000e+00
     76.196     6.3336   3.235707    32.3803        628     2.6125  0.000e+00
     76.326     6.3336   3.236002    32.3835        629     2.6167  0.000e+00
     76.440     6.3340   3.236185    32.3851        630     2.6208  0.000e+00
     76.546     6.3342   3.236247    32.3855        631     2.6250  0.000e+00
     76.655     6.3342   3.236516    32.3885        632     2.6292  0.000e+00
     76.751     6.3341   3.236633    32.3898        633     2.6333  0.000e+00
     76.857     6.3341   3.236749    32.3910        634     2.6375  0.000e+00
     76.966     6.3341   3.236786    32.3914        635     2.6417  0.000e+00
     77.068     6.3341   3.236951    32.3932        636     2.6458  0.000e+00
     77.183     6.3342   3.236994    32.3935        637     2.6500  0.000e+00
     77.310     6.3344   3.237203    32.3955        638     2.6542  0.000e+00
     77.443     6.3348   3.237350    32.3968        639     2.6583  0.000e+00
     77.584     6.3353   3.237521    32.3981        640     2.6625  0.000e+00
     77.732     6.3364   3.237577    32.3976        641     2.6667  0.000e+00
     77.895     6.3373   3.237577    32.3967        642     2.6708  0.000e+00
     78.061     6.3376   3.237662    32.3973        643     2.6750  0.000e+00
     78.224     6.3381   3.237662    32.3967        644     2.6792  0.000e+00
     78.399     6.3386   3.237767    32.3973        645     2.6833  0.000e+00
     78.590     6.3394   3.237889    32.3978        646     2.6875  0.000e+00
     78.756     6.3402   3.237938    32.3975        647     2.6917  0.000e+00
     78.940     6.3403   3.237951    32.3974        648     2.6958  0.000e+00
     79.112     6.3403   3.237994    32.3978        649     2.7000  0.000e+00
     79.278     6.3403   3.237932    32.3971        650     2.7042  0.000e+00
     79.438     6.3400   3.238018    32.3982        651     2.7083  0.000e+00
     79.592     6.3397   3.238325    32.4018        652     2.7125  0.000e+00
     79.743     6.3395   3.238698    32.4061        653     2.7167  0.000e+00
     79.878     6.3391   3.238827    32.4079        654     2.7208  0.000e+00
     80.002     6.3382   3.238925    32.4097        655     2.7250  0.000e+00
     80.132     6.3372   3.238932    32.4107        656     2.7292  0.000e+00
     80.253     6.3361   3.238889    32.4112        657     2.7333  0.000e+00
     80.376     6.3354   3.238981    32.4128        658     2.7375  0.000e+00
     80.494     6.3354   3.239030    32.4134        659     2.7417  0.000e+00
     80.603     6.3355   3.239011    32.4130        660     2.7458  0.000e+00
     80.724     6.3354   3.239030    32.4133        661     2.7500  0.000e+00
     80.850     6.3351   3.239005    32.4132        662     2.7542  0.000e+00
     80.983     6.3347   3.239011    32.4136        663     2.7583  0.000e+00
     81.110     6.3344   3.239097    32.4148        664     2.7625  0.000e+00
     81.252     6.3345   3.239140    32.4151        665     2.7667  0.000e+00
     81.397     6.3347   3.239202    32.4154        666     2.7708  0.000e+00
     81.545     6.3350   3.239281    32.4160        667     2.7750  0.000e+00
     81.698     6.3357   3.239367    32.4162        668     2.7792  0.000e+00
     81.849     6.3358   3.239477    32.4172        669     2.7833  0.000e+00
     82.015     6.3363   3.239533    32.4173        670     2.7875  0.000e+00
     82.166     6.3367   3.239655    32.4183        671     2.7917  0.000e+00
     82.329     6.3370   3.240011    32.4218        672     2.7958  0.000e+00
     82.483     6.3376   3.240195    32.4232        673     2.8000  0.000e+00
     82.640     6.3383   3.240299    32.4236        674     2.8042  0.000e+00
     82.794     6.3385   3.240550    32.4261        675     2.8083  0.000e+00
     82.945     6.3390   3.240679    32.4271        676     2.8125  0.000e+00
     83.096     6.3392   3.240967    32.4299        677     2.8167  0.000e+00
     83.247     6.3398   3.241029    32.4299        678     2.8208  0.000e+00
     83.386     6.3403   3.241403    32.4336        679     2.8250  0.000e+00
     83.521     6.3411   3.241727    32.4364        680     2.8292  0.000e+00
     83.663     6.3423   3.241862    32.4366        681     2.8333  0.000e+00
     83.796     6.3429   3.241758    32.4349        682     2.8375  0.000e+00
     83.923     6.3430   3.241709    32.4342        683     2.8417  0.000e+00
     84.059     6.3427   3.241863    32.4361        684     2.8458  0.000e+00
     84.185     6.3425   3.242151    32.4394        685     2.8500  0.000e+00
     84.318     6.3429   3.242243    32.4400        686     2.8542  0.000e+00
     84.439     6.3430   3.242463    32.4423        687     2.8583  0.000e+00
     84.581     6.3436   3.242715    32.4444        688     2.8625  0.000e+00
     84.710     6.3441   3.243089    32.4480        689     2.8667  0.000e+00
     84.849     6.3452   3.243132    32.4473        690     2.8708  0.000e+00
     84.997     6.3462   3.243132    32.4464        691     2.8750  0.000e+00
     85.139     6.3467   3.243567    32.4506        692     2.8792  0.000e+00
     85.287     6.3471   3.243782    32.4525        693     2.8833  0.000e+00
     85.429     6.3479   3.243917    32.4532        694     2.8875  0.000e+00
     85.486     6.3483   3.244046    32.4542        695     2.8917  0.000e+00
     85.492     6.3482   3.244107    32.4550        696     2.8958  0.000e+00
     85.444     6.3481   3.244315    32.4575        697     2.9000  0.000e+00
     85.399     6.3481   3.244315    32.4574        698     2.9042  0.000e+00
     85.387     6.3480   3.244193    32.4563        699     2.9083  0.000e+00
     85.381     6.3477   3.244138    32.4559        700     2.9125  0.000e+00
     85.372     6.3474   3.244046    32.4552        701     2.9167  0.000e+00
     85.357     6.3473   3.244254    32.4576        702     2.9208  0.000e+00
     85.341     6.3475   3.244463    32.4597        703     2.9250  0.000e+00
     85.311     6.3479   3.244438    32.4591        704     2.9292  0.000e+00
     85.296     6.3482   3.244315    32.4574        705     2.9333  0.000e+00
     85.275     6.3481   3.243647    32.4501        706     2.9375  0.000e+00
     85.251     6.3475   3.242776    32.4411        707     2.9417  0.000e+00
     85.221     6.3460   3.242402    32.4383        708     2.9458  0.000e+00
     85.185     6.3445   3.242194    32.4375        709     2.9500  0.000e+00
     85.155     6.3433   3.242090    32.4375        710     2.9542  0.000e+00
     85.121     6.3422   3.242145    32.4391        711     2.9583  0.000e+00
     85.088     6.3418   3.242298    32.4412        712     2.9625  0.000e+00
     85.052     6.3417   3.242525    32.4439        713     2.9667  0.000e+00
     85.013     6.3419   3.242537    32.4439        714     2.9708  0.000e+00
     84.989     6.3421   3.242629    32.4447        715     2.9750  0.000e+00
     84.965     6.3424   3.242586    32.4440        716     2.9792  0.000e+00
     84.944     6.3425   3.242752    32.4457        717     2.9833  0.000e+00
     84.923     6.3428   3.242856    32.4465        718     2.9875  0.000e+00
     84.914     6.3431   3.242880    32.4465        719     2.9917  0.000e+00
     84.908     6.3436   3.242923    32.4466        720     2.9958  0.000e+00
     84.901     6.3440   3.243034    32.4475        721     3.0000  0.000e+00
     84.896     6.3442   3.243003    32.4468        722     3.0042  0.000e+00
     84.886     6.3444   3.242880    32.4454        723     3.0083  0.000e+00
     84.874     6.3442   3.242874    32.4454        724     3.0125  0.000e+00
     84.856     6.3441   3.242795    32.4447        725     3.0167  0.000e+00
     84.832     6.3439   3.242752    32.4444        726     3.0208  0.000e+00
     84.802     6.3437   3.242838    32.4456        727     3.0250  0.000e+00
     84.763     6.3435   3.243095    32.4486        728     3.0292  0.000e+00
     84.724     6.3437   3.243169    32.4493        729     3.0333  0.000e+00
     84.666     6.3439   3.243150    32.4489        730     3.0375  0.000e+00
     84.618     6.3439   3.243113    32.4485        731     3.0417  0.000e+00
     84.549     6.3438   3.242880    32.4460        732     3.0458  0.000e+00
     84.486     6.3435   3.242880    32.4463        733     3.0500  0.000e+00
     84.431     6.3432   3.242942    32.4473        734     3.0542  0.000e+00
     84.380     6.3431   3.242991    32.4480        735     3.0583  0.000e+00
     84.332     6.3433   3.242923    32.4471        736     3.0625  0.000e+00
     84.290     6.3432   3.242942    32.4474        737     3.0667  0.000e+00
     84.259     6.3431   3.242972    32.4479        738     3.0708  0.000e+00
     84.235     6.3433   3.243089    32.4490        739     3.0750  0.000e+00
     84.217     6.3435   3.243027    32.4482        740     3.0792  0.000e+00
     84.193     6.3437   3.242942    32.4471        741     3.0833  0.000e+00
     84.169     6.3437   3.242972    32.4473        742     3.0875  0.000e+00
     84.139     6.3437   3.242942    32.4470        743     3.0917  0.000e+00
     84.112     6.3435   3.242984    32.4477        744     3.0958  0.000e+00
     84.076     6.3436   3.243168    32.4497        745     3.1000  0.000e+00
     84.030     6.3437   3.243230    32.4503        746     3.1042  0.000e+00
     83.976     6.3438   3.243297    32.4509        747     3.1083  0.000e+00
     83.922     6.3440   3.243334    32.4513        748     3.1125  0.000e+00
     83.859     6.3441   3.243328    32.4510        749     3.1167  0.000e+00
     83.789     6.3443   3.243273    32.4503        750     3.1208  0.000e+00
     83.711     6.3441   3.243334    32.4512        751     3.1250  0.000e+00
     83.632     6.3442   3.243193    32.4496        752     3.1292  0.000e+00
     83.530     6.3440   3.241176    32.4275        753     3.1333  0.000e+00
     83.418     6.3420   3.241862    32.4370        754     3.1375  0.000e+00
     83.304     6.3407   3.241819    32.4378        755     3.1417  0.000e+00
     83.186     6.3398   3.241035    32.4301        756     3.1458  0.000e+00
     83.071     6.3389   3.240863    32.4291        757     3.1500  0.000e+00
     82.957     6.3379   3.240428    32.4253        758     3.1542  0.000e+00
     82.836     6.3370   3.240268    32.4245        759     3.1583  0.000e+00
     82.737     6.3358   3.240054    32.4232        760     3.1625  0.000e+00
     82.640     6.3350   3.239950    32.4229        761     3.1667  0.000e+00
     82.541     6.3346   3.239968    32.4235        762     3.1708  0.000e+00
     82.459     6.3342   3.239815    32.4222        763     3.1750  0.000e+00
     82.378     6.3340   3.239533    32.4193        764     3.1792  0.000e+00
     82.305     6.3339   3.238889    32.4123        765     3.1833  0.000e+00
     82.242     6.3335   3.238748    32.4111        766     3.1875  0.000e+00
     82.173     6.3332   3.238761    32.4116        767     3.1917  0.000e+00
     82.119     6.3331   3.239134    32.4159        768     3.1958  0.000e+00
     82.049     6.3331   3.238846    32.4128        769     3.2000  0.000e+00
     81.989     6.3331   3.239042    32.4150        770     3.2042  0.000e+00
     81.919     6.3331   3.239778    32.4231        771     3.2083  0.000e+00
     81.844     6.3332   3.239759    32.4229        772     3.2125  0.000e+00
     81.751     6.3337   3.239539    32.4200        773     3.2167  0.000e+00
     81.648     6.3337   3.239949    32.4246        774     3.2208  0.000e+00
     81.540     6.3340   3.239716    32.4218        775     3.2250  0.000e+00
     81.410     6.3339   3.239508    32.4196        776     3.2292  0.000e+00
     81.262     6.3340   3.239379    32.4182        777     3.2333  0.000e+00
     81.108     6.3338   3.239306    32.4176        778     3.2375  0.000e+00
     80.942     6.3338   3.238803    32.4121        779     3.2417  0.000e+00
     80.773     6.3334   3.238184    32.4058        780     3.2458  0.000e+00
     80.601     6.3329   3.237761    32.4016        781     3.2500  0.000e+00
     80.436     6.3323   3.237767    32.4023        782     3.2542  0.000e+00
     80.279     6.3319   3.237829    32.4034        783     3.2583  0.000e+00
     80.131     6.3318   3.237743    32.4027        784     3.2625  0.000e+00
     80.001     6.3318   3.237204    32.3968        785     3.2667  0.000e+00
     79.881     6.3318   3.237246    32.3973        786     3.2708  0.000e+00
     79.775     6.3320   3.237228    32.3970        787     3.2750  0.000e+00
     79.685     6.3322   3.237167    32.3961        788     3.2792  0.000e+00
     79.603     6.3321   3.237203    32.3966        789     3.2833  0.000e+00
     79.528     6.3320   3.237228    32.3970        790     3.2875  0.000e+00
     79.465     6.3320   3.237369    32.3987        791     3.2917  0.000e+00
     79.398     6.3318   3.237124    32.3961        792     3.2958  0.000e+00
     79.329     6.3318   3.237099    32.3959        793     3.3000  0.000e+00
     79.260     6.3319   3.237099    32.3959        794     3.3042  0.000e+00
     79.175     6.3319   3.237148    32.3964        795     3.3083  0.000e+00
     79.094     6.3321   3.237099    32.3958        796     3.3125  0.000e+00
     79.003     6.3320   3.237081    32.3957        797     3.3167  0.000e+00
     78.898     6.3320   3.237142    32.3964        798     3.3208  0.000e+00
     78.789     6.3321   3.237148    32.3965        799     3.3250  0.000e+00
     78.675     6.3321   3.237160    32.3966        800     3.3292  0.000e+00
     78.548     6.3321   3.237123    32.3962        801     3.3333  0.000e+00
     78.412     6.3320   3.237130    32.3965        802     3.3375  0.000e+00
     78.270     6.3320   3.237080    32.3961        803     3.3417  0.000e+00
     78.135     6.3320   3.237142    32.3968        804     3.3458  0.000e+00
     77.987     6.3321   3.237142    32.3967        805     3.3500  0.000e+00
     77.851     6.3321   3.237111    32.3964        806     3.3542  0.000e+00
     77.712     6.3320   3.237080    32.3963        807     3.3583  0.000e+00
     77.586     6.3319   3.236994    32.3955        808     3.3625  0.000e+00
     77.453     6.3318   3.236958    32.3952        809     3.3667  0.000e+00
     77.329     6.3318   3.236890    32.3945        810     3.3708  0.000e+00
     77.215     6.3317   3.236890    32.3947        811     3.3750  0.000e+00
     77.106     6.3316   3.236872    32.3947        812     3.3792  0.000e+00
     76.992     6.3317   3.236872    32.3946        813     3.3833  0.000e+00
     76.886     6.3317   3.236915    32.3952        814     3.3875  0.000e+00
     76.781     6.3317   3.236872    32.3947        815     3.3917  0.000e+00
     76.681     6.3317   3.236853    32.3946        816     3.3958  0.000e+00
     76.579     6.3315   3.236559    32.3915        817     3.4000  0.000e+00
     76.482     6.3315   3.236437    32.3902        818     3.4042  0.000e+00
     76.383     6.3313   3.236271    32.3886        819     3.4083  0.000e+00
     76.277     6.3311   3.236124    32.3873        820     3.4125  0.000e+00
     76.178     6.3309   3.235946    32.3855        821     3.4167  0.000e+00
     76.069     6.3307   3.235732    32.3834        822     3.4208  0.000e+00
     75.960     6.3305   3.235732    32.3836        823     3.4250  0.000e+00
     75.855     6.3302   3.235689    32.3835        824     3.4292  0.000e+00
     75.740     6.3302   3.235603    32.3825        825     3.4333  0.000e+00
     75.620     6.3301   3.235628    32.3830        826     3.4375  0.000e+00
     75.505     6.3301   3.235438    32.3810        827     3.4417  0.000e+00
     75.387     6.3298   3.235334    32.3801        828     3.4458  0.000e+00
     75.273     6.3298   3.235358    32.3805        829     3.4500  0.000e+00
     75.143     6.3298   3.235401    32.3810        830     3.4542  0.000e+00
