HB2302/sbe132.cnv
* Sea-Bird SBE 19plus V2 Data File:
* FileName = C:\cruise\data\sbe132.hex
* Software Version Seasave V 7.26.7.121
* Temperature SN = 4758
* Conductivity SN = 4758
* System UpLoad Time = Jun 20 2023 10:41:29
* NMEA Latitude = 43 23.74 N
* NMEA Longitude = 067 41.26 W
* NMEA UTC (Time) = Jun 20 2023 10:41:29
** Cruise: HB2302
** Program: Ecomon
** Chief Scientist: Jerry Prezioso
# nquan = 7
# nvalues = 7219                                  
# units = specified
# name 0 = depSM: Depth [salt water, m]
# name 1 = tv290C: Temperature [ITS-90, deg C]
# name 2 = c0S/m: Conductivity [S/m]
# name 3 = sal00: Salinity, Practical [PSU]
# name 4 = scan: Scan Count
# name 5 = timeM: Time, Elapsed [minutes]
# name 6 = flag:  0.000e+00
# span 0 =     -0.030,    201.226                 
# span 1 =     7.1249,    12.4904                 
# span 2 =  -0.003959,   3.743630                 
# span 3 =     0.0000,    34.2982                 
# span 4 =         11,       7229                 
# span 5 =     0.0417,    30.1167                 
# span 6 = 0.0000e+00, 0.0000e+00                 
# interval = seconds: 0.25
# start_time = Jun 20 2023 10:41:29 [NMEA time, header]
# bad_flag = -9.990e-29
*END*
[from data line 4103]
    100.599     7.4997   3.426203    33.3397       4114    17.1375  0.000e+00
    100.563     7.4995   3.426215    33.3400       4115    17.1417  0.000e+00
    100.508     7.4995   3.426228    33.3401       4116    17.1458  0.000e+00
    100.469     7.4995   3.426228    33.3401       4117    17.1500  0.000e+00
    100.427     7.4998   3.426247    33.3400       4118    17.1542  0.000e+00
    100.388     7.4998   3.426353    33.3412       4119    17.1583  0.000e+00
    100.361     7.5003   3.426416    33.3414       4120    17.1625  0.000e+00
    100.318     7.5014   3.426478    33.3411       4121    17.1667  0.000e+00
    100.279     7.5019   3.426265    33.3383       4122    17.1708  0.000e+00
    100.249     7.5017   3.426503    33.3411       4123    17.1750  0.000e+00
    100.219     7.5022   3.426416    33.3397       4124    17.1792  0.000e+00
    100.198     7.5024   3.426328    33.3386       4125    17.1833  0.000e+00
    100.171     7.5020   3.426434    33.3401       4126    17.1875  0.000e+00
    100.147     7.5021   3.426460    33.3402       4127    17.1917  0.000e+00
    100.120     7.5026   3.426416    33.3394       4128    17.1958  0.000e+00
    100.089     7.5026   3.426372    33.3389       4129    17.2000  0.000e+00
    100.056     7.5024   3.426397    33.3394       4130    17.2042  0.000e+00
    100.035     7.5024   3.426397    33.3394       4131    17.2083  0.000e+00
    100.002     7.5025   3.426397    33.3393       4132    17.2125  0.000e+00
     99.963     7.5025   3.426397    33.3394       4133    17.2167  0.000e+00
     99.927     7.5025   3.426459    33.3400       4134    17.2208  0.000e+00
     99.897     7.5029   3.426397    33.3389       4135    17.2250  0.000e+00
     99.866     7.5029   3.426353    33.3385       4136    17.2292  0.000e+00
     99.824     7.5027   3.426416    33.3394       4137    17.2333  0.000e+00
     99.785     7.5030   3.426441    33.3394       4138    17.2375  0.000e+00
     99.743     7.5031   3.426416    33.3390       4139    17.2417  0.000e+00
     99.692     7.5029   3.426328    33.3383       4140    17.2458  0.000e+00
     99.659     7.5028   3.426372    33.3389       4141    17.2500  0.000e+00
     99.622     7.5029   3.426415    33.3393       4142    17.2542  0.000e+00
     99.571     7.5031   3.426478    33.3398       4143    17.2583  0.000e+00
     99.529     7.5034   3.426560    33.3404       4144    17.2625  0.000e+00
     99.496     7.5041   3.426560    33.3398       4145    17.2667  0.000e+00
     99.451     7.5045   3.426503    33.3388       4146    17.2708  0.000e+00
     99.417     7.5046   3.426603    33.3398       4147    17.2750  0.000e+00
     99.399     7.5053   3.426791    33.3412       4148    17.2792  0.000e+00
     99.360     7.5065   3.426628    33.3383       4149    17.2833  0.000e+00
     99.336     7.5065   3.426597    33.3379       4150    17.2875  0.000e+00
     99.303     7.5064   3.426559    33.3377       4151    17.2917  0.000e+00
     99.279     7.5060   3.426603    33.3385       4152    17.2958  0.000e+00
     99.252     7.5061   3.426628    33.3387       4153    17.3000  0.000e+00
     99.234     7.5062   3.426703    33.3394       4154    17.3042  0.000e+00
     99.216     7.5069   3.426691    33.3386       4155    17.3083  0.000e+00
     99.176     7.5071   3.426710    33.3386       4156    17.3125  0.000e+00
     99.158     7.5074   3.426772    33.3391       4157    17.3167  0.000e+00
     99.134     7.5079   3.426691    33.3377       4158    17.3208  0.000e+00
     99.104     7.5081   3.426835    33.3391       4159    17.3250  0.000e+00
     99.080     7.5087   3.426835    33.3385       4160    17.3292  0.000e+00
     99.056     7.5093   3.426973    33.3395       4161    17.3333  0.000e+00
     99.020     7.5102   3.427129    33.3403       4162    17.3375  0.000e+00
     98.983     7.5117   3.427129    33.3389       4163    17.3417  0.000e+00
     98.947     7.5128   3.427255    33.3392       4164    17.3458  0.000e+00
     98.914     7.5142   3.427480    33.3403       4165    17.3500  0.000e+00
     98.866     7.5160   3.428144    33.3457       4166    17.3542  0.000e+00
     98.836     7.5208   3.429385    33.3546       4167    17.3583  0.000e+00
     98.794     7.5290   3.429598    33.3491       4168    17.3625  0.000e+00
     98.751     7.5343   3.427549    33.3218       4169    17.3667  0.000e+00
     98.703     7.5298   3.427975    33.3308       4170    17.3708  0.000e+00
     98.667     7.5276   3.429911    33.3538       4171    17.3750  0.000e+00
     98.628     7.5343   3.430162    33.3501       4172    17.3792  0.000e+00
     98.595     7.5405   3.428990    33.3315       4173    17.3833  0.000e+00
     98.556     7.5402   3.429278    33.3349       4174    17.3875  0.000e+00
     98.522     7.5396   3.429510    33.3381       4175    17.3917  0.000e+00
     98.480     7.5404   3.430312    33.3460       4176    17.3958  0.000e+00
     98.441     7.5443   3.430562    33.3449       4177    17.4000  0.000e+00
     98.411     7.5487   3.430669    33.3418       4178    17.4042  0.000e+00
     98.384     7.5515   3.430650    33.3390       4179    17.4083  0.000e+00
     98.360     7.5529   3.431114    33.3427       4180    17.4125  0.000e+00
     98.330     7.5559   3.431339    33.3423       4181    17.4167  0.000e+00
     98.302     7.5588   3.431327    33.3393       4182    17.4208  0.000e+00
     98.278     7.5605   3.431471    33.3393       4183    17.4250  0.000e+00
     98.257     7.5622   3.431872    33.3420       4184    17.4292  0.000e+00
     98.230     7.5645   3.432029    33.3414       4185    17.4333  0.000e+00
     98.206     7.5670   3.431828    33.3369       4186    17.4375  0.000e+00
     98.179     7.5676   3.432041    33.3386       4187    17.4417  0.000e+00
     98.158     7.5685   3.432380    33.3415       4188    17.4458  0.000e+00
     98.143     7.5706   3.432298    33.3385       4189    17.4500  0.000e+00
     98.110     7.5718   3.432380    33.3383       4190    17.4542  0.000e+00
     98.079     7.5725   3.432656    33.3406       4191    17.4583  0.000e+00
     98.052     7.5743   3.432800    33.3404       4192    17.4625  0.000e+00
     98.025     7.5759   3.432718    33.3380       4193    17.4667  0.000e+00
     97.995     7.5769   3.432906    33.3391       4194    17.4708  0.000e+00
     97.959     7.5778   3.432988    33.3392       4195    17.4750  0.000e+00
     97.929     7.5787   3.433094    33.3394       4196    17.4792  0.000e+00
     97.893     7.5797   3.432649    33.3338       4197    17.4833  0.000e+00
     97.856     7.5789   3.432380    33.3316       4198    17.4875  0.000e+00
     97.826     7.5770   3.433094    33.3412       4199    17.4917  0.000e+00
     97.784     7.5780   3.433157    33.3409       4200    17.4958  0.000e+00
     97.757     7.5797   3.433652    33.3447       4201    17.5000  0.000e+00
     97.718     7.5833   3.434386    33.3491       4202    17.5042  0.000e+00
     97.691     7.5881   3.434360    33.3442       4203    17.5083  0.000e+00
     97.664     7.5914   3.434467    33.3422       4204    17.5125  0.000e+00
     97.624     7.5933   3.433984    33.3352       4205    17.5167  0.000e+00
     97.597     7.5928   3.434649    33.3429       4206    17.5208  0.000e+00
     97.564     7.5945   3.434849    33.3434       4207    17.5250  0.000e+00
     97.534     7.5968   3.434849    33.3413       4208    17.5292  0.000e+00
     97.501     7.5976   3.435207    33.3443       4209    17.5333  0.000e+00
     97.477     7.6005   3.436204    33.3523       4210    17.5375  0.000e+00
     97.447     7.6056   3.434993    33.3344       4211    17.5417  0.000e+00
     97.413     7.6057   3.434655    33.3306       4212    17.5458  0.000e+00
     97.386     7.6026   3.434448    33.3314       4213    17.5500  0.000e+00
     97.350     7.5994   3.434649    33.3366       4214    17.5542  0.000e+00
     97.326     7.5990   3.435733    33.3488       4215    17.5583  0.000e+00
     97.293     7.6029   3.436053    33.3485       4216    17.5625  0.000e+00
     97.254     7.6074   3.435884    33.3424       4217    17.5667  0.000e+00
     97.218     7.6097   3.435758    33.3389       4218    17.5708  0.000e+00
     97.196     7.6102   3.436705    33.3486       4219    17.5750  0.000e+00
     97.157     7.6131   3.436410    33.3426       4220    17.5792  0.000e+00
     97.121     7.6151   3.436561    33.3424       4221    17.5833  0.000e+00
     97.082     7.6166   3.436812    33.3436       4222    17.5875  0.000e+00
     97.052     7.6181   3.437119    33.3455       4223    17.5917  0.000e+00
     97.028     7.6206   3.437150    33.3435       4224    17.5958  0.000e+00
     96.989     7.6223   3.436874    33.3389       4225    17.6000  0.000e+00
     96.961     7.6222   3.436981    33.3402       4226    17.6042  0.000e+00
     96.925     7.6221   3.436937    33.3398       4227    17.6083  0.000e+00
     96.907     7.6221   3.437194    33.3426       4228    17.6125  0.000e+00
     96.871     7.6229   3.437169    33.3416       4229    17.6167  0.000e+00
     96.832     7.6234   3.437426    33.3438       4230    17.6208  0.000e+00
     96.820     7.6246   3.437627    33.3449       4231    17.6250  0.000e+00
     96.793     7.6265   3.437658    33.3434       4232    17.6292  0.000e+00
     96.778     7.6277   3.437401    33.3394       4233    17.6333  0.000e+00
     96.738     7.6276   3.437696    33.3428       4234    17.6375  0.000e+00
     96.720     7.6285   3.437828    33.3433       4235    17.6417  0.000e+00
     96.687     7.6297   3.437828    33.3422       4236    17.6458  0.000e+00
     96.663     7.6303   3.437909    33.3426       4237    17.6500  0.000e+00
     96.633     7.6309   3.438035    33.3433       4238    17.6542  0.000e+00
     96.603     7.6319   3.438122    33.3433       4239    17.6583  0.000e+00
     96.579     7.6334   3.438229    33.3431       4240    17.6625  0.000e+00
     96.549     7.6344   3.438354    33.3434       4241    17.6667  0.000e+00
     96.506     7.6358   3.438185    33.3403       4242    17.6708  0.000e+00
     96.476     7.6365   3.437890    33.3365       4243    17.6750  0.000e+00
     96.437     7.6359   3.437784    33.3359       4244    17.6792  0.000e+00
     96.410     7.6343   3.437827    33.3379       4245    17.6833  0.000e+00
     96.380     7.6330   3.437934    33.3403       4246    17.6875  0.000e+00
     96.344     7.6333   3.437614    33.3367       4247    17.6917  0.000e+00
     96.310     7.6328   3.437740    33.3384       4248    17.6958  0.000e+00
     96.289     7.6322   3.437633    33.3379       4249    17.7000  0.000e+00
     96.265     7.6316   3.438016    33.3426       4250    17.7042  0.000e+00
     96.223     7.6328   3.437802    33.3392       4251    17.7083  0.000e+00
     96.199     7.6333   3.437740    33.3380       4252    17.7125  0.000e+00
     96.181     7.6335   3.437652    33.3369       4253    17.7167  0.000e+00
     96.163     7.6334   3.437382    33.3341       4254    17.7208  0.000e+00
     96.130     7.6321   3.436705    33.3281       4255    17.7250  0.000e+00
     96.106     7.6293   3.435758    33.3205       4256    17.7292  0.000e+00
     96.084     7.6244   3.435118    33.3184       4257    17.7333  0.000e+00
     96.060     7.6185   3.435018    33.3230       4258    17.7375  0.000e+00
     96.033     7.6145   3.434172    33.3177       4259    17.7417  0.000e+00
     96.006     7.6098   3.433156    33.3113       4260    17.7458  0.000e+00
     95.985     7.6034   3.433206    33.3179       4261    17.7500  0.000e+00
     95.943     7.5996   3.433495    33.3247       4262    17.7542  0.000e+00
     95.916     7.5982   3.433156    33.3224       4263    17.7583  0.000e+00
     95.889     7.5973   3.432886    33.3204       4264    17.7625  0.000e+00
     95.849     7.5957   3.432247    33.3151       4265    17.7667  0.000e+00
     95.798     7.5927   3.432316    33.3187       4266    17.7708  0.000e+00
     95.771     7.5908   3.432398    33.3214       4267    17.7750  0.000e+00
     95.738     7.5898   3.432209    33.3204       4268    17.7792  0.000e+00
     95.693     7.5889   3.431871    33.3175       4269    17.7833  0.000e+00
     95.660     7.5874   3.431489    33.3150       4270    17.7875  0.000e+00
     95.623     7.5853   3.431746    33.3197       4271    17.7917  0.000e+00
     95.590     7.5842   3.431658    33.3199       4272    17.7958  0.000e+00
     95.560     7.5839   3.431182    33.3150       4273    17.8000  0.000e+00
     95.524     7.5823   3.431326    33.3181       4274    17.8042  0.000e+00
     95.500     7.5814   3.431131    33.3169       4275    17.8083  0.000e+00
     95.467     7.5804   3.430542    33.3115       4276    17.8125  0.000e+00
     95.449     7.5780   3.430561    33.3141       4277    17.8167  0.000e+00
     95.428     7.5761   3.430498    33.3152       4278    17.8208  0.000e+00
     95.394     7.5747   3.429107    33.3016       4279    17.8250  0.000e+00
     95.373     7.5695   3.427679    33.2911       4280    17.8292  0.000e+00
     95.358     7.5604   3.426789    33.2902       4281    17.8333  0.000e+00
     95.331     7.5517   3.427385    33.3050       4282    17.8375  0.000e+00
     95.310     7.5480   3.427654    33.3114       4283    17.8417  0.000e+00
     95.292     7.5483   3.428143    33.3165       4284    17.8458  0.000e+00
     95.265     7.5495   3.426789    33.3008       4285    17.8500  0.000e+00
     95.232     7.5477   3.428475    33.3207       4286    17.8542  0.000e+00
     95.211     7.5496   3.427779    33.3113       4287    17.8583  0.000e+00
     95.174     7.5501   3.426727    33.2995       4288    17.8625  0.000e+00
     95.147     7.5463   3.426501    33.3007       4289    17.8667  0.000e+00
     95.111     7.5426   3.426789    33.3075       4290    17.8708  0.000e+00
     95.069     7.5411   3.426201    33.3025       4291    17.8750  0.000e+00
     95.048     7.5391   3.425969    33.3019       4292    17.8792  0.000e+00
     95.009     7.5367   3.425975    33.3043       4293    17.8833  0.000e+00
     94.972     7.5348   3.425405    33.3000       4294    17.8875  0.000e+00
     94.942     7.5325   3.425612    33.3045       4295    17.8917  0.000e+00
     94.900     7.5312   3.425718    33.3069       4296    17.8958  0.000e+00
     94.876     7.5314   3.426614    33.3164       4297    17.9000  0.000e+00
     94.834     7.5344   3.426833    33.3159       4298    17.9042  0.000e+00
     94.804     7.5385   3.426413    33.3074       4299    17.9083  0.000e+00
     94.771     7.5394   3.426013    33.3023       4300    17.9125  0.000e+00
     94.740     7.5380   3.426413    33.3079       4301    17.9167  0.000e+00
     94.722     7.5384   3.428080    33.3256       4302    17.9208  0.000e+00
     94.695     7.5455   3.427422    33.3117       4303    17.9250  0.000e+00
     94.659     7.5483   3.426833    33.3026       4304    17.9292  0.000e+00
     94.638     7.5470   3.426770    33.3032       4305    17.9333  0.000e+00
     94.608     7.5457   3.426789    33.3047       4306    17.9375  0.000e+00
     94.590     7.5447   3.426727    33.3050       4307    17.9417  0.000e+00
     94.566     7.5442   3.426990    33.3083       4308    17.9458  0.000e+00
     94.545     7.5450   3.427046    33.3082       4309    17.9500  0.000e+00
     94.517     7.5460   3.426770    33.3043       4310    17.9542  0.000e+00
     94.496     7.5457   3.427065    33.3077       4311    17.9583  0.000e+00
     94.475     7.5462   3.427215    33.3088       4312    17.9625  0.000e+00
     94.451     7.5472   3.426896    33.3045       4313    17.9667  0.000e+00
     94.427     7.5467   3.426432    33.2999       4314    17.9708  0.000e+00
     94.394     7.5445   3.427547    33.3141       4315    17.9750  0.000e+00
     94.370     7.5464   3.427522    33.3120       4316    17.9792  0.000e+00
     94.340     7.5490   3.427297    33.3072       4317    17.9833  0.000e+00
