HB2302/sbe107.cnv
* Sea-Bird SBE 19plus V2 Data File:
* FileName = C:\cruise\data\sbe107.hex
* Software Version Seasave V 7.26.7.121
* Temperature SN = 4758
* Conductivity SN = 4758
* System UpLoad Time = Jun 18 2023 12:24:21
* NMEA Latitude = 42 33.97 N
* NMEA Longitude = 066 05.89 W
* NMEA UTC (Time) = Jun 18 2023 12:24:21
** Cruise: HB2302
** Program: Ecomon
** Chief Scientist: Jerry Prezioso
# nquan = 7
# nvalues = 3087                                  
# units = specified
# name 0 = depSM: Depth [salt water, m]
# name 1 = tv290C: Temperature [ITS-90, deg C]
# name 2 = c0S/m: Conductivity [S/m]
# name 3 = sal00: Salinity, Practical [PSU]
# name 4 = scan: Scan Count
# name 5 = timeM: Time, Elapsed [minutes]
# name 6 = flag:  0.000e+00
# span 0 =     -0.218,    155.440                 
# span 1 =     4.9884,    11.8613                 
# span 2 =   0.000259,   3.669107                 
# span 3 =     0.0068,    34.3981                 
# span 4 =         11,       3097                 
# span 5 =     0.0417,    12.9000                 
# span 6 = 0.0000e+00, 0.0000e+00                 
# interval = seconds: 0.25
# start_time = Jun 18 2023 12:24:21 [NMEA time, header]
# bad_flag = -9.990e-29
*END*
[from data line 2872]
     12.009     9.2334   3.414242    31.6542       2883    12.0083  0.000e+00
     11.940     9.2477   3.415399    31.6535       2884    12.0125  0.000e+00
     11.876     9.2661   3.415662    31.6399       2885    12.0167  0.000e+00
     11.813     9.2817   3.415399    31.6235       2886    12.0208  0.000e+00
     11.753     9.2903   3.415624    31.6182       2887    12.0250  0.000e+00
     11.699     9.2947   3.415524    31.6133       2888    12.0292  0.000e+00
     11.659     9.2967   3.415349    31.6097       2889    12.0333  0.000e+00
     11.620     9.2972   3.414811    31.6038       2890    12.0375  0.000e+00
     11.584     9.2978   3.415123    31.6065       2891    12.0417  0.000e+00
     11.560     9.2979   3.414710    31.6021       2892    12.0458  0.000e+00
     11.539     9.2983   3.414704    31.6017       2893    12.0500  0.000e+00
     11.515     9.2994   3.414873    31.6025       2894    12.0542  0.000e+00
     11.482     9.3010   3.415142    31.6039       2895    12.0583  0.000e+00
     11.442     9.3031   3.416080    31.6117       2896    12.0625  0.000e+00
     11.409     9.3099   3.418314    31.6287       2897    12.0667  0.000e+00
     11.367     9.3249   3.419134    31.6238       2898    12.0708  0.000e+00
     11.319     9.3400   3.420104    31.6204       2899    12.0750  0.000e+00
     11.258     9.3528   3.420730    31.6155       2900    12.0792  0.000e+00
     11.192     9.3638   3.421819    31.6170       2901    12.0833  0.000e+00
     11.120     9.3745   3.421863    31.6080       2902    12.0875  0.000e+00
     11.047     9.3814   3.420986    31.5930       2903    12.0917  0.000e+00
     10.960     9.3815   3.420999    31.5931       2904    12.0958  0.000e+00
     10.863     9.3803   3.421675    31.6010       2905    12.1000  0.000e+00
     10.764     9.3816   3.421318    31.5963       2906    12.1042  0.000e+00
     10.682     9.3823   3.421230    31.5948       2907    12.1083  0.000e+00
     10.586     9.3818   3.421506    31.5981       2908    12.1125  0.000e+00
     10.492     9.3821   3.421230    31.5951       2909    12.1167  0.000e+00
     10.414     9.3812   3.421149    31.5951       2910    12.1208  0.000e+00
     10.333     9.3797   3.421117    31.5961       2911    12.1250  0.000e+00
     10.275     9.3784   3.421318    31.5994       2912    12.1292  0.000e+00
     10.215     9.3791   3.421355    31.5991       2913    12.1333  0.000e+00
     10.167     9.3798   3.421161    31.5966       2914    12.1375  0.000e+00
     10.137     9.3793   3.421149    31.5969       2915    12.1417  0.000e+00
     10.112     9.3783   3.421211    31.5984       2916    12.1458  0.000e+00
     10.100     9.3781   3.421105    31.5975       2917    12.1500  0.000e+00
     10.100     9.3779   3.421205    31.5987       2918    12.1542  0.000e+00
     10.094     9.3773   3.420792    31.5950       2919    12.1583  0.000e+00
     10.094     9.3758   3.420792    31.5964       2920    12.1625  0.000e+00
     10.094     9.3741   3.420516    31.5950       2921    12.1667  0.000e+00
     10.079     9.3722   3.420454    31.5961       2922    12.1708  0.000e+00
     10.076     9.3706   3.421443    31.6076       2923    12.1750  0.000e+00
     10.046     9.3736   3.421631    31.6069       2924    12.1792  0.000e+00
     10.004     9.3779   3.421894    31.6058       2925    12.1833  0.000e+00
      9.950     9.3810   3.421293    31.5970       2926    12.1875  0.000e+00
      9.883     9.3803   3.421336    31.5980       2927    12.1917  0.000e+00
      9.808     9.3792   3.421649    31.6023       2928    12.1958  0.000e+00
      9.726     9.3802   3.422338    31.6085       2929    12.2000  0.000e+00
      9.633     9.3843   3.422789    31.6095       2930    12.2042  0.000e+00
      9.552     9.3896   3.423271    31.6098       2931    12.2083  0.000e+00
      9.470     9.3959   3.423208    31.6036       2932    12.2125  0.000e+00
      9.398     9.3998   3.423596    31.6042       2933    12.2167  0.000e+00
      9.340     9.4026   3.423440    31.6001       2934    12.2208  0.000e+00
      9.283     9.4045   3.423984    31.6040       2935    12.2250  0.000e+00
      9.241     9.4076   3.425193    31.6138       2936    12.2292  0.000e+00
      9.190     9.4160   3.425456    31.6091       2937    12.2333  0.000e+00
      9.150     9.4234   3.425500    31.6029       2938    12.2375  0.000e+00
      9.102     9.4279   3.425750    31.6016       2939    12.2417  0.000e+00
      9.063     9.4309   3.425725    31.5986       2940    12.2458  0.000e+00
      9.012     9.4328   3.425688    31.5966       2941    12.2500  0.000e+00
      8.960     9.4331   3.425543    31.5950       2942    12.2542  0.000e+00
      8.903     9.4327   3.425650    31.5964       2943    12.2583  0.000e+00
      8.840     9.4331   3.426120    31.6008       2944    12.2625  0.000e+00
      8.782     9.4353   3.426320    31.6010       2945    12.2667  0.000e+00
      8.725     9.4379   3.426827    31.6040       2946    12.2708  0.000e+00
      8.668     9.4429   3.427585    31.6073       2947    12.2750  0.000e+00
      8.623     9.4513   3.428450    31.6088       2948    12.2792  0.000e+00
      8.571     9.4618   3.429440    31.6097       2949    12.2833  0.000e+00
      8.505     9.4735   3.430492    31.6101       2950    12.2875  0.000e+00
      8.457     9.4855   3.431671    31.6116       2951    12.2917  0.000e+00
      8.420     9.4989   3.432868    31.6120       2952    12.2958  0.000e+00
      8.381     9.5150   3.435175    31.6214       2953    12.3000  0.000e+00
      8.357     9.5347   3.435726    31.6097       2954    12.3042  0.000e+00
      8.324     9.5518   3.436341    31.6009       2955    12.3083  0.000e+00
      8.300     9.5645   3.439784    31.6249       2956    12.3125  0.000e+00
      8.267     9.5866   3.445350    31.6622       2957    12.3167  0.000e+00
      8.239     9.6308   3.450229    31.6729       2958    12.3208  0.000e+00
      8.209     9.6881   3.452370    31.6443       2959    12.3250  0.000e+00
      8.176     9.7365   3.452433    31.6024       2960    12.3292  0.000e+00
      8.128     9.7647   3.454110    31.5947       2961    12.3333  0.000e+00
      8.065     9.7871   3.455134    31.5854       2962    12.3375  0.000e+00
      7.995     9.8068   3.455492    31.5719       2963    12.3417  0.000e+00
      7.926     9.8208   3.456152    31.5663       2964    12.3458  0.000e+00
      7.847     9.8325   3.456642    31.5611       2965    12.3500  0.000e+00
      7.787     9.8436   3.456837    31.5533       2966    12.3542  0.000e+00
      7.718     9.8513   3.457748    31.5559       2967    12.3583  0.000e+00
      7.639     9.8614   3.457773    31.5474       2968    12.3625  0.000e+00
      7.561     9.8680   3.456855    31.5323       2969    12.3667  0.000e+00
      7.476     9.8659   3.458087    31.5466       2970    12.3708  0.000e+00
      7.395     9.8697   3.458301    31.5455       2971    12.3750  0.000e+00
      7.314     9.8762   3.458357    31.5404       2972    12.3792  0.000e+00
      7.250     9.8807   3.458238    31.5353       2973    12.3833  0.000e+00
      7.187     9.8823   3.458282    31.5344       2974    12.3875  0.000e+00
      7.126     9.8824   3.458389    31.5354       2975    12.3917  0.000e+00
      7.072     9.8832   3.458514    31.5360       2976    12.3958  0.000e+00
      7.027     9.8857   3.458558    31.5343       2977    12.4000  0.000e+00
      6.991     9.8871   3.458426    31.5317       2978    12.4042  0.000e+00
      6.964     9.8869   3.458257    31.5302       2979    12.4083  0.000e+00
      6.942     9.8855   3.458238    31.5312       2980    12.4125  0.000e+00
      6.921     9.8842   3.458131    31.5313       2981    12.4167  0.000e+00
      6.909     9.8821   3.458005    31.5319       2982    12.4208  0.000e+00
      6.891     9.8790   3.457798    31.5325       2983    12.4250  0.000e+00
      6.867     9.8756   3.457773    31.5353       2984    12.4292  0.000e+00
      6.834     9.8733   3.457810    31.5376       2985    12.4333  0.000e+00
      6.807     9.8722   3.457980    31.5404       2986    12.4375  0.000e+00
      6.774     9.8728   3.458257    31.5426       2987    12.4417  0.000e+00
      6.734     9.8756   3.458716    31.5448       2988    12.4458  0.000e+00
      6.695     9.8804   3.458703    31.5405       2989    12.4500  0.000e+00
      6.650     9.8842   3.458728    31.5375       2990    12.4542  0.000e+00
      6.605     9.8854   3.458684    31.5360       2991    12.4583  0.000e+00
      6.541     9.8860   3.459023    31.5389       2992    12.4625  0.000e+00
      6.466     9.8882   3.459835    31.5452       2993    12.4667  0.000e+00
      6.381     9.8952   3.459860    31.5394       2994    12.4708  0.000e+00
      6.294     9.9009   3.458916    31.5249       2995    12.4750  0.000e+00
      6.203     9.8987   3.459790    31.5357       2996    12.4792  0.000e+00
      6.104     9.9005   3.460539    31.5418       2997    12.4833  0.000e+00
      6.007     9.9071   3.462922    31.5602       2998    12.4875  0.000e+00
      5.908     9.9227   3.471399    31.6323       2999    12.4917  0.000e+00
      5.808     9.9647   3.473048    31.6122       3000    12.4958  0.000e+00
      5.706    10.0087   3.473495    31.5783       3001    12.5000  0.000e+00
      5.606    10.0311   3.467784    31.5011       3002    12.5042  0.000e+00
      5.515    10.0225   3.462134    31.4517       3003    12.5083  0.000e+00
      5.431     9.9866   3.467168    31.5339       3004    12.5125  0.000e+00
      5.359     9.9795   3.463242    31.5005       3005    12.5167  0.000e+00
      5.298     9.9686   3.462305    31.5005       3006    12.5208  0.000e+00
      5.253     9.9531   3.461663    31.5076       3007    12.5250  0.000e+00
      5.223     9.9420   3.461431    31.5149       3008    12.5292  0.000e+00
      5.211     9.9343   3.460450    31.5117       3009    12.5333  0.000e+00
      5.205     9.9262   3.460790    31.5223       3010    12.5375  0.000e+00
      5.217     9.9233   3.464224    31.5595       3011    12.5417  0.000e+00
      5.226     9.9351   3.465243    31.5594       3012    12.5458  0.000e+00
      5.232     9.9503   3.464136    31.5350       3013    12.5500  0.000e+00
      5.214     9.9556   3.465010    31.5392       3014    12.5542  0.000e+00
      5.201     9.9597   3.464840    31.5339       3015    12.5583  0.000e+00
      5.168     9.9624   3.467892    31.5624       3016    12.5625  0.000e+00
      5.114     9.9770   3.470479    31.5758       3017    12.5667  0.000e+00
      5.060     9.9991   3.472053    31.5724       3018    12.5708  0.000e+00
      4.987    10.0180   3.473387    31.5694       3019    12.5750  0.000e+00
      4.906    10.0383   3.480626    31.6247       3020    12.5792  0.000e+00
      4.830    10.0785   3.481546    31.5989       3021    12.5833  0.000e+00
      4.752    10.1095   3.478842    31.5446       3022    12.5875  0.000e+00
      4.674    10.1181   3.482573    31.5747       3023    12.5917  0.000e+00
      4.571    10.1299   3.485776    31.5967       3024    12.5958  0.000e+00
      4.453    10.1556   3.486072    31.5774       3025    12.6000  0.000e+00
      4.342    10.1739   3.485586    31.5566       3026    12.6042  0.000e+00
      4.242    10.1823   3.485340    31.5468       3027    12.6083  0.000e+00
      4.152    10.1842   3.485044    31.5422       3028    12.6125  0.000e+00
      4.109    10.1829   3.484117    31.5341       3029    12.6167  0.000e+00
      4.070    10.1779   3.483821    31.5354       3030    12.6208  0.000e+00
      4.058    10.1726   3.484420    31.5461       3031    12.6250  0.000e+00
      4.037    10.1722   3.484312    31.5453       3032    12.6292  0.000e+00
      4.019    10.1732   3.485643    31.5579       3033    12.6333  0.000e+00
      3.998    10.1780   3.486545    31.5627       3034    12.6375  0.000e+00
      3.952    10.1862   3.487440    31.5646       3035    12.6417  0.000e+00
      3.892    10.1956   3.488696    31.5691       3036    12.6458  0.000e+00
      3.820    10.2056   3.487623    31.5497       3037    12.6500  0.000e+00
      3.732    10.2081   3.486052    31.5317       3038    12.6542  0.000e+00
      3.639    10.2015   3.485195    31.5289       3039    12.6583  0.000e+00
      3.542    10.1927   3.485170    31.5363       3040    12.6625  0.000e+00
      3.458    10.1866   3.485195    31.5419       3041    12.6667  0.000e+00
      3.379    10.1840   3.486071    31.5531       3042    12.6708  0.000e+00
      3.310    10.1862   3.486355    31.5540       3043    12.6750  0.000e+00
      3.244    10.1890   3.485043    31.5384       3044    12.6792  0.000e+00
      3.177    10.1861   3.485106    31.5416       3045    12.6833  0.000e+00
      3.102    10.1829   3.484507    31.5384       3046    12.6875  0.000e+00
      3.032    10.1798   3.484804    31.5441       3047    12.6917  0.000e+00
      2.978    10.1788   3.487125    31.5683       3048    12.6958  0.000e+00
      2.954    10.1889   3.489036    31.5788       3049    12.7000  0.000e+00
      2.948    10.2024   3.485945    31.5359       3050    12.7042  0.000e+00
      2.945    10.1999   3.485213    31.5308       3051    12.7083  0.000e+00
      2.939    10.1931   3.487307    31.5578       3052    12.7125  0.000e+00
      2.915    10.1958   3.488026    31.5626       3053    12.7167  0.000e+00
      2.894    10.2028   3.488676    31.5631       3054    12.7208  0.000e+00
      2.836    10.2097   3.487124    31.5415       3055    12.7250  0.000e+00
      2.722    10.2091   3.488455    31.5554       3056    12.7292  0.000e+00
      2.571    10.2110   3.491042    31.5798       3057    12.7333  0.000e+00
      2.372    10.2236   3.491660    31.5752       3058    12.7375  0.000e+00
      2.200    10.2365   3.491597    31.5633       3059    12.7417  0.000e+00
      2.049    10.2439   3.491471    31.5557       3060    12.7458  0.000e+00
      1.940    10.2469   3.491597    31.5544       3061    12.7500  0.000e+00
      1.874    10.2485   3.491653    31.5536       3062    12.7542  0.000e+00
      1.820    10.2495   3.491319    31.5495       3063    12.7583  0.000e+00
      1.795    10.2489   3.491319    31.5500       3064    12.7625  0.000e+00
      1.786    10.2485   3.491294    31.5501       3065    12.7667  0.000e+00
      1.798    10.2477   3.491445    31.5523       3066    12.7708  0.000e+00
      1.813    10.2479   3.491470    31.5524       3067    12.7750  0.000e+00
      1.843    10.2483   3.491470    31.5519       3068    12.7792  0.000e+00
      1.871    10.2482   3.490265    31.5400       3069    12.7833  0.000e+00
      1.895    10.2437   3.489704    31.5382       3070    12.7875  0.000e+00
      1.907    10.2367   3.489407    31.5413       3071    12.7917  0.000e+00
      1.901    10.2316   3.489231    31.5440       3072    12.7958  0.000e+00
      1.870    10.2278   3.488909    31.5441       3073    12.8000  0.000e+00
      1.825    10.2241   3.488392    31.5421       3074    12.8042  0.000e+00
      1.774    10.2198   3.487837    31.5403       3075    12.8083  0.000e+00
      1.701    10.2150   3.487963    31.5458       3076    12.8125  0.000e+00
      1.605    10.2118   3.487319    31.5422       3077    12.8167  0.000e+00
      1.493    10.2085   3.487597    31.5479       3078    12.8208  0.000e+00
      1.345    10.2070   3.487294    31.5462       3079    12.8250  0.000e+00
      1.198    10.2061   3.489685    31.5711       3080    12.8292  0.000e+00
      1.062    10.2137   3.490385    31.5715       3081    12.8333  0.000e+00
      0.932    10.2241   3.490240    31.5611       3082    12.8375  0.000e+00
      0.824    10.2300   3.490158    31.5551       3083    12.8417  0.000e+00
      0.733    10.2326   3.490088    31.5522       3084    12.8458  0.000e+00
      0.661    10.2334   3.490006    31.5508       3085    12.8500  0.000e+00
      0.606    10.2330   3.489659    31.5476       3086    12.8542  0.000e+00
