HB2302/sbe130.cnv
* Sea-Bird SBE 19plus V2 Data File:
* FileName = C:\cruise\data\sbe130.hex
* Software Version Seasave V 7.26.7.121
* Temperature SN = 4758
* Conductivity SN = 4758
* System UpLoad Time = Jun 20 2023 08:09:27
* NMEA Latitude = 43 38.30 N
* NMEA Longitude = 067 21.71 W
* NMEA UTC (Time) = Jun 20 2023 08:09:27
** Cruise: HB2302
** Program: Ecomon
** Chief Scientist: Jerry Prezioso
# nquan = 7
# nvalues = 5129                                  
# units = specified
# name 0 = depSM: Depth [salt water, m]
# name 1 = tv290C: Temperature [ITS-90, deg C]
# name 2 = c0S/m: Conductivity [S/m]
# name 3 = sal00: Salinity, Practical [PSU]
# name 4 = scan: Scan Count
# name 5 = timeM: Time, Elapsed [minutes]
# name 6 = flag:  0.000e+00
# span 0 =     -0.035,    208.460                 
# span 1 =     7.5058,    11.6711                 
# span 2 =   0.000582,   3.670405                 
# span 3 =     0.0081,    34.2071                 
# span 4 =         11,       5139                 
# span 5 =     0.0417,    21.4083                 
# span 6 = 0.0000e+00, 0.0000e+00                 
# interval = seconds: 0.25
# start_time = Jun 20 2023 08:09:27 [NMEA time, header]
# bad_flag = -9.990e-29
*END*
[from data line 206]
     15.753    10.9442   3.600030    32.0208        217     0.9000  0.000e+00
     15.892    10.9128   3.596953    32.0177        218     0.9042  0.000e+00
     16.028    10.8786   3.594706    32.0253        219     0.9083  0.000e+00
     16.164    10.8438   3.591610    32.0250        220     0.9125  0.000e+00
     16.287    10.8113   3.589122    32.0288        221     0.9167  0.000e+00
     16.417    10.7796   3.585876    32.0242        222     0.9208  0.000e+00
     16.541    10.7467   3.583861    32.0330        223     0.9250  0.000e+00
     16.670    10.7117   3.580891    32.0341        224     0.9292  0.000e+00
     16.794    10.6773   3.577966    32.0351        225     0.9333  0.000e+00
     16.918    10.6371   3.575730    32.0480        226     0.9375  0.000e+00
     17.035    10.5960   3.572342    32.0503        227     0.9417  0.000e+00
     17.162    10.5611   3.570051    32.0581        228     0.9458  0.000e+00
     17.286    10.5241   3.567244    32.0626        229     0.9500  0.000e+00
     17.418    10.4883   3.565125    32.0729        230     0.9542  0.000e+00
     17.551    10.4544   3.562479    32.0762        231     0.9583  0.000e+00
     17.684    10.4261   3.560521    32.0815        232     0.9625  0.000e+00
     17.823    10.4003   3.557640    32.0754        233     0.9667  0.000e+00
     17.961    10.3709   3.555111    32.0759        234     0.9708  0.000e+00
     18.103    10.3356   3.552824    32.0840        235     0.9750  0.000e+00
     18.242    10.3010   3.550124    32.0874        236     0.9792  0.000e+00
     18.387    10.2653   3.547717    32.0948        237     0.9833  0.000e+00
     18.526    10.2307   3.545806    32.1061        238     0.9875  0.000e+00
     18.664    10.1985   3.544823    32.1247        239     0.9917  0.000e+00
     18.800    10.1654   3.547541    32.1814        240     0.9958  0.000e+00
     18.930    10.1370   3.513440    31.8628        241     1.0000  0.000e+00
     19.072     9.9152   3.440505    31.3209        242     1.0042  0.000e+00
     19.204     9.4167   3.434026    31.6918        243     1.0083  0.000e+00
     19.340     9.0442   3.431554    31.9986        244     1.0125  0.000e+00
     19.476     8.8322   3.428667    32.1600        245     1.0167  0.000e+00
     19.609     8.7086   3.425662    32.2409        246     1.0208  0.000e+00
     19.744     8.6282   3.424097    32.2978        247     1.0250  0.000e+00
     19.880     8.5764   3.422651    32.3300        248     1.0292  0.000e+00
     20.019     8.5407   3.421599    32.3516        249     1.0333  0.000e+00
     20.146     8.5152   3.420492    32.3633        250     1.0375  0.000e+00
     20.281     8.4940   3.419353    32.3707        251     1.0417  0.000e+00
     20.408     8.4753   3.418658    32.3805        252     1.0458  0.000e+00
     20.544     8.4600   3.417926    32.3868        253     1.0500  0.000e+00
     20.659     8.4478   3.417351    32.3920        254     1.0542  0.000e+00
     20.794     8.4380   3.417151    32.3988        255     1.0583  0.000e+00
     20.930     8.4311   3.416919    32.4027        256     1.0625  0.000e+00
     21.063     8.4264   3.416625    32.4039        257     1.0667  0.000e+00
     21.196     8.4226   3.416350    32.4044        258     1.0708  0.000e+00
     21.334     8.4187   3.415850    32.4026        259     1.0750  0.000e+00
     21.467     8.4139   3.415305    32.4012        260     1.0792  0.000e+00
     21.609     8.4078   3.414749    32.4009        261     1.0833  0.000e+00
     21.745     8.4008   3.414361    32.4032        262     1.0875  0.000e+00
     21.889     8.3922   3.413629    32.4034        263     1.0917  0.000e+00
     22.031     8.3800   3.412785    32.4056        264     1.0958  0.000e+00
     22.173     8.3647   3.411447    32.4056        265     1.1000  0.000e+00
     22.324     8.3453   3.410109    32.4092        266     1.1042  0.000e+00
     22.472     8.3240   3.408765    32.4146        267     1.1083  0.000e+00
     22.628     8.2993   3.407315    32.4220        268     1.1125  0.000e+00
     22.770     8.2736   3.406322    32.4352        269     1.1167  0.000e+00
     22.912     8.2521   3.405860    32.4500        270     1.1208  0.000e+00
     23.051     8.2359   3.405273    32.4587        271     1.1250  0.000e+00
     23.193     8.2230   3.404860    32.4662        272     1.1292  0.000e+00
     23.331     8.2133   3.404586    32.4723        273     1.1333  0.000e+00
     23.473     8.2064   3.404236    32.4749        274     1.1375  0.000e+00
     23.615     8.2000   3.404148    32.4798        275     1.1417  0.000e+00
     23.754     8.1947   3.404230    32.4855        276     1.1458  0.000e+00
     23.892     8.1914   3.404017    32.4862        277     1.1500  0.000e+00
     24.031     8.1891   3.404192    32.4902        278     1.1542  0.000e+00
     24.167     8.1876   3.403793    32.4873        279     1.1583  0.000e+00
     24.303     8.1847   3.403418    32.4859        280     1.1625  0.000e+00
     24.438     8.1801   3.403137    32.4871        281     1.1667  0.000e+00
     24.586     8.1743   3.402793    32.4888        282     1.1708  0.000e+00
     24.728     8.1672   3.402350    32.4905        283     1.1750  0.000e+00
     24.864     8.1597   3.402081    32.4947        284     1.1792  0.000e+00
     25.003     8.1525   3.401850    32.4988        285     1.1833  0.000e+00
     25.138     8.1461   3.401644    32.5024        286     1.1875  0.000e+00
     25.283     8.1408   3.401382    32.5045        287     1.1917  0.000e+00
     25.425     8.1358   3.401270    32.5080        288     1.1958  0.000e+00
     25.570     8.1315   3.401164    32.5107        289     1.2000  0.000e+00
     25.715     8.1281   3.401051    32.5126        290     1.2042  0.000e+00
     25.859     8.1251   3.400995    32.5147        291     1.2083  0.000e+00
     25.995     8.1226   3.400827    32.5152        292     1.2125  0.000e+00
     26.137     8.1203   3.400764    32.5166        293     1.2167  0.000e+00
     26.270     8.1184   3.400827    32.5190        294     1.2208  0.000e+00
     26.411     8.1171   3.400746    32.5193        295     1.2250  0.000e+00
     26.544     8.1160   3.400658    32.5193        296     1.2292  0.000e+00
     26.677     8.1147   3.400558    32.5193        297     1.2333  0.000e+00
     26.807     8.1135   3.400577    32.5206        298     1.2375  0.000e+00
     26.939     8.1127   3.400502    32.5205        299     1.2417  0.000e+00
     27.072     8.1119   3.400496    32.5211        300     1.2458  0.000e+00
     27.208     8.1113   3.400434    32.5209        301     1.2500  0.000e+00
     27.329     8.1106   3.400328    32.5204        302     1.2542  0.000e+00
     27.461     8.1098   3.400328    32.5211        303     1.2583  0.000e+00
     27.588     8.1093   3.400284    32.5211        304     1.2625  0.000e+00
     27.718     8.1088   3.400215    32.5207        305     1.2667  0.000e+00
     27.847     8.1084   3.400222    32.5211        306     1.2708  0.000e+00
     27.986     8.1079   3.400159    32.5208        307     1.2750  0.000e+00
     28.113     8.1076   3.400141    32.5208        308     1.2792  0.000e+00
     28.243     8.1069   3.400109    32.5211        309     1.2833  0.000e+00
     28.378     8.1062   3.400097    32.5215        310     1.2875  0.000e+00
     28.520     8.1050   3.400059    32.5222        311     1.2917  0.000e+00
     28.653     8.1029   3.400066    32.5242        312     1.2958  0.000e+00
     28.792     8.0999   3.400078    32.5270        313     1.3000  0.000e+00
     28.930     8.0971   3.400016    32.5289        314     1.3042  0.000e+00
     29.093     8.0936   3.399866    32.5304        315     1.3083  0.000e+00
     29.238     8.0872   3.399623    32.5338        316     1.3125  0.000e+00
     29.398     8.0776   3.399492    32.5412        317     1.3167  0.000e+00
     29.552     8.0667   3.399142    32.5476        318     1.3208  0.000e+00
     29.709     8.0533   3.398930    32.5577        319     1.3250  0.000e+00
     29.866     8.0403   3.399018    32.5706        320     1.3292  0.000e+00
     30.023     8.0310   3.398924    32.5782        321     1.3333  0.000e+00
     30.173     8.0233   3.398912    32.5852        322     1.3375  0.000e+00
     30.321     8.0148   3.398806    32.5919        323     1.3417  0.000e+00
     30.469     8.0074   3.398794    32.5986        324     1.3458  0.000e+00
     30.620     8.0012   3.398769    32.6040        325     1.3500  0.000e+00
     30.759     7.9953   3.398644    32.6081        326     1.3542  0.000e+00
     30.903     7.9889   3.398619    32.6137        327     1.3583  0.000e+00
     31.042     7.9836   3.398413    32.6165        328     1.3625  0.000e+00
     31.181     7.9782   3.398288    32.6201        329     1.3667  0.000e+00
     31.317     7.9728   3.398157    32.6237        330     1.3708  0.000e+00
     31.449     7.9687   3.398076    32.6266        331     1.3750  0.000e+00
     31.582     7.9659   3.397976    32.6281        332     1.3792  0.000e+00
     31.712     7.9633   3.397852    32.6290        333     1.3833  0.000e+00
     31.833     7.9609   3.397808    32.6308        334     1.3875  0.000e+00
     31.950     7.9569   3.397746    32.6339        335     1.3917  0.000e+00
     32.068     7.9518   3.397696    32.6380        336     1.3958  0.000e+00
     32.186     7.9477   3.397640    32.6412        337     1.4000  0.000e+00
     32.303     7.9440   3.397602    32.6442        338     1.4042  0.000e+00
     32.424     7.9409   3.397521    32.6462        339     1.4083  0.000e+00
     32.545     7.9383   3.397453    32.6478        340     1.4125  0.000e+00
     32.683     7.9357   3.397434    32.6500        341     1.4167  0.000e+00
     32.810     7.9335   3.397390    32.6515        342     1.4208  0.000e+00
     32.943     7.9321   3.397390    32.6527        343     1.4250  0.000e+00
     33.085     7.9312   3.397266    32.6522        344     1.4292  0.000e+00
     33.226     7.9303   3.397172    32.6519        345     1.4333  0.000e+00
     33.374     7.9290   3.397184    32.6532        346     1.4375  0.000e+00
     33.528     7.9281   3.397097    32.6531        347     1.4417  0.000e+00
     33.685     7.9271   3.397172    32.6547        348     1.4458  0.000e+00
     33.848     7.9267   3.397060    32.6538        349     1.4500  0.000e+00
     34.011     7.9257   3.396785    32.6518        350     1.4542  0.000e+00
     34.168     7.9233   3.396642    32.6524        351     1.4583  0.000e+00
     34.327     7.9203   3.396454    32.6532        352     1.4625  0.000e+00
     34.484     7.9161   3.396305    32.6554        353     1.4667  0.000e+00
     34.632     7.9103   3.396118    32.6587        354     1.4708  0.000e+00
     34.786     7.9029   3.396080    32.6652        355     1.4750  0.000e+00
     34.922     7.8965   3.395956    32.6698        356     1.4792  0.000e+00
     35.061     7.8913   3.396006    32.6751        357     1.4833  0.000e+00
     35.196     7.8879   3.396118    32.6794        358     1.4875  0.000e+00
     35.326     7.8854   3.395993    32.6803        359     1.4917  0.000e+00
     35.456     7.8817   3.396031    32.6841        360     1.4958  0.000e+00
     35.582     7.8779   3.396118    32.6886        361     1.5000  0.000e+00
     35.703     7.8734   3.396100    32.6925        362     1.5042  0.000e+00
     35.836     7.8685   3.396118    32.6973        363     1.5083  0.000e+00
     35.963     7.8643   3.396119    32.7012        364     1.5125  0.000e+00
     36.086     7.8608   3.396119    32.7044        365     1.5167  0.000e+00
     36.225     7.8584   3.396119    32.7066        366     1.5208  0.000e+00
     36.352     7.8564   3.396162    32.7088        367     1.5250  0.000e+00
     36.482     7.8548   3.396181    32.7105        368     1.5292  0.000e+00
     36.626     7.8522   3.396050    32.7114        369     1.5333  0.000e+00
     36.762     7.8496   3.396100    32.7143        370     1.5375  0.000e+00
     36.901     7.8472   3.395957    32.7150        371     1.5417  0.000e+00
     37.034     7.8444   3.395770    32.7156        372     1.5458  0.000e+00
     37.175     7.8402   3.395682    32.7185        373     1.5500  0.000e+00
     37.320     7.8346   3.395476    32.7215        374     1.5542  0.000e+00
     37.459     7.8268   3.395196    32.7258        375     1.5583  0.000e+00
     37.604     7.8167   3.394959    32.7326        376     1.5625  0.000e+00
     37.749     7.8060   3.394665    32.7395        377     1.5667  0.000e+00
     37.899     7.7947   3.394653    32.7498        378     1.5708  0.000e+00
     38.053     7.7850   3.394372    32.7559        379     1.5750  0.000e+00
     38.198     7.7755   3.394310    32.7641        380     1.5792  0.000e+00
     38.349     7.7676   3.394298    32.7713        381     1.5833  0.000e+00
     38.500     7.7618   3.394142    32.7750        382     1.5875  0.000e+00
     38.651     7.7566   3.394229    32.7807        383     1.5917  0.000e+00
     38.808     7.7522   3.394105    32.7835        384     1.5958  0.000e+00
     38.946     7.7471   3.394061    32.7878        385     1.6000  0.000e+00
     39.094     7.7405   3.393893    32.7921        386     1.6042  0.000e+00
     39.236     7.7330   3.393799    32.7981        387     1.6083  0.000e+00
     39.375     7.7249   3.393812    32.8058        388     1.6125  0.000e+00
     39.510     7.7191   3.393793    32.8110        389     1.6167  0.000e+00
     39.652     7.7143   3.393662    32.8141        390     1.6208  0.000e+00
     39.782     7.7097   3.393581    32.8175        391     1.6250  0.000e+00
     39.918     7.7040   3.393481    32.8217        392     1.6292  0.000e+00
     40.041     7.6962   3.393513    32.8293        393     1.6333  0.000e+00
     40.162     7.6895   3.393500    32.8354        394     1.6375  0.000e+00
     40.295     7.6841   3.393438    32.8398        395     1.6417  0.000e+00
     40.419     7.6801   3.393401    32.8432        396     1.6458  0.000e+00
     40.542     7.6772   3.393395    32.8457        397     1.6500  0.000e+00
     40.675     7.6752   3.393395    32.8476        398     1.6542  0.000e+00
     40.799     7.6741   3.393357    32.8482        399     1.6583  0.000e+00
     40.928     7.6731   3.393420    32.8497        400     1.6625  0.000e+00
     41.067     7.6727   3.393420    32.8500        401     1.6667  0.000e+00
     41.200     7.6727   3.393426    32.8500        402     1.6708  0.000e+00
     41.336     7.6722   3.393439    32.8505        403     1.6750  0.000e+00
     41.468     7.6719   3.393501    32.8515        404     1.6792  0.000e+00
     41.613     7.6722   3.393514    32.8513        405     1.6833  0.000e+00
     41.764     7.6724   3.393482    32.8507        406     1.6875  0.000e+00
     41.909     7.6723   3.393582    32.8517        407     1.6917  0.000e+00
     42.063     7.6726   3.393645    32.8520        408     1.6958  0.000e+00
     42.216     7.6729   3.393670    32.8520        409     1.7000  0.000e+00
     42.373     7.6730   3.393707    32.8522        410     1.7042  0.000e+00
     42.527     7.6723   3.393620    32.8519        411     1.7083  0.000e+00
     42.687     7.6697   3.393564    32.8537        412     1.7125  0.000e+00
     42.850     7.6640   3.393583    32.8591        413     1.7167  0.000e+00
     43.001     7.6567   3.393645    32.8666        414     1.7208  0.000e+00
     43.149     7.6500   3.393670    32.8731        415     1.7250  0.000e+00
     43.309     7.6423   3.393627    32.8799        416     1.7292  0.000e+00
     43.459     7.6345   3.393733    32.8884        417     1.7333  0.000e+00
     43.601     7.6285   3.393877    32.8954        418     1.7375  0.000e+00
     43.743     7.6248   3.393958    32.8998        419     1.7417  0.000e+00
     43.888     7.6213   3.394064    32.9041        420     1.7458  0.000e+00
