HB2302/sbe104.cnv
* Sea-Bird SBE 19plus V2 Data File:
* FileName = C:\cruise\data\sbe104.hex
* Software Version Seasave V 7.26.7.121
* Temperature SN = 4758
* Conductivity SN = 4758
* System UpLoad Time = Jun 18 2023 03:35:13
* NMEA Latitude = 41 57.38 N
* NMEA Longitude = 066 01.89 W
* NMEA UTC (Time) = Jun 18 2023 03:35:13
** Cruise: HB2302
** Program: Ecomon
** Chief Scientist: Jerry Prezioso
# nquan = 7
# nvalues = 2373                                  
# units = specified
# name 0 = depSM: Depth [salt water, m]
# name 1 = tv290C: Temperature [ITS-90, deg C]
# name 2 = c0S/m: Conductivity [S/m]
# name 3 = sal00: Salinity, Practical [PSU]
# name 4 = scan: Scan Count
# name 5 = timeM: Time, Elapsed [minutes]
# name 6 = flag:  0.000e+00
# span 0 =     -0.205,     89.721                 
# span 1 =     7.4027,    12.1960                 
# span 2 =   0.000074,   3.700590                 
# span 3 =     0.0063,    32.9954                 
# span 4 =         11,       2383                 
# span 5 =     0.0417,     9.9250                 
# span 6 = 0.0000e+00, 0.0000e+00                 
# interval = seconds: 0.25
# start_time = Jun 18 2023 03:35:13 [NMEA time, header]
# bad_flag = -9.990e-29
*END*
[from data line 1026]
     63.882     7.6482   3.402543    32.9605       1037     4.3167  0.000e+00
     63.842     7.6518   3.402662    32.9583       1038     4.3208  0.000e+00
     63.800     7.6544   3.403037    32.9599       1039     4.3250  0.000e+00
     63.782     7.6568   3.401313    32.9391       1040     4.3292  0.000e+00
     63.761     7.6505   3.397716    32.9064       1041     4.3333  0.000e+00
     63.746     7.6337   3.397154    32.9163       1042     4.3375  0.000e+00
     63.716     7.6197   3.397204    32.9300       1043     4.3417  0.000e+00
     63.695     7.6122   3.396823    32.9331       1044     4.3458  0.000e+00
     63.668     7.6084   3.397635    32.9455       1045     4.3500  0.000e+00
     63.631     7.6092   3.400720    32.9779       1046     4.3542  0.000e+00
     63.583     7.6199   3.401600    32.9773       1047     4.3583  0.000e+00
     63.526     7.6319   3.401638    32.9663       1048     4.3625  0.000e+00
     63.466     7.6392   3.401413    32.9570       1049     4.3667  0.000e+00
     63.378     7.6419   3.400869    32.9487       1050     4.3708  0.000e+00
     63.282     7.6406   3.399889    32.9394       1051     4.3750  0.000e+00
     63.179     7.6366   3.400807    32.9531       1052     4.3792  0.000e+00
     63.071     7.6363   3.398914    32.9331       1053     4.3833  0.000e+00
     62.950     7.6306   3.395943    32.9065       1054     4.3875  0.000e+00
     62.826     7.6159   3.396174    32.9230       1055     4.3917  0.000e+00
     62.682     7.6060   3.395887    32.9293       1056     4.3958  0.000e+00
     62.543     7.6000   3.394944    32.9250       1057     4.4000  0.000e+00
     62.407     7.5946   3.394339    32.9237       1058     4.4042  0.000e+00
     62.260     7.5881   3.394507    32.9316       1059     4.4083  0.000e+00
     62.115     7.5855   3.396673    32.9576       1060     4.4125  0.000e+00
     61.967     7.5916   3.397572    32.9615       1061     4.4167  0.000e+00
     61.835     7.6004   3.397865    32.9564       1062     4.4208  0.000e+00
     61.690     7.6064   3.397447    32.9463       1063     4.4250  0.000e+00
     61.569     7.6082   3.397678    32.9470       1064     4.4292  0.000e+00
     61.461     7.6092   3.397728    32.9467       1065     4.4333  0.000e+00
     61.373     7.6103   3.396860    32.9364       1066     4.4375  0.000e+00
     61.286     7.6082   3.395780    32.9267       1067     4.4417  0.000e+00
     61.219     7.6026   3.395605    32.9302       1068     4.4458  0.000e+00
     61.159     7.5981   3.395549    32.9339       1069     4.4500  0.000e+00
     61.117     7.5958   3.395237    32.9327       1070     4.4542  0.000e+00
     61.081     7.5932   3.393827    32.9200       1071     4.4583  0.000e+00
     61.045     7.5866   3.393802    32.9261       1072     4.4625  0.000e+00
     61.012     7.5817   3.394089    32.9338       1073     4.4667  0.000e+00
     60.975     7.5804   3.394420    32.9386       1074     4.4708  0.000e+00
     60.942     7.5811   3.394694    32.9410       1075     4.4750  0.000e+00
     60.888     7.5827   3.394070    32.9327       1076     4.4792  0.000e+00
     60.846     7.5820   3.393958    32.9322       1077     4.4833  0.000e+00
     60.788     7.5806   3.393864    32.9325       1078     4.4875  0.000e+00
     60.725     7.5797   3.393839    32.9331       1079     4.4917  0.000e+00
     60.650     7.5788   3.393671    32.9322       1080     4.4958  0.000e+00
     60.584     7.5780   3.393820    32.9347       1081     4.5000  0.000e+00
     60.511     7.5777   3.393614    32.9327       1082     4.5042  0.000e+00
     60.430     7.5772   3.393827    32.9355       1083     4.5083  0.000e+00
     60.342     7.5772   3.393989    32.9374       1084     4.5125  0.000e+00
     60.252     7.5781   3.393652    32.9329       1085     4.5167  0.000e+00
     60.158     7.5774   3.392953    32.9261       1086     4.5208  0.000e+00
     60.062     7.5752   3.393589    32.9350       1087     4.5250  0.000e+00
     59.962     7.5753   3.393452    32.9336       1088     4.5292  0.000e+00
     59.863     7.5751   3.394238    32.9422       1089     4.5333  0.000e+00
     59.754     7.5773   3.393801    32.9355       1090     4.5375  0.000e+00
     59.649     7.5788   3.396042    32.9582       1091     4.5417  0.000e+00
     59.543     7.5848   3.394925    32.9406       1092     4.5458  0.000e+00
     59.444     7.5889   3.394569    32.9329       1093     4.5500  0.000e+00
     59.335     7.5883   3.395823    32.9471       1094     4.5542  0.000e+00
     59.245     7.5902   3.394900    32.9353       1095     4.5583  0.000e+00
     59.154     7.5910   3.395530    32.9414       1096     4.5625  0.000e+00
     59.067     7.5922   3.396547    32.9513       1097     4.5667  0.000e+00
     58.974     7.5975   3.398052    32.9625       1098     4.5708  0.000e+00
     58.898     7.6052   3.398052    32.9552       1099     4.5750  0.000e+00
     58.811     7.6110   3.397290    32.9416       1100     4.5792  0.000e+00
     58.732     7.6115   3.397677    32.9453       1101     4.5833  0.000e+00
     58.642     7.6122   3.398507    32.9536       1102     4.5875  0.000e+00
     58.561     7.6150   3.395579    32.9195       1103     4.5917  0.000e+00
     58.476     7.6082   3.395735    32.9277       1104     4.5958  0.000e+00
     58.392     7.6018   3.394774    32.9234       1105     4.6000  0.000e+00
     58.295     7.5952   3.394793    32.9299       1106     4.6042  0.000e+00
     58.220     7.5913   3.394612    32.9317       1107     4.6083  0.000e+00
     58.139     7.5889   3.394693    32.9348       1108     4.6125  0.000e+00
     58.066     7.5876   3.394331    32.9322       1109     4.6167  0.000e+00
     57.994     7.5865   3.395505    32.9459       1110     4.6208  0.000e+00
     57.918     7.5886   3.394862    32.9370       1111     4.6250  0.000e+00
     57.852     7.5893   3.395735    32.9458       1112     4.6292  0.000e+00
     57.789     7.5916   3.396154    32.9482       1113     4.6333  0.000e+00
     57.732     7.5952   3.395130    32.9338       1114     4.6375  0.000e+00
     57.668     7.5942   3.395030    32.9337       1115     4.6417  0.000e+00
     57.599     7.5921   3.394943    32.9348       1116     4.6458  0.000e+00
     57.536     7.5911   3.395192    32.9385       1117     4.6500  0.000e+00
     57.463     7.5914   3.395161    32.9379       1118     4.6542  0.000e+00
     57.388     7.5915   3.396029    32.9471       1119     4.6583  0.000e+00
     57.303     7.5941   3.396759    32.9526       1120     4.6625  0.000e+00
     57.201     7.5983   3.397202    32.9534       1121     4.6667  0.000e+00
     57.104     7.6035   3.396547    32.9414       1122     4.6708  0.000e+00
     56.990     7.6042   3.395529    32.9300       1123     4.6750  0.000e+00
     56.887     7.6016   3.398213    32.9613       1124     4.6792  0.000e+00
     56.770     7.6072   3.398863    32.9631       1125     4.6833  0.000e+00
     56.646     7.6154   3.399968    32.9672       1126     4.6875  0.000e+00
     56.532     7.6237   3.398544    32.9441       1127     4.6917  0.000e+00
     56.417     7.6233   3.394798    32.9042       1128     4.6958  0.000e+00
     56.312     7.6095   3.394362    32.9127       1129     4.7000  0.000e+00
     56.212     7.5975   3.394636    32.9270       1130     4.7042  0.000e+00
     56.122     7.5918   3.394505    32.9311       1131     4.7083  0.000e+00
     56.037     7.5891   3.394836    32.9372       1132     4.7125  0.000e+00
     55.965     7.5893   3.398101    32.9722       1133     4.7167  0.000e+00
     55.892     7.6000   3.398906    32.9708       1134     4.7208  0.000e+00
     55.826     7.6126   3.397401    32.9427       1135     4.7250  0.000e+00
     55.769     7.6141   3.394218    32.9071       1136     4.7292  0.000e+00
     55.718     7.6019   3.394443    32.9210       1137     4.7333  0.000e+00
     55.663     7.5942   3.395404    32.9387       1138     4.7375  0.000e+00
     55.606     7.5931   3.394636    32.9315       1139     4.7417  0.000e+00
     55.537     7.5901   3.392321    32.9094       1140     4.7458  0.000e+00
     55.467     7.5817   3.393675    32.9320       1141     4.7500  0.000e+00
     55.398     7.5791   3.393912    32.9370       1142     4.7542  0.000e+00
     55.332     7.5798   3.393444    32.9313       1143     4.7583  0.000e+00
     55.256     7.5810   3.397214    32.9709       1144     4.7625  0.000e+00
     55.187     7.5900   3.393781    32.9254       1145     4.7667  0.000e+00
     55.115     7.5887   3.393650    32.9253       1146     4.7708  0.000e+00
     55.033     7.5844   3.393506    32.9278       1147     4.7750  0.000e+00
     54.958     7.5814   3.393363    32.9292       1148     4.7792  0.000e+00
     54.892     7.5794   3.393301    32.9305       1149     4.7833  0.000e+00
     54.816     7.5785   3.394024    32.9391       1150     4.7875  0.000e+00
     54.738     7.5806   3.396346    32.9621       1151     4.7917  0.000e+00
     54.665     7.5897   3.397901    32.9703       1152     4.7958  0.000e+00
     54.587     7.6020   3.396589    32.9446       1153     4.8000  0.000e+00
     54.500     7.6051   3.395141    32.9261       1154     4.8042  0.000e+00
     54.415     7.6004   3.394736    32.9262       1155     4.8083  0.000e+00
     54.325     7.5955   3.393943    32.9224       1156     4.8125  0.000e+00
     54.216     7.5896   3.393650    32.9248       1157     4.8167  0.000e+00
     54.117     7.5849   3.393862    32.9317       1158     4.8208  0.000e+00
     54.002     7.5828   3.394274    32.9381       1159     4.8250  0.000e+00
     53.888     7.5836   3.394261    32.9373       1160     4.8292  0.000e+00
     53.770     7.5837   3.393088    32.9246       1161     4.8333  0.000e+00
     53.670     7.5803   3.391235    32.9079       1162     4.8375  0.000e+00
     53.562     7.5720   3.391023    32.9135       1163     4.8417  0.000e+00
     53.471     7.5654   3.391110    32.9207       1164     4.8458  0.000e+00
     53.393     7.5620   3.390904    32.9218       1165     4.8500  0.000e+00
     53.324     7.5599   3.391416    32.9293       1166     4.8542  0.000e+00
     53.260     7.5599   3.391466    32.9299       1167     4.8583  0.000e+00
     53.221     7.5607   3.391672    32.9313       1168     4.8625  0.000e+00
     53.158     7.5620   3.392377    32.9378       1169     4.8667  0.000e+00
     53.122     7.5642   3.391778    32.9293       1170     4.8708  0.000e+00
     53.086     7.5643   3.390636    32.9168       1171     4.8750  0.000e+00
     53.037     7.5618   3.389925    32.9116       1172     4.8792  0.000e+00
     52.998     7.5581   3.391048    32.9272       1173     4.8833  0.000e+00
     52.950     7.5584   3.392196    32.9394       1174     4.8875  0.000e+00
     52.890     7.5621   3.390892    32.9218       1175     4.8917  0.000e+00
     52.829     7.5618   3.389656    32.9088       1176     4.8958  0.000e+00
     52.751     7.5577   3.390842    32.9255       1177     4.9000  0.000e+00
     52.667     7.5577   3.390405    32.9208       1178     4.9042  0.000e+00
     52.576     7.5584   3.391029    32.9269       1179     4.9083  0.000e+00
     52.492     7.5591   3.390910    32.9250       1180     4.9125  0.000e+00
     52.398     7.5593   3.391047    32.9264       1181     4.9167  0.000e+00
     52.302     7.5603   3.391572    32.9312       1182     4.9208  0.000e+00
     52.208     7.5620   3.390954    32.9229       1183     4.9250  0.000e+00
     52.133     7.5617   3.391484    32.9289       1184     4.9292  0.000e+00
     52.046     7.5628   3.392545    32.9393       1185     4.9333  0.000e+00
     51.961     7.5670   3.392726    32.9374       1186     4.9375  0.000e+00
     51.892     7.5701   3.393069    32.9382       1187     4.9417  0.000e+00
     51.838     7.5726   3.391634    32.9204       1188     4.9458  0.000e+00
     51.795     7.5707   3.391983    32.9259       1189     4.9500  0.000e+00
     51.750     7.5681   3.389987    32.9069       1190     4.9542  0.000e+00
     51.708     7.5628   3.388702    32.8981       1191     4.9583  0.000e+00
     51.681     7.5543   3.388983    32.9092       1192     4.9625  0.000e+00
     51.645     7.5495   3.388783    32.9116       1193     4.9667  0.000e+00
     51.609     7.5475   3.389201    32.9180       1194     4.9708  0.000e+00
     51.566     7.5473   3.388833    32.9142       1195     4.9750  0.000e+00
     51.518     7.5466   3.388970    32.9164       1196     4.9792  0.000e+00
     51.467     7.5466   3.389076    32.9176       1197     4.9833  0.000e+00
     51.410     7.5468   3.388789    32.9143       1198     4.9875  0.000e+00
     51.334     7.5466   3.388639    32.9130       1199     4.9917  0.000e+00
     51.259     7.5454   3.388552    32.9132       1200     4.9958  0.000e+00
     51.165     7.5448   3.389924    32.9286       1201     5.0000  0.000e+00
     51.069     7.5482   3.388970    32.9152       1202     5.0042  0.000e+00
     50.945     7.5480   3.389051    32.9162       1203     5.0083  0.000e+00
     50.837     7.5482   3.389675    32.9229       1204     5.0125  0.000e+00
     50.716     7.5500   3.390448    32.9295       1205     5.0167  0.000e+00
     50.592     7.5538   3.391303    32.9352       1206     5.0208  0.000e+00
     50.481     7.5589   3.391796    32.9357       1207     5.0250  0.000e+00
     50.378     7.5634   3.391340    32.9266       1208     5.0292  0.000e+00
     50.294     7.5651   3.391390    32.9256       1209     5.0333  0.000e+00
     50.216     7.5648   3.390760    32.9191       1210     5.0375  0.000e+00
     50.149     7.5635   3.390984    32.9228       1211     5.0417  0.000e+00
     50.098     7.5632   3.391652    32.9302       1212     5.0458  0.000e+00
     50.062     7.5653   3.392606    32.9386       1213     5.0500  0.000e+00
     50.041     7.5694   3.392401    32.9325       1214     5.0542  0.000e+00
     50.023     7.5718   3.390516    32.9099       1215     5.0583  0.000e+00
     50.023     7.5677   3.391527    32.9247       1216     5.0625  0.000e+00
     50.023     7.5665   3.392837    32.9399       1217     5.0667  0.000e+00
     50.017     7.5707   3.392550    32.9328       1218     5.0708  0.000e+00
     50.005     7.5731   3.392507    32.9302       1219     5.0750  0.000e+00
     49.984     7.5741   3.392631    32.9305       1220     5.0792  0.000e+00
     49.947     7.5745   3.391851    32.9218       1221     5.0833  0.000e+00
     49.908     7.5729   3.390965    32.9138       1222     5.0875  0.000e+00
     49.851     7.5687   3.390342    32.9111       1223     5.0917  0.000e+00
     49.773     7.5633   3.389749    32.9098       1224     5.0958  0.000e+00
     49.694     7.5585   3.389780    32.9148       1225     5.1000  0.000e+00
     49.595     7.5557   3.389824    32.9179       1226     5.1042  0.000e+00
     49.495     7.5547   3.389462    32.9150       1227     5.1083  0.000e+00
     49.402     7.5530   3.388551    32.9069       1228     5.1125  0.000e+00
     49.314     7.5493   3.388458    32.9094       1229     5.1167  0.000e+00
     49.224     7.5462   3.388096    32.9085       1230     5.1208  0.000e+00
     49.133     7.5437   3.388657    32.9169       1231     5.1250  0.000e+00
     49.058     7.5437   3.388720    32.9177       1232     5.1292  0.000e+00
     48.977     7.5443   3.388115    32.9106       1233     5.1333  0.000e+00
     48.904     7.5432   3.387055    32.9002       1234     5.1375  0.000e+00
     48.817     7.5390   3.384106    32.8725       1235     5.1417  0.000e+00
     48.745     7.5285   3.384835    32.8903       1236     5.1458  0.000e+00
     48.666     7.5227   3.385627    32.9044       1237     5.1500  0.000e+00
     48.594     7.5221   3.385508    32.9037       1238     5.1542  0.000e+00
     48.524     7.5224   3.385315    32.9014       1239     5.1583  0.000e+00
     48.458     7.5218   3.384523    32.8935       1240     5.1625  0.000e+00
