HB2302/sbe150.cnv
* Sea-Bird SBE 19plus V2 Data File:
* FileName = C:\cruise\data\sbe150.hex
* Software Version Seasave V 7.26.7.121
* Temperature SN = 4758
* Conductivity SN = 4758
* System UpLoad Time = Jun 22 2023 04:10:16
* NMEA Latitude = 42 57.35 N
* NMEA Longitude = 069 43.96 W
* NMEA UTC (Time) = Jun 22 2023 04:10:15
** Cruise: HB2302
** Program: Ecomon
** Chief Scientist: Jerry Prezioso
# nquan = 7
# nvalues = 3630                                  
# units = specified
# name 0 = depSM: Depth [salt water, m]
# name 1 = tv290C: Temperature [ITS-90, deg C]
# name 2 = c0S/m: Conductivity [S/m]
# name 3 = sal00: Salinity, Practical [PSU]
# name 4 = scan: Scan Count
# name 5 = timeM: Time, Elapsed [minutes]
# name 6 = flag:  0.000e+00
# span 0 =      0.041,    172.140                 
# span 1 =     5.8369,    16.1484                 
# span 2 =   0.000719,   4.002771                 
# span 3 =     0.0098,    33.7442                 
# span 4 =         11,       3640                 
# span 5 =     0.0417,    15.1625                 
# span 6 = 0.0000e+00, 0.0000e+00                 
# interval = seconds: 0.25
# start_time = Jun 22 2023 04:10:15 [NMEA time, header]
# bad_flag = -9.990e-29
*END*
[from data line 3283]
     22.624     9.1788   3.420153    31.7589       3294    13.7208  0.000e+00
     22.552     9.2063   3.424141    31.7756       3295    13.7250  0.000e+00
     22.477     9.2421   3.427486    31.7782       3296    13.7292  0.000e+00
     22.404     9.2810   3.428519    31.7542       3297    13.7333  0.000e+00
     22.332     9.3123   3.430142    31.7431       3298    13.7375  0.000e+00
     22.253     9.3379   3.433789    31.7579       3299    13.7417  0.000e+00
     22.175     9.3690   3.439283    31.7867       3300    13.7458  0.000e+00
     22.090     9.4114   3.442413    31.7812       3301    13.7500  0.000e+00
     22.015     9.4554   3.444339    31.7619       3302    13.7542  0.000e+00
     21.928     9.4919   3.446674    31.7534       3303    13.7583  0.000e+00
     21.831     9.5243   3.452019    31.7794       3304    13.7625  0.000e+00
     21.741     9.5648   3.455801    31.7822       3305    13.7667  0.000e+00
     21.650     9.6097   3.456096    31.7456       3306    13.7708  0.000e+00
     21.548     9.6421   3.456693    31.7231       3307    13.7750  0.000e+00
     21.451     9.6626   3.457359    31.7118       3308    13.7792  0.000e+00
     21.355     9.6775   3.459477    31.7202       3309    13.7833  0.000e+00
     21.258     9.6944   3.462464    31.7358       3310    13.7875  0.000e+00
     21.171     9.7169   3.464464    31.7363       3311    13.7917  0.000e+00
     21.077     9.7413   3.468649    31.7574       3312    13.7958  0.000e+00
     20.978     9.7726   3.472451    31.7684       3313    13.8000  0.000e+00
     20.885     9.8098   3.474315    31.7546       3314    13.8042  0.000e+00
     20.794     9.8447   3.475876    31.7397       3315    13.8083  0.000e+00
     20.704     9.8735   3.477224    31.7281       3316    13.8125  0.000e+00
     20.613     9.8970   3.478232    31.7176       3317    13.8167  0.000e+00
     20.526     9.9161   3.478849    31.7072       3318    13.8208  0.000e+00
     20.441     9.9298   3.479492    31.7017       3319    13.8250  0.000e+00
     20.348     9.9403   3.479964    31.6973       3320    13.8292  0.000e+00
     20.266     9.9489   3.480172    31.6918       3321    13.8333  0.000e+00
     20.179     9.9554   3.480374    31.6882       3322    13.8375  0.000e+00
     20.094     9.9602   3.480632    31.6867       3323    13.8417  0.000e+00
     20.013     9.9640   3.480865    31.6857       3324    13.8458  0.000e+00
     19.926     9.9674   3.481124    31.6854       3325    13.8500  0.000e+00
     19.838     9.9709   3.481338    31.6845       3326    13.8542  0.000e+00
     19.760     9.9741   3.481489    31.6833       3327    13.8583  0.000e+00
     19.687     9.9768   3.481508    31.6811       3328    13.8625  0.000e+00
     19.606     9.9791   3.481508    31.6791       3329    13.8667  0.000e+00
     19.522     9.9806   3.481508    31.6779       3330    13.8708  0.000e+00
     19.452     9.9816   3.481552    31.6775       3331    13.8750  0.000e+00
     19.368     9.9828   3.481722    31.6781       3332    13.8792  0.000e+00
     19.298     9.9847   3.482025    31.6796       3333    13.8833  0.000e+00
     19.220     9.9875   3.482642    31.6834       3334    13.8875  0.000e+00
     19.148     9.9928   3.483866    31.6911       3335    13.8917  0.000e+00
     19.072    10.0011   3.485713    31.7025       3336    13.8958  0.000e+00
     18.997    10.0142   3.487630    31.7104       3337    13.9000  0.000e+00
     18.915    10.0315   3.489914    31.7184       3338    13.9042  0.000e+00
     18.825    10.0514   3.491434    31.7163       3339    13.9083  0.000e+00
     18.738    10.0710   3.493176    31.7167       3340    13.9125  0.000e+00
     18.647    10.0910   3.495783    31.7255       3341    13.9167  0.000e+00
     18.560    10.1146   3.497809    31.7253       3342    13.9208  0.000e+00
     18.463    10.1391   3.498971    31.7155       3343    13.9250  0.000e+00
     18.376    10.1620   3.496255    31.6682       3344    13.9292  0.000e+00
     18.285    10.1749   3.492487    31.6191       3345    13.9333  0.000e+00
     18.186    10.1734   3.490505    31.6005       3346    13.9375  0.000e+00
     18.107    10.1642   3.491736    31.6209       3347    13.9417  0.000e+00
     18.011    10.1621   3.493831    31.6439       3348    13.9458  0.000e+00
     17.932    10.1708   3.496022    31.6583       3349    13.9500  0.000e+00
     17.857    10.1870   3.496905    31.6531       3350    13.9542  0.000e+00
     17.785    10.2032   3.497379    31.6438       3351    13.9583  0.000e+00
     17.715    10.2163   3.498781    31.6465       3352    13.9625  0.000e+00
     17.646    10.2293   3.500246    31.6498       3353    13.9667  0.000e+00
     17.588    10.2436   3.501541    31.6504       3354    13.9708  0.000e+00
     17.522    10.2589   3.503765    31.6594       3355    13.9750  0.000e+00
     17.462    10.2778   3.506621    31.6716       3356    13.9792  0.000e+00
     17.411    10.3025   3.509713    31.6810       3357    13.9833  0.000e+00
     17.344    10.3325   3.513678    31.6946       3358    13.9875  0.000e+00
     17.278    10.3716   3.517930    31.7031       3359    13.9917  0.000e+00
     17.209    10.4174   3.520474    31.6887       3360    13.9958  0.000e+00
     17.133    10.4602   3.521968    31.6664       3361    14.0000  0.000e+00
     17.064    10.4941   3.523386    31.6511       3362    14.0042  0.000e+00
     16.988    10.5210   3.526103    31.6549       3363    14.0083  0.000e+00
     16.904    10.5488   3.529132    31.6610       3364    14.0125  0.000e+00
     16.823    10.5799   3.530938    31.6520       3365    14.0167  0.000e+00
     16.744    10.6087   3.532161    31.6392       3366    14.0208  0.000e+00
     16.663    10.6323   3.534208    31.6391       3367    14.0250  0.000e+00
     16.572    10.6555   3.540437    31.6810       3368    14.0292  0.000e+00
     16.488    10.6922   3.543699    31.6816       3369    14.0333  0.000e+00
     16.404    10.7348   3.543940    31.6471       3370    14.0375  0.000e+00
     16.331    10.7640   3.544752    31.6299       3371    14.0417  0.000e+00
     16.253    10.7834   3.545951    31.6251       3372    14.0458  0.000e+00
     16.174    10.7991   3.546789    31.6199       3373    14.0500  0.000e+00
     16.102    10.8122   3.547951    31.6201       3374    14.0542  0.000e+00
     16.041    10.8258   3.550054    31.6292       3375    14.0583  0.000e+00
     15.978    10.8430   3.550866    31.6224       3376    14.0625  0.000e+00
     15.918    10.8596   3.551285    31.6122       3377    14.0667  0.000e+00
     15.851    10.8711   3.551724    31.6067       3378    14.0708  0.000e+00
     15.800    10.8799   3.552054    31.6024       3379    14.0750  0.000e+00
     15.746    10.8861   3.552422    31.6007       3380    14.0792  0.000e+00
     15.685    10.8913   3.552753    31.5995       3381    14.0833  0.000e+00
     15.628    10.8957   3.553064    31.5989       3382    14.0875  0.000e+00
     15.568    10.8992   3.553369    31.5988       3383    14.0917  0.000e+00
     15.517    10.9026   3.553744    31.5996       3384    14.0958  0.000e+00
     15.459    10.9066   3.554818    31.6069       3385    14.1000  0.000e+00
     15.399    10.9126   3.555676    31.6102       3386    14.1042  0.000e+00
     15.339    10.9204   3.556750    31.6141       3387    14.1083  0.000e+00
     15.281    10.9291   3.557653    31.6155       3388    14.1125  0.000e+00
     15.215    10.9389   3.560361    31.6338       3389    14.1167  0.000e+00
     15.149    10.9545   3.561449    31.6311       3390    14.1208  0.000e+00
     15.076    10.9699   3.561747    31.6208       3391    14.1250  0.000e+00
     15.004    10.9808   3.563026    31.6241       3392    14.1292  0.000e+00
     14.929    10.9931   3.565628    31.6392       3393    14.1333  0.000e+00
     14.853    11.0122   3.567129    31.6376       3394    14.1375  0.000e+00
     14.778    11.0325   3.567855    31.6273       3395    14.1417  0.000e+00
     14.693    11.0499   3.569777    31.6313       3396    14.1458  0.000e+00
     14.621    11.0685   3.571852    31.6356       3397    14.1500  0.000e+00
     14.543    11.0895   3.574259    31.6413       3398    14.1542  0.000e+00
     14.467    11.1132   3.577470    31.6525       3399    14.1583  0.000e+00
     14.392    11.1418   3.579285    31.6458       3400    14.1625  0.000e+00
     14.322    11.1698   3.582408    31.6524       3401    14.1667  0.000e+00
     14.253    11.1987   3.583077    31.6342       3402    14.1708  0.000e+00
     14.193    11.2215   3.583319    31.6170       3403    14.1750  0.000e+00
     14.129    11.2361   3.584805    31.6191       3404    14.1792  0.000e+00
     14.063    11.2481   3.584920    31.6099       3405    14.1833  0.000e+00
     14.009    11.2575   3.585385    31.6065       3406    14.1875  0.000e+00
     13.945    11.2641   3.585340    31.6004       3407    14.1917  0.000e+00
     13.888    11.2679   3.585716    31.6008       3408    14.1958  0.000e+00
     13.824    11.2711   3.586335    31.6042       3409    14.2000  0.000e+00
     13.761    11.2751   3.586584    31.6032       3410    14.2042  0.000e+00
     13.704    11.2790   3.586341    31.5975       3411    14.2083  0.000e+00
     13.640    11.2805   3.586673    31.5995       3412    14.2125  0.000e+00
     13.583    11.2821   3.586494    31.5965       3413    14.2167  0.000e+00
     13.520    11.2828   3.587113    31.6019       3414    14.2208  0.000e+00
     13.453    11.2854   3.588140    31.6097       3415    14.2250  0.000e+00
     13.390    11.2912   3.588803    31.6113       3416    14.2292  0.000e+00
     13.321    11.2988   3.589741    31.6140       3417    14.2333  0.000e+00
     13.254    11.3079   3.590360    31.6123       3418    14.2375  0.000e+00
     13.188    11.3166   3.592140    31.6222       3419    14.2417  0.000e+00
     13.125    11.3292   3.593876    31.6285       3420    14.2458  0.000e+00
     13.052    11.3455   3.594520    31.6208       3421    14.2500  0.000e+00
     12.983    11.3592   3.594942    31.6132       3422    14.2542  0.000e+00
     12.907    11.3693   3.595254    31.6077       3423    14.2583  0.000e+00
     12.844    11.3766   3.596142    31.6102       3424    14.2625  0.000e+00
     12.772    11.3843   3.597572    31.6175       3425    14.2667  0.000e+00
     12.711    11.3953   3.598242    31.6148       3426    14.2708  0.000e+00
     12.642    11.4062   3.598108    31.6041       3427    14.2750  0.000e+00
     12.569    11.4142   3.599353    31.6094       3428    14.2792  0.000e+00
     12.503    11.4232   3.601429    31.6221       3429    14.2833  0.000e+00
     12.437    11.4391   3.603282    31.6265       3430    14.2875  0.000e+00
     12.376    11.4589   3.605090    31.6272       3431    14.2917  0.000e+00
     12.307    11.4805   3.607014    31.6275       3432    14.2958  0.000e+00
     12.235    11.5031   3.609117    31.6288       3433    14.3000  0.000e+00
     12.162    11.5262   3.610255    31.6201       3434    14.3042  0.000e+00
     12.102    11.5460   3.610926    31.6098       3435    14.3083  0.000e+00
     12.026    11.5607   3.611648    31.6043       3436    14.3125  0.000e+00
     11.963    11.5723   3.612339    31.6012       3437    14.3167  0.000e+00
     11.891    11.5828   3.613682    31.6053       3438    14.3208  0.000e+00
     11.821    11.5962   3.616638    31.6226       3439    14.3250  0.000e+00
     11.758    11.6182   3.620030    31.6369       3440    14.3292  0.000e+00
     11.701    11.6488   3.622924    31.6389       3441    14.3333  0.000e+00
     11.646    11.6817   3.625062    31.6315       3442    14.3375  0.000e+00
     11.586    11.7129   3.628323    31.6366       3443    14.3417  0.000e+00
     11.526    11.7458   3.632648    31.6506       3444    14.3458  0.000e+00
     11.465    11.7863   3.636566    31.6540       3445    14.3500  0.000e+00
     11.405    11.8304   3.638874    31.6389       3446    14.3542  0.000e+00
     11.351    11.8696   3.640702    31.6232       3447    14.3583  0.000e+00
     11.290    11.9021   3.643981    31.6272       3448    14.3625  0.000e+00
     11.233    11.9358   3.650331    31.6599       3449    14.3667  0.000e+00
     11.166    11.9829   3.656068    31.6752       3450    14.3708  0.000e+00
     11.100    12.0407   3.659975    31.6638       3451    14.3750  0.000e+00
     11.037    12.0969   3.665963    31.6737       3452    14.3792  0.000e+00
     10.961    12.1568   3.673016    31.6907       3453    14.3833  0.000e+00
     10.892    12.2263   3.683555    31.7329       3454    14.3875  0.000e+00
     10.822    12.3129   3.691235    31.7330       3455    14.3917  0.000e+00
     10.753    12.4064   3.698230    31.7207       3456    14.3958  0.000e+00
     10.678    12.4946   3.703253    31.6942       3457    14.4000  0.000e+00
     10.605    12.5707   3.706011    31.6564       3458    14.4042  0.000e+00
     10.533    12.6301   3.708647    31.6315       3459    14.4083  0.000e+00
     10.460    12.6748   3.710256    31.6093       3460    14.4125  0.000e+00
     10.379    12.7079   3.712183    31.5998       3461    14.4167  0.000e+00
     10.306    12.7349   3.715009    31.6039       3462    14.4208  0.000e+00
     10.225    12.7621   3.716755    31.5977       3463    14.4250  0.000e+00
     10.141    12.7874   3.718501    31.5931       3464    14.4292  0.000e+00
     10.062    12.8101   3.720242    31.5906       3465    14.4333  0.000e+00
      9.987    12.8306   3.721284    31.5834       3466    14.4375  0.000e+00
      9.902    12.8489   3.725368    31.6067       3467    14.4417  0.000e+00
      9.824    12.8742   3.729416    31.6237       3468    14.4458  0.000e+00
      9.751    12.9103   3.740176    31.6950       3469    14.4500  0.000e+00
      9.679    12.9758   3.748441    31.7181       3470    14.4542  0.000e+00
      9.616    13.0594   3.750076    31.6635       3471    14.4583  0.000e+00
      9.561    13.1226   3.751692    31.6260       3472    14.4625  0.000e+00
      9.510    13.1650   3.751906    31.5928       3473    14.4667  0.000e+00
      9.462    13.1905   3.755933    31.6093       3474    14.4708  0.000e+00
      9.413    13.2192   3.760592    31.6291       3475    14.4750  0.000e+00
      9.371    13.2571   3.760416    31.5959       3476    14.4792  0.000e+00
      9.323    13.2827   3.759090    31.5623       3477    14.4833  0.000e+00
      9.280    13.2937   3.762528    31.5853       3478    14.4875  0.000e+00
      9.235    13.3087   3.764127    31.5878       3479    14.4917  0.000e+00
      9.172    13.3272   3.765070    31.5813       3480    14.4958  0.000e+00
      9.117    13.3424   3.765219    31.5701       3481    14.5000  0.000e+00
      9.048    13.3529   3.765512    31.5642       3482    14.5042  0.000e+00
      8.985    13.3594   3.766103    31.5643       3483    14.5083  0.000e+00
      8.909    13.3651   3.766565    31.5639       3484    14.5125  0.000e+00
      8.837    13.3704   3.766689    31.5607       3485    14.5167  0.000e+00
      8.758    13.3745   3.767710    31.5669       3486    14.5208  0.000e+00
      8.671    13.3798   3.767352    31.5592       3487    14.5250  0.000e+00
      8.595    13.3834   3.767775    31.5602       3488    14.5292  0.000e+00
      8.517    13.3863   3.768457    31.5642       3489    14.5333  0.000e+00
      8.438    13.3910   3.769140    31.5667       3490    14.5375  0.000e+00
      8.354    13.3968   3.769231    31.5628       3491    14.5417  0.000e+00
      8.284    13.4013   3.769589    31.5624       3492    14.5458  0.000e+00
      8.218    13.4056   3.770285    31.5654       3493    14.5500  0.000e+00
      8.142    13.4112   3.770767    31.5652       3494    14.5542  0.000e+00
      8.082    13.4172   3.771320    31.5654       3495    14.5583  0.000e+00
      8.016    13.4226   3.771944    31.5668       3496    14.5625  0.000e+00
      7.955    13.4290   3.772621    31.5678       3497    14.5667  0.000e+00
