HB2302/sbe115.cnv
* Sea-Bird SBE 19plus V2 Data File:
* FileName = C:\cruise\data\sbe115.hex
* Software Version Seasave V 7.26.7.121
* Temperature SN = 4758
* Conductivity SN = 4758
* System UpLoad Time = Jun 19 2023 07:49:21
* NMEA Latitude = 42 21.64 N
* NMEA Longitude = 067 21.37 W
* NMEA UTC (Time) = Jun 19 2023 07:49:21
** Cruise: HB2302
** Program: Ecomon
** Chief Scientist: Jerry Prezioso
# nquan = 7
# nvalues = 4180                                  
# units = specified
# name 0 = depSM: Depth [salt water, m]
# name 1 = tv290C: Temperature [ITS-90, deg C]
# name 2 = c0S/m: Conductivity [S/m]
# name 3 = sal00: Salinity, Practical [PSU]
# name 4 = scan: Scan Count
# name 5 = timeM: Time, Elapsed [minutes]
# name 6 = flag:  0.000e+00
# span 0 =     -0.087,    203.776                 
# span 1 =     7.2235,    11.9531                 
# span 2 =   0.000322,   3.779364                 
# span 3 =     0.0071,    34.9346                 
# span 4 =         11,       4190                 
# span 5 =     0.0417,    17.4542                 
# span 6 = 0.0000e+00, 0.0000e+00                 
# interval = seconds: 0.25
# start_time = Jun 19 2023 07:49:21 [NMEA time, header]
# bad_flag = -9.990e-29
*END*
[from data line 1231]
    181.770     9.6595   3.769269    34.8372       1242     5.1708  0.000e+00
    181.918     9.6603   3.769249    34.8361       1243     5.1750  0.000e+00
    182.077     9.6608   3.769412    34.8372       1244     5.1792  0.000e+00
    182.231     9.6613   3.769523    34.8379       1245     5.1833  0.000e+00
    182.382     9.6618   3.769633    34.8384       1246     5.1875  0.000e+00
    182.538     9.6624   3.769718    34.8386       1247     5.1917  0.000e+00
    182.698     9.6628   3.769816    34.8392       1248     5.1958  0.000e+00
    182.867     9.6631   3.769907    34.8397       1249     5.2000  0.000e+00
    183.020     9.6634   3.769946    34.8398       1250     5.2042  0.000e+00
    183.198     9.6635   3.770004    34.8402       1251     5.2083  0.000e+00
    183.367     9.6638   3.770083    34.8406       1252     5.2125  0.000e+00
    183.536     9.6636   3.770141    34.8413       1253     5.2167  0.000e+00
    183.701     9.6635   3.770193    34.8419       1254     5.2208  0.000e+00
    183.870     9.6633   3.770265    34.8427       1255     5.2250  0.000e+00
    184.033     9.6632   3.770330    34.8434       1256     5.2292  0.000e+00
    184.192     9.6632   3.770330    34.8434       1257     5.2333  0.000e+00
    184.346     9.6630   3.770376    34.8440       1258     5.2375  0.000e+00
    184.496     9.6631   3.770376    34.8438       1259     5.2417  0.000e+00
    184.644     9.6631   3.770376    34.8438       1260     5.2458  0.000e+00
    184.792     9.6628   3.770441    34.8447       1261     5.2500  0.000e+00
    184.924     9.6628   3.770487    34.8451       1262     5.2542  0.000e+00
    185.060     9.6628   3.770617    34.8463       1263     5.2583  0.000e+00
    185.189     9.6626   3.770597    34.8463       1264     5.2625  0.000e+00
    185.337     9.6628   3.770825    34.8484       1265     5.2667  0.000e+00
    185.464     9.6628   3.770845    34.8485       1266     5.2708  0.000e+00
    185.605     9.6628   3.770923    34.8492       1267     5.2750  0.000e+00
    185.741     9.6630   3.770936    34.8491       1268     5.2792  0.000e+00
    185.876     9.6631   3.770994    34.8496       1269     5.2833  0.000e+00
    186.027     9.6630   3.771001    34.8496       1270     5.2875  0.000e+00
    186.168     9.6631   3.771001    34.8495       1271     5.2917  0.000e+00
    186.307     9.6632   3.770995    34.8493       1272     5.2958  0.000e+00
    186.458     9.6632   3.771073    34.8500       1273     5.3000  0.000e+00
    186.599     9.6633   3.771157    34.8507       1274     5.3042  0.000e+00
    186.744     9.6635   3.771203    34.8509       1275     5.3083  0.000e+00
    186.880     9.6638   3.771203    34.8505       1276     5.3125  0.000e+00
    187.006     9.6642   3.771320    34.8513       1277     5.3167  0.000e+00
    187.130     9.6646   3.771431    34.8520       1278     5.3208  0.000e+00
    187.250     9.6650   3.771561    34.8529       1279     5.3250  0.000e+00
    187.377     9.6657   3.771724    34.8538       1280     5.3292  0.000e+00
    187.500     9.6666   3.771795    34.8536       1281     5.3333  0.000e+00
    187.621     9.6672   3.771854    34.8536       1282     5.3375  0.000e+00
    187.750     9.6676   3.771984    34.8545       1283     5.3417  0.000e+00
    187.880     9.6683   3.772147    34.8554       1284     5.3458  0.000e+00
    188.030     9.6692   3.772303    34.8561       1285     5.3500  0.000e+00
    188.178     9.6702   3.772310    34.8552       1286     5.3542  0.000e+00
    188.338     9.6709   3.772466    34.8560       1287     5.3583  0.000e+00
    188.512     9.6717   3.772570    34.8562       1288     5.3625  0.000e+00
    188.693     9.6723   3.772752    34.8574       1289     5.3667  0.000e+00
    188.880     9.6733   3.772948    34.8584       1290     5.3708  0.000e+00
    189.079     9.6745   3.773970    34.8676       1291     5.3750  0.000e+00
    189.290     9.6782   3.775135    34.8760       1292     5.3792  0.000e+00
    189.503     9.6835   3.775636    34.8759       1293     5.3833  0.000e+00
    189.732     9.6884   3.775721    34.8719       1294     5.3875  0.000e+00
    189.940     9.6913   3.776040    34.8723       1295     5.3917  0.000e+00
    190.154     9.6930   3.776261    34.8728       1296     5.3958  0.000e+00
    190.356     9.6943   3.776463    34.8735       1297     5.4000  0.000e+00
    190.552     9.6952   3.776574    34.8737       1298     5.4042  0.000e+00
    190.730     9.6953   3.776639    34.8742       1299     5.4083  0.000e+00
    190.895     9.6946   3.776561    34.8740       1300     5.4125  0.000e+00
    191.046     9.6930   3.776757    34.8775       1301     5.4167  0.000e+00
    191.184     9.6917   3.776535    34.8764       1302     5.4208  0.000e+00
    191.305     9.6902   3.776392    34.8763       1303     5.4250  0.000e+00
    191.416     9.6882   3.777004    34.8845       1304     5.4292  0.000e+00
    191.519     9.6876   3.777317    34.8883       1305     5.4333  0.000e+00
    191.621     9.6881   3.777161    34.8861       1306     5.4375  0.000e+00
    191.724     9.6882   3.777597    34.8905       1307     5.4417  0.000e+00
    191.829     9.6887   3.777949    34.8936       1308     5.4458  0.000e+00
    191.929     9.6896   3.778333    34.8966       1309     5.4500  0.000e+00
    192.034     9.6912   3.778528    34.8970       1310     5.4542  0.000e+00
    192.130     9.6926   3.778659    34.8969       1311     5.4583  0.000e+00
    192.239     9.6936   3.778867    34.8981       1312     5.4625  0.000e+00
    192.344     9.6945   3.778978    34.8984       1313     5.4667  0.000e+00
    192.456     9.6953   3.778945    34.8971       1314     5.4708  0.000e+00
    192.570     9.6959   3.779069    34.8978       1315     5.4750  0.000e+00
    192.688     9.6963   3.779036    34.8970       1316     5.4792  0.000e+00
    192.817     9.6966   3.779141    34.8977       1317     5.4833  0.000e+00
    192.956     9.6967   3.779115    34.8973       1318     5.4875  0.000e+00
    193.103     9.6968   3.779108    34.8971       1319     5.4917  0.000e+00
    193.263     9.6966   3.779186    34.8980       1320     5.4958  0.000e+00
    193.432     9.6966   3.779180    34.8978       1321     5.5000  0.000e+00
    193.625     9.6965   3.779115    34.8972       1322     5.5042  0.000e+00
    193.814     9.6960   3.779089    34.8973       1323     5.5083  0.000e+00
    194.001     9.6954   3.779024    34.8972       1324     5.5125  0.000e+00
    194.200     9.6947   3.778822    34.8956       1325     5.5167  0.000e+00
    194.396     9.6929   3.778685    34.8959       1326     5.5208  0.000e+00
    194.586     9.6909   3.778620    34.8971       1327     5.5250  0.000e+00
    194.787     9.6893   3.778568    34.8981       1328     5.5292  0.000e+00
    194.974     9.6881   3.778621    34.8996       1329     5.5333  0.000e+00
    195.152     9.6875   3.778399    34.8978       1330     5.5375  0.000e+00
    195.324     9.6858   3.778380    34.8992       1331     5.5417  0.000e+00
    195.483     9.6838   3.778510    34.9024       1332     5.5458  0.000e+00
    195.637     9.6824   3.778380    34.9023       1333     5.5500  0.000e+00
    195.776     9.6811   3.778465    34.9044       1334     5.5542  0.000e+00
    195.917     9.6805   3.778732    34.9077       1335     5.5583  0.000e+00
    196.038     9.6805   3.778849    34.9089       1336     5.5625  0.000e+00
    196.164     9.6809   3.778960    34.9095       1337     5.5667  0.000e+00
    196.282     9.6809   3.778921    34.9091       1338     5.5708  0.000e+00
    196.399     9.6810   3.778979    34.9096       1339     5.5750  0.000e+00
    196.523     9.6810   3.779064    34.9104       1340     5.5792  0.000e+00
    196.637     9.6811   3.779142    34.9110       1341     5.5833  0.000e+00
    196.752     9.6810   3.779162    34.9113       1342     5.5875  0.000e+00
    196.869     9.6808   3.779181    34.9116       1343     5.5917  0.000e+00
    196.993     9.6807   3.779208    34.9119       1344     5.5958  0.000e+00
    197.122     9.6805   3.779253    34.9125       1345     5.6000  0.000e+00
    197.234     9.6802   3.779253    34.9127       1346     5.6042  0.000e+00
    197.366     9.6799   3.779253    34.9130       1347     5.6083  0.000e+00
    197.487     9.6796   3.779253    34.9132       1348     5.6125  0.000e+00
    197.619     9.6792   3.779299    34.9140       1349     5.6167  0.000e+00
    197.752     9.6788   3.779253    34.9138       1350     5.6208  0.000e+00
    197.884     9.6787   3.779273    34.9141       1351     5.6250  0.000e+00
    198.026     9.6785   3.779299    34.9145       1352     5.6292  0.000e+00
    198.158     9.6783   3.779319    34.9148       1353     5.6333  0.000e+00
    198.306     9.6783   3.779319    34.9148       1354     5.6375  0.000e+00
    198.457     9.6782   3.779345    34.9151       1355     5.6417  0.000e+00
    198.619     9.6777   3.779364    34.9157       1356     5.6458  0.000e+00
    198.782     9.6777   3.779345    34.9154       1357     5.6500  0.000e+00
    198.957     9.6773   3.779345    34.9157       1358     5.6542  0.000e+00
    199.137     9.6773   3.779280    34.9150       1359     5.6583  0.000e+00
    199.312     9.6766   3.779163    34.9144       1360     5.6625  0.000e+00
    199.493     9.6753   3.779026    34.9142       1361     5.6667  0.000e+00
    199.671     9.6737   3.778948    34.9148       1362     5.6708  0.000e+00
    199.839     9.6721   3.778961    34.9164       1363     5.6750  0.000e+00
    200.008     9.6711   3.778877    34.9164       1364     5.6792  0.000e+00
    200.165     9.6702   3.778870    34.9172       1365     5.6833  0.000e+00
    200.315     9.6693   3.778851    34.9177       1366     5.6875  0.000e+00
    200.457     9.6689   3.778851    34.9181       1367     5.6917  0.000e+00
    200.592     9.6683   3.778779    34.9179       1368     5.6958  0.000e+00
    200.728     9.6678   3.778760    34.9181       1369     5.7000  0.000e+00
    200.851     9.6670   3.778714    34.9183       1370     5.7042  0.000e+00
    200.978     9.6665   3.778662    34.9182       1371     5.7083  0.000e+00
    201.102     9.6658   3.778512    34.9173       1372     5.7125  0.000e+00
    201.225     9.6648   3.778402    34.9171       1373     5.7167  0.000e+00
    201.346     9.6635   3.778311    34.9173       1374     5.7208  0.000e+00
    201.469     9.6624   3.778219    34.9174       1375     5.7250  0.000e+00
    201.593     9.6613   3.778193    34.9181       1376     5.7292  0.000e+00
    201.722     9.6604   3.778174    34.9187       1377     5.7333  0.000e+00
    201.855     9.6600   3.778083    34.9181       1378     5.7375  0.000e+00
    201.996     9.6594   3.778005    34.9179       1379     5.7417  0.000e+00
    202.138     9.6587   3.777953    34.9179       1380     5.7458  0.000e+00
    202.279     9.6580   3.777907    34.9181       1381     5.7500  0.000e+00
    202.418     9.6573   3.777862    34.9182       1382     5.7542  0.000e+00
    202.568     9.6566   3.777764    34.9178       1383     5.7583  0.000e+00
    202.722     9.6559   3.777725    34.9180       1384     5.7625  0.000e+00
    202.867     9.6551   3.777660    34.9181       1385     5.7667  0.000e+00
    203.014     9.6543   3.777387    34.9160       1386     5.7708  0.000e+00
    203.153     9.6528   3.777185    34.9153       1387     5.7750  0.000e+00
    203.288     9.6505   3.776469    34.9100       1388     5.7792  0.000e+00
    203.412     9.6472   3.776241    34.9109       1389     5.7833  0.000e+00
    203.545     9.6435   3.776189    34.9138       1390     5.7875  0.000e+00
    203.665     9.6409   3.775902    34.9134       1391     5.7917  0.000e+00
    203.776     9.6386   3.775818    34.9146       1392     5.7958  0.000e+00
    203.764     9.6367   3.775714    34.9154       1393     5.8000  0.000e+00
    203.719     9.6353   3.775453    34.9142       1394     5.8042  0.000e+00
    203.626     9.6334   3.775688    34.9184       1395     5.8083  0.000e+00
    203.539     9.6328   3.775681    34.9190       1396     5.8125  0.000e+00
    203.499     9.6328   3.775714    34.9194       1397     5.8167  0.000e+00
    203.442     9.6328   3.775570    34.9179       1398     5.8208  0.000e+00
    203.361     9.6325   3.774984    34.9122       1399     5.8250  0.000e+00
    203.228     9.6303   3.774815    34.9126       1400     5.8292  0.000e+00
    203.090     9.6282   3.775004    34.9167       1401     5.8333  0.000e+00
    202.933     9.6276   3.775382    34.9212       1402     5.8375  0.000e+00
    202.752     9.6295   3.776846    34.9346       1403     5.8417  0.000e+00
    202.569     9.6355   3.776807    34.9284       1404     5.8458  0.000e+00
    202.370     9.6405   3.777250    34.9283       1405     5.8500  0.000e+00
    202.171     9.6443   3.777432    34.9265       1406     5.8542  0.000e+00
    201.957     9.6478   3.777412    34.9230       1407     5.8583  0.000e+00
    201.737     9.6499   3.777367    34.9206       1408     5.8625  0.000e+00
    201.517     9.6508   3.777386    34.9201       1409     5.8667  0.000e+00
    201.270     9.6512   3.777523    34.9211       1410     5.8708  0.000e+00
    201.026     9.6522   3.777568    34.9208       1411     5.8750  0.000e+00
    200.779     9.6531   3.777790    34.9223       1412     5.8792  0.000e+00
    200.529     9.6545   3.777881    34.9220       1413     5.8833  0.000e+00
    200.258     9.6558   3.777907    34.9211       1414     5.8875  0.000e+00
    199.981     9.6568   3.777906    34.9203       1415     5.8917  0.000e+00
    199.719     9.6574   3.777861    34.9194       1416     5.8958  0.000e+00
    199.454     9.6576   3.778082    34.9216       1417     5.9000  0.000e+00
    199.198     9.6587   3.778375    34.9237       1418     5.9042  0.000e+00
    198.957     9.6607   3.778473    34.9228       1419     5.9083  0.000e+00
    198.728     9.6628   3.778577    34.9220       1420     5.9125  0.000e+00
    198.511     9.6646   3.778642    34.9210       1421     5.9167  0.000e+00
    198.309     9.6661   3.778713    34.9203       1422     5.9208  0.000e+00
    198.114     9.6675   3.779208    34.9242       1423     5.9250  0.000e+00
    197.915     9.6707   3.779136    34.9204       1424     5.9292  0.000e+00
    197.740     9.6728   3.779253    34.9196       1425     5.9333  0.000e+00
    197.544     9.6745   3.779279    34.9184       1426     5.9375  0.000e+00
    197.363     9.6756   3.779273    34.9174       1427     5.9417  0.000e+00
    197.231     9.6760   3.779279    34.9171       1428     5.9458  0.000e+00
    197.092     9.6768   3.779273    34.9164       1429     5.9500  0.000e+00
    196.969     9.6777   3.779227    34.9151       1430     5.9542  0.000e+00
    196.818     9.6784   3.779279    34.9150       1431     5.9583  0.000e+00
    196.668     9.6792   3.779253    34.9140       1432     5.9625  0.000e+00
    196.511     9.6796   3.779253    34.9137       1433     5.9667  0.000e+00
    196.342     9.6798   3.779253    34.9135       1434     5.9708  0.000e+00
    196.180     9.6801   3.779253    34.9134       1435     5.9750  0.000e+00
    195.993     9.6801   3.779253    34.9134       1436     5.9792  0.000e+00
    195.815     9.6803   3.779207    34.9129       1437     5.9833  0.000e+00
    195.649     9.6805   3.779181    34.9125       1438     5.9875  0.000e+00
    195.475     9.6807   3.779051    34.9110       1439     5.9917  0.000e+00
    195.306     9.6808   3.779064    34.9111       1440     5.9958  0.000e+00
    195.149     9.6809   3.779051    34.9109       1441     6.0000  0.000e+00
    195.005     9.6812   3.779005    34.9103       1442     6.0042  0.000e+00
    194.854     9.6810   3.778803    34.9085       1443     6.0083  0.000e+00
    194.704     9.6807   3.778647    34.9072       1444     6.0125  0.000e+00
    194.568     9.6803   3.778399    34.9051       1445     6.0167  0.000e+00
