HB2302/sbe186.cnv
* Sea-Bird SBE 19plus V2 Data File:
* FileName = C:\cruise\data\sbe186.hex
* Software Version Seasave V 7.26.7.121
* Temperature SN = 4758
* Conductivity SN = 4758
* System UpLoad Time = Jun 26 2023 05:30:08
* NMEA Latitude = 40 20.15 N
* NMEA Longitude = 070 17.20 W
* NMEA UTC (Time) = Jun 26 2023 05:30:07
** Cruise: HB2302
** Program: Ecomon
** Chief Scientist: Jerry Prezioso
# nquan = 7
# nvalues = 1947                                  
# units = specified
# name 0 = depSM: Depth [salt water, m]
# name 1 = tv290C: Temperature [ITS-90, deg C]
# name 2 = c0S/m: Conductivity [S/m]
# name 3 = sal00: Salinity, Practical [PSU]
# name 4 = scan: Scan Count
# name 5 = timeM: Time, Elapsed [minutes]
# name 6 = flag:  0.000e+00
# span 0 =     -0.098,     83.410                 
# span 1 =     7.8184,    22.2527                 
# span 2 =   0.002056,   4.998331                 
# span 3 =     0.0175,    35.0094                 
# span 4 =         11,       1957                 
# span 5 =     0.0417,     8.1500                 
# span 6 = 0.0000e+00, 0.0000e+00                 
# interval = seconds: 0.25
# start_time = Jun 26 2023 05:30:07 [NMEA time, header]
# bad_flag = -9.990e-29
*END*
[from data line 1436]
     30.854    12.4212   3.881143    33.4507       1447     6.0250  0.000e+00
     30.776    12.4446   3.883882    33.4561       1448     6.0292  0.000e+00
     30.695    12.4688   3.889013    33.4838       1449     6.0333  0.000e+00
     30.631    12.5003   3.893210    33.4961       1450     6.0375  0.000e+00
     30.565    12.5374   3.898181    33.5107       1451     6.0417  0.000e+00
     30.495    12.5779   3.902897    33.5198       1452     6.0458  0.000e+00
     30.435    12.6205   3.908090    33.5316       1453     6.0500  0.000e+00
     30.372    12.6651   3.913577    33.5444       1454     6.0542  0.000e+00
     30.326    12.7119   3.921275    33.5762       1455     6.0583  0.000e+00
     30.275    12.7678   3.926848    33.5796       1456     6.0625  0.000e+00
     30.218    12.8242   3.931962    33.5782       1457     6.0667  0.000e+00
     30.170    12.8760   3.936376    33.5742       1458     6.0708  0.000e+00
     30.115    12.9231   3.938336    33.5511       1459     6.0750  0.000e+00
     30.058    12.9588   3.940461    33.5395       1460     6.0792  0.000e+00
     30.001    12.9860   3.943535    33.5447       1461     6.0833  0.000e+00
     29.937    13.0121   3.945198    33.5373       1462     6.0875  0.000e+00
     29.877    13.0346   3.946092    33.5259       1463     6.0917  0.000e+00
     29.805    13.0508   3.946377    33.5143       1464     6.0958  0.000e+00
     29.732    13.0613   3.947159    33.5125       1465     6.1000  0.000e+00
     29.654    13.0709   3.952423    33.5539       1466     6.1042  0.000e+00
     29.575    13.0956   3.961884    33.6216       1467     6.1083  0.000e+00
     29.500    13.1494   3.979085    33.7366       1468     6.1125  0.000e+00
     29.427    13.2519   4.004973    33.8901       1469     6.1167  0.000e+00
     29.349    13.4107   4.013503    33.8292       1470     6.1208  0.000e+00
     29.286    13.5523   4.021499    33.7788       1471     6.1250  0.000e+00
     29.213    13.6599   4.026468    33.7303       1472     6.1292  0.000e+00
     29.144    13.7394   4.029915    33.6925       1473     6.1333  0.000e+00
     29.080    13.7959   4.030864    33.6517       1474     6.1375  0.000e+00
     29.014    13.8302   4.032274    33.6348       1475     6.1417  0.000e+00
     28.945    13.8538   4.041786    33.7026       1476     6.1458  0.000e+00
     28.881    13.9006   4.059114    33.8227       1477     6.1500  0.000e+00
     28.809    13.9935   4.069617    33.8385       1478     6.1542  0.000e+00
     28.755    14.0975   4.078009    33.8249       1479     6.1583  0.000e+00
     28.694    14.1918   4.082448    33.7832       1480     6.1625  0.000e+00
     28.628    14.2629   4.083926    33.7348       1481     6.1667  0.000e+00
     28.561    14.3082   4.087703    33.7300       1482     6.1708  0.000e+00
     28.504    14.3430   4.091361    33.7334       1483     6.1750  0.000e+00
     28.444    14.3750   4.094004    33.7297       1484     6.1792  0.000e+00
     28.389    14.4045   4.096830    33.7300       1485     6.1833  0.000e+00
     28.332    14.4302   4.098714    33.7250       1486     6.1875  0.000e+00
     28.272    14.4519   4.101878    33.7351       1487     6.1917  0.000e+00
     28.205    14.4760   4.106807    33.7594       1488     6.1958  0.000e+00
     28.142    14.5070   4.110688    33.7681       1489     6.2000  0.000e+00
     28.073    14.5410   4.113862    33.7676       1490     6.2042  0.000e+00
     28.000    14.5728   4.116585    33.7648       1491     6.2083  0.000e+00
     27.922    14.6009   4.118547    33.7584       1492     6.2125  0.000e+00
     27.828    14.6255   4.125320    33.7990       1493     6.2167  0.000e+00
     27.747    14.6610   4.133698    33.8448       1494     6.2208  0.000e+00
     27.647    14.7130   4.136873    33.8285       1495     6.2250  0.000e+00
     27.557    14.7591   4.138332    33.8018       1496     6.2292  0.000e+00
     27.457    14.7909   4.141062    33.7991       1497     6.2333  0.000e+00
     27.364    14.8156   4.141643    33.7830       1498     6.2375  0.000e+00
     27.264    14.8322   4.142947    33.7805       1499     6.2417  0.000e+00
     27.180    14.8454   4.143461    33.7738       1500     6.2458  0.000e+00
     27.095    14.8543   4.143805    33.7693       1501     6.2500  0.000e+00
     27.011    14.8599   4.145543    33.7802       1502     6.2542  0.000e+00
     26.935    14.8685   4.145915    33.7762       1503     6.2583  0.000e+00
     26.884    14.8763   4.148025    33.7886       1504     6.2625  0.000e+00
     26.824    14.8868   4.149601    33.7939       1505     6.2667  0.000e+00
     26.766    14.8977   4.146692    33.7580       1506     6.2708  0.000e+00
     26.721    14.8964   4.148187    33.7727       1507     6.2750  0.000e+00
     26.670    14.8991   4.154750    33.8301       1508     6.2792  0.000e+00
     26.615    14.9201   4.156408    33.8270       1509     6.2833  0.000e+00
     26.579    14.9436   4.158480    33.8254       1510     6.2875  0.000e+00
     26.525    14.9644   4.158811    33.8105       1511     6.2917  0.000e+00
     26.467    14.9775   4.158229    33.7938       1512     6.2958  0.000e+00
     26.401    14.9818   4.157490    33.7835       1513     6.3000  0.000e+00
     26.347    14.9823   4.160070    33.8064       1514     6.3042  0.000e+00
     26.280    14.9889   4.161682    33.8154       1515     6.3083  0.000e+00
     26.214    14.9999   4.163267    33.8203       1516     6.3125  0.000e+00
     26.151    15.0136   4.168633    33.8572       1517     6.3167  0.000e+00
     26.084    15.0374   4.173413    33.8799       1518     6.3208  0.000e+00
     26.018    15.0711   4.179049    33.9018       1519     6.3250  0.000e+00
     25.954    15.1137   4.185984    33.9277       1520     6.3292  0.000e+00
     25.885    15.1607   4.189338    33.9173       1521     6.3333  0.000e+00
     25.825    15.2024   4.191912    33.9045       1522     6.3375  0.000e+00
     25.758    15.2351   4.193698    33.8923       1523     6.3417  0.000e+00
     25.692    15.2586   4.193909    33.8739       1524     6.3458  0.000e+00
     25.617    15.2734   4.196661    33.8860       1525     6.3500  0.000e+00
     25.547    15.2896   4.199461    33.8973       1526     6.3542  0.000e+00
     25.460    15.3103   4.204629    33.9261       1527     6.3583  0.000e+00
     25.387    15.3377   4.209248    33.9440       1528     6.3625  0.000e+00
     25.303    15.3726   4.213304    33.9504       1529     6.3667  0.000e+00
     25.218    15.4075   4.215993    33.9445       1530     6.3708  0.000e+00
     25.131    15.4390   4.222123    33.9724       1531     6.3750  0.000e+00
     25.046    15.4782   4.231406    34.0220       1532     6.3792  0.000e+00
     24.962    15.5336   4.238869    34.0411       1533     6.3833  0.000e+00
     24.880    15.5968   4.245599    34.0470       1534     6.3875  0.000e+00
     24.799    15.6590   4.251952    34.0501       1535     6.3917  0.000e+00
     24.723    15.7176   4.259949    34.0711       1536     6.3958  0.000e+00
     24.645    15.7784   4.267022    34.0818       1537     6.4000  0.000e+00
     24.572    15.8390   4.269533    34.0521       1538     6.4042  0.000e+00
     24.503    15.8837   4.271236    34.0288       1539     6.4083  0.000e+00
     24.437    15.9143   4.273632    34.0238       1540     6.4125  0.000e+00
     24.367    15.9380   4.275604    34.0210       1541     6.4167  0.000e+00
     24.313    15.9585   4.280132    34.0437       1542     6.4208  0.000e+00
     24.249    15.9849   4.285354    34.0675       1543     6.4250  0.000e+00
     24.183    16.0198   4.290854    34.0864       1544     6.4292  0.000e+00
     24.123    16.0624   4.300900    34.1390       1545     6.4333  0.000e+00
     24.071    16.1212   4.310288    34.1717       1546     6.4375  0.000e+00
     24.008    16.1937   4.319486    34.1908       1547     6.4417  0.000e+00
     23.954    16.2704   4.323847    34.1635       1548     6.4458  0.000e+00
     23.896    16.3357   4.327789    34.1423       1549     6.4500  0.000e+00
     23.842    16.3864   4.330825    34.1257       1550     6.4542  0.000e+00
     23.782    16.4254   4.333882    34.1193       1551     6.4583  0.000e+00
     23.736    16.4571   4.336416    34.1144       1552     6.4625  0.000e+00
     23.685    16.4834   4.338159    34.1073       1553     6.4667  0.000e+00
     23.631    16.5056   4.340322    34.1074       1554     6.4708  0.000e+00
     23.576    16.5250   4.343465    34.1185       1555     6.4750  0.000e+00
     23.510    16.5458   4.345878    34.1219       1556     6.4792  0.000e+00
     23.462    16.5678   4.351113    34.1491       1557     6.4833  0.000e+00
     23.404    16.5971   4.357123    34.1769       1558     6.4875  0.000e+00
     23.344    16.6353   4.361693    34.1844       1559     6.4917  0.000e+00
     23.281    16.6742   4.363453    34.1666       1560     6.4958  0.000e+00
     23.235    16.7038   4.363626    34.1429       1561     6.5000  0.000e+00
     23.178    16.7215   4.365269    34.1422       1562     6.5042  0.000e+00
     23.118    16.7347   4.367003    34.1462       1563     6.5083  0.000e+00
     23.057    16.7475   4.367431    34.1390       1564     6.5125  0.000e+00
     23.003    16.7580   4.371294    34.1639       1565     6.5167  0.000e+00
     22.946    16.7742   4.375263    34.1848       1566     6.5208  0.000e+00
     22.888    16.7985   4.381543    34.2190       1567     6.5250  0.000e+00
     22.828    16.8349   4.387993    34.2443       1568     6.5292  0.000e+00
     22.765    16.8789   4.393137    34.2517       1569     6.5333  0.000e+00
     22.704    16.9236   4.396718    34.2448       1570     6.5375  0.000e+00
     22.644    16.9628   4.398574    34.2276       1571     6.5417  0.000e+00
     22.586    16.9925   4.401977    34.2320       1572     6.5458  0.000e+00
     22.520    17.0203   4.407455    34.2559       1573     6.5500  0.000e+00
     22.457    17.0545   4.411457    34.2617       1574     6.5542  0.000e+00
     22.387    17.0908   4.417050    34.2794       1575     6.5583  0.000e+00
     22.324    17.1306   4.422292    34.2911       1576     6.5625  0.000e+00
     22.260    17.1724   4.426370    34.2909       1577     6.5667  0.000e+00
     22.197    17.2114   4.430059    34.2898       1578     6.5708  0.000e+00
     22.131    17.2462   4.436073    34.3124       1579     6.5750  0.000e+00
     22.061    17.2853   4.442410    34.3340       1580     6.5792  0.000e+00
     21.992    17.3305   4.450115    34.3623       1581     6.5833  0.000e+00
     21.935    17.3829   4.453882    34.3503       1582     6.5875  0.000e+00
     21.865    17.4269   4.455087    34.3234       1583     6.5917  0.000e+00
     21.802    17.4565   4.457233    34.3168       1584     6.5958  0.000e+00
     21.741    17.4778   4.458048    34.3059       1585     6.6000  0.000e+00
     21.678    17.4937   4.461191    34.3195       1586     6.6042  0.000e+00
     21.624    17.5111   4.465179    34.3391       1587     6.6083  0.000e+00
     21.566    17.5350   4.469810    34.3587       1588     6.6125  0.000e+00
     21.506    17.5645   4.472335    34.3555       1589     6.6167  0.000e+00
     21.445    17.5916   4.475887    34.3631       1590     6.6208  0.000e+00
     21.394    17.6175   4.480341    34.3795       1591     6.6250  0.000e+00
     21.346    17.6473   4.484399    34.3891       1592     6.6292  0.000e+00
     21.295    17.6797   4.487969    34.3924       1593     6.6333  0.000e+00
     21.246    17.7107   4.489471    34.3791       1594     6.6375  0.000e+00
     21.201    17.7353   4.493484    34.3927       1595     6.6417  0.000e+00
     21.150    17.7603   4.496616    34.3984       1596     6.6458  0.000e+00
     21.104    17.7868   4.500435    34.4087       1597     6.6500  0.000e+00
     21.044    17.8144   4.504179    34.4174       1598     6.6542  0.000e+00
     21.005    17.8432   4.506089    34.4094       1599     6.6583  0.000e+00
     20.962    17.8687   4.510486    34.4255       1600     6.6625  0.000e+00
     20.926    17.8957   4.512495    34.4199       1601     6.6667  0.000e+00
     20.890    17.9206   4.514730    34.4179       1602     6.6708  0.000e+00
     20.863    17.9414   4.516859    34.4186       1603     6.6750  0.000e+00
     20.845    17.9602   4.518022    34.4127       1604     6.6792  0.000e+00
     20.824    17.9751   4.518085    34.4006       1605     6.6833  0.000e+00
     20.805    17.9846   4.519816    34.4074       1606     6.6875  0.000e+00
     20.790    17.9934   4.519493    34.3973       1607     6.6917  0.000e+00
     20.775    17.9984   4.520236    34.3994       1608     6.6958  0.000e+00
     20.754    18.0026   4.520937    34.4018       1609     6.7000  0.000e+00
     20.733    18.0076   4.521253    34.4003       1610     6.7042  0.000e+00
     20.697    18.0115   4.521147    34.3961       1611     6.7083  0.000e+00
     20.651    18.0140   4.523194    34.4115       1612     6.7125  0.000e+00
     20.603    18.0206   4.525256    34.4235       1613     6.7167  0.000e+00
     20.537    18.0319   4.526806    34.4272       1614     6.7208  0.000e+00
     20.467    18.0449   4.533295    34.4715       1615     6.7250  0.000e+00
     20.395    18.0736   4.545787    34.5538       1616     6.7292  0.000e+00
     20.304    18.1322   4.556217    34.5930       1617     6.7333  0.000e+00
     20.211    18.2050   4.560155    34.5650       1618     6.7375  0.000e+00
     20.108    18.2653   4.563630    34.5437       1619     6.7417  0.000e+00
     20.002    18.3096   4.566001    34.5265       1620     6.7458  0.000e+00
     19.903    18.3414   4.567613    34.5134       1621     6.7500  0.000e+00
     19.803    18.3636   4.571267    34.5257       1622     6.7542  0.000e+00
     19.725    18.3857   4.572513    34.5177       1623     6.7583  0.000e+00
     19.640    18.4045   4.574513    34.5188       1624     6.7625  0.000e+00
     19.568    18.4205   4.576028    34.5183       1625     6.7667  0.000e+00
     19.513    18.4349   4.577056    34.5148       1626     6.7708  0.000e+00
     19.453    18.4464   4.577493    34.5089       1627     6.7750  0.000e+00
     19.411    18.4546   4.578931    34.5142       1628     6.7792  0.000e+00
     19.371    18.4627   4.580474    34.5204       1629     6.7833  0.000e+00
     19.341    18.4729   4.582447    34.5285       1630     6.7875  0.000e+00
     19.314    18.4849   4.582208    34.5164       1631     6.7917  0.000e+00
     19.296    18.4919   4.582313    34.5114       1632     6.7958  0.000e+00
     19.284    18.4955   4.583237    34.5163       1633     6.8000  0.000e+00
     19.259    18.5002   4.583145    34.5115       1634     6.8042  0.000e+00
     19.238    18.5035   4.583942    34.5155       1635     6.8083  0.000e+00
     19.220    18.5064   4.584456    34.5174       1636     6.8125  0.000e+00
     19.205    18.5112   4.584647    34.5150       1637     6.8167  0.000e+00
     19.178    18.5139   4.583314    34.5015       1638     6.8208  0.000e+00
     19.154    18.5124   4.584696    34.5144       1639     6.8250  0.000e+00
     19.123    18.5133   4.584675    34.5135       1640     6.8292  0.000e+00
     19.093    18.5147   4.585810    34.5219       1641     6.8333  0.000e+00
     19.054    18.5193   4.585344    34.5142       1642     6.8375  0.000e+00
     19.012    18.5216   4.587876    34.5336       1643     6.8417  0.000e+00
     18.966    18.5289   4.588751    34.5348       1644     6.8458  0.000e+00
     18.903    18.5375   4.588800    34.5281       1645     6.8500  0.000e+00
     18.849    18.5432   4.589696    34.5308       1646     6.8542  0.000e+00
     18.770    18.5490   4.593555    34.5586       1647     6.8583  0.000e+00
     18.704    18.5638   4.594642    34.5553       1648     6.8625  0.000e+00
     18.625    18.5783   4.595848    34.5533       1649     6.8667  0.000e+00
     18.547    18.5897   4.596441    34.5488       1650     6.8708  0.000e+00
     18.459    18.5990   4.597775    34.5523       1651     6.8750  0.000e+00
