HB2302/sbe184.cnv
* Sea-Bird SBE 19plus V2 Data File:
* FileName = C:\cruise\data\sbe184.hex
* Software Version Seasave V 7.26.7.121
* Temperature SN = 4758
* Conductivity SN = 4758
* System UpLoad Time = Jun 25 2023 23:30:44
* NMEA Latitude = 40 35.24 N
* NMEA Longitude = 069 51.14 W
* NMEA UTC (Time) = Jun 25 2023 23:30:43
** Cruise: HB2302
** Program: Ecomon
** Chief Scientist: Jerry Prezioso
# nquan = 7
# nvalues = 1542                                  
# units = specified
# name 0 = depSM: Depth [salt water, m]
# name 1 = tv290C: Temperature [ITS-90, deg C]
# name 2 = c0S/m: Conductivity [S/m]
# name 3 = sal00: Salinity, Practical [PSU]
# name 4 = scan: Scan Count
# name 5 = timeM: Time, Elapsed [minutes]
# name 6 = flag:  0.000e+00
# span 0 =     -0.087,     57.341                 
# span 1 =     9.8699,    21.3758                 
# span 2 =   0.000650,   4.811714                 
# span 3 =     0.0119,    35.1490                 
# span 4 =         11,       1552                 
# span 5 =     0.0417,     6.4625                 
# span 6 = 0.0000e+00, 0.0000e+00                 
# interval = seconds: 0.25
# start_time = Jun 25 2023 23:30:43 [NMEA time, header]
# bad_flag = -9.990e-29
*END*
[from data line 616]
     44.407    10.6549   3.644598    32.7071        627     2.6083  0.000e+00
     44.319    10.6566   3.644418    32.7038        628     2.6125  0.000e+00
     44.232    10.6570   3.644598    32.7053        629     2.6167  0.000e+00
     44.126    10.6575   3.644758    32.7065        630     2.6208  0.000e+00
     44.009    10.6584   3.645657    32.7147        631     2.6250  0.000e+00
     43.876    10.6620   3.645233    32.7073        632     2.6292  0.000e+00
     43.740    10.6641   3.645002    32.7032        633     2.6333  0.000e+00
     43.601    10.6639   3.645284    32.7063        634     2.6375  0.000e+00
     43.462    10.6639   3.645252    32.7060        635     2.6417  0.000e+00
     43.326    10.6646   3.646093    32.7138        636     2.6458  0.000e+00
     43.191    10.6681   3.646793    32.7177        637     2.6500  0.000e+00
     43.058    10.6722   3.646343    32.7096        638     2.6542  0.000e+00
     42.943    10.6743   3.645977    32.7041        639     2.6583  0.000e+00
     42.832    10.6736   3.646427    32.7093        640     2.6625  0.000e+00
     42.738    10.6747   3.648764    32.7316        641     2.6667  0.000e+00
     42.638    10.6830   3.650292    32.7395        642     2.6708  0.000e+00
     42.551    10.6959   3.651095    32.7360        643     2.6750  0.000e+00
     42.470    10.7072   3.651031    32.7253        644     2.6792  0.000e+00
     42.382    10.7138   3.651262    32.7217        645     2.6833  0.000e+00
     42.313    10.7180   3.651371    32.7191        646     2.6875  0.000e+00
     42.222    10.7204   3.650395    32.7072        647     2.6917  0.000e+00
     42.138    10.7185   3.650414    32.7092        648     2.6958  0.000e+00
     42.047    10.7160   3.650960    32.7169        649     2.7000  0.000e+00
     41.957    10.7167   3.651165    32.7183        650     2.7042  0.000e+00
     41.860    10.7190   3.651506    32.7197        651     2.7083  0.000e+00
     41.751    10.7212   3.651576    32.7185        652     2.7125  0.000e+00
     41.622    10.7231   3.651608    32.7172        653     2.7167  0.000e+00
     41.495    10.7245   3.651595    32.7158        654     2.7208  0.000e+00
     41.368    10.7251   3.651505    32.7145        655     2.7250  0.000e+00
     41.235    10.7245   3.651415    32.7141        656     2.7292  0.000e+00
     41.100    10.7238   3.651236    32.7131        657     2.7333  0.000e+00
     40.967    10.7228   3.650510    32.7068        658     2.7375  0.000e+00
     40.837    10.7195   3.650645    32.7111        659     2.7417  0.000e+00
     40.698    10.7173   3.650747    32.7141        660     2.7458  0.000e+00
     40.580    10.7168   3.651165    32.7188        661     2.7500  0.000e+00
     40.451    10.7182   3.651390    32.7199        662     2.7542  0.000e+00
     40.336    10.7202   3.651826    32.7225        663     2.7583  0.000e+00
     40.224    10.7228   3.652732    32.7293        664     2.7625  0.000e+00
     40.101    10.7275   3.651640    32.7142        665     2.7667  0.000e+00
     39.986    10.7280   3.650869    32.7061        666     2.7708  0.000e+00
     39.868    10.7237   3.651524    32.7165        667     2.7750  0.000e+00
     39.745    10.7233   3.651845    32.7201        668     2.7792  0.000e+00
     39.630    10.7249   3.651325    32.7136        669     2.7833  0.000e+00
     39.491    10.7243   3.651627    32.7172        670     2.7875  0.000e+00
     39.355    10.7245   3.652481    32.7256        671     2.7917  0.000e+00
     39.229    10.7284   3.655591    32.7532        672     2.7958  0.000e+00
     39.087    10.7417   3.656336    32.7487        673     2.8000  0.000e+00
     38.960    10.7545   3.656561    32.7396        674     2.8042  0.000e+00
     38.824    10.7631   3.656477    32.7311        675     2.8083  0.000e+00
     38.706    10.7673   3.656497    32.7275        676     2.8125  0.000e+00
     38.574    10.7693   3.656323    32.7241        677     2.8167  0.000e+00
     38.456    10.7699   3.656863    32.7290        678     2.8208  0.000e+00
     38.332    10.7718   3.657069    32.7294        679     2.8250  0.000e+00
     38.215    10.7743   3.656490    32.7214        680     2.8292  0.000e+00
     38.106    10.7741   3.657113    32.7279        681     2.8333  0.000e+00
     37.985    10.7745   3.658476    32.7412        682     2.8375  0.000e+00
     37.880    10.7811   3.658907    32.7396        683     2.8417  0.000e+00
     37.771    10.7879   3.657422    32.7187        684     2.8458  0.000e+00
     37.665    10.7865   3.656541    32.7113        685     2.8500  0.000e+00
     37.557    10.7813   3.657608    32.7266        686     2.8542  0.000e+00
     37.448    10.7803   3.659177    32.7432        687     2.8583  0.000e+00
     37.364    10.7878   3.661909    32.7637        688     2.8625  0.000e+00
     37.270    10.8024   3.663594    32.7674        689     2.8667  0.000e+00
     37.180    10.8206   3.664424    32.7594        690     2.8708  0.000e+00
     37.092    10.8359   3.664983    32.7513        691     2.8750  0.000e+00
     37.005    10.8472   3.666077    32.7521        692     2.8792  0.000e+00
     36.938    10.8582   3.666347    32.7450        693     2.8833  0.000e+00
     36.854    10.8669   3.666739    32.7411        694     2.8875  0.000e+00
     36.779    10.8736   3.667145    32.7392        695     2.8917  0.000e+00
     36.700    10.8794   3.667827    32.7409        696     2.8958  0.000e+00
     36.619    10.8856   3.668805    32.7451        697     2.9000  0.000e+00
     36.528    10.8941   3.669223    32.7416        698     2.9042  0.000e+00
     36.444    10.9030   3.669834    32.7398        699     2.9083  0.000e+00
     36.344    10.9097   3.670349    32.7390        700     2.9125  0.000e+00
     36.239    10.9166   3.671984    32.7491        701     2.9167  0.000e+00
     36.148    10.9288   3.673304    32.7513        702     2.9208  0.000e+00
     36.036    10.9439   3.675590    32.7605        703     2.9250  0.000e+00
     35.922    10.9649   3.677399    32.7598        704     2.9292  0.000e+00
     35.801    10.9922   3.678997    32.7513        705     2.9333  0.000e+00
     35.680    11.0269   3.681381    32.7440        706     2.9375  0.000e+00
     35.541    11.0713   3.683874    32.7292        707     2.9417  0.000e+00
     35.418    11.1163   3.685131    32.7016        708     2.9458  0.000e+00
     35.294    11.1514   3.686291    32.6819        709     2.9500  0.000e+00
     35.161    11.1765   3.687471    32.6713        710     2.9542  0.000e+00
     35.041    11.1964   3.688348    32.6623        711     2.9583  0.000e+00
     34.914    11.2124   3.689650    32.6611        712     2.9625  0.000e+00
     34.790    11.2270   3.690295    32.6545        713     2.9667  0.000e+00
     34.666    11.2394   3.691953    32.6599        714     2.9708  0.000e+00
     34.561    11.2539   3.692250    32.6500        715     2.9750  0.000e+00
     34.443    11.2669   3.694134    32.6571        716     2.9792  0.000e+00
     34.338    11.2814   3.694140    32.6444        717     2.9833  0.000e+00
     34.232    11.2934   3.694940    32.6416        718     2.9875  0.000e+00
     34.141    11.3042   3.696115    32.6436        719     2.9917  0.000e+00
     34.057    11.3173   3.696224    32.6332        720     2.9958  0.000e+00
     33.979    11.3275   3.697076    32.6326        721     3.0000  0.000e+00
     33.909    11.3382   3.697754    32.6298        722     3.0042  0.000e+00
     33.846    11.3502   3.698270    32.6243        723     3.0083  0.000e+00
     33.795    11.3624   3.698438    32.6152        724     3.0125  0.000e+00
     33.725    11.3718   3.698477    32.6073        725     3.0167  0.000e+00
     33.689    11.3779   3.698548    32.6026        726     3.0208  0.000e+00
     33.659    11.3828   3.698567    32.5985        727     3.0250  0.000e+00
     33.653    11.3847   3.698457    32.5957        728     3.0292  0.000e+00
     33.647    11.3834   3.698347    32.5958        729     3.0333  0.000e+00
     33.650    11.3803   3.698341    32.5985        730     3.0375  0.000e+00
     33.641    11.3775   3.698502    32.6025        731     3.0417  0.000e+00
     33.608    11.3780   3.698586    32.6029        732     3.0458  0.000e+00
     33.569    11.3798   3.698941    32.6048        733     3.0500  0.000e+00
     33.527    11.3842   3.698154    32.5933        734     3.0542  0.000e+00
     33.485    11.3895   3.698296    32.5900        735     3.0583  0.000e+00
     33.424    11.3933   3.698179    32.5855        736     3.0625  0.000e+00
     33.367    11.3949   3.698082    32.5832        737     3.0667  0.000e+00
     33.310    11.3958   3.697262    32.5744        738     3.0708  0.000e+00
     33.258    11.3968   3.697004    32.5709        739     3.0750  0.000e+00
     33.204    11.3981   3.696442    32.5643        740     3.0792  0.000e+00
     33.147    11.3985   3.696249    32.5621        741     3.0833  0.000e+00
     33.105    11.3983   3.695868    32.5585        742     3.0875  0.000e+00
     33.063    11.3977   3.696152    32.5619        743     3.0917  0.000e+00
     33.014    11.3977   3.695810    32.5586        744     3.0958  0.000e+00
     32.981    11.3972   3.694777    32.5489        745     3.1000  0.000e+00
     32.945    11.3965   3.694842    32.5502        746     3.1042  0.000e+00
     32.915    11.3961   3.695061    32.5527        747     3.1083  0.000e+00
     32.891    11.3962   3.694887    32.5509        748     3.1125  0.000e+00
     32.858    11.3961   3.694777    32.5500        749     3.1167  0.000e+00
     32.843    11.3956   3.694512    32.5478        750     3.1208  0.000e+00
     32.825    11.3946   3.694796    32.5514        751     3.1250  0.000e+00
     32.822    11.3945   3.694713    32.5507        752     3.1292  0.000e+00
     32.813    11.3944   3.694267    32.5464        753     3.1333  0.000e+00
     32.807    11.3937   3.694338    32.5477        754     3.1375  0.000e+00
     32.816    11.3929   3.693990    32.5450        755     3.1417  0.000e+00
     32.816    11.3918   3.694454    32.5506        756     3.1458  0.000e+00
     32.807    11.3917   3.694661    32.5527        757     3.1500  0.000e+00
     32.819    11.3926   3.695255    32.5577        758     3.1542  0.000e+00
     32.801    11.3941   3.693602    32.5402        759     3.1583  0.000e+00
     32.786    11.3917   3.691667    32.5233        760     3.1625  0.000e+00
     32.750    11.3852   3.692777    32.5400        761     3.1667  0.000e+00
     32.714    11.3828   3.692867    32.5430        762     3.1708  0.000e+00
     32.666    11.3822   3.691712    32.5322        763     3.1750  0.000e+00
     32.614    11.3791   3.686758    32.4864        764     3.1792  0.000e+00
     32.560    11.3657   3.686184    32.4926        765     3.1833  0.000e+00
     32.497    11.3543   3.686571    32.5064        766     3.1875  0.000e+00
     32.440    11.3493   3.685843    32.5037        767     3.1917  0.000e+00
     32.379    11.3469   3.684695    32.4946        768     3.1958  0.000e+00
     32.319    11.3443   3.684785    32.4978        769     3.2000  0.000e+00
     32.280    11.3428   3.683844    32.4899        770     3.2042  0.000e+00
     32.238    11.3402   3.680570    32.4601        771     3.2083  0.000e+00
     32.208    11.3331   3.677870    32.4399        772     3.2125  0.000e+00
     32.180    11.3219   3.677046    32.4416        773     3.2167  0.000e+00
     32.171    11.3128   3.677652    32.4556        774     3.2208  0.000e+00
     32.163    11.3089   3.676569    32.4484        775     3.2250  0.000e+00
     32.154    11.3051   3.676247    32.4486        776     3.2292  0.000e+00
     32.139    11.3018   3.676434    32.4533        777     3.2333  0.000e+00
     32.133    11.3003   3.677942    32.4694        778     3.2375  0.000e+00
     32.109    11.3024   3.677458    32.4629        779     3.2417  0.000e+00
     32.091    11.3037   3.677175    32.4589        780     3.2458  0.000e+00
     32.066    11.3031   3.675925    32.4472        781     3.2500  0.000e+00
     32.039    11.3003   3.676041    32.4508        782     3.2542  0.000e+00
     31.994    11.2965   3.671598    32.4105        783     3.2583  0.000e+00
     31.943    11.2843   3.668464    32.3905        784     3.2625  0.000e+00
     31.898    11.2674   3.668052    32.4013        785     3.2667  0.000e+00
     31.831    11.2546   3.667280    32.4050        786     3.2708  0.000e+00
     31.777    11.2443   3.663201    32.3740        787     3.2750  0.000e+00
     31.717    11.2275   3.661285    32.3700        788     3.2792  0.000e+00
     31.650    11.2090   3.659105    32.3648        789     3.2833  0.000e+00
     31.590    11.1899   3.650726    32.2991        790     3.2875  0.000e+00
     31.530    11.1566   3.644427    32.2664        791     3.2917  0.000e+00
     31.466    11.1157   3.639794    32.2566        792     3.2958  0.000e+00
     31.397    11.0759   3.636517    32.2593        793     3.3000  0.000e+00
     31.328    11.0414   3.633542    32.2602        794     3.3042  0.000e+00
     31.273    11.0136   3.633337    32.2826        795     3.3083  0.000e+00
     31.222    10.9952   3.632574    32.2913        796     3.3125  0.000e+00
     31.147    10.9831   3.632414    32.3004        797     3.3167  0.000e+00
     31.096    10.9768   3.631062    32.2925        798     3.3208  0.000e+00
     31.032    10.9690   3.630094    32.2899        799     3.3250  0.000e+00
     30.978    10.9605   3.629710    32.2936        800     3.3292  0.000e+00
     30.909    10.9539   3.629345    32.2958        801     3.3333  0.000e+00
     30.821    10.9494   3.629325    32.2996        802     3.3375  0.000e+00
     30.779    10.9467   3.629101    32.2998        803     3.3417  0.000e+00
     30.704    10.9446   3.628178    32.2926        804     3.3458  0.000e+00
     30.658    10.9412   3.626987    32.2838        805     3.3500  0.000e+00
     30.613    10.9348   3.625276    32.2725        806     3.3542  0.000e+00
     30.556    10.9256   3.625481    32.2826        807     3.3583  0.000e+00
     30.502    10.9203   3.625616    32.2887        808     3.3625  0.000e+00
     30.462    10.9181   3.626602    32.3004        809     3.3667  0.000e+00
     30.417    10.9197   3.626090    32.2939        810     3.3708  0.000e+00
     30.378    10.9210   3.626019    32.2921        811     3.3750  0.000e+00
     30.354    10.9204   3.624559    32.2782        812     3.3792  0.000e+00
     30.321    10.9162   3.625212    32.2883        813     3.3833  0.000e+00
     30.306    10.9139   3.624604    32.2843        814     3.3875  0.000e+00
     30.282    10.9122   3.623944    32.2794        815     3.3917  0.000e+00
     30.264    10.9084   3.623342    32.2767        816     3.3958  0.000e+00
     30.249    10.9041   3.623547    32.2825        817     3.4000  0.000e+00
     30.207    10.9019   3.623592    32.2850        818     3.4042  0.000e+00
     30.179    10.9013   3.623842    32.2879        819     3.4083  0.000e+00
     30.122    10.9019   3.623989    32.2889        820     3.4125  0.000e+00
     30.074    10.9032   3.623413    32.2821        821     3.4167  0.000e+00
     30.004    10.9028   3.622555    32.2740        822     3.4208  0.000e+00
     29.932    10.8998   3.620896    32.2602        823     3.4250  0.000e+00
     29.836    10.8934   3.620205    32.2590        824     3.4292  0.000e+00
     29.748    10.8869   3.620691    32.2696        825     3.4333  0.000e+00
     29.649    10.8848   3.621434    32.2788        826     3.4375  0.000e+00
     29.543    10.8880   3.622491    32.2866        827     3.4417  0.000e+00
     29.434    10.8951   3.623188    32.2873        828     3.4458  0.000e+00
     29.341    10.9034   3.623605    32.2842        829     3.4500  0.000e+00
     29.232    10.9102   3.623771    32.2798        830     3.4542  0.000e+00
