HB2302/sbe108.cnv
* Sea-Bird SBE 19plus V2 Data File:
* FileName = C:\cruise\data\sbe108.hex
* Software Version Seasave V 7.26.7.121
* Temperature SN = 4758
* Conductivity SN = 4758
* System UpLoad Time = Jun 18 2023 14:14:37
* NMEA Latitude = 42 23.55 N
* NMEA Longitude = 066 19.34 W
* NMEA UTC (Time) = Jun 18 2023 14:14:37
** Cruise: HB2302
** Program: Ecomon
** Chief Scientist: Jerry Prezioso
# nquan = 7
# nvalues = 4131                                  
# units = specified
# name 0 = depSM: Depth [salt water, m]
# name 1 = tv290C: Temperature [ITS-90, deg C]
# name 2 = c0S/m: Conductivity [S/m]
# name 3 = sal00: Salinity, Practical [PSU]
# name 4 = scan: Scan Count
# name 5 = timeM: Time, Elapsed [minutes]
# name 6 = flag:  0.000e+00
# span 0 =     -0.210,    201.048                 
# span 1 =     7.6686,    13.0560                 
# span 2 =   0.000214,   3.721052                 
# span 3 =     0.0072,    34.9051                 
# span 4 =         11,       4141                 
# span 5 =     0.0417,    17.2500                 
# span 6 = 0.0000e+00, 0.0000e+00                 
# interval = seconds: 0.25
# start_time = Jun 18 2023 14:14:37 [NMEA time, header]
# bad_flag = -9.990e-29
*END*
     -0.201    13.0560   0.000229     0.0072         11     0.0417  0.000e+00
     -0.201    13.0529   0.000223     0.0072         12     0.0458  0.000e+00
     -0.210    13.0511   0.000223     0.0072         13     0.0500  0.000e+00
     -0.201    13.0501   0.000223     0.0072         14     0.0542  0.000e+00
     -0.192    13.0490   0.000223     0.0072         15     0.0583  0.000e+00
     -0.165    13.0470   0.000214     0.0072         16     0.0625  0.000e+00
     -0.062    13.0450   2.746446    22.4498         17     0.0667  0.000e+00
     -0.005    12.9914   1.076062     8.1106         18     0.0708  0.000e+00
     -0.011    12.8266   2.498786    20.3534         19     0.0750  0.000e+00
     -0.044    12.7674   1.783810    14.1065         20     0.0792  0.000e+00
     -0.053    12.6249   1.678782    13.2552         21     0.0833  0.000e+00
     -0.053    12.3663   0.522807     3.8004         22     0.0875  0.000e+00
     -0.075    12.2446   2.476639    20.4687         23     0.0917  0.000e+00
     -0.081    12.3438   3.718645    31.9733         24     0.0958  0.000e+00
      0.043    12.4140   3.721052    31.9364         25     0.1000  0.000e+00
      0.212    12.4691   3.708600    31.7708         26     0.1042  0.000e+00
      0.454    12.5406   3.719336    31.8125         27     0.1083  0.000e+00
      0.731    12.5225   3.698496    31.6295         28     0.1125  0.000e+00
      0.976    12.3454   3.672180    31.5275         29     0.1167  0.000e+00
      1.211    12.0622   3.632910    31.3895         30     0.1208  0.000e+00
      1.431    11.7760   3.612934    31.4382         31     0.1250  0.000e+00
      1.615    11.5147   3.603360    31.5672         32     0.1292  0.000e+00
      1.800    11.3115   3.600577    31.7139         33     0.1333  0.000e+00
      1.990    11.1768   3.597347    31.7983         34     0.1375  0.000e+00
      2.162    11.0876   3.592139    31.8241         35     0.1417  0.000e+00
      2.352    11.0309   3.588445    31.8367         36     0.1458  0.000e+00
      2.530    11.0001   3.597528    31.9530         37     0.1500  0.000e+00
      2.669    10.9729   3.589805    31.9003         38     0.1542  0.000e+00
      2.790    10.9487   3.579621    31.8207         39     0.1583  0.000e+00
      2.901    10.9314   3.576805    31.8079         40     0.1625  0.000e+00
      3.010    10.9205   3.593584    31.9832         41     0.1667  0.000e+00
      3.161    10.9226   3.605048    32.0947         42     0.1708  0.000e+00
      3.309    10.9280   3.622775    32.2654         43     0.1750  0.000e+00
      3.448    10.9250   3.625177    32.2918         44     0.1792  0.000e+00
      3.568    10.9311   3.625523    32.2897         45     0.1833  0.000e+00
      3.662    10.9428   3.620752    32.2322         46     0.1875  0.000e+00
      3.752    10.9436   3.612049    32.1453         47     0.1917  0.000e+00
      3.831    10.9370   3.606256    32.0937         48     0.1958  0.000e+00
      3.910    10.9271   3.605093    32.0909         49     0.2000  0.000e+00
      3.982    10.9216   3.610246    32.1466         50     0.2042  0.000e+00
      4.069    10.9268   3.625382    32.2919         51     0.2083  0.000e+00
      4.178    10.9436   3.630604    32.3287         52     0.2125  0.000e+00
      4.305    10.9512   3.636195    32.3773         53     0.2167  0.000e+00
      4.444    10.9983   3.637990    32.3535         54     0.2208  0.000e+00
      4.598    11.0941   3.639580    32.2849         55     0.2250  0.000e+00
      4.767    11.1879   3.640644    32.2130         56     0.2292  0.000e+00
      4.945    11.2481   3.640258    32.1566         57     0.2333  0.000e+00
      5.132    11.2791   3.635171    32.0795         58     0.2375  0.000e+00
      5.328    11.2810   3.628165    32.0091         59     0.2417  0.000e+00
      5.527    11.2607   3.620948    31.9558         60     0.2458  0.000e+00
      5.727    11.2068   3.614222    31.9365         61     0.2500  0.000e+00
      5.923    11.1478   3.604510    31.8920         62     0.2542  0.000e+00
      6.119    11.0877   3.594789    31.8484         63     0.2583  0.000e+00
      6.285    11.0289   3.587120    31.8237         64     0.2625  0.000e+00
      6.424    10.9774   3.583345    31.8311         65     0.2667  0.000e+00
      6.523    10.9360   3.581280    31.8466         66     0.2708  0.000e+00
      6.599    10.9054   3.581236    31.8727         67     0.2750  0.000e+00
      6.656    10.8847   3.582122    31.8994         68     0.2792  0.000e+00
      6.717    10.8711   3.585272    31.9425         69     0.2833  0.000e+00
      6.774    10.8663   3.597978    32.0724         70     0.2875  0.000e+00
      6.846    10.8688   3.613529    32.2243         71     0.2917  0.000e+00
      6.934    10.8684   3.620889    32.2976         72     0.2958  0.000e+00
      7.030    10.8752   3.626460    32.3468         73     0.3000  0.000e+00
      7.151    10.9405   3.627158    32.2961         74     0.3042  0.000e+00
      7.296    11.0601   3.627515    32.1945         75     0.3083  0.000e+00
      7.453    11.1489   3.625496    32.0969         76     0.3125  0.000e+00
      7.625    11.2201   3.623331    32.0136         77     0.3167  0.000e+00
      7.806    11.2816   3.622702    31.9539         78     0.3208  0.000e+00
      7.984    11.3267   3.623419    31.9219         79     0.3250  0.000e+00
      8.180    11.3616   3.622606    31.8837         80     0.3292  0.000e+00
      8.364    11.3864   3.618796    31.8250         81     0.3333  0.000e+00
      8.545    11.3982   3.617158    31.7987         82     0.3375  0.000e+00
      8.721    11.3856   3.617177    31.8097         83     0.3417  0.000e+00
      8.880    11.3125   3.612789    31.8297         84     0.3458  0.000e+00
      9.031    11.2200   3.604331    31.8266         85     0.3500  0.000e+00
      9.161    11.1341   3.597650    31.8351         86     0.3542  0.000e+00
      9.291    11.0663   3.594988    31.8676         87     0.3583  0.000e+00
      9.415    11.0185   3.597083    31.9297         88     0.3625  0.000e+00
      9.538    10.9919   3.607600    32.0566         89     0.3667  0.000e+00
      9.677    10.9875   3.616222    32.1455         90     0.3708  0.000e+00
      9.825    10.9772   3.618699    32.1790         91     0.3750  0.000e+00
      9.985    10.9664   3.622797    32.2290         92     0.3792  0.000e+00
     10.154    10.9876   3.624506    32.2272         93     0.3833  0.000e+00
     10.314    11.0101   3.624730    32.2096         94     0.3875  0.000e+00
     10.477    11.0302   3.623180    32.1766         95     0.3917  0.000e+00
     10.637    11.0496   3.619575    32.1240         96     0.3958  0.000e+00
     10.785    11.0630   3.613912    32.0563         97     0.4000  0.000e+00
     10.939    11.0672   3.606858    31.9831         98     0.4042  0.000e+00
     11.072    11.0501   3.600698    31.9372         99     0.4083  0.000e+00
     11.193    11.0047   3.595392    31.9242        100     0.4125  0.000e+00
     11.298    10.9592   3.591588    31.9262        101     0.4167  0.000e+00
     11.377    10.9210   3.588941    31.9333        102     0.4208  0.000e+00
     11.461    10.8900   3.588584    31.9567        103     0.4250  0.000e+00
     11.537    10.8674   3.593970    32.0297        104     0.4292  0.000e+00
     11.618    10.8601   3.607890    32.1741        105     0.4333  0.000e+00
     11.709    10.8646   3.616871    32.2591        106     0.4375  0.000e+00
     11.812    10.8703   3.627026    32.3547        107     0.4417  0.000e+00
     11.935    10.9419   3.631786    32.3387        108     0.4458  0.000e+00
     12.068    11.0749   3.632522    32.2289        109     0.4500  0.000e+00
     12.216    11.2167   3.631187    32.0918        110     0.4542  0.000e+00
     12.358    11.3384   3.628866    31.9632        111     0.4583  0.000e+00
     12.524    11.4236   3.628025    31.8814        112     0.4625  0.000e+00
     12.699    11.4723   3.628326    31.8423        113     0.4667  0.000e+00
     12.868    11.4985   3.628012    31.8166        114     0.4708  0.000e+00
     13.055    11.5139   3.626750    31.7910        115     0.4750  0.000e+00
     13.245    11.5235   3.626006    31.7753        116     0.4792  0.000e+00
     13.438    11.5289   3.622074    31.7324        117     0.4833  0.000e+00
     13.634    11.5309   3.617695    31.6880        118     0.4875  0.000e+00
     13.834    11.5298   3.615993    31.6722        119     0.4917  0.000e+00
     14.021    11.5042   3.617945    31.7131        120     0.4958  0.000e+00
     14.220    11.4115   3.616443    31.7779        121     0.5000  0.000e+00
     14.398    11.2682   3.607241    31.8113        122     0.5042  0.000e+00
     14.585    11.1217   3.593968    31.8074        123     0.5083  0.000e+00
     14.754    10.9974   3.584942    31.8260        124     0.5125  0.000e+00
     14.914    10.8932   3.580308    31.8706        125     0.5167  0.000e+00
     15.056    10.8102   3.577499    31.9149        126     0.5208  0.000e+00
     15.201    10.7463   3.576302    31.9589        127     0.5250  0.000e+00
     15.325    10.6971   3.576455    32.0033        128     0.5292  0.000e+00
     15.454    10.6638   3.577456    32.0424        129     0.5333  0.000e+00
     15.578    10.6434   3.580178    32.0874        130     0.5375  0.000e+00
     15.708    10.6343   3.588659    32.1798        131     0.5417  0.000e+00
     15.838    10.6341   3.599121    32.2842        132     0.5458  0.000e+00
     15.962    10.6351   3.605101    32.3429        133     0.5500  0.000e+00
     16.103    10.6283   3.612505    32.4228        134     0.5542  0.000e+00
     16.248    10.6344   3.621996    32.5120        135     0.5583  0.000e+00
     16.396    10.6734   3.627177    32.5289        136     0.5625  0.000e+00
     16.541    10.7730   3.629886    32.4673        137     0.5667  0.000e+00
     16.695    10.8864   3.631084    32.3786        138     0.5708  0.000e+00
     16.852    10.9678   3.631506    32.3110        139     0.5750  0.000e+00
     17.009    11.0255   3.631935    32.2644        140     0.5792  0.000e+00
     17.178    11.0680   3.632158    32.2292        141     0.5833  0.000e+00
     17.344    11.1026   3.632318    32.2004        142     0.5875  0.000e+00
     17.525    11.1333   3.632453    32.1748        143     0.5917  0.000e+00
     17.706    11.1592   3.632901    32.1565        144     0.5958  0.000e+00
     17.899    11.1805   3.633311    32.1418        145     0.6000  0.000e+00
     18.089    11.1961   3.633645    32.1314        146     0.6042  0.000e+00
     18.279    11.2064   3.633894    32.1248        147     0.6083  0.000e+00
     18.476    11.2168   3.632792    32.1048        148     0.6125  0.000e+00
     18.666    11.2253   3.630112    32.0710        149     0.6167  0.000e+00
     18.847    11.2232   3.627005    32.0422        150     0.6208  0.000e+00
     19.031    11.2220   3.622348    31.9975        151     0.6250  0.000e+00
     19.221    11.2010   3.615775    31.9510        152     0.6292  0.000e+00
     19.414    11.1169   3.609181    31.9592        153     0.6333  0.000e+00
     19.601    10.9866   3.601660    31.9983        154     0.6375  0.000e+00
     19.792    10.8234   3.593705    32.0621        155     0.6417  0.000e+00
     19.985    10.6323   3.583615    32.1296        156     0.6458  0.000e+00
     20.169    10.4711   3.568837    32.1240        157     0.6500  0.000e+00
     20.353    10.3004   3.556231    32.1484        158     0.6542  0.000e+00
     20.534    10.1420   3.546183    32.1877        159     0.6583  0.000e+00
     20.706     9.9872   3.535441    32.2169        160     0.6625  0.000e+00
     20.875     9.8382   3.524396    32.2379        161     0.6667  0.000e+00
     21.038     9.6984   3.515705    32.2746        162     0.6708  0.000e+00
     21.189     9.5795   3.508230    32.3051        163     0.6750  0.000e+00
     21.337     9.4764   3.502694    32.3412        164     0.6792  0.000e+00
     21.476     9.3881   3.499006    32.3831        165     0.6833  0.000e+00
     21.596     9.3183   3.496588    32.4214        166     0.6875  0.000e+00
     21.711     9.2607   3.493167    32.4384        167     0.6917  0.000e+00
     21.811     9.2113   3.492562    32.4770        168     0.6958  0.000e+00
     21.925     9.1776   3.494412    32.5268        169     0.7000  0.000e+00
     22.034     9.1556   3.505485    32.6614        170     0.7042  0.000e+00
     22.161     9.1541   3.534075    32.9588        171     0.7083  0.000e+00
     22.294     9.1679   3.552641    33.1384        172     0.7125  0.000e+00
     22.435     9.1652   3.574081    33.3633        173     0.7167  0.000e+00
     22.598     9.1990   3.591721    33.5146        174     0.7208  0.000e+00
     22.764     9.3258   3.600723    33.4888        175     0.7250  0.000e+00
     22.949     9.5623   3.605832    33.3206        176     0.7292  0.000e+00
     23.139     9.7520   3.607504    33.1622        177     0.7333  0.000e+00
     23.335     9.8843   3.605803    33.0231        178     0.7375  0.000e+00
     23.540    10.0019   3.601494    32.8719        179     0.7417  0.000e+00
     23.763    10.0932   3.590977    32.6825        180     0.7458  0.000e+00
     23.993    10.1365   3.579326    32.5256        181     0.7500  0.000e+00
     24.222    10.1255   3.565310    32.3939        182     0.7542  0.000e+00
     24.455    10.0473   3.549278    32.3016        183     0.7583  0.000e+00
     24.696     9.8804   3.533522    32.2911        184     0.7625  0.000e+00
     24.925     9.7318   3.515035    32.2361        185     0.7667  0.000e+00
     25.149     9.5714   3.503023    32.2574        186     0.7708  0.000e+00
     25.363     9.4198   3.495559    32.3173        187     0.7750  0.000e+00
     25.565     9.2965   3.490732    32.3791        188     0.7792  0.000e+00
     25.734     9.1957   3.486626    32.4282        189     0.7833  0.000e+00
     25.891     9.1140   3.483304    32.4681        190     0.7875  0.000e+00
     26.018     9.0448   3.481760    32.5152        191     0.7917  0.000e+00
     26.118     8.9845   3.481780    32.5705        192     0.7958  0.000e+00
     26.214     8.9360   3.482764    32.6252        193     0.8000  0.000e+00
     26.299     8.8986   3.486264    32.6960        194     0.8042  0.000e+00
     26.389     8.8776   3.502962    32.8894        195     0.8083  0.000e+00
     26.483     8.8769   3.528761    33.1593        196     0.8125  0.000e+00
     26.579     8.8774   3.528197    33.1529        197     0.8167  0.000e+00
     26.688     8.8633   3.460236    32.4571        198     0.8208  0.000e+00
     26.800     8.8170   3.453989    32.4343        199     0.8250  0.000e+00
     26.921     8.7580   3.453003    32.4780        200     0.8292  0.000e+00
     27.047     8.7179   3.452689    32.5115        201     0.8333  0.000e+00
     27.195     8.6964   3.452539    32.5296        202     0.8375  0.000e+00
     27.346     8.6856   3.452583    32.5399        203     0.8417  0.000e+00
     27.512     8.6814   3.452200    32.5397        204     0.8458  0.000e+00
     27.678     8.6781   3.451798    32.5384        205     0.8500  0.000e+00
     27.865     8.6742   3.451050    32.5341        206     0.8542  0.000e+00
     28.061     8.6681   3.450265    32.5314        207     0.8583  0.000e+00
     28.261     8.6600   3.449800    32.5339        208     0.8625  0.000e+00
     28.457     8.6525   3.449367    32.5362        209     0.8667  0.000e+00
     28.662     8.6458   3.448802    32.5364        210     0.8708  0.000e+00
     28.870     8.6387   3.448356    32.5381        211     0.8750  0.000e+00
     29.060     8.6299   3.448551    32.5481        212     0.8792  0.000e+00
     29.266     8.6223   3.449782    32.5680        213     0.8833  0.000e+00
     29.456     8.6193   3.450819    32.5815        214     0.8875  0.000e+00
     29.643     8.6177   3.450203    32.5765        215     0.8917  0.000e+00
