HB2302/sbe135.cnv
* Sea-Bird SBE 19plus V2 Data File:
* FileName = C:\cruise\data\sbe135.hex
* Software Version Seasave V 7.26.7.121
* Temperature SN = 4758
* Conductivity SN = 4758
* System UpLoad Time = Jun 20 2023 18:22:59
* NMEA Latitude = 44 12.19 N
* NMEA Longitude = 067 05.56 W
* NMEA UTC (Time) = Jun 20 2023 18:22:59
** Cruise: HB2302
** Program: Ecomon
** Chief Scientist: Jerry Prezioso
# nquan = 7
# nvalues = 2632                                  
# units = specified
# name 0 = depSM: Depth [salt water, m]
# name 1 = tv290C: Temperature [ITS-90, deg C]
# name 2 = c0S/m: Conductivity [S/m]
# name 3 = sal00: Salinity, Practical [PSU]
# name 4 = scan: Scan Count
# name 5 = timeM: Time, Elapsed [minutes]
# name 6 = flag:  0.000e+00
# span 0 =      0.005,    126.919                 
# span 1 =     7.4622,    12.0520                 
# span 2 =   0.000426,   3.705442                 
# span 3 =     0.0076,    33.6189                 
# span 4 =         11,       2642                 
# span 5 =     0.0417,    11.0042                 
# span 6 = 0.0000e+00, 0.0000e+00                 
# interval = seconds: 0.25
# start_time = Jun 20 2023 18:22:59 [NMEA time, header]
# bad_flag = -9.990e-29
*END*
      0.005    12.0499   0.000426     0.0076         11     0.0417  0.000e+00
      0.014    12.0503   0.000429     0.0076         12     0.0458  0.000e+00
      0.065    12.0507   0.318586     2.2627         13     0.0500  0.000e+00
      0.255    12.0520   3.403242    29.2033         14     0.0542  0.000e+00
      0.436    12.0419   3.300617    28.2371         15     0.0583  0.000e+00
      0.611    12.0082   3.400869    29.2148         16     0.0625  0.000e+00
      0.774    11.9745   3.602441    31.1705         17     0.0667  0.000e+00
      0.919    11.8859   3.515825    30.4115         18     0.0708  0.000e+00
      1.052    11.7495   3.470483    30.0866         19     0.0750  0.000e+00
      1.176    11.6125   3.013469    25.8308         20     0.0792  0.000e+00
      1.299    11.5309   3.174432    27.4189         21     0.0833  0.000e+00
      1.426    11.4673   2.882867    24.6956         22     0.0875  0.000e+00
      1.550    11.4515   2.856854    24.4606         23     0.0917  0.000e+00
      1.680    11.4662   2.987149    25.6828         24     0.0958  0.000e+00
      1.828    11.4796   3.698948    32.5304         25     0.1000  0.000e+00
      1.972    11.4947   3.700911    32.5362         26     0.1042  0.000e+00
      2.114    11.5197   3.697108    32.4771         27     0.1083  0.000e+00
      2.247    11.5343   3.694622    32.4399         28     0.1125  0.000e+00
      2.374    11.5164   3.694668    32.4560         29     0.1167  0.000e+00
      2.482    11.5103   3.698141    32.4952         30     0.1208  0.000e+00
      2.579    11.5180   3.701486    32.5211         31     0.1250  0.000e+00
      2.669    11.5267   3.703605    32.5341         32     0.1292  0.000e+00
      2.766    11.5474   3.704645    32.5261         33     0.1333  0.000e+00
      2.859    11.6048   3.704876    32.4780         34     0.1375  0.000e+00
      2.953    11.6740   3.704766    32.4162         35     0.1417  0.000e+00
      3.050    11.7410   3.704662    32.3568         36     0.1458  0.000e+00
      3.146    11.7942   3.704609    32.3099         37     0.1500  0.000e+00
      3.237    11.8334   3.704641    32.2761         38     0.1542  0.000e+00
      3.339    11.8596   3.704654    32.2535         39     0.1583  0.000e+00
      3.448    11.8773   3.704686    32.2384         40     0.1625  0.000e+00
      3.556    11.8904   3.704757    32.2277         41     0.1667  0.000e+00
      3.680    11.9013   3.704873    32.2194         42     0.1708  0.000e+00
      3.810    11.9107   3.705170    32.2141         43     0.1750  0.000e+00
      3.952    11.9196   3.705442    32.2089         44     0.1792  0.000e+00
      4.100    11.9262   3.705422    32.2030         45     0.1833  0.000e+00
      4.251    11.9323   3.705196    32.1954         46     0.1875  0.000e+00
      4.407    11.9372   3.705067    32.1899         47     0.1917  0.000e+00
      4.561    11.9416   3.701733    32.1538         48     0.1958  0.000e+00
      4.706    11.9444   3.698944    32.1244         49     0.2000  0.000e+00
      4.848    11.9391   3.696807    32.1082         50     0.2042  0.000e+00
      4.984    11.9279   3.695813    32.1083         51     0.2083  0.000e+00
      5.102    11.9157   3.695419    32.1149         52     0.2125  0.000e+00
      5.216    11.9020   3.693658    32.1096         53     0.2167  0.000e+00
      5.319    11.8894   3.690754    32.0924         54     0.2208  0.000e+00
      5.418    11.8740   3.689335    32.0919         55     0.2250  0.000e+00
      5.518    11.8540   3.687130    32.0878         56     0.2292  0.000e+00
      5.605    11.8332   3.685202    32.0870         57     0.2333  0.000e+00
      5.702    11.8117   3.679936    32.0545         58     0.2375  0.000e+00
      5.793    11.7901   3.676393    32.0387         59     0.2417  0.000e+00
      5.871    11.7637   3.671390    32.0130         60     0.2458  0.000e+00
      5.958    11.7347   3.667670    32.0018         61     0.2500  0.000e+00
      6.046    11.7005   3.666667    32.0215         62     0.2542  0.000e+00
      6.140    11.6661   3.665747    32.0423         63     0.2583  0.000e+00
      6.212    11.6357   3.665349    32.0646         64     0.2625  0.000e+00
      6.269    11.6119   3.663574    32.0679         65     0.2667  0.000e+00
      6.290    11.5981   3.664815    32.0919         66     0.2708  0.000e+00
      6.266    11.5882   3.673266    32.1828         67     0.2750  0.000e+00
      6.203    11.5835   3.675958    32.2132         68     0.2792  0.000e+00
      6.164    11.5802   3.672764    32.1849         69     0.2833  0.000e+00
      6.136    11.5722   3.666418    32.1300         70     0.2875  0.000e+00
      6.118    11.5698   3.660751    32.0769         71     0.2917  0.000e+00
      6.109    11.5805   3.658025    32.0411         72     0.2958  0.000e+00
      6.106    11.5831   3.656604    32.0251         73     0.3000  0.000e+00
      6.103    11.5698   3.654297    32.0141         74     0.3042  0.000e+00
      6.106    11.5520   3.652093    32.0080         75     0.3083  0.000e+00
      6.115    11.5310   3.650443    32.0100         76     0.3125  0.000e+00
      6.115    11.5038   3.649531    32.0246         77     0.3167  0.000e+00
      6.121    11.4793   3.649718    32.0477         78     0.3208  0.000e+00
      6.112    11.4586   3.650983    32.0780         79     0.3250  0.000e+00
      6.100    11.4440   3.655847    32.1382         80     0.3292  0.000e+00
      6.076    11.4379   3.661865    32.2024         81     0.3333  0.000e+00
      6.049    11.4392   3.664032    32.2225         82     0.3375  0.000e+00
      6.004    11.4366   3.665596    32.2401         83     0.3417  0.000e+00
      5.958    11.3712   3.659956    32.2419         84     0.3458  0.000e+00
      5.916    11.2091   3.650125    32.2872         85     0.3500  0.000e+00
      5.877    11.0752   3.646717    32.3713         86     0.3542  0.000e+00
      5.841    10.9535   3.649313    32.5045         87     0.3583  0.000e+00
      5.805    10.8391   3.654145    32.6543         88     0.3625  0.000e+00
      5.783    10.7327   3.658716    32.7949         89     0.3667  0.000e+00
      5.756    10.6461   3.656615    32.8518         90     0.3708  0.000e+00
      5.750    10.6747   3.652194    32.7820         91     0.3750  0.000e+00
      5.744    10.8229   3.650014    32.6276         92     0.3792  0.000e+00
      5.750    10.9656   3.647515    32.4761         93     0.3833  0.000e+00
      5.768    11.0775   3.643989    32.3425         94     0.3875  0.000e+00
      5.796    11.1626   3.638271    32.2114         95     0.3917  0.000e+00
      5.832    11.2204   3.639040    32.1684         96     0.3958  0.000e+00
      5.877    11.2579   3.635646    32.1024         97     0.4000  0.000e+00
      5.940    11.2771   3.632940    32.0591         98     0.4042  0.000e+00
      6.007    11.2734   3.628076    32.0146         99     0.4083  0.000e+00
      6.079    11.2591   3.625290    31.9996        100     0.4125  0.000e+00
      6.173    11.2369   3.623311    31.9994        101     0.4167  0.000e+00
      6.266    11.2060   3.619015    31.9840        102     0.4208  0.000e+00
      6.366    11.1739   3.614491    31.9674        103     0.4250  0.000e+00
      6.466    11.1377   3.612227    31.9765        104     0.4292  0.000e+00
      6.580    11.0976   3.607464    31.9644        105     0.4333  0.000e+00
      6.692    11.0685   3.601540    31.9313        106     0.4375  0.000e+00
      6.815    11.0241   3.594982    31.9052        107     0.4417  0.000e+00
      6.930    10.9617   3.592116    31.9311        108     0.4458  0.000e+00
      7.057    10.8987   3.588206    31.9473        109     0.4500  0.000e+00
      7.181    10.8465   3.583054    31.9417        110     0.4542  0.000e+00
      7.307    10.7953   3.579994    31.9560        111     0.4583  0.000e+00
      7.422    10.7458   3.576452    31.9640        112     0.4625  0.000e+00
      7.537    10.7010   3.572828    31.9672        113     0.4667  0.000e+00
      7.657    10.6559   3.568983    31.9684        114     0.4708  0.000e+00
      7.772    10.6121   3.565541    31.9723        115     0.4750  0.000e+00
      7.878    10.5739   3.563359    31.9841        116     0.4792  0.000e+00
      7.983    10.5389   3.560942    31.9906        117     0.4833  0.000e+00
      8.083    10.5054   3.557680    31.9875        118     0.4875  0.000e+00
      8.191    10.4691   3.555589    31.9984        119     0.4917  0.000e+00
      8.291    10.4265   3.553632    32.0162        120     0.4958  0.000e+00
      8.397    10.3890   3.552057    32.0335        121     0.5000  0.000e+00
      8.505    10.3623   3.550253    32.0388        122     0.5042  0.000e+00
      8.617    10.3402   3.548151    32.0372        123     0.5083  0.000e+00
      8.725    10.3192   3.546088    32.0349        124     0.5125  0.000e+00
      8.837    10.2961   3.545123    32.0456        125     0.5167  0.000e+00
      8.955    10.2778   3.542762    32.0380        126     0.5208  0.000e+00
      9.085    10.2623   3.540591    32.0298        127     0.5250  0.000e+00
      9.211    10.2401   3.539196    32.0353        128     0.5292  0.000e+00
      9.344    10.2142   3.536881    32.0348        129     0.5333  0.000e+00
      9.477    10.1920   3.535264    32.0382        130     0.5375  0.000e+00
      9.613    10.1722   3.532728    32.0300        131     0.5417  0.000e+00
      9.745    10.1493   3.530813    32.0310        132     0.5458  0.000e+00
      9.878    10.1259   3.528412    32.0274        133     0.5500  0.000e+00
     10.020    10.1027   3.527043    32.0341        134     0.5542  0.000e+00
     10.150    10.0773   3.525669    32.0426        135     0.5583  0.000e+00
     10.295    10.0523   3.524193    32.0498        136     0.5625  0.000e+00
     10.430    10.0288   3.522800    32.0565        137     0.5667  0.000e+00
     10.569    10.0088   3.521255    32.0586        138     0.5708  0.000e+00
     10.714     9.9907   3.519781    32.0596        139     0.5750  0.000e+00
     10.853     9.9726   3.518432    32.0620        140     0.5792  0.000e+00
     10.995     9.9560   3.516547    32.0576        141     0.5833  0.000e+00
     11.143     9.9394   3.514655    32.0531        142     0.5875  0.000e+00
     11.278     9.9228   3.513269    32.0538        143     0.5917  0.000e+00
     11.420     9.9047   3.512359    32.0606        144     0.5958  0.000e+00
     11.556     9.8866   3.510930    32.0621        145     0.6000  0.000e+00
     11.692     9.8715   3.510000    32.0660        146     0.6042  0.000e+00
     11.834     9.8564   3.508723    32.0664        147     0.6083  0.000e+00
     11.969     9.8443   3.508009    32.0699        148     0.6125  0.000e+00
     12.102     9.8312   3.507358    32.0749        149     0.6167  0.000e+00
     12.229     9.8211   3.505910    32.0691        150     0.6208  0.000e+00
     12.368     9.8115   3.504874    32.0671        151     0.6250  0.000e+00
     12.497     9.7994   3.503831    32.0672        152     0.6292  0.000e+00
     12.624     9.7869   3.503358    32.0734        153     0.6333  0.000e+00
     12.757     9.7760   3.502385    32.0732        154     0.6375  0.000e+00
     12.893     9.7657   3.501759    32.0759        155     0.6417  0.000e+00
     13.022     9.7559   3.500704    32.0739        156     0.6458  0.000e+00
     13.158     9.7470   3.500035    32.0750        157     0.6500  0.000e+00
     13.288     9.7387   3.499107    32.0728        158     0.6542  0.000e+00
     13.430     9.7306   3.498216    32.0709        159     0.6583  0.000e+00
     13.578     9.7268   3.497490    32.0669        160     0.6625  0.000e+00
     13.710     9.7210   3.496732    32.0642        161     0.6667  0.000e+00
     13.849     9.7121   3.495804    32.0627        162     0.6708  0.000e+00
     13.994     9.7018   3.494858    32.0622        163     0.6750  0.000e+00
     14.133     9.6911   3.493759    32.0604        164     0.6792  0.000e+00
     14.275     9.6810   3.492857    32.0602        165     0.6833  0.000e+00
     14.417     9.6684   3.492554    32.0683        166     0.6875  0.000e+00
     14.558     9.6581   3.492169    32.0735        167     0.6917  0.000e+00
     14.700     9.6502   3.491822    32.0769        168     0.6958  0.000e+00
     14.842     9.6422   3.491286    32.0785        169     0.7000  0.000e+00
     14.972     9.6358   3.490914    32.0804        170     0.7042  0.000e+00
     15.120     9.6303   3.490428    32.0803        171     0.7083  0.000e+00
     15.261     9.6230   3.489589    32.0782        172     0.7125  0.000e+00
     15.397     9.6161   3.488984    32.0781        173     0.7167  0.000e+00
     15.545     9.6108   3.488492    32.0778        174     0.7208  0.000e+00
     15.681     9.6045   3.488063    32.0790        175     0.7250  0.000e+00
     15.823     9.5978   3.487483    32.0789        176     0.7292  0.000e+00
     15.968     9.5927   3.487375    32.0823        177     0.7333  0.000e+00
     16.112     9.5884   3.487161    32.0839        178     0.7375  0.000e+00
     16.248     9.5867   3.486839    32.0821        179     0.7417  0.000e+00
     16.393     9.5848   3.486385    32.0791        180     0.7458  0.000e+00
     16.538     9.5808   3.485894    32.0776        181     0.7500  0.000e+00
     16.671     9.5770   3.485206    32.0739        182     0.7542  0.000e+00
     16.810     9.5721   3.485137    32.0775        183     0.7583  0.000e+00
     16.945     9.5664   3.485030    32.0815        184     0.7625  0.000e+00
     17.081     9.5625   3.484860    32.0832        185     0.7667  0.000e+00
     17.220     9.5601   3.484664    32.0833        186     0.7708  0.000e+00
     17.365     9.5586   3.483983    32.0776        187     0.7750  0.000e+00
     17.501     9.5557   3.483586    32.0760        188     0.7792  0.000e+00
     17.655     9.5531   3.483271    32.0751        189     0.7833  0.000e+00
     17.799     9.5505   3.483013    32.0747        190     0.7875  0.000e+00
     17.941     9.5478   3.483013    32.0770        191     0.7917  0.000e+00
     18.101     9.5428   3.482370    32.0749        192     0.7958  0.000e+00
     18.252     9.5376   3.482074    32.0764        193     0.8000  0.000e+00
     18.400     9.5334   3.483145    32.0911        194     0.8042  0.000e+00
     18.545     9.5308   3.485762    32.1201        195     0.8083  0.000e+00
     18.699     9.5102   3.465724    31.9335        196     0.8125  0.000e+00
     18.849     9.4367   3.461995    31.9607        197     0.8167  0.000e+00
     19.003     9.3681   3.460719    32.0088        198     0.8208  0.000e+00
     19.145     9.3221   3.459971    32.0423        199     0.8250  0.000e+00
     19.296     9.2942   3.459418    32.0616        200     0.8292  0.000e+00
     19.444     9.2778   3.459330    32.0754        201     0.8333  0.000e+00
     19.583     9.2691   3.459186    32.0816        202     0.8375  0.000e+00
     19.734     9.2645   3.458676    32.0804        203     0.8417  0.000e+00
     19.879     9.2606   3.458356    32.0805        204     0.8458  0.000e+00
     20.026     9.2570   3.458142    32.0815        205     0.8500  0.000e+00
     20.159     9.2544   3.457991    32.0822        206     0.8542  0.000e+00
     20.295     9.2528   3.457922    32.0829        207     0.8583  0.000e+00
     20.425     9.2517   3.457784    32.0824        208     0.8625  0.000e+00
     20.558     9.2505   3.457715    32.0827        209     0.8667  0.000e+00
     20.690     9.2497   3.457652    32.0827        210     0.8708  0.000e+00
     20.826     9.2489   3.457313    32.0799        211     0.8750  0.000e+00
     20.959     9.2470   3.457118    32.0795        212     0.8792  0.000e+00
     21.095     9.2449   3.456992    32.0801        213     0.8833  0.000e+00
     21.230     9.2431   3.456439    32.0759        214     0.8875  0.000e+00
     21.369     9.2394   3.456144    32.0761        215     0.8917  0.000e+00
