HB2302/sbe136.cnv
* Sea-Bird SBE 19plus V2 Data File:
* FileName = C:\cruise\data\sbe136.hex
* Software Version Seasave V 7.26.7.121
* Temperature SN = 4758
* Conductivity SN = 4758
* System UpLoad Time = Jun 21 2023 00:27:07
* NMEA Latitude = 44 05.65 N
* NMEA Longitude = 067 52.30 W
* NMEA UTC (Time) = Jun 21 2023 00:27:07
** Cruise: HB2302
** Program: Ecomon
** Chief Scientist: Jerry Prezioso
# nquan = 7
# nvalues = 2605                                  
# units = specified
# name 0 = depSM: Depth [salt water, m]
# name 1 = tv290C: Temperature [ITS-90, deg C]
# name 2 = c0S/m: Conductivity [S/m]
# name 3 = sal00: Salinity, Practical [PSU]
# name 4 = scan: Scan Count
# name 5 = timeM: Time, Elapsed [minutes]
# name 6 = flag:  0.000e+00
# span 0 =      0.009,     99.995                 
# span 1 =     7.8931,    11.0540                 
# span 2 =  -0.068426,   3.525619                 
# span 3 =     0.0000,    32.7681                 
# span 4 =         11,       2615                 
# span 5 =     0.0417,    10.8917                 
# span 6 = 0.0000e+00, 0.0000e+00                 
# interval = seconds: 0.25
# start_time = Jun 21 2023 00:27:07 [NMEA time, header]
# bad_flag = -9.990e-29
*END*
[from data line 2052]
     24.205     8.1651   3.376477    32.2187       2063     8.5917  0.000e+00
     24.139     8.1652   3.376614    32.2201       2064     8.5958  0.000e+00
     24.075     8.1653   3.376614    32.2200       2065     8.6000  0.000e+00
     24.021     8.1656   3.376545    32.2190       2066     8.6042  0.000e+00
     23.964     8.1658   3.376508    32.2185       2067     8.6083  0.000e+00
     23.922     8.1657   3.376464    32.2182       2068     8.6125  0.000e+00
     23.879     8.1656   3.376302    32.2165       2069     8.6167  0.000e+00
     23.843     8.1652   3.376321    32.2171       2070     8.6208  0.000e+00
     23.816     8.1648   3.376371    32.2181       2071     8.6250  0.000e+00
     23.795     8.1648   3.376321    32.2176       2072     8.6292  0.000e+00
     23.783     8.1646   3.376215    32.2166       2073     8.6333  0.000e+00
     23.777     8.1643   3.376283    32.2176       2074     8.6375  0.000e+00
     23.771     8.1643   3.376258    32.2174       2075     8.6417  0.000e+00
     23.768     8.1643   3.376302    32.2178       2076     8.6458  0.000e+00
     23.771     8.1643   3.376215    32.2169       2077     8.6500  0.000e+00
     23.771     8.1641   3.376053    32.2153       2078     8.6542  0.000e+00
     23.762     8.1640   3.376022    32.2152       2079     8.6583  0.000e+00
     23.756     8.1635   3.376302    32.2186       2080     8.6625  0.000e+00
     23.741     8.1638   3.376489    32.2203       2081     8.6667  0.000e+00
     23.723     8.1645   3.376588    32.2207       2082     8.6708  0.000e+00
     23.683     8.1651   3.376489    32.2191       2083     8.6750  0.000e+00
     23.647     8.1653   3.376370    32.2177       2084     8.6792  0.000e+00
     23.605     8.1652   3.376445    32.2186       2085     8.6833  0.000e+00
     23.551     8.1649   3.376445    32.2188       2086     8.6875  0.000e+00
     23.490     8.1651   3.376414    32.2184       2087     8.6917  0.000e+00
     23.418     8.1651   3.376383    32.2181       2088     8.6958  0.000e+00
     23.352     8.1651   3.376426    32.2186       2089     8.7000  0.000e+00
     23.285     8.1650   3.376433    32.2188       2090     8.7042  0.000e+00
     23.216     8.1650   3.376240    32.2167       2091     8.7083  0.000e+00
     23.150     8.1648   3.376084    32.2153       2092     8.7125  0.000e+00
     23.092     8.1645   3.376053    32.2153       2093     8.7167  0.000e+00
     23.026     8.1641   3.375972    32.2149       2094     8.7208  0.000e+00
     22.966     8.1638   3.375953    32.2149       2095     8.7250  0.000e+00
     22.914     8.1636   3.375972    32.2154       2096     8.7292  0.000e+00
     22.857     8.1636   3.375884    32.2145       2097     8.7333  0.000e+00
     22.812     8.1635   3.375997    32.2158       2098     8.7375  0.000e+00
     22.773     8.1635   3.376071    32.2165       2099     8.7417  0.000e+00
     22.740     8.1639   3.375997    32.2154       2100     8.7458  0.000e+00
     22.700     8.1640   3.376053    32.2160       2101     8.7500  0.000e+00
     22.667     8.1641   3.375947    32.2147       2102     8.7542  0.000e+00
     22.640     8.1642   3.375996    32.2152       2103     8.7583  0.000e+00
     22.604     8.1642   3.376090    32.2162       2104     8.7625  0.000e+00
     22.580     8.1643   3.376021    32.2154       2105     8.7667  0.000e+00
     22.556     8.1643   3.376071    32.2160       2106     8.7708  0.000e+00
     22.534     8.1641   3.376090    32.2163       2107     8.7750  0.000e+00
     22.504     8.1640   3.375909    32.2145       2108     8.7792  0.000e+00
     22.489     8.1636   3.375928    32.2151       2109     8.7833  0.000e+00
     22.465     8.1635   3.375822    32.2140       2110     8.7875  0.000e+00
     22.441     8.1629   3.375909    32.2155       2111     8.7917  0.000e+00
     22.423     8.1625   3.375947    32.2163       2112     8.7958  0.000e+00
     22.399     8.1623   3.375953    32.2165       2113     8.8000  0.000e+00
     22.369     8.1624   3.375971    32.2167       2114     8.8042  0.000e+00
     22.338     8.1623   3.375822    32.2152       2115     8.8083  0.000e+00
     22.305     8.1622   3.375934    32.2165       2116     8.8125  0.000e+00
     22.275     8.1619   3.375909    32.2165       2117     8.8167  0.000e+00
     22.236     8.1617   3.376021    32.2180       2118     8.8208  0.000e+00
     22.185     8.1616   3.376009    32.2179       2119     8.8250  0.000e+00
     22.142     8.1617   3.376090    32.2187       2120     8.8292  0.000e+00
     22.085     8.1616   3.376065    32.2186       2121     8.8333  0.000e+00
     22.022     8.1616   3.376027    32.2182       2122     8.8375  0.000e+00
     21.962     8.1613   3.375990    32.2181       2123     8.8417  0.000e+00
     21.889     8.1613   3.375865    32.2168       2124     8.8458  0.000e+00
     21.835     8.1615   3.375635    32.2142       2125     8.8500  0.000e+00
     21.762     8.1618   3.375473    32.2123       2126     8.8542  0.000e+00
     21.693     8.1623   3.375554    32.2126       2127     8.8583  0.000e+00
     21.630     8.1625   3.375473    32.2116       2128     8.8625  0.000e+00
     21.570     8.1625   3.375604    32.2131       2129     8.8667  0.000e+00
     21.503     8.1625   3.375386    32.2108       2130     8.8708  0.000e+00
     21.452     8.1626   3.375386    32.2107       2131     8.8750  0.000e+00
     21.398     8.1628   3.375411    32.2109       2132     8.8792  0.000e+00
     21.349     8.1628   3.375305    32.2097       2133     8.8833  0.000e+00
     21.319     8.1630   3.375236    32.2089       2134     8.8875  0.000e+00
     21.277     8.1631   3.375305    32.2095       2135     8.8917  0.000e+00
     21.250     8.1635   3.375099    32.2070       2136     8.8958  0.000e+00
     21.217     8.1637   3.375124    32.2071       2137     8.9000  0.000e+00
     21.196     8.1640   3.375286    32.2086       2138     8.9042  0.000e+00
     21.169     8.1635   3.375280    32.2090       2139     8.9083  0.000e+00
     21.154     8.1632   3.375099    32.2073       2140     8.9125  0.000e+00
     21.138     8.1635   3.375018    32.2062       2141     8.9167  0.000e+00
     21.120     8.1637   3.375105    32.2069       2142     8.9208  0.000e+00
     21.105     8.1640   3.375224    32.2079       2143     8.9250  0.000e+00
     21.090     8.1637   3.375473    32.2108       2144     8.9292  0.000e+00
     21.069     8.1632   3.375734    32.2140       2145     8.9333  0.000e+00
     21.054     8.1625   3.375697    32.2143       2146     8.9375  0.000e+00
     21.027     8.1617   3.375716    32.2153       2147     8.9417  0.000e+00
     20.997     8.1613   3.375759    32.2161       2148     8.9458  0.000e+00
     20.973     8.1612   3.375554    32.2141       2149     8.9500  0.000e+00
     20.921     8.1613   3.375629    32.2147       2150     8.9542  0.000e+00
     20.876     8.1613   3.375846    32.2170       2151     8.9583  0.000e+00
     20.828     8.1612   3.375803    32.2168       2152     8.9625  0.000e+00
     20.771     8.1608   3.375660    32.2156       2153     8.9667  0.000e+00
     20.710     8.1608   3.375535    32.2143       2154     8.9708  0.000e+00
     20.638     8.1611   3.375498    32.2137       2155     8.9750  0.000e+00
     20.572     8.1615   3.375491    32.2132       2156     8.9792  0.000e+00
     20.502     8.1615   3.375429    32.2126       2157     8.9833  0.000e+00
     20.433     8.1618   3.375410    32.2122       2158     8.9875  0.000e+00
     20.364     8.1622   3.375224    32.2099       2159     8.9917  0.000e+00
     20.303     8.1625   3.375167    32.2091       2160     8.9958  0.000e+00
     20.243     8.1629   3.375267    32.2098       2161     9.0000  0.000e+00
     20.183     8.1629   3.375286    32.2100       2162     9.0042  0.000e+00
     20.144     8.1630   3.375385    32.2110       2163     9.0083  0.000e+00
     20.095     8.1628   3.375429    32.2117       2164     9.0125  0.000e+00
     20.059     8.1623   3.375342    32.2112       2165     9.0167  0.000e+00
     20.032     8.1621   3.375205    32.2099       2166     9.0208  0.000e+00
     20.008     8.1623   3.375205    32.2097       2167     9.0250  0.000e+00
     19.987     8.1625   3.375192    32.2094       2168     9.0292  0.000e+00
     19.971     8.1629   3.374956    32.2066       2169     9.0333  0.000e+00
     19.950     8.1631   3.375055    32.2074       2170     9.0375  0.000e+00
     19.947     8.1634   3.374844    32.2050       2171     9.0417  0.000e+00
     19.932     8.1638   3.374787    32.2040       2172     9.0458  0.000e+00
     19.926     8.1640   3.375061    32.2067       2173     9.0500  0.000e+00
     19.908     8.1640   3.375018    32.2063       2174     9.0542  0.000e+00
     19.887     8.1636   3.374831    32.2046       2175     9.0583  0.000e+00
     19.866     8.1641   3.374775    32.2036       2176     9.0625  0.000e+00
     19.827     8.1643   3.374974    32.2055       2177     9.0667  0.000e+00
     19.797     8.1640   3.374713    32.2031       2178     9.0708  0.000e+00
     19.754     8.1643   3.374582    32.2015       2179     9.0750  0.000e+00
     19.694     8.1648   3.374582    32.2010       2180     9.0792  0.000e+00
     19.634     8.1651   3.374582    32.2008       2181     9.0833  0.000e+00
     19.570     8.1653   3.374538    32.2001       2182     9.0875  0.000e+00
     19.507     8.1653   3.374538    32.2002       2183     9.0917  0.000e+00
     19.438     8.1655   3.374582    32.2005       2184     9.0958  0.000e+00
     19.378     8.1654   3.374476    32.1995       2185     9.1000  0.000e+00
     19.314     8.1655   3.374295    32.1975       2186     9.1042  0.000e+00
     19.251     8.1657   3.374127    32.1956       2187     9.1083  0.000e+00
     19.188     8.1661   3.374146    32.1955       2188     9.1125  0.000e+00
     19.139     8.1662   3.374121    32.1951       2189     9.1167  0.000e+00
     19.097     8.1661   3.373959    32.1935       2190     9.1208  0.000e+00
     19.055     8.1663   3.373579    32.1893       2191     9.1250  0.000e+00
     19.013     8.1666   3.374021    32.1937       2192     9.1292  0.000e+00
     18.976     8.1705   3.374146    32.1915       2193     9.1333  0.000e+00
     18.952     8.1767   3.373797    32.1821       2194     9.1375  0.000e+00
     18.919     8.1793   3.373610    32.1778       2195     9.1417  0.000e+00
     18.892     8.1794   3.373710    32.1787       2196     9.1458  0.000e+00
     18.874     8.1805   3.373959    32.1803       2197     9.1500  0.000e+00
     18.853     8.1827   3.373672    32.1753       2198     9.1542  0.000e+00
     18.835     8.1800   3.373579    32.1769       2199     9.1583  0.000e+00
     18.805     8.1748   3.373255    32.1782       2200     9.1625  0.000e+00
     18.783     8.1723   3.373112    32.1790       2201     9.1667  0.000e+00
     18.750     8.1721   3.373168    32.1798       2202     9.1708  0.000e+00
     18.726     8.1720   3.373218    32.1804       2203     9.1750  0.000e+00
     18.687     8.1705   3.373299    32.1826       2204     9.1792  0.000e+00
     18.654     8.1696   3.373504    32.1857       2205     9.1833  0.000e+00
     18.618     8.1707   3.373255    32.1820       2206     9.1875  0.000e+00
     18.569     8.1704   3.373168    32.1815       2207     9.1917  0.000e+00
     18.530     8.1693   3.373068    32.1814       2208     9.1958  0.000e+00
     18.482     8.1687   3.372994    32.1812       2209     9.2000  0.000e+00
     18.440     8.1690   3.372969    32.1807       2210     9.2042  0.000e+00
     18.392     8.1698   3.373280    32.1832       2211     9.2083  0.000e+00
     18.340     8.1715   3.373604    32.1852       2212     9.2125  0.000e+00
     18.292     8.1728   3.373772    32.1857       2213     9.2167  0.000e+00
     18.244     8.1744   3.373604    32.1825       2214     9.2208  0.000e+00
     18.202     8.1744   3.373629    32.1828       2215     9.2250  0.000e+00
     18.156     8.1748   3.373566    32.1818       2216     9.2292  0.000e+00
     18.111     8.1733   3.373604    32.1836       2217     9.2333  0.000e+00
     18.066     8.1718   3.373629    32.1852       2218     9.2375  0.000e+00
     18.021     8.1724   3.373734    32.1858       2219     9.2417  0.000e+00
     17.972     8.1759   3.373946    32.1849       2220     9.2458  0.000e+00
     17.930     8.1812   3.374164    32.1824       2221     9.2500  0.000e+00
     17.885     8.1858   3.374145    32.1779       2222     9.2542  0.000e+00
     17.840     8.1889   3.374456    32.1784       2223     9.2583  0.000e+00
     17.792     8.1923   3.374475    32.1755       2224     9.2625  0.000e+00
     17.746     8.1941   3.375123    32.1807       2225     9.2667  0.000e+00
     17.701     8.1978   3.376337    32.1902       2226     9.2708  0.000e+00
     17.650     8.2059   3.375583    32.1749       2227     9.2750  0.000e+00
     17.608     8.2097   3.375409    32.1696       2228     9.2792  0.000e+00
     17.559     8.2084   3.375446    32.1712       2229     9.2833  0.000e+00
     17.520     8.2080   3.375583    32.1729       2230     9.2875  0.000e+00
     17.475     8.2079   3.374992    32.1669       2231     9.2917  0.000e+00
     17.439     8.2056   3.375179    32.1710       2232     9.2958  0.000e+00
     17.402     8.2047   3.375191    32.1719       2233     9.3000  0.000e+00
     17.363     8.2049   3.375365    32.1736       2234     9.3042  0.000e+00
     17.330     8.2051   3.374992    32.1695       2235     9.3083  0.000e+00
     17.288     8.2044   3.375633    32.1769       2236     9.3125  0.000e+00
     17.252     8.2068   3.377252    32.1919       2237     9.3167  0.000e+00
     17.213     8.2154   3.377501    32.1866       2238     9.3208  0.000e+00
     17.179     8.2239   3.376548    32.1688       2239     9.3250  0.000e+00
     17.137     8.2243   3.376256    32.1653       2240     9.3292  0.000e+00
     17.101     8.2209   3.376399    32.1700       2241     9.3333  0.000e+00
     17.053     8.2200   3.375614    32.1625       2242     9.3375  0.000e+00
     17.008     8.2166   3.374624    32.1552       2243     9.3417  0.000e+00
     16.962     8.2096   3.374830    32.1638       2244     9.3458  0.000e+00
     16.920     8.2052   3.376729    32.1880       2245     9.3500  0.000e+00
     16.872     8.2113   3.377302    32.1884       2246     9.3542  0.000e+00
     16.833     8.2196   3.375427    32.1610       2247     9.3583  0.000e+00
     16.784     8.2176   3.375079    32.1592       2248     9.3625  0.000e+00
     16.745     8.2117   3.375160    32.1655       2249     9.3667  0.000e+00
     16.697     8.2086   3.375720    32.1743       2250     9.3708  0.000e+00
     16.652     8.2094   3.376760    32.1845       2251     9.3750  0.000e+00
     16.612     8.2154   3.376050    32.1716       2252     9.3792  0.000e+00
     16.570     8.2164   3.374973    32.1593       2253     9.3833  0.000e+00
     16.531     8.2113   3.375060    32.1648       2254     9.3875  0.000e+00
     16.498     8.2077   3.375116    32.1688       2255     9.3917  0.000e+00
     16.456     8.2065   3.376125    32.1805       2256     9.3958  0.000e+00
     16.417     8.2105   3.376399    32.1798       2257     9.4000  0.000e+00
     16.380     8.2151   3.376916    32.1811       2258     9.4042  0.000e+00
     16.350     8.2192   3.375016    32.1572       2259     9.4083  0.000e+00
     16.314     8.2153   3.374892    32.1596       2260     9.4125  0.000e+00
     16.272     8.2098   3.375950    32.1757       2261     9.4167  0.000e+00
     16.236     8.2112   3.377289    32.1887       2262     9.4208  0.000e+00
     16.196     8.2197   3.378080    32.1892       2263     9.4250  0.000e+00
     16.154     8.2288   3.377239    32.1720       2264     9.4292  0.000e+00
     16.115     8.2309   3.375346    32.1502       2265     9.4333  0.000e+00
     16.070     8.2229   3.375533    32.1594       2266     9.4375  0.000e+00
