HB2302/sbe114.cnv
* Sea-Bird SBE 19plus V2 Data File:
* FileName = C:\cruise\data\sbe114.hex
* Software Version Seasave V 7.26.7.121
* Temperature SN = 4758
* Conductivity SN = 4758
* System UpLoad Time = Jun 19 2023 05:26:39
* NMEA Latitude = 42 22.74 N
* NMEA Longitude = 067 03.27 W
* NMEA UTC (Time) = Jun 19 2023 05:26:39
** Cruise: HB2302
** Program: Ecomon
** Chief Scientist: Jerry Prezioso
# nquan = 7
# nvalues = 6224                                  
# units = specified
# name 0 = depSM: Depth [salt water, m]
# name 1 = tv290C: Temperature [ITS-90, deg C]
# name 2 = c0S/m: Conductivity [S/m]
# name 3 = sal00: Salinity, Practical [PSU]
# name 4 = scan: Scan Count
# name 5 = timeM: Time, Elapsed [minutes]
# name 6 = flag:  0.000e+00
# span 0 =     -0.118,    200.125                 
# span 1 =     7.3802,    11.7601                 
# span 2 =   0.000068,   3.781268                 
# span 3 =     0.0061,    35.0223                 
# span 4 =         11,       6234                 
# span 5 =     0.0417,    25.9708                 
# span 6 = 0.0000e+00, 0.0000e+00                 
# interval = seconds: 0.25
# start_time = Jun 19 2023 05:26:39 [NMEA time, header]
# bad_flag = -9.990e-29
*END*
[from data line 5744]
     25.073     9.8039   3.508703    32.1072       5755    23.9750  0.000e+00
     25.025     9.7985   3.508488    32.1098       5756    23.9792  0.000e+00
     24.982     9.7930   3.508962    32.1196       5757    23.9833  0.000e+00
     24.934     9.7922   3.509398    32.1247       5758    23.9875  0.000e+00
     24.892     9.7952   3.510202    32.1303       5759    23.9917  0.000e+00
     24.868     9.8012   3.510417    32.1271       5760    23.9958  0.000e+00
     24.844     9.8068   3.510739    32.1254       5761    24.0000  0.000e+00
     24.828     9.8115   3.511302    32.1269       5762    24.0042  0.000e+00
     24.816     9.8174   3.510998    32.1186       5763    24.0083  0.000e+00
     24.798     9.8203   3.511713    32.1233       5764    24.0125  0.000e+00
     24.798     9.8234   3.510176    32.1049       5765    24.0167  0.000e+00
     24.789     9.8191   3.510891    32.1160       5766    24.0208  0.000e+00
     24.792     9.8180   3.509980    32.1077       5767    24.0250  0.000e+00
     24.777     9.8144   3.508228    32.0932       5768    24.0292  0.000e+00
     24.780     9.8007   3.509158    32.1148       5769    24.0333  0.000e+00
     24.765     9.7963   3.510802    32.1354       5770    24.0375  0.000e+00
     24.759     9.8046   3.510998    32.1300       5771    24.0417  0.000e+00
     24.738     9.8124   3.509752    32.1104       5772    24.0458  0.000e+00
     24.711     9.8094   3.509006    32.1055       5773    24.0500  0.000e+00
     24.677     9.8019   3.508121    32.1032       5774    24.0542  0.000e+00
     24.629     9.7930   3.509809    32.1283       5775    24.0583  0.000e+00
     24.569     9.7949   3.510050    32.1291       5776    24.0625  0.000e+00
     24.508     9.8013   3.510176    32.1247       5777    24.0667  0.000e+00
     24.436     9.8048   3.507925    32.0988       5778    24.0708  0.000e+00
     24.364     9.7950   3.508425    32.1126       5779    24.0750  0.000e+00
     24.297     9.7900   3.510872    32.1420       5780    24.0792  0.000e+00
     24.219     9.8004   3.511517    32.1393       5781    24.0833  0.000e+00
     24.149     9.8131   3.512105    32.1339       5782    24.0875  0.000e+00
     24.077     9.8243   3.513471    32.1379       5783    24.0917  0.000e+00
     24.011     9.8382   3.515356    32.1447       5784    24.0958  0.000e+00
     23.950     9.8550   3.514768    32.1237       5785    24.1000  0.000e+00
     23.899     9.8652   3.515052    32.1176       5786    24.1042  0.000e+00
     23.860     9.8707   3.516311    32.1255       5787    24.1083  0.000e+00
     23.833     9.8787   3.515660    32.1117       5788    24.1125  0.000e+00
     23.800     9.8826   3.515596    32.1076       5789    24.1167  0.000e+00
     23.781     9.8823   3.516178    32.1138       5790    24.1208  0.000e+00
     23.760     9.8861   3.516071    32.1093       5791    24.1250  0.000e+00
     23.754     9.8874   3.516830    32.1159       5792    24.1292  0.000e+00
     23.748     9.8929   3.517653    32.1193       5793    24.1333  0.000e+00
     23.745     9.9001   3.516938    32.1057       5794    24.1375  0.000e+00
     23.745     9.9018   3.516703    32.1018       5795    24.1417  0.000e+00
     23.754     9.8999   3.516615    32.1026       5796    24.1458  0.000e+00
     23.763     9.8979   3.516463    32.1028       5797    24.1500  0.000e+00
     23.772     9.8966   3.517805    32.1176       5798    24.1542  0.000e+00
     23.772     9.9031   3.519982    32.1338       5799    24.1583  0.000e+00
     23.781     9.9190   3.518589    32.1056       5800    24.1625  0.000e+00
     23.787     9.9226   3.517437    32.0908       5801    24.1667  0.000e+00
     23.781     9.9169   3.518678    32.1084       5802    24.1708  0.000e+00
     23.772     9.9172   3.516418    32.0852       5803    24.1750  0.000e+00
     23.751     9.9092   3.517070    32.0990       5804    24.1792  0.000e+00
     23.724     9.9047   3.517570    32.1081       5805    24.1833  0.000e+00
     23.682     9.9048   3.516374    32.0958       5806    24.1875  0.000e+00
     23.633     9.8995   3.515767    32.0944       5807    24.1917  0.000e+00
     23.582     9.8923   3.515204    32.0952       5808    24.1958  0.000e+00
     23.504     9.8856   3.515463    32.1038       5809    24.2000  0.000e+00
     23.419     9.8819   3.515292    32.1053       5810    24.2042  0.000e+00
     23.338     9.8809   3.516134    32.1148       5811    24.2083  0.000e+00
     23.241     9.8837   3.516552    32.1166       5812    24.2125  0.000e+00
     23.157     9.8880   3.516741    32.1147       5813    24.2167  0.000e+00
     23.081     9.8927   3.517678    32.1201       5814    24.2208  0.000e+00
     23.000     9.9006   3.519286    32.1294       5815    24.2250  0.000e+00
     22.943     9.9140   3.519830    32.1230       5816    24.2292  0.000e+00
     22.894     9.9252   3.518513    32.0997       5817    24.2333  0.000e+00
     22.849     9.9264   3.519216    32.1058       5818    24.2375  0.000e+00
     22.822     9.9277   3.520285    32.1155       5819    24.2417  0.000e+00
     22.801     9.9357   3.522217    32.1279       5820    24.2458  0.000e+00
     22.798     9.9500   3.521324    32.1062       5821    24.2500  0.000e+00
     22.795     9.9571   3.522976    32.1166       5822    24.2542  0.000e+00
     22.789     9.9664   3.522780    32.1063       5823    24.2583  0.000e+00
     22.789     9.9730   3.520500    32.0774       5824    24.2625  0.000e+00
     22.783     9.9650   3.520785    32.0874       5825    24.2667  0.000e+00
     22.776     9.9569   3.520108    32.0877       5826    24.2708  0.000e+00
     22.764     9.9500   3.520089    32.0936       5827    24.2750  0.000e+00
     22.740     9.9458   3.519867    32.0952       5828    24.2792  0.000e+00
     22.707     9.9429   3.521742    32.1168       5829    24.2833  0.000e+00
     22.668     9.9512   3.523825    32.1305       5830    24.2875  0.000e+00
     22.623     9.9693   3.524458    32.1208       5831    24.2917  0.000e+00
     22.577     9.9841   3.524566    32.1088       5832    24.2958  0.000e+00
     22.526     9.9941   3.525826    32.1127       5833    24.3000  0.000e+00
     22.472    10.0053   3.525281    32.0972       5834    24.3042  0.000e+00
     22.411    10.0100   3.524610    32.0863       5835    24.3083  0.000e+00
     22.345    10.0077   3.525566    32.0980       5836    24.3125  0.000e+00
     22.294    10.0111   3.526504    32.1045       5837    24.3167  0.000e+00
     22.233    10.0190   3.527524    32.1079       5838    24.3208  0.000e+00
     22.173    10.0292   3.527809    32.1017       5839    24.3250  0.000e+00
     22.119    10.0375   3.528461    32.1010       5840    24.3292  0.000e+00
     22.052    10.0450   3.529507    32.1048       5841    24.3333  0.000e+00
     22.001    10.0561   3.529988    32.0999       5842    24.3375  0.000e+00
     21.956    10.0648   3.528182    32.0740       5843    24.3417  0.000e+00
     21.908    10.0605   3.526395    32.0597       5844    24.3458  0.000e+00
     21.871    10.0460   3.526155    32.0702       5845    24.3500  0.000e+00
     21.829    10.0348   3.526788    32.0865       5846    24.3542  0.000e+00
     21.796    10.0315   3.525325    32.0747       5847    24.3583  0.000e+00
     21.772    10.0237   3.525477    32.0832       5848    24.3625  0.000e+00
     21.760    10.0186   3.527942    32.1126       5849    24.3667  0.000e+00
     21.742    10.0302   3.531909    32.1424       5850    24.3708  0.000e+00
     21.730    10.0603   3.532536    32.1220       5851    24.3750  0.000e+00
     21.724    10.0843   3.531687    32.0922       5852    24.3792  0.000e+00
     21.711    10.0938   3.531668    32.0835       5853    24.3833  0.000e+00
     21.699    10.0967   3.533018    32.0946       5854    24.3875  0.000e+00
     21.687    10.1034   3.532213    32.0806       5855    24.3917  0.000e+00
     21.666    10.1057   3.531249    32.0688       5856    24.3958  0.000e+00
     21.645    10.1002   3.530596    32.0671       5857    24.4000  0.000e+00
     21.609    10.0933   3.531820    32.0856       5858    24.4042  0.000e+00
     21.564    10.0937   3.532973    32.0968       5859    24.4083  0.000e+00
     21.521    10.1030   3.534108    32.1001       5860    24.4125  0.000e+00
     21.467    10.1148   3.533956    32.0881       5861    24.4167  0.000e+00
     21.407    10.1220   3.533671    32.0789       5862    24.4208  0.000e+00
     21.334    10.1234   3.533017    32.0711       5863    24.4250  0.000e+00
     21.268    10.1212   3.535421    32.0973       5864    24.4292  0.000e+00
     21.186    10.1282   3.533455    32.0713       5865    24.4333  0.000e+00
     21.114    10.1278   3.533651    32.0737       5866    24.4375  0.000e+00
     21.039    10.1253   3.534958    32.0891       5867    24.4417  0.000e+00
     20.960    10.1309   3.535091    32.0855       5868    24.4458  0.000e+00
     20.885    10.1370   3.536644    32.0958       5869    24.4500  0.000e+00
     20.809    10.1486   3.539372    32.1130       5870    24.4542  0.000e+00
     20.743    10.1714   3.541847    32.1178       5871    24.4583  0.000e+00
     20.673    10.1993   3.541542    32.0901       5872    24.4625  0.000e+00
     20.613    10.2183   3.547604    32.1343       5873    24.4667  0.000e+00
     20.550    10.2524   3.545610    32.0840       5874    24.4708  0.000e+00
     20.498    10.2731   3.546467    32.0744       5875    24.4750  0.000e+00
     20.450    10.2838   3.545921    32.0595       5876    24.4792  0.000e+00
     20.414    10.2878   3.547190    32.0687       5877    24.4833  0.000e+00
     20.384    10.2935   3.546860    32.0604       5878    24.4875  0.000e+00
     20.357    10.2954   3.542613    32.0161       5879    24.4917  0.000e+00
     20.342    10.2764   3.546270    32.0695       5880    24.4958  0.000e+00
     20.321    10.2784   3.549559    32.1008       5881    24.5000  0.000e+00
     20.305    10.3036   3.550017    32.0832       5882    24.5042  0.000e+00
     20.293    10.3209   3.545476    32.0223       5883    24.5083  0.000e+00
     20.269    10.3079   3.543178    32.0108       5884    24.5125  0.000e+00
     20.263    10.2816   3.541344    32.0155       5885    24.5167  0.000e+00
     20.251    10.2549   3.540551    32.0311       5886    24.5208  0.000e+00
     20.233    10.2355   3.541033    32.0531       5887    24.5250  0.000e+00
     20.209    10.2289   3.547280    32.1218       5888    24.5292  0.000e+00
     20.172    10.2589   3.555488    32.1778       5889    24.5333  0.000e+00
     20.139    10.3253   3.555729    32.1214       5890    24.5375  0.000e+00
     20.100    10.3731   3.554190    32.0638       5891    24.5417  0.000e+00
     20.058    10.3850   3.545437    31.9656       5892    24.5458  0.000e+00
     20.001    10.3469   3.544999    31.9947       5893    24.5500  0.000e+00
     19.949    10.3109   3.545780    32.0343       5894    24.5542  0.000e+00
     19.883    10.2947   3.545000    32.0409       5895    24.5583  0.000e+00
     19.810    10.2857   3.547914    32.0781       5896    24.5625  0.000e+00
     19.732    10.2941   3.548924    32.0808       5897    24.5667  0.000e+00
     19.644    10.3087   3.547317    32.0518       5898    24.5708  0.000e+00
     19.566    10.3101   3.547145    32.0490       5899    24.5750  0.000e+00
     19.481    10.3073   3.549317    32.0732       5900    24.5792  0.000e+00
     19.406    10.3167   3.549883    32.0706       5901    24.5833  0.000e+00
     19.319    10.3277   3.550435    32.0666       5902    24.5875  0.000e+00
     19.240    10.3368   3.551490    32.0691       5903    24.5917  0.000e+00
     19.174    10.3479   3.552716    32.0717       5904    24.5958  0.000e+00
     19.119    10.3606   3.553878    32.0721       5905    24.6000  0.000e+00
     19.056    10.3770   3.557311    32.0921       5906    24.6042  0.000e+00
     19.011    10.4033   3.559885    32.0946       5907    24.6083  0.000e+00
     18.962    10.4349   3.561252    32.0805       5908    24.6125  0.000e+00
     18.926    10.4600   3.557818    32.0241       5909    24.6167  0.000e+00
     18.884    10.4586   3.556121    32.0084       5910    24.6208  0.000e+00
     18.857    10.4420   3.557640    32.0381       5911    24.6250  0.000e+00
     18.824    10.4383   3.556604    32.0311       5912    24.6292  0.000e+00
     18.788    10.4340   3.554932    32.0181       5913    24.6333  0.000e+00
     18.760    10.4217   3.554011    32.0197       5914    24.6375  0.000e+00
     18.724    10.4076   3.553706    32.0291       5915    24.6417  0.000e+00
     18.694    10.3981   3.553579    32.0362       5916    24.6458  0.000e+00
     18.658    10.3938   3.555835    32.0626       5917    24.6500  0.000e+00
     18.613    10.4004   3.552651    32.0249       5918    24.6542  0.000e+00
     18.582    10.3922   3.552169    32.0274       5919    24.6583  0.000e+00
     18.549    10.3806   3.551463    32.0305       5920    24.6625  0.000e+00
     18.516    10.3705   3.551051    32.0353       5921    24.6667  0.000e+00
     18.483    10.3624   3.551203    32.0440       5922    24.6708  0.000e+00
     18.440    10.3587   3.552188    32.0571       5923    24.6750  0.000e+00
     18.401    10.3625   3.553440    32.0664       5924    24.6792  0.000e+00
     18.359    10.3732   3.555333    32.0759       5925    24.6833  0.000e+00
     18.292    10.3895   3.555416    32.0624       5926    24.6875  0.000e+00
     18.223    10.4007   3.555441    32.0528       5927    24.6917  0.000e+00
     18.139    10.4063   3.554100    32.0344       5928    24.6958  0.000e+00
     18.054    10.4017   3.552823    32.0258       5929    24.7000  0.000e+00
     17.979    10.3916   3.554628    32.0527       5930    24.7042  0.000e+00
     17.885    10.3934   3.555924    32.0642       5931    24.7083  0.000e+00
     17.789    10.4043   3.556916    32.0645       5932    24.7125  0.000e+00
     17.695    10.4156   3.554646    32.0319       5933    24.7167  0.000e+00
     17.602    10.4124   3.555244    32.0408       5934    24.7208  0.000e+00
     17.508    10.4129   3.561952    32.1076       5935    24.7250  0.000e+00
     17.430    10.4476   3.567016    32.1277       5936    24.7292  0.000e+00
     17.348    10.4990   3.568613    32.0983       5937    24.7333  0.000e+00
     17.279    10.5414   3.569274    32.0676       5938    24.7375  0.000e+00
     17.218    10.5680   3.569802    32.0495       5939    24.7417  0.000e+00
     17.161    10.5842   3.570178    32.0391       5940    24.7458  0.000e+00
     17.116    10.5947   3.570553    32.0337       5941    24.7500  0.000e+00
     17.086    10.6021   3.570999    32.0316       5942    24.7542  0.000e+00
     17.062    10.6086   3.571171    32.0276       5943    24.7583  0.000e+00
     17.047    10.6137   3.571260    32.0240       5944    24.7625  0.000e+00
     17.040    10.6170   3.571374    32.0223       5945    24.7667  0.000e+00
     17.034    10.6193   3.571635    32.0228       5946    24.7708  0.000e+00
     17.031    10.6217   3.571514    32.0196       5947    24.7750  0.000e+00
     17.022    10.6227   3.571591    32.0194       5948    24.7792  0.000e+00
     17.010    10.6231   3.571635    32.0195       5949    24.7833  0.000e+00
     16.989    10.6236   3.571795    32.0207       5950    24.7875  0.000e+00
     16.956    10.6249   3.571858    32.0202       5951    24.7917  0.000e+00
     16.917    10.6260   3.571858    32.0193       5952    24.7958  0.000e+00
     16.862    10.6266   3.572036    32.0205       5953    24.8000  0.000e+00
     16.802    10.6278   3.572259    32.0217       5954    24.8042  0.000e+00
     16.736    10.6300   3.572565    32.0228       5955    24.8083  0.000e+00
     16.663    10.6335   3.573074    32.0249       5956    24.8125  0.000e+00
     16.579    10.6380   3.573361    32.0239       5957    24.8167  0.000e+00
     16.494    10.6423   3.573514    32.0216       5958    24.8208  0.000e+00
