HB2302/sbe158.cnv
* Sea-Bird SBE 19plus V2 Data File:
* FileName = C:\cruise\data\sbe158.hex
* Software Version Seasave V 7.26.7.121
* Temperature SN = 4758
* Conductivity SN = 4758
* System UpLoad Time = Jun 22 2023 20:38:22
* NMEA Latitude = 42 25.04 N
* NMEA Longitude = 070 36.42 W
* NMEA UTC (Time) = Jun 22 2023 20:38:21
** Cruise: HB2302
** Program: Ecomon
** Chief Scientist: Jerry Prezioso
# nquan = 7
# nvalues = 1675                                  
# units = specified
# name 0 = depSM: Depth [salt water, m]
# name 1 = tv290C: Temperature [ITS-90, deg C]
# name 2 = c0S/m: Conductivity [S/m]
# name 3 = sal00: Salinity, Practical [PSU]
# name 4 = scan: Scan Count
# name 5 = timeM: Time, Elapsed [minutes]
# name 6 = flag:  0.000e+00
# span 0 =      0.019,     80.945                 
# span 1 =     6.0572,    21.8137                 
# span 2 =   0.000298,   4.339052                 
# span 3 =     0.0109,    32.2049                 
# span 4 =         11,       1685                 
# span 5 =     0.0417,     7.0167                 
# span 6 = 0.0000e+00, 0.0000e+00                 
# interval = seconds: 0.25
# start_time = Jun 22 2023 20:38:21 [NMEA time, header]
# bad_flag = -9.990e-29
*END*
[from data line 411]
     56.757     6.5573   3.221071    32.0168        422     1.7542  0.000e+00
     56.929     6.5543   3.221542    32.0247        423     1.7583  0.000e+00
     57.107     6.5538   3.221713    32.0270        424     1.7625  0.000e+00
     57.286     6.5533   3.221958    32.0301        425     1.7667  0.000e+00
     57.461     6.5529   3.221775    32.0283        426     1.7708  0.000e+00
     57.636     6.5516   3.221408    32.0255        427     1.7750  0.000e+00
     57.824     6.5486   3.221548    32.0298        428     1.7792  0.000e+00
     58.008     6.5454   3.221567    32.0329        429     1.7833  0.000e+00
     58.195     6.5432   3.222081    32.0405        430     1.7875  0.000e+00
     58.386     6.5426   3.221622    32.0359        431     1.7917  0.000e+00
     58.576     6.5408   3.221506    32.0363        432     1.7958  0.000e+00
     58.766     6.5383   3.221029    32.0332        433     1.8000  0.000e+00
     58.954     6.5340   3.220681    32.0333        434     1.8042  0.000e+00
     59.144     6.5289   3.220516    32.0362        435     1.8083  0.000e+00
     59.325     6.5239   3.220448    32.0400        436     1.8125  0.000e+00
     59.501     6.5196   3.219752    32.0363        437     1.8167  0.000e+00
     59.670     6.5144   3.219483    32.0382        438     1.8208  0.000e+00
     59.839     6.5086   3.218865    32.0367        439     1.8250  0.000e+00
     60.002     6.5021   3.218309    32.0366        440     1.8292  0.000e+00
     60.166     6.4934   3.217380    32.0344        441     1.8333  0.000e+00
     60.335     6.4835   3.216971    32.0391        442     1.8375  0.000e+00
     60.510     6.4737   3.216739    32.0456        443     1.8417  0.000e+00
     60.679     6.4662   3.216354    32.0483        444     1.8458  0.000e+00
     60.861     6.4600   3.216268    32.0532        445     1.8500  0.000e+00
     61.039     6.4541   3.215694    32.0522        446     1.8542  0.000e+00
     61.223     6.4475   3.215425    32.0555        447     1.8583  0.000e+00
     61.402     6.4408   3.215052    32.0575        448     1.8625  0.000e+00
     61.595     6.4344   3.214478    32.0571        449     1.8667  0.000e+00
     61.788     6.4270   3.214252    32.0614        450     1.8708  0.000e+00
     61.979     6.4199   3.214002    32.0653        451     1.8750  0.000e+00
     62.169     6.4136   3.213672    32.0675        452     1.8792  0.000e+00
     62.359     6.4081   3.212994    32.0651        453     1.8833  0.000e+00
     62.550     6.4008   3.212481    32.0661        454     1.8875  0.000e+00
     62.728     6.3925   3.212316    32.0720        455     1.8917  0.000e+00
     62.909     6.3863   3.212212    32.0766        456     1.8958  0.000e+00
     63.088     6.3813   3.211987    32.0787        457     1.9000  0.000e+00
     63.257     6.3775   3.211504    32.0769        458     1.9042  0.000e+00
     63.429     6.3728   3.211474    32.0809        459     1.9083  0.000e+00
     63.592     6.3687   3.211370    32.0836        460     1.9125  0.000e+00
     63.771     6.3656   3.211596    32.0889        461     1.9167  0.000e+00
     63.958     6.3640   3.211474    32.0889        462     1.9208  0.000e+00
     64.136     6.3629   3.210839    32.0829        463     1.9250  0.000e+00
     64.317     6.3592   3.210668    32.0844        464     1.9292  0.000e+00
     64.496     6.3549   3.210442    32.0858        465     1.9333  0.000e+00
     64.683     6.3513   3.210528    32.0901        466     1.9375  0.000e+00
     64.867     6.3487   3.210155    32.0884        467     1.9417  0.000e+00
     65.064     6.3458   3.209960    32.0888        468     1.9458  0.000e+00
     65.254     6.3424   3.209954    32.0919        469     1.9500  0.000e+00
     65.429     6.3400   3.209911    32.0935        470     1.9542  0.000e+00
     65.617     6.3382   3.209807    32.0940        471     1.9583  0.000e+00
     65.795     6.3361   3.209643    32.0941        472     1.9625  0.000e+00
     65.961     6.3339   3.209649    32.0961        473     1.9667  0.000e+00
     66.133     6.3320   3.209172    32.0926        474     1.9708  0.000e+00
     66.306     6.3290   3.209111    32.0946        475     1.9750  0.000e+00
     66.469     6.3258   3.209026    32.0966        476     1.9792  0.000e+00
     66.656     6.3232   3.208983    32.0985        477     1.9833  0.000e+00
     66.840     6.3213   3.209142    32.1020        478     1.9875  0.000e+00
     67.013     6.3201   3.208965    32.1011        479     1.9917  0.000e+00
     67.194     6.3191   3.208800    32.1001        480     1.9958  0.000e+00
     67.375     6.3176   3.208434    32.0974        481     2.0000  0.000e+00
     67.559     6.3147   3.208141    32.0967        482     2.0042  0.000e+00
     67.741     6.3112   3.208190    32.1005        483     2.0083  0.000e+00
     67.913     6.3087   3.208123    32.1021        484     2.0125  0.000e+00
     68.088     6.3064   3.207714    32.0996        485     2.0167  0.000e+00
     68.251     6.3029   3.207488    32.1003        486     2.0208  0.000e+00
     68.408     6.2988   3.207281    32.1018        487     2.0250  0.000e+00
     68.563     6.2941   3.206841    32.1012        488     2.0292  0.000e+00
     68.726     6.2880   3.206359    32.1016        489     2.0333  0.000e+00
     68.892     6.2800   3.206194    32.1072        490     2.0375  0.000e+00
     69.067     6.2725   3.205926    32.1113        491     2.0417  0.000e+00
     69.239     6.2665   3.205761    32.1150        492     2.0458  0.000e+00
     69.415     6.2613   3.205438    32.1162        493     2.0500  0.000e+00
     69.599     6.2566   3.205371    32.1198        494     2.0542  0.000e+00
     69.786     6.2522   3.204797    32.1175        495     2.0583  0.000e+00
     69.973     6.2476   3.204657    32.1202        496     2.0625  0.000e+00
     70.170     6.2429   3.204328    32.1209        497     2.0667  0.000e+00
     70.357     6.2377   3.204248    32.1249        498     2.0708  0.000e+00
     70.550     6.2330   3.203815    32.1244        499     2.0750  0.000e+00
     70.735     6.2286   3.203632    32.1264        500     2.0792  0.000e+00
     70.922     6.2236   3.203425    32.1287        501     2.0833  0.000e+00
     71.097     6.2198   3.203407    32.1321        502     2.0875  0.000e+00
     71.278     6.2162   3.203157    32.1326        503     2.0917  0.000e+00
     71.451     6.2131   3.203260    32.1366        504     2.0958  0.000e+00
     71.623     6.2107   3.202870    32.1345        505     2.1000  0.000e+00
     71.792     6.2076   3.202955    32.1383        506     2.1042  0.000e+00
     71.976     6.2053   3.203651    32.1481        507     2.1083  0.000e+00
     72.146     6.2056   3.203139    32.1420        508     2.1125  0.000e+00
     72.324     6.2046   3.202870    32.1399        509     2.1167  0.000e+00
     72.502     6.2021   3.202541    32.1385        510     2.1208  0.000e+00
     72.668     6.1985   3.202565    32.1421        511     2.1250  0.000e+00
     72.849     6.1958   3.202992    32.1493        512     2.1292  0.000e+00
     73.012     6.1953   3.202791    32.1475        513     2.1333  0.000e+00
     73.188     6.1948   3.202767    32.1475        514     2.1375  0.000e+00
     73.348     6.1940   3.202315    32.1432        515     2.1417  0.000e+00
     73.517     6.1919   3.202358    32.1457        516     2.1458  0.000e+00
     73.677     6.1897   3.202175    32.1456        517     2.1500  0.000e+00
     73.837     6.1876   3.202175    32.1475        518     2.1542  0.000e+00
     74.003     6.1855   3.202261    32.1503        519     2.1583  0.000e+00
     74.172     6.1847   3.202340    32.1519        520     2.1625  0.000e+00
     74.351     6.1847   3.202255    32.1509        521     2.1667  0.000e+00
     74.532     6.1831   3.201846    32.1477        522     2.1708  0.000e+00
     74.713     6.1792   3.201541    32.1480        523     2.1750  0.000e+00
     74.897     6.1735   3.200998    32.1473        524     2.1792  0.000e+00
     75.091     6.1656   3.200535    32.1494        525     2.1833  0.000e+00
     75.293     6.1553   3.200517    32.1589        526     2.1875  0.000e+00
     75.483     6.1473   3.200004    32.1607        527     2.1917  0.000e+00
     75.674     6.1402   3.199883    32.1660        528     2.1958  0.000e+00
     75.867     6.1341   3.199822    32.1710        529     2.2000  0.000e+00
     76.063     6.1298   3.199730    32.1739        530     2.2042  0.000e+00
     76.245     6.1265   3.199285    32.1720        531     2.2083  0.000e+00
     76.435     6.1217   3.199206    32.1756        532     2.2125  0.000e+00
     76.607     6.1171   3.199121    32.1789        533     2.2167  0.000e+00
     76.791     6.1138   3.199346    32.1844        534     2.2208  0.000e+00
     76.963     6.1120   3.198913    32.1813        535     2.2250  0.000e+00
     77.139     6.1095   3.199225    32.1871        536     2.2292  0.000e+00
     77.320     6.1088   3.198981    32.1849        537     2.2333  0.000e+00
     77.495     6.1074   3.198773    32.1838        538     2.2375  0.000e+00
     77.682     6.1054   3.198530    32.1829        539     2.2417  0.000e+00
     77.867     6.1026   3.198548    32.1857        540     2.2458  0.000e+00
     78.060     6.1006   3.198627    32.1883        541     2.2500  0.000e+00
     78.247     6.0995   3.198609    32.1891        542     2.2542  0.000e+00
     78.440     6.0985   3.198225    32.1857        543     2.2583  0.000e+00
     78.622     6.0968   3.198225    32.1872        544     2.2625  0.000e+00
     78.815     6.0947   3.198201    32.1888        545     2.2667  0.000e+00
     78.993     6.0931   3.198121    32.1894        546     2.2708  0.000e+00
     79.168     6.0919   3.198164    32.1909        547     2.2750  0.000e+00
     79.340     6.0913   3.198347    32.1934        548     2.2792  0.000e+00
     79.516     6.0916   3.198451    32.1943        549     2.2833  0.000e+00
     79.670     6.0923   3.198634    32.1955        550     2.2875  0.000e+00
     79.836     6.0931   3.198366    32.1917        551     2.2917  0.000e+00
     79.987     6.0927   3.198103    32.1890        552     2.2958  0.000e+00
     80.144     6.0910   3.198286    32.1926        553     2.3000  0.000e+00
     80.304     6.0903   3.198817    32.1992        554     2.3042  0.000e+00
     80.479     6.0920   3.198652    32.1956        555     2.3083  0.000e+00
     80.597     6.0926   3.198287    32.1910        556     2.3125  0.000e+00
     80.654     6.0903   3.197610    32.1855        557     2.3167  0.000e+00
     80.648     6.0845   3.197128    32.1857        558     2.3208  0.000e+00
     80.612     6.0777   3.196915    32.1897        559     2.3250  0.000e+00
     80.600     6.0717   3.196915    32.1955        560     2.3292  0.000e+00
     80.636     6.0680   3.197037    32.2003        561     2.3333  0.000e+00
     80.675     6.0667   3.197037    32.2015        562     2.3375  0.000e+00
     80.700     6.0662   3.196976    32.2013        563     2.3417  0.000e+00
     80.709     6.0655   3.196854    32.2006        564     2.3458  0.000e+00
     80.706     6.0642   3.196793    32.2012        565     2.3500  0.000e+00
     80.718     6.0631   3.196854    32.2028        566     2.3542  0.000e+00
     80.736     6.0627   3.196854    32.2032        567     2.3583  0.000e+00
     80.745     6.0623   3.196793    32.2030        568     2.3625  0.000e+00
     80.754     6.0619   3.196781    32.2032        569     2.3667  0.000e+00
     80.757     6.0615   3.196769    32.2034        570     2.3708  0.000e+00
     80.766     6.0613   3.196750    32.2034        571     2.3750  0.000e+00
     80.772     6.0610   3.196793    32.2042        572     2.3792  0.000e+00
     80.766     6.0609   3.196854    32.2049        573     2.3833  0.000e+00
     80.772     6.0613   3.196769    32.2036        574     2.3875  0.000e+00
     80.781     6.0614   3.196738    32.2032        575     2.3917  0.000e+00
     80.772     6.0611   3.196708    32.2031        576     2.3958  0.000e+00
     80.781     6.0608   3.196689    32.2032        577     2.4000  0.000e+00
     80.788     6.0607   3.196671    32.2030        578     2.4042  0.000e+00
     80.781     6.0604   3.196647    32.2031        579     2.4083  0.000e+00
     80.772     6.0603   3.196732    32.2042        580     2.4125  0.000e+00
     80.769     6.0605   3.196702    32.2037        581     2.4167  0.000e+00
     80.782     6.0605   3.196708    32.2037        582     2.4208  0.000e+00
     80.785     6.0606   3.196708    32.2036        583     2.4250  0.000e+00
     80.791     6.0606   3.196689    32.2034        584     2.4292  0.000e+00
     80.809     6.0607   3.196671    32.2030        585     2.4333  0.000e+00
     80.824     6.0606   3.196671    32.2032        586     2.4375  0.000e+00
     80.842     6.0604   3.196683    32.2035        587     2.4417  0.000e+00
     80.851     6.0602   3.196671    32.2036        588     2.4458  0.000e+00
     80.857     6.0600   3.196647    32.2035        589     2.4500  0.000e+00
     80.869     6.0597   3.196604    32.2033        590     2.4542  0.000e+00
     80.884     6.0592   3.196586    32.2035        591     2.4583  0.000e+00
     80.890     6.0586   3.196604    32.2042        592     2.4625  0.000e+00
     80.897     6.0583   3.196628    32.2048        593     2.4667  0.000e+00
     80.912     6.0583   3.196604    32.2046        594     2.4708  0.000e+00
     80.915     6.0583   3.196628    32.2048        595     2.4750  0.000e+00
     80.930     6.0587   3.196647    32.2046        596     2.4792  0.000e+00
     80.939     6.0588   3.196604    32.2041        597     2.4833  0.000e+00
     80.942     6.0586   3.196567    32.2039        598     2.4875  0.000e+00
     80.945     6.0582   3.196567    32.2042        599     2.4917  0.000e+00
     80.945     6.0578   3.196525    32.2041        600     2.4958  0.000e+00
     80.933     6.0575   3.196507    32.2042        601     2.5000  0.000e+00
     80.915     6.0572   3.196543    32.2049        602     2.5042  0.000e+00
     80.903     6.0575   3.196507    32.2042        603     2.5083  0.000e+00
     80.876     6.0576   3.196506    32.2041        604     2.5125  0.000e+00
     80.842     6.0574   3.196446    32.2037        605     2.5167  0.000e+00
     80.806     6.0574   3.196525    32.2046        606     2.5208  0.000e+00
     80.776     6.0580   3.196543    32.2042        607     2.5250  0.000e+00
     80.734     6.0586   3.196567    32.2039        608     2.5292  0.000e+00
     80.695     6.0591   3.196567    32.2035        609     2.5333  0.000e+00
     80.649     6.0596   3.196567    32.2031        610     2.5375  0.000e+00
     80.598     6.0600   3.196586    32.2029        611     2.5417  0.000e+00
     80.553     6.0608   3.196628    32.2026        612     2.5458  0.000e+00
     80.495     6.0613   3.196628    32.2022        613     2.5500  0.000e+00
     80.441     6.0617   3.196586    32.2013        614     2.5542  0.000e+00
     80.387     6.0622   3.196622    32.2013        615     2.5583  0.000e+00
     80.323     6.0627   3.196647    32.2012        616     2.5625  0.000e+00
     80.266     6.0634   3.196671    32.2007        617     2.5667  0.000e+00
     80.206     6.0642   3.196707    32.2005        618     2.5708  0.000e+00
     80.142     6.0651   3.196732    32.1999        619     2.5750  0.000e+00
     80.082     6.0662   3.196768    32.1993        620     2.5792  0.000e+00
     80.022     6.0670   3.196781    32.1987        621     2.5833  0.000e+00
     79.958     6.0679   3.196811    32.1982        622     2.5875  0.000e+00
     79.907     6.0687   3.196829    32.1976        623     2.5917  0.000e+00
     79.862     6.0695   3.196829    32.1969        624     2.5958  0.000e+00
     79.819     6.0701   3.196854    32.1966        625     2.6000  0.000e+00
