HB2302/sbe147.cnv
* Sea-Bird SBE 19plus V2 Data File:
* FileName = C:\cruise\data\sbe147.hex
* Software Version Seasave V 7.26.7.121
* Temperature SN = 4758
* Conductivity SN = 4758
* System UpLoad Time = Jun 22 2023 00:47:43
* NMEA Latitude = 42 59.64 N
* NMEA Longitude = 069 12.17 W
* NMEA UTC (Time) = Jun 22 2023 00:47:43
** Cruise: HB2302
** Program: Ecomon
** Chief Scientist: Jerry Prezioso
# nquan = 7
# nvalues = 4207                                  
# units = specified
# name 0 = depSM: Depth [salt water, m]
# name 1 = tv290C: Temperature [ITS-90, deg C]
# name 2 = c0S/m: Conductivity [S/m]
# name 3 = sal00: Salinity, Practical [PSU]
# name 4 = scan: Scan Count
# name 5 = timeM: Time, Elapsed [minutes]
# name 6 = flag:  0.000e+00
# span 0 =      0.053,    186.913                 
# span 1 =     6.7565,    15.0996                 
# span 2 =   0.000680,   3.957567                 
# span 3 =     0.0095,    33.2156                 
# span 4 =         11,       4217                 
# span 5 =     0.0417,    17.5667                 
# span 6 = 0.0000e+00, 0.0000e+00                 
# interval = seconds: 0.25
# start_time = Jun 22 2023 00:47:43 [NMEA time, header]
# bad_flag = -9.990e-29
*END*
[from data line 616]
     71.434     6.7745   3.301141    32.6850        627     2.6083  0.000e+00
     71.588     6.7747   3.301419    32.6878        628     2.6125  0.000e+00
     71.730     6.7751   3.301987    32.6936        629     2.6167  0.000e+00
     71.884     6.7763   3.302543    32.6984        630     2.6208  0.000e+00
     72.014     6.7783   3.302370    32.6946        631     2.6250  0.000e+00
     72.152     6.7796   3.303012    32.7004        632     2.6292  0.000e+00
     72.288     6.7815   3.303623    32.7051        633     2.6333  0.000e+00
     72.421     6.7845   3.303691    32.7030        634     2.6375  0.000e+00
     72.551     6.7868   3.304210    32.7064        635     2.6417  0.000e+00
     72.680     6.7893   3.304587    32.7081        636     2.6458  0.000e+00
     72.810     6.7918   3.304587    32.7057        637     2.6500  0.000e+00
     72.946     6.7933   3.304710    32.7055        638     2.6542  0.000e+00
     73.079     6.7946   3.305075    32.7083        639     2.6583  0.000e+00
     73.217     6.7961   3.305038    32.7064        640     2.6625  0.000e+00
     73.347     6.7973   3.305242    32.7074        641     2.6667  0.000e+00
     73.486     6.7982   3.305180    32.7058        642     2.6708  0.000e+00
     73.631     6.7991   3.305390    32.7071        643     2.6750  0.000e+00
     73.776     6.8001   3.305619    32.7086        644     2.6792  0.000e+00
     73.929     6.8017   3.305476    32.7055        645     2.6833  0.000e+00
     74.080     6.8020   3.305520    32.7056        646     2.6875  0.000e+00
     74.231     6.8021   3.305600    32.7064        647     2.6917  0.000e+00
     74.394     6.8023   3.305625    32.7063        648     2.6958  0.000e+00
     74.560     6.8026   3.305965    32.7096        649     2.7000  0.000e+00
     74.705     6.8034   3.305816    32.7073        650     2.7042  0.000e+00
     74.871     6.8039   3.306088    32.7096        651     2.7083  0.000e+00
     75.025     6.8046   3.306243    32.7106        652     2.7125  0.000e+00
     75.178     6.8057   3.306391    32.7111        653     2.7167  0.000e+00
     75.335     6.8071   3.306626    32.7123        654     2.7208  0.000e+00
     75.477     6.8086   3.306669    32.7113        655     2.7250  0.000e+00
     75.631     6.8095   3.306509    32.7085        656     2.7292  0.000e+00
     75.773     6.8095   3.306626    32.7098        657     2.7333  0.000e+00
     75.917     6.8095   3.306855    32.7122        658     2.7375  0.000e+00
     76.056     6.8100   3.307306    32.7166        659     2.7417  0.000e+00
     76.195     6.8120   3.307806    32.7202        660     2.7458  0.000e+00
     76.319     6.8150   3.308096    32.7204        661     2.7500  0.000e+00
     76.451     6.8178   3.308368    32.7206        662     2.7542  0.000e+00
     76.581     6.8204   3.308906    32.7240        663     2.7583  0.000e+00
     76.711     6.8238   3.309246    32.7245        664     2.7625  0.000e+00
     76.838     6.8266   3.309283    32.7221        665     2.7667  0.000e+00
     76.973     6.8283   3.309394    32.7217        666     2.7708  0.000e+00
     77.100     6.8295   3.309604    32.7227        667     2.7750  0.000e+00
     77.233     6.8302   3.309413    32.7199        668     2.7792  0.000e+00
     77.372     6.8302   3.309586    32.7218        669     2.7833  0.000e+00
     77.516     6.8306   3.309604    32.7215        670     2.7875  0.000e+00
     77.658     6.8310   3.309870    32.7240        671     2.7917  0.000e+00
     77.806     6.8316   3.309648    32.7209        672     2.7958  0.000e+00
     77.957     6.8320   3.309988    32.7242        673     2.8000  0.000e+00
     78.117     6.8326   3.310099    32.7247        674     2.8042  0.000e+00
     78.271     6.8334   3.310074    32.7236        675     2.8083  0.000e+00
     78.431     6.8338   3.310068    32.7231        676     2.8125  0.000e+00
     78.599     6.8342   3.310136    32.7234        677     2.8167  0.000e+00
     78.756     6.8345   3.310006    32.7216        678     2.8208  0.000e+00
     78.919     6.8339   3.310118    32.7233        679     2.8250  0.000e+00
     79.085     6.8334   3.309871    32.7209        680     2.8292  0.000e+00
     79.248     6.8323   3.309926    32.7226        681     2.8333  0.000e+00
     79.411     6.8308   3.309846    32.7230        682     2.8375  0.000e+00
     79.568     6.8287   3.309797    32.7244        683     2.8417  0.000e+00
     79.725     6.8265   3.309828    32.7268        684     2.8458  0.000e+00
     79.878     6.8234   3.309988    32.7315        685     2.8500  0.000e+00
     80.032     6.8196   3.310372    32.7392        686     2.8542  0.000e+00
     80.189     6.8161   3.310675    32.7457        687     2.8583  0.000e+00
     80.337     6.8132   3.310990    32.7519        688     2.8625  0.000e+00
     80.479     6.8123   3.311243    32.7555        689     2.8667  0.000e+00
     80.618     6.8128   3.311695    32.7599        690     2.8708  0.000e+00
     80.765     6.8138   3.311831    32.7604        691     2.8750  0.000e+00
     80.907     6.8149   3.312016    32.7612        692     2.8792  0.000e+00
     81.052     6.8157   3.312721    32.7682        693     2.8833  0.000e+00
     81.200     6.8167   3.313444    32.7751        694     2.8875  0.000e+00
     81.348     6.8187   3.313896    32.7781        695     2.8917  0.000e+00
     81.495     6.8214   3.314489    32.7819        696     2.8958  0.000e+00
     81.637     6.8248   3.314285    32.7763        697     2.9000  0.000e+00
     81.785     6.8271   3.314081    32.7719        698     2.9042  0.000e+00
     81.942     6.8283   3.314811    32.7786        699     2.9083  0.000e+00
     82.084     6.8302   3.315238    32.7815        700     2.9125  0.000e+00
     82.240     6.8321   3.315553    32.7830        701     2.9167  0.000e+00
     82.382     6.8341   3.315176    32.7769        702     2.9208  0.000e+00
     82.533     6.8343   3.315343    32.7784        703     2.9250  0.000e+00
     82.678     6.8342   3.315844    32.7840        704     2.9292  0.000e+00
     82.832     6.8353   3.315856    32.7830        705     2.9333  0.000e+00
     82.973     6.8361   3.316332    32.7874        706     2.9375  0.000e+00
     83.121     6.8374   3.316598    32.7890        707     2.9417  0.000e+00
     83.263     6.8391   3.317118    32.7930        708     2.9458  0.000e+00
     83.414     6.8416   3.317644    32.7963        709     2.9500  0.000e+00
     83.565     6.8450   3.317829    32.7950        710     2.9542  0.000e+00
     83.712     6.8477   3.317730    32.7913        711     2.9583  0.000e+00
     83.863     6.8488   3.317972    32.7928        712     2.9625  0.000e+00
     84.017     6.8499   3.318114    32.7932        713     2.9667  0.000e+00
     84.162     6.8507   3.318077    32.7920        714     2.9708  0.000e+00
     84.310     6.8512   3.318392    32.7949        715     2.9750  0.000e+00
     84.460     6.8521   3.318807    32.7985        716     2.9792  0.000e+00
     84.608     6.8538   3.318993    32.7989        717     2.9833  0.000e+00
     84.747     6.8554   3.319122    32.7987        718     2.9875  0.000e+00
     84.886     6.8569   3.319290    32.7991        719     2.9917  0.000e+00
     85.034     6.8580   3.319420    32.7993        720     2.9958  0.000e+00
     85.175     6.8590   3.319655    32.8009        721     3.0000  0.000e+00
     85.314     6.8602   3.319568    32.7987        722     3.0042  0.000e+00
     85.456     6.8609   3.319797    32.8005        723     3.0083  0.000e+00
     85.595     6.8617   3.319760    32.7993        724     3.0125  0.000e+00
     85.736     6.8618   3.319902    32.8006        725     3.0167  0.000e+00
     85.893     6.8619   3.320187    32.8036        726     3.0208  0.000e+00
     86.035     6.8631   3.320249    32.8031        727     3.0250  0.000e+00
     86.183     6.8642   3.319995    32.7992        728     3.0292  0.000e+00
     86.346     6.8638   3.320045    32.8000        729     3.0333  0.000e+00
     86.502     6.8634   3.320255    32.8027        730     3.0375  0.000e+00
     86.671     6.8636   3.320367    32.8036        731     3.0417  0.000e+00
     86.840     6.8646   3.320360    32.8025        732     3.0458  0.000e+00
     87.003     6.8650   3.320571    32.8043        733     3.0500  0.000e+00
     87.172     6.8658   3.320534    32.8031        734     3.0542  0.000e+00
     87.344     6.8660   3.320633    32.8039        735     3.0583  0.000e+00
     87.507     6.8662   3.320726    32.8047        736     3.0625  0.000e+00
     87.676     6.8662   3.320837    32.8057        737     3.0667  0.000e+00
     87.839     6.8666   3.320769    32.8046        738     3.0708  0.000e+00
     88.008     6.8664   3.320856    32.8056        739     3.0750  0.000e+00
     88.161     6.8664   3.320813    32.8051        740     3.0792  0.000e+00
     88.327     6.8663   3.318480    32.7795        741     3.0833  0.000e+00
     88.484     6.8664   3.321172    32.8088        742     3.0875  0.000e+00
     88.644     6.8671   3.321128    32.8076        743     3.0917  0.000e+00
     88.792     6.8676   3.321444    32.8106        744     3.0958  0.000e+00
     88.943     6.8680   3.321667    32.8125        745     3.1000  0.000e+00
     89.084     6.8688   3.322094    32.8164        746     3.1042  0.000e+00
     89.238     6.8698   3.322304    32.8177        747     3.1083  0.000e+00
     89.377     6.8710   3.322663    32.8204        748     3.1125  0.000e+00
     89.522     6.8726   3.323140    32.8240        749     3.1167  0.000e+00
     89.663     6.8749   3.323536    32.8261        750     3.1208  0.000e+00
     89.808     6.8776   3.323610    32.8242        751     3.1250  0.000e+00
     89.947     6.8795   3.323821    32.8247        752     3.1292  0.000e+00
     90.086     6.8804   3.323610    32.8214        753     3.1333  0.000e+00
     90.221     6.8804   3.323499    32.8202        754     3.1375  0.000e+00
     90.360     6.8799   3.323889    32.8249        755     3.1417  0.000e+00
     90.505     6.8803   3.324007    32.8257        756     3.1458  0.000e+00
     90.638     6.8808   3.324341    32.8288        757     3.1500  0.000e+00
     90.788     6.8817   3.324186    32.8262        758     3.1542  0.000e+00
     90.933     6.8818   3.324273    32.8269        759     3.1583  0.000e+00
     91.078     6.8820   3.324737    32.8318        760     3.1625  0.000e+00
     91.223     6.8824   3.325258    32.8370        761     3.1667  0.000e+00
     91.367     6.8838   3.325388    32.8371        762     3.1708  0.000e+00
     91.518     6.8851   3.325858    32.8408        763     3.1750  0.000e+00
     91.666     6.8867   3.325895    32.8397        764     3.1792  0.000e+00
     91.820     6.8879   3.326440    32.8444        765     3.1833  0.000e+00
     91.965     6.8898   3.326713    32.8455        766     3.1875  0.000e+00
     92.130     6.8912   3.326632    32.8433        767     3.1917  0.000e+00
     92.281     6.8917   3.326973    32.8464        768     3.1958  0.000e+00
     92.441     6.8923   3.327016    32.8462        769     3.2000  0.000e+00
     92.601     6.8932   3.327667    32.8524        770     3.2042  0.000e+00
     92.761     6.8945   3.327660    32.8510        771     3.2083  0.000e+00
     92.923     6.8955   3.327976    32.8534        772     3.2125  0.000e+00
     93.083     6.8967   3.328218    32.8549        773     3.2167  0.000e+00
     93.237     6.8979   3.328137    32.8528        774     3.2208  0.000e+00
     93.388     6.8985   3.328707    32.8584        775     3.2250  0.000e+00
     93.539     6.8997   3.329073    32.8611        776     3.2292  0.000e+00
     93.693     6.9010   3.329351    32.8629        777     3.2333  0.000e+00
     93.852     6.9024   3.329624    32.8645        778     3.2375  0.000e+00
     94.012     6.9039   3.329612    32.8629        779     3.2417  0.000e+00
     94.172     6.9046   3.329785    32.8640        780     3.2458  0.000e+00
     94.329     6.9048   3.330188    32.8682        781     3.2500  0.000e+00
     94.486     6.9058   3.330498    32.8705        782     3.2542  0.000e+00
     94.648     6.9069   3.330553    32.8700        783     3.2583  0.000e+00
     94.802     6.9077   3.330578    32.8693        784     3.2625  0.000e+00
     94.956     6.9080   3.330702    32.8704        785     3.2667  0.000e+00
     95.119     6.9085   3.330987    32.8729        786     3.2708  0.000e+00
     95.273     6.9094   3.330938    32.8715        787     3.2750  0.000e+00
     95.430     6.9098   3.330950    32.8711        788     3.2792  0.000e+00
     95.577     6.9096   3.331136    32.8733        789     3.2833  0.000e+00
     95.737     6.9099   3.331495    32.8769        790     3.2875  0.000e+00
     95.882     6.9106   3.331650    32.8778        791     3.2917  0.000e+00
     96.027     6.9116   3.331743    32.8779        792     3.2958  0.000e+00
     96.174     6.9122   3.331799    32.8778        793     3.3000  0.000e+00
     96.316     6.9125   3.331867    32.8782        794     3.3042  0.000e+00
     96.464     6.9124   3.331756    32.8770        795     3.3083  0.000e+00
     96.612     6.9117   3.331824    32.8783        796     3.3125  0.000e+00
     96.756     6.9110   3.331861    32.8793        797     3.3167  0.000e+00
     96.913     6.9102   3.331824    32.8796        798     3.3208  0.000e+00
     97.061     6.9094   3.331738    32.8794        799     3.3250  0.000e+00
     97.209     6.9086   3.331725    32.8799        800     3.3292  0.000e+00
     97.366     6.9083   3.331905    32.8821        801     3.3333  0.000e+00
     97.513     6.9082   3.331886    32.8820        802     3.3375  0.000e+00
     97.667     6.9079   3.331843    32.8816        803     3.3417  0.000e+00
     97.830     6.9073   3.331825    32.8819        804     3.3458  0.000e+00
     97.981     6.9069   3.331862    32.8827        805     3.3500  0.000e+00
     98.144     6.9066   3.331843    32.8827        806     3.3542  0.000e+00
     98.297     6.9063   3.331818    32.8827        807     3.3583  0.000e+00
     98.457     6.9058   3.331825    32.8831        808     3.3625  0.000e+00
     98.602     6.9057   3.331757    32.8824        809     3.3667  0.000e+00
     98.756     6.9052   3.331744    32.8827        810     3.3708  0.000e+00
     98.910     6.9046   3.331726    32.8830        811     3.3750  0.000e+00
     99.057     6.9040   3.331713    32.8833        812     3.3792  0.000e+00
     99.199     6.9036   3.331726    32.8837        813     3.3833  0.000e+00
     99.344     6.9035   3.331800    32.8846        814     3.3875  0.000e+00
     99.488     6.9037   3.331906    32.8855        815     3.3917  0.000e+00
     99.633     6.9041   3.331887    32.8848        816     3.3958  0.000e+00
     99.778     6.9043   3.331906    32.8848        817     3.4000  0.000e+00
     99.926     6.9046   3.331974    32.8852        818     3.4042  0.000e+00
    100.073     6.9049   3.331782    32.8827        819     3.4083  0.000e+00
    100.218     6.9043   3.331695    32.8823        820     3.4125  0.000e+00
    100.375     6.9033   3.331664    32.8828        821     3.4167  0.000e+00
    100.523     6.9026   3.331652    32.8833        822     3.4208  0.000e+00
    100.680     6.9018   3.331702    32.8845        823     3.4250  0.000e+00
    100.845     6.9016   3.331695    32.8846        824     3.4292  0.000e+00
    101.002     6.9014   3.331640    32.8840        825     3.4333  0.000e+00
    101.171     6.9010   3.331609    32.8840        826     3.4375  0.000e+00
    101.340     6.9007   3.331621    32.8844        827     3.4417  0.000e+00
    101.503     6.9004   3.331652    32.8849        828     3.4458  0.000e+00
    101.669     6.9004   3.331702    32.8854        829     3.4500  0.000e+00
    101.831     6.9004   3.331739    32.8857        830     3.4542  0.000e+00
