HB2302/sbe197.cnv
* Sea-Bird SBE 19plus V2 Data File:
* FileName = C:\cruise\data\sbe197.hex
* Software Version Seasave V 7.26.7.121
* Temperature SN = 4758
* Conductivity SN = 4758
* System UpLoad Time = Jun 27 2023 07:58:36
* NMEA Latitude = 40 52.71 N
* NMEA Longitude = 069 45.35 W
* NMEA UTC (Time) = Jun 27 2023 07:57:35
** Cruise: HB2302
** Program: Ecomon
** Chief Scientist: Jerry Prezioso
# nquan = 7
# nvalues = 1106                                  
# units = specified
# name 0 = depSM: Depth [salt water, m]
# name 1 = tv290C: Temperature [ITS-90, deg C]
# name 2 = c0S/m: Conductivity [S/m]
# name 3 = sal00: Salinity, Practical [PSU]
# name 4 = scan: Scan Count
# name 5 = timeM: Time, Elapsed [minutes]
# name 6 = flag:  0.000e+00
# span 0 =     -0.112,     22.930                 
# span 1 =    13.4943,    17.2504                 
# span 2 =   0.000316,   3.909928                 
# span 3 =     0.0094,    32.1248                 
# span 4 =         11,       1116                 
# span 5 =     0.0417,     4.6458                 
# span 6 = 0.0000e+00, 0.0000e+00                 
# interval = seconds: 0.25
# start_time = Jun 27 2023 07:57:35 [NMEA time, header]
# bad_flag = -9.990e-29
*END*
[from data line 1026]
      0.638    13.5091   3.783010    31.6010       1037     4.3167  0.000e+00
      0.657    13.5098   3.783049    31.6008       1038     4.3208  0.000e+00
      0.666    13.5106   3.782984    31.5996       1039     4.3250  0.000e+00
      0.636    13.5105   3.782984    31.5996       1040     4.3292  0.000e+00
      0.593    13.5106   3.782958    31.5994       1041     4.3333  0.000e+00
      0.569    13.5106   3.782984    31.5996       1042     4.3375  0.000e+00
      0.551    13.5106   3.782984    31.5996       1043     4.3417  0.000e+00
      0.506    13.5107   3.783004    31.5997       1044     4.3458  0.000e+00
      0.439    13.5107   3.782867    31.5984       1045     4.3500  0.000e+00
      0.358    13.5103   3.783141    31.6013       1046     4.3542  0.000e+00
      0.283    13.5109   3.783154    31.6010       1047     4.3583  0.000e+00
      0.201    13.5118   3.783160    31.6004       1048     4.3625  0.000e+00
      0.080    13.5125   3.783075    31.5991       1049     4.3667  0.000e+00
     -0.062    13.5125   2.107474    16.5914       1050     4.3708  0.000e+00
     -0.101    13.5200   0.625434     4.4658       1051     4.3750  0.000e+00
     -0.101    13.5573   0.390022     2.6963       1052     4.3792  0.000e+00
     -0.101    13.6182   0.304011     2.0668       1053     4.3833  0.000e+00
     -0.104    13.6601   0.263402     1.7739       1054     4.3875  0.000e+00
     -0.098    13.6683   0.239079     1.6010       1055     4.3917  0.000e+00
     -0.110    13.6652   0.183412     1.2109       1056     4.3958  0.000e+00
     -0.067    13.6579   0.174178     1.1471       1057     4.4000  0.000e+00
     -0.004    13.6503   0.997394     7.3459       1058     4.4042  0.000e+00
      0.008    13.6299   1.464771    11.1342       1059     4.4083  0.000e+00
      0.014    13.5923   2.565274    20.5322       1060     4.4125  0.000e+00
      0.014    13.5639   1.498521    11.4323       1061     4.4167  0.000e+00
      0.044    13.5465   2.681162    21.5788       1062     4.4208  0.000e+00
      0.126    13.5362   3.078396    25.1314       1063     4.4250  0.000e+00
      0.150    13.5300   2.183854    17.2416       1064     4.4292  0.000e+00
      0.105    13.5264   3.270155    26.8734       1065     4.4333  0.000e+00
      0.032    13.5251   1.632980    12.5627       1066     4.4375  0.000e+00
      0.011    13.5243   3.212161    26.3485       1067     4.4417  0.000e+00
      0.042    13.5237   3.768544    31.4549       1068     4.4458  0.000e+00
      0.108    13.5228   3.768127    31.4516       1069     4.4500  0.000e+00
      0.159    13.5222   3.768661    31.4571       1070     4.4542  0.000e+00
      0.184    13.5214   3.769273    31.4634       1071     4.4583  0.000e+00
      0.220    13.5210   3.770235    31.4727       1072     4.4625  0.000e+00
      0.253    13.5206   3.770691    31.4773       1073     4.4667  0.000e+00
      0.271    13.5206   3.769181    31.4632       1074     4.4708  0.000e+00
      0.184    13.5203   3.776347    31.5301       1075     4.4750  0.000e+00
      0.042    13.5188   3.779785    31.5633       1076     4.4792  0.000e+00
     -0.070    13.5159   3.780789    31.5751       1077     4.4833  0.000e+00
     -0.100    13.5139   1.510539    11.5468       1078     4.4875  0.000e+00
     -0.112    13.5160   0.459625     3.2145       1079     4.4917  0.000e+00
     -0.100    13.5227   0.352343     2.4227       1080     4.4958  0.000e+00
     -0.103    13.5322   0.290428     1.9735       1081     4.5000  0.000e+00
     -0.103    13.5420   0.256271     1.7284       1082     4.5042  0.000e+00
     -0.100    13.5503   0.227198     1.5218       1083     4.5083  0.000e+00
     -0.103    13.5558   0.204528     1.3619       1084     4.5125  0.000e+00
     -0.106    13.5577   0.196691     1.3070       1085     4.5167  0.000e+00
     -0.106    13.5581   0.186243     1.2340       1086     4.5208  0.000e+00
     -0.097    13.5588   0.171771     1.1333       1087     4.5250  0.000e+00
     -0.097    13.5588   0.161591     1.0629       1088     4.5292  0.000e+00
     -0.097    13.5586   0.152153     0.9978       1089     4.5333  0.000e+00
     -0.094    13.5580   0.137661     0.8984       1090     4.5375  0.000e+00
     -0.091    13.5567   0.124433     0.8082       1091     4.5417  0.000e+00
     -0.060    13.5549   2.856647    23.1322       1092     4.5458  0.000e+00
     -0.036    13.5523   2.728185    21.9918       1093     4.5500  0.000e+00
     -0.024    13.5461   3.204834    26.2671       1094     4.5542  0.000e+00
     -0.024    13.5415   3.658134    30.4177       1095     4.5583  0.000e+00
     -0.069    13.5390   3.682434    30.6444       1096     4.5625  0.000e+00
     -0.093    13.5366   3.629534    30.1576       1097     4.5667  0.000e+00
     -0.096    13.5362   1.045767     7.7536       1098     4.5708  0.000e+00
     -0.081    13.5382   2.383783    18.9719       1099     4.5750  0.000e+00
     -0.054    13.5396   3.782912    31.5752       1100     4.5792  0.000e+00
     -0.069    13.5398   3.783837    31.5836       1101     4.5833  0.000e+00
     -0.087    13.5396   3.780684    31.5545       1102     4.5875  0.000e+00
     -0.093    13.5415   1.069331     7.9411       1103     4.5917  0.000e+00
     -0.096    13.5488   0.433769     3.0198       1104     4.5958  0.000e+00
     -0.099    13.5608   0.332250     2.2741       1105     4.6000  0.000e+00
     -0.096    13.5744   0.274242     1.8553       1106     4.6042  0.000e+00
     -0.099    13.5856   0.235418     1.5785       1107     4.6083  0.000e+00
     -0.096    13.5944   0.211100     1.4067       1108     4.6125  0.000e+00
     -0.099    13.6011   0.198617     1.3190       1109     4.6167  0.000e+00
     -0.096    13.6053   0.188115     1.2455       1110     4.6208  0.000e+00
     -0.102    13.6069   0.173754     1.1457       1111     4.6250  0.000e+00
     -0.099    13.6060   0.165247     1.0868       1112     4.6292  0.000e+00
     -0.102    13.6048   0.161086     1.0581       1113     4.6333  0.000e+00
     -0.099    13.6061   0.156805     1.0286       1114     4.6375  0.000e+00
     -0.093    13.6080   0.146162     0.9554       1115     4.6417  0.000e+00
     -0.096    13.6078   0.135224     0.8806       1116     4.6458  0.000e+00
