HB2302/sbe122.cnv
* Sea-Bird SBE 19plus V2 Data File:
* FileName = C:\cruise\data\sbe122.hex
* Software Version Seasave V 7.26.7.121
* Temperature SN = 4758
* Conductivity SN = 4758
* System UpLoad Time = Jun 19 2023 17:00:33
* NMEA Latitude = 42 51.51 N
* NMEA Longitude = 067 11.61 W
* NMEA UTC (Time) = Jun 19 2023 17:00:33
** Cruise: HB2302
** Program: Ecomon
** Chief Scientist: Jerry Prezioso
# nquan = 7
# nvalues = 4961                                  
# units = specified
# name 0 = depSM: Depth [salt water, m]
# name 1 = tv290C: Temperature [ITS-90, deg C]
# name 2 = c0S/m: Conductivity [S/m]
# name 3 = sal00: Salinity, Practical [PSU]
# name 4 = scan: Scan Count
# name 5 = timeM: Time, Elapsed [minutes]
# name 6 = flag:  0.000e+00
# span 0 =     -0.054,    201.940                 
# span 1 =     7.5503,    11.4665                 
# span 2 =   0.002128,   3.729295                 
# span 3 =     0.0165,    34.7247                 
# span 4 =         11,       4971                 
# span 5 =     0.0417,    20.7083                 
# span 6 = 0.0000e+00, 0.0000e+00                 
# interval = seconds: 0.25
# start_time = Jun 19 2023 17:00:33 [NMEA time, header]
# bad_flag = -9.990e-29
*END*
[from data line 4308]
     34.664     7.9772   3.388473    32.5149       4319    17.9917  0.000e+00
     34.604     7.9782   3.388442    32.5136       4320    17.9958  0.000e+00
     34.544     7.9791   3.388542    32.5139       4321    18.0000  0.000e+00
     34.483     7.9801   3.388517    32.5127       4322    18.0042  0.000e+00
     34.429     7.9809   3.388417    32.5109       4323    18.0083  0.000e+00
     34.384     7.9810   3.388442    32.5112       4324    18.0125  0.000e+00
     34.335     7.9810   3.388430    32.5110       4325    18.0167  0.000e+00
     34.299     7.9810   3.388417    32.5109       4326    18.0208  0.000e+00
     34.254     7.9811   3.388479    32.5115       4327    18.0250  0.000e+00
     34.215     7.9818   3.388517    32.5112       4328    18.0292  0.000e+00
     34.185     7.9823   3.388461    32.5103       4329    18.0333  0.000e+00
     34.148     7.9826   3.388567    32.5111       4330    18.0375  0.000e+00
     34.118     7.9827   3.388336    32.5086       4331    18.0417  0.000e+00
     34.076     7.9831   3.388355    32.5084       4332    18.0458  0.000e+00
     34.049     7.9834   3.388461    32.5093       4333    18.0500  0.000e+00
     34.016     7.9829   3.388292    32.5079       4334    18.0542  0.000e+00
     33.986     7.9830   3.388273    32.5077       4335    18.0583  0.000e+00
     33.944     7.9834   3.388273    32.5073       4336    18.0625  0.000e+00
     33.907     7.9837   3.388292    32.5072       4337    18.0667  0.000e+00
     33.856     7.9836   3.388292    32.5074       4338    18.0708  0.000e+00
     33.814     7.9834   3.388379    32.5085       4339    18.0750  0.000e+00
     33.751     7.9842   3.388442    32.5085       4340    18.0792  0.000e+00
     33.687     7.9850   3.388379    32.5071       4341    18.0833  0.000e+00
     33.627     7.9853   3.388292    32.5059       4342    18.0875  0.000e+00
     33.552     7.9850   3.388192    32.5052       4343    18.0917  0.000e+00
     33.479     7.9842   3.388105    32.5050       4344    18.0958  0.000e+00
     33.407     7.9842   3.387855    32.5023       4345    18.1000  0.000e+00
     33.340     7.9851   3.387693    32.4998       4346    18.1042  0.000e+00
     33.265     7.9862   3.387774    32.4997       4347    18.1083  0.000e+00
     33.202     7.9870   3.387593    32.4971       4348    18.1125  0.000e+00
     33.141     7.9872   3.387319    32.4940       4349    18.1167  0.000e+00
     33.087     7.9863   3.387338    32.4950       4350    18.1208  0.000e+00
     33.033     7.9862   3.388055    32.5028       4351    18.1250  0.000e+00
     32.997     7.9896   3.388292    32.5022       4352    18.1292  0.000e+00
     32.961     7.9939   3.388142    32.4966       4353    18.1333  0.000e+00
     32.921     7.9961   3.388211    32.4953       4354    18.1375  0.000e+00
     32.888     7.9972   3.388148    32.4937       4355    18.1417  0.000e+00
     32.870     7.9975   3.388204    32.4940       4356    18.1458  0.000e+00
     32.855     7.9978   3.388192    32.4936       4357    18.1500  0.000e+00
     32.822     7.9980   3.388105    32.4925       4358    18.1542  0.000e+00
     32.795     7.9975   3.388073    32.4926       4359    18.1583  0.000e+00
     32.777     7.9973   3.388167    32.4938       4360    18.1625  0.000e+00
     32.747     7.9973   3.388254    32.4947       4361    18.1667  0.000e+00
     32.716     7.9981   3.388335    32.4948       4362    18.1708  0.000e+00
     32.680     7.9992   3.388105    32.4914       4363    18.1750  0.000e+00
     32.641     7.9985   3.388167    32.4928       4364    18.1792  0.000e+00
     32.593     7.9986   3.388734    32.4988       4365    18.1833  0.000e+00
     32.545     8.0005   3.388815    32.4979       4366    18.1875  0.000e+00
     32.487     8.0025   3.388753    32.4953       4367    18.1917  0.000e+00
     32.424     8.0032   3.388185    32.4887       4368    18.1958  0.000e+00
     32.355     8.0018   3.388273    32.4910       4369    18.2000  0.000e+00
     32.291     8.0006   3.388472    32.4942       4370    18.2042  0.000e+00
     32.219     8.0010   3.388940    32.4989       4371    18.2083  0.000e+00
     32.147     8.0031   3.388977    32.4974       4372    18.2125  0.000e+00
     32.074     8.0053   3.388996    32.4955       4373    18.2167  0.000e+00
     32.005     8.0066   3.389352    32.4981       4374    18.2208  0.000e+00
     31.945     8.0088   3.389395    32.4966       4375    18.2250  0.000e+00
     31.893     8.0104   3.389320    32.4943       4376    18.2292  0.000e+00
     31.842     8.0111   3.389414    32.4947       4377    18.2333  0.000e+00
     31.794     8.0116   3.389476    32.4949       4378    18.2375  0.000e+00
     31.752     8.0122   3.389520    32.4949       4379    18.2417  0.000e+00
     31.706     8.0128   3.389626    32.4954       4380    18.2458  0.000e+00
     31.658     8.0139   3.390081    32.4993       4381    18.2500  0.000e+00
     31.619     8.0163   3.390480    32.5014       4382    18.2542  0.000e+00
     31.583     8.0210   3.391909    32.5121       4383    18.2583  0.000e+00
     31.531     8.0345   3.391953    32.5001       4384    18.2625  0.000e+00
     31.498     8.0485   3.391771    32.4852       4385    18.2667  0.000e+00
     31.459     8.0567   3.392033    32.4804       4386    18.2708  0.000e+00
     31.417     8.0610   3.392033    32.4765       4387    18.2750  0.000e+00
     31.372     8.0621   3.392015    32.4753       4388    18.2792  0.000e+00
     31.332     8.0615   3.391846    32.4741       4389    18.2833  0.000e+00
     31.299     8.0577   3.391809    32.4771       4390    18.2875  0.000e+00
     31.260     8.0567   3.391840    32.4784       4391    18.2917  0.000e+00
     31.233     8.0595   3.391640    32.4738       4392    18.2958  0.000e+00
     31.194     8.0614   3.391597    32.4715       4393    18.3000  0.000e+00
     31.149     8.0623   3.391621    32.4710       4394    18.3042  0.000e+00
     31.118     8.0627   3.391684    32.4713       4395    18.3083  0.000e+00
     31.082     8.0630   3.391596    32.4701       4396    18.3125  0.000e+00
     31.043     8.0631   3.391534    32.4694       4397    18.3167  0.000e+00
     31.001     8.0633   3.391846    32.4726       4398    18.3208  0.000e+00
     30.956     8.0660   3.392432    32.4763       4399    18.3250  0.000e+00
     30.904     8.0722   3.392744    32.4739       4400    18.3292  0.000e+00
     30.847     8.0782   3.393368    32.4749       4401    18.3333  0.000e+00
     30.787     8.0859   3.393287    32.4669       4402    18.3375  0.000e+00
     30.723     8.0919   3.393324    32.4618       4403    18.3417  0.000e+00
     30.654     8.0942   3.393474    32.4613       4404    18.3458  0.000e+00
     30.585     8.0967   3.393437    32.4586       4405    18.3500  0.000e+00
     30.509     8.0989   3.393618    32.4586       4406    18.3542  0.000e+00
     30.428     8.1013   3.393699    32.4572       4407    18.3583  0.000e+00
     30.346     8.1039   3.393923    32.4572       4408    18.3625  0.000e+00
     30.265     8.1093   3.394098    32.4541       4409    18.3667  0.000e+00
     30.184     8.1152   3.393929    32.4469       4410    18.3708  0.000e+00
     30.102     8.1174   3.393742    32.4430       4411    18.3750  0.000e+00
     30.033     8.1169   3.394223    32.4485       4412    18.3792  0.000e+00
     29.966     8.1189   3.394304    32.4476       4413    18.3833  0.000e+00
     29.912     8.1217   3.394229    32.4442       4414    18.3875  0.000e+00
     29.861     8.1232   3.394322    32.4439       4415    18.3917  0.000e+00
     29.828     8.1241   3.394304    32.4428       4416    18.3958  0.000e+00
     29.792     8.1249   3.394291    32.4420       4417    18.4000  0.000e+00
     29.777     8.1250   3.394410    32.4431       4418    18.4042  0.000e+00
     29.749     8.1258   3.394322    32.4415       4419    18.4083  0.000e+00
     29.752     8.1260   3.394291    32.4410       4420    18.4125  0.000e+00
     29.737     8.1255   3.394366    32.4422       4421    18.4167  0.000e+00
     29.716     8.1254   3.394428    32.4430       4422    18.4208  0.000e+00
     29.722     8.1259   3.394509    32.4434       4423    18.4250  0.000e+00
     29.704     8.1267   3.394285    32.4403       4424    18.4292  0.000e+00
     29.677     8.1257   3.394160    32.4399       4425    18.4333  0.000e+00
     29.659     8.1236   3.394141    32.4417       4426    18.4375  0.000e+00
     29.626     8.1217   3.394197    32.4440       4427    18.4417  0.000e+00
     29.590     8.1212   3.394054    32.4429       4428    18.4458  0.000e+00
     29.550     8.1202   3.394116    32.4446       4429    18.4500  0.000e+00
     29.508     8.1192   3.394160    32.4459       4430    18.4542  0.000e+00
     29.457     8.1192   3.394634    32.4510       4431    18.4583  0.000e+00
     29.400     8.1224   3.394709    32.4489       4432    18.4625  0.000e+00
     29.339     8.1256   3.394678    32.4456       4433    18.4667  0.000e+00
     29.270     8.1275   3.394722    32.4444       4434    18.4708  0.000e+00
     29.198     8.1288   3.394753    32.4435       4435    18.4750  0.000e+00
     29.122     8.1295   3.394759    32.4429       4436    18.4792  0.000e+00
     29.038     8.1298   3.394759    32.4428       4437    18.4833  0.000e+00
     28.956     8.1301   3.394690    32.4418       4438    18.4875  0.000e+00
     28.872     8.1301   3.394659    32.4415       4439    18.4917  0.000e+00
     28.788     8.1298   3.394634    32.4415       4440    18.4958  0.000e+00
     28.694     8.1295   3.394578    32.4413       4441    18.5000  0.000e+00
     28.610     8.1298   3.394553    32.4408       4442    18.5042  0.000e+00
     28.525     8.1302   3.394509    32.4399       4443    18.5083  0.000e+00
     28.465     8.1313   3.394490    32.4387       4444    18.5125  0.000e+00
     28.408     8.1332   3.394534    32.4375       4445    18.5167  0.000e+00
     28.356     8.1348   3.394509    32.4358       4446    18.5208  0.000e+00
     28.320     8.1353   3.394465    32.4349       4447    18.5250  0.000e+00
     28.287     8.1348   3.394509    32.4358       4448    18.5292  0.000e+00
     28.260     8.1348   3.394534    32.4361       4449    18.5333  0.000e+00
     28.233     8.1355   3.394578    32.4359       4450    18.5375  0.000e+00
     28.212     8.1362   3.394615    32.4357       4451    18.5417  0.000e+00
     28.185     8.1373   3.394721    32.4358       4452    18.5458  0.000e+00
     28.157     8.1392   3.394690    32.4338       4453    18.5500  0.000e+00
     28.130     8.1412   3.394783    32.4329       4454    18.5542  0.000e+00
     28.097     8.1426   3.394908    32.4329       4455    18.5583  0.000e+00
     28.061     8.1439   3.394952    32.4322       4456    18.5625  0.000e+00
     28.019     8.1451   3.395014    32.4318       4457    18.5667  0.000e+00
     27.979     8.1458   3.395014    32.4312       4458    18.5708  0.000e+00
     27.934     8.1461   3.395083    32.4316       4459    18.5750  0.000e+00
     27.895     8.1462   3.395095    32.4317       4460    18.5792  0.000e+00
     27.844     8.1463   3.395077    32.4314       4461    18.5833  0.000e+00
     27.805     8.1463   3.395102    32.4317       4462    18.5875  0.000e+00
     27.747     8.1465   3.395095    32.4315       4463    18.5917  0.000e+00
     27.699     8.1467   3.395158    32.4320       4464    18.5958  0.000e+00
     27.639     8.1471   3.395233    32.4324       4465    18.6000  0.000e+00
     27.581     8.1484   3.395158    32.4305       4466    18.6042  0.000e+00
     27.512     8.1488   3.395264    32.4312       4467    18.6083  0.000e+00
     27.452     8.1493   3.395301    32.4312       4468    18.6125  0.000e+00
     27.379     8.1498   3.395907    32.4372       4469    18.6167  0.000e+00
     27.304     8.1521   3.395956    32.4356       4470    18.6208  0.000e+00
     27.223     8.1547   3.395863    32.4323       4471    18.6250  0.000e+00
     27.144     8.1561   3.395863    32.4310       4472    18.6292  0.000e+00
     27.063     8.1566   3.395869    32.4307       4473    18.6333  0.000e+00
     26.975     8.1574   3.395782    32.4290       4474    18.6375  0.000e+00
     26.894     8.1581   3.395825    32.4289       4475    18.6417  0.000e+00
     26.800     8.1579   3.395694    32.4277       4476    18.6458  0.000e+00
     26.716     8.1579   3.395950    32.4305       4477    18.6500  0.000e+00
     26.653     8.1585   3.396156    32.4321       4478    18.6542  0.000e+00
     26.571     8.1602   3.396443    32.4336       4479    18.6583  0.000e+00
     26.508     8.1630   3.396743    32.4342       4480    18.6625  0.000e+00
     26.454     8.1663   3.396949    32.4334       4481    18.6667  0.000e+00
     26.408     8.1709   3.396992    32.4297       4482    18.6708  0.000e+00
     26.366     8.1746   3.396880    32.4250       4483    18.6750  0.000e+00
     26.327     8.1770   3.396930    32.4234       4484    18.6792  0.000e+00
     26.300     8.1784   3.396699    32.4197       4485    18.6833  0.000e+00
     26.279     8.1784   3.396724    32.4199       4486    18.6875  0.000e+00
     26.252     8.1781   3.396824    32.4213       4487    18.6917  0.000e+00
     26.237     8.1784   3.396967    32.4225       4488    18.6958  0.000e+00
     26.209     8.1796   3.397011    32.4219       4489    18.7000  0.000e+00
     26.176     8.1803   3.396717    32.4181       4490    18.7042  0.000e+00
     26.140     8.1798   3.396761    32.4191       4491    18.7083  0.000e+00
     26.092     8.1795   3.396986    32.4218       4492    18.7125  0.000e+00
     26.037     8.1798   3.396867    32.4202       4493    18.7167  0.000e+00
     25.971     8.1805   3.396992    32.4210       4494    18.7208  0.000e+00
     25.908     8.1815   3.396880    32.4188       4495    18.7250  0.000e+00
     25.835     8.1819   3.396780    32.4175       4496    18.7292  0.000e+00
     25.754     8.1814   3.396698    32.4171       4497    18.7333  0.000e+00
     25.685     8.1805   3.396723    32.4183       4498    18.7375  0.000e+00
     25.615     8.1801   3.396430    32.4156       4499    18.7417  0.000e+00
     25.534     8.1794   3.396093    32.4126       4500    18.7458  0.000e+00
     25.465     8.1766   3.395057    32.4043       4501    18.7500  0.000e+00
     25.398     8.1711   3.395032    32.4091       4502    18.7542  0.000e+00
     25.338     8.1673   3.396031    32.4232       4503    18.7583  0.000e+00
     25.278     8.1684   3.396155    32.4236       4504    18.7625  0.000e+00
     25.223     8.1707   3.396155    32.4215       4505    18.7667  0.000e+00
     25.172     8.1723   3.396074    32.4191       4506    18.7708  0.000e+00
     25.112     8.1734   3.396087    32.4183       4507    18.7750  0.000e+00
     25.060     8.1738   3.396012    32.4172       4508    18.7792  0.000e+00
     25.000     8.1740   3.396074    32.4177       4509    18.7833  0.000e+00
     24.943     8.1746   3.396461    32.4213       4510    18.7875  0.000e+00
     24.880     8.1760   3.396449    32.4198       4511    18.7917  0.000e+00
     24.813     8.1773   3.396386    32.4180       4512    18.7958  0.000e+00
     24.750     8.1779   3.396505    32.4188       4513    18.8000  0.000e+00
     24.680     8.1787   3.396573    32.4188       4514    18.8042  0.000e+00
     24.593     8.1797   3.396555    32.4177       4515    18.8083  0.000e+00
     24.524     8.1807   3.396636    32.4177       4516    18.8125  0.000e+00
     24.445     8.1815   3.396779    32.4184       4517    18.8167  0.000e+00
     24.370     8.1828   3.396948    32.4191       4518    18.8208  0.000e+00
     24.304     8.1844   3.396679    32.4148       4519    18.8250  0.000e+00
     24.246     8.1849   3.396511    32.4126       4520    18.8292  0.000e+00
     24.192     8.1849   3.396592    32.4135       4521    18.8333  0.000e+00
     24.144     8.1850   3.396529    32.4128       4522    18.8375  0.000e+00
