HB2302/sbe103.cnv
* Sea-Bird SBE 19plus V2 Data File:
* FileName = C:\cruise\data\sbe103.hex
* Software Version Seasave V 7.26.7.121
* Temperature SN = 4758
* Conductivity SN = 4758
* System UpLoad Time = Jun 18 2023 01:32:03
* NMEA Latitude = 41 46.13 N
* NMEA Longitude = 065 46.88 W
* NMEA UTC (Time) = Jun 18 2023 01:32:03
** Cruise: HB2302
** Program: Ecomon
** Chief Scientist: Jerry Prezioso
# nquan = 7
# nvalues = 4597                                  
# units = specified
# name 0 = depSM: Depth [salt water, m]
# name 1 = tv290C: Temperature [ITS-90, deg C]
# name 2 = c0S/m: Conductivity [S/m]
# name 3 = sal00: Salinity, Practical [PSU]
# name 4 = scan: Scan Count
# name 5 = timeM: Time, Elapsed [minutes]
# name 6 = flag:  0.000e+00
# span 0 =     -0.206,    134.780                 
# span 1 =     4.4291,    13.1051                 
# span 2 =   0.000089,   4.084920                 
# span 3 =     0.0068,    35.6204                 
# span 4 =         11,       4607                 
# span 5 =     0.0417,    19.1917                 
# span 6 = 0.0000e+00, 0.0000e+00                 
# interval = seconds: 0.25
# start_time = Jun 18 2023 01:32:03 [NMEA time, header]
# bad_flag = -9.990e-29
*END*
[from data line 2257]
     90.582    11.5744   3.931716    34.6906       2268     9.4458  0.000e+00
     90.521    11.5712   3.927733    34.6544       2269     9.4500  0.000e+00
     90.437    11.5631   3.924651    34.6317       2270     9.4542  0.000e+00
     90.364    11.5514   3.923454    34.6308       2271     9.4583  0.000e+00
     90.292    11.5413   3.923124    34.6370       2272     9.4625  0.000e+00
     90.214    11.5355   3.923243    34.6437       2273     9.4667  0.000e+00
     90.153    11.5346   3.923289    34.6451       2274     9.4708  0.000e+00
     90.087    11.5356   3.923197    34.6432       2275     9.4750  0.000e+00
     90.030    11.5378   3.923567    34.6449       2276     9.4792  0.000e+00
     89.978    11.5414   3.923897    34.6447       2277     9.4833  0.000e+00
     89.942    11.5456   3.923851    34.6403       2278     9.4875  0.000e+00
     89.912    11.5492   3.923785    34.6363       2279     9.4917  0.000e+00
     89.873    11.5512   3.923666    34.6333       2280     9.4958  0.000e+00
     89.843    11.5517   3.923785    34.6341       2281     9.5000  0.000e+00
     89.810    11.5521   3.923619    34.6321       2282     9.5042  0.000e+00
     89.782    11.5520   3.923269    34.6287       2283     9.5083  0.000e+00
     89.749    11.5507   3.923355    34.6308       2284     9.5125  0.000e+00
     89.704    11.5502   3.923408    34.6318       2285     9.5167  0.000e+00
     89.662    11.5512   3.923335    34.6302       2286     9.5208  0.000e+00
     89.614    11.5518   3.922608    34.6225       2287     9.5250  0.000e+00
     89.565    11.5506   3.922628    34.6238       2288     9.5292  0.000e+00
     89.508    11.5491   3.921596    34.6151       2289     9.5333  0.000e+00
     89.442    11.5457   3.920605    34.6085       2290     9.5375  0.000e+00
     89.384    11.5412   3.919435    34.6012       2291     9.5417  0.000e+00
     89.327    11.5372   3.918067    34.5915       2292     9.5458  0.000e+00
     89.270    11.5335   3.917062    34.5851       2293     9.5500  0.000e+00
     89.215    11.5298   3.917029    34.5882       2294     9.5542  0.000e+00
     89.158    11.5275   3.916917    34.5893       2295     9.5583  0.000e+00
     89.125    11.5262   3.916917    34.5905       2296     9.5625  0.000e+00
     89.074    11.5263   3.917036    34.5917       2297     9.5667  0.000e+00
     89.043    11.5273   3.917109    34.5915       2298     9.5708  0.000e+00
     89.016    11.5289   3.917274    34.5916       2299     9.5750  0.000e+00
     88.986    11.5312   3.917274    34.5895       2300     9.5792  0.000e+00
     88.947    11.5332   3.917293    34.5878       2301     9.5833  0.000e+00
     88.914    11.5351   3.917340    34.5865       2302     9.5875  0.000e+00
     88.872    11.5365   3.917412    34.5859       2303     9.5917  0.000e+00
     88.820    11.5383   3.917320    34.5833       2304     9.5958  0.000e+00
     88.769    11.5418   3.918185    34.5886       2305     9.6000  0.000e+00
     88.700    11.5509   3.919831    34.5964       2306     9.6042  0.000e+00
     88.624    11.5658   3.921100    34.5950       2307     9.6083  0.000e+00
     88.534    11.5815   3.922276    34.5920       2308     9.6125  0.000e+00
     88.446    11.5952   3.922719    34.5835       2309     9.6167  0.000e+00
     88.365    11.6059   3.922983    34.5761       2310     9.6208  0.000e+00
     88.292    11.6131   3.921734    34.5572       2311     9.6250  0.000e+00
     88.214    11.6146   3.920180    34.5405       2312     9.6292  0.000e+00
     88.157    11.6112   3.919242    34.5345       2313     9.6333  0.000e+00
     88.093    11.6053   3.917854    34.5264       2314     9.6375  0.000e+00
     88.054    11.5976   3.917411    34.5293       2315     9.6417  0.000e+00
     88.021    11.5906   3.916585    34.5277       2316     9.6458  0.000e+00
     87.991    11.5847   3.916024    34.5276       2317     9.6500  0.000e+00
     87.970    11.5793   3.915205    34.5246       2318     9.6542  0.000e+00
     87.952    11.5741   3.915343    34.5309       2319     9.6583  0.000e+00
     87.946    11.5708   3.915462    34.5352       2320     9.6625  0.000e+00
     87.940    11.5697   3.915159    34.5332       2321     9.6667  0.000e+00
     87.931    11.5693   3.915489    34.5368       2322     9.6708  0.000e+00
     87.912    11.5693   3.914828    34.5303       2323     9.6750  0.000e+00
     87.891    11.5674   3.914339    34.5273       2324     9.6792  0.000e+00
     87.855    11.5648   3.913256    34.5190       2325     9.6833  0.000e+00
     87.825    11.5595   3.912298    34.5146       2326     9.6875  0.000e+00
     87.783    11.5531   3.912133    34.5189       2327     9.6917  0.000e+00
     87.735    11.5485   3.911011    34.5122       2328     9.6958  0.000e+00
     87.671    11.5431   3.909043    34.4979       2329     9.7000  0.000e+00
     87.614    11.5345   3.908548    34.5010       2330     9.7042  0.000e+00
     87.554    11.5269   3.907611    34.4989       2331     9.7083  0.000e+00
     87.478    11.5209   3.906977    34.4983       2332     9.7125  0.000e+00
     87.412    11.5159   3.906489    34.4982       2333     9.7167  0.000e+00
     87.348    11.5124   3.906654    34.5031       2334     9.7208  0.000e+00
     87.276    11.5100   3.905855    34.4975       2335     9.7250  0.000e+00
     87.219    11.5075   3.905320    34.4946       2336     9.7292  0.000e+00
     87.158    11.5047   3.905598    34.5000       2337     9.7333  0.000e+00
     87.092    11.5033   3.904852    34.4939       2338     9.7375  0.000e+00
     87.026    11.5012   3.904100    34.4885       2339     9.7417  0.000e+00
     86.974    11.4971   3.903235    34.4838       2340     9.7458  0.000e+00
     86.917    11.4925   3.903169    34.4875       2341     9.7500  0.000e+00
     86.860    11.4890   3.902721    34.4864       2342     9.7542  0.000e+00
     86.809    11.4851   3.899937    34.4626       2343     9.7583  0.000e+00
     86.763    11.4752   3.900669    34.4790       2344     9.7625  0.000e+00
     86.718    11.4705   3.901296    34.4897       2345     9.7667  0.000e+00
     86.676    11.4697   3.900220    34.4798       2346     9.7708  0.000e+00
     86.637    11.4674   3.901184    34.4915       2347     9.7750  0.000e+00
     86.604    11.4667   3.900854    34.4889       2348     9.7792  0.000e+00
     86.564    11.4670   3.899594    34.4761       2349     9.7833  0.000e+00
     86.528    11.4622   3.898789    34.4727       2350     9.7875  0.000e+00
     86.489    11.4562   3.899475    34.4852       2351     9.7917  0.000e+00
     86.444    11.4549   3.899198    34.4837       2352     9.7958  0.000e+00
     86.395    11.4551   3.899152    34.4830       2353     9.8000  0.000e+00
     86.344    11.4529   3.889798    34.3928       2354     9.8042  0.000e+00
     86.296    11.4254   3.874589    34.2684       2355     9.8083  0.000e+00
     86.233    11.3542   3.852616    34.1175       2356     9.8125  0.000e+00
     86.181    11.2470   3.844489    34.1364       2357     9.8167  0.000e+00
     86.130    11.1435   3.843664    34.2243       2358     9.8208  0.000e+00
     86.079    11.0805   3.841068    34.2571       2359     9.8250  0.000e+00
     86.033    11.0425   3.834325    34.2255       2360     9.8292  0.000e+00
     85.988    11.0015   3.834496    34.2655       2361     9.8333  0.000e+00
     85.955    10.9716   3.823713    34.1859       2362     9.8375  0.000e+00
     85.913    10.9290   3.820900    34.1976       2363     9.8417  0.000e+00
     85.883    10.8867   3.817055    34.1987       2364     9.8458  0.000e+00
     85.847    10.8518   3.816375    34.2245       2365     9.8500  0.000e+00
     85.813    10.8299   3.815473    34.2360       2366     9.8542  0.000e+00
     85.774    10.8158   3.814735    34.2418       2367     9.8583  0.000e+00
     85.720    10.8048   3.812120    34.2260       2368     9.8625  0.000e+00
     85.678    10.7914   3.810081    34.2181       2369     9.8667  0.000e+00
     85.629    10.7714   3.799287    34.1288       2370     9.8708  0.000e+00
     85.572    10.7296   3.797427    34.1492       2371     9.8750  0.000e+00
     85.518    10.6944   3.797937    34.1872       2372     9.8792  0.000e+00
     85.448    10.6699   3.790624    34.1368       2373     9.8833  0.000e+00
     85.376    10.6373   3.784002    34.1008       2374     9.8875  0.000e+00
     85.307    10.5952   3.779449    34.0945       2375     9.8917  0.000e+00
     85.240    10.5520   3.775379    34.0939       2376     9.8958  0.000e+00
     85.174    10.5138   3.770381    34.0794       2377     9.9000  0.000e+00
     85.105    10.4765   3.768827    34.0987       2378     9.9042  0.000e+00
     85.044    10.4489   3.767910    34.1153       2379     9.9083  0.000e+00
     84.993    10.4307   3.766115    34.1144       2380     9.9125  0.000e+00
     84.948    10.4149   3.765627    34.1242       2381     9.9167  0.000e+00
     84.912    10.4051   3.764255    34.1195       2382     9.9208  0.000e+00
     84.884    10.3962   3.765400    34.1396       2383     9.9250  0.000e+00
     84.845    10.3926   3.764002    34.1288       2384     9.9292  0.000e+00
     84.836    10.3887   3.763137    34.1237       2385     9.9333  0.000e+00
     84.815    10.3837   3.764405    34.1412       2386     9.9375  0.000e+00
     84.791    10.3824   3.763157    34.1298       2387     9.9417  0.000e+00
     84.767    10.3802   3.762851    34.1289       2388     9.9458  0.000e+00
     84.743    10.3770   3.762578    34.1291       2389     9.9500  0.000e+00
     84.712    10.3741   3.762383    34.1299       2390     9.9542  0.000e+00
     84.676    10.3719   3.762038    34.1284       2391     9.9583  0.000e+00
     84.634    10.3698   3.761421    34.1242       2392     9.9625  0.000e+00
     84.586    10.3661   3.760472    34.1181       2393     9.9667  0.000e+00
     84.528    10.3608   3.759802    34.1163       2394     9.9708  0.000e+00
     84.468    10.3551   3.759867    34.1224       2395     9.9750  0.000e+00
     84.408    10.3523   3.759646    34.1228       2396     9.9792  0.000e+00
     84.335    10.3497   3.758977    34.1185       2397     9.9833  0.000e+00
     84.284    10.3470   3.758730    34.1186       2398     9.9875  0.000e+00
     84.215    10.3439   3.757827    34.1124       2399     9.9917  0.000e+00
     84.158    10.3388   3.756696    34.1057       2400     9.9958  0.000e+00
     84.109    10.3327   3.757379    34.1184       2401    10.0000  0.000e+00
     84.058    10.3303   3.755111    34.0978       2402    10.0042  0.000e+00
     84.013    10.3215   3.754312    34.0980       2403    10.0083  0.000e+00
     83.983    10.3143   3.757522    34.1373       2404    10.0125  0.000e+00
     83.949    10.3193   3.753422    34.0910       2405    10.0167  0.000e+00
     83.928    10.3134   3.752520    34.0875       2406    10.0208  0.000e+00
     83.901    10.3024   3.749741    34.0696       2407    10.0250  0.000e+00
     83.865    10.2868   3.747287    34.0595       2408    10.0292  0.000e+00
     83.832    10.2669   3.740513    34.0096       2409    10.0333  0.000e+00
     83.790    10.2353   3.737077    34.0043       2410    10.0375  0.000e+00
     83.750    10.2011   3.736319    34.0288       2411    10.0417  0.000e+00
     83.705    10.1781   3.735457    34.0417       2412    10.0458  0.000e+00
     83.642    10.1638   3.732378    34.0239       2413    10.0500  0.000e+00
     83.587    10.1472   3.731776    34.0334       2414    10.0542  0.000e+00
     83.536    10.1334   3.731076    34.0392       2415    10.0583  0.000e+00
     83.494    10.1237   3.729832    34.0357       2416    10.0625  0.000e+00
     83.452    10.1150   3.730493    34.0507       2417    10.0667  0.000e+00
     83.422    10.1092   3.723809    33.9882       2418    10.0708  0.000e+00
     83.391    10.0888   3.720023    33.9689       2419    10.0750  0.000e+00
     83.370    10.0587   3.719745    33.9944       2420    10.0792  0.000e+00
     83.343    10.0387   3.719907    34.0148       2421    10.0833  0.000e+00
     83.334    10.0295   3.719583    34.0202       2422    10.0875  0.000e+00
     83.316    10.0247   3.719661    34.0255       2423    10.0917  0.000e+00
     83.298    10.0221   3.719305    34.0243       2424    10.0958  0.000e+00
     83.274    10.0198   3.718930    34.0226       2425    10.1000  0.000e+00
     83.238    10.0167   3.718451    34.0207       2426    10.1042  0.000e+00
     83.198    10.0140   3.717034    34.0089       2427    10.1083  0.000e+00
     83.150    10.0086   3.715786    34.0012       2428    10.1125  0.000e+00
     83.087     9.9982   3.713218    33.9849       2429    10.1167  0.000e+00
     83.033     9.9840   3.701301    33.8768       2430    10.1208  0.000e+00
     82.960     9.9395   3.695154    33.8559       2431    10.1250  0.000e+00
     82.894     9.8821   3.691548    33.8729       2432    10.1292  0.000e+00
     82.833     9.8348   3.685879    33.8595       2433    10.1333  0.000e+00
     82.776     9.7938   3.685576    33.8950       2434    10.1375  0.000e+00
     82.734     9.7650   3.676883    33.8330       2435    10.1417  0.000e+00
     82.683     9.7253   3.672420    33.8247       2436    10.1458  0.000e+00
     82.659     9.6813   3.668475    33.8255       2437    10.1500  0.000e+00
     82.622     9.6434   3.670316    33.8802       2438    10.1542  0.000e+00
     82.598     9.6239   3.670735    33.9028       2439    10.1583  0.000e+00
     82.571     9.6198   3.664325    33.8409       2440    10.1625  0.000e+00
     82.544     9.5986   3.662499    33.8421       2441    10.1667  0.000e+00
     82.505     9.5743   3.658802    33.8269       2442    10.1708  0.000e+00
     82.472     9.5511   3.654438    33.8039       2443    10.1750  0.000e+00
     82.426     9.5178   3.647533    33.7642       2444    10.1792  0.000e+00
     82.381     9.4763   3.646840    33.7962       2445    10.1833  0.000e+00
     82.333     9.4480   3.646776    33.8223       2446    10.1875  0.000e+00
     82.276     9.4331   3.646231    33.8308       2447    10.1917  0.000e+00
     82.224     9.4244   3.644883    33.8251       2448    10.1958  0.000e+00
     82.173     9.4163   3.643310    33.8165       2449    10.2000  0.000e+00
     82.122     9.4056   3.640756    33.8002       2450    10.2042  0.000e+00
     82.092     9.3892   3.641347    33.8219       2451    10.2083  0.000e+00
     82.049     9.3807   3.640769    33.8239       2452    10.2125  0.000e+00
     82.022     9.3759   3.641141    33.8323       2453    10.2167  0.000e+00
     82.004     9.3730   3.639063    33.8136       2454    10.2208  0.000e+00
     81.980     9.3658   3.639672    33.8267       2455    10.2250  0.000e+00
     81.965     9.3618   3.637761    33.8107       2456    10.2292  0.000e+00
     81.953     9.3547   3.637350    33.8132       2457    10.2333  0.000e+00
     81.929     9.3477   3.634529    33.7907       2458    10.2375  0.000e+00
     81.908     9.3363   3.635721    33.8138       2459    10.2417  0.000e+00
     81.896     9.3292   3.634965    33.8127       2460    10.2458  0.000e+00
     81.868     9.3257   3.630176    33.7664       2461    10.2500  0.000e+00
     81.820     9.3072   3.623834    33.7183       2462    10.2542  0.000e+00
     81.787     9.2738   3.621695    33.7277       2463    10.2583  0.000e+00
     81.733     9.2444   3.619493    33.7326       2464    10.2625  0.000e+00
     81.675     9.2169   3.613638    33.6978       2465    10.2667  0.000e+00
     81.624     9.1860   3.614784    33.7390       2466    10.2708  0.000e+00
     81.570     9.1679   3.611381    33.7208       2467    10.2750  0.000e+00
     81.518     9.1459   3.611183    33.7396       2468    10.2792  0.000e+00
     81.479     9.1281   3.602841    33.6697       2469    10.2833  0.000e+00
     81.431     9.0976   3.602611    33.6962       2470    10.2875  0.000e+00
     81.389     9.0676   3.593256    33.6272       2471    10.2917  0.000e+00
