HB2302/sbe154.cnv
* Sea-Bird SBE 19plus V2 Data File:
* FileName = C:\cruise\data\sbe154.hex
* Software Version Seasave V 7.26.7.121
* Temperature SN = 4758
* Conductivity SN = 4758
* System UpLoad Time = Jun 22 2023 10:44:00
* NMEA Latitude = 43 18.36 N
* NMEA Longitude = 070 17.10 W
* NMEA UTC (Time) = Jun 22 2023 10:43:59
** Cruise: HB2302
** Program: Ecomon
** Chief Scientist: Jerry Prezioso
# nquan = 7
# nvalues = 1685                                  
# units = specified
# name 0 = depSM: Depth [salt water, m]
# name 1 = tv290C: Temperature [ITS-90, deg C]
# name 2 = c0S/m: Conductivity [S/m]
# name 3 = sal00: Salinity, Practical [PSU]
# name 4 = scan: Scan Count
# name 5 = timeM: Time, Elapsed [minutes]
# name 6 = flag:  0.000e+00
# span 0 =      0.015,     52.388                 
# span 1 =     7.4135,    15.1838                 
# span 2 =   0.000633,   3.678344                 
# span 3 =     0.0096,    32.2052                 
# span 4 =         11,       1695                 
# span 5 =     0.0417,     7.0583                 
# span 6 = 0.0000e+00, 0.0000e+00                 
# interval = seconds: 0.25
# start_time = Jun 22 2023 10:43:59 [NMEA time, header]
# bad_flag = -9.990e-29
*END*
[from data line 1436]
      6.511    11.1490   3.558817    31.4419       1447     6.0250  0.000e+00
      6.493    11.1890   3.560794    31.4272       1448     6.0292  0.000e+00
      6.466    11.2348   3.562358    31.4035       1449     6.0333  0.000e+00
      6.445    11.2843   3.566391    31.4008       1450     6.0375  0.000e+00
      6.424    11.3445   3.568822    31.3734       1451     6.0417  0.000e+00
      6.412    11.4056   3.571030    31.3430       1452     6.0458  0.000e+00
      6.385    11.4584   3.571870    31.3065       1453     6.0500  0.000e+00
      6.358    11.5251   3.571978    31.2512       1454     6.0542  0.000e+00
      6.321    11.5928   3.572486    31.1991       1455     6.0583  0.000e+00
      6.297    11.6416   3.572021    31.1535       1456     6.0625  0.000e+00
      6.270    11.6744   3.572218    31.1280       1457     6.0667  0.000e+00
      6.237    11.7005   3.573077    31.1144       1458     6.0708  0.000e+00
      6.198    11.7286   3.570549    31.0665       1459     6.0750  0.000e+00
      6.170    11.7705   3.570650    31.0324       1460     6.0792  0.000e+00
      6.128    11.8134   3.570669    30.9969       1461     6.0833  0.000e+00
      6.092    11.8503   3.568370    30.9440       1462     6.0875  0.000e+00
      6.050    11.8868   3.567072    30.9012       1463     6.0917  0.000e+00
      6.002    11.9326   3.565747    30.8506       1464     6.0958  0.000e+00
      5.950    12.0000   3.560874    30.7481       1465     6.1000  0.000e+00
      5.890    12.0942   3.560039    30.6627       1466     6.1042  0.000e+00
      5.830    12.1784   3.558296    30.5772       1467     6.1083  0.000e+00
      5.766    12.2362   3.556801    30.5158       1468     6.1125  0.000e+00
      5.712    12.2782   3.556756    30.4812       1469     6.1167  0.000e+00
      5.643    12.3190   3.556076    30.4416       1470     6.1208  0.000e+00
      5.588    12.3671   3.556406    30.4057       1471     6.1250  0.000e+00
      5.540    12.4212   3.555897    30.3572       1472     6.1292  0.000e+00
      5.495    12.4892   3.555832    30.3017       1473     6.1333  0.000e+00
      5.456    12.5699   3.558196    30.2592       1474     6.1375  0.000e+00
      5.413    12.6624   3.559149    30.1940       1475     6.1417  0.000e+00
      5.392    12.7761   3.556553    30.0788       1476     6.1458  0.000e+00
      5.377    12.8879   3.556158    29.9864       1477     6.1500  0.000e+00
      5.362    12.9629   3.556068    29.9262       1478     6.1542  0.000e+00
      5.353    13.0048   3.555953    29.8921       1479     6.1583  0.000e+00
      5.341    13.0269   3.556131    29.8763       1480     6.1625  0.000e+00
      5.350    13.0381   3.556480    29.8708       1481     6.1667  0.000e+00
      5.347    13.0424   3.556944    29.8717       1482     6.1708  0.000e+00
      5.344    13.0421   3.557008    29.8725       1483     6.1750  0.000e+00
      5.347    13.0377   3.556836    29.8744       1484     6.1792  0.000e+00
      5.341    13.0337   3.557142    29.8804       1485     6.1833  0.000e+00
      5.323    13.0320   3.557186    29.8822       1486     6.1875  0.000e+00
      5.308    13.0309   3.557008    29.8814       1487     6.1917  0.000e+00
      5.290    13.0271   3.557212    29.8863       1488     6.1958  0.000e+00
      5.265    13.0248   3.556970    29.8858       1489     6.2000  0.000e+00
      5.229    13.0298   3.556837    29.8807       1490     6.2042  0.000e+00
      5.187    13.0356   3.556786    29.8757       1491     6.2083  0.000e+00
      5.157    13.0401   3.556684    29.8712       1492     6.2125  0.000e+00
      5.099    13.0441   3.553341    29.8369       1493     6.2167  0.000e+00
      5.045    13.0587   3.549935    29.7937       1494     6.2208  0.000e+00
      4.994    13.0958   3.549738    29.7628       1495     6.2250  0.000e+00
      4.942    13.1414   3.548600    29.7165       1496     6.2292  0.000e+00
      4.897    13.1819   3.548225    29.6814       1497     6.2333  0.000e+00
      4.849    13.2124   3.548663    29.6617       1498     6.2375  0.000e+00
      4.819    13.2339   3.547831    29.6373       1499     6.2417  0.000e+00
      4.789    13.2538   3.545748    29.6025       1500     6.2458  0.000e+00
      4.768    13.2823   3.542459    29.5499       1501     6.2500  0.000e+00
      4.752    13.3222   3.541519    29.5103       1502     6.2542  0.000e+00
      4.737    13.3545   3.541322    29.4835       1503     6.2583  0.000e+00
      4.725    13.3752   3.541455    29.4688       1504     6.2625  0.000e+00
      4.722    13.3871   3.541868    29.4634       1505     6.2667  0.000e+00
      4.719    13.3946   3.542591    29.4643       1506     6.2708  0.000e+00
      4.716    13.3993   3.542331    29.4583       1507     6.2750  0.000e+00
      4.707    13.4002   3.541537    29.4502       1508     6.2792  0.000e+00
      4.695    13.3974   3.541233    29.4495       1509     6.2833  0.000e+00
      4.671    13.3945   3.542217    29.4609       1510     6.2875  0.000e+00
      4.644    13.4061   3.531079    29.3492       1511     6.2917  0.000e+00
      4.620    13.4390   3.530159    29.3155       1512     6.2958  0.000e+00
      4.581    13.4736   3.529024    29.2785       1513     6.3000  0.000e+00
      4.541    13.5036   3.529157    29.2568       1514     6.3042  0.000e+00
      4.505    13.5281   3.510298    29.0648       1515     6.3083  0.000e+00
      4.463    13.5479   3.490052    28.8640       1516     6.3125  0.000e+00
      4.421    13.5654   3.489042    28.8416       1517     6.3167  0.000e+00
      4.393    13.5778   3.486784    28.8115       1518     6.3208  0.000e+00
      4.372    13.5867   3.486658    28.8037       1519     6.3250  0.000e+00
      4.360    13.5956   3.486840    28.7987       1520     6.3292  0.000e+00
      4.360    13.6022   3.486853    28.7938       1521     6.3333  0.000e+00
      4.351    13.6060   3.486657    28.7892       1522     6.3375  0.000e+00
      4.351    13.6074   3.486765    28.7891       1523     6.3417  0.000e+00
      4.348    13.6079   3.487282    28.7935       1524     6.3458  0.000e+00
      4.342    13.6099   3.487282    28.7920       1525     6.3500  0.000e+00
      4.336    13.6112   3.486638    28.7851       1526     6.3542  0.000e+00
      4.324    13.6094   3.486569    28.7859       1527     6.3583  0.000e+00
      4.297    13.6069   3.486765    28.7895       1528     6.3625  0.000e+00
      4.264    13.6051   3.487219    28.7950       1529     6.3667  0.000e+00
      4.233    13.6072   3.479363    28.7216       1530     6.3708  0.000e+00
      4.200    13.6190   3.474052    28.6642       1531     6.3750  0.000e+00
      4.155    13.6446   3.470437    28.6119       1532     6.3792  0.000e+00
      4.122    13.6798   3.465244    28.5383       1533     6.3833  0.000e+00
      4.079    13.7314   3.457150    28.4262       1534     6.3875  0.000e+00
      4.046    13.7938   3.451425    28.3280       1535     6.3917  0.000e+00
      4.019    13.8463   3.451009    28.2856       1536     6.3958  0.000e+00
      3.986    13.8817   3.449966    28.2500       1537     6.4000  0.000e+00
      3.971    13.9108   3.450456    28.2332       1538     6.4042  0.000e+00
      3.950    13.9336   3.449984    28.2122       1539     6.4083  0.000e+00
      3.928    13.9496   3.450682    28.2068       1540     6.4125  0.000e+00
      3.916    13.9576   3.450198    28.1965       1541     6.4167  0.000e+00
      3.898    13.9570   3.449840    28.1937       1542     6.4208  0.000e+00
      3.886    13.9523   3.450028    28.1989       1543     6.4250  0.000e+00
      3.877    13.9479   3.449884    28.2008       1544     6.4292  0.000e+00
      3.868    13.9447   3.449432    28.1991       1545     6.4333  0.000e+00
      3.853    13.9397   3.449714    28.2052       1546     6.4375  0.000e+00
      3.844    13.9339   3.450945    28.2207       1547     6.4417  0.000e+00
      3.829    13.9292   3.451046    28.2251       1548     6.4458  0.000e+00
      3.808    13.9331   3.450091    28.2135       1549     6.4500  0.000e+00
      3.786    13.9443   3.449859    28.2032       1550     6.4542  0.000e+00
      3.750    13.9543   3.450009    28.1973       1551     6.4583  0.000e+00
      3.720    13.9594   3.449840    28.1920       1552     6.4625  0.000e+00
      3.675    13.9659   3.442230    28.1184       1553     6.4667  0.000e+00
      3.627    13.9979   3.435800    28.0370       1554     6.4708  0.000e+00
      3.578    14.0634   3.434213    27.9751       1555     6.4750  0.000e+00
      3.530    14.1396   3.433880    27.9169       1556     6.4792  0.000e+00
      3.482    14.2053   3.433854    27.8693       1557     6.4833  0.000e+00
      3.436    14.2502   3.433941    27.8378       1558     6.4875  0.000e+00
      3.406    14.2765   3.434079    27.8201       1559     6.4917  0.000e+00
      3.388    14.2918   3.434022    27.8086       1560     6.4958  0.000e+00
      3.373    14.3000   3.434085    27.8033       1561     6.5000  0.000e+00
      3.370    14.3040   3.434129    27.8008       1562     6.5042  0.000e+00
      3.367    14.3065   3.434141    27.7991       1563     6.5083  0.000e+00
      3.373    14.3081   3.434022    27.7969       1564     6.5125  0.000e+00
      3.376    14.3085   3.434085    27.7972       1565     6.5167  0.000e+00
      3.382    14.3068   3.434317    27.8005       1566     6.5208  0.000e+00
      3.382    14.3025   3.434455    27.8048       1567     6.5250  0.000e+00
      3.388    14.2943   3.434743    27.8133       1568     6.5292  0.000e+00
      3.388    14.2799   3.434781    27.8240       1569     6.5333  0.000e+00
      3.382    14.2687   3.434549    27.8300       1570     6.5375  0.000e+00
      3.367    14.2647   3.434386    27.8314       1571     6.5417  0.000e+00
      3.346    14.2671   3.434236    27.8283       1572     6.5458  0.000e+00
      3.330    14.2736   3.434405    27.8251       1573     6.5500  0.000e+00
      3.312    14.2837   3.434405    27.8179       1574     6.5542  0.000e+00
      3.285    14.2971   3.434129    27.8058       1575     6.5583  0.000e+00
      3.261    14.3085   3.433608    27.7929       1576     6.5625  0.000e+00
      3.225    14.3166   3.432442    27.7767       1577     6.5667  0.000e+00
      3.192    14.3245   3.431408    27.7617       1578     6.5708  0.000e+00
      3.146    14.3335   3.431427    27.7555       1579     6.5750  0.000e+00
      3.110    14.3437   3.431834    27.7519       1580     6.5792  0.000e+00
      3.056    14.3563   3.430818    27.7338       1581     6.5833  0.000e+00
      3.016    14.3814   3.427654    27.6875       1582     6.5875  0.000e+00
      2.968    14.4303   3.427146    27.6481       1583     6.5917  0.000e+00
      2.929    14.4787   3.424183    27.5873       1584     6.5958  0.000e+00
      2.883    14.5254   3.420100    27.5178       1585     6.6000  0.000e+00
      2.844    14.5697   3.417540    27.4636       1586     6.6042  0.000e+00
      2.805    14.6113   3.416838    27.4281       1587     6.6083  0.000e+00
      2.775    14.6520   3.413466    27.3695       1588     6.6125  0.000e+00
      2.754    14.6899   3.412921    27.3381       1589     6.6167  0.000e+00
      2.747    14.7207   3.413340    27.3202       1590     6.6208  0.000e+00
      2.754    14.7403   3.412902    27.3026       1591     6.6250  0.000e+00
      2.762    14.7478   3.415836    27.3233       1592     6.6292  0.000e+00
      2.787    14.7401   3.416630    27.3357       1593     6.6333  0.000e+00
      2.814    14.7248   3.417275    27.3521       1594     6.6375  0.000e+00
      2.841    14.7114   3.417770    27.3659       1595     6.6417  0.000e+00
      2.868    14.7003   3.417707    27.3731       1596     6.6458  0.000e+00
      2.883    14.6946   3.417601    27.3762       1597     6.6500  0.000e+00
      2.895    14.6917   3.417651    27.3787       1598     6.6542  0.000e+00
      2.886    14.6903   3.416988    27.3738       1599     6.6583  0.000e+00
      2.871    14.6942   3.416988    27.3710       1600     6.6625  0.000e+00
      2.844    14.7021   3.417344    27.3687       1601     6.6667  0.000e+00
      2.816    14.7113   3.411683    27.3120       1602     6.6708  0.000e+00
      2.765    14.7315   3.403919    27.2291       1603     6.6750  0.000e+00
      2.717    14.7658   3.399497    27.1661       1604     6.6792  0.000e+00
      2.675    14.8040   3.396093    27.1094       1605     6.6833  0.000e+00
      2.611    14.8353   3.383537    26.9769       1606     6.6875  0.000e+00
      2.569    14.8622   3.374459    26.8782       1607     6.6917  0.000e+00
      2.509    14.9015   3.372516    26.8342       1608     6.6958  0.000e+00
      2.454    14.9491   3.372229    26.7990       1609     6.7000  0.000e+00
      2.403    14.9863   3.371694    26.7689       1610     6.7042  0.000e+00
      2.364    15.0152   3.371830    26.7504       1611     6.7083  0.000e+00
      2.330    15.0373   3.372652    26.7425       1612     6.7125  0.000e+00
      2.318    15.0534   3.374021    26.7436       1613     6.7167  0.000e+00
      2.306    15.0699   3.373716    26.7296       1614     6.7208  0.000e+00
      2.303    15.0843   3.373348    26.7166       1615     6.7250  0.000e+00
      2.303    15.0921   3.373423    26.7119       1616     6.7292  0.000e+00
      2.309    15.0960   3.373691    26.7116       1617     6.7333  0.000e+00
      2.330    15.0984   3.373193    26.7056       1618     6.7375  0.000e+00
      2.336    15.0989   3.372844    26.7022       1619     6.7417  0.000e+00
      2.357    15.0984   3.372433    26.6990       1620     6.7458  0.000e+00
      2.384    15.0978   3.372471    26.6997       1621     6.7500  0.000e+00
      2.402    15.0984   3.372471    26.6993       1622     6.7542  0.000e+00
      2.426    15.0993   3.372390    26.6979       1623     6.7583  0.000e+00
      2.450    15.0994   3.372265    26.6968       1624     6.7625  0.000e+00
      2.462    15.1000   3.372346    26.6970       1625     6.7667  0.000e+00
      2.471    15.1012   3.372576    26.6983       1626     6.7708  0.000e+00
      2.477    15.1021   3.372863    26.7001       1627     6.7750  0.000e+00
      2.468    15.1033   3.373697    26.7067       1628     6.7792  0.000e+00
      2.444    15.1047   3.373280    26.7020       1629     6.7833  0.000e+00
      2.411    15.1055   3.372782    26.6971       1630     6.7875  0.000e+00
      2.378    15.1060   3.371979    26.6898       1631     6.7917  0.000e+00
      2.332    15.1071   3.371437    26.6843       1632     6.7958  0.000e+00
      2.287    15.1086   3.370995    26.6794       1633     6.8000  0.000e+00
      2.230    15.1113   3.370653    26.6746       1634     6.8042  0.000e+00
      2.181    15.1154   3.370136    26.6673       1635     6.8083  0.000e+00
      2.130    15.1206   3.370018    26.6628       1636     6.8125  0.000e+00
      2.079    15.1242   3.369887    26.6592       1637     6.8167  0.000e+00
      2.027    15.1284   3.371474    26.6703       1638     6.8208  0.000e+00
      1.988    15.1440   3.372289    26.6668       1639     6.8250  0.000e+00
      1.952    15.1666   3.372843    26.6563       1640     6.8292  0.000e+00
      1.931    15.1830   3.365674    26.5825       1641     6.8333  0.000e+00
      1.928    15.1838   3.341629    26.3719       1642     6.8375  0.000e+00
      1.915    15.1422   3.343460    26.4159       1643     6.8417  0.000e+00
      1.918    15.1106   3.348673    26.4827       1644     6.8458  0.000e+00
      1.927    15.1017   3.340966    26.4213       1645     6.8500  0.000e+00
      1.939    15.0866   3.340501    26.4274       1646     6.8542  0.000e+00
      1.954    15.0715   3.337370    26.4101       1647     6.8583  0.000e+00
      1.972    15.0587   3.336868    26.4144       1648     6.8625  0.000e+00
      1.981    15.0495   3.335827    26.4115       1649     6.8667  0.000e+00
      1.978    15.0429   3.331867    26.3812       1650     6.8708  0.000e+00
      1.969    15.0324   3.326924    26.3450       1651     6.8750  0.000e+00
