HB2302/sbe151.cnv
* Sea-Bird SBE 19plus V2 Data File:
* FileName = C:\cruise\data\sbe151.hex
* Software Version Seasave V 7.26.7.121
* Temperature SN = 4758
* Conductivity SN = 4758
* System UpLoad Time = Jun 22 2023 04:32:45
* NMEA Latitude = 42 57.08 N
* NMEA Longitude = 069 43.44 W
* NMEA UTC (Time) = Jun 22 2023 04:32:45
** Cruise: HB2302
** Program: Ecomon
** Chief Scientist: Jerry Prezioso
# nquan = 7
# nvalues = 2887                                  
# units = specified
# name 0 = depSM: Depth [salt water, m]
# name 1 = tv290C: Temperature [ITS-90, deg C]
# name 2 = c0S/m: Conductivity [S/m]
# name 3 = sal00: Salinity, Practical [PSU]
# name 4 = scan: Scan Count
# name 5 = timeM: Time, Elapsed [minutes]
# name 6 = flag:  0.000e+00
# span 0 =      2.475,    175.911                 
# span 1 =     5.8225,    15.2763                 
# span 2 =   3.183181,   3.936220                 
# span 3 =    31.2579,    33.7469                 
# span 4 =         11,       2897                 
# span 5 =     0.0417,    12.0667                 
# span 6 = 0.0000e+00, 0.0000e+00                 
# interval = seconds: 0.25
# start_time = Jun 22 2023 04:32:45 [NMEA time, header]
# bad_flag = -9.990e-29
*END*
[from data line 2462]
     37.298     7.1452   3.251292    31.8101       2473    10.3000  0.000e+00
     37.271     7.1453   3.251304    31.8101       2474    10.3042  0.000e+00
     37.235     7.1452   3.251316    31.8103       2475    10.3083  0.000e+00
     37.205     7.1457   3.251353    31.8103       2476    10.3125  0.000e+00
     37.180     7.1462   3.251353    31.8098       2477    10.3167  0.000e+00
     37.141     7.1466   3.251384    31.8098       2478    10.3208  0.000e+00
     37.114     7.1471   3.251396    31.8095       2479    10.3250  0.000e+00
     37.072     7.1473   3.251396    31.8093       2480    10.3292  0.000e+00
     37.030     7.1476   3.251402    31.8091       2481    10.3333  0.000e+00
     36.972     7.1479   3.251482    31.8097       2482    10.3375  0.000e+00
     36.912     7.1485   3.251562    31.8101       2483    10.3417  0.000e+00
     36.843     7.1496   3.251580    31.8093       2484    10.3458  0.000e+00
     36.761     7.1503   3.251604    31.8089       2485    10.3500  0.000e+00
     36.668     7.1508   3.251733    31.8100       2486    10.3542  0.000e+00
     36.574     7.1520   3.251660    31.8081       2487    10.3583  0.000e+00
     36.469     7.1526   3.251690    31.8079       2488    10.3625  0.000e+00
     36.360     7.1531   3.251709    31.8077       2489    10.3667  0.000e+00
     36.246     7.1537   3.251776    31.8079       2490    10.3708  0.000e+00
     36.113     7.1547   3.251874    31.8081       2491    10.3750  0.000e+00
     35.999     7.1563   3.251874    31.8067       2492    10.3792  0.000e+00
     35.878     7.1577   3.251917    31.8059       2493    10.3833  0.000e+00
     35.757     7.1589   3.251954    31.8053       2494    10.3875  0.000e+00
     35.643     7.1597   3.251942    31.8045       2495    10.3917  0.000e+00
     35.525     7.1602   3.251960    31.8042       2496    10.3958  0.000e+00
     35.417     7.1606   3.251917    31.8035       2497    10.4000  0.000e+00
     35.320     7.1609   3.251837    31.8023       2498    10.4042  0.000e+00
     35.227     7.1611   3.251733    31.8011       2499    10.4083  0.000e+00
     35.136     7.1609   3.251579    31.7997       2500    10.4125  0.000e+00
     35.058     7.1605   3.251456    31.7987       2501    10.4167  0.000e+00
     34.986     7.1601   3.251481    31.7994       2502    10.4208  0.000e+00
     34.916     7.1599   3.251401    31.7987       2503    10.4250  0.000e+00
     34.850     7.1596   3.251377    31.7988       2504    10.4292  0.000e+00
     34.787     7.1591   3.251272    31.7981       2505    10.4333  0.000e+00
     34.724     7.1588   3.250812    31.7935       2506    10.4375  0.000e+00
     34.660     7.1575   3.250689    31.7934       2507    10.4417  0.000e+00
     34.588     7.1562   3.250438    31.7918       2508    10.4458  0.000e+00
     34.515     7.1548   3.250333    31.7921       2509    10.4500  0.000e+00
     34.449     7.1535   3.250229    31.7921       2510    10.4542  0.000e+00
     34.380     7.1529   3.250229    31.7928       2511    10.4583  0.000e+00
     34.301     7.1523   3.250229    31.7934       2512    10.4625  0.000e+00
     34.214     7.1523   3.250290    31.7941       2513    10.4667  0.000e+00
     34.130     7.1528   3.250309    31.7938       2514    10.4708  0.000e+00
     34.036     7.1534   3.250247    31.7926       2515    10.4750  0.000e+00
     33.949     7.1538   3.250149    31.7912       2516    10.4792  0.000e+00
     33.858     7.1543   3.250082    31.7902       2517    10.4833  0.000e+00
     33.768     7.1549   3.250167    31.7905       2518    10.4875  0.000e+00
     33.677     7.1562   3.250272    31.7905       2519    10.4917  0.000e+00
     33.587     7.1581   3.250253    31.7886       2520    10.4958  0.000e+00
     33.496     7.1594   3.250229    31.7871       2521    10.5000  0.000e+00
     33.415     7.1606   3.250186    31.7856       2522    10.5042  0.000e+00
     33.331     7.1617   3.250253    31.7854       2523    10.5083  0.000e+00
     33.246     7.1628   3.250247    31.7844       2524    10.5125  0.000e+00
     33.171     7.1640   3.250271    31.7835       2525    10.5167  0.000e+00
     33.093     7.1652   3.250290    31.7827       2526    10.5208  0.000e+00
     33.014     7.1661   3.250412    31.7832       2527    10.5250  0.000e+00
     32.936     7.1674   3.250689    31.7851       2528    10.5292  0.000e+00
     32.851     7.1697   3.250885    31.7851       2529    10.5333  0.000e+00
     32.779     7.1726   3.251351    31.7875       2530    10.5375  0.000e+00
     32.697     7.1760   3.251480    31.7859       2531    10.5417  0.000e+00
     32.613     7.1794   3.251228    31.7800       2532    10.5458  0.000e+00
     32.538     7.1808   3.250148    31.7671       2533    10.5500  0.000e+00
     32.450     7.1789   3.249664    31.7636       2534    10.5542  0.000e+00
     32.366     7.1775   3.250437    31.7733       2535    10.5583  0.000e+00
     32.284     7.1816   3.250584    31.7711       2536    10.5625  0.000e+00
     32.188     7.1872   3.251105    31.7717       2537    10.5667  0.000e+00
     32.094     7.1937   3.251480    31.7698       2538    10.5708  0.000e+00
     32.007     7.2000   3.251400    31.7632       2539    10.5750  0.000e+00
     31.910     7.2047   3.250166    31.7456       2540    10.5792  0.000e+00
     31.820     7.2057   3.249620    31.7388       2541    10.5833  0.000e+00
     31.736     7.2061   3.250946    31.7528       2542    10.5875  0.000e+00
     31.645     7.2108   3.246767    31.7033       2543    10.5917  0.000e+00
     31.561     7.2067   3.244578    31.6835       2544    10.5958  0.000e+00
     31.488     7.1946   3.245620    31.7058       2545    10.6000  0.000e+00
     31.410     7.1886   3.246191    31.7175       2546    10.6042  0.000e+00
     31.347     7.1881   3.246350    31.7197       2547    10.6083  0.000e+00
     31.275     7.1894   3.246473    31.7200       2548    10.6125  0.000e+00
     31.217     7.1909   3.246074    31.7143       2549    10.6167  0.000e+00
     31.157     7.1901   3.243082    31.6827       2550    10.6208  0.000e+00
     31.085     7.1808   3.242873    31.6890       2551    10.6250  0.000e+00
     31.015     7.1711   3.242536    31.6943       2552    10.6292  0.000e+00
     30.940     7.1641   3.241604    31.6906       2553    10.6333  0.000e+00
     30.865     7.1577   3.239778    31.6768       2554    10.6375  0.000e+00
     30.771     7.1512   3.240360    31.6890       2555    10.6417  0.000e+00
     30.681     7.1511   3.241647    31.7032       2556    10.6458  0.000e+00
     30.578     7.1584   3.243499    31.7165       2557    10.6500  0.000e+00
     30.470     7.1711   3.245099    31.7223       2558    10.6542  0.000e+00
     30.361     7.1869   3.246467    31.7226       2559    10.6583  0.000e+00
     30.253     7.2031   3.246871    31.7121       2560    10.6625  0.000e+00
     30.132     7.2157   3.248264    31.7157       2561    10.6667  0.000e+00
     30.032     7.2301   3.251350    31.7360       2562    10.6708  0.000e+00
     29.921     7.2544   3.251896    31.7196       2563    10.6750  0.000e+00
     29.824     7.2776   3.252209    31.7017       2564    10.6792  0.000e+00
     29.728     7.2944   3.252270    31.6870       2565    10.6833  0.000e+00
     29.641     7.3064   3.254173    31.6966       2566    10.6875  0.000e+00
     29.574     7.3201   3.258367    31.7294       2567    10.6917  0.000e+00
     29.499     7.3454   3.264732    31.7749       2568    10.6958  0.000e+00
     29.439     7.3872   3.266220    31.7526       2569    10.7000  0.000e+00
     29.390     7.4246   3.267000    31.7268       2570    10.7042  0.000e+00
     29.321     7.4502   3.267375    31.7074       2571    10.7083  0.000e+00
     29.267     7.4651   3.266637    31.6858       2572    10.7125  0.000e+00
     29.209     7.4701   3.267756    31.6933       2573    10.7167  0.000e+00
     29.146     7.4763   3.267879    31.6890       2574    10.7208  0.000e+00
     29.074     7.4818   3.267676    31.6819       2575    10.7250  0.000e+00
     28.995     7.4849   3.267565    31.6779       2576    10.7292  0.000e+00
     28.902     7.4862   3.267577    31.6769       2577    10.7333  0.000e+00
     28.799     7.4867   3.267399    31.6745       2578    10.7375  0.000e+00
     28.700     7.4864   3.266932    31.6699       2579    10.7417  0.000e+00
     28.600     7.4846   3.266716    31.6692       2580    10.7458  0.000e+00
     28.483     7.4826   3.266661    31.6705       2581    10.7500  0.000e+00
     28.374     7.4809   3.266452    31.6699       2582    10.7542  0.000e+00
     28.266     7.4794   3.265763    31.6639       2583    10.7583  0.000e+00
     28.157     7.4778   3.266870    31.6773       2584    10.7625  0.000e+00
     28.055     7.4816   3.268383    31.6902       2585    10.7667  0.000e+00
     27.970     7.4914   3.269809    31.6965       2586    10.7708  0.000e+00
     27.886     7.5046   3.273611    31.7253       2587    10.7750  0.000e+00
     27.817     7.5271   3.278135    31.7534       2588    10.7792  0.000e+00
     27.747     7.5586   3.278596    31.7296       2589    10.7833  0.000e+00
     27.696     7.5844   3.278491    31.7050       2590    10.7875  0.000e+00
     27.648     7.5991   3.279520    31.7025       2591    10.7917  0.000e+00
     27.606     7.6120   3.283468    31.7331       2592    10.7958  0.000e+00
     27.566     7.6337   3.284484    31.7242       2593    10.8000  0.000e+00
     27.530     7.6550   3.285408    31.7147       2594    10.8042  0.000e+00
     27.491     7.6727   3.287226    31.7180       2595    10.8083  0.000e+00
     27.446     7.6902   3.290185    31.7338       2596    10.8125  0.000e+00
     27.400     7.7129   3.292916    31.7423       2597    10.8167  0.000e+00
     27.337     7.7395   3.294248    31.7323       2598    10.8208  0.000e+00
     27.271     7.7684   3.297148    31.7370       2599    10.8250  0.000e+00
     27.192     7.8046   3.301054    31.7458       2600    10.8292  0.000e+00
     27.096     7.8469   3.304240    31.7413       2601    10.8333  0.000e+00
     26.993     7.8888   3.306747    31.7299       2602    10.8375  0.000e+00
     26.879     7.9262   3.307939    31.7087       2603    10.8417  0.000e+00
     26.755     7.9548   3.307920    31.6826       2604    10.8458  0.000e+00
     26.622     7.9716   3.308173    31.6701       2605    10.8500  0.000e+00
     26.484     7.9819   3.309131    31.6710       2606    10.8542  0.000e+00
     26.339     7.9903   3.309131    31.6635       2607    10.8583  0.000e+00
     26.194     7.9962   3.309718    31.6644       2608    10.8625  0.000e+00
     26.056     8.0010   3.310342    31.6667       2609    10.8667  0.000e+00
     25.920     8.0067   3.311133    31.6701       2610    10.8708  0.000e+00
     25.784     8.0139   3.317105    31.7269       2611    10.8750  0.000e+00
     25.661     8.0411   3.331058    31.8502       2612    10.8792  0.000e+00
     25.546     8.1156   3.337819    31.8542       2613    10.8833  0.000e+00
     25.450     8.2015   3.338829    31.7870       2614    10.8875  0.000e+00
     25.356     8.2652   3.343995    31.7839       2615    10.8917  0.000e+00
     25.287     8.3194   3.350189    31.8002       2616    10.8958  0.000e+00
     25.227     8.3790   3.352647    31.7722       2617    10.9000  0.000e+00
     25.172     8.4299   3.354150    31.7421       2618    10.9042  0.000e+00
     25.139     8.4668   3.355386    31.7219       2619    10.9083  0.000e+00
     25.118     8.4935   3.355392    31.6979       2620    10.9125  0.000e+00
     25.100     8.5090   3.354808    31.6780       2621    10.9167  0.000e+00
     25.082     8.5152   3.355025    31.6746       2622    10.9208  0.000e+00
     25.061     8.5177   3.354192    31.6637       2623    10.9250  0.000e+00
     25.031     8.5169   3.358617    31.7107       2624    10.9292  0.000e+00
     25.003     8.5324   3.362956    31.7423       2625    10.9333  0.000e+00
     24.961     8.5628   3.358983    31.6734       2626    10.9375  0.000e+00
     24.904     8.5742   3.361370    31.6882       2627    10.9417  0.000e+00
     24.838     8.5826   3.366687    31.7363       2628    10.9458  0.000e+00
     24.756     8.6149   3.380072    31.8472       2629    10.9500  0.000e+00
     24.666     8.6843   3.381411    31.7987       2630    10.9542  0.000e+00
     24.557     8.7490   3.381348    31.7401       2631    10.9583  0.000e+00
     24.440     8.7885   3.394563    31.8423       2632    10.9625  0.000e+00
     24.325     8.8548   3.401524    31.8551       2633    10.9667  0.000e+00
     24.201     8.9388   3.403259    31.7979       2634    10.9708  0.000e+00
     24.075     9.0044   3.405271    31.7602       2635    10.9750  0.000e+00
     23.945     9.0504   3.406707    31.7340       2636    10.9792  0.000e+00
     23.818     9.0828   3.407651    31.7149       2637    10.9833  0.000e+00
     23.692     9.1055   3.408488    31.7034       2638    10.9875  0.000e+00
     23.589     9.1209   3.408844    31.6934       2639    10.9917  0.000e+00
     23.478     9.1319   3.409713    31.6927       2640    10.9958  0.000e+00
     23.369     9.1412   3.410182    31.6893       2641    11.0000  0.000e+00
     23.267     9.1490   3.410557    31.6863       2642    11.0042  0.000e+00
     23.167     9.1554   3.410788    31.6830       2643    11.0083  0.000e+00
     23.071     9.1603   3.410919    31.6801       2644    11.0125  0.000e+00
     22.983     9.1640   3.411063    31.6783       2645    11.0167  0.000e+00
     22.887     9.1665   3.411588    31.6815       2646    11.0208  0.000e+00
     22.812     9.1700   3.412689    31.6898       2647    11.0250  0.000e+00
     22.736     9.1763   3.413996    31.6977       2648    11.0292  0.000e+00
     22.664     9.1868   3.415485    31.7038       2649    11.0333  0.000e+00
     22.595     9.2002   3.416530    31.7026       2650    11.0375  0.000e+00
     22.531     9.2138   3.417017    31.6956       2651    11.0417  0.000e+00
     22.465     9.2246   3.417962    31.6957       2652    11.0458  0.000e+00
     22.414     9.2350   3.418425    31.6913       2653    11.0500  0.000e+00
     22.359     9.2437   3.419264    31.6922       2654    11.0542  0.000e+00
     22.296     9.2528   3.420941    31.7015       2655    11.0583  0.000e+00
     22.239     9.2656   3.422393    31.7050       2656    11.0625  0.000e+00
     22.175     9.2812   3.423884    31.7065       2657    11.0667  0.000e+00
     22.112     9.2981   3.425199    31.7051       2658    11.0708  0.000e+00
     22.034     9.3156   3.430543    31.7444       2659    11.0750  0.000e+00
     21.952     9.3451   3.432943    31.7430       2660    11.0792  0.000e+00
     21.859     9.3784   3.434234    31.7267       2661    11.0833  0.000e+00
     21.756     9.4061   3.436936    31.7299       2662    11.0875  0.000e+00
     21.648     9.4337   3.441716    31.7545       2663    11.0917  0.000e+00
     21.530     9.4691   3.447309    31.7803       2664    11.0958  0.000e+00
     21.410     9.5158   3.450253    31.7691       2665    11.1000  0.000e+00
     21.277     9.5610   3.452998    31.7571       2666    11.1042  0.000e+00
     21.144     9.6015   3.456630    31.7585       2667    11.1083  0.000e+00
     21.012     9.6415   3.459503    31.7524       2668    11.1125  0.000e+00
     20.870     9.6799   3.461055    31.7344       2669    11.1167  0.000e+00
     20.740     9.7111   3.462608    31.7228       2670    11.1208  0.000e+00
     20.616     9.7361   3.466043    31.7357       2671    11.1250  0.000e+00
     20.496     9.7643   3.467924    31.7300       2672    11.1292  0.000e+00
     20.384     9.7925   3.467471    31.7006       2673    11.1333  0.000e+00
     20.279     9.8116   3.466917    31.6782       2674    11.1375  0.000e+00
     20.191     9.8222   3.467068    31.6705       2675    11.1417  0.000e+00
     20.101     9.8286   3.466835    31.6625       2676    11.1458  0.000e+00
