HB2302/sbe157.cnv
* Sea-Bird SBE 19plus V2 Data File:
* FileName = C:\cruise\data\sbe157.hex
* Software Version Seasave V 7.26.7.121
* Temperature SN = 4758
* Conductivity SN = 4758
* System UpLoad Time = Jun 22 2023 18:59:12
* NMEA Latitude = 42 33.95 N
* NMEA Longitude = 070 20.33 W
* NMEA UTC (Time) = Jun 22 2023 18:59:11
** Cruise: HB2302
** Program: Ecomon
** Chief Scientist: Jerry Prezioso
# nquan = 7
# nvalues = 2783                                  
# units = specified
# name 0 = depSM: Depth [salt water, m]
# name 1 = tv290C: Temperature [ITS-90, deg C]
# name 2 = c0S/m: Conductivity [S/m]
# name 3 = sal00: Salinity, Practical [PSU]
# name 4 = scan: Scan Count
# name 5 = timeM: Time, Elapsed [minutes]
# name 6 = flag:  0.000e+00
# span 0 =     -0.002,    105.654                 
# span 1 =     6.1082,    19.7465                 
# span 2 =   0.000322,   4.102368                 
# span 3 =     0.0103,    32.1401                 
# span 4 =         11,       2793                 
# span 5 =     0.0417,    11.6333                 
# span 6 = 0.0000e+00, 0.0000e+00                 
# interval = seconds: 0.25
# start_time = Jun 22 2023 18:59:11 [NMEA time, header]
# bad_flag = -9.990e-29
*END*
[from data line 206]
      0.020    18.5824   0.014229     0.0792        217     0.9000  0.000e+00
      0.017    18.5855   0.014283     0.0795        218     0.9042  0.000e+00
      0.020    18.5882   0.014394     0.0801        219     0.9083  0.000e+00
      0.008    18.5922   0.013781     0.0768        220     0.9125  0.000e+00
      0.014    18.5964   0.013492     0.0753        221     0.9167  0.000e+00
      0.011    18.5901   0.013588     0.0758        222     0.9208  0.000e+00
      0.020    18.5762   0.013453     0.0751        223     0.9250  0.000e+00
      0.020    18.5618   0.012999     0.0727        224     0.9292  0.000e+00
      0.014    18.5590   0.012364     0.0694        225     0.9333  0.000e+00
      0.017    18.5646   0.012106     0.0680        226     0.9375  0.000e+00
      0.159    18.5729   2.498790    17.6099        227     0.9417  0.000e+00
      0.398    18.5815   3.215939    23.2367        228     0.9458  0.000e+00
      0.637    18.5765   2.669201    18.9297        229     0.9500  0.000e+00
      0.879    18.5559   3.263578    23.6316        230     0.9542  0.000e+00
      1.075    18.5134   3.796602    27.9707        231     0.9583  0.000e+00
      1.235    18.4390   3.218967    23.3409        232     0.9625  0.000e+00
      1.368    18.3588   4.087887    30.4822        233     0.9667  0.000e+00
      1.453    18.2680   4.083392    30.5122        234     0.9708  0.000e+00
      1.522    18.1857   3.562804    26.2743        235     0.9750  0.000e+00
      1.592    18.1371   4.060449    30.4180        236     0.9792  0.000e+00
      1.613    18.0962   4.078932    30.6028        237     0.9833  0.000e+00
      1.580    18.0484   4.073332    30.5917        238     0.9875  0.000e+00
      1.519    18.0007   4.071594    30.6129        239     0.9917  0.000e+00
      1.468    17.9653   4.071722    30.6404        240     0.9958  0.000e+00
      1.417    17.9417   4.068226    30.6289        241     1.0000  0.000e+00
      1.347    17.9182   4.063389    30.6059        242     1.0042  0.000e+00
      1.238    17.8902   4.057703    30.5792        243     1.0083  0.000e+00
      1.102    17.8661   4.054915    30.5738        244     1.0125  0.000e+00
      0.954    17.8471   4.054547    30.5850        245     1.0167  0.000e+00
      0.776    17.8319   4.054232    30.5938        246     1.0208  0.000e+00
      0.628    17.8256   4.055526    30.6095        247     1.0250  0.000e+00
      0.498    17.8296   4.057804    30.6257        248     1.0292  0.000e+00
      0.386    17.8433   4.059835    30.6325        249     1.0333  0.000e+00
      0.317    17.8606   4.061257    30.6315        250     1.0375  0.000e+00
      0.263    17.8754   4.061323    30.6210        251     1.0417  0.000e+00
      0.193    17.8839   4.061136    30.6130        252     1.0458  0.000e+00
      0.118    17.8887   4.060747    30.6062        253     1.0500  0.000e+00
      0.036    17.8899   3.926183    29.4783        254     1.0542  0.000e+00
      0.006    17.8848   0.867548     5.6856        255     1.0583  0.000e+00
      0.009    17.8681   0.456767     2.8641        256     1.0625  0.000e+00
      0.006    17.8496   0.351725     2.1707        257     1.0667  0.000e+00
      0.006    17.8390   0.303582     1.8577        258     1.0708  0.000e+00
      0.006    17.8388   0.269783     1.6397        259     1.0750  0.000e+00
      0.030    17.8493   2.008456    14.1144        260     1.0792  0.000e+00
      0.109    17.8752   3.838022    28.7535        261     1.0833  0.000e+00
      0.202    17.9463   4.003914    30.0870        262     1.0875  0.000e+00
      0.308    18.0109   4.077180    30.6525        263     1.0917  0.000e+00
      0.432    18.0536   4.077918    30.6267        264     1.0958  0.000e+00
      0.592    18.0834   4.079161    30.6147        265     1.1000  0.000e+00
      0.773    18.1063   3.074025    22.3639        266     1.1042  0.000e+00
      0.958    18.1261   4.081122    30.5991        267     1.1083  0.000e+00
      1.121    18.1409   4.082459    30.5991        268     1.1125  0.000e+00
      1.296    18.1522   4.083393    30.5985        269     1.1167  0.000e+00
      1.447    18.1664   4.083017    30.5847        270     1.1208  0.000e+00
      1.523    18.1769   4.082506    30.5726        271     1.1250  0.000e+00
      1.541    18.1792   4.077279    30.5272        272     1.1292  0.000e+00
      1.447    18.1365   4.063856    30.4470        273     1.1333  0.000e+00
      1.275    18.0611   4.061744    30.4854        274     1.1375  0.000e+00
      1.055    17.9999   4.061845    30.5320        275     1.1417  0.000e+00
      0.807    17.9615   4.061329    30.5564        276     1.1458  0.000e+00
      0.541    17.9394   4.062409    30.5820        277     1.1500  0.000e+00
      0.236    17.9311   4.062610    30.5901        278     1.1542  0.000e+00
      0.034    17.9280   4.061772    30.5855        279     1.1583  0.000e+00
      0.012    17.9257   1.047143     6.9548        280     1.1625  0.000e+00
      0.006    17.9087   0.413672     2.5750        281     1.1667  0.000e+00
      0.000    17.8668   0.297616     1.8179        282     1.1708  0.000e+00
      0.009    17.8211   0.243481     1.4720        283     1.1750  0.000e+00
      0.006    17.7843   0.215732     1.2969        284     1.1792  0.000e+00
      0.003    17.7573   0.197168     1.1805        285     1.1833  0.000e+00
      0.000    17.7479   0.127912     0.7500        286     1.1875  0.000e+00
      0.006    17.7551   0.097580     0.5654        287     1.1917  0.000e+00
      0.007    17.7664   0.101794     0.5907        288     1.1958  0.000e+00
      0.013    17.7768   0.173649     1.0325        289     1.2000  0.000e+00
      0.010    17.7861   0.156588     0.9261        290     1.2042  0.000e+00
      0.010    17.7953   0.140236     0.8248        291     1.2083  0.000e+00
      0.013    17.8053   0.133278     0.7819        292     1.2125  0.000e+00
      0.010    17.8146   0.132312     0.7758        293     1.2167  0.000e+00
      0.016    17.8231   0.126378     0.7393        294     1.2208  0.000e+00
      0.016    17.8322   0.116470     0.6787        295     1.2250  0.000e+00
      0.013    17.8411   0.110618     0.6430        296     1.2292  0.000e+00
      0.007    17.8499   0.106075     0.6154        297     1.2333  0.000e+00
      0.013    17.8575   0.103612     0.6004        298     1.2375  0.000e+00
      0.010    17.8654   0.101612     0.5882        299     1.2417  0.000e+00
      0.010    17.8735   0.098244     0.5678        300     1.2458  0.000e+00
      0.007    17.8819   0.094799     0.5470        301     1.2500  0.000e+00
      0.010    17.8940   0.096758     0.5586        302     1.2542  0.000e+00
      0.022    17.9081   0.093606     0.5395        303     1.2583  0.000e+00
      0.013    17.9223   0.091444     0.5264        304     1.2625  0.000e+00
      0.013    17.9343   0.090711     0.5219        305     1.2667  0.000e+00
      0.010    17.9285   0.092364     0.5318        306     1.2708  0.000e+00
      0.013    17.8837   0.088885     0.5116        307     1.2750  0.000e+00
      0.019    17.8342   0.077066     0.4417        308     1.2792  0.000e+00
      0.010    17.8064   0.071542     0.4092        309     1.2833  0.000e+00
      0.010    17.7957   0.067198     0.3836        310     1.2875  0.000e+00
      0.007    17.7962   0.063675     0.3628        311     1.2917  0.000e+00
      0.010    17.8037   0.060936     0.3467        312     1.2958  0.000e+00
      0.007    17.8147   0.056257     0.3192        313     1.3000  0.000e+00
      0.004    17.8272   0.052464     0.2970        314     1.3042  0.000e+00
      0.010    17.8390   0.051872     0.2935        315     1.3083  0.000e+00
      0.013    17.8507   0.052804     0.2988        316     1.3125  0.000e+00
      0.010    17.8605   0.052500     0.2970        317     1.3167  0.000e+00
      0.013    17.8653   0.050081     0.2829        318     1.3208  0.000e+00
      0.010    17.8648   0.049078     0.2771        319     1.3250  0.000e+00
      0.013    17.8686   0.049017     0.2767        320     1.3292  0.000e+00
      0.013    17.8764   0.048008     0.2708        321     1.3333  0.000e+00
      0.013    17.8854   0.046486     0.2620        322     1.3375  0.000e+00
      0.013    17.8950   0.044733     0.2518        323     1.3417  0.000e+00
      0.013    17.9041   0.043701     0.2458        324     1.3458  0.000e+00
      0.013    17.9120   0.042920     0.2413        325     1.3500  0.000e+00
      0.013    17.9194   0.041886     0.2353        326     1.3542  0.000e+00
      0.013    17.9278   0.041411     0.2325        327     1.3583  0.000e+00
      0.010    17.9359   0.041070     0.2305        328     1.3625  0.000e+00
      0.016    17.9416   0.040241     0.2258        329     1.3667  0.000e+00
      0.019    17.9469   0.040287     0.2260        330     1.3708  0.000e+00
      0.013    17.9535   0.037939     0.2125        331     1.3750  0.000e+00
      0.013    17.9605   0.029836     0.1666        332     1.3792  0.000e+00
      0.007    17.9649   0.027694     0.1545        333     1.3833  0.000e+00
      0.026    17.9698   0.026940     0.1503        334     1.3875  0.000e+00
      0.014    17.9754   0.025954     0.1448        335     1.3917  0.000e+00
      0.017    17.9770   0.026934     0.1502        336     1.3958  0.000e+00
      0.014    17.9722   0.026946     0.1503        337     1.4000  0.000e+00
      0.014    17.9728   0.026411     0.1473        338     1.4042  0.000e+00
      0.011    17.9782   0.025427     0.1418        339     1.4083  0.000e+00
      0.014    17.9855   0.024003     0.1338        340     1.4125  0.000e+00
      0.011    17.9891   0.023308     0.1300        341     1.4167  0.000e+00
      0.011    17.9906   0.023420     0.1306        342     1.4208  0.000e+00
      0.011    17.9952   0.022819     0.1272        343     1.4250  0.000e+00
      0.011    18.0003   0.022435     0.1251        344     1.4292  0.000e+00
      0.014    18.0003   0.022151     0.1235        345     1.4333  0.000e+00
      0.017    18.0011   0.021864     0.1219        346     1.4375  0.000e+00
      0.020    18.0052   0.021438     0.1196        347     1.4417  0.000e+00
      0.011    18.0107   0.021001     0.1171        348     1.4458  0.000e+00
      0.020    18.0147   0.021139     0.1179        349     1.4500  0.000e+00
      0.020    18.0141   0.021312     0.1188        350     1.4542  0.000e+00
      0.011    18.0148   0.021532     0.1201        351     1.4583  0.000e+00
      0.014    18.0179   0.021822     0.1216        352     1.4625  0.000e+00
      0.020    18.0220   0.021028     0.1172        353     1.4667  0.000e+00
      0.020    18.0273   0.019875     0.1109        354     1.4708  0.000e+00
      0.093    18.0347   0.128942     0.7512        355     1.4750  0.000e+00
      0.174    18.0442   3.126691    22.8213        356     1.4792  0.000e+00
      0.235    18.0378   3.997748    29.9683        357     1.4833  0.000e+00
      0.277    18.0209   4.067553    30.5643        358     1.4875  0.000e+00
      0.340    18.0085   4.040824    30.3499        359     1.4917  0.000e+00
      0.486    17.9956   4.046627    30.4079        360     1.4958  0.000e+00
      0.670    17.9839   4.054130    30.4794        361     1.5000  0.000e+00
      0.866    17.9780   4.078712    30.6897        362     1.5042  0.000e+00
      1.039    17.9893   4.078981    30.6835        363     1.5083  0.000e+00
      1.193    18.0156   4.078953    30.6634        364     1.5125  0.000e+00
      1.329    18.0396   4.078490    30.6416        365     1.5167  0.000e+00
      1.456    18.0568   4.078362    30.6276        366     1.5208  0.000e+00
      1.601    18.0689   4.078637    30.6208        367     1.5250  0.000e+00
      1.770    18.0784   4.078583    30.6132        368     1.5292  0.000e+00
      1.945    18.0872   4.078489    30.6058        369     1.5333  0.000e+00
      2.096    18.0964   4.077703    30.5923        370     1.5375  0.000e+00
      2.211    18.1021   4.077650    30.5875        371     1.5417  0.000e+00
      2.341    18.1056   4.077676    30.5851        372     1.5458  0.000e+00
      2.459    18.1073   4.077770    30.5846        373     1.5500  0.000e+00
      2.577    18.1077   4.078241    30.5882        374     1.5542  0.000e+00
      2.640    18.1092   4.077724    30.5827        375     1.5583  0.000e+00
      2.625    18.1112   4.077401    30.5785        376     1.5625  0.000e+00
      2.580    18.1110   4.077226    30.5772        377     1.5667  0.000e+00
      2.529    18.1062   4.077354    30.5819        378     1.5708  0.000e+00
      2.486    18.0961   4.077845    30.5935        379     1.5750  0.000e+00
      2.453    18.0856   4.078120    30.6037        380     1.5792  0.000e+00
      2.405    18.0874   4.078127    30.6024        381     1.5833  0.000e+00
      2.360    18.0949   4.077502    30.5916        382     1.5875  0.000e+00
      2.278    18.1000   4.077132    30.5848        383     1.5917  0.000e+00
      2.193    18.0871   4.075487    30.5807        384     1.5958  0.000e+00
      2.109    18.0304   4.069037    30.5690        385     1.6000  0.000e+00
      2.033    17.9685   4.063858    30.5720        386     1.6042  0.000e+00
      1.958    17.9211   4.062584    30.5968        387     1.6083  0.000e+00
      1.900    17.8888   4.066388    30.6529        388     1.6125  0.000e+00
      1.858    17.8737   4.071744    30.7093        389     1.6167  0.000e+00
      1.834    17.8624   4.075953    30.7532        390     1.6208  0.000e+00
      1.831    17.8736   4.076813    30.7519        391     1.6250  0.000e+00
      1.840    17.9183   4.076524    30.7159        392     1.6292  0.000e+00
      1.864    17.9723   4.076053    30.6714        393     1.6333  0.000e+00
      1.898    18.0145   4.076025    30.6395        394     1.6375  0.000e+00
      1.919    18.0429   4.075998    30.6181        395     1.6417  0.000e+00
      1.934    18.0597   4.075796    30.6038        396     1.6458  0.000e+00
      1.940    18.0701   4.073836    30.5797        397     1.6500  0.000e+00
      1.919    18.0753   4.071002    30.5521        398     1.6542  0.000e+00
      1.858    18.0729   4.071278    30.5562        399     1.6583  0.000e+00
      1.804    18.0447   4.066923    30.5408        400     1.6625  0.000e+00
      1.726    17.9973   4.059271    30.5121        401     1.6667  0.000e+00
      1.641    17.9519   4.057046    30.5274        402     1.6708  0.000e+00
      1.566    17.9146   4.056798    30.5532        403     1.6750  0.000e+00
      1.490    17.8879   4.056557    30.5712        404     1.6792  0.000e+00
      1.421    17.8721   4.056504    30.5826        405     1.6833  0.000e+00
      1.375    17.8627   4.056725    30.5915        406     1.6875  0.000e+00
      1.333    17.8583   4.057214    30.5989        407     1.6917  0.000e+00
      1.303    17.8568   4.057704    30.6041        408     1.6958  0.000e+00
      1.276    17.8569   4.058052    30.6070        409     1.7000  0.000e+00
      1.248    17.8572   4.058220    30.6082        410     1.7042  0.000e+00
      1.209    17.8579   4.058441    30.6095        411     1.7083  0.000e+00
      1.179    17.8590   4.059835    30.6204        412     1.7125  0.000e+00
      1.179    17.8607   4.061867    30.6362        413     1.7167  0.000e+00
      1.191    17.8623   4.063296    30.6470        414     1.7208  0.000e+00
      1.227    17.8688   4.062880    30.6387        415     1.7250  0.000e+00
      1.276    17.8854   4.063591    30.6321        416     1.7292  0.000e+00
      1.300    17.9020   4.063718    30.6208        417     1.7333  0.000e+00
      1.303    17.9128   4.062557    30.6029        418     1.7375  0.000e+00
      1.276    17.9182   4.061652    30.5913        419     1.7417  0.000e+00
      1.246    17.9161   4.060472    30.5830        420     1.7458  0.000e+00
