HB2302/sbe139.cnv
* Sea-Bird SBE 19plus V2 Data File:
* FileName = C:\cruise\data\sbe139.hex
* Software Version Seasave V 7.26.7.121
* Temperature SN = 4758
* Conductivity SN = 4758
* System UpLoad Time = Jun 21 2023 06:42:23
* NMEA Latitude = 43 40.78 N
* NMEA Longitude = 068 22.53 W
* NMEA UTC (Time) = Jun 21 2023 06:42:23
** Cruise: HB2302
** Program: Ecomon
** Chief Scientist: Jerry Prezioso
# nquan = 7
# nvalues = 3877                                  
# units = specified
# name 0 = depSM: Depth [salt water, m]
# name 1 = tv290C: Temperature [ITS-90, deg C]
# name 2 = c0S/m: Conductivity [S/m]
# name 3 = sal00: Salinity, Practical [PSU]
# name 4 = scan: Scan Count
# name 5 = timeM: Time, Elapsed [minutes]
# name 6 = flag:  0.000e+00
# span 0 =      0.024,    187.294                 
# span 1 =     7.3854,    11.2918                 
# span 2 =   0.008950,   3.651009                 
# span 3 =     0.0586,    33.9728                 
# span 4 =         11,       3887                 
# span 5 =     0.0417,    16.1917                 
# span 6 = 0.0000e+00, 0.0000e+00                 
# interval = seconds: 0.25
# start_time = Jun 21 2023 06:42:23 [NMEA time, header]
# bad_flag = -9.990e-29
*END*
[from data line 3077]
     71.479     7.5911   3.388621    32.8610       3088    12.8625  0.000e+00
     71.395     7.5908   3.388577    32.8609       3089    12.8667  0.000e+00
     71.308     7.5904   3.388433    32.8598       3090    12.8708  0.000e+00
     71.217     7.5899   3.388290    32.8588       3091    12.8750  0.000e+00
     71.136     7.5892   3.388221    32.8587       3092    12.8792  0.000e+00
     71.048     7.5886   3.388103    32.8581       3093    12.8833  0.000e+00
     70.961     7.5878   3.387916    32.8568       3094    12.8875  0.000e+00
     70.880     7.5872   3.387872    32.8570       3095    12.8917  0.000e+00
     70.789     7.5865   3.387853    32.8575       3096    12.8958  0.000e+00
     70.705     7.5861   3.387772    32.8571       3097    12.9000  0.000e+00
     70.623     7.5856   3.387591    32.8556       3098    12.9042  0.000e+00
     70.539     7.5850   3.387479    32.8550       3099    12.9083  0.000e+00
     70.455     7.5844   3.387354    32.8543       3100    12.9125  0.000e+00
     70.370     7.5836   3.387261    32.8540       3101    12.9167  0.000e+00
     70.286     7.5831   3.387248    32.8545       3102    12.9208  0.000e+00
     70.192     7.5828   3.387124    32.8534       3103    12.9250  0.000e+00
     70.111     7.5822   3.386980    32.8525       3104    12.9292  0.000e+00
     70.021     7.5818   3.386936    32.8524       3105    12.9333  0.000e+00
     69.930     7.5814   3.386887    32.8523       3106    12.9375  0.000e+00
     69.834     7.5809   3.386837    32.8523       3107    12.9417  0.000e+00
     69.737     7.5806   3.386837    32.8526       3108    12.9458  0.000e+00
     69.641     7.5803   3.386737    32.8519       3109    12.9500  0.000e+00
     69.544     7.5803   3.386712    32.8517       3110    12.9542  0.000e+00
     69.442     7.5800   3.386668    32.8515       3111    12.9583  0.000e+00
     69.327     7.5798   3.386518    32.8502       3112    12.9625  0.000e+00
     69.231     7.5793   3.386338    32.8487       3113    12.9667  0.000e+00
     69.122     7.5786   3.386151    32.8475       3114    12.9708  0.000e+00
     69.011     7.5776   3.386057    32.8474       3115    12.9750  0.000e+00
     68.905     7.5771   3.385982    32.8471       3116    12.9792  0.000e+00
     68.803     7.5768   3.385814    32.8457       3117    12.9833  0.000e+00
     68.703     7.5762   3.385795    32.8461       3118    12.9875  0.000e+00
     68.610     7.5758   3.385633    32.8448       3119    12.9917  0.000e+00
     68.516     7.5754   3.385427    32.8430       3120    12.9958  0.000e+00
     68.432     7.5745   3.385153    32.8408       3121    13.0000  0.000e+00
     68.348     7.5738   3.384966    32.8396       3122    13.0042  0.000e+00
     68.275     7.5731   3.384853    32.8390       3123    13.0083  0.000e+00
     68.203     7.5724   3.384760    32.8387       3124    13.0125  0.000e+00
     68.137     7.5720   3.384716    32.8387       3125    13.0167  0.000e+00
     68.070     7.5715   3.384617    32.8381       3126    13.0208  0.000e+00
     68.007     7.5712   3.384511    32.8372       3127    13.0250  0.000e+00
     67.938     7.5706   3.384405    32.8367       3128    13.0292  0.000e+00
     67.880     7.5702   3.384024    32.8331       3129    13.0333  0.000e+00
     67.811     7.5696   3.383843    32.8317       3130    13.0375  0.000e+00
     67.742     7.5688   3.383632    32.8302       3131    13.0417  0.000e+00
     67.669     7.5679   3.383513    32.8298       3132    13.0458  0.000e+00
     67.588     7.5670   3.383370    32.8291       3133    13.0500  0.000e+00
     67.507     7.5663   3.383264    32.8287       3134    13.0542  0.000e+00
     67.428     7.5659   3.383077    32.8272       3135    13.0583  0.000e+00
     67.335     7.5651   3.382453    32.8212       3136    13.0625  0.000e+00
     67.248     7.5638   3.382148    32.8192       3137    13.0667  0.000e+00
     67.151     7.5621   3.382042    32.8197       3138    13.0708  0.000e+00
     67.049     7.5610   3.381730    32.8174       3139    13.0750  0.000e+00
     66.949     7.5599   3.381163    32.8124       3140    13.0792  0.000e+00
     66.841     7.5581   3.380902    32.8113       3141    13.0833  0.000e+00
     66.741     7.5566   3.380490    32.8084       3142    13.0875  0.000e+00
     66.627     7.5549   3.380253    32.8075       3143    13.0917  0.000e+00
     66.515     7.5532   3.380110    32.8076       3144    13.0958  0.000e+00
     66.410     7.5521   3.379986    32.8073       3145    13.1000  0.000e+00
     66.307     7.5512   3.379923    32.8075       3146    13.1042  0.000e+00
     66.193     7.5506   3.379699    32.8058       3147    13.1083  0.000e+00
     66.090     7.5501   3.379487    32.8040       3148    13.1125  0.000e+00
     66.000     7.5493   3.379344    32.8032       3149    13.1167  0.000e+00
     65.900     7.5488   3.379269    32.8029       3150    13.1208  0.000e+00
     65.810     7.5484   3.379219    32.8028       3151    13.1250  0.000e+00
     65.719     7.5480   3.379200    32.8031       3152    13.1292  0.000e+00
     65.635     7.5477   3.379157    32.8030       3153    13.1333  0.000e+00
     65.548     7.5476   3.379138    32.8029       3154    13.1375  0.000e+00
     65.469     7.5475   3.379057    32.8021       3155    13.1417  0.000e+00
     65.391     7.5472   3.379026    32.8021       3156    13.1458  0.000e+00
     65.309     7.5471   3.378970    32.8017       3157    13.1500  0.000e+00
     65.228     7.5468   3.378963    32.8019       3158    13.1542  0.000e+00
     65.153     7.5466   3.378932    32.8018       3159    13.1583  0.000e+00
     65.077     7.5464   3.378970    32.8024       3160    13.1625  0.000e+00
     64.996     7.5465   3.378920    32.8018       3161    13.1667  0.000e+00
     64.921     7.5466   3.378826    32.8007       3162    13.1708  0.000e+00
     64.842     7.5465   3.378764    32.8002       3163    13.1750  0.000e+00
     64.758     7.5462   3.378702    32.7999       3164    13.1792  0.000e+00
     64.673     7.5460   3.378683    32.7999       3165    13.1833  0.000e+00
     64.589     7.5457   3.378658    32.7999       3166    13.1875  0.000e+00
     64.493     7.5458   3.378596    32.7992       3167    13.1917  0.000e+00
     64.399     7.5459   3.378409    32.7972       3168    13.1958  0.000e+00
     64.312     7.5456   3.378222    32.7955       3169    13.2000  0.000e+00
     64.209     7.5451   3.377997    32.7936       3170    13.2042  0.000e+00
     64.113     7.5446   3.377829    32.7923       3171    13.2083  0.000e+00
     64.013     7.5441   3.377586    32.7902       3172    13.2125  0.000e+00
     63.917     7.5434   3.377337    32.7882       3173    13.2167  0.000e+00
     63.814     7.5426   3.377175    32.7873       3174    13.2208  0.000e+00
     63.712     7.5418   3.377001    32.7862       3175    13.2250  0.000e+00
     63.621     7.5412   3.376814    32.7848       3176    13.2292  0.000e+00
     63.531     7.5405   3.376783    32.7852       3177    13.2333  0.000e+00
     63.435     7.5401   3.376652    32.7841       3178    13.2375  0.000e+00
     63.341     7.5397   3.376527    32.7833       3179    13.2417  0.000e+00
     63.260     7.5395   3.376390    32.7820       3180    13.2458  0.000e+00
     63.166     7.5390   3.376278    32.7813       3181    13.2500  0.000e+00
     63.094     7.5387   3.376041    32.7791       3182    13.2542  0.000e+00
     63.016     7.5381   3.375823    32.7773       3183    13.2583  0.000e+00
     62.925     7.5375   3.375637    32.7759       3184    13.2625  0.000e+00
     62.856     7.5370   3.375605    32.7761       3185    13.2667  0.000e+00
     62.787     7.5365   3.375531    32.7758       3186    13.2708  0.000e+00
     62.720     7.5364   3.375431    32.7748       3187    13.2750  0.000e+00
     62.642     7.5359   3.375387    32.7749       3188    13.2792  0.000e+00
     62.570     7.5358   3.375244    32.7735       3189    13.2833  0.000e+00
     62.494     7.5354   3.375082    32.7721       3190    13.2875  0.000e+00
     62.422     7.5351   3.374914    32.7707       3191    13.2917  0.000e+00
     62.340     7.5346   3.374870    32.7706       3192    13.2958  0.000e+00
     62.244     7.5343   3.374665    32.7688       3193    13.3000  0.000e+00
     62.157     7.5337   3.374273    32.7652       3194    13.3042  0.000e+00
     62.066     7.5330   3.373818    32.7610       3195    13.3083  0.000e+00
     61.964     7.5317   3.373152    32.7551       3196    13.3125  0.000e+00
     61.855     7.5300   3.371689    32.7410       3197    13.3167  0.000e+00
     61.744     7.5280   3.371228    32.7379       3198    13.3208  0.000e+00
     61.632     7.5267   3.371004    32.7368       3199    13.3250  0.000e+00
     61.524     7.5255   3.370618    32.7338       3200    13.3292  0.000e+00
     61.409     7.5246   3.370631    32.7348       3201    13.3333  0.000e+00
     61.303     7.5241   3.370363    32.7325       3202    13.3375  0.000e+00
     61.192     7.5235   3.370139    32.7307       3203    13.3417  0.000e+00
     61.086     7.5231   3.370033    32.7300       3204    13.3458  0.000e+00
     60.993     7.5227   3.369772    32.7276       3205    13.3500  0.000e+00
     60.891     7.5225   3.369722    32.7273       3206    13.3542  0.000e+00
     60.803     7.5222   3.369685    32.7272       3207    13.3583  0.000e+00
     60.713     7.5221   3.369579    32.7262       3208    13.3625  0.000e+00
     60.637     7.5221   3.369454    32.7249       3209    13.3667  0.000e+00
     60.550     7.5220   3.369361    32.7240       3210    13.3708  0.000e+00
     60.478     7.5221   3.369355    32.7239       3211    13.3750  0.000e+00
     60.408     7.5221   3.369249    32.7228       3212    13.3792  0.000e+00
     60.345     7.5220   3.368838    32.7185       3213    13.3833  0.000e+00
     60.273     7.5217   3.368589    32.7161       3214    13.3875  0.000e+00
     60.206     7.5210   3.368334    32.7140       3215    13.3917  0.000e+00
     60.137     7.5203   3.368197    32.7133       3216    13.3958  0.000e+00
     60.071     7.5195   3.368010    32.7120       3217    13.4000  0.000e+00
     59.995     7.5189   3.367836    32.7108       3218    13.4042  0.000e+00
     59.926     7.5184   3.367556    32.7083       3219    13.4083  0.000e+00
     59.845     7.5180   3.367226    32.7051       3220    13.4125  0.000e+00
     59.769     7.5174   3.367040    32.7037       3221    13.4167  0.000e+00
     59.679     7.5165   3.366772    32.7017       3222    13.4208  0.000e+00
     59.585     7.5159   3.366405    32.6984       3223    13.4250  0.000e+00
     59.504     7.5149   3.365926    32.6942       3224    13.4292  0.000e+00
     59.404     7.5140   3.365665    32.6923       3225    13.4333  0.000e+00
     59.302     7.5131   3.365453    32.6909       3226    13.4375  0.000e+00
     59.206     7.5119   3.365223    32.6896       3227    13.4417  0.000e+00
     59.097     7.5110   3.365012    32.6882       3228    13.4458  0.000e+00
     58.998     7.5101   3.364626    32.6850       3229    13.4500  0.000e+00
     58.892     7.5090   3.364427    32.6839       3230    13.4542  0.000e+00
     58.784     7.5082   3.364315    32.6835       3231    13.4583  0.000e+00
     58.678     7.5074   3.364191    32.6830       3232    13.4625  0.000e+00
     58.569     7.5067   3.364153    32.6832       3233    13.4667  0.000e+00
     58.464     7.5064   3.364029    32.6822       3234    13.4708  0.000e+00
     58.355     7.5060   3.363948    32.6818       3235    13.4750  0.000e+00
     58.253     7.5056   3.363886    32.6816       3236    13.4792  0.000e+00
     58.153     7.5053   3.363774    32.6807       3237    13.4833  0.000e+00
     58.057     7.5050   3.363656    32.6797       3238    13.4875  0.000e+00
     57.961     7.5047   3.363656    32.6800       3239    13.4917  0.000e+00
     57.867     7.5045   3.363624    32.6799       3240    13.4958  0.000e+00
     57.774     7.5043   3.363531    32.6791       3241    13.5000  0.000e+00
     57.683     7.5040   3.363301    32.6770       3242    13.5042  0.000e+00
     57.602     7.5035   3.363289    32.6774       3243    13.5083  0.000e+00
     57.520     7.5031   3.363201    32.6769       3244    13.5125  0.000e+00
     57.442     7.5029   3.363232    32.6775       3245    13.5167  0.000e+00
     57.367     7.5027   3.363183    32.6771       3246    13.5208  0.000e+00
     57.291     7.5026   3.363127    32.6766       3247    13.5250  0.000e+00
     57.210     7.5023   3.362959    32.6751       3248    13.5292  0.000e+00
     57.144     7.5020   3.362996    32.6758       3249    13.5333  0.000e+00
     57.071     7.5020   3.363021    32.6762       3250    13.5375  0.000e+00
     57.002     7.5019   3.362977    32.6758       3251    13.5417  0.000e+00
     56.927     7.5018   3.362909    32.6752       3252    13.5458  0.000e+00
     56.848     7.5015   3.362897    32.6754       3253    13.5500  0.000e+00
     56.773     7.5013   3.362841    32.6750       3254    13.5542  0.000e+00
     56.695     7.5011   3.362791    32.6747       3255    13.5583  0.000e+00
     56.616     7.5011   3.362753    32.6744       3256    13.5625  0.000e+00
     56.532     7.5008   3.362716    32.6743       3257    13.5667  0.000e+00
     56.441     7.5004   3.362691    32.6744       3258    13.5708  0.000e+00
     56.351     7.5003   3.362691    32.6745       3259    13.5750  0.000e+00
     56.257     7.5002   3.362691    32.6747       3260    13.5792  0.000e+00
     56.158     7.5003   3.362629    32.6740       3261    13.5833  0.000e+00
     56.049     7.5001   3.362604    32.6739       3262    13.5875  0.000e+00
     55.947     7.5000   3.362567    32.6737       3263    13.5917  0.000e+00
     55.838     7.5000   3.362560    32.6737       3264    13.5958  0.000e+00
     55.736     7.4998   3.362461    32.6729       3265    13.6000  0.000e+00
     55.630     7.4997   3.362473    32.6731       3266    13.6042  0.000e+00
     55.525     7.4997   3.362461    32.6731       3267    13.6083  0.000e+00
     55.422     7.4997   3.362442    32.6729       3268    13.6125  0.000e+00
     55.317     7.4997   3.362455    32.6731       3269    13.6167  0.000e+00
     55.223     7.4996   3.362256    32.6711       3270    13.6208  0.000e+00
     55.130     7.4996   3.362343    32.6720       3271    13.6250  0.000e+00
     55.040     7.4995   3.362274    32.6715       3272    13.6292  0.000e+00
     54.958     7.4994   3.362212    32.6709       3273    13.6333  0.000e+00
     54.874     7.4993   3.362038    32.6691       3274    13.6375  0.000e+00
     54.801     7.4993   3.361969    32.6685       3275    13.6417  0.000e+00
     54.717     7.4993   3.361976    32.6686       3276    13.6458  0.000e+00
     54.642     7.4992   3.361969    32.6687       3277    13.6500  0.000e+00
     54.569     7.4992   3.361870    32.6676       3278    13.6542  0.000e+00
     54.491     7.4992   3.361907    32.6681       3279    13.6583  0.000e+00
     54.413     7.4992   3.361907    32.6681       3280    13.6625  0.000e+00
     54.331     7.4992   3.361888    32.6679       3281    13.6667  0.000e+00
     54.253     7.4990   3.361820    32.6674       3282    13.6708  0.000e+00
     54.168     7.4990   3.361739    32.6665       3283    13.6750  0.000e+00
     54.066     7.4991   3.361739    32.6665       3284    13.6792  0.000e+00
     53.979     7.4993   3.361677    32.6657       3285    13.6833  0.000e+00
     53.879     7.4992   3.361652    32.6655       3286    13.6875  0.000e+00
     53.774     7.4990   3.361658    32.6658       3287    13.6917  0.000e+00
     53.677     7.4991   3.361652    32.6657       3288    13.6958  0.000e+00
     53.578     7.4990   3.361596    32.6653       3289    13.7000  0.000e+00
     53.472     7.4990   3.361565    32.6650       3290    13.7042  0.000e+00
     53.370     7.4990   3.361615    32.6655       3291    13.7083  0.000e+00
     53.273     7.4989   3.361577    32.6653       3292    13.7125  0.000e+00
