HB2302/sbe190.cnv
* Sea-Bird SBE 19plus V2 Data File:
* FileName = C:\cruise\data\sbe190.hex
* Software Version Seasave V 7.26.7.121
* Temperature SN = 4758
* Conductivity SN = 4758
* System UpLoad Time = Jun 26 2023 17:41:52
* NMEA Latitude = 39 49.57 N
* NMEA Longitude = 070 46.25 W
* NMEA UTC (Time) = Jun 26 2023 17:40:51
** Cruise: HB2302
** Program: Ecomon
** Chief Scientist: Jerry Prezioso
# nquan = 7
# nvalues = 2552                                  
# units = specified
# name 0 = depSM: Depth [salt water, m]
# name 1 = tv290C: Temperature [ITS-90, deg C]
# name 2 = c0S/m: Conductivity [S/m]
# name 3 = sal00: Salinity, Practical [PSU]
# name 4 = scan: Scan Count
# name 5 = timeM: Time, Elapsed [minutes]
# name 6 = flag:  0.000e+00
# span 0 =     -0.099,     10.436                 
# span 1 =    21.1682,    26.3046                 
# span 2 =  -0.027682,   5.178288                 
# span 3 =     0.0000,    35.5064                 
# span 4 =         11,       2562                 
# span 5 =     0.0417,    10.6708                 
# span 6 = 0.0000e+00, 0.0000e+00                 
# interval = seconds: 0.25
# start_time = Jun 26 2023 17:40:51 [NMEA time, header]
# bad_flag = -9.990e-29
*END*
[from data line 2462]
      2.165    23.0997   5.070950    34.7020       2473    10.3000  0.000e+00
      2.150    23.0991   5.070884    34.7019       2474    10.3042  0.000e+00
      2.135    23.0975   5.071304    34.7064       2475    10.3083  0.000e+00
      2.117    23.0981   5.073740    34.7247       2476    10.3125  0.000e+00
      2.096    23.1071   5.073482    34.7156       2477    10.3167  0.000e+00
      2.059    23.1134   5.073475    34.7106       2478    10.3208  0.000e+00
      2.011    23.1168   5.074240    34.7138       2479    10.3250  0.000e+00
      1.957    23.1202   5.074387    34.7123       2480    10.3292  0.000e+00
      1.911    23.1236   5.074468    34.7102       2481    10.3333  0.000e+00
      1.866    23.1255   5.074387    34.7082       2482    10.3375  0.000e+00
      1.818    23.1263   5.074181    34.7059       2483    10.3417  0.000e+00
      1.790    23.1258   5.074048    34.7053       2484    10.3458  0.000e+00
      1.757    23.1251   5.073828    34.7042       2485    10.3500  0.000e+00
      1.688    23.1238   5.073342    34.7015       2486    10.3542  0.000e+00
      1.603    23.1210   5.073533    34.7052       2487    10.3583  0.000e+00
      1.531    23.1198   5.074048    34.7102       2488    10.3625  0.000e+00
      1.461    23.1207   5.073621    34.7062       2489    10.3667  0.000e+00
      1.410    23.1211   5.075241    34.7183       2490    10.3708  0.000e+00
      1.401    23.1258   5.075763    34.7186       2491    10.3750  0.000e+00
      1.443    23.1320   5.075889    34.7147       2492    10.3792  0.000e+00
      1.491    23.1363   5.076021    34.7123       2493    10.3833  0.000e+00
      1.552    23.1383   5.075535    34.7070       2494    10.3875  0.000e+00
      1.606    23.1379   5.074019    34.6956       2495    10.3917  0.000e+00
      1.658    23.1323   5.073975    34.6997       2496    10.3958  0.000e+00
      1.667    23.1274   5.075211    34.7130       2497    10.4000  0.000e+00
      1.597    23.1280   5.072576    34.6923       2498    10.4042  0.000e+00
      1.449    23.1219   5.073769    34.7063       2499    10.4083  0.000e+00
      1.256    23.1191   5.074637    34.7153       2500    10.4125  0.000e+00
      1.086    23.1214   5.072208    34.6949       2501    10.4167  0.000e+00
      0.956    23.1165   5.072407    34.7003       2502    10.4208  0.000e+00
      0.899    23.1128   5.074210    34.7171       2503    10.4250  0.000e+00
      0.890    23.1162   5.074048    34.7132       2504    10.4292  0.000e+00
      0.905    23.1194   5.074063    34.7108       2505    10.4333  0.000e+00
      0.905    23.1213   5.074946    34.7161       2506    10.4375  0.000e+00
      0.917    23.1249   5.074438    34.7093       2507    10.4417  0.000e+00
      0.920    23.1261   5.074328    34.7075       2508    10.4458  0.000e+00
      0.902    23.1260   5.075285    34.7150       2509    10.4500  0.000e+00
      0.872    23.1283   5.075594    34.7155       2510    10.4542  0.000e+00
      0.841    23.1324   5.075373    34.7106       2511    10.4583  0.000e+00
      0.829    23.1338   5.075476    34.7103       2512    10.4625  0.000e+00
      0.847    23.1345   5.075446    34.7095       2513    10.4667  0.000e+00
      0.869    23.1345   5.075542    34.7102       2514    10.4708  0.000e+00
      0.896    23.1352   5.076094    34.7139       2515    10.4750  0.000e+00
      0.905    23.1379   5.075572    34.7078       2516    10.4792  0.000e+00
      0.890    23.1379   5.074975    34.7032       2517    10.4833  0.000e+00
      0.863    23.1357   5.075932    34.7123       2518    10.4875  0.000e+00
      0.838    23.1370   5.075800    34.7103       2519    10.4917  0.000e+00
      0.817    23.1382   5.075240    34.7050       2520    10.4958  0.000e+00
      0.808    23.1367   5.074269    34.6988       2521    10.5000  0.000e+00
      0.781    23.1316   5.072855    34.6919       2522    10.5042  0.000e+00
      0.757    23.1236   5.072973    34.6991       2523    10.5083  0.000e+00
      0.678    23.1174   5.072326    34.6990       2524    10.5125  0.000e+00
      0.521    23.1130   5.073879    34.7146       2525    10.5167  0.000e+00
      0.315    23.1149   5.075240    34.7236       2526    10.5208  0.000e+00
      0.188    23.1231   5.076808    34.7292       2527    10.5250  0.000e+00
      0.068    23.1353   5.078664    34.7338       2528    10.5292  0.000e+00
     -0.035    23.1493   3.394490    22.1725       2529    10.5333  0.000e+00
     -0.081    23.1621   0.867115     5.0265       2530    10.5375  0.000e+00
     -0.050    23.1699   0.822877     4.7509       2531    10.5417  0.000e+00
      0.031    23.1742   4.978373    33.9345       2532    10.5458  0.000e+00
      0.077    23.1761   5.040491    34.4088       2533    10.5500  0.000e+00
      0.158    23.1752   5.077632    34.6945       2534    10.5542  0.000e+00
      0.297    23.1727   5.078192    34.7006       2535    10.5583  0.000e+00
      0.406    23.1712   5.077743    34.6984       2536    10.5625  0.000e+00
      0.461    23.1699   5.077750    34.6994       2537    10.5667  0.000e+00
      0.506    23.1688   5.077478    34.6981       2538    10.5708  0.000e+00
      0.545    23.1677   5.077544    34.6995       2539    10.5750  0.000e+00
      0.572    23.1661   5.077448    34.7001       2540    10.5792  0.000e+00
      0.524    23.1643   5.077544    34.7023       2541    10.5833  0.000e+00
      0.382    23.1631   5.077448    34.7025       2542    10.5875  0.000e+00
      0.276    23.1627   5.077036    34.6996       2543    10.5917  0.000e+00
      0.213    23.1628   5.076447    34.6951       2544    10.5958  0.000e+00
      0.071    23.1630   5.076270    34.6936       2545    10.6000  0.000e+00
     -0.038    23.1635   5.072604    34.6651       2546    10.6042  0.000e+00
     -0.081    23.1640   4.877694    33.1733       2547    10.6083  0.000e+00
     -0.078    23.1653   5.066416    34.6162       2548    10.6125  0.000e+00
     -0.078    23.1665   5.076358    34.6916       2549    10.6167  0.000e+00
     -0.084    23.1671   5.076476    34.6920       2550    10.6208  0.000e+00
     -0.087    23.1667   5.075792    34.6871       2551    10.6250  0.000e+00
     -0.084    23.1664   5.075622    34.6860       2552    10.6292  0.000e+00
     -0.081    23.1670   4.080806    27.1810       2553    10.6333  0.000e+00
     -0.087    23.1682   1.204996     7.1627       2554    10.6375  0.000e+00
     -0.041    23.1685   1.087815     6.4142       2555    10.6417  0.000e+00
      0.098    23.1623   4.408516    29.6264       2556    10.6458  0.000e+00
      0.158    23.1559   5.066416    34.6235       2557    10.6500  0.000e+00
      0.152    23.1520   5.068152    34.6399       2558    10.6542  0.000e+00
      0.071    23.1493   5.075799    34.7008       2559    10.6583  0.000e+00
     -0.029    23.1501   5.076778    34.7077       2560    10.6625  0.000e+00
     -0.071    23.1530   1.820268    11.2029       2561    10.6667  0.000e+00
     -0.078    23.1567   0.628064     3.5585       2562    10.6708  0.000e+00
