HB2302/sbe165.cnv
* Sea-Bird SBE 19plus V2 Data File:
* FileName = C:\cruise\data\sbe165.hex
* Software Version Seasave V 7.26.7.121
* Temperature SN = 4758
* Conductivity SN = 4758
* System UpLoad Time = Jun 23 2023 11:34:10
* NMEA Latitude = 41 52.85 N
* NMEA Longitude = 069 07.65 W
* NMEA UTC (Time) = Jun 23 2023 11:34:09
** Cruise: HB2302
** Program: Ecomon
** Chief Scientist: Jerry Prezioso
# nquan = 7
# nvalues = 5619                                  
# units = specified
# name 0 = depSM: Depth [salt water, m]
# name 1 = tv290C: Temperature [ITS-90, deg C]
# name 2 = c0S/m: Conductivity [S/m]
# name 3 = sal00: Salinity, Practical [PSU]
# name 4 = scan: Scan Count
# name 5 = timeM: Time, Elapsed [minutes]
# name 6 = flag:  0.000e+00
# span 0 =     -0.047,    195.599                 
# span 1 =     6.8259,    16.4399                 
# span 2 =   0.000997,   4.071451                 
# span 3 =     0.0117,    33.7118                 
# span 4 =         11,       5629                 
# span 5 =     0.0417,    23.4500                 
# span 6 = 0.0000e+00, 0.0000e+00                 
# interval = seconds: 0.25
# start_time = Jun 23 2023 11:34:09 [NMEA time, header]
# bad_flag = -9.990e-29
*END*
[from data line 5539]
      2.406    16.4242   4.051364    31.6538       5550    23.1208  0.000e+00
      2.313    16.4263   4.051484    31.6532       5551    23.1250  0.000e+00
      2.234    16.4289   4.051578    31.6520       5552    23.1292  0.000e+00
      2.171    16.4315   4.051585    31.6500       5553    23.1333  0.000e+00
      2.131    16.4335   4.051410    31.6470       5554    23.1375  0.000e+00
      2.104    16.4339   4.051317    31.6458       5555    23.1417  0.000e+00
      2.080    16.4337   4.051243    31.6453       5556    23.1458  0.000e+00
      2.067    16.4330   4.051276    31.6462       5557    23.1500  0.000e+00
      2.055    16.4324   4.051390    31.6477       5558    23.1542  0.000e+00
      2.043    16.4332   4.051605    31.6489       5559    23.1583  0.000e+00
      2.025    16.4339   4.051316    31.6459       5560    23.1625  0.000e+00
      1.991    16.4337   4.051156    31.6446       5561    23.1667  0.000e+00
      1.964    16.4324   4.051142    31.6455       5562    23.1708  0.000e+00
      1.925    16.4315   4.051189    31.6467       5563    23.1750  0.000e+00
      1.879    16.4313   4.051363    31.6484       5564    23.1792  0.000e+00
      1.834    16.4319   4.051390    31.6482       5565    23.1833  0.000e+00
      1.771    16.4328   4.051417    31.6477       5566    23.1875  0.000e+00
      1.722    16.4336   4.051678    31.6493       5567    23.1917  0.000e+00
      1.686    16.4349   4.051631    31.6479       5568    23.1958  0.000e+00
      1.664    16.4357   4.051678    31.6477       5569    23.2000  0.000e+00
      1.643    16.4364   4.051879    31.6489       5570    23.2042  0.000e+00
      1.625    16.4371   4.051718    31.6469       5571    23.2083  0.000e+00
      1.610    16.4377   4.051805    31.6473       5572    23.2125  0.000e+00
      1.570    16.4378   4.051732    31.6466       5573    23.2167  0.000e+00
      1.540    16.4376   4.051511    31.6448       5574    23.2208  0.000e+00
      1.495    16.4368   4.051370    31.6442       5575    23.2250  0.000e+00
      1.446    16.4354   4.051390    31.6455       5576    23.2292  0.000e+00
      1.383    16.4344   4.051584    31.6480       5577    23.2333  0.000e+00
      1.316    16.4348   4.051584    31.6478       5578    23.2375  0.000e+00
      1.235    16.4356   4.051825    31.6492       5579    23.2417  0.000e+00
      1.150    16.4364   4.051859    31.6489       5580    23.2458  0.000e+00
      1.062    16.4374   4.051778    31.6474       5581    23.2500  0.000e+00
      0.929    16.4378   4.051751    31.6469       5582    23.2542  0.000e+00
      0.779    16.4376   4.051604    31.6459       5583    23.2583  0.000e+00
      0.624    16.4371   4.051751    31.6476       5584    23.2625  0.000e+00
      0.492    16.4374   4.051858    31.6484       5585    23.2667  0.000e+00
      0.413    16.4380   4.051704    31.6466       5586    23.2708  0.000e+00
      0.407    16.4382   4.051778    31.6471       5587    23.2750  0.000e+00
      0.425    16.4382   4.051657    31.6460       5588    23.2792  0.000e+00
      0.461    16.4379   4.051785    31.6473       5589    23.2833  0.000e+00
      0.530    16.4384   4.051678    31.6460       5590    23.2875  0.000e+00
      0.593    16.4382   4.051631    31.6457       5591    23.2917  0.000e+00
      0.644    16.4376   4.051537    31.6453       5592    23.2958  0.000e+00
      0.708    16.4368   4.051557    31.6461       5593    23.3000  0.000e+00
      0.711    16.4363   4.051671    31.6475       5594    23.3042  0.000e+00
      0.659    16.4365   4.051584    31.6466       5595    23.3083  0.000e+00
      0.593    16.4361   4.051604    31.6471       5596    23.3125  0.000e+00
      0.514    16.4361   4.051925    31.6499       5597    23.3167  0.000e+00
      0.402    16.4372   4.051905    31.6490       5598    23.3208  0.000e+00
      0.272    16.4382   4.052019    31.6492       5599    23.3250  0.000e+00
      0.130    16.4393   4.051898    31.6473       5600    23.3292  0.000e+00
      0.028    16.4399   1.365040     9.6047       5601    23.3333  0.000e+00
      0.015    16.4374   0.632250     4.1960       5602    23.3375  0.000e+00
      0.015    16.4282   0.390071     2.5081       5603    23.3417  0.000e+00
      0.018    16.4141   0.344741     2.2006       5604    23.3458  0.000e+00
      0.006    16.4064   0.294567     1.8632       5605    23.3500  0.000e+00
      0.012    16.4048   0.268277     1.6879       5606    23.3542  0.000e+00
      0.012    16.4046   0.251241     1.5749       5607    23.3583  0.000e+00
      0.015    16.4046   0.232176     1.4491       5608    23.3625  0.000e+00
      0.015    16.4041   0.220242     1.3707       5609    23.3667  0.000e+00
      0.014    16.4042   0.196905     1.2182       5610    23.3708  0.000e+00
      0.011    16.4035   0.169226     1.0388       5611    23.3750  0.000e+00
      0.029    16.4029   0.177702     1.0936       5612    23.3792  0.000e+00
      0.132    16.4040   0.370404     2.3754       5613    23.3833  0.000e+00
      0.095    16.4108   0.680275     4.5410       5614    23.3875  0.000e+00
      0.023    16.4188   1.366914     9.6241       5615    23.3917  0.000e+00
      0.017    16.4228   1.578262    11.2462       5616    23.3958  0.000e+00
      0.014    16.4225   0.577204     3.8081       5617    23.4000  0.000e+00
      0.013    16.4187   0.388515     2.4980       5618    23.4042  0.000e+00
      0.013    16.4154   0.310688     1.9709       5619    23.4083  0.000e+00
      0.007    16.4131   0.260670     1.6371       5620    23.4125  0.000e+00
      0.013    16.4103   0.227378     1.4173       5621    23.4167  0.000e+00
      0.010    16.4075   0.207464     1.2869       5622    23.4208  0.000e+00
      0.010    16.4060   0.195968     1.2120       5623    23.4250  0.000e+00
      0.031    16.4046   0.192643     1.1904       5624    23.4292  0.000e+00
      0.079    16.4038   2.971349    22.4643       5625    23.4333  0.000e+00
      0.043    16.4054   2.420175    17.9308       5626    23.4375  0.000e+00
      0.064    16.4135   1.070010     7.3875       5627    23.4417  0.000e+00
      0.094    16.4187   3.147676    23.9299       5628    23.4458  0.000e+00
      0.112    16.4216   3.070853    23.2846       5629    23.4500  0.000e+00
