HB2302/sbe154.cnv
* Sea-Bird SBE 19plus V2 Data File:
* FileName = C:\cruise\data\sbe154.hex
* Software Version Seasave V 7.26.7.121
* Temperature SN = 4758
* Conductivity SN = 4758
* System UpLoad Time = Jun 22 2023 10:44:00
* NMEA Latitude = 43 18.36 N
* NMEA Longitude = 070 17.10 W
* NMEA UTC (Time) = Jun 22 2023 10:43:59
** Cruise: HB2302
** Program: Ecomon
** Chief Scientist: Jerry Prezioso
# nquan = 7
# nvalues = 1685                                  
# units = specified
# name 0 = depSM: Depth [salt water, m]
# name 1 = tv290C: Temperature [ITS-90, deg C]
# name 2 = c0S/m: Conductivity [S/m]
# name 3 = sal00: Salinity, Practical [PSU]
# name 4 = scan: Scan Count
# name 5 = timeM: Time, Elapsed [minutes]
# name 6 = flag:  0.000e+00
# span 0 =      0.015,     52.388                 
# span 1 =     7.4135,    15.1838                 
# span 2 =   0.000633,   3.678344                 
# span 3 =     0.0096,    32.2052                 
# span 4 =         11,       1695                 
# span 5 =     0.0417,     7.0583                 
# span 6 = 0.0000e+00, 0.0000e+00                 
# interval = seconds: 0.25
# start_time = Jun 22 2023 10:43:59 [NMEA time, header]
# bad_flag = -9.990e-29
*END*
[from data line 206]
      6.045    15.1254   3.510672    27.8935        217     0.9000  0.000e+00
      6.190    15.1185   3.503383    27.8341        218     0.9042  0.000e+00
      6.317    15.1117   3.496744    27.7804        219     0.9083  0.000e+00
      6.440    15.1044   3.490256    27.7284        220     0.9125  0.000e+00
      6.537    15.0982   3.487758    27.7108        221     0.9167  0.000e+00
      6.631    15.0923   3.486490    27.7037        222     0.9208  0.000e+00
      6.718    15.0862   3.479946    27.6504        223     0.9250  0.000e+00
      6.806    15.0806   3.473117    27.5942        224     0.9292  0.000e+00
      6.884    15.0751   3.468565    27.5579        225     0.9333  0.000e+00
      6.972    15.0698   3.457827    27.4671        226     0.9375  0.000e+00
      7.065    15.0643   3.453371    27.4317        227     0.9417  0.000e+00
      7.174    15.0593   3.448748    27.3945        228     0.9458  0.000e+00
      7.270    15.0547   3.434210    27.2698        229     0.9500  0.000e+00
      7.373    15.0507   3.425161    27.1929        230     0.9542  0.000e+00
      7.485    15.0459   3.420966    27.1593        231     0.9583  0.000e+00
      7.596    15.0405   3.419489    27.1501        232     0.9625  0.000e+00
      7.711    15.0347   3.419257    27.1520        233     0.9667  0.000e+00
      7.835    15.0302   3.418976    27.1526        234     0.9708  0.000e+00
      7.949    15.0265   3.417931    27.1459        235     0.9750  0.000e+00
      8.067    15.0222   3.417662    27.1465        236     0.9792  0.000e+00
      8.185    15.0162   3.418920    27.1617        237     0.9833  0.000e+00
      8.303    15.0076   3.420084    27.1778        238     0.9875  0.000e+00
      8.426    14.9947   3.422369    27.2069        239     0.9917  0.000e+00
      8.535    14.9765   3.424743    27.2404        240     0.9958  0.000e+00
      8.659    14.9558   3.427042    27.2750        241     1.0000  0.000e+00
      8.782    14.9319   3.431917    27.3347        242     1.0042  0.000e+00
      8.903    14.9055   3.438965    27.4153        243     1.0083  0.000e+00
      9.024    14.8727   3.444720    27.4892        244     1.0125  0.000e+00
      9.142    14.8331   3.451295    27.5752        245     1.0167  0.000e+00
      9.265    14.7864   3.459862    27.6841        246     1.0208  0.000e+00
      9.386    14.7357   3.469193    27.8029        247     1.0250  0.000e+00
      9.510    14.6795   3.476007    27.9036        248     1.0292  0.000e+00
      9.622    14.6102   3.484031    28.0248        249     1.0333  0.000e+00
      9.730    14.5369   3.490409    28.1346        250     1.0375  0.000e+00
      9.836    14.4637   3.498900    28.2637        251     1.0417  0.000e+00
      9.938    14.3898   3.509663    28.4141        252     1.0458  0.000e+00
     10.038    14.3051   3.517034    28.5426        253     1.0500  0.000e+00
     10.141    14.2045   3.523994    28.6796        254     1.0542  0.000e+00
     10.234    14.0935   3.530331    28.8195        255     1.0583  0.000e+00
     10.328    13.9781   3.534802    28.9465        256     1.0625  0.000e+00
     10.424    13.8664   3.539110    29.0698        257     1.0667  0.000e+00
     10.527    13.7495   3.544734    29.2098        258     1.0708  0.000e+00
     10.630    13.6321   3.548724    29.3359        259     1.0750  0.000e+00
     10.748    13.5201   3.553229    29.4633        260     1.0792  0.000e+00
     10.859    13.4098   3.557406    29.5870        261     1.0833  0.000e+00
     10.995    13.2873   3.560708    29.7127        262     1.0875  0.000e+00
     11.134    13.1762   3.563463    29.8251        263     1.0917  0.000e+00
     11.276    13.0639   3.565755    29.9347        264     1.0958  0.000e+00
     11.424    12.9453   3.566571    30.0360        265     1.1000  0.000e+00
     11.572    12.8453   3.569023    30.1383        266     1.1042  0.000e+00
     11.728    12.7565   3.572360    30.2406        267     1.1083  0.000e+00
     11.885    12.6631   3.573635    30.3274        268     1.1125  0.000e+00
     12.033    12.5700   3.574267    30.4083        269     1.1167  0.000e+00
     12.190    12.4991   3.575127    30.4738        270     1.1208  0.000e+00
     12.326    12.4384   3.576237    30.5335        271     1.1250  0.000e+00
     12.453    12.3757   3.576945    30.5911        272     1.1292  0.000e+00
     12.577    12.3132   3.577481    30.6472        273     1.1333  0.000e+00
     12.685    12.2596   3.578233    30.6981        274     1.1375  0.000e+00
     12.788    12.2072   3.578387    30.7426        275     1.1417  0.000e+00
     12.878    12.1429   3.578254    30.7941        276     1.1458  0.000e+00
     12.969    12.0758   3.577324    30.8405        277     1.1500  0.000e+00
     13.059    12.0119   3.576701    30.8873        278     1.1542  0.000e+00
     13.141    11.9515   3.575427    30.9251        279     1.1583  0.000e+00
     13.216    11.8994   3.574804    30.9623        280     1.1625  0.000e+00
     13.301    11.8480   3.572550    30.9833        281     1.1667  0.000e+00
     13.382    11.7991   3.572748    31.0259        282     1.1708  0.000e+00
     13.476    11.7515   3.572576    31.0639        283     1.1750  0.000e+00
     13.558    11.7077   3.572418    31.0990        284     1.1792  0.000e+00
     13.657    11.6594   3.572087    31.1363        285     1.1833  0.000e+00
     13.766    11.6133   3.570146    31.1562        286     1.1875  0.000e+00
     13.884    11.5743   3.569242    31.1801        287     1.1917  0.000e+00
     14.007    11.5424   3.568517    31.1998        288     1.1958  0.000e+00
     14.134    11.5127   3.567365    31.2137        289     1.2000  0.000e+00
     14.273    11.4798   3.566506    31.2330        290     1.2042  0.000e+00
     14.421    11.4489   3.566704    31.2609        291     1.2083  0.000e+00
     14.566    11.4174   3.566087    31.2815        292     1.2125  0.000e+00
     14.717    11.3826   3.566285    31.3128        293     1.2167  0.000e+00
     14.865    11.3373   3.565516    31.3437        294     1.2208  0.000e+00
     15.019    11.2985   3.564918    31.3707        295     1.2250  0.000e+00
     15.169    11.2616   3.564104    31.3941        296     1.2292  0.000e+00
     15.314    11.2291   3.563309    31.4140        297     1.2333  0.000e+00
     15.459    11.1983   3.563335    31.4404        298     1.2375  0.000e+00
     15.601    11.1693   3.562801    31.4599        299     1.2417  0.000e+00
     15.740    11.1379   3.562763    31.4863        300     1.2458  0.000e+00
     15.876    11.1053   3.561682    31.5036        301     1.2500  0.000e+00
     15.996    11.0839   3.561148    31.5166        302     1.2542  0.000e+00
     16.111    11.0624   3.560538    31.5290        303     1.2583  0.000e+00
     16.226    11.0422   3.560208    31.5430        304     1.2625  0.000e+00
     16.328    11.0256   3.560227    31.5574        305     1.2667  0.000e+00
     16.428    11.0118   3.559280    31.5599        306     1.2708  0.000e+00
     16.519    10.9968   3.558600    31.5661        307     1.2750  0.000e+00
     16.606    10.9812   3.558384    31.5773        308     1.2792  0.000e+00
     16.691    10.9659   3.557920    31.5858        309     1.2833  0.000e+00
     16.778    10.9529   3.557240    31.5903        310     1.2875  0.000e+00
     16.860    10.9417   3.556382    31.5914        311     1.2917  0.000e+00
     16.950    10.9307   3.554729    31.5846        312     1.2958  0.000e+00
     17.050    10.9174   3.552708    31.5761        313     1.3000  0.000e+00
     17.159    10.9011   3.551241    31.5755        314     1.3042  0.000e+00
     17.270    10.8803   3.549679    31.5779        315     1.3083  0.000e+00
     17.400    10.8561   3.548231    31.5844        316     1.3125  0.000e+00
     17.536    10.8309   3.545234    31.5765        317     1.3167  0.000e+00
     17.678    10.8092   3.541971    31.5629        318     1.3208  0.000e+00
     17.826    10.7837   3.539605    31.5613        319     1.3250  0.000e+00
     17.992    10.7541   3.537030    31.5613        320     1.3292  0.000e+00
     18.149    10.7222   3.535083    31.5695        321     1.3333  0.000e+00
     18.309    10.6917   3.532401    31.5692        322     1.3375  0.000e+00
     18.472    10.6592   3.527585    31.5493        323     1.3417  0.000e+00
     18.623    10.6281   3.523556    31.5361        324     1.3458  0.000e+00
     18.771    10.5949   3.521359    31.5428        325     1.3500  0.000e+00
     18.915    10.5531   3.519669    31.5621        326     1.3542  0.000e+00
     19.045    10.5151   3.516695    31.5653        327     1.3583  0.000e+00
     19.178    10.4855   3.514000    31.5640        328     1.3625  0.000e+00
     19.299    10.4562   3.510578    31.5553        329     1.3667  0.000e+00
     19.413    10.4175   3.507853    31.5615        330     1.3708  0.000e+00
     19.519    10.3748   3.504541    31.5655        331     1.3750  0.000e+00
     19.628    10.3344   3.501585    31.5709        332     1.3792  0.000e+00
     19.727    10.2935   3.499229    31.5828        333     1.3833  0.000e+00
     19.827    10.2593   3.495655    31.5767        334     1.3875  0.000e+00
     19.930    10.2372   3.491691    31.5561        335     1.3917  0.000e+00
     20.029    10.2087   3.487969    31.5435        336     1.3958  0.000e+00
     20.129    10.1657   3.485075    31.5518        337     1.4000  0.000e+00
     20.237    10.1213   3.482515    31.5647        338     1.4042  0.000e+00
     20.352    10.0838   3.479944    31.5714        339     1.4083  0.000e+00
     20.470    10.0467   3.477972    31.5839        340     1.4125  0.000e+00
     20.594    10.0096   3.475276    31.5891        341     1.4167  0.000e+00
     20.720     9.9774   3.473607    31.6003        342     1.4208  0.000e+00
     20.853     9.9485   3.473072    31.6202        343     1.4250  0.000e+00
     20.992     9.9228   3.471656    31.6283        344     1.4292  0.000e+00
     21.134     9.8998   3.470869    31.6404        345     1.4333  0.000e+00
     21.279     9.8798   3.469119    31.6402        346     1.4375  0.000e+00
     21.427     9.8651   3.467301    31.6346        347     1.4417  0.000e+00
     21.560     9.8479   3.466942    31.6460        348     1.4458  0.000e+00
     21.711     9.8303   3.466061    31.6525        349     1.4500  0.000e+00
     21.852     9.8092   3.465231    31.6625        350     1.4542  0.000e+00
     22.000     9.7899   3.464105    31.6680        351     1.4583  0.000e+00
     22.139     9.7795   3.462464    31.6604        352     1.4625  0.000e+00
     22.284     9.7664   3.461671    31.6639        353     1.4667  0.000e+00
     22.438     9.7471   3.460181    31.6656        354     1.4708  0.000e+00
     22.586     9.7326   3.459244    31.6688        355     1.4750  0.000e+00
     22.734     9.7192   3.458163    31.6695        356     1.4792  0.000e+00
     22.879     9.7042   3.457522    31.6761        357     1.4833  0.000e+00
     23.033     9.6860   3.461528    31.7329        358     1.4875  0.000e+00
     23.175     9.6684   3.452376    31.6552        359     1.4917  0.000e+00
     23.319     9.5626   3.385366    31.0656        360     1.4958  0.000e+00
     23.458     9.2619   3.377361    31.2453        361     1.5000  0.000e+00
     23.591     8.9974   3.374823    31.4517        362     1.5042  0.000e+00
     23.718     8.8309   3.373206    31.5826        363     1.5083  0.000e+00
     23.854     8.7371   3.372242    31.6562        364     1.5125  0.000e+00
     23.968     8.6839   3.369330    31.6734        365     1.5167  0.000e+00
     24.086     8.6439   3.365921    31.6736        366     1.5208  0.000e+00
     24.201     8.6061   3.360051    31.6461        367     1.5250  0.000e+00
     24.325     8.5566   3.351093    31.5967        368     1.5292  0.000e+00
     24.448     8.4860   3.342565    31.5706        369     1.5333  0.000e+00
     24.569     8.4044   3.338721    31.6033        370     1.5375  0.000e+00
     24.693     8.3355   3.335399    31.6303        371     1.5417  0.000e+00
     24.823     8.2797   3.332790    31.6530        372     1.5458  0.000e+00
     24.956     8.2355   3.330238    31.6659        373     1.5500  0.000e+00
     25.088     8.1983   3.328095    31.6768        374     1.5542  0.000e+00
     25.230     8.1676   3.326981    31.6927        375     1.5583  0.000e+00
     25.372     8.1435   3.326337    31.7075        376     1.5625  0.000e+00
     25.514     8.1265   3.326715    31.7268        377     1.5667  0.000e+00
     25.665     8.1187   3.331138    31.7806        378     1.5708  0.000e+00
     25.816     8.1276   3.334806    31.8113        379     1.5750  0.000e+00
     25.970     8.1450   3.335909    31.8071        380     1.5792  0.000e+00
     26.118     8.1600   3.336337    31.7980        381     1.5833  0.000e+00
     26.266     8.1702   3.337688    31.8029        382     1.5875  0.000e+00
     26.417     8.1766   3.339883    31.8202        383     1.5917  0.000e+00
     26.574     8.1821   3.341893    31.8364        384     1.5958  0.000e+00
     26.722     8.1871   3.342662    31.8399        385     1.6000  0.000e+00
     26.879     8.1915   3.342898    31.8384        386     1.6042  0.000e+00
     27.023     8.1959   3.343413    31.8397        387     1.6083  0.000e+00
     27.177     8.1988   3.343494    31.8379        388     1.6125  0.000e+00
     27.331     8.2004   3.343394    31.8353        389     1.6167  0.000e+00
     27.485     8.2014   3.343674    31.8373        390     1.6208  0.000e+00
     27.645     8.2027   3.344213    31.8418        391     1.6250  0.000e+00
     27.799     8.2046   3.344989    31.8481        392     1.6292  0.000e+00
     27.950     8.2068   3.345591    31.8524        393     1.6333  0.000e+00
     28.101     8.2096   3.347074    31.8655        394     1.6375  0.000e+00
     28.255     8.2161   3.349558    31.8858        395     1.6417  0.000e+00
     28.412     8.2280   3.351184    31.8920        396     1.6458  0.000e+00
     28.554     8.2428   3.356905    31.9389        397     1.6500  0.000e+00
     28.696     8.2704   3.364216    31.9909        398     1.6542  0.000e+00
     28.841     8.3123   3.366797    31.9799        399     1.6583  0.000e+00
     28.983     8.3502   3.366734    31.9448        400     1.6625  0.000e+00
     29.125     8.3742   3.369273    31.9496        401     1.6667  0.000e+00
     29.273     8.3933   3.370860    31.9489        402     1.6708  0.000e+00
     29.408     8.4105   3.371731    31.9424        403     1.6750  0.000e+00
     29.556     8.4237   3.371606    31.9291        404     1.6792  0.000e+00
     29.707     8.4312   3.371905    31.9253        405     1.6833  0.000e+00
     29.849     8.4362   3.372615    31.9282        406     1.6875  0.000e+00
     30.003     8.4412   3.374894    31.9475        407     1.6917  0.000e+00
     30.154     8.4528   3.379440    31.9846        408     1.6958  0.000e+00
     30.308     8.4753   3.382325    31.9945        409     1.7000  0.000e+00
     30.465     8.4999   3.383179    31.9811        410     1.7042  0.000e+00
     30.616     8.5196   3.384157    31.9734        411     1.7083  0.000e+00
     30.773     8.5343   3.385174    31.9706        412     1.7125  0.000e+00
     30.927     8.5459   3.385535    31.9638        413     1.7167  0.000e+00
     31.084     8.5543   3.385940    31.9604        414     1.7208  0.000e+00
     31.241     8.5606   3.386289    31.9583        415     1.7250  0.000e+00
     31.392     8.5652   3.386383    31.9550        416     1.7292  0.000e+00
     31.534     8.5682   3.386395    31.9524        417     1.7333  0.000e+00
     31.685     8.5698   3.386626    31.9533        418     1.7375  0.000e+00
     31.839     8.5711   3.386776    31.9536        419     1.7417  0.000e+00
     31.992     8.5725   3.386626    31.9507        420     1.7458  0.000e+00
