HB2302/sbe127.cnv
* Sea-Bird SBE 19plus V2 Data File:
* FileName = C:\cruise\data\sbe127.hex
* Software Version Seasave V 7.26.7.121
* Temperature SN = 4758
* Conductivity SN = 4758
* System UpLoad Time = Jun 20 2023 03:03:57
* NMEA Latitude = 43 26.45 N
* NMEA Longitude = 066 19.80 W
* NMEA UTC (Time) = Jun 20 2023 03:03:57
** Cruise: HB2302
** Program: Ecomon
** Chief Scientist: Jerry Prezioso
# nquan = 7
# nvalues = 1464                                  
# units = specified
# name 0 = depSM: Depth [salt water, m]
# name 1 = tv290C: Temperature [ITS-90, deg C]
# name 2 = c0S/m: Conductivity [S/m]
# name 3 = sal00: Salinity, Practical [PSU]
# name 4 = scan: Scan Count
# name 5 = timeM: Time, Elapsed [minutes]
# name 6 = flag:  0.000e+00
# span 0 =     -0.047,     58.329                 
# span 1 =     7.7549,     9.5991                 
# span 2 =   0.000301,   3.418936                 
# span 3 =     0.0058,    32.1699                 
# span 4 =         11,       1474                 
# span 5 =     0.0417,     6.1375                 
# span 6 = 0.0000e+00, 0.0000e+00                 
# interval = seconds: 0.25
# start_time = Jun 20 2023 03:03:57 [NMEA time, header]
# bad_flag = -9.990e-29
*END*
[from data line 821]
     29.232     7.7724   3.280374    31.5536        832     3.4625  0.000e+00
     29.180     7.7722   3.280350    31.5535        833     3.4667  0.000e+00
     29.126     7.7723   3.280368    31.5536        834     3.4708  0.000e+00
     29.060     7.7721   3.280337    31.5535        835     3.4750  0.000e+00
     29.002     7.7719   3.280282    31.5532        836     3.4792  0.000e+00
     28.945     7.7720   3.280374    31.5541        837     3.4833  0.000e+00
     28.891     7.7720   3.280411    31.5545        838     3.4875  0.000e+00
     28.840     7.7721   3.280349    31.5537        839     3.4917  0.000e+00
     28.788     7.7723   3.280374    31.5539        840     3.4958  0.000e+00
     28.740     7.7721   3.280325    31.5536        841     3.5000  0.000e+00
     28.698     7.7721   3.280319    31.5535        842     3.5042  0.000e+00
     28.653     7.7720   3.280306    31.5535        843     3.5083  0.000e+00
     28.608     7.7721   3.280325    31.5536        844     3.5125  0.000e+00
     28.562     7.7720   3.280294    31.5534        845     3.5167  0.000e+00
     28.520     7.7721   3.280306    31.5535        846     3.5208  0.000e+00
     28.484     7.7720   3.280239    31.5528        847     3.5250  0.000e+00
     28.442     7.7720   3.280239    31.5529        848     3.5292  0.000e+00
     28.403     7.7717   3.280238    31.5531        849     3.5333  0.000e+00
     28.364     7.7719   3.280257    31.5532        850     3.5375  0.000e+00
     28.315     7.7718   3.280029    31.5508        851     3.5417  0.000e+00
     28.264     7.7716   3.279653    31.5471        852     3.5458  0.000e+00
     28.219     7.7709   3.279395    31.5450        853     3.5500  0.000e+00
     28.174     7.7700   3.278976    31.5413        854     3.5542  0.000e+00
     28.125     7.7690   3.279124    31.5438        855     3.5583  0.000e+00
     28.083     7.7684   3.279155    31.5447        856     3.5625  0.000e+00
     28.038     7.7684   3.279438    31.5478        857     3.5667  0.000e+00
     28.008     7.7686   3.279536    31.5487        858     3.5708  0.000e+00
     27.960     7.7689   3.279629    31.5494        859     3.5750  0.000e+00
     27.914     7.7693   3.279758    31.5504        860     3.5792  0.000e+00
     27.872     7.7698   3.279518    31.5474        861     3.5833  0.000e+00
     27.833     7.7700   3.279733    31.5496        862     3.5875  0.000e+00
     27.794     7.7703   3.279733    31.5493        863     3.5917  0.000e+00
     27.758     7.7702   3.279715    31.5492        864     3.5958  0.000e+00
     27.709     7.7703   3.279524    31.5471        865     3.6000  0.000e+00
     27.661     7.7700   3.279333    31.5454        866     3.6042  0.000e+00
     27.616     7.7695   3.279524    31.5478        867     3.6083  0.000e+00
     27.568     7.7696   3.279672    31.5494        868     3.6125  0.000e+00
     27.532     7.7698   3.279696    31.5494        869     3.6167  0.000e+00
     27.489     7.7702   3.279315    31.5451        870     3.6208  0.000e+00
     27.444     7.7697   3.279173    31.5441        871     3.6250  0.000e+00
     27.405     7.7692   3.279081    31.5435        872     3.6292  0.000e+00
     27.357     7.7686   3.278890    31.5420        873     3.6333  0.000e+00
     27.324     7.7679   3.278693    31.5406        874     3.6375  0.000e+00
     27.284     7.7671   3.278853    31.5431        875     3.6417  0.000e+00
     27.239     7.7669   3.278705    31.5417        876     3.6458  0.000e+00
     27.191     7.7666   3.278957    31.5447        877     3.6500  0.000e+00
     27.152     7.7667   3.278853    31.5434        878     3.6542  0.000e+00
     27.097     7.7667   3.278877    31.5437        879     3.6583  0.000e+00
     27.055     7.7667   3.278890    31.5439        880     3.6625  0.000e+00
     27.004     7.7667   3.278809    31.5431        881     3.6667  0.000e+00
     26.965     7.7666   3.278834    31.5434        882     3.6708  0.000e+00
     26.920     7.7665   3.278828    31.5435        883     3.6750  0.000e+00
     26.880     7.7666   3.279080    31.5461        884     3.6792  0.000e+00
     26.832     7.7667   3.279056    31.5458        885     3.6833  0.000e+00
     26.784     7.7668   3.278766    31.5426        886     3.6875  0.000e+00
     26.751     7.7667   3.278877    31.5439        887     3.6917  0.000e+00
     26.715     7.7664   3.278514    31.5403        888     3.6958  0.000e+00
     26.672     7.7660   3.278428    31.5398        889     3.7000  0.000e+00
     26.636     7.7655   3.278735    31.5435        890     3.7042  0.000e+00
     26.600     7.7656   3.278976    31.5460        891     3.7083  0.000e+00
     26.564     7.7662   3.278896    31.5447        892     3.7125  0.000e+00
     26.540     7.7663   3.278852    31.5441        893     3.7167  0.000e+00
     26.501     7.7662   3.278705    31.5427        894     3.7208  0.000e+00
     26.467     7.7660   3.278815    31.5440        895     3.7250  0.000e+00
     26.431     7.7658   3.278852    31.5446        896     3.7292  0.000e+00
     26.398     7.7661   3.278852    31.5443        897     3.7333  0.000e+00
     26.365     7.7662   3.278655    31.5421        898     3.7375  0.000e+00
     26.326     7.7659   3.278889    31.5449        899     3.7417  0.000e+00
     26.287     7.7664   3.279554    31.5516        900     3.7458  0.000e+00
     26.241     7.7676   3.279333    31.5482        901     3.7500  0.000e+00
     26.196     7.7683   3.279585    31.5502        902     3.7542  0.000e+00
     26.148     7.7689   3.279696    31.5509        903     3.7583  0.000e+00
     26.103     7.7697   3.279714    31.5504        904     3.7625  0.000e+00
     26.054     7.7701   3.279628    31.5492        905     3.7667  0.000e+00
     26.015     7.7700   3.279573    31.5486        906     3.7708  0.000e+00
     25.961     7.7698   3.279610    31.5493        907     3.7750  0.000e+00
     25.907     7.7700   3.279634    31.5494        908     3.7792  0.000e+00
     25.855     7.7702   3.279610    31.5489        909     3.7833  0.000e+00
     25.801     7.7702   3.279542    31.5482        910     3.7875  0.000e+00
     25.747     7.7702   3.279554    31.5485        911     3.7917  0.000e+00
     25.693     7.7700   3.279480    31.5478        912     3.7958  0.000e+00
     25.638     7.7701   3.279776    31.5509        913     3.8000  0.000e+00
     25.575     7.7706   3.279973    31.5526        914     3.8042  0.000e+00
     25.524     7.7714   3.280090    31.5532        915     3.8083  0.000e+00
     25.467     7.7721   3.280496    31.5569        916     3.8125  0.000e+00
     25.415     7.7730   3.279542    31.5459        917     3.8167  0.000e+00
     25.355     7.7725   3.279542    31.5463        918     3.8208  0.000e+00
     25.310     7.7716   3.279197    31.5435        919     3.8250  0.000e+00
     25.265     7.7705   3.279018    31.5427        920     3.8292  0.000e+00
     25.213     7.7694   3.278932    31.5428        921     3.8333  0.000e+00
     25.168     7.7686   3.278932    31.5435        922     3.8375  0.000e+00
     25.114     7.7682   3.278809    31.5426        923     3.8417  0.000e+00
     25.072     7.7679   3.278852    31.5433        924     3.8458  0.000e+00
     25.036     7.7676   3.278852    31.5436        925     3.8500  0.000e+00
     24.993     7.7675   3.278723    31.5423        926     3.8542  0.000e+00
     24.948     7.7671   3.278833    31.5439        927     3.8583  0.000e+00
     24.906     7.7670   3.278827    31.5440        928     3.8625  0.000e+00
     24.855     7.7671   3.279234    31.5482        929     3.8667  0.000e+00
     24.815     7.7678   3.279732    31.5529        930     3.8708  0.000e+00
     24.758     7.7695   3.281081    31.5658        931     3.8750  0.000e+00
     24.701     7.7726   3.281075    31.5629        932     3.8792  0.000e+00
     24.632     7.7752   3.280262    31.5519        933     3.8833  0.000e+00
     24.562     7.7751   3.279523    31.5442        934     3.8875  0.000e+00
     24.502     7.7733   3.279277    31.5432        935     3.8917  0.000e+00
     24.427     7.7715   3.279732    31.5497        936     3.8958  0.000e+00
     24.351     7.7713   3.279652    31.5491        937     3.9000  0.000e+00
     24.276     7.7712   3.279800    31.5508        938     3.9042  0.000e+00
     24.197     7.7712   3.279209    31.5445        939     3.9083  0.000e+00
     24.122     7.7703   3.279615    31.5497        940     3.9125  0.000e+00
     24.050     7.7705   3.280237    31.5562        941     3.9167  0.000e+00
     23.980     7.7717   3.280410    31.5570        942     3.9208  0.000e+00
     23.908     7.7730   3.280373    31.5554        943     3.9250  0.000e+00
     23.836     7.7738   3.280662    31.5578        944     3.9292  0.000e+00
     23.766     7.7748   3.280453    31.5548        945     3.9333  0.000e+00
     23.688     7.7749   3.280514    31.5553        946     3.9375  0.000e+00
     23.634     7.7748   3.280471    31.5550        947     3.9417  0.000e+00
     23.570     7.7747   3.280335    31.5537        948     3.9458  0.000e+00
     23.516     7.7746   3.279966    31.5498        949     3.9500  0.000e+00
     23.459     7.7739   3.279874    31.5495        950     3.9542  0.000e+00
     23.408     7.7732   3.279800    31.5494        951     3.9583  0.000e+00
     23.356     7.7724   3.279880    31.5510        952     3.9625  0.000e+00
     23.305     7.7724   3.280157    31.5540        953     3.9667  0.000e+00
     23.263     7.7727   3.279947    31.5514        954     3.9708  0.000e+00
     23.212     7.7729   3.279627    31.5479        955     3.9750  0.000e+00
     23.166     7.7722   3.279756    31.5499        956     3.9792  0.000e+00
     23.121     7.7717   3.279104    31.5435        957     3.9833  0.000e+00
     23.079     7.7703   3.278654    31.5399        958     3.9875  0.000e+00
     23.028     7.7689   3.278851    31.5433        959     3.9917  0.000e+00
     22.976     7.7681   3.278888    31.5445        960     3.9958  0.000e+00
     22.928     7.7680   3.278636    31.5419        961     4.0000  0.000e+00
     22.874     7.7676   3.278679    31.5427        962     4.0042  0.000e+00
     22.814     7.7675   3.278636    31.5424        963     4.0083  0.000e+00
     22.771     7.7671   3.278513    31.5415        964     4.0125  0.000e+00
     22.702     7.7667   3.278931    31.5463        965     4.0167  0.000e+00
     22.630     7.7672   3.279313    31.5500        966     4.0208  0.000e+00
     22.566     7.7682   3.279079    31.5466        967     4.0250  0.000e+00
     22.503     7.7687   3.278931    31.5446        968     4.0292  0.000e+00
     22.443     7.7686   3.279171    31.5473        969     4.0333  0.000e+00
     22.382     7.7686   3.279522    31.5510        970     4.0375  0.000e+00
     22.307     7.7696   3.279793    31.5531        971     4.0417  0.000e+00
     22.238     7.7707   3.279861    31.5528        972     4.0458  0.000e+00
     22.180     7.7714   3.279818    31.5518        973     4.0500  0.000e+00
     22.108     7.7716   3.279436    31.5475        974     4.0542  0.000e+00
     22.048     7.7713   3.279183    31.5452        975     4.0583  0.000e+00
     21.994     7.7700   3.279461    31.5493        976     4.0625  0.000e+00
     21.921     7.7698   3.279676    31.5518        977     4.0667  0.000e+00
     21.855     7.7703   3.279479    31.5493        978     4.0708  0.000e+00
     21.801     7.7702   3.279036    31.5447        979     4.0750  0.000e+00
     21.743     7.7694   3.278888    31.5439        980     4.0792  0.000e+00
     21.683     7.7686   3.278783    31.5435        981     4.0833  0.000e+00
     21.629     7.7679   3.278875    31.5451        982     4.0875  0.000e+00
     21.568     7.7674   3.278722    31.5440        983     4.0917  0.000e+00
     21.514     7.7671   3.278617    31.5431        984     4.0958  0.000e+00
     21.466     7.7668   3.278475    31.5419        985     4.1000  0.000e+00
     21.412     7.7665   3.278426    31.5417        986     4.1042  0.000e+00
     21.375     7.7662   3.278592    31.5438        987     4.1083  0.000e+00
     21.330     7.7665   3.278955    31.5474        988     4.1125  0.000e+00
     21.288     7.7671   3.278531    31.5423        989     4.1167  0.000e+00
     21.258     7.7671   3.278635    31.5434        990     4.1208  0.000e+00
     21.225     7.7668   3.279060    31.5483        991     4.1250  0.000e+00
     21.201     7.7674   3.279503    31.5525        992     4.1292  0.000e+00
     21.168     7.7686   3.279491    31.5513        993     4.1333  0.000e+00
     21.143     7.7697   3.279503    31.5504        994     4.1375  0.000e+00
     21.113     7.7703   3.279596    31.5508        995     4.1417  0.000e+00
     21.095     7.7708   3.279947    31.5542        996     4.1458  0.000e+00
     21.068     7.7716   3.279731    31.5511        997     4.1500  0.000e+00
     21.041     7.7718   3.279195    31.5453        998     4.1542  0.000e+00
     20.999     7.7710   3.279312    31.5473        999     4.1583  0.000e+00
     20.963     7.7706   3.279713    31.5519       1000     4.1625  0.000e+00
     20.923     7.7711   3.279756    31.5520       1001     4.1667  0.000e+00
     20.878     7.7715   3.279670    31.5507       1002     4.1708  0.000e+00
     20.818     7.7717   3.279275    31.5463       1003     4.1750  0.000e+00
     20.767     7.7712   3.279251    31.5465       1004     4.1792  0.000e+00
     20.709     7.7706   3.279226    31.5468       1005     4.1833  0.000e+00
     20.658     7.7702   3.278475    31.5392       1006     4.1875  0.000e+00
     20.607     7.7689   3.278617    31.5419       1007     4.1917  0.000e+00
     20.537     7.7679   3.278672    31.5435       1008     4.1958  0.000e+00
     20.477     7.7678   3.278512    31.5419       1009     4.2000  0.000e+00
     20.426     7.7673   3.278278    31.5399       1010     4.2042  0.000e+00
     20.375     7.7668   3.278253    31.5400       1011     4.2083  0.000e+00
     20.336     7.7664   3.278130    31.5391       1012     4.2125  0.000e+00
     20.287     7.7659   3.277982    31.5381       1013     4.2167  0.000e+00
     20.251     7.7655   3.277995    31.5385       1014     4.2208  0.000e+00
     20.203     7.7654   3.278007    31.5388       1015     4.2250  0.000e+00
     20.173     7.7655   3.278050    31.5392       1016     4.2292  0.000e+00
     20.134     7.7655   3.278087    31.5396       1017     4.2333  0.000e+00
     20.097     7.7655   3.278025    31.5390       1018     4.2375  0.000e+00
     20.061     7.7652   3.278050    31.5395       1019     4.2417  0.000e+00
     20.034     7.7654   3.278025    31.5391       1020     4.2458  0.000e+00
     20.004     7.7654   3.278007    31.5389       1021     4.2500  0.000e+00
     19.971     7.7654   3.278192    31.5409       1022     4.2542  0.000e+00
     19.944     7.7654   3.278235    31.5414       1023     4.2583  0.000e+00
     19.913     7.7656   3.278155    31.5403       1024     4.2625  0.000e+00
     19.892     7.7657   3.278111    31.5398       1025     4.2667  0.000e+00
     19.871     7.7657   3.278155    31.5403       1026     4.2708  0.000e+00
     19.847     7.7657   3.278130    31.5400       1027     4.2750  0.000e+00
     19.841     7.7657   3.278068    31.5394       1028     4.2792  0.000e+00
     19.817     7.7657   3.278007    31.5387       1029     4.2833  0.000e+00
     19.799     7.7658   3.278075    31.5393       1030     4.2875  0.000e+00
     19.784     7.7657   3.278050    31.5392       1031     4.2917  0.000e+00
     19.769     7.7657   3.278315    31.5420       1032     4.2958  0.000e+00
     19.742     7.7657   3.277816    31.5367       1033     4.3000  0.000e+00
     19.724     7.7652   3.277145    31.5300       1034     4.3042  0.000e+00
     19.705     7.7643   3.276892    31.5282       1035     4.3083  0.000e+00
