HB2302/sbe160.cnv
* Sea-Bird SBE 19plus V2 Data File:
* FileName = C:\cruise\data\sbe160.hex
* Software Version Seasave V 7.26.7.121
* Temperature SN = 4758
* Conductivity SN = 4758
* System UpLoad Time = Jun 22 2023 23:09:40
* NMEA Latitude = 42 19.11 N
* NMEA Longitude = 070 16.76 W
* NMEA UTC (Time) = Jun 22 2023 23:09:39
** Cruise: HB2302
** Program: Ecomon
** Chief Scientist: Jerry Prezioso
# nquan = 7
# nvalues = 1158                                  
# units = specified
# name 0 = depSM: Depth [salt water, m]
# name 1 = tv290C: Temperature [ITS-90, deg C]
# name 2 = c0S/m: Conductivity [S/m]
# name 3 = sal00: Salinity, Practical [PSU]
# name 4 = scan: Scan Count
# name 5 = timeM: Time, Elapsed [minutes]
# name 6 = flag:  0.000e+00
# span 0 =     -0.006,     30.294                 
# span 1 =     9.0266,    16.7247                 
# span 2 =   0.000740,   3.954150                 
# span 3 =     0.0107,    31.6675                 
# span 4 =         11,       1168                 
# span 5 =     0.0417,     4.8625                 
# span 6 = 0.0000e+00, 0.0000e+00                 
# interval = seconds: 0.25
# start_time = Jun 22 2023 23:09:39 [NMEA time, header]
# bad_flag = -9.990e-29
*END*
[from data line 206]
     18.687    16.1237   3.891255    30.4868        217     0.9000  0.000e+00
     18.796    16.0879   3.885517    30.4642        218     0.9042  0.000e+00
     18.922    16.0395   3.883694    30.4853        219     0.9083  0.000e+00
     19.061    15.9796   3.879725    30.4966        220     0.9125  0.000e+00
     19.221    15.9251   3.873902    30.4874        221     0.9167  0.000e+00
     19.390    15.8753   3.864028    30.4391        222     0.9208  0.000e+00
     19.560    15.8161   3.856284    30.4166        223     0.9250  0.000e+00
     19.750    15.7312   3.851257    30.4376        224     0.9292  0.000e+00
     19.934    15.6434   3.846724    30.4653        225     0.9333  0.000e+00
     20.130    15.5516   3.843558    30.5082        226     0.9375  0.000e+00
     20.311    15.4665   3.837613    30.5215        227     0.9417  0.000e+00
     20.487    15.3965   3.833893    30.5428        228     0.9458  0.000e+00
     20.647    15.3242   3.831189    30.5749        229     0.9500  0.000e+00
     20.792    15.2585   3.827196    30.5905        230     0.9542  0.000e+00
     20.924    15.2026   3.828035    30.6416        231     0.9583  0.000e+00
     21.045    15.1405   3.704046    29.5869        232     0.9625  0.000e+00
     21.163    14.4275   3.476530    28.0857        233     0.9667  0.000e+00
     21.281    12.7473   3.449627    29.0936        234     0.9708  0.000e+00
     21.386    11.3732   3.435139    30.0425        235     0.9750  0.000e+00
     21.492    10.4847   3.428123    30.7089        236     0.9792  0.000e+00
     21.601     9.9601   3.424508    31.1196        237     0.9833  0.000e+00
     21.712     9.6695   3.422977    31.3559        238     0.9875  0.000e+00
     21.833     9.5146   3.421001    31.4712        239     0.9917  0.000e+00
     21.960     9.4242   3.419049    31.5307        240     0.9958  0.000e+00
     22.102     9.3692   3.416659    31.5545        241     1.0000  0.000e+00
     22.244     9.3328   3.414620    31.5657        242     1.0042  0.000e+00
     22.386     9.3041   3.413156    31.5760        243     1.0083  0.000e+00
     22.543     9.2797   3.411981    31.5854        244     1.0125  0.000e+00
     22.691     9.2595   3.410437    31.5873        245     1.0167  0.000e+00
     22.836     9.2409   3.409030    31.5893        246     1.0208  0.000e+00
     22.984     9.2241   3.407124    31.5845        247     1.0250  0.000e+00
     23.126     9.2049   3.405281    31.5824        248     1.0292  0.000e+00
     23.264     9.1835   3.404575    31.5940        249     1.0333  0.000e+00
     23.403     9.1659   3.403319    31.5967        250     1.0375  0.000e+00
     23.542     9.1500   3.403413    31.6117        251     1.0417  0.000e+00
     23.666     9.1401   3.402845    31.6145        252     1.0458  0.000e+00
     23.802     9.1340   3.402301    31.6143        253     1.0500  0.000e+00
     23.938     9.1293   3.401920    31.6145        254     1.0542  0.000e+00
     24.074     9.1249   3.401527    31.6142        255     1.0583  0.000e+00
     24.213     9.1211   3.401002    31.6121        256     1.0625  0.000e+00
     24.348     9.1172   3.400359    31.6089        257     1.0667  0.000e+00
     24.499     9.1117   3.400534    31.6155        258     1.0708  0.000e+00
     24.644     9.1094   3.400984    31.6222        259     1.0750  0.000e+00
     24.789     9.1103   3.399479    31.6057        260     1.0792  0.000e+00
     24.943     9.1068   3.399061    31.6045        261     1.0833  0.000e+00
     25.091     9.1011   3.398817    31.6069        262     1.0875  0.000e+00
     25.239     9.0961   3.398374    31.6067        263     1.0917  0.000e+00
     25.384     9.0920   3.398249    31.6090        264     1.0958  0.000e+00
     25.523     9.0886   3.397962    31.6090        265     1.1000  0.000e+00
     25.656     9.0859   3.398025    31.6120        266     1.1042  0.000e+00
     25.780     9.0844   3.397769    31.6107        267     1.1083  0.000e+00
     25.907     9.0835   3.397669    31.6103        268     1.1125  0.000e+00
     26.018     9.0833   3.397712    31.6110        269     1.1167  0.000e+00
     26.127     9.0840   3.397438    31.6074        270     1.1208  0.000e+00
     26.233     9.0835   3.397294    31.6063        271     1.1250  0.000e+00
     26.329     9.0830   3.397812    31.6121        272     1.1292  0.000e+00
     26.426     9.0842   3.397507    31.6079        273     1.1333  0.000e+00
     26.514     9.0851   3.397544    31.6074        274     1.1375  0.000e+00
     26.601     9.0854   3.397207    31.6036        275     1.1417  0.000e+00
     26.698     9.0841   3.397132    31.6039        276     1.1458  0.000e+00
     26.800     9.0826   3.396751    31.6013        277     1.1500  0.000e+00
     26.909     9.0807   3.396564    31.6010        278     1.1542  0.000e+00
     27.033     9.0790   3.396801    31.6049        279     1.1583  0.000e+00
     27.160     9.0788   3.396421    31.6011        280     1.1625  0.000e+00
     27.311     9.0783   3.396483    31.6021        281     1.1667  0.000e+00
     27.471     9.0775   3.396452    31.6024        282     1.1708  0.000e+00
     27.655     9.0767   3.396003    31.5984        283     1.1750  0.000e+00
     27.836     9.0748   3.395834    31.5983        284     1.1792  0.000e+00
     28.035     9.0725   3.395947    31.6014        285     1.1833  0.000e+00
     28.241     9.0715   3.396003    31.6028        286     1.1875  0.000e+00
     28.449     9.0720   3.395460    31.5967        287     1.1917  0.000e+00
     28.654     9.0699   3.394811    31.5917        288     1.1958  0.000e+00
     28.845     9.0659   3.394586    31.5929        289     1.2000  0.000e+00
     29.014     9.0621   3.394524    31.5955        290     1.2042  0.000e+00
     29.159     9.0591   3.394724    31.6002        291     1.2083  0.000e+00
     29.276     9.0578   3.394418    31.5981        292     1.2125  0.000e+00
     29.373     9.0567   3.394524    31.6002        293     1.2167  0.000e+00
     29.449     9.0563   3.394767    31.6030        294     1.2208  0.000e+00
     29.518     9.0569   3.394624    31.6010        295     1.2250  0.000e+00
     29.578     9.0566   3.393732    31.5920        296     1.2292  0.000e+00
     29.633     9.0529   3.393688    31.5947        297     1.2333  0.000e+00
     29.681     9.0490   3.393251    31.5937        298     1.2375  0.000e+00
     29.738     9.0455   3.392983    31.5940        299     1.2417  0.000e+00
     29.784     9.0423   3.393014    31.5972        300     1.2458  0.000e+00
     29.847     9.0401   3.392671    31.5955        301     1.2500  0.000e+00
     29.868     9.0380   3.392396    31.5946        302     1.2542  0.000e+00
     29.847     9.0358   3.392396    31.5965        303     1.2583  0.000e+00
     29.814     9.0344   3.392315    31.5970        304     1.2625  0.000e+00
     29.796     9.0339   3.392334    31.5976        305     1.2667  0.000e+00
     29.808     9.0335   3.392421    31.5988        306     1.2708  0.000e+00
     29.847     9.0335   3.392708    31.6018        307     1.2750  0.000e+00
     29.890     9.0345   3.392646    31.6002        308     1.2792  0.000e+00
     29.944     9.0359   3.392528    31.5978        309     1.2833  0.000e+00
     29.992     9.0360   3.392421    31.5966        310     1.2875  0.000e+00
     30.041     9.0356   3.392484    31.5975        311     1.2917  0.000e+00
     30.092     9.0355   3.392378    31.5965        312     1.2958  0.000e+00
     30.143     9.0353   3.392359    31.5964        313     1.3000  0.000e+00
     30.180     9.0349   3.392247    31.5956        314     1.3042  0.000e+00
     30.201     9.0344   3.392147    31.5951        315     1.3083  0.000e+00
     30.210     9.0338   3.392085    31.5949        316     1.3125  0.000e+00
     30.210     9.0329   3.392047    31.5953        317     1.3167  0.000e+00
     30.201     9.0328   3.392085    31.5958        318     1.3208  0.000e+00
     30.189     9.0326   3.391941    31.5945        319     1.3250  0.000e+00
     30.177     9.0321   3.391897    31.5945        320     1.3292  0.000e+00
     30.156     9.0314   3.391860    31.5947        321     1.3333  0.000e+00
     30.144     9.0309   3.391860    31.5952        322     1.3375  0.000e+00
     30.126     9.0307   3.391804    31.5948        323     1.3417  0.000e+00
     30.117     9.0305   3.391442    31.5912        324     1.3458  0.000e+00
     30.096     9.0307   3.391816    31.5949        325     1.3500  0.000e+00
     30.077     9.0308   3.391804    31.5947        326     1.3542  0.000e+00
     30.053     9.0305   3.391773    31.5947        327     1.3583  0.000e+00
     30.035     9.0307   3.391860    31.5955        328     1.3625  0.000e+00
     30.011     9.0313   3.391897    31.5953        329     1.3667  0.000e+00
     29.981     9.0323   3.391860    31.5941        330     1.3708  0.000e+00
     29.963     9.0326   3.391860    31.5937        331     1.3750  0.000e+00
     29.948     9.0326   3.391872    31.5939        332     1.3792  0.000e+00
     29.930     9.0327   3.391754    31.5926        333     1.3833  0.000e+00
     29.924     9.0325   3.391816    31.5934        334     1.3875  0.000e+00
     29.921     9.0324   3.391847    31.5939        335     1.3917  0.000e+00
     29.912     9.0325   3.391754    31.5928        336     1.3958  0.000e+00
     29.918     9.0320   3.391754    31.5932        337     1.4000  0.000e+00
     29.918     9.0317   3.391716    31.5931        338     1.4042  0.000e+00
     29.924     9.0317   3.391754    31.5935        339     1.4083  0.000e+00
     29.930     9.0321   3.391922    31.5949        340     1.4125  0.000e+00
     29.939     9.0335   3.392134    31.5958        341     1.4167  0.000e+00
     29.945     9.0357   3.391941    31.5919        342     1.4208  0.000e+00
     29.957     9.0361   3.391829    31.5903        343     1.4250  0.000e+00
     29.978     9.0356   3.391798    31.5905        344     1.4292  0.000e+00
     29.994     9.0345   3.391754    31.5910        345     1.4333  0.000e+00
     30.021     9.0338   3.391829    31.5924        346     1.4375  0.000e+00
     30.057     9.0335   3.391735    31.5917        347     1.4417  0.000e+00
     30.093     9.0331   3.391629    31.5909        348     1.4458  0.000e+00
     30.124     9.0320   3.391523    31.5907        349     1.4500  0.000e+00
     30.157     9.0305   3.391486    31.5917        350     1.4542  0.000e+00
     30.181     9.0294   3.391442    31.5922        351     1.4583  0.000e+00
     30.199     9.0287   3.391323    31.5916        352     1.4625  0.000e+00
     30.208     9.0277   3.391336    31.5926        353     1.4667  0.000e+00
     30.205     9.0273   3.391274    31.5923        354     1.4708  0.000e+00
     30.193     9.0268   3.391236    31.5923        355     1.4750  0.000e+00
     30.160     9.0266   3.391274    31.5929        356     1.4792  0.000e+00
     30.109     9.0266   3.391299    31.5932        357     1.4833  0.000e+00
     30.054     9.0270   3.391305    31.5930        358     1.4875  0.000e+00
     30.003     9.0274   3.391298    31.5926        359     1.4917  0.000e+00
     29.946     9.0277   3.391211    31.5914        360     1.4958  0.000e+00
     29.876     9.0276   3.391217    31.5916        361     1.5000  0.000e+00
     29.822     9.0270   3.391192    31.5919        362     1.5042  0.000e+00
     29.759     9.0268   3.391192    31.5921        363     1.5083  0.000e+00
     29.717     9.0269   3.391323    31.5934        364     1.5125  0.000e+00
     29.701     9.0276   3.391398    31.5936        365     1.5167  0.000e+00
     29.689     9.0287   3.391442    31.5930        366     1.5208  0.000e+00
     29.708     9.0297   3.391392    31.5916        367     1.5250  0.000e+00
     29.750     9.0301   3.391548    31.5928        368     1.5292  0.000e+00
     29.813     9.0309   3.391610    31.5928        369     1.5333  0.000e+00
     29.877     9.0316   3.391654    31.5926        370     1.5375  0.000e+00
     29.946     9.0320   3.391879    31.5945        371     1.5417  0.000e+00
     30.037     9.0332   3.391804    31.5926        372     1.5458  0.000e+00
     30.109     9.0340   3.391610    31.5899        373     1.5500  0.000e+00
     30.170     9.0335   3.391504    31.5892        374     1.5542  0.000e+00
     30.221     9.0324   3.391454    31.5896        375     1.5583  0.000e+00
     30.264     9.0316   3.391380    31.5895        376     1.5625  0.000e+00
     30.288     9.0307   3.391336    31.5899        377     1.5667  0.000e+00
     30.294     9.0302   3.391192    31.5888        378     1.5708  0.000e+00
     30.294     9.0291   3.391193    31.5898        379     1.5750  0.000e+00
     30.270     9.0286   3.391236    31.5907        380     1.5792  0.000e+00
     30.234     9.0286   3.391280    31.5912        381     1.5833  0.000e+00
     30.185     9.0290   3.391299    31.5911        382     1.5875  0.000e+00
     30.134     9.0293   3.391398    31.5919        383     1.5917  0.000e+00
     30.080     9.0301   3.391323    31.5904        384     1.5958  0.000e+00
     30.029     9.0305   3.391317    31.5900        385     1.6000  0.000e+00
     29.977     9.0306   3.391336    31.5901        386     1.6042  0.000e+00
     29.929     9.0304   3.391305    31.5900        387     1.6083  0.000e+00
     29.878     9.0303   3.391273    31.5898        388     1.6125  0.000e+00
     29.839     9.0300   3.391273    31.5901        389     1.6167  0.000e+00
     29.805     9.0298   3.391236    31.5898        390     1.6208  0.000e+00
     29.766     9.0296   3.391192    31.5896        391     1.6250  0.000e+00
     29.754     9.0294   3.391130    31.5892        392     1.6292  0.000e+00
     29.733     9.0287   3.391061    31.5891        393     1.6333  0.000e+00
     29.721     9.0279   3.391149    31.5907        394     1.6375  0.000e+00
     29.715     9.0279   3.391130    31.5905        395     1.6417  0.000e+00
     29.724     9.0278   3.391061    31.5899        396     1.6458  0.000e+00
     29.733     9.0275   3.391086    31.5904        397     1.6500  0.000e+00
     29.743     9.0273   3.391111    31.5908        398     1.6542  0.000e+00
     29.761     9.0271   3.391130    31.5912        399     1.6583  0.000e+00
     29.776     9.0272   3.391111    31.5909        400     1.6625  0.000e+00
     29.785     9.0271   3.391061    31.5904        401     1.6667  0.000e+00
     29.788     9.0270   3.391024    31.5902        402     1.6708  0.000e+00
     29.797     9.0270   3.391049    31.5905        403     1.6750  0.000e+00
     29.791     9.0267   3.391061    31.5908        404     1.6792  0.000e+00
     29.773     9.0270   3.391024    31.5902        405     1.6833  0.000e+00
     29.740     9.0268   3.391049    31.5906        406     1.6875  0.000e+00
     29.698     9.0270   3.391105    31.5911        407     1.6917  0.000e+00
     29.622     9.0273   3.391086    31.5906        408     1.6958  0.000e+00
     29.547     9.0276   3.391086    31.5904        409     1.7000  0.000e+00
     29.466     9.0275   3.391018    31.5898        410     1.7042  0.000e+00
     29.375     9.0275   3.391024    31.5899        411     1.7083  0.000e+00
     29.275     9.0273   3.391024    31.5901        412     1.7125  0.000e+00
     29.173     9.0273   3.391042    31.5904        413     1.7167  0.000e+00
     29.073     9.0273   3.391005    31.5900        414     1.7208  0.000e+00
     28.977     9.0275   3.391005    31.5899        415     1.7250  0.000e+00
     28.892     9.0272   3.390999    31.5901        416     1.7292  0.000e+00
     28.823     9.0273   3.391024    31.5903        417     1.7333  0.000e+00
     28.772     9.0273   3.391005    31.5901        418     1.7375  0.000e+00
     28.723     9.0273   3.391042    31.5905        419     1.7417  0.000e+00
     28.684     9.0278   3.391005    31.5898        420     1.7458  0.000e+00
