HB2302/sbe178.cnv
* Sea-Bird SBE 19plus V2 Data File:
* FileName = C:\cruise\data\sbe178.hex
* Software Version Seasave V 7.26.7.121
* Temperature SN = 4758
* Conductivity SN = 4758
* System UpLoad Time = Jun 25 2023 05:23:52
* NMEA Latitude = 40 19.55 N
* NMEA Longitude = 069 25.42 W
* NMEA UTC (Time) = Jun 25 2023 05:23:51
** Cruise: HB2302
** Program: Ecomon
** Chief Scientist: Jerry Prezioso
# nquan = 7
# nvalues = 1591                                  
# units = specified
# name 0 = depSM: Depth [salt water, m]
# name 1 = tv290C: Temperature [ITS-90, deg C]
# name 2 = c0S/m: Conductivity [S/m]
# name 3 = sal00: Salinity, Practical [PSU]
# name 4 = scan: Scan Count
# name 5 = timeM: Time, Elapsed [minutes]
# name 6 = flag:  0.000e+00
# span 0 =     -0.089,     72.878                 
# span 1 =     8.5315,    19.2608                 
# span 2 =   0.000355,   4.281990                 
# span 3 =     0.0102,    33.0345                 
# span 4 =         11,       1601                 
# span 5 =     0.0417,     6.6667                 
# span 6 = 0.0000e+00, 0.0000e+00                 
# interval = seconds: 0.25
# start_time = Jun 25 2023 05:23:51 [NMEA time, header]
# bad_flag = -9.990e-29
*END*
[from data line 616]
     72.708     8.5338   3.476350    32.9090        627     2.6083  0.000e+00
     72.681     8.5339   3.476375    32.9092        628     2.6125  0.000e+00
     72.635     8.5338   3.476400    32.9095        629     2.6167  0.000e+00
     72.599     8.5339   3.476658    32.9122        630     2.6208  0.000e+00
     72.560     8.5355   3.476614    32.9103        631     2.6250  0.000e+00
     72.518     8.5361   3.476356    32.9070        632     2.6292  0.000e+00
     72.491     8.5355   3.476293    32.9069        633     2.6333  0.000e+00
     72.454     8.5347   3.476305    32.9078        634     2.6375  0.000e+00
     72.424     8.5339   3.476312    32.9086        635     2.6417  0.000e+00
     72.391     8.5337   3.476356    32.9093        636     2.6458  0.000e+00
     72.367     8.5338   3.476400    32.9096        637     2.6500  0.000e+00
     72.340     8.5343   3.476444    32.9096        638     2.6542  0.000e+00
     72.319     8.5347   3.476375    32.9086        639     2.6583  0.000e+00
     72.298     8.5348   3.476293    32.9076        640     2.6625  0.000e+00
     72.271     8.5344   3.476312    32.9082        641     2.6667  0.000e+00
     72.249     8.5341   3.476305    32.9085        642     2.6708  0.000e+00
     72.225     8.5338   3.476312    32.9088        643     2.6750  0.000e+00
     72.195     8.5337   3.476312    32.9089        644     2.6792  0.000e+00
     72.162     8.5339   3.476312    32.9087        645     2.6833  0.000e+00
     72.135     8.5340   3.476312    32.9087        646     2.6875  0.000e+00
     72.087     8.5340   3.476186    32.9074        647     2.6917  0.000e+00
     72.023     8.5336   3.476356    32.9095        648     2.6958  0.000e+00
     71.957     8.5338   3.476305    32.9088        649     2.7000  0.000e+00
     71.872     8.5340   3.476185    32.9075        650     2.7042  0.000e+00
     71.779     8.5334   3.476141    32.9076        651     2.7083  0.000e+00
     71.676     8.5332   3.476482    32.9114        652     2.7125  0.000e+00
     71.565     8.5340   3.476141    32.9072        653     2.7167  0.000e+00
     71.441     8.5337   3.476053    32.9065        654     2.7208  0.000e+00
     71.335     8.5325   3.476015    32.9074        655     2.7250  0.000e+00
     71.233     8.5318   3.476103    32.9089        656     2.7292  0.000e+00
     71.142     8.5315   3.476053    32.9087        657     2.7333  0.000e+00
     71.064     8.5316   3.476267    32.9110        658     2.7375  0.000e+00
     70.994     8.5328   3.476803    32.9154        659     2.7417  0.000e+00
     70.931     8.5361   3.476935    32.9138        660     2.7458  0.000e+00
     70.874     8.5390   3.476954    32.9113        661     2.7500  0.000e+00
     70.816     8.5407   3.476588    32.9060        662     2.7542  0.000e+00
     70.756     8.5402   3.477136    32.9122        663     2.7583  0.000e+00
     70.699     8.5416   3.477017    32.9096        664     2.7625  0.000e+00
     70.626     8.5425   3.476802    32.9066        665     2.7667  0.000e+00
     70.554     8.5421   3.476783    32.9068        666     2.7708  0.000e+00
     70.476     8.5415   3.476588    32.9053        667     2.7750  0.000e+00
     70.388     8.5403   3.476481    32.9054        668     2.7792  0.000e+00
     70.285     8.5391   3.476462    32.9063        669     2.7833  0.000e+00
     70.177     8.5382   3.477275    32.9158        670     2.7875  0.000e+00
     70.062     8.5409   3.477772    32.9185        671     2.7917  0.000e+00
     69.941     8.5460   3.477980    32.9161        672     2.7958  0.000e+00
     69.815     8.5504   3.477382    32.9057        673     2.8000  0.000e+00
     69.697     8.5509   3.477640    32.9080        674     2.8042  0.000e+00
     69.579     8.5511   3.478087    32.9126        675     2.8083  0.000e+00
     69.462     8.5532   3.478371    32.9137        676     2.8125  0.000e+00
     69.353     8.5562   3.478541    32.9127        677     2.8167  0.000e+00
     69.253     8.5592   3.478579    32.9103        678     2.8208  0.000e+00
     69.157     8.5612   3.478541    32.9081        679     2.8250  0.000e+00
     69.078     8.5619   3.478585    32.9080        680     2.8292  0.000e+00
     69.012     8.5627   3.478818    32.9097        681     2.8333  0.000e+00
     68.955     8.5638   3.479139    32.9121        682     2.8375  0.000e+00
     68.894     8.5674   3.482120    32.9401        683     2.8417  0.000e+00
     68.852     8.5818   3.482719    32.9330        684     2.8458  0.000e+00
     68.813     8.5963   3.482397    32.9161        685     2.8500  0.000e+00
     68.777     8.6036   3.482189    32.9071        686     2.8542  0.000e+00
     68.738     8.6059   3.482183    32.9049        687     2.8583  0.000e+00
     68.689     8.6063   3.481969    32.9023        688     2.8625  0.000e+00
     68.647     8.6053   3.482353    32.9073        689     2.8667  0.000e+00
     68.587     8.6059   3.482013    32.9032        690     2.8708  0.000e+00
     68.527     8.6060   3.482763    32.9110        691     2.8750  0.000e+00
     68.448     8.6080   3.481798    32.8991        692     2.8792  0.000e+00
     68.370     8.6063   3.481540    32.8980        693     2.8833  0.000e+00
     68.273     8.6031   3.481874    32.9045        694     2.8875  0.000e+00
     68.162     8.6027   3.482353    32.9099        695     2.8917  0.000e+00
     68.044     8.6049   3.482101    32.9054        696     2.8958  0.000e+00
     67.911     8.6057   3.482422    32.9080        697     2.9000  0.000e+00
     67.775     8.6068   3.482656    32.9095        698     2.9042  0.000e+00
     67.639     8.6090   3.482529    32.9062        699     2.9083  0.000e+00
     67.498     8.6104   3.483191    32.9119        700     2.9125  0.000e+00
     67.356     8.6134   3.483450    32.9119        701     2.9167  0.000e+00
     67.223     8.6169   3.483752    32.9119        702     2.9208  0.000e+00
     67.087     8.6211   3.484931    32.9204        703     2.9250  0.000e+00
     66.960     8.6291   3.487145    32.9362        704     2.9292  0.000e+00
     66.846     8.6441   3.488823    32.9399        705     2.9333  0.000e+00
     66.737     8.6623   3.489636    32.9316        706     2.9375  0.000e+00
     66.632     8.6778   3.490128    32.9224        707     2.9417  0.000e+00
     66.547     8.6889   3.490753    32.9186        708     2.9458  0.000e+00
     66.463     8.6981   3.491832    32.9213        709     2.9500  0.000e+00
     66.384     8.7084   3.492646    32.9203        710     2.9542  0.000e+00
     66.309     8.7187   3.492904    32.9135        711     2.9583  0.000e+00
     66.239     8.7261   3.493138    32.9091        712     2.9625  0.000e+00
     66.164     8.7312   3.493270    32.9058        713     2.9667  0.000e+00
     66.080     8.7349   3.493788    32.9078        714     2.9708  0.000e+00
     65.986     8.7390   3.494438    32.9109        715     2.9750  0.000e+00
     65.889     8.7449   3.495233    32.9138        716     2.9792  0.000e+00
     65.781     8.7521   3.495726    32.9122        717     2.9833  0.000e+00
     65.669     8.7592   3.496054    32.9092        718     2.9875  0.000e+00
     65.552     8.7650   3.496395    32.9074        719     2.9917  0.000e+00
     65.425     8.7697   3.496805    32.9073        720     2.9958  0.000e+00
     65.298     8.7746   3.497259    32.9076        721     3.0000  0.000e+00
     65.168     8.7798   3.497581    32.9062        722     3.0042  0.000e+00
     65.045     8.7842   3.497992    32.9064        723     3.0083  0.000e+00
     64.924     8.7888   3.498421    32.9067        724     3.0125  0.000e+00
     64.812     8.7937   3.498813    32.9063        725     3.0167  0.000e+00
     64.707     8.7986   3.499305    32.9070        726     3.0208  0.000e+00
     64.607     8.8039   3.499975    32.9091        727     3.0250  0.000e+00
     64.532     8.8101   3.500410    32.9080        728     3.0292  0.000e+00
     64.453     8.8160   3.500733    32.9059        729     3.0333  0.000e+00
     64.396     8.8210   3.501010    32.9042        730     3.0375  0.000e+00
     64.345     8.8253   3.501143    32.9016        731     3.0417  0.000e+00
     64.300     8.8283   3.501269    32.9001        732     3.0458  0.000e+00
     64.242     8.8305   3.501358    32.8990        733     3.0500  0.000e+00
     64.194     8.8321   3.501528    32.8994        734     3.0542  0.000e+00
     64.143     8.8339   3.502015    32.9028        735     3.0583  0.000e+00
     64.079     8.8371   3.503000    32.9101        736     3.0625  0.000e+00
     64.013     8.8440   3.504144    32.9157        737     3.0667  0.000e+00
     63.938     8.8541   3.505288    32.9183        738     3.0708  0.000e+00
     63.856     8.8656   3.506242    32.9176        739     3.0750  0.000e+00
     63.754     8.8774   3.506887    32.9135        740     3.0792  0.000e+00
     63.648     8.8872   3.507234    32.9081        741     3.0833  0.000e+00
     63.530     8.8950   3.507841    32.9071        742     3.0875  0.000e+00
     63.416     8.9020   3.508922    32.9120        743     3.0917  0.000e+00
     63.289     8.9111   3.510522    32.9203        744     3.0958  0.000e+00
     63.153     8.9241   3.512780    32.9319        745     3.1000  0.000e+00
     63.014     8.9428   3.514924    32.9369        746     3.1042  0.000e+00
     62.879     8.9641   3.516398    32.9326        747     3.1083  0.000e+00
     62.743     8.9844   3.516961    32.9197        748     3.1125  0.000e+00
     62.607     8.9995   3.517221    32.9085        749     3.1167  0.000e+00
     62.474     9.0091   3.517613    32.9037        750     3.1208  0.000e+00
     62.345     9.0156   3.518442    32.9064        751     3.1250  0.000e+00
     62.224     9.0231   3.519176    32.9071        752     3.1292  0.000e+00
     62.118     9.0314   3.519961    32.9077        753     3.1333  0.000e+00
     62.010     9.0397   3.521132    32.9122        754     3.1375  0.000e+00
     61.916     9.0501   3.522493    32.9168        755     3.1417  0.000e+00
     61.829     9.0628   3.523348    32.9139        756     3.1458  0.000e+00
     61.762     9.0753   3.523722    32.9063        757     3.1500  0.000e+00
     61.696     9.0840   3.524070    32.9019        758     3.1542  0.000e+00
     61.648     9.0903   3.524266    32.8981        759     3.1583  0.000e+00
     61.597     9.0948   3.524437    32.8957        760     3.1625  0.000e+00
     61.557     9.0982   3.524456    32.8929        761     3.1667  0.000e+00
     61.521     9.1000   3.524545    32.8921        762     3.1708  0.000e+00
     61.485     9.1015   3.524722    32.8926        763     3.1750  0.000e+00
     61.452     9.1029   3.524785    32.8920        764     3.1792  0.000e+00
     61.410     9.1041   3.524956    32.8927        765     3.1833  0.000e+00
     61.370     9.1056   3.525070    32.8925        766     3.1875  0.000e+00
     61.334     9.1069   3.525241    32.8931        767     3.1917  0.000e+00
     61.280     9.1085   3.525393    32.8932        768     3.1958  0.000e+00
     61.223     9.1099   3.525590    32.8939        769     3.2000  0.000e+00
     61.150     9.1120   3.525786    32.8940        770     3.2042  0.000e+00
     61.075     9.1140   3.525849    32.8929        771     3.2083  0.000e+00
     60.994     9.1156   3.526027    32.8933        772     3.2125  0.000e+00
     60.891     9.1170   3.526179    32.8936        773     3.2167  0.000e+00
     60.779     9.1190   3.526286    32.8930        774     3.2208  0.000e+00
     60.662     9.1206   3.526394    32.8927        775     3.2250  0.000e+00
     60.532     9.1221   3.526723    32.8948        776     3.2292  0.000e+00
     60.393     9.1243   3.526850    32.8941        777     3.2333  0.000e+00
     60.251     9.1266   3.526964    32.8932        778     3.2375  0.000e+00
     60.119     9.1285   3.527027    32.8922        779     3.2417  0.000e+00
     59.986     9.1300   3.527116    32.8918        780     3.2458  0.000e+00
     59.862     9.1312   3.527268    32.8923        781     3.2500  0.000e+00
     59.751     9.1327   3.527376    32.8921        782     3.2542  0.000e+00
     59.669     9.1340   3.527483    32.8921        783     3.2583  0.000e+00
     59.591     9.1354   3.527528    32.8912        784     3.2625  0.000e+00
     59.527     9.1364   3.527546    32.8905        785     3.2667  0.000e+00
     59.485     9.1371   3.527591    32.8904        786     3.2708  0.000e+00
     59.458     9.1377   3.527591    32.8898        787     3.2750  0.000e+00
     59.440     9.1380   3.527591    32.8896        788     3.2792  0.000e+00
     59.422     9.1380   3.527635    32.8900        789     3.2833  0.000e+00
     59.416     9.1383   3.527616    32.8896        790     3.2875  0.000e+00
     59.410     9.1383   3.527616    32.8895        791     3.2917  0.000e+00
     59.380     9.1381   3.527616    32.8898        792     3.2958  0.000e+00
     59.353     9.1384   3.527660    32.8900        793     3.3000  0.000e+00
     59.307     9.1383   3.527679    32.8902        794     3.3042  0.000e+00
     59.244     9.1387   3.527743    32.8906        795     3.3083  0.000e+00
     59.169     9.1389   3.527768    32.8907        796     3.3125  0.000e+00
     59.057     9.1393   3.527768    32.8904        797     3.3167  0.000e+00
     58.946     9.1396   3.527876    32.8913        798     3.3208  0.000e+00
     58.804     9.1403   3.528313    32.8953        799     3.3250  0.000e+00
     58.653     9.1425   3.529225    32.9027        800     3.3292  0.000e+00
     58.514     9.1481   3.530075    32.9064        801     3.3333  0.000e+00
     58.369     9.1560   3.530575    32.9044        802     3.3375  0.000e+00
     58.233     9.1632   3.531012    32.9023        803     3.3417  0.000e+00
     58.116     9.1695   3.531209    32.8985        804     3.3458  0.000e+00
     57.998     9.1742   3.531342    32.8957        805     3.3500  0.000e+00
     57.896     9.1773   3.531494    32.8944        806     3.3542  0.000e+00
     57.811     9.1799   3.531602    32.8932        807     3.3583  0.000e+00
     57.739     9.1818   3.531665    32.8921        808     3.3625  0.000e+00
     57.669     9.1831   3.531690    32.8912        809     3.3667  0.000e+00
     57.624     9.1839   3.531690    32.8905        810     3.3708  0.000e+00
     57.576     9.1843   3.531754    32.8908        811     3.3750  0.000e+00
     57.537     9.1848   3.531754    32.8904        812     3.3792  0.000e+00
     57.498     9.1850   3.531798    32.8907        813     3.3833  0.000e+00
     57.473     9.1852   3.531817    32.8907        814     3.3875  0.000e+00
     57.437     9.1856   3.531798    32.8901        815     3.3917  0.000e+00
     57.410     9.1859   3.531842    32.8904        816     3.3958  0.000e+00
     57.368     9.1860   3.531817    32.8900        817     3.4000  0.000e+00
     57.329     9.1861   3.531842    32.8902        818     3.4042  0.000e+00
     57.275     9.1862   3.531861    32.8903        819     3.4083  0.000e+00
     57.208     9.1864   3.531861    32.8902        820     3.4125  0.000e+00
     57.118     9.1865   3.531931    32.8909        821     3.4167  0.000e+00
     57.024     9.1868   3.532083    32.8921        822     3.4208  0.000e+00
     56.919     9.1876   3.532165    32.8924        823     3.4250  0.000e+00
     56.798     9.1886   3.532584    32.8958        824     3.4292  0.000e+00
     56.674     9.1911   3.533693    32.9050        825     3.4333  0.000e+00
     56.530     9.1976   3.535114    32.9138        826     3.4375  0.000e+00
     56.397     9.2081   3.536033    32.9137        827     3.4417  0.000e+00
     56.252     9.2193   3.536883    32.9122        828     3.4458  0.000e+00
     56.116     9.2300   3.537384    32.9076        829     3.4500  0.000e+00
     55.986     9.2389   3.537561    32.9013        830     3.4542  0.000e+00
