HB2302/sbe125.cnv
* Sea-Bird SBE 19plus V2 Data File:
* FileName = C:\cruise\data\sbe125.hex
* Software Version Seasave V 7.26.7.121
* Temperature SN = 4758
* Conductivity SN = 4758
* System UpLoad Time = Jun 20 2023 00:02:51
* NMEA Latitude = 42 58.39 N
* NMEA Longitude = 066 05.70 W
* NMEA UTC (Time) = Jun 20 2023 00:02:51
** Cruise: HB2302
** Program: Ecomon
** Chief Scientist: Jerry Prezioso
# nquan = 7
# nvalues = 2630                                  
# units = specified
# name 0 = depSM: Depth [salt water, m]
# name 1 = tv290C: Temperature [ITS-90, deg C]
# name 2 = c0S/m: Conductivity [S/m]
# name 3 = sal00: Salinity, Practical [PSU]
# name 4 = scan: Scan Count
# name 5 = timeM: Time, Elapsed [minutes]
# name 6 = flag:  0.000e+00
# span 0 =     -0.059,    144.228                 
# span 1 =     5.2747,     9.1061                 
# span 2 =   0.011995,   3.449637                 
# span 3 =     0.0819,    32.9036                 
# span 4 =         11,       2640                 
# span 5 =     0.0417,    10.9958                 
# span 6 = 0.0000e+00, 0.0000e+00                 
# interval = seconds: 0.25
# start_time = Jun 20 2023 00:02:51 [NMEA time, header]
# bad_flag = -9.990e-29
*END*
     -0.053     8.9693   0.047101     0.3319         11     0.0417  0.000e+00
     -0.053     8.9696   0.047135     0.3321         12     0.0458  0.000e+00
     -0.044     8.9704   0.047997     0.3384         13     0.0500  0.000e+00
     -0.047     8.9709   0.048208     0.3399         14     0.0542  0.000e+00
     -0.050     8.9714   0.047896     0.3376         15     0.0583  0.000e+00
     -0.044     8.9718   0.047893     0.3376         16     0.0625  0.000e+00
     -0.047     8.9720   0.047810     0.3370         17     0.0667  0.000e+00
     -0.047     8.9721   0.049168     0.3469         18     0.0708  0.000e+00
     -0.053     8.9722   0.048302     0.3406         19     0.0750  0.000e+00
     -0.047     8.9725   0.045497     0.3201         20     0.0792  0.000e+00
     -0.047     8.9734   0.043873     0.3083         21     0.0833  0.000e+00
     -0.041     8.9762   0.043681     0.3069         22     0.0875  0.000e+00
     -0.053     8.9760   0.042671     0.2995         23     0.0917  0.000e+00
     -0.047     8.9740   0.040751     0.2856         24     0.0958  0.000e+00
     -0.050     8.9733   0.035896     0.2506         25     0.1000  0.000e+00
     -0.059     8.9740   0.023677     0.1633         26     0.1042  0.000e+00
     -0.050     8.9739   0.023620     0.1629         27     0.1083  0.000e+00
     -0.050     8.9737   0.023692     0.1634         28     0.1125  0.000e+00
     -0.056     8.9735   0.023835     0.1645         29     0.1167  0.000e+00
     -0.047     8.9735   0.024427     0.1686         30     0.1208  0.000e+00
     -0.050     8.9730   0.024324     0.1679         31     0.1250  0.000e+00
     -0.047     8.9730   0.024282     0.1676         32     0.1292  0.000e+00
     -0.056     8.9727   0.024781     0.1712         33     0.1333  0.000e+00
     -0.052     8.9728   0.025268     0.1746         34     0.1375  0.000e+00
     -0.046     8.9725   0.025658     0.1774         35     0.1417  0.000e+00
     -0.049     8.9720   0.025824     0.1786         36     0.1458  0.000e+00
     -0.055     8.9716   0.025419     0.1757         37     0.1500  0.000e+00
     -0.052     8.9714   0.024409     0.1685         38     0.1542  0.000e+00
     -0.046     8.9711   0.023448     0.1617         39     0.1583  0.000e+00
     -0.052     8.9705   0.022170     0.1527         40     0.1625  0.000e+00
     -0.049     8.9704   0.020784     0.1430         41     0.1667  0.000e+00
     -0.046     8.9701   0.019514     0.1341         42     0.1708  0.000e+00
     -0.046     8.9691   0.018340     0.1259         43     0.1750  0.000e+00
     -0.043     8.9683   0.017249     0.1182         44     0.1792  0.000e+00
     -0.052     8.9684   0.016099     0.1102         45     0.1833  0.000e+00
     -0.043     8.9676   0.015168     0.1038         46     0.1875  0.000e+00
     -0.052     8.9670   0.014287     0.0977         47     0.1917  0.000e+00
     -0.052     8.9665   0.013501     0.0923         48     0.1958  0.000e+00
     -0.046     8.9661   0.012801     0.0874         49     0.2000  0.000e+00
     -0.049     8.9655   0.012305     0.0840         50     0.2042  0.000e+00
     -0.049     8.9650   0.011995     0.0819         51     0.2083  0.000e+00
      0.011     8.9663   1.332864    11.4006         52     0.2125  0.000e+00
      0.186     8.9709   3.448368    32.2477         53     0.2167  0.000e+00
      0.340     8.9811   3.449637    32.2515         54     0.2208  0.000e+00
      0.470     9.0295   3.448255    32.1932         55     0.2250  0.000e+00
      0.566     9.0836   3.447325    32.1347         56     0.2292  0.000e+00
      0.648     9.1061   3.439975    32.0383         57     0.2333  0.000e+00
      0.702     8.9590   3.416425    31.9268         58     0.2375  0.000e+00
      0.747     8.7074   3.373113    31.7022         59     0.2417  0.000e+00
      0.774     8.4724   3.333673    31.5002         60     0.2458  0.000e+00
      0.811     8.2654   3.331407    31.6621         61     0.2500  0.000e+00
      0.868     8.1326   3.372279    32.2148         62     0.2542  0.000e+00
      0.949     8.0531   3.415215    32.7445         63     0.2583  0.000e+00
      1.076     8.0940   3.428795    32.8506         64     0.2625  0.000e+00
      1.230     8.2966   3.434998    32.7269         65     0.2667  0.000e+00
      1.384     8.4990   3.436664    32.5568         66     0.2708  0.000e+00
      1.532     8.6617   3.432906    32.3677         67     0.2750  0.000e+00
      1.677     8.7703   3.420946    32.1437         68     0.2792  0.000e+00
      1.806     8.8229   3.406790    31.9487         69     0.2833  0.000e+00
      1.951     8.8484   3.401042    31.8659         70     0.2875  0.000e+00
      2.093     8.8574   3.393332    31.7776         71     0.2917  0.000e+00
      2.229     8.8567   3.391915    31.7634         72     0.2958  0.000e+00
      2.361     8.8119   3.392852    31.8133         73     0.3000  0.000e+00
      2.494     8.7024   3.392110    31.9040         74     0.3042  0.000e+00
      2.624     8.5944   3.384453    31.9214         75     0.3083  0.000e+00
      2.775     8.4475   3.375009    31.9553         76     0.3125  0.000e+00
      2.908     8.2862   3.362945    31.9748         77     0.3167  0.000e+00
      3.058     8.1409   3.352320    31.9949         78     0.3208  0.000e+00
      3.191     8.0248   3.339859    31.9687         79     0.3250  0.000e+00
      3.327     7.9298   3.330457    31.9556         80     0.3292  0.000e+00
      3.472     7.8617   3.351286    32.2400         81     0.3333  0.000e+00
      3.638     7.8336   3.371997    32.4872         82     0.3375  0.000e+00
      3.828     7.8120   3.380791    32.6013         83     0.3417  0.000e+00
      4.048     7.7848   3.395141    32.7804         84     0.3458  0.000e+00
      4.268     7.8084   3.397488    32.7832         85     0.3500  0.000e+00
      4.479     7.8633   3.386332    32.6123         86     0.3542  0.000e+00
      4.660     7.8965   3.379638    32.5098         87     0.3583  0.000e+00
      4.856     7.9142   3.383177    32.5310         88     0.3625  0.000e+00
      5.062     7.9338   3.391259    32.5987         89     0.3667  0.000e+00
      5.267     7.9637   3.390585    32.5636         90     0.3708  0.000e+00
      5.463     7.9881   3.362688    32.2439         91     0.3750  0.000e+00
      5.626     7.9789   3.313748    31.7322         92     0.3792  0.000e+00
      5.740     7.9068   3.278647    31.4247         93     0.3833  0.000e+00
      5.825     7.8008   3.270617    31.4346         94     0.3875  0.000e+00
      5.897     7.7097   3.307978    31.9161         95     0.3917  0.000e+00
      6.015     7.6577   3.376320    32.6970         96     0.3958  0.000e+00
      6.190     7.6644   3.396136    32.9036         97     0.4000  0.000e+00
      6.368     7.8295   3.391416    32.6974         98     0.4042  0.000e+00
      6.543     8.0486   3.387035    32.4463         99     0.4083  0.000e+00
      6.733     8.2219   3.378613    32.1972        100     0.4125  0.000e+00
      6.944     8.3481   3.370853    32.0000        101     0.4167  0.000e+00
      7.192     8.4321   3.369962    31.9143        102     0.4208  0.000e+00
      7.445     8.4719   3.364338    31.8192        103     0.4250  0.000e+00
      7.710     8.4936   3.349672    31.6457        104     0.4292  0.000e+00
      7.967     8.4967   3.345979    31.6042        105     0.4333  0.000e+00
      8.229     8.4205   3.323462    31.4363        106     0.4375  0.000e+00
      8.486     8.2384   3.291042    31.2578        107     0.4417  0.000e+00
      8.730     8.0458   3.271852    31.2268        108     0.4458  0.000e+00
      8.977     7.8795   3.261703    31.2678        109     0.4500  0.000e+00
      9.192     7.7522   3.256875    31.3305        110     0.4542  0.000e+00
      9.364     7.6602   3.254979    31.3930        111     0.4583  0.000e+00
      9.496     7.5969   3.254642    31.4465        112     0.4625  0.000e+00
      9.611     7.5553   3.255478    31.4931        113     0.4667  0.000e+00
      9.723     7.5297   3.261338    31.5791        114     0.4708  0.000e+00
      9.837     7.5182   3.277877    31.7670        115     0.4750  0.000e+00
      9.949     7.5179   3.294825    31.9494        116     0.4792  0.000e+00
     10.064     7.5183   3.306363    32.0730        117     0.4833  0.000e+00
     10.181     7.5148   3.316933    32.1899        118     0.4875  0.000e+00
     10.317     7.5246   3.328996    32.3105        119     0.4917  0.000e+00
     10.480     7.5969   3.332880    32.2849        120     0.4958  0.000e+00
     10.667     7.7342   3.328690    32.1129        121     0.5000  0.000e+00
     10.878     7.8694   3.323574    31.9341        122     0.5042  0.000e+00
     11.110     7.9698   3.320739    31.8122        123     0.5083  0.000e+00
     11.355     8.0380   3.319173    31.7335        124     0.5125  0.000e+00
     11.599     8.0795   3.313377    31.6345        125     0.5167  0.000e+00
     11.853     8.1069   3.304658    31.5175        126     0.5208  0.000e+00
     12.115     8.1212   3.306499    31.5240        127     0.5250  0.000e+00
     12.378     8.0551   3.284093    31.3463        128     0.5292  0.000e+00
     12.637     7.9295   3.262981    31.2350        129     0.5333  0.000e+00
     12.878     7.7923   3.252812    31.2495        130     0.5375  0.000e+00
     13.111     7.6784   3.248443    31.3051        131     0.5417  0.000e+00
     13.319     7.5949   3.246880    31.3635        132     0.5458  0.000e+00
     13.503     7.5369   3.245826    31.4045        133     0.5500  0.000e+00
     13.654     7.4987   3.245489    31.4354        134     0.5542  0.000e+00
     13.795     7.4738   3.245882    31.4621        135     0.5583  0.000e+00
     13.922     7.4570   3.246538    31.4843        136     0.5625  0.000e+00
     14.043     7.4462   3.247428    31.5037        137     0.5667  0.000e+00
     14.155     7.4397   3.250134    31.5386        138     0.5708  0.000e+00
     14.260     7.4371   3.260799    31.6556        139     0.5750  0.000e+00
     14.372     7.4395   3.274660    31.8025        140     0.5792  0.000e+00
     14.508     7.4420   3.281445    31.8731        141     0.5833  0.000e+00
     14.655     7.4447   3.292415    31.9887        142     0.5875  0.000e+00
     14.812     7.4713   3.298955    32.0345        143     0.5917  0.000e+00
     15.008     7.5479   3.301578    31.9920        144     0.5958  0.000e+00
     15.216     7.6366   3.301836    31.9131        145     0.6000  0.000e+00
     15.458     7.7134   3.301138    31.8352        146     0.6042  0.000e+00
     15.717     7.7732   3.297304    31.7396        147     0.6083  0.000e+00
     15.977     7.8198   3.286986    31.5872        148     0.6125  0.000e+00
     16.251     7.8493   3.279932    31.4853        149     0.6167  0.000e+00
     16.523     7.8491   3.276995    31.4541        150     0.6208  0.000e+00
     16.779     7.7879   3.260827    31.3370        151     0.6250  0.000e+00
     17.026     7.7075   3.249764    31.2913        152     0.6292  0.000e+00
     17.256     7.6292   3.244655    31.3071        153     0.6333  0.000e+00
     17.479     7.5639   3.242761    31.3455        154     0.6375  0.000e+00
     17.669     7.5159   3.241872    31.3793        155     0.6417  0.000e+00
     17.835     7.4830   3.241683    31.4068        156     0.6458  0.000e+00
     17.973     7.4618   3.241622    31.4253        157     0.6500  0.000e+00
     18.097     7.4480   3.241892    31.4406        158     0.6542  0.000e+00
     18.221     7.4395   3.242958    31.4598        159     0.6583  0.000e+00
     18.320     7.4350   3.247239    31.5098        160     0.6625  0.000e+00
     18.435     7.4339   3.260752    31.6561        161     0.6667  0.000e+00
     18.544     7.4351   3.257680    31.6219        162     0.6708  0.000e+00
     18.556     7.4333   3.242431    31.4596        163     0.6750  0.000e+00
     18.523     7.4301   3.239746    31.4337        164     0.6792  0.000e+00
     18.465     7.4288   3.240415    31.4421        165     0.6833  0.000e+00
     18.429     7.4281   3.257066    31.6217        166     0.6875  0.000e+00
     18.459     7.4295   3.275418    31.8179        167     0.6917  0.000e+00
     18.526     7.4536   3.274778    31.7889        168     0.6958  0.000e+00
     18.613     7.5266   3.272937    31.7023        169     0.7000  0.000e+00
     18.689     7.6021   3.271189    31.6148        170     0.7042  0.000e+00
     18.779     7.6593   3.269743    31.5473        171     0.7083  0.000e+00
     18.870     7.6969   3.268630    31.5014        172     0.7125  0.000e+00
     18.984     7.7209   3.268482    31.4780        173     0.7167  0.000e+00
     19.087     7.7330   3.268150    31.4635        174     0.7208  0.000e+00
     19.180     7.7374   3.265002    31.4258        175     0.7250  0.000e+00
     19.241     7.7375   3.262801    31.4023        176     0.7292  0.000e+00
     19.274     7.7386   3.263766    31.4116        177     0.7333  0.000e+00
     19.298     7.7159   3.262193    31.4153        178     0.7375  0.000e+00
     19.295     7.6703   3.253680    31.3655        179     0.7417  0.000e+00
     19.250     7.6259   3.248201    31.3470        180     0.7458  0.000e+00
     19.196     7.5776   3.243221    31.3373        181     0.7500  0.000e+00
     19.114     7.5340   3.240267    31.3450        182     0.7542  0.000e+00
     19.018     7.5002   3.239292    31.3651        183     0.7583  0.000e+00
     18.933     7.4754   3.239685    31.3918        184     0.7625  0.000e+00
     18.852     7.4574   3.240102    31.4126        185     0.7667  0.000e+00
     18.789     7.4462   3.242370    31.4471        186     0.7708  0.000e+00
     18.764     7.4408   3.249571    31.5294        187     0.7750  0.000e+00
     18.752     7.4389   3.256108    31.6014        188     0.7792  0.000e+00
     18.761     7.4364   3.260334    31.6492        189     0.7833  0.000e+00
     18.798     7.4354   3.269186    31.7453        190     0.7875  0.000e+00
     18.864     7.4531   3.274723    31.7886        191     0.7917  0.000e+00
     18.982     7.5078   3.274174    31.7326        192     0.7958  0.000e+00
     19.108     7.5799   3.272297    31.6466        193     0.8000  0.000e+00
     19.262     7.6358   3.271171    31.5836        194     0.8042  0.000e+00
     19.416     7.6727   3.270223    31.5400        195     0.8083  0.000e+00
     19.588     7.6929   3.268230    31.5004        196     0.8125  0.000e+00
     19.748     7.7018   3.265211    31.4600        197     0.8167  0.000e+00
     19.914     7.7071   3.263109    31.4326        198     0.8208  0.000e+00
     20.089     7.7144   3.261566    31.4095        199     0.8250  0.000e+00
     20.267     7.7181   3.261960    31.4103        200     0.8292  0.000e+00
     20.427     7.7022   3.261954    31.4246        201     0.8333  0.000e+00
     20.578     7.6570   3.256481    31.4068        202     0.8375  0.000e+00
     20.722     7.6075   3.250177    31.3840        203     0.8417  0.000e+00
     20.846     7.5637   3.246490    31.3841        204     0.8458  0.000e+00
     20.946     7.5278   3.244957    31.4000        205     0.8500  0.000e+00
     21.066     7.5014   3.244639    31.4204        206     0.8542  0.000e+00
     21.181     7.4832   3.244823    31.4388        207     0.8583  0.000e+00
     21.293     7.4715   3.245314    31.4547        208     0.8625  0.000e+00
     21.398     7.4640   3.245823    31.4669        209     0.8667  0.000e+00
     21.516     7.4578   3.246866    31.4836        210     0.8708  0.000e+00
     21.642     7.4539   3.250246    31.5235        211     0.8750  0.000e+00
     21.778     7.4545   3.255169    31.5758        212     0.8792  0.000e+00
     21.926     7.4581   3.258615    31.6095        213     0.8833  0.000e+00
     22.080     7.4578   3.260501    31.6299        214     0.8875  0.000e+00
     22.249     7.4575   3.261797    31.6441        215     0.8917  0.000e+00
