HB2302/sbe153.cnv
* Sea-Bird SBE 19plus V2 Data File:
* FileName = C:\cruise\data\sbe153.hex
* Software Version Seasave V 7.26.7.121
* Temperature SN = 4758
* Conductivity SN = 4758
* System UpLoad Time = Jun 22 2023 09:03:29
* NMEA Latitude = 43 35.36 N
* NMEA Longitude = 070 09.95 W
* NMEA UTC (Time) = Jun 22 2023 09:03:29
** Cruise: HB2302
** Program: Ecomon
** Chief Scientist: Jerry Prezioso
# nquan = 7
# nvalues = 1139                                  
# units = specified
# name 0 = depSM: Depth [salt water, m]
# name 1 = tv290C: Temperature [ITS-90, deg C]
# name 2 = c0S/m: Conductivity [S/m]
# name 3 = sal00: Salinity, Practical [PSU]
# name 4 = scan: Scan Count
# name 5 = timeM: Time, Elapsed [minutes]
# name 6 = flag:  0.000e+00
# span 0 =      0.019,     17.981                 
# span 1 =    10.2836,    14.2854                 
# span 2 =   0.000259,   3.774079                 
# span 3 =     0.0077,    31.3181                 
# span 4 =         11,       1149                 
# span 5 =     0.0417,     4.7833                 
# span 6 = 0.0000e+00, 0.0000e+00                 
# interval = seconds: 0.25
# start_time = Jun 22 2023 09:03:29 [NMEA time, header]
# bad_flag = -9.990e-29
*END*
[from data line 206]
      4.292    14.1438   3.618852    29.5861        217     0.9000  0.000e+00
      4.352    14.1373   3.619140    29.5937        218     0.9042  0.000e+00
      4.419    14.1293   3.619390    29.6021        219     0.9083  0.000e+00
      4.497    14.1201   3.619659    29.6115        220     0.9125  0.000e+00
      4.594    14.1102   3.619819    29.6206        221     0.9167  0.000e+00
      4.681    14.0994   3.619966    29.6302        222     0.9208  0.000e+00
      4.778    14.0896   3.620242    29.6401        223     0.9250  0.000e+00
      4.872    14.0811   3.620402    29.6481        224     0.9292  0.000e+00
      4.965    14.0718   3.620511    29.6562        225     0.9333  0.000e+00
      5.065    14.0623   3.620645    29.6647        226     0.9375  0.000e+00
      5.149    14.0529   3.620671    29.6722        227     0.9417  0.000e+00
      5.246    14.0436   3.620716    29.6797        228     0.9458  0.000e+00
      5.330    14.0339   3.620601    29.6861        229     0.9500  0.000e+00
      5.427    14.0239   3.620467    29.6926        230     0.9542  0.000e+00
      5.514    14.0112   3.620288    29.7007        231     0.9583  0.000e+00
      5.596    13.9964   3.619974    29.7092        232     0.9625  0.000e+00
      5.674    13.9808   3.619616    29.7179        233     0.9667  0.000e+00
      5.768    13.9638   3.619347    29.7285        234     0.9708  0.000e+00
      5.846    13.9479   3.619143    29.7389        235     0.9750  0.000e+00
      5.925    13.9324   3.618855    29.7482        236     0.9792  0.000e+00
      6.009    13.9159   3.618785    29.7604        237     0.9833  0.000e+00
      6.085    13.9009   3.618452    29.7689        238     0.9875  0.000e+00
      6.160    13.8868   3.618094    29.7765        239     0.9917  0.000e+00
      6.242    13.8714   3.617934    29.7870        240     0.9958  0.000e+00
      6.311    13.8553   3.617787    29.7981        241     1.0000  0.000e+00
      6.378    13.8413   3.617576    29.8070        242     1.0042  0.000e+00
      6.447    13.8306   3.617237    29.8122        243     1.0083  0.000e+00
      6.498    13.8191   3.617058    29.8194        244     1.0125  0.000e+00
      6.565    13.8068   3.616949    29.8280        245     1.0167  0.000e+00
      6.622    13.7932   3.616700    29.8362        246     1.0208  0.000e+00
      6.679    13.7824   3.616457    29.8423        247     1.0250  0.000e+00
      6.734    13.7727   3.616028    29.8459        248     1.0292  0.000e+00
      6.803    13.7617   3.615830    29.8526        249     1.0333  0.000e+00
      6.866    13.7490   3.615491    29.8594        250     1.0375  0.000e+00
      6.936    13.7374   3.614928    29.8633        251     1.0417  0.000e+00
      7.011    13.7275   3.614749    29.8693        252     1.0458  0.000e+00
      7.090    13.7165   3.614481    29.8754        253     1.0500  0.000e+00
      7.168    13.7049   3.614033    29.8803        254     1.0542  0.000e+00
      7.259    13.6933   3.613541    29.8848        255     1.0583  0.000e+00
      7.340    13.6817   3.613304    29.8916        256     1.0625  0.000e+00
      7.422    13.6694   3.612984    29.8982        257     1.0667  0.000e+00
      7.503    13.6581   3.612537    29.9029        258     1.0708  0.000e+00
      7.582    13.6494   3.612850    29.9125        259     1.0750  0.000e+00
      7.654    13.6379   3.597697    29.7822        260     1.0792  0.000e+00
      7.721    13.4998   3.567537    29.6118        261     1.0833  0.000e+00
      7.778    13.1901   3.562603    29.8075        262     1.0875  0.000e+00
      7.835    12.9369   3.560272    29.9851        263     1.0917  0.000e+00
      7.887    12.7794   3.558404    30.0926        264     1.0958  0.000e+00
      7.935    12.6890   3.557503    30.1562        265     1.1000  0.000e+00
      7.983    12.6388   3.557103    30.1926        266     1.1042  0.000e+00
      8.022    12.6112   3.556003    30.2044        267     1.1083  0.000e+00
      8.071    12.5928   3.554402    30.2040        268     1.1125  0.000e+00
      8.113    12.5757   3.554269    30.2164        269     1.1167  0.000e+00
      8.158    12.5614   3.554313    30.2283        270     1.1208  0.000e+00
      8.215    12.5519   3.554205    30.2349        271     1.1250  0.000e+00
      8.270    12.5453   3.553786    30.2362        272     1.1292  0.000e+00
      8.330    12.5391   3.552998    30.2338        273     1.1333  0.000e+00
      8.396    12.5324   3.552623    30.2356        274     1.1375  0.000e+00
      8.466    12.5265   3.552274    30.2369        275     1.1417  0.000e+00
      8.544    12.5215   3.552071    30.2390        276     1.1458  0.000e+00
      8.626    12.5176   3.551791    30.2395        277     1.1500  0.000e+00
      8.707    12.5137   3.551810    30.2428        278     1.1542  0.000e+00
      8.786    12.5109   3.552071    30.2474        279     1.1583  0.000e+00
      8.876    12.5092   3.552141    30.2494        280     1.1625  0.000e+00
      8.967    12.5082   3.551874    30.2477        281     1.1667  0.000e+00
      9.052    12.5065   3.551506    30.2456        282     1.1708  0.000e+00
      9.130    12.5042   3.551328    30.2457        283     1.1750  0.000e+00
      9.203    12.5018   3.551163    30.2460        284     1.1792  0.000e+00
      9.284    12.4996   3.550604    30.2425        285     1.1833  0.000e+00
      9.350    12.4945   3.549943    30.2403        286     1.1875  0.000e+00
      9.408    12.4861   3.549289    30.2408        287     1.1917  0.000e+00
      9.465    12.4765   3.548368    30.2398        288     1.1958  0.000e+00
      9.516    12.4653   3.547905    30.2444        289     1.2000  0.000e+00
      9.562    12.4555   3.547600    30.2494        290     1.2042  0.000e+00
      9.601    12.4468   3.546527    30.2462        291     1.2083  0.000e+00
      9.643    12.4304   3.546546    30.2596        292     1.2125  0.000e+00
      9.689    12.4039   3.545759    30.2735        293     1.2167  0.000e+00
      9.722    12.3754   3.544642    30.2858        294     1.2208  0.000e+00
      9.764    12.3504   3.544338    30.3031        295     1.2250  0.000e+00
      9.803    12.3305   3.544027    30.3162        296     1.2292  0.000e+00
      9.842    12.3085   3.543240    30.3265        297     1.2333  0.000e+00
      9.891    12.2757   3.542669    30.3476        298     1.2375  0.000e+00
      9.939    12.2427   3.541667    30.3648        299     1.2417  0.000e+00
      9.981    12.2124   3.540810    30.3812        300     1.2458  0.000e+00
     10.035    12.1849   3.540157    30.3973        301     1.2500  0.000e+00
     10.090    12.1634   3.539631    30.4097        302     1.2542  0.000e+00
     10.147    12.1467   3.538870    30.4159        303     1.2583  0.000e+00
     10.204    12.1326   3.537645    30.4157        304     1.2625  0.000e+00
     10.271    12.1157   3.536269    30.4163        305     1.2667  0.000e+00
     10.331    12.0864   3.533251    30.4113        306     1.2708  0.000e+00
     10.395    12.0406   3.531223    30.4292        307     1.2750  0.000e+00
     10.464    11.9916   3.530222    30.4595        308     1.2792  0.000e+00
     10.527    11.9541   3.529747    30.4855        309     1.2833  0.000e+00
     10.597    11.9242   3.529285    30.5056        310     1.2875  0.000e+00
     10.675    11.9008   3.528937    30.5214        311     1.2917  0.000e+00
     10.748    11.8831   3.528221    30.5290        312     1.2958  0.000e+00
     10.811    11.8645   3.524128    30.5049        313     1.3000  0.000e+00
     10.881    11.8173   3.519190    30.4960        314     1.3042  0.000e+00
     10.947    11.7449   3.516716    30.5316        315     1.3083  0.000e+00
     11.022    11.6754   3.515331    30.5753        316     1.3125  0.000e+00
     11.086    11.6234   3.514768    30.6127        317     1.3167  0.000e+00
     11.143    11.5894   3.514421    30.6374        318     1.3208  0.000e+00
     11.213    11.5681   3.513662    30.6476        319     1.3250  0.000e+00
     11.285    11.5502   3.512062    30.6469        320     1.3292  0.000e+00
     11.333    11.5273   3.507838    30.6249        321     1.3333  0.000e+00
     11.394    11.4781   3.499301    30.5828        322     1.3375  0.000e+00
     11.445    11.3786   3.496246    30.6354        323     1.3417  0.000e+00
     11.505    11.2781   3.494946    30.7062        324     1.3458  0.000e+00
     11.560    11.2075   3.494284    30.7586        325     1.3500  0.000e+00
     11.608    11.1641   3.494089    30.7929        326     1.3542  0.000e+00
     11.665    11.1399   3.493616    30.8085        327     1.3583  0.000e+00
     11.723    11.1246   3.492859    30.8139        328     1.3625  0.000e+00
     11.780    11.1119   3.492928    30.8251        329     1.3667  0.000e+00
     11.831    11.1049   3.492537    30.8272        330     1.3708  0.000e+00
     11.901    11.0998   3.492171    30.8279        331     1.3750  0.000e+00
     11.952    11.0941   3.491572    30.8267        332     1.3792  0.000e+00
     12.015    11.0870   3.491010    30.8272        333     1.3833  0.000e+00
     12.076    11.0794   3.490385    30.8274        334     1.3875  0.000e+00
     12.130    11.0679   3.489679    30.8300        335     1.3917  0.000e+00
     12.194    11.0526   3.489099    30.8371        336     1.3958  0.000e+00
     12.251    11.0380   3.488153    30.8401        337     1.4000  0.000e+00
     12.302    11.0236   3.487440    30.8452        338     1.4042  0.000e+00
     12.351    11.0103   3.487270    30.8546        339     1.4083  0.000e+00
     12.399    11.0012   3.486967    30.8593        340     1.4125  0.000e+00
     12.444    10.9943   3.486627    30.8618        341     1.4167  0.000e+00
     12.483    10.9883   3.486463    30.8652        342     1.4208  0.000e+00
     12.523    10.9838   3.486173    30.8661        343     1.4250  0.000e+00
     12.565    10.9795   3.486066    30.8686        344     1.4292  0.000e+00
     12.610    10.9764   3.485939    30.8700        345     1.4333  0.000e+00
     12.664    10.9738   3.485467    30.8675        346     1.4375  0.000e+00
     12.710    10.9689   3.484672    30.8638        347     1.4417  0.000e+00
     12.761    10.9586   3.482932    30.8553        348     1.4458  0.000e+00
     12.812    10.9384   3.481924    30.8623        349     1.4500  0.000e+00
     12.864    10.9163   3.481558    30.8773        350     1.4542  0.000e+00
     12.924    10.8991   3.481130    30.8876        351     1.4583  0.000e+00
     12.987    10.8864   3.480808    30.8951        352     1.4625  0.000e+00
     13.042    10.8775   3.480361    30.8982        353     1.4667  0.000e+00
     13.102    10.8704   3.479933    30.8999        354     1.4708  0.000e+00
     13.162    10.8630   3.479416    30.9010        355     1.4750  0.000e+00
     13.223    10.8553   3.478792    30.9014        356     1.4792  0.000e+00
     13.280    10.8460   3.477721    30.8986        357     1.4833  0.000e+00
     13.338    10.8341   3.477343    30.9049        358     1.4875  0.000e+00
     13.398    10.8233   3.477104    30.9116        359     1.4917  0.000e+00
     13.461    10.8156   3.476827    30.9154        360     1.4958  0.000e+00
     13.510    10.8098   3.476783    30.9197        361     1.5000  0.000e+00
     13.567    10.8065   3.476676    30.9215        362     1.5042  0.000e+00
     13.621    10.8045   3.476543    30.9218        363     1.5083  0.000e+00
     13.679    10.8026   3.476506    30.9230        364     1.5125  0.000e+00
     13.736    10.8013   3.476544    30.9245        365     1.5167  0.000e+00
     13.784    10.8009   3.476506    30.9244        366     1.5208  0.000e+00
     13.854    10.8005   3.476355    30.9232        367     1.5250  0.000e+00
     13.920    10.7997   3.476266    30.9231        368     1.5292  0.000e+00
     13.987    10.7982   3.476248    30.9241        369     1.5333  0.000e+00
     14.053    10.7972   3.476141    30.9238        370     1.5375  0.000e+00
     14.128    10.7962   3.476008    30.9234        371     1.5417  0.000e+00
     14.201    10.7949   3.475882    30.9232        372     1.5458  0.000e+00
     14.267    10.7934   3.475744    30.9231        373     1.5500  0.000e+00
     14.340    10.7915   3.475303    30.9203        374     1.5542  0.000e+00
     14.400    10.7869   3.474768    30.9189        375     1.5583  0.000e+00
     14.457    10.7802   3.474623    30.9231        376     1.5625  0.000e+00
     14.515    10.7749   3.474516    30.9264        377     1.5667  0.000e+00
     14.569    10.7714   3.474447    30.9287        378     1.5708  0.000e+00
     14.617    10.7691   3.474340    30.9296        379     1.5750  0.000e+00
     14.660    10.7674   3.474346    30.9311        380     1.5792  0.000e+00
     14.693    10.7666   3.474214    30.9304        381     1.5833  0.000e+00
     14.732    10.7652   3.474062    30.9301        382     1.5875  0.000e+00
     14.774    10.7637   3.473829    30.9290        383     1.5917  0.000e+00
     14.811    10.7607   3.473552    30.9288        384     1.5958  0.000e+00
     14.865    10.7569   3.473401    30.9305        385     1.6000  0.000e+00
     14.916    10.7537   3.473187    30.9311        386     1.6042  0.000e+00
     14.974    10.7502   3.472816    30.9304        387     1.6083  0.000e+00
     15.043    10.7454   3.472463    30.9309        388     1.6125  0.000e+00
     15.128    10.7395   3.472010    30.9313        389     1.6167  0.000e+00
     15.194    10.7331   3.471733    30.9340        390     1.6208  0.000e+00
     15.278    10.7268   3.471242    30.9344        391     1.6250  0.000e+00
     15.366    10.7200   3.470707    30.9349        392     1.6292  0.000e+00
     15.448    10.7118   3.470273    30.9375        393     1.6333  0.000e+00
     15.520    10.7033   3.469706    30.9390        394     1.6375  0.000e+00
     15.586    10.6948   3.469706    30.9462        395     1.6417  0.000e+00
     15.653    10.6882   3.468315    30.9380        396     1.6458  0.000e+00
     15.716    10.6757   3.467529    30.9407        397     1.6500  0.000e+00
     15.755    10.6612   3.466887    30.9467        398     1.6542  0.000e+00
     15.795    10.6473   3.466308    30.9527        399     1.6583  0.000e+00
     15.825    10.6351   3.466138    30.9613        400     1.6625  0.000e+00
     15.846    10.6260   3.465843    30.9662        401     1.6667  0.000e+00
     15.858    10.6196   3.465667    30.9698        402     1.6708  0.000e+00
     15.864    10.6148   3.465522    30.9724        403     1.6750  0.000e+00
     15.873    10.6114   3.465264    30.9727        404     1.6792  0.000e+00
     15.894    10.6078   3.464729    30.9705        405     1.6833  0.000e+00
     15.922    10.6021   3.464541    30.9735        406     1.6875  0.000e+00
     15.958    10.5964   3.463811    30.9710        407     1.6917  0.000e+00
     16.003    10.5875   3.463113    30.9716        408     1.6958  0.000e+00
     16.076    10.5742   3.461597    30.9678        409     1.7000  0.000e+00
     16.154    10.5538   3.460641    30.9757        410     1.7042  0.000e+00
     16.245    10.5324   3.459912    30.9865        411     1.7083  0.000e+00
     16.356    10.5124   3.458737    30.9918        412     1.7125  0.000e+00
     16.465    10.4909   3.458404    31.0068        413     1.7167  0.000e+00
     16.574    10.4735   3.457574    31.0133        414     1.7208  0.000e+00
     16.691    10.4570   3.457235    31.0238        415     1.7250  0.000e+00
     16.794    10.4428   3.456940    31.0330        416     1.7292  0.000e+00
     16.897    10.4316   3.456563    31.0388        417     1.7333  0.000e+00
     16.999    10.4229   3.456318    31.0437        418     1.7375  0.000e+00
     17.081    10.4160   3.455978    31.0462        419     1.7417  0.000e+00
     17.147    10.4101   3.455853    31.0499        420     1.7458  0.000e+00
