HB2302/sbe146.cnv
* Sea-Bird SBE 19plus V2 Data File:
* FileName = C:\cruise\data\sbe146.hex
* Software Version Seasave V 7.26.7.121
* Temperature SN = 4758
* Conductivity SN = 4758
* System UpLoad Time = Jun 21 2023 22:48:15
* NMEA Latitude = 42 42.95 N
* NMEA Longitude = 068 56.93 W
* NMEA UTC (Time) = Jun 21 2023 22:48:15
** Cruise: HB2302
** Program: Ecomon
** Chief Scientist: Jerry Prezioso
# nquan = 7
# nvalues = 3465                                  
# units = specified
# name 0 = depSM: Depth [salt water, m]
# name 1 = tv290C: Temperature [ITS-90, deg C]
# name 2 = c0S/m: Conductivity [S/m]
# name 3 = sal00: Salinity, Practical [PSU]
# name 4 = scan: Scan Count
# name 5 = timeM: Time, Elapsed [minutes]
# name 6 = flag:  0.000e+00
# span 0 =      0.061,    140.312                 
# span 1 =     6.8219,    15.4723                 
# span 2 =   0.000468,   4.001367                 
# span 3 =     0.0088,    33.3112                 
# span 4 =         11,       3475                 
# span 5 =     0.0417,    14.4750                 
# span 6 = 0.0000e+00, 0.0000e+00                 
# interval = seconds: 0.25
# start_time = Jun 21 2023 22:48:15 [NMEA time, header]
# bad_flag = -9.990e-29
*END*
[from data line 1642]
    101.607     6.8947   3.330686    32.8797       1653     6.8833  0.000e+00
    101.535     6.8945   3.330667    32.8798       1654     6.8875  0.000e+00
    101.477     6.8943   3.330643    32.8797       1655     6.8917  0.000e+00
    101.408     6.8940   3.330624    32.8798       1656     6.8958  0.000e+00
    101.342     6.8942   3.330581    32.8792       1657     6.9000  0.000e+00
    101.272     6.8939   3.330543    32.8791       1658     6.9042  0.000e+00
    101.206     6.8936   3.330469    32.8786       1659     6.9083  0.000e+00
    101.137     6.8935   3.330382    32.8778       1660     6.9125  0.000e+00
    101.077     6.8933   3.330339    32.8775       1661     6.9167  0.000e+00
    101.010     6.8932   3.330339    32.8777       1662     6.9208  0.000e+00
    100.932     6.8930   3.330277    32.8772       1663     6.9250  0.000e+00
    100.863     6.8930   3.330277    32.8772       1664     6.9292  0.000e+00
    100.787     6.8927   3.330233    32.8770       1665     6.9333  0.000e+00
    100.715     6.8928   3.330178    32.8764       1666     6.9375  0.000e+00
    100.649     6.8927   3.330171    32.8765       1667     6.9417  0.000e+00
    100.573     6.8926   3.330153    32.8764       1668     6.9458  0.000e+00
    100.507     6.8926   3.330147    32.8764       1669     6.9500  0.000e+00
    100.432     6.8925   3.330153    32.8766       1670     6.9542  0.000e+00
    100.353     6.8925   3.330103    32.8761       1671     6.9583  0.000e+00
    100.287     6.8924   3.330091    32.8760       1672     6.9625  0.000e+00
    100.212     6.8925   3.330128    32.8764       1673     6.9667  0.000e+00
    100.142     6.8925   3.330116    32.8763       1674     6.9708  0.000e+00
    100.070     6.8923   3.330060    32.8759       1675     6.9750  0.000e+00
     99.989     6.8923   3.330035    32.8757       1676     6.9792  0.000e+00
     99.913     6.8924   3.329954    32.8748       1677     6.9833  0.000e+00
     99.826     6.8920   3.329892    32.8745       1678     6.9875  0.000e+00
     99.754     6.8918   3.329892    32.8747       1679     6.9917  0.000e+00
     99.681     6.8915   3.329868    32.8747       1680     6.9958  0.000e+00
     99.603     6.8915   3.329824    32.8743       1681     7.0000  0.000e+00
     99.530     6.8912   3.329806    32.8744       1682     7.0042  0.000e+00
     99.455     6.8911   3.329806    32.8745       1683     7.0083  0.000e+00
     99.380     6.8911   3.329768    32.8742       1684     7.0125  0.000e+00
     99.310     6.8911   3.329750    32.8741       1685     7.0167  0.000e+00
     99.241     6.8910   3.329806    32.8748       1686     7.0208  0.000e+00
     99.169     6.8911   3.329787    32.8745       1687     7.0250  0.000e+00
     99.103     6.8909   3.329657    32.8733       1688     7.0292  0.000e+00
     99.033     6.8908   3.329626    32.8731       1689     7.0333  0.000e+00
     98.958     6.8905   3.329570    32.8728       1690     7.0375  0.000e+00
     98.892     6.8901   3.329502    32.8725       1691     7.0417  0.000e+00
     98.822     6.8898   3.329502    32.8728       1692     7.0458  0.000e+00
     98.756     6.8896   3.329403    32.8719       1693     7.0500  0.000e+00
     98.687     6.8891   3.329291    32.8712       1694     7.0542  0.000e+00
     98.605     6.8887   3.329093    32.8695       1695     7.0583  0.000e+00
     98.539     6.8878   3.328988    32.8692       1696     7.0625  0.000e+00
     98.464     6.8868   3.328647    32.8665       1697     7.0667  0.000e+00
     98.388     6.8858   3.328455    32.8654       1698     7.0708  0.000e+00
     98.313     6.8844   3.328096    32.8628       1699     7.0750  0.000e+00
     98.241     6.8830   3.327941    32.8624       1700     7.0792  0.000e+00
     98.162     6.8816   3.327730    32.8615       1701     7.0833  0.000e+00
     98.084     6.8806   3.327637    32.8615       1702     7.0875  0.000e+00
     98.005     6.8795   3.327545    32.8616       1703     7.0917  0.000e+00
     97.927     6.8788   3.327514    32.8620       1704     7.0958  0.000e+00
     97.858     6.8783   3.327489    32.8622       1705     7.1000  0.000e+00
     97.779     6.8781   3.327470    32.8622       1706     7.1042  0.000e+00
     97.710     6.8778   3.327489    32.8627       1707     7.1083  0.000e+00
     97.641     6.8777   3.327427    32.8622       1708     7.1125  0.000e+00
     97.571     6.8777   3.327427    32.8622       1709     7.1167  0.000e+00
     97.505     6.8776   3.327427    32.8624       1710     7.1208  0.000e+00
     97.442     6.8776   3.327402    32.8621       1711     7.1250  0.000e+00
     97.385     6.8775   3.327297    32.8611       1712     7.1292  0.000e+00
     97.327     6.8774   3.327142    32.8595       1713     7.1333  0.000e+00
     97.258     6.8770   3.327080    32.8592       1714     7.1375  0.000e+00
     97.204     6.8766   3.326975    32.8585       1715     7.1417  0.000e+00
     97.140     6.8762   3.326931    32.8585       1716     7.1458  0.000e+00
     97.074     6.8759   3.326894    32.8584       1717     7.1500  0.000e+00
     97.002     6.8754   3.326888    32.8588       1718     7.1542  0.000e+00
     96.927     6.8752   3.326845    32.8585       1719     7.1583  0.000e+00
     96.851     6.8749   3.326832    32.8587       1720     7.1625  0.000e+00
     96.770     6.8750   3.326826    32.8586       1721     7.1667  0.000e+00
     96.685     6.8749   3.326776    32.8582       1722     7.1708  0.000e+00
     96.601     6.8749   3.326764    32.8582       1723     7.1750  0.000e+00
     96.511     6.8747   3.326690    32.8575       1724     7.1792  0.000e+00
     96.423     6.8746   3.326696    32.8577       1725     7.1833  0.000e+00
     96.330     6.8747   3.326634    32.8570       1726     7.1875  0.000e+00
     96.245     6.8745   3.326566    32.8565       1727     7.1917  0.000e+00
     96.158     6.8743   3.326590    32.8570       1728     7.1958  0.000e+00
     96.062     6.8743   3.326590    32.8571       1729     7.2000  0.000e+00
     95.980     6.8741   3.326528    32.8566       1730     7.2042  0.000e+00
     95.887     6.8741   3.326504    32.8564       1731     7.2083  0.000e+00
     95.805     6.8740   3.326491    32.8564       1732     7.2125  0.000e+00
     95.712     6.8738   3.326417    32.8558       1733     7.2167  0.000e+00
     95.643     6.8737   3.326429    32.8560       1734     7.2208  0.000e+00
     95.561     6.8738   3.326398    32.8557       1735     7.2250  0.000e+00
     95.489     6.8737   3.326386    32.8557       1736     7.2292  0.000e+00
     95.420     6.8737   3.326330    32.8551       1737     7.2333  0.000e+00
     95.356     6.8736   3.326287    32.8547       1738     7.2375  0.000e+00
     95.287     6.8735   3.326268    32.8546       1739     7.2417  0.000e+00
     95.221     6.8733   3.326243    32.8546       1740     7.2458  0.000e+00
     95.163     6.8733   3.326181    32.8539       1741     7.2500  0.000e+00
     95.109     6.8732   3.326064    32.8528       1742     7.2542  0.000e+00
     95.055     6.8728   3.326008    32.8526       1743     7.2583  0.000e+00
     95.004     6.8726   3.326020    32.8529       1744     7.2625  0.000e+00
     94.955     6.8725   3.326095    32.8538       1745     7.2667  0.000e+00
     94.907     6.8724   3.326119    32.8543       1746     7.2708  0.000e+00
     94.853     6.8725   3.326119    32.8542       1747     7.2750  0.000e+00
     94.805     6.8726   3.326119    32.8541       1748     7.2792  0.000e+00
     94.753     6.8728   3.326119    32.8540       1749     7.2833  0.000e+00
     94.696     6.8727   3.326002    32.8528       1750     7.2875  0.000e+00
     94.642     6.8725   3.326051    32.8535       1751     7.2917  0.000e+00
     94.579     6.8726   3.325958    32.8525       1752     7.2958  0.000e+00
     94.518     6.8725   3.325927    32.8522       1753     7.3000  0.000e+00
     94.449     6.8726   3.326082    32.8539       1754     7.3042  0.000e+00
     94.389     6.8725   3.325989    32.8530       1755     7.3083  0.000e+00
     94.313     6.8725   3.325816    32.8512       1756     7.3125  0.000e+00
     94.232     6.8725   3.325859    32.8516       1757     7.3167  0.000e+00
     94.160     6.8729   3.325878    32.8514       1758     7.3208  0.000e+00
     94.084     6.8731   3.325902    32.8516       1759     7.3250  0.000e+00
     93.985     6.8735   3.325896    32.8512       1760     7.3292  0.000e+00
     93.910     6.8737   3.325859    32.8507       1761     7.3333  0.000e+00
     93.822     6.8738   3.325859    32.8506       1762     7.3375  0.000e+00
     93.738     6.8738   3.325902    32.8511       1763     7.3417  0.000e+00
     93.647     6.8738   3.325977    32.8520       1764     7.3458  0.000e+00
     93.563     6.8743   3.325989    32.8516       1765     7.3500  0.000e+00
     93.482     6.8749   3.326082    32.8522       1766     7.3542  0.000e+00
     93.400     6.8756   3.326076    32.8515       1767     7.3583  0.000e+00
     93.322     6.8759   3.326001    32.8504       1768     7.3625  0.000e+00
     93.241     6.8759   3.326032    32.8507       1769     7.3667  0.000e+00
     93.168     6.8758   3.325896    32.8494       1770     7.3708  0.000e+00
     93.108     6.8755   3.325004    32.8399       1771     7.3750  0.000e+00
     93.033     6.8739   3.324881    32.8402       1772     7.3792  0.000e+00
     92.966     6.8723   3.324812    32.8410       1773     7.3833  0.000e+00
     92.915     6.8712   3.324837    32.8423       1774     7.3875  0.000e+00
     92.855     6.8708   3.324812    32.8425       1775     7.3917  0.000e+00
     92.797     6.8702   3.324781    32.8427       1776     7.3958  0.000e+00
     92.746     6.8698   3.324707    32.8423       1777     7.4000  0.000e+00
     92.686     6.8694   3.324658    32.8422       1778     7.4042  0.000e+00
     92.635     6.8691   3.324620    32.8421       1779     7.4083  0.000e+00
     92.586     6.8688   3.324559    32.8417       1780     7.4125  0.000e+00
     92.532     6.8685   3.324577    32.8423       1781     7.4167  0.000e+00
     92.481     6.8682   3.324577    32.8426       1782     7.4208  0.000e+00
     92.427     6.8680   3.324490    32.8418       1783     7.4250  0.000e+00
     92.366     6.8678   3.324274    32.8396       1784     7.4292  0.000e+00
     92.309     6.8670   3.324274    32.8404       1785     7.4333  0.000e+00
     92.249     6.8663   3.324187    32.8402       1786     7.4375  0.000e+00
     92.183     6.8658   3.324193    32.8408       1787     7.4417  0.000e+00
     92.122     6.8654   3.324045    32.8395       1788     7.4458  0.000e+00
     92.062     6.8651   3.324150    32.8410       1789     7.4500  0.000e+00
     91.999     6.8650   3.323964    32.8391       1790     7.4542  0.000e+00
     91.936     6.8645   3.323915    32.8391       1791     7.4583  0.000e+00
     91.863     6.8639   3.323865    32.8391       1792     7.4625  0.000e+00
     91.800     6.8636   3.323828    32.8391       1793     7.4667  0.000e+00
     91.740     6.8631   3.323803    32.8393       1794     7.4708  0.000e+00
     91.676     6.8630   3.323784    32.8392       1795     7.4750  0.000e+00
     91.607     6.8627   3.323760    32.8392       1796     7.4792  0.000e+00
     91.541     6.8625   3.323741    32.8393       1797     7.4833  0.000e+00
     91.483     6.8624   3.323760    32.8396       1798     7.4875  0.000e+00
     91.417     6.8624   3.323314    32.8348       1799     7.4917  0.000e+00
     91.357     6.8615   3.322905    32.8311       1800     7.4958  0.000e+00
     91.297     6.8600   3.322726    32.8306       1801     7.5000  0.000e+00
     91.230     6.8588   3.322714    32.8317       1802     7.5042  0.000e+00
     91.170     6.8578   3.322683    32.8323       1803     7.5083  0.000e+00
     91.110     6.8573   3.322584    32.8318       1804     7.5125  0.000e+00
     91.049     6.8569   3.322565    32.8320       1805     7.5167  0.000e+00
     90.995     6.8565   3.322522    32.8319       1806     7.5208  0.000e+00
     90.944     6.8563   3.322460    32.8315       1807     7.5250  0.000e+00
     90.887     6.8561   3.322435    32.8313       1808     7.5292  0.000e+00
     90.826     6.8561   3.322423    32.8313       1809     7.5333  0.000e+00
     90.772     6.8560   3.322392    32.8311       1810     7.5375  0.000e+00
     90.715     6.8558   3.322299    32.8303       1811     7.5417  0.000e+00
     90.664     6.8555   3.322373    32.8313       1812     7.5458  0.000e+00
     90.609     6.8555   3.322342    32.8310       1813     7.5500  0.000e+00
     90.552     6.8554   3.322286    32.8306       1814     7.5542  0.000e+00
     90.498     6.8552   3.322200    32.8298       1815     7.5583  0.000e+00
     90.435     6.8551   3.322181    32.8298       1816     7.5625  0.000e+00
     90.377     6.8549   3.322094    32.8291       1817     7.5667  0.000e+00
     90.317     6.8547   3.321946    32.8276       1818     7.5708  0.000e+00
     90.254     6.8541   3.321711    32.8257       1819     7.5750  0.000e+00
     90.197     6.8534   3.321389    32.8228       1820     7.5792  0.000e+00
     90.139     6.8523   3.321203    32.8219       1821     7.5833  0.000e+00
     90.070     6.8516   3.320980    32.8201       1822     7.5875  0.000e+00
     90.013     6.8508   3.320875    32.8197       1823     7.5917  0.000e+00
     89.949     6.8501   3.320702    32.8186       1824     7.5958  0.000e+00
     89.892     6.8492   3.320448    32.8167       1825     7.6000  0.000e+00
     89.832     6.8482   3.320213    32.8151       1826     7.6042  0.000e+00
     89.772     6.8474   3.319799    32.8114       1827     7.6083  0.000e+00
     89.714     6.8464   3.319099    32.8046       1828     7.6125  0.000e+00
     89.651     6.8446   3.318846    32.8037       1829     7.6167  0.000e+00
     89.603     6.8429   3.318703    32.8037       1830     7.6208  0.000e+00
     89.534     6.8416   3.317924    32.7964       1831     7.6250  0.000e+00
     89.473     6.8398   3.317769    32.7965       1832     7.6292  0.000e+00
     89.407     6.8385   3.317627    32.7962       1833     7.6333  0.000e+00
     89.341     6.8375   3.317609    32.7970       1834     7.6375  0.000e+00
     89.280     6.8369   3.317565    32.7971       1835     7.6417  0.000e+00
     89.217     6.8366   3.317528    32.7970       1836     7.6458  0.000e+00
     89.157     6.8366   3.317584    32.7977       1837     7.6500  0.000e+00
     89.081     6.8363   3.317510    32.7972       1838     7.6542  0.000e+00
     89.021     6.8363   3.317497    32.7971       1839     7.6583  0.000e+00
     88.958     6.8363   3.317466    32.7967       1840     7.6625  0.000e+00
     88.898     6.8362   3.317497    32.7972       1841     7.6667  0.000e+00
     88.837     6.8363   3.317509    32.7973       1842     7.6708  0.000e+00
     88.783     6.8364   3.317522    32.7973       1843     7.6750  0.000e+00
     88.726     6.8365   3.317404    32.7960       1844     7.6792  0.000e+00
     88.669     6.8365   3.317305    32.7949       1845     7.6833  0.000e+00
     88.614     6.8360   3.317305    32.7954       1846     7.6875  0.000e+00
     88.566     6.8358   3.317243    32.7950       1847     7.6917  0.000e+00
     88.512     6.8354   3.317219    32.7951       1848     7.6958  0.000e+00
     88.452     6.8352   3.317101    32.7941       1849     7.7000  0.000e+00
     88.400     6.8351   3.317008    32.7931       1850     7.7042  0.000e+00
     88.352     6.8348   3.316977    32.7931       1851     7.7083  0.000e+00
     88.286     6.8345   3.316922    32.7929       1852     7.7125  0.000e+00
     88.229     6.8345   3.316816    32.7917       1853     7.7167  0.000e+00
     88.174     6.8342   3.316668    32.7904       1854     7.7208  0.000e+00
     88.120     6.8340   3.316575    32.7896       1855     7.7250  0.000e+00
     88.060     6.8337   3.316495    32.7890       1856     7.7292  0.000e+00
