HB2302/sbe111.cnv
* Sea-Bird SBE 19plus V2 Data File:
* FileName = C:\cruise\data\sbe111.hex
* Software Version Seasave V 7.26.7.121
* Temperature SN = 4758
* Conductivity SN = 4758
* System UpLoad Time = Jun 18 2023 19:04:55
* NMEA Latitude = 42 02.44 N
* NMEA Longitude = 066 36.24 W
* NMEA UTC (Time) = Jun 18 2023 19:04:55
** Cruise: HB2302
** Program: Ecomon
** Chief Scientist: Jerry Prezioso
# nquan = 7
# nvalues = 1633                                  
# units = specified
# name 0 = depSM: Depth [salt water, m]
# name 1 = tv290C: Temperature [ITS-90, deg C]
# name 2 = c0S/m: Conductivity [S/m]
# name 3 = sal00: Salinity, Practical [PSU]
# name 4 = scan: Scan Count
# name 5 = timeM: Time, Elapsed [minutes]
# name 6 = flag:  0.000e+00
# span 0 =     -0.177,     73.411                 
# span 1 =     9.4348,    13.4399                 
# span 2 =   0.000244,   3.817515                 
# span 3 =     0.0075,    33.3344                 
# span 4 =         11,       1643                 
# span 5 =     0.0417,     6.8417                 
# span 6 = 0.0000e+00, 0.0000e+00                 
# interval = seconds: 0.25
# start_time = Jun 18 2023 19:04:55 [NMEA time, header]
# bad_flag = -9.990e-29
*END*
[from data line 411]
     49.249     9.4400   3.526019    32.6011        422     1.7542  0.000e+00
     49.421     9.4405   3.525924    32.5997        423     1.7583  0.000e+00
     49.599     9.4402   3.525867    32.5993        424     1.7625  0.000e+00
     49.795     9.4393   3.525797    32.5993        425     1.7667  0.000e+00
     49.992     9.4387   3.525867    32.6005        426     1.7708  0.000e+00
     50.218     9.4384   3.525867    32.6006        427     1.7750  0.000e+00
     50.438     9.4384   3.525886    32.6008        428     1.7792  0.000e+00
     50.668     9.4384   3.525912    32.6009        429     1.7833  0.000e+00
     50.906     9.4386   3.525842    32.5999        430     1.7875  0.000e+00
     51.147     9.4382   3.525760    32.5993        431     1.7917  0.000e+00
     51.386     9.4377   3.525798    32.6000        432     1.7958  0.000e+00
     51.627     9.4371   3.525823    32.6007        433     1.8000  0.000e+00
     51.839     9.4373   3.525868    32.6009        434     1.8042  0.000e+00
     52.050     9.4374   3.525950    32.6016        435     1.8083  0.000e+00
     52.237     9.4379   3.525995    32.6016        436     1.8125  0.000e+00
     52.385     9.4385   3.525868    32.5996        437     1.8167  0.000e+00
     52.505     9.4382   3.525931    32.6005        438     1.8208  0.000e+00
     52.605     9.4381   3.526388    32.6052        439     1.8250  0.000e+00
     52.687     9.4400   3.526521    32.6048        440     1.8292  0.000e+00
     52.765     9.4422   3.526628    32.6039        441     1.8333  0.000e+00
     52.844     9.4439   3.526692    32.6030        442     1.8375  0.000e+00
     52.928     9.4453   3.526761    32.6024        443     1.8417  0.000e+00
     53.022     9.4462   3.526692    32.6008        444     1.8458  0.000e+00
     53.127     9.4466   3.526761    32.6010        445     1.8500  0.000e+00
     53.260     9.4472   3.526844    32.6014        446     1.8542  0.000e+00
     53.411     9.4477   3.526888    32.6013        447     1.8583  0.000e+00
     53.577     9.4481   3.526844    32.6004        448     1.8625  0.000e+00
     53.764     9.4479   3.526673    32.5987        449     1.8667  0.000e+00
     53.960     9.4473   3.526584    32.5983        450     1.8708  0.000e+00
     54.165     9.4460   3.526540    32.5989        451     1.8750  0.000e+00
     54.377     9.4450   3.526629    32.6006        452     1.8792  0.000e+00
     54.585     9.4450   3.526870    32.6030        453     1.8833  0.000e+00
     54.805     9.4457   3.526977    32.6034        454     1.8875  0.000e+00
     55.022     9.4470   3.526958    32.6019        455     1.8917  0.000e+00
     55.222     9.4474   3.527085    32.6027        456     1.8958  0.000e+00
     55.400     9.4479   3.527130    32.6026        457     1.9000  0.000e+00
     55.557     9.4487   3.527193    32.6025        458     1.9042  0.000e+00
     55.686     9.4490   3.527218    32.6024        459     1.9083  0.000e+00
     55.807     9.4497   3.527434    32.6040        460     1.9125  0.000e+00
     55.907     9.4503   3.527434    32.6034        461     1.9167  0.000e+00
     56.009     9.4510   3.527415    32.6025        462     1.9208  0.000e+00
     56.106     9.4513   3.527504    32.6031        463     1.9250  0.000e+00
     56.205     9.4517   3.527611    32.6037        464     1.9292  0.000e+00
     56.329     9.4526   3.527611    32.6029        465     1.9333  0.000e+00
     56.468     9.4532   3.527738    32.6036        466     1.9375  0.000e+00
     56.622     9.4538   3.527808    32.6037        467     1.9417  0.000e+00
     56.809     9.4547   3.527783    32.6026        468     1.9458  0.000e+00
     56.999     9.4548   3.527764    32.6022        469     1.9500  0.000e+00
     57.216     9.4548   3.527719    32.6016        470     1.9542  0.000e+00
     57.458     9.4546   3.527656    32.6011        471     1.9583  0.000e+00
     57.696     9.4540   3.527675    32.6017        472     1.9625  0.000e+00
     57.950     9.4535   3.527764    32.6029        473     1.9667  0.000e+00
     58.197     9.4536   3.527828    32.6034        474     1.9708  0.000e+00
     58.442     9.4539   3.527872    32.6034        475     1.9750  0.000e+00
     58.656     9.4545   3.527935    32.6035        476     1.9792  0.000e+00
     58.876     9.4550   3.528005    32.6036        477     1.9833  0.000e+00
     59.096     9.4554   3.527961    32.6027        478     1.9875  0.000e+00
     59.292     9.4556   3.527980    32.6027        479     1.9917  0.000e+00
     59.470     9.4557   3.527980    32.6025        480     1.9958  0.000e+00
     59.618     9.4558   3.527961    32.6022        481     2.0000  0.000e+00
     59.739     9.4556   3.527872    32.6013        482     2.0042  0.000e+00
     59.848     9.4552   3.527936    32.6023        483     2.0083  0.000e+00
     59.953     9.4552   3.528044    32.6034        484     2.0125  0.000e+00
     60.059     9.4554   3.528088    32.6036        485     2.0167  0.000e+00
     60.162     9.4557   3.528088    32.6033        486     2.0208  0.000e+00
     60.267     9.4560   3.528158    32.6037        487     2.0250  0.000e+00
     60.379     9.4563   3.528151    32.6033        488     2.0292  0.000e+00
     60.497     9.4567   3.528221    32.6036        489     2.0333  0.000e+00
     60.623     9.4570   3.528202    32.6031        490     2.0375  0.000e+00
     60.750     9.4572   3.528240    32.6032        491     2.0417  0.000e+00
     60.880     9.4575   3.528329    32.6038        492     2.0458  0.000e+00
     61.016     9.4578   3.528373    32.6039        493     2.0500  0.000e+00
     61.157     9.4584   3.528354    32.6031        494     2.0542  0.000e+00
     61.299     9.4587   3.528373    32.6030        495     2.0583  0.000e+00
     61.435     9.4589   3.528418    32.6032        496     2.0625  0.000e+00
     61.583     9.4590   3.528437    32.6032        497     2.0667  0.000e+00
     61.728     9.4592   3.528526    32.6039        498     2.0708  0.000e+00
     61.885     9.4596   3.528551    32.6037        499     2.0750  0.000e+00
     62.051     9.4598   3.528589    32.6038        500     2.0792  0.000e+00
     62.223     9.4603   3.528526    32.6027        501     2.0833  0.000e+00
     62.407     9.4602   3.528526    32.6027        502     2.0875  0.000e+00
     62.606     9.4600   3.528070    32.5981        503     2.0917  0.000e+00
     62.805     9.4594   3.528393    32.6018        504     2.0958  0.000e+00
     63.016     9.4588   3.528437    32.6028        505     2.1000  0.000e+00
     63.224     9.4587   3.528552    32.6039        506     2.1042  0.000e+00
     63.454     9.4590   3.528438    32.6024        507     2.1083  0.000e+00
     63.680     9.4589   3.528374    32.6017        508     2.1125  0.000e+00
     63.909     9.4583   3.528393    32.6024        509     2.1167  0.000e+00
     64.139     9.4580   3.528374    32.6023        510     2.1208  0.000e+00
     64.362     9.4578   3.528330    32.6020        511     2.1250  0.000e+00
     64.579     9.4573   3.528356    32.6026        512     2.1292  0.000e+00
     64.784     9.4572   3.528330    32.6023        513     2.1333  0.000e+00
     64.968     9.4572   3.528419    32.6032        514     2.1375  0.000e+00
     65.143     9.4572   3.528242    32.6012        515     2.1417  0.000e+00
     65.276     9.4566   3.528159    32.6009        516     2.1458  0.000e+00
     65.391     9.4559   3.528204    32.6019        517     2.1500  0.000e+00
     65.478     9.4554   3.528267    32.6030        518     2.1542  0.000e+00
     65.551     9.4556   3.528356    32.6037        519     2.1583  0.000e+00
     65.611     9.4560   3.528375    32.6035        520     2.1625  0.000e+00
     65.674     9.4565   3.528312    32.6024        521     2.1667  0.000e+00
     65.741     9.4565   3.528223    32.6015        522     2.1708  0.000e+00
     65.816     9.4560   3.528267    32.6023        523     2.1750  0.000e+00
     65.919     9.4559   3.528331    32.6030        524     2.1792  0.000e+00
     66.052     9.4562   3.528483    32.6042        525     2.1833  0.000e+00
     66.212     9.4567   3.528483    32.6038        526     2.1875  0.000e+00
     66.396     9.4573   3.528553    32.6038        527     2.1917  0.000e+00
     66.598     9.4576   3.528483    32.6027        528     2.1958  0.000e+00
     66.842     9.4578   3.528420    32.6018        529     2.2000  0.000e+00
     67.096     9.4573   3.528394    32.6019        530     2.2042  0.000e+00
     67.337     9.4569   3.528439    32.6026        531     2.2083  0.000e+00
     67.590     9.4567   3.528376    32.6020        532     2.2125  0.000e+00
     67.853     9.4565   3.528395    32.6023        533     2.2167  0.000e+00
     68.124     9.4566   3.528484    32.6030        534     2.2208  0.000e+00
     68.396     9.4568   3.528572    32.6036        535     2.2250  0.000e+00
     68.655     9.4573   3.528553    32.6028        536     2.2292  0.000e+00
     68.870     9.4577   3.528509    32.6019        537     2.2333  0.000e+00
     69.084     9.4574   3.528573    32.6028        538     2.2375  0.000e+00
     69.292     9.4576   3.528484    32.6016        539     2.2417  0.000e+00
     69.482     9.4572   3.528484    32.6018        540     2.2458  0.000e+00
     69.624     9.4569   3.528509    32.6023        541     2.2500  0.000e+00
     69.699     9.4569   3.528484    32.6020        542     2.2542  0.000e+00
     69.748     9.4566   3.528421    32.6016        543     2.2583  0.000e+00
     69.811     9.4563   3.528421    32.6019        544     2.2625  0.000e+00
     69.908     9.4560   3.528395    32.6018        545     2.2667  0.000e+00
     70.010     9.4559   3.528440    32.6023        546     2.2708  0.000e+00
     70.122     9.4558   3.528554    32.6035        547     2.2750  0.000e+00
     70.252     9.4561   3.528573    32.6034        548     2.2792  0.000e+00
     70.402     9.4569   3.528681    32.6037        549     2.2833  0.000e+00
     70.577     9.4576   3.528681    32.6030        550     2.2875  0.000e+00
     70.783     9.4580   3.528637    32.6021        551     2.2917  0.000e+00
     71.012     9.4579   3.528681    32.6025        552     2.2958  0.000e+00
     71.247     9.4578   3.528706    32.6028        553     2.3000  0.000e+00
     71.501     9.4580   3.528706    32.6025        554     2.3042  0.000e+00
     71.748     9.4581   3.528770    32.6029        555     2.3083  0.000e+00
     72.001     9.4581   3.528745    32.6025        556     2.3125  0.000e+00
     72.252     9.4582   3.528789    32.6028        557     2.3167  0.000e+00
     72.493     9.4583   3.528834    32.6030        558     2.3208  0.000e+00
     72.741     9.4586   3.529011    32.6045        559     2.3250  0.000e+00
     72.976     9.4594   3.529011    32.6036        560     2.3292  0.000e+00
     73.187     9.4600   3.528904    32.6020        561     2.3333  0.000e+00
     73.275     9.4598   3.528815    32.6011        562     2.3375  0.000e+00
     73.302     9.4592   3.528815    32.6017        563     2.3417  0.000e+00
     73.257     9.4588   3.528745    32.6014        564     2.3458  0.000e+00
     73.229     9.4583   3.528707    32.6015        565     2.3500  0.000e+00
     73.257     9.4577   3.528637    32.6013        566     2.3542  0.000e+00
     73.211     9.4572   3.528637    32.6018        567     2.3583  0.000e+00
     73.166     9.4569   3.528593    32.6016        568     2.3625  0.000e+00
     73.100     9.4567   3.528682    32.6027        569     2.3667  0.000e+00
     73.064     9.4566   3.528663    32.6026        570     2.3708  0.000e+00
     73.024     9.4567   3.528637    32.6023        571     2.3750  0.000e+00
     72.982     9.4567   3.528637    32.6023        572     2.3792  0.000e+00
     72.949     9.4565   3.528618    32.6023        573     2.3833  0.000e+00
     72.919     9.4565   3.528593    32.6021        574     2.3875  0.000e+00
     72.907     9.4564   3.528637    32.6026        575     2.3917  0.000e+00
     72.910     9.4565   3.528618    32.6023        576     2.3958  0.000e+00
     72.925     9.4565   3.528637    32.6025        577     2.4000  0.000e+00
     72.949     9.4565   3.528726    32.6034        578     2.4042  0.000e+00
     72.979     9.4568   3.528726    32.6031        579     2.4083  0.000e+00
     73.025     9.4571   3.528770    32.6033        580     2.4125  0.000e+00
     73.067     9.4575   3.528789    32.6031        581     2.4167  0.000e+00
     73.106     9.4576   3.528637    32.6014        582     2.4208  0.000e+00
     73.164     9.4574   3.528707    32.6023        583     2.4250  0.000e+00
     73.227     9.4572   3.528815    32.6036        584     2.4292  0.000e+00
     73.275     9.4574   3.528530    32.6004        585     2.4333  0.000e+00
     73.305     9.4565   3.528378    32.5997        586     2.4375  0.000e+00
     73.323     9.4552   3.528397    32.6011        587     2.4417  0.000e+00
     73.333     9.4544   3.528466    32.6025        588     2.4458  0.000e+00
     73.333     9.4541   3.528485    32.6030        589     2.4500  0.000e+00
     73.345     9.4544   3.528485    32.6027        590     2.4542  0.000e+00
     73.348     9.4545   3.528511    32.6029        591     2.4583  0.000e+00
     73.369     9.4547   3.528574    32.6033        592     2.4625  0.000e+00
     73.375     9.4551   3.528555    32.6027        593     2.4667  0.000e+00
     73.393     9.4553   3.528618    32.6032        594     2.4708  0.000e+00
     73.402     9.4558   3.528726    32.6039        595     2.4750  0.000e+00
     73.405     9.4563   3.528904    32.6052        596     2.4792  0.000e+00
     73.411     9.4576   3.529030    32.6053        597     2.4833  0.000e+00
     73.408     9.4589   3.529119    32.6051        598     2.4875  0.000e+00
     73.402     9.4598   3.529119    32.6042        599     2.4917  0.000e+00
     73.387     9.4604   3.529119    32.6037        600     2.4958  0.000e+00
     73.357     9.4609   3.529056    32.6026        601     2.5000  0.000e+00
     73.324     9.4607   3.528986    32.6020        602     2.5042  0.000e+00
     73.282     9.4603   3.529075    32.6033        603     2.5083  0.000e+00
     73.239     9.4603   3.529138    32.6040        604     2.5125  0.000e+00
     73.197     9.4609   3.529163    32.6037        605     2.5167  0.000e+00
     73.149     9.4614   3.529208    32.6038        606     2.5208  0.000e+00
     73.113     9.4618   3.529163    32.6030        607     2.5250  0.000e+00
     73.073     9.4619   3.529138    32.6027        608     2.5292  0.000e+00
     73.037     9.4618   3.529163    32.6031        609     2.5333  0.000e+00
     73.019     9.4616   3.529138    32.6029        610     2.5375  0.000e+00
     73.001     9.4618   3.529138    32.6028        611     2.5417  0.000e+00
     73.001     9.4618   3.529138    32.6028        612     2.5458  0.000e+00
     73.004     9.4618   3.529163    32.6031        613     2.5500  0.000e+00
     73.004     9.4618   3.529163    32.6031        614     2.5542  0.000e+00
     73.001     9.4617   3.529138    32.6029        615     2.5583  0.000e+00
     73.004     9.4617   3.529119    32.6027        616     2.5625  0.000e+00
     72.989     9.4617   3.529138    32.6029        617     2.5667  0.000e+00
     72.968     9.4616   3.529138    32.6030        618     2.5708  0.000e+00
     72.929     9.4616   3.529119    32.6028        619     2.5750  0.000e+00
     72.896     9.4618   3.529138    32.6029        620     2.5792  0.000e+00
     72.845     9.4618   3.529119    32.6027        621     2.5833  0.000e+00
     72.805     9.4618   3.529138    32.6029        622     2.5875  0.000e+00
     72.754     9.4617   3.529138    32.6030        623     2.5917  0.000e+00
     72.718     9.4618   3.529138    32.6029        624     2.5958  0.000e+00
     72.673     9.4618   3.529119    32.6027        625     2.6000  0.000e+00
