HB2302/sbe138.cnv
* Sea-Bird SBE 19plus V2 Data File:
* FileName = C:\cruise\data\sbe138.hex
* Software Version Seasave V 7.26.7.121
* Temperature SN = 4758
* Conductivity SN = 4758
* System UpLoad Time = Jun 21 2023 06:16:51
* NMEA Latitude = 43 40.91 N
* NMEA Longitude = 068 22.25 W
* NMEA UTC (Time) = Jun 21 2023 06:16:51
** Cruise: HB2302
** Program: Ecomon
** Chief Scientist: Jerry Prezioso
# nquan = 7
# nvalues = 3850                                  
# units = specified
# name 0 = depSM: Depth [salt water, m]
# name 1 = tv290C: Temperature [ITS-90, deg C]
# name 2 = c0S/m: Conductivity [S/m]
# name 3 = sal00: Salinity, Practical [PSU]
# name 4 = scan: Scan Count
# name 5 = timeM: Time, Elapsed [minutes]
# name 6 = flag:  0.000e+00
# span 0 =      0.017,    183.756                 
# span 1 =     7.4005,    11.3032                 
# span 2 =   0.000304,   3.652018                 
# span 3 =     0.0067,    33.9731                 
# span 4 =         11,       3860                 
# span 5 =     0.0417,    16.0792                 
# span 6 = 0.0000e+00, 0.0000e+00                 
# interval = seconds: 0.25
# start_time = Jun 21 2023 06:16:51 [NMEA time, header]
# bad_flag = -9.990e-29
*END*
      0.026    11.1989   0.000310     0.0067         11     0.0417  0.000e+00
      0.017    11.1991   0.000310     0.0067         12     0.0458  0.000e+00
      0.020    11.1993   0.000310     0.0067         13     0.0500  0.000e+00
      0.023    11.1994   0.000310     0.0067         14     0.0542  0.000e+00
      0.023    11.1994   0.000310     0.0067         15     0.0583  0.000e+00
      0.023    11.1991   0.000304     0.0067         16     0.0625  0.000e+00
      0.020    11.1994   0.000310     0.0067         17     0.0667  0.000e+00
      0.020    11.1992   0.000310     0.0067         18     0.0708  0.000e+00
      0.020    11.1993   0.000310     0.0067         19     0.0750  0.000e+00
      0.029    11.1995   0.000310     0.0067         20     0.0792  0.000e+00
      0.029    11.1993   0.000310     0.0067         21     0.0833  0.000e+00
      0.023    11.1992   0.000310     0.0067         22     0.0875  0.000e+00
      0.023    11.1994   0.000310     0.0067         23     0.0917  0.000e+00
      0.026    11.2000   0.000310     0.0067         24     0.0958  0.000e+00
      0.020    11.1998   0.000316     0.0067         25     0.1000  0.000e+00
      0.026    11.2002   0.000310     0.0067         26     0.1042  0.000e+00
      0.020    11.2004   0.000316     0.0067         27     0.1083  0.000e+00
      0.026    11.2005   0.000310     0.0067         28     0.1125  0.000e+00
      0.026    11.2006   0.000310     0.0067         29     0.1167  0.000e+00
      0.032    11.2008   0.000310     0.0067         30     0.1208  0.000e+00
      0.020    11.2010   0.000310     0.0067         31     0.1250  0.000e+00
      0.026    11.2008   0.000310     0.0067         32     0.1292  0.000e+00
      0.026    11.2010   0.000304     0.0067         33     0.1333  0.000e+00
      0.023    11.2013   0.000316     0.0067         34     0.1375  0.000e+00
      0.026    11.2013   0.000310     0.0067         35     0.1417  0.000e+00
      0.029    11.2014   0.000322     0.0067         36     0.1458  0.000e+00
      0.026    11.2017   0.000304     0.0067         37     0.1500  0.000e+00
      0.026    11.2021   0.000304     0.0067         38     0.1542  0.000e+00
      0.032    11.2028   0.000316     0.0067         39     0.1583  0.000e+00
      0.095    11.2046   0.469457     3.4948         40     0.1625  0.000e+00
      0.201    11.2085   3.195258    27.8600         41     0.1667  0.000e+00
      0.325    11.2217   3.390329    29.7383         42     0.1708  0.000e+00
      0.451    11.2457   3.650965    32.2658         43     0.1750  0.000e+00
      0.587    11.2647   3.651157    32.2510         44     0.1792  0.000e+00
      0.711    11.2779   3.651369    32.2414         45     0.1833  0.000e+00
      0.838    11.2870   3.651305    32.2328         46     0.1875  0.000e+00
      0.952    11.2930   3.651986    32.2342         47     0.1917  0.000e+00
      1.088    11.2972   3.652018    32.2307         48     0.1958  0.000e+00
      1.221    11.3001   3.616235    31.8774         49     0.2000  0.000e+00
      1.347    11.3015   3.461263    30.3629         50     0.2042  0.000e+00
      1.483    11.3020   3.471955    30.4665         51     0.2083  0.000e+00
      1.616    11.3020   3.453933    30.2910         52     0.2125  0.000e+00
      1.773    11.3022   3.471382    30.4606         53     0.2167  0.000e+00
      1.927    11.3021   3.542309    31.1522         54     0.2208  0.000e+00
      2.081    11.3021   3.585138    31.5708         55     0.2250  0.000e+00
      2.240    11.3022   3.597371    31.6903         56     0.2292  0.000e+00
      2.397    11.3027   3.608643    31.8002         57     0.2333  0.000e+00
      2.545    11.3026   3.579101    31.5111         58     0.2375  0.000e+00
      2.699    11.3027   3.571954    31.4411         59     0.2417  0.000e+00
      2.847    11.3027   3.578464    31.5046         60     0.2458  0.000e+00
      2.998    11.3031   3.581364    31.5326         61     0.2500  0.000e+00
      3.140    11.3032   3.572820    31.4489         62     0.2542  0.000e+00
      3.290    11.3031   3.568777    31.4094         63     0.2583  0.000e+00
      3.426    11.3029   3.575431    31.4746         64     0.2625  0.000e+00
      3.562    11.3029   3.584915    31.5673         65     0.2667  0.000e+00
      3.698    11.3031   3.587798    31.5953         66     0.2708  0.000e+00
      3.837    11.3030   3.584469    31.5627         67     0.2750  0.000e+00
      3.966    11.3027   3.584539    31.5636         68     0.2792  0.000e+00
      4.099    11.3022   3.582231    31.5414         69     0.2833  0.000e+00
      4.229    11.3018   3.578171    31.5020         70     0.2875  0.000e+00
      4.365    11.3014   3.573457    31.4562         71     0.2917  0.000e+00
      4.491    11.3009   3.569242    31.4153         72     0.2958  0.000e+00
      4.621    11.2999   3.569790    31.4215         73     0.3000  0.000e+00
      4.745    11.2988   3.569503    31.4196         74     0.3042  0.000e+00
      4.868    11.2962   3.574387    31.4695         75     0.3083  0.000e+00
      4.989    11.2936   3.567587    31.4052         76     0.3125  0.000e+00
      5.107    11.2918   3.561651    31.3486         77     0.3167  0.000e+00
      5.221    11.2895   3.566964    31.4025         78     0.3208  0.000e+00
      5.342    11.2849   3.566194    31.3988         79     0.3250  0.000e+00
      5.454    11.2792   3.570611    31.4468         80     0.3292  0.000e+00
      5.580    11.2758   3.560488    31.3507         81     0.3333  0.000e+00
      5.695    11.2705   3.520480    30.9641         82     0.3375  0.000e+00
      5.816    11.2593   3.496498    30.7394         83     0.3417  0.000e+00
      5.933    11.2485   3.474526    30.5339         84     0.3458  0.000e+00
      6.063    11.2393   3.484988    30.6436         85     0.3500  0.000e+00
      6.193    11.2284   3.490988    30.7111         86     0.3542  0.000e+00
      6.311    11.2146   3.486389    30.6777         87     0.3583  0.000e+00
      6.446    11.1976   3.507536    30.8985         88     0.3625  0.000e+00
      6.573    11.1815   3.498096    30.8196         89     0.3667  0.000e+00
      6.706    11.1708   3.517177    31.0153         90     0.3708  0.000e+00
      6.836    11.1633   3.530015    31.1473         91     0.3750  0.000e+00
      6.977    11.1488   3.523546    31.0960         92     0.3792  0.000e+00
      7.107    11.1382   3.512299    30.9947         93     0.3833  0.000e+00
      7.246    11.1311   3.477697    30.6619         94     0.3875  0.000e+00
      7.379    11.1158   3.463676    30.5374         95     0.3917  0.000e+00
      7.511    11.1018   3.489974    30.8064         96     0.3958  0.000e+00
      7.650    11.0892   3.518203    31.0937         97     0.4000  0.000e+00
      7.783    11.0798   3.522502    31.1438         98     0.4042  0.000e+00
      7.922    11.0730   3.529078    31.2141         99     0.4083  0.000e+00
      8.039    11.0617   3.537435    31.3057        100     0.4125  0.000e+00
      8.178    11.0450   3.538051    31.3260        101     0.4167  0.000e+00
      8.299    11.0214   3.524182    31.2097        102     0.4208  0.000e+00
      8.429    11.0061   3.517964    31.1615        103     0.4250  0.000e+00
      8.543    10.9846   3.487332    30.8784        104     0.4292  0.000e+00
      8.655    10.9666   3.346914    29.5172        105     0.4333  0.000e+00
      8.757    10.9532   3.299200    29.0621        106     0.4375  0.000e+00
      8.857    10.9458   3.305794    29.1322        107     0.4417  0.000e+00
      8.965    10.9447   3.318986    29.2618        108     0.4458  0.000e+00
      9.068    10.9463   3.341677    29.4822        109     0.4500  0.000e+00
      9.177    10.9457   3.444613    30.4910        110     0.4542  0.000e+00
      9.288    10.9430   3.339160    29.4601        111     0.4583  0.000e+00
      9.397    10.9409   3.346592    29.5345        112     0.4625  0.000e+00
      9.508    10.9420   3.352422    29.5905        113     0.4667  0.000e+00
      9.626    10.9522   3.637890    32.3909        114     0.4708  0.000e+00
      9.753    10.9707   3.643452    32.4297        115     0.4750  0.000e+00
      9.880    10.9873   3.643651    32.4168        116     0.4792  0.000e+00
     10.012    10.9977   3.643946    32.4105        117     0.4833  0.000e+00
     10.148    11.0095   3.643978    32.4004        118     0.4875  0.000e+00
     10.284    11.0196   3.643176    32.3835        119     0.4917  0.000e+00
     10.426    11.0236   3.641642    32.3647        120     0.4958  0.000e+00
     10.567    11.0181   3.638486    32.3383        121     0.5000  0.000e+00
     10.709    10.9896   3.633599    32.3150        122     0.5042  0.000e+00
     10.842    10.9036   3.624328    32.2990        123     0.5083  0.000e+00
     10.984    10.7906   3.614318    32.2993        124     0.5125  0.000e+00
     11.116    10.6715   3.606281    32.3246        125     0.5167  0.000e+00
     11.243    10.5731   3.599969    32.3487        126     0.5208  0.000e+00
     11.367    10.4893   3.594287    32.3662        127     0.5250  0.000e+00
     11.500    10.4239   3.590127    32.3828        128     0.5292  0.000e+00
     11.623    10.3636   3.587104    32.4061        129     0.5333  0.000e+00
     11.741    10.3100   3.584439    32.4271        130     0.5375  0.000e+00
     11.865    10.2681   3.582291    32.4428        131     0.5417  0.000e+00
     11.979    10.2316   3.580806    32.4605        132     0.5458  0.000e+00
     12.100    10.1929   3.579806    32.4850        133     0.5500  0.000e+00
     12.214    10.1673   3.578990    32.4997        134     0.5542  0.000e+00
     12.332    10.1534   3.577499    32.4971        135     0.5583  0.000e+00
     12.444    10.1373   3.575270    32.4890        136     0.5625  0.000e+00
     12.558    10.1133   3.573365    32.4913        137     0.5667  0.000e+00
     12.664    10.0713   3.571443    32.5095        138     0.5708  0.000e+00
     12.788    10.0352   3.570889    32.5363        139     0.5750  0.000e+00
     12.896    10.0263   3.570762    32.5430        140     0.5792  0.000e+00
     13.014    10.0276   3.571157    32.5457        141     0.5833  0.000e+00
     13.123    10.0158   3.571291    32.5577        142     0.5875  0.000e+00
     13.243     9.9920   3.571177    32.5780        143     0.5917  0.000e+00
     13.358     9.9694   3.572062    32.6072        144     0.5958  0.000e+00
     13.476     9.9514   3.573164    32.6346        145     0.6000  0.000e+00
     13.599     9.9382   3.573502    32.6499        146     0.6042  0.000e+00
     13.723     9.9279   3.573190    32.6561        147     0.6083  0.000e+00
     13.832     9.9143   3.573305    32.6695        148     0.6125  0.000e+00
     13.952     9.8978   3.573566    32.6871        149     0.6167  0.000e+00
     14.073     9.8835   3.574190    32.7063        150     0.6208  0.000e+00
     14.203     9.8739   3.575847    32.7318        151     0.6250  0.000e+00
     14.317     9.8696   3.576420    32.7415        152     0.6292  0.000e+00
     14.441     9.8683   3.576509    32.7435        153     0.6333  0.000e+00
     14.565     9.8665   3.577554    32.7558        154     0.6375  0.000e+00
     14.691     9.8636   3.579931    32.7825        155     0.6417  0.000e+00
     14.812     9.8623   3.583622    32.8212        156     0.6458  0.000e+00
     14.942     9.8659   3.584891    32.8308        157     0.6500  0.000e+00
     15.071     9.8724   3.580964    32.7848        158     0.6542  0.000e+00
     15.204     9.8701   3.574567    32.7217        159     0.6583  0.000e+00
     15.340     9.8566   3.565597    32.6426        160     0.6625  0.000e+00
     15.476     9.8336   3.555599    32.5617        161     0.6667  0.000e+00
     15.620     9.7943   3.544083    32.4799        162     0.6708  0.000e+00
     15.753     9.7385   3.533914    32.4266        163     0.6750  0.000e+00
     15.895     9.6793   3.527247    32.4118        164     0.6792  0.000e+00
     16.034     9.6241   3.523915    32.4275        165     0.6833  0.000e+00
     16.166     9.5762   3.522434    32.4556        166     0.6875  0.000e+00
     16.314     9.5406   3.521288    32.4760        167     0.6917  0.000e+00
     16.450     9.5123   3.520807    32.4967        168     0.6958  0.000e+00
     16.583     9.4893   3.519984    32.5090        169     0.7000  0.000e+00
     16.709     9.4712   3.518333    32.5084        170     0.7042  0.000e+00
     16.833     9.4580   3.515295    32.4892        171     0.7083  0.000e+00
     16.960     9.4430   3.512107    32.4700        172     0.7125  0.000e+00
     17.083     9.4265   3.509096    32.4539        173     0.7167  0.000e+00
     17.204     9.4092   3.506176    32.4396        174     0.7208  0.000e+00
     17.328     9.3908   3.504944    32.4435        175     0.7250  0.000e+00
     17.458     9.3745   3.505892    32.4680        176     0.7292  0.000e+00
     17.581     9.3632   3.507757    32.4974        177     0.7333  0.000e+00
     17.711     9.3596   3.509572    32.5193        178     0.7375  0.000e+00
     17.838     9.3635   3.511716    32.5378        179     0.7417  0.000e+00
     17.964     9.3690   3.514467    32.5610        180     0.7458  0.000e+00
     18.091     9.3699   3.514316    32.5586        181     0.7500  0.000e+00
     18.224     9.3656   3.510527    32.5234        182     0.7542  0.000e+00
     18.351     9.3582   3.507106    32.4949        183     0.7583  0.000e+00
     18.486     9.3454   3.506025    32.4954        184     0.7625  0.000e+00
     18.610     9.3299   3.506222    32.5114        185     0.7667  0.000e+00
     18.734     9.3186   3.506848    32.5281        186     0.7708  0.000e+00
     18.863     9.3124   3.507537    32.5408        187     0.7750  0.000e+00
     18.996     9.3061   3.507366    32.5447        188     0.7792  0.000e+00
     19.126     9.2975   3.504730    32.5253        189     0.7833  0.000e+00
     19.262     9.2873   3.501982    32.5062        190     0.7875  0.000e+00
     19.397     9.2783   3.500908    32.5032        191     0.7917  0.000e+00
     19.530     9.2695   3.500150    32.5034        192     0.7958  0.000e+00
     19.654     9.2574   3.498224    32.4945        193     0.8000  0.000e+00
     19.793     9.2457   3.496292    32.4851        194     0.8042  0.000e+00
     19.928     9.2324   3.495061    32.4845        195     0.8083  0.000e+00
     20.067     9.2158   3.494158    32.4902        196     0.8125  0.000e+00
     20.203     9.2015   3.493060    32.4918        197     0.8167  0.000e+00
     20.336     9.1912   3.491747    32.4876        198     0.8208  0.000e+00
     20.468     9.1779   3.490694    32.4887        199     0.8250  0.000e+00
     20.604     9.1634   3.489855    32.4932        200     0.8292  0.000e+00
     20.737     9.1483   3.488928    32.4974        201     0.8333  0.000e+00
     20.866     9.1377   3.487723    32.4945        202     0.8375  0.000e+00
     21.002     9.1264   3.485717    32.4839        203     0.8417  0.000e+00
     21.138     9.1165   3.483599    32.4710        204     0.8458  0.000e+00
     21.271     9.1004   3.482117    32.4703        205     0.8500  0.000e+00
     21.412     9.0814   3.480706    32.4730        206     0.8542  0.000e+00
     21.542     9.0667   3.478154    32.4599        207     0.8583  0.000e+00
     21.687     9.0528   3.476547    32.4558        208     0.8625  0.000e+00
     21.826     9.0386   3.475325    32.4560        209     0.8667  0.000e+00
     21.965     9.0264   3.474450    32.4580        210     0.8708  0.000e+00
     22.100     9.0169   3.473808    32.4600        211     0.8750  0.000e+00
     22.242     9.0066   3.472674    32.4575        212     0.8792  0.000e+00
     22.381     8.9955   3.471541    32.4559        213     0.8833  0.000e+00
     22.526     8.9869   3.470515    32.4530        214     0.8875  0.000e+00
     22.658     8.9787   3.469300    32.4478        215     0.8917  0.000e+00
