HB2302/sbe188.cnv
* Sea-Bird SBE 19plus V2 Data File:
* FileName = C:\cruise\data\sbe188.hex
* Software Version Seasave V 7.26.7.121
* Temperature SN = 4758
* Conductivity SN = 4758
* System UpLoad Time = Jun 26 2023 11:33:02
* NMEA Latitude = 39 31.63 N
* NMEA Longitude = 070 17.96 W
* NMEA UTC (Time) = Jun 26 2023 11:33:01
** Cruise: HB2302
** Program: Ecomon
** Chief Scientist: Jerry Prezioso
# nquan = 7
# nvalues = 3214                                  
# units = specified
# name 0 = depSM: Depth [salt water, m]
# name 1 = tv290C: Temperature [ITS-90, deg C]
# name 2 = c0S/m: Conductivity [S/m]
# name 3 = sal00: Salinity, Practical [PSU]
# name 4 = scan: Scan Count
# name 5 = timeM: Time, Elapsed [minutes]
# name 6 = flag:  0.000e+00
# span 0 =     -0.090,     10.707                 
# span 1 =    21.3613,    23.1730                 
# span 2 =   0.002935,   5.004338                 
# span 3 =     0.0213,    35.1282                 
# span 4 =         11,       3224                 
# span 5 =     0.0417,    13.4292                 
# span 6 = 0.0000e+00, 0.0000e+00                 
# interval = seconds: 0.25
# start_time = Jun 26 2023 11:33:01 [NMEA time, header]
# bad_flag = -9.990e-29
*END*
[from data line 821]
      8.953    21.4297   4.923846    34.8868        832     3.4625  0.000e+00
      8.917    21.4371   4.924471    34.8857        833     3.4667  0.000e+00
      8.877    21.4451   4.925067    34.8840        834     3.4708  0.000e+00
      8.853    21.4535   4.925379    34.8797        835     3.4750  0.000e+00
      8.832    21.4608   4.925546    34.8750        836     3.4792  0.000e+00
      8.811    21.4668   4.925815    34.8724        837     3.4833  0.000e+00
      8.790    21.4712   4.926171    34.8716        838     3.4875  0.000e+00
      8.784    21.4753   4.926345    34.8697        839     3.4917  0.000e+00
      8.775    21.4786   4.926229    34.8661        840     3.4958  0.000e+00
      8.769    21.4801   4.925887    34.8622        841     3.5000  0.000e+00
      8.772    21.4795   4.925974    34.8633        842     3.5042  0.000e+00
      8.763    21.4794   4.926113    34.8645        843     3.5083  0.000e+00
      8.763    21.4796   4.926367    34.8664        844     3.5125  0.000e+00
      8.757    21.4802   4.926113    34.8638        845     3.5167  0.000e+00
      8.735    21.4805   4.926171    34.8641        846     3.5208  0.000e+00
      8.717    21.4804   4.926680    34.8682        847     3.5250  0.000e+00
      8.693    21.4828   4.927872    34.8757        848     3.5292  0.000e+00
      8.657    21.4915   4.928926    34.8771        849     3.5333  0.000e+00
      8.606    21.5063   4.929660    34.8709        850     3.5375  0.000e+00
      8.548    21.5209   4.930256    34.8638        851     3.5417  0.000e+00
      8.497    21.5375   4.929659    34.8457        852     3.5458  0.000e+00
      8.439    21.5578   4.929266    34.8261        853     3.5500  0.000e+00
      8.391    21.5797   4.929179    34.8077        854     3.5542  0.000e+00
      8.358    21.5982   4.930283    34.8015        855     3.5583  0.000e+00
      8.334    21.6156   4.931338    34.7957        856     3.5625  0.000e+00
      8.328    21.6366   4.932246    34.7860        857     3.5667  0.000e+00
      8.328    21.6583   4.932442    34.7700        858     3.5708  0.000e+00
      8.334    21.6757   4.932304    34.7548        859     3.5750  0.000e+00
      8.349    21.6901   4.932202    34.7425        860     3.5792  0.000e+00
      8.349    21.7008   4.932354    34.7350        861     3.5833  0.000e+00
      8.355    21.7084   4.932441    34.7296        862     3.5875  0.000e+00
      8.370    21.7130   4.932645    34.7275        863     3.5917  0.000e+00
      8.355    21.7163   4.933154    34.7289        864     3.5958  0.000e+00
      8.340    21.7210   4.933438    34.7273        865     3.6000  0.000e+00
      8.306    21.7280   4.932616    34.7152        866     3.6042  0.000e+00
      8.273    21.7369   4.932499    34.7071        867     3.6083  0.000e+00
      8.228    21.7465   4.932150    34.6966        868     3.6125  0.000e+00
      8.210    21.7540   4.932382    34.6925        869     3.6167  0.000e+00
      8.183    21.7606   4.931473    34.6800        870     3.6208  0.000e+00
      8.155    21.7690   4.930710    34.6672        871     3.6250  0.000e+00
      8.131    21.7799   4.930564    34.6573        872     3.6292  0.000e+00
      8.116    21.7884   4.930738    34.6519        873     3.6333  0.000e+00
      8.095    21.7942   4.930906    34.6486        874     3.6375  0.000e+00
      8.086    21.7981   4.931138    34.6473        875     3.6417  0.000e+00
      8.077    21.8001   4.931364    34.6474        876     3.6458  0.000e+00
      8.053    21.8011   4.931393    34.6469        877     3.6500  0.000e+00
      8.038    21.8000   4.931473    34.6484        878     3.6542  0.000e+00
      8.019    21.7979   4.932156    34.6555        879     3.6583  0.000e+00
      7.998    21.7985   4.932331    34.6563        880     3.6625  0.000e+00
      7.977    21.8017   4.932382    34.6542        881     3.6667  0.000e+00
      7.956    21.8045   4.932280    34.6512        882     3.6708  0.000e+00
      7.947    21.8057   4.932185    34.6494        883     3.6750  0.000e+00
      7.932    21.8059   4.932185    34.6493        884     3.6792  0.000e+00
      7.911    21.8069   4.932352    34.6498        885     3.6833  0.000e+00
      7.890    21.8111   4.931960    34.6434        886     3.6875  0.000e+00
      7.880    21.8155   4.931589    34.6369        887     3.6917  0.000e+00
      7.865    21.8198   4.931589    34.6334        888     3.6958  0.000e+00
      7.853    21.8248   4.931756    34.6308        889     3.7000  0.000e+00
      7.832    21.8314   4.931901    34.6266        890     3.7042  0.000e+00
      7.811    21.8377   4.931959    34.6220        891     3.7083  0.000e+00
      7.799    21.8423   4.931050    34.6112        892     3.7125  0.000e+00
      7.781    21.8432   4.931021    34.6103        893     3.7167  0.000e+00
      7.760    21.8436   4.931050    34.6102        894     3.7208  0.000e+00
      7.751    21.8444   4.930875    34.6081        895     3.7250  0.000e+00
      7.720    21.8453   4.930963    34.6081        896     3.7292  0.000e+00
      7.705    21.8484   4.931624    34.6108        897     3.7333  0.000e+00
      7.669    21.8537   4.931704    34.6073        898     3.7375  0.000e+00
      7.639    21.8607   4.931079    34.5967        899     3.7417  0.000e+00
      7.615    21.8669   4.930766    34.5893        900     3.7458  0.000e+00
      7.590    21.8717   4.930533    34.5837        901     3.7500  0.000e+00
      7.578    21.8751   4.930533    34.5809        902     3.7542  0.000e+00
      7.566    21.8782   4.930591    34.5789        903     3.7583  0.000e+00
      7.554    21.8817   4.931020    34.5795        904     3.7625  0.000e+00
      7.554    21.8857   4.931326    34.5787        905     3.7667  0.000e+00
      7.554    21.8901   4.931158    34.5738        906     3.7708  0.000e+00
      7.560    21.8922   4.931187    34.5724        907     3.7750  0.000e+00
      7.557    21.8930   4.931245    34.5722        908     3.7792  0.000e+00
      7.566    21.8934   4.931129    34.5710        909     3.7833  0.000e+00
      7.569    21.8932   4.931078    34.5707        910     3.7875  0.000e+00
      7.579    21.8927   4.930933    34.5700        911     3.7917  0.000e+00
      7.585    21.8914   4.930758    34.5697        912     3.7958  0.000e+00
      7.585    21.8889   4.930678    34.5710        913     3.8000  0.000e+00
      7.579    21.8859   4.930707    34.5736        914     3.8042  0.000e+00
      7.582    21.8843   4.930678    34.5747        915     3.8083  0.000e+00
      7.570    21.8839   4.930817    34.5761        916     3.8125  0.000e+00
      7.542    21.8834   4.930875    34.5770        917     3.8167  0.000e+00
      7.518    21.8842   4.930875    34.5764        918     3.8208  0.000e+00
      7.485    21.8866   4.931725    34.5811        919     3.8250  0.000e+00
      7.449    21.8924   4.933835    34.5931        920     3.8292  0.000e+00
      7.421    21.9060   4.934940    34.5909        921     3.8333  0.000e+00
      7.403    21.9220   4.934969    34.5784        922     3.8375  0.000e+00
      7.385    21.9331   4.935027    34.5700        923     3.8417  0.000e+00
      7.367    21.9390   4.934852    34.5639        924     3.8458  0.000e+00
      7.364    21.9409   4.934568    34.5601        925     3.8500  0.000e+00
      7.355    21.9397   4.934117    34.5575        926     3.8542  0.000e+00
      7.343    21.9355   4.933776    34.5582        927     3.8583  0.000e+00
      7.343    21.9306   4.933550    34.5604        928     3.8625  0.000e+00
      7.337    21.9251   4.933550    34.5648        929     3.8667  0.000e+00
      7.325    21.9218   4.933863    34.5699        930     3.8708  0.000e+00
      7.322    21.9222   4.934147    34.5718        931     3.8750  0.000e+00
      7.322    21.9252   4.933718    34.5660        932     3.8792  0.000e+00
      7.322    21.9244   4.932641    34.5582        933     3.8833  0.000e+00
      7.316    21.9167   4.931950    34.5589        934     3.8875  0.000e+00
      7.310    21.9054   4.931783    34.5666        935     3.8917  0.000e+00
      7.283    21.8951   4.931900    34.5758        936     3.8958  0.000e+00
      7.256    21.8882   4.931929    34.5815        937     3.9000  0.000e+00
      7.213    21.8842   4.931900    34.5846        938     3.9042  0.000e+00
      7.183    21.8821   4.931725    34.5848        939     3.9083  0.000e+00
      7.159    21.8827   4.931674    34.5840        940     3.9125  0.000e+00
      7.147    21.8849   4.931820    34.5833        941     3.9167  0.000e+00
      7.138    21.8879   4.931987    34.5823        942     3.9208  0.000e+00
      7.126    21.8897   4.931929    34.5804        943     3.9250  0.000e+00
      7.123    21.8888   4.931929    34.5811        944     3.9292  0.000e+00
      7.114    21.8868   4.932271    34.5854        945     3.9333  0.000e+00
      7.099    21.8843   4.932438    34.5887        946     3.9375  0.000e+00
      7.096    21.8831   4.932664    34.5915        947     3.9417  0.000e+00
      7.084    21.8819   4.932962    34.5948        948     3.9458  0.000e+00
      7.062    21.8815   4.933122    34.5963        949     3.9500  0.000e+00
      7.047    21.8819   4.932751    34.5931        950     3.9542  0.000e+00
      7.026    21.8828   4.932583    34.5911        951     3.9583  0.000e+00
      7.002    21.8836   4.932067    34.5864        952     3.9625  0.000e+00
      6.966    21.8835   4.931813    34.5845        953     3.9667  0.000e+00
      6.926    21.8829   4.931725    34.5843        954     3.9708  0.000e+00
      6.899    21.8830   4.931754    34.5845        955     3.9750  0.000e+00
      6.878    21.8834   4.932089    34.5868        956     3.9792  0.000e+00
      6.866    21.8840   4.932438    34.5891        957     3.9833  0.000e+00
      6.857    21.8846   4.932467    34.5888        958     3.9875  0.000e+00
      6.857    21.8854   4.932722    34.5901        959     3.9917  0.000e+00
      6.869    21.8860   4.932751    34.5899        960     3.9958  0.000e+00
      6.878    21.8872   4.932554    34.5874        961     4.0000  0.000e+00
      6.887    21.8875   4.932780    34.5889        962     4.0042  0.000e+00
      6.896    21.8885   4.932802    34.5883        963     4.0083  0.000e+00
      6.896    21.8893   4.933122    34.5902        964     4.0125  0.000e+00
      6.893    21.8905   4.933209    34.5899        965     4.0167  0.000e+00
      6.884    21.8917   4.933289    34.5896        966     4.0208  0.000e+00
      6.863    21.8927   4.933260    34.5885        967     4.0250  0.000e+00
      6.851    21.8933   4.933405    34.5892        968     4.0292  0.000e+00
      6.833    21.8946   4.933863    34.5918        969     4.0333  0.000e+00
      6.812    21.8979   4.934023    34.5904        970     4.0375  0.000e+00
      6.794    21.9014   4.934118    34.5884        971     4.0417  0.000e+00
      6.766    21.9056   4.934510    34.5881        972     4.0458  0.000e+00
      6.742    21.9132   4.935711    34.5915        973     4.0500  0.000e+00
      6.724    21.9280   4.936816    34.5883        974     4.0542  0.000e+00
      6.703    21.9462   4.937129    34.5763        975     4.0583  0.000e+00
      6.688    21.9595   4.937499    34.5686        976     4.0625  0.000e+00
      6.676    21.9685   4.938111    34.5662        977     4.0667  0.000e+00
      6.673    21.9764   4.938380    34.5620        978     4.0708  0.000e+00
      6.670    21.9827   4.938467    34.5576        979     4.0750  0.000e+00
      6.673    21.9863   4.938241    34.5529        980     4.0792  0.000e+00
      6.664    21.9873   4.937928    34.5497        981     4.0833  0.000e+00
      6.655    21.9852   4.937725    34.5498        982     4.0875  0.000e+00
      6.637    21.9829   4.937383    34.5489        983     4.0917  0.000e+00
      6.609    21.9800   4.937703    34.5538        984     4.0958  0.000e+00
      6.579    21.9790   4.937928    34.5564        985     4.1000  0.000e+00
      6.546    21.9798   4.938125    34.5573        986     4.1042  0.000e+00
      6.513    21.9817   4.938292    34.5571        987     4.1083  0.000e+00
      6.483    21.9839   4.938496    34.5569        988     4.1125  0.000e+00
      6.446    21.9862   4.938721    34.5569        989     4.1167  0.000e+00
      6.416    21.9891   4.938838    34.5555        990     4.1208  0.000e+00
      6.386    21.9918   4.939041    34.5549        991     4.1250  0.000e+00
      6.362    21.9946   4.939260    34.5544        992     4.1292  0.000e+00
      6.338    21.9982   4.939405    34.5527        993     4.1333  0.000e+00
      6.313    22.0011   4.939660    34.5524        994     4.1375  0.000e+00
      6.283    22.0050   4.939914    34.5513        995     4.1417  0.000e+00
      6.262    22.0093   4.941115    34.5573        996     4.1458  0.000e+00
      6.244    22.0177   4.942418    34.5608        997     4.1500  0.000e+00
      6.238    22.0296   4.942512    34.5521        998     4.1542  0.000e+00
      6.241    22.0384   4.943189    34.5504        999     4.1583  0.000e+00
      6.250    22.0455   4.943189    34.5447       1000     4.1625  0.000e+00
      6.265    22.0502   4.943422    34.5428       1001     4.1667  0.000e+00
      6.280    22.0526   4.943560    34.5419       1002     4.1708  0.000e+00
      6.301    22.0544   4.943538    34.5404       1003     4.1750  0.000e+00
      6.304    22.0549   4.943364    34.5386       1004     4.1792  0.000e+00
      6.314    22.0545   4.943109    34.5369       1005     4.1833  0.000e+00
      6.320    22.0532   4.943393    34.5401       1006     4.1875  0.000e+00
      6.301    22.0525   4.942992    34.5376       1007     4.1917  0.000e+00
      6.280    22.0513   4.942796    34.5370       1008     4.1958  0.000e+00
      6.250    22.0503   4.943589    34.5440       1009     4.2000  0.000e+00
      6.211    22.0545   4.945999    34.5596       1010     4.2042  0.000e+00
      6.184    22.0690   4.946953    34.5555       1011     4.2083  0.000e+00
      6.168    22.0850   4.947695    34.5486       1012     4.2125  0.000e+00
      6.156    22.0980   4.947382    34.5358       1013     4.2167  0.000e+00
      6.159    22.1042   4.946668    34.5252       1014     4.2208  0.000e+00
      6.153    22.1032   4.944273    34.5072       1015     4.2250  0.000e+00
      6.153    22.0897   4.943319    34.5106       1016     4.2292  0.000e+00
      6.147    22.0728   4.942992    34.5214       1017     4.2333  0.000e+00
      6.135    22.0606   4.944244    34.5409       1018     4.2375  0.000e+00
      6.123    22.0608   4.945613    34.5515       1019     4.2417  0.000e+00
      6.105    22.0714   4.948242    34.5637       1020     4.2458  0.000e+00
      6.084    22.0920   4.951176    34.5703       1021     4.2500  0.000e+00
      6.042    22.1219   4.952728    34.5587       1022     4.2542  0.000e+00
      6.014    22.1500   4.954403    34.5494       1023     4.2583  0.000e+00
      5.987    22.1752   4.954891    34.5332       1024     4.2625  0.000e+00
      5.951    22.1930   4.954978    34.5197       1025     4.2667  0.000e+00
      5.918    22.2030   4.955007    34.5120       1026     4.2708  0.000e+00
      5.900    22.2084   4.955437    34.5110       1027     4.2750  0.000e+00
      5.878    22.2130   4.955692    34.5094       1028     4.2792  0.000e+00
      5.863    22.2167   4.955976    34.5087       1029     4.2833  0.000e+00
      5.860    22.2201   4.955633    34.5033       1030     4.2875  0.000e+00
      5.848    22.2209   4.955859    34.5045       1031     4.2917  0.000e+00
      5.851    22.2214   4.956748    34.5109       1032     4.2958  0.000e+00
      5.854    22.2252   4.956865    34.5089       1033     4.3000  0.000e+00
      5.863    22.2296   4.957462    34.5100       1034     4.3042  0.000e+00
      5.863    22.2341   4.957265    34.5050       1035     4.3083  0.000e+00
