HB2302/sbe145.cnv
* Sea-Bird SBE 19plus V2 Data File:
* FileName = C:\cruise\data\sbe145.hex
* Software Version Seasave V 7.26.7.121
* Temperature SN = 4758
* Conductivity SN = 4758
* System UpLoad Time = Jun 21 2023 20:10:53
* NMEA Latitude = 42 21.81 N
* NMEA Longitude = 068 37.99 W
* NMEA UTC (Time) = Jun 21 2023 20:10:53
** Cruise: HB2302
** Program: Ecomon
** Chief Scientist: Jerry Prezioso
# nquan = 7
# nvalues = 3931                                  
# units = specified
# name 0 = depSM: Depth [salt water, m]
# name 1 = tv290C: Temperature [ITS-90, deg C]
# name 2 = c0S/m: Conductivity [S/m]
# name 3 = sal00: Salinity, Practical [PSU]
# name 4 = scan: Scan Count
# name 5 = timeM: Time, Elapsed [minutes]
# name 6 = flag:  0.000e+00
# span 0 =      0.032,    187.848                 
# span 1 =     6.0242,    21.0023                 
# span 2 =   0.001398,   4.131948                 
# span 3 =     0.0146,    33.8845                 
# span 4 =         11,       3941                 
# span 5 =     0.0417,    16.4167                 
# span 6 = 0.0000e+00, 0.0000e+00                 
# interval = seconds: 0.25
# start_time = Jun 21 2023 20:10:53 [NMEA time, header]
# bad_flag = -9.990e-29
*END*
[from data line 616]
     83.252     6.3238   3.267920    32.7438        627     2.6083  0.000e+00
     83.422     6.3283   3.268855    32.7497        628     2.6125  0.000e+00
     83.585     6.3334   3.270097    32.7585        629     2.6167  0.000e+00
     83.748     6.3404   3.270239    32.7533        630     2.6208  0.000e+00
     83.926     6.3458   3.270510    32.7510        631     2.6250  0.000e+00
     84.089     6.3492   3.272971    32.7750        632     2.6292  0.000e+00
     84.255     6.3570   3.272761    32.7651        633     2.6333  0.000e+00
     84.427     6.3637   3.274927    32.7825        634     2.6375  0.000e+00
     84.599     6.3727   3.277069    32.7976        635     2.6417  0.000e+00
     84.783     6.3851   3.279261    32.8099        636     2.6458  0.000e+00
     84.958     6.3993   3.281454    32.8205        637     2.6500  0.000e+00
     85.136     6.4150   3.282494    32.8169        638     2.6542  0.000e+00
     85.317     6.4280   3.283819    32.8189        639     2.6583  0.000e+00
     85.498     6.4388   3.285076    32.8223        640     2.6625  0.000e+00
     85.671     6.4492   3.286727    32.8305        641     2.6667  0.000e+00
     85.846     6.4597   3.287978    32.8342        642     2.6708  0.000e+00
     86.021     6.4707   3.290315    32.8494        643     2.6750  0.000e+00
     86.190     6.4830   3.290938    32.8444        644     2.6792  0.000e+00
     86.356     6.4930   3.293090    32.8586        645     2.6833  0.000e+00
     86.522     6.5031   3.294638    32.8658        646     2.6875  0.000e+00
     86.697     6.5135   3.296291    32.8740        647     2.6917  0.000e+00
     86.866     6.5243   3.297501    32.8770        648     2.6958  0.000e+00
     87.038     6.5347   3.299476    32.8887        649     2.7000  0.000e+00
     87.201     6.5456   3.300661    32.8912        650     2.7042  0.000e+00
     87.379     6.5565   3.301445    32.8893        651     2.7083  0.000e+00
     87.554     6.5653   3.301815    32.8848        652     2.7125  0.000e+00
     87.732     6.5713   3.302253    32.8839        653     2.7167  0.000e+00
     87.913     6.5756   3.302680    32.8843        654     2.7208  0.000e+00
     88.091     6.5790   3.303316    32.8880        655     2.7250  0.000e+00
     88.282     6.5834   3.303933    32.8905        656     2.7292  0.000e+00
     88.469     6.5875   3.303668    32.8835        657     2.7333  0.000e+00
     88.653     6.5891   3.304211    32.8879        658     2.7375  0.000e+00
     88.834     6.5915   3.306256    32.9081        659     2.7417  0.000e+00
     89.024     6.5978   3.306929    32.9094        660     2.7458  0.000e+00
     89.208     6.6046   3.306904    32.9025        661     2.7500  0.000e+00
     89.395     6.6087   3.307763    32.9079        662     2.7542  0.000e+00
     89.579     6.6123   3.308640    32.9140        663     2.7583  0.000e+00
     89.754     6.6170   3.309339    32.9171        664     2.7625  0.000e+00
     89.942     6.6216   3.309376    32.9130        665     2.7667  0.000e+00
     90.114     6.6241   3.309629    32.9133        666     2.7708  0.000e+00
     90.295     6.6260   3.310210    32.9178        667     2.7750  0.000e+00
     90.467     6.6284   3.311069    32.9249        668     2.7792  0.000e+00
     90.639     6.6322   3.311743    32.9286        669     2.7833  0.000e+00
     90.796     6.6371   3.312343    32.9304        670     2.7875  0.000e+00
     90.962     6.6415   3.312955    32.9329        671     2.7917  0.000e+00
     91.122     6.6460   3.313214    32.9313        672     2.7958  0.000e+00
     91.291     6.6497   3.313808    32.9342        673     2.8000  0.000e+00
     91.457     6.6532   3.314408    32.9373        674     2.8042  0.000e+00
     91.620     6.6570   3.314878    32.9388        675     2.8083  0.000e+00
     91.777     6.6608   3.315280    32.9395        676     2.8125  0.000e+00
     91.943     6.6644   3.315750    32.9412        677     2.8167  0.000e+00
     92.112     6.6678   3.316114    32.9418        678     2.8208  0.000e+00
     92.281     6.6711   3.316374    32.9415        679     2.8250  0.000e+00
     92.447     6.6737   3.316498    32.9402        680     2.8292  0.000e+00
     92.619     6.6755   3.316578    32.9393        681     2.8333  0.000e+00
     92.785     6.6768   3.316863    32.9411        682     2.8375  0.000e+00
     92.954     6.6784   3.316900    32.9399        683     2.8417  0.000e+00
     93.132     6.6798   3.317265    32.9425        684     2.8458  0.000e+00
     93.298     6.6816   3.317513    32.9433        685     2.8500  0.000e+00
     93.473     6.6831   3.317717    32.9441        686     2.8542  0.000e+00
     93.636     6.6843   3.317816    32.9440        687     2.8583  0.000e+00
     93.817     6.6854   3.318014    32.9450        688     2.8625  0.000e+00
     93.992     6.6865   3.318527    32.9495        689     2.8667  0.000e+00
     94.164     6.6882   3.318867    32.9516        690     2.8708  0.000e+00
     94.345     6.6904   3.319987    32.9617        691     2.8750  0.000e+00
     94.523     6.6942   3.320192    32.9601        692     2.8792  0.000e+00
     94.704     6.6973   3.320594    32.9616        693     2.8833  0.000e+00
     94.885     6.7001   3.321287    32.9664        694     2.8875  0.000e+00
     95.060     6.7036   3.321776    32.9683        695     2.8917  0.000e+00
     95.241     6.7072   3.322308    32.9707        696     2.8958  0.000e+00
     95.416     6.7108   3.322772    32.9722        697     2.9000  0.000e+00
     95.597     6.7145   3.323144    32.9726        698     2.9042  0.000e+00
     95.766     6.7175   3.323639    32.9751        699     2.9083  0.000e+00
     95.938     6.7208   3.324091    32.9769        700     2.9125  0.000e+00
     96.110     6.7240   3.324388    32.9769        701     2.9167  0.000e+00
     96.282     6.7269   3.324784    32.9784        702     2.9208  0.000e+00
     96.451     6.7295   3.325156    32.9799        703     2.9250  0.000e+00
     96.620     6.7321   3.325471    32.9808        704     2.9292  0.000e+00
     96.789     6.7349   3.325886    32.9826        705     2.9333  0.000e+00
     96.952     6.7377   3.326369    32.9852        706     2.9375  0.000e+00
     97.112     6.7408   3.327081    32.9899        707     2.9417  0.000e+00
     97.278     6.7446   3.327713    32.9932        708     2.9458  0.000e+00
     97.444     6.7491   3.328865    33.0014        709     2.9500  0.000e+00
     97.598     6.7544   3.329137    32.9993        710     2.9542  0.000e+00
     97.755     6.7589   3.329999    33.0043        711     2.9583  0.000e+00
     97.924     6.7635   3.330178    33.0018        712     2.9625  0.000e+00
     98.090     6.7671   3.330730    33.0043        713     2.9667  0.000e+00
     98.259     6.7704   3.330990    33.0038        714     2.9708  0.000e+00
     98.437     6.7733   3.331454    33.0061        715     2.9750  0.000e+00
     98.612     6.7760   3.331987    33.0093        716     2.9792  0.000e+00
     98.781     6.7792   3.332316    33.0098        717     2.9833  0.000e+00
     98.965     6.7820   3.332619    33.0103        718     2.9875  0.000e+00
     99.143     6.7845   3.333196    33.0142        719     2.9917  0.000e+00
     99.327     6.7872   3.333927    33.0195        720     2.9958  0.000e+00
     99.517     6.7910   3.334417    33.0212        721     3.0000  0.000e+00
     99.698     6.7945   3.334826    33.0222        722     3.0042  0.000e+00
     99.879     6.7975   3.335049    33.0217        723     3.0083  0.000e+00
    100.066     6.8002   3.336010    33.0295        724     3.0125  0.000e+00
    100.250     6.8039   3.336884    33.0355        725     3.0167  0.000e+00
    100.434     6.8086   3.337405    33.0366        726     3.0208  0.000e+00
    100.606     6.8129   3.338155    33.0406        727     3.0250  0.000e+00
    100.775     6.8173   3.338868    33.0441        728     3.0292  0.000e+00
    100.944     6.8217   3.338967    33.0408        729     3.0333  0.000e+00
    101.119     6.8244   3.339302    33.0418        730     3.0375  0.000e+00
    101.282     6.8267   3.339928    33.0465        731     3.0417  0.000e+00
    101.457     6.8294   3.340505    33.0501        732     3.0458  0.000e+00
    101.626     6.8327   3.341076    33.0531        733     3.0500  0.000e+00
    101.795     6.8360   3.341665    33.0564        734     3.0542  0.000e+00
    101.964     6.8392   3.342366    33.0608        735     3.0583  0.000e+00
    102.130     6.8429   3.342831    33.0623        736     3.0625  0.000e+00
    102.311     6.8465   3.343222    33.0631        737     3.0667  0.000e+00
    102.474     6.8493   3.343471    33.0630        738     3.0708  0.000e+00
    102.649     6.8515   3.343651    33.0628        739     3.0750  0.000e+00
    102.818     6.8531   3.343899    33.0639        740     3.0792  0.000e+00
    102.996     6.8545   3.344060    33.0642        741     3.0833  0.000e+00
    103.168     6.8557   3.344228    33.0648        742     3.0875  0.000e+00
    103.340     6.8570   3.344401    33.0653        743     3.0917  0.000e+00
    103.509     6.8584   3.344575    33.0659        744     3.0958  0.000e+00
    103.678     6.8595   3.344768    33.0668        745     3.1000  0.000e+00
    103.853     6.8603   3.344861    33.0670        746     3.1042  0.000e+00
    104.028     6.8613   3.345047    33.0680        747     3.1083  0.000e+00
    104.203     6.8621   3.345146    33.0682        748     3.1125  0.000e+00
    104.381     6.8631   3.345202    33.0678        749     3.1167  0.000e+00
    104.556     6.8636   3.345314    33.0685        750     3.1208  0.000e+00
    104.740     6.8641   3.345376    33.0686        751     3.1250  0.000e+00
    104.915     6.8646   3.345699    33.0716        752     3.1292  0.000e+00
    105.090     6.8654   3.345804    33.0718        753     3.1333  0.000e+00
    105.268     6.8664   3.346109    33.0742        754     3.1375  0.000e+00
    105.455     6.8676   3.346171    33.0736        755     3.1417  0.000e+00
    105.633     6.8685   3.346320    33.0742        756     3.1458  0.000e+00
    105.814     6.8694   3.346438    33.0746        757     3.1500  0.000e+00
    105.992     6.8701   3.346580    33.0754        758     3.1542  0.000e+00
    106.179     6.8707   3.346748    33.0766        759     3.1583  0.000e+00
    106.363     6.8716   3.346972    33.0781        760     3.1625  0.000e+00
    106.544     6.8727   3.347077    33.0781        761     3.1667  0.000e+00
    106.725     6.8735   3.347176    33.0783        762     3.1708  0.000e+00
    106.900     6.8743   3.347294    33.0788        763     3.1750  0.000e+00
    107.072     6.8751   3.347363    33.0787        764     3.1792  0.000e+00
    107.253     6.8759   3.347381    33.0780        765     3.1833  0.000e+00
    107.434     6.8762   3.347381    33.0776        766     3.1875  0.000e+00
    107.606     6.8762   3.347444    33.0782        767     3.1917  0.000e+00
    107.781     6.8763   3.347462    33.0782        768     3.1958  0.000e+00
    107.947     6.8763   3.347531    33.0789        769     3.2000  0.000e+00
    108.122     6.8766   3.347568    33.0789        770     3.2042  0.000e+00
    108.291     6.8769   3.347574    33.0786        771     3.2083  0.000e+00
    108.459     6.8771   3.347667    33.0794        772     3.2125  0.000e+00
    108.631     6.8774   3.347692    33.0793        773     3.2167  0.000e+00
    108.806     6.8776   3.347705    33.0791        774     3.2208  0.000e+00
    108.975     6.8777   3.347730    33.0792        775     3.2250  0.000e+00
    109.150     6.8780   3.347792    33.0795        776     3.2292  0.000e+00
    109.325     6.8782   3.347854    33.0800        777     3.2333  0.000e+00
    109.509     6.8786   3.347854    33.0795        778     3.2375  0.000e+00
    109.678     6.8787   3.347854    33.0793        779     3.2417  0.000e+00
    109.856     6.8788   3.347922    33.0799        780     3.2458  0.000e+00
    110.034     6.8789   3.348040    33.0810        781     3.2500  0.000e+00
    110.215     6.8793   3.348003    33.0801        782     3.2542  0.000e+00
    110.387     6.8797   3.348165    33.0814        783     3.2583  0.000e+00
    110.556     6.8802   3.348183    33.0811        784     3.2625  0.000e+00
    110.734     6.8805   3.348376    33.0827        785     3.2667  0.000e+00
    110.912     6.8812   3.348345    33.0817        786     3.2708  0.000e+00
    111.084     6.8815   3.348500    33.0830        787     3.2750  0.000e+00
    111.256     6.8821   3.348593    33.0834        788     3.2792  0.000e+00
    111.437     6.8824   3.348568    33.0827        789     3.2833  0.000e+00
    111.615     6.8827   3.348612    33.0828        790     3.2875  0.000e+00
    111.793     6.8831   3.348742    33.0838        791     3.2917  0.000e+00
    111.980     6.8835   3.348842    33.0844        792     3.2958  0.000e+00
    112.167     6.8843   3.348904    33.0842        793     3.3000  0.000e+00
    112.348     6.8848   3.348954    33.0842        794     3.3042  0.000e+00
    112.532     6.8851   3.348985    33.0841        795     3.3083  0.000e+00
    112.725     6.8854   3.349041    33.0844        796     3.3125  0.000e+00
    112.909     6.8857   3.349084    33.0845        797     3.3167  0.000e+00
    113.093     6.8859   3.349152    33.0849        798     3.3208  0.000e+00
    113.271     6.8862   3.349227    33.0854        799     3.3250  0.000e+00
    113.449     6.8865   3.349388    33.0868        800     3.3292  0.000e+00
    113.627     6.8872   3.349538    33.0877        801     3.3333  0.000e+00
    113.796     6.8880   3.349600    33.0875        802     3.3375  0.000e+00
    113.977     6.8887   3.349798    33.0890        803     3.3417  0.000e+00
    114.145     6.8893   3.349805    33.0884        804     3.3458  0.000e+00
    114.311     6.8899   3.349861    33.0883        805     3.3500  0.000e+00
    114.480     6.8902   3.350072    33.0903        806     3.3542  0.000e+00
    114.652     6.8908   3.350295    33.0921        807     3.3583  0.000e+00
    114.821     6.8917   3.350525    33.0936        808     3.3625  0.000e+00
    114.993     6.8930   3.350792    33.0952        809     3.3667  0.000e+00
    115.165     6.8946   3.351140    33.0974        810     3.3708  0.000e+00
    115.346     6.8965   3.351506    33.0995        811     3.3750  0.000e+00
    115.527     6.8990   3.351786    33.1000        812     3.3792  0.000e+00
    115.711     6.9009   3.351997    33.1004        813     3.3833  0.000e+00
    115.898     6.9028   3.352413    33.1031        814     3.3875  0.000e+00
    116.085     6.9046   3.352736    33.1048        815     3.3917  0.000e+00
    116.272     6.9067   3.353233    33.1082        816     3.3958  0.000e+00
    116.465     6.9092   3.353867    33.1126        817     3.4000  0.000e+00
    116.652     6.9122   3.354209    33.1134        818     3.4042  0.000e+00
    116.836     6.9149   3.354569    33.1146        819     3.4083  0.000e+00
    117.020     6.9176   3.355060    33.1173        820     3.4125  0.000e+00
    117.204     6.9203   3.355333    33.1176        821     3.4167  0.000e+00
    117.373     6.9228   3.355700    33.1191        822     3.4208  0.000e+00
    117.542     6.9253   3.356153    33.1215        823     3.4250  0.000e+00
    117.704     6.9277   3.356253    33.1203        824     3.4292  0.000e+00
    117.870     6.9297   3.356240    33.1181        825     3.4333  0.000e+00
    118.024     6.9308   3.356644    33.1214        826     3.4375  0.000e+00
    118.175     6.9321   3.357135    33.1255        827     3.4417  0.000e+00
    118.329     6.9342   3.357347    33.1257        828     3.4458  0.000e+00
    118.477     6.9363   3.357632    33.1267        829     3.4500  0.000e+00
    118.633     6.9380   3.357862    33.1276        830     3.4542  0.000e+00
