HB2302/sbe140.cnv
* Sea-Bird SBE 19plus V2 Data File:
* FileName = C:\cruise\data\sbe140.hex
* Software Version Seasave V 7.26.7.121
* Temperature SN = 4758
* Conductivity SN = 4758
* System UpLoad Time = Jun 21 2023 08:00:09
* NMEA Latitude = 43 30.45 N
* NMEA Longitude = 068 26.61 W
* NMEA UTC (Time) = Jun 21 2023 08:00:09
** Cruise: HB2302
** Program: Ecomon
** Chief Scientist: Jerry Prezioso
# nquan = 7
# nvalues = 3621                                  
# units = specified
# name 0 = depSM: Depth [salt water, m]
# name 1 = tv290C: Temperature [ITS-90, deg C]
# name 2 = c0S/m: Conductivity [S/m]
# name 3 = sal00: Salinity, Practical [PSU]
# name 4 = scan: Scan Count
# name 5 = timeM: Time, Elapsed [minutes]
# name 6 = flag:  0.000e+00
# span 0 =      0.008,    167.499                 
# span 1 =     7.4348,    11.8973                 
# span 2 =   0.001748,   3.699866                 
# span 3 =     0.0144,    33.9616                 
# span 4 =         11,       3631                 
# span 5 =     0.0417,    15.1250                 
# span 6 = 0.0000e+00, 0.0000e+00                 
# interval = seconds: 0.25
# start_time = Jun 21 2023 08:00:09 [NMEA time, header]
# bad_flag = -9.990e-29
*END*
[from data line 2667]
     65.487     7.5114   3.378852    32.8340       2678    11.1542  0.000e+00
     65.433     7.5113   3.378765    32.8332       2679    11.1583  0.000e+00
     65.364     7.5111   3.378721    32.8329       2680    11.1625  0.000e+00
     65.285     7.5110   3.378702    32.8328       2681    11.1667  0.000e+00
     65.210     7.5108   3.378659    32.8326       2682    11.1708  0.000e+00
     65.132     7.5109   3.378571    32.8317       2683    11.1750  0.000e+00
     65.044     7.5107   3.378409    32.8301       2684    11.1792  0.000e+00
     64.954     7.5105   3.378328    32.8295       2685    11.1833  0.000e+00
     64.860     7.5103   3.378135    32.8277       2686    11.1875  0.000e+00
     64.773     7.5100   3.378104    32.8276       2687    11.1917  0.000e+00
     64.689     7.5098   3.378004    32.8267       2688    11.1958  0.000e+00
     64.595     7.5096   3.377979    32.8267       2689    11.2000  0.000e+00
     64.493     7.5095   3.377792    32.8248       2690    11.2042  0.000e+00
     64.408     7.5093   3.377612    32.8232       2691    11.2083  0.000e+00
     64.312     7.5092   3.377294    32.8199       2692    11.2125  0.000e+00
     64.230     7.5087   3.377132    32.8186       2693    11.2167  0.000e+00
     64.143     7.5082   3.377064    32.8184       2694    11.2208  0.000e+00
     64.062     7.5080   3.376983    32.8178       2695    11.2250  0.000e+00
     63.980     7.5078   3.376758    32.8156       2696    11.2292  0.000e+00
     63.905     7.5073   3.376422    32.8124       2697    11.2333  0.000e+00
     63.830     7.5068   3.376011    32.8085       2698    11.2375  0.000e+00
     63.748     7.5063   3.375886    32.8077       2699    11.2417  0.000e+00
     63.685     7.5059   3.375743    32.8066       2700    11.2458  0.000e+00
     63.597     7.5053   3.375693    32.8067       2701    11.2500  0.000e+00
     63.525     7.5049   3.375656    32.8066       2702    11.2542  0.000e+00
     63.444     7.5048   3.375618    32.8064       2703    11.2583  0.000e+00
     63.362     7.5046   3.375625    32.8067       2704    11.2625  0.000e+00
     63.281     7.5046   3.375593    32.8063       2705    11.2667  0.000e+00
     63.197     7.5043   3.375593    32.8066       2706    11.2708  0.000e+00
     63.115     7.5043   3.375562    32.8064       2707    11.2750  0.000e+00
     63.028     7.5043   3.375556    32.8064       2708    11.2792  0.000e+00
     62.943     7.5043   3.375562    32.8064       2709    11.2833  0.000e+00
     62.856     7.5042   3.375307    32.8038       2710    11.2875  0.000e+00
     62.772     7.5039   3.375182    32.8028       2711    11.2917  0.000e+00
     62.684     7.5036   3.375145    32.8027       2712    11.2958  0.000e+00
     62.591     7.5034   3.375101    32.8025       2713    11.3000  0.000e+00
     62.506     7.5032   3.375058    32.8022       2714    11.3042  0.000e+00
     62.425     7.5031   3.375039    32.8022       2715    11.3083  0.000e+00
     62.331     7.5029   3.374977    32.8017       2716    11.3125  0.000e+00
     62.247     7.5028   3.375014    32.8023       2717    11.3167  0.000e+00
     62.163     7.5028   3.374933    32.8014       2718    11.3208  0.000e+00
     62.075     7.5028   3.374871    32.8008       2719    11.3250  0.000e+00
     61.985     7.5025   3.374777    32.8001       2720    11.3292  0.000e+00
     61.903     7.5024   3.374310    32.7953       2721    11.3333  0.000e+00
     61.822     7.5018   3.373843    32.7908       2722    11.3375  0.000e+00
     61.744     7.5009   3.373488    32.7879       2723    11.3417  0.000e+00
     61.662     7.4997   3.372965    32.7835       2724    11.3458  0.000e+00
     61.587     7.4981   3.372467    32.7796       2725    11.3500  0.000e+00
     61.508     7.4967   3.372225    32.7783       2726    11.3542  0.000e+00
     61.433     7.4954   3.372162    32.7789       2727    11.3583  0.000e+00
     61.367     7.4946   3.372119    32.7792       2728    11.3625  0.000e+00
     61.295     7.4941   3.372081    32.7793       2729    11.3667  0.000e+00
     61.222     7.4938   3.372013    32.7789       2730    11.3708  0.000e+00
     61.144     7.4933   3.371832    32.7775       2731    11.3750  0.000e+00
     61.071     7.4930   3.371552    32.7748       2732    11.3792  0.000e+00
     60.993     7.4921   3.371023    32.7699       2733    11.3833  0.000e+00
     60.918     7.4906   3.370843    32.7695       2734    11.3875  0.000e+00
     60.833     7.4892   3.370749    32.7698       2735    11.3917  0.000e+00
     60.752     7.4881   3.370444    32.7676       2736    11.3958  0.000e+00
     60.674     7.4872   3.370401    32.7680       2737    11.4000  0.000e+00
     60.592     7.4863   3.370363    32.7685       2738    11.4042  0.000e+00
     60.496     7.4859   3.370301    32.7683       2739    11.4083  0.000e+00
     60.414     7.4855   3.370270    32.7683       2740    11.4125  0.000e+00
     60.324     7.4852   3.370282    32.7688       2741    11.4167  0.000e+00
     60.230     7.4850   3.370270    32.7689       2742    11.4208  0.000e+00
     60.146     7.4850   3.370264    32.7688       2743    11.4250  0.000e+00
     60.053     7.4849   3.370239    32.7687       2744    11.4292  0.000e+00
     59.962     7.4849   3.370120    32.7675       2745    11.4333  0.000e+00
     59.875     7.4848   3.369971    32.7660       2746    11.4375  0.000e+00
     59.781     7.4844   3.369890    32.7656       2747    11.4417  0.000e+00
     59.691     7.4839   3.369878    32.7659       2748    11.4458  0.000e+00
     59.600     7.4840   3.369747    32.7645       2749    11.4500  0.000e+00
     59.507     7.4836   3.369685    32.7642       2750    11.4542  0.000e+00
     59.417     7.4832   3.369641    32.7642       2751    11.4583  0.000e+00
     59.317     7.4831   3.369498    32.7628       2752    11.4625  0.000e+00
     59.224     7.4828   3.369361    32.7616       2753    11.4667  0.000e+00
     59.139     7.4823   3.369187    32.7603       2754    11.4708  0.000e+00
     59.052     7.4816   3.368838    32.7572       2755    11.4750  0.000e+00
     58.964     7.4807   3.368029    32.7494       2756    11.4792  0.000e+00
     58.880     7.4783   3.366996    32.7405       2757    11.4833  0.000e+00
     58.799     7.4751   3.366492    32.7382       2758    11.4875  0.000e+00
     58.708     7.4719   3.366337    32.7395       2759    11.4917  0.000e+00
     58.633     7.4699   3.366318    32.7412       2760    11.4958  0.000e+00
     58.551     7.4691   3.366300    32.7418       2761    11.5000  0.000e+00
     58.467     7.4687   3.366163    32.7408       2762    11.5042  0.000e+00
     58.389     7.4686   3.366113    32.7404       2763    11.5083  0.000e+00
     58.301     7.4685   3.366032    32.7396       2764    11.5125  0.000e+00
     58.220     7.4685   3.365970    32.7390       2765    11.5167  0.000e+00
     58.135     7.4682   3.365908    32.7386       2766    11.5208  0.000e+00
     58.036     7.4681   3.365839    32.7381       2767    11.5250  0.000e+00
     57.949     7.4681   3.365783    32.7375       2768    11.5292  0.000e+00
     57.846     7.4679   3.365677    32.7366       2769    11.5333  0.000e+00
     57.744     7.4678   3.365777    32.7378       2770    11.5375  0.000e+00
     57.644     7.4677   3.365472    32.7346       2771    11.5417  0.000e+00
     57.536     7.4679   3.365385    32.7336       2772    11.5458  0.000e+00
     57.442     7.4678   3.365347    32.7333       2773    11.5500  0.000e+00
     57.334     7.4677   3.365248    32.7324       2774    11.5542  0.000e+00
     57.237     7.4679   3.365167    32.7314       2775    11.5583  0.000e+00
     57.147     7.4677   3.365186    32.7318       2776    11.5625  0.000e+00
     57.056     7.4676   3.365142    32.7315       2777    11.5667  0.000e+00
     56.966     7.4676   3.365142    32.7315       2778    11.5708  0.000e+00
     56.888     7.4677   3.365123    32.7313       2779    11.5750  0.000e+00
     56.806     7.4675   3.365080    32.7310       2780    11.5792  0.000e+00
     56.722     7.4678   3.365036    32.7303       2781    11.5833  0.000e+00
     56.646     7.4677   3.365036    32.7304       2782    11.5875  0.000e+00
     56.565     7.4679   3.364999    32.7299       2783    11.5917  0.000e+00
     56.484     7.4678   3.365098    32.7311       2784    11.5958  0.000e+00
     56.402     7.4678   3.365036    32.7304       2785    11.6000  0.000e+00
     56.315     7.4678   3.365036    32.7305       2786    11.6042  0.000e+00
     56.230     7.4679   3.365011    32.7302       2787    11.6083  0.000e+00
     56.140     7.4679   3.364974    32.7298       2788    11.6125  0.000e+00
     56.046     7.4679   3.364949    32.7296       2789    11.6167  0.000e+00
     55.941     7.4679   3.364912    32.7292       2790    11.6208  0.000e+00
     55.841     7.4682   3.364936    32.7293       2791    11.6250  0.000e+00
     55.739     7.4683   3.364949    32.7294       2792    11.6292  0.000e+00
     55.612     7.4682   3.364911    32.7291       2793    11.6333  0.000e+00
     55.507     7.4683   3.364880    32.7287       2794    11.6375  0.000e+00
     55.398     7.4682   3.364893    32.7290       2795    11.6417  0.000e+00
     55.290     7.4682   3.364855    32.7286       2796    11.6458  0.000e+00
     55.172     7.4682   3.364837    32.7285       2797    11.6500  0.000e+00
     55.061     7.4682   3.364874    32.7289       2798    11.6542  0.000e+00
     54.949     7.4683   3.364837    32.7285       2799    11.6583  0.000e+00
     54.835     7.4685   3.364277    32.7224       2800    11.6625  0.000e+00
     54.717     7.4684   3.364644    32.7265       2801    11.6667  0.000e+00
     54.606     7.4682   3.364582    32.7260       2802    11.6708  0.000e+00
     54.494     7.4682   3.364563    32.7259       2803    11.6750  0.000e+00
     54.388     7.4682   3.364538    32.7257       2804    11.6792  0.000e+00
     54.289     7.4683   3.364501    32.7252       2805    11.6833  0.000e+00
     54.186     7.4682   3.364426    32.7245       2806    11.6875  0.000e+00
     54.090     7.4682   3.364420    32.7245       2807    11.6917  0.000e+00
     53.994     7.4682   3.364401    32.7243       2808    11.6958  0.000e+00
     53.906     7.4682   3.364364    32.7240       2809    11.7000  0.000e+00
     53.822     7.4686   3.364339    32.7234       2810    11.7042  0.000e+00
     53.734     7.4687   3.364339    32.7233       2811    11.7083  0.000e+00
     53.647     7.4691   3.364314    32.7228       2812    11.7125  0.000e+00
     53.572     7.4691   3.364314    32.7227       2813    11.7167  0.000e+00
     53.496     7.4693   3.364295    32.7224       2814    11.7208  0.000e+00
     53.415     7.4695   3.364295    32.7223       2815    11.7250  0.000e+00
     53.339     7.4695   3.364276    32.7221       2816    11.7292  0.000e+00
     53.252     7.4696   3.364233    32.7216       2817    11.7333  0.000e+00
     53.171     7.4696   3.364214    32.7214       2818    11.7375  0.000e+00
     53.083     7.4699   3.364251    32.7215       2819    11.7417  0.000e+00
     52.993     7.4701   3.364170    32.7205       2820    11.7458  0.000e+00
     52.896     7.4702   3.364146    32.7202       2821    11.7500  0.000e+00
     52.788     7.4704   3.364108    32.7197       2822    11.7542  0.000e+00
     52.682     7.4704   3.364108    32.7198       2823    11.7583  0.000e+00
     52.571     7.4706   3.364077    32.7193       2824    11.7625  0.000e+00
     52.462     7.4707   3.364046    32.7189       2825    11.7667  0.000e+00
     52.348     7.4708   3.364015    32.7185       2826    11.7708  0.000e+00
     52.233     7.4709   3.364009    32.7185       2827    11.7750  0.000e+00
     52.128     7.4709   3.363990    32.7183       2828    11.7792  0.000e+00
     52.019     7.4710   3.363984    32.7181       2829    11.7833  0.000e+00
     51.911     7.4710   3.363984    32.7182       2830    11.7875  0.000e+00
     51.805     7.4711   3.363859    32.7168       2831    11.7917  0.000e+00
     51.706     7.4710   3.363884    32.7172       2832    11.7958  0.000e+00
     51.615     7.4711   3.363840    32.7167       2833    11.8000  0.000e+00
     51.522     7.4712   3.363741    32.7156       2834    11.8042  0.000e+00
     51.440     7.4711   3.363759    32.7159       2835    11.8083  0.000e+00
     51.356     7.4712   3.363753    32.7158       2836    11.8125  0.000e+00
     51.272     7.4712   3.363573    32.7139       2837    11.8167  0.000e+00
     51.190     7.4709   3.363666    32.7152       2838    11.8208  0.000e+00
     51.115     7.4707   3.363635    32.7151       2839    11.8250  0.000e+00
     51.030     7.4706   3.363560    32.7144       2840    11.8292  0.000e+00
     50.955     7.4705   3.363448    32.7134       2841    11.8333  0.000e+00
     50.871     7.4701   3.363262    32.7118       2842    11.8375  0.000e+00
     50.792     7.4695   3.363231    32.7121       2843    11.8417  0.000e+00
     50.699     7.4688   3.363181    32.7122       2844    11.8458  0.000e+00
     50.614     7.4684   3.363100    32.7118       2845    11.8500  0.000e+00
     50.527     7.4681   3.363019    32.7112       2846    11.8542  0.000e+00
     50.436     7.4677   3.362932    32.7107       2847    11.8583  0.000e+00
     50.343     7.4674   3.362926    32.7109       2848    11.8625  0.000e+00
     50.247     7.4671   3.362895    32.7109       2849    11.8667  0.000e+00
     50.159     7.4670   3.362839    32.7104       2850    11.8708  0.000e+00
     50.063     7.4668   3.362851    32.7108       2851    11.8750  0.000e+00
     49.966     7.4667   3.362832    32.7107       2852    11.8792  0.000e+00
     49.873     7.4668   3.362820    32.7105       2853    11.8833  0.000e+00
     49.776     7.4668   3.362832    32.7107       2854    11.8875  0.000e+00
     49.680     7.4668   3.362776    32.7102       2855    11.8917  0.000e+00
     49.586     7.4667   3.362770    32.7103       2856    11.8958  0.000e+00
     49.493     7.4667   3.362839    32.7111       2857    11.9000  0.000e+00
     49.396     7.4671   3.362807    32.7104       2858    11.9042  0.000e+00
     49.318     7.4670   3.362789    32.7103       2859    11.9083  0.000e+00
     49.225     7.4670   3.362776    32.7103       2860    11.9125  0.000e+00
     49.137     7.4671   3.362770    32.7101       2861    11.9167  0.000e+00
     49.056     7.4672   3.362776    32.7101       2862    11.9208  0.000e+00
     48.968     7.4675   3.362726    32.7093       2863    11.9250  0.000e+00
     48.881     7.4676   3.362602    32.7079       2864    11.9292  0.000e+00
     48.803     7.4675   3.362341    32.7052       2865    11.9333  0.000e+00
     48.715     7.4674   3.361819    32.6997       2866    11.9375  0.000e+00
     48.643     7.4687   3.361713    32.6974       2867    11.9417  0.000e+00
     48.564     7.4733   3.361408    32.6898       2868    11.9458  0.000e+00
     48.486     7.4786   3.361110    32.6816       2869    11.9500  0.000e+00
     48.405     7.4817   3.360811    32.6755       2870    11.9542  0.000e+00
     48.329     7.4827   3.360401    32.6702       2871    11.9583  0.000e+00
     48.248     7.4822   3.360307    32.6697       2872    11.9625  0.000e+00
     48.160     7.4813   3.360196    32.6694       2873    11.9667  0.000e+00
     48.085     7.4802   3.359916    32.6674       2874    11.9708  0.000e+00
     48.004     7.4787   3.359269    32.6619       2875    11.9750  0.000e+00
     47.931     7.4766   3.358443    32.6550       2876    11.9792  0.000e+00
     47.850     7.4735   3.358163    32.6549       2877    11.9833  0.000e+00
     47.775     7.4706   3.357933    32.6552       2878    11.9875  0.000e+00
     47.690     7.4685   3.357834    32.6562       2879    11.9917  0.000e+00
     47.618     7.4671   3.357827    32.6575       2880    11.9958  0.000e+00
     47.530     7.4668   3.357902    32.6586       2881    12.0000  0.000e+00
