HB2302/sbe170.cnv
* Sea-Bird SBE 19plus V2 Data File:
* FileName = C:\cruise\data\sbe170.hex
* Software Version Seasave V 7.26.7.121
* Temperature SN = 4758
* Conductivity SN = 4758
* System UpLoad Time = Jun 24 2023 05:25:38
* NMEA Latitude = 39 48.53 N
* NMEA Longitude = 068 31.21 W
* NMEA UTC (Time) = Jun 24 2023 05:25:37
** Cruise: HB2302
** Program: Ecomon
** Chief Scientist: Jerry Prezioso
# nquan = 7
# nvalues = 4763                                  
# units = specified
# name 0 = depSM: Depth [salt water, m]
# name 1 = tv290C: Temperature [ITS-90, deg C]
# name 2 = c0S/m: Conductivity [S/m]
# name 3 = sal00: Salinity, Practical [PSU]
# name 4 = scan: Scan Count
# name 5 = timeM: Time, Elapsed [minutes]
# name 6 = flag:  0.000e+00
# span 0 =     -0.042,    200.355                 
# span 1 =    11.9112,    20.1035                 
# span 2 =   0.003441,   4.659717                 
# span 3 =     0.0236,    36.0496                 
# span 4 =         11,       4773                 
# span 5 =     0.0417,    19.8833                 
# span 6 = 0.0000e+00, 0.0000e+00                 
# interval = seconds: 0.25
# start_time = Jun 24 2023 05:25:37 [NMEA time, header]
# bad_flag = -9.990e-29
*END*
[from data line 206]
     20.350    18.6798   4.560099    34.1675        217     0.9000  0.000e+00
     20.508    18.6888   4.565299    34.2036        218     0.9042  0.000e+00
     20.653    18.6979   4.568453    34.2224        219     0.9083  0.000e+00
     20.792    18.7095   4.572854    34.2497        220     0.9125  0.000e+00
     20.940    18.7213   4.576242    34.2682        221     0.9167  0.000e+00
     21.073    18.7326   4.578032    34.2738        222     0.9208  0.000e+00
     21.209    18.7444   4.582155    34.2986        223     0.9250  0.000e+00
     21.342    18.7548   4.586054    34.3226        224     0.9292  0.000e+00
     21.469    18.7643   4.589447    34.3431        225     0.9333  0.000e+00
     21.602    18.7750   4.593087    34.3647        226     0.9375  0.000e+00
     21.731    18.7857   4.594724    34.3694        227     0.9417  0.000e+00
     21.867    18.7958   4.597068    34.3806        228     0.9458  0.000e+00
     22.003    18.8037   4.599920    34.3979        229     0.9500  0.000e+00
     22.145    18.8098   4.602723    34.4163        230     0.9542  0.000e+00
     22.300    18.8140   4.604885    34.4308        231     0.9583  0.000e+00
     22.451    18.8177   4.607449    34.4491        232     0.9625  0.000e+00
     22.623    18.8205   4.609909    34.4674        233     0.9667  0.000e+00
     22.798    18.8224   4.612856    34.4904        234     0.9708  0.000e+00
     22.983    18.8246   4.616250    34.5170        235     0.9750  0.000e+00
     23.164    18.8275   4.618874    34.5365        236     0.9792  0.000e+00
     23.363    18.8310   4.621675    34.5570        237     0.9833  0.000e+00
     23.557    18.8348   4.625093    34.5824        238     0.9875  0.000e+00
     23.756    18.8388   4.627946    34.6028        239     0.9917  0.000e+00
     23.944    18.8428   4.629985    34.6165        240     0.9958  0.000e+00
     24.134    18.8467   4.631811    34.6285        241     1.0000  0.000e+00
     24.306    18.8499   4.634156    34.6453        242     1.0042  0.000e+00
     24.469    18.8527   4.636281    34.6608        243     1.0083  0.000e+00
     24.614    18.8554   4.637953    34.6725        244     1.0125  0.000e+00
     24.741    18.8578   4.638832    34.6778        245     1.0167  0.000e+00
     24.862    18.8595   4.640100    34.6869        246     1.0208  0.000e+00
     24.971    18.8607   4.641177    34.6950        247     1.0250  0.000e+00
     25.083    18.8609   4.641674    34.6989        248     1.0292  0.000e+00
     25.182    18.8603   4.641943    34.7016        249     1.0333  0.000e+00
     25.288    18.8576   4.642234    34.7063        250     1.0375  0.000e+00
     25.403    18.8526   4.642772    34.7149        251     1.0417  0.000e+00
     25.521    18.8443   4.643021    34.7239        252     1.0458  0.000e+00
     25.642    18.8331   4.642305    34.7273        253     1.0500  0.000e+00
     25.781    18.8190   4.641490    34.7323        254     1.0542  0.000e+00
     25.920    18.8024   4.640434    34.7373        255     1.0583  0.000e+00
     26.080    18.7862   4.639017    34.7390        256     1.0625  0.000e+00
     26.240    18.7676   4.637048    34.7380        257     1.0667  0.000e+00
     26.409    18.7483   4.635490    34.7411        258     1.0708  0.000e+00
     26.591    18.7262   4.633224    34.7406        259     1.0750  0.000e+00
     26.781    18.7046   4.630760    34.7380        260     1.0792  0.000e+00
     26.980    18.6832   4.627518    34.7287        261     1.0833  0.000e+00
     27.174    18.6621   4.625246    34.7273        262     1.0875  0.000e+00
     27.370    18.6342   4.622798    34.7301        263     1.0917  0.000e+00
     27.567    18.6041   4.621864    34.7475        264     1.0958  0.000e+00
     27.763    18.5741   4.578954    34.4112        265     1.1000  0.000e+00
     27.954    18.4000   4.508338    33.9607        266     1.1042  0.000e+00
     28.135    18.0164   4.502954    34.2343        267     1.1083  0.000e+00
     28.301    17.7139   4.501699    34.4786        268     1.1125  0.000e+00
     28.458    17.5358   4.501317    34.6267        269     1.1167  0.000e+00
     28.600    17.4397   4.501262    34.7085        270     1.1208  0.000e+00
     28.730    17.3884   4.500472    34.7456        271     1.1250  0.000e+00
     28.851    17.3599   4.502649    34.7889        272     1.1292  0.000e+00
     28.963    17.3484   4.504322    34.8132        273     1.1333  0.000e+00
     29.069    17.3462   4.505617    34.8263        274     1.1375  0.000e+00
     29.171    17.3476   4.506632    34.8339        275     1.1417  0.000e+00
     29.280    17.3495   4.507108    34.8363        276     1.1458  0.000e+00
     29.386    17.3500   4.506884    34.8339        277     1.1500  0.000e+00
     29.501    17.3478   4.506576    34.8331        278     1.1542  0.000e+00
     29.621    17.3437   4.506072    34.8322        279     1.1583  0.000e+00
     29.751    17.3387   4.505862    34.8346        280     1.1625  0.000e+00
     29.881    17.3339   4.505365    34.8344        281     1.1667  0.000e+00
     30.020    17.3285   4.504400    34.8307        282     1.1708  0.000e+00
     30.156    17.3205   4.502937    34.8248        283     1.1750  0.000e+00
     30.298    17.3104   4.501643    34.8222        284     1.1792  0.000e+00
     30.440    17.2993   4.499677    34.8147        285     1.1833  0.000e+00
     30.588    17.2866   4.496235    34.7958        286     1.1875  0.000e+00
     30.743    17.2669   4.494117    34.7943        287     1.1917  0.000e+00
     30.909    17.2448   4.494222    34.8142        288     1.1958  0.000e+00
     31.075    17.2297   4.492027    34.8081        289     1.2000  0.000e+00
     31.235    17.2121   4.480268    34.7212        290     1.2042  0.000e+00
     31.404    17.1656   4.476498    34.7284        291     1.2083  0.000e+00
     31.577    17.1162   4.471948    34.7314        292     1.2125  0.000e+00
     31.740    17.0716   4.471844    34.7688        293     1.2167  0.000e+00
     31.909    17.0416   4.472103    34.7970        294     1.2208  0.000e+00
     32.069    17.0231   4.464298    34.7448        295     1.2250  0.000e+00
     32.223    16.9873   4.455801    34.7017        296     1.2292  0.000e+00
     32.383    16.9336   4.451170    34.7075        297     1.2333  0.000e+00
     32.550    16.8818   4.445475    34.7025        298     1.2375  0.000e+00
     32.704    16.8317   4.441036    34.7069        299     1.2417  0.000e+00
     32.852    16.7815   4.436807    34.7132        300     1.2458  0.000e+00
     33.003    16.7384   4.436029    34.7437        301     1.2500  0.000e+00
     33.151    16.7076   4.430592    34.7227        302     1.2542  0.000e+00
     33.287    16.6779   4.432046    34.7612        303     1.2583  0.000e+00
     33.429    16.6591   4.427417    34.7368        304     1.2625  0.000e+00
     33.559    16.6341   4.417062    34.6674        305     1.2667  0.000e+00
     33.686    16.5857   4.408340    34.6327        306     1.2708  0.000e+00
     33.803    16.5208   4.403354    34.6450        307     1.2750  0.000e+00
     33.915    16.4601   4.399176    34.6608        308     1.2792  0.000e+00
     34.024    16.4075   4.394901    34.6688        309     1.2833  0.000e+00
     34.130    16.3605   4.393946    34.7012        310     1.2875  0.000e+00
     34.233    16.3283   4.393406    34.7245        311     1.2917  0.000e+00
     34.341    16.3094   4.393046    34.7377        312     1.2958  0.000e+00
     34.456    16.2981   4.392430    34.7421        313     1.3000  0.000e+00
     34.574    16.2902   4.392250    34.7474        314     1.3042  0.000e+00
     34.707    16.2849   4.392098    34.7506        315     1.3083  0.000e+00
     34.843    16.2812   4.391710    34.7503        316     1.3125  0.000e+00
     34.991    16.2783   4.392922    34.7635        317     1.3167  0.000e+00
     35.157    16.2803   4.393871    34.7701        318     1.3208  0.000e+00
     35.332    16.2858   4.392867    34.7563        319     1.3250  0.000e+00
     35.520    16.2869   4.393123    34.7576        320     1.3292  0.000e+00
     35.707    16.2869   4.394384    34.7687        321     1.3333  0.000e+00
     35.910    16.2906   4.394363    34.7652        322     1.3375  0.000e+00
     36.115    16.2945   4.393587    34.7548        323     1.3417  0.000e+00
     36.321    16.2947   4.392839    34.7480        324     1.3458  0.000e+00
     36.532    16.2909   4.391067    34.7355        325     1.3500  0.000e+00
     36.734    16.2824   4.390734    34.7399        326     1.3542  0.000e+00
     36.931    16.2744   4.390091    34.7411        327     1.3583  0.000e+00
     37.121    16.2675   4.389087    34.7382        328     1.3625  0.000e+00
     37.284    16.2599   4.388159    34.7365        329     1.3667  0.000e+00
     37.429    16.2514   4.387135    34.7347        330     1.3708  0.000e+00
     37.541    16.2422   4.386256    34.7350        331     1.3750  0.000e+00
     37.644    16.2328   4.385003    34.7321        332     1.3792  0.000e+00
     37.725    16.2219   4.383564    34.7287        333     1.3833  0.000e+00
     37.789    16.2100   4.383100    34.7350        334     1.3875  0.000e+00
     37.855    16.2005   4.382741    34.7401        335     1.3917  0.000e+00
     37.934    16.1935   4.382616    34.7451        336     1.3958  0.000e+00
     38.001    16.1888   4.382533    34.7485        337     1.4000  0.000e+00
     38.079    16.1856   4.382589    34.7517        338     1.4042  0.000e+00
     38.176    16.1838   4.382637    34.7537        339     1.4083  0.000e+00
     38.297    16.1829   4.382354    34.7519        340     1.4125  0.000e+00
     38.430    16.1820   4.382125    34.7506        341     1.4167  0.000e+00
     38.584    16.1804   4.381510    34.7465        342     1.4208  0.000e+00
     38.759    16.1779   4.381662    34.7500        343     1.4250  0.000e+00
     38.940    16.1758   4.380327    34.7398        344     1.4292  0.000e+00
     39.137    16.1703   4.377871    34.7228        345     1.4333  0.000e+00
     39.333    16.1578   4.375610    34.7136        346     1.4375  0.000e+00
     39.551    16.1409   4.370771    34.6853        347     1.4417  0.000e+00
     39.756    16.1116   4.364131    34.6518        348     1.4458  0.000e+00
     39.974    16.0666   4.360941    34.6627        349     1.4500  0.000e+00
     40.191    16.0247   4.358415    34.6767        350     1.4542  0.000e+00
     40.400    15.9904   4.357138    34.6953        351     1.4583  0.000e+00
     40.593    15.9644   4.355993    34.7078        352     1.4625  0.000e+00
     40.753    15.9454   4.354951    34.7151        353     1.4667  0.000e+00
     40.898    15.9290   4.347673    34.6645        354     1.4708  0.000e+00
     41.037    15.8921   4.341145    34.6384        355     1.4750  0.000e+00
     41.164    15.8368   4.337831    34.6572        356     1.4792  0.000e+00
     41.282    15.7855   4.334738    34.6746        357     1.4833  0.000e+00
     41.385    15.7371   4.332384    34.6959        358     1.4875  0.000e+00
     41.472    15.6951   4.330608    34.7169        359     1.4917  0.000e+00
     41.563    15.6611   4.329500    34.7369        360     1.4958  0.000e+00
     41.657    15.6357   4.328591    34.7511        361     1.5000  0.000e+00
     41.753    15.6175   4.328309    34.7646        362     1.5042  0.000e+00
     41.853    15.6060   4.328075    34.7725        363     1.5083  0.000e+00
     41.962    15.5990   4.328082    34.7787        364     1.5125  0.000e+00
     42.080    15.5946   4.327855    34.7806        365     1.5167  0.000e+00
     42.222    15.5924   4.328035    34.7841        366     1.5208  0.000e+00
     42.370    15.5919   4.328007    34.7842        367     1.5250  0.000e+00
     42.530    15.5917   4.327450    34.7793        368     1.5292  0.000e+00
     42.702    15.5902   4.327202    34.7783        369     1.5333  0.000e+00
     42.889    15.5871   4.328689    34.7944        370     1.5375  0.000e+00
     43.077    15.5855   4.330637    34.8132        371     1.5417  0.000e+00
     43.270    15.5899   4.331953    34.8211        372     1.5458  0.000e+00
     43.470    15.5972   4.334005    34.8330        373     1.5500  0.000e+00
     43.669    15.6064   4.339985    34.8786        374     1.5542  0.000e+00
     43.862    15.6179   4.342832    34.8940        375     1.5583  0.000e+00
     44.053    15.6314   4.346837    34.9179        376     1.5625  0.000e+00
     44.225    15.6462   4.348748    34.9219        377     1.5667  0.000e+00
     44.391    15.6588   4.349099    34.9139        378     1.5708  0.000e+00
     44.533    15.6666   4.349685    34.9122        379     1.5750  0.000e+00
     44.669    15.6711   4.350810    34.9182        380     1.5792  0.000e+00
     44.796    15.6751   4.352535    34.9301        381     1.5833  0.000e+00
     44.908    15.6797   4.355240    34.9503        382     1.5875  0.000e+00
     45.029    15.6862   4.358705    34.9756        383     1.5917  0.000e+00
     45.140    15.6929   4.359299    34.9750        384     1.5958  0.000e+00
     45.249    15.6943   4.359775    34.9779        385     1.6000  0.000e+00
     45.367    15.6936   4.360362    34.9838        386     1.6042  0.000e+00
     45.488    15.6932   4.360127    34.9820        387     1.6083  0.000e+00
     45.618    15.6918   4.358394    34.9676        388     1.6125  0.000e+00
     45.757    15.6850   4.355999    34.9521        389     1.6167  0.000e+00
     45.893    15.6715   4.353018    34.9371        390     1.6208  0.000e+00
     46.038    15.6523   4.350604    34.9325        391     1.6250  0.000e+00
     46.195    15.6316   4.349259    34.9387        392     1.6292  0.000e+00
     46.346    15.6133   4.349245    34.9547        393     1.6333  0.000e+00
     46.512    15.6016   4.348039    34.9541        394     1.6375  0.000e+00
     46.681    15.5909   4.347653    34.9601        395     1.6417  0.000e+00
     46.845    15.5827   4.346053    34.9530        396     1.6458  0.000e+00
     47.020    15.5717   4.343564    34.9403        397     1.6500  0.000e+00
     47.186    15.5562   4.341131    34.9320        398     1.6542  0.000e+00
     47.364    15.5358   4.337500    34.9173        399     1.6583  0.000e+00
     47.545    15.5081   4.328368    34.8595        400     1.6625  0.000e+00
     47.730    15.4633   4.326249    34.8801        401     1.6667  0.000e+00
     47.923    15.4194   4.323566    34.8948        402     1.6708  0.000e+00
     48.101    15.3829   4.319404    34.8896        403     1.6750  0.000e+00
     48.283    15.3466   4.319529    34.9229        404     1.6792  0.000e+00
     48.458    15.3221   4.321703    34.9643        405     1.6833  0.000e+00
     48.621    15.3161   4.323526    34.9861        406     1.6875  0.000e+00
     48.793    15.3171   4.326747    35.0143        407     1.6917  0.000e+00
     48.938    15.3228   4.329432    35.0335        408     1.6958  0.000e+00
     49.089    15.3318   4.334769    35.0737        409     1.7000  0.000e+00
     49.231    15.3450   4.335326    35.0669        410     1.7042  0.000e+00
     49.355    15.3550   4.334569    35.0511        411     1.7083  0.000e+00
     49.494    15.3595   4.336897    35.0680        412     1.7125  0.000e+00
     49.627    15.3635   4.338930    35.0828        413     1.7167  0.000e+00
     49.772    15.3679   4.339081    35.0802        414     1.7208  0.000e+00
     49.908    15.3709   4.339281    35.0793        415     1.7250  0.000e+00
     50.050    15.3723   4.339791    35.0826        416     1.7292  0.000e+00
     50.195    15.3728   4.341135    35.0942        417     1.7333  0.000e+00
     50.358    15.3748   4.342783    35.1073        418     1.7375  0.000e+00
     50.521    15.3787   4.343823    35.1132        419     1.7417  0.000e+00
     50.679    15.3837   4.345864    35.1271        420     1.7458  0.000e+00
