HB2302/sbe156.cnv
* Sea-Bird SBE 19plus V2 Data File:
* FileName = C:\cruise\data\sbe156.hex
* Software Version Seasave V 7.26.7.121
* Temperature SN = 4758
* Conductivity SN = 4758
* System UpLoad Time = Jun 22 2023 17:57:21
* NMEA Latitude = 42 41.70 N
* NMEA Longitude = 070 24.41 W
* NMEA UTC (Time) = Jun 22 2023 17:57:21
** Cruise: HB2302
** Program: Ecomon
** Chief Scientist: Jerry Prezioso
# nquan = 7
# nvalues = 1321                                  
# units = specified
# name 0 = depSM: Depth [salt water, m]
# name 1 = tv290C: Temperature [ITS-90, deg C]
# name 2 = c0S/m: Conductivity [S/m]
# name 3 = sal00: Salinity, Practical [PSU]
# name 4 = scan: Scan Count
# name 5 = timeM: Time, Elapsed [minutes]
# name 6 = flag:  0.000e+00
# span 0 =      0.025,     43.875                 
# span 1 =     6.9648,    17.8771                 
# span 2 =   0.000674,   3.999778                 
# span 3 =     0.0107,    31.8121                 
# span 4 =         11,       1331                 
# span 5 =     0.0417,     5.5417                 
# span 6 = 0.0000e+00, 0.0000e+00                 
# interval = seconds: 0.25
# start_time = Jun 22 2023 17:57:21 [NMEA time, header]
# bad_flag = -9.990e-29
*END*
[from data line 616]
     32.787     8.1541   3.320781    31.6359        627     2.6083  0.000e+00
     32.736     8.1771   3.322489    31.6332        628     2.6125  0.000e+00
     32.691     8.1954   3.322222    31.6140        629     2.6167  0.000e+00
     32.642     8.2066   3.323002    31.6121        630     2.6208  0.000e+00
     32.600     8.2150   3.322959    31.6041        631     2.6250  0.000e+00
     32.564     8.2201   3.322723    31.5971        632     2.6292  0.000e+00
     32.510     8.2216   3.323423    31.6031        633     2.6333  0.000e+00
     32.471     8.2255   3.325571    31.6223        634     2.6375  0.000e+00
     32.423     8.2365   3.326147    31.6185        635     2.6417  0.000e+00
     32.365     8.2475   3.325075    31.5973        636     2.6458  0.000e+00
     32.314     8.2506   3.325007    31.5938        637     2.6500  0.000e+00
     32.254     8.2499   3.325379    31.5984        638     2.6542  0.000e+00
     32.182     8.2506   3.325942    31.6037        639     2.6583  0.000e+00
     32.106     8.2537   3.327026    31.6124        640     2.6625  0.000e+00
     32.028     8.2607   3.328549    31.6222        641     2.6667  0.000e+00
     31.950     8.2718   3.328010    31.6066        642     2.6708  0.000e+00
     31.874     8.2792   3.329366    31.6142        643     2.6750  0.000e+00
     31.793     8.2878   3.331032    31.6241        644     2.6792  0.000e+00
     31.708     8.3008   3.331850    31.6211        645     2.6833  0.000e+00
     31.633     8.3131   3.330239    31.5931        646     2.6875  0.000e+00
     31.570     8.3148   3.330320    31.5924        647     2.6917  0.000e+00
     31.506     8.3134   3.333523    31.6274        648     2.6958  0.000e+00
     31.449     8.3248   3.334539    31.6279        649     2.7000  0.000e+00
     31.392     8.3406   3.334874    31.6172        650     2.7042  0.000e+00
     31.335     8.3521   3.335952    31.6182        651     2.7083  0.000e+00
     31.280     8.3633   3.336398    31.6129        652     2.7125  0.000e+00
     31.238     8.3722   3.336008    31.6008        653     2.7167  0.000e+00
     31.181     8.3759   3.336553    31.6033        654     2.7208  0.000e+00
     31.145     8.3792   3.336355    31.5982        655     2.7250  0.000e+00
     31.103     8.3804   3.336119    31.5947        656     2.7292  0.000e+00
     31.061     8.3803   3.336032    31.5939        657     2.7333  0.000e+00
     31.018     8.3799   3.336311    31.5972        658     2.7375  0.000e+00
     30.970     8.3807   3.337111    31.6049        659     2.7417  0.000e+00
     30.928     8.3837   3.337278    31.6040        660     2.7458  0.000e+00
     30.877     8.3880   3.338214    31.6100        661     2.7500  0.000e+00
     30.823     8.3938   3.337687    31.5992        662     2.7542  0.000e+00
     30.766     8.3970   3.338276    31.6026        663     2.7583  0.000e+00
     30.705     8.4001   3.338097    31.5980        664     2.7625  0.000e+00
     30.645     8.4015   3.337867    31.5943        665     2.7667  0.000e+00
     30.573     8.4007   3.338729    31.6041        666     2.7708  0.000e+00
     30.507     8.4030   3.340571    31.6214        667     2.7750  0.000e+00
     30.440     8.4124   3.341098    31.6185        668     2.7792  0.000e+00
     30.374     8.4227   3.340378    31.6018        669     2.7833  0.000e+00
     30.305     8.4289   3.348594    31.6824        670     2.7875  0.000e+00
     30.238     8.4598   3.353729    31.7086        671     2.7917  0.000e+00
     30.172     8.5086   3.357686    31.7062        672     2.7958  0.000e+00
     30.112     8.5553   3.359376    31.6820        673     2.8000  0.000e+00
     30.046     8.5929   3.363268    31.6889        674     2.8042  0.000e+00
     29.976     8.6309   3.369245    31.7173        675     2.8083  0.000e+00
     29.910     8.6753   3.372687    31.7135        676     2.8125  0.000e+00
     29.853     8.7198   3.378490    31.7341        677     2.8167  0.000e+00
     29.783     8.7717   3.385532    31.7609        678     2.8208  0.000e+00
     29.732     8.8341   3.388968    31.7408        679     2.8250  0.000e+00
     29.678     8.8855   3.387015    31.6746        680     2.8292  0.000e+00
     29.621     8.9133   3.391306    31.6944        681     2.8333  0.000e+00
     29.570     8.9397   3.391649    31.6744        682     2.8375  0.000e+00
     29.527     8.9578   3.390837    31.6499        683     2.8417  0.000e+00
     29.482     8.9677   3.393539    31.6690        684     2.8458  0.000e+00
     29.440     8.9813   3.392859    31.6499        685     2.8500  0.000e+00
     29.404     8.9897   3.392584    31.6396        686     2.8542  0.000e+00
     29.368     8.9915   3.391829    31.6302        687     2.8583  0.000e+00
     29.323     8.9891   3.392709    31.6415        688     2.8625  0.000e+00
     29.281     8.9895   3.393901    31.6534        689     2.8667  0.000e+00
     29.232     8.9957   3.394456    31.6537        690     2.8708  0.000e+00
     29.181     9.0028   3.394980    31.6529        691     2.8750  0.000e+00
     29.127     9.0087   3.394231    31.6399        692     2.8792  0.000e+00
     29.070     9.0103   3.394918    31.6456        693     2.8833  0.000e+00
     29.007     9.0122   3.394980    31.6445        694     2.8875  0.000e+00
     28.943     9.0148   3.395336    31.6460        695     2.8917  0.000e+00
     28.868     9.0170   3.394942    31.6400        696     2.8958  0.000e+00
     28.799     9.0175   3.395148    31.6417        697     2.9000  0.000e+00
     28.732     9.0178   3.395354    31.6435        698     2.9042  0.000e+00
     28.657     9.0189   3.395442    31.6435        699     2.9083  0.000e+00
     28.585     9.0202   3.395710    31.6452        700     2.9125  0.000e+00
     28.518     9.0217   3.395816    31.6450        701     2.9167  0.000e+00
     28.461     9.0235   3.395423    31.6393        702     2.9208  0.000e+00
     28.401     9.0232   3.395791    31.6434        703     2.9250  0.000e+00
     28.353     9.0238   3.396877    31.6542        704     2.9292  0.000e+00
     28.299     9.0284   3.397483    31.6564        705     2.9333  0.000e+00
     28.256     9.0344   3.397333    31.6495        706     2.9375  0.000e+00
     28.214     9.0381   3.397938    31.6524        707     2.9417  0.000e+00
     28.163     9.0413   3.397614    31.6463        708     2.9458  0.000e+00
     28.124     9.0430   3.397963    31.6484        709     2.9500  0.000e+00
     28.088     9.0446   3.397714    31.6444        710     2.9542  0.000e+00
     28.043     9.0449   3.397483    31.6418        711     2.9583  0.000e+00
     28.010     9.0441   3.397545    31.6432        712     2.9625  0.000e+00
     27.968     9.0433   3.397270    31.6410        713     2.9667  0.000e+00
     27.919     9.0423   3.397751    31.6469        714     2.9708  0.000e+00
     27.874     9.0428   3.397732    31.6463        715     2.9750  0.000e+00
     27.838     9.0437   3.397233    31.6404        716     2.9792  0.000e+00
     27.784     9.0426   3.397202    31.6410        717     2.9833  0.000e+00
     27.739     9.0413   3.397170    31.6419        718     2.9875  0.000e+00
     27.682     9.0405   3.397901    31.6502        719     2.9917  0.000e+00
     27.624     9.0424   3.397926    31.6488        720     2.9958  0.000e+00
     27.573     9.0443   3.397589    31.6437        721     3.0000  0.000e+00
     27.516     9.0445   3.397732    31.6449        722     3.0042  0.000e+00
     27.468     9.0452   3.398669    31.6540        723     3.0083  0.000e+00
     27.411     9.0481   3.398775    31.6526        724     3.0125  0.000e+00
     27.347     9.0524   3.400779    31.6695        725     3.0167  0.000e+00
     27.293     9.0611   3.399636    31.6500        726     3.0208  0.000e+00
     27.239     9.0650   3.399649    31.6466        727     3.0250  0.000e+00
     27.185     9.0665   3.400629    31.6554        728     3.0292  0.000e+00
     27.139     9.0709   3.400842    31.6537        729     3.0333  0.000e+00
     27.088     9.0747   3.399986    31.6416        730     3.0375  0.000e+00
     27.046     9.0742   3.399692    31.6390        731     3.0417  0.000e+00
     26.992     9.0711   3.400336    31.6485        732     3.0458  0.000e+00
     26.932     9.0716   3.399880    31.6433        733     3.0500  0.000e+00
     26.886     9.0724   3.398375    31.6271        734     3.0542  0.000e+00
     26.844     9.0690   3.398562    31.6321        735     3.0583  0.000e+00
     26.793     9.0662   3.398312    31.6320        736     3.0625  0.000e+00
     26.745     9.0647   3.399461    31.6452        737     3.0667  0.000e+00
     26.697     9.0667   3.399611    31.6450        738     3.0708  0.000e+00
     26.655     9.0692   3.398912    31.6356        739     3.0750  0.000e+00
     26.615     9.0686   3.397607    31.6226        740     3.0792  0.000e+00
     26.570     9.0639   3.396895    31.6195        741     3.0833  0.000e+00
     26.528     9.0582   3.396670    31.6222        742     3.0875  0.000e+00
     26.489     9.0534   3.396377    31.6235        743     3.0917  0.000e+00
     26.441     9.0499   3.395503    31.6176        744     3.0958  0.000e+00
     26.405     9.0451   3.395116    31.6178        745     3.1000  0.000e+00
     26.381     9.0407   3.395147    31.6221        746     3.1042  0.000e+00
     26.345     9.0380   3.395291    31.6260        747     3.1083  0.000e+00
     26.308     9.0370   3.395797    31.6321        748     3.1125  0.000e+00
     26.278     9.0383   3.396521    31.6385        749     3.1167  0.000e+00
     26.242     9.0418   3.396645    31.6367        750     3.1208  0.000e+00
     26.212     9.0447   3.396302    31.6306        751     3.1250  0.000e+00
     26.167     9.0454   3.396165    31.6285        752     3.1292  0.000e+00
     26.128     9.0449   3.395896    31.6262        753     3.1333  0.000e+00
     26.086     9.0434   3.395709    31.6256        754     3.1375  0.000e+00
     26.041     9.0421   3.396352    31.6334        755     3.1417  0.000e+00
     25.995     9.0431   3.396314    31.6322        756     3.1458  0.000e+00
     25.932     9.0443   3.396146    31.6295        757     3.1500  0.000e+00
     25.893     9.0440   3.395915    31.6273        758     3.1542  0.000e+00
     25.839     9.0431   3.395628    31.6252        759     3.1583  0.000e+00
     25.785     9.0414   3.394810    31.6183        760     3.1625  0.000e+00
     25.737     9.0381   3.394479    31.6178        761     3.1667  0.000e+00
     25.688     9.0349   3.394336    31.6192        762     3.1708  0.000e+00
     25.637     9.0335   3.394323    31.6203        763     3.1750  0.000e+00
     25.589     9.0327   3.394604    31.6240        764     3.1792  0.000e+00
     25.541     9.0321   3.394561    31.6240        765     3.1833  0.000e+00
     25.493     9.0324   3.394454    31.6227        766     3.1875  0.000e+00
     25.432     9.0340   3.394873    31.6257        767     3.1917  0.000e+00
     25.393     9.0376   3.394916    31.6230        768     3.1958  0.000e+00
     25.342     9.0418   3.395228    31.6224        769     3.2000  0.000e+00
     25.297     9.0474   3.394960    31.6147        770     3.2042  0.000e+00
     25.258     9.0500   3.395222    31.6151        771     3.2083  0.000e+00
     25.213     9.0525   3.395565    31.6165        772     3.2125  0.000e+00
     25.179     9.0570   3.395940    31.6163        773     3.2167  0.000e+00
     25.143     9.0627   3.396845    31.6207        774     3.2208  0.000e+00
     25.113     9.0718   3.397144    31.6157        775     3.2250  0.000e+00
     25.083     9.0806   3.397169    31.6081        776     3.2292  0.000e+00
     25.062     9.0857   3.396844    31.6003        777     3.2333  0.000e+00
     25.041     9.0867   3.396607    31.5969        778     3.2375  0.000e+00
     25.011     9.0853   3.396145    31.5935        779     3.2417  0.000e+00
     24.993     9.0814   3.395970    31.5951        780     3.2458  0.000e+00
     24.972     9.0777   3.395977    31.5984        781     3.2500  0.000e+00
     24.945     9.0753   3.395939    31.6002        782     3.2542  0.000e+00
     24.912     9.0737   3.396233    31.6047        783     3.2583  0.000e+00
     24.873     9.0740   3.396020    31.6022        784     3.2625  0.000e+00
     24.831     9.0745   3.397856    31.6208        785     3.2667  0.000e+00
     24.779     9.0826   3.398980    31.6252        786     3.2708  0.000e+00
     24.716     9.0955   3.401215    31.6368        787     3.2750  0.000e+00
     24.656     9.1147   3.402720    31.6354        788     3.2792  0.000e+00
     24.593     9.1341   3.404182    31.6332        789     3.2833  0.000e+00
     24.517     9.1535   3.405019    31.6247        790     3.2875  0.000e+00
     24.454     9.1692   3.405056    31.6111        791     3.2917  0.000e+00
     24.385     9.1792   3.405288    31.6048        792     3.2958  0.000e+00
     24.328     9.1852   3.405569    31.6023        793     3.3000  0.000e+00
     24.270     9.1899   3.405725    31.5998        794     3.3042  0.000e+00
     24.219     9.1938   3.406143    31.6007        795     3.3083  0.000e+00
     24.180     9.1978   3.406425    31.6000        796     3.3125  0.000e+00
     24.141     9.2018   3.406100    31.5932        797     3.3167  0.000e+00
     24.108     9.2031   3.406393    31.5950        798     3.3208  0.000e+00
     24.081     9.2043   3.406606    31.5962        799     3.3250  0.000e+00
     24.054     9.2065   3.406312    31.5913        800     3.3292  0.000e+00
     24.024     9.2068   3.406162    31.5894        801     3.3333  0.000e+00
     24.002     9.2058   3.406268    31.5914        802     3.3375  0.000e+00
     23.975     9.2051   3.406162    31.5910        803     3.3417  0.000e+00
     23.954     9.2045   3.405975    31.5896        804     3.3458  0.000e+00
     23.933     9.2030   3.405725    31.5883        805     3.3500  0.000e+00
     23.915     9.2013   3.405918    31.5919        806     3.3542  0.000e+00
     23.894     9.2009   3.405975    31.5928        807     3.3583  0.000e+00
     23.873     9.2011   3.405556    31.5883        808     3.3625  0.000e+00
     23.837     9.1997   3.405481    31.5888        809     3.3667  0.000e+00
     23.816     9.1979   3.405456    31.5901        810     3.3708  0.000e+00
     23.780     9.1972   3.405743    31.5937        811     3.3750  0.000e+00
     23.744     9.1981   3.405968    31.5952        812     3.3792  0.000e+00
     23.708     9.2001   3.406062    31.5945        813     3.3833  0.000e+00
     23.674     9.2020   3.406456    31.5969        814     3.3875  0.000e+00
     23.632     9.2050   3.406287    31.5925        815     3.3917  0.000e+00
     23.593     9.2065   3.406249    31.5908        816     3.3958  0.000e+00
     23.545     9.2070   3.406224    31.5901        817     3.4000  0.000e+00
     23.494     9.2072   3.406356    31.5913        818     3.4042  0.000e+00
     23.434     9.2076   3.406537    31.5928        819     3.4083  0.000e+00
     23.370     9.2092   3.406749    31.5936        820     3.4125  0.000e+00
     23.313     9.2112   3.406899    31.5934        821     3.4167  0.000e+00
     23.250     9.2129   3.407855    31.6018        822     3.4208  0.000e+00
     23.187     9.2189   3.409593    31.6144        823     3.4250  0.000e+00
     23.114     9.2305   3.410287    31.6113        824     3.4292  0.000e+00
     23.063     9.2429   3.412907    31.6273        825     3.4333  0.000e+00
     23.000     9.2600   3.414371    31.6272        826     3.4375  0.000e+00
     22.949     9.2787   3.415565    31.6229        827     3.4417  0.000e+00
     22.897     9.2960   3.416403    31.6163        828     3.4458  0.000e+00
     22.849     9.3102   3.415665    31.5961        829     3.4500  0.000e+00
     22.813     9.3159   3.415965    31.5942        830     3.4542  0.000e+00
