HB2302/sbe177.cnv
* Sea-Bird SBE 19plus V2 Data File:
* FileName = C:\cruise\data\sbe177.hex
* Software Version Seasave V 7.26.7.121
* Temperature SN = 4758
* Conductivity SN = 4758
* System UpLoad Time = Jun 25 2023 01:41:20
* NMEA Latitude = 40 50.66 N
* NMEA Longitude = 069 34.94 W
* NMEA UTC (Time) = Jun 25 2023 01:41:19
** Cruise: HB2302
** Program: Ecomon
** Chief Scientist: Jerry Prezioso
# nquan = 7
# nvalues = 1933                                  
# units = specified
# name 0 = depSM: Depth [salt water, m]
# name 1 = tv290C: Temperature [ITS-90, deg C]
# name 2 = c0S/m: Conductivity [S/m]
# name 3 = sal00: Salinity, Practical [PSU]
# name 4 = scan: Scan Count
# name 5 = timeM: Time, Elapsed [minutes]
# name 6 = flag:  0.000e+00
# span 0 =     -0.092,     33.333                 
# span 1 =    12.5262,    16.6558                 
# span 2 =   0.002639,   4.075603                 
# span 3 =     0.0197,    32.8238                 
# span 4 =         11,       1943                 
# span 5 =     0.0417,     8.0917                 
# span 6 = 0.0000e+00, 0.0000e+00                 
# interval = seconds: 0.25
# start_time = Jun 25 2023 01:41:19 [NMEA time, header]
# bad_flag = -9.990e-29
*END*
[from data line 411]
     15.105    13.1435   3.763078    31.7131        422     1.7542  0.000e+00
     15.138    13.1437   3.763143    31.7136        423     1.7583  0.000e+00
     15.168    13.1413   3.763215    31.7162        424     1.7625  0.000e+00
     15.186    13.1363   3.763169    31.7200        425     1.7667  0.000e+00
     15.217    13.1330   3.763169    31.7227        426     1.7708  0.000e+00
     15.241    13.1318   3.762786    31.7202        427     1.7750  0.000e+00
     15.277    13.1278   3.762584    31.7216        428     1.7792  0.000e+00
     15.310    13.1228   3.762116    31.7213        429     1.7833  0.000e+00
     15.350    13.1172   3.760888    31.7145        430     1.7875  0.000e+00
     15.410    13.1138   3.759978    31.7088        431     1.7917  0.000e+00
     15.488    13.1069   3.759497    31.7100        432     1.7958  0.000e+00
     15.573    13.0990   3.758659    31.7087        433     1.8000  0.000e+00
     15.667    13.0916   3.757690    31.7057        434     1.8042  0.000e+00
     15.772    13.0812   3.756781    31.7059        435     1.8083  0.000e+00
     15.902    13.0709   3.756638    31.7131        436     1.8125  0.000e+00
     16.032    13.0594   3.756223    31.7187        437     1.8167  0.000e+00
     16.171    13.0521   3.755320    31.7163        438     1.8208  0.000e+00
     16.316    13.0495   3.754911    31.7145        439     1.8250  0.000e+00
     16.449    13.0411   3.754475    31.7175        440     1.8292  0.000e+00
     16.579    13.0328   3.753904    31.7190        441     1.8333  0.000e+00
     16.709    13.0261   3.753872    31.7242        442     1.8375  0.000e+00
     16.814    13.0208   3.753618    31.7262        443     1.8417  0.000e+00
     16.923    13.0189   3.753157    31.7234        444     1.8458  0.000e+00
     17.020    13.0165   3.752976    31.7237        445     1.8500  0.000e+00
     17.089    13.0142   3.752800    31.7239        446     1.8542  0.000e+00
     17.159    13.0110   3.752735    31.7260        447     1.8583  0.000e+00
     17.219    13.0086   3.752145    31.7224        448     1.8625  0.000e+00
     17.262    13.0164   3.751755    31.7122        449     1.8667  0.000e+00
     17.310    13.0163   3.751534    31.7102        450     1.8708  0.000e+00
     17.358    13.0093   3.751281    31.7137        451     1.8750  0.000e+00
     17.413    13.0006   3.750950    31.7178        452     1.8792  0.000e+00
     17.464    12.9933   3.750502    31.7197        453     1.8833  0.000e+00
     17.515    12.9867   3.749898    31.7195        454     1.8875  0.000e+00
     17.570    12.9825   3.749632    31.7205        455     1.8917  0.000e+00
     17.627    12.9750   3.749269    31.7233        456     1.8958  0.000e+00
     17.685    12.9679   3.748788    31.7247        457     1.9000  0.000e+00
     17.745    12.9630   3.748237    31.7236        458     1.9042  0.000e+00
     17.812    12.9588   3.750327    31.7468        459     1.9083  0.000e+00
     17.881    12.9523   3.749100    31.7407        460     1.9125  0.000e+00
     17.960    12.9150   3.724950    31.5443        461     1.9167  0.000e+00
     18.032    12.8179   3.721843    31.5961        462     1.9208  0.000e+00
     18.108    12.7337   3.720090    31.6499        463     1.9250  0.000e+00
     18.198    12.6787   3.719366    31.6892        464     1.9292  0.000e+00
     18.274    12.6449   3.718648    31.7108        465     1.9333  0.000e+00
     18.370    12.6243   3.718390    31.7257        466     1.9375  0.000e+00
     18.461    12.6115   3.717724    31.7301        467     1.9417  0.000e+00
     18.567    12.6032   3.717905    31.7388        468     1.9458  0.000e+00
     18.666    12.5990   3.717653    31.7399        469     1.9500  0.000e+00
     18.769    12.5958   3.717154    31.7378        470     1.9542  0.000e+00
     18.875    12.5920   3.717142    31.7409        471     1.9583  0.000e+00
     18.975    12.5900   3.717064    31.7418        472     1.9625  0.000e+00
     19.080    12.5893   3.717071    31.7424        473     1.9667  0.000e+00
     19.183    12.5891   3.717213    31.7438        474     1.9708  0.000e+00
     19.280    12.5900   3.717174    31.7427        475     1.9750  0.000e+00
     19.379    12.5907   3.716657    31.7371        476     1.9792  0.000e+00
     19.461    12.5889   3.716540    31.7375        477     1.9833  0.000e+00
     19.551    12.5870   3.716657    31.7402        478     1.9875  0.000e+00
     19.627    12.5865   3.716340    31.7376        479     1.9917  0.000e+00
     19.696    12.5850   3.716126    31.7367        480     1.9958  0.000e+00
     19.763    12.5830   3.716081    31.7380        481     2.0000  0.000e+00
     19.829    12.5818   3.715965    31.7379        482     2.0042  0.000e+00
     19.893    12.5797   3.714432    31.7251        483     2.0083  0.000e+00
     19.956    12.5711   3.713869    31.7269        484     2.0125  0.000e+00
     20.014    12.5619   3.714063    31.7365        485     2.0167  0.000e+00
     20.080    12.5574   3.714135    31.7410        486     2.0208  0.000e+00
     20.138    12.5562   3.714691    31.7473        487     2.0250  0.000e+00
     20.189    12.5588   3.714794    31.7460        488     2.0292  0.000e+00
     20.243    12.5615   3.714853    31.7443        489     2.0333  0.000e+00
     20.292    12.5642   3.715195    31.7452        490     2.0375  0.000e+00
     20.355    12.5665   3.714749    31.7390        491     2.0417  0.000e+00
     20.416    12.5668   3.714969    31.7408        492     2.0458  0.000e+00
     20.485    12.5671   3.714865    31.7396        493     2.0500  0.000e+00
     20.558    12.5672   3.714665    31.7375        494     2.0542  0.000e+00
     20.642    12.5664   3.714730    31.7388        495     2.0583  0.000e+00
     20.730    12.5655   3.714342    31.7358        496     2.0625  0.000e+00
     20.817    12.5635   3.714089    31.7351        497     2.0667  0.000e+00
     20.917    12.5605   3.714044    31.7371        498     2.0708  0.000e+00
     21.017    12.5584   3.714504    31.7432        499     2.0750  0.000e+00
     21.131    12.5596   3.714529    31.7425        500     2.0792  0.000e+00
     21.240    12.5627   3.715707    31.7510        501     2.0833  0.000e+00
     21.367    12.5696   3.716166    31.7495        502     2.0875  0.000e+00
     21.485    12.5768   3.715500    31.7370        503     2.0917  0.000e+00
     21.603    12.5781   3.715267    31.7337        504     2.0958  0.000e+00
     21.723    12.5762   3.714995    31.7326        505     2.1000  0.000e+00
     21.835    12.5735   3.714969    31.7346        506     2.1042  0.000e+00
     21.944    12.5718   3.715151    31.7377        507     2.1083  0.000e+00
     22.047    12.5719   3.715196    31.7381        508     2.1125  0.000e+00
     22.134    12.5723   3.714995    31.7358        509     2.1167  0.000e+00
     22.216    12.5716   3.714989    31.7362        510     2.1208  0.000e+00
     22.282    12.5706   3.714459    31.7320        511     2.1250  0.000e+00
     22.340    12.5681   3.714685    31.7363        512     2.1292  0.000e+00
     22.388    12.5668   3.714808    31.7385        513     2.1333  0.000e+00
     22.427    12.5671   3.714750    31.7377        514     2.1375  0.000e+00
     22.464    12.5674   3.714711    31.7371        515     2.1417  0.000e+00
     22.500    12.5672   3.714510    31.7353        516     2.1458  0.000e+00
     22.536    12.5661   3.714549    31.7365        517     2.1500  0.000e+00
     22.575    12.5654   3.714944    31.7409        518     2.1542  0.000e+00
     22.615    12.5674   3.715151    31.7411        519     2.1583  0.000e+00
     22.660    12.5695   3.714226    31.7306        520     2.1625  0.000e+00
     22.699    12.5664   3.714006    31.7311        521     2.1667  0.000e+00
     22.748    12.5617   3.713282    31.7281        522     2.1708  0.000e+00
     22.808    12.5558   3.713036    31.7308        523     2.1750  0.000e+00
     22.875    12.5504   3.713069    31.7356        524     2.1792  0.000e+00
     22.947    12.5473   3.713004    31.7376        525     2.1833  0.000e+00
     23.032    12.5453   3.712991    31.7391        526     2.1875  0.000e+00
     23.125    12.5446   3.712978    31.7396        527     2.1917  0.000e+00
     23.222    12.5441   3.713101    31.7411        528     2.1958  0.000e+00
     23.322    12.5443   3.713230    31.7421        529     2.2000  0.000e+00
     23.424    12.5455   3.713276    31.7415        530     2.2042  0.000e+00
     23.533    12.5465   3.713302    31.7409        531     2.2083  0.000e+00
     23.639    12.5472   3.713328    31.7405        532     2.2125  0.000e+00
     23.748    12.5478   3.713412    31.7408        533     2.2167  0.000e+00
     23.859    12.5485   3.713373    31.7397        534     2.2208  0.000e+00
     23.968    12.5488   3.713341    31.7391        535     2.2250  0.000e+00
     24.077    12.5489   3.713328    31.7389        536     2.2292  0.000e+00
     24.173    12.5488   3.713276    31.7384        537     2.2333  0.000e+00
     24.282    12.5482   3.713257    31.7387        538     2.2375  0.000e+00
     24.388    12.5478   3.713302    31.7395        539     2.2417  0.000e+00
     24.488    12.5478   3.713257    31.7390        540     2.2458  0.000e+00
     24.590    12.5475   3.713257    31.7391        541     2.2500  0.000e+00
     24.687    12.5475   3.713231    31.7389        542     2.2542  0.000e+00
     24.781    12.5476   3.713231    31.7387        543     2.2583  0.000e+00
     24.871    12.5475   3.713231    31.7388        544     2.2625  0.000e+00
     24.950    12.5474   3.713212    31.7387        545     2.2667  0.000e+00
     25.028    12.5473   3.713212    31.7388        546     2.2708  0.000e+00
     25.101    12.5471   3.713341    31.7401        547     2.2750  0.000e+00
     25.170    12.5475   3.713302    31.7394        548     2.2792  0.000e+00
     25.228    12.5478   3.713276    31.7389        549     2.2833  0.000e+00
     25.294    12.5479   3.713231    31.7383        550     2.2875  0.000e+00
     25.364    12.5478   3.713386    31.7398        551     2.2917  0.000e+00
     25.430    12.5484   3.713445    31.7399        552     2.2958  0.000e+00
     25.494    12.5491   3.713535    31.7401        553     2.3000  0.000e+00
     25.566    12.5503   3.713632    31.7400        554     2.3042  0.000e+00
     25.645    12.5515   3.713555    31.7382        555     2.3083  0.000e+00
     25.720    12.5520   3.713587    31.7380        556     2.3125  0.000e+00
     25.802    12.5522   3.713535    31.7373        557     2.3167  0.000e+00
     25.889    12.5520   3.713121    31.7336        558     2.3208  0.000e+00
     25.986    12.5496   3.713070    31.7350        559     2.3250  0.000e+00
     26.086    12.5473   3.712863    31.7350        560     2.3292  0.000e+00
     26.179    12.5446   3.712708    31.7357        561     2.3333  0.000e+00
     26.282    12.5426   3.712844    31.7387        562     2.3375  0.000e+00
     26.391    12.5417   3.712928    31.7402        563     2.3417  0.000e+00
     26.503    12.5418   3.712844    31.7393        564     2.3458  0.000e+00
     26.620    12.5420   3.713413    31.7445        565     2.3500  0.000e+00
     26.744    12.5448   3.713465    31.7425        566     2.3542  0.000e+00
     26.868    12.5475   3.713510    31.7407        567     2.3583  0.000e+00
     26.995    12.5490   3.713258    31.7370        568     2.3625  0.000e+00
     27.122    12.5488   3.713284    31.7373        569     2.3667  0.000e+00
     27.249    12.5480   3.712902    31.7343        570     2.3708  0.000e+00
     27.376    12.5454   3.712682    31.7343        571     2.3750  0.000e+00
     27.490    12.5423   3.712598    31.7361        572     2.3792  0.000e+00
     27.599    12.5401   3.713025    31.7420        573     2.3833  0.000e+00
     27.711    12.5412   3.713491    31.7454        574     2.3875  0.000e+00
     27.826    12.5448   3.713652    31.7439        575     2.3917  0.000e+00
     27.922    12.5483   3.713536    31.7398        576     2.3958  0.000e+00
     28.010    12.5497   3.713588    31.7391        577     2.4000  0.000e+00
     28.086    12.5504   3.713581    31.7384        578     2.4042  0.000e+00
     28.161    12.5508   3.713633    31.7385        579     2.4083  0.000e+00
     28.228    12.5515   3.713698    31.7385        580     2.4125  0.000e+00
     28.288    12.5524   3.713698    31.7377        581     2.4167  0.000e+00
     28.339    12.5526   3.713717    31.7377        582     2.4208  0.000e+00
     28.382    12.5532   3.713950    31.7394        583     2.4250  0.000e+00
     28.421    12.5542   3.713872    31.7378        584     2.4292  0.000e+00
     28.466    12.5545   3.712864    31.7280        585     2.4333  0.000e+00
     28.506    12.5494   3.712508    31.7289        586     2.4375  0.000e+00
     28.548    12.5430   3.712288    31.7322        587     2.4417  0.000e+00
     28.602    12.5382   3.712308    31.7364        588     2.4458  0.000e+00
     28.660    12.5352   3.712288    31.7387        589     2.4500  0.000e+00
     28.729    12.5342   3.712353    31.7402        590     2.4542  0.000e+00
     28.808    12.5338   3.712418    31.7411        591     2.4583  0.000e+00
     28.907    12.5339   3.712405    31.7408        592     2.4625  0.000e+00
     29.013    12.5340   3.712379    31.7404        593     2.4667  0.000e+00
     29.128    12.5339   3.712308    31.7398        594     2.4708  0.000e+00
     29.258    12.5334   3.712192    31.7390        595     2.4750  0.000e+00
     29.391    12.5323   3.712069    31.7388        596     2.4792  0.000e+00
     29.529    12.5310   3.712011    31.7392        597     2.4833  0.000e+00
     29.675    12.5296   3.711978    31.7401        598     2.4875  0.000e+00
     29.813    12.5287   3.711985    31.7408        599     2.4917  0.000e+00
     29.949    12.5284   3.711979    31.7410        600     2.4958  0.000e+00
     30.079    12.5280   3.711985    31.7414        601     2.5000  0.000e+00
     30.206    12.5280   3.711966    31.7411        602     2.5042  0.000e+00
     30.324    12.5278   3.711959    31.7411        603     2.5083  0.000e+00
     30.420    12.5276   3.712011    31.7418        604     2.5125  0.000e+00
     30.517    12.5276   3.712024    31.7418        605     2.5167  0.000e+00
     30.593    12.5279   3.712056    31.7419        606     2.5208  0.000e+00
     30.656    12.5282   3.712069    31.7417        607     2.5250  0.000e+00
     30.704    12.5285   3.712082    31.7416        608     2.5292  0.000e+00
     30.753    12.5287   3.712056    31.7411        609     2.5333  0.000e+00
     30.777    12.5288   3.712069    31.7412        610     2.5375  0.000e+00
     30.834    12.5289   3.712102    31.7414        611     2.5417  0.000e+00
     30.862    12.5290   3.712115    31.7414        612     2.5458  0.000e+00
     30.892    12.5292   3.712102    31.7411        613     2.5500  0.000e+00
     30.940    12.5293   3.712134    31.7413        614     2.5542  0.000e+00
     30.989    12.5293   3.712147    31.7414        615     2.5583  0.000e+00
     31.040    12.5299   3.712128    31.7407        616     2.5625  0.000e+00
     31.094    12.5299   3.712115    31.7405        617     2.5667  0.000e+00
     31.158    12.5297   3.712102    31.7406        618     2.5708  0.000e+00
     31.230    12.5295   3.712089    31.7406        619     2.5750  0.000e+00
     31.315    12.5296   3.712147    31.7410        620     2.5792  0.000e+00
     31.396    12.5297   3.712134    31.7407        621     2.5833  0.000e+00
     31.499    12.5296   3.712128    31.7408        622     2.5875  0.000e+00
     31.602    12.5297   3.712128    31.7407        623     2.5917  0.000e+00
     31.714    12.5296   3.712134    31.7407        624     2.5958  0.000e+00
     31.840    12.5295   3.712147    31.7409        625     2.6000  0.000e+00
