HB2302/sbe102.cnv
* Sea-Bird SBE 19plus V2 Data File:
* FileName = C:\cruise\data\sbe102.hex
* Software Version Seasave V 7.26.7.121
* Temperature SN = 4758
* Conductivity SN = 4758
* System UpLoad Time = Jun 17 2023 21:03:27
* NMEA Latitude = 41 33.67 N
* NMEA Longitude = 065 57.87 W
* NMEA UTC (Time) = Jun 17 2023 21:03:27
** Cruise: HB2302
** Program: Ecomon
** Chief Scientist: Jerry Prezioso
# nquan = 7
# nvalues = 3186                                  
# units = specified
# name 0 = depSM: Depth [salt water, m]
# name 1 = tv290C: Temperature [ITS-90, deg C]
# name 2 = c0S/m: Conductivity [S/m]
# name 3 = sal00: Salinity, Practical [PSU]
# name 4 = scan: Scan Count
# name 5 = timeM: Time, Elapsed [minutes]
# name 6 = flag:  0.000e+00
# span 0 =     -0.239,    144.363                 
# span 1 =    11.0675,    16.0881                 
# span 2 =   0.000148,   4.119997                 
# span 3 =     0.0084,    35.3394                 
# span 4 =         11,       3196                 
# span 5 =     0.0417,    13.3125                 
# span 6 = 0.0000e+00, 0.0000e+00                 
# interval = seconds: 0.25
# start_time = Jun 17 2023 21:03:27 [NMEA time, header]
# bad_flag = -9.990e-29
*END*
[from data line 1436]
    112.487    12.4570   4.071590    35.2181       1447     6.0250  0.000e+00
    112.424    12.4527   4.073262    35.2383       1448     6.0292  0.000e+00
    112.378    12.4539   4.073215    35.2368       1449     6.0333  0.000e+00
    112.318    12.4557   4.072476    35.2280       1450     6.0375  0.000e+00
    112.270    12.4549   4.072792    35.2318       1451     6.0417  0.000e+00
    112.219    12.4548   4.072866    35.2326       1452     6.0458  0.000e+00
    112.155    12.4549   4.072530    35.2293       1453     6.0500  0.000e+00
    112.095    12.4541   4.072328    35.2282       1454     6.0542  0.000e+00
    112.028    12.4535   4.073067    35.2359       1455     6.0583  0.000e+00
    111.944    12.4547   4.074222    35.2459       1456     6.0625  0.000e+00
    111.860    12.4585   4.072765    35.2284       1457     6.0667  0.000e+00
    111.769    12.4583   4.071637    35.2176       1458     6.0708  0.000e+00
    111.667    12.4545   4.070509    35.2104       1459     6.0750  0.000e+00
    111.555    12.4490   4.070442    35.2149       1460     6.0792  0.000e+00
    111.437    12.4453   4.070731    35.2212       1461     6.0833  0.000e+00
    111.323    12.4442   4.070308    35.2182       1462     6.0875  0.000e+00
    111.205    12.4423   4.067066    35.1887       1463     6.0917  0.000e+00
    111.106    12.4352   4.066617    35.1910       1464     6.0958  0.000e+00
    110.997    12.4289   4.065765    35.1888       1465     6.1000  0.000e+00
    110.912    12.4233   4.065450    35.1910       1466     6.1042  0.000e+00
    110.825    12.4199   4.066181    35.2013       1467     6.1083  0.000e+00
    110.765    12.4192   4.066644    35.2065       1468     6.1125  0.000e+00
    110.707    12.4203   4.066429    35.2034       1469     6.1167  0.000e+00
    110.659    12.4207   4.066134    35.2002       1470     6.1208  0.000e+00
    110.626    12.4203   4.066161    35.2009       1471     6.1250  0.000e+00
    110.608    12.4198   4.065175    35.1918       1472     6.1292  0.000e+00
    110.581    12.4178   4.064464    35.1867       1473     6.1333  0.000e+00
    110.560    12.4149   4.064242    35.1873       1474     6.1375  0.000e+00
    110.535    12.4124   4.064001    35.1874       1475     6.1417  0.000e+00
    110.514    12.4107   4.063853    35.1875       1476     6.1458  0.000e+00
    110.478    12.4095   4.064296    35.1930       1477     6.1500  0.000e+00
    110.436    12.4095   4.064564    35.1956       1478     6.1542  0.000e+00
    110.385    12.4105   4.064638    35.1954       1479     6.1583  0.000e+00
    110.315    12.4112   4.064564    35.1940       1480     6.1625  0.000e+00
    110.243    12.4116   4.064417    35.1923       1481     6.1667  0.000e+00
    110.164    12.4111   4.063363    35.1826       1482     6.1708  0.000e+00
    110.056    12.4090   4.062773    35.1789       1483     6.1750  0.000e+00
    109.956    12.4063   4.063189    35.1855       1484     6.1792  0.000e+00
    109.851    12.4053   4.063176    35.1864       1485     6.1833  0.000e+00
    109.742    12.4054   4.063216    35.1868       1486     6.1875  0.000e+00
    109.634    12.4055   4.063115    35.1857       1487     6.1917  0.000e+00
    109.528    12.4051   4.062968    35.1846       1488     6.1958  0.000e+00
    109.432    12.4046   4.062941    35.1850       1489     6.2000  0.000e+00
    109.344    12.4044   4.064242    35.1978       1490     6.2042  0.000e+00
    109.251    12.4066   4.064859    35.2017       1491     6.2083  0.000e+00
    109.172    12.4100   4.064611    35.1961       1492     6.2125  0.000e+00
    109.100    12.4117   4.066898    35.2167       1493     6.2167  0.000e+00
    109.033    12.4158   4.067214    35.2160       1494     6.2208  0.000e+00
    108.970    12.4202   4.067831    35.2178       1495     6.2250  0.000e+00
    108.907    12.4241   4.067978    35.2156       1496     6.2292  0.000e+00
    108.837    12.4261   4.066972    35.2040       1497     6.2333  0.000e+00
    108.774    12.4255   4.066502    35.2001       1498     6.2375  0.000e+00
    108.699    12.4231   4.063436    35.1727       1499     6.2417  0.000e+00
    108.623    12.4166   4.061250    35.1577       1500     6.2458  0.000e+00
    108.551    12.4073   4.060573    35.1599       1501     6.2500  0.000e+00
    108.469    12.4004   4.060882    35.1694       1502     6.2542  0.000e+00
    108.382    12.3968   4.061498    35.1788       1503     6.2583  0.000e+00
    108.300    12.3962   4.061425    35.1786       1504     6.2625  0.000e+00
    108.225    12.3966   4.061324    35.1774       1505     6.2667  0.000e+00
    108.141    12.3965   4.061277    35.1770       1506     6.2708  0.000e+00
    108.062    12.3963   4.061277    35.1772       1507     6.2750  0.000e+00
    107.993    12.3964   4.061619    35.1805       1508     6.2792  0.000e+00
    107.929    12.3973   4.063577    35.1986       1509     6.2833  0.000e+00
    107.872    12.4013   4.063618    35.1953       1510     6.2875  0.000e+00
    107.827    12.4042   4.061498    35.1720       1511     6.2917  0.000e+00
    107.794    12.4019   4.060908    35.1685       1512     6.2958  0.000e+00
    107.764    12.3982   4.060439    35.1675       1513     6.3000  0.000e+00
    107.724    12.3954   4.061418    35.1796       1514     6.3042  0.000e+00
    107.694    12.3954   4.062699    35.1920       1515     6.3083  0.000e+00
    107.658    12.3984   4.063336    35.1954       1516     6.3125  0.000e+00
    107.604    12.4024   4.065127    35.2089       1517     6.3167  0.000e+00
    107.555    12.4073   4.064577    35.1990       1518     6.3208  0.000e+00
    107.495    12.4104   4.063704    35.1877       1519     6.3250  0.000e+00
    107.420    12.4100   4.063604    35.1871       1520     6.3292  0.000e+00
    107.341    12.4091   4.063751    35.1895       1521     6.3333  0.000e+00
    107.263    12.4092   4.065616    35.2075       1522     6.3375  0.000e+00
    107.184    12.4121   4.065234    35.2011       1523     6.3417  0.000e+00
    107.103    12.4143   4.065153    35.1983       1524     6.3458  0.000e+00
    107.034    12.4148   4.064684    35.1933       1525     6.3500  0.000e+00
    106.967    12.4143   4.063899    35.1862       1526     6.3542  0.000e+00
    106.913    12.4120   4.062772    35.1775       1527     6.3583  0.000e+00
    106.856    12.4082   4.061960    35.1732       1528     6.3625  0.000e+00
    106.819    12.4046   4.063436    35.1909       1529     6.3667  0.000e+00
    106.768    12.4046   4.062966    35.1863       1530     6.3708  0.000e+00
    106.732    12.4049   4.062866    35.1852       1531     6.3750  0.000e+00
    106.684    12.4039   4.061913    35.1768       1532     6.3792  0.000e+00
    106.626    12.4024   4.061028    35.1697       1533     6.3833  0.000e+00
    106.569    12.3995   4.062866    35.1902       1534     6.3875  0.000e+00
    106.503    12.4005   4.062564    35.1864       1535     6.3917  0.000e+00
    106.427    12.4018   4.062430    35.1839       1536     6.3958  0.000e+00
    106.358    12.4017   4.061665    35.1767       1537     6.4000  0.000e+00
    106.270    12.4005   4.061692    35.1781       1538     6.4042  0.000e+00
    106.186    12.3995   4.061370    35.1760       1539     6.4083  0.000e+00
    106.105    12.3985   4.061203    35.1753       1540     6.4125  0.000e+00
    106.020    12.3971   4.061397    35.1785       1541     6.4167  0.000e+00
    105.939    12.3970   4.061296    35.1777       1542     6.4208  0.000e+00
    105.863    12.3966   4.060291    35.1683       1543     6.4250  0.000e+00
    105.785    12.3944   4.059566    35.1634       1544     6.4292  0.000e+00
    105.718    12.3914   4.058896    35.1598       1545     6.4333  0.000e+00
    105.649    12.3883   4.057890    35.1530       1546     6.4375  0.000e+00
    105.592    12.3841   4.057917    35.1572       1547     6.4417  0.000e+00
    105.528    12.3815   4.057817    35.1587       1548     6.4458  0.000e+00
    105.471    12.3800   4.057428    35.1564       1549     6.4500  0.000e+00
    105.414    12.3787   4.057549    35.1588       1550     6.4542  0.000e+00
    105.357    12.3778   4.057160    35.1559       1551     6.4583  0.000e+00
    105.296    12.3768   4.056764    35.1531       1552     6.4625  0.000e+00
    105.242    12.3753   4.056449    35.1514       1553     6.4667  0.000e+00
    105.185    12.3737   4.056201    35.1506       1554     6.4708  0.000e+00
    105.127    12.3722   4.056469    35.1545       1555     6.4750  0.000e+00
    105.085    12.3723   4.057012    35.1597       1556     6.4792  0.000e+00
    105.037    12.3734   4.057508    35.1635       1557     6.4833  0.000e+00
    104.983    12.3753   4.057327    35.1600       1558     6.4875  0.000e+00
    104.931    12.3752   4.054733    35.1350       1559     6.4917  0.000e+00
    104.880    12.3710   4.052656    35.1188       1560     6.4958  0.000e+00
    104.817    12.3632   4.051464    35.1147       1561     6.5000  0.000e+00
    104.744    12.3544   4.051089    35.1193       1562     6.5042  0.000e+00
    104.672    12.3492   4.049722    35.1110       1563     6.5083  0.000e+00
    104.581    12.3442   4.049722    35.1157       1564     6.5125  0.000e+00
    104.503    12.3419   4.049823    35.1188       1565     6.5167  0.000e+00
    104.409    12.3418   4.049783    35.1186       1566     6.5208  0.000e+00
    104.319    12.3418   4.049454    35.1155       1567     6.5250  0.000e+00
    104.234    12.3415   4.050017    35.1212       1568     6.5292  0.000e+00
    104.153    12.3418   4.050258    35.1233       1569     6.5333  0.000e+00
    104.069    12.3426   4.048918    35.1097       1570     6.5375  0.000e+00
    103.999    12.3404   4.047405    35.0971       1571     6.5417  0.000e+00
    103.936    12.3349   4.046206    35.0907       1572     6.5458  0.000e+00
    103.888    12.3289   4.046789    35.1019       1573     6.5500  0.000e+00
    103.845    12.3267   4.047941    35.1151       1574     6.5542  0.000e+00
    103.809    12.3290   4.048503    35.1185       1575     6.5583  0.000e+00
    103.785    12.3321   4.048805    35.1185       1576     6.5625  0.000e+00
    103.764    12.3344   4.048209    35.1106       1577     6.5667  0.000e+00
    103.758    12.3344   4.047157    35.1004       1578     6.5708  0.000e+00
    103.734    12.3317   4.047204    35.1034       1579     6.5750  0.000e+00
    103.710    12.3298   4.047325    35.1063       1580     6.5792  0.000e+00
    103.685    12.3291   4.047171    35.1055       1581     6.5833  0.000e+00
    103.652    12.3286   4.045985    35.0946       1582     6.5875  0.000e+00
    103.604    12.3255   4.046059    35.0981       1583     6.5917  0.000e+00
    103.562    12.3230   4.046447    35.1043       1584     6.5958  0.000e+00
    103.508    12.3230   4.046501    35.1048       1585     6.6000  0.000e+00
    103.444    12.3233   4.046006    35.0998       1586     6.6042  0.000e+00
    103.390    12.3225   4.045885    35.0993       1587     6.6083  0.000e+00
    103.333    12.3213   4.044814    35.0901       1588     6.6125  0.000e+00
    103.272    12.3182   4.044352    35.0886       1589     6.6167  0.000e+00
    103.203    12.3151   4.045544    35.1031       1590     6.6208  0.000e+00
    103.140    12.3149   4.042304    35.0719       1591     6.6250  0.000e+00
    103.070    12.3099   4.042960    35.0830       1592     6.6292  0.000e+00
    103.001    12.3044   4.038235    35.0424       1593     6.6333  0.000e+00
    102.916    12.2913   4.034483    35.0183       1594     6.6375  0.000e+00
    102.832    12.2716   4.034316    35.0351       1595     6.6417  0.000e+00
    102.747    12.2587   4.033032    35.0348       1596     6.6458  0.000e+00
    102.657    12.2485   4.030545    35.0202       1597     6.6500  0.000e+00
    102.557    12.2373   4.027658    35.0027       1598     6.6542  0.000e+00
    102.470    12.2232   4.025426    34.9942       1599     6.6583  0.000e+00
    102.379    12.2081   4.024818    35.0025       1600     6.6625  0.000e+00
    102.295    12.1988   4.025981    35.0226       1601     6.6667  0.000e+00
    102.210    12.1952   4.023509    35.0020       1602     6.6708  0.000e+00
    102.156    12.1886   4.021265    34.9863       1603     6.6750  0.000e+00
    102.096    12.1792   4.020770    34.9904       1604     6.6792  0.000e+00
    102.048    12.1714   4.019776    34.9880       1605     6.6833  0.000e+00
    102.014    12.1649   4.019462    34.9911       1606     6.6875  0.000e+00
    101.978    12.1600   4.019322    34.9943       1607     6.6917  0.000e+00
    101.942    12.1573   4.019175    34.9954       1608     6.6958  0.000e+00
    101.918    12.1554   4.019075    34.9963       1609     6.7000  0.000e+00
    101.879    12.1541   4.018233    34.9893       1610     6.7042  0.000e+00
    101.839    12.1515   4.017579    34.9854       1611     6.7083  0.000e+00
    101.791    12.1481   4.016972    34.9827       1612     6.7125  0.000e+00
    101.731    12.1440   4.015156    34.9689       1613     6.7167  0.000e+00
    101.662    12.1375   4.013200    34.9560       1614     6.7208  0.000e+00
    101.583    12.1289   4.012620    34.9584       1615     6.7250  0.000e+00
    101.493    12.1215   4.012500    34.9642       1616     6.7292  0.000e+00
    101.408    12.1173   4.012787    34.9710       1617     6.7333  0.000e+00
    101.330    12.1157   4.012507    34.9698       1618     6.7375  0.000e+00
    101.245    12.1148   4.012306    34.9687       1619     6.7417  0.000e+00
    101.188    12.1136   4.011893    34.9658       1620     6.7458  0.000e+00
    101.128    12.1118   4.011432    34.9631       1621     6.7500  0.000e+00
    101.070    12.1098   4.010999    34.9608       1622     6.7542  0.000e+00
    101.031    12.1071   4.010518    34.9586       1623     6.7583  0.000e+00
    100.998    12.1045   4.010638    34.9622       1624     6.7625  0.000e+00
    100.983    12.1029   4.010592    34.9632       1625     6.7667  0.000e+00
    100.971    12.1024   4.010505    34.9629       1626     6.7708  0.000e+00
    100.968    12.1021   4.010685    34.9649       1627     6.7750  0.000e+00
    100.971    12.1022   4.011146    34.9693       1628     6.7792  0.000e+00
    100.968    12.1034   4.010785    34.9647       1629     6.7833  0.000e+00
    100.962    12.1036   4.010879    34.9654       1630     6.7875  0.000e+00
    100.941    12.1036   4.010732    34.9640       1631     6.7917  0.000e+00
    100.904    12.1031   4.009965    34.9570       1632     6.7958  0.000e+00
    100.865    12.1009   4.008731    34.9471       1633     6.8000  0.000e+00
    100.808    12.0963   4.007790    34.9422       1634     6.8042  0.000e+00
    100.739    12.0909   4.007183    34.9415       1635     6.8083  0.000e+00
    100.648    12.0859   4.003136    34.9068       1636     6.8125  0.000e+00
    100.552    12.0744   4.002150    34.9079       1637     6.8167  0.000e+00
    100.437    12.0610   4.000004    34.8996       1638     6.8208  0.000e+00
    100.325    12.0483   4.000030    34.9118       1639     6.8250  0.000e+00
    100.205    12.0403   3.998678    34.9061       1640     6.8292  0.000e+00
    100.084    12.0335   3.998631    34.9121       1641     6.8333  0.000e+00
     99.954    12.0292   3.998418    34.9141       1642     6.8375  0.000e+00
     99.849    12.0264   3.996779    34.9008       1643     6.8417  0.000e+00
     99.743    12.0209   3.996446    34.9028       1644     6.8458  0.000e+00
     99.653    12.0164   3.996173    34.9044       1645     6.8500  0.000e+00
     99.577    12.0131   3.994734    34.8934       1646     6.8542  0.000e+00
     99.511    12.0080   3.993728    34.8884       1647     6.8583  0.000e+00
     99.469    12.0020   3.993222    34.8891       1648     6.8625  0.000e+00
     99.429    11.9968   3.992716    34.8890       1649     6.8667  0.000e+00
     99.408    11.9930   3.993056    34.8959       1650     6.8708  0.000e+00
     99.396    11.9914   3.993056    34.8974       1651     6.8750  0.000e+00
