HB2302/sbe106.cnv
* Sea-Bird SBE 19plus V2 Data File:
* FileName = C:\cruise\data\sbe106.hex
* Software Version Seasave V 7.26.7.121
* Temperature SN = 4758
* Conductivity SN = 4758
* System UpLoad Time = Jun 18 2023 09:41:15
* NMEA Latitude = 42 43.17 N
* NMEA Longitude = 065 29.60 W
* NMEA UTC (Time) = Jun 18 2023 09:41:15
** Cruise: HB2302
** Program: Ecomon
** Chief Scientist: Jerry Prezioso
# nquan = 7
# nvalues = 2257                                  
# units = specified
# name 0 = depSM: Depth [salt water, m]
# name 1 = tv290C: Temperature [ITS-90, deg C]
# name 2 = c0S/m: Conductivity [S/m]
# name 3 = sal00: Salinity, Practical [PSU]
# name 4 = scan: Scan Count
# name 5 = timeM: Time, Elapsed [minutes]
# name 6 = flag:  0.000e+00
# span 0 =     -0.204,     87.804                 
# span 1 =     3.5519,    11.3321                 
# span 2 =   0.000089,   3.519978                 
# span 3 =     0.0059,    33.1428                 
# span 4 =         11,       2267                 
# span 5 =     0.0417,     9.4417                 
# span 6 = 0.0000e+00, 0.0000e+00                 
# interval = seconds: 0.25
# start_time = Jun 18 2023 09:41:15 [NMEA time, header]
# bad_flag = -9.990e-29
*END*
[from data line 1231]
     46.475     5.0235   3.115606    32.2979       1242     5.1708  0.000e+00
     46.466     5.0236   3.115745    32.2994       1243     5.1750  0.000e+00
     46.447     5.0239   3.115745    32.2991       1244     5.1792  0.000e+00
     46.435     5.0242   3.115703    32.2983       1245     5.1833  0.000e+00
     46.402     5.0241   3.115721    32.2987       1246     5.1875  0.000e+00
     46.363     5.0242   3.115582    32.2970       1247     5.1917  0.000e+00
     46.294     5.0240   3.115328    32.2943       1248     5.1958  0.000e+00
     46.215     5.0230   3.114966    32.2912       1249     5.2000  0.000e+00
     46.125     5.0209   3.114610    32.2891       1250     5.2042  0.000e+00
     46.029     5.0183   3.113656    32.2808       1251     5.2083  0.000e+00
     45.929     5.0131   3.114175    32.2919       1252     5.2125  0.000e+00
     45.821     5.0113   3.113560    32.2866       1253     5.2167  0.000e+00
     45.715     5.0091   3.113161    32.2843       1254     5.2208  0.000e+00
     45.622     5.0056   3.112624    32.2815       1255     5.2250  0.000e+00
     45.528     5.0012   3.112166    32.2805       1256     5.2292  0.000e+00
     45.435     4.9967   3.111791    32.2806       1257     5.2333  0.000e+00
     45.347     4.9922   3.111852    32.2857       1258     5.2375  0.000e+00
     45.269     4.9900   3.111236    32.2809       1259     5.2417  0.000e+00
     45.200     4.9871   3.111073    32.2818       1260     5.2458  0.000e+00
     45.146     4.9843   3.111357    32.2879       1261     5.2500  0.000e+00
     45.088     4.9834   3.111019    32.2849       1262     5.2542  0.000e+00
     45.043     4.9822   3.111158    32.2876       1263     5.2583  0.000e+00
     44.998     4.9817   3.110898    32.2851       1264     5.2625  0.000e+00
     44.962     4.9810   3.110959    32.2865       1265     5.2667  0.000e+00
     44.926     4.9808   3.111019    32.2875       1266     5.2708  0.000e+00
     44.896     4.9810   3.111097    32.2881       1267     5.2750  0.000e+00
     44.853     4.9816   3.111116    32.2878       1268     5.2792  0.000e+00
     44.817     4.9823   3.111393    32.2904       1269     5.2833  0.000e+00
     44.772     4.9840   3.111888    32.2944       1270     5.2875  0.000e+00
     44.730     4.9874   3.112365    32.2966       1271     5.2917  0.000e+00
     44.676     4.9919   3.112425    32.2929       1272     5.2958  0.000e+00
     44.624     4.9954   3.112485    32.2903       1273     5.3000  0.000e+00
     44.561     4.9977   3.112443    32.2876       1274     5.3042  0.000e+00
     44.495     4.9987   3.112304    32.2850       1275     5.3083  0.000e+00
     44.422     4.9988   3.112147    32.2832       1276     5.3125  0.000e+00
     44.344     4.9981   3.111749    32.2794       1277     5.3167  0.000e+00
     44.266     4.9961   3.110681    32.2690       1278     5.3208  0.000e+00
     44.187     4.9912   3.110403    32.2706       1279     5.3250  0.000e+00
     44.112     4.9865   3.110126    32.2720       1280     5.3292  0.000e+00
     44.037     4.9828   3.109945    32.2736       1281     5.3333  0.000e+00
     43.961     4.9798   3.109215    32.2681       1282     5.3375  0.000e+00
     43.892     4.9761   3.108774    32.2668       1283     5.3417  0.000e+00
     43.817     4.9720   3.108787    32.2709       1284     5.3458  0.000e+00
     43.756     4.9693   3.108376    32.2689       1285     5.3500  0.000e+00
     43.690     4.9667   3.108063    32.2678       1286     5.3542  0.000e+00
     43.636     4.9637   3.106875    32.2570       1287     5.3583  0.000e+00
     43.582     4.9578   3.104752    32.2384       1288     5.3625  0.000e+00
     43.531     4.9461   3.104378    32.2454       1289     5.3667  0.000e+00
     43.473     4.9363   3.104336    32.2545       1290     5.3708  0.000e+00
     43.434     4.9306   3.104240    32.2590       1291     5.3750  0.000e+00
     43.383     4.9276   3.103902    32.2580       1292     5.3792  0.000e+00
     43.335     4.9264   3.104457    32.2656       1293     5.3833  0.000e+00
     43.283     4.9264   3.104222    32.2629       1294     5.3875  0.000e+00
     43.232     4.9261   3.104360    32.2648       1295     5.3917  0.000e+00
     43.169     4.9259   3.104258    32.2638       1296     5.3958  0.000e+00
     43.106     4.9259   3.104517    32.2669       1297     5.4000  0.000e+00
     43.030     4.9268   3.104614    32.2671       1298     5.4042  0.000e+00
     42.940     4.9280   3.104559    32.2654       1299     5.4083  0.000e+00
     42.853     4.9286   3.103980    32.2582       1300     5.4125  0.000e+00
     42.765     4.9274   3.103130    32.2497       1301     5.4167  0.000e+00
     42.672     4.9246   3.101913    32.2384       1302     5.4208  0.000e+00
     42.569     4.9192   3.100876    32.2318       1303     5.4250  0.000e+00
     42.476     4.9133   3.100677    32.2352       1304     5.4292  0.000e+00
     42.379     4.9104   3.100521    32.2363       1305     5.4333  0.000e+00
     42.295     4.9099   3.099117    32.2206       1306     5.4375  0.000e+00
     42.208     4.9066   3.098882    32.2212       1307     5.4417  0.000e+00
     42.135     4.9024   3.097954    32.2146       1308     5.4458  0.000e+00
     42.060     4.8975   3.096846    32.2067       1309     5.4500  0.000e+00
     42.000     4.8898   3.096039    32.2049       1310     5.4542  0.000e+00
     41.936     4.8814   3.095075    32.2019       1311     5.4583  0.000e+00
     41.888     4.8729   3.094322    32.2016       1312     5.4625  0.000e+00
     41.837     4.8651   3.093281    32.1971       1313     5.4667  0.000e+00
     41.795     4.8553   3.089380    32.1617       1314     5.4708  0.000e+00
     41.762     4.8346   3.086120    32.1442       1315     5.4750  0.000e+00
     41.732     4.8067   3.083558    32.1418       1316     5.4792  0.000e+00
     41.704     4.7782   3.083341    32.1669       1317     5.4833  0.000e+00
     41.677     4.7595   3.083227    32.1837       1318     5.4875  0.000e+00
     41.656     4.7497   3.083047    32.1911       1319     5.4917  0.000e+00
     41.638     4.7445   3.081322    32.1762       1320     5.4958  0.000e+00
     41.614     4.7365   3.080161    32.1706       1321     5.5000  0.000e+00
     41.587     4.7238   3.080144    32.1827       1322     5.5042  0.000e+00
     41.566     4.7178   3.081911    32.2090       1323     5.5083  0.000e+00
     41.533     4.7206   3.075264    32.1295       1324     5.5125  0.000e+00
     41.491     4.7003   3.073895    32.1333       1325     5.5167  0.000e+00
     41.442     4.6746   3.073402    32.1527       1326     5.5208  0.000e+00
     41.391     4.6604   3.068419    32.1087       1327     5.5250  0.000e+00
     41.331     4.6355   3.066529    32.1111       1328     5.5292  0.000e+00
     41.262     4.6052   3.055232    32.0096       1329     5.5333  0.000e+00
     41.195     4.5552   3.047979    31.9739       1330     5.5375  0.000e+00
     41.102     4.4891   3.041911    31.9675       1331     5.5417  0.000e+00
     41.021     4.4135   3.025190    31.8462       1332     5.5458  0.000e+00
     40.927     4.3117   3.015830    31.8355       1333     5.5500  0.000e+00
     40.819     4.2041   3.012975    31.9064       1334     5.5542  0.000e+00
     40.725     4.1288   3.007911    31.9203       1335     5.5583  0.000e+00
     40.620     4.0687   2.999142    31.8759       1336     5.5625  0.000e+00
     40.520     4.0046   2.995942    31.9007       1337     5.5667  0.000e+00
     40.427     3.9517   2.993474    31.9233       1338     5.5708  0.000e+00
     40.339     3.9126   2.990799    31.9299       1339     5.5750  0.000e+00
     40.264     3.8805   2.987769    31.9256       1340     5.5792  0.000e+00
     40.195     3.8491   2.986230    31.9381       1341     5.5833  0.000e+00
     40.135     3.8243   2.975717    31.8380       1342     5.5875  0.000e+00
     40.083     3.7786   2.970498    31.8209       1343     5.5917  0.000e+00
     40.029     3.7272   2.966302    31.8214       1344     5.5958  0.000e+00
     39.993     3.6783   2.964916    31.8528       1345     5.6000  0.000e+00
     39.960     3.6455   2.963655    31.8699       1346     5.6042  0.000e+00
     39.924     3.6291   2.964123    31.8915       1347     5.6083  0.000e+00
     39.884     3.6306   2.965296    31.9040       1348     5.6125  0.000e+00
     39.848     3.6423   2.965343    31.8931       1349     5.6167  0.000e+00
     39.809     3.6525   2.964940    31.8783       1350     5.6208  0.000e+00
     39.755     3.6587   2.964762    31.8702       1351     5.6250  0.000e+00
     39.698     3.6616   2.963844    31.8565       1352     5.6292  0.000e+00
     39.649     3.6603   2.962262    31.8390       1353     5.6333  0.000e+00
     39.580     3.6524   2.958680    31.8043       1354     5.6375  0.000e+00
     39.520     3.6342   2.957863    31.8124       1355     5.6417  0.000e+00
     39.457     3.6184   2.959563    31.8480       1356     5.6458  0.000e+00
     39.411     3.6184   2.960735    31.8620       1357     5.6500  0.000e+00
     39.372     3.6276   2.960930    31.8553       1358     5.6542  0.000e+00
     39.351     3.6364   2.961232    31.8504       1359     5.6583  0.000e+00
     39.324     3.6431   2.961380    31.8455       1360     5.6625  0.000e+00
     39.309     3.6479   2.961268    31.8395       1361     5.6667  0.000e+00
     39.297     3.6510   2.961191    31.8356       1362     5.6708  0.000e+00
     39.285     3.6524   2.961119    31.8334       1363     5.6750  0.000e+00
     39.282     3.6534   2.960971    31.8306       1364     5.6792  0.000e+00
     39.255     3.6541   2.960515    31.8246       1365     5.6833  0.000e+00
     39.237     3.6547   2.960575    31.8247       1366     5.6875  0.000e+00
     39.195     3.6556   2.960853    31.8271       1367     5.6917  0.000e+00
     39.134     3.6578   2.961492    31.8326       1368     5.6958  0.000e+00
     39.050     3.6635   2.965295    31.8722       1369     5.7000  0.000e+00
     38.957     3.6857   2.972550    31.9367       1370     5.7042  0.000e+00
     38.848     3.7352   2.977082    31.9419       1371     5.7083  0.000e+00
     38.722     3.7959   2.987900    32.0107       1372     5.7125  0.000e+00
     38.610     3.8806   3.006102    32.1429       1373     5.7167  0.000e+00
     38.508     4.0173   3.017687    32.1452       1374     5.7208  0.000e+00
     38.390     4.1651   3.023043    32.0635       1375     5.7250  0.000e+00
     38.300     4.2792   3.025095    31.9765       1376     5.7292  0.000e+00
     38.197     4.3533   3.024903    31.9025       1377     5.7333  0.000e+00
     38.110     4.3909   3.020254    31.8120       1378     5.7375  0.000e+00
     38.031     4.3953   3.017492    31.7757       1379     5.7417  0.000e+00
     37.953     4.3848   3.020546    31.8214       1380     5.7458  0.000e+00
     37.884     4.3905   3.021889    31.8315       1381     5.7500  0.000e+00
     37.820     4.4052   3.022599    31.8256       1382     5.7542  0.000e+00
     37.760     4.4191   3.022945    31.8163       1383     5.7583  0.000e+00
     37.727     4.4296   3.023136    31.8084       1384     5.7625  0.000e+00
     37.694     4.4382   3.023267    31.8016       1385     5.7667  0.000e+00
     37.679     4.4448   3.023249    31.7951       1386     5.7708  0.000e+00
     37.664     4.4494   3.023404    31.7925       1387     5.7750  0.000e+00
     37.661     4.4536   3.023768    31.7926       1388     5.7792  0.000e+00
     37.667     4.4582   3.024019    31.7911       1389     5.7833  0.000e+00
     37.676     4.4623   3.024383    31.7914       1390     5.7875  0.000e+00
     37.688     4.4663   3.024616    31.7903       1391     5.7917  0.000e+00
     37.685     4.4699   3.024460    31.7850       1392     5.7958  0.000e+00
     37.688     4.4714   3.024669    31.7860       1393     5.8000  0.000e+00
     37.676     4.4727   3.025213    31.7911       1394     5.8042  0.000e+00
     37.661     4.4761   3.025881    31.7956       1395     5.8083  0.000e+00
     37.637     4.4816   3.026789    31.8008       1396     5.8125  0.000e+00
     37.595     4.4900   3.027266    31.7983       1397     5.8167  0.000e+00
     37.544     4.4989   3.026747    31.7837       1398     5.8208  0.000e+00
     37.471     4.5040   3.026054    31.7708       1399     5.8250  0.000e+00
     37.393     4.5051   3.025845    31.7673       1400     5.8292  0.000e+00
     37.309     4.5053   3.025803    31.7667       1401     5.8333  0.000e+00
     37.206     4.5067   3.026520    31.7737       1402     5.8375  0.000e+00
     37.107     4.5126   3.028174    31.7873       1403     5.8417  0.000e+00
     37.013     4.5272   3.030115    31.7958       1404     5.8458  0.000e+00
     36.911     4.5474   3.030132    31.7766       1405     5.8500  0.000e+00
     36.817     4.5631   3.029517    31.7545       1406     5.8542  0.000e+00
     36.715     4.5691   3.029559    31.7492       1407     5.8583  0.000e+00
     36.618     4.5720   3.029959    31.7511       1408     5.8625  0.000e+00
     36.534     4.5761   3.030783    31.7568       1409     5.8667  0.000e+00
     36.441     4.5854   3.031828    31.7600       1410     5.8708  0.000e+00
     36.359     4.5991   3.032366    31.7532       1411     5.8750  0.000e+00
     36.284     4.6115   3.032468    31.7425       1412     5.8792  0.000e+00
     36.212     4.6200   3.032593    31.7358       1413     5.8833  0.000e+00
     36.151     4.6259   3.033023    31.7351       1414     5.8875  0.000e+00
     36.091     4.6311   3.033603    31.7369       1415     5.8917  0.000e+00
     36.046     4.6370   3.033913    31.7348       1416     5.8958  0.000e+00
     36.010     4.6429   3.034015    31.7304       1417     5.9000  0.000e+00
     35.967     4.6472   3.033836    31.7242       1418     5.9042  0.000e+00
     35.943     4.6499   3.033716    31.7202       1419     5.9083  0.000e+00
     35.913     4.6511   3.033620    31.7180       1420     5.9125  0.000e+00
     35.889     4.6516   3.033543    31.7167       1421     5.9167  0.000e+00
     35.871     4.6516   3.033507    31.7162       1422     5.9208  0.000e+00
     35.853     4.6514   3.033411    31.7153       1423     5.9250  0.000e+00
     35.832     4.6513   3.033196    31.7129       1424     5.9292  0.000e+00
     35.814     4.6510   3.032987    31.7108       1425     5.9333  0.000e+00
     35.793     4.6508   3.032796    31.7088       1426     5.9375  0.000e+00
     35.766     4.6506   3.032640    31.7073       1427     5.9417  0.000e+00
     35.736     4.6502   3.032467    31.7056       1428     5.9458  0.000e+00
     35.703     4.6496   3.032312    31.7045       1429     5.9500  0.000e+00
     35.655     4.6486   3.031672    31.6981       1430     5.9542  0.000e+00
     35.600     4.6470   3.031290    31.6951       1431     5.9583  0.000e+00
     35.531     4.6451   3.030979    31.6934       1432     5.9625  0.000e+00
     35.459     4.6437   3.030424    31.6883       1433     5.9667  0.000e+00
     35.383     4.6418   3.029558    31.6802       1434     5.9708  0.000e+00
     35.296     4.6384   3.028787    31.6746       1435     5.9750  0.000e+00
     35.206     4.6335   3.026518    31.6531       1436     5.9792  0.000e+00
     35.127     4.6267   3.024691    31.6386       1437     5.9833  0.000e+00
     35.043     4.6178   3.024303    31.6426       1438     5.9875  0.000e+00
     34.968     4.6117   3.023515    31.6394       1439     5.9917  0.000e+00
     34.889     4.6084   3.022769    31.6339       1440     5.9958  0.000e+00
     34.829     4.6044   3.022578    31.6355       1441     6.0000  0.000e+00
     34.769     4.6005   3.019845    31.6077       1442     6.0042  0.000e+00
     34.706     4.5916   3.018795    31.6041       1443     6.0083  0.000e+00
     34.648     4.5813   3.017609    31.6003       1444     6.0125  0.000e+00
     34.606     4.5719   3.017376    31.6066       1445     6.0167  0.000e+00
