HB2302/sbe169.cnv
* Sea-Bird SBE 19plus V2 Data File:
* FileName = C:\cruise\data\sbe169.hex
* Software Version Seasave V 7.26.7.121
* Temperature SN = 4758
* Conductivity SN = 4758
* System UpLoad Time = Jun 24 2023 01:35:46
* NMEA Latitude = 40 18.54 N
* NMEA Longitude = 068 31.04 W
* NMEA UTC (Time) = Jun 24 2023 01:35:45
** Cruise: HB2302
** Program: Ecomon
** Chief Scientist: Jerry Prezioso
# nquan = 7
# nvalues = 2431                                  
# units = specified
# name 0 = depSM: Depth [salt water, m]
# name 1 = tv290C: Temperature [ITS-90, deg C]
# name 2 = c0S/m: Conductivity [S/m]
# name 3 = sal00: Salinity, Practical [PSU]
# name 4 = scan: Scan Count
# name 5 = timeM: Time, Elapsed [minutes]
# name 6 = flag:  0.000e+00
# span 0 =     -0.050,    110.998                 
# span 1 =     7.8462,    17.5720                 
# span 2 =   0.000286,   4.288650                 
# span 3 =     0.0094,    33.8908                 
# span 4 =         11,       2441                 
# span 5 =     0.0417,    10.1667                 
# span 6 = 0.0000e+00, 0.0000e+00                 
# interval = seconds: 0.25
# start_time = Jun 24 2023 01:35:45 [NMEA time, header]
# bad_flag = -9.990e-29
*END*
[from data line 2257]
      7.904    13.9149   3.884876    32.2039       2268     9.4458  0.000e+00
      7.847    13.9194   3.884948    32.2009       2269     9.4500  0.000e+00
      7.780    13.9222   3.885152    32.2005       2270     9.4542  0.000e+00
      7.714    13.9245   3.885297    32.1999       2271     9.4583  0.000e+00
      7.660    13.9258   3.885343    32.1992       2272     9.4625  0.000e+00
      7.599    13.9273   3.885316    32.1978       2273     9.4667  0.000e+00
      7.533    13.9277   3.885363    32.1978       2274     9.4708  0.000e+00
      7.470    13.9281   3.885363    32.1976       2275     9.4750  0.000e+00
      7.406    13.9283   3.885494    32.1986       2276     9.4792  0.000e+00
      7.337    13.9290   3.885665    32.1997       2277     9.4833  0.000e+00
      7.267    13.9298   3.885784    32.2001       2278     9.4875  0.000e+00
      7.192    13.9312   3.886436    32.2050       2279     9.4917  0.000e+00
      7.117    13.9344   3.887622    32.2133       2280     9.4958  0.000e+00
      7.038    13.9412   3.888247    32.2134       2281     9.5000  0.000e+00
      6.954    13.9488   3.888300    32.2076       2282     9.5042  0.000e+00
      6.860    13.9538   3.888484    32.2051       2283     9.5083  0.000e+00
      6.775    13.9575   3.889064    32.2074       2284     9.5125  0.000e+00
      6.673    13.9617   3.889505    32.2079       2285     9.5167  0.000e+00
      6.573    13.9662   3.890368    32.2122       2286     9.5208  0.000e+00
      6.471    13.9727   3.891976    32.2216       2287     9.5250  0.000e+00
      6.362    13.9838   3.893466    32.2261       2288     9.5292  0.000e+00
      6.256    13.9979   3.894560    32.2244       2289     9.5333  0.000e+00
      6.157    14.0121   3.895588    32.2221       2290     9.5375  0.000e+00
      6.051    14.0253   3.896636    32.2207       2291     9.5417  0.000e+00
      5.970    14.0379   3.897823    32.2211       2292     9.5458  0.000e+00
      5.897    14.0507   3.898528    32.2169       2293     9.5500  0.000e+00
      5.840    14.0618   3.898713    32.2094       2294     9.5542  0.000e+00
      5.806    14.0696   3.898897    32.2045       2295     9.5583  0.000e+00
      5.782    14.0747   3.899141    32.2025       2296     9.5625  0.000e+00
      5.767    14.0780   3.899227    32.2006       2297     9.5667  0.000e+00
      5.764    14.0804   3.899201    32.1983       2298     9.5708  0.000e+00
      5.752    14.0815   3.898989    32.1955       2299     9.5750  0.000e+00
      5.746    14.0812   3.898831    32.1943       2300     9.5792  0.000e+00
      5.740    14.0797   3.898686    32.1942       2301     9.5833  0.000e+00
      5.725    14.0783   3.898666    32.1951       2302     9.5875  0.000e+00
      5.707    14.0771   3.898844    32.1978       2303     9.5917  0.000e+00
      5.670    14.0772   3.899392    32.2028       2304     9.5958  0.000e+00
      5.610    14.0798   3.900440    32.2103       2305     9.6000  0.000e+00
      5.529    14.0858   3.901120    32.2115       2306     9.6042  0.000e+00
      5.438    14.0932   3.901819    32.2119       2307     9.6083  0.000e+00
      5.344    14.1013   3.902452    32.2110       2308     9.6125  0.000e+00
      5.242    14.1086   3.902564    32.2059       2309     9.6167  0.000e+00
      5.130    14.1144   3.903686    32.2114       2310     9.6208  0.000e+00
      5.021    14.1225   3.905547    32.2218       2311     9.6250  0.000e+00
      4.916    14.1365   3.904880    32.2040       2312     9.6292  0.000e+00
      4.816    14.1469   3.904926    32.1957       2313     9.6333  0.000e+00
      4.723    14.1529   3.905111    32.1925       2314     9.6375  0.000e+00
      4.635    14.1562   3.905137    32.1900       2315     9.6417  0.000e+00
      4.557    14.1589   3.906351    32.1990       2316     9.6458  0.000e+00
      4.481    14.1650   3.906562    32.1958       2317     9.6500  0.000e+00
      4.412    14.1709   3.906655    32.1917       2318     9.6542  0.000e+00
      4.339    14.1747   3.906476    32.1870       2319     9.6583  0.000e+00
      4.294    14.1764   3.906866    32.1892       2320     9.6625  0.000e+00
      4.243    14.1791   3.907150    32.1895       2321     9.6667  0.000e+00
      4.206    14.1836   3.907288    32.1870       2322     9.6708  0.000e+00
      4.182    14.1877   3.907242    32.1832       2323     9.6750  0.000e+00
      4.161    14.1895   3.907103    32.1804       2324     9.6792  0.000e+00
      4.143    14.1891   3.907169    32.1814       2325     9.6833  0.000e+00
      4.131    14.1891   3.907526    32.1847       2326     9.6875  0.000e+00
      4.122    14.1915   3.907631    32.1836       2327     9.6917  0.000e+00
      4.094    14.1944   3.908106    32.1856       2328     9.6958  0.000e+00
      4.073    14.1978   3.908410    32.1855       2329     9.7000  0.000e+00
      4.046    14.2015   3.908436    32.1827       2330     9.7042  0.000e+00
      4.001    14.2045   3.910146    32.1959       2331     9.7083  0.000e+00
      3.952    14.2137   3.914743    32.2304       2332     9.7125  0.000e+00
      3.886    14.2381   3.918330    32.2430       2333     9.7167  0.000e+00
      3.804    14.2750   3.935190    32.3667       2334     9.7208  0.000e+00
      3.723    14.3579   3.947344    32.4086       2335     9.7250  0.000e+00
      3.641    14.4707   3.949385    32.3329       2336     9.7292  0.000e+00
      3.557    14.5550   3.950756    32.2752       2337     9.7333  0.000e+00
      3.460    14.6073   3.952274    32.2456       2338     9.7375  0.000e+00
      3.361    14.6409   3.952824    32.2227       2339     9.7417  0.000e+00
      3.276    14.6614   3.952843    32.2060       2340     9.7458  0.000e+00
      3.191    14.6728   3.953387    32.2015       2341     9.7500  0.000e+00
      3.128    14.6801   3.954388    32.2046       2342     9.7542  0.000e+00
      3.068    14.6883   3.956405    32.2161       2343     9.7583  0.000e+00
      3.037    14.7007   3.956690    32.2084       2344     9.7625  0.000e+00
      3.010    14.7113   3.958236    32.2137       2345     9.7667  0.000e+00
      3.004    14.7214   3.956358    32.1883       2346     9.7708  0.000e+00
      3.007    14.7220   3.956000    32.1845       2347     9.7750  0.000e+00
      3.010    14.7190   3.957639    32.2019       2348     9.7792  0.000e+00
      2.998    14.7233   3.959636    32.2165       2349     9.7833  0.000e+00
      2.992    14.7351   3.960970    32.2188       2350     9.7875  0.000e+00
      2.983    14.7478   3.960970    32.2082       2351     9.7917  0.000e+00
      2.955    14.7569   3.961541    32.2060       2352     9.7958  0.000e+00
      2.907    14.7634   3.963519    32.2184       2353     9.8000  0.000e+00
      2.850    14.7748   3.965444    32.2265       2354     9.8042  0.000e+00
      2.798    14.7902   3.965398    32.2134       2355     9.8083  0.000e+00
      2.726    14.8006   3.966135    32.2115       2356     9.8125  0.000e+00
      2.635    14.8089   3.967018    32.2126       2357     9.8167  0.000e+00
      2.545    14.8169   3.967277    32.2084       2358     9.8208  0.000e+00
      2.448    14.8237   3.968545    32.2143       2359     9.8250  0.000e+00
      2.364    14.8322   3.970140    32.2217       2360     9.8292  0.000e+00
      2.273    14.8439   3.971236    32.2220       2361     9.8333  0.000e+00
      2.188    14.8569   3.974366    32.2396       2362     9.8375  0.000e+00
      2.104    14.8764   3.977929    32.2557       2363     9.8417  0.000e+00
      2.031    14.9041   3.979863    32.2503       2364     9.8458  0.000e+00
      1.956    14.9306   3.981160    32.2401       2365     9.8500  0.000e+00
      1.898    14.9527   3.981898    32.2285       2366     9.8542  0.000e+00
      1.862    14.9678   3.981971    32.2168       2367     9.8583  0.000e+00
      1.832    14.9777   3.982856    32.2166       2368     9.8625  0.000e+00
      1.829    14.9858   3.983574    32.2164       2369     9.8667  0.000e+00
      1.826    14.9937   3.983980    32.2136       2370     9.8708  0.000e+00
      1.829    14.9998   3.981731    32.1882       2371     9.8750  0.000e+00
      1.825    14.9950   3.979483    32.1719       2372     9.8792  0.000e+00
      1.828    14.9810   3.980534    32.1929       2373     9.8833  0.000e+00
      1.813    14.9757   3.983195    32.2213       2374     9.8875  0.000e+00
      1.789    14.9833   3.983567    32.2184       2375     9.8917  0.000e+00
      1.765    14.9924   3.984751    32.2216       2376     9.8958  0.000e+00
      1.728    15.0023   3.986475    32.2290       2377     9.9000  0.000e+00
      1.671    15.0157   3.987939    32.2311       2378     9.9042  0.000e+00
      1.614    15.0298   3.988944    32.2286       2379     9.9083  0.000e+00
      1.547    15.0432   3.991846    32.2436       2380     9.9125  0.000e+00
      1.472    15.0619   3.994057    32.2482       2381     9.9167  0.000e+00
      1.381    15.0858   3.994996    32.2370       2382     9.9208  0.000e+00
      1.290    15.1034   3.996581    32.2367       2383     9.9250  0.000e+00
      1.203    15.1196   3.997254    32.2295       2384     9.9292  0.000e+00
      1.118    15.1345   4.000745    32.2486       2385     9.9333  0.000e+00
      1.010    15.1538   4.000818    32.2334       2386     9.9375  0.000e+00
      0.928    15.1688   4.002117    32.2328       2387     9.9417  0.000e+00
      0.844    15.1831   4.002344    32.2231       2388     9.9458  0.000e+00
      0.753    15.1928   4.003297    32.2237       2389     9.9500  0.000e+00
      0.671    15.2017   4.005084    32.2324       2390     9.9542  0.000e+00
      0.605    15.2138   4.006190    32.2324       2391     9.9583  0.000e+00
      0.557    15.2269   4.005490    32.2154       2392     9.9625  0.000e+00
      0.541    15.2336   4.005903    32.2136       2393     9.9667  0.000e+00
      0.550    15.2369   4.005537    32.2076       2394     9.9708  0.000e+00
      0.599    15.2378   4.005657    32.2079       2395     9.9750  0.000e+00
      0.671    15.2378   4.005343    32.2051       2396     9.9792  0.000e+00
      0.734    15.2368   4.005677    32.2088       2397     9.9833  0.000e+00
      0.782    15.2369   4.005370    32.2060       2398     9.9875  0.000e+00
      0.825    15.2360   4.004743    32.2011       2399     9.9917  0.000e+00
      0.840    15.2330   4.005297    32.2085       2400     9.9958  0.000e+00
      0.815    15.2324   4.005203    32.2082       2401    10.0000  0.000e+00
      0.761    15.2322   4.005997    32.2155       2402    10.0042  0.000e+00
      0.673    15.2347   4.006070    32.2142       2403    10.0083  0.000e+00
      0.535    15.2374   4.006090    32.2122       2404    10.0125  0.000e+00
      0.362    15.2392   4.006190    32.2116       2405    10.0167  0.000e+00
      0.181    15.2406   4.006303    32.2116       2406    10.0208  0.000e+00
      0.046    15.2424   2.363613    17.9906       2407    10.0250  0.000e+00
      0.003    15.2526   0.695335     4.7853       2408    10.0292  0.000e+00
     -0.006    15.2934   0.406085     2.6927       2409    10.0333  0.000e+00
     -0.003    15.3390   0.302856     1.9703       2410    10.0375  0.000e+00
     -0.003    15.3657   0.263488     1.6993       2411    10.0417  0.000e+00
     -0.003    15.3659   0.236242     1.5143       2412    10.0458  0.000e+00
     -0.009    15.3582   0.219947     1.4047       2413    10.0500  0.000e+00
     -0.006    15.3479   0.208579     1.3286       2414    10.0542  0.000e+00
     -0.009    15.3373   0.196837     1.2503       2415    10.0583  0.000e+00
     -0.007    15.3265   0.184771     1.1701       2416    10.0625  0.000e+00
     -0.001    15.3132   0.173230     1.0938       2417    10.0667  0.000e+00
      0.002    15.3030   0.164528     1.0364       2418    10.0708  0.000e+00
     -0.007    15.2965   0.154895     0.9730       2419    10.0750  0.000e+00
     -0.004    15.2871   0.145002     0.9081       2420    10.0792  0.000e+00
     -0.010    15.2759   0.135297     0.8448       2421    10.0833  0.000e+00
     -0.007    15.2638   0.132983     0.8299       2422    10.0875  0.000e+00
     -0.007    15.2458   0.126028     0.7849       2423    10.0917  0.000e+00
     -0.004    15.2244   0.126842     0.7906       2424    10.0958  0.000e+00
     -0.001    15.2026   0.126050     0.7859       2425    10.1000  0.000e+00
      0.002    15.1822   0.123853     0.7719       2426    10.1042  0.000e+00
     -0.005    15.1626   0.118462     0.7372       2427    10.1083  0.000e+00
      0.001    15.1451   0.111268     0.6908       2428    10.1125  0.000e+00
     -0.005    15.1309   0.104685     0.6484       2429    10.1167  0.000e+00
     -0.005    15.1191   0.100260     0.6200       2430    10.1208  0.000e+00
      0.001    15.1131   0.095965     0.5925       2431    10.1250  0.000e+00
     -0.008    15.1116   0.090070     0.5546       2432    10.1292  0.000e+00
     -0.005    15.1060   0.085135     0.5231       2433    10.1333  0.000e+00
     -0.005    15.0976   0.081645     0.5009       2434    10.1375  0.000e+00
      0.004    15.0901   0.078223     0.4792       2435    10.1417  0.000e+00
     -0.002    15.0886   0.075274     0.4605       2436    10.1458  0.000e+00
      0.000    15.0868   0.073185     0.4473       2437    10.1500  0.000e+00
      0.000    15.0798   0.071537     0.4369       2438    10.1542  0.000e+00
     -0.006    15.0695   0.070205     0.4286       2439    10.1583  0.000e+00
      0.003    15.0572   0.069235     0.4226       2440    10.1625  0.000e+00
      0.000    15.0430   0.069590     0.4250       2441    10.1667  0.000e+00
