HB2302/sbe173.cnv
* Sea-Bird SBE 19plus V2 Data File:
* FileName = C:\cruise\data\sbe173.hex
* Software Version Seasave V 7.26.7.121
* Temperature SN = 4758
* Conductivity SN = 4758
* System UpLoad Time = Jun 24 2023 13:49:26
* NMEA Latitude = 39 49.24 N
* NMEA Longitude = 068 58.16 W
* NMEA UTC (Time) = Jun 24 2023 13:49:25
** Cruise: HB2302
** Program: Ecomon
** Chief Scientist: Jerry Prezioso
# nquan = 7
# nvalues = 3902                                  
# units = specified
# name 0 = depSM: Depth [salt water, m]
# name 1 = tv290C: Temperature [ITS-90, deg C]
# name 2 = c0S/m: Conductivity [S/m]
# name 3 = sal00: Salinity, Practical [PSU]
# name 4 = scan: Scan Count
# name 5 = timeM: Time, Elapsed [minutes]
# name 6 = flag:  0.000e+00
# span 0 =     -0.077,     11.528                 
# span 1 =    21.5277,    28.0257                 
# span 2 =   0.000528,   5.789075                 
# span 3 =     0.0134,    38.8126                 
# span 4 =         11,       3912                 
# span 5 =     0.0417,    16.2958                 
# span 6 = 0.0000e+00, 0.0000e+00                 
# interval = seconds: 0.25
# start_time = Jun 24 2023 13:49:25 [NMEA time, header]
# bad_flag = -9.990e-29
*END*
[from data line 1642]
      9.187    21.6814   4.924474    34.6881       1653     6.8833  0.000e+00
      9.206    21.6805   4.926051    34.7013       1654     6.8875  0.000e+00
      9.190    21.6824   4.926735    34.7051       1655     6.8917  0.000e+00
      9.151    21.6845   4.926109    34.6985       1656     6.8958  0.000e+00
      9.100    21.6848   4.924976    34.6893       1657     6.9000  0.000e+00
      9.054    21.6832   4.924183    34.6844       1658     6.9042  0.000e+00
      8.997    21.6805   4.923900    34.6843       1659     6.9083  0.000e+00
      8.934    21.6784   4.924271    34.6889       1660     6.9125  0.000e+00
      8.879    21.6774   4.924176    34.6890       1661     6.9167  0.000e+00
      8.834    21.6770   4.923900    34.6872       1662     6.9208  0.000e+00
      8.813    21.6764   4.923558    34.6850       1663     6.9250  0.000e+00
      8.807    21.6754   4.923471    34.6850       1664     6.9292  0.000e+00
      8.819    21.6741   4.922875    34.6814       1665     6.9333  0.000e+00
      8.849    21.6728   4.922592    34.6802       1666     6.9375  0.000e+00
      8.894    21.6713   4.922650    34.6819       1667     6.9417  0.000e+00
      8.946    21.6706   4.922621    34.6822       1668     6.9458  0.000e+00
      9.018    21.6703   4.922440    34.6809       1669     6.9500  0.000e+00
      9.085    21.6699   4.922142    34.6789       1670     6.9542  0.000e+00
      9.148    21.6693   4.922454    34.6819       1671     6.9583  0.000e+00
      9.203    21.6695   4.923472    34.6897       1672     6.9625  0.000e+00
      9.248    21.6710   4.923304    34.6872       1673     6.9667  0.000e+00
      9.284    21.6721   4.924634    34.6968       1674     6.9708  0.000e+00
      9.306    21.6739   4.925943    34.7057       1675     6.9750  0.000e+00
      9.300    21.6774   4.926735    34.7091       1676     6.9792  0.000e+00
      9.282    21.6812   4.929090    34.7247       1677     6.9833  0.000e+00
      9.239    21.6864   4.927716    34.7097       1678     6.9875  0.000e+00
      9.185    21.6881   4.925855    34.6936       1679     6.9917  0.000e+00
      9.112    21.6858   4.925513    34.6928       1680     6.9958  0.000e+00
      9.046    21.6833   4.925630    34.6957       1681     7.0000  0.000e+00
      8.979    21.6817   4.924867    34.6910       1682     7.0042  0.000e+00
      8.934    21.6800   4.922570    34.6742       1683     7.0083  0.000e+00
      8.913    21.6754   4.921662    34.6708       1684     7.0125  0.000e+00
      8.907    21.6709   4.922287    34.6793       1685     7.0167  0.000e+00
      8.925    21.6696   4.924780    34.7000       1686     7.0208  0.000e+00
      8.964    21.6724   4.925201    34.7012       1687     7.0250  0.000e+00
      9.016    21.6757   4.925884    34.7038       1688     7.0292  0.000e+00
      9.076    21.6785   4.925375    34.6975       1689     7.0333  0.000e+00
      9.143    21.6797   4.924867    34.6925       1690     7.0375  0.000e+00
      9.197    21.6792   4.924583    34.6907       1691     7.0417  0.000e+00
      9.252    21.6784   4.924918    34.6940       1692     7.0458  0.000e+00
      9.285    21.6780   4.924155    34.6883       1693     7.0500  0.000e+00
      9.312    21.6770   4.923144    34.6810       1694     7.0542  0.000e+00
      9.327    21.6748   4.923588    34.6863       1695     7.0583  0.000e+00
      9.321    21.6739   4.924838    34.6969       1696     7.0625  0.000e+00
      9.297    21.6752   4.924554    34.6937       1697     7.0667  0.000e+00
      9.261    21.6755   4.924067    34.6895       1698     7.0708  0.000e+00
      9.215    21.6753   4.923755    34.6873       1699     7.0750  0.000e+00
      9.179    21.6744   4.921771    34.6723       1700     7.0792  0.000e+00
      9.158    21.6714   4.919562    34.6573       1701     7.0833  0.000e+00
      9.155    21.6664   4.920187    34.6663       1702     7.0875  0.000e+00
      9.179    21.6641   4.923007    34.6904       1703     7.0917  0.000e+00
      9.222    21.6666   4.923726    34.6941       1704     7.0958  0.000e+00
      9.282    21.6689   4.922004    34.6786       1705     7.1000  0.000e+00
      9.352    21.6688   4.920529    34.6670       1706     7.1042  0.000e+00
      9.433    21.6667   4.919112    34.6574       1707     7.1083  0.000e+00
      9.506    21.6631   4.918037    34.6518       1708     7.1125  0.000e+00
      9.584    21.6596   4.922113    34.6868       1709     7.1167  0.000e+00
      9.672    21.6616   4.921830    34.6829       1710     7.1208  0.000e+00
      9.736    21.6640   4.919192    34.6601       1711     7.1250  0.000e+00
      9.796    21.6623   4.918451    34.6556       1712     7.1292  0.000e+00
      9.835    21.6594   4.917326    34.6490       1713     7.1333  0.000e+00
      9.863    21.6562   4.917500    34.6529       1714     7.1375  0.000e+00
      9.863    21.6539   4.915546    34.6393       1715     7.1417  0.000e+00
      9.838    21.6509   4.914893    34.6366       1716     7.1458  0.000e+00
      9.805    21.6483   4.919251    34.6732       1717     7.1500  0.000e+00
      9.775    21.6513   4.919142    34.6699       1718     7.1542  0.000e+00
      9.745    21.6546   4.918176    34.6596       1719     7.1583  0.000e+00
      9.727    21.6547   4.915939    34.6419       1720     7.1625  0.000e+00
      9.702    21.6519   4.916796    34.6509       1721     7.1667  0.000e+00
      9.693    21.6509   4.919759    34.6751       1722     7.1708  0.000e+00
      9.712    21.6539   4.918909    34.6660       1723     7.1750  0.000e+00
      9.739    21.6554   4.918517    34.6616       1724     7.1792  0.000e+00
      9.781    21.6556   4.917297    34.6518       1725     7.1833  0.000e+00
      9.833    21.6543   4.917921    34.6578       1726     7.1875  0.000e+00
      9.905    21.6541   4.919425    34.6699       1727     7.1917  0.000e+00
      9.984    21.6556   4.921263    34.6831       1728     7.1958  0.000e+00
     10.077    21.6597   4.922680    34.6910       1729     7.2000  0.000e+00
     10.159    21.6639   4.923174    34.6915       1730     7.2042  0.000e+00
     10.253    21.6673   4.923617    34.6922       1731     7.2083  0.000e+00
     10.325    21.6699   4.925405    34.7043       1732     7.2125  0.000e+00
     10.389    21.6742   4.929549    34.7336       1733     7.2167  0.000e+00
     10.437    21.6821   4.932334    34.7492       1734     7.2208  0.000e+00
     10.480    21.6919   4.932130    34.7397       1735     7.2250  0.000e+00
     10.489    21.6985   4.932188    34.7349       1736     7.2292  0.000e+00
     10.507    21.7019   4.932188    34.7321       1737     7.2333  0.000e+00
     10.504    21.7034   4.931279    34.7237       1738     7.2375  0.000e+00
     10.501    21.7028   4.931963    34.7296       1739     7.2417  0.000e+00
     10.477    21.7031   4.931904    34.7289       1740     7.2458  0.000e+00
     10.450    21.7032   4.934515    34.7494       1741     7.2500  0.000e+00
     10.404    21.7070   4.935599    34.7550       1742     7.2542  0.000e+00
     10.356    21.7113   4.930908    34.7145       1743     7.2583  0.000e+00
     10.310    21.7079   4.929745    34.7080       1744     7.2625  0.000e+00
     10.271    21.7023   4.929781    34.7129       1745     7.2667  0.000e+00
     10.262    21.6987   4.930370    34.7204       1746     7.2708  0.000e+00
     10.253    21.6977   4.933410    34.7452       1747     7.2750  0.000e+00
     10.259    21.7015   4.935796    34.7610       1748     7.2792  0.000e+00
     10.286    21.7085   4.936821    34.7634       1749     7.2833  0.000e+00
     10.323    21.7148   4.937934    34.7672       1750     7.2875  0.000e+00
     10.359    21.7189   4.937789    34.7627       1751     7.2917  0.000e+00
     10.401    21.7210   4.937760    34.7607       1752     7.2958  0.000e+00
     10.450    21.7227   4.937134    34.7545       1753     7.3000  0.000e+00
     10.498    21.7228   4.935483    34.7413       1754     7.3042  0.000e+00
     10.543    21.7206   4.935657    34.7445       1755     7.3083  0.000e+00
     10.589    21.7192   4.935970    34.7480       1756     7.3125  0.000e+00
     10.613    21.7187   4.936421    34.7520       1757     7.3167  0.000e+00
     10.628    21.7192   4.936508    34.7523       1758     7.3208  0.000e+00
     10.640    21.7201   4.936618    34.7524       1759     7.3250  0.000e+00
     10.637    21.7208   4.941973    34.7941       1760     7.3292  0.000e+00
     10.619    21.7254   4.942002    34.7907       1761     7.3333  0.000e+00
     10.583    21.7307   4.940838    34.7772       1762     7.3375  0.000e+00
     10.522    21.7327   4.933889    34.7207       1763     7.3417  0.000e+00
     10.459    21.7257   4.931591    34.7082       1764     7.3458  0.000e+00
     10.374    21.7153   4.931591    34.7166       1765     7.3500  0.000e+00
     10.308    21.7086   4.931497    34.7213       1766     7.3542  0.000e+00
     10.226    21.7048   4.928414    34.7000       1767     7.3583  0.000e+00
     10.138    21.6990   4.927731    34.6993       1768     7.3625  0.000e+00
     10.057    21.6933   4.928123    34.7070       1769     7.3667  0.000e+00
      9.990    21.6912   4.927731    34.7056       1770     7.3708  0.000e+00
      9.945    21.6896   4.928123    34.7101       1771     7.3750  0.000e+00
      9.909    21.6888   4.927302    34.7042       1772     7.3792  0.000e+00
      9.897    21.6878   4.924722    34.6846       1773     7.3833  0.000e+00
      9.900    21.6837   4.923225    34.6761       1774     7.3875  0.000e+00
      9.924    21.6784   4.924271    34.6887       1775     7.3917  0.000e+00
      9.978    21.6760   4.924351    34.6911       1776     7.3958  0.000e+00
     10.039    21.6757   4.924271    34.6907       1777     7.4000  0.000e+00
     10.102    21.6756   4.926110    34.7053       1778     7.4042  0.000e+00
     10.142    21.6781   4.927106    34.7112       1779     7.4083  0.000e+00
     10.166    21.6817   4.928153    34.7165       1780     7.4125  0.000e+00
     10.166    21.6850   4.927789    34.7110       1781     7.4167  0.000e+00
     10.151    21.6871   4.931032    34.7350       1782     7.4208  0.000e+00
     10.111    21.6924   4.928981    34.7145       1783     7.4250  0.000e+00
     10.045    21.6931   4.921858    34.6577       1784     7.4292  0.000e+00
      9.948    21.6837   4.921408    34.6617       1785     7.4333  0.000e+00
      9.818    21.6749   4.920754    34.6637       1786     7.4375  0.000e+00
      9.673    21.6684   4.916563    34.6358       1787     7.4417  0.000e+00
      9.501    21.6593   4.913593    34.6197       1788     7.4458  0.000e+00
      9.331    21.6494   4.915655    34.6440       1789     7.4500  0.000e+00
      9.186    21.6463   4.923872    34.7116       1790     7.4542  0.000e+00
      9.068    21.6550   4.921437    34.6853       1791     7.4583  0.000e+00
      9.011    21.6610   4.920950    34.6766       1792     7.4625  0.000e+00
      9.014    21.6621   4.919279    34.6626       1793     7.4667  0.000e+00
      9.062    21.6601   4.918117    34.6550       1794     7.4708  0.000e+00
      9.159    21.6570   4.919534    34.6686       1795     7.4750  0.000e+00
      9.277    21.6570   4.920754    34.6783       1796     7.4792  0.000e+00
      9.401    21.6594   4.922454    34.6897       1797     7.4833  0.000e+00
      9.519    21.6630   4.923646    34.6962       1798     7.4875  0.000e+00
      9.628    21.6671   4.923050    34.6881       1799     7.4917  0.000e+00
      9.719    21.6683   4.919534    34.6593       1800     7.4958  0.000e+00
      9.770    21.6643   4.917950    34.6500       1801     7.5000  0.000e+00
      9.824    21.6583   4.918372    34.6581       1802     7.5042  0.000e+00
      9.870    21.6551   4.921350    34.6843       1803     7.5083  0.000e+00
      9.864    21.6568   4.921176    34.6816       1804     7.5125  0.000e+00
      9.825    21.6591   4.921263    34.6804       1805     7.5167  0.000e+00
      9.731    21.6599   4.921067    34.6782       1806     7.5208  0.000e+00
      9.601    21.6600   4.919991    34.6697       1807     7.5250  0.000e+00
      9.462    21.6591   4.919759    34.6686       1808     7.5292  0.000e+00
      9.305    21.6576   4.919345    34.6666       1809     7.5333  0.000e+00
      9.165    21.6566   4.921096    34.6813       1810     7.5375  0.000e+00
      9.041    21.6572   4.919817    34.6708       1811     7.5417  0.000e+00
      8.954    21.6574   4.918996    34.6641       1812     7.5458  0.000e+00
      8.896    21.6557   4.917129    34.6507       1813     7.5500  0.000e+00
      8.878    21.6521   4.916679    34.6500       1814     7.5542  0.000e+00
      8.893    21.6491   4.916701    34.6527       1815     7.5583  0.000e+00
      8.930    21.6473   4.916817    34.6550       1816     7.5625  0.000e+00
      8.993    21.6466   4.917158    34.6582       1817     7.5667  0.000e+00
      9.051    21.6464   4.915953    34.6488       1818     7.5708  0.000e+00
      9.117    21.6455   4.916164    34.6512       1819     7.5750  0.000e+00
      9.184    21.6447   4.917921    34.6658       1820     7.5792  0.000e+00
      9.232    21.6466   4.919251    34.6747       1821     7.5833  0.000e+00
      9.262    21.6499   4.919650    34.6752       1822     7.5875  0.000e+00
      9.284    21.6527   4.919454    34.6714       1823     7.5917  0.000e+00
      9.299    21.6541   4.919112    34.6676       1824     7.5958  0.000e+00
      9.296    21.6542   4.919621    34.6715       1825     7.6000  0.000e+00
      9.278    21.6550   4.919904    34.6731       1826     7.6042  0.000e+00
      9.229    21.6561   4.920079    34.6736       1827     7.6083  0.000e+00
      9.169    21.6564   4.918262    34.6590       1828     7.6125  0.000e+00
      9.111    21.6546   4.917013    34.6507       1829     7.6167  0.000e+00
      9.051    21.6503   4.913252    34.6243       1830     7.6208  0.000e+00
      9.003    21.6444   4.914726    34.6408       1831     7.6250  0.000e+00
      8.963    21.6408   4.912910    34.6293       1832     7.6292  0.000e+00
      8.927    21.6370   4.911894    34.6244       1833     7.6333  0.000e+00
      8.909    21.6335   4.911299    34.6225       1834     7.6375  0.000e+00
      8.906    21.6307   4.910595    34.6191       1835     7.6417  0.000e+00
      8.903    21.6283   4.909775    34.6146       1836     7.6458  0.000e+00
      8.915    21.6254   4.908954    34.6104       1837     7.6500  0.000e+00
      8.927    21.6228   4.907227    34.5988       1838     7.6542  0.000e+00
      8.936    21.6193   4.906502    34.5959       1839     7.6583  0.000e+00
      8.945    21.6160   4.907627    34.6074       1840     7.6625  0.000e+00
      8.951    21.6152   4.909354    34.6218       1841     7.6667  0.000e+00
      8.948    21.6180   4.916592    34.6769       1842     7.6708  0.000e+00
      8.936    21.6280   4.917384    34.6750       1843     7.6750  0.000e+00
      8.930    21.6373   4.914355    34.6436       1844     7.6792  0.000e+00
      8.918    21.6388   4.912860    34.6305       1845     7.6833  0.000e+00
      8.903    21.6360   4.908337    34.5970       1846     7.6875  0.000e+00
      8.879    21.6291   4.912860    34.6384       1847     7.6917  0.000e+00
      8.843    21.6289   4.916578    34.6680       1848     7.6958  0.000e+00
      8.800    21.6349   4.916476    34.6624       1849     7.7000  0.000e+00
      8.758    21.6396   4.916904    34.6620       1850     7.7042  0.000e+00
      8.713    21.6427   4.916142    34.6535       1851     7.7083  0.000e+00
      8.667    21.6424   4.911444    34.6165       1852     7.7125  0.000e+00
      8.625    21.6370   4.909382    34.6046       1853     7.7167  0.000e+00
      8.583    21.6300   4.909491    34.6111       1854     7.7208  0.000e+00
      8.549    21.6250   4.908417    34.6066       1855     7.7250  0.000e+00
      8.522    21.6218   4.908083    34.6065       1856     7.7292  0.000e+00
