HB2302/sbe180.cnv
* Sea-Bird SBE 19plus V2 Data File:
* FileName = C:\cruise\data\sbe180.hex
* Software Version Seasave V 7.26.7.121
* Temperature SN = 4758
* Conductivity SN = 4758
* System UpLoad Time = Jun 25 2023 11:33:08
* NMEA Latitude = 39 31.62 N
* NMEA Longitude = 069 25.88 W
* NMEA UTC (Time) = Jun 25 2023 11:33:07
** Cruise: HB2302
** Program: Ecomon
** Chief Scientist: Jerry Prezioso
# nquan = 7
# nvalues = 2797                                  
# units = specified
# name 0 = depSM: Depth [salt water, m]
# name 1 = tv290C: Temperature [ITS-90, deg C]
# name 2 = c0S/m: Conductivity [S/m]
# name 3 = sal00: Salinity, Practical [PSU]
# name 4 = scan: Scan Count
# name 5 = timeM: Time, Elapsed [minutes]
# name 6 = flag:  0.000e+00
# span 0 =     -0.084,     10.282                 
# span 1 =    23.5197,    23.9564                 
# span 2 =   0.000618,   5.320497                 
# span 3 =     0.0125,    36.1970                 
# span 4 =         11,       2807                 
# span 5 =     0.0417,    11.6917                 
# span 6 = 0.0000e+00, 0.0000e+00                 
# interval = seconds: 0.25
# start_time = Jun 25 2023 11:33:07 [NMEA time, header]
# bad_flag = -9.990e-29
*END*
[from data line 411]
      5.798    23.5781   5.311338    36.1621        422     1.7542  0.000e+00
      5.771    23.5789   5.311519    36.1628        423     1.7583  0.000e+00
      5.741    23.5805   5.311564    36.1619        424     1.7625  0.000e+00
      5.719    23.5816   5.311338    36.1593        425     1.7667  0.000e+00
      5.704    23.5813   5.311106    36.1577        426     1.7708  0.000e+00
      5.701    23.5802   5.311188    36.1593        427     1.7750  0.000e+00
      5.704    23.5797   5.311136    36.1593        428     1.7792  0.000e+00
      5.722    23.5792   5.311136    36.1597        429     1.7833  0.000e+00
      5.756    23.5789   5.311076    36.1594        430     1.7875  0.000e+00
      5.816    23.5787   5.311016    36.1591        431     1.7917  0.000e+00
      5.877    23.5784   5.311076    36.1598        432     1.7958  0.000e+00
      5.967    23.5784   5.311046    36.1596        433     1.8000  0.000e+00
      6.073    23.5780   5.311076    36.1601        434     1.8042  0.000e+00
      6.179    23.5779   5.311076    36.1601        435     1.8083  0.000e+00
      6.303    23.5780   5.311128    36.1604        436     1.8125  0.000e+00
      6.418    23.5782   5.311106    36.1600        437     1.8167  0.000e+00
      6.533    23.5780   5.311159    36.1606        438     1.8208  0.000e+00
      6.639    23.5781   5.311159    36.1605        439     1.8250  0.000e+00
      6.717    23.5781   5.311136    36.1603        440     1.8292  0.000e+00
      6.784    23.5781   5.311136    36.1602        441     1.8333  0.000e+00
      6.829    23.5779   5.311136    36.1604        442     1.8375  0.000e+00
      6.859    23.5779   5.311136    36.1604        443     1.8417  0.000e+00
      6.853    23.5780   5.311106    36.1601        444     1.8458  0.000e+00
      6.835    23.5777   5.311159    36.1607        445     1.8500  0.000e+00
      6.796    23.5780   5.311159    36.1605        446     1.8542  0.000e+00
      6.742    23.5777   5.311136    36.1606        447     1.8583  0.000e+00
      6.663    23.5777   5.311106    36.1604        448     1.8625  0.000e+00
      6.581    23.5778   5.311129    36.1605        449     1.8667  0.000e+00
      6.497    23.5777   5.311016    36.1597        450     1.8708  0.000e+00
      6.403    23.5777   5.310986    36.1595        451     1.8750  0.000e+00
      6.309    23.5776   5.311046    36.1601        452     1.8792  0.000e+00
      6.246    23.5780   5.311076    36.1600        453     1.8833  0.000e+00
      6.200    23.5782   5.311076    36.1599        454     1.8875  0.000e+00
      6.179    23.5780   5.311106    36.1603        455     1.8917  0.000e+00
      6.191    23.5782   5.311076    36.1599        456     1.8958  0.000e+00
      6.237    23.5783   5.311106    36.1600        457     1.9000  0.000e+00
      6.285    23.5783   5.311076    36.1598        458     1.9042  0.000e+00
      6.354    23.5782   5.311076    36.1598        459     1.9083  0.000e+00
      6.421    23.5781   5.311076    36.1599        460     1.9125  0.000e+00
      6.491    23.5779   5.311129    36.1604        461     1.9167  0.000e+00
      6.569    23.5779   5.311046    36.1598        462     1.9208  0.000e+00
      6.651    23.5781   5.311076    36.1598        463     1.9250  0.000e+00
      6.714    23.5781   5.311076    36.1598        464     1.9292  0.000e+00
      6.775    23.5782   5.311076    36.1597        465     1.9333  0.000e+00
      6.835    23.5783   5.311076    36.1596        466     1.9375  0.000e+00
      6.902    23.5784   5.311106    36.1597        467     1.9417  0.000e+00
      6.971    23.5788   5.311106    36.1593        468     1.9458  0.000e+00
      7.050    23.5787   5.311076    36.1592        469     1.9500  0.000e+00
      7.110    23.5786   5.311076    36.1592        470     1.9542  0.000e+00
      7.168    23.5787   5.311106    36.1594        471     1.9583  0.000e+00
      7.228    23.5783   5.311076    36.1595        472     1.9625  0.000e+00
      7.262    23.5782   5.311099    36.1597        473     1.9667  0.000e+00
      7.286    23.5784   5.311076    36.1593        474     1.9708  0.000e+00
      7.301    23.5785   5.311106    36.1595        475     1.9750  0.000e+00
      7.289    23.5784   5.311106    36.1596        476     1.9792  0.000e+00
      7.280    23.5788   5.311076    36.1590        477     1.9833  0.000e+00
      7.247    23.5788   5.311076    36.1590        478     1.9875  0.000e+00
      7.204    23.5786   5.311106    36.1594        479     1.9917  0.000e+00
      7.144    23.5786   5.311016    36.1588        480     1.9958  0.000e+00
      7.074    23.5788   5.311106    36.1593        481     2.0000  0.000e+00
      7.017    23.5789   5.311136    36.1595        482     2.0042  0.000e+00
      6.980    23.5792   5.311106    36.1590        483     2.0083  0.000e+00
      6.968    23.5792   5.310986    36.1581        484     2.0125  0.000e+00
      6.980    23.5792   5.310986    36.1581        485     2.0167  0.000e+00
      7.020    23.5787   5.311069    36.1591        486     2.0208  0.000e+00
      7.062    23.5788   5.311016    36.1586        487     2.0250  0.000e+00
      7.113    23.5787   5.311046    36.1589        488     2.0292  0.000e+00
      7.156    23.5790   5.311136    36.1593        489     2.0333  0.000e+00
      7.210    23.5787   5.311136    36.1596        490     2.0375  0.000e+00
      7.274    23.5793   5.311159    36.1592        491     2.0417  0.000e+00
      7.331    23.5793   5.311219    36.1597        492     2.0458  0.000e+00
      7.389    23.5795   5.311159    36.1591        493     2.0500  0.000e+00
      7.428    23.5799   5.311159    36.1588        494     2.0542  0.000e+00
      7.461    23.5797   5.311219    36.1594        495     2.0583  0.000e+00
      7.479    23.5799   5.311279    36.1597        496     2.0625  0.000e+00
      7.516    23.5800   5.311339    36.1600        497     2.0667  0.000e+00
      7.543    23.5808   5.311534    36.1608        498     2.0708  0.000e+00
      7.579    23.5819   5.311610    36.1605        499     2.0750  0.000e+00
      7.621    23.5826   5.311610    36.1599        500     2.0792  0.000e+00
      7.679    23.5835   5.311640    36.1594        501     2.0833  0.000e+00
      7.727    23.5838   5.311610    36.1589        502     2.0875  0.000e+00
      7.761    23.5839   5.311640    36.1590        503     2.0917  0.000e+00
      7.800    23.5839   5.311760    36.1599        504     2.0958  0.000e+00
      7.824    23.5846   5.311640    36.1584        505     2.1000  0.000e+00
      7.851    23.5843   5.311640    36.1587        506     2.1042  0.000e+00
      7.863    23.5842   5.311700    36.1592        507     2.1083  0.000e+00
      7.869    23.5844   5.311730    36.1593        508     2.1125  0.000e+00
      7.869    23.5844   5.311760    36.1595        509     2.1167  0.000e+00
      7.842    23.5847   5.311760    36.1592        510     2.1208  0.000e+00
      7.815    23.5849   5.311752    36.1590        511     2.1250  0.000e+00
      7.788    23.5851   5.311880    36.1598        512     2.1292  0.000e+00
      7.770    23.5854   5.311850    36.1594        513     2.1333  0.000e+00
      7.770    23.5861   5.312150    36.1612        514     2.1375  0.000e+00
      7.776    23.5871   5.312090    36.1599        515     2.1417  0.000e+00
      7.815    23.5876   5.312120    36.1596        516     2.1458  0.000e+00
      7.851    23.5882   5.312120    36.1591        517     2.1500  0.000e+00
      7.897    23.5882   5.312150    36.1593        518     2.1542  0.000e+00
      7.948    23.5889   5.312150    36.1588        519     2.1583  0.000e+00
      8.015    23.5891   5.312210    36.1591        520     2.1625  0.000e+00
      8.063    23.5888   5.312120    36.1586        521     2.1667  0.000e+00
      8.129    23.5888   5.312000    36.1577        522     2.1708  0.000e+00
      8.196    23.5878   5.311535    36.1549        523     2.1750  0.000e+00
      8.253    23.5859   5.311640    36.1573        524     2.1792  0.000e+00
      8.308    23.5848   5.311850    36.1597        525     2.1833  0.000e+00
      8.344    23.5848   5.311970    36.1606        526     2.1875  0.000e+00
      8.389    23.5858   5.312000    36.1601        527     2.1917  0.000e+00
      8.426    23.5866   5.311700    36.1571        528     2.1958  0.000e+00
      8.468    23.5859   5.311340    36.1549        529     2.2000  0.000e+00
      8.504    23.5839   5.311280    36.1560        530     2.2042  0.000e+00
      8.538    23.5822   5.311340    36.1578        531     2.2083  0.000e+00
      8.562    23.5811   5.311250    36.1580        532     2.2125  0.000e+00
      8.580    23.5806   5.311340    36.1592        533     2.2167  0.000e+00
      8.583    23.5803   5.311280    36.1589        534     2.2208  0.000e+00
      8.577    23.5800   5.311280    36.1592        535     2.2250  0.000e+00
      8.568    23.5799   5.311347    36.1598        536     2.2292  0.000e+00
      8.559    23.5801   5.311340    36.1596        537     2.2333  0.000e+00
      8.550    23.5798   5.311280    36.1594        538     2.2375  0.000e+00
      8.541    23.5793   5.311220    36.1593        539     2.2417  0.000e+00
      8.526    23.5793   5.311310    36.1600        540     2.2458  0.000e+00
      8.529    23.5797   5.311370    36.1602        541     2.2500  0.000e+00
      8.535    23.5802   5.311400    36.1600        542     2.2542  0.000e+00
      8.559    23.5807   5.311430    36.1598        543     2.2583  0.000e+00
      8.598    23.5811   5.311430    36.1594        544     2.2625  0.000e+00
      8.643    23.5816   5.311430    36.1590        545     2.2667  0.000e+00
      8.692    23.5818   5.311490    36.1593        546     2.2708  0.000e+00
      8.749    23.5818   5.311490    36.1592        547     2.2750  0.000e+00
      8.804    23.5818   5.311445    36.1589        548     2.2792  0.000e+00
      8.867    23.5815   5.311490    36.1594        549     2.2833  0.000e+00
      8.928    23.5817   5.311460    36.1590        550     2.2875  0.000e+00
      8.988    23.5815   5.311460    36.1592        551     2.2917  0.000e+00
      9.058    23.5815   5.311430    36.1589        552     2.2958  0.000e+00
      9.115    23.5810   5.311370    36.1589        553     2.3000  0.000e+00
      9.179    23.5808   5.311430    36.1595        554     2.3042  0.000e+00
      9.224    23.5807   5.311460    36.1598        555     2.3083  0.000e+00
      9.272    23.5806   5.311460    36.1598        556     2.3125  0.000e+00
      9.321    23.5806   5.311400    36.1594        557     2.3167  0.000e+00
      9.360    23.5803   5.311400    36.1596        558     2.3208  0.000e+00
      9.408    23.5800   5.311400    36.1598        559     2.3250  0.000e+00
      9.442    23.5797   5.311430    36.1603        560     2.3292  0.000e+00
      9.478    23.5795   5.311408    36.1603        561     2.3333  0.000e+00
      9.514    23.5798   5.311430    36.1602        562     2.3375  0.000e+00
      9.535    23.5793   5.311400    36.1603        563     2.3417  0.000e+00
      9.541    23.5792   5.311430    36.1606        564     2.3458  0.000e+00
      9.535    23.5792   5.311400    36.1604        565     2.3500  0.000e+00
      9.532    23.5790   5.311400    36.1606        566     2.3542  0.000e+00
      9.511    23.5791   5.311400    36.1605        567     2.3583  0.000e+00
      9.490    23.5789   5.311370    36.1604        568     2.3625  0.000e+00
      9.463    23.5789   5.311340    36.1602        569     2.3667  0.000e+00
      9.436    23.5790   5.311310    36.1599        570     2.3708  0.000e+00
      9.405    23.5786   5.311340    36.1605        571     2.3750  0.000e+00
      9.375    23.5788   5.311340    36.1603        572     2.3792  0.000e+00
      9.357    23.5790   5.311348    36.1602        573     2.3833  0.000e+00
      9.369    23.5787   5.311370    36.1606        574     2.3875  0.000e+00
      9.384    23.5790   5.311490    36.1613        575     2.3917  0.000e+00
      9.418    23.5787   5.311430    36.1611        576     2.3958  0.000e+00
      9.469    23.5785   5.311400    36.1610        577     2.4000  0.000e+00
      9.526    23.5784   5.311430    36.1613        578     2.4042  0.000e+00
      9.605    23.5786   5.311430    36.1611        579     2.4083  0.000e+00
      9.678    23.5783   5.311431    36.1613        580     2.4125  0.000e+00
      9.747    23.5782   5.311431    36.1614        581     2.4167  0.000e+00
      9.811    23.5784   5.311431    36.1612        582     2.4208  0.000e+00
      9.874    23.5785   5.311461    36.1613        583     2.4250  0.000e+00
      9.926    23.5787   5.311521    36.1616        584     2.4292  0.000e+00
      9.974    23.5783   5.311491    36.1617        585     2.4333  0.000e+00
     10.010    23.5784   5.311476    36.1615        586     2.4375  0.000e+00
     10.043    23.5783   5.311491    36.1617        587     2.4417  0.000e+00
     10.065    23.5787   5.311521    36.1616        588     2.4458  0.000e+00
     10.080    23.5784   5.311491    36.1616        589     2.4500  0.000e+00
     10.077    23.5785   5.311551    36.1619        590     2.4542  0.000e+00
     10.086    23.5786   5.311461    36.1612        591     2.4583  0.000e+00
     10.083    23.5786   5.311461    36.1612        592     2.4625  0.000e+00
     10.104    23.5785   5.311521    36.1617        593     2.4667  0.000e+00
     10.119    23.5785   5.311431    36.1610        594     2.4708  0.000e+00
     10.143    23.5787   5.311491    36.1613        595     2.4750  0.000e+00
     10.180    23.5786   5.311431    36.1609        596     2.4792  0.000e+00
     10.213    23.5784   5.311461    36.1613        597     2.4833  0.000e+00
     10.243    23.5784   5.311446    36.1612        598     2.4875  0.000e+00
     10.270    23.5786   5.311461    36.1611        599     2.4917  0.000e+00
     10.282    23.5785   5.311431    36.1610        600     2.4958  0.000e+00
     10.282    23.5784   5.311401    36.1608        601     2.5000  0.000e+00
     10.276    23.5784   5.311431    36.1610        602     2.5042  0.000e+00
     10.255    23.5785   5.311371    36.1605        603     2.5083  0.000e+00
     10.222    23.5784   5.311401    36.1608        604     2.5125  0.000e+00
     10.183    23.5784   5.311401    36.1608        605     2.5167  0.000e+00
     10.128    23.5781   5.311371    36.1609        606     2.5208  0.000e+00
     10.053    23.5783   5.311401    36.1610        607     2.5250  0.000e+00
      9.992    23.5782   5.311341    36.1606        608     2.5292  0.000e+00
      9.916    23.5783   5.311280    36.1601        609     2.5333  0.000e+00
      9.841    23.5785   5.311318    36.1602        610     2.5375  0.000e+00
      9.774    23.5785   5.311310    36.1602        611     2.5417  0.000e+00
      9.711    23.5785   5.311370    36.1607        612     2.5458  0.000e+00
      9.653    23.5786   5.311370    36.1606        613     2.5500  0.000e+00
      9.635    23.5788   5.311310    36.1600        614     2.5542  0.000e+00
      9.620    23.5788   5.311310    36.1600        615     2.5583  0.000e+00
      9.629    23.5788   5.311280    36.1598        616     2.5625  0.000e+00
      9.656    23.5787   5.311310    36.1601        617     2.5667  0.000e+00
      9.708    23.5788   5.311280    36.1597        618     2.5708  0.000e+00
      9.765    23.5787   5.311310    36.1600        619     2.5750  0.000e+00
      9.829    23.5787   5.311371    36.1605        620     2.5792  0.000e+00
      9.883    23.5786   5.311341    36.1603        621     2.5833  0.000e+00
      9.941    23.5784   5.311371    36.1607        622     2.5875  0.000e+00
      9.995    23.5786   5.311348    36.1603        623     2.5917  0.000e+00
     10.034    23.5787   5.311341    36.1602        624     2.5958  0.000e+00
     10.059    23.5787   5.311371    36.1604        625     2.6000  0.000e+00
