HB2302/sbe191.cnv
* Sea-Bird SBE 19plus V2 Data File:
* FileName = C:\cruise\data\sbe191.hex
* Software Version Seasave V 7.26.7.121
* Temperature SN = 4758
* Conductivity SN = 4758
* System UpLoad Time = Jun 26 2023 20:18:04
* NMEA Latitude = 40 04.95 N
* NMEA Longitude = 070 46.06 W
* NMEA UTC (Time) = Jun 26 2023 20:17:03
** Cruise: HB2302
** Program: Ecomon
** Chief Scientist: Jerry Prezioso
# nquan = 7
# nvalues = 3054                                  
# units = specified
# name 0 = depSM: Depth [salt water, m]
# name 1 = tv290C: Temperature [ITS-90, deg C]
# name 2 = c0S/m: Conductivity [S/m]
# name 3 = sal00: Salinity, Practical [PSU]
# name 4 = scan: Scan Count
# name 5 = timeM: Time, Elapsed [minutes]
# name 6 = flag:  0.000e+00
# span 0 =     -0.110,    136.042                 
# span 1 =     8.0398,    25.1354                 
# span 2 =   0.001018,   5.085810                 
# span 3 =     0.0142,    35.8603                 
# span 4 =         11,       3064                 
# span 5 =     0.0417,    12.7625                 
# span 6 = 0.0000e+00, 0.0000e+00                 
# interval = seconds: 0.25
# start_time = Jun 26 2023 20:17:03 [NMEA time, header]
# bad_flag = -9.990e-29
*END*
[from data line 1847]
     67.480    10.7629   3.782345    33.9752       1858     7.7375  0.000e+00
     67.335    10.7153   3.776972    33.9657       1859     7.7417  0.000e+00
     67.199    10.6722   3.773282    33.9688       1860     7.7458  0.000e+00
     67.073    10.6357   3.771974    33.9897       1861     7.7500  0.000e+00
     66.946    10.6087   3.766932    33.9644       1862     7.7542  0.000e+00
     66.828    10.5805   3.763551    33.9566       1863     7.7583  0.000e+00
     66.713    10.5524   3.762056    33.9678       1864     7.7625  0.000e+00
     66.629    10.5304   3.761620    33.9840       1865     7.7667  0.000e+00
     66.526    10.5168   3.759462    33.9750       1866     7.7708  0.000e+00
     66.436    10.5040   3.757825    33.9706       1867     7.7750  0.000e+00
     66.360    10.4900   3.755213    33.9573       1868     7.7792  0.000e+00
     66.279    10.4742   3.753005    33.9499       1869     7.7833  0.000e+00
     66.200    10.4576   3.751024    33.9454       1870     7.7875  0.000e+00
     66.131    10.4422   3.748032    33.9296       1871     7.7917  0.000e+00
     66.052    10.4247   3.746721    33.9328       1872     7.7958  0.000e+00
     65.959    10.4085   3.744962    33.9301       1873     7.8000  0.000e+00
     65.859    10.3937   3.742276    33.9169       1874     7.8042  0.000e+00
     65.750    10.3781   3.740895    33.9176       1875     7.8083  0.000e+00
     65.633    10.3626   3.738735    33.9103       1876     7.8125  0.000e+00
     65.494    10.3475   3.737516    33.9121       1877     7.8167  0.000e+00
     65.358    10.3330   3.734398    33.8942       1878     7.8208  0.000e+00
     65.213    10.3171   3.734431    33.9094       1879     7.8250  0.000e+00
     65.062    10.3047   3.731767    33.8942       1880     7.8292  0.000e+00
     64.905    10.2916   3.731547    33.9043       1881     7.8333  0.000e+00
     64.757    10.2805   3.727349    33.8721       1882     7.8375  0.000e+00
     64.606    10.2619   3.717626    33.7912       1883     7.8417  0.000e+00
     64.458    10.2244   3.714819    33.7978       1884     7.8458  0.000e+00
     64.323    10.1888   3.710597    33.7882       1885     7.8500  0.000e+00
     64.193    10.1555   3.707707    33.7900       1886     7.8542  0.000e+00
     64.066    10.1232   3.700601    33.7481       1887     7.8583  0.000e+00
     63.954    10.0875   3.698412    33.7592       1888     7.8625  0.000e+00
     63.849    10.0550   3.697935    33.7847       1889     7.8667  0.000e+00
     63.752    10.0350   3.697193    33.7960       1890     7.8708  0.000e+00
     63.646    10.0229   3.696534    33.8006       1891     7.8750  0.000e+00
     63.559    10.0143   3.694366    33.7866       1892     7.8792  0.000e+00
     63.474    10.0033   3.690823    33.7608       1893     7.8833  0.000e+00
     63.381     9.9868   3.689591    33.7637       1894     7.8875  0.000e+00
     63.296     9.9723   3.688372    33.7649       1895     7.8917  0.000e+00
     63.212     9.9604   3.687934    33.7716       1896     7.8958  0.000e+00
     63.130     9.9516   3.686580    33.7661       1897     7.9000  0.000e+00
     63.034     9.9428   3.686902    33.7777       1898     7.9042  0.000e+00
     62.940     9.9383   3.686187    33.7746       1899     7.9083  0.000e+00
     62.831     9.9343   3.683762    33.7537       1900     7.9125  0.000e+00
     62.732     9.9243   3.683692    33.7624       1901     7.9167  0.000e+00
     62.605     9.9170   3.683260    33.7649       1902     7.9208  0.000e+00
     62.475     9.9118   3.681403    33.7508       1903     7.9250  0.000e+00
     62.330     9.9039   3.679200    33.7358       1904     7.9292  0.000e+00
     62.179     9.8919   3.676391    33.7184       1905     7.9333  0.000e+00
     62.010     9.8761   3.674124    33.7101       1906     7.9375  0.000e+00
     61.835     9.8598   3.672965    33.7136       1907     7.9417  0.000e+00
     61.654     9.8461   3.672347    33.7202       1908     7.9458  0.000e+00
     61.476     9.8369   3.671890    33.7242       1909     7.9500  0.000e+00
     61.304     9.8303   3.667848    33.6891       1910     7.9542  0.000e+00
     61.129     9.8145   3.658631    33.6097       1911     7.9583  0.000e+00
     60.969     9.7787   3.657969    33.6364       1912     7.9625  0.000e+00
     60.827     9.7509   3.657770    33.6605       1913     7.9667  0.000e+00
     60.709     9.7356   3.657770    33.6749       1914     7.9708  0.000e+00
     60.600     9.7280   3.657519    33.6795       1915     7.9750  0.000e+00
     60.495     9.7239   3.657378    33.6819       1916     7.9792  0.000e+00
     60.404     9.7210   3.656292    33.6735       1917     7.9833  0.000e+00
     60.329     9.7158   3.653811    33.6530       1918     7.9875  0.000e+00
     60.262     9.7046   3.652250    33.6475       1919     7.9917  0.000e+00
     60.199     9.6918   3.652565    33.6627       1920     7.9958  0.000e+00
     60.151     9.6852   3.652989    33.6733       1921     8.0000  0.000e+00
     60.096     9.6837   3.651884    33.6634       1922     8.0042  0.000e+00
     60.048     9.6797   3.652000    33.6683       1923     8.0083  0.000e+00
     59.985     9.6771   3.651884    33.6696       1924     8.0125  0.000e+00
     59.915     9.6754   3.651197    33.6642       1925     8.0167  0.000e+00
     59.849     9.6724   3.650208    33.6569       1926     8.0208  0.000e+00
     59.761     9.6678   3.649392    33.6529       1927     8.0250  0.000e+00
     59.668     9.6622   3.648108    33.6450       1928     8.0292  0.000e+00
     59.553     9.6552   3.647600    33.6464       1929     8.0333  0.000e+00
     59.435     9.6483   3.645450    33.6308       1930     8.0375  0.000e+00
     59.296     9.6386   3.642600    33.6107       1931     8.0417  0.000e+00
     59.161     9.6231   3.639879    33.5973       1932     8.0458  0.000e+00
     58.998     9.6045   3.636435    33.5794       1933     8.0500  0.000e+00
     58.850     9.5827   3.634967    33.5848       1934     8.0542  0.000e+00
     58.690     9.5638   3.633659    33.5891       1935     8.0583  0.000e+00
     58.530     9.5488   3.632332    33.5896       1936     8.0625  0.000e+00
     58.358     9.5361   3.630095    33.5785       1937     8.0667  0.000e+00
     58.198     9.5221   3.627846    33.5685       1938     8.0708  0.000e+00
     58.035     9.5058   3.625284    33.5575       1939     8.0750  0.000e+00
     57.878     9.4878   3.624425    33.5656       1940     8.0792  0.000e+00
     57.730     9.4731   3.623695    33.5718       1941     8.0833  0.000e+00
     57.594     9.4620   3.623279    33.5781       1942     8.0875  0.000e+00
     57.467     9.4548   3.620923    33.5606       1943     8.0917  0.000e+00
     57.352     9.4438   3.618138    33.5422       1944     8.0958  0.000e+00
     57.262     9.4272   3.616084    33.5366       1945     8.1000  0.000e+00
     57.171     9.4097   3.613519    33.5266       1946     8.1042  0.000e+00
     57.093     9.3914   3.610903    33.5168       1947     8.1083  0.000e+00
     57.017     9.3703   3.604101    33.4663       1948     8.1125  0.000e+00
     56.954     9.3384   3.601622    33.4705       1949     8.1167  0.000e+00
     56.897     9.3068   3.600843    33.4921       1950     8.1208  0.000e+00
     56.833     9.2852   3.597586    33.4787       1951     8.1250  0.000e+00
     56.779     9.2651   3.596763    33.4891       1952     8.1292  0.000e+00
     56.718     9.2489   3.595096    33.4870       1953     8.1333  0.000e+00
     56.640     9.2360   3.591975    33.4668       1954     8.1375  0.000e+00
     56.568     9.2185   3.588440    33.4467       1955     8.1417  0.000e+00
     56.498     9.1970   3.585577    33.4371       1956     8.1458  0.000e+00
     56.408     9.1747   3.584582    33.4478       1957     8.1500  0.000e+00
     56.308     9.1570   3.584512    33.4636       1958     8.1542  0.000e+00
     56.205     9.1469   3.582000    33.4471       1959     8.1583  0.000e+00
     56.094     9.1351   3.581764    33.4558       1960     8.1625  0.000e+00
     55.982     9.1254   3.581650    33.4638       1961     8.1667  0.000e+00
     55.855     9.1199   3.580585    33.4579       1962     8.1708  0.000e+00
     55.728     9.1136   3.577552    33.4324       1963     8.1750  0.000e+00
     55.608     9.0990   3.574386    33.4132       1964     8.1792  0.000e+00
     55.487     9.0801   3.574169    33.4287       1965     8.1833  0.000e+00
     55.345     9.0666   3.574099    33.4408       1966     8.1875  0.000e+00
     55.215     9.0594   3.573768    33.4442       1967     8.1917  0.000e+00
     55.092     9.0549   3.573800    33.4488       1968     8.1958  0.000e+00
     54.977     9.0527   3.573590    33.4488       1969     8.2000  0.000e+00
     54.850     9.0513   3.573418    33.4483       1970     8.2042  0.000e+00
     54.741     9.0498   3.573482    33.4504       1971     8.2083  0.000e+00
     54.636     9.0492   3.573418    33.4504       1972     8.2125  0.000e+00
     54.530     9.0490   3.573462    33.4511       1973     8.2167  0.000e+00
     54.424     9.0490   3.573481    33.4514       1974     8.2208  0.000e+00
     54.334     9.0491   3.573501    33.4515       1975     8.2250  0.000e+00
     54.234     9.0494   3.573348    33.4497       1976     8.2292  0.000e+00
     54.138     9.0493   3.573303    33.4493       1977     8.2333  0.000e+00
     54.047     9.0497   3.573335    33.4494       1978     8.2375  0.000e+00
     53.954     9.0505   3.573214    33.4474       1979     8.2417  0.000e+00
     53.863     9.0506   3.572354    33.4383       1980     8.2458  0.000e+00
     53.773     9.0492   3.572112    33.4372       1981     8.2500  0.000e+00
     53.682     9.0479   3.571424    33.4313       1982     8.2542  0.000e+00
     53.591     9.0455   3.571182    33.4311       1983     8.2583  0.000e+00
     53.513     9.0429   3.571004    33.4317       1984     8.2625  0.000e+00
     53.428     9.0411   3.570832    33.4317       1985     8.2667  0.000e+00
     53.338     9.0398   3.571539    33.4403       1986     8.2708  0.000e+00
     53.244     9.0400   3.570698    33.4313       1987     8.2750  0.000e+00
     53.160     9.0390   3.570584    33.4311       1988     8.2792  0.000e+00
     53.066     9.0383   3.570596    33.4320       1989     8.2833  0.000e+00
     52.964     9.0378   3.571004    33.4367       1990     8.2875  0.000e+00
     52.873     9.0389   3.571602    33.4420       1991     8.2917  0.000e+00
     52.765     9.0423   3.571953    33.4425       1992     8.2958  0.000e+00
     52.653     9.0465   3.572398    33.4432       1993     8.3000  0.000e+00
     52.541     9.0506   3.572417    33.4396       1994     8.3042  0.000e+00
     52.414     9.0533   3.573041    33.4437       1995     8.3083  0.000e+00
     52.294     9.0570   3.573678    33.4468       1996     8.3125  0.000e+00
     52.164     9.0628   3.573901    33.4438       1997     8.3167  0.000e+00
     52.043     9.0676   3.575340    33.4543       1998     8.3208  0.000e+00
     51.913     9.0751   3.574761    33.4413       1999     8.3250  0.000e+00
     51.808     9.0793   3.575633    33.4464       2000     8.3292  0.000e+00
     51.696     9.0838   3.575251    33.4383       2001     8.3333  0.000e+00
     51.596     9.0860   3.574607    33.4296       2002     8.3375  0.000e+00
     51.509     9.0843   3.574830    33.4336       2003     8.3417  0.000e+00
     51.430     9.0834   3.574875    33.4349       2004     8.3458  0.000e+00
     51.355     9.0835   3.574894    33.4351       2005     8.3500  0.000e+00
     51.280     9.0832   3.573257    33.4183       2006     8.3542  0.000e+00
     51.219     9.0787   3.571888    33.4084       2007     8.3583  0.000e+00
     51.150     9.0705   3.571449    33.4115       2008     8.3625  0.000e+00
     51.092     9.0638   3.570869    33.4118       2009     8.3667  0.000e+00
     51.029     9.0567   3.566916    33.3774       2010     8.3708  0.000e+00
     50.966     9.0415   3.566344    33.3857       2011     8.3750  0.000e+00
     50.902     9.0279   3.565727    33.3921       2012     8.3792  0.000e+00
     50.851     9.0182   3.565574    33.3996       2013     8.3833  0.000e+00
     50.770     9.0122   3.565797    33.4076       2014     8.3875  0.000e+00
     50.703     9.0098   3.565708    33.4089       2015     8.3917  0.000e+00
     50.628     9.0086   3.563875    33.3910       2016     8.3958  0.000e+00
     50.546     9.0025   3.562711    33.3846       2017     8.4000  0.000e+00
     50.462     8.9933   3.562291    33.3890       2018     8.4042  0.000e+00
     50.380     8.9858   3.561191    33.3846       2019     8.4083  0.000e+00
     50.296     8.9782   3.560332    33.3828       2020     8.4125  0.000e+00
     50.208     8.9702   3.559251    33.3791       2021     8.4167  0.000e+00
     50.118     8.9612   3.554388    33.3368       2022     8.4208  0.000e+00
     50.027     8.9420   3.553886    33.3497       2023     8.4250  0.000e+00
     49.922     8.9253   3.553842    33.3650       2024     8.4292  0.000e+00
     49.831     8.9161   3.553931    33.3746       2025     8.4333  0.000e+00
     49.722     8.9120   3.553918    33.3784       2026     8.4375  0.000e+00
     49.626     8.9102   3.553906    33.3799       2027     8.4417  0.000e+00
     49.523     8.9093   3.553779    33.3796       2028     8.4458  0.000e+00
     49.421     8.9079   3.551580    33.3580       2029     8.4500  0.000e+00
     49.324     8.9009   3.550328    33.3514       2030     8.4542  0.000e+00
     49.227     8.8910   3.550132    33.3588       2031     8.4583  0.000e+00
     49.137     8.8837   3.549408    33.3581       2032     8.4625  0.000e+00
     49.043     8.8776   3.549408    33.3639       2033     8.4667  0.000e+00
     48.956     8.8737   3.549344    33.3669       2034     8.4708  0.000e+00
     48.871     8.8720   3.549516    33.3703       2035     8.4750  0.000e+00
     48.787     8.8717   3.550221    33.3780       2036     8.4792  0.000e+00
     48.702     8.8750   3.553753    33.4119       2037     8.4833  0.000e+00
     48.627     8.8901   3.556105    33.4223       2038     8.4875  0.000e+00
     48.557     8.9114   3.557471    33.4165       2039     8.4917  0.000e+00
     48.473     8.9303   3.557821    33.4025       2040     8.4958  0.000e+00
     48.404     8.9425   3.558151    33.3944       2041     8.5000  0.000e+00
     48.334     8.9506   3.558812    33.3938       2042     8.5042  0.000e+00
     48.253     8.9582   3.559887    33.3979       2043     8.5083  0.000e+00
     48.171     8.9668   3.560020    33.3913       2044     8.5125  0.000e+00
     48.102     8.9738   3.559804    33.3824       2045     8.5167  0.000e+00
     48.014     8.9783   3.561502    33.3960       2046     8.5208  0.000e+00
     47.921     8.9860   3.562290    33.3970       2047     8.5250  0.000e+00
     47.827     8.9963   3.564803    33.4135       2048     8.5292  0.000e+00
     47.743     9.0125   3.566941    33.4206       2049     8.5333  0.000e+00
     47.637     9.0337   3.567164    33.4031       2050     8.5375  0.000e+00
     47.559     9.0495   3.567978    33.3968       2051     8.5417  0.000e+00
     47.486     9.0614   3.568264    33.3886       2052     8.5458  0.000e+00
     47.411     9.0708   3.568487    33.3822       2053     8.5500  0.000e+00
     47.350     9.0778   3.568487    33.3756       2054     8.5542  0.000e+00
     47.281     9.0823   3.568175    33.3682       2055     8.5583  0.000e+00
     47.218     9.0837   3.567958    33.3646       2056     8.5625  0.000e+00
     47.157     9.0840   3.567933    33.3641       2057     8.5667  0.000e+00
     47.112     9.0835   3.567506    33.3601       2058     8.5708  0.000e+00
     47.055     9.0828   3.567583    33.3616       2059     8.5750  0.000e+00
     46.998     9.0823   3.567360    33.3599       2060     8.5792  0.000e+00
     46.949     9.0816   3.567163    33.3585       2061     8.5833  0.000e+00
