HB2302/sbe117.cnv
* Sea-Bird SBE 19plus V2 Data File:
* FileName = C:\cruise\data\sbe117.hex
* Software Version Seasave V 7.26.7.121
* Temperature SN = 4758
* Conductivity SN = 4758
* System UpLoad Time = Jun 19 2023 10:02:23
* NMEA Latitude = 42 28.26 N
* NMEA Longitude = 067 29.87 W
* NMEA UTC (Time) = Jun 19 2023 10:02:23
** Cruise: HB2302
** Program: Ecomon
** Chief Scientist: Jerry Prezioso
# nquan = 7
# nvalues = 5421                                  
# units = specified
# name 0 = depSM: Depth [salt water, m]
# name 1 = tv290C: Temperature [ITS-90, deg C]
# name 2 = c0S/m: Conductivity [S/m]
# name 3 = sal00: Salinity, Practical [PSU]
# name 4 = scan: Scan Count
# name 5 = timeM: Time, Elapsed [minutes]
# name 6 = flag:  0.000e+00
# span 0 =     -0.100,    287.460                 
# span 1 =     7.2837,    11.6143                 
# span 2 =   0.000274,   3.783629                 
# span 3 =     0.0067,    35.0460                 
# span 4 =         11,       5431                 
# span 5 =     0.0417,    22.6250                 
# span 6 = 0.0000e+00, 0.0000e+00                 
# interval = seconds: 0.25
# start_time = Jun 19 2023 10:02:23 [NMEA time, header]
# bad_flag = -9.990e-29
*END*
[from data line 2257]
    279.389     9.3788   3.767356    35.0450       2268     9.4458  0.000e+00
    279.275     9.3787   3.767317    35.0447       2269     9.4500  0.000e+00
    279.161     9.3787   3.767330    35.0450       2270     9.4542  0.000e+00
    279.037     9.3785   3.767343    35.0453       2271     9.4583  0.000e+00
    278.923     9.3784   3.767330    35.0453       2272     9.4625  0.000e+00
    278.802     9.3784   3.767343    35.0455       2273     9.4667  0.000e+00
    278.700     9.3784   3.767317    35.0453       2274     9.4708  0.000e+00
    278.576     9.3784   3.767310    35.0453       2275     9.4750  0.000e+00
    278.465     9.3785   3.767317    35.0453       2276     9.4792  0.000e+00
    278.360     9.3785   3.767330    35.0455       2277     9.4833  0.000e+00
    278.254     9.3785   3.767317    35.0454       2278     9.4875  0.000e+00
    278.152     9.3785   3.767310    35.0453       2279     9.4917  0.000e+00
    278.047     9.3785   3.767297    35.0453       2280     9.4958  0.000e+00
    277.953     9.3785   3.767284    35.0452       2281     9.5000  0.000e+00
    277.872     9.3784   3.767297    35.0455       2282     9.5042  0.000e+00
    277.788     9.3785   3.767271    35.0451       2283     9.5083  0.000e+00
    277.712     9.3785   3.767238    35.0449       2284     9.5125  0.000e+00
    277.649     9.3784   3.767251    35.0451       2285     9.5167  0.000e+00
    277.586     9.3782   3.767264    35.0455       2286     9.5208  0.000e+00
    277.517     9.3783   3.767271    35.0454       2287     9.5250  0.000e+00
    277.456     9.3784   3.767284    35.0455       2288     9.5292  0.000e+00
    277.402     9.3784   3.767251    35.0452       2289     9.5333  0.000e+00
    277.345     9.3783   3.767238    35.0452       2290     9.5375  0.000e+00
    277.300     9.3783   3.767225    35.0451       2291     9.5417  0.000e+00
    277.246     9.3784   3.767271    35.0455       2292     9.5458  0.000e+00
    277.186     9.3783   3.767212    35.0450       2293     9.5500  0.000e+00
    277.122     9.3782   3.767225    35.0453       2294     9.5542  0.000e+00
    277.062     9.3783   3.767264    35.0456       2295     9.5583  0.000e+00
    276.987     9.3782   3.767225    35.0453       2296     9.5625  0.000e+00
    276.914     9.3782   3.767238    35.0455       2297     9.5667  0.000e+00
    276.824     9.3783   3.767225    35.0453       2298     9.5708  0.000e+00
    276.725     9.3785   3.767238    35.0453       2299     9.5750  0.000e+00
    276.628     9.3784   3.767271    35.0458       2300     9.5792  0.000e+00
    276.508     9.3787   3.767251    35.0453       2301     9.5833  0.000e+00
    276.379     9.3789   3.767264    35.0453       2302     9.5875  0.000e+00
    276.252     9.3790   3.767251    35.0451       2303     9.5917  0.000e+00
    276.102     9.3791   3.767238    35.0450       2304     9.5958  0.000e+00
    275.951     9.3793   3.767225    35.0447       2305     9.6000  0.000e+00
    275.801     9.3792   3.767238    35.0451       2306     9.6042  0.000e+00
    275.647     9.3791   3.767225    35.0451       2307     9.6083  0.000e+00
    275.499     9.3792   3.767212    35.0449       2308     9.6125  0.000e+00
    275.355     9.3793   3.767179    35.0445       2309     9.6167  0.000e+00
    275.222     9.3792   3.767205    35.0449       2310     9.6208  0.000e+00
    275.111     9.3790   3.767211    35.0453       2311     9.6250  0.000e+00
    275.003     9.3790   3.767179    35.0450       2312     9.6292  0.000e+00
    274.906     9.3790   3.767192    35.0451       2313     9.6333  0.000e+00
    274.831     9.3790   3.767159    35.0448       2314     9.6375  0.000e+00
    274.765     9.3792   3.767166    35.0447       2315     9.6417  0.000e+00
    274.705     9.3790   3.767179    35.0452       2316     9.6458  0.000e+00
    274.659     9.3790   3.767192    35.0453       2317     9.6500  0.000e+00
    274.605     9.3791   3.767179    35.0451       2318     9.6542  0.000e+00
    274.560     9.3789   3.767159    35.0451       2319     9.6583  0.000e+00
    274.518     9.3790   3.767166    35.0450       2320     9.6625  0.000e+00
    274.467     9.3790   3.767159    35.0451       2321     9.6667  0.000e+00
    274.412     9.3789   3.767140    35.0450       2322     9.6708  0.000e+00
    274.343     9.3790   3.767140    35.0449       2323     9.6750  0.000e+00
    274.274     9.3789   3.767120    35.0448       2324     9.6792  0.000e+00
    274.196     9.3787   3.767114    35.0450       2325     9.6833  0.000e+00
    274.118     9.3789   3.767120    35.0450       2326     9.6875  0.000e+00
    274.033     9.3789   3.767113    35.0449       2327     9.6917  0.000e+00
    273.943     9.3787   3.767094    35.0449       2328     9.6958  0.000e+00
    273.847     9.3787   3.767074    35.0448       2329     9.7000  0.000e+00
    273.759     9.3788   3.767048    35.0444       2330     9.7042  0.000e+00
    273.657     9.3788   3.767074    35.0448       2331     9.7083  0.000e+00
    273.564     9.3786   3.767068    35.0449       2332     9.7125  0.000e+00
    273.464     9.3786   3.767048    35.0448       2333     9.7167  0.000e+00
    273.374     9.3787   3.767022    35.0445       2334     9.7208  0.000e+00
    273.272     9.3786   3.767048    35.0449       2335     9.7250  0.000e+00
    273.178     9.3785   3.767048    35.0450       2336     9.7292  0.000e+00
    273.085     9.3786   3.767003    35.0445       2337     9.7333  0.000e+00
    272.983     9.3786   3.767048    35.0450       2338     9.7375  0.000e+00
    272.880     9.3785   3.767002    35.0446       2339     9.7417  0.000e+00
    272.784     9.3785   3.767002    35.0447       2340     9.7458  0.000e+00
    272.688     9.3785   3.767002    35.0448       2341     9.7500  0.000e+00
    272.597     9.3783   3.767002    35.0449       2342     9.7542  0.000e+00
    272.510     9.3785   3.767002    35.0449       2343     9.7583  0.000e+00
    272.423     9.3785   3.766957    35.0444       2344     9.7625  0.000e+00
    272.341     9.3785   3.766976    35.0447       2345     9.7667  0.000e+00
    272.275     9.3783   3.766976    35.0449       2346     9.7708  0.000e+00
    272.203     9.3784   3.766976    35.0448       2347     9.7750  0.000e+00
    272.131     9.3783   3.767002    35.0452       2348     9.7792  0.000e+00
    272.064     9.3784   3.766976    35.0449       2349     9.7833  0.000e+00
    271.980     9.3783   3.767002    35.0452       2350     9.7875  0.000e+00
    271.899     9.3783   3.766976    35.0450       2351     9.7917  0.000e+00
    271.814     9.3784   3.766957    35.0448       2352     9.7958  0.000e+00
    271.718     9.3785   3.766976    35.0450       2353     9.8000  0.000e+00
    271.625     9.3783   3.766976    35.0452       2354     9.8042  0.000e+00
    271.510     9.3783   3.766956    35.0450       2355     9.8083  0.000e+00
    271.408     9.3783   3.766930    35.0448       2356     9.8125  0.000e+00
    271.296     9.3783   3.766956    35.0451       2357     9.8167  0.000e+00
    271.182     9.3783   3.766930    35.0449       2358     9.8208  0.000e+00
    271.077     9.3783   3.766937    35.0450       2359     9.8250  0.000e+00
    270.971     9.3782   3.766904    35.0448       2360     9.8292  0.000e+00
    270.872     9.3783   3.766911    35.0449       2361     9.8333  0.000e+00
    270.767     9.3782   3.766904    35.0449       2362     9.8375  0.000e+00
    270.673     9.3783   3.766891    35.0448       2363     9.8417  0.000e+00
    270.580     9.3781   3.766891    35.0449       2364     9.8458  0.000e+00
    270.483     9.3783   3.766885    35.0448       2365     9.8500  0.000e+00
    270.375     9.3783   3.766891    35.0449       2366     9.8542  0.000e+00
    270.285     9.3782   3.766858    35.0447       2367     9.8583  0.000e+00
    270.185     9.3781   3.766865    35.0448       2368     9.8625  0.000e+00
    270.080     9.3782   3.766858    35.0448       2369     9.8667  0.000e+00
    269.981     9.3782   3.766845    35.0447       2370     9.8708  0.000e+00
    269.884     9.3782   3.766858    35.0449       2371     9.8750  0.000e+00
    269.791     9.3781   3.766865    35.0450       2372     9.8792  0.000e+00
    269.704     9.3781   3.766865    35.0451       2373     9.8833  0.000e+00
    269.616     9.3782   3.766832    35.0447       2374     9.8875  0.000e+00
    269.532     9.3783   3.766865    35.0450       2375     9.8917  0.000e+00
    269.448     9.3783   3.766832    35.0447       2376     9.8958  0.000e+00
    269.366     9.3783   3.766845    35.0448       2377     9.9000  0.000e+00
    269.279     9.3783   3.766858    35.0451       2378     9.9042  0.000e+00
    269.195     9.3781   3.766819    35.0448       2379     9.9083  0.000e+00
    269.102     9.3782   3.766812    35.0447       2380     9.9125  0.000e+00
    269.002     9.3783   3.766819    35.0448       2381     9.9167  0.000e+00
    268.912     9.3781   3.766799    35.0448       2382     9.9208  0.000e+00
    268.822     9.3781   3.766812    35.0449       2383     9.9250  0.000e+00
    268.728     9.3782   3.766799    35.0448       2384     9.9292  0.000e+00
    268.635     9.3783   3.766812    35.0449       2385     9.9333  0.000e+00
    268.557     9.3782   3.766799    35.0449       2386     9.9375  0.000e+00
    268.493     9.3784   3.766786    35.0446       2387     9.9417  0.000e+00
    268.430     9.3783   3.766799    35.0449       2388     9.9458  0.000e+00
    268.382     9.3783   3.766767    35.0445       2389     9.9500  0.000e+00
    268.340     9.3782   3.766799    35.0450       2390     9.9542  0.000e+00
    268.304     9.3782   3.766799    35.0450       2391     9.9583  0.000e+00
    268.264     9.3783   3.766786    35.0448       2392     9.9625  0.000e+00
    268.222     9.3782   3.766799    35.0450       2393     9.9667  0.000e+00
    268.177     9.3781   3.766786    35.0450       2394     9.9708  0.000e+00
    268.111     9.3782   3.766799    35.0451       2395     9.9750  0.000e+00
    268.030     9.3783   3.766786    35.0449       2396     9.9792  0.000e+00
    267.936     9.3784   3.766773    35.0447       2397     9.9833  0.000e+00
    267.819     9.3785   3.766786    35.0448       2398     9.9875  0.000e+00
    267.689     9.3785   3.766753    35.0445       2399     9.9917  0.000e+00
    267.545     9.3785   3.766786    35.0449       2400     9.9958  0.000e+00
    267.403     9.3785   3.766773    35.0449       2401    10.0000  0.000e+00
    267.256     9.3785   3.766773    35.0449       2402    10.0042  0.000e+00
    267.117     9.3784   3.766740    35.0447       2403    10.0083  0.000e+00
    266.988     9.3783   3.766734    35.0448       2404    10.0125  0.000e+00
    266.868     9.3784   3.766740    35.0449       2405    10.0167  0.000e+00
    266.774     9.3784   3.766734    35.0448       2406    10.0208  0.000e+00
    266.672     9.3783   3.766714    35.0447       2407    10.0250  0.000e+00
    266.594     9.3785   3.766708    35.0446       2408    10.0292  0.000e+00
    266.515     9.3785   3.766714    35.0447       2409    10.0333  0.000e+00
    266.440     9.3785   3.766733    35.0449       2410    10.0375  0.000e+00
    266.359     9.3786   3.766733    35.0448       2411    10.0417  0.000e+00
    266.271     9.3784   3.766714    35.0449       2412    10.0458  0.000e+00
    266.178     9.3783   3.766707    35.0449       2413    10.0500  0.000e+00
    266.079     9.3785   3.766714    35.0449       2414    10.0542  0.000e+00
    265.967     9.3785   3.766707    35.0448       2415    10.0583  0.000e+00
    265.859     9.3784   3.766668    35.0446       2416    10.0625  0.000e+00
    265.741     9.3785   3.766662    35.0445       2417    10.0667  0.000e+00
    265.624     9.3784   3.766668    35.0447       2418    10.0708  0.000e+00
    265.509     9.3785   3.766662    35.0446       2419    10.0750  0.000e+00
    265.401     9.3784   3.766662    35.0447       2420    10.0792  0.000e+00
    265.296     9.3785   3.766642    35.0444       2421    10.0833  0.000e+00
    265.196     9.3785   3.766642    35.0445       2422    10.0875  0.000e+00
    265.118     9.3785   3.766642    35.0445       2423    10.0917  0.000e+00
    265.046     9.3785   3.766661    35.0448       2424    10.0958  0.000e+00
    264.962     9.3787   3.766668    35.0447       2425    10.1000  0.000e+00
    264.892     9.3784   3.766661    35.0450       2426    10.1042  0.000e+00
    264.838     9.3786   3.766642    35.0446       2427    10.1083  0.000e+00
    264.772     9.3784   3.766642    35.0448       2428    10.1125  0.000e+00
    264.715     9.3787   3.766616    35.0443       2429    10.1167  0.000e+00
    264.655     9.3786   3.766642    35.0447       2430    10.1208  0.000e+00
    264.600     9.3785   3.766616    35.0446       2431    10.1250  0.000e+00
    264.552     9.3785   3.766622    35.0446       2432    10.1292  0.000e+00
    264.501     9.3786   3.766596    35.0443       2433    10.1333  0.000e+00
    264.453     9.3786   3.766622    35.0446       2434    10.1375  0.000e+00
    264.414     9.3786   3.766596    35.0443       2435    10.1417  0.000e+00
    264.369     9.3787   3.766622    35.0445       2436    10.1458  0.000e+00
    264.320     9.3785   3.766616    35.0446       2437    10.1500  0.000e+00
    264.266     9.3785   3.766596    35.0445       2438    10.1542  0.000e+00
    264.200     9.3785   3.766596    35.0445       2439    10.1583  0.000e+00
    264.125     9.3785   3.766596    35.0445       2440    10.1625  0.000e+00
    264.031     9.3784   3.766622    35.0450       2441    10.1667  0.000e+00
    263.917     9.3785   3.766596    35.0447       2442    10.1708  0.000e+00
    263.790     9.3785   3.766576    35.0445       2443    10.1750  0.000e+00
    263.649     9.3786   3.766596    35.0447       2444    10.1792  0.000e+00
    263.486     9.3785   3.766576    35.0446       2445    10.1833  0.000e+00
    263.317     9.3785   3.766550    35.0444       2446    10.1875  0.000e+00
    263.149     9.3785   3.766550    35.0446       2447    10.1917  0.000e+00
    262.971     9.3785   3.766524    35.0444       2448    10.1958  0.000e+00
    262.806     9.3785   3.766504    35.0443       2449    10.2000  0.000e+00
    262.646     9.3784   3.766524    35.0446       2450    10.2042  0.000e+00
    262.508     9.3784   3.766550    35.0449       2451    10.2083  0.000e+00
    262.384     9.3785   3.766504    35.0444       2452    10.2125  0.000e+00
    262.288     9.3783   3.766504    35.0446       2453    10.2167  0.000e+00
    262.203     9.3784   3.766524    35.0448       2454    10.2208  0.000e+00
    262.137     9.3786   3.766504    35.0444       2455    10.2250  0.000e+00
    262.092     9.3785   3.766478    35.0442       2456    10.2292  0.000e+00
    262.050     9.3784   3.766504    35.0447       2457    10.2333  0.000e+00
    262.023     9.3784   3.766485    35.0445       2458    10.2375  0.000e+00
    261.993     9.3783   3.766478    35.0445       2459    10.2417  0.000e+00
    261.959     9.3785   3.766504    35.0446       2460    10.2458  0.000e+00
    261.926     9.3783   3.766478    35.0445       2461    10.2500  0.000e+00
    261.881     9.3783   3.766530    35.0451       2462    10.2542  0.000e+00
    261.830     9.3785   3.766504    35.0446       2463    10.2583  0.000e+00
    261.767     9.3785   3.766504    35.0447       2464    10.2625  0.000e+00
    261.698     9.3787   3.766478    35.0443       2465    10.2667  0.000e+00
    261.604     9.3787   3.766504    35.0446       2466    10.2708  0.000e+00
    261.511     9.3787   3.766504    35.0447       2467    10.2750  0.000e+00
    261.409     9.3786   3.766478    35.0445       2468    10.2792  0.000e+00
    261.300     9.3787   3.766484    35.0445       2469    10.2833  0.000e+00
    261.189     9.3790   3.766478    35.0442       2470    10.2875  0.000e+00
    261.062     9.3787   3.766484    35.0446       2471    10.2917  0.000e+00
