HB2302/sbe163.cnv
* Sea-Bird SBE 19plus V2 Data File:
* FileName = C:\cruise\data\sbe163.hex
* Software Version Seasave V 7.26.7.121
* Temperature SN = 4758
* Conductivity SN = 4758
* System UpLoad Time = Jun 23 2023 05:51:32
* NMEA Latitude = 42 13.02 N
* NMEA Longitude = 069 14.24 W
* NMEA UTC (Time) = Jun 23 2023 05:51:31
** Cruise: HB2302
** Program: Ecomon
** Chief Scientist: Jerry Prezioso
# nquan = 7
# nvalues = 3311                                  
# units = specified
# name 0 = depSM: Depth [salt water, m]
# name 1 = tv290C: Temperature [ITS-90, deg C]
# name 2 = c0S/m: Conductivity [S/m]
# name 3 = sal00: Salinity, Practical [PSU]
# name 4 = scan: Scan Count
# name 5 = timeM: Time, Elapsed [minutes]
# name 6 = flag:  0.000e+00
# span 0 =      2.358,    196.125                 
# span 1 =     6.4286,    16.3443                 
# span 2 =   3.259016,   4.087741                 
# span 3 =    31.8118,    33.7161                 
# span 4 =         11,       3321                 
# span 5 =     0.0417,    13.8333                 
# span 6 = 0.0000e+00, 0.0000e+00                 
# interval = seconds: 0.25
# start_time = Jun 23 2023 05:51:31 [NMEA time, header]
# bad_flag = -9.990e-29
*END*
[from data line 3077]
     21.846    10.6207   3.585593    32.1586       3088    12.8625  0.000e+00
     21.789    10.6262   3.585835    32.1563       3089    12.8667  0.000e+00
     21.747    10.6304   3.586116    32.1554       3090    12.8708  0.000e+00
     21.729    10.6340   3.586434    32.1554       3091    12.8750  0.000e+00
     21.720    10.6373   3.586505    32.1532       3092    12.8792  0.000e+00
     21.713    10.6398   3.586594    32.1519       3093    12.8833  0.000e+00
     21.701    10.6413   3.586549    32.1501       3094    12.8875  0.000e+00
     21.689    10.6420   3.586568    32.1497       3095    12.8917  0.000e+00
     21.662    10.6422   3.586683    32.1507       3096    12.8958  0.000e+00
     21.614    10.6428   3.586836    32.1517       3097    12.9000  0.000e+00
     21.557    10.6440   3.587576    32.1580       3098    12.9042  0.000e+00
     21.481    10.6477   3.588284    32.1618       3099    12.9083  0.000e+00
     21.394    10.6542   3.588660    32.1599       3100    12.9125  0.000e+00
     21.285    10.6614   3.588883    32.1558       3101    12.9167  0.000e+00
     21.161    10.6672   3.588928    32.1512       3102    12.9208  0.000e+00
     21.032    10.6713   3.588992    32.1483       3103    12.9250  0.000e+00
     20.896    10.6745   3.590791    32.1635       3104    12.9292  0.000e+00
     20.751    10.6843   3.597027    32.2169       3105    12.9333  0.000e+00
     20.603    10.7126   3.599345    32.2152       3106    12.9375  0.000e+00
     20.456    10.7462   3.600303    32.1951       3107    12.9417  0.000e+00
     20.314    10.7718   3.601593    32.1854       3108    12.9458  0.000e+00
     20.169    10.7906   3.602423    32.1773       3109    12.9500  0.000e+00
     20.018    10.8053   3.602691    32.1670       3110    12.9542  0.000e+00
     19.870    10.8152   3.603336    32.1648       3111    12.9583  0.000e+00
     19.741    10.8232   3.603969    32.1641       3112    12.9625  0.000e+00
     19.620    10.8311   3.604723    32.1647       3113    12.9667  0.000e+00
     19.506    10.8391   3.605573    32.1662       3114    12.9708  0.000e+00
     19.406    10.8479   3.606173    32.1644       3115    12.9750  0.000e+00
     19.328    10.8566   3.606416    32.1592       3116    12.9792  0.000e+00
     19.267    10.8635   3.606499    32.1540       3117    12.9833  0.000e+00
     19.234    10.8684   3.606595    32.1507       3118    12.9875  0.000e+00
     19.222    10.8715   3.606595    32.1480       3119    12.9917  0.000e+00
     19.234    10.8730   3.606576    32.1465       3120    12.9958  0.000e+00
     19.267    10.8734   3.606148    32.1418       3121    13.0000  0.000e+00
     19.300    10.8718   3.605745    32.1392       3122    13.0042  0.000e+00
     19.339    10.8682   3.605649    32.1415       3123    13.0083  0.000e+00
     19.355    10.8652   3.605726    32.1448       3124    13.0125  0.000e+00
     19.354    10.8635   3.605994    32.1490       3125    13.0167  0.000e+00
     19.327    10.8639   3.606506    32.1537       3126    13.0208  0.000e+00
     19.276    10.8665   3.606844    32.1548       3127    13.0250  0.000e+00
     19.195    10.8706   3.606889    32.1517       3128    13.0292  0.000e+00
     19.080    10.8738   3.606946    32.1495       3129    13.0333  0.000e+00
     18.923    10.8759   3.607042    32.1487       3130    13.0375  0.000e+00
     18.742    10.8773   3.607113    32.1482       3131    13.0417  0.000e+00
     18.531    10.8784   3.607624    32.1524       3132    13.0458  0.000e+00
     18.311    10.8818   3.608161    32.1548       3133    13.0500  0.000e+00
     18.073    10.8876   3.608992    32.1581       3134    13.0542  0.000e+00
     17.813    10.8990   3.623005    32.2870       3135    13.0583  0.000e+00
     17.572    10.9696   3.653062    32.5224       3136    13.0625  0.000e+00
     17.352    11.1487   3.670919    32.5404       3137    13.0667  0.000e+00
     17.156    11.3637   3.688010    32.5187       3138    13.0708  0.000e+00
     16.993    11.5749   3.696260    32.4141       3139    13.0750  0.000e+00
     16.875    11.7456   3.696142    32.2642       3140    13.0792  0.000e+00
     16.800    11.8529   3.701080    32.2191       3141    13.0833  0.000e+00
     16.770    11.9251   3.702106    32.1666       3142    13.0875  0.000e+00
     16.782    11.9718   3.702635    32.1314       3143    13.0917  0.000e+00
     16.827    11.9958   3.693867    32.0262       3144    13.0958  0.000e+00
     16.890    11.9776   3.690828    32.0124       3145    13.1000  0.000e+00
     16.972    11.9437   3.694875    32.0806       3146    13.1042  0.000e+00
     17.053    11.9322   3.696811    32.1092       3147    13.1083  0.000e+00
     17.134    11.9395   3.692790    32.0641       3148    13.1125  0.000e+00
     17.192    11.9323   3.690442    32.0475       3149    13.1167  0.000e+00
     17.225    11.9134   3.689429    32.0540       3150    13.1208  0.000e+00
     17.219    11.8939   3.689991    32.0762       3151    13.1250  0.000e+00
     17.176    11.8850   3.696605    32.1479       3152    13.1292  0.000e+00
     17.104    11.9066   3.701015    32.1719       3153    13.1333  0.000e+00
     16.977    11.9458   3.705104    32.1776       3154    13.1375  0.000e+00
     16.817    11.9900   3.711942    32.2055       3155    13.1417  0.000e+00
     16.621    12.0475   3.724053    32.2728       3156    13.1458  0.000e+00
     16.395    12.1341   3.732168    32.2762       3157    13.1500  0.000e+00
     16.166    12.2289   3.734876    32.2206       3158    13.1542  0.000e+00
     15.918    12.3022   3.734609    32.1551       3159    13.1583  0.000e+00
     15.677    12.3444   3.735983    32.1322       3160    13.1625  0.000e+00
     15.451    12.3704   3.739179    32.1406       3161    13.1667  0.000e+00
     15.258    12.3991   3.746652    32.1875       3162    13.1708  0.000e+00
     15.101    12.4455   3.753040    32.2088       3163    13.1750  0.000e+00
     14.965    12.5040   3.756378    32.1906       3164    13.1792  0.000e+00
     14.872    12.5603   3.759581    32.1730       3165    13.1833  0.000e+00
     14.805    12.6082   3.760218    32.1381       3166    13.1875  0.000e+00
     14.748    12.6410   3.772308    32.2251       3167    13.1917  0.000e+00
     14.712    12.7046   3.788611    32.3257       3168    13.1958  0.000e+00
     14.679    12.8180   3.796605    32.3044       3169    13.2000  0.000e+00
     14.651    12.9358   3.800239    32.2383       3170    13.2042  0.000e+00
     14.618    13.0243   3.802085    32.1804       3171    13.2083  0.000e+00
     14.579    13.0821   3.804919    32.1580       3172    13.2125  0.000e+00
     14.528    13.1238   3.808262    32.1541       3173    13.2167  0.000e+00
     14.470    13.1625   3.811476    32.1516       3174    13.2208  0.000e+00
     14.413    13.2009   3.816209    32.1636       3175    13.2250  0.000e+00
     14.350    13.2434   3.820485    32.1678       3176    13.2292  0.000e+00
     14.283    13.2893   3.823245    32.1548       3177    13.2333  0.000e+00
     14.226    13.3303   3.825732    32.1435       3178    13.2375  0.000e+00
     14.163    13.3649   3.827885    32.1345       3179    13.2417  0.000e+00
     14.108    13.3948   3.829501    32.1244       3180    13.2458  0.000e+00
     14.051    13.4190   3.830549    32.1138       3181    13.2500  0.000e+00
     13.994    13.4378   3.831269    32.1047       3182    13.2542  0.000e+00
     13.942    13.4523   3.832310    32.1023       3183    13.2583  0.000e+00
     13.888    13.4645   3.833659    32.1046       3184    13.2625  0.000e+00
     13.834    13.4774   3.836155    32.1171       3185    13.2667  0.000e+00
     13.767    13.4948   3.838212    32.1215       3186    13.2708  0.000e+00
     13.680    13.5154   3.839910    32.1201       3187    13.2750  0.000e+00
     13.577    13.5360   3.842020    32.1225       3188    13.2792  0.000e+00
     13.456    13.5573   3.843318    32.1167       3189    13.2833  0.000e+00
     13.318    13.5768   3.845167    32.1176       3190    13.2875  0.000e+00
     13.164    13.5953   3.847508    32.1239       3191    13.2917  0.000e+00
     13.001    13.6174   3.853348    32.1596       3192    13.2958  0.000e+00
     12.829    13.6548   3.862121    32.2097       3193    13.3000  0.000e+00
     12.636    13.7201   3.880027    32.3210       3194    13.3042  0.000e+00
     12.443    13.8351   3.896291    32.3748       3195    13.3083  0.000e+00
     12.262    13.9859   3.903156    32.3114       3196    13.3125  0.000e+00
     12.093    14.1182   3.908018    32.2453       3197    13.3167  0.000e+00
     11.942    14.2188   3.922544    32.2946       3198    13.3208  0.000e+00
     11.812    14.3332   3.933114    32.2959       3199    13.3250  0.000e+00
     11.722    14.4573   3.946352    32.3133       3200    13.3292  0.000e+00
     11.665    14.5905   3.975184    32.4649       3201    13.3333  0.000e+00
     11.625    14.7786   3.982336    32.3730       3202    13.3375  0.000e+00
     11.628    14.9553   3.988256    32.2800       3203    13.3417  0.000e+00
     11.655    15.0806   3.984102    32.1394       3204    13.3458  0.000e+00
     11.694    15.1367   3.976300    32.0233       3205    13.3500  0.000e+00
     11.734    15.1277   3.975250    32.0212       3206    13.3542  0.000e+00
     11.764    15.1056   3.979911    32.0811       3207    13.3583  0.000e+00
     11.767    15.1090   3.985952    32.1326       3208    13.3625  0.000e+00
     11.745    15.1395   4.001955    32.2513       3209    13.3667  0.000e+00
     11.697    15.2366   4.048014    32.5847       3210    13.3708  0.000e+00
     11.607    15.4856   4.051661    32.4114       3211    13.3750  0.000e+00
     11.483    15.7042   4.064898    32.3497       3212    13.3792  0.000e+00
     11.317    15.8770   4.071680    32.2686       3213    13.3833  0.000e+00
     11.127    16.0191   4.074531    32.1784       3214    13.3875  0.000e+00
     10.910    16.1113   4.072912    32.0895       3215    13.3917  0.000e+00
     10.696    16.1586   4.082563    32.1362       3216    13.3958  0.000e+00
     10.472    16.2155   4.079256    32.0614       3217    13.4000  0.000e+00
     10.258    16.2469   4.070567    31.9600       3218    13.4042  0.000e+00
     10.059    16.2272   4.072722    31.9948       3219    13.4083  0.000e+00
      9.875    16.1990   4.079377    32.0760       3220    13.4125  0.000e+00
      9.715    16.2219   4.081251    32.0739       3221    13.4167  0.000e+00
      9.597    16.2502   4.082951    32.0661       3222    13.4208  0.000e+00
      9.558    16.2759   4.084362    32.0578       3223    13.4250  0.000e+00
      9.552    16.2977   4.085000    32.0458       3224    13.4292  0.000e+00
      9.594    16.3128   4.084926    32.0330       3225    13.4333  0.000e+00
      9.682    16.3198   4.084415    32.0229       3226    13.4375  0.000e+00
      9.772    16.3209   4.083864    32.0172       3227    13.4417  0.000e+00
      9.859    16.3182   4.083622    32.0172       3228    13.4458  0.000e+00
      9.938    16.3145   4.083918    32.0227       3229    13.4500  0.000e+00
      9.998    16.3130   4.084261    32.0269       3230    13.4542  0.000e+00
     10.031    16.3130   4.084852    32.0321       3231    13.4583  0.000e+00
     10.022    16.3152   4.085296    32.0342       3232    13.4625  0.000e+00
      9.977    16.3184   4.082083    32.0036       3233    13.4667  0.000e+00
      9.859    16.3059   4.072701    31.9316       3234    13.4708  0.000e+00
      9.711    16.2592   4.077899    32.0145       3235    13.4750  0.000e+00
      9.521    16.2398   4.082481    32.0704       3236    13.4792  0.000e+00
      9.289    16.2527   4.085740    32.0887       3237    13.4833  0.000e+00
      9.020    16.2843   4.085693    32.0629       3238    13.4875  0.000e+00
      8.722    16.3055   4.086264    32.0509       3239    13.4917  0.000e+00
      8.396    16.3188   4.085968    32.0378       3240    13.4958  0.000e+00
      8.100    16.3253   4.085739    32.0307       3241    13.5000  0.000e+00
      7.820    16.3270   4.085443    32.0268       3242    13.5042  0.000e+00
      7.585    16.3225   4.079375    31.9775       3243    13.5083  0.000e+00
      7.394    16.2971   4.080833    32.0107       3244    13.5125  0.000e+00
      7.265    16.2799   4.083077    32.0442       3245    13.5167  0.000e+00
      7.186    16.2813   4.084630    32.0567       3246    13.5208  0.000e+00
      7.162    16.2932   4.085423    32.0540       3247    13.5250  0.000e+00
      7.180    16.3055   4.084408    32.0353       3248    13.5292  0.000e+00
      7.243    16.3092   4.083742    32.0265       3249    13.5333  0.000e+00
      7.331    16.3061   4.082996    32.0224       3250    13.5375  0.000e+00
      7.439    16.3000   4.082264    32.0208       3251    13.5417  0.000e+00
      7.560    16.2922   4.081794    32.0230       3252    13.5458  0.000e+00
      7.674    16.2850   4.081693    32.0278       3253    13.5500  0.000e+00
      7.783    16.2800   4.081371    32.0290       3254    13.5542  0.000e+00
      7.861    16.2765   4.081969    32.0370       3255    13.5583  0.000e+00
      7.918    16.2757   4.081324    32.0320       3256    13.5625  0.000e+00
      7.933    16.2739   4.080880    32.0295       3257    13.5667  0.000e+00
      7.921    16.2682   4.080807    32.0335       3258    13.5708  0.000e+00
      7.852    16.2656   4.084382    32.0669       3259    13.5750  0.000e+00
      7.722    16.2801   4.084825    32.0591       3260    13.5792  0.000e+00
      7.544    16.2931   4.084274    32.0439       3261    13.5833  0.000e+00
      7.327    16.2990   4.084825    32.0441       3262    13.5875  0.000e+00
      7.071    16.3033   4.085887    32.0500       3263    13.5917  0.000e+00
      6.784    16.3108   4.086579    32.0502       3264    13.5958  0.000e+00
      6.482    16.3195   4.086189    32.0398       3265    13.6000  0.000e+00
      6.153    16.3241   4.087150    32.0447       3266    13.6042  0.000e+00
      5.840    16.3293   4.087445    32.0432       3267    13.6083  0.000e+00
      5.571    16.3355   4.087425    32.0381       3268    13.6125  0.000e+00
      5.324    16.3395   4.087519    32.0358       3269    13.6167  0.000e+00
      5.128    16.3419   4.087519    32.0340       3270    13.6208  0.000e+00
      4.962    16.3433   4.087519    32.0329       3271    13.6250  0.000e+00
      4.853    16.3442   4.087445    32.0316       3272    13.6292  0.000e+00
      4.787    16.3442   4.087418    32.0314       3273    13.6333  0.000e+00
      4.768    16.3443   4.087398    32.0311       3274    13.6375  0.000e+00
      4.789    16.3442   4.087357    32.0309       3275    13.6417  0.000e+00
      4.823    16.3435   4.087122    32.0293       3276    13.6458  0.000e+00
      4.877    16.3425   4.087102    32.0300       3277    13.6500  0.000e+00
      4.943    16.3409   4.087142    32.0315       3278    13.6542  0.000e+00
      5.012    16.3401   4.086356    32.0253       3279    13.6583  0.000e+00
      5.085    16.3371   4.086531    32.0292       3280    13.6625  0.000e+00
      5.157    16.3347   4.086887    32.0342       3281    13.6667  0.000e+00
      5.220    16.3354   4.086827    32.0331       3282    13.6708  0.000e+00
      5.271    16.3355   4.086383    32.0291       3283    13.6750  0.000e+00
      5.310    16.3339   4.086531    32.0317       3284    13.6792  0.000e+00
      5.331    16.3330   4.086719    32.0340       3285    13.6833  0.000e+00
      5.325    16.3334   4.087001    32.0362       3286    13.6875  0.000e+00
      5.289    16.3353   4.087492    32.0390       3287    13.6917  0.000e+00
      5.208    16.3381   4.087667    32.0383       3288    13.6958  0.000e+00
      5.063    16.3407   4.087741    32.0369       3289    13.7000  0.000e+00
      4.873    16.3425   4.087546    32.0338       3290    13.7042  0.000e+00
      4.683    16.3428   4.087519    32.0334       3291    13.7083  0.000e+00
      4.453    16.3424   4.087546    32.0341       3292    13.7125  0.000e+00
