HB2302/sbe129.cnv
* Sea-Bird SBE 19plus V2 Data File:
* FileName = C:\cruise\data\sbe129.hex
* Software Version Seasave V 7.26.7.121
* Temperature SN = 4758
* Conductivity SN = 4758
* System UpLoad Time = Jun 20 2023 07:14:25
* NMEA Latitude = 43 39.65 N
* NMEA Longitude = 067 12.42 W
* NMEA UTC (Time) = Jun 20 2023 07:14:25
** Cruise: HB2302
** Program: Ecomon
** Chief Scientist: Jerry Prezioso
# nquan = 7
# nvalues = 3518                                  
# units = specified
# name 0 = depSM: Depth [salt water, m]
# name 1 = tv290C: Temperature [ITS-90, deg C]
# name 2 = c0S/m: Conductivity [S/m]
# name 3 = sal00: Salinity, Practical [PSU]
# name 4 = scan: Scan Count
# name 5 = timeM: Time, Elapsed [minutes]
# name 6 = flag:  0.000e+00
# span 0 =     -0.038,    157.294                 
# span 1 =     7.5528,    11.2341                 
# span 2 =   0.000474,   3.613237                 
# span 3 =     0.0075,    34.0834                 
# span 4 =         11,       3528                 
# span 5 =     0.0417,    14.6958                 
# span 6 = 0.0000e+00, 0.0000e+00                 
# interval = seconds: 0.25
# start_time = Jun 20 2023 07:14:25 [NMEA time, header]
# bad_flag = -9.990e-29
*END*
[from data line 1436]
    132.550     8.6607   3.599006    34.0514       1447     6.0250  0.000e+00
    132.469     8.6610   3.599006    34.0512       1448     6.0292  0.000e+00
    132.384     8.6611   3.598891    34.0499       1449     6.0333  0.000e+00
    132.297     8.6610   3.598980    34.0509       1450     6.0375  0.000e+00
    132.210     8.6611   3.598980    34.0509       1451     6.0417  0.000e+00
    132.122     8.6613   3.599159    34.0526       1452     6.0458  0.000e+00
    132.038     8.6618   3.599095    34.0515       1453     6.0500  0.000e+00
    131.942     8.6618   3.599114    34.0517       1454     6.0542  0.000e+00
    131.854     8.6620   3.599127    34.0517       1455     6.0583  0.000e+00
    131.761     8.6621   3.599203    34.0525       1456     6.0625  0.000e+00
    131.664     8.6624   3.599139    34.0516       1457     6.0667  0.000e+00
    131.559     8.6625   3.599158    34.0518       1458     6.0708  0.000e+00
    131.468     8.6625   3.599114    34.0513       1459     6.0750  0.000e+00
    131.363     8.6624   3.599095    34.0513       1460     6.0792  0.000e+00
    131.260     8.6624   3.599114    34.0516       1461     6.0833  0.000e+00
    131.149     8.6624   3.599146    34.0520       1462     6.0875  0.000e+00
    131.053     8.6624   3.599139    34.0519       1463     6.0917  0.000e+00
    130.959     8.6626   3.599139    34.0517       1464     6.0958  0.000e+00
    130.860     8.6625   3.599069    34.0512       1465     6.1000  0.000e+00
    130.772     8.6625   3.599024    34.0507       1466     6.1042  0.000e+00
    130.682     8.6624   3.599094    34.0516       1467     6.1083  0.000e+00
    130.613     8.6623   3.599126    34.0521       1468     6.1125  0.000e+00
    130.534     8.6624   3.599050    34.0512       1469     6.1167  0.000e+00
    130.465     8.6624   3.599024    34.0510       1470     6.1208  0.000e+00
    130.399     8.6621   3.598979    34.0508       1471     6.1250  0.000e+00
    130.341     8.6620   3.599005    34.0512       1472     6.1292  0.000e+00
    130.275     8.6620   3.599139    34.0527       1473     6.1333  0.000e+00
    130.212     8.6623   3.599113    34.0521       1474     6.1375  0.000e+00
    130.146     8.6624   3.599037    34.0512       1475     6.1417  0.000e+00
    130.076     8.6625   3.599069    34.0515       1476     6.1458  0.000e+00
    129.998     8.6624   3.599024    34.0512       1477     6.1500  0.000e+00
    129.917     8.6624   3.598979    34.0508       1478     6.1542  0.000e+00
    129.826     8.6622   3.598979    34.0509       1479     6.1583  0.000e+00
    129.733     8.6620   3.599049    34.0520       1480     6.1625  0.000e+00
    129.636     8.6622   3.598934    34.0506       1481     6.1667  0.000e+00
    129.519     8.6618   3.598845    34.0500       1482     6.1708  0.000e+00
    129.410     8.6616   3.598845    34.0503       1483     6.1750  0.000e+00
    129.302     8.6615   3.598781    34.0498       1484     6.1792  0.000e+00
    129.169     8.6609   3.598781    34.0504       1485     6.1833  0.000e+00
    129.055     8.6608   3.598800    34.0508       1486     6.1875  0.000e+00
    128.952     8.6608   3.598762    34.0505       1487     6.1917  0.000e+00
    128.829     8.6607   3.598755    34.0505       1488     6.1958  0.000e+00
    128.714     8.6605   3.598691    34.0501       1489     6.2000  0.000e+00
    128.606     8.6605   3.598825    34.0515       1490     6.2042  0.000e+00
    128.506     8.6608   3.598825    34.0513       1491     6.2083  0.000e+00
    128.410     8.6610   3.598825    34.0511       1492     6.2125  0.000e+00
    128.322     8.6612   3.598825    34.0511       1493     6.2167  0.000e+00
    128.232     8.6612   3.598780    34.0506       1494     6.2208  0.000e+00
    128.157     8.6612   3.598691    34.0497       1495     6.2250  0.000e+00
    128.075     8.6608   3.598825    34.0515       1496     6.2292  0.000e+00
    128.000     8.6609   3.598844    34.0517       1497     6.2333  0.000e+00
    127.925     8.6612   3.598780    34.0507       1498     6.2375  0.000e+00
    127.849     8.6612   3.598780    34.0508       1499     6.2417  0.000e+00
    127.774     8.6612   3.598780    34.0509       1500     6.2458  0.000e+00
    127.696     8.6610   3.598672    34.0499       1501     6.2500  0.000e+00
    127.629     8.6608   3.598691    34.0503       1502     6.2542  0.000e+00
    127.551     8.6606   3.598716    34.0508       1503     6.2583  0.000e+00
    127.473     8.6606   3.598716    34.0508       1504     6.2625  0.000e+00
    127.391     8.6606   3.598889    34.0527       1505     6.2667  0.000e+00
    127.307     8.6611   3.598761    34.0509       1506     6.2708  0.000e+00
    127.235     8.6612   3.598716    34.0504       1507     6.2750  0.000e+00
    127.138     8.6612   3.598755    34.0509       1508     6.2792  0.000e+00
    127.048     8.6612   3.598780    34.0511       1509     6.2833  0.000e+00
    126.954     8.6613   3.598755    34.0508       1510     6.2875  0.000e+00
    126.867     8.6613   3.598799    34.0513       1511     6.2917  0.000e+00
    126.765     8.6614   3.598978    34.0532       1512     6.2958  0.000e+00
    126.671     8.6619   3.598997    34.0529       1513     6.3000  0.000e+00
    126.578     8.6624   3.598978    34.0523       1514     6.3042  0.000e+00
    126.478     8.6625   3.599023    34.0527       1515     6.3083  0.000e+00
    126.391     8.6628   3.599003    34.0523       1516     6.3125  0.000e+00
    126.303     8.6629   3.599003    34.0522       1517     6.3167  0.000e+00
    126.207     8.6629   3.599112    34.0534       1518     6.3208  0.000e+00
    126.126     8.6632   3.599272    34.0548       1519     6.3250  0.000e+00
    126.038     8.6639   3.599246    34.0540       1520     6.3292  0.000e+00
    125.948     8.6642   3.599201    34.0532       1521     6.3333  0.000e+00
    125.867     8.6645   3.599067    34.0516       1522     6.3375  0.000e+00
    125.788     8.6641   3.599137    34.0527       1523     6.3417  0.000e+00
    125.704     8.6636   3.597707    34.0382       1524     6.3458  0.000e+00
    125.625     8.6600   3.595970    34.0234       1525     6.3500  0.000e+00
    125.553     8.6524   3.594923    34.0197       1526     6.3542  0.000e+00
    125.466     8.6449   3.593742    34.0145       1527     6.3583  0.000e+00
    125.381     8.6375   3.593589    34.0201       1528     6.3625  0.000e+00
    125.297     8.6327   3.594993    34.0396       1529     6.3667  0.000e+00
    125.225     8.6335   3.595747    34.0468       1530     6.3708  0.000e+00
    125.143     8.6367   3.594527    34.0309       1531     6.3750  0.000e+00
    125.068     8.6359   3.592919    34.0147       1532     6.3792  0.000e+00
    124.984     8.6312   3.592568    34.0156       1533     6.3833  0.000e+00
    124.905     8.6266   3.592746    34.0219       1534     6.3875  0.000e+00
    124.812     8.6241   3.592721    34.0240       1535     6.3917  0.000e+00
    124.727     8.6236   3.593697    34.0349       1536     6.3958  0.000e+00
    124.634     8.6253   3.593321    34.0294       1537     6.4000  0.000e+00
    124.550     8.6259   3.593857    34.0344       1538     6.4042  0.000e+00
    124.456     8.6277   3.594967    34.0445       1539     6.4083  0.000e+00
    124.357     8.6313   3.595874    34.0506       1540     6.4125  0.000e+00
    124.260     8.6367   3.596729    34.0544       1541     6.4167  0.000e+00
    124.149     8.6421   3.594610    34.0270       1542     6.4208  0.000e+00
    124.040     8.6407   3.596014    34.0432       1543     6.4250  0.000e+00
    123.932     8.6409   3.597444    34.0581       1544     6.4292  0.000e+00
    123.826     8.6461   3.597732    34.0561       1545     6.4333  0.000e+00
    123.727     8.6505   3.597636    34.0510       1546     6.4375  0.000e+00
    123.621     8.6531   3.597821    34.0505       1547     6.4417  0.000e+00
    123.519     8.6547   3.598313    34.0542       1548     6.4458  0.000e+00
    123.414     8.6563   3.598645    34.0562       1549     6.4500  0.000e+00
    123.311     8.6586   3.598491    34.0523       1550     6.4542  0.000e+00
    123.224     8.6597   3.597374    34.0396       1551     6.4583  0.000e+00
    123.121     8.6560   3.591852    33.9850       1552     6.4625  0.000e+00
    123.034     8.6406   3.590620    33.9869       1553     6.4667  0.000e+00
    122.943     8.6253   3.590321    33.9985       1554     6.4708  0.000e+00
    122.850     8.6161   3.590563    34.0100       1555     6.4750  0.000e+00
    122.760     8.6117   3.589070    33.9985       1556     6.4792  0.000e+00
    122.681     8.6068   3.589319    34.0059       1557     6.4833  0.000e+00
    122.594     8.6036   3.590116    34.0174       1558     6.4875  0.000e+00
    122.506     8.6040   3.588962    34.0048       1559     6.4917  0.000e+00
    122.425     8.6021   3.588796    34.0050       1560     6.4958  0.000e+00
    122.350     8.5999   3.588872    34.0080       1561     6.5000  0.000e+00
    122.268     8.5990   3.588560    34.0056       1562     6.5042  0.000e+00
    122.193     8.5977   3.588496    34.0061       1563     6.5083  0.000e+00
    122.109     8.5967   3.588381    34.0060       1564     6.5125  0.000e+00
    122.030     8.5960   3.588298    34.0058       1565     6.5167  0.000e+00
    121.952     8.5952   3.588343    34.0071       1566     6.5208  0.000e+00
    121.883     8.5950   3.588228    34.0061       1567     6.5250  0.000e+00
    121.798     8.5947   3.588604    34.0104       1568     6.5292  0.000e+00
    121.726     8.5953   3.588898    34.0130       1569     6.5333  0.000e+00
    121.648     8.5964   3.588719    34.0100       1570     6.5375  0.000e+00
    121.560     8.5971   3.588649    34.0087       1571     6.5417  0.000e+00
    121.482     8.5971   3.587870    34.0005       1572     6.5458  0.000e+00
    121.401     8.5952   3.587654    34.0001       1573     6.5500  0.000e+00
    121.310     8.5930   3.587583    34.0015       1574     6.5542  0.000e+00
    121.223     8.5917   3.587634    34.0033       1575     6.5583  0.000e+00
    121.126     8.5909   3.588451    34.0127       1576     6.5625  0.000e+00
    121.024     8.5926   3.588649    34.0133       1577     6.5667  0.000e+00
    120.927     8.5951   3.589561    34.0205       1578     6.5708  0.000e+00
    120.828     8.5983   3.588208    34.0032       1579     6.5750  0.000e+00
    120.722     8.5974   3.588138    34.0034       1580     6.5792  0.000e+00
    120.617     8.5956   3.588227    34.0061       1581     6.5833  0.000e+00
    120.521     8.5951   3.588853    34.0132       1582     6.5875  0.000e+00
    120.412     8.5964   3.588438    34.0076       1583     6.5917  0.000e+00
    120.313     8.5966   3.587475    33.9974       1584     6.5958  0.000e+00
    120.213     8.5930   3.583297    33.9569       1585     6.6000  0.000e+00
    120.114     8.5806   3.579422    33.9279       1586     6.6042  0.000e+00
    120.017     8.5621   3.577096    33.9212       1587     6.6083  0.000e+00
    119.936     8.5435   3.576963    33.9377       1588     6.6125  0.000e+00
    119.855     8.5318   3.576721    33.9464       1589     6.6167  0.000e+00
    119.773     8.5257   3.576606    33.9512       1590     6.6208  0.000e+00
    119.689     8.5224   3.576606    33.9543       1591     6.6250  0.000e+00
    119.604     8.5208   3.576523    33.9551       1592     6.6292  0.000e+00
    119.523     8.5196   3.576364    33.9546       1593     6.6333  0.000e+00
    119.439     8.5185   3.576255    33.9545       1594     6.6375  0.000e+00
    119.351     8.5177   3.576255    33.9553       1595     6.6417  0.000e+00
    119.273     8.5174   3.576230    33.9554       1596     6.6458  0.000e+00
    119.189     8.5171   3.576141    33.9548       1597     6.6500  0.000e+00
    119.089     8.5167   3.576141    33.9552       1598     6.6542  0.000e+00
    118.993     8.5166   3.576122    33.9552       1599     6.6583  0.000e+00
    118.899     8.5162   3.576122    33.9556       1600     6.6625  0.000e+00
    118.800     8.5161   3.576141    33.9559       1601     6.6667  0.000e+00
    118.691     8.5164   3.576102    33.9552       1602     6.6708  0.000e+00
    118.589     8.5164   3.576166    33.9560       1603     6.6750  0.000e+00
    118.489     8.5163   3.576032    33.9547       1604     6.6792  0.000e+00
    118.390     8.5161   3.575879    33.9534       1605     6.6833  0.000e+00
    118.297     8.5156   3.575968    33.9548       1606     6.6875  0.000e+00
    118.194     8.5154   3.576007    33.9555       1607     6.6917  0.000e+00
    118.101     8.5156   3.575790    33.9531       1608     6.6958  0.000e+00
    118.001     8.5152   3.575586    33.9513       1609     6.7000  0.000e+00
    117.899     8.5143   3.575612    33.9525       1610     6.7042  0.000e+00
    117.796     8.5137   3.575459    33.9515       1611     6.7083  0.000e+00
    117.700     8.5131   3.575427    33.9518       1612     6.7125  0.000e+00
    117.609     8.5126   3.575210    33.9500       1613     6.7167  0.000e+00
    117.516     8.5119   3.575166    33.9503       1614     6.7208  0.000e+00
    117.426     8.5111   3.574923    33.9485       1615     6.7250  0.000e+00
    117.326     8.5101   3.574771    33.9479       1616     6.7292  0.000e+00
    117.236     8.5091   3.574904    33.9503       1617     6.7333  0.000e+00
    117.133     8.5090   3.575255    33.9542       1618     6.7375  0.000e+00
    117.052     8.5094   3.574019    33.9408       1619     6.7417  0.000e+00
    116.952     8.5073   3.574019    33.9428       1620     6.7458  0.000e+00
    116.865     8.5052   3.574325    33.9481       1621     6.7500  0.000e+00
    116.790     8.5051   3.574840    33.9537       1622     6.7542  0.000e+00
    116.696     8.5064   3.574879    33.9529       1623     6.7583  0.000e+00
    116.618     8.5075   3.574286    33.9456       1624     6.7625  0.000e+00
    116.534     8.5066   3.573930    33.9428       1625     6.7667  0.000e+00
    116.452     8.5049   3.573910    33.9443       1626     6.7708  0.000e+00
    116.368     8.5036   3.573509    33.9413       1627     6.7750  0.000e+00
    116.299     8.5024   3.573598    33.9435       1628     6.7792  0.000e+00
    116.220     8.5013   3.573152    33.9398       1629     6.7833  0.000e+00
    116.151     8.4995   3.571764    33.9269       1630     6.7875  0.000e+00
    116.076     8.4951   3.571720    33.9307       1631     6.7917  0.000e+00
    115.997     8.4916   3.571592    33.9328       1632     6.7958  0.000e+00
    115.928     8.4894   3.571229    33.9310       1633     6.8000  0.000e+00
    115.849     8.4874   3.571057    33.9312       1634     6.8042  0.000e+00
    115.765     8.4859   3.570987    33.9319       1635     6.8083  0.000e+00
    115.669     8.4846   3.570306    33.9260       1636     6.8125  0.000e+00
    115.578     8.4822   3.569027    33.9149       1637     6.8167  0.000e+00
    115.479     8.4776   3.568536    33.9142       1638     6.8208  0.000e+00
    115.370     8.4729   3.568606    33.9195       1639     6.8250  0.000e+00
    115.268     8.4701   3.568339    33.9194       1640     6.8292  0.000e+00
    115.147     8.4682   3.567677    33.9142       1641     6.8333  0.000e+00
    115.039     8.4655   3.567015    33.9099       1642     6.8375  0.000e+00
    114.921     8.4618   3.566245    33.9054       1643     6.8417  0.000e+00
    114.792     8.4577   3.565768    33.9043       1644     6.8458  0.000e+00
    114.665     8.4538   3.565672    33.9071       1645     6.8500  0.000e+00
    114.548     8.4515   3.565316    33.9057       1646     6.8542  0.000e+00
    114.436     8.4490   3.565119    33.9060       1647     6.8583  0.000e+00
    114.325     8.4472   3.565011    33.9067       1648     6.8625  0.000e+00
    114.234     8.4462   3.564877    33.9062       1649     6.8667  0.000e+00
    114.144     8.4453   3.564323    33.9012       1650     6.8708  0.000e+00
    114.062     8.4432   3.564234    33.9025       1651     6.8750  0.000e+00
