HB2302/sbe116.cnv
* Sea-Bird SBE 19plus V2 Data File:
* FileName = C:\cruise\data\sbe116.hex
* Software Version Seasave V 7.26.7.121
* Temperature SN = 4758
* Conductivity SN = 4758
* System UpLoad Time = Jun 19 2023 08:32:21
* NMEA Latitude = 42 21.65 N
* NMEA Longitude = 067 21.80 W
* NMEA UTC (Time) = Jun 19 2023 08:32:21
** Cruise: HB2302
** Program: Ecomon
** Chief Scientist: Jerry Prezioso
# nquan = 7
# nvalues = 5585                                  
# units = specified
# name 0 = depSM: Depth [salt water, m]
# name 1 = tv290C: Temperature [ITS-90, deg C]
# name 2 = c0S/m: Conductivity [S/m]
# name 3 = sal00: Salinity, Practical [PSU]
# name 4 = scan: Scan Count
# name 5 = timeM: Time, Elapsed [minutes]
# name 6 = flag:  0.000e+00
# span 0 =     -0.088,    325.071                 
# span 1 =     7.1682,    11.6272                 
# span 2 =   0.000361,   3.778857                 
# span 3 =     0.0071,    35.0485                 
# span 4 =         11,       5595                 
# span 5 =     0.0417,    23.3083                 
# span 6 = 0.0000e+00, 0.0000e+00                 
# interval = seconds: 0.25
# start_time = Jun 19 2023 08:32:21 [NMEA time, header]
# bad_flag = -9.990e-29
*END*
[from data line 5129]
     34.691     7.9287   3.361399    32.2715       5140    21.4125  0.000e+00
     34.558     7.9301   3.361629    32.2727       5141    21.4167  0.000e+00
     34.438     7.9322   3.361691    32.2714       5142    21.4208  0.000e+00
     34.311     7.9341   3.361815    32.2711       5143    21.4250  0.000e+00
     34.188     7.9358   3.362057    32.2722       5144    21.4292  0.000e+00
     34.082     7.9382   3.362636    32.2761       5145    21.4333  0.000e+00
     33.971     7.9425   3.363233    32.2786       5146    21.4375  0.000e+00
     33.877     7.9490   3.363699    32.2776       5147    21.4417  0.000e+00
     33.796     7.9558   3.364097    32.2756       5148    21.4458  0.000e+00
     33.717     7.9621   3.364221    32.2711       5149    21.4500  0.000e+00
     33.651     7.9666   3.364264    32.2675       5150    21.4542  0.000e+00
     33.603     7.9694   3.364364    32.2660       5151    21.4583  0.000e+00
     33.561     7.9712   3.364526    32.2661       5152    21.4625  0.000e+00
     33.530     7.9727   3.364656    32.2660       5153    21.4667  0.000e+00
     33.497     7.9745   3.364718    32.2651       5154    21.4708  0.000e+00
     33.470     7.9761   3.364718    32.2637       5155    21.4750  0.000e+00
     33.434     7.9770   3.364818    32.2639       5156    21.4792  0.000e+00
     33.410     7.9781   3.364955    32.2644       5157    21.4833  0.000e+00
     33.377     7.9793   3.365023    32.2639       5158    21.4875  0.000e+00
     33.337     7.9805   3.365085    32.2635       5159    21.4917  0.000e+00
     33.289     7.9814   3.365172    32.2637       5160    21.4958  0.000e+00
     33.229     7.9821   3.365272    32.2641       5161    21.5000  0.000e+00
     33.157     7.9834   3.365545    32.2659       5162    21.5042  0.000e+00
     33.078     7.9854   3.365912    32.2679       5163    21.5083  0.000e+00
     32.988     7.9887   3.366105    32.2669       5164    21.5125  0.000e+00
     32.882     7.9921   3.366348    32.2665       5165    21.5167  0.000e+00
     32.780     7.9952   3.366634    32.2667       5166    21.5208  0.000e+00
     32.662     7.9985   3.366715    32.2646       5167    21.5250  0.000e+00
     32.544     8.0012   3.366758    32.2626       5168    21.5292  0.000e+00
     32.427     8.0028   3.367106    32.2648       5169    21.5333  0.000e+00
     32.306     8.0056   3.367604    32.2677       5170    21.5375  0.000e+00
     32.198     8.0097   3.367872    32.2668       5171    21.5417  0.000e+00
     32.095     8.0142   3.368108    32.2652       5172    21.5458  0.000e+00
     32.005     8.0181   3.368326    32.2640       5173    21.5500  0.000e+00
     31.917     8.0213   3.368388    32.2617       5174    21.5542  0.000e+00
     31.839     8.0238   3.368531    32.2609       5175    21.5583  0.000e+00
     31.776     8.0256   3.368655    32.2606       5176    21.5625  0.000e+00
     31.712     8.0275   3.368736    32.2598       5177    21.5667  0.000e+00
     31.649     8.0291   3.368798    32.2589       5178    21.5708  0.000e+00
     31.595     8.0306   3.368910    32.2589       5179    21.5750  0.000e+00
     31.528     8.0319   3.368985    32.2584       5180    21.5792  0.000e+00
     31.471     8.0332   3.369091    32.2584       5181    21.5833  0.000e+00
     31.402     8.0350   3.369931    32.2657       5182    21.5875  0.000e+00
     31.329     8.0398   3.370223    32.2644       5183    21.5917  0.000e+00
     31.257     8.0454   3.370428    32.2614       5184    21.5958  0.000e+00
     31.170     8.0501   3.370640    32.2594       5185    21.6000  0.000e+00
     31.085     8.0540   3.370908    32.2587       5186    21.6042  0.000e+00
     31.010     8.0575   3.371038    32.2569       5187    21.6083  0.000e+00
     30.922     8.0608   3.371399    32.2578       5188    21.6125  0.000e+00
     30.850     8.0642   3.371605    32.2568       5189    21.6167  0.000e+00
     30.781     8.0676   3.372271    32.2608       5190    21.6208  0.000e+00
     30.714     8.0733   3.373839    32.2722       5191    21.6250  0.000e+00
     30.651     8.0841   3.375109    32.2757       5192    21.6292  0.000e+00
     30.591     8.0981   3.375994    32.2723       5193    21.6333  0.000e+00
     30.524     8.1116   3.377258    32.2733       5194    21.6375  0.000e+00
     30.458     8.1269   3.379749    32.2857       5195    21.6417  0.000e+00
     30.383     8.1494   3.381918    32.2879       5196    21.6458  0.000e+00
     30.304     8.1778   3.383962    32.2835       5197    21.6500  0.000e+00
     30.211     8.2064   3.385919    32.2780       5198    21.6542  0.000e+00
     30.114     8.2349   3.387353    32.2669       5199    21.6583  0.000e+00
     30.009     8.2611   3.389847    32.2693       5200    21.6625  0.000e+00
     29.897     8.2894   3.391843    32.2644       5201    21.6667  0.000e+00
     29.783     8.3176   3.393409    32.2551       5202    21.6708  0.000e+00
     29.677     8.3438   3.395169    32.2497       5203    21.6750  0.000e+00
     29.575     8.3695   3.396779    32.2432       5204    21.6792  0.000e+00
     29.472     8.3944   3.398533    32.2389       5205    21.6833  0.000e+00
     29.391     8.4196   3.399732    32.2285       5206    21.6875  0.000e+00
     29.324     8.4425   3.400912    32.2200       5207    21.6917  0.000e+00
     29.267     8.4622   3.400930    32.2022       5208    21.6958  0.000e+00
     29.219     8.4746   3.401336    32.1951       5209    21.7000  0.000e+00
     29.180     8.4825   3.401723    32.1920       5210    21.7042  0.000e+00
     29.152     8.4887   3.401929    32.1886       5211    21.7083  0.000e+00
     29.119     8.4938   3.402454    32.1895       5212    21.7125  0.000e+00
     29.089     8.4989   3.403079    32.1913       5213    21.7167  0.000e+00
     29.056     8.5056   3.404103    32.1960       5214    21.7208  0.000e+00
     29.005     8.5153   3.405778    32.2047       5215    21.7250  0.000e+00
     28.944     8.5304   3.409940    32.2347       5216    21.7292  0.000e+00
     28.872     8.5583   3.412979    32.2411       5217    21.7333  0.000e+00
     28.782     8.5940   3.415850    32.2386       5218    21.7375  0.000e+00
     28.679     8.6309   3.419755    32.2458       5219    21.7417  0.000e+00
     28.562     8.6714   3.422928    32.2422       5220    21.7458  0.000e+00
     28.435     8.7105   3.427218    32.2514       5221    21.7500  0.000e+00
     28.299     8.7539   3.433146    32.2739       5222    21.7542  0.000e+00
     28.173     8.8110   3.438281    32.2755       5223    21.7583  0.000e+00
     28.034     8.8792   3.447424    32.3086       5224    21.7625  0.000e+00
     27.910     8.9621   3.454767    32.3096       5225    21.7667  0.000e+00
     27.787     9.0519   3.459977    32.2821       5226    21.7708  0.000e+00
     27.672     9.1350   3.462611    32.2342       5227    21.7750  0.000e+00
     27.573     9.1965   3.466266    32.2164       5228    21.7792  0.000e+00
     27.482     9.2484   3.469594    32.2039       5229    21.7833  0.000e+00
     27.401     9.2951   3.471948    32.1861       5230    21.7875  0.000e+00
     27.325     9.3349   3.474662    32.1782       5231    21.7917  0.000e+00
     27.247     9.3678   3.475216    32.1544       5232    21.7958  0.000e+00
     27.178     9.3916   3.476010    32.1412       5233    21.8000  0.000e+00
     27.099     9.4073   3.478170    32.1493       5234    21.8042  0.000e+00
     27.036     9.4287   3.488220    32.2332       5235    21.8083  0.000e+00
     26.966     9.4837   3.492112    32.2237       5236    21.8125  0.000e+00
     26.900     9.5452   3.494024    32.1880       5237    21.8167  0.000e+00
     26.831     9.5924   3.495835    32.1642       5238    21.8208  0.000e+00
     26.777     9.6273   3.496763    32.1426       5239    21.8250  0.000e+00
     26.725     9.6514   3.497344    32.1269       5240    21.8292  0.000e+00
     26.677     9.6673   3.497729    32.1166       5241    21.8333  0.000e+00
     26.644     9.6783   3.498695    32.1167       5242    21.8375  0.000e+00
     26.614     9.6874   3.498461    32.1062       5243    21.8417  0.000e+00
     26.593     9.6917   3.498461    32.1024       5244    21.8458  0.000e+00
     26.584     9.6937   3.499004    32.1061       5245    21.8500  0.000e+00
     26.565     9.6962   3.498853    32.1023       5246    21.8542  0.000e+00
     26.547     9.6981   3.499389    32.1061       5247    21.8583  0.000e+00
     26.508     9.7015   3.501354    32.1231       5248    21.8625  0.000e+00
     26.451     9.7127   3.504551    32.1457       5249    21.8667  0.000e+00
     26.370     9.7356   3.507212    32.1524       5250    21.8708  0.000e+00
     26.258     9.7649   3.512150    32.1766       5251    21.8750  0.000e+00
     26.119     9.8067   3.522175    32.2411       5252    21.8792  0.000e+00
     25.959     9.8773   3.528097    32.2383       5253    21.8833  0.000e+00
     25.775     9.9563   3.531911    32.2065       5254    21.8875  0.000e+00
     25.570    10.0231   3.534548    32.1737       5255    21.8917  0.000e+00
     25.353    10.0751   3.539292    32.1755       5256    21.8958  0.000e+00
     25.121    10.1248   3.545022    32.1893       5257    21.9000  0.000e+00
     24.910    10.1826   3.548070    32.1688       5258    21.9042  0.000e+00
     24.711    10.2363   3.549384    32.1345       5259    21.9083  0.000e+00
     24.533    10.2746   3.549713    32.1040       5260    21.9125  0.000e+00
     24.403    10.2971   3.549866    32.0857       5261    21.9167  0.000e+00
     24.304    10.3093   3.550240    32.0787       5262    21.9208  0.000e+00
     24.247    10.3167   3.549929    32.0690       5263    21.9250  0.000e+00
     24.226    10.3194   3.549954    32.0669       5264    21.9292  0.000e+00
     24.235    10.3200   3.549821    32.0651       5265    21.9333  0.000e+00
     24.277    10.3189   3.549579    32.0636       5266    21.9375  0.000e+00
     24.322    10.3170   3.549535    32.0648       5267    21.9417  0.000e+00
     24.376    10.3149   3.549008    32.0614       5268    21.9458  0.000e+00
     24.440    10.3114   3.548703    32.0613       5269    21.9500  0.000e+00
     24.494    10.3073   3.548525    32.0631       5270    21.9542  0.000e+00
     24.527    10.3040   3.548551    32.0663       5271    21.9583  0.000e+00
     24.533    10.3015   3.548722    32.0702       5272    21.9625  0.000e+00
     24.515    10.3008   3.548068    32.0642       5273    21.9667  0.000e+00
     24.464    10.2987   3.548945    32.0750       5274    21.9708  0.000e+00
     24.385    10.2988   3.548240    32.0678       5275    21.9750  0.000e+00
     24.286    10.2978   3.549129    32.0777       5276    21.9792  0.000e+00
     24.156    10.2987   3.550456    32.0903       5277    21.9833  0.000e+00
     24.002    10.3073   3.550920    32.0873       5278    21.9875  0.000e+00
     23.837    10.3160   3.551663    32.0873       5279    21.9917  0.000e+00
     23.656    10.3251   3.553181    32.0945       5280    21.9958  0.000e+00
     23.478    10.3387   3.554872    32.0995       5281    22.0000  0.000e+00
     23.306    10.3563   3.556346    32.0988       5282    22.0042  0.000e+00
     23.134    10.3760   3.558189    32.1000       5283    22.0083  0.000e+00
     22.977    10.3975   3.559092    32.0902       5284    22.0125  0.000e+00
     22.838    10.4164   3.560065    32.0833       5285    22.0167  0.000e+00
     22.715    10.4324   3.561184    32.0804       5286    22.0208  0.000e+00
     22.621    10.4476   3.562265    32.0778       5287    22.0250  0.000e+00
     22.543    10.4629   3.562945    32.0713       5288    22.0292  0.000e+00
     22.474    10.4755   3.563187    32.0626       5289    22.0333  0.000e+00
     22.416    10.4849   3.563346    32.0559       5290    22.0375  0.000e+00
     22.371    10.4907   3.563740    32.0548       5291    22.0417  0.000e+00
     22.320    10.4953   3.564421    32.0576       5292    22.0458  0.000e+00
     22.272    10.5014   3.565591    32.0639       5293    22.0500  0.000e+00
     22.211    10.5111   3.566406    32.0635       5294    22.0542  0.000e+00
     22.154    10.5213   3.566189    32.0525       5295    22.0583  0.000e+00
     22.066    10.5272   3.567201    32.0574       5296    22.0625  0.000e+00
     21.985    10.5342   3.568659    32.0658       5297    22.0667  0.000e+00
     21.886    10.5461   3.569231    32.0611       5298    22.0708  0.000e+00
     21.783    10.5580   3.570600    32.0644       5299    22.0750  0.000e+00
     21.671    10.5710   3.571574    32.0626       5300    22.0792  0.000e+00
     21.566    10.5851   3.573057    32.0651       5301    22.0833  0.000e+00
     21.454    10.6005   3.573433    32.0554       5302    22.0875  0.000e+00
     21.358    10.6126   3.573675    32.0472       5303    22.0917  0.000e+00
     21.270    10.6209   3.574356    32.0468       5304    22.0958  0.000e+00
     21.180    10.6282   3.575401    32.0508       5305    22.1000  0.000e+00
     21.107    10.6376   3.575776    32.0463       5306    22.1042  0.000e+00
     21.056    10.6462   3.575821    32.0392       5307    22.1083  0.000e+00
     20.999    10.6508   3.576573    32.0427       5308    22.1125  0.000e+00
     20.948    10.6571   3.576815    32.0396       5309    22.1167  0.000e+00
     20.896    10.6621   3.577280    32.0398       5310    22.1208  0.000e+00
     20.845    10.6675   3.577700    32.0393       5311    22.1250  0.000e+00
     20.788    10.6729   3.577968    32.0373       5312    22.1292  0.000e+00
     20.727    10.6775   3.577942    32.0330       5313    22.1333  0.000e+00
     20.667    10.6802   3.578235    32.0336       5314    22.1375  0.000e+00
     20.586    10.6827   3.579338    32.0424       5315    22.1417  0.000e+00
     20.507    10.6892   3.579497    32.0383       5316    22.1458  0.000e+00
     20.417    10.6951   3.579694    32.0351       5317    22.1500  0.000e+00
     20.317    10.6995   3.580465    32.0390       5318    22.1542  0.000e+00
     20.209    10.7057   3.581001    32.0389       5319    22.1583  0.000e+00
     20.100    10.7126   3.581268    32.0356       5320    22.1625  0.000e+00
     19.995    10.7177   3.581109    32.0296       5321    22.1667  0.000e+00
     19.871    10.7210   3.582377    32.0394       5322    22.1708  0.000e+00
     19.756    10.7275   3.583958    32.0494       5323    22.1750  0.000e+00
     19.627    10.7399   3.584570    32.0446       5324    22.1792  0.000e+00
     19.506    10.7521   3.585367    32.0419       5325    22.1833  0.000e+00
     19.392    10.7630   3.587057    32.0492       5326    22.1875  0.000e+00
     19.274    10.7774   3.589411    32.0600       5327    22.1917  0.000e+00
     19.168    10.7979   3.590655    32.0545       5328    22.1958  0.000e+00
     19.072    10.8181   3.591235    32.0425       5329    22.2000  0.000e+00
     18.993    10.8331   3.591592    32.0330       5330    22.2042  0.000e+00
     18.933    10.8429   3.591790    32.0264       5331    22.2083  0.000e+00
     18.879    10.8492   3.591988    32.0229       5332    22.2125  0.000e+00
     18.828    10.8534   3.592390    32.0233       5333    22.2167  0.000e+00
     18.773    10.8573   3.592703    32.0229       5334    22.2208  0.000e+00
     18.740    10.8617   3.592926    32.0214       5335    22.2250  0.000e+00
     18.689    10.8648   3.593194    32.0213       5336    22.2292  0.000e+00
     18.635    10.8678   3.593290    32.0196       5337    22.2333  0.000e+00
     18.565    10.8702   3.593481    32.0195       5338    22.2375  0.000e+00
     18.484    10.8722   3.593749    32.0204       5339    22.2417  0.000e+00
     18.390    10.8747   3.593858    32.0193       5340    22.2458  0.000e+00
     18.294    10.8768   3.593972    32.0187       5341    22.2500  0.000e+00
     18.185    10.8784   3.594464    32.0222       5342    22.2542  0.000e+00
     18.071    10.8817   3.595153    32.0262       5343    22.2583  0.000e+00
