HB2302/sbe141.cnv
* Sea-Bird SBE 19plus V2 Data File:
* FileName = C:\cruise\data\sbe141.hex
* Software Version Seasave V 7.26.7.121
* Temperature SN = 4758
* Conductivity SN = 4758
* System UpLoad Time = Jun 21 2023 10:00:47
* NMEA Latitude = 43 19.91 N
* NMEA Longitude = 068 44.72 W
* NMEA UTC (Time) = Jun 21 2023 10:00:47
** Cruise: HB2302
** Program: Ecomon
** Chief Scientist: Jerry Prezioso
# nquan = 7
# nvalues = 2668                                  
# units = specified
# name 0 = depSM: Depth [salt water, m]
# name 1 = tv290C: Temperature [ITS-90, deg C]
# name 2 = c0S/m: Conductivity [S/m]
# name 3 = sal00: Salinity, Practical [PSU]
# name 4 = scan: Scan Count
# name 5 = timeM: Time, Elapsed [minutes]
# name 6 = flag:  0.000e+00
# span 0 =      0.017,    116.320                 
# span 1 =     7.3918,    11.3751                 
# span 2 =   0.001742,   3.587168                 
# span 3 =     0.0143,    32.7237                 
# span 4 =         11,       2678                 
# span 5 =     0.0417,    11.1542                 
# span 6 = 0.0000e+00, 0.0000e+00                 
# interval = seconds: 0.25
# start_time = Jun 21 2023 10:00:47 [NMEA time, header]
# bad_flag = -9.990e-29
*END*
[from data line 1436]
     60.457     7.7211   3.334251    32.1615       1447     6.0250  0.000e+00
     60.352     7.7249   3.334357    32.1591       1448     6.0292  0.000e+00
     60.240     7.7282   3.334456    32.1572       1449     6.0333  0.000e+00
     60.125     7.7323   3.334890    32.1581       1450     6.0375  0.000e+00
     60.017     7.7405   3.335026    32.1520       1451     6.0417  0.000e+00
     59.905     7.7491   3.335255    32.1466       1452     6.0458  0.000e+00
     59.794     7.7564   3.335311    32.1405       1453     6.0500  0.000e+00
     59.682     7.7619   3.335435    32.1368       1454     6.0542  0.000e+00
     59.574     7.7666   3.335447    32.1327       1455     6.0583  0.000e+00
     59.459     7.7700   3.335496    32.1301       1456     6.0625  0.000e+00
     59.342     7.7719   3.335620    32.1297       1457     6.0667  0.000e+00
     59.227     7.7743   3.335639    32.1278       1458     6.0708  0.000e+00
     59.110     7.7764   3.335707    32.1267       1459     6.0750  0.000e+00
     58.992     7.7782   3.335719    32.1251       1460     6.0792  0.000e+00
     58.877     7.7794   3.335682    32.1237       1461     6.0833  0.000e+00
     58.760     7.7796   3.335719    32.1240       1462     6.0875  0.000e+00
     58.648     7.7798   3.335663    32.1232       1463     6.0917  0.000e+00
     58.537     7.7798   3.335676    32.1234       1464     6.0958  0.000e+00
     58.419     7.7798   3.335707    32.1238       1465     6.1000  0.000e+00
     58.308     7.7800   3.335738    32.1240       1466     6.1042  0.000e+00
     58.193     7.7805   3.335725    32.1234       1467     6.1083  0.000e+00
     58.088     7.7810   3.335719    32.1230       1468     6.1125  0.000e+00
     57.979     7.7811   3.335725    32.1230       1469     6.1167  0.000e+00
     57.874     7.7811   3.335762    32.1234       1470     6.1208  0.000e+00
     57.771     7.7815   3.335793    32.1234       1471     6.1250  0.000e+00
     57.672     7.7823   3.335843    32.1233       1472     6.1292  0.000e+00
     57.569     7.7834   3.335942    32.1234       1473     6.1333  0.000e+00
     57.467     7.7850   3.335843    32.1209       1474     6.1375  0.000e+00
     57.361     7.7857   3.335923    32.1212       1475     6.1417  0.000e+00
     57.262     7.7863   3.336004    32.1215       1476     6.1458  0.000e+00
     57.159     7.7878   3.336351    32.1239       1477     6.1500  0.000e+00
     57.057     7.7918   3.336394    32.1207       1478     6.1542  0.000e+00
     56.948     7.7962   3.336394    32.1167       1479     6.1583  0.000e+00
     56.849     7.7984   3.336307    32.1138       1480     6.1625  0.000e+00
     56.746     7.7987   3.336227    32.1127       1481     6.1667  0.000e+00
     56.653     7.7975   3.336264    32.1143       1482     6.1708  0.000e+00
     56.550     7.7970   3.336512    32.1174       1483     6.1750  0.000e+00
     56.454     7.7995   3.336716    32.1173       1484     6.1792  0.000e+00
     56.357     7.8041   3.336660    32.1126       1485     6.1833  0.000e+00
     56.255     7.8070   3.336908    32.1126       1486     6.1875  0.000e+00
     56.161     7.8108   3.336902    32.1090       1487     6.1917  0.000e+00
     56.059     7.8137   3.336970    32.1072       1488     6.1958  0.000e+00
     55.968     7.8156   3.336964    32.1054       1489     6.2000  0.000e+00
     55.860     7.8169   3.337014    32.1048       1490     6.2042  0.000e+00
     55.763     7.8175   3.337026    32.1044       1491     6.2083  0.000e+00
     55.664     7.8183   3.337057    32.1041       1492     6.2125  0.000e+00
     55.561     7.8193   3.337106    32.1038       1493     6.2167  0.000e+00
     55.456     7.8205   3.337168    32.1033       1494     6.2208  0.000e+00
     55.360     7.8219   3.337311    32.1036       1495     6.2250  0.000e+00
     55.260     7.8241   3.337658    32.1053       1496     6.2292  0.000e+00
     55.152     7.8286   3.337801    32.1027       1497     6.2333  0.000e+00
     55.049     7.8333   3.337943    32.1000       1498     6.2375  0.000e+00
     54.950     7.8370   3.337720    32.0943       1499     6.2417  0.000e+00
     54.847     7.8383   3.337875    32.0948       1500     6.2458  0.000e+00
     54.741     7.8392   3.338024    32.0955       1501     6.2500  0.000e+00
     54.639     7.8415   3.337961    32.0928       1502     6.2542  0.000e+00
     54.540     7.8422   3.337769    32.0902       1503     6.2583  0.000e+00
     54.440     7.8411   3.337881    32.0924       1504     6.2625  0.000e+00
     54.332     7.8407   3.337831    32.0924       1505     6.2667  0.000e+00
     54.223     7.8403   3.337819    32.0926       1506     6.2708  0.000e+00
     54.124     7.8400   3.337943    32.0942       1507     6.2750  0.000e+00
     54.018     7.8405   3.337961    32.0941       1508     6.2792  0.000e+00
     53.909     7.8415   3.338023    32.0939       1509     6.2833  0.000e+00
     53.795     7.8424   3.338129    32.0942       1510     6.2875  0.000e+00
     53.698     7.8444   3.338153    32.0927       1511     6.2917  0.000e+00
     53.596     7.8463   3.338166    32.0911       1512     6.2958  0.000e+00
     53.490     7.8472   3.338265    32.0914       1513     6.3000  0.000e+00
     53.394     7.8486   3.338290    32.0904       1514     6.3042  0.000e+00
     53.295     7.8497   3.338370    32.0903       1515     6.3083  0.000e+00
     53.195     7.8509   3.338432    32.0899       1516     6.3125  0.000e+00
     53.102     7.8526   3.338457    32.0886       1517     6.3167  0.000e+00
     53.005     7.8535   3.338413    32.0874       1518     6.3208  0.000e+00
     52.909     7.8538   3.338370    32.0867       1519     6.3250  0.000e+00
     52.821     7.8544   3.338451    32.0870       1520     6.3292  0.000e+00
     52.731     7.8549   3.338327    32.0853       1521     6.3333  0.000e+00
     52.643     7.8540   3.338432    32.0873       1522     6.3375  0.000e+00
     52.553     7.8542   3.338450    32.0873       1523     6.3417  0.000e+00
     52.457     7.8549   3.338302    32.0852       1524     6.3458  0.000e+00
     52.366     7.8540   3.338413    32.0872       1525     6.3500  0.000e+00
     52.273     7.8540   3.338519    32.0884       1526     6.3542  0.000e+00
     52.179     7.8554   3.338556    32.0876       1527     6.3583  0.000e+00
     52.080     7.8567   3.338605    32.0869       1528     6.3625  0.000e+00
     51.977     7.8578   3.338512    32.0849       1529     6.3667  0.000e+00
     51.887     7.8581   3.338518    32.0848       1530     6.3708  0.000e+00
     51.775     7.8579   3.338574    32.0856       1531     6.3750  0.000e+00
     51.670     7.8581   3.338605    32.0858       1532     6.3792  0.000e+00
     51.570     7.8586   3.338593    32.0853       1533     6.3833  0.000e+00
     51.456     7.8589   3.338587    32.0850       1534     6.3875  0.000e+00
     51.356     7.8592   3.338593    32.0848       1535     6.3917  0.000e+00
     51.251     7.8594   3.338605    32.0848       1536     6.3958  0.000e+00
     51.145     7.8593   3.338617    32.0851       1537     6.4000  0.000e+00
     51.052     7.8595   3.338667    32.0855       1538     6.4042  0.000e+00
     50.946     7.8600   3.338636    32.0847       1539     6.4083  0.000e+00
     50.859     7.8602   3.338710    32.0853       1540     6.4125  0.000e+00
     50.765     7.8610   3.338921    32.0869       1541     6.4167  0.000e+00
     50.675     7.8629   3.338983    32.0858       1542     6.4208  0.000e+00
     50.597     7.8650   3.339101    32.0852       1543     6.4250  0.000e+00
     50.515     7.8674   3.339206    32.0842       1544     6.4292  0.000e+00
     50.437     7.8693   3.339163    32.0820       1545     6.4333  0.000e+00
     50.361     7.8705   3.339640    32.0860       1546     6.4375  0.000e+00
     50.283     7.8737   3.339398    32.0806       1547     6.4417  0.000e+00
     50.211     7.8754   3.339640    32.0816       1548     6.4458  0.000e+00
     50.135     7.8771   3.339442    32.0780       1549     6.4500  0.000e+00
     50.060     7.8774   3.339454    32.0779       1550     6.4542  0.000e+00
     49.982     7.8765   3.338989    32.0738       1551     6.4583  0.000e+00
     49.906     7.8735   3.339125    32.0780       1552     6.4625  0.000e+00
     49.825     7.8719   3.339163    32.0799       1553     6.4667  0.000e+00
     49.740     7.8713   3.339063    32.0795       1554     6.4708  0.000e+00
     49.653     7.8707   3.339249    32.0820       1555     6.4750  0.000e+00
     49.566     7.8714   3.339435    32.0834       1556     6.4792  0.000e+00
     49.469     7.8735   3.339423    32.0814       1557     6.4833  0.000e+00
     49.382     7.8752   3.339696    32.0828       1558     6.4875  0.000e+00
     49.279     7.8782   3.339807    32.0812       1559     6.4917  0.000e+00
     49.192     7.8808   3.340024    32.0812       1560     6.4958  0.000e+00
     49.083     7.8841   3.340043    32.0785       1561     6.5000  0.000e+00
     48.987     7.8863   3.340024    32.0763       1562     6.5042  0.000e+00
     48.884     7.8872   3.339943    32.0747       1563     6.5083  0.000e+00
     48.791     7.8871   3.339937    32.0747       1564     6.5125  0.000e+00
     48.697     7.8871   3.340086    32.0763       1565     6.5167  0.000e+00
     48.598     7.8879   3.340241    32.0773       1566     6.5208  0.000e+00
     48.508     7.8898   3.340415    32.0774       1567     6.5250  0.000e+00
     48.420     7.8923   3.340346    32.0744       1568     6.5292  0.000e+00
     48.324     7.8935   3.340272    32.0726       1569     6.5333  0.000e+00
     48.242     7.8933   3.340173    32.0718       1570     6.5375  0.000e+00
     48.161     7.8928   3.340290    32.0735       1571     6.5417  0.000e+00
     48.092     7.8929   3.340346    32.0740       1572     6.5458  0.000e+00
     48.004     7.8934   3.340309    32.0733       1573     6.5500  0.000e+00
     47.923     7.8937   3.340346    32.0734       1574     6.5542  0.000e+00
     47.853     7.8940   3.340452    32.0743       1575     6.5583  0.000e+00
     47.784     7.8952   3.340712    32.0760       1576     6.5625  0.000e+00
     47.718     7.8974   3.340656    32.0734       1577     6.5667  0.000e+00
     47.648     7.8989   3.340718    32.0727       1578     6.5708  0.000e+00
     47.582     7.9002   3.340991    32.0745       1579     6.5750  0.000e+00
     47.522     7.9026   3.341295    32.0755       1580     6.5792  0.000e+00
     47.459     7.9064   3.341357    32.0727       1581     6.5833  0.000e+00
     47.392     7.9096   3.341295    32.0692       1582     6.5875  0.000e+00
     47.320     7.9108   3.341549    32.0708       1583     6.5917  0.000e+00
     47.253     7.9129   3.341251    32.0658       1584     6.5958  0.000e+00
     47.178     7.9130   3.341549    32.0688       1585     6.6000  0.000e+00
     47.103     7.9147   3.342374    32.0761       1586     6.6042  0.000e+00
     47.027     7.9208   3.342070    32.0673       1587     6.6083  0.000e+00
     46.955     7.9246   3.342808    32.0717       1588     6.6125  0.000e+00
     46.877     7.9311   3.343186    32.0698       1589     6.6167  0.000e+00
     46.789     7.9381   3.343360    32.0653       1590     6.6208  0.000e+00
     46.702     7.9433   3.344011    32.0674       1591     6.6250  0.000e+00
     46.620     7.9509   3.344241    32.0630       1592     6.6292  0.000e+00
     46.524     7.9577   3.344402    32.0585       1593     6.6333  0.000e+00
     46.433     7.9629   3.345085    32.0610       1594     6.6375  0.000e+00
     46.337     7.9700   3.345444    32.0584       1595     6.6417  0.000e+00
     46.250     7.9774   3.345835    32.0558       1596     6.6458  0.000e+00
     46.162     7.9840   3.346406    32.0559       1597     6.6500  0.000e+00
     46.072     7.9920   3.347064    32.0555       1598     6.6542  0.000e+00
     45.981     8.0021   3.347411    32.0500       1599     6.6583  0.000e+00
     45.888     8.0108   3.347778    32.0460       1600     6.6625  0.000e+00
     45.809     8.0178   3.348231    32.0444       1601     6.6667  0.000e+00
     45.728     8.0247   3.348727    32.0435       1602     6.6708  0.000e+00
     45.647     8.0317   3.349236    32.0425       1603     6.6750  0.000e+00
     45.574     8.0389   3.349522    32.0390       1604     6.6792  0.000e+00
     45.484     8.0458   3.349764    32.0353       1605     6.6833  0.000e+00
     45.408     8.0522   3.350279    32.0349       1606     6.6875  0.000e+00
     45.333     8.0589   3.350949    32.0359       1607     6.6917  0.000e+00
     45.252     8.0665   3.352067    32.0409       1608     6.6958  0.000e+00
     45.176     8.0767   3.353632    32.0481       1609     6.7000  0.000e+00
     45.107     8.0910   3.354595    32.0453       1610     6.7042  0.000e+00
     45.020     8.1053   3.355291    32.0397       1611     6.7083  0.000e+00
     44.950     8.1171   3.355663    32.0329       1612     6.7125  0.000e+00
     44.869     8.1261   3.356608    32.0346       1613     6.7167  0.000e+00
     44.790     8.1357   3.357353    32.0338       1614     6.7208  0.000e+00
     44.721     8.1462   3.357633    32.0272       1615     6.7250  0.000e+00
     44.646     8.1539   3.357807    32.0220       1616     6.7292  0.000e+00
     44.573     8.1590   3.358043    32.0199       1617     6.7333  0.000e+00
     44.495     8.1632   3.358701    32.0231       1618     6.7375  0.000e+00
     44.432     8.1688   3.359410    32.0255       1619     6.7417  0.000e+00
     44.350     8.1761   3.359652    32.0214       1620     6.7458  0.000e+00
     44.284     8.1825   3.360510    32.0247       1621     6.7500  0.000e+00
     44.209     8.1907   3.363457    32.0484       1622     6.7542  0.000e+00
     44.133     8.2110   3.366455    32.0616       1623     6.7583  0.000e+00
     44.052     8.2418   3.368433    32.0544       1624     6.7625  0.000e+00
     43.977     8.2721   3.369957    32.0429       1625     6.7667  0.000e+00
     43.904     8.2981   3.370735    32.0275       1626     6.7708  0.000e+00
     43.820     8.3178   3.371220    32.0147       1627     6.7750  0.000e+00
     43.744     8.3310   3.371824    32.0091       1628     6.7792  0.000e+00
     43.660     8.3414   3.372521    32.0070       1629     6.7833  0.000e+00
     43.579     8.3509   3.373679    32.0105       1630     6.7875  0.000e+00
     43.506     8.3629   3.376200    32.0262       1631     6.7917  0.000e+00
     43.428     8.3829   3.379869    32.0466       1632     6.7958  0.000e+00
     43.340     8.4152   3.382393    32.0438       1633     6.8000  0.000e+00
     43.268     8.4504   3.382741    32.0156       1634     6.8042  0.000e+00
     43.184     8.4739   3.383433    32.0015       1635     6.8083  0.000e+00
     43.102     8.4896   3.384573    31.9993       1636     6.8125  0.000e+00
     43.018     8.5041   3.385402    31.9949       1637     6.8167  0.000e+00
     42.939     8.5171   3.385982    31.9892       1638     6.8208  0.000e+00
     42.858     8.5286   3.386300    31.9821       1639     6.8250  0.000e+00
     42.780     8.5370   3.386630    31.9780       1640     6.8292  0.000e+00
     42.695     8.5431   3.386755    31.9738       1641     6.8333  0.000e+00
     42.614     8.5477   3.387310    31.9756       1642     6.8375  0.000e+00
     42.535     8.5526   3.388127    31.9797       1643     6.8417  0.000e+00
     42.445     8.5597   3.388813    31.9804       1644     6.8458  0.000e+00
     42.364     8.5682   3.389187    31.9767       1645     6.8500  0.000e+00
     42.282     8.5756   3.389891    31.9775       1646     6.8542  0.000e+00
     42.195     8.5828   3.390016    31.9722       1647     6.8583  0.000e+00
     42.119     8.5885   3.390546    31.9727       1648     6.8625  0.000e+00
     42.023     8.5939   3.391282    31.9755       1649     6.8667  0.000e+00
     41.945     8.6008   3.391619    31.9729       1650     6.8708  0.000e+00
     41.857     8.6072   3.392255    31.9738       1651     6.8750  0.000e+00
