HB2302/sbe144.cnv
* Sea-Bird SBE 19plus V2 Data File:
* FileName = C:\cruise\data\sbe144.hex
* Software Version Seasave V 7.26.7.121
* Temperature SN = 4758
* Conductivity SN = 4758
* System UpLoad Time = Jun 21 2023 16:59:07
* NMEA Latitude = 42 48.24 N
* NMEA Longitude = 068 19.25 W
* NMEA UTC (Time) = Jun 21 2023 16:59:07
** Cruise: HB2302
** Program: Ecomon
** Chief Scientist: Jerry Prezioso
# nquan = 7
# nvalues = 4126                                  
# units = specified
# name 0 = depSM: Depth [salt water, m]
# name 1 = tv290C: Temperature [ITS-90, deg C]
# name 2 = c0S/m: Conductivity [S/m]
# name 3 = sal00: Salinity, Practical [PSU]
# name 4 = scan: Scan Count
# name 5 = timeM: Time, Elapsed [minutes]
# name 6 = flag:  0.000e+00
# span 0 =      0.006,    193.520                 
# span 1 =     6.4795,    16.1580                 
# span 2 =   0.000812,   3.963607                 
# span 3 =     0.0109,    34.1563                 
# span 4 =         11,       4136                 
# span 5 =     0.0417,    17.2292                 
# span 6 = 0.0000e+00, 0.0000e+00                 
# interval = seconds: 0.25
# start_time = Jun 21 2023 16:59:07 [NMEA time, header]
# bad_flag = -9.990e-29
*END*
[from data line 3283]
     46.883     6.6138   3.248336    32.2687       3294    13.7208  0.000e+00
     46.868     6.6136   3.248422    32.2698       3295    13.7250  0.000e+00
     46.856     6.6135   3.248300    32.2686       3296    13.7292  0.000e+00
     46.850     6.6129   3.248281    32.2689       3297    13.7333  0.000e+00
     46.847     6.6117   3.248379    32.2711       3298    13.7375  0.000e+00
     46.826     6.6116   3.248379    32.2712       3299    13.7417  0.000e+00
     46.822     6.6108   3.248619    32.2746       3300    13.7458  0.000e+00
     46.810     6.6128   3.248613    32.2726       3301    13.7500  0.000e+00
     46.789     6.6145   3.248318    32.2678       3302    13.7542  0.000e+00
     46.747     6.6135   3.248570    32.2715       3303    13.7583  0.000e+00
     46.708     6.6142   3.248735    32.2728       3304    13.7625  0.000e+00
     46.642     6.6161   3.248551    32.2689       3305    13.7667  0.000e+00
     46.575     6.6160   3.248214    32.2653       3306    13.7708  0.000e+00
     46.491     6.6138   3.248281    32.2682       3307    13.7750  0.000e+00
     46.397     6.6126   3.248238    32.2689       3308    13.7792  0.000e+00
     46.292     6.6118   3.248214    32.2694       3309    13.7833  0.000e+00
     46.183     6.6113   3.248361    32.2716       3310    13.7875  0.000e+00
     46.069     6.6120   3.248717    32.2749       3311    13.7917  0.000e+00
     45.951     6.6147   3.248821    32.2736       3312    13.7958  0.000e+00
     45.834     6.6181   3.248968    32.2720       3313    13.8000  0.000e+00
     45.725     6.6230   3.249054    32.2684       3314    13.8042  0.000e+00
     45.614     6.6284   3.249072    32.2636       3315    13.8083  0.000e+00
     45.508     6.6329   3.250177    32.2715       3316    13.8125  0.000e+00
     45.415     6.6414   3.250974    32.2723       3317    13.8167  0.000e+00
     45.327     6.6527   3.251220    32.2644       3318    13.8208  0.000e+00
     45.252     6.6610   3.251385    32.2585       3319    13.8250  0.000e+00
     45.189     6.6667   3.251827    32.2580       3320    13.8292  0.000e+00
     45.138     6.6720   3.252054    32.2555       3321    13.8333  0.000e+00
     45.101     6.6765   3.252177    32.2526       3322    13.8375  0.000e+00
     45.074     6.6800   3.252263    32.2503       3323    13.8417  0.000e+00
     45.056     6.6825   3.252299    32.2484       3324    13.8458  0.000e+00
     45.050     6.6841   3.252299    32.2469       3325    13.8500  0.000e+00
     45.047     6.6850   3.252299    32.2460       3326    13.8542  0.000e+00
     45.050     6.6852   3.252158    32.2443       3327    13.8583  0.000e+00
     45.050     6.6844   3.252134    32.2447       3328    13.8625  0.000e+00
     45.053     6.6835   3.252177    32.2460       3329    13.8667  0.000e+00
     45.059     6.6832   3.252164    32.2462       3330    13.8708  0.000e+00
     45.044     6.6831   3.252158    32.2462       3331    13.8750  0.000e+00
     45.029     6.6831   3.252324    32.2480       3332    13.8792  0.000e+00
     45.014     6.6840   3.252496    32.2491       3333    13.8833  0.000e+00
     44.981     6.6856   3.253011    32.2533       3334    13.8875  0.000e+00
     44.939     6.6898   3.253846    32.2585       3335    13.8917  0.000e+00
     44.887     6.6975   3.254165    32.2548       3336    13.8958  0.000e+00
     44.830     6.7048   3.254472    32.2513       3337    13.9000  0.000e+00
     44.758     6.7114   3.257002    32.2730       3338    13.9042  0.000e+00
     44.691     6.7266   3.257757    32.2669       3339    13.9083  0.000e+00
     44.607     6.7441   3.258967    32.2638       3340    13.9125  0.000e+00
     44.523     6.7606   3.260306    32.2630       3341    13.9167  0.000e+00
     44.432     6.7779   3.261854    32.2637       3342    13.9208  0.000e+00
     44.345     6.7967   3.262272    32.2506       3343    13.9250  0.000e+00
     44.260     6.8111   3.262167    32.2360       3344    13.9292  0.000e+00
     44.173     6.8189   3.262112    32.2282       3345    13.9333  0.000e+00
     44.077     6.8218   3.261897    32.2231       3346    13.9375  0.000e+00
     43.998     6.8220   3.261958    32.2236       3347    13.9417  0.000e+00
     43.914     6.8221   3.262050    32.2246       3348    13.9458  0.000e+00
     43.841     6.8223   3.261872    32.2225       3349    13.9500  0.000e+00
     43.769     6.8217   3.261454    32.2185       3350    13.9542  0.000e+00
     43.703     6.8186   3.260938    32.2158       3351    13.9583  0.000e+00
     43.637     6.8136   3.260828    32.2194       3352    13.9625  0.000e+00
     43.570     6.8099   3.261245    32.2274       3353    13.9667  0.000e+00
     43.510     6.8100   3.260619    32.2204       3354    13.9708  0.000e+00
     43.456     6.8074   3.260453    32.2212       3355    13.9750  0.000e+00
     43.398     6.8038   3.261854    32.2398       3356    13.9792  0.000e+00
     43.356     6.8092   3.261909    32.2355       3357    13.9833  0.000e+00
     43.305     6.8149   3.261454    32.2251       3358    13.9875  0.000e+00
     43.257     6.8160   3.261620    32.2260       3359    13.9917  0.000e+00
     43.205     6.8158   3.261854    32.2287       3360    13.9958  0.000e+00
     43.163     6.8175   3.262106    32.2299       3361    14.0000  0.000e+00
     43.115     6.8199   3.261915    32.2256       3362    14.0042  0.000e+00
     43.076     6.8210   3.262167    32.2273       3363    14.0083  0.000e+00
     43.040     6.8223   3.262480    32.2295       3364    14.0125  0.000e+00
     43.000     6.8252   3.262732    32.2296       3365    14.0167  0.000e+00
     42.949     6.8283   3.262585    32.2251       3366    14.0208  0.000e+00
     42.907     6.8296   3.262253    32.2203       3367    14.0250  0.000e+00
     42.865     6.8284   3.262148    32.2202       3368    14.0292  0.000e+00
     42.823     6.8266   3.262290    32.2235       3369    14.0333  0.000e+00
     42.774     6.8257   3.261915    32.2203       3370    14.0375  0.000e+00
     42.732     6.8241   3.261958    32.2223       3371    14.0417  0.000e+00
     42.684     6.8227   3.262068    32.2248       3372    14.0458  0.000e+00
     42.639     6.8226   3.261749    32.2215       3373    14.0500  0.000e+00
     42.585     6.8209   3.261724    32.2228       3374    14.0542  0.000e+00
     42.533     6.8195   3.261970    32.2268       3375    14.0583  0.000e+00
     42.479     6.8203   3.262148    32.2280       3376    14.0625  0.000e+00
     42.437     6.8225   3.263132    32.2368       3377    14.0667  0.000e+00
     42.380     6.8281   3.263082    32.2310       3378    14.0708  0.000e+00
     42.337     6.8325   3.262775    32.2235       3379    14.0750  0.000e+00
     42.277     6.8337   3.263193    32.2270       3380    14.0792  0.000e+00
     42.223     6.8352   3.263340    32.2272       3381    14.0833  0.000e+00
     42.172     6.8374   3.263463    32.2266       3382    14.0875  0.000e+00
     42.114     6.8393   3.263254    32.2225       3383    14.0917  0.000e+00
     42.051     6.8395   3.263162    32.2214       3384    14.0958  0.000e+00
     41.985     6.8389   3.263150    32.2218       3385    14.1000  0.000e+00
     41.915     6.8384   3.263193    32.2228       3386    14.1042  0.000e+00
     41.840     6.8383   3.263205    32.2230       3387    14.1083  0.000e+00
     41.762     6.8383   3.263174    32.2227       3388    14.1125  0.000e+00
     41.689     6.8383   3.262965    32.2204       3389    14.1167  0.000e+00
     41.608     6.8374   3.263186    32.2237       3390    14.1208  0.000e+00
     41.523     6.8374   3.263236    32.2244       3391    14.1250  0.000e+00
     41.451     6.8380   3.263150    32.2229       3392    14.1292  0.000e+00
     41.385     6.8381   3.263027    32.2215       3393    14.1333  0.000e+00
     41.306     6.8374   3.262897    32.2207       3394    14.1375  0.000e+00
     41.240     6.8364   3.262965    32.2224       3395    14.1417  0.000e+00
     41.174     6.8359   3.263143    32.2249       3396    14.1458  0.000e+00
     41.113     6.8366   3.263131    32.2242       3397    14.1500  0.000e+00
     41.062     6.8371   3.263045    32.2227       3398    14.1542  0.000e+00
     41.008     6.8370   3.262897    32.2213       3399    14.1583  0.000e+00
     40.969     6.8360   3.262836    32.2216       3400    14.1625  0.000e+00
     40.918     6.8353   3.262904    32.2230       3401    14.1667  0.000e+00
     40.881     6.8351   3.262836    32.2225       3402    14.1708  0.000e+00
     40.848     6.8345   3.262860    32.2233       3403    14.1750  0.000e+00
     40.809     6.8343   3.262805    32.2229       3404    14.1792  0.000e+00
     40.767     6.8341   3.262713    32.2221       3405    14.1833  0.000e+00
     40.722     6.8337   3.262860    32.2241       3406    14.1875  0.000e+00
     40.677     6.8336   3.262824    32.2238       3407    14.1917  0.000e+00
     40.625     6.8336   3.262670    32.2222       3408    14.1958  0.000e+00
     40.577     6.8333   3.263088    32.2271       3409    14.2000  0.000e+00
     40.520     6.8344   3.262903    32.2240       3410    14.2042  0.000e+00
     40.462     6.8348   3.263131    32.2261       3411    14.2083  0.000e+00
     40.399     6.8362   3.263149    32.2251       3412    14.2125  0.000e+00
     40.324     6.8383   3.265196    32.2456       3413    14.2167  0.000e+00
     40.252     6.8480   3.265645    32.2414       3414    14.2208  0.000e+00
     40.173     6.8584   3.265202    32.2269       3415    14.2250  0.000e+00
     40.098     6.8649   3.267944    32.2508       3416    14.2292  0.000e+00
     40.022     6.8801   3.269358    32.2520       3417    14.2333  0.000e+00
     39.950     6.8997   3.271271    32.2546       3418    14.2375  0.000e+00
     39.881     6.9230   3.271775    32.2383       3419    14.2417  0.000e+00
     39.808     6.9405   3.272212    32.2266       3420    14.2458  0.000e+00
     39.751     6.9527   3.273036    32.2242       3421    14.2500  0.000e+00
     39.694     6.9640   3.273528    32.2190       3422    14.2542  0.000e+00
     39.643     6.9736   3.274125    32.2166       3423    14.2583  0.000e+00
     39.591     6.9822   3.274568    32.2134       3424    14.2625  0.000e+00
     39.546     6.9902   3.275239    32.2132       3425    14.2667  0.000e+00
     39.507     6.9969   3.274882    32.2031       3426    14.2708  0.000e+00
     39.471     6.9997   3.274008    32.1910       3427    14.2750  0.000e+00
     39.438     6.9966   3.273663    32.1901       3428    14.2792  0.000e+00
     39.407     6.9919   3.273663    32.1945       3429    14.2833  0.000e+00
     39.380     6.9882   3.274026    32.2019       3430    14.2875  0.000e+00
     39.350     6.9880   3.273306    32.1943       3431    14.2917  0.000e+00
     39.323     6.9851   3.273793    32.2023       3432    14.2958  0.000e+00
     39.281     6.9844   3.273651    32.2015       3433    14.3000  0.000e+00
     39.239     6.9843   3.273645    32.2015       3434    14.3042  0.000e+00
     39.193     6.9843   3.274328    32.2090       3435    14.3083  0.000e+00
     39.142     6.9873   3.274229    32.2051       3436    14.3125  0.000e+00
     39.082     6.9900   3.274082    32.2011       3437    14.3167  0.000e+00
     39.028     6.9905   3.274266    32.2026       3438    14.3208  0.000e+00
     38.964     6.9912   3.274420    32.2037       3439    14.3250  0.000e+00
     38.904     6.9924   3.274759    32.2063       3440    14.3292  0.000e+00
     38.838     6.9949   3.274906    32.2056       3441    14.3333  0.000e+00
     38.771     6.9970   3.275029    32.2049       3442    14.3375  0.000e+00
     38.702     6.9991   3.275159    32.2044       3443    14.3417  0.000e+00
     38.642     7.0010   3.275386    32.2051       3444    14.3458  0.000e+00
     38.576     7.0039   3.275977    32.2089       3445    14.3500  0.000e+00
     38.509     7.0085   3.275928    32.2041       3446    14.3542  0.000e+00
     38.446     7.0121   3.275829    32.1997       3447    14.3583  0.000e+00
     38.386     7.0134   3.275638    32.1964       3448    14.3625  0.000e+00
     38.328     7.0129   3.275786    32.1985       3449    14.3667  0.000e+00
     38.277     7.0128   3.275934    32.2002       3450    14.3708  0.000e+00
     38.220     7.0140   3.275872    32.1985       3451    14.3750  0.000e+00
     38.166     7.0146   3.276026    32.1996       3452    14.3792  0.000e+00
     38.117     7.0157   3.276395    32.2026       3453    14.3833  0.000e+00
     38.066     7.0186   3.276549    32.2016       3454    14.3875  0.000e+00
     38.018     7.0216   3.276691    32.2003       3455    14.3917  0.000e+00
     37.964     7.0246   3.276395    32.1944       3456    14.3958  0.000e+00
     37.912     7.0249   3.276407    32.1943       3457    14.4000  0.000e+00
     37.864     7.0244   3.276334    32.1939       3458    14.4042  0.000e+00
     37.804     7.0235   3.276334    32.1948       3459    14.4083  0.000e+00
     37.762     7.0231   3.276364    32.1956       3460    14.4125  0.000e+00
     37.713     7.0229   3.276315    32.1952       3461    14.4167  0.000e+00
     37.656     7.0228   3.276229    32.1944       3462    14.4208  0.000e+00
     37.611     7.0222   3.276290    32.1956       3463    14.4250  0.000e+00
     37.566     7.0222   3.276272    32.1954       3464    14.4292  0.000e+00
     37.517     7.0223   3.276364    32.1964       3465    14.4333  0.000e+00
     37.475     7.0227   3.276290    32.1953       3466    14.4375  0.000e+00
     37.436     7.0228   3.276795    32.2007       3467    14.4417  0.000e+00
     37.400     7.0254   3.277368    32.2045       3468    14.4458  0.000e+00
     37.370     7.0307   3.277195    32.1977       3469    14.4500  0.000e+00
     37.340     7.0339   3.277485    32.1979       3470    14.4542  0.000e+00
     37.307     7.0366   3.277811    32.1989       3471    14.4583  0.000e+00
     37.276     7.0405   3.277934    32.1966       3472    14.4625  0.000e+00
     37.249     7.0433   3.277885    32.1934       3473    14.4667  0.000e+00
     37.225     7.0451   3.277995    32.1930       3474    14.4708  0.000e+00
     37.195     7.0465   3.277829    32.1899       3475    14.4750  0.000e+00
     37.159     7.0466   3.277848    32.1900       3476    14.4792  0.000e+00
     37.123     7.0466   3.277829    32.1898       3477    14.4833  0.000e+00
     37.071     7.0466   3.277848    32.1900       3478    14.4875  0.000e+00
     37.023     7.0466   3.277995    32.1917       3479    14.4917  0.000e+00
     36.966     7.0471   3.278482    32.1965       3480    14.4958  0.000e+00
     36.897     7.0502   3.278888    32.1981       3481    14.5000  0.000e+00
     36.833     7.0552   3.279830    32.2037       3482    14.5042  0.000e+00
     36.761     7.0639   3.281493    32.2137       3483    14.5083  0.000e+00
     36.671     7.0771   3.280729    32.1932       3484    14.5125  0.000e+00
     36.595     7.0842   3.281178    32.1915       3485    14.5167  0.000e+00
     36.508     7.0885   3.281511    32.1911       3486    14.5208  0.000e+00
     36.429     7.0932   3.282065    32.1928       3487    14.5250  0.000e+00
     36.339     7.0989   3.282293    32.1899       3488    14.5292  0.000e+00
     36.255     7.1041   3.283174    32.1947       3489    14.5333  0.000e+00
     36.176     7.1115   3.283753    32.1941       3490    14.5375  0.000e+00
     36.101     7.1192   3.284455    32.1946       3491    14.5417  0.000e+00
     36.022     7.1280   3.285527    32.1980       3492    14.5458  0.000e+00
     35.965     7.1395   3.287764    32.2117       3493    14.5500  0.000e+00
     35.911     7.1575   3.288787    32.2060       3494    14.5542  0.000e+00
     35.863     7.1769   3.290174    32.2030       3495    14.5583  0.000e+00
     35.830     7.1941   3.289952    32.1845       3496    14.5625  0.000e+00
     35.793     7.2038   3.289835    32.1742       3497    14.5667  0.000e+00
