HB2302/sbe155.cnv
* Sea-Bird SBE 19plus V2 Data File:
* FileName = C:\cruise\data\sbe155.hex
* Software Version Seasave V 7.26.7.121
* Temperature SN = 4758
* Conductivity SN = 4758
* System UpLoad Time = Jun 22 2023 14:55:45
* NMEA Latitude = 42 42.90 N
* NMEA Longitude = 070 07.83 W
* NMEA UTC (Time) = Jun 22 2023 14:55:45
** Cruise: HB2302
** Program: Ecomon
** Chief Scientist: Jerry Prezioso
# nquan = 7
# nvalues = 2973                                  
# units = specified
# name 0 = depSM: Depth [salt water, m]
# name 1 = tv290C: Temperature [ITS-90, deg C]
# name 2 = c0S/m: Conductivity [S/m]
# name 3 = sal00: Salinity, Practical [PSU]
# name 4 = scan: Scan Count
# name 5 = timeM: Time, Elapsed [minutes]
# name 6 = flag:  0.000e+00
# span 0 =      0.029,     94.818                 
# span 1 =     6.0399,    16.7319                 
# span 2 =   0.000973,   3.983291                 
# span 3 =     0.0116,    32.1712                 
# span 4 =         11,       2983                 
# span 5 =     0.0417,    12.4250                 
# span 6 = 0.0000e+00, 0.0000e+00                 
# interval = seconds: 0.25
# start_time = Jun 22 2023 14:55:45 [NMEA time, header]
# bad_flag = -9.990e-29
*END*
[from data line 2052]
     28.770     7.9110   3.309942    31.7429       2063     8.5917  0.000e+00
     28.734     7.9116   3.310004    31.7430       2064     8.5958  0.000e+00
     28.710     7.9123   3.310152    31.7440       2065     8.6000  0.000e+00
     28.680     7.9134   3.310183    31.7433       2066     8.6042  0.000e+00
     28.662     7.9143   3.310177    31.7424       2067     8.6083  0.000e+00
     28.653     7.9147   3.310183    31.7421       2068     8.6125  0.000e+00
     28.650     7.9151   3.310177    31.7417       2069     8.6167  0.000e+00
     28.641     7.9155   3.310368    31.7434       2070     8.6208  0.000e+00
     28.638     7.9167   3.310368    31.7423       2071     8.6250  0.000e+00
     28.632     7.9176   3.310325    31.7410       2072     8.6292  0.000e+00
     28.635     7.9181   3.310368    31.7410       2073     8.6333  0.000e+00
     28.638     7.9182   3.310263    31.7398       2074     8.6375  0.000e+00
     28.634     7.9179   3.310102    31.7384       2075     8.6417  0.000e+00
     28.625     7.9171   3.310090    31.7390       2076     8.6458  0.000e+00
     28.607     7.9162   3.310245    31.7415       2077     8.6500  0.000e+00
     28.586     7.9164   3.310986    31.7491       2078     8.6542  0.000e+00
     28.550     7.9195   3.311215    31.7488       2079     8.6583  0.000e+00
     28.508     7.9241   3.311345    31.7460       2080     8.6625  0.000e+00
     28.460     7.9272   3.311518    31.7451       2081     8.6667  0.000e+00
     28.405     7.9299   3.311691    31.7445       2082     8.6708  0.000e+00
     28.342     7.9323   3.312148    31.7472       2083     8.6750  0.000e+00
     28.288     7.9372   3.313285    31.7548       2084     8.6792  0.000e+00
     28.236     7.9473   3.315697    31.7713       2085     8.6833  0.000e+00
     28.179     7.9656   3.319624    31.7964       2086     8.6875  0.000e+00
     28.128     7.9960   3.323003    31.8047       2087     8.6917  0.000e+00
     28.071     8.0325   3.324785    31.7904       2088     8.6958  0.000e+00
     28.034     8.0645   3.327540    31.7906       2089     8.7000  0.000e+00
     27.998     8.0958   3.331975    31.8092       2090     8.7042  0.000e+00
     27.965     8.1342   3.335885    31.8157       2091     8.7083  0.000e+00
     27.941     8.1764   3.338954    31.8099       2092     8.7125  0.000e+00
     27.920     8.2161   3.340963    31.7951       2093     8.7167  0.000e+00
     27.911     8.2490   3.342060    31.7770       2094     8.7208  0.000e+00
     27.911     8.2731   3.342773    31.7627       2095     8.7250  0.000e+00
     27.899     8.2897   3.343133    31.7515       2096     8.7292  0.000e+00
     27.899     8.3006   3.343226    31.7426       2097     8.7333  0.000e+00
     27.911     8.3069   3.343176    31.7365       2098     8.7375  0.000e+00
     27.911     8.3096   3.342978    31.7319       2099     8.7417  0.000e+00
     27.914     8.3102   3.342854    31.7300       2100     8.7458  0.000e+00
     27.917     8.3097   3.342798    31.7299       2101     8.7500  0.000e+00
     27.911     8.3087   3.342854    31.7314       2102     8.7542  0.000e+00
     27.902     8.3083   3.343207    31.7355       2103     8.7583  0.000e+00
     27.887     8.3095   3.343821    31.7409       2104     8.7625  0.000e+00
     27.866     8.3133   3.344945    31.7493       2105     8.7667  0.000e+00
     27.841     8.3207   3.346130    31.7551       2106     8.7708  0.000e+00
     27.805     8.3310   3.347359    31.7587       2107     8.7750  0.000e+00
     27.766     8.3435   3.348774    31.7624       2108     8.7792  0.000e+00
     27.730     8.3578   3.349972    31.7620       2109     8.7833  0.000e+00
     27.691     8.3733   3.350766    31.7565       2110     8.7875  0.000e+00
     27.654     8.3867   3.351263    31.7496       2111     8.7917  0.000e+00
     27.603     8.3972   3.351872    31.7466       2112     8.7958  0.000e+00
     27.558     8.4069   3.352803    31.7476       2113     8.8000  0.000e+00
     27.516     8.4178   3.354008    31.7504       2114     8.8042  0.000e+00
     27.479     8.4311   3.355306    31.7522       2115     8.8083  0.000e+00
     27.437     8.4461   3.356723    31.7535       2116     8.8125  0.000e+00
     27.401     8.4625   3.357891    31.7510       2117     8.8167  0.000e+00
     27.359     8.4795   3.358922    31.7466       2118     8.8208  0.000e+00
     27.341     8.4949   3.359227    31.7359       2119     8.8250  0.000e+00
     27.307     8.5065   3.359314    31.7264       2120     8.8292  0.000e+00
     27.274     8.5137   3.359456    31.7214       2121     8.8333  0.000e+00
     27.253     8.5185   3.359662    31.7192       2122     8.8375  0.000e+00
     27.229     8.5223   3.359786    31.7172       2123     8.8417  0.000e+00
     27.202     8.5254   3.359972    31.7163       2124     8.8458  0.000e+00
     27.193     8.5279   3.360177    31.7162       2125     8.8500  0.000e+00
     27.175     8.5304   3.360302    31.7153       2126     8.8542  0.000e+00
     27.160     8.5326   3.360457    31.7149       2127     8.8583  0.000e+00
     27.139     8.5346   3.360668    31.7154       2128     8.8625  0.000e+00
     27.127     8.5369   3.360936    31.7162       2129     8.8667  0.000e+00
     27.105     8.5395   3.361135    31.7159       2130     8.8708  0.000e+00
     27.096     8.5422   3.361371    31.7159       2131     8.8750  0.000e+00
     27.072     8.5449   3.361563    31.7155       2132     8.8792  0.000e+00
     27.051     8.5479   3.361843    31.7157       2133     8.8833  0.000e+00
     27.036     8.5514   3.361936    31.7136       2134     8.8875  0.000e+00
     27.006     8.5543   3.361986    31.7115       2135     8.8917  0.000e+00
     26.982     8.5564   3.362341    31.7134       2136     8.8958  0.000e+00
     26.961     8.5591   3.362782    31.7156       2137     8.9000  0.000e+00
     26.933     8.5634   3.363553    31.7198       2138     8.9042  0.000e+00
     26.903     8.5711   3.364710    31.7250       2139     8.9083  0.000e+00
     26.870     8.5823   3.366090    31.7294       2140     8.9125  0.000e+00
     26.837     8.5971   3.367185    31.7275       2141     8.9167  0.000e+00
     26.798     8.6135   3.367229    31.7133       2142     8.9208  0.000e+00
     26.759     8.6257   3.366401    31.6938       2143     8.9250  0.000e+00
     26.716     8.6315   3.365903    31.6834       2144     8.9292  0.000e+00
     26.680     8.6338   3.366911    31.6918       2145     8.9333  0.000e+00
     26.638     8.6387   3.368361    31.7026       2146     8.9375  0.000e+00
     26.596     8.6481   3.369555    31.7066       2147     8.9417  0.000e+00
     26.560     8.6597   3.370321    31.7042       2148     8.9458  0.000e+00
     26.520     8.6704   3.370750    31.6991       2149     8.9500  0.000e+00
     26.487     8.6788   3.370918    31.6934       2150     8.9542  0.000e+00
     26.460     8.6846   3.370918    31.6882       2151     8.9583  0.000e+00
     26.436     8.6879   3.370943    31.6855       2152     8.9625  0.000e+00
     26.415     8.6897   3.370961    31.6841       2153     8.9667  0.000e+00
     26.409     8.6907   3.370968    31.6833       2154     8.9708  0.000e+00
     26.394     8.6915   3.370980    31.6828       2155     8.9750  0.000e+00
     26.397     8.6920   3.371273    31.6854       2156     8.9792  0.000e+00
     26.385     8.6933   3.371030    31.6816       2157     8.9833  0.000e+00
     26.379     8.6938   3.371229    31.6833       2158     8.9875  0.000e+00
     26.376     8.6944   3.371553    31.6861       2159     8.9917  0.000e+00
     26.366     8.6969   3.371970    31.6882       2160     8.9958  0.000e+00
     26.363     8.7003   3.371515    31.6804       2161     9.0000  0.000e+00
     26.357     8.7007   3.371658    31.6816       2162     9.0042  0.000e+00
     26.336     8.7012   3.372200    31.6868       2163     9.0083  0.000e+00
     26.315     8.7039   3.372661    31.6892       2164     9.0125  0.000e+00
     26.285     8.7088   3.372860    31.6868       2165     9.0167  0.000e+00
     26.261     8.7134   3.373090    31.6851       2166     9.0208  0.000e+00
     26.237     8.7175   3.373252    31.6832       2167     9.0250  0.000e+00
     26.204     8.7216   3.373401    31.6811       2168     9.0292  0.000e+00
     26.167     8.7255   3.373438    31.6780       2169     9.0333  0.000e+00
     26.143     8.7289   3.373470    31.6753       2170     9.0375  0.000e+00
     26.107     8.7308   3.373376    31.6726       2171     9.0417  0.000e+00
     26.068     8.7324   3.373357    31.6710       2172     9.0458  0.000e+00
     26.032     8.7335   3.373376    31.6703       2173     9.0500  0.000e+00
     25.992     8.7342   3.373357    31.6694       2174     9.0542  0.000e+00
     25.959     8.7351   3.373382    31.6690       2175     9.0583  0.000e+00
     25.917     8.7361   3.373420    31.6684       2176     9.0625  0.000e+00
     25.884     8.7378   3.373295    31.6656       2177     9.0667  0.000e+00
     25.845     8.7392   3.373314    31.6646       2178     9.0708  0.000e+00
     25.802     8.7405   3.373401    31.6644       2179     9.0750  0.000e+00
     25.766     8.7420   3.373556    31.6646       2180     9.0792  0.000e+00
     25.733     8.7436   3.373731    31.6651       2181     9.0833  0.000e+00
     25.700     8.7456   3.374360    31.6698       2182     9.0875  0.000e+00
     25.664     8.7493   3.374285    31.6657       2183     9.0917  0.000e+00
     25.634     8.7525   3.374721    31.6674       2184     9.0958  0.000e+00
     25.603     8.7558   3.375642    31.6741       2185     9.1000  0.000e+00
     25.576     8.7624   3.376894    31.6812       2186     9.1042  0.000e+00
     25.555     8.7730   3.378239    31.6858       2187     9.1083  0.000e+00
     25.546     8.7871   3.379373    31.6850       2188     9.1125  0.000e+00
     25.540     8.8028   3.380413    31.6818       2189     9.1167  0.000e+00
     25.537     8.8179   3.380594    31.6701       2190     9.1208  0.000e+00
     25.534     8.8291   3.380874    31.6630       2191     9.1250  0.000e+00
     25.531     8.8369   3.380911    31.6564       2192     9.1292  0.000e+00
     25.534     8.8421   3.380961    31.6523       2193     9.1333  0.000e+00
     25.540     8.8449   3.381098    31.6512       2194     9.1375  0.000e+00
     25.540     8.8470   3.381061    31.6490       2195     9.1417  0.000e+00
     25.534     8.8481   3.381030    31.6477       2196     9.1458  0.000e+00
     25.525     8.8485   3.381304    31.6502       2197     9.1500  0.000e+00
     25.510     8.8501   3.381765    31.6535       2198     9.1542  0.000e+00
     25.498     8.8536   3.382077    31.6537       2199     9.1583  0.000e+00
     25.471     8.8606   3.382905    31.6561       2200     9.1625  0.000e+00
     25.440     8.8696   3.383734    31.6567       2201     9.1667  0.000e+00
     25.398     8.8792   3.384395    31.6550       2202     9.1708  0.000e+00
     25.356     8.8890   3.385685    31.6596       2203     9.1750  0.000e+00
     25.314     8.9014   3.388653    31.6794       2204     9.1792  0.000e+00
     25.266     8.9222   3.392128    31.6968       2205     9.1833  0.000e+00
     25.214     8.9545   3.395167    31.6996       2206     9.1875  0.000e+00
     25.160     8.9918   3.398231    31.6980       2207     9.1917  0.000e+00
     25.118     9.0303   3.400504    31.6873       2208     9.1958  0.000e+00
     25.070     9.0660   3.402196    31.6731       2209     9.2000  0.000e+00
     25.027     9.0950   3.403302    31.6587       2210     9.2042  0.000e+00
     24.988     9.1172   3.404851    31.6550       2211     9.2083  0.000e+00
     24.949     9.1383   3.407401    31.6625       2212     9.2125  0.000e+00
     24.916     9.1630   3.408694    31.6539       2213     9.2167  0.000e+00
     24.892     9.1864   3.409619    31.6427       2214     9.2208  0.000e+00
     24.870     9.2051   3.410557    31.6358       2215     9.2250  0.000e+00
     24.861     9.2200   3.411520    31.6325       2216     9.2292  0.000e+00
     24.846     9.2328   3.412157    31.6277       2217     9.2333  0.000e+00
     24.843     9.2432   3.412214    31.6190       2218     9.2375  0.000e+00
     24.843     9.2503   3.412257    31.6133       2219     9.2417  0.000e+00
     24.840     9.2544   3.412376    31.6109       2220     9.2458  0.000e+00
     24.846     9.2567   3.412801    31.6132       2221     9.2500  0.000e+00
     24.840     9.2601   3.413996    31.6224       2222     9.2542  0.000e+00
     24.840     9.2679   3.416010    31.6362       2223     9.2583  0.000e+00
     24.834     9.2828   3.418119    31.6447       2224     9.2625  0.000e+00
     24.825     9.3046   3.419702    31.6417       2225     9.2667  0.000e+00
     24.816     9.3289   3.421448    31.6381       2226     9.2708  0.000e+00
     24.795     9.3533   3.423182    31.6343       2227     9.2750  0.000e+00
     24.771     9.3781   3.424979    31.6308       2228     9.2792  0.000e+00
     24.749     9.4027   3.427234    31.6322       2229     9.2833  0.000e+00
     24.719     9.4275   3.429358    31.6320       2230     9.2875  0.000e+00
     24.677     9.4550   3.431520    31.6299       2231     9.2917  0.000e+00
     24.638     9.4831   3.433306    31.6234       2232     9.2958  0.000e+00
     24.596     9.5093   3.434403    31.6115       2233     9.3000  0.000e+00
     24.547     9.5302   3.435098    31.6002       2234     9.3042  0.000e+00
     24.505     9.5457   3.435694    31.5926       2235     9.3083  0.000e+00
     24.460     9.5572   3.436045    31.5861       2236     9.3125  0.000e+00
     24.421     9.5655   3.435944    31.5778       2237     9.3167  0.000e+00
     24.381     9.5699   3.436346    31.5780       2238     9.3208  0.000e+00
     24.345     9.5737   3.436578    31.5771       2239     9.3250  0.000e+00
     24.330     9.5771   3.436628    31.5746       2240     9.3292  0.000e+00
     24.306     9.5797   3.436722    31.5733       2241     9.3333  0.000e+00
     24.285     9.5814   3.436810    31.5727       2242     9.3375  0.000e+00
     24.273     9.5828   3.437060    31.5740       2243     9.3417  0.000e+00
     24.267     9.5843   3.436960    31.5717       2244     9.3458  0.000e+00
     24.258     9.5852   3.437104    31.5724       2245     9.3500  0.000e+00
     24.246     9.5858   3.437042    31.5713       2246     9.3542  0.000e+00
     24.237     9.5863   3.437167    31.5720       2247     9.3583  0.000e+00
     24.231     9.5868   3.437562    31.5757       2248     9.3625  0.000e+00
     24.222     9.5890   3.437800    31.5762       2249     9.3667  0.000e+00
     24.213     9.5920   3.437844    31.5740       2250     9.3708  0.000e+00
     24.197     9.5943   3.437989    31.5734       2251     9.3750  0.000e+00
     24.179     9.5962   3.437851    31.5704       2252     9.3792  0.000e+00
     24.158     9.5964   3.437675    31.5684       2253     9.3833  0.000e+00
     24.146     9.5956   3.437800    31.5704       2254     9.3875  0.000e+00
     24.122     9.5954   3.437989    31.5725       2255     9.3917  0.000e+00
     24.095     9.5962   3.437970    31.5716       2256     9.3958  0.000e+00
     24.074     9.5969   3.438007    31.5714       2257     9.4000  0.000e+00
     24.044     9.5974   3.438076    31.5717       2258     9.4042  0.000e+00
     24.019     9.5979   3.438051    31.5710       2259     9.4083  0.000e+00
     23.986     9.5981   3.438158    31.5719       2260     9.4125  0.000e+00
     23.962     9.5990   3.438829    31.5780       2261     9.4167  0.000e+00
     23.935     9.6022   3.438754    31.5744       2262     9.4208  0.000e+00
     23.893     9.6048   3.439237    31.5771       2263     9.4250  0.000e+00
     23.862     9.6084   3.439557    31.5771       2264     9.4292  0.000e+00
     23.826     9.6124   3.439695    31.5750       2265     9.4333  0.000e+00
     23.799     9.6159   3.439663    31.5717       2266     9.4375  0.000e+00
