HB2302/sbe103.cnv
* Sea-Bird SBE 19plus V2 Data File:
* FileName = C:\cruise\data\sbe103.hex
* Software Version Seasave V 7.26.7.121
* Temperature SN = 4758
* Conductivity SN = 4758
* System UpLoad Time = Jun 18 2023 01:32:03
* NMEA Latitude = 41 46.13 N
* NMEA Longitude = 065 46.88 W
* NMEA UTC (Time) = Jun 18 2023 01:32:03
** Cruise: HB2302
** Program: Ecomon
** Chief Scientist: Jerry Prezioso
# nquan = 7
# nvalues = 4597                                  
# units = specified
# name 0 = depSM: Depth [salt water, m]
# name 1 = tv290C: Temperature [ITS-90, deg C]
# name 2 = c0S/m: Conductivity [S/m]
# name 3 = sal00: Salinity, Practical [PSU]
# name 4 = scan: Scan Count
# name 5 = timeM: Time, Elapsed [minutes]
# name 6 = flag:  0.000e+00
# span 0 =     -0.206,    134.780                 
# span 1 =     4.4291,    13.1051                 
# span 2 =   0.000089,   4.084920                 
# span 3 =     0.0068,    35.6204                 
# span 4 =         11,       4607                 
# span 5 =     0.0417,    19.1917                 
# span 6 = 0.0000e+00, 0.0000e+00                 
# interval = seconds: 0.25
# start_time = Jun 18 2023 01:32:03 [NMEA time, header]
# bad_flag = -9.990e-29
*END*
[from data line 1026]
     85.889    10.6921   3.803773    34.2478       1037     4.3167  0.000e+00
     85.973    10.7024   3.805216    34.2526       1038     4.3208  0.000e+00
     86.048    10.7152   3.809625    34.2848       1039     4.3250  0.000e+00
     86.133    10.7366   3.812781    34.2963       1040     4.3292  0.000e+00
     86.202    10.7618   3.818580    34.3307       1041     4.3333  0.000e+00
     86.278    10.7997   3.835920    34.4688       1042     4.3375  0.000e+00
     86.353    10.8723   3.839648    34.4378       1043     4.3417  0.000e+00
     86.422    10.9336   3.840133    34.3850       1044     4.3458  0.000e+00
     86.498    10.9693   3.841522    34.3654       1045     4.3500  0.000e+00
     86.573    10.9944   3.853179    34.4581       1046     4.3542  0.000e+00
     86.630    11.0404   3.861111    34.4939       1047     4.3583  0.000e+00
     86.691    11.1043   3.883222    34.6540       1048     4.3625  0.000e+00
     86.745    11.2079   3.894625    34.6697       1049     4.3667  0.000e+00
     86.781    11.3131   3.896002    34.5845       1050     4.3708  0.000e+00
     86.829    11.3791   3.896324    34.5259       1051     4.3750  0.000e+00
     86.869    11.4133   3.896627    34.4969       1052     4.3792  0.000e+00
     86.911    11.4311   3.898447    34.4983       1053     4.3833  0.000e+00
     86.953    11.4445   3.897959    34.4808       1054     4.3875  0.000e+00
     87.007    11.4513   3.898658    34.4814       1055     4.3917  0.000e+00
     87.056    11.4558   3.899278    34.4833       1056     4.3958  0.000e+00
     87.119    11.4606   3.899337    34.4794       1057     4.4000  0.000e+00
     87.188    11.4635   3.899660    34.4798       1058     4.4042  0.000e+00
     87.255    11.4657   3.899871    34.4798       1059     4.4083  0.000e+00
     87.339    11.4677   3.899990    34.4791       1060     4.4125  0.000e+00
     87.426    11.4691   3.900293    34.4807       1061     4.4167  0.000e+00
     87.514    11.4706   3.900504    34.4814       1062     4.4208  0.000e+00
     87.613    11.4716   3.900524    34.4806       1063     4.4250  0.000e+00
     87.719    11.4721   3.900531    34.4802       1064     4.4292  0.000e+00
     87.812    11.4721   3.900386    34.4787       1065     4.4333  0.000e+00
     87.918    11.4714   3.900201    34.4775       1066     4.4375  0.000e+00
     88.023    11.4701   3.899852    34.4752       1067     4.4417  0.000e+00
     88.123    11.4679   3.899805    34.4768       1068     4.4458  0.000e+00
     88.222    11.4657   3.899779    34.4785       1069     4.4500  0.000e+00
     88.316    11.4644   3.899970    34.4816       1070     4.4542  0.000e+00
     88.412    11.4643   3.901118    34.4929       1071     4.4583  0.000e+00
     88.509    11.4668   3.903335    34.5124       1072     4.4625  0.000e+00
     88.590    11.4735   3.904338    34.5160       1073     4.4667  0.000e+00
     88.678    11.4811   3.906258    34.5278       1074     4.4708  0.000e+00
     88.750    11.4901   3.908008    34.5366       1075     4.4750  0.000e+00
     88.813    11.5002   3.909651    34.5433       1076     4.4792  0.000e+00
     88.877    11.5114   3.911104    34.5472       1077     4.4833  0.000e+00
     88.925    11.5213   3.911665    34.5434       1078     4.4875  0.000e+00
     88.973    11.5288   3.912907    34.5487       1079     4.4917  0.000e+00
     89.000    11.5362   3.913970    34.5523       1080     4.4958  0.000e+00
     89.021    11.5433   3.914386    34.5497       1081     4.5000  0.000e+00
     89.042    11.5484   3.914571    34.5468       1082     4.5042  0.000e+00
     89.054    11.5511   3.914505    34.5435       1083     4.5083  0.000e+00
     89.073    11.5520   3.914175    34.5395       1084     4.5125  0.000e+00
     89.106    11.5508   3.913845    34.5373       1085     4.5167  0.000e+00
     89.139    11.5487   3.913772    34.5385       1086     4.5208  0.000e+00
     89.187    11.5465   3.913448    34.5374       1087     4.5250  0.000e+00
     89.244    11.5440   3.912319    34.5286       1088     4.5292  0.000e+00
     89.326    11.5387   3.911487    34.5254       1089     4.5333  0.000e+00
     89.416    11.5315   3.911712    34.5342       1090     4.5375  0.000e+00
     89.513    11.5269   3.912531    34.5465       1091     4.5417  0.000e+00
     89.615    11.5268   3.913872    34.5598       1092     4.5458  0.000e+00
     89.733    11.5305   3.913984    34.5574       1093     4.5500  0.000e+00
     89.853    11.5322   3.913938    34.5552       1094     4.5542  0.000e+00
     89.971    11.5319   3.914829    34.5643       1095     4.5583  0.000e+00
     90.095    11.5327   3.915279    34.5680       1096     4.5625  0.000e+00
     90.206    11.5348   3.915867    34.5717       1097     4.5667  0.000e+00
     90.321    11.5368   3.916567    34.5767       1098     4.5708  0.000e+00
     90.423    11.5389   3.916957    34.5785       1099     4.5750  0.000e+00
     90.529    11.5403   3.917109    34.5786       1100     4.5792  0.000e+00
     90.625    11.5401   3.917763    34.5852       1101     4.5833  0.000e+00
     90.719    11.5391   3.918213    34.5906       1102     4.5875  0.000e+00
     90.809    11.5382   3.918609    34.5952       1103     4.5917  0.000e+00
     90.887    11.5373   3.918966    34.5996       1104     4.5958  0.000e+00
     90.960    11.5364   3.919178    34.6025       1105     4.6000  0.000e+00
     91.029    11.5359   3.919270    34.6038       1106     4.6042  0.000e+00
     91.098    11.5353   3.919336    34.6050       1107     4.6083  0.000e+00
     91.159    11.5353   3.919740    34.6089       1108     4.6125  0.000e+00
     91.222    11.5360   3.920440    34.6152       1109     4.6167  0.000e+00
     91.288    11.5376   3.921002    34.6192       1110     4.6208  0.000e+00
     91.343    11.5391   3.921947    34.6270       1111     4.6250  0.000e+00
     91.406    11.5406   3.922774    34.6338       1112     4.6292  0.000e+00
     91.463    11.5420   3.923852    34.6431       1113     4.6333  0.000e+00
     91.523    11.5428   3.924632    34.6500       1114     4.6375  0.000e+00
     91.575    11.5434   3.925498    34.6579       1115     4.6417  0.000e+00
     91.626    11.5446   3.925922    34.6610       1116     4.6458  0.000e+00
     91.680    11.5460   3.927337    34.6735       1117     4.6500  0.000e+00
     91.747    11.5483   3.928468    34.6825       1118     4.6542  0.000e+00
     91.813    11.5518   3.931340    34.7075       1119     4.6583  0.000e+00
     91.882    11.5569   3.933557    34.7245       1120     4.6625  0.000e+00
     91.955    11.5632   3.934788    34.7307       1121     4.6667  0.000e+00
     92.048    11.5684   3.935708    34.7349       1122     4.6708  0.000e+00
     92.117    11.5721   3.936748    34.7416       1123     4.6750  0.000e+00
     92.202    11.5760   3.938284    34.7530       1124     4.6792  0.000e+00
     92.277    11.5808   3.938920    34.7547       1125     4.6833  0.000e+00
     92.352    11.5853   3.940079    34.7620       1126     4.6875  0.000e+00
     92.446    11.5904   3.941854    34.7746       1127     4.6917  0.000e+00
     92.533    11.5971   3.943364    34.7831       1128     4.6958  0.000e+00
     92.630    11.6040   3.943815    34.7810       1129     4.7000  0.000e+00
     92.732    11.6093   3.944570    34.7835       1130     4.7042  0.000e+00
     92.844    11.6125   3.945332    34.7879       1131     4.7083  0.000e+00
     92.949    11.6163   3.947818    34.8087       1132     4.7125  0.000e+00
     93.052    11.6248   3.948646    34.8088       1133     4.7167  0.000e+00
     93.163    11.6336   3.950476    34.8185       1134     4.7208  0.000e+00
     93.275    11.6424   3.951637    34.8216       1135     4.7250  0.000e+00
     93.371    11.6504   3.952538    34.8229       1136     4.7292  0.000e+00
     93.468    11.6558   3.952963    34.8220       1137     4.7333  0.000e+00
     93.555    11.6582   3.953513    34.8251       1138     4.7375  0.000e+00
     93.646    11.6601   3.953818    34.8263       1139     4.7417  0.000e+00
     93.727    11.6621   3.954104    34.8272       1140     4.7458  0.000e+00
     93.802    11.6639   3.954555    34.8299       1141     4.7500  0.000e+00
     93.884    11.6666   3.955337    34.8351       1142     4.7542  0.000e+00
     93.962    11.6703   3.956313    34.8411       1143     4.7583  0.000e+00
     94.047    11.6752   3.956956    34.8428       1144     4.7625  0.000e+00
     94.119    11.6798   3.957122    34.8401       1145     4.7667  0.000e+00
     94.206    11.6825   3.957049    34.8368       1146     4.7708  0.000e+00
     94.297    11.6829   3.956857    34.8345       1147     4.7750  0.000e+00
     94.378    11.6820   3.956764    34.8344       1148     4.7792  0.000e+00
     94.481    11.6809   3.957142    34.8391       1149     4.7833  0.000e+00
     94.571    11.6810   3.957666    34.8441       1150     4.7875  0.000e+00
     94.671    11.6821   3.958449    34.8507       1151     4.7917  0.000e+00
     94.770    11.6846   3.959047    34.8542       1152     4.7958  0.000e+00
     94.870    11.6875   3.959305    34.8540       1153     4.8000  0.000e+00
     94.963    11.6898   3.959471    34.8534       1154     4.8042  0.000e+00
     95.059    11.6910   3.959757    34.8550       1155     4.8083  0.000e+00
     95.153    11.6923   3.960162    34.8578       1156     4.8125  0.000e+00
     95.243    11.6940   3.960832    34.8627       1157     4.8167  0.000e+00
     95.331    11.6967   3.961330    34.8650       1158     4.8208  0.000e+00
     95.415    11.7003   3.962113    34.8693       1159     4.8250  0.000e+00
     95.503    11.7051   3.963521    34.8785       1160     4.8292  0.000e+00
     95.581    11.7125   3.965831    34.8942       1161     4.8333  0.000e+00
     95.650    11.7227   3.966024    34.8865       1162     4.8375  0.000e+00
     95.723    11.7302   3.965878    34.8781       1163     4.8417  0.000e+00
     95.792    11.7336   3.965214    34.8683       1164     4.8458  0.000e+00
     95.858    11.7334   3.965473    34.8710       1165     4.8500  0.000e+00
     95.928    11.7334   3.966901    34.8849       1166     4.8542  0.000e+00
     95.997    11.7372   3.967830    34.8905       1167     4.8583  0.000e+00
     96.069    11.7433   3.968760    34.8939       1168     4.8625  0.000e+00
     96.148    11.7494   3.969265    34.8930       1169     4.8667  0.000e+00
     96.220    11.7544   3.969332    34.8890       1170     4.8708  0.000e+00
     96.304    11.7577   3.969524    34.8877       1171     4.8750  0.000e+00
     96.401    11.7598   3.969431    34.8848       1172     4.8792  0.000e+00
     96.497    11.7605   3.969405    34.8838       1173     4.8833  0.000e+00
     96.600    11.7605   3.969478    34.8845       1174     4.8875  0.000e+00
     96.708    11.7609   3.969478    34.8840       1175     4.8917  0.000e+00
     96.823    11.7612   3.969597    34.8849       1176     4.8958  0.000e+00
     96.943    11.7617   3.969956    34.8879       1177     4.9000  0.000e+00
     97.064    11.7629   3.970335    34.8904       1178     4.9042  0.000e+00
     97.175    11.7648   3.970707    34.8923       1179     4.9083  0.000e+00
     97.296    11.7671   3.970787    34.8908       1180     4.9125  0.000e+00
     97.408    11.7686   3.970840    34.8899       1181     4.9167  0.000e+00
     97.516    11.7694   3.970887    34.8895       1182     4.9208  0.000e+00
     97.610    11.7700   3.971126    34.8913       1183     4.9250  0.000e+00
     97.703    11.7709   3.971385    34.8929       1184     4.9292  0.000e+00
     97.784    11.7723   3.971837    34.8960       1185     4.9333  0.000e+00
     97.842    11.7744   3.972196    34.8975       1186     4.9375  0.000e+00
     97.914    11.7766   3.972176    34.8953       1187     4.9417  0.000e+00
     97.971    11.7781   3.972840    34.9003       1188     4.9458  0.000e+00
     98.025    11.7800   3.973272    34.9027       1189     4.9500  0.000e+00
     98.086    11.7828   3.973199    34.8994       1190     4.9542  0.000e+00
     98.152    11.7841   3.973033    34.8965       1191     4.9583  0.000e+00
     98.206    11.7845   3.973126    34.8970       1192     4.9625  0.000e+00
     98.270    11.7847   3.973678    34.9022       1193     4.9667  0.000e+00
     98.339    11.7861   3.974322    34.9072       1194     4.9708  0.000e+00
     98.402    11.7890   3.974754    34.9087       1195     4.9750  0.000e+00
     98.481    11.7919   3.975087    34.9092       1196     4.9792  0.000e+00
     98.559    11.7944   3.975326    34.9092       1197     4.9833  0.000e+00
     98.643    11.7965   3.975160    34.9055       1198     4.9875  0.000e+00
     98.731    11.7974   3.974947    34.9026       1199     4.9917  0.000e+00
     98.827    11.7974   3.975566    34.9086       1200     4.9958  0.000e+00
     98.918    11.7982   3.976018    34.9122       1201     5.0000  0.000e+00
     99.020    11.8006   3.977214    34.9217       1202     5.0042  0.000e+00
     99.114    11.8048   3.977859    34.9240       1203     5.0083  0.000e+00
     99.210    11.8095   3.978006    34.9209       1204     5.0125  0.000e+00
     99.307    11.8125   3.978218    34.9202       1205     5.0167  0.000e+00
     99.403    11.8150   3.980466    34.9398       1206     5.0208  0.000e+00
     99.496    11.8220   3.984032    34.9681       1207     5.0250  0.000e+00
     99.599    11.8343   3.984251    34.9586       1208     5.0292  0.000e+00
     99.707    11.8437   3.984850    34.9557       1209     5.0333  0.000e+00
     99.819    11.8501   3.986553    34.9662       1210     5.0375  0.000e+00
     99.930    11.8575   3.989049    34.9837       1211     5.0417  0.000e+00
    100.045    11.8672   3.989981    34.9837       1212     5.0458  0.000e+00
    100.163    11.8760   3.990274    34.9782       1213     5.0500  0.000e+00
    100.274    11.8817   3.991326    34.9830       1214     5.0542  0.000e+00
    100.383    11.8867   3.991952    34.9844       1215     5.0583  0.000e+00
    100.482    11.8910   3.992072    34.9815       1216     5.0625  0.000e+00
    100.569    11.8938   3.992192    34.9800       1217     5.0667  0.000e+00
    100.651    11.8951   3.992312    34.9799       1218     5.0708  0.000e+00
    100.726    11.8964   3.992338    34.9790       1219     5.0750  0.000e+00
    100.783    11.8969   3.992385    34.9789       1220     5.0792  0.000e+00
    100.832    11.8973   3.992438    34.9791       1221     5.0833  0.000e+00
    100.871    11.8976   3.992358    34.9780       1222     5.0875  0.000e+00
    100.916    11.8977   3.992431    34.9786       1223     5.0917  0.000e+00
    100.958    11.8978   3.992625    34.9804       1224     5.0958  0.000e+00
    100.997    11.8983   3.993104    34.9845       1225     5.1000  0.000e+00
    101.052    11.8997   3.993084    34.9830       1226     5.1042  0.000e+00
    101.115    11.9004   3.993031    34.9818       1227     5.1083  0.000e+00
    101.184    11.9008   3.993131    34.9823       1228     5.1125  0.000e+00
    101.266    11.9013   3.993297    34.9835       1229     5.1167  0.000e+00
    101.353    11.9016   3.993224    34.9824       1230     5.1208  0.000e+00
    101.450    11.9017   3.993224    34.9823       1231     5.1250  0.000e+00
    101.549    11.9020   3.993804    34.9876       1232     5.1292  0.000e+00
    101.664    11.9034   3.993943    34.9877       1233     5.1333  0.000e+00
    101.781    11.9045   3.994110    34.9882       1234     5.1375  0.000e+00
    101.896    11.9055   3.994283    34.9889       1235     5.1417  0.000e+00
    102.025    11.9065   3.994763    34.9926       1236     5.1458  0.000e+00
    102.155    11.9081   3.995049    34.9938       1237     5.1500  0.000e+00
    102.282    11.9095   3.995462    34.9965       1238     5.1542  0.000e+00
    102.405    11.9112   3.996855    35.0085       1239     5.1583  0.000e+00
    102.532    11.9152   3.998633    35.0221       1240     5.1625  0.000e+00
