HB2302/sbe195.cnv
* Sea-Bird SBE 19plus V2 Data File:
* FileName = C:\cruise\data\sbe195.hex
* Software Version Seasave V 7.26.7.121
* Temperature SN = 4758
* Conductivity SN = 4758
* System UpLoad Time = Jun 27 2023 05:45:14
* NMEA Latitude = 40 42.26 N
* NMEA Longitude = 070 03.86 W
* NMEA UTC (Time) = Jun 27 2023 05:44:13
** Cruise: HB2302
** Program: Ecomon
** Chief Scientist: Jerry Prezioso
# nquan = 7
# nvalues = 1297                                  
# units = specified
# name 0 = depSM: Depth [salt water, m]
# name 1 = tv290C: Temperature [ITS-90, deg C]
# name 2 = c0S/m: Conductivity [S/m]
# name 3 = sal00: Salinity, Practical [PSU]
# name 4 = scan: Scan Count
# name 5 = timeM: Time, Elapsed [minutes]
# name 6 = flag:  0.000e+00
# span 0 =     -0.104,     40.866                 
# span 1 =    10.9436,    19.2061                 
# span 2 =   0.001511,   4.236090                 
# span 3 =     0.0148,    32.6329                 
# span 4 =         11,       1307                 
# span 5 =     0.0417,     5.4417                 
# span 6 = 0.0000e+00, 0.0000e+00                 
# interval = seconds: 0.25
# start_time = Jun 27 2023 05:44:13 [NMEA time, header]
# bad_flag = -9.990e-29
*END*
[from data line 206]
     19.902    13.9720   3.897110    32.2643        217     0.9000  0.000e+00
     20.083    13.9440   3.894908    32.2674        218     0.9042  0.000e+00
     20.261    13.9165   3.894052    32.2825        219     0.9083  0.000e+00
     20.415    13.8991   3.893030    32.2876        220     0.9125  0.000e+00
     20.563    13.8907   3.889722    32.2641        221     0.9167  0.000e+00
     20.708    13.8856   3.887673    32.2494        222     0.9208  0.000e+00
     20.832    13.8666   3.884348    32.2346        223     0.9250  0.000e+00
     20.968    13.8417   3.881326    32.2274        224     0.9292  0.000e+00
     21.086    13.8108   3.878180    32.2243        225     0.9333  0.000e+00
     21.204    13.7734   3.875068    32.2268        226     0.9375  0.000e+00
     21.328    13.7335   3.872030    32.2321        227     0.9417  0.000e+00
     21.442    13.6939   3.869347    32.2405        228     0.9458  0.000e+00
     21.560    13.6634   3.867494    32.2490        229     0.9500  0.000e+00
     21.672    13.6467   3.865759    32.2469        230     0.9542  0.000e+00
     21.775    13.6361   3.863084    32.2309        231     0.9583  0.000e+00
     21.890    13.6215   3.861100    32.2247        232     0.9625  0.000e+00
     22.001    13.5933   3.859879    32.2371        233     0.9667  0.000e+00
     22.101    13.5624   3.858106    32.2466        234     0.9708  0.000e+00
     22.210    13.5411   3.855591    32.2411        235     0.9750  0.000e+00
     22.319    13.5173   3.853104    32.2380        236     0.9792  0.000e+00
     22.440    13.4893   3.850203    32.2346        237     0.9833  0.000e+00
     22.570    13.4636   3.848386    32.2393        238     0.9875  0.000e+00
     22.715    13.4410   3.845743    32.2337        239     0.9917  0.000e+00
     22.872    13.4215   3.843172    32.2260        240     0.9958  0.000e+00
     23.041    13.3998   3.840904    32.2231        241     1.0000  0.000e+00
     23.225    13.3749   3.838938    32.2258        242     1.0042  0.000e+00
     23.415    13.3522   3.836501    32.2221        243     1.0083  0.000e+00
     23.603    13.3275   3.834326    32.2226        244     1.0125  0.000e+00
     23.805    13.2986   3.832093    32.2260        245     1.0167  0.000e+00
     24.002    13.2727   3.829985    32.2281        246     1.0208  0.000e+00
     24.216    13.2485   3.827314    32.2235        247     1.0250  0.000e+00
     24.422    13.2259   3.823976    32.2112        248     1.0292  0.000e+00
     24.624    13.2045   3.822073    32.2114        249     1.0333  0.000e+00
     24.820    13.1757   3.820765    32.2236        250     1.0375  0.000e+00
     25.005    13.1504   3.817233    32.2117        251     1.0417  0.000e+00
     25.171    13.1326   3.814586    32.2019        252     1.0458  0.000e+00
     25.316    13.1110   3.811618    32.1923        253     1.0500  0.000e+00
     25.446    13.0870   3.808711    32.1852        254     1.0542  0.000e+00
     25.558    13.0574   3.806098    32.1857        255     1.0583  0.000e+00
     25.670    13.0277   3.800568    32.1588        256     1.0625  0.000e+00
     25.775    13.0034   3.797364    32.1492        257     1.0667  0.000e+00
     25.869    12.9748   3.794213    32.1437        258     1.0708  0.000e+00
     25.951    12.9407   3.790601    32.1385        259     1.0750  0.000e+00
     26.047    12.8993   3.787948    32.1486        260     1.0792  0.000e+00
     26.153    12.8514   3.784533    32.1570        261     1.0833  0.000e+00
     26.268    12.8046   3.781067    32.1640        262     1.0875  0.000e+00
     26.392    12.7631   3.777623    32.1667        263     1.0917  0.000e+00
     26.534    12.7284   3.773802    32.1599        264     1.0958  0.000e+00
     26.679    12.6930   3.769130    32.1457        265     1.1000  0.000e+00
     26.845    12.6608   3.776862    32.2466        266     1.1042  0.000e+00
     27.011    12.6330   3.721894    31.7481        267     1.1083  0.000e+00
     27.192    12.4005   3.657354    31.3295        268     1.1125  0.000e+00
     27.377    11.9512   3.651987    31.6562        269     1.1167  0.000e+00
     27.567    11.6311   3.648998    31.9007        270     1.1208  0.000e+00
     27.770    11.4480   3.646894    32.0382        271     1.1250  0.000e+00
     27.963    11.3478   3.646028    32.1167        272     1.1292  0.000e+00
     28.168    11.2951   3.646080    32.1629        273     1.1333  0.000e+00
     28.362    11.2701   3.644649    32.1706        274     1.1375  0.000e+00
     28.558    11.2536   3.642320    32.1621        275     1.1417  0.000e+00
     28.746    11.2360   3.640966    32.1641        276     1.1458  0.000e+00
     28.918    11.2189   3.640286    32.1723        277     1.1500  0.000e+00
     29.093    11.2052   3.639882    32.1801        278     1.1542  0.000e+00
     29.253    11.1955   3.639587    32.1856        279     1.1583  0.000e+00
     29.395    11.1890   3.639222    32.1877        280     1.1625  0.000e+00
     29.531    11.1839   3.638728    32.1873        281     1.1667  0.000e+00
     29.664    11.1780   3.637894    32.1841        282     1.1708  0.000e+00
     29.794    11.1682   3.637824    32.1920        283     1.1750  0.000e+00
     29.924    11.1593   3.637291    32.1944        284     1.1792  0.000e+00
     30.063    11.1504   3.637260    32.2018        285     1.1833  0.000e+00
     30.217    11.1426   3.636541    32.2015        286     1.1875  0.000e+00
     30.368    11.1343   3.636086    32.2043        287     1.1917  0.000e+00
     30.534    11.1247   3.635785    32.2096        288     1.1958  0.000e+00
     30.703    11.1159   3.635368    32.2132        289     1.2000  0.000e+00
     30.876    11.1085   3.634554    32.2115        290     1.2042  0.000e+00
     31.042    11.0981   3.633990    32.2151        291     1.2083  0.000e+00
     31.208    11.0866   3.633227    32.2175        292     1.2125  0.000e+00
     31.386    11.0735   3.632862    32.2253        293     1.2167  0.000e+00
     31.553    11.0623   3.632862    32.2351        294     1.2208  0.000e+00
     31.716    11.0552   3.632818    32.2408        295     1.2250  0.000e+00
     31.870    11.0494   3.632587    32.2435        296     1.2292  0.000e+00
     32.021    11.0448   3.633023    32.2518        297     1.2333  0.000e+00
     32.178    11.0446   3.632164    32.2434        298     1.2375  0.000e+00
     32.326    11.0403   3.631670    32.2423        299     1.2417  0.000e+00
     32.477    11.0325   3.631280    32.2452        300     1.2458  0.000e+00
     32.634    11.0235   3.631043    32.2507        301     1.2500  0.000e+00
     32.794    11.0158   3.631177    32.2587        302     1.2542  0.000e+00
     32.961    11.0121   3.631062    32.2608        303     1.2583  0.000e+00
     33.127    11.0098   3.630838    32.2605        304     1.2625  0.000e+00
     33.293    11.0071   3.630633    32.2608        305     1.2667  0.000e+00
     33.480    11.0034   3.630748    32.2651        306     1.2708  0.000e+00
     33.661    11.0017   3.630768    32.2667        307     1.2750  0.000e+00
     33.852    11.0025   3.630954    32.2677        308     1.2792  0.000e+00
     34.045    11.0041   3.630954    32.2663        309     1.2833  0.000e+00
     34.248    11.0048   3.630973    32.2657        310     1.2875  0.000e+00
     34.441    11.0039   3.630435    32.2611        311     1.2917  0.000e+00
     34.640    11.0005   3.630390    32.2636        312     1.2958  0.000e+00
     34.831    10.9967   3.630505    32.2680        313     1.3000  0.000e+00
     35.024    10.9947   3.630480    32.2694        314     1.3042  0.000e+00
     35.214    10.9928   3.630211    32.2684        315     1.3083  0.000e+00
     35.393    10.9899   3.630025    32.2690        316     1.3125  0.000e+00
     35.568    10.9866   3.629993    32.2715        317     1.3167  0.000e+00
     35.737    10.9842   3.630006    32.2737        318     1.3208  0.000e+00
     35.894    10.9827   3.630070    32.2756        319     1.3250  0.000e+00
     36.048    10.9819   3.630141    32.2769        320     1.3292  0.000e+00
     36.193    10.9808   3.630365    32.2800        321     1.3333  0.000e+00
     36.335    10.9811   3.630122    32.2773        322     1.3375  0.000e+00
     36.474    10.9812   3.629916    32.2751        323     1.3417  0.000e+00
     36.619    10.9801   3.630006    32.2769        324     1.3458  0.000e+00
     36.758    10.9796   3.629917    32.2764        325     1.3500  0.000e+00
     36.910    10.9783   3.629929    32.2776        326     1.3542  0.000e+00
     37.058    10.9767   3.630071    32.2803        327     1.3583  0.000e+00
     37.218    10.9760   3.629872    32.2789        328     1.3625  0.000e+00
     37.384    10.9746   3.629827    32.2796        329     1.3667  0.000e+00
     37.544    10.9729   3.629949    32.2823        330     1.3708  0.000e+00
     37.719    10.9717   3.629757    32.2814        331     1.3750  0.000e+00
     37.892    10.9709   3.629783    32.2823        332     1.3792  0.000e+00
     38.064    10.9701   3.629892    32.2839        333     1.3833  0.000e+00
     38.239    10.9699   3.629847    32.2836        334     1.3875  0.000e+00
     38.408    10.9700   3.630013    32.2851        335     1.3917  0.000e+00
     38.577    10.9707   3.629802    32.2823        336     1.3958  0.000e+00
     38.734    10.9701   3.629443    32.2792        337     1.4000  0.000e+00
     38.907    10.9682   3.629328    32.2797        338     1.4042  0.000e+00
     39.079    10.9659   3.629245    32.2808        339     1.4083  0.000e+00
     39.257    10.9634   3.629354    32.2840        340     1.4125  0.000e+00
     39.441    10.9619   3.629469    32.2864        341     1.4167  0.000e+00
     39.632    10.9617   3.629604    32.2878        342     1.4208  0.000e+00
     39.819    10.9622   3.629738    32.2886        343     1.4250  0.000e+00
     40.016    10.9631   3.629803    32.2883        344     1.4292  0.000e+00
     40.212    10.9642   3.629892    32.2882        345     1.4333  0.000e+00
     40.330    10.9648   3.629399    32.2828        346     1.4375  0.000e+00
     40.405    10.9631   3.629194    32.2822        347     1.4417  0.000e+00
     40.430    10.9600   3.628688    32.2799        348     1.4458  0.000e+00
     40.415    10.9561   3.628540    32.2819        349     1.4500  0.000e+00
     40.402    10.9528   3.628521    32.2846        350     1.4542  0.000e+00
     40.421    10.9508   3.628496    32.2861        351     1.4583  0.000e+00
     40.451    10.9503   3.628515    32.2867        352     1.4625  0.000e+00
     40.460    10.9505   3.628496    32.2863        353     1.4667  0.000e+00
     40.448    10.9506   3.628476    32.2861        354     1.4708  0.000e+00
     40.439    10.9506   3.628451    32.2858        355     1.4750  0.000e+00
     40.439    10.9505   3.628451    32.2859        356     1.4792  0.000e+00
     40.445    10.9499   3.628451    32.2865        357     1.4833  0.000e+00
     40.445    10.9492   3.628451    32.2871        358     1.4875  0.000e+00
     40.430    10.9486   3.628451    32.2876        359     1.4917  0.000e+00
     40.427    10.9484   3.628451    32.2878        360     1.4958  0.000e+00
     40.418    10.9478   3.628451    32.2883        361     1.5000  0.000e+00
     40.406    10.9471   3.628451    32.2889        362     1.5042  0.000e+00
     40.391    10.9470   3.628406    32.2886        363     1.5083  0.000e+00
     40.373    10.9472   3.628432    32.2887        364     1.5125  0.000e+00
     40.340    10.9474   3.628387    32.2881        365     1.5167  0.000e+00
     40.319    10.9474   3.628361    32.2878        366     1.5208  0.000e+00
     40.282    10.9473   3.628387    32.2882        367     1.5250  0.000e+00
     40.258    10.9470   3.628361    32.2882        368     1.5292  0.000e+00
     40.237    10.9470   3.628316    32.2878        369     1.5333  0.000e+00
     40.228    10.9470   3.628342    32.2880        370     1.5375  0.000e+00
     40.228    10.9472   3.628361    32.2880        371     1.5417  0.000e+00
     40.240    10.9470   3.628342    32.2880        372     1.5458  0.000e+00
     40.265    10.9468   3.628316    32.2879        373     1.5500  0.000e+00
     40.307    10.9467   3.628297    32.2878        374     1.5542  0.000e+00
     40.361    10.9469   3.628297    32.2876        375     1.5583  0.000e+00
     40.428    10.9472   3.628227    32.2866        376     1.5625  0.000e+00
     40.507    10.9472   3.628271    32.2870        377     1.5667  0.000e+00
     40.573    10.9474   3.628361    32.2877        378     1.5708  0.000e+00
     40.646    10.9476   3.628342    32.2873        379     1.5750  0.000e+00
     40.706    10.9478   3.628316    32.2868        380     1.5792  0.000e+00
     40.767    10.9477   3.628387    32.2876        381     1.5833  0.000e+00
     40.818    10.9478   3.627061    32.2744        382     1.5875  0.000e+00
     40.848    10.9472   3.628278    32.2869        383     1.5917  0.000e+00
     40.866    10.9467   3.628272    32.2873        384     1.5958  0.000e+00
     40.860    10.9460   3.628227    32.2875        385     1.6000  0.000e+00
     40.839    10.9454   3.628182    32.2876        386     1.6042  0.000e+00
     40.797    10.9451   3.628131    32.2874        387     1.6083  0.000e+00
     40.737    10.9451   3.628137    32.2875        388     1.6125  0.000e+00
     40.652    10.9453   3.628137    32.2873        389     1.6167  0.000e+00
     40.565    10.9451   3.628137    32.2875        390     1.6208  0.000e+00
     40.462    10.9450   3.628137    32.2877        391     1.6250  0.000e+00
     40.374    10.9445   3.628086    32.2876        392     1.6292  0.000e+00
     40.287    10.9445   3.628073    32.2875        393     1.6333  0.000e+00
     40.208    10.9444   3.628073    32.2876        394     1.6375  0.000e+00
     40.145    10.9444   3.628047    32.2874        395     1.6417  0.000e+00
     40.109    10.9442   3.628066    32.2878        396     1.6458  0.000e+00
     40.097    10.9443   3.628092    32.2880        397     1.6500  0.000e+00
     40.115    10.9445   3.628092    32.2878        398     1.6542  0.000e+00
     40.160    10.9446   3.628162    32.2884        399     1.6583  0.000e+00
     40.233    10.9449   3.628182    32.2883        400     1.6625  0.000e+00
     40.309    10.9453   3.628342    32.2894        401     1.6667  0.000e+00
     40.396    10.9461   3.628592    32.2912        402     1.6708  0.000e+00
     40.490    10.9478   3.628521    32.2890        403     1.6750  0.000e+00
     40.574    10.9491   3.628521    32.2878        404     1.6792  0.000e+00
     40.659    10.9497   3.628425    32.2863        405     1.6833  0.000e+00
     40.723    10.9497   3.625369    32.2560        406     1.6875  0.000e+00
     40.780    10.9488   3.628227    32.2851        407     1.6917  0.000e+00
     40.816    10.9480   3.628163    32.2851        408     1.6958  0.000e+00
     40.844    10.9469   3.628118    32.2856        409     1.7000  0.000e+00
     40.844    10.9460   3.628067    32.2859        410     1.7042  0.000e+00
     40.832    10.9452   3.628028    32.2862        411     1.7083  0.000e+00
     40.804    10.9442   3.628002    32.2869        412     1.7125  0.000e+00
     40.759    10.9439   3.627983    32.2870        413     1.7167  0.000e+00
     40.720    10.9439   3.627996    32.2871        414     1.7208  0.000e+00
     40.675    10.9438   3.627958    32.2868        415     1.7250  0.000e+00
     40.627    10.9442   3.627983    32.2868        416     1.7292  0.000e+00
     40.587    10.9445   3.624293    32.2500        417     1.7333  0.000e+00
     40.545    10.9449   3.627893    32.2853        418     1.7375  0.000e+00
     40.512    10.9453   3.627938    32.2854        419     1.7417  0.000e+00
     40.482    10.9451   3.627957    32.2858        420     1.7458  0.000e+00
