HB2302/sbe179.cnv
* Sea-Bird SBE 19plus V2 Data File:
* FileName = C:\cruise\data\sbe179.hex
* Software Version Seasave V 7.26.7.121
* Temperature SN = 4758
* Conductivity SN = 4758
* System UpLoad Time = Jun 25 2023 08:49:12
* NMEA Latitude = 39 49.27 N
* NMEA Longitude = 069 25.62 W
* NMEA UTC (Time) = Jun 25 2023 08:49:11
** Cruise: HB2302
** Program: Ecomon
** Chief Scientist: Jerry Prezioso
# nquan = 7
# nvalues = 4467                                  
# units = specified
# name 0 = depSM: Depth [salt water, m]
# name 1 = tv290C: Temperature [ITS-90, deg C]
# name 2 = c0S/m: Conductivity [S/m]
# name 3 = sal00: Salinity, Practical [PSU]
# name 4 = scan: Scan Count
# name 5 = timeM: Time, Elapsed [minutes]
# name 6 = flag:  0.000e+00
# span 0 =     -0.084,    200.332                 
# span 1 =    14.1978,    23.2577                 
# span 2 =   0.000340,   5.285534                 
# span 3 =     0.0114,    36.4452                 
# span 4 =         11,       4477                 
# span 5 =     0.0417,    18.6500                 
# span 6 = 0.0000e+00, 0.0000e+00                 
# interval = seconds: 0.25
# start_time = Jun 25 2023 08:49:11 [NMEA time, header]
# bad_flag = -9.990e-29
*END*
[from data line 1436]
    197.572    14.3017   4.319454    35.8096       1447     6.0250  0.000e+00
    197.647    14.3000   4.319241    35.8092       1448     6.0292  0.000e+00
    197.701    14.2974   4.319028    35.8096       1449     6.0333  0.000e+00
    197.744    14.2944   4.318952    35.8116       1450     6.0375  0.000e+00
    197.774    14.2920   4.318877    35.8132       1451     6.0417  0.000e+00
    197.798    14.2901   4.318849    35.8146       1452     6.0458  0.000e+00
    197.798    14.2889   4.318843    35.8158       1453     6.0500  0.000e+00
    197.797    14.2880   4.318801    35.8161       1454     6.0542  0.000e+00
    197.800    14.2875   4.318774    35.8164       1455     6.0583  0.000e+00
    197.800    14.2871   4.318774    35.8167       1456     6.0625  0.000e+00
    197.809    14.2871   4.318746    35.8165       1457     6.0667  0.000e+00
    197.827    14.2874   4.318767    35.8164       1458     6.0708  0.000e+00
    197.863    14.2873   4.318801    35.8168       1459     6.0750  0.000e+00
    197.915    14.2875   4.318849    35.8170       1460     6.0792  0.000e+00
    197.978    14.2875   4.318877    35.8173       1461     6.0833  0.000e+00
    198.059    14.2878   4.319001    35.8181       1462     6.0875  0.000e+00
    198.153    14.2885   4.319152    35.8188       1463     6.0917  0.000e+00
    198.252    14.2895   4.319187    35.8182       1464     6.0958  0.000e+00
    198.376    14.2904   4.319228    35.8176       1465     6.1000  0.000e+00
    198.491    14.2910   4.319228    35.8171       1466     6.1042  0.000e+00
    198.608    14.2912   4.319200    35.8166       1467     6.1083  0.000e+00
    198.726    14.2913   4.319201    35.8164       1468     6.1125  0.000e+00
    198.840    14.2911   4.319139    35.8160       1469     6.1167  0.000e+00
    198.949    14.2907   4.319125    35.8162       1470     6.1208  0.000e+00
    199.057    14.2904   4.319180    35.8169       1471     6.1250  0.000e+00
    199.148    14.2903   4.319201    35.8172       1472     6.1292  0.000e+00
    199.238    14.2902   4.318726    35.8128       1473     6.1333  0.000e+00
    199.311    14.2875   4.318293    35.8113       1474     6.1375  0.000e+00
    199.380    14.2835   4.318149    35.8136       1475     6.1417  0.000e+00
    199.443    14.2800   4.318121    35.8166       1476     6.1458  0.000e+00
    199.507    14.2776   4.318046    35.8180       1477     6.1500  0.000e+00
    199.564    14.2763   4.317970    35.8186       1478     6.1542  0.000e+00
    199.618    14.2751   4.317943    35.8194       1479     6.1583  0.000e+00
    199.663    14.2745   4.317894    35.8194       1480     6.1625  0.000e+00
    199.732    14.2740   4.317894    35.8199       1481     6.1667  0.000e+00
    199.781    14.2736   4.317970    35.8210       1482     6.1708  0.000e+00
    199.832    14.2734   4.317998    35.8214       1483     6.1750  0.000e+00
    199.895    14.2736   4.317998    35.8212       1484     6.1792  0.000e+00
    199.961    14.2737   4.317977    35.8208       1485     6.1833  0.000e+00
    200.007    14.2736   4.317970    35.8209       1486     6.1875  0.000e+00
    200.055    14.2735   4.318018    35.8214       1487     6.1917  0.000e+00
    200.109    14.2732   4.318122    35.8226       1488     6.1958  0.000e+00
    200.169    14.2733   4.318520    35.8262       1489     6.2000  0.000e+00
    200.223    14.2739   4.318871    35.8288       1490     6.2042  0.000e+00
    200.290    14.2751   4.319277    35.8315       1491     6.2083  0.000e+00
    200.320    14.2766   4.319456    35.8318       1492     6.2125  0.000e+00
    200.332    14.2780   4.319635    35.8321       1493     6.2167  0.000e+00
    200.307    14.2792   4.319504    35.8298       1494     6.2208  0.000e+00
    200.283    14.2796   4.319408    35.8286       1495     6.2250  0.000e+00
    200.250    14.2794   4.319325    35.8280       1496     6.2292  0.000e+00
    200.226    14.2791   4.319229    35.8273       1497     6.2333  0.000e+00
    200.204    14.2786   4.319050    35.8262       1498     6.2375  0.000e+00
    200.174    14.2779   4.318878    35.8253       1499     6.2417  0.000e+00
    200.132    14.2770   4.318699    35.8245       1500     6.2458  0.000e+00
    200.092    14.2764   4.318527    35.8234       1501     6.2500  0.000e+00
    200.056    14.2754   4.318348    35.8226       1502     6.2542  0.000e+00
    200.014    14.2745   4.318170    35.8218       1503     6.2583  0.000e+00
    199.987    14.2740   4.318046    35.8212       1504     6.2625  0.000e+00
    199.962    14.2733   4.318018    35.8216       1505     6.2667  0.000e+00
    199.950    14.2730   4.318025    35.8220       1506     6.2708  0.000e+00
    199.938    14.2726   4.318018    35.8223       1507     6.2750  0.000e+00
    199.935    14.2727   4.318046    35.8225       1508     6.2792  0.000e+00
    199.944    14.2725   4.318094    35.8231       1509     6.2833  0.000e+00
    199.950    14.2727   4.318197    35.8239       1510     6.2875  0.000e+00
    199.947    14.2730   4.318397    35.8254       1511     6.2917  0.000e+00
    199.950    14.2736   4.318507    35.8258       1512     6.2958  0.000e+00
    199.947    14.2739   4.318596    35.8264       1513     6.3000  0.000e+00
    199.926    14.2745   4.318651    35.8264       1514     6.3042  0.000e+00
    199.904    14.2748   4.318575    35.8254       1515     6.3083  0.000e+00
    199.865    14.2748   4.318520    35.8250       1516     6.3125  0.000e+00
    199.817    14.2747   4.318266    35.8227       1517     6.3167  0.000e+00
    199.756    14.2743   4.318018    35.8208       1518     6.3208  0.000e+00
    199.693    14.2735   4.317922    35.8207       1519     6.3250  0.000e+00
    199.620    14.2730   4.317771    35.8198       1520     6.3292  0.000e+00
    199.548    14.2724   4.317743    35.8200       1521     6.3333  0.000e+00
    199.475    14.2719   4.317709    35.8202       1522     6.3375  0.000e+00
    199.412    14.2716   4.317667    35.8202       1523     6.3417  0.000e+00
    199.348    14.2713   4.317667    35.8205       1524     6.3458  0.000e+00
    199.300    14.2711   4.317695    35.8209       1525     6.3500  0.000e+00
    199.273    14.2711   4.317667    35.8206       1526     6.3542  0.000e+00
    199.233    14.2711   4.317640    35.8205       1527     6.3583  0.000e+00
    199.212    14.2707   4.317633    35.8208       1528     6.3625  0.000e+00
    199.197    14.2707   4.317619    35.8206       1529     6.3667  0.000e+00
    199.191    14.2708   4.317640    35.8208       1530     6.3708  0.000e+00
    199.182    14.2707   4.317667    35.8211       1531     6.3750  0.000e+00
    199.181    14.2708   4.317619    35.8206       1532     6.3792  0.000e+00
    199.190    14.2708   4.317660    35.8209       1533     6.3833  0.000e+00
    199.187    14.2708   4.317743    35.8217       1534     6.3875  0.000e+00
    199.199    14.2713   4.317922    35.8229       1535     6.3917  0.000e+00
    199.208    14.2727   4.317997    35.8223       1536     6.3958  0.000e+00
    199.196    14.2743   4.318073    35.8215       1537     6.4000  0.000e+00
    199.196    14.2757   4.318107    35.8205       1538     6.4042  0.000e+00
    199.187    14.2767   4.318094    35.8195       1539     6.4083  0.000e+00
    199.169    14.2772   4.317970    35.8179       1540     6.4125  0.000e+00
    199.148    14.2769   4.317997    35.8184       1541     6.4167  0.000e+00
    199.111    14.2766   4.317942    35.8182       1542     6.4208  0.000e+00
    199.069    14.2761   4.317942    35.8187       1543     6.4250  0.000e+00
    199.027    14.2758   4.318210    35.8215       1544     6.4292  0.000e+00
    198.972    14.2774   4.318245    35.8203       1545     6.4333  0.000e+00
    198.912    14.2787   4.318300    35.8197       1546     6.4375  0.000e+00
    198.830    14.2797   4.318320    35.8190       1547     6.4417  0.000e+00
    198.758    14.2804   4.318320    35.8183       1548     6.4458  0.000e+00
    198.670    14.2808   4.318341    35.8182       1549     6.4500  0.000e+00
    198.583    14.2812   4.318375    35.8181       1550     6.4542  0.000e+00
    198.492    14.2817   4.318375    35.8178       1551     6.4583  0.000e+00
    198.395    14.2817   4.318375    35.8178       1552     6.4625  0.000e+00
    198.299    14.2822   4.318320    35.8168       1553     6.4667  0.000e+00
    198.196    14.2817   4.318293    35.8171       1554     6.4708  0.000e+00
    198.093    14.2814   4.318244    35.8170       1555     6.4750  0.000e+00
    197.991    14.2812   4.318196    35.8168       1556     6.4792  0.000e+00
    197.900    14.2809   4.318224    35.8173       1557     6.4833  0.000e+00
    197.804    14.2810   4.318320    35.8182       1558     6.4875  0.000e+00
    197.710    14.2815   4.318299    35.8175       1559     6.4917  0.000e+00
    197.610    14.2818   4.318182    35.8163       1560     6.4958  0.000e+00
    197.520    14.2817   4.318196    35.8165       1561     6.5000  0.000e+00
    197.423    14.2814   4.318196    35.8168       1562     6.5042  0.000e+00
    197.329    14.2813   4.318223    35.8172       1563     6.5083  0.000e+00
    197.233    14.2815   4.318244    35.8173       1564     6.5125  0.000e+00
    197.145    14.2816   4.318210    35.8169       1565     6.5167  0.000e+00
    197.058    14.2814   4.318244    35.8174       1566     6.5208  0.000e+00
    196.976    14.2816   4.318196    35.8168       1567     6.5250  0.000e+00
    196.904    14.2814   4.318223    35.8173       1568     6.5292  0.000e+00
    196.840    14.2818   4.318223    35.8170       1569     6.5333  0.000e+00
    196.783    14.2819   4.318182    35.8165       1570     6.5375  0.000e+00
    196.725    14.2822   4.318196    35.8163       1571     6.5417  0.000e+00
    196.683    14.2825   4.318223    35.8163       1572     6.5458  0.000e+00
    196.641    14.2825   4.318148    35.8157       1573     6.5500  0.000e+00
    196.589    14.2818   4.318168    35.8166       1574     6.5542  0.000e+00
    196.538    14.2812   4.318182    35.8172       1575     6.5583  0.000e+00
    196.481    14.2814   4.318223    35.8175       1576     6.5625  0.000e+00
    196.414    14.2817   4.318168    35.8167       1577     6.5667  0.000e+00
    196.348    14.2818   4.318196    35.8169       1578     6.5708  0.000e+00
    196.266    14.2820   4.318196    35.8167       1579     6.5750  0.000e+00
    196.166    14.2825   4.318168    35.8161       1580     6.5792  0.000e+00
    196.049    14.2825   4.318182    35.8162       1581     6.5833  0.000e+00
    195.934    14.2824   4.318168    35.8163       1582     6.5875  0.000e+00
    195.789    14.2823   4.318147    35.8162       1583     6.5917  0.000e+00
    195.653    14.2824   4.318120    35.8159       1584     6.5958  0.000e+00
    195.505    14.2822   4.318092    35.8160       1585     6.6000  0.000e+00
    195.337    14.2822   4.318133    35.8163       1586     6.6042  0.000e+00
    195.189    14.2825   4.318092    35.8158       1587     6.6083  0.000e+00
    195.023    14.2828   4.318092    35.8156       1588     6.6125  0.000e+00
    194.869    14.2829   4.318147    35.8160       1589     6.6167  0.000e+00
    194.730    14.2832   4.318092    35.8153       1590     6.6208  0.000e+00
    194.591    14.2833   4.318160    35.8159       1591     6.6250  0.000e+00
    194.467    14.2837   4.318497    35.8187       1592     6.6292  0.000e+00
    194.361    14.2863   4.318621    35.8175       1593     6.6333  0.000e+00
    194.271    14.2894   4.318545    35.8140       1594     6.6375  0.000e+00
    194.192    14.2909   4.318745    35.8145       1595     6.6417  0.000e+00
    194.129    14.2929   4.318848    35.8136       1596     6.6458  0.000e+00
    194.086    14.2950   4.318793    35.8111       1597     6.6500  0.000e+00
    194.035    14.2959   4.318875    35.8111       1598     6.6542  0.000e+00
    194.005    14.2969   4.318875    35.8102       1599     6.6583  0.000e+00
    193.972    14.2973   4.318573    35.8070       1600     6.6625  0.000e+00
    193.947    14.2956   4.318545    35.8084       1601     6.6667  0.000e+00
    193.923    14.2939   4.318923    35.8134       1602     6.6708  0.000e+00
    193.896    14.2951   4.318951    35.8126       1603     6.6750  0.000e+00
    193.857    14.2971   4.318896    35.8103       1604     6.6792  0.000e+00
    193.811    14.2979   4.318875    35.8093       1605     6.6833  0.000e+00
    193.757    14.2978   4.318820    35.8090       1606     6.6875  0.000e+00
    193.690    14.2977   4.318896    35.8098       1607     6.6917  0.000e+00
    193.615    14.2978   4.318875    35.8096       1608     6.6958  0.000e+00
    193.539    14.2978   4.318799    35.8088       1609     6.7000  0.000e+00
    193.437    14.2976   4.318799    35.8091       1610     6.7042  0.000e+00
    193.334    14.2971   4.318923    35.8108       1611     6.7083  0.000e+00
    193.207    14.2978   4.318896    35.8099       1612     6.7125  0.000e+00
    193.071    14.2984   4.318792    35.8085       1613     6.7167  0.000e+00
    192.942    14.2985   4.318847    35.8089       1614     6.7208  0.000e+00
    192.806    14.2988   4.319047    35.8105       1615     6.7250  0.000e+00
    192.664    14.3001   4.319026    35.8092       1616     6.7292  0.000e+00
    192.531    14.3010   4.319198    35.8100       1617     6.7333  0.000e+00
    192.392    14.3024   4.319500    35.8116       1618     6.7375  0.000e+00
    192.253    14.3043   4.319225    35.8073       1619     6.7417  0.000e+00
    192.108    14.3045   4.319253    35.8074       1620     6.7458  0.000e+00
    191.967    14.3048   4.319603    35.8105       1621     6.7500  0.000e+00
    191.825    14.3061   4.319727    35.8105       1622     6.7542  0.000e+00
    191.698    14.3078   4.319452    35.8064       1623     6.7583  0.000e+00
    191.556    14.3081   4.319294    35.8047       1624     6.7625  0.000e+00
    191.432    14.3074   4.319424    35.8066       1625     6.7667  0.000e+00
    191.324    14.3073   4.319631    35.8087       1626     6.7708  0.000e+00
    191.215    14.3076   4.319500    35.8072       1627     6.7750  0.000e+00
    191.118    14.3081   4.319424    35.8061       1628     6.7792  0.000e+00
    191.019    14.3079   4.319500    35.8071       1629     6.7833  0.000e+00
    190.943    14.3079   4.319802    35.8099       1630     6.7875  0.000e+00
    190.868    14.3093   4.319981    35.8103       1631     6.7917  0.000e+00
    190.807    14.3114   4.319878    35.8074       1632     6.7958  0.000e+00
    190.756    14.3120   4.319706    35.8053       1633     6.8000  0.000e+00
    190.701    14.3116   4.319665    35.8053       1634     6.8042  0.000e+00
    190.650    14.3113   4.319857    35.8074       1635     6.8083  0.000e+00
    190.602    14.3119   4.320008    35.8083       1636     6.8125  0.000e+00
    190.562    14.3126   4.320359    35.8109       1637     6.8167  0.000e+00
    190.517    14.3150   4.321116    35.8157       1638     6.8208  0.000e+00
    190.469    14.3198   4.321191    35.8120       1639     6.8250  0.000e+00
    190.408    14.3236   4.321191    35.8084       1640     6.8292  0.000e+00
    190.342    14.3255   4.321343    35.8081       1641     6.8333  0.000e+00
    190.272    14.3273   4.321294    35.8061       1642     6.8375  0.000e+00
    190.185    14.3282   4.321370    35.8059       1643     6.8417  0.000e+00
    190.091    14.3289   4.321343    35.8051       1644     6.8458  0.000e+00
    189.983    14.3292   4.321459    35.8059       1645     6.8500  0.000e+00
    189.865    14.3298   4.321473    35.8056       1646     6.8542  0.000e+00
    189.723    14.3304   4.321418    35.8046       1647     6.8583  0.000e+00
    189.587    14.3307   4.321418    35.8044       1648     6.8625  0.000e+00
    189.433    14.3310   4.321095    35.8012       1649     6.8667  0.000e+00
    189.273    14.3305   4.321342    35.8040       1650     6.8708  0.000e+00
    189.107    14.3307   4.321246    35.8030       1651     6.8750  0.000e+00
