HB2302/sbe128.cnv
* Sea-Bird SBE 19plus V2 Data File:
* FileName = C:\cruise\data\sbe128.hex
* Software Version Seasave V 7.26.7.121
* Temperature SN = 4758
* Conductivity SN = 4758
* System UpLoad Time = Jun 20 2023 04:33:07
* NMEA Latitude = 43 37.48 N
* NMEA Longitude = 066 34.21 W
* NMEA UTC (Time) = Jun 20 2023 04:33:07
** Cruise: HB2302
** Program: Ecomon
** Chief Scientist: Jerry Prezioso
# nquan = 7
# nvalues = 3620                                  
# units = specified
# name 0 = depSM: Depth [salt water, m]
# name 1 = tv290C: Temperature [ITS-90, deg C]
# name 2 = c0S/m: Conductivity [S/m]
# name 3 = sal00: Salinity, Practical [PSU]
# name 4 = scan: Scan Count
# name 5 = timeM: Time, Elapsed [minutes]
# name 6 = flag:  0.000e+00
# span 0 =     -0.052,    127.571                 
# span 1 =     7.3105,     9.7781                 
# span 2 =   0.001015,   3.448398                 
# span 3 =     0.0097,    32.4776                 
# span 4 =         11,       3630                 
# span 5 =     0.0417,    15.1208                 
# span 6 = 0.0000e+00, 0.0000e+00                 
# interval = seconds: 0.25
# start_time = Jun 20 2023 04:33:07 [NMEA time, header]
# bad_flag = -9.990e-29
*END*
[from data line 3283]
     22.530     7.8011   3.338317    32.1486       3294    13.7208  0.000e+00
     22.485     7.8028   3.338262    32.1465       3295    13.7250  0.000e+00
     22.428     7.8036   3.338361    32.1469       3296    13.7292  0.000e+00
     22.376     7.8042   3.338299    32.1457       3297    13.7333  0.000e+00
     22.331     7.8044   3.338361    32.1461       3298    13.7375  0.000e+00
     22.280     7.8047   3.338342    32.1457       3299    13.7417  0.000e+00
     22.232     7.8047   3.338404    32.1464       3300    13.7458  0.000e+00
     22.186     7.8049   3.338385    32.1460       3301    13.7500  0.000e+00
     22.147     7.8052   3.338528    32.1473       3302    13.7542  0.000e+00
     22.102     7.8057   3.338534    32.1469       3303    13.7583  0.000e+00
     22.060     7.8063   3.338466    32.1456       3304    13.7625  0.000e+00
     22.015     7.8063   3.338621    32.1474       3305    13.7667  0.000e+00
     21.975     7.8067   3.338609    32.1469       3306    13.7708  0.000e+00
     21.936     7.8071   3.338621    32.1466       3307    13.7750  0.000e+00
     21.885     7.8075   3.338770    32.1479       3308    13.7792  0.000e+00
     21.840     7.8084   3.338788    32.1473       3309    13.7833  0.000e+00
     21.791     7.8089   3.338503    32.1438       3310    13.7875  0.000e+00
     21.734     7.8084   3.338491    32.1442       3311    13.7917  0.000e+00
     21.680     7.8077   3.338503    32.1450       3312    13.7958  0.000e+00
     21.623     7.8073   3.338534    32.1457       3313    13.8000  0.000e+00
     21.562     7.8073   3.338670    32.1472       3314    13.8042  0.000e+00
     21.496     7.8076   3.338553    32.1457       3315    13.8083  0.000e+00
     21.433     7.8077   3.338342    32.1434       3316    13.8125  0.000e+00
     21.360     7.8073   3.338875    32.1495       3317    13.8167  0.000e+00
     21.288     7.8084   3.338912    32.1488       3318    13.8208  0.000e+00
     21.225     7.8100   3.338788    32.1461       3319    13.8250  0.000e+00
     21.149     7.8103   3.338813    32.1461       3320    13.8292  0.000e+00
     21.077     7.8103   3.338813    32.1461       3321    13.8333  0.000e+00
     21.005     7.8105   3.338893    32.1468       3322    13.8375  0.000e+00
     20.938     7.8110   3.338955    32.1471       3323    13.8417  0.000e+00
     20.869     7.8114   3.338962    32.1468       3324    13.8458  0.000e+00
     20.793     7.8121   3.338993    32.1465       3325    13.8500  0.000e+00
     20.721     7.8126   3.338943    32.1456       3326    13.8542  0.000e+00
     20.655     7.8123   3.338813    32.1445       3327    13.8583  0.000e+00
     20.588     7.8119   3.338769    32.1445       3328    13.8625  0.000e+00
     20.525     7.8113   3.338875    32.1462       3329    13.8667  0.000e+00
     20.468     7.8114   3.338769    32.1449       3330    13.8708  0.000e+00
     20.401     7.8114   3.338769    32.1449       3331    13.8750  0.000e+00
     20.338     7.8111   3.338813    32.1458       3332    13.8792  0.000e+00
     20.278     7.8114   3.338912    32.1465       3333    13.8833  0.000e+00
     20.227     7.8123   3.339023    32.1469       3334    13.8875  0.000e+00
     20.169     7.8135   3.339017    32.1458       3335    13.8917  0.000e+00
     20.109     7.8144   3.339197    32.1469       3336    13.8958  0.000e+00
     20.049     7.8156   3.339197    32.1459       3337    13.9000  0.000e+00
     19.991     7.8164   3.339265    32.1458       3338    13.9042  0.000e+00
     19.937     7.8175   3.339364    32.1459       3339    13.9083  0.000e+00
     19.874     7.8185   3.339240    32.1437       3340    13.9125  0.000e+00
     19.822     7.8188   3.339302    32.1441       3341    13.9167  0.000e+00
     19.756     7.8188   3.339321    32.1444       3342    13.9208  0.000e+00
     19.696     7.8192   3.339414    32.1450       3343    13.9250  0.000e+00
     19.630     7.8197   3.339401    32.1444       3344    13.9292  0.000e+00
     19.572     7.8206   3.339370    32.1433       3345    13.9333  0.000e+00
     19.515     7.8210   3.339445    32.1437       3346    13.9375  0.000e+00
     19.464     7.8215   3.339432    32.1432       3347    13.9417  0.000e+00
     19.412     7.8223   3.339587    32.1442       3348    13.9458  0.000e+00
     19.364     7.8230   3.339668    32.1444       3349    13.9500  0.000e+00
     19.316     7.8239   3.339649    32.1433       3350    13.9542  0.000e+00
     19.271     7.8247   3.339649    32.1426       3351    13.9583  0.000e+00
     19.225     7.8249   3.339606    32.1421       3352    13.9625  0.000e+00
     19.171     7.8248   3.339606    32.1421       3353    13.9667  0.000e+00
     19.117     7.8247   3.339631    32.1425       3354    13.9708  0.000e+00
     19.063     7.8247   3.339587    32.1421       3355    13.9750  0.000e+00
     18.999     7.8244   3.339544    32.1419       3356    13.9792  0.000e+00
     18.924     7.8243   3.339544    32.1420       3357    13.9833  0.000e+00
     18.858     7.8240   3.339544    32.1424       3358    13.9875  0.000e+00
     18.779     7.8238   3.339569    32.1428       3359    13.9917  0.000e+00
     18.695     7.8242   3.339649    32.1434       3360    13.9958  0.000e+00
     18.613     7.8244   3.339482    32.1415       3361    14.0000  0.000e+00
     18.526     7.8236   3.339370    32.1410       3362    14.0042  0.000e+00
     18.441     7.8226   3.339463    32.1430       3363    14.0083  0.000e+00
     18.351     7.8223   3.339475    32.1435       3364    14.0125  0.000e+00
     18.276     7.8225   3.339506    32.1436       3365    14.0167  0.000e+00
     18.191     7.8229   3.339475    32.1429       3366    14.0208  0.000e+00
     18.119     7.8233   3.339506    32.1430       3367    14.0250  0.000e+00
     18.046     7.8234   3.339519    32.1430       3368    14.0292  0.000e+00
     17.974     7.8237   3.339525    32.1428       3369    14.0333  0.000e+00
     17.905     7.8239   3.339432    32.1417       3370    14.0375  0.000e+00
     17.841     7.8234   3.339463    32.1425       3371    14.0417  0.000e+00
     17.778     7.8231   3.339326    32.1413       3372    14.0458  0.000e+00
     17.715     7.8223   3.339054    32.1392       3373    14.0500  0.000e+00
     17.660     7.8204   3.338508    32.1351       3374    14.0542  0.000e+00
     17.597     7.8163   3.337869    32.1322       3375    14.0583  0.000e+00
     17.540     7.8113   3.338812    32.1469       3376    14.0625  0.000e+00
     17.480     7.8113   3.338892    32.1477       3377    14.0667  0.000e+00
     17.419     7.8134   3.338136    32.1378       3378    14.0708  0.000e+00
     17.353     7.8116   3.338619    32.1446       3379    14.0750  0.000e+00
     17.284     7.8116   3.339196    32.1508       3380    14.0792  0.000e+00
     17.223     7.8152   3.339413    32.1498       3381    14.0833  0.000e+00
     17.157     7.8189   3.339425    32.1465       3382    14.0875  0.000e+00
     17.085     7.8214   3.339413    32.1442       3383    14.0917  0.000e+00
     17.015     7.8228   3.339444    32.1433       3384    14.0958  0.000e+00
     16.943     7.8236   3.339432    32.1424       3385    14.1000  0.000e+00
     16.864     7.8241   3.339462    32.1424       3386    14.1042  0.000e+00
     16.792     7.8243   3.339413    32.1416       3387    14.1083  0.000e+00
     16.720     7.8242   3.339444    32.1421       3388    14.1125  0.000e+00
     16.641     7.8244   3.339475    32.1423       3389    14.1167  0.000e+00
     16.566     7.8246   3.339506    32.1425       3390    14.1208  0.000e+00
     16.490     7.8250   3.339500    32.1421       3391    14.1250  0.000e+00
     16.421     7.8253   3.339586    32.1427       3392    14.1292  0.000e+00
     16.349     7.8260   3.339667    32.1430       3393    14.1333  0.000e+00
     16.273     7.8269   3.339710    32.1427       3394    14.1375  0.000e+00
     16.207     7.8279   3.339779    32.1425       3395    14.1417  0.000e+00
     16.141     7.8285   3.339810    32.1423       3396    14.1458  0.000e+00
     16.074     7.8294   3.340237    32.1461       3397    14.1500  0.000e+00
     16.008     7.8320   3.340275    32.1441       3398    14.1542  0.000e+00
     15.945     7.8346   3.340485    32.1440       3399    14.1583  0.000e+00
     15.875     7.8371   3.340597    32.1429       3400    14.1625  0.000e+00
     15.809     7.8392   3.340690    32.1419       3401    14.1667  0.000e+00
     15.743     7.8409   3.340764    32.1412       3402    14.1708  0.000e+00
     15.670     7.8425   3.340913    32.1414       3403    14.1750  0.000e+00
     15.598     7.8441   3.340832    32.1391       3404    14.1792  0.000e+00
     15.517     7.8448   3.340894    32.1392       3405    14.1833  0.000e+00
     15.447     7.8452   3.340938    32.1393       3406    14.1875  0.000e+00
     15.375     7.8457   3.341037    32.1399       3407    14.1917  0.000e+00
     15.299     7.8464   3.341087    32.1398       3408    14.1958  0.000e+00
     15.221     7.8474   3.341223    32.1404       3409    14.2000  0.000e+00
     15.149     7.8485   3.341217    32.1394       3410    14.2042  0.000e+00
     15.082     7.8494   3.341223    32.1386       3411    14.2083  0.000e+00
     15.004     7.8496   3.341285    32.1391       3412    14.2125  0.000e+00
     14.938     7.8501   3.341415    32.1401       3413    14.2167  0.000e+00
     14.868     7.8511   3.341490    32.1400       3414    14.2208  0.000e+00
     14.799     7.8524   3.341496    32.1389       3415    14.2250  0.000e+00
     14.726     7.8532   3.341694    32.1403       3416    14.2292  0.000e+00
     14.651     7.8548   3.341843    32.1405       3417    14.2333  0.000e+00
     14.588     7.8568   3.342159    32.1420       3418    14.2375  0.000e+00
     14.509     7.8597   3.342488    32.1429       3419    14.2417  0.000e+00
     14.440     7.8634   3.342916    32.1440       3420    14.2458  0.000e+00
     14.362     7.8681   3.343630    32.1474       3421    14.2500  0.000e+00
     14.295     7.8751   3.344045    32.1454       3422    14.2542  0.000e+00
     14.220     7.8820   3.344597    32.1450       3423    14.2583  0.000e+00
     14.147     7.8892   3.344883    32.1414       3424    14.2625  0.000e+00
     14.078     7.8958   3.344858    32.1351       3425    14.2667  0.000e+00
     14.000     7.9003   3.345435    32.1372       3426    14.2708  0.000e+00
     13.921     7.9059   3.345987    32.1379       3427    14.2750  0.000e+00
     13.849     7.9136   3.347880    32.1510       3428    14.2792  0.000e+00
     13.770     7.9291   3.349984    32.1592       3429    14.2833  0.000e+00
     13.683     7.9529   3.351245    32.1508       3430    14.2875  0.000e+00
     13.605     7.9769   3.352673    32.1439       3431    14.2917  0.000e+00
     13.517     8.0002   3.355760    32.1554       3432    14.2958  0.000e+00
     13.427     8.0318   3.358469    32.1552       3433    14.3000  0.000e+00
     13.333     8.0707   3.362155    32.1586       3434    14.3042  0.000e+00
     13.246     8.1162   3.363280    32.1289       3435    14.3083  0.000e+00
     13.161     8.1528   3.364256    32.1057       3436    14.3125  0.000e+00
     13.077     8.1787   3.366644    32.1073       3437    14.3167  0.000e+00
     12.998     8.2074   3.370091    32.1175       3438    14.3208  0.000e+00
     12.923     8.2476   3.371702    32.0978       3439    14.3250  0.000e+00
     12.854     8.2829   3.372991    32.0792       3440    14.3292  0.000e+00
     12.790     8.3106   3.373501    32.0594       3441    14.3333  0.000e+00
     12.733     8.3299   3.373924    32.0463       3442    14.3375  0.000e+00
     12.691     8.3423   3.374764    32.0439       3443    14.3417  0.000e+00
     12.640     8.3532   3.376066    32.0476       3444    14.3458  0.000e+00
     12.600     8.3667   3.377019    32.0454       3445    14.3500  0.000e+00
     12.561     8.3814   3.377953    32.0419       3446    14.3542  0.000e+00
     12.522     8.3954   3.378127    32.0310       3447    14.3583  0.000e+00
     12.474     8.4054   3.378818    32.0291       3448    14.3625  0.000e+00
     12.426     8.4145   3.379796    32.0312       3449    14.3667  0.000e+00
     12.368     8.4256   3.381161    32.0355       3450    14.3708  0.000e+00
     12.308     8.4423   3.382943    32.0390       3451    14.3750  0.000e+00
     12.236     8.4631   3.383753    32.0287       3452    14.3792  0.000e+00
     12.154     8.4813   3.384850    32.0237       3453    14.3833  0.000e+00
     12.070     8.4985   3.386558    32.0260       3454    14.3875  0.000e+00
     11.976     8.5188   3.387886    32.0216       3455    14.3917  0.000e+00
     11.874     8.5397   3.389551    32.0201       3456    14.3958  0.000e+00
     11.771     8.5627   3.390923    32.0137       3457    14.4000  0.000e+00
     11.660     8.5860   3.391740    32.0012       3458    14.4042  0.000e+00
     11.548     8.6045   3.392520    31.9927       3459    14.4083  0.000e+00
     11.433     8.6200   3.392963    31.9833       3460    14.4125  0.000e+00
     11.325     8.6309   3.392944    31.9733       3461    14.4167  0.000e+00
     11.213     8.6379   3.394398    31.9822       3462    14.4208  0.000e+00
     11.111     8.6501   3.395415    31.9819       3463    14.4250  0.000e+00
     11.014     8.6653   3.395596    31.9700       3464    14.4292  0.000e+00
     10.921     8.6760   3.396207    31.9668       3465    14.4333  0.000e+00
     10.830     8.6853   3.396351    31.9599       3466    14.4375  0.000e+00
     10.758     8.6917   3.396476    31.9555       3467    14.4417  0.000e+00
     10.695     8.6959   3.396563    31.9526       3468    14.4458  0.000e+00
     10.625     8.6990   3.396831    31.9526       3469    14.4500  0.000e+00
     10.568     8.7018   3.396956    31.9515       3470    14.4542  0.000e+00
     10.517     8.7045   3.397712    31.9570       3471    14.4583  0.000e+00
     10.457     8.7112   3.399148    31.9659       3472    14.4625  0.000e+00
     10.402     8.7242   3.399060    31.9532       3473    14.4667  0.000e+00
     10.351     8.7338   3.400065    31.9551       3474    14.4708  0.000e+00
     10.294     8.7437   3.400315    31.9488       3475    14.4750  0.000e+00
     10.242     8.7523   3.400440    31.9424       3476    14.4792  0.000e+00
     10.185     8.7576   3.400446    31.9377       3477    14.4833  0.000e+00
     10.119     8.7603   3.400483    31.9357       3478    14.4875  0.000e+00
     10.052     8.7616   3.400465    31.9343       3479    14.4917  0.000e+00
      9.977     8.7621   3.400377    31.9330       3480    14.4958  0.000e+00
      9.902     8.7618   3.400608    31.9357       3481    14.5000  0.000e+00
      9.817     8.7634   3.401732    31.9460       3482    14.5042  0.000e+00
      9.724     8.7712   3.402469    31.9467       3483    14.5083  0.000e+00
      9.636     8.7810   3.402363    31.9368       3484    14.5125  0.000e+00
      9.549     8.7871   3.402444    31.9322       3485    14.5167  0.000e+00
      9.452     8.7904   3.402532    31.9301       3486    14.5208  0.000e+00
      9.359     8.7922   3.402694    31.9303       3487    14.5250  0.000e+00
      9.268     8.7944   3.404118    31.9432       3488    14.5292  0.000e+00
      9.163     8.8036   3.404974    31.9438       3489    14.5333  0.000e+00
      9.057     8.8158   3.405180    31.9351       3490    14.5375  0.000e+00
      8.967     8.8257   3.405430    31.9287       3491    14.5417  0.000e+00
      8.864     8.8329   3.405680    31.9249       3492    14.5458  0.000e+00
      8.771     8.8383   3.405680    31.9201       3493    14.5500  0.000e+00
      8.668     8.8415   3.405811    31.9187       3494    14.5542  0.000e+00
      8.569     8.8439   3.405873    31.9171       3495    14.5583  0.000e+00
      8.475     8.8453   3.406030    31.9176       3496    14.5625  0.000e+00
      8.379     8.8467   3.406098    31.9171       3497    14.5667  0.000e+00
