HB2302/sbe123.cnv
* Sea-Bird SBE 19plus V2 Data File:
* FileName = C:\cruise\data\sbe123.hex
* Software Version Seasave V 7.26.7.121
* Temperature SN = 4758
* Conductivity SN = 4758
* System UpLoad Time = Jun 19 2023 18:53:53
* NMEA Latitude = 42 58.16 N
* NMEA Longitude = 066 59.86 W
* NMEA UTC (Time) = Jun 19 2023 18:53:53
** Cruise: HB2302
** Program: Ecomon
** Chief Scientist: Jerry Prezioso
# nquan = 7
# nvalues = 4330                                  
# units = specified
# name 0 = depSM: Depth [salt water, m]
# name 1 = tv290C: Temperature [ITS-90, deg C]
# name 2 = c0S/m: Conductivity [S/m]
# name 3 = sal00: Salinity, Practical [PSU]
# name 4 = scan: Scan Count
# name 5 = timeM: Time, Elapsed [minutes]
# name 6 = flag:  0.000e+00
# span 0 =     -0.060,    199.568                 
# span 1 =     7.0723,    11.7304                 
# span 2 =   0.000113,   3.731257                 
# span 3 =     0.0061,    34.7276                 
# span 4 =         11,       4340                 
# span 5 =     0.0417,    18.0792                 
# span 6 = 0.0000e+00, 0.0000e+00                 
# interval = seconds: 0.25
# start_time = Jun 19 2023 18:53:53 [NMEA time, header]
# bad_flag = -9.990e-29
*END*
[from data line 1847]
    166.100     9.1313   3.683325    34.4650       1858     7.7375  0.000e+00
    166.088     9.1312   3.683209    34.4639       1859     7.7417  0.000e+00
    166.079     9.1307   3.683113    34.4633       1860     7.7458  0.000e+00
    166.058     9.1303   3.683029    34.4629       1861     7.7500  0.000e+00
    166.028     9.1297   3.682958    34.4627       1862     7.7542  0.000e+00
    165.980     9.1293   3.682958    34.4631       1863     7.7583  0.000e+00
    165.929     9.1290   3.682887    34.4627       1864     7.7625  0.000e+00
    165.856     9.1289   3.682868    34.4627       1865     7.7667  0.000e+00
    165.793     9.1286   3.682829    34.4626       1866     7.7708  0.000e+00
    165.715     9.1282   3.682822    34.4629       1867     7.7750  0.000e+00
    165.636     9.1280   3.682797    34.4628       1868     7.7792  0.000e+00
    165.543     9.1280   3.682803    34.4630       1869     7.7833  0.000e+00
    165.453     9.1280   3.682796    34.4630       1870     7.7875  0.000e+00
    165.353     9.1279   3.682803    34.4632       1871     7.7917  0.000e+00
    165.257     9.1279   3.682777    34.4630       1872     7.7958  0.000e+00
    165.154     9.1279   3.682706    34.4623       1873     7.8000  0.000e+00
    165.061     9.1277   3.682655    34.4620       1874     7.8042  0.000e+00
    164.980     9.1276   3.682616    34.4617       1875     7.8083  0.000e+00
    164.913     9.1274   3.682616    34.4619       1876     7.8125  0.000e+00
    164.853     9.1272   3.682609    34.4621       1877     7.8167  0.000e+00
    164.811     9.1271   3.682545    34.4615       1878     7.8208  0.000e+00
    164.766     9.1270   3.682526    34.4615       1879     7.8250  0.000e+00
    164.741     9.1269   3.682500    34.4613       1880     7.8292  0.000e+00
    164.726     9.1268   3.682455    34.4609       1881     7.8333  0.000e+00
    164.714     9.1266   3.682455    34.4611       1882     7.8375  0.000e+00
    164.705     9.1264   3.682474    34.4615       1883     7.8417  0.000e+00
    164.702     9.1264   3.682474    34.4615       1884     7.8458  0.000e+00
    164.696     9.1266   3.682500    34.4616       1885     7.8500  0.000e+00
    164.693     9.1265   3.682429    34.4609       1886     7.8542  0.000e+00
    164.681     9.1264   3.682455    34.4613       1887     7.8583  0.000e+00
    164.663     9.1264   3.682435    34.4611       1888     7.8625  0.000e+00
    164.639     9.1264   3.682409    34.4608       1889     7.8667  0.000e+00
    164.612     9.1264   3.682384    34.4606       1890     7.8708  0.000e+00
    164.564     9.1261   3.682390    34.4610       1891     7.8750  0.000e+00
    164.510     9.1261   3.682384    34.4609       1892     7.8792  0.000e+00
    164.470     9.1261   3.682384    34.4609       1893     7.8833  0.000e+00
    164.413     9.1261   3.682345    34.4606       1894     7.8875  0.000e+00
    164.347     9.1259   3.682222    34.4596       1895     7.8917  0.000e+00
    164.296     9.1256   3.682087    34.4584       1896     7.8958  0.000e+00
    164.229     9.1251   3.681997    34.4580       1897     7.9000  0.000e+00
    164.160     9.1247   3.681926    34.4577       1898     7.9042  0.000e+00
    164.094     9.1243   3.681887    34.4577       1899     7.9083  0.000e+00
    164.024     9.1239   3.681836    34.4575       1900     7.9125  0.000e+00
    163.937     9.1235   3.681810    34.4577       1901     7.9167  0.000e+00
    163.859     9.1234   3.681758    34.4574       1902     7.9208  0.000e+00
    163.774     9.1231   3.681700    34.4571       1903     7.9250  0.000e+00
    163.690     9.1228   3.681629    34.4567       1904     7.9292  0.000e+00
    163.612     9.1224   3.681449    34.4552       1905     7.9333  0.000e+00
    163.521     9.1218   3.681397    34.4553       1906     7.9375  0.000e+00
    163.455     9.1215   3.681307    34.4547       1907     7.9417  0.000e+00
    163.380     9.1209   3.681191    34.4541       1908     7.9458  0.000e+00
    163.310     9.1204   3.681191    34.4546       1909     7.9500  0.000e+00
    163.256     9.1202   3.681101    34.4539       1910     7.9542  0.000e+00
    163.208     9.1198   3.681017    34.4534       1911     7.9583  0.000e+00
    163.166     9.1193   3.680985    34.4535       1912     7.9625  0.000e+00
    163.133     9.1191   3.680894    34.4528       1913     7.9667  0.000e+00
    163.111     9.1190   3.680862    34.4526       1914     7.9708  0.000e+00
    163.084     9.1186   3.680830    34.4526       1915     7.9750  0.000e+00
    163.060     9.1183   3.680817    34.4529       1916     7.9792  0.000e+00
    163.033     9.1183   3.680804    34.4528       1917     7.9833  0.000e+00
    163.003     9.1183   3.680759    34.4522       1918     7.9875  0.000e+00
    162.973     9.1181   3.680753    34.4524       1919     7.9917  0.000e+00
    162.931     9.1177   3.680759    34.4528       1920     7.9958  0.000e+00
    162.901     9.1177   3.680714    34.4524       1921     8.0000  0.000e+00
    162.855     9.1177   3.680707    34.4524       1922     8.0042  0.000e+00
    162.810     9.1175   3.680688    34.4524       1923     8.0083  0.000e+00
    162.765     9.1173   3.680643    34.4521       1924     8.0125  0.000e+00
    162.720     9.1172   3.680276    34.4484       1925     8.0167  0.000e+00
    162.666     9.1163   3.679548    34.4417       1926     8.0208  0.000e+00
    162.611     9.1142   3.679154    34.4397       1927     8.0250  0.000e+00
    162.548     9.1119   3.678968    34.4400       1928     8.0292  0.000e+00
    162.491     9.1102   3.678768    34.4396       1929     8.0333  0.000e+00
    162.428     9.1089   3.678678    34.4399       1930     8.0375  0.000e+00
    162.364     9.1078   3.679077    34.4451       1931     8.0417  0.000e+00
    162.301     9.1083   3.679638    34.4506       1932     8.0458  0.000e+00
    162.220     9.1100   3.679908    34.4518       1933     8.0500  0.000e+00
    162.147     9.1115   3.679966    34.4509       1934     8.0542  0.000e+00
    162.069     9.1126   3.679908    34.4493       1935     8.0583  0.000e+00
    161.988     9.1131   3.679934    34.4492       1936     8.0625  0.000e+00
    161.918     9.1131   3.679966    34.4495       1937     8.0667  0.000e+00
    161.837     9.1133   3.679908    34.4487       1938     8.0708  0.000e+00
    161.768     9.1134   3.679857    34.4482       1939     8.0750  0.000e+00
    161.695     9.1131   3.679818    34.4481       1940     8.0792  0.000e+00
    161.632     9.1129   3.679818    34.4483       1941     8.0833  0.000e+00
    161.572     9.1128   3.679792    34.4481       1942     8.0875  0.000e+00
    161.512     9.1127   3.679773    34.4481       1943     8.0917  0.000e+00
    161.460     9.1125   3.679753    34.4481       1944     8.0958  0.000e+00
    161.412     9.1125   3.679773    34.4483       1945     8.1000  0.000e+00
    161.373     9.1124   3.679728    34.4479       1946     8.1042  0.000e+00
    161.331     9.1124   3.679682    34.4476       1947     8.1083  0.000e+00
    161.295     9.1121   3.679599    34.4469       1948     8.1125  0.000e+00
    161.262     9.1119   3.679431    34.4454       1949     8.1167  0.000e+00
    161.219     9.1115   3.679225    34.4437       1950     8.1208  0.000e+00
    161.177     9.1106   3.679032    34.4426       1951     8.1250  0.000e+00
    161.135     9.1096   3.678929    34.4425       1952     8.1292  0.000e+00
    161.087     9.1089   3.678948    34.4434       1953     8.1333  0.000e+00
    161.032     9.1085   3.679006    34.4443       1954     8.1375  0.000e+00
    160.972     9.1084   3.679044    34.4449       1955     8.1417  0.000e+00
    160.909     9.1085   3.678993    34.4443       1956     8.1458  0.000e+00
    160.837     9.1083   3.678967    34.4443       1957     8.1500  0.000e+00
    160.764     9.1081   3.678632    34.4410       1958     8.1542  0.000e+00
    160.674     9.1077   3.678593    34.4410       1959     8.1583  0.000e+00
    160.593     9.1070   3.678381    34.4395       1960     8.1625  0.000e+00
    160.511     9.1061   3.678059    34.4371       1961     8.1667  0.000e+00
    160.415     9.1049   3.678336    34.4411       1962     8.1708  0.000e+00
    160.336     9.1048   3.678033    34.4382       1963     8.1750  0.000e+00
    160.252     9.1044   3.677440    34.4324       1964     8.1792  0.000e+00
    160.168     9.1028   3.677176    34.4312       1965     8.1833  0.000e+00
    160.089     9.1011   3.677028    34.4313       1966     8.1875  0.000e+00
    160.014     9.1000   3.677163    34.4339       1967     8.1917  0.000e+00
    159.942     9.0996   3.677311    34.4358       1968     8.1958  0.000e+00
    159.882     9.0999   3.677260    34.4350       1969     8.2000  0.000e+00
    159.827     9.1001   3.677369    34.4360       1970     8.2042  0.000e+00
    159.767     9.1002   3.677395    34.4362       1971     8.2083  0.000e+00
    159.725     9.1005   3.677324    34.4352       1972     8.2125  0.000e+00
    159.674     9.1005   3.677324    34.4352       1973     8.2167  0.000e+00
    159.631     9.1004   3.677285    34.4349       1974     8.2208  0.000e+00
    159.598     9.1003   3.677305    34.4352       1975     8.2250  0.000e+00
    159.565     9.1003   3.677440    34.4366       1976     8.2292  0.000e+00
    159.532     9.1005   3.677614    34.4383       1977     8.2333  0.000e+00
    159.499     9.1011   3.677717    34.4388       1978     8.2375  0.000e+00
    159.481     9.1018   3.677717    34.4381       1979     8.2417  0.000e+00
    159.436     9.1022   3.677768    34.4383       1980     8.2458  0.000e+00
    159.387     9.1025   3.677691    34.4372       1981     8.2500  0.000e+00
    159.345     9.1024   3.677485    34.4352       1982     8.2542  0.000e+00
    159.285     9.1019   3.677330    34.4341       1983     8.2583  0.000e+00
    159.219     9.1012   3.677350    34.4350       1984     8.2625  0.000e+00
    159.149     9.1010   3.677395    34.4357       1985     8.2667  0.000e+00
    159.074     9.1009   3.677523    34.4372       1986     8.2708  0.000e+00
    158.990     9.1012   3.677923    34.4411       1987     8.2750  0.000e+00
    158.905     9.1023   3.678122    34.4422       1988     8.2792  0.000e+00
    158.824     9.1036   3.678354    34.4433       1989     8.2833  0.000e+00
    158.746     9.1046   3.677942    34.4382       1990     8.2875  0.000e+00
    158.670     9.1046   3.678135    34.4401       1991     8.2917  0.000e+00
    158.589     9.1045   3.677716    34.4359       1992     8.2958  0.000e+00
    158.520     9.1037   3.677665    34.4362       1993     8.3000  0.000e+00
    158.456     9.1032   3.677787    34.4380       1994     8.3042  0.000e+00
    158.396     9.1029   3.677897    34.4395       1995     8.3083  0.000e+00
    158.342     9.1031   3.678219    34.4427       1996     8.3125  0.000e+00
    158.288     9.1039   3.678528    34.4452       1997     8.3167  0.000e+00
    158.236     9.1050   3.678676    34.4456       1998     8.3208  0.000e+00
    158.185     9.1062   3.678696    34.4447       1999     8.3250  0.000e+00
    158.131     9.1065   3.678509    34.4425       2000     8.3292  0.000e+00
    158.083     9.1066   3.678354    34.4408       2001     8.3333  0.000e+00
    158.038     9.1060   3.678425    34.4421       2002     8.3375  0.000e+00
    157.986     9.1058   3.678464    34.4427       2003     8.3417  0.000e+00
    157.935     9.1059   3.678354    34.4415       2004     8.3458  0.000e+00
    157.887     9.1059   3.678470    34.4428       2005     8.3500  0.000e+00
    157.839     9.1062   3.678702    34.4449       2006     8.3542  0.000e+00
    157.778     9.1069   3.678882    34.4461       2007     8.3583  0.000e+00
    157.721     9.1079   3.678947    34.4459       2008     8.3625  0.000e+00
    157.670     9.1086   3.678940    34.4452       2009     8.3667  0.000e+00
    157.613     9.1089   3.678856    34.4440       2010     8.3708  0.000e+00
    157.555     9.1089   3.678650    34.4419       2011     8.3750  0.000e+00
    157.486     9.1086   3.678921    34.4451       2012     8.3792  0.000e+00
    157.420     9.1088   3.678901    34.4447       2013     8.3833  0.000e+00
    157.341     9.1090   3.679153    34.4471       2014     8.3875  0.000e+00
    157.260     9.1098   3.678766    34.4424       2015     8.3917  0.000e+00
    157.176     9.1095   3.679243    34.4477       2016     8.3958  0.000e+00
    157.097     9.1099   3.679269    34.4476       2017     8.4000  0.000e+00
    157.007     9.1108   3.679500    34.4492       2018     8.4042  0.000e+00
    156.923     9.1115   3.679404    34.4476       2019     8.4083  0.000e+00
    156.838     9.1117   3.679397    34.4474       2020     8.4125  0.000e+00
    156.760     9.1119   3.679449    34.4478       2021     8.4167  0.000e+00
    156.694     9.1119   3.679268    34.4459       2022     8.4208  0.000e+00
    156.627     9.1119   3.678856    34.4416       2023     8.4250  0.000e+00
    156.558     9.1104   3.678379    34.4381       2024     8.4292  0.000e+00
    156.504     9.1083   3.678147    34.4378       2025     8.4333  0.000e+00
    156.456     9.1066   3.677896    34.4368       2026     8.4375  0.000e+00
    156.398     9.1053   3.677825    34.4373       2027     8.4417  0.000e+00
    156.350     9.1044   3.677806    34.4380       2028     8.4458  0.000e+00
    156.299     9.1039   3.677915    34.4397       2029     8.4500  0.000e+00
    156.251     9.1039   3.678308    34.4438       2030     8.4542  0.000e+00
    156.199     9.1048   3.678695    34.4470       2031     8.4583  0.000e+00
    156.154     9.1064   3.678920    34.4478       2032     8.4625  0.000e+00
    156.097     9.1078   3.678605    34.4432       2033     8.4667  0.000e+00
    156.043     9.1081   3.678282    34.4396       2034     8.4708  0.000e+00
    155.989     9.1073   3.678005    34.4375       2035     8.4750  0.000e+00
    155.940     9.1061   3.678031    34.4389       2036     8.4792  0.000e+00
    155.901     9.1053   3.678031    34.4397       2037     8.4833  0.000e+00
    155.847     9.1048   3.678025    34.4402       2038     8.4875  0.000e+00
    155.790     9.1046   3.678012    34.4403       2039     8.4917  0.000e+00
    155.738     9.1044   3.677986    34.4402       2040     8.4958  0.000e+00
    155.684     9.1044   3.678025    34.4406       2041     8.5000  0.000e+00
    155.615     9.1046   3.678057    34.4408       2042     8.5042  0.000e+00
    155.552     9.1047   3.678025    34.4404       2043     8.5083  0.000e+00
    155.482     9.1048   3.678031    34.4404       2044     8.5125  0.000e+00
    155.416     9.1049   3.678012    34.4401       2045     8.5167  0.000e+00
    155.353     9.1047   3.677896    34.4391       2046     8.5208  0.000e+00
    155.286     9.1046   3.677870    34.4390       2047     8.5250  0.000e+00
    155.205     9.1043   3.677664    34.4372       2048     8.5292  0.000e+00
    155.145     9.1037   3.677612    34.4373       2049     8.5333  0.000e+00
    155.073     9.1031   3.677599    34.4377       2050     8.5375  0.000e+00
    154.997     9.1028   3.677689    34.4390       2051     8.5417  0.000e+00
    154.937     9.1029   3.677677    34.4388       2052     8.5458  0.000e+00
    154.880     9.1028   3.677644    34.4385       2053     8.5500  0.000e+00
    154.813     9.1028   3.677689    34.4390       2054     8.5542  0.000e+00
    154.753     9.1028   3.677702    34.4392       2055     8.5583  0.000e+00
    154.690     9.1028   3.677734    34.4396       2056     8.5625  0.000e+00
    154.627     9.1028   3.677689    34.4391       2057     8.5667  0.000e+00
    154.563     9.1028   3.677741    34.4397       2058     8.5708  0.000e+00
    154.497     9.1030   3.677805    34.4403       2059     8.5750  0.000e+00
    154.443     9.1032   3.677870    34.4408       2060     8.5792  0.000e+00
    154.383     9.1035   3.677940    34.4412       2061     8.5833  0.000e+00
