HB2302/sbe167.cnv
* Sea-Bird SBE 19plus V2 Data File:
* FileName = C:\cruise\data\sbe167.hex
* Software Version Seasave V 7.26.7.121
* Temperature SN = 4758
* Conductivity SN = 4758
* System UpLoad Time = Jun 23 2023 16:49:44
* NMEA Latitude = 41 23.24 N
* NMEA Longitude = 069 35.59 W
* NMEA UTC (Time) = Jun 23 2023 16:49:43
** Cruise: HB2302
** Program: Ecomon
** Chief Scientist: Jerry Prezioso
# nquan = 7
# nvalues = 1736                                  
# units = specified
# name 0 = depSM: Depth [salt water, m]
# name 1 = tv290C: Temperature [ITS-90, deg C]
# name 2 = c0S/m: Conductivity [S/m]
# name 3 = sal00: Salinity, Practical [PSU]
# name 4 = scan: Scan Count
# name 5 = timeM: Time, Elapsed [minutes]
# name 6 = flag:  0.000e+00
# span 0 =     -0.039,     25.239                 
# span 1 =    12.2498,    17.0298                 
# span 2 =   0.000609,   3.987799                 
# span 3 =     0.0103,    32.8352                 
# span 4 =         11,       1746                 
# span 5 =     0.0417,     7.2708                 
# span 6 = 0.0000e+00, 0.0000e+00                 
# interval = seconds: 0.25
# start_time = Jun 23 2023 16:49:43 [NMEA time, header]
# bad_flag = -9.990e-29
*END*
[from data line 821]
     16.249    12.2952   3.672823    31.5698        832     3.4625  0.000e+00
     16.237    12.2951   3.672849    31.5701        833     3.4667  0.000e+00
     16.240    12.2951   3.673145    31.5729        834     3.4708  0.000e+00
     16.252    12.2962   3.672888    31.5695        835     3.4750  0.000e+00
     16.274    12.2966   3.673441    31.5745        836     3.4792  0.000e+00
     16.289    12.2990   3.673280    31.5709        837     3.4833  0.000e+00
     16.316    12.3001   3.673300    31.5702        838     3.4875  0.000e+00
     16.340    12.3007   3.673577    31.5723        839     3.4917  0.000e+00
     16.361    12.3021   3.673577    31.5711        840     3.4958  0.000e+00
     16.383    12.3032   3.673435    31.5688        841     3.5000  0.000e+00
     16.404    12.3033   3.673280    31.5672        842     3.5042  0.000e+00
     16.422    12.3022   3.673100    31.5665        843     3.5083  0.000e+00
     16.431    12.3005   3.673126    31.5681        844     3.5125  0.000e+00
     16.434    12.2996   3.673306    31.5706        845     3.5167  0.000e+00
     16.434    12.3000   3.673216    31.5694        846     3.5208  0.000e+00
     16.422    12.3002   3.673190    31.5690        847     3.5250  0.000e+00
     16.398    12.2998   3.673055    31.5680        848     3.5292  0.000e+00
     16.374    12.2992   3.673190    31.5698        849     3.5333  0.000e+00
     16.353    12.2991   3.673409    31.5721        850     3.5375  0.000e+00
     16.310    12.3005   3.673486    31.5716        851     3.5417  0.000e+00
     16.271    12.3021   3.673486    31.5703        852     3.5458  0.000e+00
     16.238    12.3031   3.673538    31.5699        853     3.5500  0.000e+00
     16.193    12.3038   3.673557    31.5695        854     3.5542  0.000e+00
     16.151    12.3044   3.673763    31.5710        855     3.5583  0.000e+00
     16.115    12.3056   3.673757    31.5700        856     3.5625  0.000e+00
     16.084    12.3071   3.674562    31.5765        857     3.5667  0.000e+00
     16.048    12.3114   3.674175    31.5691        858     3.5708  0.000e+00
     16.021    12.3137   3.674323    31.5686        859     3.5750  0.000e+00
     16.006    12.3146   3.674652    31.5710        860     3.5792  0.000e+00
     15.988    12.3172   3.674974    31.5719        861     3.5833  0.000e+00
     16.000    12.3200   3.674169    31.5618        862     3.5875  0.000e+00
     16.000    12.3185   3.673924    31.5607        863     3.5917  0.000e+00
     16.021    12.3147   3.673576    31.5606        864     3.5958  0.000e+00
     16.039    12.3104   3.673390    31.5625        865     3.6000  0.000e+00
     16.067    12.3066   3.673396    31.5657        866     3.6042  0.000e+00
     16.091    12.3042   3.673441    31.5681        867     3.6083  0.000e+00
     16.121    12.3034   3.673628    31.5706        868     3.6125  0.000e+00
     16.145    12.3039   3.673718    31.5710        869     3.6167  0.000e+00
     16.175    12.3051   3.673692    31.5697        870     3.6208  0.000e+00
     16.194    12.3061   3.673783    31.5698        871     3.6250  0.000e+00
     16.200    12.3065   3.673808    31.5697        872     3.6292  0.000e+00
     16.197    12.3072   3.673924    31.5702        873     3.6333  0.000e+00
     16.203    12.3081   3.674021    31.5703        874     3.6375  0.000e+00
     16.188    12.3095   3.674446    31.5733        875     3.6417  0.000e+00
     16.164    12.3120   3.674471    31.5714        876     3.6458  0.000e+00
     16.131    12.3144   3.674433    31.5690        877     3.6500  0.000e+00
     16.103    12.3157   3.674426    31.5678        878     3.6542  0.000e+00
     16.067    12.3161   3.674330    31.5666        879     3.6583  0.000e+00
     16.028    12.3156   3.674323    31.5670        880     3.6625  0.000e+00
     15.983    12.3155   3.674401    31.5679        881     3.6667  0.000e+00
     15.953    12.3157   3.674355    31.5672        882     3.6708  0.000e+00
     15.904    12.3160   3.674433    31.5678        883     3.6750  0.000e+00
     15.862    12.3161   3.674194    31.5654        884     3.6792  0.000e+00
     15.823    12.3152   3.674014    31.5645        885     3.6833  0.000e+00
     15.781    12.3138   3.674169    31.5671        886     3.6875  0.000e+00
     15.748    12.3134   3.674130    31.5671        887     3.6917  0.000e+00
     15.726    12.3129   3.674014    31.5664        888     3.6958  0.000e+00
     15.708    12.3126   3.673518    31.5620        889     3.7000  0.000e+00
     15.702    12.3095   3.674059    31.5698        890     3.7042  0.000e+00
     15.696    12.3097   3.674652    31.5753        891     3.7083  0.000e+00
     15.699    12.3132   3.674607    31.5719        892     3.7125  0.000e+00
     15.724    12.3165   3.674652    31.5695        893     3.7167  0.000e+00
     15.751    12.3182   3.674652    31.5681        894     3.7208  0.000e+00
     15.787    12.3192   3.674388    31.5647        895     3.7250  0.000e+00
     15.823    12.3188   3.674813    31.5691        896     3.7292  0.000e+00
     15.863    12.3199   3.674871    31.5687        897     3.7333  0.000e+00
     15.914    12.3214   3.674787    31.5666        898     3.7375  0.000e+00
     15.953    12.3220   3.674677    31.5650        899     3.7417  0.000e+00
     15.986    12.3210   3.673995    31.5593        900     3.7458  0.000e+00
     16.005    12.3174   3.674401    31.5662        901     3.7500  0.000e+00
     16.029    12.3167   3.673988    31.5629        902     3.7542  0.000e+00
     16.029    12.3145   3.672997    31.5553        903     3.7583  0.000e+00
     16.023    12.3075   3.672714    31.5584        904     3.7625  0.000e+00
     15.996    12.3013   3.672553    31.5622        905     3.7667  0.000e+00
     15.972    12.2979   3.674433    31.5830        906     3.7708  0.000e+00
     15.923    12.3030   3.674768    31.5819        907     3.7750  0.000e+00
     15.878    12.3114   3.675038    31.5775        908     3.7792  0.000e+00
     15.824    12.3175   3.674671    31.5688        909     3.7833  0.000e+00
     15.778    12.3203   3.675038    31.5699        910     3.7875  0.000e+00
     15.742    12.3220   3.673924    31.5579        911     3.7917  0.000e+00
     15.697    12.3186   3.673737    31.5590        912     3.7958  0.000e+00
     15.670    12.3138   3.673763    31.5633        913     3.8000  0.000e+00
     15.649    12.3112   3.674078    31.5686        914     3.8042  0.000e+00
     15.631    12.3110   3.674433    31.5721        915     3.8083  0.000e+00
     15.619    12.3133   3.674400    31.5699        916     3.8125  0.000e+00
     15.613    12.3152   3.674516    31.5694        917     3.8167  0.000e+00
     15.616    12.3165   3.674800    31.5710        918     3.8208  0.000e+00
     15.625    12.3181   3.673306    31.5553        919     3.8250  0.000e+00
     15.640    12.3127   3.672823    31.5553        920     3.8292  0.000e+00
     15.655    12.3048   3.672733    31.5611        921     3.8333  0.000e+00
     15.682    12.2992   3.672894    31.5673        922     3.8375  0.000e+00
     15.710    12.2974   3.672643    31.5664        923     3.8417  0.000e+00
     15.740    12.2947   3.671799    31.5606        924     3.8458  0.000e+00
     15.773    12.2895   3.671819    31.5651        925     3.8500  0.000e+00
     15.803    12.2856   3.671774    31.5680        926     3.8542  0.000e+00
     15.834    12.2833   3.671780    31.5700        927     3.8583  0.000e+00
     15.864    12.2820   3.671774    31.5710        928     3.8625  0.000e+00
     15.891    12.2811   3.671594    31.5700        929     3.8667  0.000e+00
     15.906    12.2803   3.671716    31.5719        930     3.8708  0.000e+00
     15.909    12.2798   3.671864    31.5737        931     3.8750  0.000e+00
     15.906    12.2809   3.672257    31.5765        932     3.8792  0.000e+00
     15.900    12.2832   3.672366    31.5756        933     3.8833  0.000e+00
     15.870    12.2857   3.672463    31.5745        934     3.8875  0.000e+00
     15.834    12.2878   3.672366    31.5718        935     3.8917  0.000e+00
     15.795    12.2886   3.672630    31.5737        936     3.8958  0.000e+00
     15.746    12.2904   3.674195    31.5871        937     3.9000  0.000e+00
     15.701    12.2986   3.674787    31.5859        938     3.9042  0.000e+00
     15.644    12.3092   3.674626    31.5754        939     3.9083  0.000e+00
     15.599    12.3146   3.674078    31.5657        940     3.9125  0.000e+00
     15.547    12.3147   3.674014    31.5650        941     3.9167  0.000e+00
     15.499    12.3136   3.674066    31.5664        942     3.9208  0.000e+00
     15.475    12.3128   3.673782    31.5644        943     3.9250  0.000e+00
     15.445    12.3113   3.673531    31.5633        944     3.9292  0.000e+00
     15.421    12.3086   3.673299    31.5633        945     3.9333  0.000e+00
     15.421    12.3056   3.673171    31.5647        946     3.9375  0.000e+00
     15.421    12.3029   3.673261    31.5678        947     3.9417  0.000e+00
     15.439    12.3016   3.673261    31.5689        948     3.9458  0.000e+00
     15.478    12.3016   3.673235    31.5686        949     3.9500  0.000e+00
     15.515    12.3015   3.673235    31.5687        950     3.9542  0.000e+00
     15.569    12.3010   3.673235    31.5691        951     3.9583  0.000e+00
     15.620    12.3013   3.673441    31.5708        952     3.9625  0.000e+00
     15.690    12.3020   3.673422    31.5700        953     3.9667  0.000e+00
     15.753    12.3025   3.673518    31.5704        954     3.9708  0.000e+00
     15.808    12.3033   3.673782    31.5723        955     3.9750  0.000e+00
     15.862    12.3051   3.674014    31.5730        956     3.9792  0.000e+00
     15.904    12.3078   3.674104    31.5716        957     3.9833  0.000e+00
     15.925    12.3100   3.674130    31.5700        958     3.9875  0.000e+00
     15.922    12.3108   3.673808    31.5662        959     3.9917  0.000e+00
     15.907    12.3102   3.673609    31.5648        960     3.9958  0.000e+00
     15.868    12.3085   3.673512    31.5653        961     4.0000  0.000e+00
     15.811    12.3063   3.672920    31.5615        962     4.0042  0.000e+00
     15.735    12.3028   3.673126    31.5664        963     4.0083  0.000e+00
     15.642    12.3003   3.673029    31.5676        964     4.0125  0.000e+00
     15.545    12.2990   3.673029    31.5688        965     4.0167  0.000e+00
     15.443    12.2986   3.673235    31.5712        966     4.0208  0.000e+00
     15.343    12.2992   3.673190    31.5703        967     4.0250  0.000e+00
     15.255    12.2988   3.671181    31.5514        968     4.0292  0.000e+00
     15.186    12.2909   3.671432    31.5605        969     4.0333  0.000e+00
     15.126    12.2842   3.671342    31.5653        970     4.0375  0.000e+00
     15.099    12.2802   3.670975    31.5652        971     4.0417  0.000e+00
     15.090    12.2769   3.671304    31.5711        972     4.0458  0.000e+00
     15.114    12.2767   3.672617    31.5839        973     4.0500  0.000e+00
     15.159    12.2818   3.672733    31.5806        974     4.0542  0.000e+00
     15.229    12.2878   3.672913    31.5773        975     4.0583  0.000e+00
     15.307    12.2920   3.672321    31.5680        976     4.0625  0.000e+00
     15.401    12.2919   3.672005    31.5650        977     4.0667  0.000e+00
     15.482    12.2889   3.671671    31.5644        978     4.0708  0.000e+00
     15.582    12.2858   3.672392    31.5738        979     4.0750  0.000e+00
     15.663    12.2863   3.672508    31.5744        980     4.0792  0.000e+00
     15.751    12.2884   3.672585    31.5734        981     4.0833  0.000e+00
     15.827    12.2903   3.671593    31.5623        982     4.0875  0.000e+00
     15.872    12.2863   3.670518    31.5553        983     4.0917  0.000e+00
     15.905    12.2776   3.670564    31.5631        984     4.0958  0.000e+00
     15.911    12.2718   3.670680    31.5691        985     4.1000  0.000e+00
     15.899    12.2694   3.670680    31.5712        986     4.1042  0.000e+00
     15.860    12.2685   3.670705    31.5721        987     4.1083  0.000e+00
     15.806    12.2686   3.671890    31.5834        988     4.1125  0.000e+00
     15.739    12.2729   3.671890    31.5798        989     4.1167  0.000e+00
     15.658    12.2780   3.671503    31.5719        990     4.1208  0.000e+00
     15.573    12.2789   3.670802    31.5644        991     4.1250  0.000e+00
     15.492    12.2758   3.671909    31.5777        992     4.1292  0.000e+00
     15.410    12.2774   3.672437    31.5814        993     4.1333  0.000e+00
     15.335    12.2829   3.672385    31.5763        994     4.1375  0.000e+00
     15.271    12.2868   3.672617    31.5752        995     4.1417  0.000e+00
     15.235    12.2897   3.671799    31.5650        996     4.1458  0.000e+00
     15.217    12.2876   3.671889    31.5676        997     4.1500  0.000e+00
     15.217    12.2863   3.673261    31.5819        998     4.1542  0.000e+00
     15.238    12.2915   3.673531    31.5800        999     4.1583  0.000e+00
     15.275    12.2980   3.673892    31.5780       1000     4.1625  0.000e+00
     15.311    12.3035   3.673853    31.5730       1001     4.1667  0.000e+00
     15.365    12.3070   3.674149    31.5729       1002     4.1708  0.000e+00
     15.417    12.3100   3.673911    31.5680       1003     4.1750  0.000e+00
     15.471    12.3107   3.673943    31.5677       1004     4.1792  0.000e+00
     15.528    12.3107   3.674078    31.5690       1005     4.1833  0.000e+00
     15.574    12.3116   3.674149    31.5688       1006     4.1875  0.000e+00
     15.610    12.3126   3.674265    31.5691       1007     4.1917  0.000e+00
     15.643    12.3138   3.674561    31.5709       1008     4.1958  0.000e+00
     15.667    12.3158   3.674800    31.5715       1009     4.2000  0.000e+00
     15.680    12.3185   3.674993    31.5711       1010     4.2042  0.000e+00
     15.683    12.3213   3.675083    31.5696       1011     4.2083  0.000e+00
     15.683    12.3234   3.674632    31.5635       1012     4.2125  0.000e+00
     15.668    12.3230   3.675038    31.5677       1013     4.2167  0.000e+00
     15.646    12.3233   3.675044    31.5675       1014     4.2208  0.000e+00
     15.607    12.3245   3.674993    31.5661       1015     4.2250  0.000e+00
     15.577    12.3250   3.675064    31.5663       1016     4.2292  0.000e+00
     15.532    12.3256   3.675192    31.5671       1017     4.2333  0.000e+00
     15.490    12.3259   3.674993    31.5649       1018     4.2375  0.000e+00
     15.456    12.3263   3.675592    31.5703       1019     4.2417  0.000e+00
     15.420    12.3286   3.675501    31.5676       1020     4.2458  0.000e+00
     15.390    12.3300   3.675476    31.5661       1021     4.2500  0.000e+00
     15.375    12.3308   3.675495    31.5656       1022     4.2542  0.000e+00
     15.363    12.3315   3.675173    31.5620       1023     4.2583  0.000e+00
     15.354    12.3300   3.675340    31.5649       1024     4.2625  0.000e+00
     15.351    12.3297   3.675295    31.5647       1025     4.2667  0.000e+00
     15.360    12.3295   3.675173    31.5637       1026     4.2708  0.000e+00
     15.369    12.3289   3.675134    31.5638       1027     4.2750  0.000e+00
     15.381    12.3277   3.674857    31.5622       1028     4.2792  0.000e+00
     15.402    12.3261   3.674735    31.5623       1029     4.2833  0.000e+00
     15.411    12.3239   3.674078    31.5579       1030     4.2875  0.000e+00
     15.427    12.3196   3.674587    31.5664       1031     4.2917  0.000e+00
     15.445    12.3189   3.674845    31.5694       1032     4.2958  0.000e+00
     15.460    12.3204   3.675495    31.5744       1033     4.3000  0.000e+00
     15.460    12.3248   3.675978    31.5753       1034     4.3042  0.000e+00
     15.451    12.3310   3.675328    31.5638       1035     4.3083  0.000e+00
