HB2302/sbe133.cnv
* Sea-Bird SBE 19plus V2 Data File:
* FileName = C:\cruise\data\sbe133.hex
* Software Version Seasave V 7.26.7.121
* Temperature SN = 4758
* Conductivity SN = 4758
* System UpLoad Time = Jun 20 2023 14:51:51
* NMEA Latitude = 43 52.82 N
* NMEA Longitude = 067 20.93 W
* NMEA UTC (Time) = Jun 20 2023 14:51:51
** Cruise: HB2302
** Program: Ecomon
** Chief Scientist: Jerry Prezioso
# nquan = 7
# nvalues = 6063                                  
# units = specified
# name 0 = depSM: Depth [salt water, m]
# name 1 = tv290C: Temperature [ITS-90, deg C]
# name 2 = c0S/m: Conductivity [S/m]
# name 3 = sal00: Salinity, Practical [PSU]
# name 4 = scan: Scan Count
# name 5 = timeM: Time, Elapsed [minutes]
# name 6 = flag:  0.000e+00
# span 0 =     -0.026,    199.875                 
# span 1 =     7.5922,    15.8187                 
# span 2 =   0.000280,   4.093685                 
# span 3 =     0.0086,    34.0987                 
# span 4 =         11,       6073                 
# span 5 =     0.0417,    25.3000                 
# span 6 = 0.0000e+00, 0.0000e+00                 
# interval = seconds: 0.25
# start_time = Jun 20 2023 14:51:51 [NMEA time, header]
# bad_flag = -9.990e-29
*END*
[from data line 2462]
    150.393     8.8408   3.616207    34.0506       2473    10.3000  0.000e+00
    150.335     8.8407   3.616226    34.0510       2474    10.3042  0.000e+00
    150.287     8.8408   3.616136    34.0499       2475    10.3083  0.000e+00
    150.224     8.8406   3.615996    34.0487       2476    10.3125  0.000e+00
    150.167     8.8403   3.615912    34.0481       2477    10.3167  0.000e+00
    150.103     8.8398   3.615285    34.0421       2478    10.3208  0.000e+00
    150.037     8.8382   3.614882    34.0394       2479    10.3250  0.000e+00
    149.968     8.8358   3.614722    34.0401       2480    10.3292  0.000e+00
    149.898     8.8342   3.614543    34.0398       2481    10.3333  0.000e+00
    149.814     8.8328   3.614345    34.0391       2482    10.3375  0.000e+00
    149.736     8.8317   3.614345    34.0401       2483    10.3417  0.000e+00
    149.639     8.8310   3.614121    34.0385       2484    10.3458  0.000e+00
    149.546     8.8300   3.613737    34.0355       2485    10.3500  0.000e+00
    149.449     8.8286   3.613628    34.0357       2486    10.3542  0.000e+00
    149.356     8.8271   3.612170    34.0220       2487    10.3583  0.000e+00
    149.266     8.8229   3.611613    34.0202       2488    10.3625  0.000e+00
    149.163     8.8177   3.611031    34.0191       2489    10.3667  0.000e+00
    149.073     8.8133   3.610916    34.0222       2490    10.3708  0.000e+00
    148.979     8.8102   3.610833    34.0243       2491    10.3750  0.000e+00
    148.895     8.8084   3.610603    34.0237       2492    10.3792  0.000e+00
    148.811     8.8070   3.610469    34.0236       2493    10.3833  0.000e+00
    148.729     8.8059   3.610155    34.0214       2494    10.3875  0.000e+00
    148.660     8.8042   3.609957    34.0210       2495    10.3917  0.000e+00
    148.603     8.8026   3.609867    34.0217       2496    10.3958  0.000e+00
    148.543     8.8016   3.609938    34.0234       2497    10.4000  0.000e+00
    148.482     8.8009   3.609912    34.0238       2498    10.4042  0.000e+00
    148.431     8.8007   3.609842    34.0233       2499    10.4083  0.000e+00
    148.380     8.8006   3.609797    34.0229       2500    10.4125  0.000e+00
    148.335     8.8002   3.609752    34.0229       2501    10.4167  0.000e+00
    148.286     8.7998   3.609682    34.0226       2502    10.4208  0.000e+00
    148.238     8.7995   3.609688    34.0229       2503    10.4250  0.000e+00
    148.190     8.7993   3.609484    34.0210       2504    10.4292  0.000e+00
    148.136     8.7988   3.609464    34.0213       2505    10.4333  0.000e+00
    148.082     8.7981   3.609484    34.0222       2506    10.4375  0.000e+00
    148.015     8.7980   3.609528    34.0228       2507    10.4417  0.000e+00
    147.949     8.7978   3.609490    34.0226       2508    10.4458  0.000e+00
    147.877     8.7980   3.609464    34.0222       2509    10.4500  0.000e+00
    147.798     8.7978   3.609330    34.0210       2510    10.4542  0.000e+00
    147.717     8.7975   3.609394    34.0221       2511    10.4583  0.000e+00
    147.633     8.7971   3.609260    34.0210       2512    10.4625  0.000e+00
    147.545     8.7970   3.609170    34.0202       2513    10.4667  0.000e+00
    147.455     8.7965   3.609081    34.0198       2514    10.4708  0.000e+00
    147.361     8.7959   3.609151    34.0211       2515    10.4750  0.000e+00
    147.280     8.7957   3.609215    34.0220       2516    10.4792  0.000e+00
    147.187     8.7957   3.609061    34.0205       2517    10.4833  0.000e+00
    147.096     8.7956   3.608793    34.0178       2518    10.4875  0.000e+00
    147.012     8.7947   3.608742    34.0182       2519    10.4917  0.000e+00
    146.931     8.7940   3.608722    34.0187       2520    10.4958  0.000e+00
    146.855     8.7935   3.608857    34.0207       2521    10.5000  0.000e+00
    146.771     8.7934   3.608946    34.0217       2522    10.5042  0.000e+00
    146.699     8.7941   3.608882    34.0204       2523    10.5083  0.000e+00
    146.629     8.7940   3.608952    34.0212       2524    10.5125  0.000e+00
    146.560     8.7942   3.608901    34.0205       2525    10.5167  0.000e+00
    146.497     8.7944   3.608856    34.0200       2526    10.5208  0.000e+00
    146.433     8.7943   3.608748    34.0189       2527    10.5250  0.000e+00
    146.373     8.7939   3.608703    34.0188       2528    10.5292  0.000e+00
    146.316     8.7933   3.608722    34.0196       2529    10.5333  0.000e+00
    146.262     8.7933   3.608639    34.0188       2530    10.5375  0.000e+00
    146.213     8.7931   3.608677    34.0194       2531    10.5417  0.000e+00
    146.153     8.7928   3.608569    34.0186       2532    10.5458  0.000e+00
    146.099     8.7926   3.608588    34.0190       2533    10.5500  0.000e+00
    146.051     8.7925   3.608479    34.0180       2534    10.5542  0.000e+00
    145.999     8.7920   3.608319    34.0168       2535    10.5583  0.000e+00
    145.945     8.7912   3.608345    34.0179       2536    10.5625  0.000e+00
    145.894     8.7910   3.608319    34.0178       2537    10.5667  0.000e+00
    145.831     8.7906   3.608274    34.0178       2538    10.5708  0.000e+00
    145.770     8.7903   3.608121    34.0165       2539    10.5750  0.000e+00
    145.707     8.7899   3.608031    34.0160       2540    10.5792  0.000e+00
    145.635     8.7892   3.607782    34.0141       2541    10.5833  0.000e+00
    145.560     8.7881   3.607450    34.0117       2542    10.5875  0.000e+00
    145.475     8.7866   3.607245    34.0110       2543    10.5917  0.000e+00
    145.403     8.7852   3.607245    34.0124       2544    10.5958  0.000e+00
    145.321     8.7843   3.606734    34.0078       2545    10.6000  0.000e+00
    145.231     8.7825   3.606644    34.0087       2546    10.6042  0.000e+00
    145.156     8.7808   3.606229    34.0060       2547    10.6083  0.000e+00
    145.071     8.7789   3.605928    34.0047       2548    10.6125  0.000e+00
    144.990     8.7768   3.606018    34.0077       2549    10.6167  0.000e+00
    144.912     8.7758   3.606107    34.0097       2550    10.6208  0.000e+00
    144.836     8.7755   3.605775    34.0065       2551    10.6250  0.000e+00
    144.770     8.7748   3.605698    34.0064       2552    10.6292  0.000e+00
    144.698     8.7739   3.605372    34.0039       2553    10.6333  0.000e+00
    144.638     8.7725   3.604496    33.9960       2554    10.6375  0.000e+00
    144.565     8.7693   3.602758    33.9809       2555    10.6417  0.000e+00
    144.520     8.7626   3.601864    33.9779       2556    10.6458  0.000e+00
    144.451     8.7554   3.601148    33.9774       2557    10.6500  0.000e+00
    144.390     8.7491   3.600829    33.9801       2558    10.6542  0.000e+00
    144.345     8.7445   3.600906    33.9854       2559    10.6583  0.000e+00
    144.288     8.7422   3.601149    33.9901       2560    10.6625  0.000e+00
    144.234     8.7418   3.600995    33.9890       2561    10.6667  0.000e+00
    144.177     8.7415   3.600746    33.9866       2562    10.6708  0.000e+00
    144.116     8.7406   3.600727    33.9873       2563    10.6750  0.000e+00
    144.065     8.7399   3.600816    33.9890       2564    10.6792  0.000e+00
    144.011     8.7399   3.600957    33.9905       2565    10.6833  0.000e+00
    143.941     8.7402   3.600950    33.9901       2566    10.6875  0.000e+00
    143.890     8.7406   3.601059    33.9909       2567    10.6917  0.000e+00
    143.824     8.7411   3.601104    33.9909       2568    10.6958  0.000e+00
    143.770     8.7416   3.601353    33.9931       2569    10.7000  0.000e+00
    143.700     8.7425   3.601148    33.9901       2570    10.7042  0.000e+00
    143.634     8.7425   3.600848    33.9870       2571    10.7083  0.000e+00
    143.565     8.7416   3.600771    33.9870       2572    10.7125  0.000e+00
    143.502     8.7407   3.600478    33.9848       2573    10.7167  0.000e+00
    143.429     8.7395   3.600209    33.9833       2574    10.7208  0.000e+00
    143.372     8.7378   3.600101    33.9837       2575    10.7250  0.000e+00
    143.303     8.7366   3.600324    33.9873       2576    10.7292  0.000e+00
    143.227     8.7364   3.600107    33.9852       2577    10.7333  0.000e+00
    143.164     8.7360   3.600190    33.9865       2578    10.7375  0.000e+00
    143.092     8.7358   3.600164    33.9865       2579    10.7417  0.000e+00
    143.031     8.7359   3.600037    33.9851       2580    10.7458  0.000e+00
    142.971     8.7355   3.600101    33.9862       2581    10.7500  0.000e+00
    142.908     8.7355   3.600414    33.9895       2582    10.7542  0.000e+00
    142.839     8.7361   3.600209    33.9868       2583    10.7583  0.000e+00
    142.784     8.7362   3.600209    33.9867       2584    10.7625  0.000e+00
    142.736     8.7360   3.600235    33.9872       2585    10.7667  0.000e+00
    142.673     8.7360   3.600056    33.9853       2586    10.7708  0.000e+00
    142.625     8.7357   3.599832    33.9833       2587    10.7750  0.000e+00
    142.573     8.7349   3.600120    33.9871       2588    10.7792  0.000e+00
    142.522     8.7349   3.599813    33.9839       2589    10.7833  0.000e+00
    142.474     8.7344   3.599723    33.9835       2590    10.7875  0.000e+00
    142.426     8.7335   3.599966    33.9869       2591    10.7917  0.000e+00
    142.375     8.7338   3.600164    33.9888       2592    10.7958  0.000e+00
    142.326     8.7348   3.600343    33.9897       2593    10.8000  0.000e+00
    142.272     8.7359   3.600458    33.9899       2594    10.8042  0.000e+00
    142.218     8.7368   3.600164    33.9859       2595    10.8083  0.000e+00
    142.167     8.7366   3.600043    33.9848       2596    10.8125  0.000e+00
    142.106     8.7360   3.599813    33.9831       2597    10.8167  0.000e+00
    142.043     8.7350   3.599544    33.9812       2598    10.8208  0.000e+00
    141.980     8.7334   3.599564    33.9830       2599    10.8250  0.000e+00
    141.920     8.7325   3.599544    33.9837       2600    10.8292  0.000e+00
    141.856     8.7319   3.599474    33.9836       2601    10.8333  0.000e+00
    141.787     8.7314   3.599385    33.9831       2602    10.8375  0.000e+00
    141.721     8.7310   3.599385    33.9835       2603    10.8417  0.000e+00
    141.648     8.7309   3.599385    33.9837       2604    10.8458  0.000e+00
    141.588     8.7308   3.599340    33.9834       2605    10.8500  0.000e+00
    141.522     8.7304   3.599366    33.9840       2606    10.8542  0.000e+00
    141.462     8.7304   3.599231    33.9827       2607    10.8583  0.000e+00
    141.395     8.7300   3.599206    33.9828       2608    10.8625  0.000e+00
    141.332     8.7296   3.598976    33.9808       2609    10.8667  0.000e+00
    141.269     8.7289   3.598938    33.9811       2610    10.8708  0.000e+00
    141.211     8.7282   3.599193    33.9844       2611    10.8750  0.000e+00
    141.145     8.7285   3.599116    33.9834       2612    10.8792  0.000e+00
    141.094     8.7287   3.599231    33.9844       2613    10.8833  0.000e+00
    141.034     8.7290   3.599193    33.9837       2614    10.8875  0.000e+00
    140.979     8.7293   3.599161    33.9832       2615    10.8917  0.000e+00
    140.925     8.7292   3.599097    33.9826       2616    10.8958  0.000e+00
    140.868     8.7289   3.599027    33.9822       2617    10.9000  0.000e+00
    140.820     8.7287   3.598784    33.9799       2618    10.9042  0.000e+00
    140.769     8.7279   3.598873    33.9816       2619    10.9083  0.000e+00
    140.717     8.7272   3.598893    33.9825       2620    10.9125  0.000e+00
    140.666     8.7274   3.598554    33.9788       2621    10.9167  0.000e+00
    140.618     8.7265   3.598829    33.9825       2622    10.9208  0.000e+00
    140.567     8.7264   3.599008    33.9845       2623    10.9250  0.000e+00
    140.521     8.7270   3.598937    33.9833       2624    10.9292  0.000e+00
    140.467     8.7275   3.598937    33.9828       2625    10.9333  0.000e+00
    140.431     8.7275   3.599097    33.9845       2626    10.9375  0.000e+00
    140.377     8.7280   3.599084    33.9839       2627    10.9417  0.000e+00
    140.323     8.7283   3.599027    33.9830       2628    10.9458  0.000e+00
    140.277     8.7285   3.599052    33.9831       2629    10.9500  0.000e+00
    140.220     8.7285   3.599027    33.9829       2630    10.9542  0.000e+00
    140.172     8.7283   3.599027    33.9830       2631    10.9583  0.000e+00
    140.121     8.7282   3.598982    33.9827       2632    10.9625  0.000e+00
    140.069     8.7282   3.598956    33.9825       2633    10.9667  0.000e+00
    140.006     8.7280   3.598873    33.9819       2634    10.9708  0.000e+00
    139.946     8.7278   3.598784    33.9811       2635    10.9750  0.000e+00
    139.892     8.7273   3.598873    33.9825       2636    10.9792  0.000e+00
    139.828     8.7273   3.598828    33.9821       2637    10.9833  0.000e+00
    139.756     8.7271   3.598803    33.9820       2638    10.9875  0.000e+00
    139.699     8.7272   3.598784    33.9818       2639    10.9917  0.000e+00
    139.630     8.7268   3.598726    33.9816       2640    10.9958  0.000e+00
    139.566     8.7267   3.598675    33.9812       2641    11.0000  0.000e+00
    139.503     8.7265   3.598720    33.9819       2642    11.0042  0.000e+00
    139.446     8.7263   3.598694    33.9818       2643    11.0083  0.000e+00
    139.382     8.7263   3.598739    33.9823       2644    11.0125  0.000e+00
    139.328     8.7261   3.598739    33.9826       2645    11.0167  0.000e+00
    139.265     8.7262   3.598701    33.9821       2646    11.0208  0.000e+00
    139.205     8.7263   3.598720    33.9823       2647    11.0250  0.000e+00
    139.162     8.7263   3.598720    33.9823       2648    11.0292  0.000e+00
    139.120     8.7263   3.598675    33.9818       2649    11.0333  0.000e+00
    139.063     8.7261   3.598649    33.9817       2650    11.0375  0.000e+00
    139.015     8.7261   3.598605    33.9813       2651    11.0417  0.000e+00
    138.967     8.7256   3.598541    33.9811       2652    11.0458  0.000e+00
    138.921     8.7255   3.598617    33.9821       2653    11.0500  0.000e+00
    138.873     8.7254   3.598605    33.9820       2654    11.0542  0.000e+00
    138.828     8.7254   3.598630    33.9823       2655    11.0583  0.000e+00
    138.783     8.7257   3.598605    33.9818       2656    11.0625  0.000e+00
    138.729     8.7256   3.598541    33.9813       2657    11.0667  0.000e+00
    138.683     8.7255   3.598515    33.9811       2658    11.0708  0.000e+00
    138.632     8.7251   3.598490    33.9812       2659    11.0750  0.000e+00
    138.584     8.7251   3.598470    33.9811       2660    11.0792  0.000e+00
    138.527     8.7247   3.598451    33.9812       2661    11.0833  0.000e+00
    138.472     8.7247   3.598451    33.9813       2662    11.0875  0.000e+00
    138.418     8.7247   3.598470    33.9815       2663    11.0917  0.000e+00
    138.367     8.7246   3.598496    33.9819       2664    11.0958  0.000e+00
    138.319     8.7248   3.598509    33.9819       2665    11.1000  0.000e+00
    138.264     8.7248   3.598362    33.9804       2666    11.1042  0.000e+00
    138.207     8.7246   3.598272    33.9797       2667    11.1083  0.000e+00
    138.150     8.7242   3.598336    33.9807       2668    11.1125  0.000e+00
    138.108     8.7241   3.598317    33.9806       2669    11.1167  0.000e+00
    138.060     8.7239   3.598272    33.9804       2670    11.1208  0.000e+00
    138.011     8.7237   3.598183    33.9796       2671    11.1250  0.000e+00
    137.966     8.7234   3.598189    33.9801       2672    11.1292  0.000e+00
    137.921     8.7232   3.598247    33.9808       2673    11.1333  0.000e+00
    137.882     8.7233   3.598272    33.9810       2674    11.1375  0.000e+00
    137.840     8.7234   3.598247    33.9807       2675    11.1417  0.000e+00
    137.794     8.7235   3.598362    33.9818       2676    11.1458  0.000e+00
