HB2302/sbe148.cnv
* Sea-Bird SBE 19plus V2 Data File:
* FileName = C:\cruise\data\sbe148.hex
* Software Version Seasave V 7.26.7.121
* Temperature SN = 4758
* Conductivity SN = 4758
* System UpLoad Time = Jun 22 2023 01:10:07
* NMEA Latitude = 43 00.14 N
* NMEA Longitude = 069 12.19 W
* NMEA UTC (Time) = Jun 22 2023 01:10:07
** Cruise: HB2302
** Program: Ecomon
** Chief Scientist: Jerry Prezioso
# nquan = 7
# nvalues = 3393                                  
# units = specified
# name 0 = depSM: Depth [salt water, m]
# name 1 = tv290C: Temperature [ITS-90, deg C]
# name 2 = c0S/m: Conductivity [S/m]
# name 3 = sal00: Salinity, Practical [PSU]
# name 4 = scan: Scan Count
# name 5 = timeM: Time, Elapsed [minutes]
# name 6 = flag:  0.000e+00
# span 0 =      0.385,    191.312                 
# span 1 =     6.7657,    13.0560                 
# span 2 =   3.290778,   3.781695                 
# span 3 =    31.6302,    33.2196                 
# span 4 =         11,       3403                 
# span 5 =     0.0417,    14.1750                 
# span 6 = 0.0000e+00, 0.0000e+00                 
# interval = seconds: 0.25
# start_time = Jun 22 2023 01:10:07 [NMEA time, header]
# bad_flag = -9.990e-29
*END*
[from data line 2462]
     84.490     6.8199   3.315109    32.7887       2473    10.3000  0.000e+00
     84.391     6.8186   3.314929    32.7880       2474    10.3042  0.000e+00
     84.282     6.8175   3.314892    32.7887       2475    10.3083  0.000e+00
     84.174     6.8167   3.314768    32.7882       2476    10.3125  0.000e+00
     84.053     6.8161   3.314700    32.7880       2477    10.3167  0.000e+00
     83.939     6.8158   3.314404    32.7852       2478    10.3208  0.000e+00
     83.821     6.8156   3.314385    32.7852       2479    10.3250  0.000e+00
     83.707     6.8156   3.314162    32.7828       2480    10.3292  0.000e+00
     83.598     6.8155   3.314039    32.7816       2481    10.3333  0.000e+00
     83.493     6.8149   3.313835    32.7800       2482    10.3375  0.000e+00
     83.396     6.8146   3.313569    32.7774       2483    10.3417  0.000e+00
     83.300     6.8144   3.313414    32.7759       2484    10.3458  0.000e+00
     83.221     6.8145   3.313297    32.7746       2485    10.3500  0.000e+00
     83.143     6.8146   3.313272    32.7742       2486    10.3542  0.000e+00
     83.077     6.8147   3.313253    32.7740       2487    10.3583  0.000e+00
     83.016     6.8148   3.313185    32.7732       2488    10.3625  0.000e+00
     82.959     6.8147   3.313148    32.7729       2489    10.3667  0.000e+00
     82.905     6.8145   3.313105    32.7727       2490    10.3708  0.000e+00
     82.851     6.8144   3.312987    32.7715       2491    10.3750  0.000e+00
     82.799     6.8142   3.312870    32.7704       2492    10.3792  0.000e+00
     82.739     6.8139   3.312827    32.7702       2493    10.3833  0.000e+00
     82.688     6.8137   3.312721    32.7693       2494    10.3875  0.000e+00
     82.622     6.8134   3.312480    32.7669       2495    10.3917  0.000e+00
     82.546     6.8129   3.312313    32.7657       2496    10.3958  0.000e+00
     82.471     6.8123   3.312258    32.7656       2497    10.4000  0.000e+00
     82.384     6.8119   3.312060    32.7639       2498    10.4042  0.000e+00
     82.290     6.8111   3.311751    32.7613       2499    10.4083  0.000e+00
     82.197     6.8103   3.311565    32.7601       2500    10.4125  0.000e+00
     82.085     6.8090   3.311015    32.7554       2501    10.4167  0.000e+00
     81.983     6.8075   3.309952    32.7452       2502    10.4208  0.000e+00
     81.859     6.8051   3.308500    32.7316       2503    10.4250  0.000e+00
     81.748     6.8019   3.306838    32.7164       2504    10.4292  0.000e+00
     81.639     6.7983   3.306653    32.7179       2505    10.4333  0.000e+00
     81.534     6.7955   3.306350    32.7173       2506    10.4375  0.000e+00
     81.434     6.7941   3.306183    32.7169       2507    10.4417  0.000e+00
     81.332     6.7933   3.306109    32.7169       2508    10.4458  0.000e+00
     81.238     6.7930   3.306078    32.7169       2509    10.4500  0.000e+00
     81.148     6.7929   3.306078    32.7170       2510    10.4542  0.000e+00
     81.072     6.7927   3.306109    32.7175       2511    10.4583  0.000e+00
     80.988     6.7927   3.306078    32.7172       2512    10.4625  0.000e+00
     80.913     6.7926   3.306066    32.7173       2513    10.4667  0.000e+00
     80.840     6.7925   3.305948    32.7161       2514    10.4708  0.000e+00
     80.765     6.7926   3.305967    32.7163       2515    10.4750  0.000e+00
     80.687     6.7928   3.305905    32.7154       2516    10.4792  0.000e+00
     80.599     6.7929   3.305788    32.7140       2517    10.4833  0.000e+00
     80.524     6.7931   3.305800    32.7140       2518    10.4875  0.000e+00
     80.431     6.7933   3.305787    32.7137       2519    10.4917  0.000e+00
     80.340     6.7932   3.305775    32.7137       2520    10.4958  0.000e+00
     80.241     6.7933   3.305738    32.7133       2521    10.5000  0.000e+00
     80.138     6.7933   3.305540    32.7112       2522    10.5042  0.000e+00
     80.033     6.7932   3.305584    32.7118       2523    10.5083  0.000e+00
     79.933     6.7932   3.305645    32.7126       2524    10.5125  0.000e+00
     79.834     6.7932   3.305670    32.7129       2525    10.5167  0.000e+00
     79.746     6.7933   3.305620    32.7122       2526    10.5208  0.000e+00
     79.650     6.7933   3.305478    32.7108       2527    10.5250  0.000e+00
     79.566     6.7931   3.305318    32.7092       2528    10.5292  0.000e+00
     79.490     6.7928   3.305330    32.7097       2529    10.5333  0.000e+00
     79.424     6.7929   3.305268    32.7089       2530    10.5375  0.000e+00
     79.358     6.7927   3.305342    32.7099       2531    10.5417  0.000e+00
     79.294     6.7931   3.305392    32.7102       2532    10.5458  0.000e+00
     79.234     6.7932   3.305318    32.7093       2533    10.5500  0.000e+00
     79.180     6.7932   3.305355    32.7097       2534    10.5542  0.000e+00
     79.114     6.7930   3.305299    32.7093       2535    10.5583  0.000e+00
     79.047     6.7931   3.305287    32.7091       2536    10.5625  0.000e+00
     78.984     6.7930   3.305268    32.7090       2537    10.5667  0.000e+00
     78.906     6.7932   3.305318    32.7095       2538    10.5708  0.000e+00
     78.836     6.7933   3.305355    32.7097       2539    10.5750  0.000e+00
     78.755     6.7935   3.305441    32.7106       2540    10.5792  0.000e+00
     78.661     6.7942   3.305435    32.7099       2541    10.5833  0.000e+00
     78.571     6.7947   3.305299    32.7080       2542    10.5875  0.000e+00
     78.472     6.7947   3.305287    32.7079       2543    10.5917  0.000e+00
     78.366     6.7944   3.305398    32.7094       2544    10.5958  0.000e+00
     78.249     6.7948   3.305120    32.7061       2545    10.6000  0.000e+00
     78.131     6.7945   3.305330    32.7087       2546    10.6042  0.000e+00
     78.004     6.7948   3.305120    32.7062       2547    10.6083  0.000e+00
     77.881     6.7945   3.305033    32.7056       2548    10.6125  0.000e+00
     77.757     6.7940   3.304872    32.7043       2549    10.6167  0.000e+00
     77.628     6.7935   3.304842    32.7046       2550    10.6208  0.000e+00
     77.504     6.7929   3.304774    32.7044       2551    10.6250  0.000e+00
     77.372     6.7924   3.304736    32.7045       2552    10.6292  0.000e+00
     77.266     6.7921   3.304631    32.7038       2553    10.6333  0.000e+00
     77.152     6.7919   3.304631    32.7040       2554    10.6375  0.000e+00
     77.058     6.7919   3.304588    32.7036       2555    10.6417  0.000e+00
     76.974     6.7918   3.304551    32.7033       2556    10.6458  0.000e+00
     76.895     6.7920   3.304563    32.7033       2557    10.6500  0.000e+00
     76.826     6.7919   3.304551    32.7033       2558    10.6542  0.000e+00
     76.772     6.7919   3.304545    32.7033       2559    10.6583  0.000e+00
     76.736     6.7918   3.304551    32.7034       2560    10.6625  0.000e+00
     76.699     6.7917   3.304545    32.7035       2561    10.6667  0.000e+00
     76.672     6.7918   3.304532    32.7032       2562    10.6708  0.000e+00
     76.651     6.7919   3.304458    32.7024       2563    10.6750  0.000e+00
     76.627     6.7916   3.304415    32.7022       2564    10.6792  0.000e+00
     76.600     6.7916   3.304452    32.7026       2565    10.6833  0.000e+00
     76.561     6.7914   3.304372    32.7019       2566    10.6875  0.000e+00
     76.519     6.7914   3.304230    32.7004       2567    10.6917  0.000e+00
     76.464     6.7911   3.303970    32.6979       2568    10.6958  0.000e+00
     76.392     6.7904   3.303946    32.6983       2569    10.7000  0.000e+00
     76.311     6.7900   3.303779    32.6969       2570    10.7042  0.000e+00
     76.205     6.7892   3.303643    32.6962       2571    10.7083  0.000e+00
     76.085     6.7884   3.303631    32.6969       2572    10.7125  0.000e+00
     75.964     6.7877   3.303631    32.6976       2573    10.7167  0.000e+00
     75.828     6.7875   3.303686    32.6985       2574    10.7208  0.000e+00
     75.681     6.7882   3.303501    32.6959       2575    10.7250  0.000e+00
     75.545     6.7883   3.303359    32.6942       2576    10.7292  0.000e+00
     75.385     6.7884   3.303204    32.6925       2577    10.7333  0.000e+00
     75.232     6.7882   3.303099    32.6917       2578    10.7375  0.000e+00
     75.093     6.7877   3.303031    32.6914       2579    10.7417  0.000e+00
     74.960     6.7875   3.302970    32.6910       2580    10.7458  0.000e+00
     74.828     6.7872   3.302815    32.6897       2581    10.7500  0.000e+00
     74.719     6.7870   3.302655    32.6882       2582    10.7542  0.000e+00
     74.602     6.7863   3.302513    32.6873       2583    10.7583  0.000e+00
     74.517     6.7859   3.302438    32.6869       2584    10.7625  0.000e+00
     74.436     6.7855   3.302309    32.6859       2585    10.7667  0.000e+00
     74.370     6.7848   3.302247    32.6860       2586    10.7708  0.000e+00
     74.306     6.7845   3.302111    32.6847       2587    10.7750  0.000e+00
     74.246     6.7839   3.302037    32.6845       2588    10.7792  0.000e+00
     74.198     6.7834   3.302037    32.6850       2589    10.7833  0.000e+00
     74.147     6.7831   3.301988    32.6848       2590    10.7875  0.000e+00
     74.104     6.7828   3.301907    32.6842       2591    10.7917  0.000e+00
     74.053     6.7827   3.301889    32.6842       2592    10.7958  0.000e+00
     74.002     6.7823   3.301907    32.6847       2593    10.8000  0.000e+00
     73.948     6.7823   3.301864    32.6843       2594    10.8042  0.000e+00
     73.884     6.7823   3.301845    32.6841       2595    10.8083  0.000e+00
     73.827     6.7823   3.301802    32.6837       2596    10.8125  0.000e+00
     73.758     6.7821   3.301728    32.6831       2597    10.8167  0.000e+00
     73.688     6.7820   3.301673    32.6826       2598    10.8208  0.000e+00
     73.604     6.7817   3.301666    32.6829       2599    10.8250  0.000e+00
     73.526     6.7813   3.300166    32.6668       2600    10.8292  0.000e+00
     73.441     6.7789   3.298901    32.6553       2601    10.8333  0.000e+00
     73.360     6.7743   3.298493    32.6552       2602    10.8375  0.000e+00
     73.285     6.7700   3.298574    32.6602       2603    10.8417  0.000e+00
     73.194     6.7674   3.298623    32.6633       2604    10.8458  0.000e+00
     73.110     6.7663   3.298870    32.6671       2605    10.8500  0.000e+00
     73.025     6.7661   3.298722    32.6657       2606    10.8542  0.000e+00
     72.935     6.7660   3.298703    32.6656       2607    10.8583  0.000e+00
     72.833     6.7661   3.298543    32.6638       2608    10.8625  0.000e+00
     72.730     6.7657   3.298660    32.6655       2609    10.8667  0.000e+00
     72.625     6.7657   3.298703    32.6661       2610    10.8708  0.000e+00
     72.501     6.7657   3.298759    32.6667       2611    10.8750  0.000e+00
     72.374     6.7660   3.298746    32.6663       2612    10.8792  0.000e+00
     72.245     6.7662   3.298882    32.6677       2613    10.8833  0.000e+00
     72.100     6.7664   3.298944    32.6683       2614    10.8875  0.000e+00
     71.962     6.7669   3.299129    32.6699       2615    10.8917  0.000e+00
     71.823     6.7672   3.299191    32.6703       2616    10.8958  0.000e+00
     71.684     6.7678   3.299166    32.6696       2617    10.9000  0.000e+00
     71.552     6.7682   3.299190    32.6695       2618    10.9042  0.000e+00
     71.431     6.7684   3.299227    32.6698       2619    10.9083  0.000e+00
     71.320     6.7687   3.299443    32.6720       2620    10.9125  0.000e+00
     71.217     6.7690   3.299363    32.6709       2621    10.9167  0.000e+00
     71.136     6.7693   3.299283    32.6697       2622    10.9208  0.000e+00
     71.063     6.7694   3.299530    32.6724       2623    10.9250  0.000e+00
     71.003     6.7696   3.299974    32.6771       2624    10.9292  0.000e+00
     70.961     6.7707   3.300190    32.6784       2625    10.9333  0.000e+00
     70.922     6.7722   3.300104    32.6761       2626    10.9375  0.000e+00
     70.889     6.7734   3.300135    32.6752       2627    10.9417  0.000e+00
     70.861     6.7740   3.299956    32.6728       2628    10.9458  0.000e+00
     70.843     6.7740   3.300011    32.6734       2629    10.9500  0.000e+00
     70.813     6.7743   3.300122    32.6744       2630    10.9542  0.000e+00
     70.789     6.7749   3.299320    32.6649       2631    10.9583  0.000e+00
     70.765     6.7763   3.299005    32.6601       2632    10.9625  0.000e+00
     70.720     6.7781   3.299190    32.6605       2633    10.9667  0.000e+00
     70.675     6.7793   3.298900    32.6562       2634    10.9708  0.000e+00
     70.614     6.7801   3.298530    32.6514       2635    10.9750  0.000e+00
     70.536     6.7810   3.298517    32.6505       2636    10.9792  0.000e+00
     70.440     6.7821   3.298196    32.6460       2637    10.9833  0.000e+00
     70.331     6.7825   3.298406    32.6479       2638    10.9875  0.000e+00
     70.204     6.7825   3.298134    32.6450       2639    10.9917  0.000e+00
     70.078     6.7835   3.298128    32.6440       2640    10.9958  0.000e+00
     69.921     6.7849   3.298319    32.6449       2641    11.0000  0.000e+00
     69.755     6.7846   3.297832    32.6399       2642    11.0042  0.000e+00
     69.587     6.7845   3.297610    32.6376       2643    11.0083  0.000e+00
     69.409     6.7852   3.297517    32.6360       2644    11.0125  0.000e+00
     69.234     6.7856   3.297554    32.6361       2645    11.0167  0.000e+00
     69.074     6.7859   3.297474    32.6350       2646    11.0208  0.000e+00
     68.920     6.7858   3.297344    32.6338       2647    11.0250  0.000e+00
     68.776     6.7852   3.297474    32.6358       2648    11.0292  0.000e+00
     68.649     6.7849   3.297474    32.6362       2649    11.0333  0.000e+00
     68.553     6.7852   3.297350    32.6346       2650    11.0375  0.000e+00
     68.471     6.7849   3.297325    32.6347       2651    11.0417  0.000e+00
     68.414     6.7846   3.297387    32.6356       2652    11.0458  0.000e+00
     68.381     6.7846   3.297387    32.6357       2653    11.0500  0.000e+00
     68.360     6.7846   3.297449    32.6363       2654    11.0542  0.000e+00
     68.363     6.7848   3.297412    32.6357       2655    11.0583  0.000e+00
     68.369     6.7849   3.297430    32.6359       2656    11.0625  0.000e+00
     68.378     6.7850   3.297449    32.6360       2657    11.0667  0.000e+00
     68.396     6.7854   3.297474    32.6359       2658    11.0708  0.000e+00
     68.402     6.7854   3.297474    32.6359       2659    11.0750  0.000e+00
     68.390     6.7855   3.297350    32.6344       2660    11.0792  0.000e+00
     68.366     6.7852   3.297301    32.6342       2661    11.0833  0.000e+00
     68.321     6.7846   3.297109    32.6326       2662    11.0875  0.000e+00
     68.261     6.7839   3.297066    32.6328       2663    11.0917  0.000e+00
     68.161     6.7832   3.297282    32.6359       2664    11.0958  0.000e+00
     68.047     6.7834   3.297171    32.6346       2665    11.1000  0.000e+00
     67.917     6.7836   3.297048    32.6331       2666    11.1042  0.000e+00
     67.766     6.7830   3.296986    32.6331       2667    11.1083  0.000e+00
     67.601     6.7825   3.297004    32.6338       2668    11.1125  0.000e+00
     67.414     6.7824   3.297109    32.6352       2669    11.1167  0.000e+00
     67.230     6.7827   3.297214    32.6362       2670    11.1208  0.000e+00
     67.034     6.7836   3.297325    32.6366       2671    11.1250  0.000e+00
     66.844     6.7846   3.297387    32.6364       2672    11.1292  0.000e+00
     66.657     6.7856   3.297343    32.6350       2673    11.1333  0.000e+00
     66.491     6.7864   3.297288    32.6338       2674    11.1375  0.000e+00
     66.338     6.7865   3.297430    32.6353       2675    11.1417  0.000e+00
     66.205     6.7880   3.297473    32.6344       2676    11.1458  0.000e+00
