HB2302/sbe113.cnv
* Sea-Bird SBE 19plus V2 Data File:
* FileName = C:\cruise\data\sbe113.hex
* Software Version Seasave V 7.26.7.121
* Temperature SN = 4758
* Conductivity SN = 4758
* System UpLoad Time = Jun 19 2023 02:10:51
* NMEA Latitude = 42 09.58 N
* NMEA Longitude = 067 37.22 W
* NMEA UTC (Time) = Jun 19 2023 02:10:51
** Cruise: HB2302
** Program: Ecomon
** Chief Scientist: Jerry Prezioso
# nquan = 7
# nvalues = 3183                                  
# units = specified
# name 0 = depSM: Depth [salt water, m]
# name 1 = tv290C: Temperature [ITS-90, deg C]
# name 2 = c0S/m: Conductivity [S/m]
# name 3 = sal00: Salinity, Practical [PSU]
# name 4 = scan: Scan Count
# name 5 = timeM: Time, Elapsed [minutes]
# name 6 = flag:  0.000e+00
# span 0 =     -0.108,    182.454                 
# span 1 =     6.7851,    12.9700                 
# span 2 =   0.192069,   3.802285                 
# span 3 =     1.2971,    34.5061                 
# span 4 =         11,       3193                 
# span 5 =     0.0417,    13.3000                 
# span 6 = 0.0000e+00, 0.0000e+00                 
# interval = seconds: 0.25
# start_time = Jun 19 2023 02:10:51 [NMEA time, header]
# bad_flag = -9.990e-29
*END*
[from data line 1642]
    132.541     7.1395   3.385659    33.2305       1653     6.8833  0.000e+00
    132.423     7.1365   3.384430    33.2201       1654     6.8875  0.000e+00
    132.321     7.1312   3.383770    33.2181       1655     6.8917  0.000e+00
    132.242     7.1257   3.383620    33.2217       1656     6.8958  0.000e+00
    132.179     7.1221   3.383439    33.2232       1657     6.9000  0.000e+00
    132.137     7.1199   3.383352    33.2244       1658     6.9042  0.000e+00
    132.116     7.1185   3.383246    33.2247       1659     6.9083  0.000e+00
    132.091     7.1173   3.383221    33.2255       1660     6.9125  0.000e+00
    132.085     7.1165   3.383209    33.2262       1661     6.9167  0.000e+00
    132.076     7.1162   3.383184    33.2262       1662     6.9208  0.000e+00
    132.064     7.1162   3.383178    33.2262       1663     6.9250  0.000e+00
    132.040     7.1160   3.383146    33.2260       1664     6.9292  0.000e+00
    132.019     7.1158   3.383103    33.2258       1665     6.9333  0.000e+00
    131.983     7.1156   3.383090    33.2258       1666     6.9375  0.000e+00
    131.929     7.1153   3.383059    33.2258       1667     6.9417  0.000e+00
    131.868     7.1152   3.383003    33.2253       1668     6.9458  0.000e+00
    131.784     7.1148   3.382897    33.2246       1669     6.9500  0.000e+00
    131.688     7.1144   3.382810    33.2240       1670     6.9542  0.000e+00
    131.582     7.1138   3.382716    33.2236       1671     6.9583  0.000e+00
    131.468     7.1131   3.381856    33.2150       1672     6.9625  0.000e+00
    131.347     7.1106   3.380697    33.2049       1673     6.9667  0.000e+00
    131.221     7.1055   3.379644    33.1983       1674     6.9708  0.000e+00
    131.085     7.0994   3.378896    33.1961       1675     6.9750  0.000e+00
    130.937     7.0932   3.378336    33.1960       1676     6.9792  0.000e+00
    130.802     7.0881   3.376803    33.1842       1677     6.9833  0.000e+00
    130.669     7.0810   3.374070    33.1613       1678     6.9875  0.000e+00
    130.551     7.0698   3.373696    33.1681       1679     6.9917  0.000e+00
    130.434     7.0609   3.373615    33.1758       1680     6.9958  0.000e+00
    130.332     7.0560   3.373329    33.1775       1681     7.0000  0.000e+00
    130.247     7.0528   3.372868    33.1755       1682     7.0042  0.000e+00
    130.163     7.0502   3.372644    33.1757       1683     7.0083  0.000e+00
    130.099     7.0480   3.372519    33.1765       1684     7.0125  0.000e+00
    130.042     7.0463   3.372501    33.1779       1685     7.0167  0.000e+00
    129.994     7.0453   3.372376    33.1775       1686     7.0208  0.000e+00
    129.955     7.0447   3.372538    33.1799       1687     7.0250  0.000e+00
    129.925     7.0446   3.372600    33.1807       1688     7.0292  0.000e+00
    129.888     7.0447   3.372563    33.1802       1689     7.0333  0.000e+00
    129.861     7.0450   3.372563    33.1799       1690     7.0375  0.000e+00
    129.840     7.0451   3.372538    33.1796       1691     7.0417  0.000e+00
    129.822     7.0450   3.372519    33.1795       1692     7.0458  0.000e+00
    129.792     7.0450   3.372706    33.1815       1693     7.0500  0.000e+00
    129.768     7.0456   3.373522    33.1899       1694     7.0542  0.000e+00
    129.732     7.0478   3.373821    33.1910       1695     7.0583  0.000e+00
    129.678     7.0505   3.373634    33.1864       1696     7.0625  0.000e+00
    129.611     7.0515   3.373104    33.1797       1697     7.0667  0.000e+00
    129.530     7.0505   3.372725    33.1765       1698     7.0708  0.000e+00
    129.427     7.0487   3.372644    33.1774       1699     7.0750  0.000e+00
    129.304     7.0471   3.372581    33.1783       1700     7.0792  0.000e+00
    129.168     7.0463   3.372438    33.1776       1701     7.0833  0.000e+00
    129.021     7.0454   3.372015    33.1740       1702     7.0875  0.000e+00
    128.852     7.0442   3.371778    33.1726       1703     7.0917  0.000e+00
    128.686     7.0429   3.371691    33.1730       1704     7.0958  0.000e+00
    128.511     7.0417   3.371535    33.1725       1705     7.1000  0.000e+00
    128.342     7.0406   3.371380    33.1719       1706     7.1042  0.000e+00
    128.177     7.0398   3.371604    33.1752       1707     7.1083  0.000e+00
    128.026     7.0395   3.371423    33.1736       1708     7.1125  0.000e+00
    127.896     7.0394   3.371591    33.1756       1709     7.1167  0.000e+00
    127.779     7.0398   3.371604    33.1754       1710     7.1208  0.000e+00
    127.698     7.0401   3.371691    33.1762       1711     7.1250  0.000e+00
    127.631     7.0404   3.371666    33.1756       1712     7.1292  0.000e+00
    127.595     7.0406   3.371591    33.1746       1713     7.1333  0.000e+00
    127.574     7.0404   3.371629    33.1752       1714     7.1375  0.000e+00
    127.574     7.0404   3.371622    33.1752       1715     7.1417  0.000e+00
    127.565     7.0406   3.371610    33.1749       1716     7.1458  0.000e+00
    127.571     7.0406   3.371622    33.1750       1717     7.1500  0.000e+00
    127.562     7.0406   3.371629    33.1751       1718     7.1542  0.000e+00
    127.553     7.0407   3.371672    33.1754       1719     7.1583  0.000e+00
    127.523     7.0407   3.371691    33.1757       1720     7.1625  0.000e+00
    127.484     7.0408   3.371716    33.1758       1721     7.1667  0.000e+00
    127.426     7.0409   3.371647    33.1750       1722     7.1708  0.000e+00
    127.363     7.0408   3.371672    33.1754       1723     7.1750  0.000e+00
    127.282     7.0409   3.371442    33.1728       1724     7.1792  0.000e+00
    127.191     7.0403   3.371386    33.1728       1725     7.1833  0.000e+00
    127.086     7.0398   3.371423    33.1738       1726     7.1875  0.000e+00
    126.971     7.0397   3.371429    33.1740       1727     7.1917  0.000e+00
    126.854     7.0395   3.371361    33.1735       1728     7.1958  0.000e+00
    126.739     7.0393   3.371261    33.1727       1729     7.2000  0.000e+00
    126.625     7.0389   3.371080    33.1712       1730     7.2042  0.000e+00
    126.516     7.0382   3.370807    33.1689       1731     7.2083  0.000e+00
    126.414     7.0371   3.370638    33.1682       1732     7.2125  0.000e+00
    126.311     7.0364   3.370670    33.1692       1733     7.2167  0.000e+00
    126.227     7.0357   3.370744    33.1707       1734     7.2208  0.000e+00
    126.142     7.0355   3.370645    33.1699       1735     7.2250  0.000e+00
    126.067     7.0353   3.370533    33.1689       1736     7.2292  0.000e+00
    125.983     7.0352   3.370470    33.1683       1737     7.2333  0.000e+00
    125.913     7.0351   3.370539    33.1692       1738     7.2375  0.000e+00
    125.829     7.0350   3.370620    33.1703       1739     7.2417  0.000e+00
    125.760     7.0351   3.370582    33.1698       1740     7.2458  0.000e+00
    125.678     7.0352   3.370470    33.1685       1741     7.2500  0.000e+00
    125.600     7.0352   3.370557    33.1695       1742     7.2542  0.000e+00
    125.507     7.0353   3.370819    33.1723       1743     7.2583  0.000e+00
    125.422     7.0355   3.370781    33.1717       1744     7.2625  0.000e+00
    125.314     7.0361   3.370582    33.1691       1745     7.2667  0.000e+00
    125.214     7.0358   3.370557    33.1691       1746     7.2708  0.000e+00
    125.109     7.0355   3.370557    33.1694       1747     7.2750  0.000e+00
    124.991     7.0353   3.370601    33.1701       1748     7.2792  0.000e+00
    124.868     7.0357   3.370719    33.1711       1749     7.2833  0.000e+00
    124.753     7.0358   3.370538    33.1691       1750     7.2875  0.000e+00
    124.636     7.0358   3.370513    33.1689       1751     7.2917  0.000e+00
    124.512     7.0356   3.370513    33.1692       1752     7.2958  0.000e+00
    124.398     7.0356   3.369667    33.1600       1753     7.3000  0.000e+00
    124.271     7.0354   3.370532    33.1697       1754     7.3042  0.000e+00
    124.156     7.0353   3.370495    33.1694       1755     7.3083  0.000e+00
    124.045     7.0354   3.370451    33.1689       1756     7.3125  0.000e+00
    123.949     7.0353   3.370513    33.1697       1757     7.3167  0.000e+00
    123.852     7.0357   3.370538    33.1696       1758     7.3208  0.000e+00
    123.771     7.0361   3.370432    33.1682       1759     7.3250  0.000e+00
    123.698     7.0362   3.370295    33.1666       1760     7.3292  0.000e+00
    123.635     7.0359   3.370494    33.1690       1761     7.3333  0.000e+00
    123.578     7.0361   3.370700    33.1712       1762     7.3375  0.000e+00
    123.530     7.0367   3.370712    33.1707       1763     7.3417  0.000e+00
    123.484     7.0371   3.370718    33.1704       1764     7.3458  0.000e+00
    123.433     7.0375   3.370687    33.1697       1765     7.3500  0.000e+00
    123.373     7.0376   3.370718    33.1700       1766     7.3542  0.000e+00
    123.319     7.0376   3.370700    33.1698       1767     7.3583  0.000e+00
    123.249     7.0377   3.370756    33.1704       1768     7.3625  0.000e+00
    123.183     7.0376   3.370762    33.1706       1769     7.3667  0.000e+00
    123.099     7.0380   3.370861    33.1713       1770     7.3708  0.000e+00
    123.002     7.0382   3.370805    33.1705       1771     7.3750  0.000e+00
    122.900     7.0386   3.370656    33.1686       1772     7.3792  0.000e+00
    122.806     7.0382   3.370600    33.1684       1773     7.3833  0.000e+00
    122.701     7.0377   3.370388    33.1666       1774     7.3875  0.000e+00
    122.601     7.0373   3.370183    33.1649       1775     7.3917  0.000e+00
    122.493     7.0364   3.370146    33.1654       1776     7.3958  0.000e+00
    122.387     7.0356   3.370164    33.1664       1777     7.4000  0.000e+00
    122.279     7.0352   3.370121    33.1663       1778     7.4042  0.000e+00
    122.164     7.0350   3.370121    33.1665       1779     7.4083  0.000e+00
    122.047     7.0349   3.370121    33.1668       1780     7.4125  0.000e+00
    121.944     7.0349   3.370120    33.1668       1781     7.4167  0.000e+00
    121.821     7.0347   3.369666    33.1620       1782     7.4208  0.000e+00
    121.712     7.0338   3.369299    33.1590       1783     7.4250  0.000e+00
    121.601     7.0320   3.369355    33.1613       1784     7.4292  0.000e+00
    121.489     7.0313   3.369542    33.1642       1785     7.4333  0.000e+00
    121.387     7.0308   3.369647    33.1658       1786     7.4375  0.000e+00
    121.290     7.0312   3.369666    33.1657       1787     7.4417  0.000e+00
    121.209     7.0314   3.368621    33.1541       1788     7.4458  0.000e+00
    121.119     7.0298   3.367830    33.1471       1789     7.4500  0.000e+00
    121.040     7.0268   3.367687    33.1484       1790     7.4542  0.000e+00
    120.968     7.0244   3.367625    33.1501       1791     7.4583  0.000e+00
    120.890     7.0231   3.367644    33.1516       1792     7.4625  0.000e+00
    120.817     7.0224   3.367600    33.1518       1793     7.4667  0.000e+00
    120.748     7.0220   3.367413    33.1502       1794     7.4708  0.000e+00
    120.670     7.0215   3.367332    33.1498       1795     7.4750  0.000e+00
    120.597     7.0209   3.367208    33.1490       1796     7.4792  0.000e+00
    120.522     7.0204   3.366984    33.1471       1797     7.4833  0.000e+00
    120.438     7.0203   3.367600    33.1540       1798     7.4875  0.000e+00
    120.347     7.0209   3.367538    33.1528       1799     7.4917  0.000e+00
    120.251     7.0210   3.367102    33.1479       1800     7.4958  0.000e+00
    120.160     7.0201   3.366629    33.1437       1801     7.5000  0.000e+00
    120.061     7.0185   3.366449    33.1433       1802     7.5042  0.000e+00
    119.952     7.0169   3.366387    33.1442       1803     7.5083  0.000e+00
    119.847     7.0159   3.366281    33.1441       1804     7.5125  0.000e+00
    119.744     7.0152   3.366300    33.1451       1805     7.5167  0.000e+00
    119.627     7.0146   3.365808    33.1403       1806     7.5208  0.000e+00
    119.506     7.0133   3.365373    33.1368       1807     7.5250  0.000e+00
    119.392     7.0113   3.364626    33.1307       1808     7.5292  0.000e+00
    119.271     7.0085   3.364340    33.1303       1809     7.5333  0.000e+00
    119.157     7.0059   3.363799    33.1270       1810     7.5375  0.000e+00
    119.042     7.0033   3.363662    33.1280       1811     7.5417  0.000e+00
    118.931     7.0012   3.363724    33.1308       1812     7.5458  0.000e+00
    118.825     7.0001   3.363389    33.1282       1813     7.5500  0.000e+00
    118.729     6.9991   3.363165    33.1268       1814     7.5542  0.000e+00
    118.641     6.9978   3.362953    33.1257       1815     7.5583  0.000e+00
    118.560     6.9965   3.362201    33.1188       1816     7.5625  0.000e+00
    118.500     6.9940   3.361809    33.1170       1817     7.5667  0.000e+00
    118.436     6.9915   3.361828    33.1196       1818     7.5708  0.000e+00
    118.385     6.9900   3.361952    33.1224       1819     7.5750  0.000e+00
    118.328     6.9895   3.361940    33.1228       1820     7.5792  0.000e+00
    118.277     6.9892   3.361846    33.1221       1821     7.5833  0.000e+00
    118.219     6.9891   3.361828    33.1220       1822     7.5875  0.000e+00
    118.168     6.9888   3.361336    33.1169       1823     7.5917  0.000e+00
    118.108     6.9875   3.360820    33.1126       1824     7.5958  0.000e+00
    118.039     6.9855   3.360416    33.1101       1825     7.6000  0.000e+00
    117.972     6.9831   3.359646    33.1040       1826     7.6042  0.000e+00
    117.897     6.9799   3.358707    33.0968       1827     7.6083  0.000e+00
    117.816     6.9756   3.357545    33.0884       1828     7.6125  0.000e+00
    117.737     6.9702   3.357017    33.0878       1829     7.6167  0.000e+00
    117.650     6.9654   3.356439    33.0861       1830     7.6208  0.000e+00
    117.559     6.9614   3.356147    33.0868       1831     7.6250  0.000e+00
    117.469     6.9585   3.355848    33.0864       1832     7.6292  0.000e+00
    117.364     6.9563   3.355513    33.0848       1833     7.6333  0.000e+00
    117.252     6.9541   3.355202    33.0836       1834     7.6375  0.000e+00
    117.132     6.9519   3.354916    33.0826       1835     7.6417  0.000e+00
    117.017     6.9498   3.353320    33.0672       1836     7.6458  0.000e+00
    116.884     6.9454   3.352022    33.0573       1837     7.6500  0.000e+00
    116.755     6.9386   3.351258    33.0555       1838     7.6542  0.000e+00
    116.616     6.9327   3.351097    33.0596       1839     7.6583  0.000e+00
    116.493     6.9287   3.351053    33.0630       1840     7.6625  0.000e+00
    116.360     6.9265   3.350531    33.0595       1841     7.6667  0.000e+00
    116.239     6.9241   3.349557    33.0511       1842     7.6708  0.000e+00
    116.125     6.9198   3.348396    33.0426       1843     7.6750  0.000e+00
    116.016     6.9140   3.347651    33.0400       1844     7.6792  0.000e+00
    115.920     6.9083   3.347446    33.0433       1845     7.6833  0.000e+00
    115.836     6.9047   3.347427    33.0467       1846     7.6875  0.000e+00
    115.757     6.9025   3.347446    33.0490       1847     7.6917  0.000e+00
    115.697     6.9015   3.347427    33.0498       1848     7.6958  0.000e+00
    115.643     6.9012   3.347427    33.0501       1849     7.7000  0.000e+00
    115.601     6.9010   3.347446    33.0505       1850     7.7042  0.000e+00
    115.564     6.9009   3.347551    33.0518       1851     7.7083  0.000e+00
    115.534     6.9012   3.347551    33.0515       1852     7.7125  0.000e+00
    115.501     6.9015   3.347527    33.0510       1853     7.7167  0.000e+00
    115.462     6.9015   3.347384    33.0494       1854     7.7208  0.000e+00
    115.426     6.9010   3.347036    33.0461       1855     7.7250  0.000e+00
    115.381     6.8999   3.346862    33.0453       1856     7.7292  0.000e+00
