HB2302/sbe181.cnv
* Sea-Bird SBE 19plus V2 Data File:
* FileName = C:\cruise\data\sbe181.hex
* Software Version Seasave V 7.26.7.121
* Temperature SN = 4758
* Conductivity SN = 4758
* System UpLoad Time = Jun 25 2023 15:31:32
* NMEA Latitude = 39 31.47 N
* NMEA Longitude = 069 51.35 W
* NMEA UTC (Time) = Jun 25 2023 15:31:31
** Cruise: HB2302
** Program: Ecomon
** Chief Scientist: Jerry Prezioso
# nquan = 7
# nvalues = 4748                                  
# units = specified
# name 0 = depSM: Depth [salt water, m]
# name 1 = tv290C: Temperature [ITS-90, deg C]
# name 2 = c0S/m: Conductivity [S/m]
# name 3 = sal00: Salinity, Practical [PSU]
# name 4 = scan: Scan Count
# name 5 = timeM: Time, Elapsed [minutes]
# name 6 = flag:  0.000e+00
# span 0 =     -0.086,    203.633                 
# span 1 =    13.7752,    23.4444                 
# span 2 =   0.002427,   5.279241                 
# span 3 =     0.0192,    36.3642                 
# span 4 =         11,       4758                 
# span 5 =     0.0417,    19.8208                 
# span 6 = 0.0000e+00, 0.0000e+00                 
# interval = seconds: 0.25
# start_time = Jun 25 2023 15:31:31 [NMEA time, header]
# bad_flag = -9.990e-29
*END*
[from data line 2872]
    117.900    14.8798   4.356476    35.6522       2883    12.0083  0.000e+00
    117.849    14.8800   4.356552    35.6527       2884    12.0125  0.000e+00
    117.792    14.8805   4.356683    35.6535       2885    12.0167  0.000e+00
    117.725    14.8811   4.356731    35.6534       2886    12.0208  0.000e+00
    117.659    14.8817   4.356683    35.6524       2887    12.0250  0.000e+00
    117.587    14.8821   4.356703    35.6523       2888    12.0292  0.000e+00
    117.514    14.8822   4.356855    35.6536       2889    12.0333  0.000e+00
    117.421    14.8827   4.356834    35.6530       2890    12.0375  0.000e+00
    117.333    14.8831   4.356883    35.6530       2891    12.0417  0.000e+00
    117.228    14.8837   4.356931    35.6530       2892    12.0458  0.000e+00
    117.122    14.8842   4.357062    35.6538       2893    12.0500  0.000e+00
    117.007    14.8849   4.357034    35.6530       2894    12.0542  0.000e+00
    116.896    14.8856   4.357110    35.6531       2895    12.0583  0.000e+00
    116.784    14.8862   4.357241    35.6537       2896    12.0625  0.000e+00
    116.678    14.8871   4.357290    35.6535       2897    12.0667  0.000e+00
    116.579    14.8878   4.357290    35.6528       2898    12.0708  0.000e+00
    116.482    14.8882   4.357290    35.6525       2899    12.0750  0.000e+00
    116.404    14.8885   4.357317    35.6525       2900    12.0792  0.000e+00
    116.328    14.8889   4.357393    35.6529       2901    12.0833  0.000e+00
    116.271    14.8896   4.357469    35.6529       2902    12.0875  0.000e+00
    116.208    14.8901   4.357517    35.6530       2903    12.0917  0.000e+00
    116.156    14.8909   4.357593    35.6529       2904    12.0958  0.000e+00
    116.105    14.8918   4.357593    35.6521       2905    12.1000  0.000e+00
    116.057    14.8924   4.357545    35.6511       2906    12.1042  0.000e+00
    116.008    14.8924   4.357676    35.6524       2907    12.1083  0.000e+00
    115.969    14.8928   4.358028    35.6553       2908    12.1125  0.000e+00
    115.921    14.8950   4.358283    35.6556       2909    12.1167  0.000e+00
    115.873    14.8978   4.358463    35.6548       2910    12.1208  0.000e+00
    115.827    14.9002   4.358566    35.6535       2911    12.1250  0.000e+00
    115.770    14.9022   4.358539    35.6514       2912    12.1292  0.000e+00
    115.719    14.9032   4.358511    35.6503       2913    12.1333  0.000e+00
    115.649    14.9040   4.358463    35.6492       2914    12.1375  0.000e+00
    115.601    14.9045   4.358490    35.6489       2915    12.1417  0.000e+00
    115.538    14.9044   4.358511    35.6492       2916    12.1458  0.000e+00
    115.468    14.9049   4.358566    35.6493       2917    12.1500  0.000e+00
    115.393    14.9051   4.358511    35.6487       2918    12.1542  0.000e+00
    115.320    14.9051   4.358718    35.6506       2919    12.1583  0.000e+00
    115.236    14.9060   4.359229    35.6545       2920    12.1625  0.000e+00
    115.160    14.9084   4.359477    35.6546       2921    12.1667  0.000e+00
    115.076    14.9111   4.359684    35.6540       2922    12.1708  0.000e+00
    114.985    14.9140   4.359836    35.6529       2923    12.1750  0.000e+00
    114.904    14.9158   4.359995    35.6527       2924    12.1792  0.000e+00
    114.822    14.9178   4.360195    35.6528       2925    12.1833  0.000e+00
    114.726    14.9195   4.360347    35.6526       2926    12.1875  0.000e+00
    114.632    14.9212   4.360602    35.6534       2927    12.1917  0.000e+00
    114.551    14.9230   4.360934    35.6549       2928    12.1958  0.000e+00
    114.454    14.9251   4.360989    35.6534       2929    12.2000  0.000e+00
    114.370    14.9271   4.361037    35.6521       2930    12.2042  0.000e+00
    114.282    14.9285   4.361161    35.6521       2931    12.2083  0.000e+00
    114.201    14.9293   4.361189    35.6516       2932    12.2125  0.000e+00
    114.113    14.9301   4.361293    35.6518       2933    12.2167  0.000e+00
    114.017    14.9309   4.361320    35.6514       2934    12.2208  0.000e+00
    113.929    14.9314   4.361341    35.6512       2935    12.2250  0.000e+00
    113.851    14.9321   4.361444    35.6515       2936    12.2292  0.000e+00
    113.766    14.9326   4.361500    35.6516       2937    12.2333  0.000e+00
    113.691    14.9331   4.361651    35.6526       2938    12.2375  0.000e+00
    113.609    14.9342   4.362059    35.6553       2939    12.2417  0.000e+00
    113.537    14.9360   4.362287    35.6558       2940    12.2458  0.000e+00
    113.467    14.9391   4.362418    35.6542       2941    12.2500  0.000e+00
    113.398    14.9419   4.362625    35.6536       2942    12.2542  0.000e+00
    113.341    14.9444   4.363081    35.6554       2943    12.2583  0.000e+00
    113.265    14.9483   4.364075    35.6610       2944    12.2625  0.000e+00
    113.208    14.9550   4.364179    35.6559       2945    12.2667  0.000e+00
    113.129    14.9610   4.363999    35.6488       2946    12.2708  0.000e+00
    113.063    14.9645   4.363944    35.6451       2947    12.2750  0.000e+00
    112.991    14.9658   4.363895    35.6435       2948    12.2792  0.000e+00
    112.918    14.9664   4.363868    35.6427       2949    12.2833  0.000e+00
    112.846    14.9665   4.363819    35.6422       2950    12.2875  0.000e+00
    112.764    14.9666   4.363771    35.6417       2951    12.2917  0.000e+00
    112.683    14.9665   4.363716    35.6413       2952    12.2958  0.000e+00
    112.607    14.9670   4.363743    35.6412       2953    12.3000  0.000e+00
    112.532    14.9671   4.364019    35.6436       2954    12.3042  0.000e+00
    112.456    14.9686   4.364765    35.6491       2955    12.3083  0.000e+00
    112.384    14.9732   4.365145    35.6484       2956    12.3125  0.000e+00
    112.306    14.9780   4.365297    35.6454       2957    12.3167  0.000e+00
    112.239    14.9818   4.365401    35.6430       2958    12.3208  0.000e+00
    112.176    14.9846   4.365477    35.6411       2959    12.3250  0.000e+00
    112.109    14.9866   4.365608    35.6405       2960    12.3292  0.000e+00
    112.049    14.9882   4.365656    35.6395       2961    12.3333  0.000e+00
    111.983    14.9897   4.365787    35.6394       2962    12.3375  0.000e+00
    111.916    14.9910   4.365939    35.6396       2963    12.3417  0.000e+00
    111.856    14.9925   4.366195    35.6406       2964    12.3458  0.000e+00
    111.796    14.9946   4.366423    35.6408       2965    12.3500  0.000e+00
    111.720    14.9971   4.366665    35.6407       2966    12.3542  0.000e+00
    111.660    14.9998   4.366906    35.6405       2967    12.3583  0.000e+00
    111.584    15.0022   4.367086    35.6400       2968    12.3625  0.000e+00
    111.515    15.0046   4.367265    35.6394       2969    12.3667  0.000e+00
    111.427    15.0071   4.367597    35.6403       2970    12.3708  0.000e+00
    111.349    15.0098   4.367853    35.6402       2971    12.3750  0.000e+00
    111.267    15.0130   4.367908    35.6378       2972    12.3792  0.000e+00
    111.183    15.0153   4.367853    35.6352       2973    12.3833  0.000e+00
    111.083    15.0168   4.367832    35.6337       2974    12.3875  0.000e+00
    110.999    15.0177   4.367956    35.6340       2975    12.3917  0.000e+00
    110.899    15.0188   4.368087    35.6343       2976    12.3958  0.000e+00
    110.806    15.0201   4.368288    35.6350       2977    12.4000  0.000e+00
    110.712    15.0221   4.368730    35.6372       2978    12.4042  0.000e+00
    110.619    15.0250   4.369158    35.6385       2979    12.4083  0.000e+00
    110.522    15.0289   4.369593    35.6389       2980    12.4125  0.000e+00
    110.432    15.0330   4.369821    35.6373       2981    12.4167  0.000e+00
    110.344    15.0365   4.369897    35.6349       2982    12.4208  0.000e+00
    110.247    15.0392   4.369953    35.6329       2983    12.4250  0.000e+00
    110.166    15.0412   4.369953    35.6312       2984    12.4292  0.000e+00
    110.087    15.0422   4.369897    35.6298       2985    12.4333  0.000e+00
    110.003    15.0427   4.369849    35.6289       2986    12.4375  0.000e+00
    109.928    15.0430   4.369745    35.6277       2987    12.4417  0.000e+00
    109.849    15.0430   4.369565    35.6261       2988    12.4458  0.000e+00
    109.765    15.0425   4.369413    35.6252       2989    12.4500  0.000e+00
    109.680    15.0421   4.369337    35.6249       2990    12.4542  0.000e+00
    109.608    15.0415   4.369282    35.6250       2991    12.4583  0.000e+00
    109.529    15.0410   4.369261    35.6253       2992    12.4625  0.000e+00
    109.445    15.0406   4.369130    35.6245       2993    12.4667  0.000e+00
    109.360    15.0405   4.369054    35.6240       2994    12.4708  0.000e+00
    109.273    15.0402   4.369026    35.6240       2995    12.4750  0.000e+00
    109.188    15.0405   4.369109    35.6245       2996    12.4792  0.000e+00
    109.101    15.0416   4.369206    35.6244       2997    12.4833  0.000e+00
    109.019    15.0433   4.369337    35.6241       2998    12.4875  0.000e+00
    108.932    15.0454   4.369489    35.6236       2999    12.4917  0.000e+00
    108.850    15.0475   4.369565    35.6224       3000    12.4958  0.000e+00
    108.766    15.0496   4.369565    35.6206       3001    12.5000  0.000e+00
    108.669    15.0517   4.369364    35.6168       3002    12.5042  0.000e+00
    108.585    15.0533   4.369205    35.6140       3003    12.5083  0.000e+00
    108.500    15.0543   4.369053    35.6117       3004    12.5125  0.000e+00
    108.410    15.0548   4.368887    35.6098       3005    12.5167  0.000e+00
    108.328    15.0546   4.368438    35.6059       3006    12.5208  0.000e+00
    108.250    15.0538   4.367851    35.6013       3007    12.5250  0.000e+00
    108.165    15.0525   4.367367    35.5981       3008    12.5292  0.000e+00
    108.081    15.0511   4.367263    35.5984       3009    12.5333  0.000e+00
    107.999    15.0503   4.367215    35.5988       3010    12.5375  0.000e+00
    107.909    15.0500   4.367111    35.5981       3011    12.5417  0.000e+00
    107.836    15.0500   4.366932    35.5965       3012    12.5458  0.000e+00
    107.752    15.0505   4.366932    35.5961       3013    12.5500  0.000e+00
    107.667    15.0507   4.366883    35.5955       3014    12.5542  0.000e+00
    107.589    15.0508   4.366828    35.5949       3015    12.5583  0.000e+00
    107.501    15.0512   4.366828    35.5946       3016    12.5625  0.000e+00
    107.417    15.0517   4.366807    35.5940       3017    12.5667  0.000e+00
    107.323    15.0521   4.366772    35.5933       3018    12.5708  0.000e+00
    107.230    15.0526   4.366703    35.5923       3019    12.5750  0.000e+00
    107.151    15.0530   4.366703    35.5920       3020    12.5792  0.000e+00
    107.055    15.0535   4.366627    35.5909       3021    12.5833  0.000e+00
    106.970    15.0541   4.366676    35.5908       3022    12.5875  0.000e+00
    106.873    15.0541   4.366648    35.5906       3023    12.5917  0.000e+00
    106.795    15.0541   4.366627    35.5905       3024    12.5958  0.000e+00
    106.708    15.0545   4.366648    35.5903       3025    12.6000  0.000e+00
    106.629    15.0553   4.366648    35.5896       3026    12.6042  0.000e+00
    106.551    15.0558   4.366675    35.5894       3027    12.6083  0.000e+00
    106.466    15.0561   4.366675    35.5892       3028    12.6125  0.000e+00
    106.391    15.0564   4.366703    35.5892       3029    12.6167  0.000e+00
    106.312    15.0562   4.366585    35.5883       3030    12.6208  0.000e+00
    106.225    15.0562   4.366523    35.5878       3031    12.6250  0.000e+00
    106.143    15.0563   4.366496    35.5875       3032    12.6292  0.000e+00
    106.050    15.0562   4.366523    35.5879       3033    12.6333  0.000e+00
    105.947    15.0562   4.366447    35.5872       3034    12.6375  0.000e+00
    105.841    15.0562   4.366316    35.5861       3035    12.6417  0.000e+00
    105.724    15.0561   4.366060    35.5839       3036    12.6458  0.000e+00
    105.609    15.0551   4.365804    35.5825       3037    12.6500  0.000e+00
    105.491    15.0544   4.365784    35.5830       3038    12.6542  0.000e+00
    105.368    15.0538   4.365804    35.5838       3039    12.6583  0.000e+00
    105.235    15.0534   4.365804    35.5842       3040    12.6625  0.000e+00
    105.117    15.0535   4.365756    35.5837       3041    12.6667  0.000e+00
    104.993    15.0534   4.365701    35.5834       3042    12.6708  0.000e+00
    104.882    15.0530   4.365500    35.5820       3043    12.6750  0.000e+00
    104.773    15.0525   4.365321    35.5808       3044    12.6792  0.000e+00
    104.667    15.0519   4.365245    35.5807       3045    12.6833  0.000e+00
    104.577    15.0512   4.365217    35.5811       3046    12.6875  0.000e+00
    104.480    15.0510   4.365217    35.5813       3047    12.6917  0.000e+00
    104.399    15.0507   4.365217    35.5817       3048    12.6958  0.000e+00
    104.326    15.0507   4.365037    35.5801       3049    12.7000  0.000e+00
    104.257    15.0503   4.365016    35.5803       3050    12.7042  0.000e+00
    104.203    15.0500   4.364685    35.5775       3051    12.7083  0.000e+00
    104.145    15.0491   4.364685    35.5783       3052    12.7125  0.000e+00
    104.085    15.0484   4.364781    35.5799       3053    12.7167  0.000e+00
    104.028    15.0484   4.364685    35.5790       3054    12.7208  0.000e+00
    103.973    15.0482   4.364429    35.5769       3055    12.7250  0.000e+00
    103.907    15.0476   4.364250    35.5759       3056    12.7292  0.000e+00
    103.844    15.0468   4.364429    35.5782       3057    12.7333  0.000e+00
    103.777    15.0465   4.363966    35.5743       3058    12.7375  0.000e+00
    103.705    15.0458   4.363766    35.5732       3059    12.7417  0.000e+00
    103.626    15.0449   4.363711    35.5735       3060    12.7458  0.000e+00
    103.548    15.0440   4.363683    35.5741       3061    12.7500  0.000e+00
    103.457    15.0438   4.363738    35.5748       3062    12.7542  0.000e+00
    103.358    15.0435   4.363738    35.5752       3063    12.7583  0.000e+00
    103.261    15.0435   4.363662    35.5745       3064    12.7625  0.000e+00
    103.158    15.0434   4.363710    35.5751       3065    12.7667  0.000e+00
    103.068    15.0435   4.363614    35.5741       3066    12.7708  0.000e+00
    102.956    15.0431   4.363275    35.5715       3067    12.7750  0.000e+00
    102.845    15.0425   4.363254    35.5719       3068    12.7792  0.000e+00
    102.733    15.0418   4.363178    35.5719       3069    12.7833  0.000e+00
    102.621    15.0413   4.362944    35.5702       3070    12.7875  0.000e+00
    102.507    15.0406   4.362432    35.5662       3071    12.7917  0.000e+00
    102.386    15.0393   4.362156    35.5649       3072    12.7958  0.000e+00
    102.268    15.0375   4.362156    35.5666       3073    12.8000  0.000e+00
    102.141    15.0368   4.362053    35.5664       3074    12.8042  0.000e+00
    102.003    15.0361   4.361977    35.5663       3075    12.8083  0.000e+00
    101.879    15.0354   4.361749    35.5649       3076    12.8125  0.000e+00
    101.746    15.0347   4.361231    35.5610       3077    12.8167  0.000e+00
    101.622    15.0330   4.360982    35.5602       3078    12.8208  0.000e+00
    101.490    15.0317   4.360982    35.5615       3079    12.8250  0.000e+00
    101.366    15.0308   4.360650    35.5593       3080    12.8292  0.000e+00
    101.260    15.0296   4.360139    35.5558       3081    12.8333  0.000e+00
    101.151    15.0278   4.359090    35.5479       3082    12.8375  0.000e+00
    101.055    15.0245   4.358710    35.5474       3083    12.8417  0.000e+00
    100.967    15.0217   4.358427    35.5475       3084    12.8458  0.000e+00
    100.892    15.0192   4.358634    35.5517       3085    12.8500  0.000e+00
    100.826    15.0182   4.358834    35.5544       3086    12.8542  0.000e+00
