HB2302/sbe201.cnv
* Sea-Bird SBE 19plus V2 Data File:
* FileName = C:\cruise\data\sbe201.hex
* Software Version Seasave V 7.26.7.121
* Temperature SN = 4758
* Conductivity SN = 4758
* System UpLoad Time = Jun 27 2023 13:22:06
* NMEA Latitude = 40 41.94 N
* NMEA Longitude = 070 03.72 W
* NMEA UTC (Time) = Jun 27 2023 13:21:05
** Cruise: HB2302
** Program: Ecomon
** Chief Scientist: Jerry Prezioso
# nquan = 7
# nvalues = 1298                                  
# units = specified
# name 0 = depSM: Depth [salt water, m]
# name 1 = tv290C: Temperature [ITS-90, deg C]
# name 2 = c0S/m: Conductivity [S/m]
# name 3 = sal00: Salinity, Practical [PSU]
# name 4 = scan: Scan Count
# name 5 = timeM: Time, Elapsed [minutes]
# name 6 = flag:  0.000e+00
# span 0 =     -0.107,     42.070                 
# span 1 =    10.9271,    18.3594                 
# span 2 =   0.002286,   4.070342                 
# span 3 =     0.0181,    32.5840                 
# span 4 =         11,       1308                 
# span 5 =     0.0417,     5.4458                 
# span 6 = 0.0000e+00, 0.0000e+00                 
# interval = seconds: 0.25
# start_time = Jun 27 2023 13:21:05 [NMEA time, header]
# bad_flag = -9.990e-29
*END*
[from data line 206]
     17.536    15.5417   4.013651    32.0246        217     0.9000  0.000e+00
     17.736    15.5119   4.009981    32.0161        218     0.9042  0.000e+00
     17.944    15.4827   4.007227    32.0153        219     0.9083  0.000e+00
     18.171    15.4493   4.004460    32.0177        220     0.9125  0.000e+00
     18.385    15.4184   4.000575    32.0081        221     0.9167  0.000e+00
     18.612    15.3853   3.996777    32.0011        222     0.9208  0.000e+00
     18.820    15.3467   3.994806    32.0148        223     0.9250  0.000e+00
     18.999    15.3058   3.989666    32.0022        224     0.9292  0.000e+00
     19.159    15.2636   3.984488    31.9902        225     0.9333  0.000e+00
     19.277    15.2158   3.982813    32.0141        226     0.9375  0.000e+00
     19.358    15.1644   3.984323    32.0697        227     0.9417  0.000e+00
     19.425    15.1189   3.984703    32.1104        228     0.9458  0.000e+00
     19.455    15.0852   3.981471    32.1089        229     0.9500  0.000e+00
     19.497    15.0594   3.976590    32.0862        230     0.9542  0.000e+00
     19.546    15.0463   3.974177    32.0753        231     0.9583  0.000e+00
     19.600    15.0259   3.969194    32.0472        232     0.9625  0.000e+00
     19.670    14.9882   3.960070    31.9959        233     0.9667  0.000e+00
     19.763    14.9277   3.954060    31.9913        234     0.9708  0.000e+00
     19.878    14.8435   3.942705    31.9578        235     0.9750  0.000e+00
     20.011    14.7621   3.929670    31.9066        236     0.9792  0.000e+00
     20.174    14.6853   3.909255    31.7846        237     0.9833  0.000e+00
     20.346    14.5777   3.901911    31.8060        238     0.9875  0.000e+00
     20.543    14.4492   3.895588    31.8538        239     0.9917  0.000e+00
     20.742    14.3363   3.889203    31.8884        240     0.9958  0.000e+00
     20.944    14.2367   3.882025    31.9050        241     1.0000  0.000e+00
     21.177    14.1443   3.871932    31.8887        242     1.0042  0.000e+00
     21.431    14.0628   3.863539    31.8790        243     1.0083  0.000e+00
     21.675    13.9822   3.854936    31.8665        244     1.0125  0.000e+00
     21.914    13.9034   3.844740    31.8378        245     1.0167  0.000e+00
     22.144    13.8131   3.840394    31.8725        246     1.0208  0.000e+00
     22.388    13.7155   3.834255    31.8968        247     1.0250  0.000e+00
     22.633    13.6435   3.828696    31.9050        248     1.0292  0.000e+00
     22.832    13.5874   3.826281    31.9294        249     1.0333  0.000e+00
     22.998    13.5258   3.826852    31.9861        250     1.0375  0.000e+00
     23.122    13.4814   3.821081    31.9695        251     1.0417  0.000e+00
     23.225    13.4580   3.817876    31.9592        252     1.0458  0.000e+00
     23.304    13.4360   3.815549    31.9559        253     1.0500  0.000e+00
     23.391    13.4070   3.807027    31.9007        254     1.0542  0.000e+00
     23.485    13.3814   3.800974    31.8656        255     1.0583  0.000e+00
     23.588    13.3315   3.794776    31.8494        256     1.0625  0.000e+00
     23.712    13.2659   3.787942    31.8404        257     1.0667  0.000e+00
     23.844    13.1807   3.783603    31.8710        258     1.0708  0.000e+00
     23.986    13.0901   3.773301    31.8503        259     1.0750  0.000e+00
     24.150    13.0144   3.770680    31.8892        260     1.0792  0.000e+00
     24.328    12.9474   3.768839    31.9282        261     1.0833  0.000e+00
     24.509    12.8882   3.765406    31.9457        262     1.0875  0.000e+00
     24.693    12.8408   3.762773    31.9608        263     1.0917  0.000e+00
     24.893    12.8051   3.760849    31.9727        264     1.0958  0.000e+00
     25.086    12.7713   3.771555    32.1027        265     1.1000  0.000e+00
     25.292    12.7303   3.710714    31.5613        266     1.1042  0.000e+00
     25.497    12.4532   3.637339    31.0961        267     1.1083  0.000e+00
     25.699    11.9158   3.630036    31.4753        268     1.1125  0.000e+00
     25.896    11.5169   3.627273    31.7881        269     1.1167  0.000e+00
     26.092    11.2891   3.626283    31.9749        270     1.1208  0.000e+00
     26.282    11.1708   3.624350    32.0587        271     1.1250  0.000e+00
     26.458    11.1073   3.622218    32.0930        272     1.1292  0.000e+00
     26.621    11.0666   3.622103    32.1273        273     1.1333  0.000e+00
     26.772    11.0420   3.621636    32.1441        274     1.1375  0.000e+00
     26.926    11.0279   3.621252    32.1526        275     1.1417  0.000e+00
     27.068    11.0187   3.620734    32.1555        276     1.1458  0.000e+00
     27.222    11.0109   3.620267    32.1576        277     1.1500  0.000e+00
     27.382    11.0015   3.619863    32.1618        278     1.1542  0.000e+00
     27.554    10.9911   3.619928    32.1714        279     1.1583  0.000e+00
     27.730    10.9827   3.619973    32.1792        280     1.1625  0.000e+00
     27.923    10.9773   3.620370    32.1878        281     1.1667  0.000e+00
     28.122    10.9747   3.619928    32.1856        282     1.1708  0.000e+00
     28.325    10.9729   3.620402    32.1918        283     1.1750  0.000e+00
     28.527    10.9692   3.620671    32.1976        284     1.1792  0.000e+00
     28.736    10.9659   3.620556    32.1993        285     1.1833  0.000e+00
     28.944    10.9625   3.620972    32.2063        286     1.1875  0.000e+00
     29.150    10.9596   3.620825    32.2073        287     1.1917  0.000e+00
     29.340    10.9577   3.620153    32.2023        288     1.1958  0.000e+00
     29.503    10.9549   3.620108    32.2041        289     1.2000  0.000e+00
     29.651    10.9524   3.621805    32.2231        290     1.2042  0.000e+00
     29.802    10.9532   3.623322    32.2373        291     1.2083  0.000e+00
     29.947    10.9574   3.624264    32.2429        292     1.2125  0.000e+00
     30.086    10.9633   3.624334    32.2383        293     1.2167  0.000e+00
     30.225    10.9676   3.624219    32.2334        294     1.2208  0.000e+00
     30.361    10.9699   3.625186    32.2409        295     1.2250  0.000e+00
     30.509    10.9727   3.626064    32.2470        296     1.2292  0.000e+00
     30.651    10.9768   3.626134    32.2440        297     1.2333  0.000e+00
     30.805    10.9797   3.626602    32.2461        298     1.2375  0.000e+00
     30.965    10.9823   3.627326    32.2508        299     1.2417  0.000e+00
     31.128    10.9856   3.627717    32.2517        300     1.2458  0.000e+00
     31.291    10.9882   3.627659    32.2489        301     1.2500  0.000e+00
     31.476    10.9895   3.627640    32.2474        302     1.2542  0.000e+00
     31.660    10.9901   3.627525    32.2457        303     1.2583  0.000e+00
     31.856    10.9890   3.627525    32.2465        304     1.2625  0.000e+00
     32.056    10.9882   3.627659    32.2485        305     1.2667  0.000e+00
     32.267    10.9884   3.627820    32.2498        306     1.2708  0.000e+00
     32.491    10.9888   3.628268    32.2538        307     1.2750  0.000e+00
     32.705    10.9907   3.628211    32.2515        308     1.2792  0.000e+00
     32.926    10.9927   3.629037    32.2578        309     1.2833  0.000e+00
     33.140    10.9958   3.628832    32.2529        310     1.2875  0.000e+00
     33.343    10.9972   3.628992    32.2532        311     1.2917  0.000e+00
     33.542    10.9977   3.628877    32.2516        312     1.2958  0.000e+00
     33.717    10.9973   3.628960    32.2527        313     1.3000  0.000e+00
     33.880    10.9971   3.629012    32.2533        314     1.3042  0.000e+00
     34.037    10.9968   3.629236    32.2557        315     1.3083  0.000e+00
     34.179    10.9973   3.629352    32.2563        316     1.3125  0.000e+00
     34.318    10.9982   3.629691    32.2588        317     1.3167  0.000e+00
     34.445    11.0000   3.630140    32.2617        318     1.3208  0.000e+00
     34.569    11.0028   3.630364    32.2613        319     1.3250  0.000e+00
     34.696    11.0055   3.630480    32.2601        320     1.3292  0.000e+00
     34.826    11.0078   3.630697    32.2601        321     1.3333  0.000e+00
     34.965    11.0097   3.630749    32.2589        322     1.3375  0.000e+00
     35.119    11.0108   3.630903    32.2594        323     1.3417  0.000e+00
     35.273    11.0123   3.631178    32.2607        324     1.3458  0.000e+00
     35.433    11.0140   3.630883    32.2563        325     1.3500  0.000e+00
     35.605    11.0145   3.630698    32.2539        326     1.3542  0.000e+00
     35.781    11.0137   3.630544    32.2531        327     1.3583  0.000e+00
     35.971    11.0121   3.630704    32.2559        328     1.3625  0.000e+00
     36.158    11.0114   3.630858    32.2580        329     1.3667  0.000e+00
     36.343    11.0116   3.630807    32.2573        330     1.3708  0.000e+00
     36.515    11.0118   3.630660    32.2556        331     1.3750  0.000e+00
     36.705    11.0110   3.630634    32.2559        332     1.3792  0.000e+00
     36.892    11.0101   3.630544    32.2557        333     1.3833  0.000e+00
     37.074    11.0088   3.630487    32.2562        334     1.3875  0.000e+00
     37.258    11.0075   3.630480    32.2572        335     1.3917  0.000e+00
     37.439    11.0061   3.630455    32.2582        336     1.3958  0.000e+00
     37.620    11.0052   3.630525    32.2596        337     1.4000  0.000e+00
     37.811    11.0044   3.630526    32.2602        338     1.4042  0.000e+00
     37.998    11.0043   3.630590    32.2608        339     1.4083  0.000e+00
     38.194    11.0044   3.630615    32.2609        340     1.4125  0.000e+00
     38.385    11.0044   3.630455    32.2592        341     1.4167  0.000e+00
     38.575    11.0042   3.630321    32.2580        342     1.4208  0.000e+00
     38.765    11.0032   3.630205    32.2576        343     1.4250  0.000e+00
     38.947    11.0018   3.630161    32.2584        344     1.4292  0.000e+00
     39.122    11.0008   3.630141    32.2589        345     1.4333  0.000e+00
     39.288    11.0001   3.630276    32.2609        346     1.4375  0.000e+00
     39.445    11.0000   3.630270    32.2608        347     1.4417  0.000e+00
     39.602    11.0001   3.630212    32.2601        348     1.4458  0.000e+00
     39.756    10.9999   3.630257    32.2606        349     1.4500  0.000e+00
     39.901    10.9998   3.630321    32.2613        350     1.4542  0.000e+00
     40.049    11.0001   3.630392    32.2617        351     1.4583  0.000e+00
     40.194    11.0002   3.630379    32.2614        352     1.4625  0.000e+00
     40.345    11.0003   3.630257    32.2600        353     1.4667  0.000e+00
     40.493    10.9998   3.630161    32.2594        354     1.4708  0.000e+00
     40.656    10.9989   3.630213    32.2607        355     1.4750  0.000e+00
     40.820    10.9981   3.630161    32.2608        356     1.4792  0.000e+00
     40.989    10.9977   3.630161    32.2611        357     1.4833  0.000e+00
     41.161    10.9975   3.630302    32.2626        358     1.4875  0.000e+00
     41.336    10.9977   3.630258    32.2619        359     1.4917  0.000e+00
     41.490    10.9977   3.629931    32.2586        360     1.4958  0.000e+00
     41.632    10.9963   3.629803    32.2585        361     1.5000  0.000e+00
     41.777    10.9943   3.629623    32.2584        362     1.5042  0.000e+00
     41.934    10.9923   3.630117    32.2650        363     1.5083  0.000e+00
     42.055    10.9929   3.629918    32.2625        364     1.5125  0.000e+00
     42.070    10.9932   3.629393    32.2570        365     1.5167  0.000e+00
     42.022    10.9911   3.629104    32.2560        366     1.5208  0.000e+00
     41.956    10.9880   3.628816    32.2559        367     1.5250  0.000e+00
     41.850    10.9849   3.628790    32.2584        368     1.5292  0.000e+00
     41.790    10.9825   3.628816    32.2608        369     1.5333  0.000e+00
     41.787    10.9812   3.628746    32.2612        370     1.5375  0.000e+00
     41.802    10.9805   3.628746    32.2619        371     1.5417  0.000e+00
     41.793    10.9802   3.628791    32.2626        372     1.5458  0.000e+00
     41.784    10.9803   3.628752    32.2621        373     1.5500  0.000e+00
     41.772    10.9802   3.628726    32.2620        374     1.5542  0.000e+00
     41.772    10.9800   3.628682    32.2617        375     1.5583  0.000e+00
     41.781    10.9799   3.628682    32.2618        376     1.5625  0.000e+00
     41.796    10.9798   3.628656    32.2616        377     1.5667  0.000e+00
     41.799    10.9796   3.628707    32.2623        378     1.5708  0.000e+00
     41.790    10.9800   3.628746    32.2624        379     1.5750  0.000e+00
     41.763    10.9804   3.628861    32.2632        380     1.5792  0.000e+00
     41.751    10.9813   3.628925    32.2630        381     1.5833  0.000e+00
     41.709    10.9824   3.628944    32.2622        382     1.5875  0.000e+00
     41.670    10.9830   3.628906    32.2613        383     1.5917  0.000e+00
     41.618    10.9834   3.628861    32.2605        384     1.5958  0.000e+00
     41.558    10.9833   3.628816    32.2602        385     1.6000  0.000e+00
     41.507    10.9829   3.628771    32.2602        386     1.6042  0.000e+00
     41.440    10.9825   3.628790    32.2607        387     1.6083  0.000e+00
     41.374    10.9821   3.628880    32.2620        388     1.6125  0.000e+00
     41.317    10.9827   3.628835    32.2611        389     1.6167  0.000e+00
     41.265    10.9830   3.628906    32.2615        390     1.6208  0.000e+00
     41.229    10.9834   3.628854    32.2606        391     1.6250  0.000e+00
     41.211    10.9838   3.628880    32.2606        392     1.6292  0.000e+00
     41.199    10.9838   3.628950    32.2613        393     1.6333  0.000e+00
     41.220    10.9840   3.628950    32.2611        394     1.6375  0.000e+00
     41.253    10.9842   3.628944    32.2608        395     1.6417  0.000e+00
     41.308    10.9843   3.628950    32.2608        396     1.6458  0.000e+00
     41.371    10.9844   3.628995    32.2611        397     1.6500  0.000e+00
     41.432    10.9850   3.629015    32.2607        398     1.6542  0.000e+00
     41.483    10.9856   3.628995    32.2600        399     1.6583  0.000e+00
     41.544    10.9857   3.629136    32.2613        400     1.6625  0.000e+00
     41.592    10.9863   3.629265    32.2620        401     1.6667  0.000e+00
     41.637    10.9873   3.629175    32.2602        402     1.6708  0.000e+00
     41.665    10.9878   3.629015    32.2582        403     1.6750  0.000e+00
     41.674    10.9870   3.628899    32.2577        404     1.6792  0.000e+00
     41.671    10.9858   3.628835    32.2582        405     1.6833  0.000e+00
     41.659    10.9848   3.628951    32.2602        406     1.6875  0.000e+00
     41.635    10.9847   3.628925    32.2600        407     1.6917  0.000e+00
     41.589    10.9847   3.628726    32.2581        408     1.6958  0.000e+00
     41.541    10.9838   3.628681    32.2585        409     1.7000  0.000e+00
     41.478    10.9826   3.628681    32.2595        410     1.7042  0.000e+00
     41.420    10.9821   3.628637    32.2595        411     1.7083  0.000e+00
     41.360    10.9817   3.628611    32.2597        412     1.7125  0.000e+00
     41.321    10.9815   3.628598    32.2597        413     1.7167  0.000e+00
     41.285    10.9812   3.628656    32.2606        414     1.7208  0.000e+00
     41.267    10.9811   3.628592    32.2600        415     1.7250  0.000e+00
     41.251    10.9809   3.628681    32.2611        416     1.7292  0.000e+00
     41.255    10.9812   3.628790    32.2619        417     1.7333  0.000e+00
     41.261    10.9821   3.628701    32.2603        418     1.7375  0.000e+00
     41.273    10.9823   3.628701    32.2601        419     1.7417  0.000e+00
     41.285    10.9824   3.628681    32.2598        420     1.7458  0.000e+00
