HB2302/sbe206.cnv
* Sea-Bird SBE 19plus V2 Data File:
* FileName = C:\cruise\data\sbe206.hex
* Software Version Seasave V 7.26.7.121
* Temperature SN = 4758
* Conductivity SN = 4758
* System UpLoad Time = Jun 27 2023 20:19:40
* NMEA Latitude = 40 49.77 N
* NMEA Longitude = 070 18.26 W
* NMEA UTC (Time) = Jun 27 2023 20:18:39
** Cruise: HB2302
** Program: Ecomon
** Chief Scientist: Jerry Prezioso
# nquan = 7
# nvalues = 1374                                  
# units = specified
# name 0 = depSM: Depth [salt water, m]
# name 1 = tv290C: Temperature [ITS-90, deg C]
# name 2 = c0S/m: Conductivity [S/m]
# name 3 = sal00: Salinity, Practical [PSU]
# name 4 = scan: Scan Count
# name 5 = timeM: Time, Elapsed [minutes]
# name 6 = flag:  0.000e+00
# span 0 =     -0.118,     42.890                 
# span 1 =    11.1265,    20.5515                 
# span 2 =   0.003495,   4.318813                 
# span 3 =     0.0238,    33.6244                 
# span 4 =         11,       1384                 
# span 5 =     0.0417,     5.7625                 
# span 6 = 0.0000e+00, 0.0000e+00                 
# interval = seconds: 0.25
# start_time = Jun 27 2023 20:18:39 [NMEA time, header]
# bad_flag = -9.990e-29
*END*
[from data line 206]
     19.486    17.4591   4.190887    32.0316        217     0.9000  0.000e+00
     19.649    17.4017   4.169968    31.8982        218     0.9042  0.000e+00
     19.824    17.3304   4.158316    31.8548        219     0.9083  0.000e+00
     20.009    17.2016   4.149283    31.8789        220     0.9125  0.000e+00
     20.196    17.0525   4.138447    31.9036        221     0.9167  0.000e+00
     20.405    16.9158   4.129883    31.9380        222     0.9208  0.000e+00
     20.589    16.7888   4.120134    31.9547        223     0.9250  0.000e+00
     20.776    16.6622   4.111748    31.9828        224     0.9292  0.000e+00
     20.949    16.5342   4.103530    32.0137        225     0.9333  0.000e+00
     21.112    16.4234   4.095165    32.0295        226     0.9375  0.000e+00
     21.257    16.3224   4.085670    32.0276        227     0.9417  0.000e+00
     21.396    16.2231   4.078522    32.0448        228     0.9458  0.000e+00
     21.520    16.1155   4.070640    32.0623        229     0.9500  0.000e+00
     21.638    16.0211   4.061611    32.0591        230     0.9542  0.000e+00
     21.783    15.9144   4.053649    32.0751        231     0.9583  0.000e+00
     21.931    15.8066   4.043270    32.0707        232     0.9625  0.000e+00
     22.088    15.6994   4.032728    32.0642        233     0.9667  0.000e+00
     22.263    15.5860   4.023086    32.0707        234     0.9708  0.000e+00
     22.439    15.4712   4.013293    32.0770        235     0.9750  0.000e+00
     22.620    15.3613   4.005137    32.0938        236     0.9792  0.000e+00
     22.813    15.2522   3.997020    32.1104        237     0.9833  0.000e+00
     23.007    15.1561   3.989263    32.1195        238     0.9875  0.000e+00
     23.194    15.0610   3.987128    32.1783        239     0.9917  0.000e+00
     23.384    14.9654   3.984760    32.2357        240     0.9958  0.000e+00
     23.563    14.9006   3.976188    32.2118        241     1.0000  0.000e+00
     23.729    14.8555   3.969815    32.1914        242     1.0042  0.000e+00
     23.886    14.8105   3.966574    32.1992        243     1.0083  0.000e+00
     24.025    14.7458   3.962166    32.2127        244     1.0125  0.000e+00
     24.155    14.6969   3.960049    32.2339        245     1.0167  0.000e+00
     24.276    14.6443   3.953754    32.2204        246     1.0208  0.000e+00
     24.388    14.6040   3.947349    32.1955        247     1.0250  0.000e+00
     24.509    14.5527   3.940796    32.1784        248     1.0292  0.000e+00
     24.612    14.4877   3.938903    32.2151        249     1.0333  0.000e+00
     24.729    14.4177   3.936494    32.2513        250     1.0375  0.000e+00
     24.835    14.3655   3.930809    32.2428        251     1.0417  0.000e+00
     24.953    14.3140   3.926760    32.2487        252     1.0458  0.000e+00
     25.071    14.2611   3.921557    32.2451        253     1.0500  0.000e+00
     25.192    14.2257   3.913575    32.2015        254     1.0542  0.000e+00
     25.319    14.1885   3.907369    32.1755        255     1.0583  0.000e+00
     25.452    14.1278   3.901384    32.1711        256     1.0625  0.000e+00
     25.600    14.0707   3.898067    32.1882        257     1.0667  0.000e+00
     25.754    14.0163   3.892424    32.1817        258     1.0708  0.000e+00
     25.914    13.9605   3.885441    32.1640        259     1.0750  0.000e+00
     26.077    13.9099   3.880471    32.1603        260     1.0792  0.000e+00
     26.250    13.8419   3.875602    32.1723        261     1.0833  0.000e+00
     26.428    13.7758   3.871275    32.1876        262     1.0875  0.000e+00
     26.609    13.7154   3.869230    32.2193        263     1.0917  0.000e+00
     26.791    13.6622   3.864932    32.2241        264     1.0958  0.000e+00
     26.984    13.6144   3.861700    32.2343        265     1.1000  0.000e+00
     27.178    13.5699   3.857503    32.2326        266     1.1042  0.000e+00
     27.377    13.5274   3.852757    32.2242        267     1.1083  0.000e+00
     27.576    13.4864   3.862648    32.3510        268     1.1125  0.000e+00
     27.782    13.4513   3.800381    31.8000        269     1.1167  0.000e+00
     27.990    13.1629   3.701682    31.1173        270     1.1208  0.000e+00
     28.202    12.5655   3.692503    31.5254        271     1.1250  0.000e+00
     28.401    12.1353   3.690166    31.8664        272     1.1292  0.000e+00
     28.583    11.8978   3.688402    32.0528        273     1.1333  0.000e+00
     28.761    11.7759   3.686501    32.1395        274     1.1375  0.000e+00
     28.903    11.7103   3.685263    32.1842        275     1.1417  0.000e+00
     29.024    11.6726   3.683614    32.2008        276     1.1458  0.000e+00
     29.124    11.6474   3.682073    32.2076        277     1.1500  0.000e+00
     29.211    11.6281   3.680520    32.2092        278     1.1542  0.000e+00
     29.293    11.6114   3.679168    32.2106        279     1.1583  0.000e+00
     29.369    11.5960   3.678388    32.2163        280     1.1625  0.000e+00
     29.450    11.5849   3.678143    32.2235        281     1.1667  0.000e+00
     29.526    11.5784   3.677937    32.2272        282     1.1708  0.000e+00
     29.622    11.5753   3.678015    32.2306        283     1.1750  0.000e+00
     29.731    11.5741   3.677661    32.2281        284     1.1792  0.000e+00
     29.855    11.5734   3.678041    32.2324        285     1.1833  0.000e+00
     29.985    11.5744   3.677957    32.2306        286     1.1875  0.000e+00
     30.139    11.5757   3.677132    32.2215        287     1.1917  0.000e+00
     30.303    11.5739   3.676604    32.2177        288     1.1958  0.000e+00
     30.469    11.5702   3.676379    32.2187        289     1.2000  0.000e+00
     30.650    11.5665   3.676360    32.2217        290     1.2042  0.000e+00
     30.828    11.5641   3.676231    32.2224        291     1.2083  0.000e+00
     30.998    11.5632   3.675993    32.2209        292     1.2125  0.000e+00
     31.176    11.5618   3.675400    32.2161        293     1.2167  0.000e+00
     31.360    11.5589   3.675169    32.2163        294     1.2208  0.000e+00
     31.530    11.5563   3.675375    32.2206        295     1.2250  0.000e+00
     31.690    11.5550   3.674898    32.2170        296     1.2292  0.000e+00
     31.859    11.5528   3.674467    32.2146        297     1.2333  0.000e+00
     32.013    11.5500   3.674441    32.2168        298     1.2375  0.000e+00
     32.173    11.5477   3.674441    32.2187        299     1.2417  0.000e+00
     32.337    11.5469   3.674403    32.2189        300     1.2458  0.000e+00
     32.506    11.5465   3.674370    32.2189        301     1.2500  0.000e+00
     32.675    11.5460   3.674119    32.2168        302     1.2542  0.000e+00
     32.850    11.5451   3.673688    32.2133        303     1.2583  0.000e+00
     33.026    11.5424   3.673340    32.2122        304     1.2625  0.000e+00
     33.207    11.5389   3.673025    32.2121        305     1.2667  0.000e+00
     33.394    11.5348   3.672362    32.2091        306     1.2708  0.000e+00
     33.579    11.5296   3.672156    32.2115        307     1.2750  0.000e+00
     33.763    11.5258   3.672272    32.2159        308     1.2792  0.000e+00
     33.932    11.5235   3.671706    32.2123        309     1.2833  0.000e+00
     34.108    11.5204   3.671223    32.2102        310     1.2875  0.000e+00
     34.277    11.5164   3.670785    32.2094        311     1.2917  0.000e+00
     34.434    11.5118   3.670425    32.2098        312     1.2958  0.000e+00
     34.582    11.5071   3.669350    32.2033        313     1.3000  0.000e+00
     34.709    11.4999   3.668552    32.2017        314     1.3042  0.000e+00
     34.824    11.4916   3.667973    32.2032        315     1.3083  0.000e+00
     34.927    11.4844   3.667548    32.2053        316     1.3125  0.000e+00
     35.017    11.4779   3.666976    32.2053        317     1.3167  0.000e+00
     35.108    11.4723   3.666757    32.2081        318     1.3208  0.000e+00
     35.175    11.4677   3.666661    32.2111        319     1.3250  0.000e+00
     35.247    11.4650   3.666429    32.2111        320     1.3292  0.000e+00
     35.308    11.4631   3.665998    32.2086        321     1.3333  0.000e+00
     35.380    11.4596   3.663997    32.1920        322     1.3375  0.000e+00
     35.450    11.4482   3.661444    32.1770        323     1.3417  0.000e+00
     35.537    11.4290   3.662557    32.2045        324     1.3458  0.000e+00
     35.631    11.4200   3.663329    32.2199        325     1.3500  0.000e+00
     35.749    11.4222   3.664178    32.2262        326     1.3542  0.000e+00
     35.885    11.4273   3.663856    32.2186        327     1.3583  0.000e+00
     36.039    11.4298   3.663310    32.2110        328     1.3625  0.000e+00
     36.214    11.4287   3.662081    32.1999        329     1.3667  0.000e+00
     36.414    11.4214   3.661355    32.1990        330     1.3708  0.000e+00
     36.637    11.4123   3.660686    32.2003        331     1.3750  0.000e+00
     36.873    11.4038   3.659169    32.1928        332     1.3792  0.000e+00
     37.148    11.3924   3.657896    32.1902        333     1.3833  0.000e+00
     37.420    11.3784   3.655107    32.1750        334     1.3875  0.000e+00
     37.686    11.3570   3.651882    32.1619        335     1.3917  0.000e+00
     37.931    11.3302   3.650135    32.1680        336     1.3958  0.000e+00
     38.197    11.3022   3.646944    32.1610        337     1.4000  0.000e+00
     38.432    11.2716   3.645128    32.1697        338     1.4042  0.000e+00
     38.653    11.2449   3.644839    32.1902        339     1.4083  0.000e+00
     38.837    11.2283   3.644769    32.2039        340     1.4125  0.000e+00
     39.016    11.2200   3.644044    32.2040        341     1.4167  0.000e+00
     39.200    11.2120   3.641727    32.1881        342     1.4208  0.000e+00
     39.351    11.1983   3.640316    32.1861        343     1.4250  0.000e+00
     39.454    11.1813   3.639456    32.1925        344     1.4292  0.000e+00
     39.520    11.1678   3.638962    32.1994        345     1.4333  0.000e+00
     39.557    11.1579   3.638821    32.2067        346     1.4375  0.000e+00
     39.587    11.1513   3.638668    32.2109        347     1.4417  0.000e+00
     39.641    11.1476   3.638212    32.2096        348     1.4458  0.000e+00
     39.684    11.1440   3.637879    32.2095        349     1.4500  0.000e+00
     39.741    11.1399   3.637532    32.2096        350     1.4542  0.000e+00
     39.811    11.1362   3.637539    32.2129        351     1.4583  0.000e+00
     39.883    11.1340   3.637629    32.2157        352     1.4625  0.000e+00
     39.977    11.1334   3.638014    32.2200        353     1.4667  0.000e+00
     40.101    11.1350   3.638540    32.2237        354     1.4708  0.000e+00
     40.237    11.1387   3.638578    32.2208        355     1.4750  0.000e+00
     40.400    11.1416   3.638463    32.2170        356     1.4792  0.000e+00
     40.575    11.1427   3.638347    32.2148        357     1.4833  0.000e+00
     40.760    11.1425   3.638347    32.2150        358     1.4875  0.000e+00
     40.962    11.1423   3.638373    32.2153        359     1.4917  0.000e+00
     41.168    11.1420   3.638463    32.2164        360     1.4958  0.000e+00
     41.394    11.1424   3.638303    32.2143        361     1.5000  0.000e+00
     41.627    11.1421   3.638091    32.2125        362     1.5042  0.000e+00
     41.869    11.1408   3.638213    32.2146        363     1.5083  0.000e+00
     42.111    11.1407   3.638688    32.2193        364     1.5125  0.000e+00
     42.355    11.1425   3.638374    32.2145        365     1.5167  0.000e+00
     42.588    11.1431   3.638091    32.2112        366     1.5208  0.000e+00
     42.748    11.1416   3.638124    32.2127        367     1.5250  0.000e+00
     42.857    11.1402   3.637675    32.2095        368     1.5292  0.000e+00
     42.890    11.1384   3.637469    32.2090        369     1.5333  0.000e+00
     42.866    11.1359   3.637315    32.2097        370     1.5375  0.000e+00
     42.845    11.1337   3.637315    32.2116        371     1.5417  0.000e+00
     42.854    11.1323   3.637316    32.2128        372     1.5458  0.000e+00
     42.875    11.1318   3.637085    32.2110        373     1.5500  0.000e+00
     42.860    11.1308   3.637033    32.2114        374     1.5542  0.000e+00
     42.818    11.1299   3.637155    32.2134        375     1.5583  0.000e+00
     42.785    11.1298   3.637065    32.2126        376     1.5625  0.000e+00
     42.746    11.1299   3.636995    32.2119        377     1.5667  0.000e+00
     42.703    11.1296   3.636931    32.2115        378     1.5708  0.000e+00
     42.643    11.1291   3.636905    32.2117        379     1.5750  0.000e+00
     42.583    11.1286   3.637040    32.2135        380     1.5792  0.000e+00
     42.516    11.1289   3.637085    32.2137        381     1.5833  0.000e+00
     42.438    11.1297   3.637078    32.2130        382     1.5875  0.000e+00
     42.362    11.1297   3.636841    32.2106        383     1.5917  0.000e+00
     42.284    11.1290   3.636655    32.2095        384     1.5958  0.000e+00
     42.190    11.1277   3.636680    32.2109        385     1.6000  0.000e+00
     42.106    11.1267   3.636648    32.2115        386     1.6042  0.000e+00
     42.027    11.1265   3.636770    32.2129        387     1.6083  0.000e+00
     41.958    11.1265   3.636815    32.2134        388     1.6125  0.000e+00
     41.904    11.1270   3.636995    32.2147        389     1.6167  0.000e+00
     41.858    11.1283   3.637206    32.2157        390     1.6208  0.000e+00
     41.837    11.1303   3.637315    32.2150        391     1.6250  0.000e+00
     41.834    11.1319   3.637039    32.2109        392     1.6292  0.000e+00
     41.855    11.1316   3.636950    32.2103        393     1.6333  0.000e+00
     41.904    11.1307   3.636885    32.2104        394     1.6375  0.000e+00
     41.961    11.1300   3.636995    32.2121        395     1.6417  0.000e+00
     42.037    11.1300   3.637264    32.2147        396     1.6458  0.000e+00
     42.122    11.1312   3.637379    32.2147        397     1.6500  0.000e+00
     42.197    11.1327   3.637187    32.2116        398     1.6542  0.000e+00
     42.282    11.1329   3.637219    32.2116        399     1.6583  0.000e+00
     42.351    11.1330   3.637880    32.2180        400     1.6625  0.000e+00
     42.412    11.1354   3.637155    32.2088        401     1.6667  0.000e+00
     42.475    11.1355   3.637444    32.2115        402     1.6708  0.000e+00
     42.506    11.1348   3.637084    32.2085        403     1.6750  0.000e+00
     42.521    11.1337   3.636860    32.2072        404     1.6792  0.000e+00
     42.524    11.1318   3.636655    32.2069        405     1.6833  0.000e+00
     42.512    11.1295   3.636584    32.2082        406     1.6875  0.000e+00
     42.485    11.1279   3.636501    32.2088        407     1.6917  0.000e+00
     42.439    11.1267   3.636591    32.2108        408     1.6958  0.000e+00
     42.385    11.1265   3.637085    32.2159        409     1.7000  0.000e+00
     42.319    11.1286   3.637206    32.2152        410     1.7042  0.000e+00
     42.255    11.1310   3.637084    32.2119        411     1.7083  0.000e+00
     42.189    11.1319   3.637129    32.2116        412     1.7125  0.000e+00
     42.123    11.1322   3.637174    32.2119        413     1.7167  0.000e+00
     42.062    11.1327   3.636995    32.2097        414     1.7208  0.000e+00
     42.002    11.1319   3.636841    32.2089        415     1.7250  0.000e+00
     41.957    11.1309   3.636885    32.2102        416     1.7292  0.000e+00
     41.911    11.1307   3.637245    32.2139        417     1.7333  0.000e+00
     41.872    11.1318   3.637399    32.2145        418     1.7375  0.000e+00
     41.839    11.1338   3.636930    32.2082        419     1.7417  0.000e+00
     41.809    11.1333   3.636751    32.2068        420     1.7458  0.000e+00
