HB2302/sbe200.cnv
* Sea-Bird SBE 19plus V2 Data File:
* FileName = C:\cruise\data\sbe200.hex
* Software Version Seasave V 7.26.7.121
* Temperature SN = 4758
* Conductivity SN = 4758
* System UpLoad Time = Jun 27 2023 11:48:20
* NMEA Latitude = 40 49.74 N
* NMEA Longitude = 070 18.32 W
* NMEA UTC (Time) = Jun 27 2023 11:47:19
** Cruise: HB2302
** Program: Ecomon
** Chief Scientist: Jerry Prezioso
# nquan = 7
# nvalues = 1545                                  
# units = specified
# name 0 = depSM: Depth [salt water, m]
# name 1 = tv290C: Temperature [ITS-90, deg C]
# name 2 = c0S/m: Conductivity [S/m]
# name 3 = sal00: Salinity, Practical [PSU]
# name 4 = scan: Scan Count
# name 5 = timeM: Time, Elapsed [minutes]
# name 6 = flag:  0.000e+00
# span 0 =     -0.118,     43.794                 
# span 1 =    10.7879,    20.2489                 
# span 2 =   0.001084,   4.252848                 
# span 3 =     0.0132,    32.4644                 
# span 4 =         11,       1555                 
# span 5 =     0.0417,     6.4750                 
# span 6 = 0.0000e+00, 0.0000e+00                 
# interval = seconds: 0.25
# start_time = Jun 27 2023 11:47:19 [NMEA time, header]
# bad_flag = -9.990e-29
*END*
[from data line 206]
     10.298    17.4936   4.218750    32.2452        217     0.9000  0.000e+00
     10.462    17.4740   4.216817    32.2442        218     0.9042  0.000e+00
     10.616    17.4561   4.215748    32.2493        219     0.9083  0.000e+00
     10.767    17.4375   4.213590    32.2456        220     0.9125  0.000e+00
     10.912    17.4223   4.210922    32.2349        221     0.9167  0.000e+00
     11.057    17.4083   4.208908    32.2287        222     0.9208  0.000e+00
     11.199    17.3876   4.203670    32.2003        223     0.9250  0.000e+00
     11.341    17.3620   4.199835    32.1878        224     0.9292  0.000e+00
     11.483    17.3231   4.193141    32.1614        225     0.9333  0.000e+00
     11.643    17.2788   4.187803    32.1508        226     0.9375  0.000e+00
     11.794    17.2330   4.181103    32.1297        227     0.9417  0.000e+00
     11.951    17.1923   4.173459    32.0965        228     0.9458  0.000e+00
     12.109    17.1471   4.163402    32.0460        229     0.9500  0.000e+00
     12.269    17.0844   4.150655    31.9861        230     0.9542  0.000e+00
     12.417    17.0005   4.138559    31.9485        231     0.9583  0.000e+00
     12.574    16.9061   4.126829    31.9222        232     0.9625  0.000e+00
     12.728    16.7924   4.116549    31.9236        233     0.9667  0.000e+00
     12.882    16.6653   4.106206    31.9351        234     0.9708  0.000e+00
     13.036    16.5429   4.093552    31.9227        235     0.9750  0.000e+00
     13.184    16.4260   4.080733    31.9044        236     0.9792  0.000e+00
     13.329    16.3047   4.070836    31.9149        237     0.9833  0.000e+00
     13.484    16.1840   4.060982    31.9254        238     0.9875  0.000e+00
     13.632    16.0662   4.051935    31.9405        239     0.9917  0.000e+00
     13.780    15.9486   4.039952    31.9297        240     0.9958  0.000e+00
     13.922    15.8399   4.031145    31.9395        241     1.0000  0.000e+00
     14.070    15.7349   4.022680    31.9494        242     1.0042  0.000e+00
     14.221    15.6417   4.015730    31.9632        243     1.0083  0.000e+00
     14.372    15.5381   4.006845    31.9682        244     1.0125  0.000e+00
     14.523    15.4380   3.997734    31.9683        245     1.0167  0.000e+00
     14.674    15.3622   3.987580    31.9393        246     1.0208  0.000e+00
     14.834    15.2958   3.978287    31.9102        247     1.0250  0.000e+00
     14.988    15.2164   3.970066    31.9011        248     1.0292  0.000e+00
     15.164    15.1259   3.960731    31.8911        249     1.0333  0.000e+00
     15.327    15.0344   3.953009    31.8962        250     1.0375  0.000e+00
     15.493    14.9371   3.945711    31.9099        251     1.0417  0.000e+00
     15.656    14.8387   3.937505    31.9163        252     1.0458  0.000e+00
     15.822    14.7530   3.928795    31.9078        253     1.0500  0.000e+00
     15.992    14.6550   3.920683    31.9146        254     1.0542  0.000e+00
     16.164    14.5454   3.914037    31.9442        255     1.0583  0.000e+00
     16.330    14.4422   3.909772    31.9904        256     1.0625  0.000e+00
     16.505    14.3547   3.905489    32.0236        257     1.0667  0.000e+00
     16.687    14.2819   3.900699    32.0401        258     1.0708  0.000e+00
     16.871    14.2274   3.897686    32.0576        259     1.0750  0.000e+00
     17.049    14.1708   3.894238    32.0730        260     1.0792  0.000e+00
     17.231    14.1150   3.891557    32.0947        261     1.0833  0.000e+00
     17.418    14.0750   3.887531    32.0910        262     1.0875  0.000e+00
     17.602    14.0370   3.883126    32.0820        263     1.0917  0.000e+00
     17.799    14.0072   3.878887    32.0677        264     1.0958  0.000e+00
     17.992    13.9706   3.875018    32.0625        265     1.1000  0.000e+00
     18.179    13.9270   3.874414    32.0933        266     1.1042  0.000e+00
     18.361    13.8990   3.870711    32.0824        267     1.1083  0.000e+00
     18.512    13.8833   3.868647    32.0764        268     1.1125  0.000e+00
     18.660    13.8586   3.866432    32.0765        269     1.1167  0.000e+00
     18.793    13.8302   3.863357    32.0717        270     1.1208  0.000e+00
     18.908    13.7957   3.859409    32.0640        271     1.1250  0.000e+00
     19.023    13.7620   3.856021    32.0608        272     1.1292  0.000e+00
     19.122    13.7246   3.852607    32.0604        273     1.1333  0.000e+00
     19.228    13.6850   3.849924    32.0687        274     1.1375  0.000e+00
     19.343    13.6396   3.846224    32.0723        275     1.1417  0.000e+00
     19.458    13.5979   3.842166    32.0695        276     1.1458  0.000e+00
     19.591    13.5757   3.839039    32.0590        277     1.1500  0.000e+00
     19.739    13.5509   3.837808    32.0683        278     1.1542  0.000e+00
     19.896    13.5140   3.835724    32.0798        279     1.1583  0.000e+00
     20.053    13.4739   3.834198    32.0993        280     1.1625  0.000e+00
     20.234    13.4368   3.832175    32.1115        281     1.1667  0.000e+00
     20.419    13.4164   3.828679    32.0960        282     1.1708  0.000e+00
     20.621    13.3930   3.827193    32.1018        283     1.1750  0.000e+00
     20.827    13.3638   3.824615    32.1022        284     1.1792  0.000e+00
     21.044    13.3365   3.822292    32.1034        285     1.1833  0.000e+00
     21.259    13.3092   3.820650    32.1109        286     1.1875  0.000e+00
     21.476    13.2835   3.818931    32.1164        287     1.1917  0.000e+00
     21.706    13.2556   3.817872    32.1300        288     1.1958  0.000e+00
     21.915    13.2332   3.815910    32.1305        289     1.2000  0.000e+00
     22.114    13.2140   3.815061    32.1386        290     1.2042  0.000e+00
     22.292    13.1983   3.815120    32.1524        291     1.2083  0.000e+00
     22.465    13.1798   3.813799    32.1556        292     1.2125  0.000e+00
     22.610    13.1671   3.812983    32.1586        293     1.2167  0.000e+00
     22.755    13.1503   3.811865    32.1623        294     1.2208  0.000e+00
     22.888    13.1426   3.811186    32.1624        295     1.2250  0.000e+00
     23.003    13.1377   3.809905    32.1544        296     1.2292  0.000e+00
     23.114    13.1330   3.809572    32.1553        297     1.2333  0.000e+00
     23.223    13.1273   3.808670    32.1515        298     1.2375  0.000e+00
     23.332    13.1114   3.807710    32.1560        299     1.2417  0.000e+00
     23.438    13.0941   3.805940    32.1539        300     1.2458  0.000e+00
     23.549    13.0744   3.804857    32.1604        301     1.2500  0.000e+00
     23.670    13.0564   3.803081    32.1589        302     1.2542  0.000e+00
     23.791    13.0492   3.801749    32.1524        303     1.2583  0.000e+00
     23.924    13.0408   3.799719    32.1404        304     1.2625  0.000e+00
     24.069    13.0263   3.797761    32.1342        305     1.2667  0.000e+00
     24.223    13.0050   3.796313    32.1385        306     1.2708  0.000e+00
     24.380    12.9814   3.794943    32.1456        307     1.2750  0.000e+00
     24.550    12.9659   3.794233    32.1519        308     1.2792  0.000e+00
     24.734    12.9500   3.794161    32.1647        309     1.2833  0.000e+00
     24.912    12.9329   3.793920    32.1769        310     1.2875  0.000e+00
     25.109    12.9229   3.793177    32.1783        311     1.2917  0.000e+00
     25.302    12.9212   3.793046    32.1785        312     1.2958  0.000e+00
     25.489    12.9155   3.792544    32.1785        313     1.3000  0.000e+00
     25.677    12.9112   3.791912    32.1760        314     1.3042  0.000e+00
     25.861    12.9076   3.791814    32.1781        315     1.3083  0.000e+00
     26.039    12.9025   3.791208    32.1767        316     1.3125  0.000e+00
     26.212    12.8970   3.790745    32.1769        317     1.3167  0.000e+00
     26.375    12.8936   3.790556    32.1780        318     1.3208  0.000e+00
     26.532    12.8869   3.790236    32.1806        319     1.3250  0.000e+00
     26.674    12.8757   3.789324    32.1814        320     1.3292  0.000e+00
     26.795    12.8679   3.787642    32.1721        321     1.3333  0.000e+00
     26.922    12.8599   3.786625    32.1692        322     1.3375  0.000e+00
     27.046    12.8466   3.786449    32.1789        323     1.3417  0.000e+00
     27.155    12.8350   3.785094    32.1758        324     1.3458  0.000e+00
     27.270    12.8294   3.783126    32.1619        325     1.3500  0.000e+00
     27.387    12.8261   3.781361    32.1481        326     1.3542  0.000e+00
     27.514    12.8134   3.779010    32.1365        327     1.3583  0.000e+00
     27.635    12.8013   3.785707    32.2102        328     1.3625  0.000e+00
     27.774    12.7831   3.733862    31.7349        329     1.3667  0.000e+00
     27.892    12.5589   3.675477    31.3695        330     1.3708  0.000e+00
     28.031    12.1282   3.671413    31.6926        331     1.3750  0.000e+00
     28.173    11.8221   3.669228    31.9326        332     1.3792  0.000e+00
     28.321    11.6485   3.668117    32.0713        333     1.3833  0.000e+00
     28.469    11.5580   3.667912    32.1476        334     1.3875  0.000e+00
     28.621    11.5139   3.667070    32.1777        335     1.3917  0.000e+00
     28.769    11.4905   3.665950    32.1870        336     1.3958  0.000e+00
     28.926    11.4741   3.664040    32.1826        337     1.4000  0.000e+00
     29.083    11.4585   3.663513    32.1909        338     1.4042  0.000e+00
     29.237    11.4467   3.664414    32.2099        339     1.4083  0.000e+00
     29.403    11.4443   3.665629    32.2239        340     1.4125  0.000e+00
     29.575    11.4497   3.664221    32.2053        341     1.4167  0.000e+00
     29.757    11.4485   3.662786    32.1923        342     1.4208  0.000e+00
     29.941    11.4410   3.661487    32.1860        343     1.4250  0.000e+00
     30.128    11.4302   3.659784    32.1786        344     1.4292  0.000e+00
     30.328    11.4155   3.658421    32.1780        345     1.4333  0.000e+00
     30.527    11.4008   3.656962    32.1765        346     1.4375  0.000e+00
     30.724    11.3852   3.655760    32.1782        347     1.4417  0.000e+00
     30.929    11.3712   3.655034    32.1832        348     1.4458  0.000e+00
     31.126    11.3587   3.654128    32.1852        349     1.4500  0.000e+00
     31.331    11.3483   3.653152    32.1846        350     1.4542  0.000e+00
     31.522    11.3382   3.651469    32.1768        351     1.4583  0.000e+00
     31.697    11.3247   3.648573    32.1602        352     1.4625  0.000e+00
     31.863    11.3031   3.646762    32.1611        353     1.4667  0.000e+00
     32.005    11.2798   3.644130    32.1556        354     1.4708  0.000e+00
     32.138    11.2558   3.642436    32.1598        355     1.4750  0.000e+00
     32.235    11.2332   3.640024    32.1558        356     1.4792  0.000e+00
     32.335    11.2077   3.635906    32.1376        357     1.4833  0.000e+00
     32.425    11.1759   3.633047    32.1372        358     1.4875  0.000e+00
     32.510    11.1419   3.631874    32.1552        359     1.4917  0.000e+00
     32.591    11.1154   3.630702    32.1668        360     1.4958  0.000e+00
     32.670    11.0962   3.630228    32.1790        361     1.5000  0.000e+00
     32.764    11.0831   3.629843    32.1866        362     1.5042  0.000e+00
     32.857    11.0745   3.629574    32.1914        363     1.5083  0.000e+00
     32.972    11.0690   3.629555    32.1959        364     1.5125  0.000e+00
     33.084    11.0658   3.629453    32.1977        365     1.5167  0.000e+00
     33.220    11.0643   3.629555    32.2000        366     1.5208  0.000e+00
     33.377    11.0643   3.630184    32.2061        367     1.5250  0.000e+00
     33.550    11.0670   3.629934    32.2012        368     1.5292  0.000e+00
     33.725    11.0683   3.630504    32.2056        369     1.5333  0.000e+00
     33.909    11.0722   3.631895    32.2159        370     1.5375  0.000e+00
     34.118    11.0800   3.631741    32.2074        371     1.5417  0.000e+00
     34.314    11.0855   3.631312    32.1983        372     1.5458  0.000e+00
     34.532    11.0863   3.630805    32.1925        373     1.5500  0.000e+00
     34.767    11.0841   3.630068    32.1870        374     1.5542  0.000e+00
     35.000    11.0790   3.629171    32.1826        375     1.5583  0.000e+00
     35.233    11.0714   3.628114    32.1787        376     1.5625  0.000e+00
     35.456    11.0607   3.626020    32.1673        377     1.5667  0.000e+00
     35.674    11.0448   3.624630    32.1675        378     1.5708  0.000e+00
     35.889    11.0274   3.623343    32.1699        379     1.5750  0.000e+00
     36.088    11.0101   3.622716    32.1787        380     1.5792  0.000e+00
     36.260    10.9967   3.622332    32.1866        381     1.5833  0.000e+00
     36.411    10.9869   3.621749    32.1894        382     1.5875  0.000e+00
     36.541    10.9788   3.621058    32.1896        383     1.5917  0.000e+00
     36.659    10.9711   3.620853    32.1943        384     1.5958  0.000e+00
     36.771    10.9649   3.620021    32.1914        385     1.6000  0.000e+00
     36.871    10.9579   3.619214    32.1896        386     1.6042  0.000e+00
     36.976    10.9485   3.618216    32.1879        387     1.6083  0.000e+00
     37.085    10.9377   3.617576    32.1910        388     1.6125  0.000e+00
     37.203    10.9274   3.616860    32.1929        389     1.6167  0.000e+00
     37.318    10.9178   3.616924    32.2019        390     1.6208  0.000e+00
     37.454    10.9124   3.617397    32.2113        391     1.6250  0.000e+00
     37.593    10.9122   3.617557    32.2130        392     1.6292  0.000e+00
     37.750    10.9135   3.617865    32.2148        393     1.6333  0.000e+00
     37.913    10.9161   3.618338    32.2172        394     1.6375  0.000e+00
     38.089    10.9202   3.617506    32.2052        395     1.6417  0.000e+00
     38.267    10.9197   3.617462    32.2052        396     1.6458  0.000e+00
     38.466    10.9181   3.617302    32.2050        397     1.6500  0.000e+00
     38.663    10.9164   3.617084    32.2042        398     1.6542  0.000e+00
     38.874    10.9143   3.616860    32.2037        399     1.6583  0.000e+00
     39.074    10.9116   3.616521    32.2026        400     1.6625  0.000e+00
     39.276    10.9084   3.616700    32.2072        401     1.6667  0.000e+00
     39.482    10.9065   3.616361    32.2054        402     1.6708  0.000e+00
     39.675    10.9038   3.615741    32.2015        403     1.6750  0.000e+00
     39.871    10.8993   3.615312    32.2011        404     1.6792  0.000e+00
     40.035    10.8942   3.614954    32.2020        405     1.6833  0.000e+00
     40.192    10.8889   3.614327    32.2004        406     1.6875  0.000e+00
     40.349    10.8828   3.613886    32.2013        407     1.6917  0.000e+00
     40.488    10.8765   3.613138    32.1994        408     1.6958  0.000e+00
     40.627    10.8686   3.612959    32.2044        409     1.7000  0.000e+00
     40.763    10.8623   3.612780    32.2082        410     1.7042  0.000e+00
     40.896    10.8578   3.612869    32.2130        411     1.7083  0.000e+00
     41.035    10.8557   3.612761    32.2137        412     1.7125  0.000e+00
     41.165    10.8542   3.612754    32.2148        413     1.7167  0.000e+00
     41.298    10.8534   3.612646    32.2144        414     1.7208  0.000e+00
     41.437    10.8522   3.612626    32.2153        415     1.7250  0.000e+00
     41.576    10.8507   3.612671    32.2169        416     1.7292  0.000e+00
     41.718    10.8501   3.612627    32.2170        417     1.7333  0.000e+00
     41.869    10.8493   3.612518    32.2165        418     1.7375  0.000e+00
     42.023    10.8484   3.612243    32.2145        419     1.7417  0.000e+00
     42.177    10.8465   3.611910    32.2129        420     1.7458  0.000e+00
