HB2302/sbe207.cnv
* Sea-Bird SBE 19plus V2 Data File:
* FileName = C:\cruise\data\sbe207.hex
* Software Version Seasave V 7.26.7.121
* Temperature SN = 4758
* Conductivity SN = 4758
* System UpLoad Time = Jun 27 2023 21:42:12
* NMEA Latitude = 40 58.42 N
* NMEA Longitude = 070 30.40 W
* NMEA UTC (Time) = Jun 27 2023 21:41:11
** Cruise: HB2302
** Program: Ecomon
** Chief Scientist: Jerry Prezioso
# nquan = 7
# nvalues = 1289                                  
# units = specified
# name 0 = depSM: Depth [salt water, m]
# name 1 = tv290C: Temperature [ITS-90, deg C]
# name 2 = c0S/m: Conductivity [S/m]
# name 3 = sal00: Salinity, Practical [PSU]
# name 4 = scan: Scan Count
# name 5 = timeM: Time, Elapsed [minutes]
# name 6 = flag:  0.000e+00
# span 0 =     -0.119,     41.496                 
# span 1 =    10.7580,    19.8398                 
# span 2 =   0.001377,   4.298773                 
# span 3 =     0.0143,    33.2757                 
# span 4 =         11,       1299                 
# span 5 =     0.0417,     5.4083                 
# span 6 = 0.0000e+00, 0.0000e+00                 
# interval = seconds: 0.25
# start_time = Jun 27 2023 21:41:11 [NMEA time, header]
# bad_flag = -9.990e-29
*END*
[from data line 206]
     20.368    16.9723   4.180038    32.3258        217     0.9000  0.000e+00
     20.489    16.9733   4.178084    32.3080        218     0.9042  0.000e+00
     20.604    16.9370   4.174253    32.3041        219     0.9083  0.000e+00
     20.715    16.8861   4.171439    32.3206        220     0.9125  0.000e+00
     20.824    16.8350   4.170701    32.3553        221     0.9167  0.000e+00
     20.927    16.7873   4.169543    32.3837        222     0.9208  0.000e+00
     21.033    16.7418   4.166548    32.3944        223     0.9250  0.000e+00
     21.141    16.7068   4.160925    32.3738        224     0.9292  0.000e+00
     21.256    16.6721   4.154169    32.3431        225     0.9333  0.000e+00
     21.383    16.6313   4.148729    32.3287        226     0.9375  0.000e+00
     21.528    16.5705   4.141515    32.3149        227     0.9417  0.000e+00
     21.688    16.5021   4.134050    32.3051        228     0.9458  0.000e+00
     21.858    16.4329   4.125442    32.2858        229     0.9500  0.000e+00
     22.030    16.3439   4.117307    32.2866        230     0.9542  0.000e+00
     22.223    16.2507   4.109840    32.2967        231     0.9583  0.000e+00
     22.429    16.1681   4.100324    32.2802        232     0.9625  0.000e+00
     22.637    16.0769   4.092425    32.2847        233     0.9667  0.000e+00
     22.855    15.9772   4.086590    32.3143        234     0.9708  0.000e+00
     23.066    15.8827   4.081752    32.3486        235     0.9750  0.000e+00
     23.287    15.7960   4.074337    32.3538        236     0.9792  0.000e+00
     23.495    15.7332   4.068136    32.3501        237     0.9833  0.000e+00
     23.689    15.6635   4.062770    32.3595        238     0.9875  0.000e+00
     23.867    15.5898   4.058480    32.3818        239     0.9917  0.000e+00
     24.039    15.5297   4.053782    32.3893        240     0.9958  0.000e+00
     24.172    15.4772   4.043255    32.3385        241     1.0000  0.000e+00
     24.296    15.4248   4.038485    32.3390        242     1.0042  0.000e+00
     24.393    15.3618   4.036091    32.3694        243     1.0083  0.000e+00
     24.486    15.3041   4.027079    32.3363        244     1.0125  0.000e+00
     24.565    15.2606   4.017822    32.2891        245     1.0167  0.000e+00
     24.656    15.1984   4.008374    32.2556        246     1.0208  0.000e+00
     24.728    15.1260   4.001667    32.2549        247     1.0250  0.000e+00
     24.834    15.0421   3.991209    32.2300        248     1.0292  0.000e+00
     24.946    14.9516   3.981887    32.2206        249     1.0333  0.000e+00
     25.067    14.8549   3.976834    32.2548        250     1.0375  0.000e+00
     25.206    14.7593   3.967406    32.2485        251     1.0417  0.000e+00
     25.354    14.6843   3.959340    32.2375        252     1.0458  0.000e+00
     25.520    14.6058   3.954776    32.2611        253     1.0500  0.000e+00
     25.704    14.5172   3.948643    32.2789        254     1.0542  0.000e+00
     25.889    14.4390   3.944562    32.3068        255     1.0583  0.000e+00
     26.091    14.3622   3.939495    32.3245        256     1.0625  0.000e+00
     26.300    14.2981   3.933974    32.3275        257     1.0667  0.000e+00
     26.511    14.2416   3.928264    32.3223        258     1.0708  0.000e+00
     26.720    14.1874   3.923397    32.3230        259     1.0750  0.000e+00
     26.931    14.1357   3.918882    32.3247        260     1.0792  0.000e+00
     27.136    14.0858   3.930105    32.4698        261     1.0833  0.000e+00
     27.333    14.0254   3.797522    31.3013        262     1.0875  0.000e+00
     27.517    13.4880   3.646118    30.3389        263     1.0917  0.000e+00
     27.689    12.4709   3.634492    31.0535        264     1.0958  0.000e+00
     27.850    11.7641   3.631077    31.6130        265     1.1000  0.000e+00
     27.995    11.3801   3.628781    31.9198        266     1.1042  0.000e+00
     28.140    11.1843   3.627636    32.0784        267     1.1083  0.000e+00
     28.261    11.0859   3.626536    32.1534        268     1.1125  0.000e+00
     28.391    11.0358   3.625479    32.1868        269     1.1167  0.000e+00
     28.505    11.0074   3.624115    32.1982        270     1.1208  0.000e+00
     28.617    10.9888   3.623206    32.2054        271     1.1250  0.000e+00
     28.729    10.9758   3.622713    32.2119        272     1.1292  0.000e+00
     28.832    10.9673   3.622041    32.2127        273     1.1333  0.000e+00
     28.931    10.9608   3.621792    32.2159        274     1.1375  0.000e+00
     29.055    10.9572   3.621247    32.2136        275     1.1417  0.000e+00
     29.158    10.9547   3.620915    32.2125        276     1.1458  0.000e+00
     29.276    10.9522   3.620735    32.2128        277     1.1500  0.000e+00
     29.397    10.9507   3.620422    32.2110        278     1.1542  0.000e+00
     29.521    10.9491   3.620646    32.2146        279     1.1583  0.000e+00
     29.660    10.9497   3.620652    32.2140        280     1.1625  0.000e+00
     29.814    10.9513   3.619679    32.2030        281     1.1667  0.000e+00
     29.971    10.9491   3.619615    32.2042        282     1.1708  0.000e+00
     30.137    10.9470   3.619545    32.2053        283     1.1750  0.000e+00
     30.312    10.9461   3.619455    32.2051        284     1.1792  0.000e+00
     30.491    10.9451   3.619391    32.2053        285     1.1833  0.000e+00
     30.687    10.9446   3.619571    32.2074        286     1.1875  0.000e+00
     30.892    10.9444   3.619212    32.2040        287     1.1917  0.000e+00
     31.089    10.9414   3.618291    32.1974        288     1.1958  0.000e+00
     31.294    10.9332   3.617913    32.2007        289     1.2000  0.000e+00
     31.494    10.9243   3.617683    32.2062        290     1.2042  0.000e+00
     31.693    10.9179   3.617530    32.2102        291     1.2083  0.000e+00
     31.875    10.9138   3.617459    32.2131        292     1.2125  0.000e+00
     32.038    10.9113   3.617325    32.2139        293     1.2167  0.000e+00
     32.207    10.9096   3.616871    32.2108        294     1.2208  0.000e+00
     32.355    10.9066   3.616788    32.2126        295     1.2250  0.000e+00
     32.497    10.9040   3.617127    32.2181        296     1.2292  0.000e+00
     32.627    10.9048   3.617396    32.2200        297     1.2333  0.000e+00
     32.766    10.9061   3.617101    32.2158        298     1.2375  0.000e+00
     32.890    10.9065   3.617037    32.2149        299     1.2417  0.000e+00
     33.023    10.9059   3.617261    32.2176        300     1.2458  0.000e+00
     33.156    10.9064   3.616161    32.2061        301     1.2500  0.000e+00
     33.280    10.9027   3.615937    32.2071        302     1.2542  0.000e+00
     33.419    10.8967   3.615668    32.2097        303     1.2583  0.000e+00
     33.549    10.8903   3.615566    32.2143        304     1.2625  0.000e+00
     33.685    10.8857   3.615669    32.2192        305     1.2667  0.000e+00
     33.836    10.8828   3.615579    32.2209        306     1.2708  0.000e+00
     33.978    10.8794   3.615714    32.2251        307     1.2750  0.000e+00
     34.123    10.8764   3.615490    32.2255        308     1.2792  0.000e+00
     34.271    10.8737   3.615195    32.2249        309     1.2833  0.000e+00
     34.416    10.8684   3.614863    32.2262        310     1.2875  0.000e+00
     34.564    10.8607   3.614908    32.2333        311     1.2917  0.000e+00
     34.709    10.8555   3.614927    32.2380        312     1.2958  0.000e+00
     34.848    10.8522   3.615042    32.2420        313     1.3000  0.000e+00
     34.987    10.8497   3.615132    32.2451        314     1.3042  0.000e+00
     35.117    10.8476   3.614908    32.2446        315     1.3083  0.000e+00
     35.238    10.8451   3.614390    32.2416        316     1.3125  0.000e+00
     35.359    10.8363   3.614326    32.2487        317     1.3167  0.000e+00
     35.489    10.8229   3.614371    32.2609        318     1.3208  0.000e+00
     35.619    10.8123   3.614301    32.2695        319     1.3250  0.000e+00
     35.761    10.8059   3.614563    32.2776        320     1.3292  0.000e+00
     35.918    10.8045   3.615043    32.2836        321     1.3333  0.000e+00
     36.084    10.8075   3.615018    32.2806        322     1.3375  0.000e+00
     36.253    10.8114   3.614371    32.2707        323     1.3417  0.000e+00
     36.431    10.8093   3.614122    32.2700        324     1.3458  0.000e+00
     36.619    10.8060   3.614052    32.2721        325     1.3500  0.000e+00
     36.818    10.8032   3.613879    32.2727        326     1.3542  0.000e+00
     37.027    10.8011   3.614078    32.2765        327     1.3583  0.000e+00
     37.250    10.8006   3.613719    32.2733        328     1.3625  0.000e+00
     37.465    10.7989   3.613476    32.2723        329     1.3667  0.000e+00
     37.688    10.7958   3.613374    32.2739        330     1.3708  0.000e+00
     37.915    10.7934   3.613342    32.2756        331     1.3750  0.000e+00
     38.141    10.7905   3.613432    32.2790        332     1.3792  0.000e+00
     38.356    10.7879   3.613343    32.2803        333     1.3833  0.000e+00
     38.561    10.7860   3.613138    32.2798        334     1.3875  0.000e+00
     38.755    10.7836   3.613093    32.2814        335     1.3917  0.000e+00
     38.903    10.7819   3.613298    32.2849        336     1.3958  0.000e+00
     39.039    10.7818   3.613228    32.2842        337     1.4000  0.000e+00
     39.136    10.7817   3.613093    32.2829        338     1.4042  0.000e+00
     39.223    10.7808   3.612870    32.2815        339     1.4083  0.000e+00
     39.296    10.7792   3.612511    32.2793        340     1.4125  0.000e+00
     39.365    10.7760   3.612390    32.2809        341     1.4167  0.000e+00
     39.435    10.7730   3.612153    32.2811        342     1.4208  0.000e+00
     39.513    10.7709   3.612224    32.2837        343     1.4250  0.000e+00
     39.595    10.7695   3.612243    32.2851        344     1.4292  0.000e+00
     39.692    10.7690   3.612601    32.2890        345     1.4333  0.000e+00
     39.804    10.7701   3.612774    32.2897        346     1.4375  0.000e+00
     39.927    10.7724   3.612806    32.2880        347     1.4417  0.000e+00
     40.073    10.7742   3.613004    32.2883        348     1.4458  0.000e+00
     40.236    10.7757   3.613164    32.2885        349     1.4500  0.000e+00
     40.408    10.7773   3.613119    32.2866        350     1.4542  0.000e+00
     40.598    10.7785   3.613139    32.2856        351     1.4583  0.000e+00
     40.746    10.7788   3.612672    32.2807        352     1.4625  0.000e+00
     40.894    10.7770   3.612512    32.2805        353     1.4667  0.000e+00
     40.988    10.7748   3.612154    32.2789        354     1.4708  0.000e+00
     41.034    10.7722   3.612000    32.2797        355     1.4750  0.000e+00
     41.073    10.7697   3.611777    32.2796        356     1.4792  0.000e+00
     41.139    10.7671   3.611770    32.2818        357     1.4833  0.000e+00
     41.218    10.7651   3.612064    32.2865        358     1.4875  0.000e+00
     41.297    10.7652   3.612314    32.2889        359     1.4917  0.000e+00
     41.363    10.7671   3.611885    32.2829        360     1.4958  0.000e+00
     41.411    10.7669   3.611732    32.2816        361     1.5000  0.000e+00
     41.442    10.7654   3.611604    32.2816        362     1.5042  0.000e+00
     41.481    10.7638   3.611553    32.2824        363     1.5083  0.000e+00
     41.496    10.7628   3.611527    32.2830        364     1.5125  0.000e+00
     41.496    10.7621   3.611508    32.2834        365     1.5167  0.000e+00
     41.490    10.7619   3.611553    32.2841        366     1.5208  0.000e+00
     41.466    10.7617   3.611540    32.2842        367     1.5250  0.000e+00
     41.421    10.7618   3.611463    32.2833        368     1.5292  0.000e+00
     41.369    10.7615   3.611419    32.2832        369     1.5333  0.000e+00
     41.306    10.7611   3.611374    32.2831        370     1.5375  0.000e+00
     41.234    10.7611   3.611374    32.2832        371     1.5417  0.000e+00
     41.161    10.7611   3.611348    32.2829        372     1.5458  0.000e+00
     41.083    10.7610   3.611323    32.2828        373     1.5500  0.000e+00
     41.019    10.7610   3.611303    32.2826        374     1.5542  0.000e+00
     40.950    10.7609   3.611329    32.2830        375     1.5583  0.000e+00
     40.895    10.7607   3.611303    32.2829        376     1.5625  0.000e+00
     40.850    10.7607   3.611303    32.2830        377     1.5667  0.000e+00
     40.808    10.7606   3.611322    32.2833        378     1.5708  0.000e+00
     40.790    10.7608   3.611303    32.2829        379     1.5750  0.000e+00
     40.775    10.7609   3.611329    32.2830        380     1.5792  0.000e+00
     40.772    10.7609   3.611303    32.2828        381     1.5833  0.000e+00
     40.778    10.7611   3.611284    32.2824        382     1.5875  0.000e+00
     40.781    10.7611   3.611284    32.2824        383     1.5917  0.000e+00
     40.787    10.7611   3.611259    32.2822        384     1.5958  0.000e+00
     40.787    10.7611   3.611214    32.2818        385     1.6000  0.000e+00
     40.790    10.7607   3.611214    32.2821        386     1.6042  0.000e+00
     40.800    10.7605   3.611214    32.2822        387     1.6083  0.000e+00
     40.812    10.7605   3.611195    32.2821        388     1.6125  0.000e+00
     40.824    10.7605   3.611239    32.2826        389     1.6167  0.000e+00
     40.839    10.7605   3.611259    32.2827        390     1.6208  0.000e+00
     40.851    10.7608   3.611259    32.2824        391     1.6250  0.000e+00
     40.860    10.7611   3.611239    32.2819        392     1.6292  0.000e+00
     40.884    10.7609   3.611195    32.2817        393     1.6333  0.000e+00
     40.906    10.7608   3.611220    32.2820        394     1.6375  0.000e+00
     40.930    10.7605   3.611195    32.2820        395     1.6417  0.000e+00
     40.954    10.7606   3.611169    32.2817        396     1.6458  0.000e+00
     40.975    10.7607   3.611195    32.2818        397     1.6500  0.000e+00
     40.987    10.7607   3.611195    32.2819        398     1.6542  0.000e+00
     41.000    10.7604   3.611111    32.2813        399     1.6583  0.000e+00
     41.000    10.7600   3.611150    32.2820        400     1.6625  0.000e+00
     41.000    10.7598   3.611124    32.2819        401     1.6667  0.000e+00
     40.970    10.7599   3.611105    32.2816        402     1.6708  0.000e+00
     40.948    10.7598   3.611105    32.2818        403     1.6750  0.000e+00
     40.909    10.7598   3.611079    32.2815        404     1.6792  0.000e+00
     40.855    10.7597   3.611092    32.2817        405     1.6833  0.000e+00
     40.804    10.7598   3.611079    32.2816        406     1.6875  0.000e+00
     40.731    10.7597   3.611079    32.2817        407     1.6917  0.000e+00
     40.662    10.7597   3.611079    32.2817        408     1.6958  0.000e+00
     40.592    10.7601   3.611060    32.2812        409     1.7000  0.000e+00
     40.538    10.7602   3.611092    32.2814        410     1.7042  0.000e+00
     40.487    10.7601   3.611035    32.2810        411     1.7083  0.000e+00
     40.448    10.7603   3.611079    32.2813        412     1.7125  0.000e+00
     40.411    10.7605   3.611105    32.2814        413     1.7167  0.000e+00
     40.384    10.7609   3.611060    32.2806        414     1.7208  0.000e+00
     40.366    10.7607   3.610964    32.2798        415     1.7250  0.000e+00
     40.360    10.7600   3.610926    32.2800        416     1.7292  0.000e+00
     40.342    10.7594   3.610900    32.2803        417     1.7333  0.000e+00
     40.330    10.7591   3.610926    32.2808        418     1.7375  0.000e+00
     40.300    10.7588   3.610945    32.2813        419     1.7417  0.000e+00
     40.276    10.7586   3.610926    32.2813        420     1.7458  0.000e+00
