HB2302/sbe209.cnv
* Sea-Bird SBE 19plus V2 Data File:
* FileName = C:\cruise\data\sbe209.hex
* Software Version Seasave V 7.26.7.121
* Temperature SN = 4758
* Conductivity SN = 4758
* System UpLoad Time = Jun 28 2023 01:20:04
* NMEA Latitude = 41 06.14 N
* NMEA Longitude = 071 09.15 W
* NMEA UTC (Time) = Jun 28 2023 01:19:03
** Cruise: HB2302
** Program: Ecomon
** Chief Scientist: Jerry Prezioso
# nquan = 7
# nvalues = 1375                                  
# units = specified
# name 0 = depSM: Depth [salt water, m]
# name 1 = tv290C: Temperature [ITS-90, deg C]
# name 2 = c0S/m: Conductivity [S/m]
# name 3 = sal00: Salinity, Practical [PSU]
# name 4 = scan: Scan Count
# name 5 = timeM: Time, Elapsed [minutes]
# name 6 = flag:  0.000e+00
# span 0 =     -0.129,     32.034                 
# span 1 =    11.1375,    18.8186                 
# span 2 =  -0.028631,   4.172821                 
# span 3 =     0.0000,    34.6055                 
# span 4 =         11,       1385                 
# span 5 =     0.0417,     5.7667                 
# span 6 = 0.0000e+00, 0.0000e+00                 
# interval = seconds: 0.25
# start_time = Jun 28 2023 01:19:03 [NMEA time, header]
# bad_flag = -9.990e-29
*END*
[from data line 411]
     30.704    11.1446   3.628560    32.1211        422     1.7542  0.000e+00
     30.640    11.1469   3.628938    32.1228        423     1.7583  0.000e+00
     30.595    11.1514   3.628900    32.1185        424     1.7625  0.000e+00
     30.544    11.1547   3.629464    32.1211        425     1.7667  0.000e+00
     30.492    11.1590   3.629323    32.1160        426     1.7708  0.000e+00
     30.453    11.1619   3.629278    32.1131        427     1.7750  0.000e+00
     30.417    11.1628   3.629368    32.1132        428     1.7792  0.000e+00
     30.387    11.1645   3.630111    32.1191        429     1.7833  0.000e+00
     30.357    11.1693   3.630386    32.1176        430     1.7875  0.000e+00
     30.330    11.1758   3.629752    32.1057        431     1.7917  0.000e+00
     30.303    11.1755   3.629624    32.1047        432     1.7958  0.000e+00
     30.281    11.1735   3.629797    32.1082        433     1.8000  0.000e+00
     30.251    11.1730   3.630431    32.1148        434     1.8042  0.000e+00
     30.209    11.1771   3.630585    32.1128        435     1.8083  0.000e+00
     30.173    11.1819   3.630675    32.1095        436     1.8125  0.000e+00
     30.143    11.1851   3.631194    32.1118        437     1.8167  0.000e+00
     30.116    11.1891   3.631283    32.1092        438     1.8208  0.000e+00
     30.092    11.1930   3.631354    32.1066        439     1.8250  0.000e+00
     30.070    11.1959   3.631636    32.1068        440     1.8292  0.000e+00
     30.055    11.1987   3.631354    32.1016        441     1.8333  0.000e+00
     30.049    11.1995   3.631758    32.1049        442     1.8375  0.000e+00
     30.037    11.2011   3.632116    32.1070        443     1.8417  0.000e+00
     30.025    11.2047   3.632187    32.1045        444     1.8458  0.000e+00
     30.016    11.2076   3.632110    32.1013        445     1.8500  0.000e+00
     29.998    11.2087   3.631713    32.0964        446     1.8542  0.000e+00
     29.977    11.2097   3.631828    32.0967        447     1.8583  0.000e+00
     29.944    11.2083   3.632052    32.1002        448     1.8625  0.000e+00
     29.908    11.2082   3.632366    32.1033        449     1.8667  0.000e+00
     29.872    11.2104   3.632296    32.1007        450     1.8708  0.000e+00
     29.823    11.2114   3.632187    32.0988        451     1.8750  0.000e+00
     29.781    11.2114   3.632341    32.1003        452     1.8792  0.000e+00
     29.733    11.2121   3.632520    32.1015        453     1.8833  0.000e+00
     29.688    11.2135   3.632860    32.1037        454     1.8875  0.000e+00
     29.639    11.2166   3.633110    32.1035        455     1.8917  0.000e+00
     29.603    11.2209   3.633744    32.1060        456     1.8958  0.000e+00
     29.567    11.2269   3.634148    32.1047        457     1.9000  0.000e+00
     29.537    11.2328   3.634078    32.0989        458     1.9042  0.000e+00
     29.504    11.2365   3.634103    32.0959        459     1.9083  0.000e+00
     29.483    11.2381   3.634013    32.0936        460     1.9125  0.000e+00
     29.447    11.2383   3.633924    32.0926        461     1.9167  0.000e+00
     29.426    11.2379   3.634045    32.0941        462     1.9208  0.000e+00
     29.392    11.2382   3.634033    32.0938        463     1.9250  0.000e+00
     29.350    11.2387   3.634257    32.0956        464     1.9292  0.000e+00
     29.302    11.2398   3.634033    32.0924        465     1.9333  0.000e+00
     29.236    11.2401   3.636129    32.1128        466     1.9375  0.000e+00
     29.160    11.2532   3.639497    32.1345        467     1.9417  0.000e+00
     29.073    11.2850   3.640086    32.1126        468     1.9458  0.000e+00
     28.976    11.3131   3.639900    32.0864        469     1.9500  0.000e+00
     28.873    11.3333   3.636834    32.0388        470     1.9542  0.000e+00
     28.768    11.3549   3.637148    32.0232        471     1.9583  0.000e+00
     28.653    11.3788   3.638481    32.0155        472     1.9625  0.000e+00
     28.550    11.4018   3.639155    32.0022        473     1.9667  0.000e+00
     28.463    11.4201   3.641355    32.0079        474     1.9708  0.000e+00
     28.375    11.4401   3.641079    31.9880        475     1.9750  0.000e+00
     28.312    11.4518   3.641233    31.9794        476     1.9792  0.000e+00
     28.252    11.4579   3.641367    31.9755        477     1.9833  0.000e+00
     28.203    11.4617   3.641720    31.9757        478     1.9875  0.000e+00
     28.161    11.4659   3.641868    31.9734        479     1.9917  0.000e+00
     28.134    11.4699   3.641913    31.9705        480     1.9958  0.000e+00
     28.107    11.4721   3.642086    31.9702        481     2.0000  0.000e+00
     28.086    11.4739   3.642227    31.9701        482     2.0042  0.000e+00
     28.068    11.4757   3.642298    31.9692        483     2.0083  0.000e+00
     28.050    11.4772   3.642362    31.9686        484     2.0125  0.000e+00
     28.026    11.4787   3.642490    31.9686        485     2.0167  0.000e+00
     28.005    11.4801   3.642657    31.9689        486     2.0208  0.000e+00
     27.971    11.4816   3.642817    31.9693        487     2.0250  0.000e+00
     27.935    11.4833   3.642837    31.9680        488     2.0292  0.000e+00
     27.893    11.4848   3.642926    31.9676        489     2.0333  0.000e+00
     27.854    11.4858   3.642997    31.9674        490     2.0375  0.000e+00
     27.794    11.4872   3.643087    31.9672        491     2.0417  0.000e+00
     27.730    11.4883   3.643157    31.9669        492     2.0458  0.000e+00
     27.643    11.4895   3.643375    31.9680        493     2.0500  0.000e+00
     27.561    11.4914   3.644312    31.9755        494     2.0542  0.000e+00
     27.471    11.4971   3.646733    31.9943        495     2.0583  0.000e+00
     27.374    11.5111   3.648228    31.9968        496     2.0625  0.000e+00
     27.256    11.5284   3.649737    31.9966        497     2.0667  0.000e+00
     27.139    11.5456   3.650739    31.9916        498     2.0708  0.000e+00
     27.018    11.5601   3.651715    31.9886        499     2.0750  0.000e+00
     26.900    11.5730   3.653257    31.9925        500     2.0792  0.000e+00
     26.777    11.5865   3.654009    31.9882        501     2.0833  0.000e+00
     26.659    11.5996   3.656303    31.9993        502     2.0875  0.000e+00
     26.541    11.6179   3.657074    31.9911        503     2.0917  0.000e+00
     26.432    11.6366   3.656585    31.9702        504     2.0958  0.000e+00
     26.345    11.6477   3.656617    31.9610        505     2.1000  0.000e+00
     26.264    11.6540   3.656417    31.9537        506     2.1042  0.000e+00
     26.194    11.6575   3.656090    31.9475        507     2.1083  0.000e+00
     26.143    11.6594   3.656077    31.9458        508     2.1125  0.000e+00
     26.095    11.6607   3.656077    31.9446        509     2.1167  0.000e+00
     26.064    11.6619   3.656109    31.9439        510     2.1208  0.000e+00
     26.046    11.6626   3.656141    31.9437        511     2.1250  0.000e+00
     26.025    11.6632   3.656186    31.9436        512     2.1292  0.000e+00
     26.010    11.6639   3.656186    31.9430        513     2.1333  0.000e+00
     26.001    11.6644   3.656199    31.9427        514     2.1375  0.000e+00
     25.977    11.6646   3.656231    31.9429        515     2.1417  0.000e+00
     25.944    11.6649   3.656347    31.9437        516     2.1458  0.000e+00
     25.908    11.6656   3.656475    31.9444        517     2.1500  0.000e+00
     25.857    11.6669   3.656661    31.9451        518     2.1542  0.000e+00
     25.787    11.6690   3.656777    31.9445        519     2.1583  0.000e+00
     25.709    11.6709   3.656803    31.9431        520     2.1625  0.000e+00
     25.603    11.6720   3.656803    31.9422        521     2.1667  0.000e+00
     25.501    11.6728   3.656732    31.9409        522     2.1708  0.000e+00
     25.374    11.6732   3.656706    31.9403        523     2.1750  0.000e+00
     25.256    11.6733   3.656713    31.9404        524     2.1792  0.000e+00
     25.129    11.6740   3.656982    31.9424        525     2.1833  0.000e+00
     25.000    11.6761   3.657413    31.9448        526     2.1875  0.000e+00
     24.870    11.6811   3.658101    31.9473        527     2.1917  0.000e+00
     24.752    11.6901   3.659528    31.9535        528     2.1958  0.000e+00
     24.643    11.7026   3.660479    31.9519        529     2.2000  0.000e+00
     24.541    11.7161   3.660936    31.9448        530     2.2042  0.000e+00
     24.450    11.7266   3.661283    31.9392        531     2.2083  0.000e+00
     24.366    11.7338   3.661366    31.9338        532     2.2125  0.000e+00
     24.284    11.7385   3.661276    31.9290        533     2.2167  0.000e+00
     24.212    11.7411   3.661199    31.9260        534     2.2208  0.000e+00
     24.149    11.7423   3.661167    31.9247        535     2.2250  0.000e+00
     24.094    11.7431   3.661231    31.9247        536     2.2292  0.000e+00
     24.031    11.7438   3.661282    31.9245        537     2.2333  0.000e+00
     23.980    11.7452   3.661302    31.9236        538     2.2375  0.000e+00
     23.929    11.7469   3.661437    31.9235        539     2.2417  0.000e+00
     23.883    11.7493   3.661822    31.9252        540     2.2458  0.000e+00
     23.844    11.7534   3.662755    31.9307        541     2.2500  0.000e+00
     23.805    11.7604   3.663848    31.9353        542     2.2542  0.000e+00
     23.760    11.7699   3.664942    31.9377        543     2.2583  0.000e+00
     23.721    11.7804   3.665488    31.9340        544     2.2625  0.000e+00
     23.694    11.7891   3.665765    31.9293        545     2.2667  0.000e+00
     23.651    11.7953   3.665668    31.9230        546     2.2708  0.000e+00
     23.609    11.7997   3.665597    31.9185        547     2.2750  0.000e+00
     23.567    11.8027   3.665424    31.9144        548     2.2792  0.000e+00
     23.522    11.8036   3.664671    31.9062        549     2.2833  0.000e+00
     23.461    11.8027   3.664098    31.9015        550     2.2875  0.000e+00
     23.407    11.8009   3.663372    31.8960        551     2.2917  0.000e+00
     23.338    11.7980   3.663192    31.8968        552     2.2958  0.000e+00
     23.268    11.7960   3.663256    31.8992        553     2.3000  0.000e+00
     23.181    11.7956   3.663667    31.9036        554     2.3042  0.000e+00
     23.090    11.7975   3.664143    31.9066        555     2.3083  0.000e+00
     23.000    11.8018   3.665250    31.9136        556     2.3125  0.000e+00
     22.891    11.8097   3.666877    31.9227        557     2.3167  0.000e+00
     22.786    11.8223   3.668840    31.9308        558     2.3208  0.000e+00
     22.659    11.8400   3.671054    31.9372        559     2.3250  0.000e+00
     22.535    11.8612   3.673095    31.9387        560     2.3292  0.000e+00
     22.408    11.8842   3.675142    31.9389        561     2.3333  0.000e+00
     22.291    11.9077   3.676810    31.9349        562     2.3375  0.000e+00
     22.170    11.9303   3.678800    31.9348        563     2.3417  0.000e+00
     22.070    11.9534   3.680237    31.9289        564     2.3458  0.000e+00
     21.977    11.9757   3.681609    31.9231        565     2.3500  0.000e+00
     21.905    11.9954   3.682853    31.9182        566     2.3542  0.000e+00
     21.844    12.0122   3.683671    31.9118        567     2.3583  0.000e+00
     21.808    12.0260   3.684200    31.9050        568     2.3625  0.000e+00
     21.775    12.0365   3.684200    31.8961        569     2.3667  0.000e+00
     21.775    12.0440   3.684154    31.8893        570     2.3708  0.000e+00
     21.769    12.0490   3.684180    31.8852        571     2.3750  0.000e+00
     21.766    12.0522   3.684270    31.8834        572     2.3792  0.000e+00
     21.775    12.0541   3.684316    31.8822        573     2.3833  0.000e+00
     21.769    12.0551   3.684309    31.8813        574     2.3875  0.000e+00
     21.766    12.0560   3.684270    31.8801        575     2.3917  0.000e+00
     21.757    12.0565   3.684290    31.8799        576     2.3958  0.000e+00
     21.736    12.0567   3.684225    31.8791        577     2.4000  0.000e+00
     21.712    12.0572   3.684361    31.8800        578     2.4042  0.000e+00
     21.673    12.0581   3.684683    31.8823        579     2.4083  0.000e+00
     21.607    12.0605   3.685373    31.8870        580     2.4125  0.000e+00
     21.540    12.0656   3.686198    31.8906        581     2.4167  0.000e+00
     21.459    12.0728   3.686733    31.8896        582     2.4208  0.000e+00
     21.362    12.0794   3.686817    31.8848        583     2.4250  0.000e+00
     21.251    12.0840   3.687204    31.8846        584     2.4292  0.000e+00
     21.136    12.0882   3.688158    31.8903        585     2.4333  0.000e+00
     21.003    12.0951   3.690396    31.9060        586     2.4375  0.000e+00
     20.876    12.1087   3.691609    31.9061        587     2.4417  0.000e+00
     20.759    12.1237   3.692621    31.9030        588     2.4458  0.000e+00
     20.641    12.1372   3.694693    31.9115        589     2.4500  0.000e+00
     20.535    12.1546   3.699011    31.9381        590     2.4542  0.000e+00
     20.436    12.1831   3.701342    31.9363        591     2.4583  0.000e+00
     20.345    12.2130   3.702679    31.9236        592     2.4625  0.000e+00
     20.273    12.2364   3.703208    31.9087        593     2.4667  0.000e+00
     20.228    12.2524   3.703602    31.8989        594     2.4708  0.000e+00
     20.183    12.2622   3.703906    31.8935        595     2.4750  0.000e+00
     20.155    12.2689   3.704319    31.8918        596     2.4792  0.000e+00
     20.137    12.2742   3.704629    31.8902        597     2.4833  0.000e+00
     20.138    12.2788   3.704803    31.8880        598     2.4875  0.000e+00
     20.132    12.2820   3.705010    31.8872        599     2.4917  0.000e+00
     20.141    12.2845   3.705223    31.8871        600     2.4958  0.000e+00
     20.156    12.2870   3.705424    31.8869        601     2.5000  0.000e+00
     20.147    12.2892   3.705598    31.8867        602     2.5042  0.000e+00
     20.141    12.2914   3.705630    31.8852        603     2.5083  0.000e+00
     20.117    12.2930   3.705844    31.8859        604     2.5125  0.000e+00
     20.090    12.2946   3.706102    31.8870        605     2.5167  0.000e+00
     20.048    12.2968   3.706393    31.8879        606     2.5208  0.000e+00
     20.005    12.2993   3.706742    31.8891        607     2.5250  0.000e+00
     19.957    12.3025   3.707084    31.8897        608     2.5292  0.000e+00
     19.900    12.3061   3.707504    31.8907        609     2.5333  0.000e+00
     19.825    12.3101   3.707536    31.8876        610     2.5375  0.000e+00
     19.758    12.3136   3.707136    31.8808        611     2.5417  0.000e+00
     19.707    12.3161   3.707136    31.8787        612     2.5458  0.000e+00
     19.638    12.3185   3.707200    31.8773        613     2.5500  0.000e+00
     19.580    12.3208   3.707245    31.8759        614     2.5542  0.000e+00
     19.526    12.3225   3.707135    31.8734        615     2.5583  0.000e+00
     19.469    12.3237   3.706948    31.8705        616     2.5625  0.000e+00
     19.405    12.3249   3.706832    31.8684        617     2.5667  0.000e+00
     19.336    12.3264   3.706974    31.8686        618     2.5708  0.000e+00
     19.255    12.3288   3.707006    31.8669        619     2.5750  0.000e+00
     19.170    12.3324   3.707135    31.8650        620     2.5792  0.000e+00
     19.077    12.3375   3.707154    31.8609        621     2.5833  0.000e+00
     18.968    12.3419   3.707116    31.8569        622     2.5875  0.000e+00
     18.856    12.3450   3.707361    31.8566        623     2.5917  0.000e+00
     18.739    12.3512   3.708369    31.8611        624     2.5958  0.000e+00
     18.627    12.3621   3.709028    31.8582        625     2.6000  0.000e+00
