HB2302/sbe208.cnv
* Sea-Bird SBE 19plus V2 Data File:
* FileName = C:\cruise\data\sbe208.hex
* Software Version Seasave V 7.26.7.121
* Temperature SN = 4758
* Conductivity SN = 4758
* System UpLoad Time = Jun 27 2023 23:29:00
* NMEA Latitude = 40 56.10 N
* NMEA Longitude = 070 52.49 W
* NMEA UTC (Time) = Jun 27 2023 23:27:59
** Cruise: HB2302
** Program: Ecomon
** Chief Scientist: Jerry Prezioso
# nquan = 7
# nvalues = 1369                                  
# units = specified
# name 0 = depSM: Depth [salt water, m]
# name 1 = tv290C: Temperature [ITS-90, deg C]
# name 2 = c0S/m: Conductivity [S/m]
# name 3 = sal00: Salinity, Practical [PSU]
# name 4 = scan: Scan Count
# name 5 = timeM: Time, Elapsed [minutes]
# name 6 = flag:  0.000e+00
# span 0 =     -0.128,     49.066                 
# span 1 =     9.6295,    19.5405                 
# span 2 =   0.003561,   4.261448                 
# span 3 =     0.0241,    32.7679                 
# span 4 =         11,       1379                 
# span 5 =     0.0417,     5.7417                 
# span 6 = 0.0000e+00, 0.0000e+00                 
# interval = seconds: 0.25
# start_time = Jun 27 2023 23:27:59 [NMEA time, header]
# bad_flag = -9.990e-29
*END*
[from data line 1026]
     13.920    14.6635   3.974712    32.3988       1037     4.3167  0.000e+00
     13.929    14.6675   3.974805    32.3963       1038     4.3208  0.000e+00
     13.944    14.6699   3.974851    32.3947       1039     4.3250  0.000e+00
     13.987    14.6710   3.974878    32.3940       1040     4.3292  0.000e+00
     14.032    14.6715   3.974778    32.3927       1041     4.3333  0.000e+00
     14.074    14.6712   3.974805    32.3932       1042     4.3375  0.000e+00
     14.114    14.6709   3.974705    32.3925       1043     4.3417  0.000e+00
     14.150    14.6701   3.974685    32.3930       1044     4.3458  0.000e+00
     14.180    14.6691   3.974705    32.3940       1045     4.3500  0.000e+00
     14.189    14.6684   3.974778    32.3952       1046     4.3542  0.000e+00
     14.183    14.6678   3.974898    32.3968       1047     4.3583  0.000e+00
     14.150    14.6683   3.975017    32.3974       1048     4.3625  0.000e+00
     14.108    14.6694   3.975183    32.3981       1049     4.3667  0.000e+00
     14.048    14.6707   3.975376    32.3988       1050     4.3708  0.000e+00
     13.969    14.6724   3.975589    32.3993       1051     4.3750  0.000e+00
     13.876    14.6742   3.975808    32.3998       1052     4.3792  0.000e+00
     13.788    14.6766   3.975928    32.3990       1053     4.3833  0.000e+00
     13.679    14.6786   3.976047    32.3984       1054     4.3875  0.000e+00
     13.565    14.6804   3.976167    32.3981       1055     4.3917  0.000e+00
     13.453    14.6822   3.976426    32.3990       1056     4.3958  0.000e+00
     13.344    14.6843   3.976712    32.3998       1057     4.4000  0.000e+00
     13.239    14.6876   3.976858    32.3985       1058     4.4042  0.000e+00
     13.124    14.6909   3.977004    32.3971       1059     4.4083  0.000e+00
     13.021    14.6940   3.977171    32.3961       1060     4.4125  0.000e+00
     12.922    14.6965   3.977290    32.3951       1061     4.4167  0.000e+00
     12.828    14.6984   3.977383    32.3944       1062     4.4208  0.000e+00
     12.741    14.6999   3.977656    32.3957       1063     4.4250  0.000e+00
     12.671    14.7013   3.977742    32.3953       1064     4.4292  0.000e+00
     12.602    14.7028   3.977715    32.3938       1065     4.4333  0.000e+00
     12.545    14.7033   3.977815    32.3943       1066     4.4375  0.000e+00
     12.500    14.7041   3.977669    32.3924       1067     4.4417  0.000e+00
     12.445    14.7042   3.977742    32.3929       1068     4.4458  0.000e+00
     12.397    14.7040   3.977815    32.3938       1069     4.4500  0.000e+00
     12.367    14.7044   3.977835    32.3937       1070     4.4542  0.000e+00
     12.328    14.7048   3.977888    32.3939       1071     4.4583  0.000e+00
     12.301    14.7053   3.977908    32.3936       1072     4.4625  0.000e+00
     12.279    14.7060   3.978008    32.3939       1073     4.4667  0.000e+00
     12.258    14.7063   3.978008    32.3937       1074     4.4708  0.000e+00
     12.249    14.7066   3.978008    32.3934       1075     4.4750  0.000e+00
     12.246    14.7069   3.978054    32.3936       1076     4.4792  0.000e+00
     12.253    14.7070   3.978074    32.3937       1077     4.4833  0.000e+00
     12.265    14.7072   3.978128    32.3940       1078     4.4875  0.000e+00
     12.283    14.7077   3.978147    32.3938       1079     4.4917  0.000e+00
     12.298    14.7079   3.978147    32.3936       1080     4.4958  0.000e+00
     12.301    14.7079   3.978174    32.3939       1081     4.5000  0.000e+00
     12.301    14.7081   3.978247    32.3943       1082     4.5042  0.000e+00
     12.277    14.7085   3.978294    32.3944       1083     4.5083  0.000e+00
     12.235    14.7088   3.978340    32.3946       1084     4.5125  0.000e+00
     12.156    14.7094   3.978433    32.3951       1085     4.5167  0.000e+00
     12.072    14.7099   3.978673    32.3968       1086     4.5208  0.000e+00
     11.963    14.7115   3.978892    32.3975       1087     4.5250  0.000e+00
     11.842    14.7135   3.978985    32.3967       1088     4.5292  0.000e+00
     11.698    14.7155   3.979151    32.3967       1089     4.5333  0.000e+00
     11.571    14.7175   3.979464    32.3979       1090     4.5375  0.000e+00
     11.423    14.7203   3.979630    32.3971       1091     4.5417  0.000e+00
     11.284    14.7227   3.979849    32.3972       1092     4.5458  0.000e+00
     11.169    14.7256   3.980468    32.4004       1093     4.5500  0.000e+00
     11.061    14.7299   3.981213    32.4036       1094     4.5542  0.000e+00
     10.961    14.7357   3.981665    32.4029       1095     4.5583  0.000e+00
     10.874    14.7416   3.982050    32.4016       1096     4.5625  0.000e+00
     10.795    14.7463   3.982217    32.3991       1097     4.5667  0.000e+00
     10.738    14.7501   3.982576    32.3993       1098     4.5708  0.000e+00
     10.705    14.7533   3.982622    32.3971       1099     4.5750  0.000e+00
     10.690    14.7552   3.982908    32.3981       1100     4.5792  0.000e+00
     10.696    14.7574   3.983268    32.3995       1101     4.5833  0.000e+00
     10.732    14.7598   3.983101    32.3959       1102     4.5875  0.000e+00
     10.789    14.7612   3.983174    32.3955       1103     4.5917  0.000e+00
     10.856    14.7615   3.982982    32.3934       1104     4.5958  0.000e+00
     10.913    14.7612   3.982609    32.3903       1105     4.6000  0.000e+00
     10.968    14.7593   3.982483    32.3907       1106     4.6042  0.000e+00
     11.031    14.7573   3.982263    32.3903       1107     4.6083  0.000e+00
     11.067    14.7554   3.982050    32.3899       1108     4.6125  0.000e+00
     11.091    14.7532   3.982004    32.3914       1109     4.6167  0.000e+00
     11.104    14.7517   3.982004    32.3926       1110     4.6208  0.000e+00
     11.092    14.7510   3.982363    32.3964       1111     4.6250  0.000e+00
     11.031    14.7517   3.983175    32.4032       1112     4.6292  0.000e+00
     10.968    14.7556   3.984805    32.4148       1113     4.6333  0.000e+00
     10.871    14.7639   3.986315    32.4216       1114     4.6375  0.000e+00
     10.750    14.7758   3.988065    32.4276       1115     4.6417  0.000e+00
     10.600    14.7895   3.989789    32.4319       1116     4.6458  0.000e+00
     10.440    14.8051   3.991420    32.4338       1117     4.6500  0.000e+00
     10.280    14.8215   3.992818    32.4328       1118     4.6542  0.000e+00
     10.108    14.8371   3.994616    32.4362       1119     4.6583  0.000e+00
      9.963    14.8527   3.996721    32.4423       1120     4.6625  0.000e+00
      9.830    14.8718   4.001405    32.4688       1121     4.6667  0.000e+00
      9.718    14.9009   4.004824    32.4756       1122     4.6708  0.000e+00
      9.646    14.9351   4.008372    32.4792       1123     4.6750  0.000e+00
      9.595    14.9697   4.011773    32.4812       1124     4.6792  0.000e+00
      9.570    15.0039   4.012814    32.4622       1125     4.6833  0.000e+00
      9.576    15.0292   4.013127    32.4439       1126     4.6875  0.000e+00
      9.592    15.0440   4.012880    32.4294       1127     4.6917  0.000e+00
      9.628    15.0505   4.012233    32.4182       1128     4.6958  0.000e+00
      9.667    15.0506   4.010224    32.4000       1129     4.7000  0.000e+00
      9.709    15.0418   4.007523    32.3829       1130     4.7042  0.000e+00
      9.746    15.0247   4.005109    32.3753       1131     4.7083  0.000e+00
      9.767    15.0034   4.003590    32.3793       1132     4.7125  0.000e+00
      9.788    14.9837   4.003063    32.3908       1133     4.7167  0.000e+00
      9.797    14.9698   4.003183    32.4034       1134     4.7208  0.000e+00
      9.782    14.9624   4.003523    32.4126       1135     4.7250  0.000e+00
      9.758    14.9604   4.004630    32.4243       1136     4.7292  0.000e+00
      9.718    14.9644   4.006270    32.4358       1137     4.7333  0.000e+00
      9.658    14.9748   4.009165    32.4533       1138     4.7375  0.000e+00
      9.592    14.9930   4.012040    32.4641       1139     4.7417  0.000e+00
      9.522    15.0166   4.013968    32.4620       1140     4.7458  0.000e+00
      9.450    15.0391   4.014602    32.4490       1141     4.7500  0.000e+00
      9.374    15.0551   4.015182    32.4410       1142     4.7542  0.000e+00
      9.299    15.0664   4.018373    32.4605       1143     4.7583  0.000e+00
      9.226    15.0842   4.020309    32.4631       1144     4.7625  0.000e+00
      9.157    15.1056   4.020549    32.4476       1145     4.7667  0.000e+00
      9.081    15.1209   4.020723    32.4365       1146     4.7708  0.000e+00
      9.012    15.1298   4.020889    32.4306       1147     4.7750  0.000e+00
      8.937    15.1354   4.021911    32.4352       1148     4.7792  0.000e+00
      8.864    15.1423   4.023120    32.4404       1149     4.7833  0.000e+00
      8.789    15.1516   4.023748    32.4384       1150     4.7875  0.000e+00
      8.716    15.1600   4.023868    32.4325       1151     4.7917  0.000e+00
      8.641    15.1657   4.023941    32.4285       1152     4.7958  0.000e+00
      8.559    15.1687   4.023848    32.4252       1153     4.8000  0.000e+00
      8.487    15.1703   4.023921    32.4246       1154     4.8042  0.000e+00
      8.426    15.1710   4.024502    32.4292       1155     4.8083  0.000e+00
      8.363    15.1747   4.025692    32.4368       1156     4.8125  0.000e+00
      8.321    15.1842   4.026246    32.4339       1157     4.8167  0.000e+00
      8.291    15.1967   4.027048    32.4309       1158     4.8208  0.000e+00
      8.257    15.2099   4.027763    32.4263       1159     4.8250  0.000e+00
      8.245    15.2220   4.027776    32.4165       1160     4.8292  0.000e+00
      8.239    15.2294   4.027729    32.4099       1161     4.8333  0.000e+00
      8.245    15.2324   4.027682    32.4070       1162     4.8375  0.000e+00
      8.257    15.2331   4.027415    32.4040       1163     4.8417  0.000e+00
      8.254    15.2318   4.026880    32.4003       1164     4.8458  0.000e+00
      8.257    15.2273   4.026707    32.4025       1165     4.8500  0.000e+00
      8.242    15.2219   4.026439    32.4045       1166     4.8542  0.000e+00
      8.215    15.2169   4.026613    32.4102       1167     4.8583  0.000e+00
      8.176    15.2147   4.027047    32.4160       1168     4.8625  0.000e+00
      8.121    15.2175   4.027609    32.4187       1169     4.8667  0.000e+00
      8.055    15.2239   4.027822    32.4154       1170     4.8708  0.000e+00
      7.980    15.2314   4.027167    32.4033       1171     4.8750  0.000e+00
      7.901    15.2363   4.024682    32.3770       1172     4.8792  0.000e+00
      7.820    15.2371   4.024281    32.3727       1173     4.8833  0.000e+00
      7.735    15.2362   4.024067    32.3716       1174     4.8875  0.000e+00
      7.650    15.2361   4.024354    32.3744       1175     4.8917  0.000e+00
      7.560    15.2396   4.025884    32.3852       1176     4.8958  0.000e+00
      7.475    15.2540   4.027628    32.3889       1177     4.9000  0.000e+00
      7.400    15.2778   4.029245    32.3839       1178     4.9042  0.000e+00
      7.324    15.3065   4.031003    32.3760       1179     4.9083  0.000e+00
      7.249    15.3389   4.032995    32.3671       1180     4.9125  0.000e+00
      7.183    15.3733   4.034673    32.3538       1181     4.9167  0.000e+00
      7.110    15.4077   4.036304    32.3401       1182     4.9208  0.000e+00
      7.044    15.4429   4.036939    32.3169       1183     4.9250  0.000e+00
      6.992    15.4689   4.037340    32.2991       1184     4.9292  0.000e+00
      6.941    15.4861   4.037474    32.2861       1185     4.9333  0.000e+00
      6.896    15.4986   4.037621    32.2772       1186     4.9375  0.000e+00
      6.838    15.5076   4.037667    32.2703       1187     4.9417  0.000e+00
      6.805    15.5130   4.037694    32.2662       1188     4.9458  0.000e+00
      6.769    15.5159   4.037741    32.2642       1189     4.9500  0.000e+00
      6.736    15.5181   4.037500    32.2603       1190     4.9542  0.000e+00
      6.709    15.5211   4.037032    32.2537       1191     4.9583  0.000e+00
      6.685    15.5240   4.036764    32.2489       1192     4.9625  0.000e+00
      6.636    15.5265   4.036476    32.2443       1193     4.9667  0.000e+00
      6.588    15.5292   4.036302    32.2405       1194     4.9708  0.000e+00
      6.537    15.5314   4.035874    32.2349       1195     4.9750  0.000e+00
      6.467    15.5342   4.035720    32.2313       1196     4.9792  0.000e+00
      6.395    15.5364   4.035740    32.2297       1197     4.9833  0.000e+00
      6.322    15.5380   4.035914    32.2300       1198     4.9875  0.000e+00
      6.256    15.5416   4.035988    32.2277       1199     4.9917  0.000e+00
      6.186    15.5534   4.036523    32.2228       1200     4.9958  0.000e+00
      6.123    15.5681   4.037573    32.2202       1201     5.0000  0.000e+00
      6.072    15.5840   4.039125    32.2210       1202     5.0042  0.000e+00
      6.029    15.6055   4.040175    32.2128       1203     5.0083  0.000e+00
      5.987    15.6320   4.041513    32.2031       1204     5.0125  0.000e+00
      5.936    15.6622   4.042510    32.1874       1205     5.0167  0.000e+00
      5.884    15.6892   4.042944    32.1692       1206     5.0208  0.000e+00
      5.827    15.7134   4.042951    32.1496       1207     5.0250  0.000e+00
      5.752    15.7298   4.043051    32.1371       1208     5.0292  0.000e+00
      5.658    15.7388   4.043144    32.1306       1209     5.0333  0.000e+00
      5.549    15.7446   4.046023    32.1515       1210     5.0375  0.000e+00
      5.426    15.7598   4.053270    32.2034       1211     5.0417  0.000e+00
      5.308    15.7975   4.058054    32.2151       1212     5.0458  0.000e+00
      5.193    15.8464   4.057195    32.1677       1213     5.0500  0.000e+00
      5.105    15.8818   4.058811    32.1533       1214     5.0542  0.000e+00
      5.042    15.9101   4.061700    32.1559       1215     5.0583  0.000e+00
      5.009    15.9401   4.063953    32.1514       1216     5.0625  0.000e+00
      4.985    15.9670   4.062732    32.1189       1217     5.0667  0.000e+00
      4.988    15.9790   4.061632    32.0994       1218     5.0708  0.000e+00
      5.003    15.9781   4.059299    32.0796       1219     5.0750  0.000e+00
      5.027    15.9653   4.058568    32.0835       1220     5.0792  0.000e+00
      5.042    15.9511   4.058347    32.0931       1221     5.0833  0.000e+00
      5.051    15.9411   4.059695    32.1130       1222     5.0875  0.000e+00
      5.048    15.9439   4.065556    32.1625       1223     5.0917  0.000e+00
      5.027    15.9717   4.074885    32.2222       1224     5.0958  0.000e+00
      4.988    16.0358   4.092345    32.3240       1225     5.1000  0.000e+00
      4.939    16.1527   4.108965    32.3750       1226     5.1042  0.000e+00
      4.867    16.3084   4.131249    32.4439       1227     5.1083  0.000e+00
      4.794    16.5003   4.138678    32.3531       1228     5.1125  0.000e+00
      4.698    16.6590   4.145780    32.2868       1229     5.1167  0.000e+00
      4.601    16.7729   4.143277    32.1736       1230     5.1208  0.000e+00
      4.492    16.8301   4.138497    32.0864       1231     5.1250  0.000e+00
      4.393    16.8365   4.158249    32.2523       1232     5.1292  0.000e+00
      4.266    16.9081   4.174552    32.3358       1233     5.1333  0.000e+00
      4.151    17.0386   4.179088    32.2703       1234     5.1375  0.000e+00
      4.018    17.1431   4.178808    32.1844       1235     5.1417  0.000e+00
      3.895    17.2019   4.176541    32.1182       1236     5.1458  0.000e+00
      3.789    17.2212   4.180890    32.1402       1237     5.1500  0.000e+00
      3.707    17.2419   4.178651    32.1046       1238     5.1542  0.000e+00
      3.656    17.2517   4.183788    32.1409       1239     5.1583  0.000e+00
      3.644    17.2719   4.184806    32.1335       1240     5.1625  0.000e+00
