HB2302/sbe204.cnv
* Sea-Bird SBE 19plus V2 Data File:
* FileName = C:\cruise\data\sbe204.hex
* Software Version Seasave V 7.26.7.121
* Temperature SN = 4758
* Conductivity SN = 4758
* System UpLoad Time = Jun 27 2023 17:25:29
* NMEA Latitude = 40 42.10 N
* NMEA Longitude = 069 52.63 W
* NMEA UTC (Time) = Jun 27 2023 17:24:27
** Cruise: HB2302
** Program: Ecomon
** Chief Scientist: Jerry Prezioso
# nquan = 7
# nvalues = 1599                                  
# units = specified
# name 0 = depSM: Depth [salt water, m]
# name 1 = tv290C: Temperature [ITS-90, deg C]
# name 2 = c0S/m: Conductivity [S/m]
# name 3 = sal00: Salinity, Practical [PSU]
# name 4 = scan: Scan Count
# name 5 = timeM: Time, Elapsed [minutes]
# name 6 = flag:  0.000e+00
# span 0 =     -0.127,     45.038                 
# span 1 =    11.6517,    19.1275                 
# span 2 =   0.001517,   4.191903                 
# span 3 =     0.0148,    35.4475                 
# span 4 =         11,       1609                 
# span 5 =     0.0417,     6.7000                 
# span 6 = 0.0000e+00, 0.0000e+00                 
# interval = seconds: 0.25
# start_time = Jun 27 2023 17:24:27 [NMEA time, header]
# bad_flag = -9.990e-29
*END*
[from data line 1231]
     11.085    11.9513   3.699411    32.1203       1242     5.1708  0.000e+00
     11.139    11.9492   3.698998    32.1181       1243     5.1750  0.000e+00
     11.187    11.9457   3.699146    32.1225       1244     5.1792  0.000e+00
     11.227    11.9437   3.699618    32.1288       1245     5.1833  0.000e+00
     11.266    11.9436   3.698249    32.1157       1246     5.1875  0.000e+00
     11.284    11.9404   3.698307    32.1189       1247     5.1917  0.000e+00
     11.296    11.9369   3.698998    32.1287       1248     5.1958  0.000e+00
     11.290    11.9379   3.700328    32.1407       1249     5.2000  0.000e+00
     11.269    11.9435   3.700380    32.1363       1250     5.2042  0.000e+00
     11.245    11.9492   3.721353    32.3341       1251     5.2083  0.000e+00
     11.206    12.0439   3.782700    32.8444       1252     5.2125  0.000e+00
     11.142    12.3798   3.798176    32.6991       1253     5.2167  0.000e+00
     11.070    12.6971   3.769222    32.1494       1254     5.2208  0.000e+00
     11.004    12.7877   3.802309    32.3859       1255     5.2250  0.000e+00
     10.937    12.9149   3.779641    32.0630       1256     5.2292  0.000e+00
     10.868    12.9233   3.781484    32.0733       1257     5.2333  0.000e+00
     10.786    12.9223   3.841568    32.6421       1258     5.2375  0.000e+00
     10.717    13.1517   3.839251    32.4234       1259     5.2417  0.000e+00
     10.642    13.3728   3.805351    31.9187       1260     5.2458  0.000e+00
     10.557    13.3329   3.748626    31.4226       1261     5.2500  0.000e+00
     10.479    13.0063   3.765263    31.8505       1262     5.2542  0.000e+00
     10.439    12.8230   3.798418    32.3190       1263     5.2583  0.000e+00
     10.403    12.8906   3.763619    31.9325       1264     5.2625  0.000e+00
     10.409    12.8481   3.762183    31.9548       1265     5.2667  0.000e+00
     10.412    12.7519   3.780834    32.2131       1266     5.2708  0.000e+00
     10.421    12.7819   3.781322    32.1921       1267     5.2750  0.000e+00
     10.434    12.8056   3.718779    31.5804       1268     5.2792  0.000e+00
     10.464    12.5899   3.706573    31.6456       1269     5.2833  0.000e+00
     10.485    12.3236   3.705000    31.8557       1270     5.2875  0.000e+00
     10.509    12.1554   3.703529    31.9850       1271     5.2917  0.000e+00
     10.509    12.0638   3.702729    32.0557       1272     5.2958  0.000e+00
     10.527    12.0141   3.701780    32.0894       1273     5.3000  0.000e+00
     10.515    11.9867   3.702174    32.1167       1274     5.3042  0.000e+00
     10.506    11.9749   3.704106    32.1455       1275     5.3083  0.000e+00
     10.491    11.9772   3.703835    32.1409       1276     5.3125  0.000e+00
     10.461    11.9808   3.703583    32.1354       1277     5.3167  0.000e+00
     10.419    11.9821   3.703447    32.1330       1278     5.3208  0.000e+00
     10.371    11.9818   3.703531    32.1341       1279     5.3250  0.000e+00
     10.307    11.9820   3.703821    32.1368       1280     5.3292  0.000e+00
     10.238    11.9838   3.703466    32.1318       1281     5.3333  0.000e+00
     10.162    11.9838   3.703279    32.1300       1282     5.3375  0.000e+00
     10.081    11.9824   3.703246    32.1309       1283     5.3417  0.000e+00
      9.984    11.9817   3.703279    32.1319       1284     5.3458  0.000e+00
      9.897    11.9817   3.703556    32.1346       1285     5.3500  0.000e+00
      9.815    11.9826   3.703556    32.1339       1286     5.3542  0.000e+00
      9.746    11.9842   3.704293    32.1396       1287     5.3583  0.000e+00
      9.692    11.9888   3.706063    32.1528       1288     5.3625  0.000e+00
      9.652    12.0003   3.707343    32.1552       1289     5.3667  0.000e+00
      9.619    12.0143   3.707666    32.1463       1290     5.3708  0.000e+00
      9.595    12.0248   3.707827    32.1388       1291     5.3750  0.000e+00
      9.574    12.0312   3.707775    32.1328       1292     5.3792  0.000e+00
      9.559    12.0349   3.707801    32.1299       1293     5.3833  0.000e+00
      9.550    12.0366   3.707872    32.1291       1294     5.3875  0.000e+00
      9.544    12.0380   3.707995    32.1291       1295     5.3917  0.000e+00
      9.511    12.0391   3.707943    32.1276       1296     5.3958  0.000e+00
      9.484    12.0400   3.707995    32.1274       1297     5.4000  0.000e+00
      9.435    12.0404   3.708124    32.1283       1298     5.4042  0.000e+00
      9.372    12.0412   3.708150    32.1279       1299     5.4083  0.000e+00
      9.318    12.0421   3.708195    32.1276       1300     5.4125  0.000e+00
      9.242    12.0428   3.708195    32.1270       1301     5.4167  0.000e+00
      9.185    12.0433   3.708454    32.1291       1302     5.4208  0.000e+00
      9.119    12.0450   3.709048    32.1334       1303     5.4250  0.000e+00
      9.055    12.0495   3.709733    32.1361       1304     5.4292  0.000e+00
      8.992    12.0559   3.711983    32.1523       1305     5.4333  0.000e+00
      8.944    12.0685   3.713444    32.1556       1306     5.4375  0.000e+00
      8.895    12.0857   3.714602    32.1519       1307     5.4417  0.000e+00
      8.868    12.1025   3.715294    32.1441       1308     5.4458  0.000e+00
      8.853    12.1162   3.715766    32.1369       1309     5.4500  0.000e+00
      8.847    12.1266   3.715915    32.1294       1310     5.4542  0.000e+00
      8.838    12.1331   3.715947    32.1241       1311     5.4583  0.000e+00
      8.847    12.1370   3.715966    32.1210       1312     5.4625  0.000e+00
      8.859    12.1386   3.715850    32.1185       1313     5.4667  0.000e+00
      8.871    12.1390   3.715921    32.1188       1314     5.4708  0.000e+00
      8.899    12.1392   3.715966    32.1190       1315     5.4750  0.000e+00
      8.920    12.1398   3.715947    32.1184       1316     5.4792  0.000e+00
      8.926    12.1398   3.715779    32.1167       1317     5.4833  0.000e+00
      8.914    12.1393   3.716121    32.1204       1318     5.4875  0.000e+00
      8.887    12.1401   3.716218    32.1207       1319     5.4917  0.000e+00
      8.841    12.1417   3.716218    32.1194       1320     5.4958  0.000e+00
      8.775    12.1426   3.716341    32.1198       1321     5.5000  0.000e+00
      8.699    12.1439   3.716568    32.1209       1322     5.5042  0.000e+00
      8.597    12.1467   3.716982    32.1225       1323     5.5083  0.000e+00
      8.479    12.1512   3.718004    32.1285       1324     5.5125  0.000e+00
      8.367    12.1598   3.719582    32.1364       1325     5.5167  0.000e+00
      8.277    12.1737   3.720527    32.1335       1326     5.5208  0.000e+00
      8.192    12.1888   3.721375    32.1287       1327     5.5250  0.000e+00
      8.129    12.2024   3.721944    32.1225       1328     5.5292  0.000e+00
      8.078    12.2131   3.722287    32.1166       1329     5.5333  0.000e+00
      8.014    12.2214   3.722540    32.1120       1330     5.5375  0.000e+00
      7.969    12.2272   3.722779    32.1093       1331     5.5417  0.000e+00
      7.939    12.2316   3.723031    32.1080       1332     5.5458  0.000e+00
      7.903    12.2352   3.723400    32.1084       1333     5.5500  0.000e+00
      7.885    12.2395   3.723646    32.1072       1334     5.5542  0.000e+00
      7.854    12.2435   3.723750    32.1047       1335     5.5583  0.000e+00
      7.809    12.2467   3.723866    32.1031       1336     5.5625  0.000e+00
      7.770    12.2490   3.723963    32.1021       1337     5.5667  0.000e+00
      7.731    12.2513   3.724177    32.1021       1338     5.5708  0.000e+00
      7.698    12.2539   3.724611    32.1041       1339     5.5750  0.000e+00
      7.670    12.2582   3.725051    32.1046       1340     5.5792  0.000e+00
      7.646    12.2630   3.725439    32.1043       1341     5.5833  0.000e+00
      7.610    12.2679   3.725653    32.1021       1342     5.5875  0.000e+00
      7.574    12.2716   3.725770    32.1000       1343     5.5917  0.000e+00
      7.556    12.2745   3.725886    32.0987       1344     5.5958  0.000e+00
      7.550    12.2767   3.725944    32.0974       1345     5.6000  0.000e+00
      7.559    12.2779   3.725912    32.0961       1346     5.6042  0.000e+00
      7.589    12.2786   3.725769    32.0941       1347     5.6083  0.000e+00
      7.610    12.2781   3.725562    32.0925       1348     5.6125  0.000e+00
      7.628    12.2769   3.725349    32.0915       1349     5.6167  0.000e+00
      7.653    12.2748   3.724915    32.0891       1350     5.6208  0.000e+00
      7.671    12.2716   3.724630    32.0891       1351     5.6250  0.000e+00
      7.668    12.2678   3.724533    32.0914       1352     5.6292  0.000e+00
      7.668    12.2651   3.725006    32.0983       1353     5.6333  0.000e+00
      7.632    12.2658   3.726080    32.1080       1354     5.6375  0.000e+00
      7.574    12.2715   3.726883    32.1108       1355     5.6417  0.000e+00
      7.487    12.2796   3.728470    32.1192       1356     5.6458  0.000e+00
      7.375    12.2923   3.730724    32.1299       1357     5.6500  0.000e+00
      7.242    12.3114   3.733634    32.1415       1358     5.6542  0.000e+00
      7.085    12.3381   3.738171    32.1621       1359     5.6583  0.000e+00
      6.904    12.3827   3.749772    32.2348       1360     5.6625  0.000e+00
      6.726    12.4577   3.754843    32.2190       1361     5.6667  0.000e+00
      6.554    12.5374   3.760820    32.2078       1362     5.6708  0.000e+00
      6.397    12.6142   3.777161    32.2976       1363     5.6750  0.000e+00
      6.270    12.7300   3.787929    32.3008       1364     5.6792  0.000e+00
      6.180    12.8598   3.791475    32.2236       1365     5.6833  0.000e+00
      6.152    12.9571   3.792589    32.1513       1366     5.6875  0.000e+00
      6.186    13.0165   3.792060    32.0959       1367     5.6917  0.000e+00
      6.258    13.0450   3.790455    32.0567       1368     5.6958  0.000e+00
      6.382    13.0485   3.782360    31.9775       1369     5.7000  0.000e+00
      6.518    13.0113   3.770270    31.8950       1370     5.7042  0.000e+00
      6.666    12.9295   3.762180    31.8876       1371     5.7083  0.000e+00
      6.796    12.8335   3.757151    31.9211       1372     5.7125  0.000e+00
      6.925    12.7484   3.748910    31.9149       1373     5.7167  0.000e+00
      7.028    12.6638   3.739620    31.8984       1374     5.7208  0.000e+00
      7.089    12.5673   3.735860    31.9444       1375     5.7250  0.000e+00
      7.116    12.4863   3.734247    31.9980       1376     5.7292  0.000e+00
      7.110    12.4307   3.734092    32.0438       1377     5.7333  0.000e+00
      7.055    12.4004   3.736712    32.0948       1378     5.7375  0.000e+00
      6.983    12.3971   3.738573    32.1154       1379     5.7417  0.000e+00
      6.883    12.4132   3.742159    32.1360       1380     5.7458  0.000e+00
      6.781    12.4436   3.753011    32.2136       1381     5.7500  0.000e+00
      6.669    12.5086   3.757870    32.2043       1382     5.7542  0.000e+00
      6.555    12.5778   3.763361    32.1974       1383     5.7583  0.000e+00
      6.425    12.6475   3.775774    32.2559       1384     5.7625  0.000e+00
      6.322    12.7436   3.786808    32.2785       1385     5.7667  0.000e+00
      6.216    12.8582   3.792557    32.2352       1386     5.7708  0.000e+00
      6.111    12.9594   3.798930    32.2093       1387     5.7750  0.000e+00
      6.026    13.0453   3.803825    32.1824       1388     5.7792  0.000e+00
      5.948    13.1204   3.808070    32.1587       1389     5.7833  0.000e+00
      5.888    13.1819   3.809879    32.1236       1390     5.7875  0.000e+00
      5.824    13.2270   3.810427    32.0907       1391     5.7917  0.000e+00
      5.782    13.2545   3.811270    32.0754       1392     5.7958  0.000e+00
      5.758    13.2719   3.812642    32.0736       1393     5.8000  0.000e+00
      5.737    13.2870   3.814014    32.0738       1394     5.8042  0.000e+00
      5.740    13.3014   3.814838    32.0693       1395     5.8083  0.000e+00
      5.758    13.3138   3.814962    32.0600       1396     5.8125  0.000e+00
      5.800    13.3211   3.813765    32.0427       1397     5.8167  0.000e+00
      5.855    13.3201   3.812131    32.0282       1398     5.8208  0.000e+00
      5.915    13.3118   3.811380    32.0281       1399     5.8250  0.000e+00
      5.981    13.3012   3.809518    32.0196       1400     5.8292  0.000e+00
      6.045    13.2863   3.806768    32.0064       1401     5.8333  0.000e+00
      6.108    13.2641   3.803607    31.9955       1402     5.8375  0.000e+00
      6.157    13.2348   3.800585    31.9917       1403     5.8417  0.000e+00
      6.190    13.2013   3.799182    32.0068       1404     5.8458  0.000e+00
      6.202    13.1737   3.798712    32.0256       1405     5.8500  0.000e+00
      6.211    13.1557   3.798889    32.0425       1406     5.8542  0.000e+00
      6.187    13.1468   3.800109    32.0615       1407     5.8583  0.000e+00
      6.132    13.1481   3.801186    32.0705       1408     5.8625  0.000e+00
      6.066    13.1553   3.803484    32.0860       1409     5.8667  0.000e+00
      5.991    13.1711   3.805541    32.0920       1410     5.8708  0.000e+00
      5.915    13.1917   3.808428    32.1017       1411     5.8750  0.000e+00
      5.834    13.2176   3.811107    32.1050       1412     5.8792  0.000e+00
      5.764    13.2470   3.812145    32.0900       1413     5.8833  0.000e+00
      5.707    13.2706   3.813335    32.0812       1414     5.8875  0.000e+00
      5.671    13.2892   3.814792    32.0792       1415     5.8917  0.000e+00
      5.625    13.3063   3.816341    32.0793       1416     5.8958  0.000e+00
      5.607    13.3229   3.818453    32.0851       1417     5.9000  0.000e+00
      5.580    13.3418   3.821050    32.0934       1418     5.9042  0.000e+00
      5.553    13.3651   3.826160    32.1216       1419     5.9083  0.000e+00
      5.499    13.4012   3.834161    32.1660       1420     5.9125  0.000e+00
      5.432    13.4575   3.839521    32.1685       1421     5.9167  0.000e+00
      5.339    13.5212   3.847047    32.1850       1422     5.9208  0.000e+00
      5.248    13.5937   3.857055    32.2171       1423     5.9250  0.000e+00
      5.128    13.6841   3.866633    32.2300       1424     5.9292  0.000e+00
      5.001    13.7813   3.871352    32.1921       1425     5.9333  0.000e+00
      4.886    13.8657   3.875936    32.1638       1426     5.9375  0.000e+00
      4.777    13.9342   3.884690    32.1873       1427     5.9417  0.000e+00
      4.690    14.0115   3.898410    32.2491       1428     5.9458  0.000e+00
      4.630    14.1186   3.908048    32.2481       1429     5.9500  0.000e+00
      4.608    14.2327   3.918522    32.2489       1430     5.9542  0.000e+00
      4.615    14.3480   3.926964    32.2301       1431     5.9583  0.000e+00
      4.636    14.4552   3.928444    32.1545       1432     5.9625  0.000e+00
      4.675    14.5274   3.930633    32.1146       1433     5.9667  0.000e+00
      4.717    14.5728   3.929124    32.0633       1434     5.9708  0.000e+00
      4.763    14.5903   3.917130    31.9398       1435     5.9750  0.000e+00
      4.817    14.5492   3.904663    31.8603       1436     5.9792  0.000e+00
      4.859    14.4587   3.893690    31.8348       1437     5.9833  0.000e+00
      4.914    14.3467   3.886338    31.8598       1438     5.9875  0.000e+00
      4.962    14.2437   3.881828    31.9035       1439     5.9917  0.000e+00
      4.989    14.1616   3.878577    31.9417       1440     5.9958  0.000e+00
      5.013    14.1001   3.876236    31.9711       1441     6.0000  0.000e+00
      5.022    14.0555   3.874710    31.9941       1442     6.0042  0.000e+00
      5.028    14.0250   3.875171    32.0237       1443     6.0083  0.000e+00
      5.022    14.0079   3.874401    32.0309       1444     6.0125  0.000e+00
      4.983    13.9979   3.876842    32.0616       1445     6.0167  0.000e+00
