HB2302/sbe203.cnv
* Sea-Bird SBE 19plus V2 Data File:
* FileName = C:\cruise\data\sbe203.hex
* Software Version Seasave V 7.26.7.121
* Temperature SN = 4758
* Conductivity SN = 4758
* System UpLoad Time = Jun 27 2023 15:54:28
* NMEA Latitude = 40 52.46 N
* NMEA Longitude = 069 45.01 W
* NMEA UTC (Time) = Jun 27 2023 15:53:27
** Cruise: HB2302
** Program: Ecomon
** Chief Scientist: Jerry Prezioso
# nquan = 7
# nvalues = 1475                                  
# units = specified
# name 0 = depSM: Depth [salt water, m]
# name 1 = tv290C: Temperature [ITS-90, deg C]
# name 2 = c0S/m: Conductivity [S/m]
# name 3 = sal00: Salinity, Practical [PSU]
# name 4 = scan: Scan Count
# name 5 = timeM: Time, Elapsed [minutes]
# name 6 = flag:  0.000e+00
# span 0 =     -0.088,     28.101                 
# span 1 =    13.6666,    17.2399                 
# span 2 =   0.004785,   3.908099                 
# span 3 =     0.0306,    32.1692                 
# span 4 =         11,       1485                 
# span 5 =     0.0417,     6.1833                 
# span 6 = 0.0000e+00, 0.0000e+00                 
# interval = seconds: 0.25
# start_time = Jun 27 2023 15:53:27 [NMEA time, header]
# bad_flag = -9.990e-29
*END*
[from data line 1436]
      0.299    13.7815   3.800530    31.5388       1447     6.0250  0.000e+00
      0.154    13.7795   3.800484    31.5401       1448     6.0292  0.000e+00
      0.036    13.7781   3.800439    31.5408       1449     6.0333  0.000e+00
     -0.024    13.7767   3.800439    31.5420       1450     6.0375  0.000e+00
     -0.067    13.7746   3.800386    31.5433       1451     6.0417  0.000e+00
     -0.076    13.7725   2.406676    19.0551       1452     6.0458  0.000e+00
     -0.073    13.7738   0.482612     3.3636       1453     6.0500  0.000e+00
     -0.076    13.7800   0.332350     2.2620       1454     6.0542  0.000e+00
     -0.079    13.7852   1.031002     7.5865       1455     6.0583  0.000e+00
     -0.064    13.7866   3.782349    31.3669       1456     6.0625  0.000e+00
     -0.018    13.7858   3.786011    31.4014       1457     6.0667  0.000e+00
      0.018    13.7821   3.774814    31.3010       1458     6.0708  0.000e+00
      0.048    13.7793   3.798794    31.5247       1459     6.0750  0.000e+00
      0.066    13.7773   3.800870    31.5455       1460     6.0792  0.000e+00
      0.121    13.7764   3.800915    31.5466       1461     6.0833  0.000e+00
      0.163    13.7763   3.800843    31.5460       1462     6.0875  0.000e+00
      0.133    13.7760   3.800576    31.5438       1463     6.0917  0.000e+00
      0.051    13.7730   3.800119    31.5421       1464     6.0958  0.000e+00
     -0.055    13.7678   2.643259    21.1219       1465     6.1000  0.000e+00
     -0.073    13.7669   0.603010     4.2674       1466     6.1042  0.000e+00
     -0.070    13.7794   0.386445     2.6548       1467     6.1083  0.000e+00
     -0.079    13.8015   0.321813     2.1849       1468     6.1125  0.000e+00
     -0.079    13.8238   0.281082     1.8921       1469     6.1167  0.000e+00
     -0.082    13.8425   0.255820     1.7119       1470     6.1208  0.000e+00
     -0.076    13.8504   0.226290     1.5037       1471     6.1250  0.000e+00
     -0.069    13.8509   0.204610     1.3522       1472     6.1292  0.000e+00
     -0.078    13.8492   0.187393     1.2327       1473     6.1333  0.000e+00
     -0.072    13.8471   0.179965     1.1815       1474     6.1375  0.000e+00
     -0.069    13.8453   0.179540     1.1786       1475     6.1417  0.000e+00
     -0.072    13.8467   0.185963     1.2229       1476     6.1458  0.000e+00
     -0.078    13.8535   0.176623     1.1582       1477     6.1500  0.000e+00
     -0.082    13.8602   0.161150     1.0517       1478     6.1542  0.000e+00
     -0.075    13.8630   0.161475     1.0538       1479     6.1583  0.000e+00
     -0.075    13.8613   0.171816     1.1249       1480     6.1625  0.000e+00
     -0.075    13.8614   0.150216     0.9769       1481     6.1667  0.000e+00
     -0.075    13.8657   0.151045     0.9824       1482     6.1708  0.000e+00
     -0.078    13.8664   0.152662     0.9934       1483     6.1750  0.000e+00
     -0.084    13.8680   0.142287     0.9227       1484     6.1792  0.000e+00
     -0.075    13.8698   0.137667     0.8913       1485     6.1833  0.000e+00
