HB2302/sbe205.cnv
* Sea-Bird SBE 19plus V2 Data File:
* FileName = C:\cruise\data\sbe205.hex
* Software Version Seasave V 7.26.7.121
* Temperature SN = 4758
* Conductivity SN = 4758
* System UpLoad Time = Jun 27 2023 18:44:28
* NMEA Latitude = 40 42.66 N
* NMEA Longitude = 070 03.40 W
* NMEA UTC (Time) = Jun 27 2023 18:43:27
** Cruise: HB2302
** Program: Ecomon
** Chief Scientist: Jerry Prezioso
# nquan = 7
# nvalues = 1385                                  
# units = specified
# name 0 = depSM: Depth [salt water, m]
# name 1 = tv290C: Temperature [ITS-90, deg C]
# name 2 = c0S/m: Conductivity [S/m]
# name 3 = sal00: Salinity, Practical [PSU]
# name 4 = scan: Scan Count
# name 5 = timeM: Time, Elapsed [minutes]
# name 6 = flag:  0.000e+00
# span 0 =     -0.127,     41.247                 
# span 1 =    11.3432,    19.4005                 
# span 2 =   0.006541,   4.121778                 
# span 3 =     0.0387,    34.2926                 
# span 4 =         11,       1395                 
# span 5 =     0.0417,     5.8083                 
# span 6 = 0.0000e+00, 0.0000e+00                 
# interval = seconds: 0.25
# start_time = Jun 27 2023 18:43:27 [NMEA time, header]
# bad_flag = -9.990e-29
*END*
[from data line 411]
     40.451    11.3505   3.653200    32.1793        422     1.7542  0.000e+00
     40.427    11.3505   3.653219    32.1795        423     1.7583  0.000e+00
     40.391    11.3503   3.653136    32.1789        424     1.7625  0.000e+00
     40.337    11.3503   3.653174    32.1793        425     1.7667  0.000e+00
     40.273    11.3504   3.653174    32.1792        426     1.7708  0.000e+00
     40.234    11.3504   3.653200    32.1795        427     1.7750  0.000e+00
     40.204    11.3505   3.653200    32.1794        428     1.7792  0.000e+00
     40.186    11.3506   3.653174    32.1790        429     1.7833  0.000e+00
     40.198    11.3506   3.653174    32.1790        430     1.7875  0.000e+00
     40.207    11.3504   3.653219    32.1797        431     1.7917  0.000e+00
     40.246    11.3508   3.653245    32.1796        432     1.7958  0.000e+00
     40.259    11.3508   3.653200    32.1791        433     1.8000  0.000e+00
     40.292    11.3506   3.653219    32.1794        434     1.8042  0.000e+00
     40.331    11.3506   3.653181    32.1791        435     1.8083  0.000e+00
     40.358    11.3506   3.653155    32.1788        436     1.8125  0.000e+00
     40.367    11.3506   3.653110    32.1784        437     1.8167  0.000e+00
     40.374    11.3503   3.653091    32.1784        438     1.8208  0.000e+00
     40.365    11.3502   3.653110    32.1788        439     1.8250  0.000e+00
     40.322    11.3498   3.653110    32.1791        440     1.8292  0.000e+00
     40.277    11.3498   3.653039    32.1784        441     1.8333  0.000e+00
     40.214    11.3498   3.653046    32.1785        442     1.8375  0.000e+00
     40.153    11.3497   3.653065    32.1788        443     1.8417  0.000e+00
     40.090    11.3495   3.653065    32.1790        444     1.8458  0.000e+00
     40.015    11.3492   3.653072    32.1794        445     1.8500  0.000e+00
     39.945    11.3493   3.653110    32.1797        446     1.8542  0.000e+00
     39.882    11.3495   3.653129    32.1797        447     1.8583  0.000e+00
     39.834    11.3495   3.653129    32.1798        448     1.8625  0.000e+00
     39.806    11.3497   3.653155    32.1798        449     1.8667  0.000e+00
     39.791    11.3497   3.653155    32.1799        450     1.8708  0.000e+00
     39.807    11.3499   3.653129    32.1794        451     1.8750  0.000e+00
     39.858    11.3499   3.653181    32.1798        452     1.8792  0.000e+00
     39.909    11.3499   3.653155    32.1796        453     1.8833  0.000e+00
     39.979    11.3497   3.653264    32.1808        454     1.8875  0.000e+00
     40.064    11.3502   3.653245    32.1802        455     1.8917  0.000e+00
     40.148    11.3508   3.653264    32.1798        456     1.8958  0.000e+00
     40.239    11.3509   3.653245    32.1795        457     1.9000  0.000e+00
     40.311    11.3513   3.653174    32.1784        458     1.9042  0.000e+00
     40.336    11.3511   3.653136    32.1782        459     1.9083  0.000e+00
     40.342    11.3506   3.653084    32.1782        460     1.9125  0.000e+00
     40.363    11.3497   3.653110    32.1791        461     1.9167  0.000e+00
     40.381    11.3496   3.653072    32.1788        462     1.9208  0.000e+00
     40.360    11.3493   3.653065    32.1790        463     1.9250  0.000e+00
     40.309    11.3492   3.653110    32.1796        464     1.9292  0.000e+00
     40.224    11.3495   3.653110    32.1794        465     1.9333  0.000e+00
     40.128    11.3495   3.653117    32.1795        466     1.9375  0.000e+00
     40.010    11.3495   3.653084    32.1792        467     1.9417  0.000e+00
     39.904    11.3495   3.653084    32.1793        468     1.9458  0.000e+00
     39.784    11.3495   3.653071    32.1792        469     1.9500  0.000e+00
     39.672    11.3496   3.653039    32.1788        470     1.9542  0.000e+00
     39.569    11.3495   3.652969    32.1783        471     1.9583  0.000e+00
     39.482    11.3492   3.652969    32.1786        472     1.9625  0.000e+00
     39.422    11.3491   3.652962    32.1787        473     1.9667  0.000e+00
     39.406    11.3490   3.652969    32.1788        474     1.9708  0.000e+00
     39.391    11.3489   3.652968    32.1789        475     1.9750  0.000e+00
     39.404    11.3490   3.652962    32.1787        476     1.9792  0.000e+00
     39.440    11.3489   3.652969    32.1789        477     1.9833  0.000e+00
     39.488    11.3492   3.652949    32.1784        478     1.9875  0.000e+00
     39.528    11.3490   3.652949    32.1785        479     1.9917  0.000e+00
     39.564    11.3493   3.652981    32.1786        480     1.9958  0.000e+00
     39.585    11.3493   3.652924    32.1780        481     2.0000  0.000e+00
     39.594    11.3491   3.652879    32.1777        482     2.0042  0.000e+00
     39.597    11.3486   3.652917    32.1785        483     2.0083  0.000e+00
     39.591    11.3484   3.652949    32.1791        484     2.0125  0.000e+00
     39.573    11.3486   3.652969    32.1790        485     2.0167  0.000e+00
     39.540    11.3488   3.652969    32.1789        486     2.0208  0.000e+00
     39.495    11.3489   3.652917    32.1783        487     2.0250  0.000e+00
     39.444    11.3488   3.652859    32.1779        488     2.0292  0.000e+00
     39.383    11.3489   3.652904    32.1782        489     2.0333  0.000e+00
     39.311    11.3486   3.652962    32.1791        490     2.0375  0.000e+00
     39.257    11.3487   3.652923    32.1786        491     2.0417  0.000e+00
     39.193    11.3488   3.652923    32.1786        492     2.0458  0.000e+00
     39.127    11.3486   3.652904    32.1786        493     2.0500  0.000e+00
     39.067    11.3486   3.652917    32.1788        494     2.0542  0.000e+00
     39.000    11.3485   3.652949    32.1792        495     2.0583  0.000e+00
     38.940    11.3483   3.652923    32.1791        496     2.0625  0.000e+00
     38.870    11.3483   3.652917    32.1791        497     2.0667  0.000e+00
     38.807    11.3483   3.652904    32.1790        498     2.0708  0.000e+00
     38.750    11.3482   3.652923    32.1793        499     2.0750  0.000e+00
     38.695    11.3482   3.652904    32.1791        500     2.0792  0.000e+00
     38.638    11.3482   3.652878    32.1789        501     2.0833  0.000e+00
     38.593    11.3483   3.652878    32.1788        502     2.0875  0.000e+00
     38.542    11.3482   3.652878    32.1790        503     2.0917  0.000e+00
     38.502    11.3481   3.652833    32.1786        504     2.0958  0.000e+00
     38.478    11.3478   3.652833    32.1789        505     2.1000  0.000e+00
     38.451    11.3478   3.652788    32.1784        506     2.1042  0.000e+00
     38.433    11.3477   3.652788    32.1786        507     2.1083  0.000e+00
     38.421    11.3479   3.652769    32.1782        508     2.1125  0.000e+00
     38.406    11.3480   3.652769    32.1781        509     2.1167  0.000e+00
     38.394    11.3478   3.652769    32.1783        510     2.1208  0.000e+00
     38.388    11.3476   3.652769    32.1785        511     2.1250  0.000e+00
     38.376    11.3478   3.652724    32.1779        512     2.1292  0.000e+00
     38.361    11.3476   3.652743    32.1782        513     2.1333  0.000e+00
     38.331    11.3473   3.652724    32.1783        514     2.1375  0.000e+00
     38.295    11.3473   3.652705    32.1781        515     2.1417  0.000e+00
     38.238    11.3473   3.652724    32.1784        516     2.1458  0.000e+00
     38.186    11.3473   3.652743    32.1786        517     2.1500  0.000e+00
     38.126    11.3471   3.652724    32.1786        518     2.1542  0.000e+00
     38.063    11.3471   3.652724    32.1786        519     2.1583  0.000e+00
     37.990    11.3471   3.652698    32.1784        520     2.1625  0.000e+00
     37.915    11.3470   3.652743    32.1789        521     2.1667  0.000e+00
     37.845    11.3471   3.652724    32.1787        522     2.1708  0.000e+00
     37.770    11.3471   3.652724    32.1787        523     2.1750  0.000e+00
     37.710    11.3471   3.652679    32.1783        524     2.1792  0.000e+00
     37.634    11.3470   3.652653    32.1782        525     2.1833  0.000e+00
     37.580    11.3468   3.652679    32.1786        526     2.1875  0.000e+00
     37.529    11.3467   3.652679    32.1787        527     2.1917  0.000e+00
     37.483    11.3467   3.652653    32.1785        528     2.1958  0.000e+00
     37.456    11.3467   3.652640    32.1784        529     2.2000  0.000e+00
     37.432    11.3465   3.652634    32.1785        530     2.2042  0.000e+00
     37.429    11.3465   3.652653    32.1787        531     2.2083  0.000e+00
     37.420    11.3464   3.652653    32.1788        532     2.2125  0.000e+00
     37.429    11.3465   3.652640    32.1786        533     2.2167  0.000e+00
     37.423    11.3464   3.652634    32.1786        534     2.2208  0.000e+00
     37.399    11.3463   3.652634    32.1787        535     2.2250  0.000e+00
     37.366    11.3465   3.652614    32.1784        536     2.2292  0.000e+00
     37.315    11.3464   3.652608    32.1784        537     2.2333  0.000e+00
     37.258    11.3467   3.652563    32.1777        538     2.2375  0.000e+00
     37.173    11.3467   3.652537    32.1775        539     2.2417  0.000e+00
     37.065    11.3467   3.652550    32.1777        540     2.2458  0.000e+00
     36.956    11.3466   3.652563    32.1779        541     2.2500  0.000e+00
     36.841    11.3464   3.652563    32.1782        542     2.2542  0.000e+00
     36.717    11.3462   3.652569    32.1784        543     2.2583  0.000e+00
     36.609    11.3462   3.652582    32.1786        544     2.2625  0.000e+00
     36.518    11.3461   3.652582    32.1787        545     2.2667  0.000e+00
     36.449    11.3460   3.652537    32.1784        546     2.2708  0.000e+00
     36.404    11.3462   3.652486    32.1778        547     2.2750  0.000e+00
     36.398    11.3461   3.652492    32.1779        548     2.2792  0.000e+00
     36.428    11.3463   3.652537    32.1781        549     2.2833  0.000e+00
     36.473    11.3466   3.652569    32.1782        550     2.2875  0.000e+00
     36.552    11.3466   3.652563    32.1781        551     2.2917  0.000e+00
     36.628    11.3467   3.652563    32.1780        552     2.2958  0.000e+00
     36.706    11.3467   3.652582    32.1782        553     2.3000  0.000e+00
     36.791    11.3467   3.652640    32.1787        554     2.3042  0.000e+00
     36.848    11.3468   3.652608    32.1782        555     2.3083  0.000e+00
     36.909    11.3470   3.652582    32.1778        556     2.3125  0.000e+00
     36.936    11.3469   3.652531    32.1773        557     2.3167  0.000e+00
     36.939    11.3469   3.652518    32.1773        558     2.3208  0.000e+00
     36.930    11.3465   3.652518    32.1776        559     2.3250  0.000e+00
     36.900    11.3464   3.652537    32.1779        560     2.3292  0.000e+00
     36.843    11.3461   3.652531    32.1781        561     2.3333  0.000e+00
     36.749    11.3460   3.652537    32.1783        562     2.3375  0.000e+00
     36.622    11.3460   3.652518    32.1781        563     2.3417  0.000e+00
     36.490    11.3461   3.652505    32.1780        564     2.3458  0.000e+00
     36.357    11.3461   3.652473    32.1777        565     2.3500  0.000e+00
     36.209    11.3461   3.652447    32.1775        566     2.3542  0.000e+00
     36.061    11.3459   3.652428    32.1776        567     2.3583  0.000e+00
     35.925    11.3458   3.652421    32.1776        568     2.3625  0.000e+00
     35.801    11.3456   3.652428    32.1780        569     2.3667  0.000e+00
     35.699    11.3456   3.652447    32.1782        570     2.3708  0.000e+00
     35.617    11.3455   3.652440    32.1782        571     2.3750  0.000e+00
     35.548    11.3454   3.652428    32.1782        572     2.3792  0.000e+00
     35.500    11.3453   3.652447    32.1785        573     2.3833  0.000e+00
     35.476    11.3451   3.652402    32.1782        574     2.3875  0.000e+00
     35.461    11.3453   3.652376    32.1779        575     2.3917  0.000e+00
     35.458    11.3453   3.652402    32.1781        576     2.3958  0.000e+00
     35.485    11.3452   3.652402    32.1782        577     2.4000  0.000e+00
     35.509    11.3454   3.652421    32.1782        578     2.4042  0.000e+00
     35.561    11.3454   3.652428    32.1783        579     2.4083  0.000e+00
     35.609    11.3451   3.652428    32.1784        580     2.4125  0.000e+00
     35.666    11.3454   3.652447    32.1784        581     2.4167  0.000e+00
     35.745    11.3456   3.652440    32.1781        582     2.4208  0.000e+00
     35.799    11.3457   3.652447    32.1781        583     2.4250  0.000e+00
     35.860    11.3459   3.652428    32.1777        584     2.4292  0.000e+00
     35.902    11.3457   3.652466    32.1782        585     2.4333  0.000e+00
     35.945    11.3456   3.652428    32.1779        586     2.4375  0.000e+00
     35.969    11.3454   3.652428    32.1781        587     2.4417  0.000e+00
     35.966    11.3456   3.652402    32.1776        588     2.4458  0.000e+00
     35.951    11.3457   3.652421    32.1777        589     2.4500  0.000e+00
     35.891    11.3456   3.652402    32.1777        590     2.4542  0.000e+00
     35.806    11.3458   3.652383    32.1774        591     2.4583  0.000e+00
     35.700    11.3456   3.652331    32.1771        592     2.4625  0.000e+00
     35.577    11.3452   3.652357    32.1777        593     2.4667  0.000e+00
     35.438    11.3454   3.652338    32.1774        594     2.4708  0.000e+00
     35.302    11.3454   3.652382    32.1779        595     2.4750  0.000e+00
     35.154    11.3456   3.652357    32.1776        596     2.4792  0.000e+00
     35.024    11.3459   3.652312    32.1769        597     2.4833  0.000e+00
     34.904    11.3457   3.652337    32.1774        598     2.4875  0.000e+00
     34.813    11.3454   3.652292    32.1773        599     2.4917  0.000e+00
     34.738    11.3450   3.652267    32.1773        600     2.4958  0.000e+00
     34.686    11.3448   3.652241    32.1773        601     2.5000  0.000e+00
     34.632    11.3451   3.652312    32.1778        602     2.5042  0.000e+00
     34.620    11.3451   3.652292    32.1775        603     2.5083  0.000e+00
     34.620    11.3451   3.652292    32.1776        604     2.5125  0.000e+00
     34.629    11.3449   3.652267    32.1775        605     2.5167  0.000e+00
     34.651    11.3445   3.652267    32.1778        606     2.5208  0.000e+00
     34.666    11.3446   3.652292    32.1780        607     2.5250  0.000e+00
     34.684    11.3445   3.652267    32.1778        608     2.5292  0.000e+00
     34.693    11.3444   3.652267    32.1779        609     2.5333  0.000e+00
     34.687    11.3444   3.652247    32.1777        610     2.5375  0.000e+00
     34.678    11.3443   3.652292    32.1783        611     2.5417  0.000e+00
     34.672    11.3444   3.652267    32.1779        612     2.5458  0.000e+00
     34.648    11.3446   3.652292    32.1780        613     2.5500  0.000e+00
     34.615    11.3447   3.652267    32.1777        614     2.5542  0.000e+00
     34.567    11.3444   3.652241    32.1777        615     2.5583  0.000e+00
     34.518    11.3441   3.652241    32.1780        616     2.5625  0.000e+00
     34.461    11.3437   3.652247    32.1784        617     2.5667  0.000e+00
     34.407    11.3437   3.652222    32.1782        618     2.5708  0.000e+00
     34.356    11.3436   3.652196    32.1781        619     2.5750  0.000e+00
     34.274    11.3435   3.652202    32.1782        620     2.5792  0.000e+00
     34.214    11.3434   3.652196    32.1782        621     2.5833  0.000e+00
     34.132    11.3432   3.652196    32.1784        622     2.5875  0.000e+00
     34.075    11.3434   3.652151    32.1779        623     2.5917  0.000e+00
     34.006    11.3436   3.652164    32.1778        624     2.5958  0.000e+00
     33.945    11.3436   3.652196    32.1782        625     2.6000  0.000e+00
