HB2302/sbe209.cnv
* Sea-Bird SBE 19plus V2 Data File:
* FileName = C:\cruise\data\sbe209.hex
* Software Version Seasave V 7.26.7.121
* Temperature SN = 4758
* Conductivity SN = 4758
* System UpLoad Time = Jun 28 2023 01:20:04
* NMEA Latitude = 41 06.14 N
* NMEA Longitude = 071 09.15 W
* NMEA UTC (Time) = Jun 28 2023 01:19:03
** Cruise: HB2302
** Program: Ecomon
** Chief Scientist: Jerry Prezioso
# nquan = 7
# nvalues = 1375                                  
# units = specified
# name 0 = depSM: Depth [salt water, m]
# name 1 = tv290C: Temperature [ITS-90, deg C]
# name 2 = c0S/m: Conductivity [S/m]
# name 3 = sal00: Salinity, Practical [PSU]
# name 4 = scan: Scan Count
# name 5 = timeM: Time, Elapsed [minutes]
# name 6 = flag:  0.000e+00
# span 0 =     -0.129,     32.034                 
# span 1 =    11.1375,    18.8186                 
# span 2 =  -0.028631,   4.172821                 
# span 3 =     0.0000,    34.6055                 
# span 4 =         11,       1385                 
# span 5 =     0.0417,     5.7667                 
# span 6 = 0.0000e+00, 0.0000e+00                 
# interval = seconds: 0.25
# start_time = Jun 28 2023 01:19:03 [NMEA time, header]
# bad_flag = -9.990e-29
*END*
[from data line 206]
     12.035    16.7875   4.137399    32.1082        217     0.9000  0.000e+00
     12.192    16.9127   4.139641    32.0277        218     0.9042  0.000e+00
     12.364    16.9916   4.144873    32.0099        219     0.9083  0.000e+00
     12.551    17.0632   4.151656    32.0114        220     0.9125  0.000e+00
     12.757    17.1387   4.154335    31.9745        221     0.9167  0.000e+00
     12.956    17.2109   4.155383    31.9263        222     0.9208  0.000e+00
     13.150    17.2758   4.156574    31.8852        223     0.9250  0.000e+00
     13.349    17.3258   4.156898    31.8486        224     0.9292  0.000e+00
     13.527    17.3607   4.155165    31.8063        225     0.9333  0.000e+00
     13.681    17.3836   4.140704    31.6648        226     0.9375  0.000e+00
     13.805    17.3926   4.133366    31.5952        227     0.9417  0.000e+00
     13.890    17.3906   4.135710    31.6166        228     0.9458  0.000e+00
     13.980    17.3038   4.138245    31.7062        229     0.9500  0.000e+00
     14.026    17.1679   4.141430    31.8402        230     0.9542  0.000e+00
     14.086    17.1072   4.145325    31.9216        231     0.9583  0.000e+00
     14.144    17.1013   4.148747    31.9556        232     0.9625  0.000e+00
     14.201    17.1068   4.153504    31.9921        233     0.9667  0.000e+00
     14.270    17.1437   4.154782    31.9738        234     0.9708  0.000e+00
     14.373    17.2067   4.154233    31.9193        235     0.9750  0.000e+00
     14.482    17.2666   4.154442    31.8737        236     0.9792  0.000e+00
     14.615    17.3084   4.155065    31.8461        237     0.9833  0.000e+00
     14.754    17.3340   4.155504    31.8297        238     0.9875  0.000e+00
     14.896    17.3521   4.155795    31.8179        239     0.9917  0.000e+00
     15.035    17.3646   4.155971    31.8095        240     0.9958  0.000e+00
     15.174    17.3732   4.154536    31.7905        241     1.0000  0.000e+00
     15.316    17.3777   4.149901    31.7473        242     1.0042  0.000e+00
     15.446    17.3754   4.145768    31.7139        243     1.0083  0.000e+00
     15.573    17.3692   4.143314    31.6977        244     1.0125  0.000e+00
     15.694    17.3087   4.132030    31.6486        245     1.0167  0.000e+00
     15.802    16.8827   4.047331    31.2543        246     1.0208  0.000e+00
     15.905    16.1311   3.950840    31.0023        247     1.0250  0.000e+00
     15.996    15.3820   3.902460    31.1645        248     1.0292  0.000e+00
     16.101    14.7736   3.881628    31.4646        249     1.0333  0.000e+00
     16.207    14.3107   3.872461    31.7583        250     1.0375  0.000e+00
     16.328    13.9815   3.867974    31.9892        251     1.0417  0.000e+00
     16.458    13.7481   3.869877    32.2018        252     1.0458  0.000e+00
     16.600    13.5792   3.871800    32.3621        253     1.0500  0.000e+00
     16.745    13.4408   3.872150    32.4828        254     1.0542  0.000e+00
     16.893    13.3283   3.866411    32.5250        255     1.0583  0.000e+00
     17.035    13.2330   3.852298    32.4740        256     1.0625  0.000e+00
     17.165    13.1490   3.843384    32.4620        257     1.0667  0.000e+00
     17.295    13.0803   3.832860    32.4215        258     1.0708  0.000e+00
     17.406    13.0058   3.812159    32.2900        259     1.0750  0.000e+00
     17.512    12.9396   3.797740    32.2102        260     1.0792  0.000e+00
     17.609    12.8823   3.793331    32.2174        261     1.0833  0.000e+00
     17.691    12.8221   3.788069    32.2188        262     1.0875  0.000e+00
     17.772    12.7672   3.792224    32.3050        263     1.0917  0.000e+00
     17.833    12.7312   3.830009    32.6948        264     1.0958  0.000e+00
     17.905    12.7296   3.914979    33.5056        265     1.1000  0.000e+00
     17.987    12.7314   3.989219    34.2134        266     1.1042  0.000e+00
     18.071    12.8105   4.037734    34.6055        267     1.1083  0.000e+00
     18.168    13.2393   4.025614    34.1010        268     1.1125  0.000e+00
     18.274    13.8761   3.999129    33.2909        269     1.1167  0.000e+00
     18.395    14.4804   3.985550    32.6492        270     1.1208  0.000e+00
     18.515    14.8847   3.976811    32.2325        271     1.1250  0.000e+00
     18.667    15.1209   3.969690    31.9742        272     1.1292  0.000e+00
     18.818    15.2203   3.965949    31.8597        273     1.1333  0.000e+00
     18.978    15.2201   3.964588    31.8475        274     1.1375  0.000e+00
     19.138    15.1801   3.979939    32.0176        275     1.1417  0.000e+00
     19.310    15.1506   4.002338    32.2427        276     1.1458  0.000e+00
     19.479    15.1507   3.818325    30.5961        277     1.1500  0.000e+00
     19.651    14.6380   3.721848    30.1306        278     1.1542  0.000e+00
     19.815    13.6746   3.716987    30.8471        279     1.1583  0.000e+00
     19.975    13.0245   3.714659    31.3559        280     1.1625  0.000e+00
     20.141    12.6741   3.712141    31.6239        281     1.1667  0.000e+00
     20.283    12.4918   3.710812    31.7647        282     1.1708  0.000e+00
     20.428    12.3981   3.708867    31.8253        283     1.1750  0.000e+00
     20.549    12.3444   3.707161    31.8546        284     1.1792  0.000e+00
     20.664    12.3097   3.704732    31.8608        285     1.1833  0.000e+00
     20.772    12.2817   3.701457    31.8532        286     1.1875  0.000e+00
     20.863    12.2517   3.697829    31.8439        287     1.1917  0.000e+00
     20.957    12.2177   3.694531    31.8412        288     1.1958  0.000e+00
     21.038    12.1829   3.692989    31.8560        289     1.2000  0.000e+00
     21.108    12.1549   3.691750    31.8679        290     1.2042  0.000e+00
     21.171    12.1343   3.690692    31.8753        291     1.2083  0.000e+00
     21.229    12.1180   3.689512    31.8778        292     1.2125  0.000e+00
     21.286    12.1039   3.688306    31.8783        293     1.2167  0.000e+00
     21.349    12.0902   3.688332    31.8902        294     1.2208  0.000e+00
     21.422    12.0819   3.687803    31.8921        295     1.2250  0.000e+00
     21.501    12.0756   3.687043    31.8902        296     1.2292  0.000e+00
     21.597    12.0686   3.686624    31.8921        297     1.2333  0.000e+00
     21.703    12.0626   3.687320    31.9039        298     1.2375  0.000e+00
     21.815    12.0618   3.687114    31.9025        299     1.2417  0.000e+00
     21.948    12.0621   3.685798    31.8895        300     1.2458  0.000e+00
     22.084    12.0557   3.684612    31.8836        301     1.2500  0.000e+00
     22.232    12.0441   3.683626    31.8840        302     1.2542  0.000e+00
     22.377    12.0317   3.682498    31.8836        303     1.2583  0.000e+00
     22.528    12.0178   3.681016    31.8811        304     1.2625  0.000e+00
     22.676    12.0026   3.679985    31.8842        305     1.2667  0.000e+00
     22.824    11.9870   3.677202    31.8706        306     1.2708  0.000e+00
     22.969    11.9646   3.674658    31.8651        307     1.2750  0.000e+00
     23.120    11.9379   3.672102    31.8633        308     1.2792  0.000e+00
     23.271    11.9107   3.670397    31.8700        309     1.2833  0.000e+00
     23.419    11.8872   3.669799    31.8843        310     1.2875  0.000e+00
     23.564    11.8701   3.670365    31.9043        311     1.2917  0.000e+00
     23.706    11.8601   3.670919    31.9182        312     1.2958  0.000e+00
     23.845    11.8544   3.670642    31.9203        313     1.3000  0.000e+00
     23.975    11.8493   3.667836    31.8975        314     1.3042  0.000e+00
     24.111    11.8353   3.666704    31.8985        315     1.3083  0.000e+00
     24.238    11.8178   3.665353    31.9004        316     1.3125  0.000e+00
     24.362    11.8014   3.664330    31.9045        317     1.3167  0.000e+00
     24.480    11.7855   3.663276    31.9079        318     1.3208  0.000e+00
     24.600    11.7704   3.662620    31.9145        319     1.3250  0.000e+00
     24.718    11.7579   3.662054    31.9196        320     1.3292  0.000e+00
     24.824    11.7470   3.661373    31.9224        321     1.3333  0.000e+00
     24.945    11.7363   3.661186    31.9297        322     1.3375  0.000e+00
     25.057    11.7288   3.660505    31.9295        323     1.3417  0.000e+00
     25.175    11.7209   3.660113    31.9325        324     1.3458  0.000e+00
     25.289    11.7134   3.660004    31.9378        325     1.3500  0.000e+00
     25.404    11.7077   3.659824    31.9409        326     1.3542  0.000e+00
     25.510    11.7036   3.659663    31.9428        327     1.3583  0.000e+00
     25.613    11.7005   3.659637    31.9452        328     1.3625  0.000e+00
     25.718    11.6982   3.659162    31.9425        329     1.3667  0.000e+00
     25.809    11.6942   3.658866    31.9431        330     1.3708  0.000e+00
     25.894    11.6899   3.658667    31.9448        331     1.3750  0.000e+00
     25.966    11.6862   3.658596    31.9472        332     1.3792  0.000e+00
     26.036    11.6838   3.658371    31.9471        333     1.3833  0.000e+00
     26.105    11.6815   3.658037    31.9458        334     1.3875  0.000e+00
     26.175    11.6784   3.657825    31.9464        335     1.3917  0.000e+00
     26.253    11.6747   3.657664    31.9480        336     1.3958  0.000e+00
     26.335    11.6714   3.657844    31.9525        337     1.4000  0.000e+00
     26.438    11.6695   3.658339    31.9589        338     1.4042  0.000e+00
     26.549    11.6690   3.658481    31.9607        339     1.4083  0.000e+00
     26.679    11.6698   3.658912    31.9642        340     1.4125  0.000e+00
     26.827    11.6717   3.659657    31.9697        341     1.4167  0.000e+00
     26.988    11.6731   3.660075    31.9724        342     1.4208  0.000e+00
     27.160    11.6748   3.659844    31.9687        343     1.4250  0.000e+00
     27.350    11.6738   3.659683    31.9679        344     1.4292  0.000e+00
     27.552    11.6723   3.659073    31.9632        345     1.4333  0.000e+00
     27.746    11.6689   3.658076    31.9564        346     1.4375  0.000e+00
     27.954    11.6608   3.656849    31.9513        347     1.4417  0.000e+00
     28.163    11.6497   3.655634    31.9490        348     1.4458  0.000e+00
     28.359    11.6367   3.653784    31.9421        349     1.4500  0.000e+00
     28.549    11.6206   3.652441    31.9428        350     1.4542  0.000e+00
     28.707    11.6033   3.649609    31.9301        351     1.4583  0.000e+00
     28.836    11.5798   3.645076    31.9062        352     1.4625  0.000e+00
     28.924    11.5466   3.643927    31.9236        353     1.4667  0.000e+00
     28.982    11.5162   3.641957    31.9306        354     1.4708  0.000e+00
     29.003    11.4876   3.640103    31.9371        355     1.4750  0.000e+00
     28.994    11.4610   3.639584    31.9551        356     1.4792  0.000e+00
     28.970    11.4418   3.639379    31.9697        357     1.4833  0.000e+00
     28.933    11.4306   3.639334    31.9790        358     1.4875  0.000e+00
     28.894    11.4251   3.639328    31.9837        359     1.4917  0.000e+00
     28.867    11.4227   3.639244    31.9849        360     1.4958  0.000e+00
     28.864    11.4212   3.639135    31.9852        361     1.5000  0.000e+00
     28.888    11.4203   3.639155    31.9861        362     1.5042  0.000e+00
     28.943    11.4198   3.639071    31.9857        363     1.5083  0.000e+00
     29.039    11.4191   3.638860    31.9842        364     1.5125  0.000e+00
     29.163    11.4167   3.639719    31.9946        365     1.5167  0.000e+00
     29.308    11.4130   3.640849    32.0088        366     1.5208  0.000e+00
     29.487    11.4014   3.641009    32.0204        367     1.5250  0.000e+00
     29.671    11.3819   3.638366    32.0114        368     1.5292  0.000e+00
     29.870    11.3521   3.637597    32.0295        369     1.5333  0.000e+00
     30.076    11.3237   3.637104    32.0493        370     1.5375  0.000e+00
     30.281    11.3035   3.637373    32.0693        371     1.5417  0.000e+00
     30.493    11.2935   3.636559    32.0700        372     1.5458  0.000e+00
     30.701    11.2818   3.635187    32.0666        373     1.5500  0.000e+00
     30.897    11.2651   3.634257    32.0719        374     1.5542  0.000e+00
     31.079    11.2478   3.633616    32.0806        375     1.5583  0.000e+00
     31.245    11.2334   3.633110    32.0882        376     1.5625  0.000e+00
     31.405    11.2215   3.631892    32.0865        377     1.5667  0.000e+00
     31.553    11.2081   3.631373    32.0930        378     1.5708  0.000e+00
     31.686    11.1948   3.630521    32.0961        379     1.5750  0.000e+00
     31.810    11.1826   3.630111    32.1027        380     1.5792  0.000e+00
     31.928    11.1723   3.629842    32.1090        381     1.5833  0.000e+00
     32.015    11.1651   3.629464    32.1115        382     1.5875  0.000e+00
     32.034    11.1595   3.628695    32.1088        383     1.5917  0.000e+00
     31.997    11.1521   3.628356    32.1119        384     1.5958  0.000e+00
     31.907    11.1460   3.628401    32.1177        385     1.6000  0.000e+00
     31.780    11.1427   3.628292    32.1196        386     1.6042  0.000e+00
     31.674    11.1408   3.628356    32.1220        387     1.6083  0.000e+00
     31.572    11.1401   3.628420    32.1232        388     1.6125  0.000e+00
     31.454    11.1406   3.628311    32.1217        389     1.6167  0.000e+00
     31.354    11.1408   3.628292    32.1215        390     1.6208  0.000e+00
     31.255    11.1402   3.628247    32.1215        391     1.6250  0.000e+00
     31.176    11.1398   3.628272    32.1222        392     1.6292  0.000e+00
     31.110    11.1400   3.628356    32.1228        393     1.6333  0.000e+00
     31.058    11.1409   3.628311    32.1217        394     1.6375  0.000e+00
     31.022    11.1411   3.628291    32.1213        395     1.6417  0.000e+00
     30.995    11.1412   3.628247    32.1208        396     1.6458  0.000e+00
     30.980    11.1411   3.628381    32.1222        397     1.6500  0.000e+00
     30.977    11.1417   3.628336    32.1212        398     1.6542  0.000e+00
     30.992    11.1424   3.628221    32.1195        399     1.6583  0.000e+00
     30.998    11.1418   3.628311    32.1208        400     1.6625  0.000e+00
     31.020    11.1419   3.628208    32.1198        401     1.6667  0.000e+00
     31.044    11.1416   3.628247    32.1204        402     1.6708  0.000e+00
     31.071    11.1417   3.628426    32.1221        403     1.6750  0.000e+00
     31.101    11.1427   3.628336    32.1203        404     1.6792  0.000e+00
     31.132    11.1432   3.628202    32.1185        405     1.6833  0.000e+00
     31.162    11.1428   3.628208    32.1189        406     1.6875  0.000e+00
     31.189    11.1422   3.628202    32.1194        407     1.6917  0.000e+00
     31.204    11.1420   3.628266    32.1202        408     1.6958  0.000e+00
     31.207    11.1425   3.628202    32.1191        409     1.7000  0.000e+00
     31.219    11.1425   3.627888    32.1161        410     1.7042  0.000e+00
     31.210    11.1407   3.627888    32.1176        411     1.7083  0.000e+00
     31.192    11.1388   3.627907    32.1195        412     1.7125  0.000e+00
     31.165    11.1381   3.627817    32.1192        413     1.7167  0.000e+00
     31.129    11.1375   3.627952    32.1211        414     1.7208  0.000e+00
     31.078    11.1380   3.628067    32.1217        415     1.7250  0.000e+00
     31.033    11.1392   3.628131    32.1214        416     1.7292  0.000e+00
     30.984    11.1406   3.628202    32.1209        417     1.7333  0.000e+00
     30.927    11.1418   3.628131    32.1191        418     1.7375  0.000e+00
     30.879    11.1423   3.628144    32.1189        419     1.7417  0.000e+00
     30.818    11.1425   3.628291    32.1202        420     1.7458  0.000e+00
