HB2302/sbe202.cnv
* Sea-Bird SBE 19plus V2 Data File:
* FileName = C:\cruise\data\sbe202.hex
* Software Version Seasave V 7.26.7.121
* Temperature SN = 4758
* Conductivity SN = 4758
* System UpLoad Time = Jun 27 2023 14:29:26
* NMEA Latitude = 40 41.91 N
* NMEA Longitude = 069 52.92 W
* NMEA UTC (Time) = Jun 27 2023 14:28:25
** Cruise: HB2302
** Program: Ecomon
** Chief Scientist: Jerry Prezioso
# nquan = 7
# nvalues = 1510                                  
# units = specified
# name 0 = depSM: Depth [salt water, m]
# name 1 = tv290C: Temperature [ITS-90, deg C]
# name 2 = c0S/m: Conductivity [S/m]
# name 3 = sal00: Salinity, Practical [PSU]
# name 4 = scan: Scan Count
# name 5 = timeM: Time, Elapsed [minutes]
# name 6 = flag:  0.000e+00
# span 0 =     -0.106,     46.033                 
# span 1 =    11.4383,    19.9448                 
# span 2 =   0.004947,   4.225170                 
# span 3 =     0.0307,    32.7788                 
# span 4 =         11,       1520                 
# span 5 =     0.0417,     6.3292                 
# span 6 = 0.0000e+00, 0.0000e+00                 
# interval = seconds: 0.25
# start_time = Jun 27 2023 14:28:25 [NMEA time, header]
# bad_flag = -9.990e-29
*END*
[from data line 206]
      8.286    17.2285   4.168040    32.0226        217     0.9000  0.000e+00
      8.446    17.1966   4.166015    32.0304        218     0.9042  0.000e+00
      8.621    17.1587   4.162580    32.0309        219     0.9083  0.000e+00
      8.815    17.1230   4.160312    32.0397        220     0.9125  0.000e+00
      9.011    17.0885   4.158389    32.0505        221     0.9167  0.000e+00
      9.220    17.0594   4.155269    32.0467        222     0.9208  0.000e+00
      9.431    17.0328   4.151101    32.0319        223     0.9250  0.000e+00
      9.637    17.0031   4.146731    32.0178        224     0.9292  0.000e+00
      9.839    16.9728   4.142654    32.0067        225     0.9333  0.000e+00
     10.011    16.9334   4.135816    31.9790        226     0.9375  0.000e+00
     10.187    16.8934   4.131784    31.9759        227     0.9417  0.000e+00
     10.326    16.8496   4.125965    31.9605        228     0.9458  0.000e+00
     10.440    16.8006   4.120042    31.9481        229     0.9500  0.000e+00
     10.543    16.7497   4.115504    31.9493        230     0.9542  0.000e+00
     10.634    16.6968   4.110948    31.9520        231     0.9583  0.000e+00
     10.715    16.6397   4.103067    31.9291        232     0.9625  0.000e+00
     10.782    16.5796   4.098059    31.9335        233     0.9667  0.000e+00
     10.857    16.5074   4.089059    31.9128        234     0.9708  0.000e+00
     10.930    16.4370   4.079919    31.8893        235     0.9750  0.000e+00
     11.008    16.3607   4.071646    31.8781        236     0.9792  0.000e+00
     11.111    16.2709   4.060558    31.8529        237     0.9833  0.000e+00
     11.220    16.1685   4.051638    31.8568        238     0.9875  0.000e+00
     11.353    16.0751   4.045927    31.8814        239     0.9917  0.000e+00
     11.498    15.9771   4.033670    31.8522        240     0.9958  0.000e+00
     11.661    15.8829   4.023719    31.8402        241     1.0000  0.000e+00
     11.836    15.7817   4.018365    31.8743        242     1.0042  0.000e+00
     12.009    15.6691   4.011278    31.9024        243     1.0083  0.000e+00
     12.181    15.5694   4.001443    31.8956        244     1.0125  0.000e+00
     12.350    15.4709   3.992111    31.8923        245     1.0167  0.000e+00
     12.510    15.3639   3.984052    31.9072        246     1.0208  0.000e+00
     12.667    15.2507   3.976684    31.9333        247     1.0250  0.000e+00
     12.813    15.1455   3.967163    31.9337        248     1.0292  0.000e+00
     12.961    15.0497   3.961873    31.9643        249     1.0333  0.000e+00
     13.091    14.9578   3.958542    32.0095        250     1.0375  0.000e+00
     13.233    14.8698   3.952632    32.0283        251     1.0417  0.000e+00
     13.363    14.8072   3.945778    32.0178        252     1.0458  0.000e+00
     13.489    14.7576   3.938895    31.9962        253     1.0500  0.000e+00
     13.607    14.7002   3.933183    31.9917        254     1.0542  0.000e+00
     13.734    14.6499   3.928042    31.9863        255     1.0583  0.000e+00
     13.861    14.5960   3.923076    31.9856        256     1.0625  0.000e+00
     13.994    14.5505   3.918958    31.9856        257     1.0667  0.000e+00
     14.127    14.5132   3.916269    31.9919        258     1.0708  0.000e+00
     14.278    14.4620   3.914698    32.0198        259     1.0750  0.000e+00
     14.432    14.4206   3.907012    31.9838        260     1.0792  0.000e+00
     14.599    14.3827   3.902518    31.9741        261     1.0833  0.000e+00
     14.765    14.3195   3.900395    32.0069        262     1.0875  0.000e+00
     14.928    14.2550   3.895984    32.0199        263     1.0917  0.000e+00
     15.070    14.1921   3.890230    32.0193        264     1.0958  0.000e+00
     15.203    14.1267   3.886028    32.0350        265     1.1000  0.000e+00
     15.330    14.0603   3.883553    32.0674        266     1.1042  0.000e+00
     15.439    13.9990   3.886945    32.1497        267     1.1083  0.000e+00
     15.535    13.9636   3.880743    32.1221        268     1.1125  0.000e+00
     15.638    13.9445   3.874136    32.0771        269     1.1167  0.000e+00
     15.741    13.9108   3.868258    32.0509        270     1.1208  0.000e+00
     15.840    13.8616   3.864715    32.0593        271     1.1250  0.000e+00
     15.952    13.8007   3.862988    32.0941        272     1.1292  0.000e+00
     16.067    13.7485   3.856249    32.0753        273     1.1333  0.000e+00
     16.194    13.7231   3.853256    32.0689        274     1.1375  0.000e+00
     16.327    13.6978   3.848840    32.0490        275     1.1417  0.000e+00
     16.460    13.6619   3.844865    32.0422        276     1.1458  0.000e+00
     16.623    13.6326   3.841699    32.0372        277     1.1500  0.000e+00
     16.780    13.6052   3.835925    32.0064        278     1.1542  0.000e+00
     16.947    13.5758   3.832637    32.0005        279     1.1583  0.000e+00
     17.134    13.5310   3.829953    32.0129        280     1.1625  0.000e+00
     17.330    13.4904   3.826097    32.0110        281     1.1667  0.000e+00
     17.545    13.4565   3.823932    32.0191        282     1.1708  0.000e+00
     17.762    13.4151   3.822198    32.0377        283     1.1750  0.000e+00
     17.980    13.3748   3.822107    32.0706        284     1.1792  0.000e+00
     18.170    13.3341   3.825105    32.1328        285     1.1833  0.000e+00
     18.330    13.2955   3.823109    32.1467        286     1.1875  0.000e+00
     18.460    13.2748   3.820787    32.1424        287     1.1917  0.000e+00
     18.548    13.2792   3.819361    32.1253        288     1.1958  0.000e+00
     18.618    13.2832   3.815751    32.0881        289     1.2000  0.000e+00
     18.678    13.2746   3.813156    32.0710        290     1.2042  0.000e+00
     18.736    13.2487   3.810523    32.0682        291     1.2083  0.000e+00
     18.799    13.2116   3.808341    32.0790        292     1.2125  0.000e+00
     18.865    13.1714   3.808727    32.1166        293     1.2167  0.000e+00
     18.956    13.1411   3.806761    32.1237        294     1.2208  0.000e+00
     19.044    13.1287   3.798417    32.0557        295     1.2250  0.000e+00
     19.156    13.1126   3.792650    32.0151        296     1.2292  0.000e+00
     19.286    13.0667   3.789677    32.0258        297     1.2333  0.000e+00
     19.431    13.0118   3.785858    32.0362        298     1.2375  0.000e+00
     19.597    12.9706   3.784399    32.0572        299     1.2417  0.000e+00
     19.778    12.9350   3.782477    32.0692        300     1.2458  0.000e+00
     19.959    12.9055   3.779865    32.0694        301     1.2500  0.000e+00
     20.165    12.8788   3.777144    32.0663        302     1.2542  0.000e+00
     20.373    12.8554   3.776044    32.0756        303     1.2583  0.000e+00
     20.597    12.8311   3.773792    32.0749        304     1.2625  0.000e+00
     20.824    12.8055   3.772816    32.0873        305     1.2667  0.000e+00
     21.047    12.7769   3.773252    32.1156        306     1.2708  0.000e+00
     21.262    12.7551   3.772634    32.1283        307     1.2750  0.000e+00
     21.452    12.7397   3.787576    32.2830        308     1.2792  0.000e+00
     21.628    12.7309   3.718694    31.6377        309     1.2833  0.000e+00
     21.760    12.5121   3.672758    31.3851        310     1.2875  0.000e+00
     21.875    12.1310   3.669435    31.6738        311     1.2917  0.000e+00
     21.972    11.8738   3.667951    31.8784        312     1.2958  0.000e+00
     22.075    11.7340   3.666923    31.9885        313     1.3000  0.000e+00
     22.165    11.6616   3.666551    32.0473        314     1.3042  0.000e+00
     22.256    11.6252   3.666037    32.0738        315     1.3083  0.000e+00
     22.368    11.6073   3.666243    32.0912        316     1.3125  0.000e+00
     22.483    11.5996   3.666423    32.0995        317     1.3167  0.000e+00
     22.598    11.5981   3.666333    32.1000        318     1.3208  0.000e+00
     22.743    11.5983   3.666423    32.1005        319     1.3250  0.000e+00
     22.885    11.5999   3.666578    32.1006        320     1.3292  0.000e+00
     23.051    11.6019   3.666333    32.0965        321     1.3333  0.000e+00
     23.220    11.6025   3.666063    32.0932        322     1.3375  0.000e+00
     23.399    11.6014   3.665580    32.0894        323     1.3417  0.000e+00
     23.580    11.5995   3.665445    32.0897        324     1.3458  0.000e+00
     23.776    11.5977   3.665014    32.0869        325     1.3500  0.000e+00
     23.976    11.5956   3.664674    32.0854        326     1.3542  0.000e+00
     24.169    11.5925   3.664474    32.0861        327     1.3583  0.000e+00
     24.363    11.5901   3.664307    32.0864        328     1.3625  0.000e+00
     24.550    11.5883   3.664037    32.0852        329     1.3667  0.000e+00
     24.728    11.5866   3.663799    32.0843        330     1.3708  0.000e+00
     24.903    11.5845   3.663330    32.0815        331     1.3750  0.000e+00
     25.064    11.5815   3.663053    32.0814        332     1.3792  0.000e+00
     25.215    11.5784   3.662610    32.0797        333     1.3833  0.000e+00
     25.357    11.5750   3.662256    32.0790        334     1.3875  0.000e+00
     25.487    11.5715   3.661465    32.0743        335     1.3917  0.000e+00
     25.623    11.5663   3.661092    32.0751        336     1.3958  0.000e+00
     25.735    11.5608   3.660668    32.0757        337     1.4000  0.000e+00
     25.852    11.5558   3.660327    32.0767        338     1.4042  0.000e+00
     25.973    11.5519   3.660211    32.0789        339     1.4083  0.000e+00
     26.085    11.5492   3.660141    32.0805        340     1.4125  0.000e+00
     26.209    11.5472   3.659665    32.0775        341     1.4167  0.000e+00
     26.324    11.5446   3.659414    32.0773        342     1.4208  0.000e+00
     26.445    11.5420   3.659466    32.0800        343     1.4250  0.000e+00
     26.578    11.5400   3.659099    32.0781        344     1.4292  0.000e+00
     26.720    11.5380   3.658733    32.0762        345     1.4333  0.000e+00
     26.865    11.5347   3.658733    32.0790        346     1.4375  0.000e+00
     27.010    11.5329   3.658958    32.0827        347     1.4417  0.000e+00
     27.173    11.5330   3.658958    32.0826        348     1.4458  0.000e+00
     27.348    11.5335   3.658984    32.0823        349     1.4500  0.000e+00
     27.524    11.5342   3.658946    32.0813        350     1.4542  0.000e+00
     27.705    11.5342   3.658669    32.0785        351     1.4583  0.000e+00
     27.883    11.5335   3.658483    32.0772        352     1.4625  0.000e+00
     28.068    11.5317   3.657949    32.0735        353     1.4667  0.000e+00
     28.261    11.5280   3.657782    32.0749        354     1.4708  0.000e+00
     28.448    11.5248   3.657461    32.0745        355     1.4750  0.000e+00
     28.627    11.5218   3.657365    32.0761        356     1.4792  0.000e+00
     28.808    11.5191   3.657146    32.0762        357     1.4833  0.000e+00
     28.968    11.5169   3.656896    32.0757        358     1.4875  0.000e+00
     29.122    11.5143   3.656574    32.0747        359     1.4917  0.000e+00
     29.264    11.5116   3.656240    32.0737        360     1.4958  0.000e+00
     29.391    11.5081   3.656009    32.0744        361     1.5000  0.000e+00
     29.509    11.5046   3.655803    32.0754        362     1.5042  0.000e+00
     29.612    11.5019   3.655527    32.0750        363     1.5083  0.000e+00
     29.703    11.4989   3.655077    32.0732        364     1.5125  0.000e+00
     29.799    11.4954   3.654962    32.0751        365     1.5167  0.000e+00
     29.896    11.4931   3.654968    32.0770        366     1.5208  0.000e+00
     29.999    11.4924   3.655508    32.0829        367     1.5250  0.000e+00
     30.108    11.4936   3.655463    32.0814        368     1.5292  0.000e+00
     30.229    11.4944   3.655418    32.0802        369     1.5333  0.000e+00
     30.362    11.4947   3.655489    32.0805        370     1.5375  0.000e+00
     30.516    11.4952   3.655624    32.0814        371     1.5417  0.000e+00
     30.679    11.4962   3.656010    32.0842        372     1.5458  0.000e+00
     30.860    11.4983   3.655984    32.0821        373     1.5500  0.000e+00
     31.060    11.5000   3.655875    32.0794        374     1.5542  0.000e+00
     31.265    11.5002   3.655508    32.0756        375     1.5583  0.000e+00
     31.480    11.4987   3.655374    32.0755        376     1.5625  0.000e+00
     31.700    11.4969   3.655252    32.0758        377     1.5667  0.000e+00
     31.930    11.4951   3.655329    32.0780        378     1.5708  0.000e+00
     32.166    11.4940   3.655239    32.0779        379     1.5750  0.000e+00
     32.386    11.4933   3.654841    32.0746        380     1.5792  0.000e+00
     32.613    11.4911   3.654442    32.0726        381     1.5833  0.000e+00
     32.818    11.4876   3.654102    32.0722        382     1.5875  0.000e+00
     32.972    11.4833   3.653922    32.0741        383     1.5917  0.000e+00
     33.084    11.4799   3.653562    32.0735        384     1.5958  0.000e+00
     33.169    11.4761   3.652965    32.0709        385     1.6000  0.000e+00
     33.223    11.4710   3.652830    32.0740        386     1.6042  0.000e+00
     33.263    11.4670   3.652721    32.0764        387     1.6083  0.000e+00
     33.296    11.4646   3.653286    32.0840        388     1.6125  0.000e+00
     33.332    11.4659   3.653447    32.0843        389     1.6167  0.000e+00
     33.369    11.4683   3.653402    32.0818        390     1.6208  0.000e+00
     33.423    11.4697   3.653241    32.0790        391     1.6250  0.000e+00
     33.483    11.4697   3.653151    32.0782        392     1.6292  0.000e+00
     33.583    11.4690   3.653376    32.0809        393     1.6333  0.000e+00
     33.695    11.4692   3.653826    32.0850        394     1.6375  0.000e+00
     33.840    11.4717   3.653807    32.0827        395     1.6417  0.000e+00
     34.000    11.4735   3.654128    32.0841        396     1.6458  0.000e+00
     34.175    11.4755   3.653923    32.0803        397     1.6500  0.000e+00
     34.354    11.4764   3.653755    32.0778        398     1.6542  0.000e+00
     34.565    11.4759   3.653717    32.0778        399     1.6583  0.000e+00
     34.780    11.4754   3.653807    32.0791        400     1.6625  0.000e+00
     35.013    11.4755   3.654103    32.0817        401     1.6667  0.000e+00
     35.272    11.4770   3.654084    32.0801        402     1.6708  0.000e+00
     35.538    11.4780   3.654148    32.0798        403     1.6750  0.000e+00
     35.789    11.4790   3.654219    32.0796        404     1.6792  0.000e+00
     36.028    11.4799   3.654232    32.0788        405     1.6833  0.000e+00
     36.254    11.4805   3.654219    32.0781        406     1.6875  0.000e+00
     36.475    11.4807   3.654084    32.0765        407     1.6917  0.000e+00
     36.683    11.4801   3.654065    32.0767        408     1.6958  0.000e+00
     36.898    11.4796   3.654129    32.0777        409     1.7000  0.000e+00
     37.073    11.4794   3.653923    32.0757        410     1.7042  0.000e+00
     37.206    11.4785   3.653891    32.0761        411     1.7083  0.000e+00
     37.315    11.4776   3.653943    32.0774        412     1.7125  0.000e+00
     37.421    11.4774   3.653969    32.0778        413     1.7167  0.000e+00
     37.521    11.4776   3.653808    32.0760        414     1.7208  0.000e+00
     37.611    11.4770   3.653737    32.0758        415     1.7250  0.000e+00
     37.705    11.4763   3.653744    32.0765        416     1.7292  0.000e+00
     37.814    11.4754   3.653853    32.0782        417     1.7333  0.000e+00
     37.926    11.4756   3.654065    32.0800        418     1.7375  0.000e+00
     38.044    11.4770   3.654194    32.0801        419     1.7417  0.000e+00
     38.192    11.4787   3.654354    32.0801        420     1.7458  0.000e+00
