HB2420/sbe666.cnv
* Sea-Bird SBE 19plus V2 Data File:
* FileName = C:\cruise\data\sbe666.hex
* Software Version Seasave V 7.26.7.121
* Temperature SN = 6128
* Conductivity SN = 6128
* System UpLoad Time = May 22 2024 14:44:35
* NMEA Latitude = 41 31.80 N
* NMEA Longitude = 071 19.10 W
* NMEA UTC (Time) = May 22 2024  14:44:55
** Ship: Henry Bigelow
** Cruise:  HB2403
** Program:  ECOMON
# nquan = 7
# nvalues = 175                                   
# units = specified
# name 0 = depSM: Depth [salt water, m]
# name 1 = tv290C: Temperature [ITS-90, deg C]
# name 2 = c0S/m: Conductivity [S/m]
# name 3 = sal00: Salinity, Practical [PSU]
# name 4 = scan: Scan Count
# name 5 = timeM: Time, Elapsed [minutes]
# name 6 = flag:  0.000e+00
# span 0 =     -0.172,     -0.145                 
# span 1 =    23.4164,    23.4537                 
# span 2 =  -0.000023,   0.000001                 
# span 3 =     0.0000,     0.0116                 
# span 4 =         11,        185                 
# span 5 =     0.0417,     0.7667                 
# span 6 = 0.0000e+00, 0.0000e+00                 
# interval = seconds: 0.25
# start_time = May 22 2024 14:44:55 [NMEA time, header]
# bad_flag = -9.990e-29
*END*
     -0.147    23.4297  -0.000011     0.0000         11     0.0417  0.000e+00
     -0.145    23.4299  -0.000005     0.0000         12     0.0458  0.000e+00
     -0.149    23.4300  -0.000011     0.0000         13     0.0500  0.000e+00
     -0.150    23.4305  -0.000014     0.0000         14     0.0542  0.000e+00
     -0.150    23.4305  -0.000011     0.0000         15     0.0583  0.000e+00
     -0.152    23.4295  -0.000011     0.0000         16     0.0625  0.000e+00
     -0.153    23.4288  -0.000014     0.0000         17     0.0667  0.000e+00
     -0.152    23.4284  -0.000011     0.0000         18     0.0708  0.000e+00
     -0.152    23.4280  -0.000017     0.0000         19     0.0750  0.000e+00
     -0.151    23.4280  -0.000008     0.0000         20     0.0792  0.000e+00
     -0.156    23.4284  -0.000005     0.0000         21     0.0833  0.000e+00
     -0.156    23.4282  -0.000011     0.0000         22     0.0875  0.000e+00
     -0.152    23.4271  -0.000014     0.0000         23     0.0917  0.000e+00
     -0.154    23.4258  -0.000011     0.0000         24     0.0958  0.000e+00
     -0.156    23.4254  -0.000011     0.0000         25     0.1000  0.000e+00
     -0.156    23.4257  -0.000011     0.0000         26     0.1042  0.000e+00
     -0.157    23.4266  -0.000008     0.0000         27     0.1083  0.000e+00
     -0.153    23.4274  -0.000011     0.0000         28     0.1125  0.000e+00
     -0.155    23.4278  -0.000017     0.0000         29     0.1167  0.000e+00
     -0.157    23.4278  -0.000014     0.0000         30     0.1208  0.000e+00
     -0.155    23.4282  -0.000011     0.0000         31     0.1250  0.000e+00
     -0.155    23.4288  -0.000011     0.0000         32     0.1292  0.000e+00
     -0.159    23.4292  -0.000014     0.0000         33     0.1333  0.000e+00
     -0.157    23.4305  -0.000017     0.0000         34     0.1375  0.000e+00
     -0.153    23.4322  -0.000017     0.0000         35     0.1417  0.000e+00
     -0.157    23.4325  -0.000008     0.0000         36     0.1458  0.000e+00
     -0.159    23.4336  -0.000011     0.0000         37     0.1500  0.000e+00
     -0.157    23.4347  -0.000011     0.0000         38     0.1542  0.000e+00
     -0.155    23.4362  -0.000005     0.0000         39     0.1583  0.000e+00
     -0.155    23.4377  -0.000008     0.0000         40     0.1625  0.000e+00
     -0.157    23.4389  -0.000011     0.0000         41     0.1667  0.000e+00
     -0.153    23.4400  -0.000011     0.0000         42     0.1708  0.000e+00
     -0.159    23.4403  -0.000008     0.0000         43     0.1750  0.000e+00
     -0.157    23.4414  -0.000011     0.0000         44     0.1792  0.000e+00
     -0.158    23.4422  -0.000011     0.0000         45     0.1833  0.000e+00
     -0.159    23.4429  -0.000008     0.0000         46     0.1875  0.000e+00
     -0.162    23.4430  -0.000011     0.0000         47     0.1917  0.000e+00
     -0.162    23.4430  -0.000011     0.0000         48     0.1958  0.000e+00
     -0.164    23.4435  -0.000014     0.0000         49     0.2000  0.000e+00
     -0.160    23.4437  -0.000011     0.0000         50     0.2042  0.000e+00
     -0.159    23.4441  -0.000011     0.0000         51     0.2083  0.000e+00
     -0.157    23.4443  -0.000023     0.0000         52     0.2125  0.000e+00
     -0.161    23.4450  -0.000017     0.0000         53     0.2167  0.000e+00
     -0.159    23.4450  -0.000011     0.0000         54     0.2208  0.000e+00
     -0.162    23.4453  -0.000011     0.0000         55     0.2250  0.000e+00
     -0.160    23.4460  -0.000017     0.0000         56     0.2292  0.000e+00
     -0.162    23.4457  -0.000011     0.0000         57     0.2333  0.000e+00
     -0.162    23.4453  -0.000011     0.0000         58     0.2375  0.000e+00
     -0.158    23.4454  -0.000014     0.0000         59     0.2417  0.000e+00
     -0.160    23.4464  -0.000005     0.0000         60     0.2458  0.000e+00
     -0.160    23.4487  -0.000011     0.0000         61     0.2500  0.000e+00
     -0.164    23.4502  -0.000014     0.0000         62     0.2542  0.000e+00
     -0.160    23.4510  -0.000011     0.0000         63     0.2583  0.000e+00
     -0.162    23.4517  -0.000005     0.0000         64     0.2625  0.000e+00
     -0.162    23.4517  -0.000005     0.0000         65     0.2667  0.000e+00
     -0.163    23.4515  -0.000014     0.0000         66     0.2708  0.000e+00
     -0.163    23.4511  -0.000011     0.0000         67     0.2750  0.000e+00
     -0.156    23.4506  -0.000011     0.0000         68     0.2792  0.000e+00
     -0.161    23.4510  -0.000008     0.0000         69     0.2833  0.000e+00
     -0.159    23.4520  -0.000011     0.0000         70     0.2875  0.000e+00
     -0.157    23.4523  -0.000011     0.0000         71     0.2917  0.000e+00
     -0.159    23.4518  -0.000008     0.0000         72     0.2958  0.000e+00
     -0.159    23.4511  -0.000011     0.0000         73     0.3000  0.000e+00
     -0.158    23.4505  -0.000011     0.0000         74     0.3042  0.000e+00
     -0.163    23.4497  -0.000014     0.0000         75     0.3083  0.000e+00
     -0.159    23.4492  -0.000017     0.0000         76     0.3125  0.000e+00
     -0.159    23.4484  -0.000005     0.0000         77     0.3167  0.000e+00
     -0.161    23.4483  -0.000017     0.0000         78     0.3208  0.000e+00
     -0.161    23.4489  -0.000008     0.0000         79     0.3250  0.000e+00
     -0.163    23.4495  -0.000011     0.0000         80     0.3292  0.000e+00
     -0.163    23.4498  -0.000023     0.0000         81     0.3333  0.000e+00
     -0.161    23.4499  -0.000014     0.0000         82     0.3375  0.000e+00
     -0.163    23.4498  -0.000017     0.0000         83     0.3417  0.000e+00
     -0.158    23.4491  -0.000011     0.0000         84     0.3458  0.000e+00
     -0.163    23.4485  -0.000008     0.0000         85     0.3500  0.000e+00
     -0.163    23.4477  -0.000005     0.0000         86     0.3542  0.000e+00
     -0.165    23.4478  -0.000011     0.0000         87     0.3583  0.000e+00
     -0.160    23.4474  -0.000014     0.0000         88     0.3625  0.000e+00
     -0.162    23.4470  -0.000017     0.0000         89     0.3667  0.000e+00
     -0.163    23.4471  -0.000017     0.0000         90     0.3708  0.000e+00
     -0.160    23.4473  -0.000011     0.0000         91     0.3750  0.000e+00
     -0.162    23.4471  -0.000002     0.0000         92     0.3792  0.000e+00
     -0.160    23.4467  -0.000011     0.0000         93     0.3833  0.000e+00
     -0.165    23.4475  -0.000005     0.0000         94     0.3875  0.000e+00
     -0.163    23.4486  -0.000008     0.0000         95     0.3917  0.000e+00
     -0.163    23.4499  -0.000011     0.0000         96     0.3958  0.000e+00
     -0.160    23.4504  -0.000011     0.0000         97     0.4000  0.000e+00
     -0.163    23.4514  -0.000008     0.0000         98     0.4042  0.000e+00
     -0.162    23.4509  -0.000011     0.0000         99     0.4083  0.000e+00
     -0.163    23.4515  -0.000011     0.0000        100     0.4125  0.000e+00
     -0.161    23.4521  -0.000008     0.0000        101     0.4167  0.000e+00
     -0.160    23.4529  -0.000011     0.0000        102     0.4208  0.000e+00
     -0.163    23.4529  -0.000011     0.0000        103     0.4250  0.000e+00
     -0.165    23.4534  -0.000017     0.0000        104     0.4292  0.000e+00
     -0.165    23.4537  -0.000014     0.0000        105     0.4333  0.000e+00
     -0.161    23.4529  -0.000011     0.0000        106     0.4375  0.000e+00
     -0.161    23.4521  -0.000005     0.0000        107     0.4417  0.000e+00
     -0.161    23.4517  -0.000014     0.0000        108     0.4458  0.000e+00
     -0.165    23.4513  -0.000011     0.0000        109     0.4500  0.000e+00
     -0.165    23.4507  -0.000011     0.0000        110     0.4542  0.000e+00
     -0.165    23.4491  -0.000014     0.0000        111     0.4583  0.000e+00
     -0.163    23.4489  -0.000005     0.0000        112     0.4625  0.000e+00
     -0.163    23.4478   0.000001     0.0116        113     0.4667  0.000e+00
     -0.161    23.4446  -0.000014     0.0000        114     0.4708  0.000e+00
     -0.163    23.4362  -0.000011     0.0000        115     0.4750  0.000e+00
     -0.167    23.4274  -0.000005     0.0000        116     0.4792  0.000e+00
     -0.171    23.4223  -0.000017     0.0000        117     0.4833  0.000e+00
     -0.167    23.4198  -0.000008     0.0000        118     0.4875  0.000e+00
     -0.167    23.4193  -0.000005     0.0000        119     0.4917  0.000e+00
     -0.167    23.4187  -0.000005     0.0000        120     0.4958  0.000e+00
     -0.163    23.4170  -0.000008     0.0000        121     0.5000  0.000e+00
     -0.161    23.4164  -0.000005     0.0000        122     0.5042  0.000e+00
     -0.167    23.4171  -0.000011     0.0000        123     0.5083  0.000e+00
     -0.167    23.4199  -0.000017     0.0000        124     0.5125  0.000e+00
     -0.167    23.4213  -0.000011     0.0000        125     0.5167  0.000e+00
     -0.167    23.4224  -0.000011     0.0000        126     0.5208  0.000e+00
     -0.172    23.4248  -0.000014     0.0000        127     0.5250  0.000e+00
     -0.170    23.4266  -0.000005     0.0000        128     0.5292  0.000e+00
     -0.170    23.4281  -0.000011     0.0000        129     0.5333  0.000e+00
     -0.165    23.4289  -0.000011     0.0000        130     0.5375  0.000e+00
     -0.163    23.4292  -0.000008     0.0000        131     0.5417  0.000e+00
     -0.165    23.4298  -0.000011     0.0000        132     0.5458  0.000e+00
     -0.172    23.4312  -0.000011     0.0000        133     0.5500  0.000e+00
     -0.169    23.4317  -0.000008     0.0000        134     0.5542  0.000e+00
     -0.170    23.4316  -0.000011     0.0000        135     0.5583  0.000e+00
     -0.165    23.4325  -0.000005     0.0000        136     0.5625  0.000e+00
     -0.165    23.4337  -0.000002     0.0000        137     0.5667  0.000e+00
     -0.163    23.4361  -0.000011     0.0000        138     0.5708  0.000e+00
     -0.167    23.4386  -0.000011     0.0000        139     0.5750  0.000e+00
     -0.169    23.4400  -0.000011     0.0000        140     0.5792  0.000e+00
     -0.163    23.4397  -0.000008     0.0000        141     0.5833  0.000e+00
     -0.167    23.4402  -0.000011     0.0000        142     0.5875  0.000e+00
     -0.169    23.4412  -0.000017     0.0000        143     0.5917  0.000e+00
     -0.165    23.4421  -0.000008     0.0000        144     0.5958  0.000e+00
     -0.165    23.4422  -0.000011     0.0000        145     0.6000  0.000e+00
     -0.167    23.4406  -0.000005     0.0000        146     0.6042  0.000e+00
     -0.165    23.4386  -0.000008     0.0000        147     0.6083  0.000e+00
     -0.165    23.4376  -0.000017     0.0000        148     0.6125  0.000e+00
     -0.168    23.4368  -0.000005     0.0000        149     0.6167  0.000e+00
     -0.170    23.4369  -0.000008     0.0000        150     0.6208  0.000e+00
     -0.168    23.4357  -0.000011     0.0000        151     0.6250  0.000e+00
     -0.172    23.4332  -0.000005     0.0000        152     0.6292  0.000e+00
     -0.170    23.4305  -0.000005     0.0000        153     0.6333  0.000e+00
     -0.164    23.4285  -0.000008     0.0000        154     0.6375  0.000e+00
     -0.164    23.4280  -0.000011     0.0000        155     0.6417  0.000e+00
     -0.166    23.4271  -0.000011     0.0000        156     0.6458  0.000e+00
     -0.166    23.4256  -0.000014     0.0000        157     0.6500  0.000e+00
     -0.164    23.4256  -0.000017     0.0000        158     0.6542  0.000e+00
     -0.170    23.4263  -0.000017     0.0000        159     0.6583  0.000e+00
     -0.168    23.4268  -0.000014     0.0000        160     0.6625  0.000e+00
     -0.168    23.4282  -0.000017     0.0000        161     0.6667  0.000e+00
     -0.166    23.4300  -0.000011     0.0000        162     0.6708  0.000e+00
     -0.170    23.4315  -0.000008     0.0000        163     0.6750  0.000e+00
     -0.170    23.4327  -0.000011     0.0000        164     0.6792  0.000e+00
     -0.168    23.4327  -0.000005     0.0000        165     0.6833  0.000e+00
     -0.170    23.4332  -0.000011     0.0000        166     0.6875  0.000e+00
     -0.170    23.4335  -0.000008     0.0000        167     0.6917  0.000e+00
     -0.170    23.4341  -0.000005     0.0000        168     0.6958  0.000e+00
     -0.170    23.4346  -0.000011     0.0000        169     0.7000  0.000e+00
     -0.170    23.4353  -0.000008     0.0000        170     0.7042  0.000e+00
     -0.168    23.4353  -0.000011     0.0000        171     0.7083  0.000e+00
     -0.172    23.4356  -0.000005     0.0000        172     0.7125  0.000e+00
     -0.165    23.4349  -0.000002     0.0000        173     0.7167  0.000e+00
     -0.168    23.4347  -0.000011     0.0000        174     0.7208  0.000e+00
     -0.168    23.4335  -0.000011     0.0000        175     0.7250  0.000e+00
     -0.170    23.4320  -0.000008     0.0000        176     0.7292  0.000e+00
     -0.172    23.4303  -0.000005     0.0000        177     0.7333  0.000e+00
     -0.167    23.4299  -0.000005     0.0000        178     0.7375  0.000e+00
     -0.172    23.4296  -0.000017     0.0000        179     0.7417  0.000e+00
     -0.172    23.4297  -0.000014     0.0000        180     0.7458  0.000e+00
     -0.170    23.4289  -0.000011     0.0000        181     0.7500  0.000e+00
     -0.172    23.4280  -0.000011     0.0000        182     0.7542  0.000e+00
     -0.168    23.4274  -0.000008     0.0000        183     0.7583  0.000e+00
     -0.166    23.4263  -0.000005     0.0000        184     0.7625  0.000e+00
     -0.172    23.4244  -0.000005     0.0000        185     0.7667  0.000e+00
