HB2406/ctd011.cnv
* Sea-Bird SBE 9 Data File:
* FileName = C:\cruise\data\ctd011.hex
* Software Version Seasave V 7.26.7.121
* Temperature SN = 6650
* Conductivity SN = 6035
* Number of Bytes Per Scan = 37
* Number of Voltage Words = 4
* Number of Scans Averaged by the Deck Unit = 1
* NMEA Latitude = 43 24.55 N
* NMEA Longitude = 067 42.42 W
* NMEA UTC (Time) = Aug 17 2024 01:52:55
* NMEA baud rate = 4800
** Ship: Bigelow HB2406
** Program:  Summer ECOMON
** Chief Scientist: Chris Melrose
# nquan = 6
# nvalues = 490                         
# units = specified
# name 0 = depSM: Depth [salt water, m]
# name 1 = t090C: Temperature [ITS-90, deg C]
# name 2 = c0S/m: Conductivity [S/m]
# name 3 = sal00: Salinity, Practical [PSU]
# name 4 = scan: Scan Count
# name 5 = flag: flag
# span 0 =      2.000,    247.000       
# span 1 =     6.8697,    19.2110       
# span 2 =   3.289181,   4.318533       
# span 3 =    31.7244,    34.3791       
# span 4 =        232,      30276       
# span 5 = 0.0000e+00, 0.0000e+00       
# interval = meters: 1                  
# start_time = Aug 17 2024 01:52:55 [NMEA time, header]
# bad_flag = -9.990e-29
*END*
[from data line 239]
    242.000     8.5354   3.623193    34.3760       7200 0.0000e+00
    243.000     8.5369   3.623429    34.3766       7229 0.0000e+00
    244.000     8.5391   3.623762    34.3775       7261 0.0000e+00
    245.000     8.5399   3.623924    34.3779       7675 0.0000e+00
    246.000     8.5405   3.624059    34.3782      10241 0.0000e+00
    247.000     8.5429   3.624397    34.3791      12482 0.0000e+00
    246.000     8.5428   3.624328    34.3789      12455 0.0000e+00
    245.000     8.5418   3.624189    34.3789      12294 0.0000e+00
    244.000     8.5416   3.624100    34.3786      12319 0.0000e+00
    243.000     8.5390   3.623716    34.3776      12347 0.0000e+00
    242.000     8.5378   3.623519    34.3771      12375 0.0000e+00
    241.000     8.5359   3.623224    34.3763      12403 0.0000e+00
    240.000     8.5326   3.622732    34.3748      12429 0.0000e+00
    239.000     8.5317   3.622569    34.3745      12453 0.0000e+00
    238.000     8.5270   3.621807    34.3714      12476 0.0000e+00
    237.000     8.5246   3.621390    34.3698      12501 0.0000e+00
    236.000     8.5259   3.621214    34.3672      12532 0.0000e+00
    235.000     8.5360   3.621920    34.3653      12568 0.0000e+00
    234.000     8.5576   3.623947    34.3661      12597 0.0000e+00
    233.000     8.5797   3.625946    34.3663      12619 0.0000e+00
    232.000     8.5901   3.626840    34.3661      12638 0.0000e+00
    231.000     8.5942   3.627065    34.3650      12658 0.0000e+00
    230.000     8.5929   3.626759    34.3634      12679 0.0000e+00
    229.000     8.5846   3.625569    34.3594      12704 0.0000e+00
    228.000     8.5754   3.624404    34.3565      12738 0.0000e+00
    227.000     8.5494   3.621184    34.3482      12781 0.0000e+00
    226.000     8.5411   3.620065    34.3450      12813 0.0000e+00
    225.000     8.5258   3.618142    34.3401      12835 0.0000e+00
    224.000     8.5057   3.615760    34.3349      12855 0.0000e+00
    223.000     8.4893   3.613744    34.3299      12875 0.0000e+00
    222.000     8.4653   3.610937    34.3240      12897 0.0000e+00
    221.000     8.4431   3.608318    34.3184      12923 0.0000e+00
    220.000     8.4228   3.605873    34.3127      12950 0.0000e+00
    219.000     8.4059   3.603840    34.3081      12979 0.0000e+00
    218.000     8.3783   3.600574    34.3008      13014 0.0000e+00
    217.000     8.3535   3.597764    34.2956      13044 0.0000e+00
    216.000     8.3499   3.597265    34.2943      13067 0.0000e+00
    215.000     8.3435   3.596487    34.2927      13088 0.0000e+00
    214.000     8.3399   3.595942    34.2909      13109 0.0000e+00
    213.000     8.3313   3.594819    34.2878      13137 0.0000e+00
    212.000     8.3184   3.593084    34.2825      13170 0.0000e+00
    211.000     8.3050   3.591312    34.2771      13200 0.0000e+00
    210.000     8.2814   3.588151    34.2671      13225 0.0000e+00
    209.000     8.2520   3.584478    34.2570      13249 0.0000e+00
    208.000     8.2327   3.582119    34.2513      13273 0.0000e+00
    207.000     8.2231   3.580873    34.2478      13299 0.0000e+00
    206.000     8.2138   3.579711    34.2450      13328 0.0000e+00
    205.000     8.2075   3.578855    34.2425      13358 0.0000e+00
    204.000     8.1825   3.575497    34.2315      13387 0.0000e+00
    203.000     8.1076   3.566294    34.2069      13411 0.0000e+00
    202.000     8.1072   3.566460    34.2095      13433 0.0000e+00
    201.000     8.0939   3.564681    34.2040      13454 0.0000e+00
    200.000     8.0850   3.563587    34.2014      13476 0.0000e+00
    199.000     8.0799   3.562911    34.1997      13505 0.0000e+00
    198.000     8.0778   3.562493    34.1977      13543 0.0000e+00
    197.000     8.0724   3.561543    34.1934      13578 0.0000e+00
    196.000     8.0679   3.560872    34.1911      13603 0.0000e+00
    195.000     8.0667   3.560581    34.1896      13624 0.0000e+00
    194.000     8.0463   3.557319    34.1751      13644 0.0000e+00
    193.000     8.0224   3.554168    34.1652      13664 0.0000e+00
    192.000     8.0145   3.553088    34.1618      13686 0.0000e+00
    191.000     8.0093   3.552285    34.1587      13716 0.0000e+00
    190.000     8.0051   3.551663    34.1567      13752 0.0000e+00
    189.000     8.0033   3.551343    34.1555      13784 0.0000e+00
    188.000     8.0012   3.550979    34.1542      13808 0.0000e+00
    187.000     7.9957   3.550092    34.1505      13831 0.0000e+00
    186.000     7.9847   3.548614    34.1458      13854 0.0000e+00
    185.000     7.9752   3.547232    34.1408      13879 0.0000e+00
    184.000     7.9641   3.545703    34.1357      13905 0.0000e+00
    183.000     7.9497   3.543746    34.1293      13932 0.0000e+00
    182.000     7.9396   3.542507    34.1264      13958 0.0000e+00
    181.000     7.9357   3.541968    34.1249      13984 0.0000e+00
    180.000     7.9331   3.541556    34.1234      14012 0.0000e+00
    179.000     7.9283   3.540832    34.1209      14043 0.0000e+00
    178.000     7.9244   3.540257    34.1191      14072 0.0000e+00
    177.000     7.9209   3.539734    34.1173      14096 0.0000e+00
    176.000     7.9153   3.538854    34.1138      14119 0.0000e+00
    175.000     7.9061   3.537503    34.1088      14141 0.0000e+00
    174.000     7.8989   3.536504    34.1055      14166 0.0000e+00
    173.000     7.8953   3.535852    34.1026      14194 0.0000e+00
    172.000     7.8952   3.535772    34.1023      14226 0.0000e+00
    171.000     7.8979   3.535903    34.1016      14256 0.0000e+00
    170.000     7.8981   3.535782    34.1006      14281 0.0000e+00
    169.000     7.8961   3.535288    34.0976      14304 0.0000e+00
    168.000     7.8973   3.535319    34.0973      14326 0.0000e+00
    167.000     7.8958   3.534931    34.0951      14349 0.0000e+00
    166.000     7.8914   3.533929    34.0891      14376 0.0000e+00
    165.000     7.8910   3.533635    34.0869      14409 0.0000e+00
    164.000     7.8879   3.533149    34.0851      14442 0.0000e+00
    163.000     7.8823   3.532346    34.0824      14468 0.0000e+00
    162.000     7.8756   3.531509    34.0804      14490 0.0000e+00
    161.000     7.8681   3.530499    34.0774      14511 0.0000e+00
    160.000     7.8593   3.529291    34.0735      14532 0.0000e+00
    159.000     7.8509   3.528119    34.0696      14558 0.0000e+00
    158.000     7.8372   3.526421    34.0652      14593 0.0000e+00
    157.000     7.8282   3.525107    34.0603      14629 0.0000e+00
    156.000     7.8137   3.523021    34.0525      14653 0.0000e+00
    155.000     7.8097   3.522465    34.0509      14674 0.0000e+00
    154.000     7.8071   3.521985    34.0489      14694 0.0000e+00
    153.000     7.8011   3.521037    34.0450      14718 0.0000e+00
    152.000     7.7819   3.518216    34.0338      14747 0.0000e+00
    151.000     7.7666   3.515911    34.0245      14776 0.0000e+00
    150.000     7.7568   3.514340    34.0175      14800 0.0000e+00
    149.000     7.7471   3.512798    34.0109      14824 0.0000e+00
    148.000     7.7418   3.511902    34.0069      14853 0.0000e+00
    147.000     7.7341   3.510569    34.0005      14886 0.0000e+00
    146.000     7.7257   3.509101    33.9935      14919 0.0000e+00
    145.000     7.7165   3.507527    33.9859      14946 0.0000e+00
    144.000     7.7099   3.506351    33.9802      14969 0.0000e+00
    143.000     7.6932   3.503315    33.9642      14991 0.0000e+00
    142.000     7.6711   3.499600    33.9462      15012 0.0000e+00
    141.000     7.6472   3.495666    33.9276      15034 0.0000e+00
    140.000     7.6255   3.492308    33.9129      15057 0.0000e+00
    139.000     7.6078   3.488560    33.8902      15085 0.0000e+00
    138.000     7.6149   3.488456    33.8826      15120 0.0000e+00
    137.000     7.6172   3.488203    33.8782      15155 0.0000e+00
    136.000     7.6030   3.485417    33.8623      15181 0.0000e+00
    135.000     7.5747   3.481363    33.8466      15204 0.0000e+00
    134.000     7.5679   3.480287    33.8420      15227 0.0000e+00
    133.000     7.5658   3.479905    33.8405      15251 0.0000e+00
    132.000     7.5567   3.478140    33.8308      15274 0.0000e+00
    131.000     7.5495   3.476715    33.8228      15299 0.0000e+00
    130.000     7.5479   3.475736    33.8143      15330 0.0000e+00
    129.000     7.5543   3.475765    33.8089      15366 0.0000e+00
    128.000     7.6295   3.484651    33.8321      15397 0.0000e+00
    127.000     8.0094   3.521865    33.8640      15420 0.0000e+00
    126.000     8.0718   3.527061    33.8597      15441 0.0000e+00
    125.000     8.0754   3.526080    33.8462      15462 0.0000e+00
    124.000     8.0118   3.517208    33.8134      16088 0.0000e+00
    123.000     8.0127   3.517163    33.8124      18895 0.0000e+00
    122.000     8.0184   3.516671    33.8022      18853 0.0000e+00
    121.000     8.0315   3.516742    33.7908      18875 0.0000e+00
    120.000     8.0225   3.515741    33.7892      18902 0.0000e+00
    119.000     8.0237   3.515737    33.7886      18935 0.0000e+00
    118.000     8.0096   3.513454    33.7782      18964 0.0000e+00
    117.000     7.8969   3.498989    33.7326      18989 0.0000e+00
    116.000     7.7308   3.479452    33.6838      19015 0.0000e+00
    115.000     7.7253   3.478380    33.6780      19043 0.0000e+00
    114.000     7.6765   3.471826    33.6551      19071 0.0000e+00
    113.000     7.6621   3.470496    33.6552      19095 0.0000e+00
    112.000     7.8008   3.482957    33.6558      19116 0.0000e+00
    111.000     7.8232   3.482113    33.6256      19138 0.0000e+00
    110.000     7.7699   3.475284    33.6041      19162 0.0000e+00
    109.000     7.6520   3.460499    33.5591      19191 0.0000e+00
    108.000     7.5604   3.449596    33.5303      19220 0.0000e+00
    107.000     7.5262   3.445453    33.5191      19246 0.0000e+00
    106.000     7.5066   3.442850    33.5103      19272 0.0000e+00
    105.000     7.4283   3.433214    33.4821      19298 0.0000e+00
    104.000     7.3805   3.427435    33.4660      19324 0.0000e+00
    103.000     7.3750   3.426673    33.4636      19349 0.0000e+00
    102.000     7.3755   3.426460    33.4613      19374 0.0000e+00
    101.000     7.3844   3.427247    33.4618      19400 0.0000e+00
    100.000     7.3757   3.425814    33.4550      19427 0.0000e+00
     99.000     7.2860   3.414400    33.4182      19454 0.0000e+00
     98.000     7.2724   3.411757    33.4031      19480 0.0000e+00
     97.000     7.2940   3.412414    33.3899      19504 0.0000e+00
     96.000     7.3002   3.412442    33.3847      19529 0.0000e+00
     95.000     7.3158   3.413362    33.3802      19557 0.0000e+00
     94.000     7.2982   3.410550    33.3671      19586 0.0000e+00
     93.000     7.2450   3.403403    33.3412      19613 0.0000e+00
     92.000     7.1288   3.389085    33.2977      19637 0.0000e+00
     91.000     7.0571   3.380808    33.2771      19661 0.0000e+00
     90.000     6.9968   3.373063    33.2512      19684 0.0000e+00
     89.000     6.9861   3.371066    33.2401      19709 0.0000e+00
     88.000     6.9796   3.369938    33.2345      19735 0.0000e+00
     87.000     6.9632   3.367647    33.2257      19763 0.0000e+00
     86.000     6.9853   3.369246    33.2224      19790 0.0000e+00
     85.000     7.0619   3.373299    33.1934      19816 0.0000e+00
     84.000     7.0524   3.369462    33.1610      19843 0.0000e+00
     83.000     7.0711   3.369073    33.1393      19871 0.0000e+00
     82.000     7.2371   3.383635    33.1391      19898 0.0000e+00
     81.000     7.1464   3.369794    33.0758      19923 0.0000e+00
     80.000     7.0379   3.358522    33.0574      19947 0.0000e+00
     79.000     7.0063   3.355051    33.0503      19972 0.0000e+00
     78.000     6.9534   3.347949    33.0238      19998 0.0000e+00
     77.000     6.9239   3.344253    33.0123      20024 0.0000e+00
     76.000     6.9426   3.345549    33.0090      20050 0.0000e+00
     75.000     6.9823   3.348507    33.0037      20076 0.0000e+00
     74.000     6.9676   3.343966    32.9686      20102 0.0000e+00
     73.000     6.9547   3.340749    32.9463      20130 0.0000e+00
     72.000     6.9538   3.340246    32.9421      20157 0.0000e+00
     71.000     6.9530   3.339051    32.9303      20182 0.0000e+00
     70.000     6.9442   3.336843    32.9150      20206 0.0000e+00
     69.000     6.9152   3.332102    32.8914      20230 0.0000e+00
     68.000     6.9015   3.329469    32.8761      20257 0.0000e+00
     67.000     6.9204   3.330098    32.8654      20287 0.0000e+00
     66.000     6.9627   3.333088    32.8582      20317 0.0000e+00
     65.000     6.9906   3.334819    32.8510      20341 0.0000e+00
     64.000     7.0413   3.337319    32.8304      20363 0.0000e+00
     63.000     7.0922   3.340335    32.8153      20386 0.0000e+00
     62.000     7.1302   3.342657    32.8050      20412 0.0000e+00
     61.000     7.1531   3.343868    32.7968      20442 0.0000e+00
     60.000     7.0591   3.332064    32.7580      20472 0.0000e+00
     59.000     6.9581   3.317362    32.6940      20497 0.0000e+00
     58.000     6.9680   3.313787    32.6460      20519 0.0000e+00
     57.000     6.9790   3.312582    32.6229      20542 0.0000e+00
     56.000     6.9573   3.307386    32.5871      20567 0.0000e+00
     55.000     6.9462   3.304588    32.5676      20598 0.0000e+00
     54.000     6.9831   3.307230    32.5620      20630 0.0000e+00
     53.000     7.0262   3.310180    32.5540      20656 0.0000e+00
     52.000     7.0155   3.305475    32.5132      20678 0.0000e+00
     51.000     7.0709   3.308249    32.4917      20698 0.0000e+00
     50.000     7.0999   3.309006    32.4731      20719 0.0000e+00
     49.000     7.0500   3.302364    32.4482      20744 0.0000e+00
     48.000     7.1417   3.307933    32.4230      20778 0.0000e+00
     47.000     7.2100   3.310320    32.3853      20816 0.0000e+00
     46.000     7.1957   3.307914    32.3731      20844 0.0000e+00
     45.000     7.2066   3.307598    32.3599      20865 0.0000e+00
     44.000     7.1483   3.298007    32.3109      20884 0.0000e+00
     43.000     7.1423   3.294579    32.2797      20903 0.0000e+00
     42.000     7.1899   3.297124    32.2634      20924 0.0000e+00
     41.000     7.2410   3.300929    32.2573      20951 0.0000e+00
     40.000     7.2707   3.303293    32.2557      20985 0.0000e+00
     39.000     7.2971   3.305477    32.2552      21016 0.0000e+00
     38.000     7.3268   3.307711    32.2521      21042 0.0000e+00
     37.000     7.3805   3.311456    32.2431      21067 0.0000e+00
     36.000     7.6221   3.329901    32.2177      21093 0.0000e+00
     35.000     8.1034   3.366748    32.1674      21121 0.0000e+00
     34.000     8.4645   3.393204    32.1168      21146 0.0000e+00
     33.000     8.5651   3.401551    32.1133      21168 0.0000e+00
     32.000     8.7393   3.414654    32.0925      21189 0.0000e+00
     31.000     8.8180   3.420554    32.0832      21213 0.0000e+00
     30.000     9.0753   3.441571    32.0694      21242 0.0000e+00
     29.000     9.5591   3.479204    32.0231      21275 0.0000e+00
     28.000     9.7144   3.491266    32.0083      21302 0.0000e+00
     27.000     9.9420   3.511171    32.0086      21326 0.0000e+00
     26.000    10.1947   3.530780    31.9835      21349 0.0000e+00
     25.000    10.3395   3.543009    31.9791      21375 0.0000e+00
     24.000    10.6658   3.571762    31.9804      21401 0.0000e+00
     23.000    11.5148   3.643756    31.9514      21424 0.0000e+00
     22.000    12.5782   3.730016    31.8735      21447 0.0000e+00
     21.000    12.9280   3.759250    31.8554      21471 0.0000e+00
     20.000    14.2435   3.880172    31.8828      22907 0.0000e+00
     19.000    14.9708   3.944702    31.8718      24315 0.0000e+00
     18.000    15.7258   4.010684    31.8491      24382 0.0000e+00
     17.000    15.9770   4.033282    31.8469      24450 0.0000e+00
     16.000    16.4237   4.072553    31.8339      24488 0.0000e+00
     15.000    16.8514   4.109658    31.8164      24526 0.0000e+00
