HB2406/ctd006.cnv
* Sea-Bird SBE 9 Data File:
* FileName = C:\cruise\data\ctd006.hex
* Software Version Seasave V 7.26.7.121
* Temperature SN = 6650
* Conductivity SN = 6035
* Number of Bytes Per Scan = 37
* Number of Voltage Words = 4
* Number of Scans Averaged by the Deck Unit = 1
* NMEA Latitude = 41 45.21 N
* NMEA Longitude = 065 26.56 W
* NMEA UTC (Time) = Aug 15 2024 09:36:52
* NMEA baud rate = 4800
** Ship: Bigelow HB2406
** Program:  Summer ECOMON
** Chief Scientist: Chris Melrose
# nquan = 6
# nvalues = 997                         
# units = specified
# name 0 = depSM: Depth [salt water, m]
# name 1 = t090C: Temperature [ITS-90, deg C]
# name 2 = c0S/m: Conductivity [S/m]
# name 3 = sal00: Salinity, Practical [PSU]
# name 4 = scan: Scan Count
# name 5 = flag: flag
# span 0 =      1.000,    500.000       
# span 1 =     5.4748,    18.6702       
# span 2 =   3.407645,   4.293921       
# span 3 =    31.8633,    35.6339       
# span 4 =        333,      37506       
# span 5 = 0.0000e+00, 0.0000e+00       
# interval = meters: 1                  
# start_time = Aug 15 2024 09:36:52 [NMEA time, header]
# bad_flag = -9.990e-29
*END*
      3.000    18.6435   4.288492    31.9336        333 0.0000e+00
      4.000    18.6702   4.293921    31.9578        589 0.0000e+00
      5.000    18.5093   4.284326    32.0023        621 0.0000e+00
      6.000    18.1935   4.266285    32.0971        691 0.0000e+00
      7.000    17.8257   4.232192    32.0979        746 0.0000e+00
      8.000    17.5068   4.200378    32.0789        774 0.0000e+00
      9.000    17.1885   4.175571    32.1187        804 0.0000e+00
     10.000    16.7626   4.152819    32.2626        845 0.0000e+00
     11.000    16.3106   4.122862    32.3664        890 0.0000e+00
     12.000    16.1406   4.116067    32.4447        921 0.0000e+00
     13.000    16.1460   4.129337    32.5567        994 0.0000e+00
     14.000    15.7970   4.115719    32.7236       1087 0.0000e+00
     15.000    15.2594   4.075403    32.8104       1112 0.0000e+00
     16.000    15.1843   4.067685    32.8035       1137 0.0000e+00
     17.000    15.0512   4.056400    32.8130       1162 0.0000e+00
     18.000    14.8789   4.041441    32.8222       1190 0.0000e+00
     19.000    14.6729   4.023354    32.8313       1220 0.0000e+00
     20.000    13.9032   3.953973    32.8479       1249 0.0000e+00
     21.000    13.3748   3.904475    32.8402       1275 0.0000e+00
     22.000    13.1952   3.885870    32.8201       1299 0.0000e+00
     23.000    13.0455   3.870345    32.8027       1323 0.0000e+00
     24.000    12.9636   3.863257    32.8062       1350 0.0000e+00
     25.000    12.1251   3.782117    32.7607       1381 0.0000e+00
     26.000    11.2001   3.695279    32.7313       1413 0.0000e+00
     27.000    11.0692   3.681841    32.7146       1440 0.0000e+00
     28.000    11.0061   3.675424    32.7068       1463 0.0000e+00
     29.000    10.9017   3.665943    32.7056       1486 0.0000e+00
     30.000    10.5980   3.639503    32.7134       1509 0.0000e+00
     31.000    10.3357   3.618992    32.7431       1535 0.0000e+00
     32.000    10.0766   3.599645    32.7816       1567 0.0000e+00
     33.000     9.8950   3.588033    32.8283       1601 0.0000e+00
     34.000     9.6575   3.573525    32.8966       1627 0.0000e+00
     35.000     9.5819   3.570065    32.9300       1649 0.0000e+00
     36.000     9.4980   3.564455    32.9490       1670 0.0000e+00
     37.000     9.4597   3.562528    32.9640       1693 0.0000e+00
     38.000     9.4348   3.560653    32.9671       1722 0.0000e+00
     39.000     9.3913   3.557995    32.9794       1756 0.0000e+00
     40.000     9.3514   3.556373    32.9990       1784 0.0000e+00
     41.000     9.3151   3.554975    33.0177       1807 0.0000e+00
     42.000     9.2905   3.553933    33.0292       1829 0.0000e+00
     43.000     9.2655   3.553124    33.0435       1854 0.0000e+00
     44.000     9.2407   3.552730    33.0619       1882 0.0000e+00
     45.000     9.2133   3.552156    33.0809       1912 0.0000e+00
     46.000     9.1839   3.552025    33.1064       1939 0.0000e+00
     47.000     9.1591   3.552034    33.1291       1964 0.0000e+00
     48.000     9.1221   3.551752    33.1600       1989 0.0000e+00
     49.000     9.0602   3.555189    33.2531       2015 0.0000e+00
     50.000     9.0358   3.562273    33.3491       2043 0.0000e+00
     51.000     9.0228   3.563300    33.3715       2071 0.0000e+00
     52.000     9.0119   3.565918    33.4085       2097 0.0000e+00
     53.000     9.0144   3.567442    33.4216       2122 0.0000e+00
     54.000     9.0195   3.570428    33.4475       2146 0.0000e+00
     55.000     9.0453   3.582189    33.5452       2170 0.0000e+00
     56.000     9.0834   3.594567    33.6377       2195 0.0000e+00
     57.000     9.0926   3.596852    33.6523       2223 0.0000e+00
     58.000     9.1014   3.598801    33.6638       2256 0.0000e+00
     59.000     9.1071   3.600003    33.6705       2288 0.0000e+00
     60.000     9.1148   3.601662    33.6800       2314 0.0000e+00
     61.000     9.1226   3.603170    33.6878       2336 0.0000e+00
     62.000     9.1385   3.606151    33.7033       2357 0.0000e+00
     63.000     9.1641   3.610794    33.7269       2378 0.0000e+00
     64.000     9.2093   3.619074    33.7696       2403 0.0000e+00
     65.000     9.2429   3.624703    33.7958       2433 0.0000e+00
     66.000     9.2842   3.630528    33.8166       2465 0.0000e+00
     67.000     9.4103   3.647472    33.8722       2494 0.0000e+00
     68.000     9.4725   3.656877    33.9099       2521 0.0000e+00
     69.000     9.4589   3.657897    33.9329       2549 0.0000e+00
     70.000     9.4175   3.655018    33.9419       2578 0.0000e+00
     71.000     9.3634   3.650293    33.9439       2603 0.0000e+00
     72.000     9.3183   3.645711    33.9389       2625 0.0000e+00
     73.000     9.2817   3.642006    33.9348       2645 0.0000e+00
     74.000     9.2413   3.638586    33.9372       2667 0.0000e+00
     75.000     9.1845   3.633781    33.9409       2696 0.0000e+00
     76.000     9.0889   3.625164    33.9418       2735 0.0000e+00
     77.000     9.0275   3.624334    33.9913       2768 0.0000e+00
     78.000     9.1348   3.642718    34.0798       2793 0.0000e+00
     79.000     9.1645   3.647326    34.0990       2815 0.0000e+00
     80.000     9.1822   3.649972    34.1091       2836 0.0000e+00
     81.000     9.2116   3.654252    34.1250       2860 0.0000e+00
     82.000     9.2373   3.657659    34.1353       2888 0.0000e+00
     83.000     9.2722   3.662287    34.1496       2917 0.0000e+00
     84.000     9.3365   3.670265    34.1704       2945 0.0000e+00
     85.000     9.4654   3.686528    34.2150       2972 0.0000e+00
     86.000     9.6075   3.703901    34.2582       2999 0.0000e+00
     87.000     9.9663   3.750099    34.3893       3026 0.0000e+00
     88.000    10.7069   3.840025    34.5968       3053 0.0000e+00
     89.000    10.7823   3.849742    34.6226       3083 0.0000e+00
     90.000    10.7329   3.845126    34.6226       3114 0.0000e+00
     91.000    10.6735   3.839020    34.6170       3142 0.0000e+00
     92.000    10.6101   3.832218    34.6083       3165 0.0000e+00
     93.000    10.5419   3.824918    34.5990       3187 0.0000e+00
     94.000    10.4159   3.812181    34.5897       3209 0.0000e+00
     95.000    10.2687   3.795539    34.5606       3236 0.0000e+00
     96.000    10.0340   3.769413    34.5181       3269 0.0000e+00
     97.000     9.8163   3.745878    34.4851       3302 0.0000e+00
     98.000     9.7796   3.741835    34.4782       3331 0.0000e+00
     99.000     9.7307   3.736749    34.4723       3356 0.0000e+00
    100.000     9.7205   3.735894    34.4729       3380 0.0000e+00
    101.000     9.7314   3.738190    34.4855       3402 0.0000e+00
    102.000     9.7367   3.739291    34.4914       3425 0.0000e+00
    103.000     9.7462   3.740869    34.4980       3450 0.0000e+00
    104.000     9.7466   3.741043    34.4990       3480 0.0000e+00
    105.000     9.7297   3.739375    34.4975       3515 0.0000e+00
    106.000     9.7367   3.740544    34.5024       3545 0.0000e+00
    107.000     9.7495   3.742721    34.5120       3570 0.0000e+00
    108.000     9.7455   3.743502    34.5234       3593 0.0000e+00
    109.000     9.8288   3.756078    34.5721       3618 0.0000e+00
    110.000    10.0879   3.788025    34.6499       3646 0.0000e+00
    111.000    10.3867   3.824615    34.7355       3673 0.0000e+00
    112.000    10.8212   3.878290    34.8612       3698 0.0000e+00
    113.000    11.8123   3.999416    35.1217       3722 0.0000e+00
    114.000    12.4432   4.071972    35.2341       3746 0.0000e+00
    115.000    11.8347   4.001643    35.1218       3772 0.0000e+00
    116.000    11.2562   3.937146    35.0328       3801 0.0000e+00
    117.000    11.1705   3.931964    35.0623       3837 0.0000e+00
    118.000    11.7956   4.008433    35.2242       3872 0.0000e+00
    119.000    12.0895   4.045532    35.3084       3899 0.0000e+00
    120.000    12.1003   4.047142    35.3135       3920 0.0000e+00
    121.000    11.9564   4.030875    35.2904       3940 0.0000e+00
    122.000    11.9742   4.035016    35.3135       3960 0.0000e+00
    123.000    12.1218   4.053422    35.3530       3984 0.0000e+00
    124.000    12.3351   4.079934    35.4086       4018 0.0000e+00
    125.000    12.6526   4.120531    35.5008       4058 0.0000e+00
    126.000    12.9089   4.152682    35.5680       4089 0.0000e+00
    127.000    13.0444   4.171499    35.6201       4113 0.0000e+00
    128.000    13.0800   4.175597    35.6253       4134 0.0000e+00
    129.000    13.0840   4.176431    35.6290       4155 0.0000e+00
    130.000    13.0875   4.177132    35.6320       4178 0.0000e+00
    131.000    13.0880   4.177418    35.6339       4205 0.0000e+00
    132.000    13.0599   4.174337    35.6304       4239 0.0000e+00
    133.000    12.9434   4.160646    35.6087       4275 0.0000e+00
    134.000    12.7197   4.134919    35.5722       4304 0.0000e+00
    135.000    12.5244   4.112025    35.5354       4328 0.0000e+00
    136.000    12.3842   4.096332    35.5158       4351 0.0000e+00
    137.000    12.3227   4.089214    35.5046       4375 0.0000e+00
    138.000    12.2767   4.083684    35.4941       4403 0.0000e+00
    139.000    12.1852   4.072892    35.4754       4435 0.0000e+00
    140.000    11.9739   4.049210    35.4446       4465 0.0000e+00
    141.000    11.8704   4.037148    35.4245       4491 0.0000e+00
    142.000    11.7037   4.019722    35.4118       4515 0.0000e+00
    143.000    11.6941   4.018455    35.4080       4540 0.0000e+00
    144.000    11.6105   4.009352    35.3976       4567 0.0000e+00
    145.000    11.5310   4.000863    35.3894       4594 0.0000e+00
    146.000    11.4953   3.996837    35.3833       4623 0.0000e+00
    147.000    11.4302   3.990126    35.3787       4654 0.0000e+00
    148.000    11.4133   3.989996    35.3931       4686 0.0000e+00
    149.000    11.2862   3.975583    35.3716       4715 0.0000e+00
    150.000    11.1899   3.964467    35.3529       4740 0.0000e+00
    151.000    11.1810   3.963467    35.3511       4763 0.0000e+00
    152.000    11.1783   3.963455    35.3531       4786 0.0000e+00
    153.000    11.1982   3.966553    35.3643       4812 0.0000e+00
    154.000    11.2091   3.967896    35.3668       4844 0.0000e+00
    155.000    11.1882   3.965437    35.3620       4880 0.0000e+00
    156.000    11.0851   3.954239    35.3489       4910 0.0000e+00
    157.000    11.0040   3.945504    35.3391       4936 0.0000e+00
    158.000    10.9898   3.945445    35.3518       4960 0.0000e+00
    159.000    10.9366   3.939954    35.3477       4985 0.0000e+00
    160.000    10.8419   3.930283    35.3415       5011 0.0000e+00
    161.000    10.8101   3.926911    35.3379       5036 0.0000e+00
    162.000    10.7900   3.924823    35.3359       5060 0.0000e+00
    163.000    10.7792   3.923626    35.3338       5087 0.0000e+00
    164.000    10.7681   3.922397    35.3317       5120 0.0000e+00
    165.000    10.7568   3.921198    35.3301       5156 0.0000e+00
    166.000    10.6944   3.914535    35.3229       5189 0.0000e+00
    167.000    10.5512   3.899532    35.3096       5217 0.0000e+00
    168.000    10.4701   3.891135    35.3027       5240 0.0000e+00
    169.000    10.4269   3.886723    35.2995       5262 0.0000e+00
    170.000    10.4072   3.884591    35.2966       5284 0.0000e+00
    171.000    10.3922   3.883130    35.2958       5310 0.0000e+00
    172.000    10.3960   3.883697    35.2974       5341 0.0000e+00
    173.000    10.4029   3.884605    35.2994       5371 0.0000e+00
    174.000    10.4121   3.885716    35.3014       5397 0.0000e+00
    175.000    10.4198   3.886701    35.3034       5423 0.0000e+00
    176.000    10.4280   3.887686    35.3050       5453 0.0000e+00
    177.000    10.4448   3.889831    35.3100       5486 0.0000e+00
    178.000    10.4481   3.890291    35.3110       5516 0.0000e+00
    179.000    10.4514   3.890805    35.3124       5540 0.0000e+00
    180.000    10.4538   3.891196    35.3137       5563 0.0000e+00
    181.000    10.4563   3.891736    35.3162       5586 0.0000e+00
    182.000    10.4680   3.893375    35.3210       5614 0.0000e+00
    183.000    10.4723   3.893978    35.3225       5645 0.0000e+00
    184.000    10.4606   3.892772    35.3212       5676 0.0000e+00
    185.000    10.4394   3.890411    35.3173       5705 0.0000e+00
    186.000    10.3800   3.883394    35.3034       5731 0.0000e+00
    187.000    10.0907   3.851211    35.2565       5756 0.0000e+00
    188.000     9.7486   3.815122    35.2198       5782 0.0000e+00
    189.000     9.7016   3.810022    35.2128       5811 0.0000e+00
    190.000     9.6883   3.808434    35.2090       5841 0.0000e+00
    191.000     9.6818   3.807769    35.2080       5869 0.0000e+00
    192.000     9.6784   3.807634    35.2095       5895 0.0000e+00
    193.000     9.6818   3.808095    35.2105       5920 0.0000e+00
    194.000     9.6862   3.808796    35.2129       5945 0.0000e+00
    195.000     9.6838   3.808722    35.2140       5971 0.0000e+00
    196.000     9.6687   3.807208    35.2127       6000 0.0000e+00
    197.000     9.6236   3.802272    35.2055       6029 0.0000e+00
    198.000     9.5377   3.792966    35.1930       6059 0.0000e+00
    199.000     9.4689   3.785677    35.1845       6087 0.0000e+00
    200.000     9.4188   3.780344    35.1779       6115 0.0000e+00
    201.000     9.3820   3.776388    35.1725       6144 0.0000e+00
    202.000     9.3532   3.773420    35.1695       6173 0.0000e+00
    203.000     9.3263   3.770614    35.1663       6200 0.0000e+00
    204.000     9.3074   3.769047    35.1680       6225 0.0000e+00
    205.000     9.2830   3.766958    35.1699       6248 0.0000e+00
    206.000     9.2141   3.760048    35.1652       6271 0.0000e+00
    207.000     9.1686   3.755829    35.1655       6297 0.0000e+00
    208.000     9.1617   3.755072    35.1640       6328 0.0000e+00
    209.000     9.1570   3.754570    35.1629       6363 0.0000e+00
    210.000     9.1488   3.753749    35.1619       6393 0.0000e+00
    211.000     9.1428   3.753169    35.1613       6419 0.0000e+00
    212.000     9.1413   3.753030    35.1609       6443 0.0000e+00
    213.000     9.1332   3.752193    35.1596       6467 0.0000e+00
    214.000     9.1155   3.750504    35.1589       6493 0.0000e+00
    215.000     9.1117   3.750153    35.1585       6523 0.0000e+00
    216.000     9.1044   3.749423    35.1576       6555 0.0000e+00
    217.000     9.0977   3.748785    35.1571       6582 0.0000e+00
    218.000     9.0894   3.748044    35.1571       6607 0.0000e+00
    219.000     9.0874   3.747816    35.1562       6632 0.0000e+00
    220.000     9.0694   3.746114    35.1557       6657 0.0000e+00
    221.000     9.0620   3.745395    35.1549       6685 0.0000e+00
    222.000     9.0429   3.743562    35.1542       6714 0.0000e+00
    223.000     9.0307   3.742379    35.1533       6743 0.0000e+00
    224.000     9.0098   3.740386    35.1526       6771 0.0000e+00
    225.000     8.9802   3.737519    35.1513       6797 0.0000e+00
    226.000     8.9516   3.734773    35.1503       6823 0.0000e+00
    227.000     8.9194   3.731701    35.1494       6849 0.0000e+00
    228.000     8.8983   3.729633    35.1481       6875 0.0000e+00
    229.000     8.8830   3.728127    35.1469       6904 0.0000e+00
    230.000     8.8665   3.726469    35.1453       6934 0.0000e+00
    231.000     8.8199   3.722047    35.1445       6962 0.0000e+00
    232.000     8.8099   3.721343    35.1465       6989 0.0000e+00
    233.000     8.7985   3.720474    35.1481       7016 0.0000e+00
    234.000     8.7912   3.720035    35.1502       7043 0.0000e+00
    235.000     8.7883   3.720162    35.1540       7070 0.0000e+00
    236.000     8.7859   3.720114    35.1553       7096 0.0000e+00
    237.000     8.7765   3.719255    35.1552       7119 0.0000e+00
    238.000     8.7574   3.717492    35.1551       7143 0.0000e+00
    239.000     8.7441   3.716235    35.1545       7172 0.0000e+00
    240.000     8.7366   3.715551    35.1542       7205 0.0000e+00
