HB2406/ctd022.cnv
* Sea-Bird SBE 9 Data File:
* FileName = C:\cruise\data\ctd022.hex
* Software Version Seasave V 7.26.7.121
* Temperature SN = 6650
* Conductivity SN = 6035
* Number of Bytes Per Scan = 37
* Number of Voltage Words = 4
* Number of Scans Averaged by the Deck Unit = 1
* NMEA Latitude = 40 02.94 N
* NMEA Longitude = 070 36.69 W
* NMEA UTC (Time) = Aug 22 2024 03:26:59
* NMEA baud rate = 4800
** Ship: Bigelow HB2406
** Program:  Summer ECOMON
** Chief Scientist: Chris Melrose
# nquan = 6
# nvalues = 264                         
# units = specified
# name 0 = depSM: Depth [salt water, m]
# name 1 = t090C: Temperature [ITS-90, deg C]
# name 2 = c0S/m: Conductivity [S/m]
# name 3 = sal00: Salinity, Practical [PSU]
# name 4 = scan: Scan Count
# name 5 = flag: flag
# span 0 =      1.000,    133.000       
# span 1 =    11.0882,    23.0198       
# span 2 =   3.869919,   4.911158       
# span 3 =    31.5453,    35.1013       
# span 4 =        185,      16461       
# span 5 = 0.0000e+00, 0.0000e+00       
# interval = meters: 1                  
# start_time = Aug 22 2024 03:26:59 [NMEA time, header]
# bad_flag = -9.990e-29
*END*
      2.000    21.2023   4.512190    31.8061        185 0.0000e+00
      3.000    21.2053   4.512618    31.8069        430 0.0000e+00
      4.000    21.2035   4.512430    31.8064        451 0.0000e+00
      5.000    21.2015   4.512277    31.8064        480 0.0000e+00
      6.000    21.2024   4.512515    31.8072        508 0.0000e+00
      7.000    21.2052   4.512991    31.8086        533 0.0000e+00
      8.000    21.2057   4.512990    31.8079        560 0.0000e+00
      9.000    21.2062   4.513217    31.8090        589 0.0000e+00
     10.000    21.2454   4.522367    31.8516        615 0.0000e+00
     11.000    21.7534   4.619470    32.2342        637 0.0000e+00
     12.000    22.7940   4.817569    32.9838        659 0.0000e+00
     13.000    23.0198   4.911158    33.5335        685 0.0000e+00
     14.000    21.0093   4.693100    33.3831        716 0.0000e+00
     15.000    20.0927   4.617902    33.5002        746 0.0000e+00
     16.000    17.8142   4.418646    33.6879        772 0.0000e+00
     17.000    17.1482   4.352259    33.6714        798 0.0000e+00
     18.000    17.0402   4.357861    33.8100        822 0.0000e+00
     19.000    16.4305   4.299385    33.8126        845 0.0000e+00
     20.000    15.7530   4.232281    33.7952        871 0.0000e+00
     21.000    16.0552   4.279251    33.9542        903 0.0000e+00
     22.000    15.0845   4.187027    33.9639        936 0.0000e+00
     23.000    14.6130   4.142597    33.9700        959 0.0000e+00
     24.000    14.2886   4.112959    33.9819        981 0.0000e+00
     25.000    14.1199   4.097489    33.9871       1005 0.0000e+00
     26.000    13.9718   4.083897    33.9914       1034 0.0000e+00
     27.000    13.7212   4.061461    34.0041       1063 0.0000e+00
     28.000    13.4375   4.035834    34.0160       1090 0.0000e+00
     29.000    13.2192   4.012937    33.9947       1119 0.0000e+00
     30.000    13.0461   3.994826    33.9778       1146 0.0000e+00
     31.000    12.8455   3.974752    33.9665       1170 0.0000e+00
     32.000    12.6511   3.955481    33.9570       1192 0.0000e+00
     33.000    12.3491   3.924954    33.9362       1219 0.0000e+00
     34.000    12.1891   3.908787    33.9246       1250 0.0000e+00
     35.000    11.9710   3.890776    33.9478       1277 0.0000e+00
     36.000    11.8683   3.886088    33.9954       1299 0.0000e+00
     37.000    11.8308   3.884144    34.0103       1324 0.0000e+00
     38.000    11.7918   3.883219    34.0366       1354 0.0000e+00
     39.000    11.7502   3.882578    34.0680       1384 0.0000e+00
     40.000    11.7330   3.882101    34.0786       1409 0.0000e+00
     41.000    11.7140   3.881087    34.0857       1433 0.0000e+00
     42.000    11.7024   3.880831    34.0935       1459 0.0000e+00
     43.000    11.6725   3.879223    34.1048       1486 0.0000e+00
     44.000    11.6181   3.875603    34.1189       1509 0.0000e+00
     45.000    11.5162   3.871812    34.1751       1533 0.0000e+00
     46.000    11.5135   3.875243    34.2109       1564 0.0000e+00
     47.000    11.5107   3.879162    34.2517       1599 0.0000e+00
     48.000    11.4942   3.879613    34.2710       1625 0.0000e+00
     49.000    11.4927   3.880763    34.2833       1646 0.0000e+00
     50.000    11.4899   3.882469    34.3022       1666 0.0000e+00
     51.000    11.4926   3.883633    34.3108       1690 0.0000e+00
     52.000    11.4956   3.884732    34.3184       1718 0.0000e+00
     53.000    11.4996   3.886442    34.3310       1748 0.0000e+00
     54.000    11.5080   3.888871    34.3468       1779 0.0000e+00
     55.000    11.5342   3.895774    34.3899       1809 0.0000e+00
     56.000    11.5840   3.908214    34.4657       1836 0.0000e+00
     57.000    11.5907   3.909694    34.4735       1858 0.0000e+00
     58.000    11.6028   3.912240    34.4869       1880 0.0000e+00
     59.000    11.6109   3.913584    34.4920       1904 0.0000e+00
     60.000    11.6256   3.916140    34.5031       1931 0.0000e+00
     61.000    11.6505   3.921003    34.5272       1960 0.0000e+00
     62.000    11.6890   3.929379    34.5731       1991 0.0000e+00
     63.000    11.7176   3.935088    34.6021       2019 0.0000e+00
     64.000    11.7920   3.948060    34.6593       2045 0.0000e+00
     65.000    11.9845   3.977761    34.7698       2069 0.0000e+00
     66.000    11.9995   3.980243    34.7795       2095 0.0000e+00
     67.000    12.0200   3.984721    34.8037       2121 0.0000e+00
     68.000    12.0039   3.986073    34.8314       2146 0.0000e+00
     69.000    11.9916   3.986469    34.8464       2172 0.0000e+00
     70.000    11.9918   3.987750    34.8582       2203 0.0000e+00
     71.000    11.9955   3.989217    34.8687       2235 0.0000e+00
     72.000    12.0109   3.991843    34.8794       2259 0.0000e+00
     73.000    12.0203   3.993578    34.8871       2280 0.0000e+00
     74.000    12.0221   3.995226    34.9011       2302 0.0000e+00
     75.000    12.0341   3.998047    34.9169       2329 0.0000e+00
     76.000    12.0572   4.001360    34.9272       2361 0.0000e+00
     77.000    12.0704   4.003386    34.9341       2393 0.0000e+00
     78.000    12.0623   4.002794    34.9354       2420 0.0000e+00
     79.000    12.0824   4.007160    34.9587       2444 0.0000e+00
     80.000    12.1026   4.011503    34.9816       2467 0.0000e+00
     81.000    12.1241   4.015080    34.9959       2492 0.0000e+00
     82.000    12.1585   4.020170    35.0128       2519 0.0000e+00
     83.000    12.1700   4.023181    35.0308       2548 0.0000e+00
     84.000    12.0700   4.012718    35.0223       2576 0.0000e+00
     85.000    12.0807   4.014762    35.0317       2605 0.0000e+00
     86.000    12.0428   4.010708    35.0274       2632 0.0000e+00
     87.000    11.9983   4.005745    35.0203       2653 0.0000e+00
     88.000    11.9188   3.997017    35.0093       2674 0.0000e+00
     89.000    11.8381   3.987974    34.9963       2701 0.0000e+00
     90.000    11.7542   3.980279    34.9993       2738 0.0000e+00
     91.000    11.7361   3.980284    35.0160       2767 0.0000e+00
     92.000    11.6737   3.975316    35.0257       2790 0.0000e+00
     93.000    11.5420   3.962021    35.0187       2814 0.0000e+00
     94.000    11.4711   3.954126    35.0075       2841 0.0000e+00
     95.000    11.3989   3.946025    34.9952       2867 0.0000e+00
     96.000    11.3285   3.938825    34.9903       2894 0.0000e+00
     97.000    11.3281   3.939448    34.9963       2922 0.0000e+00
     98.000    11.2943   3.935916    34.9930       2949 0.0000e+00
     99.000    11.2886   3.935422    34.9930       2972 0.0000e+00
    100.000    11.3300   3.940957    35.0081       2996 0.0000e+00
    101.000    11.4856   3.960102    35.0496       3026 0.0000e+00
    102.000    11.5799   3.971986    35.0771       3058 0.0000e+00
    103.000    11.6237   3.978388    35.0983       3084 0.0000e+00
    104.000    11.5492   3.971412    35.0997       3107 0.0000e+00
    105.000    11.4546   3.962340    35.0994       3132 0.0000e+00
    106.000    11.3672   3.954197    35.1013       3159 0.0000e+00
    107.000    11.3543   3.952902    35.1004       3188 0.0000e+00
    108.000    11.3432   3.951803    35.0995       3216 0.0000e+00
    109.000    11.3400   3.951504    35.0992       3242 0.0000e+00
    110.000    11.3373   3.951255    35.0988       3269 0.0000e+00
    111.000    11.3270   3.950214    35.0979       3295 0.0000e+00
    112.000    11.3259   3.950145    35.0977       3319 0.0000e+00
    113.000    11.3207   3.949648    35.0974       3343 0.0000e+00
    114.000    11.3174   3.949354    35.0971       3369 0.0000e+00
    115.000    11.3028   3.947841    35.0955       3400 0.0000e+00
    116.000    11.2561   3.943347    35.0949       3431 0.0000e+00
    117.000    11.2434   3.942231    35.0954       3458 0.0000e+00
    118.000    11.2421   3.942132    35.0952       3483 0.0000e+00
    119.000    11.2414   3.942102    35.0952       3508 0.0000e+00
    120.000    11.2368   3.941717    35.0953       3533 0.0000e+00
    121.000    11.2156   3.939858    35.0966       3559 0.0000e+00
    122.000    11.2084   3.939212    35.0965       3588 0.0000e+00
    123.000    11.2070   3.939121    35.0965       3616 0.0000e+00
    124.000    11.2056   3.938976    35.0960       3641 0.0000e+00
    125.000    11.2027   3.938745    35.0960       3664 0.0000e+00
    126.000    11.1987   3.938410    35.0960       3690 0.0000e+00
    127.000    11.1966   3.938207    35.0956       3722 0.0000e+00
    128.000    11.1874   3.937351    35.0954       3753 0.0000e+00
    129.000    11.1816   3.936806    35.0950       3778 0.0000e+00
    130.000    11.1697   3.935737    35.0952       3802 0.0000e+00
    131.000    11.1675   3.935563    35.0951       3826 0.0000e+00
    132.000    11.1586   3.934716    35.0948       4143 0.0000e+00
    133.000    11.0882   3.927884    35.0934       6105 0.0000e+00
    132.000    11.1190   3.930750    35.0931       6207 0.0000e+00
    131.000    11.1507   3.933785    35.0935       5856 0.0000e+00
    130.000    11.1587   3.934478    35.0932       5888 0.0000e+00
    129.000    11.1552   3.934212    35.0944       5924 0.0000e+00
    128.000    11.1747   3.935963    35.0936       5953 0.0000e+00
    127.000    11.1794   3.936373    35.0937       5983 0.0000e+00
    126.000    11.1861   3.936985    35.0939       6011 0.0000e+00
    125.000    11.1922   3.937489    35.0935       6039 0.0000e+00
    124.000    11.1925   3.937468    35.0935       6064 0.0000e+00
    123.000    11.1936   3.937530    35.0934       6087 0.0000e+00
    122.000    11.1933   3.937446    35.0933       6110 0.0000e+00
    121.000    11.1989   3.937888    35.0929       6136 0.0000e+00
    120.000    11.2068   3.938552    35.0924       6167 0.0000e+00
    119.000    11.2117   3.938987    35.0925       6196 0.0000e+00
    118.000    11.2182   3.939620    35.0931       6221 0.0000e+00
    117.000    11.2296   3.940562    35.0920       6244 0.0000e+00
    116.000    11.2379   3.941317    35.0920       6269 0.0000e+00
    115.000    11.2623   3.943621    35.0922       6295 0.0000e+00
    114.000    11.2911   3.946477    35.0936       6322 0.0000e+00
    113.000    11.2914   3.946362    35.0926       6350 0.0000e+00
    112.000    11.2926   3.946575    35.0940       6377 0.0000e+00
    111.000    11.3050   3.947759    35.0944       6402 0.0000e+00
    110.000    11.3095   3.948147    35.0944       6426 0.0000e+00
    109.000    11.3102   3.948214    35.0949       6449 0.0000e+00
    108.000    11.3255   3.949759    35.0961       6473 0.0000e+00
    107.000    11.3613   3.953201    35.0966       6500 0.0000e+00
    106.000    11.3919   3.955986    35.0956       6530 0.0000e+00
    105.000    11.3962   3.956413    35.0962       6559 0.0000e+00
    104.000    11.4202   3.958827    35.0978       6587 0.0000e+00
    103.000    11.4916   3.965890    35.1003       6614 0.0000e+00
    102.000    11.5679   3.971641    35.0851       6637 0.0000e+00
    101.000    11.4894   3.960583    35.0508       6658 0.0000e+00
    100.000    11.3688   3.944752    35.0089       6680 0.0000e+00
     99.000    11.3007   3.936560    34.9928       6707 0.0000e+00
     98.000    11.2928   3.935339    34.9886       6738 0.0000e+00
     97.000    11.3148   3.938011    34.9947       6765 0.0000e+00
     96.000    11.3207   3.937633    34.9858       6790 0.0000e+00
     95.000    11.3247   3.937640    34.9825       6816 0.0000e+00
     94.000    11.3617   3.941471    34.9859       6842 0.0000e+00
     93.000    11.4229   3.948117    34.9941       6868 0.0000e+00
     92.000    11.5063   3.957455    35.0079       6894 0.0000e+00
     91.000    11.6060   3.968282    35.0208       6919 0.0000e+00
     90.000    11.6604   3.972456    35.0110       6946 0.0000e+00
     89.000    11.7332   3.979414    35.0112       6974 0.0000e+00
     88.000    11.7625   3.980394    34.9936       6999 0.0000e+00
     87.000    11.8129   3.985164    34.9934       7024 0.0000e+00
     86.000    11.9179   3.996441    35.0054       7048 0.0000e+00
     85.000    11.9892   4.004060    35.0133       7074 0.0000e+00
     84.000    12.0341   4.009105    35.0208       7101 0.0000e+00
     83.000    12.0647   4.011611    35.0170       7128 0.0000e+00
     82.000    12.1159   4.017032    35.0221       7154 0.0000e+00
     81.000    12.1538   4.019311    35.0093       7178 0.0000e+00
     80.000    12.1194   4.013710    34.9874       7205 0.0000e+00
     79.000    12.1172   4.012675    34.9798       7233 0.0000e+00
     78.000    12.0701   4.004761    34.9474       7260 0.0000e+00
     77.000    12.0673   4.003496    34.9380       7286 0.0000e+00
     76.000    12.0773   4.004125    34.9352       7311 0.0000e+00
     75.000    12.0529   4.000326    34.9215       7335 0.0000e+00
     74.000    12.0303   3.997255    34.9132       7360 0.0000e+00
     73.000    12.0253   3.995383    34.9001       7385 0.0000e+00
     72.000    12.0243   3.993707    34.8851       7412 0.0000e+00
     71.000    12.0142   3.991750    34.8759       7440 0.0000e+00
     70.000    12.0001   3.989410    34.8666       7466 0.0000e+00
     69.000    11.9920   3.987691    34.8579       7490 0.0000e+00
     68.000    11.9924   3.987095    34.8522       7519 0.0000e+00
     67.000    11.9897   3.985525    34.8398       7550 0.0000e+00
     66.000    12.0064   3.986574    34.8349       7581 0.0000e+00
     65.000    11.8834   3.960704    34.6972       8927 0.0000e+00
     64.000    11.7271   3.935882    34.6006       9543 0.0000e+00
     63.000    11.7122   3.933363    34.5902       9590 0.0000e+00
     62.000    11.6802   3.926093    34.5491       9629 0.0000e+00
     61.000    11.6492   3.919822    34.5168       9656 0.0000e+00
     60.000    11.6330   3.916939    34.5040       9681 0.0000e+00
     59.000    11.6323   3.917145    34.5071       9716 0.0000e+00
     58.000    11.6388   3.917948    34.5094       9763 0.0000e+00
     57.000    11.6338   3.917267    34.5078       9793 0.0000e+00
     56.000    11.6297   3.916644    34.5060       9820 0.0000e+00
     55.000    11.6260   3.916041    34.5039       9847 0.0000e+00
     54.000    11.6170   3.914267    34.4953       9876 0.0000e+00
     53.000    11.6037   3.911504    34.4809       9915 0.0000e+00
     52.000    11.5956   3.909734    34.4715       9962 0.0000e+00
     51.000    11.5737   3.904015    34.4361       9991 0.0000e+00
     50.000    11.5485   3.897469    34.3956      10014 0.0000e+00
     49.000    11.5095   3.887381    34.3329      10039 0.0000e+00
     48.000    11.5308   3.892135    34.3603      10079 0.0000e+00
     47.000    11.4927   3.882178    34.2981      10122 0.0000e+00
     46.000    11.4963   3.882373    34.2972      10152 0.0000e+00
     45.000    11.4922   3.879537    34.2734      10180 0.0000e+00
     44.000    11.4953   3.878009    34.2560      10210 0.0000e+00
     43.000    11.5114   3.876849    34.2300      10244 0.0000e+00
     42.000    11.5097   3.872841    34.1926      10279 0.0000e+00
     41.000    11.5352   3.869919    34.1407      10316 0.0000e+00
     40.000    11.6324   3.874109    34.0928      10348 0.0000e+00
     39.000    11.6844   3.877187    34.0756      10377 0.0000e+00
     38.000    11.7021   3.877689    34.0647      10405 0.0000e+00
     37.000    11.7163   3.878313    34.0582      10437 0.0000e+00
     36.000    11.7301   3.878885    34.0515      10476 0.0000e+00
     35.000    11.7474   3.878959    34.0369      10513 0.0000e+00
     34.000    11.7856   3.879279    34.0054      10544 0.0000e+00
     33.000    11.8240   3.879802    33.9758      10574 0.0000e+00
     32.000    11.8781   3.881590    33.9443      10604 0.0000e+00
     31.000    12.0449   3.892365    33.8976      10638 0.0000e+00
     30.000    12.2034   3.905697    33.8835      10673 0.0000e+00
     29.000    12.3132   3.917136    33.8950      10703 0.0000e+00
     28.000    12.5764   3.943772    33.9139      10736 0.0000e+00
     27.000    12.8613   3.971567    33.9237      10773 0.0000e+00
