HB2406/ctd001.cnv
* Sea-Bird SBE 9 Data File:
* FileName = C:\cruise\data\ctd001.hex
* Software Version Seasave V 7.26.7.121
* Temperature SN = 6650
* Conductivity SN = 6035
* Number of Bytes Per Scan = 37
* Number of Voltage Words = 4
* Number of Scans Averaged by the Deck Unit = 1
* NMEA Latitude = 41 06.05 N
* NMEA Longitude = 070 37.10 W
* NMEA UTC (Time) = Aug 12 2024 20:34:51
* NMEA baud rate = 4800
** Ship: Pisces PC2305
** Program:  Fall ECOMON
** Chief Scientist: Harvey Walsh
# nquan = 6
# nvalues = 72                          
# units = specified
# name 0 = depSM: Depth [salt water, m]
# name 1 = t090C: Temperature [ITS-90, deg C]
# name 2 = c0S/m: Conductivity [S/m]
# name 3 = sal00: Salinity, Practical [PSU]
# name 4 = scan: Scan Count
# name 5 = flag: flag
# span 0 =      2.000,     38.000       
# span 1 =    10.8011,    22.4676       
# span 2 =   3.571460,   4.583325       
# span 3 =    31.4286,    31.8747       
# span 4 =        154,      14935       
# span 5 = 0.0000e+00, 0.0000e+00       
# interval = meters: 1                  
# start_time = Aug 12 2024 20:34:51 [NMEA time, header]
# bad_flag = -9.990e-29
*END*
      3.000    22.4366   4.580596    31.4355        154 0.0000e+00
      4.000    22.4393   4.581029    31.4365        269 0.0000e+00
      5.000    22.4399   4.581192    31.4370        288 0.0000e+00
      6.000    22.4349   4.580880    31.4379        315 0.0000e+00
      7.000    22.3455   4.572920    31.4409        342 0.0000e+00
      8.000    22.2272   4.562193    31.4434        366 0.0000e+00
      9.000    22.0436   4.544922    31.4426        391 0.0000e+00
     10.000    21.3411   4.484330    31.4819        418 0.0000e+00
     11.000    20.0705   4.376371    31.5644        446 0.0000e+00
     12.000    19.3258   4.310288    31.5876        473 0.0000e+00
     13.000    17.1556   4.122074    31.6834        502 0.0000e+00
     14.000    14.7873   3.915033    31.7556        529 0.0000e+00
     15.000    13.7900   3.832614    31.8224        552 0.0000e+00
     16.000    12.9993   3.763410    31.8363        575 0.0000e+00
     17.000    12.0935   3.685967    31.8664        601 0.0000e+00
     18.000    11.9515   3.671696    31.8498        632 0.0000e+00
     19.000    11.8152   3.659753    31.8506        664 0.0000e+00
     20.000    11.6353   3.645140    31.8628        691 0.0000e+00
     21.000    11.5726   3.639343    31.8599        713 0.0000e+00
     22.000    11.5418   3.636184    31.8551        736 0.0000e+00
     23.000    11.4935   3.631690    31.8525        764 0.0000e+00
     24.000    11.4444   3.627233    31.8509        798 0.0000e+00
     25.000    11.4163   3.624876    31.8517        825 0.0000e+00
     26.000    11.3973   3.623021    31.8495        848 0.0000e+00
     27.000    11.3694   3.620539    31.8489        871 0.0000e+00
     28.000    11.3214   3.616497    31.8503        895 0.0000e+00
     29.000    11.2388   3.609658    31.8542        923 0.0000e+00
     30.000    11.1165   3.599661    31.8614        955 0.0000e+00
     31.000    11.0440   3.593875    31.8669        984 0.0000e+00
     32.000    11.0292   3.592579    31.8664       1009 0.0000e+00
     33.000    11.0222   3.591814    31.8646       1033 0.0000e+00
     34.000    10.9893   3.588983    31.8648       1058 0.0000e+00
     35.000    10.9536   3.586045    31.8664       1085 0.0000e+00
     36.000    10.8735   3.579389    31.8698       1111 0.0000e+00
     37.000    10.8239   3.575576    31.8747       1139 0.0000e+00
     38.000    10.8011   3.571460    31.8534       2951 0.0000e+00
     37.000    10.8350   3.574086    31.8503       4471 0.0000e+00
     36.000    10.8473   3.575143    31.8505       4372 0.0000e+00
     35.000    10.9049   3.579708    31.8460       4401 0.0000e+00
     34.000    10.9763   3.585235    31.8391       4448 0.0000e+00
     33.000    11.0150   3.588290    31.8360       4505 0.0000e+00
     32.000    11.0169   3.588410    31.8361       4539 0.0000e+00
     31.000    11.0252   3.589122    31.8363       4573 0.0000e+00
     30.000    11.1042   3.595490    31.8310       4622 0.0000e+00
     29.000    11.2562   3.607587    31.8189       4678 0.0000e+00
     28.000    11.3187   3.612463    31.8132       4711 0.0000e+00
     27.000    11.3665   3.616114    31.8081       4752 0.0000e+00
     26.000    11.3992   3.618857    31.8072       4810 0.0000e+00
     25.000    11.4257   3.621068    31.8064       4850 0.0000e+00
     24.000    11.4594   3.623728    31.8038       4881 0.0000e+00
     23.000    11.5098   3.627561    31.7983       4927 0.0000e+00
     22.000    11.5500   3.630832    31.7960       4991 0.0000e+00
     21.000    11.7401   3.647202    31.7925       7640 0.0000e+00
     20.000    11.8796   3.657826    31.7765       8155 0.0000e+00
     19.000    12.0157   3.669128    31.7699       8179 0.0000e+00
     18.000    12.1168   3.678306    31.7725       8247 0.0000e+00
     17.000    12.3863   3.701881    31.7698       9939 0.0000e+00
     16.000    12.4164   3.704665    31.7713      10925 0.0000e+00
     15.000    13.3196   3.782425    31.7471      10936 0.0000e+00
     14.000    14.1710   3.853932    31.7045      11020 0.0000e+00
     13.000    15.5217   3.972536    31.6757      11076 0.0000e+00
     12.000    17.9681   4.186917    31.6019      11130 0.0000e+00
     11.000    20.1837   4.382861    31.5320      12360 0.0000e+00
     10.000    21.0965   4.463982    31.5016      13614 0.0000e+00
      9.000    21.8583   4.529457    31.4572      13604 0.0000e+00
      8.000    22.1453   4.553288    31.4339      13641 0.0000e+00
      7.000    22.2878   4.566567    31.4337      13676 0.0000e+00
      6.000    22.4182   4.578523    31.4319      13712 0.0000e+00
      5.000    22.4647   4.582429    31.4286      13742 0.0000e+00
      4.000    22.4676   4.582845    31.4301      13773 0.0000e+00
      3.000    22.4668   4.582959    31.4318      13818 0.0000e+00
      2.000    22.4618   4.583325    31.4385      14935 0.0000e+00
