HB2406/ctd015.cnv
* Sea-Bird SBE 9 Data File:
* FileName = C:\cruise\data\ctd015.hex
* Software Version Seasave V 7.26.7.121
* Temperature SN = 6650
* Conductivity SN = 6035
* Number of Bytes Per Scan = 37
* Number of Voltage Words = 4
* Number of Scans Averaged by the Deck Unit = 1
* NMEA Latitude = 41 28.53 N
* NMEA Longitude = 067 41.36 W
* NMEA UTC (Time) = Aug 18 2024 12:43:24
* NMEA baud rate = 4800
** Ship: Bigelow HB2406
** Program:  Summer ECOMON
** Chief Scientist: Chris Melrose
# nquan = 6
# nvalues = 66                          
# units = specified
# name 0 = depSM: Depth [salt water, m]
# name 1 = t090C: Temperature [ITS-90, deg C]
# name 2 = c0S/m: Conductivity [S/m]
# name 3 = sal00: Salinity, Practical [PSU]
# name 4 = scan: Scan Count
# name 5 = flag: flag
# span 0 =      1.000,     34.000       
# span 1 =    18.3103,    18.3409       
# span 2 =   4.222150,   4.224674       
# span 3 =    31.6349,    31.6359       
# span 4 =       -385,      12569       
# span 5 = 0.0000e+00, 0.0000e+00       
# interval = meters: 1                  
# start_time = Aug 18 2024 12:43:24 [NMEA time, header]
# bad_flag = -9.990e-29
*END*
      2.000    18.3219   4.222903    31.6352       -385 0.0000e+00
      3.000    18.3160   4.222426    31.6355        512 0.0000e+00
      4.000    18.3133   4.222222    31.6355        595 0.0000e+00
      5.000    18.3137   4.222324    31.6357        653 0.0000e+00
      6.000    18.3119   4.222150    31.6353        712 0.0000e+00
      7.000    18.3112   4.222168    31.6357        764 0.0000e+00
      8.000    18.3131   4.222380    31.6356        824 0.0000e+00
      9.000    18.3128   4.222380    31.6355        871 0.0000e+00
     10.000    18.3121   4.222386    31.6358        916 0.0000e+00
     11.000    18.3127   4.222448    31.6354        959 0.0000e+00
     12.000    18.3121   4.222448    31.6356       1030 0.0000e+00
     13.000    18.3116   4.222451    31.6356       1078 0.0000e+00
     14.000    18.3113   4.222479    31.6357       1109 0.0000e+00
     15.000    18.3130   4.222654    31.6356       1142 0.0000e+00
     16.000    18.3136   4.222744    31.6355       1196 0.0000e+00
     17.000    18.3127   4.222707    31.6356       1273 0.0000e+00
     18.000    18.3135   4.222819    31.6355       1321 0.0000e+00
     19.000    18.3136   4.222883    31.6356       1354 0.0000e+00
     20.000    18.3141   4.222943    31.6355       1396 0.0000e+00
     21.000    18.3135   4.222941    31.6355       1453 0.0000e+00
     22.000    18.3121   4.222876    31.6357       1490 0.0000e+00
     23.000    18.3118   4.222877    31.6356       1544 0.0000e+00
     24.000    18.3117   4.222906    31.6356       1627 0.0000e+00
     25.000    18.3119   4.222986    31.6357       1660 0.0000e+00
     26.000    18.3131   4.223136    31.6357       1703 0.0000e+00
     27.000    18.3128   4.223144    31.6357       1740 0.0000e+00
     28.000    18.3123   4.223138    31.6357       1769 0.0000e+00
     29.000    18.3125   4.223188    31.6356       1836 0.0000e+00
     30.000    18.3130   4.223302    31.6358       1936 0.0000e+00
     31.000    18.3133   4.223378    31.6359       1959 0.0000e+00
     32.000    18.3137   4.223428    31.6356       1985 0.0000e+00
     33.000    18.3128   4.223402    31.6357       2017 0.0000e+00
     34.000    18.3117   4.223323    31.6356       2495 0.0000e+00
     33.000    18.3123   4.223338    31.6356       4163 0.0000e+00
     32.000    18.3108   4.223152    31.6356       5054 0.0000e+00
     31.000    18.3110   4.223132    31.6356       5173 0.0000e+00
     30.000    18.3110   4.223080    31.6355       5199 0.0000e+00
     29.000    18.3108   4.223026    31.6356       5238 0.0000e+00
     28.000    18.3107   4.222973    31.6355       5282 0.0000e+00
     27.000    18.3103   4.222894    31.6355       5358 0.0000e+00
     26.000    18.3106   4.222844    31.6353       5418 0.0000e+00
     25.000    18.3125   4.223023    31.6356       5443 0.0000e+00
     24.000    18.3132   4.223029    31.6354       5471 0.0000e+00
     23.000    18.3129   4.222962    31.6354       5512 0.0000e+00
     22.000    18.3129   4.222914    31.6354       5563 0.0000e+00
     21.000    18.3130   4.222880    31.6354       5628 0.0000e+00
     20.000    18.3133   4.222870    31.6354       5680 0.0000e+00
     19.000    18.3127   4.222769    31.6354       5711 0.0000e+00
     18.000    18.3116   4.222643    31.6355       5749 0.0000e+00
     17.000    18.3114   4.222579    31.6355       5793 0.0000e+00
     16.000    18.3144   4.222807    31.6354       6673 0.0000e+00
     15.000    18.3148   4.222793    31.6353       8364 0.0000e+00
     14.000    18.3146   4.222731    31.6353       8638 0.0000e+00
     13.000    18.3147   4.222701    31.6353       8673 0.0000e+00
     12.000    18.3159   4.222759    31.6352       8756 0.0000e+00
     11.000    18.3163   4.222762    31.6353       8859 0.0000e+00
     10.000    18.3151   4.222599    31.6352       9123 0.0000e+00
      9.000    18.3244   4.223384    31.6350      10445 0.0000e+00
      8.000    18.3254   4.223437    31.6349      10558 0.0000e+00
      7.000    18.3255   4.223392    31.6349      10621 0.0000e+00
      6.000    18.3257   4.223368    31.6349      10678 0.0000e+00
      5.000    18.3246   4.223242    31.6350      10738 0.0000e+00
      4.000    18.3249   4.223236    31.6351      10791 0.0000e+00
      3.000    18.3263   4.223299    31.6349      10895 0.0000e+00
      2.000    18.3318   4.223783    31.6350      11679 0.0000e+00
      1.000    18.3409   4.224674    31.6358      12569 0.0000e+00
