HB2406/ctd008.cnv
* Sea-Bird SBE 9 Data File:
* FileName = C:\cruise\data\ctd008.hex
* Software Version Seasave V 7.26.7.121
* Temperature SN = 6650
* Conductivity SN = 6035
* Number of Bytes Per Scan = 37
* Number of Voltage Words = 4
* Number of Scans Averaged by the Deck Unit = 1
* NMEA Latitude = 43 01.50 N
* NMEA Longitude = 066 20.15 W
* NMEA UTC (Time) = Aug 15 2024 23:20:19
* NMEA baud rate = 4800
** Ship: Bigelow HB2406
** Program:  Summer ECOMON
** Chief Scientist: Chris Melrose
# nquan = 6
# nvalues = 253                         
# units = specified
# name 0 = depSM: Depth [salt water, m]
# name 1 = t090C: Temperature [ITS-90, deg C]
# name 2 = c0S/m: Conductivity [S/m]
# name 3 = sal00: Salinity, Practical [PSU]
# name 4 = scan: Scan Count
# name 5 = flag: flag
# span 0 =      2.000,    128.000       
# span 1 =     9.0477,    13.2429       
# span 2 =   3.537923,   3.834678       
# span 3 =    32.3062,    33.1658       
# span 4 =       -248,      17599       
# span 5 = 0.0000e+00, 0.0000e+00       
# interval = meters: 1                  
# start_time = Aug 15 2024 23:20:19 [NMEA time, header]
# bad_flag = -9.990e-29
*END*
      2.000    13.2429   3.834678    32.3062       -248 0.0000e+00
      3.000    13.1109   3.823390    32.3121        510 0.0000e+00
      4.000    13.0001   3.813754    32.3152        522 0.0000e+00
      5.000    12.8763   3.803392    32.3228        582 0.0000e+00
      6.000    12.7380   3.791992    32.3327        636 0.0000e+00
      7.000    12.6783   3.786946    32.3356        677 0.0000e+00
      8.000    12.6488   3.784433    32.3365        732 0.0000e+00
      9.000    12.5785   3.778357    32.3386        780 0.0000e+00
     10.000    12.4722   3.769798    32.3480        912 0.0000e+00
     11.000    12.1832   3.746872    32.3774       1008 0.0000e+00
     12.000    11.8683   3.723543    32.4253       1039 0.0000e+00
     13.000    11.8358   3.720959    32.4281       1078 0.0000e+00
     14.000    11.7695   3.715436    32.4320       1113 0.0000e+00
     15.000    11.6173   3.704683    32.4600       1137 0.0000e+00
     16.000    11.5102   3.696573    32.4743       1158 0.0000e+00
     17.000    11.4007   3.688903    32.4950       1179 0.0000e+00
     18.000    11.1254   3.668998    32.5418       1202 0.0000e+00
     19.000    11.0251   3.661964    32.5607       1231 0.0000e+00
     20.000    10.9766   3.658220    32.5662       1263 0.0000e+00
     21.000    10.8996   3.652900    32.5815       1293 0.0000e+00
     22.000    10.8804   3.651509    32.5843       1321 0.0000e+00
     23.000    10.8695   3.650737    32.5859       1348 0.0000e+00
     24.000    10.8724   3.650811    32.5836       1374 0.0000e+00
     25.000    10.8198   3.646984    32.5920       1399 0.0000e+00
     26.000    10.7349   3.641542    32.6131       1423 0.0000e+00
     27.000    10.7152   3.639832    32.6132       1447 0.0000e+00
     28.000    10.6787   3.637489    32.6220       1472 0.0000e+00
     29.000    10.7108   3.639695    32.6149       1499 0.0000e+00
     30.000    10.6321   3.633866    32.6266       1529 0.0000e+00
     31.000    10.3830   3.618508    32.6957       1560 0.0000e+00
     32.000    10.3508   3.616269    32.7017       1589 0.0000e+00
     33.000    10.2968   3.612633    32.7133       1615 0.0000e+00
     34.000    10.2238   3.607658    32.7286       1639 0.0000e+00
     35.000    10.1579   3.603225    32.7429       1662 0.0000e+00
     36.000    10.1350   3.601755    32.7483       1685 0.0000e+00
     37.000    10.1189   3.600705    32.7518       1710 0.0000e+00
     38.000    10.0924   3.598943    32.7576       1736 0.0000e+00
     39.000    10.0701   3.597481    32.7624       1765 0.0000e+00
     40.000    10.0357   3.595324    32.7713       1795 0.0000e+00
     41.000    10.0066   3.593537    32.7792       1824 0.0000e+00
     42.000     9.9503   3.589986    32.7938       1852 0.0000e+00
     43.000     9.9236   3.588308    32.8006       1877 0.0000e+00
     44.000     9.8836   3.585955    32.8126       1901 0.0000e+00
     45.000     9.8467   3.583630    32.8220       1925 0.0000e+00
     46.000     9.7895   3.580022    32.8370       1951 0.0000e+00
     47.000     9.7523   3.577214    32.8418       1978 0.0000e+00
     48.000     9.6631   3.571338    32.8628       2004 0.0000e+00
     49.000     9.5417   3.563238    32.8906       2030 0.0000e+00
     50.000     9.4496   3.556566    32.9060       2056 0.0000e+00
     51.000     9.4350   3.555594    32.9091       2085 0.0000e+00
     52.000     9.4054   3.553543    32.9146       2116 0.0000e+00
     53.000     9.3851   3.552065    32.9177       2143 0.0000e+00
     54.000     9.3635   3.550770    32.9237       2168 0.0000e+00
     55.000     9.3558   3.550046    32.9229       2191 0.0000e+00
     56.000     9.3464   3.549340    32.9239       2213 0.0000e+00
     57.000     9.3446   3.549332    32.9249       2237 0.0000e+00
     58.000     9.3430   3.549200    32.9246       2265 0.0000e+00
     59.000     9.3418   3.549246    32.9257       2297 0.0000e+00
     60.000     9.3348   3.548753    32.9267       2328 0.0000e+00
     61.000     9.3292   3.548336    32.9270       2355 0.0000e+00
     62.000     9.3020   3.546105    32.9287       2379 0.0000e+00
     63.000     9.2938   3.545508    32.9296       2403 0.0000e+00
     64.000     9.2708   3.543959    32.9343       2427 0.0000e+00
     65.000     9.2606   3.543352    32.9370       2452 0.0000e+00
     66.000     9.2545   3.543006    32.9387       2479 0.0000e+00
     67.000     9.2439   3.542579    32.9435       2507 0.0000e+00
     68.000     9.2239   3.542191    32.9575       2536 0.0000e+00
     69.000     9.1779   3.540275    32.9798       2564 0.0000e+00
     70.000     9.1668   3.539834    32.9850       2590 0.0000e+00
     71.000     9.1597   3.539595    32.9886       2615 0.0000e+00
     72.000     9.1393   3.539341    33.0044       2639 0.0000e+00
     73.000     9.1344   3.539303    33.0081       2664 0.0000e+00
     74.000     9.1311   3.539256    33.0102       2693 0.0000e+00
     75.000     9.1067   3.539137    33.0312       2723 0.0000e+00
     76.000     9.1018   3.539191    33.0358       2750 0.0000e+00
     77.000     9.0864   3.540077    33.0589       2774 0.0000e+00
     78.000     9.0756   3.541286    33.0809       2797 0.0000e+00
     79.000     9.0744   3.541161    33.0803       2821 0.0000e+00
     80.000     9.0706   3.541456    33.0864       2851 0.0000e+00
     81.000     9.0665   3.541646    33.0917       2884 0.0000e+00
     82.000     9.0639   3.541928    33.0967       2912 0.0000e+00
     83.000     9.0557   3.543136    33.1163       2937 0.0000e+00
     84.000     9.0548   3.543377    33.1192       2959 0.0000e+00
     85.000     9.0554   3.543404    33.1185       2981 0.0000e+00
     86.000     9.0557   3.543441    33.1181       3006 0.0000e+00
     87.000     9.0574   3.543335    33.1150       3035 0.0000e+00
     88.000     9.0546   3.543591    33.1199       3065 0.0000e+00
     89.000     9.0537   3.543649    33.1209       3093 0.0000e+00
     90.000     9.0532   3.543796    33.1223       3120 0.0000e+00
     91.000     9.0518   3.543972    33.1250       3148 0.0000e+00
     92.000     9.0497   3.544199    33.1289       3177 0.0000e+00
     93.000     9.0496   3.544462    33.1313       3204 0.0000e+00
     94.000     9.0495   3.544658    33.1330       3226 0.0000e+00
     95.000     9.0495   3.544714    33.1331       3247 0.0000e+00
     96.000     9.0505   3.544564    33.1301       3269 0.0000e+00
     97.000     9.0506   3.544585    33.1298       3295 0.0000e+00
     98.000     9.0517   3.544417    33.1265       3331 0.0000e+00
     99.000     9.0521   3.544442    33.1260       3368 0.0000e+00
    100.000     9.0497   3.545859    33.1424       3395 0.0000e+00
    101.000     9.0498   3.546244    33.1460       3417 0.0000e+00
    102.000     9.0500   3.546115    33.1439       3439 0.0000e+00
    103.000     9.0503   3.545832    33.1403       3461 0.0000e+00
    104.000     9.0502   3.546168    33.1435       3486 0.0000e+00
    105.000     9.0502   3.546173    33.1430       3513 0.0000e+00
    106.000     9.0503   3.546223    33.1429       3543 0.0000e+00
    107.000     9.0506   3.546030    33.1403       3572 0.0000e+00
    108.000     9.0504   3.546858    33.1486       3599 0.0000e+00
    109.000     9.0506   3.546754    33.1469       3625 0.0000e+00
    110.000     9.0505   3.547489    33.1541       3652 0.0000e+00
    111.000     9.0506   3.547535    33.1540       3681 0.0000e+00
    112.000     9.0507   3.547597    33.1542       3711 0.0000e+00
    113.000     9.0508   3.547641    33.1540       3737 0.0000e+00
    114.000     9.0509   3.547753    33.1547       3760 0.0000e+00
    115.000     9.0510   3.547769    33.1543       3782 0.0000e+00
    116.000     9.0511   3.547736    33.1534       3804 0.0000e+00
    117.000     9.0511   3.547789    33.1534       3830 0.0000e+00
    118.000     9.0512   3.547855    33.1536       3864 0.0000e+00
    119.000     9.0514   3.547971    33.1542       3899 0.0000e+00
    120.000     9.0514   3.547894    33.1529       3927 0.0000e+00
    121.000     9.0518   3.548042    33.1536       3952 0.0000e+00
    122.000     9.0527   3.548431    33.1563       3975 0.0000e+00
    123.000     9.0525   3.548413    33.1559       3998 0.0000e+00
    124.000     9.0527   3.548552    33.1567       4022 0.0000e+00
    125.000     9.0530   3.548671    33.1572       4048 0.0000e+00
    126.000     9.0533   3.548853    33.1584       4077 0.0000e+00
    127.000     9.0537   3.549160    33.1607       4105 0.0000e+00
    128.000     9.0536   3.549318    33.1620       6422 0.0000e+00
    127.000     9.0533   3.549614    33.1658       8741 0.0000e+00
    126.000     9.0535   3.549511    33.1651       8373 0.0000e+00
    125.000     9.0534   3.549504    33.1655       8401 0.0000e+00
    124.000     9.0532   3.549398    33.1650       8425 0.0000e+00
    123.000     9.0527   3.549058    33.1624       8447 0.0000e+00
    122.000     9.0526   3.548801    33.1603       8470 0.0000e+00
    121.000     9.0525   3.548681    33.1596       8495 0.0000e+00
    120.000     9.0526   3.548500    33.1581       8522 0.0000e+00
    119.000     9.0527   3.548353    33.1570       8552 0.0000e+00
    118.000     9.0522   3.548570    33.1601       8581 0.0000e+00
    117.000     9.0521   3.548523    33.1602       8608 0.0000e+00
    116.000     9.0524   3.548171    33.1567       8634 0.0000e+00
    115.000     9.0527   3.548136    33.1565       8660 0.0000e+00
    114.000     9.0527   3.548078    33.1564       8686 0.0000e+00
    113.000     9.0523   3.547856    33.1549       8710 0.0000e+00
    112.000     9.0521   3.547778    33.1547       8734 0.0000e+00
    111.000     9.0522   3.547800    33.1553       8758 0.0000e+00
    110.000     9.0520   3.547681    33.1547       8784 0.0000e+00
    109.000     9.0519   3.547590    33.1544       8812 0.0000e+00
    108.000     9.0518   3.547527    33.1542       8841 0.0000e+00
    107.000     9.0518   3.547514    33.1545       8869 0.0000e+00
    106.000     9.0512   3.547109    33.1513       8895 0.0000e+00
    105.000     9.0507   3.546990    33.1510       8919 0.0000e+00
    104.000     9.0505   3.546833    33.1500       8943 0.0000e+00
    103.000     9.0504   3.546667    33.1489       8969 0.0000e+00
    102.000     9.0502   3.546523    33.1480       8996 0.0000e+00
    101.000     9.0502   3.546558    33.1488       9025 0.0000e+00
    100.000     9.0497   3.546437    33.1485       9054 0.0000e+00
     99.000     9.0498   3.546411    33.1486       9080 0.0000e+00
     98.000     9.0500   3.546459    33.1494       9103 0.0000e+00
     97.000     9.0499   3.546434    33.1496       9127 0.0000e+00
     96.000     9.0500   3.546374    33.1494       9152 0.0000e+00
     95.000     9.0500   3.546273    33.1488       9178 0.0000e+00
     94.000     9.0498   3.546191    33.1486       9205 0.0000e+00
     93.000     9.0497   3.546160    33.1488       9233 0.0000e+00
     92.000     9.0490   3.545544    33.1436       9262 0.0000e+00
     91.000     9.0477   3.544648    33.1358       9291 0.0000e+00
     90.000     9.0478   3.544522    33.1349       9316 0.0000e+00
     89.000     9.0481   3.544326    33.1331       9338 0.0000e+00
     88.000     9.0481   3.544265    33.1329       9360 0.0000e+00
     87.000     9.0483   3.544263    33.1332       9384 0.0000e+00
     86.000     9.0482   3.544133    33.1324       9413 0.0000e+00
     85.000     9.0481   3.543967    33.1312       9447 0.0000e+00
     84.000     9.0479   3.543630    33.1284       9476 0.0000e+00
     83.000     9.0478   3.543369    33.1262       9500 0.0000e+00
     82.000     9.0479   3.543282    33.1256       9523 0.0000e+00
     81.000     9.0491   3.542817    33.1202       9546 0.0000e+00
     80.000     9.0495   3.542675    33.1188       9574 0.0000e+00
     79.000     9.0484   3.542935    33.1229       9604 0.0000e+00
     78.000     9.0508   3.542406    33.1156       9631 0.0000e+00
     77.000     9.0563   3.541307    33.0996       9655 0.0000e+00
     76.000     9.0684   3.540688    33.0823       9677 0.0000e+00
     75.000     9.0679   3.540568    33.0821       9700 0.0000e+00
     74.000     9.0700   3.540484    33.0797       9727 0.0000e+00
     73.000     9.0746   3.540440    33.0753       9761 0.0000e+00
     72.000     9.0798   3.540399    33.0705       9794 0.0000e+00
     71.000     9.0816   3.540085    33.0660       9819 0.0000e+00
     70.000     9.0802   3.539655    33.0634       9841 0.0000e+00
     69.000     9.0838   3.538619    33.0497       9864 0.0000e+00
     68.000     9.0861   3.538346    33.0452       9889 0.0000e+00
     67.000     9.0929   3.538147    33.0373       9918 0.0000e+00
     66.000     9.1109   3.537923    33.0187       9946 0.0000e+00
     65.000     9.1427   3.538370    32.9944       9970 0.0000e+00
     64.000     9.1573   3.538597    32.9837       9993 0.0000e+00
     63.000     9.1767   3.539354    32.9741      11499 0.0000e+00
     62.000     9.1699   3.539017    32.9773      12442 0.0000e+00
     61.000     9.1695   3.538891    32.9769      12439 0.0000e+00
     60.000     9.1805   3.539274    32.9710      12469 0.0000e+00
     59.000     9.2014   3.540108    32.9608      12507 0.0000e+00
     58.000     9.2064   3.540293    32.9586      12548 0.0000e+00
     57.000     9.2170   3.540699    32.9535      12581 0.0000e+00
     56.000     9.2715   3.543014    32.9276      12612 0.0000e+00
     55.000     9.2826   3.543556    32.9234      12647 0.0000e+00
     54.000     9.2826   3.543552    32.9238      12685 0.0000e+00
     53.000     9.2688   3.542913    32.9304      12719 0.0000e+00
     52.000     9.2859   3.543802    32.9242      12750 0.0000e+00
     51.000     9.3050   3.544767    32.9171      12780 0.0000e+00
     50.000     9.3069   3.544871    32.9168      12815 0.0000e+00
     49.000     9.3015   3.544592    32.9194      12853 0.0000e+00
     48.000     9.2919   3.544047    32.9231      12889 0.0000e+00
     47.000     9.3000   3.544439    32.9201      12923 0.0000e+00
     46.000     9.3214   3.546045    32.9174      12958 0.0000e+00
     45.000     9.3258   3.546298    32.9164      12993 0.0000e+00
     44.000     9.3289   3.546477    32.9158      13027 0.0000e+00
     43.000     9.3400   3.548410    32.9260      13061 0.0000e+00
     42.000     9.3725   3.549659    32.9094      13095 0.0000e+00
     41.000     9.3806   3.550175    32.9078      13126 0.0000e+00
     40.000     9.4450   3.554769    32.8963      13156 0.0000e+00
     39.000     9.4995   3.558507    32.8852      13191 0.0000e+00
     38.000     9.4793   3.557551    32.8943      13236 0.0000e+00
     37.000     9.5153   3.559790    32.8847      13276 0.0000e+00
     36.000     9.5430   3.560979    32.8719      13308 0.0000e+00
     35.000     9.7490   3.575664    32.8344      13337 0.0000e+00
     34.000     9.8938   3.584541    32.7933      13366 0.0000e+00
     33.000     9.9276   3.586706    32.7851      13397 0.0000e+00
     32.000     9.9325   3.587131    32.7854      13433 0.0000e+00
     31.000     9.9313   3.586620    32.7817      13479 0.0000e+00
     30.000     9.9500   3.587977    32.7790      13517 0.0000e+00
     29.000     9.9902   3.590881    32.7725      13544 0.0000e+00
     28.000    10.1291   3.599611    32.7355      13571 0.0000e+00
     27.000    10.2281   3.606172    32.7128      13605 0.0000e+00
     26.000    10.3477   3.614228    32.6866      13649 0.0000e+00
     25.000    10.3066   3.611078    32.6923      13688 0.0000e+00
     24.000    10.3955   3.617880    32.6812      13718 0.0000e+00
     23.000    10.5838   3.629337    32.6276      13745 0.0000e+00
     22.000    10.6047   3.630827    32.6242      13776 0.0000e+00
     21.000    10.6261   3.632368    32.6209      13813 0.0000e+00
     20.000    10.6538   3.634347    32.6163      13856 0.0000e+00
     19.000    10.7015   3.637500    32.6056      13887 0.0000e+00
     18.000    10.8301   3.645864    32.5747      13915 0.0000e+00
     17.000    10.8638   3.648178    32.5681      13946 0.0000e+00
