HB2406/ctd002.cnv
* Sea-Bird SBE 9 Data File:
* FileName = C:\cruise\data\ctd002.hex
* Software Version Seasave V 7.26.7.121
* Temperature SN = 6650
* Conductivity SN = 6035
* Number of Bytes Per Scan = 37
* Number of Voltage Words = 4
* Number of Scans Averaged by the Deck Unit = 1
* NMEA Latitude = 40 53.52 N
* NMEA Longitude = 069 09.36 W
* NMEA UTC (Time) = Aug 13 2024 06:26:43
* NMEA baud rate = 4800
** Ship: Pisces PC2305
** Program:  Fall ECOMON
** Chief Scientist: Harvey Walsh
# nquan = 6
# nvalues = 129                         
# units = specified
# name 0 = depSM: Depth [salt water, m]
# name 1 = t090C: Temperature [ITS-90, deg C]
# name 2 = c0S/m: Conductivity [S/m]
# name 3 = sal00: Salinity, Practical [PSU]
# name 4 = scan: Scan Count
# name 5 = flag: flag
# span 0 =      1.000,     66.000       
# span 1 =     9.4852,    13.4150       
# span 2 =   3.466830,   3.783718       
# span 3 =    31.6817,    31.9463       
# span 4 =        228,      11172       
# span 5 = 0.0000e+00, 0.0000e+00       
# interval = meters: 1                  
# start_time = Aug 13 2024 06:26:43 [NMEA time, header]
# bad_flag = -9.990e-29
*END*
      3.000    13.3889   3.781158    31.6826        228 0.0000e+00
      4.000    13.3971   3.781918    31.6824        499 0.0000e+00
      5.000    13.3954   3.781865    31.6829        507 0.0000e+00
      6.000    13.3944   3.781900    31.6837        547 0.0000e+00
      7.000    13.3823   3.781559    31.6902        587 0.0000e+00
      8.000    13.3810   3.781643    31.6917        621 0.0000e+00
      9.000    13.3700   3.780720    31.6918        657 0.0000e+00
     10.000    13.3520   3.779393    31.6940        689 0.0000e+00
     11.000    13.2972   3.775178    31.6999        724 0.0000e+00
     12.000    13.2399   3.770696    31.7053        762 0.0000e+00
     13.000    13.1652   3.764850    31.7125        792 0.0000e+00
     14.000    13.0529   3.756064    31.7235        820 0.0000e+00
     15.000    12.9366   3.746497    31.7305        848 0.0000e+00
     16.000    12.8720   3.741131    31.7336        877 0.0000e+00
     17.000    12.7603   3.732330    31.7438        906 0.0000e+00
     18.000    12.6971   3.727719    31.7530        939 0.0000e+00
     19.000    12.6335   3.722474    31.7564        971 0.0000e+00
     20.000    12.5992   3.718995    31.7520        998 0.0000e+00
     21.000    12.5756   3.716672    31.7494       1024 0.0000e+00
     22.000    12.5645   3.715714    31.7492       1057 0.0000e+00
     23.000    12.5521   3.714641    31.7491       1092 0.0000e+00
     24.000    12.5318   3.712829    31.7485       1123 0.0000e+00
     25.000    12.5158   3.711359    31.7477       1149 0.0000e+00
     26.000    12.5060   3.710409    31.7465       1174 0.0000e+00
     27.000    12.4989   3.709670    31.7451       1203 0.0000e+00
     28.000    12.4871   3.708565    31.7441       1247 0.0000e+00
     29.000    12.4897   3.708790    31.7437       1282 0.0000e+00
     30.000    12.4871   3.708680    31.7444       1305 0.0000e+00
     31.000    12.5161   3.713165    31.7622       1327 0.0000e+00
     32.000    12.5546   3.717777    31.7732       1352 0.0000e+00
     33.000    12.5779   3.720812    31.7819       1387 0.0000e+00
     34.000    12.5728   3.721820    31.7954       1427 0.0000e+00
     35.000    12.5408   3.720017    31.8049       1459 0.0000e+00
     36.000    12.4951   3.716372    31.8085       1484 0.0000e+00
     37.000    12.4552   3.712951    31.8093       1507 0.0000e+00
     38.000    12.3637   3.705678    31.8170       1533 0.0000e+00
     39.000    12.2727   3.697904    31.8194       1563 0.0000e+00
     40.000    11.9680   3.671465    31.8244       1595 0.0000e+00
     41.000    11.9184   3.667001    31.8234       1627 0.0000e+00
     42.000    11.8514   3.659851    31.8111       1664 0.0000e+00
     43.000    11.7199   3.650118    31.8291       1697 0.0000e+00
     44.000    11.6158   3.642162    31.8407       1722 0.0000e+00
     45.000    11.5717   3.639722    31.8544       1744 0.0000e+00
     46.000    11.4816   3.632425    31.8604       1771 0.0000e+00
     47.000    11.4219   3.627009    31.8585       1808 0.0000e+00
     48.000    11.3446   3.620507    31.8612       1843 0.0000e+00
     49.000    11.2414   3.612041    31.8670       1868 0.0000e+00
     50.000    11.0535   3.596915    31.8805       1893 0.0000e+00
     51.000    10.8598   3.583065    31.9117       1924 0.0000e+00
     52.000    10.6336   3.564248    31.9219       1959 0.0000e+00
     53.000    10.4718   3.547688    31.8979       1987 0.0000e+00
     54.000    10.4027   3.544871    31.9299       2011 0.0000e+00
     55.000    10.3524   3.540682    31.9317       2035 0.0000e+00
     56.000    10.2930   3.535601    31.9325       2061 0.0000e+00
     57.000    10.2710   3.533619    31.9315       2095 0.0000e+00
     58.000    10.2479   3.531591    31.9311       2131 0.0000e+00
     59.000    10.2132   3.528657    31.9316       2159 0.0000e+00
     60.000    10.1991   3.527520    31.9322       2182 0.0000e+00
     61.000    10.0592   3.515640    31.9354       2206 0.0000e+00
     62.000     9.9428   3.506161    31.9420       2233 0.0000e+00
     63.000     9.6923   3.484537    31.9441       2686 0.0000e+00
     64.000     9.5889   3.475623    31.9447       3390 0.0000e+00
     65.000     9.5239   3.470156    31.9463       3908 0.0000e+00
     66.000     9.4852   3.466830    31.9463       4625 0.0000e+00
     65.000     9.5737   3.474238    31.9437       4650 0.0000e+00
     64.000     9.6303   3.478921    31.9415       4627 0.0000e+00
     63.000     9.8383   3.496311    31.9343       4695 0.0000e+00
     62.000    10.1442   3.521456    31.9187       4743 0.0000e+00
     61.000    10.2185   3.527662    31.9162       4775 0.0000e+00
     60.000    10.3016   3.534598    31.9131       4807 0.0000e+00
     59.000    10.4761   3.549455    31.9092       4862 0.0000e+00
     58.000    10.7817   3.575366    31.9005       4904 0.0000e+00
     57.000    10.8669   3.581147    31.8840       4929 0.0000e+00
     56.000    11.0476   3.595400    31.8682       4953 0.0000e+00
     55.000    11.2408   3.610178    31.8467       4979 0.0000e+00
     54.000    11.3264   3.617266    31.8427       5014 0.0000e+00
     53.000    11.3748   3.621278    31.8406       5052 0.0000e+00
     52.000    11.3849   3.622002    31.8394       5080 0.0000e+00
     51.000    11.3938   3.622763    31.8396       5103 0.0000e+00
     50.000    11.4121   3.624475    31.8410       5133 0.0000e+00
     49.000    11.4707   3.629955    31.8445       5178 0.0000e+00
     48.000    11.5839   3.639384    31.8394       5213 0.0000e+00
     47.000    11.5911   3.639176    31.8316       5237 0.0000e+00
     46.000    11.6016   3.639665    31.8278       5260 0.0000e+00
     45.000    11.6610   3.644562    31.8247       5288 0.0000e+00
     44.000    11.7265   3.649434    31.8164       5322 0.0000e+00
     43.000    11.7842   3.652234    31.7945       5359 0.0000e+00
     42.000    11.8690   3.660502    31.8024       5390 0.0000e+00
     41.000    11.9195   3.665605    31.8090       5423 0.0000e+00
     40.000    11.9373   3.667416    31.8116       5455 0.0000e+00
     39.000    11.9845   3.671765    31.8137       5484 0.0000e+00
     38.000    12.0968   3.681705    31.8141       5515 0.0000e+00
     37.000    12.3017   3.699074    31.8068       5554 0.0000e+00
     36.000    12.4004   3.707093    31.8001       5592 0.0000e+00
     35.000    12.4492   3.711225    31.7987       5622 0.0000e+00
     34.000    12.4847   3.713950    31.7950       5648 0.0000e+00
     33.000    12.5229   3.716660    31.7889       6226 0.0000e+00
     32.000    12.5696   3.718693    31.7692       6818 0.0000e+00
     31.000    12.5542   3.715494    31.7522       6821 0.0000e+00
     30.000    12.5523   3.715231    31.7517       6854 0.0000e+00
     29.000    12.5499   3.714842    31.7505       6890 0.0000e+00
     28.000    12.5372   3.713318    31.7470       6932 0.0000e+00
     27.000    12.5311   3.712498    31.7448       6970 0.0000e+00
     26.000    12.5215   3.711156    31.7405       6999 0.0000e+00
     25.000    12.5247   3.711363    31.7402       7031 0.0000e+00
     24.000    12.5253   3.711359    31.7401       7076 0.0000e+00
     23.000    12.5379   3.711967    31.7357       7109 0.0000e+00
     22.000    12.5560   3.713606    31.7363       7132 0.0000e+00
     21.000    12.5694   3.714837    31.7372       7160 0.0000e+00
     20.000    12.5813   3.715936    31.7380       7188 0.0000e+00
     19.000    12.6079   3.718318    31.7386       7214 0.0000e+00
     18.000    12.6424   3.721610    31.7411       7238 0.0000e+00
     17.000    12.6948   3.726185    31.7409       7269 0.0000e+00
     16.000    12.7637   3.732268    31.7408       7306 0.0000e+00
     15.000    12.8224   3.737233    31.7389       7346 0.0000e+00
     14.000    12.9098   3.744284    31.7325       7375 0.0000e+00
     13.000    13.0124   3.752485    31.7242       7401 0.0000e+00
     12.000    13.1304   3.761522    31.7107       7429 0.0000e+00
     11.000    13.1974   3.766752    31.7043       7468 0.0000e+00
     10.000    13.3093   3.775946    31.6974       8296 0.0000e+00
      9.000    13.3678   3.780778    31.6942       8925 0.0000e+00
      8.000    13.4044   3.783718    31.6916       8999 0.0000e+00
      7.000    13.4150   3.783657    31.6826       9060 0.0000e+00
      6.000    13.3969   3.781908    31.6817       9099 0.0000e+00
      5.000    13.3699   3.779539    31.6825       9180 0.0000e+00
      4.000    13.3732   3.779780    31.6823       9210 0.0000e+00
      3.000    13.3803   3.780341    31.6821       9279 0.0000e+00
      2.000    13.3878   3.780960    31.6820       9463 0.0000e+00
      1.000    13.3961   3.781741    31.6828      11172 0.0000e+00
