HB2406/ctd013.cnv
* Sea-Bird SBE 9 Data File:
* FileName = C:\cruise\data\ctd013.hex
* Software Version Seasave V 7.26.7.121
* Temperature SN = 6650
* Conductivity SN = 6035
* Number of Bytes Per Scan = 37
* Number of Voltage Words = 4
* Number of Scans Averaged by the Deck Unit = 1
* NMEA Latitude = 42 22.02 N
* NMEA Longitude = 067 02.00 W
* NMEA UTC (Time) = Aug 17 2024 20:32:18
* NMEA baud rate = 4800
** Ship: Bigelow HB2406
** Program:  Summer ECOMON
** Chief Scientist: Chris Melrose
# nquan = 6
# nvalues = 661                         
# units = specified
# name 0 = depSM: Depth [salt water, m]
# name 1 = t090C: Temperature [ITS-90, deg C]
# name 2 = c0S/m: Conductivity [S/m]
# name 3 = sal00: Salinity, Practical [PSU]
# name 4 = scan: Scan Count
# name 5 = flag: flag
# span 0 =      2.000,    332.000       
# span 1 =     6.3525,    20.3493       
# span 2 =   3.243502,   4.377588       
# span 3 =    31.3565,    35.0064       
# span 4 =          8,      32087       
# span 5 = 0.0000e+00, 0.0000e+00       
# interval = meters: 1                  
# start_time = Aug 17 2024 20:32:18 [NMEA time, header]
# bad_flag = -9.990e-29
*END*
[from data line 478]
    184.000     8.8706   3.706413    34.9524      16349 0.0000e+00
    183.000     8.8819   3.707375    34.9519      16366 0.0000e+00
    182.000     8.9175   3.709931    34.9442      16386 0.0000e+00
    181.000     8.9453   3.711900    34.9379      16410 0.0000e+00
    180.000     8.9764   3.714036    34.9303      16450 0.0000e+00
    179.000     9.0012   3.715969    34.9266      16507 0.0000e+00
    178.000     9.0086   3.716361    34.9240      16536 0.0000e+00
    177.000     9.0059   3.715835    34.9216      16556 0.0000e+00
    176.000     9.0042   3.715405    34.9193      16575 0.0000e+00
    175.000     9.0006   3.714680    34.9157      16596 0.0000e+00
    174.000     8.9863   3.712348    34.9058      16622 0.0000e+00
    173.000     8.9792   3.711225    34.9015      16651 0.0000e+00
    172.000     8.9667   3.709012    34.8910      16678 0.0000e+00
    171.000     8.9346   3.704312    34.8737      16706 0.0000e+00
    170.000     8.9093   3.700665    34.8607      16736 0.0000e+00
    169.000     8.9103   3.700317    34.8565      16766 0.0000e+00
    168.000     8.9203   3.700854    34.8528      16793 0.0000e+00
    167.000     8.9287   3.701327    34.8500      16818 0.0000e+00
    166.000     9.0274   3.710651    34.8515      16844 0.0000e+00
    165.000     9.0695   3.713881    34.8445      18253 0.0000e+00
    164.000     9.0983   3.716996    34.8494      19698 0.0000e+00
    163.000     9.1960   3.726898    34.8578      19591 0.0000e+00
    162.000     9.3225   3.739124    34.8620      19609 0.0000e+00
    161.000     9.3590   3.742206    34.8590      19626 0.0000e+00
    160.000     9.3656   3.742612    34.8572      19642 0.0000e+00
    159.000     9.3634   3.742233    34.8559      19658 0.0000e+00
    158.000     9.3585   3.741697    34.8556      19675 0.0000e+00
    157.000     9.4130   3.746961    34.8575      19694 0.0000e+00
    156.000     9.4579   3.749367    34.8393      19718 0.0000e+00
    155.000     9.4292   3.742113    34.7924      19752 0.0000e+00
    154.000     9.4135   3.738786    34.7737      19800 0.0000e+00
    153.000     9.4107   3.738004    34.7688      19842 0.0000e+00
    152.000     9.4085   3.737428    34.7655      19873 0.0000e+00
    151.000     9.4044   3.736466    34.7599      19904 0.0000e+00
    150.000     9.3929   3.734295    34.7490      19931 0.0000e+00
    149.000     9.3903   3.733844    34.7473      19951 0.0000e+00
    148.000     9.3901   3.733814    34.7477      19967 0.0000e+00
    147.000     9.3859   3.733056    34.7444      19981 0.0000e+00
    146.000     9.3726   3.731050    34.7369      19995 0.0000e+00
    145.000     9.3616   3.729687    34.7339      20009 0.0000e+00
    144.000     9.3460   3.727342    34.7252      20026 0.0000e+00
    143.000     9.3005   3.721604    34.7103      20051 0.0000e+00
    142.000     9.2569   3.715883    34.6936      20111 0.0000e+00
    141.000     9.2164   3.710679    34.6792      20162 0.0000e+00
    140.000     9.1741   3.705367    34.6656      20191 0.0000e+00
    139.000     9.1513   3.702264    34.6558      20214 0.0000e+00
    138.000     9.1184   3.697074    34.6341      20233 0.0000e+00
    137.000     9.0803   3.691059    34.6088      20250 0.0000e+00
    136.000     9.0444   3.685730    34.5884      20268 0.0000e+00
    135.000     9.0281   3.682005    34.5658      20287 0.0000e+00
    134.000     9.0436   3.681585    34.5469      20307 0.0000e+00
    133.000     9.8256   3.771967    34.7260      20330 0.0000e+00
    132.000    10.6294   3.855525    34.8062      20357 0.0000e+00
    131.000    10.8869   3.883830    34.8459      20394 0.0000e+00
    130.000    10.9693   3.893439    34.8641      20445 0.0000e+00
    129.000    11.1113   3.909883    34.8938      20482 0.0000e+00
    128.000    11.2009   3.916173    34.8719      20505 0.0000e+00
    127.000    11.0691   3.896676    34.8031      20525 0.0000e+00
    126.000    10.3668   3.809519    34.5948      20543 0.0000e+00
    125.000    10.2867   3.797197    34.5464      20560 0.0000e+00
    124.000     9.8872   3.748311    34.4297      20577 0.0000e+00
    123.000     9.6567   3.721024    34.3703      20594 0.0000e+00
    122.000     9.4088   3.691940    34.3080      20612 0.0000e+00
    121.000     9.0413   3.647604    34.2001      20638 0.0000e+00
    120.000     8.6685   3.605851    34.1218      20685 0.0000e+00
    119.000     8.5190   3.588530    34.0839      20739 0.0000e+00
    118.000     8.4913   3.585032    34.0742      20772 0.0000e+00
    117.000     8.4552   3.579215    34.0480      20799 0.0000e+00
    116.000     8.3102   3.561487    34.0005      20826 0.0000e+00
    115.000     8.1531   3.542955    33.9559      20853 0.0000e+00
    114.000     8.0617   3.529966    33.9061      20877 0.0000e+00
    113.000     7.9312   3.514303    33.8654      20899 0.0000e+00
    112.000     7.8838   3.507759    33.8417      20919 0.0000e+00
    111.000     7.8519   3.502709    33.8189      20939 0.0000e+00
    110.000     7.8338   3.499637    33.8039      20962 0.0000e+00
    109.000     7.8364   3.499352    33.7989      21007 0.0000e+00
    108.000     7.8388   3.499120    33.7945      21096 0.0000e+00
    107.000     7.8413   3.499177    33.7932      21120 0.0000e+00
    106.000     7.8272   3.495454    33.7673      21140 0.0000e+00
    105.000     7.8146   3.492992    33.7536      21157 0.0000e+00
    104.000     7.7946   3.489733    33.7384      21174 0.0000e+00
    103.000     7.7677   3.486044    33.7252      21192 0.0000e+00
    102.000     7.7159   3.477902    33.6882      21212 0.0000e+00
    101.000     7.6829   3.473336    33.6714      21235 0.0000e+00
    100.000     7.6719   3.471802    33.6660      21261 0.0000e+00
     99.000     7.6123   3.463090    33.6302      21288 0.0000e+00
     98.000     7.4919   3.444193    33.5429      21318 0.0000e+00
     97.000     7.4442   3.437112    33.5128      21350 0.0000e+00
     96.000     7.4228   3.433630    33.4963      21381 0.0000e+00
     95.000     7.4040   3.430618    33.4822      21408 0.0000e+00
     94.000     7.3864   3.427759    33.4688      21436 0.0000e+00
     93.000     7.3661   3.424645    33.4550      21467 0.0000e+00
     92.000     7.3407   3.420713    33.4374      21498 0.0000e+00
     91.000     7.3280   3.418577    33.4270      21523 0.0000e+00
     90.000     7.2658   3.407785    33.3702      21547 0.0000e+00
     89.000     7.1837   3.395069    33.3115      21572 0.0000e+00
     88.000     7.1583   3.390850    33.2905      21600 0.0000e+00
     87.000     7.1460   3.388502    33.2773      21629 0.0000e+00
     86.000     7.1317   3.385650    33.2604      21656 0.0000e+00
     85.000     7.1212   3.383646    33.2492      21679 0.0000e+00
     84.000     7.1163   3.382683    33.2438      21701 0.0000e+00
     83.000     7.0792   3.375383    33.2005      21724 0.0000e+00
     82.000     7.0403   3.368644    33.1647      21751 0.0000e+00
     81.000     7.0099   3.362973    33.1325      21779 0.0000e+00
     80.000     6.9803   3.357656    33.1033      21807 0.0000e+00
     79.000     6.9390   3.350058    33.0603      21836 0.0000e+00
     78.000     6.9089   3.344552    33.0294      21872 0.0000e+00
     77.000     6.8862   3.340032    33.0022      21910 0.0000e+00
     76.000     6.8478   3.333210    32.9646      21936 0.0000e+00
     75.000     6.8275   3.329042    32.9389      21956 0.0000e+00
     74.000     6.8225   3.326728    32.9188      21976 0.0000e+00
     73.000     6.8173   3.325395    32.9096      21999 0.0000e+00
     72.000     6.8089   3.323812    32.9008      22032 0.0000e+00
     71.000     6.7636   3.316566    32.8651      22073 0.0000e+00
     70.000     6.7478   3.310495    32.8139      22104 0.0000e+00
     69.000     6.7531   3.307798    32.7798      22128 0.0000e+00
     68.000     6.7525   3.306379    32.7652      22150 0.0000e+00
     67.000     6.7342   3.303492    32.7514      22174 0.0000e+00
     66.000     6.6646   3.292985    32.7028      22202 0.0000e+00
     65.000     6.6513   3.290053    32.6837      22234 0.0000e+00
     64.000     6.6327   3.284725    32.6432      22272 0.0000e+00
     63.000     6.5818   3.278230    32.6206      22310 0.0000e+00
     62.000     6.5612   3.275999    32.6161      22345 0.0000e+00
     61.000     6.5334   3.272391    32.6033      22376 0.0000e+00
     60.000     6.5524   3.273905    32.6024      22401 0.0000e+00
     59.000     6.5658   3.273886    32.5899      22422 0.0000e+00
     58.000     6.5279   3.269719    32.5805      22441 0.0000e+00
     57.000     6.4930   3.264374    32.5552      22460 0.0000e+00
     56.000     6.4174   3.254705    32.5208      22482 0.0000e+00
     55.000     6.3842   3.249120    32.4910      22512 0.0000e+00
     54.000     6.3619   3.243692    32.4526      22547 0.0000e+00
     53.000     6.3866   3.243502    32.4275      22577 0.0000e+00
     52.000     6.4481   3.245276    32.3892      22602 0.0000e+00
     51.000     6.4819   3.246990    32.3765      22624 0.0000e+00
     50.000     6.5461   3.251151    32.3621      22646 0.0000e+00
     49.000     6.5833   3.252352    32.3406      22671 0.0000e+00
     48.000     6.6078   3.252355    32.3180      22706 0.0000e+00
     47.000     6.6407   3.253982    32.3053      22748 0.0000e+00
     46.000     6.7023   3.257078    32.2818      22776 0.0000e+00
     45.000     6.7399   3.256089    32.2359      22798 0.0000e+00
     44.000     6.7199   3.250358    32.1923      22819 0.0000e+00
     43.000     6.7463   3.250256    32.1669      22840 0.0000e+00
     42.000     6.7406   3.247539    32.1430      22860 0.0000e+00
     41.000     6.7912   3.249209    32.1144      22879 0.0000e+00
     40.000     6.8250   3.247297    32.0623      22900 0.0000e+00
     39.000     6.8595   3.248236    32.0408      22924 0.0000e+00
     38.000     6.9849   3.255316    32.0018      22956 0.0000e+00
     37.000     7.1263   3.264393    31.9697      23004 0.0000e+00
     36.000     7.2468   3.273408    31.9564      23050 0.0000e+00
     35.000     7.3633   3.280073    31.9212      23075 0.0000e+00
     34.000     7.4733   3.288756    31.9139      23094 0.0000e+00
     33.000     7.8713   3.320265    31.8869      23111 0.0000e+00
     32.000     8.3357   3.356487    31.8487      23128 0.0000e+00
     31.000     8.9211   3.403789    31.8162      23146 0.0000e+00
     30.000     9.4624   3.443721    31.7458      23169 0.0000e+00
     29.000    10.1637   3.500697    31.7065      23199 0.0000e+00
     28.000    11.2985   3.595713    31.6661      23235 0.0000e+00
     27.000    12.7493   3.716943    31.6035      23268 0.0000e+00
     26.000    13.2807   3.761808    31.5828      23296 0.0000e+00
     25.000    13.6254   3.791441    31.5737      23327 0.0000e+00
     24.000    13.9930   3.824189    31.5738      23359 0.0000e+00
     23.000    14.4885   3.867673    31.5668      23387 0.0000e+00
     22.000    14.9508   3.905995    31.5388      23409 0.0000e+00
     21.000    15.5390   3.955829    31.5116      23429 0.0000e+00
     20.000    16.4008   4.027040    31.4541      23451 0.0000e+00
     19.000    16.9179   4.069867    31.4197      23478 0.0000e+00
     18.000    17.1207   4.087246    31.4112      23507 0.0000e+00
     17.000    17.0117   4.082527    31.4560      24703 0.0000e+00
     16.000    17.4408   4.119566    31.4393      26570 0.0000e+00
     15.000    17.8978   4.160030    31.4294      26594 0.0000e+00
     14.000    18.6091   4.221483    31.3995      26621 0.0000e+00
     13.000    18.7529   4.233496    31.3902      26670 0.0000e+00
     12.000    18.8616   4.243344    31.3895      26732 0.0000e+00
     11.000    18.8873   4.245907    31.3915      26771 0.0000e+00
     10.000    18.8994   4.247140    31.3928      26801 0.0000e+00
      9.000    18.9864   4.255510    31.3964      28027 0.0000e+00
      8.000    19.0053   4.257133    31.3958      29194 0.0000e+00
      7.000    19.0671   4.262213    31.3912      29047 0.0000e+00
      6.000    19.1359   4.268999    31.3952      29070 0.0000e+00
      5.000    20.0590   4.351250    31.3725      29100 0.0000e+00
      4.000    20.3170   4.373067    31.3565      29189 0.0000e+00
      3.000    20.3493   4.377324    31.3670      30102 0.0000e+00
      2.000    20.3487   4.377588    31.3699      32087 0.0000e+00
