HB2406/ctd003.cnv
* Sea-Bird SBE 9 Data File:
* FileName = C:\cruise\data\ctd003.hex
* Software Version Seasave V 7.26.7.121
* Temperature SN = 6650
* Conductivity SN = 6035
* Number of Bytes Per Scan = 37
* Number of Voltage Words = 4
* Number of Scans Averaged by the Deck Unit = 1
* NMEA Latitude = 40 14.83 N
* NMEA Longitude = 067 42.08 W
* NMEA UTC (Time) = Aug 13 2024 21:49:25
* NMEA baud rate = 4800
** Ship: Bigelow HB2406
** Program:  Summer ECOMON
** Chief Scientist: Chris Melrose
# nquan = 6
# nvalues = 1000                        
# units = specified
# name 0 = depSM: Depth [salt water, m]
# name 1 = t090C: Temperature [ITS-90, deg C]
# name 2 = c0S/m: Conductivity [S/m]
# name 3 = sal00: Salinity, Practical [PSU]
# name 4 = scan: Scan Count
# name 5 = flag: flag
# span 0 =      2.000,    502.000       
# span 1 =     5.2949,    26.5489       
# span 2 =   3.393089,   5.305154       
# span 3 =    33.5546,    35.7499       
# span 4 =        129,      43515       
# span 5 = 0.0000e+00, 0.0000e+00       
# interval = meters: 1                  
# start_time = Aug 13 2024 21:49:25 [NMEA time, header]
# bad_flag = -9.990e-29
*END*
      3.000    26.5437   5.267888    33.5550        129 0.0000e+00
      4.000    26.5369   5.267218    33.5548        271 0.0000e+00
      5.000    26.5341   5.267037    33.5552        299 0.0000e+00
      6.000    26.5337   5.267015    33.5551        333 0.0000e+00
      7.000    26.5400   5.267678    33.5549        359 0.0000e+00
      8.000    26.5489   5.268580    33.5546        381 0.0000e+00
      9.000    26.5429   5.268022    33.5547        405 0.0000e+00
     10.000    26.5453   5.268709    33.5576        430 0.0000e+00
     11.000    26.5108   5.277202    33.6433        460 0.0000e+00
     12.000    26.2719   5.288425    33.8986        490 0.0000e+00
     13.000    26.0763   5.289678    34.0520        516 0.0000e+00
     14.000    25.8038   5.305154    34.3677        679 0.0000e+00
     15.000    25.2263   5.252118    34.4151        880 0.0000e+00
     16.000    24.2637   5.164693    34.5014        905 0.0000e+00
     17.000    23.7492   5.125261    34.6025        936 0.0000e+00
     18.000    23.3217   5.092988    34.6909        964 0.0000e+00
     19.000    23.2636   5.087860    34.6970        991 0.0000e+00
     20.000    22.3982   5.003955    34.7332       1019 0.0000e+00
     21.000    21.0968   4.880694    34.8090       1046 0.0000e+00
     22.000    20.6570   4.833509    34.7886       1070 0.0000e+00
     23.000    20.3908   4.805992    34.7840       1094 0.0000e+00
     24.000    20.3005   4.794575    34.7651       1120 0.0000e+00
     25.000    18.3413   4.585402    34.6608       1150 0.0000e+00
     26.000    17.5846   4.508462    34.6476       1181 0.0000e+00
     27.000    17.4978   4.498493    34.6355       1206 0.0000e+00
     28.000    17.3591   4.482193    34.6129       1227 0.0000e+00
     29.000    16.9350   4.432518    34.5447       1249 0.0000e+00
     30.000    16.6184   4.395594    34.4938       1280 0.0000e+00
     31.000    16.5451   4.386377    34.4756       1316 0.0000e+00
     32.000    16.5125   4.382197    34.4666       1341 0.0000e+00
     33.000    16.4487   4.374601    34.4544       1361 0.0000e+00
     34.000    16.3536   4.363812    34.4409       1385 0.0000e+00
     35.000    16.2018   4.347662    34.4290       1417 0.0000e+00
     36.000    16.1014   4.337569    34.4262       1447 0.0000e+00
     37.000    15.9802   4.326608    34.4335       1471 0.0000e+00
     38.000    15.9060   4.319713    34.4363       1494 0.0000e+00
     39.000    15.6108   4.288931    34.4178       1518 0.0000e+00
     40.000    15.2891   4.256361    34.4057       1546 0.0000e+00
     41.000    15.1411   4.240051    34.3877       1580 0.0000e+00
     42.000    14.9546   4.219916    34.3685       1606 0.0000e+00
     43.000    14.8896   4.214204    34.3733       1629 0.0000e+00
     44.000    14.8876   4.215995    34.3911       1653 0.0000e+00
     45.000    14.8851   4.217219    34.4040       1681 0.0000e+00
     46.000    14.8644   4.218534    34.4339       1711 0.0000e+00
     47.000    14.8217   4.215839    34.4467       1738 0.0000e+00
     48.000    14.7694   4.210859    34.4470       1764 0.0000e+00
     49.000    14.7024   4.205361    34.4557       1790 0.0000e+00
     50.000    14.6724   4.202827    34.4586       1817 0.0000e+00
     51.000    14.6545   4.201490    34.4619       1844 0.0000e+00
     52.000    14.6123   4.198084    34.4676       1871 0.0000e+00
     53.000    14.5432   4.192475    34.4772       1896 0.0000e+00
     54.000    14.4387   4.184017    34.4920       1921 0.0000e+00
     55.000    14.3249   4.175664    34.5160       1946 0.0000e+00
     56.000    14.1850   4.167425    34.5646       1974 0.0000e+00
     57.000    14.0911   4.166546    34.6403       2005 0.0000e+00
     58.000    14.1704   4.183801    34.7288       2033 0.0000e+00
     59.000    14.2048   4.190278    34.7574       2057 0.0000e+00
     60.000    14.3762   4.220753    34.8843       2079 0.0000e+00
     61.000    14.5213   4.252331    35.0445       2104 0.0000e+00
     62.000    14.4284   4.244134    35.0526       2135 0.0000e+00
     63.000    14.1220   4.213031    35.0420       2165 0.0000e+00
     64.000    13.8618   4.187019    35.0362       2190 0.0000e+00
     65.000    13.7459   4.174679    35.0262       2212 0.0000e+00
     66.000    13.5436   4.152739    35.0047       2236 0.0000e+00
     67.000    13.5560   4.159401    35.0557       2266 0.0000e+00
     68.000    13.7264   4.181452    35.1063       2297 0.0000e+00
     69.000    13.9533   4.210953    35.1742       2322 0.0000e+00
     70.000    14.0677   4.232386    35.2689       2346 0.0000e+00
     71.000    14.2395   4.260123    35.3691       2372 0.0000e+00
     72.000    14.3872   4.281234    35.4292       2404 0.0000e+00
     73.000    14.5021   4.300031    35.4973       2434 0.0000e+00
     74.000    14.5816   4.313486    35.5483       2457 0.0000e+00
     75.000    14.5214   4.308523    35.5573       2479 0.0000e+00
     76.000    14.5856   4.318280    35.5880       2502 0.0000e+00
     77.000    14.5580   4.314751    35.5803       2530 0.0000e+00
     78.000    14.4875   4.306107    35.5648       2565 0.0000e+00
     79.000    14.4254   4.299109    35.5567       2594 0.0000e+00
     80.000    14.4138   4.298357    35.5599       2617 0.0000e+00
     81.000    14.4379   4.301899    35.5702       2640 0.0000e+00
     82.000    14.4758   4.307890    35.5903       2664 0.0000e+00
     83.000    14.5636   4.322095    35.6404       2690 0.0000e+00
     84.000    14.5743   4.327940    35.6841       2719 0.0000e+00
     85.000    14.5282   4.323225    35.6826       2750 0.0000e+00
     86.000    14.4269   4.314136    35.6915       2779 0.0000e+00
     87.000    14.4263   4.315128    35.7008       2805 0.0000e+00
     88.000    14.4052   4.313695    35.7066       2827 0.0000e+00
     89.000    14.3655   4.310145    35.7100       2852 0.0000e+00
     90.000    14.3401   4.307744    35.7108       2879 0.0000e+00
     91.000    14.3163   4.305559    35.7120       2908 0.0000e+00
     92.000    14.2996   4.304083    35.7133       2934 0.0000e+00
     93.000    14.2892   4.303066    35.7131       2959 0.0000e+00
     94.000    14.2819   4.302368    35.7129       2988 0.0000e+00
     95.000    14.2691   4.301142    35.7129       3017 0.0000e+00
     96.000    14.2546   4.299790    35.7134       3042 0.0000e+00
     97.000    14.2232   4.297219    35.7182       3067 0.0000e+00
     98.000    14.1813   4.294004    35.7266       3094 0.0000e+00
     99.000    14.0978   4.287593    35.7438       3122 0.0000e+00
    100.000    14.0688   4.285237    35.7484       3148 0.0000e+00
    101.000    13.9855   4.277165    35.7499       3172 0.0000e+00
    102.000    13.8462   4.261958    35.7367       3197 0.0000e+00
    103.000    13.6670   4.242309    35.7187       3224 0.0000e+00
    104.000    13.5325   4.227634    35.7056       3252 0.0000e+00
    105.000    13.4359   4.216891    35.6939       3279 0.0000e+00
    106.000    13.3478   4.207028    35.6826       3305 0.0000e+00
    107.000    13.3249   4.204500    35.6796       3332 0.0000e+00
    108.000    13.3005   4.201635    35.6749       3358 0.0000e+00
    109.000    13.2405   4.194840    35.6662       3386 0.0000e+00
    110.000    13.1911   4.189468    35.6610       3414 0.0000e+00
    111.000    13.1621   4.186246    35.6571       3438 0.0000e+00
    112.000    13.1482   4.184658    35.6546       3460 0.0000e+00
    113.000    13.1178   4.181254    35.6503       3484 0.0000e+00
    114.000    13.0587   4.174641    35.6423       3513 0.0000e+00
    115.000    13.0228   4.170542    35.6365       3546 0.0000e+00
    116.000    12.9808   4.165880    35.6310       3576 0.0000e+00
    117.000    12.9548   4.162988    35.6274       3600 0.0000e+00
    118.000    12.9514   4.162625    35.6267       3621 0.0000e+00
    119.000    12.9527   4.162734    35.6261       3643 0.0000e+00
    120.000    12.9533   4.162788    35.6255       3669 0.0000e+00
    121.000    12.9438   4.161595    35.6226       3701 0.0000e+00
    122.000    12.9009   4.156757    35.6163       3731 0.0000e+00
    123.000    12.8784   4.154247    35.6130       3756 0.0000e+00
    124.000    12.8447   4.150457    35.6079       3780 0.0000e+00
    125.000    12.8156   4.147275    35.6045       3803 0.0000e+00
    126.000    12.7896   4.144422    35.6011       3829 0.0000e+00
    127.000    12.7918   4.144600    35.6003       3858 0.0000e+00
    128.000    12.7666   4.141719    35.5960       3887 0.0000e+00
    129.000    12.7421   4.139151    35.5939       3912 0.0000e+00
    130.000    12.7399   4.138869    35.5929       3935 0.0000e+00
    131.000    12.7318   4.137986    35.5916       3959 0.0000e+00
    132.000    12.7163   4.136247    35.5891       3988 0.0000e+00
    133.000    12.7053   4.135161    35.5885       4017 0.0000e+00
    134.000    12.6934   4.134060    35.5887       4045 0.0000e+00
    135.000    12.6581   4.130281    35.5853       4073 0.0000e+00
    136.000    12.5847   4.122399    35.5783       4099 0.0000e+00
    137.000    12.5299   4.117695    35.5842       4122 0.0000e+00
    138.000    12.4704   4.110844    35.5739       4145 0.0000e+00
    139.000    12.4102   4.105330    35.5771       4171 0.0000e+00
    140.000    12.3988   4.104354    35.5780       4201 0.0000e+00
    141.000    12.3327   4.097143    35.5704       4228 0.0000e+00
    142.000    12.2737   4.090836    35.5646       4254 0.0000e+00
    143.000    12.2071   4.083342    35.5546       4281 0.0000e+00
    144.000    12.0221   4.063411    35.5358       4308 0.0000e+00
    145.000    11.9443   4.055382    35.5310       4333 0.0000e+00
    146.000    11.9241   4.053119    35.5276       4359 0.0000e+00
    147.000    11.9127   4.051845    35.5256       4386 0.0000e+00
    148.000    11.8964   4.050026    35.5229       4412 0.0000e+00
    149.000    11.8917   4.049546    35.5222       4438 0.0000e+00
    150.000    11.8660   4.046662    35.5180       4464 0.0000e+00
    151.000    11.8181   4.041565    35.5133       4490 0.0000e+00
    152.000    11.6907   4.027361    35.4949       4516 0.0000e+00
    153.000    11.4973   4.006516    35.4739       4545 0.0000e+00
    154.000    11.4353   3.999761    35.4661       4574 0.0000e+00
    155.000    11.3145   3.986472    35.4498       4601 0.0000e+00
    156.000    11.2211   3.976392    35.4390       4626 0.0000e+00
    157.000    11.2014   3.974153    35.4352       4649 0.0000e+00
    158.000    11.1863   3.972363    35.4314       4671 0.0000e+00
    159.000    11.1704   3.970504    35.4278       4697 0.0000e+00
    160.000    11.1647   3.969807    35.4258       4730 0.0000e+00
    161.000    11.1597   3.969182    35.4239       4761 0.0000e+00
    162.000    11.1409   3.967086    35.4206       4785 0.0000e+00
    163.000    11.1297   3.965786    35.4181       4808 0.0000e+00
    164.000    11.0896   3.961185    35.4103       4836 0.0000e+00
    165.000    11.0394   3.955417    35.4006       4865 0.0000e+00
    166.000    10.9520   3.945466    35.3848       4891 0.0000e+00
    167.000    10.8849   3.938375    35.3781       4913 0.0000e+00
    168.000    10.8190   3.931193    35.3691       4935 0.0000e+00
    169.000    10.8109   3.930661    35.3712       4961 0.0000e+00
    170.000    10.7981   3.929211    35.3685       4997 0.0000e+00
    171.000    10.7694   3.926105    35.3645       5030 0.0000e+00
    172.000    10.7555   3.924788    35.3643       5053 0.0000e+00
    173.000    10.7421   3.923681    35.3656       5073 0.0000e+00
    174.000    10.7326   3.922983    35.3674       5095 0.0000e+00
    175.000    10.6879   3.918524    35.3652       5124 0.0000e+00
    176.000    10.6420   3.914072    35.3643       5157 0.0000e+00
    177.000    10.6338   3.913241    35.3634       5183 0.0000e+00
    178.000    10.6131   3.911213    35.3625       5206 0.0000e+00
    179.000    10.5923   3.909147    35.3614       5229 0.0000e+00
    180.000    10.5769   3.907495    35.3591       5257 0.0000e+00
    181.000    10.5185   3.901266    35.3524       5288 0.0000e+00
    182.000    10.4445   3.893395    35.3440       5316 0.0000e+00
    183.000    10.4227   3.891195    35.3424       5340 0.0000e+00
    184.000    10.3869   3.887323    35.3375       5363 0.0000e+00
    185.000    10.3506   3.883551    35.3340       5389 0.0000e+00
    186.000    10.3393   3.882277    35.3316       5417 0.0000e+00
    187.000    10.3263   3.880779    35.3285       5447 0.0000e+00
    188.000    10.2645   3.873954    35.3188       5473 0.0000e+00
    189.000    10.2064   3.867662    35.3108       5500 0.0000e+00
    190.000    10.1719   3.863931    35.3059       5528 0.0000e+00
    191.000    10.1659   3.863256    35.3044       5555 0.0000e+00
    192.000    10.1638   3.863003    35.3035       5578 0.0000e+00
    193.000    10.1291   3.859164    35.2976       5599 0.0000e+00
    194.000    10.0836   3.854316    35.2920       5625 0.0000e+00
    195.000    10.0661   3.852412    35.2891       5661 0.0000e+00
    196.000    10.0568   3.851365    35.2871       5693 0.0000e+00
    197.000    10.0497   3.850651    35.2862       5715 0.0000e+00
    198.000    10.0476   3.850418    35.2853       5734 0.0000e+00
    199.000    10.0354   3.849054    35.2828       5756 0.0000e+00
    200.000    10.0183   3.847133    35.2794       5788 0.0000e+00
    201.000     9.9759   3.842357    35.2714       5824 0.0000e+00
    202.000     9.9144   3.835844    35.2642       5850 0.0000e+00
    203.000     9.8523   3.829661    35.2610       5871 0.0000e+00
    204.000     9.8141   3.825892    35.2591       5893 0.0000e+00
    205.000     9.7238   3.816394    35.2492       5919 0.0000e+00
    206.000     9.6534   3.808721    35.2386       5950 0.0000e+00
    207.000     9.6073   3.803822    35.2327       5981 0.0000e+00
    208.000     9.6053   3.803563    35.2315       6008 0.0000e+00
    209.000     9.6009   3.803066    35.2303       6032 0.0000e+00
    210.000     9.5714   3.799794    35.2249       6057 0.0000e+00
    211.000     9.5173   3.794284    35.2205       6083 0.0000e+00
    212.000     9.4897   3.791540    35.2187       6108 0.0000e+00
    213.000     9.4784   3.791074    35.2245       6137 0.0000e+00
    214.000     9.5169   3.795964    35.2369       6166 0.0000e+00
    215.000     9.5532   3.800249    35.2451       6191 0.0000e+00
    216.000     9.5696   3.802621    35.2532       6216 0.0000e+00
    217.000     9.5536   3.801721    35.2590       6242 0.0000e+00
    218.000     9.5117   3.797692    35.2580       6270 0.0000e+00
    219.000     9.4518   3.791845    35.2559       6296 0.0000e+00
    220.000     9.4120   3.788094    35.2556       6320 0.0000e+00
    221.000     9.3947   3.786349    35.2540       6345 0.0000e+00
    222.000     9.3759   3.784336    35.2511       6376 0.0000e+00
    223.000     9.3549   3.782197    35.2491       6408 0.0000e+00
    224.000     9.3412   3.780817    35.2477       6433 0.0000e+00
    225.000     9.3201   3.778632    35.2454       6455 0.0000e+00
    226.000     9.2697   3.773523    35.2414       6477 0.0000e+00
    227.000     9.2453   3.771054    35.2393       6505 0.0000e+00
    228.000     9.2207   3.768436    35.2358       6539 0.0000e+00
    229.000     9.2000   3.766327    35.2337       6567 0.0000e+00
    230.000     9.1633   3.762366    35.2281       6590 0.0000e+00
    231.000     9.1106   3.756962    35.2232       6613 0.0000e+00
    232.000     9.0063   3.746430    35.2156       6639 0.0000e+00
    233.000     8.9216   3.738317    35.2138       6668 0.0000e+00
    234.000     8.9120   3.737385    35.2131       6698 0.0000e+00
    235.000     8.9094   3.737066    35.2118       6724 0.0000e+00
    236.000     8.9056   3.736680    35.2110       6747 0.0000e+00
    237.000     8.8391   3.729704    35.2031       6771 0.0000e+00
    238.000     8.7782   3.723647    35.1993       6797 0.0000e+00
    239.000     8.7507   3.720907    35.1972       6827 0.0000e+00
    240.000     8.7205   3.717683    35.1927       6853 0.0000e+00
