HB2406/ctd009.cnv
* Sea-Bird SBE 9 Data File:
* FileName = C:\cruise\data\ctd009.hex
* Software Version Seasave V 7.26.7.121
* Temperature SN = 6650
* Conductivity SN = 6035
* Number of Bytes Per Scan = 37
* Number of Voltage Words = 4
* Number of Scans Averaged by the Deck Unit = 1
* NMEA Latitude = 44 28.95 N
* NMEA Longitude = 067 13.74 W
* NMEA UTC (Time) = Aug 16 2024 14:08:56
* NMEA baud rate = 4800
** Ship: Bigelow HB2406
** Program:  Summer ECOMON
** Chief Scientist: Chris Melrose
# nquan = 6
# nvalues = 145                         
# units = specified
# name 0 = depSM: Depth [salt water, m]
# name 1 = t090C: Temperature [ITS-90, deg C]
# name 2 = c0S/m: Conductivity [S/m]
# name 3 = sal00: Salinity, Practical [PSU]
# name 4 = scan: Scan Count
# name 5 = flag: flag
# span 0 =      1.000,     74.000       
# span 1 =    10.2908,    11.5871       
# span 2 =   3.591805,   3.669683       
# span 3 =    32.1502,    32.4916       
# span 4 =        226,      12667       
# span 5 = 0.0000e+00, 0.0000e+00       
# interval = meters: 1                  
# start_time = Aug 16 2024 14:08:56 [NMEA time, header]
# bad_flag = -9.990e-29
*END*
      3.000    11.4804   3.660227    32.1507        226 0.0000e+00
      4.000    11.4499   3.657644    32.1515        390 0.0000e+00
      5.000    11.4016   3.653692    32.1545        434 0.0000e+00
      6.000    11.3909   3.652844    32.1551        467 0.0000e+00
      7.000    11.3875   3.652594    32.1552        495 0.0000e+00
      8.000    11.3828   3.652241    32.1554        523 0.0000e+00
      9.000    11.3703   3.651344    32.1571        551 0.0000e+00
     10.000    11.3708   3.651400    32.1567        578 0.0000e+00
     11.000    11.3629   3.650872    32.1580        604 0.0000e+00
     12.000    11.3596   3.650671    32.1585        629 0.0000e+00
     13.000    11.3510   3.650108    32.1600        655 0.0000e+00
     14.000    11.3238   3.648208    32.1647        682 0.0000e+00
     15.000    11.3401   3.649403    32.1618        708 0.0000e+00
     16.000    11.3590   3.650730    32.1580        736 0.0000e+00
     17.000    11.3519   3.650284    32.1593        762 0.0000e+00
     18.000    11.3187   3.647962    32.1651        788 0.0000e+00
     19.000    11.2647   3.644157    32.1745        812 0.0000e+00
     20.000    11.1386   3.635599    32.2001        834 0.0000e+00
     21.000    11.0683   3.631041    32.2163        863 0.0000e+00
     22.000    11.0570   3.630218    32.2176        892 0.0000e+00
     23.000    11.0277   3.628307    32.2240        920 0.0000e+00
     24.000    11.0163   3.627544    32.2261        946 0.0000e+00
     25.000    11.0174   3.627603    32.2253        971 0.0000e+00
     26.000    11.0089   3.627041    32.2268        996 0.0000e+00
     27.000    11.0106   3.627192    32.2263       1021 0.0000e+00
     28.000    11.0061   3.626864    32.2266       1047 0.0000e+00
     29.000    11.0028   3.626656    32.2271       1074 0.0000e+00
     30.000    11.0050   3.626841    32.2265       1102 0.0000e+00
     31.000    11.0106   3.627260    32.2254       1130 0.0000e+00
     32.000    11.0181   3.627814    32.2238       1158 0.0000e+00
     33.000    11.0189   3.627884    32.2234       1185 0.0000e+00
     34.000    11.0056   3.626893    32.2248       1211 0.0000e+00
     35.000    11.0026   3.626702    32.2251       1235 0.0000e+00
     36.000    11.0025   3.626727    32.2251       1260 0.0000e+00
     37.000    11.0026   3.626761    32.2249       1287 0.0000e+00
     38.000    11.0035   3.626882    32.2249       1315 0.0000e+00
     39.000    11.0072   3.627196    32.2243       1342 0.0000e+00
     40.000    11.0025   3.626873    32.2248       1369 0.0000e+00
     41.000    11.0114   3.627440    32.2222       1396 0.0000e+00
     42.000    11.0213   3.628108    32.2197       1422 0.0000e+00
     43.000    11.0105   3.627405    32.2218       1449 0.0000e+00
     44.000    11.0133   3.627674    32.2215       1478 0.0000e+00
     45.000    11.0124   3.627645    32.2216       1505 0.0000e+00
     46.000    11.0132   3.627686    32.2209       1531 0.0000e+00
     47.000    10.9668   3.624552    32.2302       1555 0.0000e+00
     48.000    10.9588   3.624033    32.2317       1581 0.0000e+00
     49.000    10.9558   3.623844    32.2320       1608 0.0000e+00
     50.000    10.9520   3.623617    32.2327       1637 0.0000e+00
     51.000    10.9326   3.622371    32.2370       1665 0.0000e+00
     52.000    10.9303   3.622232    32.2372       1692 0.0000e+00
     53.000    10.9080   3.620806    32.2423       1719 0.0000e+00
     54.000    10.8946   3.619977    32.2454       1745 0.0000e+00
     55.000    10.8613   3.618162    32.2564       1773 0.0000e+00
     56.000    10.8325   3.616713    32.2669       1802 0.0000e+00
     57.000    10.8221   3.616191    32.2705       1829 0.0000e+00
     58.000    10.7367   3.611950    32.3032       1854 0.0000e+00
     59.000    10.7429   3.612298    32.3008       1880 0.0000e+00
     60.000    10.7231   3.611341    32.3084       1906 0.0000e+00
     61.000    10.6572   3.608279    32.3357       1934 0.0000e+00
     62.000    10.6507   3.607980    32.3381       1964 0.0000e+00
     63.000    10.6480   3.607884    32.3391       1993 0.0000e+00
     64.000    10.6468   3.607855    32.3394       2022 0.0000e+00
     65.000    10.6425   3.607730    32.3415       2050 0.0000e+00
     66.000    10.6291   3.607264    32.3483       2077 0.0000e+00
     67.000    10.6026   3.605994    32.3587       3124 0.0000e+00
     68.000    10.6335   3.607412    32.3450       3404 0.0000e+00
     69.000    10.6202   3.606918    32.3515       3495 0.0000e+00
     70.000    10.6052   3.606356    32.3587       3550 0.0000e+00
     71.000    10.5726   3.604966    32.3734       3629 0.0000e+00
     72.000    10.5064   3.601982    32.4019       3717 0.0000e+00
     73.000    10.4375   3.598925    32.4322       3775 0.0000e+00
     74.000    10.2998   3.592315    32.4883       4639 0.0000e+00
     73.000    10.2908   3.591805    32.4916       5291 0.0000e+00
     72.000    10.2971   3.592036    32.4888       5297 0.0000e+00
     71.000    10.3029   3.592276    32.4864       5337 0.0000e+00
     70.000    10.3823   3.595952    32.4529       5372 0.0000e+00
     69.000    10.5278   3.602360    32.3880       5407 0.0000e+00
     68.000    10.5974   3.605467    32.3577       5443 0.0000e+00
     67.000    10.6197   3.606422    32.3478       5480 0.0000e+00
     66.000    10.6285   3.606796    32.3442       5510 0.0000e+00
     65.000    10.6431   3.607351    32.3372       5536 0.0000e+00
     64.000    10.6622   3.608014    32.3274       5561 0.0000e+00
     63.000    10.6937   3.609236    32.3121       5587 0.0000e+00
     62.000    10.7836   3.613668    32.2773       5615 0.0000e+00
     61.000    10.8402   3.616495    32.2558       5644 0.0000e+00
     60.000    10.8804   3.619084    32.2465       5671 0.0000e+00
     59.000    10.9159   3.621245    32.2372       5697 0.0000e+00
     58.000    10.9535   3.623615    32.2280       5722 0.0000e+00
     57.000    10.9900   3.626096    32.2209       5748 0.0000e+00
     56.000    11.0050   3.627156    32.2186       5779 0.0000e+00
     55.000    10.9730   3.624887    32.2247       5814 0.0000e+00
     54.000    10.9721   3.624918    32.2263       5845 0.0000e+00
     53.000    10.9934   3.626466    32.2233       5873 0.0000e+00
     52.000    11.0150   3.627924    32.2191       5900 0.0000e+00
     51.000    11.0138   3.627794    32.2193       5928 0.0000e+00
     50.000    11.0156   3.627914    32.2193       5959 0.0000e+00
     49.000    11.0162   3.627899    32.2191       5993 0.0000e+00
     48.000    11.0166   3.627911    32.2193       6025 0.0000e+00
     47.000    11.0221   3.628256    32.2183       6053 0.0000e+00
     46.000    11.0202   3.628055    32.2184       6080 0.0000e+00
     45.000    11.0232   3.628269    32.2183       6108 0.0000e+00
     44.000    11.0249   3.628308    32.2177       6139 0.0000e+00
     43.000    11.0200   3.627942    32.2188       6172 0.0000e+00
     42.000    11.0174   3.627754    32.2196       6205 0.0000e+00
     41.000    11.0228   3.628054    32.2183       6233 0.0000e+00
     40.000    11.0235   3.628069    32.2182       6259 0.0000e+00
     39.000    11.0261   3.628245    32.2181       6288 0.0000e+00
     38.000    11.0281   3.628403    32.2183       6318 0.0000e+00
     37.000    11.0256   3.628252    32.2194       6351 0.0000e+00
     36.000    11.0410   3.629085    32.2146       6382 0.0000e+00
     35.000    11.0675   3.631169    32.2124       7761 0.0000e+00
     34.000    11.0562   3.630239    32.2135       8236 0.0000e+00
     33.000    11.0595   3.630405    32.2126       8277 0.0000e+00
     32.000    11.0580   3.630289    32.2132       8314 0.0000e+00
     31.000    11.0504   3.629716    32.2147       8347 0.0000e+00
     30.000    11.0487   3.629559    32.2151       8385 0.0000e+00
     29.000    11.0468   3.629389    32.2155       8435 0.0000e+00
     28.000    11.0457   3.629259    32.2156       8483 0.0000e+00
     27.000    11.0444   3.629136    32.2159       8521 0.0000e+00
     26.000    11.0439   3.629085    32.2162       8560 0.0000e+00
     25.000    11.0444   3.629052    32.2159       8602 0.0000e+00
     24.000    11.0470   3.629212    32.2157       8637 0.0000e+00
     23.000    11.0503   3.629423    32.2153       8671 0.0000e+00
     22.000    11.0754   3.630986    32.2091       8708 0.0000e+00
     21.000    11.0885   3.631721    32.2053       8750 0.0000e+00
     20.000    11.1225   3.634168    32.2001       8787 0.0000e+00
     19.000    11.1701   3.637162    32.1884       8818 0.0000e+00
     18.000    11.2160   3.640495    32.1814       8847 0.0000e+00
     17.000    11.2912   3.645558    32.1659       8879 0.0000e+00
     16.000    11.3366   3.648803    32.1586       8916 0.0000e+00
     15.000    11.3573   3.650280    32.1554       8954 0.0000e+00
     14.000    11.3727   3.651378    32.1532       8987 0.0000e+00
     13.000    11.3740   3.651474    32.1534       9019 0.0000e+00
     12.000    11.3730   3.651379    32.1538       9052 0.0000e+00
     11.000    11.3800   3.651985    32.1540       9086 0.0000e+00
     10.000    11.3878   3.652601    32.1537       9120 0.0000e+00
      9.000    11.4232   3.655700    32.1537      10921 0.0000e+00
      8.000    11.4265   3.655848    32.1527      11155 0.0000e+00
      7.000    11.4260   3.655719    32.1523      11207 0.0000e+00
      6.000    11.4295   3.655918    32.1515      11249 0.0000e+00
      5.000    11.4475   3.657338    32.1502      11293 0.0000e+00
      4.000    11.4550   3.658085    32.1514      11351 0.0000e+00
      3.000    11.4722   3.659606    32.1518      11408 0.0000e+00
      2.000    11.5049   3.662369    32.1507      12234 0.0000e+00
      1.000    11.5871   3.669683    32.1511      12667 0.0000e+00
