HB2406/ctd021.cnv
* Sea-Bird SBE 9 Data File:
* FileName = C:\cruise\data\ctd021.hex
* Software Version Seasave V 7.26.7.121
* Temperature SN = 6650
* Conductivity SN = 6035
* Number of Bytes Per Scan = 37
* Number of Voltage Words = 4
* Number of Scans Averaged by the Deck Unit = 1
* NMEA Latitude = 42 18.81 N
* NMEA Longitude = 070 16.68 W
* NMEA UTC (Time) = Aug 20 2024 22:02:44
* NMEA baud rate = 4800
** Ship: Bigelow HB2406
** Program:  Summer ECOMON
** Chief Scientist: Chris Melrose
# nquan = 6
# nvalues = 51                          
# units = specified
# name 0 = depSM: Depth [salt water, m]
# name 1 = t090C: Temperature [ITS-90, deg C]
# name 2 = c0S/m: Conductivity [S/m]
# name 3 = sal00: Salinity, Practical [PSU]
# name 4 = scan: Scan Count
# name 5 = flag: flag
# span 0 =      2.000,     27.000       
# span 1 =     6.6146,    17.1817       
# span 2 =   3.207814,   4.080700       
# span 3 =    31.3131,    31.9043       
# span 4 =        -54,      13626       
# span 5 = 0.0000e+00, 0.0000e+00       
# interval = meters: 1                  
# start_time = Aug 20 2024 22:02:44 [NMEA time, header]
# bad_flag = -9.990e-29
*END*
      2.000    17.1817   4.080700    31.3134        -54 0.0000e+00
      3.000    17.1415   4.077060    31.3131        478 0.0000e+00
      4.000    17.0657   4.070951    31.3193        517 0.0000e+00
      5.000    16.9966   4.064469    31.3169        539 0.0000e+00
      6.000    16.7484   4.044034    31.3339        561 0.0000e+00
      7.000    16.6371   4.034983    31.3422        588 0.0000e+00
      8.000    16.4126   4.014608    31.3409        618 0.0000e+00
      9.000    15.8897   3.969321    31.3564        647 0.0000e+00
     10.000    14.8337   3.880555    31.4084        672 0.0000e+00
     11.000    12.6933   3.706006    31.5527        695 0.0000e+00
     12.000    10.7730   3.553227    31.7074        719 0.0000e+00
     13.000     9.7115   3.467776    31.7782        747 0.0000e+00
     14.000     8.0096   3.329396    31.8663        777 0.0000e+00
     15.000     7.4947   3.288861    31.9043        806 0.0000e+00
     16.000     7.3517   3.276132    31.8983        832 0.0000e+00
     17.000     7.2492   3.266746    31.8909        857 0.0000e+00
     18.000     7.1525   3.258401    31.8894        881 0.0000e+00
     19.000     7.0180   3.247201    31.8917        906 0.0000e+00
     20.000     6.9699   3.242581    31.8854        936 0.0000e+00
     21.000     6.9489   3.240453    31.8813        966 0.0000e+00
     22.000     6.8959   3.235565    31.8766        992 0.0000e+00
     23.000     6.7667   3.225188    31.8827       1018 0.0000e+00
     24.000     6.6904   3.218555    31.8805       1046 0.0000e+00
     25.000     6.6406   3.214496    31.8819       1073 0.0000e+00
     26.000     6.6313   3.213475    31.8788       1099 0.0000e+00
     27.000     6.6146   3.207814    31.8316       2202 0.0000e+00
     26.000     6.6787   3.212783    31.8271       5794 0.0000e+00
     25.000     6.6903   3.214768    31.8386       4532 0.0000e+00
     24.000     6.7150   3.216711    31.8374       4531 0.0000e+00
     23.000     6.7365   3.218473    31.8372       4564 0.0000e+00
     22.000     6.8342   3.226335    31.8330       4599 0.0000e+00
     21.000     6.8568   3.228010    31.8309       4635 0.0000e+00
     20.000     6.9067   3.232185    31.8307       4666 0.0000e+00
     19.000     6.9665   3.236902    31.8272       4695 0.0000e+00
     18.000     7.0201   3.240988    31.8226       4728 0.0000e+00
     17.000     7.1875   3.254817    31.8186       5794 0.0000e+00
     16.000     7.1181   3.249352    31.8239       7390 0.0000e+00
     15.000     7.0984   3.247598    31.8236       7404 0.0000e+00
     14.000     7.0868   3.246659    31.8245       7480 0.0000e+00
     13.000     7.1091   3.248448    31.8238       7548 0.0000e+00
     12.000     7.1883   3.254593    31.8178       7620 0.0000e+00
     11.000     7.5736   3.285819    31.8010       7701 0.0000e+00
     10.000     7.6967   3.295745    31.7942       8809 0.0000e+00
      9.000    10.0515   3.486921    31.6734       9728 0.0000e+00
      8.000    13.5541   3.769943    31.4372       9863 0.0000e+00
      7.000    16.4726   4.017885    31.3257      11943 0.0000e+00
      6.000    16.3821   4.012646    31.3485      12438 0.0000e+00
      5.000    16.4809   4.020977    31.3438      12483 0.0000e+00
      4.000    16.8075   4.049099    31.3322      12519 0.0000e+00
      3.000    17.0549   4.069429    31.3149      12557 0.0000e+00
      2.000    17.1790   4.080644    31.3151      13626 0.0000e+00
