HB2406/ctd007.cnv
* Sea-Bird SBE 9 Data File:
* FileName = C:\cruise\data\ctd007.hex
* Software Version Seasave V 7.26.7.121
* Temperature SN = 6650
* Conductivity SN = 6035
* Number of Bytes Per Scan = 37
* Number of Voltage Words = 4
* Number of Scans Averaged by the Deck Unit = 1
* NMEA Latitude = 42 13.64 N
* NMEA Longitude = 065 45.21 W
* NMEA UTC (Time) = Aug 15 2024 13:28:07
** Ship: Bigelow HB2406
** Program:  Summer ECOMON
** Chief Scientist: Chris Melrose
# nquan = 6
# nvalues = 435                         
# units = specified
# name 0 = depSM: Depth [salt water, m]
# name 1 = t090C: Temperature [ITS-90, deg C]
# name 2 = c0S/m: Conductivity [S/m]
# name 3 = sal00: Salinity, Practical [PSU]
# name 4 = scan: Scan Count
# name 5 = flag: flag
# span 0 =      1.000,    219.000       
# span 1 =     3.9959,    16.1288       
# span 2 =   3.030276,   4.094750       
# span 3 =    31.6705,    35.3813       
# span 4 =        361,      18349       
# span 5 = 0.0000e+00, 0.0000e+00       
# interval = meters: 1                  
# start_time = Aug 15 2024 13:28:07 [NMEA time, header]
# bad_flag = -9.990e-29
*END*
      3.000    15.8673   4.005663    31.6966        361 0.0000e+00
      4.000    15.8437   4.003727    31.6981        622 0.0000e+00
      5.000    15.6227   3.984916    31.7086        679 0.0000e+00
      6.000    15.1515   3.944254    31.7259        727 0.0000e+00
      7.000    14.9550   3.927782    31.7371        765 0.0000e+00
      8.000    14.7289   3.908341    31.7453        812 0.0000e+00
      9.000    14.6019   3.897693    31.7522        856 0.0000e+00
     10.000    14.5022   3.889514    31.7591        890 0.0000e+00
     11.000    14.5059   3.889800    31.7582        956 0.0000e+00
     12.000    14.3700   3.877919    31.7611       1055 0.0000e+00
     13.000    14.2913   3.870411    31.7568       1084 0.0000e+00
     14.000    13.8848   3.833369    31.7513       1117 0.0000e+00
     15.000    13.3081   3.783125    31.7634       1147 0.0000e+00
     16.000    12.8785   3.747087    31.7843       1174 0.0000e+00
     17.000    12.1297   3.681185    31.7894       1200 0.0000e+00
     18.000    11.1553   3.600372    31.8398       1227 0.0000e+00
     19.000    10.5591   3.549554    31.8542       1254 0.0000e+00
     20.000     9.3914   3.453863    31.9168       1280 0.0000e+00
     21.000     8.7605   3.403660    31.9637       1307 0.0000e+00
     22.000     8.4073   3.373696    31.9692       1335 0.0000e+00
     23.000     7.9008   3.333112    32.0013       1361 0.0000e+00
     24.000     7.6683   3.314391    32.0144       1385 0.0000e+00
     25.000     7.4672   3.297381    32.0165       1409 0.0000e+00
     26.000     7.0210   3.260517    32.0304       1437 0.0000e+00
     27.000     6.8834   3.248747    32.0298       1470 0.0000e+00
     28.000     6.8628   3.246911    32.0285       1500 0.0000e+00
     29.000     6.8553   3.245869    32.0237       1525 0.0000e+00
     30.000     6.6086   3.227569    32.0531       1548 0.0000e+00
     31.000     6.4013   3.216372    32.1238       1571 0.0000e+00
     32.000     6.4005   3.218639    32.1492       1597 0.0000e+00
     33.000     5.8926   3.176896    32.1648       1626 0.0000e+00
     34.000     5.4002   3.134838    32.1602       1653 0.0000e+00
     35.000     4.8096   3.089198    32.2073       1678 0.0000e+00
     36.000     4.7352   3.083818    32.2170       1707 0.0000e+00
     37.000     4.6783   3.079275    32.2192       1737 0.0000e+00
     38.000     4.6525   3.077353    32.2216       1763 0.0000e+00
     39.000     4.6147   3.074848    32.2289       1788 0.0000e+00
     40.000     4.6064   3.074110    32.2279       1814 0.0000e+00
     41.000     4.6058   3.074523    32.2328       1842 0.0000e+00
     42.000     4.5992   3.074329    32.2364       1869 0.0000e+00
     43.000     4.5932   3.074010    32.2381       1894 0.0000e+00
     44.000     4.5880   3.073586    32.2377       1920 0.0000e+00
     45.000     4.5610   3.071334    32.2374       1948 0.0000e+00
     46.000     4.4472   3.061004    32.2278       1977 0.0000e+00
     47.000     4.2499   3.046113    32.2465       2004 0.0000e+00
     48.000     4.2091   3.043037    32.2500       2030 0.0000e+00
     49.000     4.1426   3.037441    32.2491       2056 0.0000e+00
     50.000     4.0802   3.032249    32.2489       2081 0.0000e+00
     51.000     3.9959   3.030276    32.3082       2107 0.0000e+00
     52.000     4.1743   3.054670    32.4185       2138 0.0000e+00
     53.000     4.5046   3.091962    32.5282       2169 0.0000e+00
     54.000     4.8906   3.133986    32.6350       2195 0.0000e+00
     55.000     5.2697   3.176291    32.7483       2217 0.0000e+00
     56.000     5.4138   3.191378    32.7789       2239 0.0000e+00
     57.000     5.4422   3.195152    32.7935       2263 0.0000e+00
     58.000     5.4329   3.195450    32.8055       2294 0.0000e+00
     59.000     5.4474   3.198548    32.8261       2327 0.0000e+00
     60.000     5.5072   3.205191    32.8426       2353 0.0000e+00
     61.000     5.5644   3.211364    32.8561       2378 0.0000e+00
     62.000     5.6471   3.221372    32.8881       2405 0.0000e+00
     63.000     5.6798   3.226352    32.9121       2433 0.0000e+00
     64.000     5.7314   3.233261    32.9392       2459 0.0000e+00
     65.000     5.9271   3.255720    33.0006       2485 0.0000e+00
     66.000     6.3692   3.306001    33.1314       2512 0.0000e+00
     67.000     6.4930   3.323438    33.2041       2538 0.0000e+00
     68.000     6.5085   3.325877    33.2155       2564 0.0000e+00
     69.000     6.5326   3.329579    33.2326       2590 0.0000e+00
     70.000     6.6308   3.341351    33.2668       2620 0.0000e+00
     71.000     6.8975   3.373217    33.3581       2650 0.0000e+00
     72.000     7.1103   3.398949    33.4330       2674 0.0000e+00
     73.000     7.2572   3.416930    33.4862       2697 0.0000e+00
     74.000     7.3441   3.427475    33.5162       2722 0.0000e+00
     75.000     7.3839   3.432571    33.5326       2749 0.0000e+00
     76.000     7.4644   3.442117    33.5577       2778 0.0000e+00
     77.000     7.5012   3.446340    33.5673       2807 0.0000e+00
     78.000     7.5611   3.453318    33.5843       2836 0.0000e+00
     79.000     7.6771   3.466493    33.6139       2862 0.0000e+00
     80.000     7.7918   3.479376    33.6413       2885 0.0000e+00
     81.000     7.7982   3.482049    33.6634       2909 0.0000e+00
     82.000     7.8483   3.488227    33.6809       2936 0.0000e+00
     83.000     7.8915   3.493694    33.6974       2965 0.0000e+00
     84.000     7.9189   3.497699    33.7134       2992 0.0000e+00
     85.000     7.9890   3.506268    33.7370       3019 0.0000e+00
     86.000     8.0131   3.509357    33.7463       3048 0.0000e+00
     87.000     8.0904   3.518411    33.7680       3076 0.0000e+00
     88.000     8.1338   3.523697    33.7821       3101 0.0000e+00
     89.000     8.1542   3.526315    33.7899       3124 0.0000e+00
     90.000     8.2260   3.535262    33.8155       3149 0.0000e+00
     91.000     8.2855   3.543226    33.8423       3178 0.0000e+00
     92.000     8.3884   3.555994    33.8784       3207 0.0000e+00
     93.000     8.4504   3.564490    33.9082       3232 0.0000e+00
     94.000     8.3326   3.552790    33.8971       3259 0.0000e+00
     95.000     8.2648   3.547260    33.9033       3288 0.0000e+00
     96.000     8.2935   3.552522    33.9310       3316 0.0000e+00
     97.000     8.3265   3.559550    33.9733       3342 0.0000e+00
     98.000     8.3862   3.567475    33.9993       3367 0.0000e+00
     99.000     8.6019   3.594398    34.0752       3393 0.0000e+00
    100.000     9.1092   3.655200    34.2236       3419 0.0000e+00
    101.000     9.7047   3.723893    34.3640       3445 0.0000e+00
    102.000    10.0560   3.764659    34.4458       3474 0.0000e+00
    103.000    10.1414   3.774923    34.4687       3503 0.0000e+00
    104.000    10.3135   3.797523    34.5339       3529 0.0000e+00
    105.000    10.7884   3.854354    34.6559       3552 0.0000e+00
    106.000    10.9279   3.872566    34.7056       3578 0.0000e+00
    107.000    10.9362   3.874862    34.7203       3608 0.0000e+00
    108.000    10.9378   3.875762    34.7273       3637 0.0000e+00
    109.000    10.9424   3.876825    34.7331       3664 0.0000e+00
    110.000    10.9513   3.878707    34.7430       3688 0.0000e+00
    111.000    10.9578   3.880293    34.7523       3712 0.0000e+00
    112.000    11.0297   3.890176    34.7823       3737 0.0000e+00
    113.000    11.2512   3.919355    34.8625       3768 0.0000e+00
    114.000    11.4530   3.945516    34.9305       3800 0.0000e+00
    115.000    11.5468   3.957489    34.9597       3825 0.0000e+00
    116.000    11.6143   3.967045    34.9897       3848 0.0000e+00
    117.000    11.6466   3.973216    35.0194       3873 0.0000e+00
    118.000    11.6448   3.974691    35.0353       3901 0.0000e+00
    119.000    11.6059   3.971322    35.0383       3929 0.0000e+00
    120.000    11.6620   3.978180    35.0524       3958 0.0000e+00
    121.000    11.7700   3.995259    35.1177       3985 0.0000e+00
    122.000    11.8411   4.005207    35.1476       4009 0.0000e+00
    123.000    11.9387   4.017773    35.1780       4032 0.0000e+00
    124.000    12.1036   4.040211    35.2410       4057 0.0000e+00
    125.000    12.2639   4.060568    35.2873       4089 0.0000e+00
    126.000    12.3906   4.076480    35.3218       4119 0.0000e+00
    127.000    12.4278   4.081308    35.3332       4145 0.0000e+00
    128.000    12.4634   4.086113    35.3457       4174 0.0000e+00
    129.000    12.4634   4.087327    35.3570       4202 0.0000e+00
    130.000    12.4497   4.086092    35.3575       4226 0.0000e+00
    131.000    12.3971   4.080149    35.3491       4249 0.0000e+00
    132.000    12.3971   4.080345    35.3506       4275 0.0000e+00
    133.000    12.3783   4.078218    35.3472       4305 0.0000e+00
    134.000    12.3733   4.078019    35.3496       4333 0.0000e+00
    135.000    12.3917   4.080612    35.3569       4359 0.0000e+00
    136.000    12.3919   4.080764    35.3578       4387 0.0000e+00
    137.000    12.3908   4.080860    35.3592       4418 0.0000e+00
    138.000    12.3807   4.079921    35.3592       4446 0.0000e+00
    139.000    12.3411   4.076019    35.3583       4471 0.0000e+00
    140.000    12.2499   4.067772    35.3640       4494 0.0000e+00
    141.000    12.1246   4.054975    35.3574       4518 0.0000e+00
    142.000    11.7129   4.011012    35.3172       4544 0.0000e+00
    143.000    11.5128   3.989776    35.2981       4572 0.0000e+00
    144.000    11.4717   3.985052    35.2902       4602 0.0000e+00
    145.000    11.3973   3.976761    35.2786       4633 0.0000e+00
    146.000    11.3644   3.973035    35.2727       4663 0.0000e+00
    147.000    11.2892   3.964816    35.2626       4688 0.0000e+00
    148.000    11.2458   3.960035    35.2561       4711 0.0000e+00
    149.000    11.2355   3.958970    35.2550       4734 0.0000e+00
    150.000    11.2255   3.957842    35.2528       4759 0.0000e+00
    151.000    11.2024   3.955123    35.2475       4789 0.0000e+00
    152.000    11.1745   3.951838    35.2410       4817 0.0000e+00
    153.000    11.1043   3.944303    35.2327       4841 0.0000e+00
    154.000    11.0870   3.941996    35.2258       4864 0.0000e+00
    155.000    11.0320   3.936041    35.2186       4889 0.0000e+00
    156.000    11.0235   3.934943    35.2154       4921 0.0000e+00
    157.000    10.9933   3.931537    35.2098       4954 0.0000e+00
    158.000    10.9328   3.924764    35.1996       4983 0.0000e+00
    159.000    10.9234   3.923807    35.1986       5008 0.0000e+00
    160.000    10.9304   3.924514    35.1986       5030 0.0000e+00
    161.000    10.9387   3.925470    35.1997       5051 0.0000e+00
    162.000    10.9371   3.925289    35.1989       5073 0.0000e+00
    163.000    10.9197   3.923300    35.1953       5102 0.0000e+00
    164.000    10.9116   3.922463    35.1942       5134 0.0000e+00
    165.000    10.9109   3.922333    35.1931       5163 0.0000e+00
    166.000    10.8710   3.917892    35.1864       5189 0.0000e+00
    167.000    10.8736   3.918120    35.1858       5215 0.0000e+00
    168.000    10.8287   3.913063    35.1777       5240 0.0000e+00
    169.000    10.8016   3.910062    35.1732       5266 0.0000e+00
    170.000    10.7723   3.906924    35.1694       5292 0.0000e+00
    171.000    10.7645   3.906079    35.1680       5317 0.0000e+00
    172.000    10.7563   3.905296    35.1674       5343 0.0000e+00
    173.000    10.7536   3.905299    35.1696       5371 0.0000e+00
    174.000    10.7491   3.906016    35.1807       5398 0.0000e+00
    175.000    10.7556   3.907223    35.1862       5425 0.0000e+00
    176.000    10.7408   3.907481    35.2025       5452 0.0000e+00
    177.000    10.7327   3.907364    35.2087       5478 0.0000e+00
    178.000    10.7327   3.908992    35.2246       5504 0.0000e+00
    179.000    10.7392   3.912603    35.2542       5530 0.0000e+00
    180.000    10.7281   3.912152    35.2600       5556 0.0000e+00
    181.000    10.6897   3.908774    35.2626       5584 0.0000e+00
    182.000    10.6413   3.904255    35.2632       5612 0.0000e+00
    183.000    10.6112   3.901264    35.2616       5638 0.0000e+00
    184.000    10.5991   3.900120    35.2614       5664 0.0000e+00
    185.000    10.5675   3.896970    35.2596       5692 0.0000e+00
    186.000    10.5102   3.891355    35.2579       5718 0.0000e+00
    187.000    10.4500   3.885680    35.2582       5743 0.0000e+00
    188.000    10.4329   3.884031    35.2576       5767 0.0000e+00
    189.000    10.2316   3.863787    35.2468       5793 0.0000e+00
    190.000    10.0502   3.846086    35.2423       5822 0.0000e+00
    191.000     9.8948   3.830527    35.2340       5854 0.0000e+00
    192.000     9.7978   3.820902    35.2293       5884 0.0000e+00
    193.000     9.7751   3.818603    35.2274       5911 0.0000e+00
    194.000     9.7601   3.816997    35.2251       5934 0.0000e+00
    195.000     9.7410   3.815150    35.2243       5956 0.0000e+00
    196.000     9.7074   3.811607    35.2202       5980 0.0000e+00
    197.000     9.6583   3.806896    35.2192       6007 0.0000e+00
    198.000     9.6508   3.805996    35.2168       6038 0.0000e+00
    199.000     9.5925   3.800214    35.2137       6069 0.0000e+00
    200.000     9.5513   3.796094    35.2111       6097 0.0000e+00
    201.000     9.5079   3.791702    35.2077       6123 0.0000e+00
    202.000     9.4229   3.783091    35.2014       6148 0.0000e+00
    203.000     9.3976   3.780913    35.2033       6173 0.0000e+00
    204.000     9.4072   3.781383    35.1982       6198 0.0000e+00
    205.000     9.2709   3.768051    35.1932       6223 0.0000e+00
    206.000     9.2478   3.765596    35.1899       6248 0.0000e+00
    207.000     9.1771   3.758564    35.1857       6275 0.0000e+00
    208.000     9.1299   3.753837    35.1824       6306 0.0000e+00
    209.000     9.1205   3.752853    35.1809       6337 0.0000e+00
    210.000     9.1238   3.753098    35.1798       6364 0.0000e+00
    211.000     9.0594   3.746609    35.1750       6388 0.0000e+00
    212.000     8.9256   3.732981    35.1639       6411 0.0000e+00
    213.000     8.8606   3.726769    35.1624       6435 0.0000e+00
    214.000     8.8600   3.726599    35.1608       6461 0.0000e+00
    215.000     8.8549   3.725992    35.1590       6489 0.0000e+00
    216.000     8.7885   3.719061    35.1513       6517 0.0000e+00
    217.000     8.7371   3.714032    35.1488       6543 0.0000e+00
    218.000     8.7298   3.712867    35.1432       6866 0.0000e+00
    219.000     8.7396   3.713439    35.1390       8484 0.0000e+00
    218.000     8.7717   3.716782    35.1429       8320 0.0000e+00
    217.000     8.7895   3.718912    35.1482       8321 0.0000e+00
    216.000     8.8486   3.724497    35.1489       8346 0.0000e+00
    215.000     8.8492   3.724524    35.1491       8369 0.0000e+00
    214.000     8.8489   3.724497    35.1497       8393 0.0000e+00
    213.000     8.8526   3.724892    35.1506       8420 0.0000e+00
    212.000     8.8631   3.725933    35.1516       8448 0.0000e+00
    211.000     8.9000   3.730158    35.1600       8475 0.0000e+00
    210.000     9.0075   3.740515    35.1629       8502 0.0000e+00
    209.000     9.0744   3.747259    35.1679       8529 0.0000e+00
    208.000     9.1114   3.751054    35.1715       8555 0.0000e+00
    207.000     9.1630   3.756244    35.1754       8582 0.0000e+00
    206.000     9.2323   3.763232    35.1805       8608 0.0000e+00
    205.000     9.3054   3.770758    35.1873       8632 0.0000e+00
    204.000     9.3795   3.777699    35.1872       8655 0.0000e+00
    203.000     9.3938   3.779000    35.1871       8682 0.0000e+00
    202.000     9.4277   3.782476    35.1904       8710 0.0000e+00
    201.000     9.3910   3.778752    35.1882       8737 0.0000e+00
    200.000     9.4341   3.783566    35.1962       8763 0.0000e+00
    199.000     9.5281   3.792667    35.1988       8788 0.0000e+00
    198.000     9.5835   3.798041    35.2005       8814 0.0000e+00
