HB2406/ctd004.cnv
* Sea-Bird SBE 9 Data File:
* FileName = C:\cruise\data\ctd004.hex
* Software Version Seasave V 7.26.7.121
* Temperature SN = 6650
* Conductivity SN = 6035
* Number of Bytes Per Scan = 37
* Number of Voltage Words = 4
* Number of Scans Averaged by the Deck Unit = 1
* NMEA Latitude = 40 22.54 N
* NMEA Longitude = 067 41.35 W
* NMEA UTC (Time) = Aug 13 2024 23:18:35
* NMEA baud rate = 4800
** Ship: Bigelow HB2406
** Program:  Summer ECOMON
** Chief Scientist: Chris Melrose
# nquan = 6
# nvalues = 656                         
# units = specified
# name 0 = depSM: Depth [salt water, m]
# name 1 = t090C: Temperature [ITS-90, deg C]
# name 2 = c0S/m: Conductivity [S/m]
# name 3 = sal00: Salinity, Practical [PSU]
# name 4 = scan: Scan Count
# name 5 = flag: flag
# span 0 =      2.000,    330.000       
# span 1 =     8.1925,    26.5297       
# span 2 =   3.664850,   5.296167       
# span 3 =    33.7518,    35.9434       
# span 4 =        513,      29352       
# span 5 = 0.0000e+00, 0.0000e+00       
# interval = meters: 1                  
# start_time = Aug 13 2024 23:18:35 [NMEA time, header]
# bad_flag = -9.990e-29
*END*
      3.000    26.3497   5.291598    33.8669        513 0.0000e+00
      4.000    26.3454   5.291754    33.8709        981 0.0000e+00
      5.000    26.3442   5.291961    33.8729        982 0.0000e+00
      6.000    26.3440   5.292350    33.8756       1039 0.0000e+00
      7.000    26.3077   5.292885    33.9059       1103 0.0000e+00
      8.000    26.1792   5.293739    34.0066       1153 0.0000e+00
      9.000    25.9643   5.296167    34.1837       1197 0.0000e+00
     10.000    25.7854   5.285201    34.2372       1305 0.0000e+00
     11.000    25.7198   5.283162    34.2713       1410 0.0000e+00
     12.000    25.5361   5.282869    34.4072       1453 0.0000e+00
     13.000    24.9231   5.230875    34.4896       1484 0.0000e+00
     14.000    24.7985   5.219851    34.5029       1507 0.0000e+00
     15.000    24.7583   5.215631    34.5020       1530 0.0000e+00
     16.000    24.4071   5.186337    34.5531       1555 0.0000e+00
     17.000    23.5106   5.111266    34.6825       1582 0.0000e+00
     18.000    22.2227   4.990693    34.7711       1609 0.0000e+00
     19.000    21.5486   4.927222    34.8136       1637 0.0000e+00
     20.000    21.3387   4.904561    34.8033       1664 0.0000e+00
     21.000    20.7096   4.837001    34.7739       1689 0.0000e+00
     22.000    19.5784   4.724604    34.7899       1714 0.0000e+00
     23.000    19.0473   4.669893    34.7792       1740 0.0000e+00
     24.000    18.6620   4.628363    34.7547       1769 0.0000e+00
     25.000    18.4082   4.601320    34.7405       1797 0.0000e+00
     26.000    18.3812   4.598886    34.7424       1823 0.0000e+00
     27.000    18.3455   4.596666    34.7534       1846 0.0000e+00
     28.000    18.2173   4.585700    34.7686       1872 0.0000e+00
     29.000    17.7872   4.545715    34.7933       1902 0.0000e+00
     30.000    16.7817   4.438372    34.7278       1930 0.0000e+00
     31.000    16.5742   4.424663    34.7873       1955 0.0000e+00
     32.000    16.5040   4.427077    34.8694       1978 0.0000e+00
     33.000    16.3541   4.411763    34.8648       2003 0.0000e+00
     34.000    16.3266   4.408642    34.8609       2032 0.0000e+00
     35.000    16.2528   4.405359    34.8961       2062 0.0000e+00
     36.000    16.2164   4.410986    34.9776       2089 0.0000e+00
     37.000    16.2388   4.415862    35.0008       2116 0.0000e+00
     38.000    15.8515   4.369482    34.9285       2143 0.0000e+00
     39.000    15.6196   4.344517    34.9095       2167 0.0000e+00
     40.000    15.7412   4.363749    34.9738       2190 0.0000e+00
     41.000    15.8752   4.384983    35.0452       2215 0.0000e+00
     42.000    15.7474   4.372178    35.0435       2243 0.0000e+00
     43.000    15.6630   4.361877    35.0256       2271 0.0000e+00
     44.000    15.6231   4.360440    35.0477       2300 0.0000e+00
     45.000    15.6031   4.360521    35.0658       2328 0.0000e+00
     46.000    15.5486   4.354489    35.0596       2357 0.0000e+00
     47.000    15.4849   4.347371    35.0518       2384 0.0000e+00
     48.000    15.4549   4.346425    35.0696       2408 0.0000e+00
     49.000    15.7047   4.390698    35.2449       2429 0.0000e+00
     50.000    16.1721   4.461260    35.4582       2450 0.0000e+00
     51.000    16.2000   4.465856    35.4740       2476 0.0000e+00
     52.000    16.2147   4.472124    35.5162       2507 0.0000e+00
     53.000    16.2426   4.478311    35.5459       2543 0.0000e+00
     54.000    16.2752   4.488120    35.6036       2571 0.0000e+00
     55.000    15.8934   4.440795    35.5229       2593 0.0000e+00
     56.000    15.6842   4.416068    35.4888       2615 0.0000e+00
     57.000    15.6457   4.413380    35.4988       2640 0.0000e+00
     58.000    15.6103   4.413037    35.5272       2669 0.0000e+00
     59.000    15.6536   4.427623    35.6192       2697 0.0000e+00
     60.000    15.7113   4.437211    35.6530       2723 0.0000e+00
     61.000    15.7336   4.440555    35.6626       2749 0.0000e+00
     62.000    15.7321   4.440554    35.6635       2773 0.0000e+00
     63.000    15.7155   4.438673    35.6611       2797 0.0000e+00
     64.000    15.6645   4.432950    35.6553       2825 0.0000e+00
     65.000    15.6058   4.426359    35.6487       2859 0.0000e+00
     66.000    15.5432   4.420384    35.6510       2889 0.0000e+00
     67.000    15.4911   4.418757    35.6831       2913 0.0000e+00
     68.000    15.3678   4.405531    35.6749       2936 0.0000e+00
     69.000    15.3484   4.404612    35.6838       2959 0.0000e+00
     70.000    15.3880   4.409886    35.6952       2984 0.0000e+00
     71.000    15.4395   4.416936    35.7118       3011 0.0000e+00
     72.000    15.4301   4.417020    35.7207       3038 0.0000e+00
     73.000    15.3839   4.412086    35.7177       3067 0.0000e+00
     74.000    15.3593   4.410187    35.7224       3096 0.0000e+00
     75.000    15.3490   4.410719    35.7363       3123 0.0000e+00
     76.000    15.3587   4.414209    35.7586       3148 0.0000e+00
     77.000    15.2757   4.408179    35.7792       3173 0.0000e+00
     78.000    15.2015   4.403345    35.8026       3201 0.0000e+00
     79.000    15.1674   4.399464    35.7980       3230 0.0000e+00
     80.000    14.9375   4.372410    35.7610       3255 0.0000e+00
     81.000    14.7146   4.347326    35.7350       3278 0.0000e+00
     82.000    14.6259   4.337752    35.7281       3302 0.0000e+00
     83.000    14.5569   4.333000    35.7474       3328 0.0000e+00
     84.000    14.6217   4.342141    35.7716       3357 0.0000e+00
     85.000    14.6523   4.346520    35.7833       3384 0.0000e+00
     86.000    14.8689   4.376606    35.8600       3412 0.0000e+00
     87.000    14.9131   4.382326    35.8715       3442 0.0000e+00
     88.000    14.9227   4.383775    35.8755       3470 0.0000e+00
     89.000    14.9738   4.392427    35.9073       3495 0.0000e+00
     90.000    15.0242   4.401485    35.9434       3518 0.0000e+00
     91.000    14.9649   4.394930    35.9375       3542 0.0000e+00
     92.000    14.7633   4.370531    35.8991       3567 0.0000e+00
     93.000    14.5532   4.345222    35.8595       3597 0.0000e+00
     94.000    14.4532   4.332738    35.8362       3627 0.0000e+00
     95.000    14.3024   4.313807    35.7998       3652 0.0000e+00
     96.000    14.1131   4.291277    35.7653       3674 0.0000e+00
     97.000    13.9763   4.274881    35.7388       3698 0.0000e+00
     98.000    13.7964   4.254609    35.7159       3728 0.0000e+00
     99.000    13.7165   4.245407    35.7034       3763 0.0000e+00
    100.000    13.6433   4.237010    35.6922       3791 0.0000e+00
    101.000    13.5508   4.226713    35.6810       3814 0.0000e+00
    102.000    13.3603   4.205896    35.6618       3835 0.0000e+00
    103.000    13.2041   4.188491    35.6425       3859 0.0000e+00
    104.000    13.0912   4.176422    35.6331       3887 0.0000e+00
    105.000    12.9885   4.165319    35.6231       3918 0.0000e+00
    106.000    12.9031   4.155774    35.6118       3947 0.0000e+00
    107.000    12.6680   4.129407    35.5798       3972 0.0000e+00
    108.000    12.3151   4.090645    35.5383       3997 0.0000e+00
    109.000    11.9060   4.045751    35.4892       4023 0.0000e+00
    110.000    11.7740   4.030501    35.4650       4050 0.0000e+00
    111.000    11.6486   4.015991    35.4416       4075 0.0000e+00
    112.000    11.5399   4.003467    35.4215       4101 0.0000e+00
    113.000    11.4876   3.997333    35.4105       4130 0.0000e+00
    114.000    11.4777   3.995891    35.4052       4161 0.0000e+00
    115.000    11.4446   3.991984    35.3978       4189 0.0000e+00
    116.000    11.4186   3.989016    35.3928       4213 0.0000e+00
    117.000    11.3868   3.985763    35.3906       4236 0.0000e+00
    118.000    11.3530   3.982457    35.3898       4261 0.0000e+00
    119.000    11.3505   3.982236    35.3895       4290 0.0000e+00
    120.000    11.3532   3.982536    35.3894       4320 0.0000e+00
    121.000    11.3572   3.983026    35.3900       4345 0.0000e+00
    122.000    11.3636   3.983826    35.3913       4368 0.0000e+00
    123.000    11.3952   3.987720    35.3993       4392 0.0000e+00
    124.000    11.4226   3.991084    35.4058       4419 0.0000e+00
    125.000    11.4515   3.994727    35.4138       4450 0.0000e+00
    126.000    11.4588   3.996038    35.4194       4480 0.0000e+00
    127.000    11.4624   3.997314    35.4281       4507 0.0000e+00
    128.000    11.4553   3.996801    35.4294       4530 0.0000e+00
    129.000    11.4463   3.996058    35.4302       4555 0.0000e+00
    130.000    11.4366   3.995125    35.4298       4582 0.0000e+00
    131.000    11.3796   3.988829    35.4216       4610 0.0000e+00
    132.000    11.3132   3.981285    35.4100       4636 0.0000e+00
    133.000    11.1935   3.968121    35.3936       4662 0.0000e+00
    134.000    11.1596   3.964486    35.3895       4687 0.0000e+00
    135.000    11.1368   3.961949    35.3857       4712 0.0000e+00
    136.000    11.1179   3.959782    35.3818       4740 0.0000e+00
    137.000    11.0981   3.957732    35.3799       4771 0.0000e+00
    138.000    11.0826   3.956093    35.3781       4800 0.0000e+00
    139.000    11.0633   3.954140    35.3766       4825 0.0000e+00
    140.000    11.0497   3.952679    35.3747       4848 0.0000e+00
    141.000    11.0292   3.950539    35.3726       4871 0.0000e+00
    142.000    11.0039   3.947925    35.3703       4896 0.0000e+00
    143.000    10.9762   3.945068    35.3681       4924 0.0000e+00
    144.000    10.9657   3.943994    35.3669       4953 0.0000e+00
    145.000    10.9504   3.942374    35.3650       4980 0.0000e+00
    146.000    10.9118   3.938506    35.3630       5005 0.0000e+00
    147.000    10.8140   3.928629    35.3579       5031 0.0000e+00
    148.000    10.7936   3.926646    35.3571       5061 0.0000e+00
    149.000    10.7666   3.923690    35.3531       5089 0.0000e+00
    150.000    10.7540   3.922586    35.3536       5116 0.0000e+00
    151.000    10.7617   3.923085    35.3508       5142 0.0000e+00
    152.000    10.7351   3.920444    35.3495       5167 0.0000e+00
    153.000    10.7399   3.920983    35.3498       5190 0.0000e+00
    154.000    10.7358   3.920566    35.3490       5214 0.0000e+00
    155.000    10.7343   3.920410    35.3485       5241 0.0000e+00
    156.000    10.7360   3.920604    35.3484       5271 0.0000e+00
    157.000    10.7316   3.920105    35.3472       5300 0.0000e+00
    158.000    10.7053   3.917354    35.3444       5327 0.0000e+00
    159.000    10.7029   3.917178    35.3445       5354 0.0000e+00
    160.000    10.7084   3.917775    35.3448       5379 0.0000e+00
    161.000    10.7070   3.917646    35.3443       5403 0.0000e+00
    162.000    10.7074   3.917720    35.3443       5432 0.0000e+00
    163.000    10.7081   3.917813    35.3440       5463 0.0000e+00
    164.000    10.7079   3.917818    35.3439       5491 0.0000e+00
    165.000    10.7122   3.918305    35.3441       5516 0.0000e+00
    166.000    10.7144   3.918567    35.3441       5541 0.0000e+00
    167.000    10.7157   3.918740    35.3442       5566 0.0000e+00
    168.000    10.7165   3.918845    35.3440       5590 0.0000e+00
    169.000    10.7189   3.919143    35.3442       5614 0.0000e+00
    170.000    10.7197   3.919269    35.3442       5641 0.0000e+00
    171.000    10.7213   3.919467    35.3443       5671 0.0000e+00
    172.000    10.7271   3.920151    35.3451       5701 0.0000e+00
    173.000    10.7318   3.920636    35.3450       5729 0.0000e+00
    174.000    10.7332   3.920847    35.3453       5756 0.0000e+00
    175.000    10.7391   3.921494    35.3457       5780 0.0000e+00
    176.000    10.7390   3.921487    35.3452       5805 0.0000e+00
    177.000    10.7348   3.921161    35.3455       5832 0.0000e+00
    178.000    10.7419   3.921907    35.3456       5859 0.0000e+00
    179.000    10.7340   3.921090    35.3446       5882 0.0000e+00
    180.000    10.7177   3.919491    35.3438       5905 0.0000e+00
    181.000    10.7091   3.918634    35.3431       5931 0.0000e+00
    182.000    10.6935   3.916918    35.3404       5961 0.0000e+00
    183.000    10.5396   3.900766    35.3260       5990 0.0000e+00
    184.000    10.4938   3.896312    35.3248       6019 0.0000e+00
    185.000    10.5193   3.898774    35.3245       6048 0.0000e+00
    186.000    10.5034   3.897142    35.3230       6075 0.0000e+00
    187.000    10.4469   3.891207    35.3173       6099 0.0000e+00
    188.000    10.4291   3.889496    35.3167       6122 0.0000e+00
    189.000    10.4309   3.889672    35.3163       6147 0.0000e+00
    190.000    10.4243   3.888951    35.3150       6174 0.0000e+00
    191.000    10.3959   3.886030    35.3124       6201 0.0000e+00
    192.000    10.4085   3.887333    35.3129       6226 0.0000e+00
    193.000    10.3740   3.883829    35.3104       6252 0.0000e+00
    194.000    10.3761   3.884026    35.3099       6281 0.0000e+00
    195.000    10.3647   3.882888    35.3089       6312 0.0000e+00
    196.000    10.3674   3.883165    35.3087       6339 0.0000e+00
    197.000    10.3626   3.882701    35.3082       6363 0.0000e+00
    198.000    10.3686   3.883340    35.3083       6387 0.0000e+00
    199.000    10.3523   3.881614    35.3062       6412 0.0000e+00
    200.000    10.3142   3.877707    35.3030       6439 0.0000e+00
    201.000    10.2912   3.875360    35.3011       6468 0.0000e+00
    202.000    10.2360   3.869633    35.2960       6495 0.0000e+00
    203.000    10.1972   3.865668    35.2930       6520 0.0000e+00
    204.000    10.1872   3.864570    35.2910       6546 0.0000e+00
    205.000    10.1471   3.860503    35.2882       6574 0.0000e+00
    206.000    10.1337   3.859152    35.2869       6602 0.0000e+00
    207.000    10.1288   3.858674    35.2864       6626 0.0000e+00
    208.000    10.0862   3.854025    35.2800       6649 0.0000e+00
    209.000    10.0121   3.846680    35.2766       6674 0.0000e+00
    210.000    10.0098   3.846425    35.2758       6707 0.0000e+00
    211.000     9.9908   3.844399    35.2731       6741 0.0000e+00
    212.000    10.0053   3.846113    35.2761       6765 0.0000e+00
    213.000    10.0509   3.850609    35.2771       6785 0.0000e+00
    214.000    10.0502   3.850588    35.2772       6806 0.0000e+00
    215.000    10.0488   3.850501    35.2771       6832 0.0000e+00
    216.000    10.0424   3.849874    35.2765       6864 0.0000e+00
    217.000    10.0292   3.848489    35.2747       6895 0.0000e+00
    218.000    10.0542   3.851274    35.2783       6920 0.0000e+00
    219.000    10.0950   3.855375    35.2800       6944 0.0000e+00
    220.000    10.0751   3.853392    35.2787       6969 0.0000e+00
    221.000    10.0520   3.850852    35.2748       6997 0.0000e+00
    222.000    10.0323   3.849129    35.2759       7026 0.0000e+00
    223.000    10.0252   3.848304    35.2740       7052 0.0000e+00
    224.000    10.0088   3.846645    35.2725       7077 0.0000e+00
    225.000     9.9928   3.845031    35.2712       7102 0.0000e+00
    226.000     9.9615   3.841854    35.2687       7128 0.0000e+00
    227.000     9.9511   3.840802    35.2675       7155 0.0000e+00
    228.000     9.9604   3.841773    35.2680       7183 0.0000e+00
    229.000     9.9557   3.841291    35.2672       7210 0.0000e+00
    230.000     9.9529   3.841109    35.2675       7236 0.0000e+00
    231.000     9.9679   3.842663    35.2684       7263 0.0000e+00
    232.000     9.9620   3.841955    35.2664       7292 0.0000e+00
    233.000     9.9403   3.839933    35.2664       7317 0.0000e+00
    234.000     9.9429   3.840115    35.2653       7341 0.0000e+00
    235.000     9.9311   3.838958    35.2645       7366 0.0000e+00
    236.000     9.9014   3.835890    35.2615       7395 0.0000e+00
    237.000     9.9031   3.836175    35.2623       7422 0.0000e+00
    238.000     9.8996   3.835866    35.2621       7446 0.0000e+00
    239.000     9.8983   3.835737    35.2616       7470 0.0000e+00
    240.000     9.9215   3.838126    35.2630       7499 0.0000e+00
