HB2406/ctd016.cnv
* Sea-Bird SBE 9 Data File:
* FileName = C:\cruise\data\ctd016.hex
* Software Version Seasave V 7.26.7.121
* Temperature SN = 6650
* Conductivity SN = 6035
* Number of Bytes Per Scan = 37
* Number of Voltage Words = 4
* Number of Scans Averaged by the Deck Unit = 1
* NMEA Latitude = 43 46.32 N
* NMEA Longitude = 068 40.16 W
* NMEA UTC (Time) = Aug 19 2024 21:27:21
* NMEA baud rate = 4800
** Ship: Bigelow HB2406
** Program:  Summer ECOMON
** Chief Scientist: Chris Melrose
# nquan = 6
# nvalues = 221                         
# units = specified
# name 0 = depSM: Depth [salt water, m]
# name 1 = t090C: Temperature [ITS-90, deg C]
# name 2 = c0S/m: Conductivity [S/m]
# name 3 = sal00: Salinity, Practical [PSU]
# name 4 = scan: Scan Count
# name 5 = flag: flag
# span 0 =      2.000,    112.000       
# span 1 =     7.8135,    14.2898       
# span 2 =   3.406708,   3.900241       
# span 3 =    32.0330,    33.2928       
# span 4 =        -21,      17836       
# span 5 = 0.0000e+00, 0.0000e+00       
# interval = meters: 1                  
# start_time = Aug 19 2024 21:27:21 [NMEA time, header]
# bad_flag = -9.990e-29
*END*
      2.000    14.2418   3.896698    32.0424        -21 0.0000e+00
      3.000    14.1596   3.889783    32.0468        343 0.0000e+00
      4.000    14.2129   3.894277    32.0435        524 0.0000e+00
      5.000    14.0202   3.877235    32.0467        563 0.0000e+00
      6.000    13.9898   3.874948    32.0505        625 0.0000e+00
      7.000    13.6775   3.848045    32.0624        710 0.0000e+00
      8.000    13.5386   3.835755    32.0642        745 0.0000e+00
      9.000    13.1980   3.807493    32.0863        788 0.0000e+00
     10.000    12.6578   3.763194    32.1260        861 0.0000e+00
     11.000    11.9878   3.709457    32.1859        994 0.0000e+00
     12.000    11.7648   3.691956    32.2090       1042 0.0000e+00
     13.000    11.5965   3.679736    32.2359       1069 0.0000e+00
     14.000    11.5103   3.674134    32.2559       1093 0.0000e+00
     15.000    11.4756   3.672238    32.2672       1113 0.0000e+00
     16.000    11.4773   3.673381    32.2764       1133 0.0000e+00
     17.000    11.4997   3.676705    32.2889       1155 0.0000e+00
     18.000    11.5168   3.679558    32.3015       1184 0.0000e+00
     19.000    11.4365   3.673574    32.3127       1219 0.0000e+00
     20.000    11.2175   3.655822    32.3300       1253 0.0000e+00
     21.000    11.0778   3.644723    32.3429       1280 0.0000e+00
     22.000    10.9891   3.637365    32.3479       1307 0.0000e+00
     23.000    10.9069   3.630877    32.3558       1339 0.0000e+00
     24.000    10.8937   3.629665    32.3550       1370 0.0000e+00
     25.000    10.8644   3.627598    32.3600       1395 0.0000e+00
     26.000    10.8506   3.627201    32.3678       1414 0.0000e+00
     27.000    10.8380   3.626298    32.3695       1432 0.0000e+00
     28.000    10.8199   3.625223    32.3744       1451 0.0000e+00
     29.000    10.8077   3.624295    32.3756       1477 0.0000e+00
     30.000    10.7984   3.623457    32.3751       1521 0.0000e+00
     31.000    10.7898   3.622648    32.3742       1564 0.0000e+00
     32.000    10.7833   3.622090    32.3740       1590 0.0000e+00
     33.000    10.7714   3.621106    32.3742       1611 0.0000e+00
     34.000    10.7513   3.619577    32.3764       1630 0.0000e+00
     35.000    10.7359   3.618582    32.3798       1650 0.0000e+00
     36.000    10.7304   3.619919    32.3975       1674 0.0000e+00
     37.000    10.8032   3.630195    32.4347       1707 0.0000e+00
     38.000    10.8509   3.638446    32.4739       1744 0.0000e+00
     39.000    10.8625   3.641569    32.4942       1773 0.0000e+00
     40.000    10.8190   3.638958    32.5065       1797 0.0000e+00
     41.000    10.7956   3.636891    32.5063       1819 0.0000e+00
     42.000    10.7325   3.632710    32.5204       1841 0.0000e+00
     43.000    10.6599   3.628617    32.5438       1865 0.0000e+00
     44.000    10.5412   3.621396    32.5772       1895 0.0000e+00
     45.000    10.4809   3.616713    32.5838       1930 0.0000e+00
     46.000    10.4597   3.615452    32.5896       1962 0.0000e+00
     47.000    10.4399   3.614306    32.5955       1989 0.0000e+00
     48.000    10.4272   3.613775    32.6010       2014 0.0000e+00
     49.000    10.3498   3.608338    32.6155       2040 0.0000e+00
     50.000    10.2807   3.603551    32.6289       2070 0.0000e+00
     51.000    10.2078   3.598554    32.6437       2099 0.0000e+00
     52.000    10.1725   3.596466    32.6540       2125 0.0000e+00
     53.000    10.1592   3.595821    32.6590       2148 0.0000e+00
     54.000    10.1312   3.594295    32.6685       2169 0.0000e+00
     55.000    10.0678   3.590731    32.6892       2192 0.0000e+00
     56.000    10.0237   3.587612    32.6970       2220 0.0000e+00
     57.000     9.9198   3.580621    32.7197       2260 0.0000e+00
     58.000     9.7774   3.572373    32.7646       2302 0.0000e+00
     59.000     9.7510   3.570864    32.7729       2337 0.0000e+00
     60.000     9.7310   3.569689    32.7787       2361 0.0000e+00
     61.000     9.7099   3.568493    32.7852       2380 0.0000e+00
     62.000     9.6759   3.566327    32.7937       2397 0.0000e+00
     63.000     9.6000   3.561293    32.8109       2413 0.0000e+00
     64.000     9.5557   3.557832    32.8155       2431 0.0000e+00
     65.000     9.5061   3.553483    32.8158       2453 0.0000e+00
     66.000     9.2907   3.533236    32.8044       2490 0.0000e+00
     67.000     9.1609   3.521087    32.7977       2551 0.0000e+00
     68.000     9.0755   3.512388    32.7857       2592 0.0000e+00
     69.000     8.9391   3.499510    32.7771       2614 0.0000e+00
     70.000     8.5953   3.467196    32.7567       2631 0.0000e+00
     71.000     8.1647   3.431902    32.7848       2647 0.0000e+00
     72.000     7.9135   3.411066    32.7978       2662 0.0000e+00
     73.000     7.8617   3.408516    32.8187       2677 0.0000e+00
     74.000     7.8632   3.409107    32.8232       2695 0.0000e+00
     75.000     7.8440   3.407896    32.8278       2733 0.0000e+00
     76.000     7.8135   3.408980    32.8676       2810 0.0000e+00
     77.000     7.8483   3.413795    32.8859       2834 0.0000e+00
     78.000     7.9286   3.424996    32.9295       2855 0.0000e+00
     79.000     7.9862   3.432584    32.9557       2872 0.0000e+00
     80.000     8.0143   3.437714    32.9834       2888 0.0000e+00
     81.000     8.1410   3.456157    33.0598       2904 0.0000e+00
     82.000     8.1697   3.460112    33.0743       2920 0.0000e+00
     83.000     8.1911   3.462917    33.0835       2938 0.0000e+00
     84.000     8.2042   3.464370    33.0861       2966 0.0000e+00
     85.000     8.1946   3.463687    33.0874       3028 0.0000e+00
     86.000     8.1737   3.461747    33.0860       3077 0.0000e+00
     87.000     8.1479   3.460403    33.0956       3099 0.0000e+00
     88.000     8.1695   3.464177    33.1149       3117 0.0000e+00
     89.000     8.1913   3.468276    33.1373       3133 0.0000e+00
     90.000     8.1879   3.469448    33.1525       3149 0.0000e+00
     91.000     8.1666   3.467856    33.1553       3169 0.0000e+00
     92.000     8.1713   3.469338    33.1661       3195 0.0000e+00
     93.000     8.2009   3.475037    33.1982       3225 0.0000e+00
     94.000     8.2060   3.477462    33.2186       3250 0.0000e+00
     95.000     8.1932   3.479027    33.2469       3274 0.0000e+00
     96.000     8.1827   3.479498    33.2613       3312 0.0000e+00
     97.000     8.1794   3.479524    33.2643       3372 0.0000e+00
     98.000     8.1751   3.479512    33.2677       3395 0.0000e+00
     99.000     8.1724   3.479548    33.2702       3413 0.0000e+00
    100.000     8.1711   3.479574    33.2713       3428 0.0000e+00
    101.000     8.1697   3.479550    33.2719       3443 0.0000e+00
    102.000     8.1685   3.479541    33.2724       3459 0.0000e+00
    103.000     8.1679   3.479539    33.2725       3479 0.0000e+00
    104.000     8.1673   3.479533    33.2725       3529 0.0000e+00
    105.000     8.1595   3.479372    33.2778       3579 0.0000e+00
    106.000     8.1538   3.479173    33.2806       3598 0.0000e+00
    107.000     8.1369   3.478514    33.2892       3615 0.0000e+00
    108.000     8.1346   3.478469    33.2904       3633 0.0000e+00
    109.000     8.1333   3.478457    33.2911       3653 0.0000e+00
    110.000     8.1311   3.478471    33.2928       3680 0.0000e+00
    111.000     8.1348   3.478516    33.2893       4169 0.0000e+00
    112.000     8.1381   3.478690    33.2875       5892 0.0000e+00
    111.000     8.1350   3.478498    33.2889       6443 0.0000e+00
    110.000     8.1352   3.478383    33.2880       7067 0.0000e+00
    109.000     8.1327   3.478279    33.2897       7972 0.0000e+00
    108.000     8.1374   3.478337    33.2863       8013 0.0000e+00
    107.000     8.1401   3.478414    33.2851       8038 0.0000e+00
    106.000     8.1500   3.478797    33.2802       8060 0.0000e+00
    105.000     8.1573   3.479043    33.2763       8081 0.0000e+00
    104.000     8.1625   3.479161    33.2731       8102 0.0000e+00
    103.000     8.1670   3.479234    33.2702       8125 0.0000e+00
    102.000     8.1687   3.479246    33.2692       8155 0.0000e+00
    101.000     8.1687   3.479204    33.2692       8191 0.0000e+00
    100.000     8.1662   3.479083    33.2707       8220 0.0000e+00
     99.000     8.1705   3.479047    33.2667       8242 0.0000e+00
     98.000     8.1831   3.477919    33.2433       8262 0.0000e+00
     97.000     8.1875   3.477555    33.2357       8281 0.0000e+00
     96.000     8.1957   3.477799    33.2310       8302 0.0000e+00
     95.000     8.2021   3.477758    33.2250       8328 0.0000e+00
     94.000     8.2051   3.476902    33.2135       8362 0.0000e+00
     93.000     8.1874   3.472533    33.1843       8398 0.0000e+00
     92.000     8.1628   3.467916    33.1591       8428 0.0000e+00
     91.000     8.1784   3.469137    33.1577       8454 0.0000e+00
     90.000     8.1985   3.470140    33.1499       8479 0.0000e+00
     89.000     8.2032   3.469205    33.1360       8503 0.0000e+00
     88.000     8.1813   3.465012    33.1126       8527 0.0000e+00
     87.000     8.1666   3.462269    33.0978       8548 0.0000e+00
     86.000     8.1633   3.460994    33.0879       8569 0.0000e+00
     85.000     8.1676   3.461295    33.0875       8589 0.0000e+00
     84.000     8.1776   3.461971    33.0857       8613 0.0000e+00
     83.000     8.1733   3.461395    33.0841       8647 0.0000e+00
     82.000     8.1641   3.459664    33.0749       8684 0.0000e+00
     81.000     8.1349   3.454732    33.0504       8712 0.0000e+00
     80.000     8.0140   3.436548    32.9713       8735 0.0000e+00
     79.000     7.9907   3.433195    32.9580       8759 0.0000e+00
     78.000     7.9627   3.428663    32.9365       8783 0.0000e+00
     77.000     7.9130   3.421230    32.9044       8807 0.0000e+00
     76.000     7.8616   3.413815    32.8741       8832 0.0000e+00
     75.000     7.8335   3.409909    32.8592       8858 0.0000e+00
     74.000     7.8310   3.406755    32.8283       8885 0.0000e+00
     73.000     7.8505   3.406708    32.8099       8914 0.0000e+00
     72.000     7.8597   3.406776    32.8025       8944 0.0000e+00
     71.000     7.8707   3.407233    32.7975       8970 0.0000e+00
     70.000     7.9752   3.415159    32.7845       8992 0.0000e+00
     69.000     8.2147   3.435805    32.7803       9011 0.0000e+00
     68.000     8.7492   3.481707    32.7673       9033 0.0000e+00
     67.000     9.0536   3.508776    32.7688       9060 0.0000e+00
     66.000     9.1099   3.514812    32.7801       9096 0.0000e+00
     65.000     9.2213   3.525564    32.7894       9127 0.0000e+00
     64.000     9.2884   3.533800    32.8132       9149 0.0000e+00
     63.000     9.3861   3.541137    32.7997       9170 0.0000e+00
     62.000     9.5415   3.554196    32.7921       9195 0.0000e+00
     61.000     9.6146   3.559648    32.7816       9228 0.0000e+00
     60.000     9.6917   3.565203    32.7687       9258 0.0000e+00
     59.000     9.6728   3.562711    32.7608       9278 0.0000e+00
     58.000     9.6762   3.563026    32.7614       9295 0.0000e+00
     57.000     9.8621   3.575131    32.7162       9312 0.0000e+00
     56.000     9.9961   3.583817    32.6835       9334 0.0000e+00
     55.000    10.0555   3.588454    32.6772       9600 0.0000e+00
     54.000    10.1055   3.592132    32.6698      11131 0.0000e+00
     53.000    10.1400   3.593759    32.6555      11746 0.0000e+00
     52.000    10.1740   3.595523    32.6432      11853 0.0000e+00
     51.000    10.1793   3.595880    32.6424      11883 0.0000e+00
     50.000    10.2168   3.598372    32.6342      11908 0.0000e+00
     49.000    10.2898   3.603484    32.6205      11932 0.0000e+00
     48.000    10.3844   3.609782    32.5993      11958 0.0000e+00
     47.000    10.4390   3.613101    32.5842      11987 0.0000e+00
     46.000    10.4671   3.614360    32.5721      12020 0.0000e+00
     45.000    10.4989   3.616771    32.5682      12055 0.0000e+00
     44.000    10.5822   3.622530    32.5519      12085 0.0000e+00
     43.000    10.6462   3.626010    32.5300      12113 0.0000e+00
     42.000    10.7034   3.630003    32.5193      12140 0.0000e+00
     41.000    10.7746   3.634108    32.4973      12167 0.0000e+00
     40.000    10.7948   3.635126    32.4899      12199 0.0000e+00
     39.000    10.8042   3.635622    32.4869      12237 0.0000e+00
     38.000    10.8159   3.636708    32.4878      12266 0.0000e+00
     37.000    10.8345   3.638181    32.4863      12289 0.0000e+00
     36.000    10.8550   3.639802    32.4847      12313 0.0000e+00
     35.000    10.8694   3.640786    32.4821      12344 0.0000e+00
     34.000    10.8271   3.633604    32.4487      12379 0.0000e+00
     33.000    10.7496   3.622675    32.4092      12410 0.0000e+00
     32.000    10.7254   3.617239    32.3770      12442 0.0000e+00
     31.000    10.7392   3.617738    32.3702      12478 0.0000e+00
     30.000    10.7584   3.619196    32.3681      12514 0.0000e+00
     29.000    10.7867   3.621486    32.3662      12538 0.0000e+00
     28.000    10.8031   3.622709    32.3643      12559 0.0000e+00
     27.000    10.8090   3.623120    32.3636      12580 0.0000e+00
     26.000    10.8169   3.623409    32.3600      12605 0.0000e+00
     25.000    10.8240   3.623472    32.3548      12641 0.0000e+00
     24.000    10.8359   3.624184    32.3517      12680 0.0000e+00
     23.000    10.8625   3.625334    32.3401      12710 0.0000e+00
     22.000    10.8797   3.626774    32.3396      12739 0.0000e+00
     21.000    10.9189   3.630105    32.3384      12773 0.0000e+00
     20.000    11.0081   3.637244    32.3309      12808 0.0000e+00
     19.000    11.0526   3.641287    32.3320      12837 0.0000e+00
     18.000    11.2580   3.657738    32.3141      12861 0.0000e+00
     17.000    11.4400   3.672561    32.3005      12887 0.0000e+00
     16.000    11.5536   3.679221    32.2669      12913 0.0000e+00
     15.000    11.5380   3.676407    32.2535      12940 0.0000e+00
     14.000    11.5189   3.673141    32.2387      12968 0.0000e+00
     13.000    11.5387   3.673705    32.2274      13000 0.0000e+00
     12.000    11.7874   3.692603    32.1957      13036 0.0000e+00
     11.000    12.2518   3.730044    32.1567      13074 0.0000e+00
     10.000    13.0396   3.793681    32.0899      13437 0.0000e+00
      9.000    13.0811   3.797358    32.0901      16285 0.0000e+00
      8.000    13.3133   3.818398    32.0917      16252 0.0000e+00
      7.000    13.5384   3.836958    32.0760      16265 0.0000e+00
      6.000    13.9067   3.869547    32.0699      16289 0.0000e+00
      5.000    14.2776   3.899038    32.0330      16315 0.0000e+00
      4.000    14.2898   3.900241    32.0342      16345 0.0000e+00
      3.000    14.2747   3.899009    32.0359      16377 0.0000e+00
      2.000    14.0544   3.881940    32.0626      17836 0.0000e+00
