HB2406/ctd005.cnv
* Sea-Bird SBE 9 Data File:
* FileName = C:\cruise\data\ctd005.hex
* Software Version Seasave V 7.26.7.121
* Temperature SN = 6650
* Conductivity SN = 6035
* Number of Bytes Per Scan = 37
* Number of Voltage Words = 4
* Number of Scans Averaged by the Deck Unit = 1
* NMEA Latitude = 40 55.71 N
* NMEA Longitude = 067 41.94 W
* NMEA UTC (Time) = Aug 14 2024 08:11:30
* NMEA baud rate = 4800
** Ship: Bigelow HB2406
** Program:  Summer ECOMON
** Chief Scientist: Chris Melrose
# nquan = 6
# nvalues = 71                          
# units = specified
# name 0 = depSM: Depth [salt water, m]
# name 1 = t090C: Temperature [ITS-90, deg C]
# name 2 = c0S/m: Conductivity [S/m]
# name 3 = sal00: Salinity, Practical [PSU]
# name 4 = scan: Scan Count
# name 5 = flag: flag
# span 0 =      2.000,    115.000       
# span 1 =    10.3530,    19.0249       
# span 2 =   3.559952,   4.377617       
# span 3 =    31.6181,    32.7515       
# span 4 =        119,      10823       
# span 5 = 0.0000e+00, 0.0000e+00       
# interval = meters: 1                  
# start_time = Aug 14 2024 08:11:30 [NMEA time, header]
# bad_flag = -9.990e-29
*END*
      3.000    18.3839   4.230132    31.6476        119 0.0000e+00
      4.000    18.3835   4.230147    31.6477        229 0.0000e+00
      5.000    18.3837   4.230201    31.6477        285 0.0000e+00
      6.000    18.3827   4.230160    31.6477        330 0.0000e+00
      7.000    18.3811   4.230049    31.6477        355 0.0000e+00
      8.000    18.3808   4.230065    31.6477        387 0.0000e+00
      9.000    18.3786   4.229894    31.6476        431 0.0000e+00
     10.000    18.3772   4.229808    31.6477        467 0.0000e+00
     11.000    18.3757   4.229707    31.6477        496 0.0000e+00
     12.000    18.3752   4.229705    31.6477        525 0.0000e+00
     13.000    18.1085   4.204193    31.6392        556 0.0000e+00
     14.000    17.9384   4.190037    31.6514        587 0.0000e+00
     15.000    17.8553   4.182533    31.6521        617 0.0000e+00
     16.000    17.7628   4.174175    31.6529        647 0.0000e+00
     17.000    17.3857   4.139609    31.6525        678 0.0000e+00
     18.000    16.6889   4.080464    31.6914        707 0.0000e+00
     19.000    16.2814   4.047283    31.7257        732 0.0000e+00
     20.000    16.1613   4.036788    31.7291        756 0.0000e+00
     21.000    15.9951   4.022005    31.7317        784 0.0000e+00
     22.000    15.7070   3.996910    31.7409        817 0.0000e+00
     23.000    15.5110   3.981070    31.7577        852 0.0000e+00
     24.000    15.3391   3.965426    31.7567        879 0.0000e+00
     25.000    14.5827   3.903686    31.8161        902 0.0000e+00
     26.000    13.9491   3.853587    31.8798        926 0.0000e+00
     27.000    13.5445   3.820836    31.9130        953 0.0000e+00
     28.000    13.2889   3.800581    31.9376        981 0.0000e+00
     29.000    13.1082   3.786068    31.9530       1008 0.0000e+00
     30.000    12.9898   3.776413    31.9616       1037 0.0000e+00
     31.000    12.8811   3.767292    31.9670       1068 0.0000e+00
     32.000    12.6878   3.751185    31.9777       1099 0.0000e+00
     33.000    12.5263   3.738712    31.9959       1126 0.0000e+00
     34.000    12.2809   3.718690    32.0135       1152 0.0000e+00
     35.000    12.0047   3.697619    32.0473       1180 0.0000e+00
     36.000    11.8821   3.686840    32.0482       1207 0.0000e+00
     37.000    11.7650   3.677053    32.0539       1233 0.0000e+00
     38.000    11.6312   3.666135    32.0630       1256 0.0000e+00
     39.000    11.4959   3.655301    32.0741       1283 0.0000e+00
     40.000    11.3541   3.643806    32.0844       1322 0.0000e+00
     41.000    11.2355   3.634204    32.0929       1354 0.0000e+00
     42.000    11.1656   3.628070    32.0931       1378 0.0000e+00
     43.000    10.9840   3.612483    32.0976       1403 0.0000e+00
     44.000    10.7577   3.594344    32.1157       1431 0.0000e+00
     45.000    10.6741   3.587172    32.1175       1462 0.0000e+00
     46.000    10.5984   3.581113    32.1233       1488 0.0000e+00
     47.000    10.4749   3.571392    32.1346       1512 0.0000e+00
     48.000    10.4431   3.568863    32.1370       1537 0.0000e+00
     49.000    10.4175   3.566579    32.1363       1569 0.0000e+00
     50.000    10.4048   3.565503    32.1363       1601 0.0000e+00
     51.000    10.4054   3.565442    32.1347       1630 0.0000e+00
     52.000    10.3982   3.564761    32.1339       1656 0.0000e+00
     53.000    10.3722   3.562751    32.1363       1681 0.0000e+00
     54.000    10.3621   3.561973    32.1369       1707 0.0000e+00
     55.000    10.3618   3.561902    32.1361       1729 0.0000e+00
     56.000    10.3622   3.561863    32.1349       1756 0.0000e+00
     57.000    10.3630   3.561876    32.1339       1785 0.0000e+00
     58.000    10.3622   3.561782    32.1333       1812 0.0000e+00
     59.000    10.3632   3.561840    32.1325       1838 0.0000e+00
     60.000    10.3617   3.561482    32.1298       2006 0.0000e+00
     61.000    10.3530   3.559952    32.1217       3679 0.0000e+00
    115.000    18.3865   4.230813    31.6181       8445 0.0000e+00
     12.000    19.0249   4.377617    32.7515       8742 0.0000e+00
     11.000    18.3784   4.228849    31.6384       8469 0.0000e+00
     10.000    18.3765   4.229598    31.6465       9832 0.0000e+00
      9.000    18.3764   4.229535    31.6463       9966 0.0000e+00
      8.000    18.3774   4.229597    31.6464      10076 0.0000e+00
      7.000    18.3774   4.229573    31.6465      10133 0.0000e+00
      6.000    18.3768   4.229477    31.6466      10205 0.0000e+00
      5.000    18.3773   4.229478    31.6466      10273 0.0000e+00
      4.000    18.3782   4.229510    31.6465      10347 0.0000e+00
      3.000    18.3752   4.229200    31.6466      10396 0.0000e+00
      2.000    18.3766   4.229324    31.6468      10823 0.0000e+00
