HB2406/ctd019.cnv
* Sea-Bird SBE 9 Data File:
* FileName = C:\cruise\data\ctd019.hex
* Software Version Seasave V 7.26.7.121
* Temperature SN = 6650
* Conductivity SN = 6035
* Number of Bytes Per Scan = 37
* Number of Voltage Words = 4
* Number of Scans Averaged by the Deck Unit = 1
* NMEA Latitude = 42 25.01 N
* NMEA Longitude = 070 37.31 W
* NMEA UTC (Time) = Aug 20 2024 19:11:39
* NMEA baud rate = 4800
** Ship: Bigelow HB2406
** Program:  Summer ECOMON
** Chief Scientist: Chris Melrose
# nquan = 6
# nvalues = 152                         
# units = specified
# name 0 = depSM: Depth [salt water, m]
# name 1 = t090C: Temperature [ITS-90, deg C]
# name 2 = c0S/m: Conductivity [S/m]
# name 3 = sal00: Salinity, Practical [PSU]
# name 4 = scan: Scan Count
# name 5 = flag: flag
# span 0 =      2.000,     78.000       
# span 1 =     6.4234,    18.8614       
# span 2 =   3.199512,   4.175835       
# span 3 =    30.8273,    31.9224       
# span 4 =        197,      22031       
# span 5 = 0.0000e+00, 0.0000e+00       
# interval = meters: 1                  
# start_time = Aug 20 2024 19:11:39 [NMEA time, header]
# bad_flag = -9.990e-29
*END*
      3.000    18.8149   4.175821    30.8706        197 0.0000e+00
      4.000    18.6420   4.162605    30.8901        334 0.0000e+00
      5.000    18.0950   4.120656    30.9518        365 0.0000e+00
      6.000    17.2232   4.061965    31.1201        394 0.0000e+00
      7.000    15.6806   3.954374    31.3909        426 0.0000e+00
      8.000    13.4060   3.775329    31.6123        463 0.0000e+00
      9.000    12.2923   3.689260    31.7322        498 0.0000e+00
     10.000    11.2703   3.598421    31.7245        532 0.0000e+00
     11.000    10.3886   3.523413    31.7458        565 0.0000e+00
     12.000    10.1018   3.496622    31.7273        597 0.0000e+00
     13.000     9.8989   3.479166    31.7287        630 0.0000e+00
     14.000     9.8078   3.472735    31.7433        662 0.0000e+00
     15.000     9.7177   3.471205    31.8069        695 0.0000e+00
     16.000     9.5417   3.459539    31.8434        724 0.0000e+00
     17.000     9.5156   3.457859    31.8490        752 0.0000e+00
     18.000     9.5121   3.458284    31.8560        779 0.0000e+00
     19.000     9.5553   3.463637    31.8718        805 0.0000e+00
     20.000     9.5858   3.468805    31.8971        831 0.0000e+00
     21.000     9.5714   3.469440    31.9159        858 0.0000e+00
     22.000     9.5452   3.467628    31.9202        885 0.0000e+00
     23.000     9.4572   3.460119    31.9213        912 0.0000e+00
     24.000     9.3419   3.450007    31.9200        937 0.0000e+00
     25.000     9.2275   3.440339    31.9224        962 0.0000e+00
     26.000     9.0729   3.426041    31.9128        988 0.0000e+00
     27.000     8.8482   3.405245    31.8986       1015 0.0000e+00
     28.000     8.6797   3.388964    31.8801       1044 0.0000e+00
     29.000     8.4785   3.370134    31.8643       1073 0.0000e+00
     30.000     8.2832   3.351389    31.8433       1099 0.0000e+00
     31.000     8.0963   3.336097    31.8510       1125 0.0000e+00
     32.000     8.2365   3.351233    31.8832       1149 0.0000e+00
     33.000     8.2011   3.347485    31.8753       1175 0.0000e+00
     34.000     7.9684   3.324833    31.8465       1202 0.0000e+00
     35.000     7.8789   3.317531    31.8500       1230 0.0000e+00
     36.000     7.8427   3.314953    31.8551       1259 0.0000e+00
     37.000     7.8118   3.312939    31.8613       1286 0.0000e+00
     38.000     7.7931   3.311460    31.8622       1312 0.0000e+00
     39.000     7.7582   3.308289    31.8598       1337 0.0000e+00
     40.000     7.7134   3.304410    31.8588       1364 0.0000e+00
     41.000     7.6698   3.300646    31.8580       1392 0.0000e+00
     42.000     7.6243   3.297234    31.8627       1421 0.0000e+00
     43.000     7.6175   3.296831    31.8641       1448 0.0000e+00
     44.000     7.6213   3.297194    31.8641       1473 0.0000e+00
     45.000     7.6289   3.297980    31.8651       1497 0.0000e+00
     46.000     7.5609   3.292084    31.8637       1522 0.0000e+00
     47.000     7.4106   3.279564    31.8666       1549 0.0000e+00
     48.000     7.3305   3.273069    31.8698       1579 0.0000e+00
     49.000     7.2956   3.270255    31.8712       1608 0.0000e+00
     50.000     7.2644   3.267579    31.8705       1636 0.0000e+00
     51.000     7.2172   3.263612    31.8707       1662 0.0000e+00
     52.000     7.1647   3.259199    31.8709       1687 0.0000e+00
     53.000     7.1304   3.256478    31.8726       1713 0.0000e+00
     54.000     7.1164   3.255513    31.8745       1740 0.0000e+00
     55.000     7.0999   3.254228    31.8754       1767 0.0000e+00
     56.000     7.0602   3.251217    31.8789       1794 0.0000e+00
     57.000     7.0230   3.248349    31.8817       1821 0.0000e+00
     58.000     6.9865   3.245489    31.8839       1847 0.0000e+00
     59.000     6.9232   3.240514    31.8879       1873 0.0000e+00
     60.000     6.8827   3.237504    31.8921       1899 0.0000e+00
     61.000     6.8675   3.236652    31.8964       1927 0.0000e+00
     62.000     6.8572   3.235949    31.8979       1954 0.0000e+00
     63.000     6.8317   3.234195    31.9019       1982 0.0000e+00
     64.000     6.8117   3.232743    31.9041       2009 0.0000e+00
     65.000     6.7979   3.231625    31.9043       2035 0.0000e+00
     66.000     6.7842   3.230511    31.9044       2060 0.0000e+00
     67.000     6.7352   3.226303    31.9033       2087 0.0000e+00
     68.000     6.6825   3.222103    31.9060       2113 0.0000e+00
     69.000     6.6636   3.220570    31.9062       2141 0.0000e+00
     70.000     6.6369   3.218167    31.9043       2169 0.0000e+00
     71.000     6.5821   3.213465    31.9032       2196 0.0000e+00
     72.000     6.5530   3.211153    31.9044       2222 0.0000e+00
     73.000     6.5467   3.210561    31.9033       2246 0.0000e+00
     74.000     6.5384   3.209878    31.9031       2271 0.0000e+00
     75.000     6.5298   3.209126    31.9023       2297 0.0000e+00
     76.000     6.5125   3.207588    31.9011       2326 0.0000e+00
     77.000     6.4622   3.203437    31.9018       2357 0.0000e+00
     78.000     6.4234   3.199512    31.8942       5656 0.0000e+00
     77.000     6.4446   3.201319    31.8949       8150 0.0000e+00
     76.000     6.4642   3.202994    31.8955       8135 0.0000e+00
     75.000     6.4980   3.205729    31.8946       8175 0.0000e+00
     74.000     6.5076   3.206536    31.8950       8212 0.0000e+00
     73.000     6.5188   3.207492    31.8956       8241 0.0000e+00
     72.000     6.5388   3.209116    31.8952       8266 0.0000e+00
     71.000     6.5733   3.212131    31.8967       8291 0.0000e+00
     70.000     6.6295   3.216809    31.8963       8317 0.0000e+00
     69.000     6.6515   3.218619    31.8960       8342 0.0000e+00
     68.000     6.6907   3.221723    31.8941       8371 0.0000e+00
     67.000     6.6691   3.219857    31.8942       8406 0.0000e+00
     66.000     6.7527   3.226752    31.8925       8440 0.0000e+00
     65.000     6.7348   3.225848    31.8997       8465 0.0000e+00
     64.000     6.7928   3.230150    31.8934       8486 0.0000e+00
     63.000     6.8120   3.231624    31.8921       8506 0.0000e+00
     62.000     6.8390   3.233491    31.8880       8527 0.0000e+00
     61.000     6.8528   3.234327    31.8847       8551 0.0000e+00
     60.000     6.8607   3.234610    31.8810       8578 0.0000e+00
     59.000     6.8744   3.235660    31.8802       8608 0.0000e+00
     58.000     6.9187   3.239144    31.8775       8637 0.0000e+00
     57.000     6.9750   3.243607    31.8745       8665 0.0000e+00
     56.000     7.0371   3.248097    31.8663       8692 0.0000e+00
     55.000     7.0582   3.249781    31.8656       8717 0.0000e+00
     54.000     7.0886   3.252038    31.8625       8741 0.0000e+00
     53.000     7.1176   3.253960    31.8570       8764 0.0000e+00
     52.000     7.1479   3.256535    31.8575       8787 0.0000e+00
     51.000     7.1994   3.260652    31.8551       8812 0.0000e+00
     50.000     7.2418   3.264125    31.8540       8841 0.0000e+00
     49.000     7.2923   3.268382    31.8540       8872 0.0000e+00
     48.000     7.3572   3.273723    31.8524       8900 0.0000e+00
     47.000     7.4481   3.281713    31.8553       8924 0.0000e+00
     46.000     7.5800   3.292447    31.8501       8945 0.0000e+00
     45.000     7.6133   3.294485    31.8419       8967 0.0000e+00
     44.000     7.7093   3.304264    31.8592      13983 0.0000e+00
     43.000     7.8138   3.313265    31.8603      12694 0.0000e+00
     42.000     7.8490   3.316130    31.8591      12713 0.0000e+00
     41.000     7.8628   3.316717    31.8533      12737 0.0000e+00
     40.000     7.8637   3.316219    31.8476      12762 0.0000e+00
     39.000     7.8638   3.315244    31.8376      12788 0.0000e+00
     38.000     7.8763   3.315452    31.8288      12813 0.0000e+00
     37.000     7.8841   3.315649    31.8243      12839 0.0000e+00
     36.000     7.9271   3.319028    31.8215      12866 0.0000e+00
     35.000     8.1799   3.343525    31.8518      12892 0.0000e+00
     34.000     8.3013   3.354186    31.8547      12917 0.0000e+00
     33.000     8.2486   3.347628    31.8337      12941 0.0000e+00
     32.000     8.1866   3.340562    31.8158      12966 0.0000e+00
     31.000     8.5216   3.372567    31.8498      12994 0.0000e+00
     30.000     8.7945   3.397199    31.8618      13024 0.0000e+00
     29.000     8.9066   3.407753    31.8712      13053 0.0000e+00
     28.000     9.1416   3.430339    31.8948      13078 0.0000e+00
     27.000     9.3234   3.445360    31.8875      13101 0.0000e+00
     26.000     9.4333   3.455011    31.8890      13125 0.0000e+00
     25.000     9.5590   3.465674    31.8867      13150 0.0000e+00
     24.000     9.5735   3.465654    31.8741      13178 0.0000e+00
     23.000     9.6055   3.467452    31.8645      13207 0.0000e+00
     22.000     9.5932   3.463822    31.8388      13235 0.0000e+00
     21.000     9.5641   3.459877    31.8248      13261 0.0000e+00
     20.000     9.5713   3.459899    31.8191      13287 0.0000e+00
     19.000     9.5916   3.461223    31.8150      13311 0.0000e+00
     18.000     9.7026   3.470732    31.8140      13335 0.0000e+00
     17.000    10.0505   3.496856    31.7725      13360 0.0000e+00
     16.000    10.1536   3.498266    31.6968      13388 0.0000e+00
     15.000    10.4359   3.522961    31.6982      13417 0.0000e+00
     14.000    11.4644   3.618031    31.7478      13443 0.0000e+00
     13.000    12.2106   3.677967    31.6917      13466 0.0000e+00
     12.000    13.6582   3.794721    31.5819      13490 0.0000e+00
     11.000    15.9911   3.976661    31.3403      13515 0.0000e+00
     10.000    17.8988   4.108887    30.9992      15396 0.0000e+00
      9.000    17.8271   4.103730    31.0112      16797 0.0000e+00
      8.000    18.0593   4.118446    30.9592      17601 0.0000e+00
      7.000    18.1105   4.118921    30.9249      20730 0.0000e+00
      6.000    18.6221   4.155573    30.8461      20729 0.0000e+00
      5.000    18.8523   4.174025    30.8273      20759 0.0000e+00
      4.000    18.8603   4.175216    30.8314      20792 0.0000e+00
      3.000    18.8614   4.175835    30.8360      20824 0.0000e+00
      2.000    18.7166   4.170190    30.8977      22031 0.0000e+00
