HB2406/ctd020.cnv
* Sea-Bird SBE 9 Data File:
* FileName = C:\cruise\data\ctd020.hex
* Software Version Seasave V 7.26.7.121
* Temperature SN = 6650
* Conductivity SN = 6035
* Number of Bytes Per Scan = 37
* Number of Voltage Words = 4
* Number of Scans Averaged by the Deck Unit = 1
* NMEA Latitude = 42 21.25 N
* NMEA Longitude = 070 27.82 W
* NMEA UTC (Time) = Aug 20 2024 20:27:52
* NMEA baud rate = 4800
** Ship: Bigelow HB2406
** Program:  Summer ECOMON
** Chief Scientist: Chris Melrose
# nquan = 6
# nvalues = 140                         
# units = specified
# name 0 = depSM: Depth [salt water, m]
# name 1 = t090C: Temperature [ITS-90, deg C]
# name 2 = c0S/m: Conductivity [S/m]
# name 3 = sal00: Salinity, Practical [PSU]
# name 4 = scan: Scan Count
# name 5 = flag: flag
# span 0 =      2.000,     72.000       
# span 1 =     5.8510,    19.0468       
# span 2 =   3.149390,   4.225004       
# span 3 =    31.0497,    31.8848       
# span 4 =        217,      18611       
# span 5 = 0.0000e+00, 0.0000e+00       
# interval = meters: 1                  
# start_time = Aug 20 2024 20:27:52 [NMEA time, header]
# bad_flag = -9.990e-29
*END*
      3.000    18.6808   4.192883    31.1120        217 0.0000e+00
      4.000    18.7421   4.198125    31.1088        346 0.0000e+00
      5.000    18.7918   4.202204    31.1048        366 0.0000e+00
      6.000    18.3731   4.169766    31.1513        391 0.0000e+00
      7.000    17.6198   4.112252    31.2422        417 0.0000e+00
      8.000    16.5354   4.024470    31.3304        446 0.0000e+00
      9.000    15.3713   3.932256    31.4405        474 0.0000e+00
     10.000    14.3513   3.848998    31.5133        500 0.0000e+00
     11.000    13.9224   3.813840    31.5416        524 0.0000e+00
     12.000    13.7562   3.798886    31.5399        550 0.0000e+00
     13.000    12.8815   3.721878    31.5445        575 0.0000e+00
     14.000    10.8795   3.560589    31.6878        601 0.0000e+00
     15.000     9.7753   3.470153    31.7449        629 0.0000e+00
     16.000     9.0196   3.409408    31.7929        657 0.0000e+00
     17.000     8.8422   3.393998    31.7915        682 0.0000e+00
     18.000     8.7251   3.383545    31.7873        707 0.0000e+00
     19.000     8.4724   3.361529    31.7839        733 0.0000e+00
     20.000     8.1204   3.333619    31.8079        759 0.0000e+00
     21.000     7.9546   3.319469    31.8081        786 0.0000e+00
     22.000     7.8161   3.307964    31.8113        814 0.0000e+00
     23.000     7.6394   3.293599    31.8187        841 0.0000e+00
     24.000     7.5861   3.288360    31.8109        868 0.0000e+00
     25.000     7.1753   3.254570    31.8235        895 0.0000e+00
     26.000     6.8473   3.228755    31.8454        920 0.0000e+00
     27.000     6.7585   3.221498    31.8481        946 0.0000e+00
     28.000     6.7306   3.218877    31.8447        972 0.0000e+00
     29.000     6.6715   3.214007    31.8458        999 0.0000e+00
     30.000     6.5747   3.206020    31.8477       1026 0.0000e+00
     31.000     6.4629   3.196850    31.8504       1053 0.0000e+00
     32.000     6.4183   3.193146    31.8507       1081 0.0000e+00
     33.000     6.3825   3.190134    31.8504       1108 0.0000e+00
     34.000     6.3595   3.188063    31.8485       1134 0.0000e+00
     35.000     6.3095   3.183726    31.8468       1161 0.0000e+00
     36.000     6.2464   3.178504    31.8475       1186 0.0000e+00
     37.000     6.1801   3.173128    31.8494       1210 0.0000e+00
     38.000     6.1644   3.171780    31.8487       1236 0.0000e+00
     39.000     6.1553   3.170931    31.8473       1263 0.0000e+00
     40.000     6.1478   3.170158    31.8453       1293 0.0000e+00
     41.000     6.1356   3.169050    31.8439       1323 0.0000e+00
     42.000     6.1181   3.167498    31.8426       1351 0.0000e+00
     43.000     6.0939   3.165448    31.8420       1377 0.0000e+00
     44.000     6.0327   3.160566    31.8445       1402 0.0000e+00
     45.000     6.0020   3.158206    31.8466       1426 0.0000e+00
     46.000     5.9850   3.156846    31.8469       1451 0.0000e+00
     47.000     5.9775   3.156156    31.8458       1478 0.0000e+00
     48.000     5.9722   3.155667    31.8448       1505 0.0000e+00
     49.000     5.9682   3.155346    31.8445       1534 0.0000e+00
     50.000     5.9609   3.154731    31.8440       1561 0.0000e+00
     51.000     5.9564   3.154436    31.8445       1586 0.0000e+00
     52.000     5.9507   3.154009    31.8446       1612 0.0000e+00
     53.000     5.9228   3.151903    31.8468       1639 0.0000e+00
     54.000     5.8895   3.149967    31.8560       1669 0.0000e+00
     55.000     5.8909   3.150324    31.8583       1697 0.0000e+00
     56.000     5.8907   3.150403    31.8588       1723 0.0000e+00
     57.000     5.8930   3.151038    31.8633       1749 0.0000e+00
     58.000     5.8885   3.151398    31.8710       1774 0.0000e+00
     59.000     5.8891   3.152030    31.8771       1798 0.0000e+00
     60.000     5.8833   3.151989    31.8816       1824 0.0000e+00
     61.000     5.8745   3.151529    31.8842       1852 0.0000e+00
     62.000     5.8670   3.150988    31.8848       1882 0.0000e+00
     63.000     5.8621   3.150585    31.8845       1911 0.0000e+00
     64.000     5.8600   3.150430    31.8842       1937 0.0000e+00
     65.000     5.8596   3.150409    31.8839       1962 0.0000e+00
     66.000     5.8549   3.149991    31.8831       1987 0.0000e+00
     67.000     5.8544   3.149982    31.8830       2013 0.0000e+00
     68.000     5.8526   3.149847    31.8826       2040 0.0000e+00
     69.000     5.8538   3.150024    31.8830       2069 0.0000e+00
     70.000     5.8527   3.149962    31.8829       2096 0.0000e+00
     71.000     5.8522   3.150007    31.8834       2122 0.0000e+00
     72.000     5.8530   3.149839    31.8803       4194 0.0000e+00
     71.000     5.8521   3.149631    31.8793       6716 0.0000e+00
     70.000     5.8510   3.149491    31.8792       6713 0.0000e+00
     69.000     5.8519   3.149513    31.8791       6737 0.0000e+00
     68.000     5.8529   3.149546    31.8790       6760 0.0000e+00
     67.000     5.8554   3.149718    31.8791       6785 0.0000e+00
     66.000     5.8545   3.149588    31.8789       6812 0.0000e+00
     65.000     5.8535   3.149462    31.8789       6841 0.0000e+00
     64.000     5.8554   3.149589    31.8791       6868 0.0000e+00
     63.000     5.8564   3.149639    31.8792       6894 0.0000e+00
     62.000     5.8599   3.149905    31.8793       6918 0.0000e+00
     61.000     5.8666   3.150317    31.8781       6942 0.0000e+00
     60.000     5.8755   3.150798    31.8756       6966 0.0000e+00
     59.000     5.8801   3.150976    31.8737       6993 0.0000e+00
     58.000     5.8833   3.151020    31.8717       7021 0.0000e+00
     57.000     5.8840   3.150929    31.8706       7048 0.0000e+00
     56.000     5.8875   3.150430    31.8621       7074 0.0000e+00
     55.000     5.8950   3.150277    31.8538       7100 0.0000e+00
     54.000     5.8957   3.150133    31.8521       7124 0.0000e+00
     53.000     5.8949   3.149767    31.8492       7148 0.0000e+00
     52.000     5.8941   3.149390    31.8462       7173 0.0000e+00
     51.000     5.9139   3.150433    31.8397       7200 0.0000e+00
     50.000     5.9493   3.152818    31.8336       7228 0.0000e+00
     49.000     5.9720   3.154471    31.8311       7257 0.0000e+00
     48.000     5.9854   3.155479    31.8304       7282 0.0000e+00
     47.000     5.9966   3.156311    31.8295       7308 0.0000e+00
     46.000     5.9989   3.156389    31.8287       7333 0.0000e+00
     45.000     6.0028   3.156590    31.8278       7357 0.0000e+00
     44.000     6.0299   3.158673    31.8261       7381 0.0000e+00
     43.000     6.0563   3.160656    31.8239       7407 0.0000e+00
     42.000     6.0741   3.162077    31.8234       7433 0.0000e+00
     41.000     6.1094   3.164903    31.8223       7461 0.0000e+00
     40.000     6.1396   3.167344    31.8216       7489 0.0000e+00
     39.000     6.1679   3.169744    31.8223      11150 0.0000e+00
     38.000     6.1956   3.171874    31.8205      10911 0.0000e+00
     37.000     6.2507   3.176449    31.8202      10932 0.0000e+00
     36.000     6.3259   3.182306    31.8153      10959 0.0000e+00
     35.000     6.3450   3.183882    31.8153      10988 0.0000e+00
     34.000     6.3595   3.185030    31.8150      11015 0.0000e+00
     33.000     6.4070   3.188907    31.8140      11041 0.0000e+00
     32.000     6.4341   3.191018    31.8125      11065 0.0000e+00
     31.000     6.4942   3.195881    31.8105      11089 0.0000e+00
     30.000     6.5593   3.201263    31.8097      11114 0.0000e+00
     29.000     6.6647   3.209200    31.7994      11141 0.0000e+00
     28.000     6.7087   3.212623    31.7966      11169 0.0000e+00
     27.000     6.7466   3.215484    31.7932      11196 0.0000e+00
     26.000     6.8448   3.223720    31.7928      11222 0.0000e+00
     25.000     7.1854   3.251329    31.7790      11247 0.0000e+00
     24.000     7.5741   3.281919    31.7528      11272 0.0000e+00
     23.000     7.6736   3.290287    31.7520      11297 0.0000e+00
     22.000     7.8609   3.305528    31.7446      11323 0.0000e+00
     21.000     8.0978   3.324551    31.7319      11350 0.0000e+00
     20.000     8.2105   3.333417    31.7242      11377 0.0000e+00
     19.000     8.3138   3.342574    31.7279      11404 0.0000e+00
     18.000     8.7089   3.374773    31.7103      11431 0.0000e+00
     17.000     9.4173   3.435866    31.7108      11456 0.0000e+00
     16.000    10.1243   3.488465    31.6237      11481 0.0000e+00
     15.000    10.1473   3.490020    31.6197      11507 0.0000e+00
     14.000    10.7550   3.544088    31.6321      13812 0.0000e+00
     13.000    11.0334   3.566956    31.6183      13991 0.0000e+00
     12.000    11.4193   3.599280    31.6046      14046 0.0000e+00
     11.000    12.5051   3.688862    31.5475      15133 0.0000e+00
     10.000    12.9172   3.722774    31.5246      16597 0.0000e+00
      9.000    13.4218   3.772700    31.5734      16597 0.0000e+00
      8.000    15.4642   3.936622    31.4054      16627 0.0000e+00
      7.000    16.9188   4.051188    31.2625      16655 0.0000e+00
      6.000    17.8819   4.129949    31.1914      16680 0.0000e+00
      5.000    18.3735   4.166357    31.1230      16704 0.0000e+00
      4.000    18.8175   4.199583    31.0643      16726 0.0000e+00
      3.000    18.9612   4.210840    31.0497      16766 0.0000e+00
      2.000    19.0468   4.225004    31.1024      18611 0.0000e+00
