HB2406/ctd017.cnv
* Sea-Bird SBE 9 Data File:
* FileName = C:\cruise\data\ctd017.hex
* Software Version Seasave V 7.26.7.121
* Temperature SN = 6650
* Conductivity SN = 6035
* Number of Bytes Per Scan = 37
* Number of Voltage Words = 4
* Number of Scans Averaged by the Deck Unit = 1
* NMEA Latitude = 42 59.80 N
* NMEA Longitude = 070 25.35 W
* NMEA UTC (Time) = Aug 20 2024 08:37:37
* NMEA baud rate = 4800
** Ship: Bigelow HB2406
** Program:  Summer ECOMON
** Chief Scientist: Chris Melrose
# nquan = 6
# nvalues = 190                         
# units = specified
# name 0 = depSM: Depth [salt water, m]
# name 1 = t090C: Temperature [ITS-90, deg C]
# name 2 = c0S/m: Conductivity [S/m]
# name 3 = sal00: Salinity, Practical [PSU]
# name 4 = scan: Scan Count
# name 5 = flag: flag
# span 0 =      1.000,     96.000       
# span 1 =     6.5543,    19.9677       
# span 2 =   3.251048,   4.261781       
# span 3 =    30.7118,    32.3340       
# span 4 =        127,      14143       
# span 5 = 0.0000e+00, 0.0000e+00       
# interval = meters: 1                  
# start_time = Aug 20 2024 08:37:37 [NMEA time, header]
# bad_flag = -9.990e-29
*END*
      2.000    19.8967   4.254562    30.7146        127 0.0000e+00
      3.000    19.9050   4.255745    30.7177        290 0.0000e+00
      4.000    19.9374   4.258148    30.7131        323 0.0000e+00
      5.000    19.9307   4.257696    30.7140        351 0.0000e+00
      6.000    19.4115   4.210526    30.7120        377 0.0000e+00
      7.000    18.1333   4.101385    30.7609        403 0.0000e+00
      8.000    17.0234   4.017323    30.8908        430 0.0000e+00
      9.000    15.9451   3.945619    31.1047        456 0.0000e+00
     10.000    14.5945   3.854497    31.3662        482 0.0000e+00
     11.000    14.2811   3.833167    31.4258        507 0.0000e+00
     12.000    14.1067   3.827379    31.5147        531 0.0000e+00
     13.000    13.8312   3.819214    31.6656        557 0.0000e+00
     14.000    13.1113   3.768885    31.7951        584 0.0000e+00
     15.000    12.6992   3.737861    31.8486        614 0.0000e+00
     16.000    12.3925   3.715390    31.8942        645 0.0000e+00
     17.000    12.3024   3.708188    31.9015        672 0.0000e+00
     18.000    12.1941   3.699481    31.9100        697 0.0000e+00
     19.000    12.0738   3.689693    31.9182        722 0.0000e+00
     20.000    11.7952   3.667769    31.9449        746 0.0000e+00
     21.000    11.4461   3.640262    31.9779        773 0.0000e+00
     22.000    10.9818   3.601405    31.9989        801 0.0000e+00
     23.000    10.5314   3.564941    32.0307        827 0.0000e+00
     24.000     9.9965   3.515583    32.0060        853 0.0000e+00
     25.000     9.4420   3.468334    32.0183        879 0.0000e+00
     26.000     9.3738   3.462020    32.0140        904 0.0000e+00
     27.000     9.3020   3.455169    32.0074        931 0.0000e+00
     28.000     9.0994   3.434239    31.9728        960 0.0000e+00
     29.000     8.7752   3.406382    31.9752        988 0.0000e+00
     30.000     8.6839   3.398615    31.9762       1016 0.0000e+00
     31.000     8.6526   3.395736    31.9740       1042 0.0000e+00
     32.000     8.6589   3.397988    31.9913       1067 0.0000e+00
     33.000     8.6978   3.401809    31.9956       1094 0.0000e+00
     34.000     8.5386   3.386870    31.9831       1120 0.0000e+00
     35.000     8.5062   3.384391    31.9860       1145 0.0000e+00
     36.000     8.4401   3.379764    31.9969       1168 0.0000e+00
     37.000     8.4738   3.384335    32.0139       1192 0.0000e+00
     38.000     8.4662   3.384335    32.0203       1219 0.0000e+00
     39.000     8.4957   3.388007    32.0316       1249 0.0000e+00
     40.000     8.7126   3.413160    32.0975       1280 0.0000e+00
     41.000     8.7865   3.420692    32.1087       1312 0.0000e+00
     42.000     8.7482   3.417236    32.1069       1341 0.0000e+00
     43.000     8.7226   3.415044    32.1068       1365 0.0000e+00
     44.000     8.7009   3.414188    32.1170       1386 0.0000e+00
     45.000     8.6844   3.413597    32.1255       1407 0.0000e+00
     46.000     8.6776   3.413145    32.1264       1429 0.0000e+00
     47.000     8.6739   3.412835    32.1261       1456 0.0000e+00
     48.000     8.6645   3.412098    32.1265       1488 0.0000e+00
     49.000     8.6440   3.410394    32.1268       1518 0.0000e+00
     50.000     8.6118   3.408024    32.1309       1545 0.0000e+00
     51.000     8.5797   3.405297    32.1310       1572 0.0000e+00
     52.000     8.5151   3.398715    32.1203       1599 0.0000e+00
     53.000     8.3734   3.385845    32.1138       1626 0.0000e+00
     54.000     8.3882   3.388060    32.1232       1652 0.0000e+00
     55.000     8.4122   3.391115    32.1330       1678 0.0000e+00
     56.000     8.4239   3.393044    32.1421       1704 0.0000e+00
     57.000     8.4109   3.392598    32.1489       1732 0.0000e+00
     58.000     8.3897   3.391169    32.1527       1758 0.0000e+00
     59.000     8.2293   3.375469    32.1333       1782 0.0000e+00
     60.000     8.1020   3.363793    32.1259       1805 0.0000e+00
     61.000     8.1745   3.372853    32.1549       1828 0.0000e+00
     62.000     8.2672   3.383385    32.1808       1854 0.0000e+00
     63.000     8.2776   3.384737    32.1851       1886 0.0000e+00
     64.000     8.2938   3.386477    32.1882       1924 0.0000e+00
     65.000     8.2014   3.377533    32.1779       1956 0.0000e+00
     66.000     7.9630   3.354907    32.1563       1981 0.0000e+00
     67.000     7.8004   3.340928    32.1566       2003 0.0000e+00
     68.000     7.8500   3.346785    32.1730       2024 0.0000e+00
     69.000     7.8583   3.348306    32.1810       2044 0.0000e+00
     70.000     7.7751   3.340945    32.1788       2065 0.0000e+00
     71.000     7.7236   3.336611    32.1795       2088 0.0000e+00
     72.000     7.6741   3.333217    32.1884       2116 0.0000e+00
     73.000     7.6328   3.330779    32.2000       2153 0.0000e+00
     74.000     7.8031   3.350911    32.2575       2198 0.0000e+00
     75.000     7.8503   3.355677    32.2643       2230 0.0000e+00
     76.000     7.8747   3.360326    32.2908       2252 0.0000e+00
     77.000     7.8603   3.359573    32.2956       2272 0.0000e+00
     78.000     7.8430   3.358213    32.2967       2290 0.0000e+00
     79.000     7.6863   3.343400    32.2829       2309 0.0000e+00
     80.000     7.5012   3.325593    32.2630       2330 0.0000e+00
     81.000     7.4197   3.317923    32.2557       2354 0.0000e+00
     82.000     7.4750   3.324247    32.2720       2382 0.0000e+00
     83.000     7.5299   3.330771    32.2907       2419 0.0000e+00
     84.000     7.4399   3.322741    32.2875       2465 0.0000e+00
     85.000     7.2740   3.308532    32.2881       2499 0.0000e+00
     86.000     7.1066   3.293935    32.2858       2522 0.0000e+00
     87.000     7.0446   3.288461    32.2839       2541 0.0000e+00
     88.000     6.9899   3.284080    32.2870       2559 0.0000e+00
     89.000     6.8728   3.274046    32.2867       2577 0.0000e+00
     90.000     6.8294   3.270369    32.2869       2596 0.0000e+00
     91.000     6.7538   3.263964    32.2873       2619 0.0000e+00
     92.000     6.6688   3.257854    32.2999       2648 0.0000e+00
     93.000     6.6269   3.255649    32.3147       2690 0.0000e+00
     94.000     6.5774   3.252804    32.3296       2735 0.0000e+00
     95.000     6.5648   3.252003    32.3322       2770 0.0000e+00
     96.000     6.5543   3.251302    32.3340       2871 0.0000e+00
     95.000     6.5636   3.251048    32.3228       4113 0.0000e+00
     94.000     6.5658   3.251285    32.3238       4690 0.0000e+00
     93.000     6.5914   3.252848    32.3173       4696 0.0000e+00
     92.000     6.6215   3.253739    32.2992       4720 0.0000e+00
     91.000     6.6770   3.257393    32.2876       4745 0.0000e+00
     90.000     6.7203   3.260142    32.2774       4770 0.0000e+00
     89.000     6.7766   3.264600    32.2738       4800 0.0000e+00
     88.000     6.8107   3.267610    32.2752       4831 0.0000e+00
     87.000     6.9117   3.276459    32.2775       4860 0.0000e+00
     86.000     6.9842   3.281891    32.2693       4886 0.0000e+00
     85.000     7.0256   3.285383    32.2691       4909 0.0000e+00
     84.000     7.1533   3.297565    32.2825       4932 0.0000e+00
     83.000     7.3410   3.314198    32.2879       4955 0.0000e+00
     82.000     7.5205   3.328416    32.2745       4978 0.0000e+00
     81.000     7.5100   3.326391    32.2630       5003 0.0000e+00
     80.000     7.4532   3.319863    32.2460       5029 0.0000e+00
     79.000     7.5174   3.326898    32.2625       5057 0.0000e+00
     78.000     7.7220   3.346557    32.2841       5086 0.0000e+00
     77.000     7.8663   3.359300    32.2872       5115 0.0000e+00
     76.000     7.8642   3.358534    32.2815       5141 0.0000e+00
     75.000     7.8678   3.356915    32.2613       5166 0.0000e+00
     74.000     7.8361   3.352195    32.2407       5191 0.0000e+00
     73.000     7.7006   3.335609    32.1891       5215 0.0000e+00
     72.000     7.6298   3.328799    32.1820       5239 0.0000e+00
     71.000     7.7094   3.334716    32.1724       5262 0.0000e+00
     70.000     7.7588   3.338572    32.1684       5287 0.0000e+00
     69.000     7.8455   3.345472    32.1626       5314 0.0000e+00
     68.000     7.8526   3.345266    32.1543       5345 0.0000e+00
     67.000     7.8131   3.340528    32.1406       5375 0.0000e+00
     66.000     7.9435   3.353582    32.1602       5401 0.0000e+00
     65.000     8.2010   3.376910    32.1717       5426 0.0000e+00
     64.000     8.2908   3.384843    32.1737       5451 0.0000e+00
     63.000     8.2888   3.384177    32.1690       5476 0.0000e+00
     62.000     8.2829   3.383536    32.1681       5500 0.0000e+00
     61.000     8.2017   3.373058    32.1322       5526 0.0000e+00
     60.000     8.1104   3.363178    32.1116       5552 0.0000e+00
     59.000     8.2031   3.372636    32.1273       5578 0.0000e+00
     58.000     8.3896   3.389877    32.1392       5606 0.0000e+00
     57.000     8.3934   3.389584    32.1331       5633 0.0000e+00
     56.000     8.4315   3.392900    32.1337       5659 0.0000e+00
     55.000     8.4199   3.390626    32.1208       5684 0.0000e+00
     54.000     8.3910   3.386772    32.1071       5709 0.0000e+00
     53.000     8.3775   3.384929    32.1005       5735 0.0000e+00
     52.000     8.4636   3.393058    32.1079       5762 0.0000e+00
     51.000     8.5570   3.401972    32.1169       5788 0.0000e+00
     50.000     8.6085   3.406419    32.1170       5815 0.0000e+00
     49.000     8.6292   3.407877    32.1139       5843 0.0000e+00
     48.000     8.6589   3.410118    32.1108       5870 0.0000e+00
     47.000     8.6669   3.410620    32.1093       5896 0.0000e+00
     46.000     8.6676   3.411038    32.1135       7219 0.0000e+00
     45.000     8.6755   3.411568    32.1123       8011 0.0000e+00
     44.000     8.6853   3.412157    32.1100       8058 0.0000e+00
     43.000     8.6939   3.412133    32.1025       8096 0.0000e+00
     42.000     8.7135   3.412912    32.0932       8132 0.0000e+00
     41.000     8.7524   3.416317    32.0940       8172 0.0000e+00
     40.000     8.7865   3.419281    32.0944       8211 0.0000e+00
     39.000     8.7674   3.416364    32.0817       8244 0.0000e+00
     38.000     8.6502   3.402663    32.0454       8275 0.0000e+00
     37.000     8.5325   3.389384    32.0136       8308 0.0000e+00
     36.000     8.4795   3.383010    31.9953       8339 0.0000e+00
     35.000     8.4377   3.377527    31.9761       8369 0.0000e+00
     34.000     8.4857   3.380079    31.9598       8398 0.0000e+00
     33.000     8.5457   3.384891    31.9563       8428 0.0000e+00
     32.000     8.6193   3.391337    31.9577       8461 0.0000e+00
     31.000     8.6052   3.388325    31.9393       8495 0.0000e+00
     30.000     8.6562   3.392190    31.9341       8527 0.0000e+00
     29.000     8.6930   3.395381    31.9347       8556 0.0000e+00
     28.000     8.8056   3.404867    31.9325       8584 0.0000e+00
     27.000     8.9698   3.420121    31.9436       8610 0.0000e+00
     26.000     9.2606   3.446784    31.9586       8637 0.0000e+00
     25.000     9.3673   3.456354    31.9621       8663 0.0000e+00
     24.000     9.4605   3.463568    31.9533       8693 0.0000e+00
     23.000     9.7777   3.494869    31.9904       8724 0.0000e+00
     22.000    10.5921   3.566399    31.9925       8752 0.0000e+00
     21.000    11.0704   3.604802    31.9557       8777 0.0000e+00
     20.000    11.5387   3.642037    31.9157       8803 0.0000e+00
     19.000    11.9281   3.672399    31.8762       8829 0.0000e+00
     18.000    12.1455   3.688943    31.8503       8855 0.0000e+00
     17.000    12.2817   3.699565    31.8366       8881 0.0000e+00
     16.000    12.4449   3.712628    31.8233       8909 0.0000e+00
     15.000    12.9307   3.749276    31.7616       8938 0.0000e+00
     14.000    13.6924   3.801980    31.6204       8967 0.0000e+00
     13.000    14.1418   3.821681    31.4335       8994 0.0000e+00
     12.000    14.3805   3.831044    31.3255       9020 0.0000e+00
     11.000    14.9309   3.872478    31.2576       9047 0.0000e+00
     10.000    16.8647   4.005181    30.9083       9910 0.0000e+00
      9.000    19.7858   4.244476    30.7118      11053 0.0000e+00
      8.000    19.9677   4.261781    30.7190      11449 0.0000e+00
      7.000    19.9567   4.260842    30.7197      11644 0.0000e+00
      6.000    19.9598   4.261135    30.7201      11732 0.0000e+00
      5.000    19.9535   4.260509    30.7200      11800 0.0000e+00
      4.000    19.9538   4.260501    30.7201      11851 0.0000e+00
      3.000    19.9544   4.260537    30.7202      11911 0.0000e+00
      2.000    19.9527   4.260557    30.7220      12807 0.0000e+00
      1.000    19.9492   4.260353    30.7232      14143 0.0000e+00
