HB2406/ctd014.cnv
* Sea-Bird SBE 9 Data File:
* FileName = C:\cruise\data\ctd014.hex
* Software Version Seasave V 7.26.7.121
* Temperature SN = 6650
* Conductivity SN = 6035
* Number of Bytes Per Scan = 37
* Number of Voltage Words = 4
* Number of Scans Averaged by the Deck Unit = 1
* NMEA Latitude = 42 00.54 N
* NMEA Longitude = 067 41.37 W
* NMEA UTC (Time) = Aug 18 2024 07:53:37
* NMEA baud rate = 4800
** Ship: Bigelow HB2406
** Program:  Summer ECOMON
** Chief Scientist: Chris Melrose
# nquan = 6
# nvalues = 118                         
# units = specified
# name 0 = depSM: Depth [salt water, m]
# name 1 = t090C: Temperature [ITS-90, deg C]
# name 2 = c0S/m: Conductivity [S/m]
# name 3 = sal00: Salinity, Practical [PSU]
# name 4 = scan: Scan Count
# name 5 = flag: flag
# span 0 =      2.000,     61.000       
# span 1 =     7.4623,    17.3584       
# span 2 =   3.342532,   4.130176       
# span 3 =    31.5862,    32.5112       
# span 4 =        298,      15152       
# span 5 = 0.0000e+00, 0.0000e+00       
# interval = meters: 1                  
# start_time = Aug 18 2024 07:53:37 [NMEA time, header]
# bad_flag = -9.990e-29
*END*
      3.000    17.3486   4.129419    31.5996        298 0.0000e+00
      4.000    17.3484   4.129453    31.5997        530 0.0000e+00
      5.000    17.3472   4.129373    31.5996        582 0.0000e+00
      6.000    17.3480   4.129443    31.5993        650 0.0000e+00
      7.000    17.3427   4.128991    31.5992        691 0.0000e+00
      8.000    17.3333   4.128119    31.5987        724 0.0000e+00
      9.000    17.3192   4.126790    31.5980        752 0.0000e+00
     10.000    17.2930   4.124304    31.5969        778 0.0000e+00
     11.000    17.2715   4.122363    31.5967        804 0.0000e+00
     12.000    17.2367   4.119148    31.5961        830 0.0000e+00
     13.000    17.1874   4.114501    31.5945        857 0.0000e+00
     14.000    17.1343   4.109761    31.5951        888 0.0000e+00
     15.000    17.0760   4.103724    31.5885        921 0.0000e+00
     16.000    16.7933   4.077727    31.5862        950 0.0000e+00
     17.000    16.7078   4.071199    31.5967        974 0.0000e+00
     18.000    16.6989   4.070412    31.5965        997 0.0000e+00
     19.000    16.6952   4.070036    31.5958       1022 0.0000e+00
     20.000    16.6881   4.069356    31.5951       1050 0.0000e+00
     21.000    16.6774   4.068444    31.5953       1079 0.0000e+00
     22.000    16.6710   4.067870    31.5950       1108 0.0000e+00
     23.000    16.6611   4.067046    31.5954       1136 0.0000e+00
     24.000    16.6059   4.061586    31.5912       1162 0.0000e+00
     25.000    16.3706   4.041748    31.6043       1186 0.0000e+00
     26.000    16.1787   4.025134    31.6110       1210 0.0000e+00
     27.000    15.9840   4.008884    31.6229       1239 0.0000e+00
     28.000    15.8710   3.998931    31.6251       1271 0.0000e+00
     29.000    15.7853   3.991797    31.6303       1300 0.0000e+00
     30.000    15.6695   3.982005    31.6360       1325 0.0000e+00
     31.000    15.6222   3.978242    31.6402       1348 0.0000e+00
     32.000    15.5479   3.972030    31.6444       1375 0.0000e+00
     33.000    15.5189   3.969426    31.6442       1405 0.0000e+00
     34.000    15.4564   3.963775    31.6438       1435 0.0000e+00
     35.000    15.3712   3.956799    31.6498       1461 0.0000e+00
     36.000    15.2833   3.949248    31.6529       1487 0.0000e+00
     37.000    15.1281   3.936431    31.6632       1516 0.0000e+00
     38.000    14.9091   3.917874    31.6735       1545 0.0000e+00
     39.000    14.5966   3.892963    31.7022       1573 0.0000e+00
     40.000    14.5337   3.888199    31.7100       1599 0.0000e+00
     41.000    14.4729   3.882627    31.7086       1623 0.0000e+00
     42.000    13.6845   3.817799    31.7623       1646 0.0000e+00
     43.000    13.0454   3.768226    31.8326       1671 0.0000e+00
     44.000    12.5069   3.722681    31.8554       1703 0.0000e+00
     45.000    12.3706   3.712650    31.8749       1740 0.0000e+00
     46.000    12.2622   3.703333    31.8775       1769 0.0000e+00
     47.000    11.9568   3.676874    31.8833       1791 0.0000e+00
     48.000    11.6819   3.654332    31.9004       1811 0.0000e+00
     49.000    11.3324   3.622671    31.8924       1833 0.0000e+00
     50.000    10.6100   3.563231    31.9332       1857 0.0000e+00
     51.000    10.1620   3.525934    31.9528       1886 0.0000e+00
     52.000     9.3002   3.461575    32.0642       1918 0.0000e+00
     53.000     8.7825   3.435390    32.2600       1947 0.0000e+00
     54.000     8.6659   3.428602    32.2950       1970 0.0000e+00
     55.000     8.3757   3.410159    32.3668       1992 0.0000e+00
     56.000     8.0077   3.384179    32.4310       2013 0.0000e+00
     57.000     7.7006   3.361584    32.4747       2038 0.0000e+00
     58.000     7.5605   3.352455    32.5071       2063 0.0000e+00
     59.000     7.5166   3.347662    32.4961       2089 0.0000e+00
     60.000     7.4627   3.344423    32.5112       2603 0.0000e+00
     61.000     7.4631   3.343746    32.5031       3584 0.0000e+00
     60.000     7.4623   3.342819    32.4943       3368 0.0000e+00
     59.000     7.5062   3.342532    32.4506       4451 0.0000e+00
     58.000     7.5656   3.348017    32.4546       5136 0.0000e+00
     57.000     7.7025   3.358761    32.4427       5140 0.0000e+00
     56.000     8.1757   3.392016    32.3588       5171 0.0000e+00
     55.000     8.6208   3.420882    32.2550       5229 0.0000e+00
     54.000     8.7591   3.428423    32.2083       5281 0.0000e+00
     53.000     8.9745   3.439001    32.1235       5309 0.0000e+00
     52.000     9.6635   3.482669    31.9555       5332 0.0000e+00
     51.000    10.0790   3.516312    31.9290       5352 0.0000e+00
     50.000    10.5575   3.555829    31.9053       5372 0.0000e+00
     49.000    11.3294   3.619648    31.8655       5391 0.0000e+00
     48.000    11.6169   3.642712    31.8434       5412 0.0000e+00
     47.000    12.0037   3.676031    31.8351       5438 0.0000e+00
     46.000    12.2617   3.697018    31.8175       5469 0.0000e+00
     45.000    12.3271   3.703719    31.8264       5498 0.0000e+00
     44.000    12.6382   3.730967    31.8230       5526 0.0000e+00
     43.000    13.2687   3.784279    31.7960       5554 0.0000e+00
     42.000    14.2493   3.859590    31.6813       5579 0.0000e+00
     41.000    14.3396   3.866821    31.6737       5603 0.0000e+00
     40.000    14.4774   3.878079    31.6639       5629 0.0000e+00
     39.000    14.5207   3.882485    31.6689       5666 0.0000e+00
     38.000    15.0284   3.923983    31.6318       5700 0.0000e+00
     37.000    15.1233   3.932086    31.6282       5727 0.0000e+00
     36.000    15.2073   3.939320    31.6255       5753 0.0000e+00
     35.000    15.2973   3.946820    31.6204       5779 0.0000e+00
     34.000    15.3819   3.954098    31.6175       5809 0.0000e+00
     33.000    15.4755   3.962117    31.6140       5843 0.0000e+00
     32.000    15.5468   3.968316    31.6123       5875 0.0000e+00
     31.000    15.6037   3.973439    31.6125       5907 0.0000e+00
     30.000    15.6550   3.977759    31.6101       5937 0.0000e+00
     29.000    15.7542   3.987392    31.6162       6340 0.0000e+00
     28.000    15.8502   3.996815    31.6231       9967 0.0000e+00
     27.000    15.8835   3.999163    31.6176       9491 0.0000e+00
     26.000    15.9792   4.007503    31.6150       9612 0.0000e+00
     25.000    16.1239   4.020668    31.6158      10819 0.0000e+00
     24.000    16.2382   4.030579    31.6121      11725 0.0000e+00
     23.000    16.5378   4.055574    31.5931      11791 0.0000e+00
     22.000    16.6002   4.060920    31.5907      11884 0.0000e+00
     21.000    16.5990   4.060838    31.5913      11912 0.0000e+00
     20.000    16.6032   4.061219    31.5916      11945 0.0000e+00
     19.000    16.6078   4.061653    31.5920      11989 0.0000e+00
     18.000    16.6129   4.062082    31.5921      12044 0.0000e+00
     17.000    16.6209   4.062840    31.5927      12092 0.0000e+00
     16.000    16.9048   4.088901    31.5949      12134 0.0000e+00
     15.000    17.2188   4.116736    31.5884      12175 0.0000e+00
     14.000    17.2882   4.123239    31.5901      12224 0.0000e+00
     13.000    17.3077   4.125208    31.5920      12264 0.0000e+00
     12.000    17.3238   4.126691    31.5926      12300 0.0000e+00
     11.000    17.3335   4.127624    31.5933      12354 0.0000e+00
     10.000    17.3427   4.129026    31.5984      13613 0.0000e+00
      9.000    17.3479   4.129361    31.5975      13833 0.0000e+00
      8.000    17.3489   4.129450    31.5979      13847 0.0000e+00
      7.000    17.3560   4.130058    31.5979      13880 0.0000e+00
      6.000    17.3544   4.129870    31.5979      13932 0.0000e+00
      5.000    17.3580   4.130176    31.5980      14003 0.0000e+00
      4.000    17.3572   4.130063    31.5981      14074 0.0000e+00
      3.000    17.3569   4.130000    31.5981      14119 0.0000e+00
      2.000    17.3584   4.130134    31.5984      15152 0.0000e+00
