HB2406/ctd018.cnv
* Sea-Bird SBE 9 Data File:
* FileName = C:\cruise\data\ctd018.hex
* Software Version Seasave V 7.26.7.121
* Temperature SN = 6650
* Conductivity SN = 6035
* Number of Bytes Per Scan = 37
* Number of Voltage Words = 4
* Number of Scans Averaged by the Deck Unit = 1
* NMEA Latitude = 42 29.30 N
* NMEA Longitude = 069 40.76 W
* NMEA UTC (Time) = Aug 20 2024 14:40:00
* NMEA baud rate = 4800
** Ship: Bigelow HB2406
** Program:  Summer ECOMON
** Chief Scientist: Chris Melrose
# nquan = 6
# nvalues = 513                         
# units = specified
# name 0 = depSM: Depth [salt water, m]
# name 1 = t090C: Temperature [ITS-90, deg C]
# name 2 = c0S/m: Conductivity [S/m]
# name 3 = sal00: Salinity, Practical [PSU]
# name 4 = scan: Scan Count
# name 5 = flag: flag
# span 0 =      1.000,    258.000       
# span 1 =     5.7783,    21.0405       
# span 2 =   3.169272,   4.435455       
# span 3 =    31.3071,    34.3261       
# span 4 =       -367,      28658       
# span 5 = 0.0000e+00, 0.0000e+00       
# interval = meters: 1                  
# start_time = Aug 20 2024 14:40:00 [NMEA time, header]
# bad_flag = -9.990e-29
*END*
      3.000    21.0269   4.433993    31.3183       -367 0.0000e+00
      4.000    21.0323   4.434633    31.3192        569 0.0000e+00
      5.000    21.0330   4.434736    31.3191        565 0.0000e+00
      6.000    21.0359   4.435121    31.3197        615 0.0000e+00
      7.000    21.0362   4.435214    31.3199        655 0.0000e+00
      8.000    21.0385   4.435455    31.3198        692 0.0000e+00
      9.000    21.0264   4.434228    31.3187        737 0.0000e+00
     10.000    21.0174   4.433469    31.3190        778 0.0000e+00
     11.000    20.9426   4.426357    31.3172        865 0.0000e+00
     12.000    20.3859   4.375007    31.3185        954 0.0000e+00
     13.000    19.7740   4.321610    31.3429        985 0.0000e+00
     14.000    19.2732   4.277995    31.3628       1016 0.0000e+00
     15.000    18.4393   4.206373    31.4028       1048 0.0000e+00
     16.000    17.8691   4.158115    31.4351       1082 0.0000e+00
     17.000    17.2933   4.103139    31.4128       1114 0.0000e+00
     18.000    15.5958   3.959034    31.4957       1143 0.0000e+00
     19.000    14.9071   3.899167    31.5137       1170 0.0000e+00
     20.000    13.4195   3.766601    31.5146       1198 0.0000e+00
     21.000    11.9881   3.650132    31.6093       1226 0.0000e+00
     22.000    10.7922   3.553507    31.6898       1256 0.0000e+00
     23.000    10.0451   3.490587    31.7114       1284 0.0000e+00
     24.000     8.9607   3.405124    31.7978       1308 0.0000e+00
     25.000     8.4512   3.367075    31.8586       1334 0.0000e+00
     26.000     8.3360   3.356569    31.8519       1363 0.0000e+00
     27.000     8.2697   3.350064    31.8430       1396 0.0000e+00
     28.000     8.2308   3.346378    31.8390       1425 0.0000e+00
     29.000     8.1564   3.339616    31.8345       1452 0.0000e+00
     30.000     7.7963   3.310752    31.8554       1479 0.0000e+00
     31.000     7.3951   3.281590    31.9102       1504 0.0000e+00
     32.000     7.2563   3.271060    31.9241       1530 0.0000e+00
     33.000     7.0892   3.255605    31.9105       1564 0.0000e+00
     34.000     6.7194   3.226312    31.9339       1599 0.0000e+00
     35.000     6.6078   3.220097    31.9692       1625 0.0000e+00
     36.000     6.4114   3.206618    32.0040       1649 0.0000e+00
     37.000     6.3423   3.201532    32.0122       1674 0.0000e+00
     38.000     6.2360   3.193199    32.0194       1701 0.0000e+00
     39.000     6.0769   3.180278    32.0251       1729 0.0000e+00
     40.000     6.0003   3.174964    32.0377       1760 0.0000e+00
     41.000     6.0077   3.177334    32.0567       1794 0.0000e+00
     42.000     6.1251   3.190229    32.0890       1828 0.0000e+00
     43.000     6.1996   3.199194    32.1179       1856 0.0000e+00
     44.000     6.2107   3.201270    32.1300       1881 0.0000e+00
     45.000     6.2094   3.202826    32.1481       1907 0.0000e+00
     46.000     6.2028   3.202772    32.1532       1934 0.0000e+00
     47.000     6.0990   3.194081    32.1542       1961 0.0000e+00
     48.000     6.0518   3.192306    32.1788       1987 0.0000e+00
     49.000     6.0238   3.190626    32.1860       2014 0.0000e+00
     50.000     5.9021   3.179629    32.1782       2042 0.0000e+00
     51.000     5.8046   3.172392    32.1895       2076 0.0000e+00
     52.000     5.7783   3.170602    32.1939       2109 0.0000e+00
     53.000     5.7982   3.174635    32.2197       2139 0.0000e+00
     54.000     5.8597   3.182409    32.2479       2166 0.0000e+00
     55.000     5.9006   3.187649    32.2671       2193 0.0000e+00
     56.000     5.9351   3.192087    32.2834       2217 0.0000e+00
     57.000     5.9451   3.193850    32.2932       2240 0.0000e+00
     58.000     5.9512   3.195137    32.3013       2264 0.0000e+00
     59.000     5.9472   3.195271    32.3061       2290 0.0000e+00
     60.000     5.9543   3.197488    32.3237       2323 0.0000e+00
     61.000     5.9580   3.199401    32.3410       2354 0.0000e+00
     62.000     5.9548   3.200456    32.3554       2386 0.0000e+00
     63.000     5.9496   3.201368    32.3702       2419 0.0000e+00
     64.000     5.9436   3.201491    32.3768       2445 0.0000e+00
     65.000     5.9326   3.201737    32.3896       2467 0.0000e+00
     66.000     5.9249   3.202147    32.4010       2490 0.0000e+00
     67.000     5.9246   3.202179    32.4012       2515 0.0000e+00
     68.000     5.9247   3.202341    32.4024       2544 0.0000e+00
     69.000     5.9262   3.203279    32.4110       2571 0.0000e+00
     70.000     5.9427   3.205844    32.4234       2598 0.0000e+00
     71.000     5.9722   3.209626    32.4371       2626 0.0000e+00
     72.000     5.9907   3.212365    32.4496       2658 0.0000e+00
     73.000     6.0000   3.213820    32.4564       2691 0.0000e+00
     74.000     5.9997   3.213931    32.4575       2721 0.0000e+00
     75.000     5.9976   3.213891    32.4585       2748 0.0000e+00
     76.000     5.9893   3.213455    32.4611       2772 0.0000e+00
     77.000     5.9845   3.213953    32.4708       2796 0.0000e+00
     78.000     5.9965   3.216374    32.4859       2820 0.0000e+00
     79.000     6.0014   3.217152    32.4894       2844 0.0000e+00
     80.000     6.0072   3.218142    32.4944       2871 0.0000e+00
     81.000     6.0312   3.221952    32.5135       2905 0.0000e+00
     82.000     6.0825   3.229314    32.5461       2941 0.0000e+00
     83.000     6.1085   3.232651    32.5579       2971 0.0000e+00
     84.000     6.1184   3.234170    32.5648       2997 0.0000e+00
     85.000     6.1484   3.238052    32.5789       3023 0.0000e+00
     86.000     6.1643   3.241303    32.5994       3049 0.0000e+00
     87.000     6.2045   3.246622    32.6196       3074 0.0000e+00
     88.000     6.2083   3.248669    32.6383       3097 0.0000e+00
     89.000     6.2412   3.253537    32.6604       3121 0.0000e+00
     90.000     6.2605   3.256240    32.6714       3154 0.0000e+00
     91.000     6.2699   3.257960    32.6810       3193 0.0000e+00
     92.000     6.2901   3.261678    32.7025       3222 0.0000e+00
     93.000     6.3161   3.265695    32.7216       3247 0.0000e+00
     94.000     6.3370   3.268925    32.7369       3272 0.0000e+00
     95.000     6.3538   3.271599    32.7500       3299 0.0000e+00
     96.000     6.4093   3.280458    32.7944       3326 0.0000e+00
     97.000     6.4376   3.284594    32.8125       3353 0.0000e+00
     98.000     6.4468   3.286601    32.8255       3383 0.0000e+00
     99.000     6.4597   3.288932    32.8384       3411 0.0000e+00
    100.000     6.4688   3.290406    32.8455       3438 0.0000e+00
    101.000     6.4758   3.291349    32.8487       3463 0.0000e+00
    102.000     6.4852   3.293030    32.8577       3491 0.0000e+00
    103.000     6.5255   3.299456    32.8896       3525 0.0000e+00
    104.000     6.5795   3.307391    32.9248       3557 0.0000e+00
    105.000     6.6133   3.311874    32.9412       3581 0.0000e+00
    106.000     6.6212   3.313236    32.9482       3604 0.0000e+00
    107.000     6.6291   3.314535    32.9544       3633 0.0000e+00
    108.000     6.6320   3.314982    32.9560       3666 0.0000e+00
    109.000     6.6350   3.315527    32.9587       3692 0.0000e+00
    110.000     6.6778   3.322715    32.9962       3715 0.0000e+00
    111.000     6.7004   3.327883    33.0309       3740 0.0000e+00
    112.000     6.7145   3.330699    33.0478       3769 0.0000e+00
    113.000     6.7236   3.332356    33.0569       3801 0.0000e+00
    114.000     6.7408   3.335623    33.0756       3832 0.0000e+00
    115.000     6.7770   3.342163    33.1122       3862 0.0000e+00
    116.000     6.8305   3.350717    33.1541       3889 0.0000e+00
    117.000     6.8769   3.356776    33.1753       3914 0.0000e+00
    118.000     6.8904   3.358659    33.1825       3942 0.0000e+00
    119.000     6.9039   3.361179    33.1965       3969 0.0000e+00
    120.000     6.9625   3.370611    33.2429       3995 0.0000e+00
    121.000     6.9997   3.376988    33.2762       4025 0.0000e+00
    122.000     7.0524   3.385822    33.3214       4059 0.0000e+00
    123.000     7.0632   3.387855    33.3327       4092 0.0000e+00
    124.000     7.0778   3.390366    33.3455       4119 0.0000e+00
    125.000     7.0988   3.393980    33.3642       4143 0.0000e+00
    126.000     7.1514   3.402622    33.4071       4168 0.0000e+00
    127.000     7.2103   3.411296    33.4442       4197 0.0000e+00
    128.000     7.2257   3.413407    33.4517       4228 0.0000e+00
    129.000     7.2307   3.414194    33.4550       4259 0.0000e+00
    130.000     7.2434   3.416339    33.4655       4289 0.0000e+00
    131.000     7.2734   3.421342    33.4904       4316 0.0000e+00
    132.000     7.2801   3.423203    33.5037       4343 0.0000e+00
    133.000     7.2789   3.423772    33.5105       4375 0.0000e+00
    134.000     7.2803   3.424493    33.5165       4410 0.0000e+00
    135.000     7.2966   3.428811    33.5472       4437 0.0000e+00
    136.000     7.3234   3.433329    33.5698       4460 0.0000e+00
    137.000     7.3337   3.434862    33.5760       4484 0.0000e+00
    138.000     7.3387   3.435583    33.5786       4513 0.0000e+00
    139.000     7.3450   3.436537    33.5823       4544 0.0000e+00
    140.000     7.3576   3.438401    33.5899       4578 0.0000e+00
    141.000     7.4216   3.447860    33.6299       4613 0.0000e+00
    142.000     7.4973   3.458518    33.6714       4641 0.0000e+00
    143.000     7.5333   3.463561    33.6905       4665 0.0000e+00
    144.000     7.5835   3.471843    33.7309       4692 0.0000e+00
    145.000     7.6816   3.486319    33.7914       4722 0.0000e+00
    146.000     7.7212   3.492899    33.8233       4753 0.0000e+00
    147.000     7.7365   3.495441    33.8354       4781 0.0000e+00
    148.000     7.7369   3.496074    33.8413       4807 0.0000e+00
    149.000     7.7339   3.496193    33.8450       4838 0.0000e+00
    150.000     7.7283   3.496369    33.8519       4870 0.0000e+00
    151.000     7.7313   3.497041    33.8557       4902 0.0000e+00
    152.000     7.7363   3.498380    33.8648       4933 0.0000e+00
    153.000     7.7394   3.499333    33.8716       4961 0.0000e+00
    154.000     7.7488   3.500896    33.8788       4986 0.0000e+00
    155.000     7.7331   3.499458    33.8781       5012 0.0000e+00
    156.000     7.7260   3.499497    33.8850       5039 0.0000e+00
    157.000     7.7215   3.500367    33.8982       5068 0.0000e+00
    158.000     7.7201   3.502517    33.9222       5102 0.0000e+00
    159.000     7.6852   3.500141    33.9301       5137 0.0000e+00
    160.000     7.6572   3.497681    33.9303       5168 0.0000e+00
    161.000     7.6639   3.498704    33.9343       5196 0.0000e+00
    162.000     7.6634   3.498799    33.9354       5222 0.0000e+00
    163.000     7.7422   3.509341    33.9717       5245 0.0000e+00
    164.000     7.7847   3.515009    33.9909       5270 0.0000e+00
    165.000     7.8183   3.520791    34.0198       5299 0.0000e+00
    166.000     7.8246   3.522579    34.0324       5333 0.0000e+00
    167.000     7.8271   3.523176    34.0359       5370 0.0000e+00
    168.000     7.8296   3.523768    34.0393       5401 0.0000e+00
    169.000     7.8354   3.524911    34.0455       5426 0.0000e+00
    170.000     7.8379   3.525485    34.0487       5449 0.0000e+00
    171.000     7.8419   3.526390    34.0541       5472 0.0000e+00
    172.000     7.8422   3.526805    34.0577       5498 0.0000e+00
    173.000     7.8435   3.527400    34.0624       5532 0.0000e+00
    174.000     7.8458   3.527926    34.0653       5567 0.0000e+00
    175.000     7.8466   3.528235    34.0674       5598 0.0000e+00
    176.000     7.8515   3.529861    34.0795       5628 0.0000e+00
    177.000     7.8522   3.530746    34.0878       5655 0.0000e+00
    178.000     7.8342   3.529418    34.0907       5679 0.0000e+00
    179.000     7.8346   3.529727    34.0932       5705 0.0000e+00
    180.000     7.8150   3.527987    34.0931       5734 0.0000e+00
    181.000     7.7838   3.526006    34.1018       5762 0.0000e+00
    182.000     7.7785   3.525616    34.1023       5787 0.0000e+00
    183.000     7.7773   3.525817    34.1052       5813 0.0000e+00
    184.000     7.7785   3.526167    34.1072       5847 0.0000e+00
    185.000     7.7788   3.526257    34.1074       5884 0.0000e+00
    186.000     7.7806   3.526749    34.1105       5912 0.0000e+00
    187.000     7.7835   3.527860    34.1192       5937 0.0000e+00
    188.000     7.7855   3.528790    34.1267       5962 0.0000e+00
    189.000     7.7862   3.529044    34.1283       5988 0.0000e+00
    190.000     7.7847   3.529339    34.1324       6018 0.0000e+00
    191.000     7.7854   3.529725    34.1354       6046 0.0000e+00
    192.000     7.7912   3.532086    34.1547       6070 0.0000e+00
    193.000     7.7939   3.533373    34.1653       6097 0.0000e+00
    194.000     7.7935   3.533795    34.1698       6130 0.0000e+00
    195.000     7.7949   3.534305    34.1734       6163 0.0000e+00
    196.000     7.8034   3.536101    34.1839       6189 0.0000e+00
    197.000     7.8438   3.541369    34.2006       6216 0.0000e+00
    198.000     7.8589   3.543130    34.2042       6246 0.0000e+00
    199.000     7.8598   3.543326    34.2050       6276 0.0000e+00
    200.000     7.8616   3.543665    34.2064       6301 0.0000e+00
    201.000     7.8898   3.547186    34.2160       6323 0.0000e+00
    202.000     7.9038   3.548802    34.2193       6346 0.0000e+00
    203.000     7.9433   3.553997    34.2359       6374 0.0000e+00
    204.000     7.9594   3.556235    34.2435       6406 0.0000e+00
    205.000     7.9605   3.556604    34.2460       6435 0.0000e+00
    206.000     7.9633   3.557710    34.2546       6463 0.0000e+00
    207.000     7.9748   3.559685    34.2640       6496 0.0000e+00
    208.000     7.9728   3.559791    34.2667       6527 0.0000e+00
    209.000     7.9662   3.559273    34.2671       6552 0.0000e+00
    210.000     7.9679   3.559637    34.2688       6575 0.0000e+00
    211.000     7.9681   3.559746    34.2693       6600 0.0000e+00
    212.000     7.9679   3.559876    34.2704       6624 0.0000e+00
    213.000     7.9714   3.560419    34.2723       6647 0.0000e+00
    214.000     7.9737   3.560799    34.2737       6671 0.0000e+00
    215.000     7.9762   3.561283    34.2759       6700 0.0000e+00
    216.000     7.9786   3.561729    34.2779       6738 0.0000e+00
    217.000     7.9793   3.561915    34.2787       6774 0.0000e+00
    218.000     7.9793   3.562172    34.2809       6800 0.0000e+00
    219.000     7.9789   3.562283    34.2821       6823 0.0000e+00
    220.000     7.9777   3.562290    34.2828       6846 0.0000e+00
    221.000     7.9785   3.562408    34.2828       6869 0.0000e+00
    222.000     7.9790   3.562578    34.2837       6892 0.0000e+00
    223.000     7.9821   3.563367    34.2887       6914 0.0000e+00
    224.000     7.9880   3.564536    34.2949       6938 0.0000e+00
    225.000     7.9933   3.565491    34.2994       6967 0.0000e+00
    226.000     7.9928   3.565643    34.3011       7006 0.0000e+00
    227.000     7.9922   3.565708    34.3018       7044 0.0000e+00
    228.000     7.9913   3.565672    34.3019       7071 0.0000e+00
    229.000     7.9907   3.565701    34.3023       7092 0.0000e+00
    230.000     7.9895   3.565863    34.3048       7112 0.0000e+00
    231.000     7.9888   3.566206    34.3086       7131 0.0000e+00
    232.000     7.9924   3.567006    34.3132       7155 0.0000e+00
    233.000     7.9957   3.567622    34.3161       7186 0.0000e+00
    234.000     7.9814   3.566577    34.3184       7218 0.0000e+00
    235.000     7.9648   3.565496    34.3226       7243 0.0000e+00
    236.000     7.9627   3.565317    34.3223       7269 0.0000e+00
    237.000     7.9562   3.564636    34.3209       7301 0.0000e+00
    238.000     7.9483   3.563927    34.3205       7331 0.0000e+00
    239.000     7.9483   3.563992    34.3208       7358 0.0000e+00
    240.000     7.9446   3.563640    34.3201       7383 0.0000e+00
