HB2406/ctd023.cnv
* Sea-Bird SBE 9 Data File:
* FileName = C:\cruise\data\ctd023.hex
* Software Version Seasave V 7.26.7.121
* Temperature SN = 6650
* Conductivity SN = 6035
* Number of Bytes Per Scan = 37
* Number of Voltage Words = 4
* Number of Scans Averaged by the Deck Unit = 1
* NMEA Latitude = 39 50.02 N
* NMEA Longitude = 070 37.43 W
* NMEA UTC (Time) = Aug 22 2024 05:35:21
* NMEA baud rate = 4800
** Ship: Bigelow HB2406
** Program:  Summer ECOMON
** Chief Scientist: Chris Melrose
# nquan = 6
# nvalues = 999                         
# units = specified
# name 0 = depSM: Depth [salt water, m]
# name 1 = t090C: Temperature [ITS-90, deg C]
# name 2 = c0S/m: Conductivity [S/m]
# name 3 = sal00: Salinity, Practical [PSU]
# name 4 = scan: Scan Count
# name 5 = flag: flag
# span 0 =      1.000,    501.000       
# span 1 =     5.7159,    24.6002       
# span 2 =   3.433215,   4.971088       
# span 3 =    32.7531,    35.3201       
# span 4 =        203,      37456       
# span 5 = 0.0000e+00, 0.0000e+00       
# interval = meters: 1                  
# start_time = Aug 22 2024 05:35:21 [NMEA time, header]
# bad_flag = -9.990e-29
*END*
[from data line 717]
    282.000     8.1167   3.645977    35.0113      21647 0.0000e+00
    281.000     8.1624   3.650737    35.0172      21675 0.0000e+00
    280.000     8.2074   3.655009    35.0185      21699 0.0000e+00
    279.000     8.2140   3.655631    35.0190      21723 0.0000e+00
    278.000     8.2170   3.655942    35.0199      21750 0.0000e+00
    277.000     8.2302   3.657326    35.0220      21781 0.0000e+00
    276.000     8.2728   3.661860    35.0284      21808 0.0000e+00
    275.000     8.3047   3.664946    35.0300      21833 0.0000e+00
    274.000     8.3362   3.668100    35.0327      21859 0.0000e+00
    273.000     8.3944   3.674039    35.0386      21890 0.0000e+00
    272.000     8.4676   3.681510    35.0456      21919 0.0000e+00
    271.000     8.4867   3.683224    35.0454      21942 0.0000e+00
    270.000     8.4982   3.684529    35.0482      21964 0.0000e+00
    269.000     8.5257   3.687404    35.0519      21991 0.0000e+00
    268.000     8.5612   3.690898    35.0542      22023 0.0000e+00
    267.000     8.5635   3.691109    35.0547      22050 0.0000e+00
    266.000     8.5653   3.691317    35.0556      22075 0.0000e+00
    265.000     8.5825   3.693068    35.0575      22101 0.0000e+00
    264.000     8.6013   3.694977    35.0595      22127 0.0000e+00
    263.000     8.6603   3.701111    35.0664      22154 0.0000e+00
    262.000     8.7251   3.707509    35.0702      22183 0.0000e+00
    261.000     8.7410   3.709101    35.0718      22213 0.0000e+00
    260.000     8.7505   3.710070    35.0732      22237 0.0000e+00
    259.000     8.7653   3.711588    35.0750      22260 0.0000e+00
    258.000     8.7996   3.714931    35.0767      22286 0.0000e+00
    257.000     8.8519   3.720214    35.0811      22315 0.0000e+00
    256.000     8.8798   3.723051    35.0838      22345 0.0000e+00
    255.000     8.9082   3.726048    35.0877      22372 0.0000e+00
    254.000     8.9403   3.729308    35.0908      22395 0.0000e+00
    253.000     8.9822   3.733498    35.0939      22418 0.0000e+00
    252.000     9.0028   3.735619    35.0963      22446 0.0000e+00
    251.000     9.0119   3.736533    35.0973      22474 0.0000e+00
    250.000     9.0133   3.736686    35.0980      22500 0.0000e+00
    249.000     9.0407   3.739901    35.1051      24075 0.0000e+00
    248.000     9.0633   3.742339    35.1089      26423 0.0000e+00
    247.000     9.0717   3.743156    35.1096      26027 0.0000e+00
    246.000     9.0754   3.743519    35.1102      26049 0.0000e+00
    245.000     9.0872   3.744741    35.1119      26071 0.0000e+00
    244.000     9.1004   3.746047    35.1130      26092 0.0000e+00
    243.000     9.1129   3.747277    35.1140      26118 0.0000e+00
    242.000     9.1173   3.747646    35.1140      26149 0.0000e+00
    241.000     9.1231   3.748290    35.1155      26176 0.0000e+00
    240.000     9.1510   3.751290    35.1199      26201 0.0000e+00
    239.000     9.1745   3.753657    35.1219      26228 0.0000e+00
    238.000     9.1939   3.755775    35.1254      26254 0.0000e+00
    237.000     9.2165   3.758081    35.1277      26279 0.0000e+00
    236.000     9.2387   3.760587    35.1325      26304 0.0000e+00
    235.000     9.3292   3.770292    35.1449      26332 0.0000e+00
    234.000     9.4188   3.779760    35.1558      26360 0.0000e+00
    233.000     9.4701   3.785307    35.1634      26384 0.0000e+00
    232.000     9.5106   3.789225    35.1648      26408 0.0000e+00
    231.000     9.5468   3.793301    35.1720      26434 0.0000e+00
    230.000     9.6135   3.800418    35.1807      26461 0.0000e+00
    229.000     9.6766   3.806921    35.1866      26487 0.0000e+00
    228.000     9.7222   3.811702    35.1917      26515 0.0000e+00
    227.000     9.7501   3.814739    35.1962      26542 0.0000e+00
    226.000     9.7895   3.818824    35.2002      26567 0.0000e+00
    225.000     9.8268   3.822937    35.2065      26591 0.0000e+00
    224.000     9.8735   3.827769    35.2110      26617 0.0000e+00
    223.000     9.9095   3.831431    35.2139      26645 0.0000e+00
    222.000     9.9296   3.833520    35.2162      26673 0.0000e+00
    221.000     9.9382   3.834329    35.2166      26696 0.0000e+00
    220.000     9.9444   3.834999    35.2179      26719 0.0000e+00
    219.000     9.9615   3.836775    35.2199      26746 0.0000e+00
    218.000     9.9763   3.838207    35.2206      26777 0.0000e+00
    217.000     9.9877   3.839485    35.2230      26804 0.0000e+00
    216.000    10.0170   3.842466    35.2255      26826 0.0000e+00
    215.000    10.0309   3.843760    35.2257      26849 0.0000e+00
    214.000    10.0354   3.844148    35.2257      26878 0.0000e+00
    213.000    10.0427   3.845025    35.2280      26909 0.0000e+00
    212.000    10.0662   3.847459    35.2305      26934 0.0000e+00
    211.000    10.0839   3.849282    35.2324      26957 0.0000e+00
    210.000    10.1184   3.852954    35.2367      26980 0.0000e+00
    209.000    10.1729   3.858457    35.2403      27007 0.0000e+00
    208.000    10.2108   3.862359    35.2438      27037 0.0000e+00
    207.000    10.2451   3.865901    35.2469      27064 0.0000e+00
    206.000    10.2666   3.867880    35.2466      27087 0.0000e+00
    205.000    10.2786   3.869068    35.2475      27112 0.0000e+00
    204.000    10.2987   3.871248    35.2507      27139 0.0000e+00
    203.000    10.3422   3.875891    35.2561      27167 0.0000e+00
    202.000    10.4366   3.885551    35.2630      27193 0.0000e+00
    201.000    10.4993   3.891482    35.2628      27218 0.0000e+00
    200.000    10.5154   3.893074    35.2638      27244 0.0000e+00
    199.000    10.5241   3.893977    35.2649      27272 0.0000e+00
    198.000    10.5354   3.895187    35.2667      27298 0.0000e+00
    197.000    10.5493   3.896677    35.2688      27321 0.0000e+00
    196.000    10.5770   3.899495    35.2709      27346 0.0000e+00
    195.000    10.5963   3.901468    35.2727      27375 0.0000e+00
    194.000    10.6071   3.902379    35.2718      27407 0.0000e+00
    193.000    10.6077   3.902393    35.2719      27430 0.0000e+00
    192.000    10.6068   3.902197    35.2712      27451 0.0000e+00
    191.000    10.6058   3.902077    35.2714      27474 0.0000e+00
    190.000    10.6179   3.903189    35.2714      27504 0.0000e+00
    189.000    10.6232   3.903107    35.2659      27538 0.0000e+00
    188.000    10.6278   3.903647    35.2675      27564 0.0000e+00
    187.000    10.6525   3.906253    35.2703      27585 0.0000e+00
    186.000    10.6750   3.908488    35.2715      27607 0.0000e+00
    185.000    10.6846   3.909524    35.2732      27632 0.0000e+00
    184.000    10.7275   3.914442    35.2818      27663 0.0000e+00
    183.000    10.7783   3.920322    35.2923      27693 0.0000e+00
    182.000    10.8581   3.929616    35.3092      27719 0.0000e+00
    181.000    10.9716   3.941506    35.3195      27743 0.0000e+00
    180.000    10.9821   3.942464    35.3194      27767 0.0000e+00
    179.000    10.9802   3.942215    35.3192      27794 0.0000e+00
    178.000    10.9792   3.942076    35.3193      27823 0.0000e+00
    177.000    10.9758   3.941626    35.3185      27848 0.0000e+00
    176.000    10.9723   3.941049    35.3165      27873 0.0000e+00
    175.000    10.9892   3.942873    35.3190      27899 0.0000e+00
    174.000    10.9964   3.943634    35.3201      27925 0.0000e+00
    173.000    11.0190   3.945708    35.3195      27951 0.0000e+00
    172.000    11.0556   3.948737    35.3151      27978 0.0000e+00
    171.000    11.0656   3.949479    35.3133      28009 0.0000e+00
    170.000    11.0579   3.947914    35.3056      28038 0.0000e+00
    169.000    11.0246   3.944033    35.2993      28062 0.0000e+00
    168.000    11.0251   3.944123    35.3001      28086 0.0000e+00
    167.000    11.0363   3.944664    35.2952      28111 0.0000e+00
    166.000    10.9827   3.937795    35.2785      28138 0.0000e+00
    165.000    10.9729   3.936477    35.2752      28167 0.0000e+00
    164.000    10.9887   3.938067    35.2764      28195 0.0000e+00
    163.000    10.9931   3.938134    35.2733      28221 0.0000e+00
    162.000    11.0025   3.939016    35.2735      28245 0.0000e+00
    161.000    11.0610   3.945589    35.2834      28272 0.0000e+00
    160.000    11.1412   3.954210    35.2930      28302 0.0000e+00
    159.000    11.1559   3.954501    35.2822      28332 0.0000e+00
    158.000    11.1846   3.957278    35.2828      28357 0.0000e+00
    157.000    11.2295   3.961585    35.2831      28381 0.0000e+00
    156.000    11.2417   3.961182    35.2679      28407 0.0000e+00
    155.000    11.1962   3.954713    35.2476      28438 0.0000e+00
    154.000    11.1872   3.953645    35.2460      28469 0.0000e+00
    153.000    11.2053   3.954870    35.2413      28497 0.0000e+00
    152.000    11.1959   3.953151    35.2336      28525 0.0000e+00
    151.000    11.2165   3.955111    35.2338      28557 0.0000e+00
    150.000    11.2235   3.955437    35.2308      28598 0.0000e+00
    149.000    11.2197   3.954671    35.2273      28633 0.0000e+00
    148.000    11.2271   3.955435    35.2283      28663 0.0000e+00
    147.000    11.2302   3.954725    35.2188      28695 0.0000e+00
    146.000    11.2451   3.955559    35.2133      28727 0.0000e+00
    145.000    11.2943   3.961181    35.2226      28759 0.0000e+00
    144.000    11.3120   3.962635    35.2205      28788 0.0000e+00
    143.000    11.2854   3.958194    35.2023      28815 0.0000e+00
    142.000    11.2729   3.956565    35.1984      28838 0.0000e+00
    141.000    11.3116   3.960635    35.2024      28862 0.0000e+00
    140.000    11.5047   3.984439    35.2544      28889 0.0000e+00
    139.000    11.8153   4.019192    35.3017      28922 0.0000e+00
    138.000    11.8652   4.023972    35.3016      28952 0.0000e+00
    137.000    11.8540   4.022551    35.2988      28975 0.0000e+00
    136.000    11.8521   4.021979    35.2954      28999 0.0000e+00
    135.000    11.8145   4.015578    35.2688      29027 0.0000e+00
    134.000    11.7209   4.002970    35.2342      29058 0.0000e+00
    133.000    11.7451   4.005886    35.2404      29086 0.0000e+00
    132.000    11.8110   4.013719    35.2551      29110 0.0000e+00
    131.000    11.9270   4.026014    35.2662      29132 0.0000e+00
    130.000    11.9282   4.025109    35.2567      29156 0.0000e+00
    129.000    11.8914   4.019433    35.2363      29186 0.0000e+00
    128.000    11.8401   4.012338    35.2158      29218 0.0000e+00
    127.000    11.8128   4.008739    35.2068      29245 0.0000e+00
    126.000    11.9212   4.020112    35.2161      29269 0.0000e+00
    125.000    11.8124   4.004353    35.1651      29295 0.0000e+00
    124.000    11.7362   3.995113    35.1470      29324 0.0000e+00
    123.000    11.7071   3.991547    35.1399      29352 0.0000e+00
    122.000    11.6937   3.989411    35.1320      29377 0.0000e+00
    121.000    11.6903   3.988544    35.1272      29401 0.0000e+00
    120.000    11.6977   3.988941    35.1245      29430 0.0000e+00
    119.000    11.7201   3.990623    35.1203      29460 0.0000e+00
    118.000    11.7495   3.992892    35.1153      29486 0.0000e+00
    117.000    11.7514   3.993005    35.1150      29509 0.0000e+00
    116.000    11.7360   3.990482    35.1052      29533 0.0000e+00
    115.000    11.7406   3.990513    35.1016      29563 0.0000e+00
    114.000    11.7384   3.989382    35.0931      29593 0.0000e+00
    113.000    11.7083   3.984122    35.0702      29618 0.0000e+00
    112.000    11.6952   3.981972    35.0619      29642 0.0000e+00
    111.000    11.6925   3.980650    35.0519      29672 0.0000e+00
    110.000    11.6672   3.976243    35.0329      29704 0.0000e+00
    109.000    11.6427   3.973039    35.0250      29727 0.0000e+00
    108.000    11.5972   3.966681    35.0058      29748 0.0000e+00
    107.000    11.5041   3.954522    34.9743      29771 0.0000e+00
    106.000    11.4593   3.947956    34.9523      29801 0.0000e+00
    105.000    11.4201   3.943044    34.9412      29833 0.0000e+00
    104.000    11.4152   3.942270    34.9386      29862 0.0000e+00
    103.000    11.4068   3.940410    34.9286      29887 0.0000e+00
    102.000    11.3641   3.933705    34.9031      29910 0.0000e+00
    101.000    11.3257   3.928953    34.8927      29935 0.0000e+00
    100.000    11.2899   3.924554    34.8835      29962 0.0000e+00
     99.000    11.3202   3.928284    34.8923      29988 0.0000e+00
     98.000    11.5103   3.948499    34.9130      30014 0.0000e+00
     97.000    11.5549   3.951648    34.9025      30051 0.0000e+00
     96.000    11.5363   3.948708    34.8914      30088 0.0000e+00
     95.000    11.5151   3.945921    34.8844      30114 0.0000e+00
     94.000    11.4906   3.942528    34.8745      30145 0.0000e+00
     93.000    11.4795   3.940099    34.8613      30183 0.0000e+00
     92.000    11.4444   3.935221    34.8467      30213 0.0000e+00
     91.000    11.3936   3.928258    34.8262      30237 0.0000e+00
     90.000    11.3903   3.927674    34.8240      30266 0.0000e+00
     89.000    11.4839   3.936581    34.8242      30299 0.0000e+00
     88.000    11.4660   3.933423    34.8103      30326 0.0000e+00
     87.000    11.4753   3.934012    34.8079      30350 0.0000e+00
     86.000    11.4862   3.934748    34.8053      30375 0.0000e+00
     85.000    11.5126   3.937032    34.8035      30404 0.0000e+00
     84.000    11.5404   3.939573    34.8028      30432 0.0000e+00
     83.000    11.5642   3.941917    34.8041      30457 0.0000e+00
     82.000    11.5976   3.945424    34.8076      30483 0.0000e+00
     81.000    11.6583   3.951767    34.8134      30509 0.0000e+00
     80.000    11.7523   3.961623    34.8225      30536 0.0000e+00
     79.000    11.8126   3.967688    34.8259      30562 0.0000e+00
     78.000    11.8761   3.974119    34.8298      30587 0.0000e+00
     77.000    11.9344   3.979685    34.8301      30612 0.0000e+00
     76.000    11.9920   3.985632    34.8348      30639 0.0000e+00
     75.000    12.0263   3.989056    34.8365      30667 0.0000e+00
     74.000    12.0409   3.990624    34.8386      30698 0.0000e+00
     73.000    12.0701   3.993651    34.8413      30725 0.0000e+00
     72.000    12.0951   3.995396    34.8354      30748 0.0000e+00
     71.000    12.1037   3.995733    34.8311      30771 0.0000e+00
     70.000    12.0986   3.993896    34.8184      30797 0.0000e+00
     69.000    12.0168   3.982777    34.7868      30825 0.0000e+00
     68.000    12.1512   3.997600    34.8063      30852 0.0000e+00
     67.000    12.2722   4.010535    34.8196      30877 0.0000e+00
     66.000    12.3134   4.014724    34.8223      30904 0.0000e+00
     65.000    12.3485   4.017397    34.8161      30932 0.0000e+00
     64.000    12.3685   4.017566    34.7995      30960 0.0000e+00
     63.000    12.3379   4.011594    34.7706      30987 0.0000e+00
     62.000    12.3064   4.006632    34.7522      31013 0.0000e+00
     61.000    12.2952   4.004208    34.7395      31040 0.0000e+00
     60.000    12.3183   4.005567    34.7317      31064 0.0000e+00
     59.000    12.3398   4.006401    34.7202      31088 0.0000e+00
     58.000    12.3131   4.000848    34.6918      31113 0.0000e+00
     57.000    12.3027   3.997444    34.6689      31145 0.0000e+00
     56.000    12.2930   3.995134    34.6559      31176 0.0000e+00
     55.000    12.2905   3.992731    34.6354      31200 0.0000e+00
     54.000    12.3171   3.993607    34.6197      31224 0.0000e+00
     53.000    12.3372   3.994296    34.6082      31248 0.0000e+00
     52.000    12.3434   3.993222    34.5925      31274 0.0000e+00
     51.000    12.3546   3.990456    34.5559      31305 0.0000e+00
     50.000    12.3493   3.988115    34.5386      31335 0.0000e+00
     49.000    12.3333   3.984781    34.5215      31358 0.0000e+00
     48.000    12.3313   3.983510    34.5115      31379 0.0000e+00
     47.000    12.3573   3.986360    34.5155      31407 0.0000e+00
     46.000    12.4699   3.998073    34.5253      31455 0.0000e+00
     45.000    12.5005   4.001173    34.5276      31489 0.0000e+00
