HB2406/ctd012.cnv
* Sea-Bird SBE 9 Data File:
* FileName = C:\cruise\data\ctd012.hex
* Software Version Seasave V 7.26.7.121
* Temperature SN = 6650
* Conductivity SN = 6035
* Number of Bytes Per Scan = 37
* Number of Voltage Words = 4
* Number of Scans Averaged by the Deck Unit = 1
* NMEA Latitude = 42 42.08 N
* NMEA Longitude = 067 42.12 W
* NMEA UTC (Time) = Aug 17 2024 09:59:38
* NMEA baud rate = 4800
** Ship: Bigelow HB2406
** Program:  Summer ECOMON
** Chief Scientist: Chris Melrose
# nquan = 6
# nvalues = 375                         
# units = specified
# name 0 = depSM: Depth [salt water, m]
# name 1 = t090C: Temperature [ITS-90, deg C]
# name 2 = c0S/m: Conductivity [S/m]
# name 3 = sal00: Salinity, Practical [PSU]
# name 4 = scan: Scan Count
# name 5 = flag: flag
# span 0 =      2.000,    189.000       
# span 1 =     6.4424,    20.1416       
# span 2 =   3.251862,   4.364822       
# span 3 =    31.4160,    34.7330       
# span 4 =       -552,      20032       
# span 5 = 0.0000e+00, 0.0000e+00       
# interval = meters: 1                  
# start_time = Aug 17 2024 09:59:38 [NMEA time, header]
# bad_flag = -9.990e-29
*END*
      2.000    20.0604   4.357434    31.4223       -552 0.0000e+00
      3.000    20.0658   4.358102    31.4234       1067 0.0000e+00
      4.000    20.0642   4.357982    31.4232        837 0.0000e+00
      5.000    20.0602   4.357611    31.4229        864 0.0000e+00
      6.000    20.0435   4.356181    31.4235        897 0.0000e+00
      7.000    20.0353   4.355524    31.4240        928 0.0000e+00
      8.000    20.0364   4.355574    31.4233        958 0.0000e+00
      9.000    20.0192   4.354125    31.4241        988 0.0000e+00
     10.000    19.9875   4.351186    31.4237       1016 0.0000e+00
     11.000    19.9037   4.343915    31.4272       1043 0.0000e+00
     12.000    19.8651   4.340661    31.4295       1070 0.0000e+00
     13.000    19.8365   4.338037    31.4293       1096 0.0000e+00
     14.000    19.8030   4.335023    31.4296       1122 0.0000e+00
     15.000    19.7631   4.331608    31.4315       1147 0.0000e+00
     16.000    19.7276   4.328403    31.4317       1171 0.0000e+00
     17.000    19.6418   4.320894    31.4347       1196 0.0000e+00
     18.000    19.4300   4.301314    31.4341       1221 0.0000e+00
     19.000    19.0674   4.270691    31.4566       1249 0.0000e+00
     20.000    19.0100   4.265378    31.4560       1279 0.0000e+00
     21.000    18.9313   4.258358    31.4575       1308 0.0000e+00
     22.000    18.7787   4.244778    31.4609       1336 0.0000e+00
     23.000    18.5571   4.224758    31.4632       1361 0.0000e+00
     24.000    18.0355   4.181273    31.4992       1388 0.0000e+00
     25.000    17.8960   4.169139    31.5042       1415 0.0000e+00
     26.000    17.8531   4.165261    31.5042       1443 0.0000e+00
     27.000    17.8559   4.165129    31.5006       1469 0.0000e+00
     28.000    17.7421   4.155582    31.5075       1493 0.0000e+00
     29.000    17.5787   4.142075    31.5192       1518 0.0000e+00
     30.000    17.3749   4.124766    31.5299       1545 0.0000e+00
     31.000    16.9144   4.085445    31.5522       1572 0.0000e+00
     32.000    16.4935   4.050162    31.5778       1599 0.0000e+00
     33.000    16.0909   4.016286    31.6007       1624 0.0000e+00
     34.000    15.7845   3.989572    31.6094       1649 0.0000e+00
     35.000    15.3160   3.950265    31.6360       1676 0.0000e+00
     36.000    14.9574   3.920162    31.6556       1706 0.0000e+00
     37.000    14.4891   3.880342    31.6761       1739 0.0000e+00
     38.000    14.3024   3.865010    31.6888       1770 0.0000e+00
     39.000    14.2600   3.860997    31.6865       1797 0.0000e+00
     40.000    14.0151   3.839952    31.6944       1822 0.0000e+00
     41.000    13.6556   3.809820    31.7128       1846 0.0000e+00
     42.000    13.1942   3.771216    31.7364       1871 0.0000e+00
     43.000    12.3643   3.702761    31.7865       1896 0.0000e+00
     44.000    11.4464   3.628711    31.8553       1922 0.0000e+00
     45.000    11.1477   3.605118    31.8818       1949 0.0000e+00
     46.000    11.0040   3.593274    31.8894       1977 0.0000e+00
     47.000    10.8645   3.581916    31.8979       2007 0.0000e+00
     48.000    10.7228   3.570247    31.9053       2039 0.0000e+00
     49.000    10.6458   3.563950    31.9095       2069 0.0000e+00
     50.000    10.5993   3.560009    31.9105       2097 0.0000e+00
     51.000    10.4816   3.550700    31.9202       2124 0.0000e+00
     52.000    10.1272   3.524206    31.9657       2149 0.0000e+00
     53.000     9.9178   3.507977    31.9864       2173 0.0000e+00
     54.000     9.7998   3.497879    31.9882       2199 0.0000e+00
     55.000     9.6748   3.487433    31.9927       2227 0.0000e+00
     56.000     9.5875   3.479852    31.9926       2255 0.0000e+00
     57.000     9.4803   3.470024    31.9872       2283 0.0000e+00
     58.000     8.9897   3.429299    32.0070       2309 0.0000e+00
     59.000     8.8304   3.416659    32.0189       2336 0.0000e+00
     60.000     8.7234   3.407856    32.0234       2363 0.0000e+00
     61.000     8.6263   3.400584    32.0349       2390 0.0000e+00
     62.000     8.5569   3.395077    32.0398       2419 0.0000e+00
     63.000     8.4616   3.387145    32.0426       2450 0.0000e+00
     64.000     8.0817   3.357386    32.0748       2479 0.0000e+00
     65.000     7.9323   3.345885    32.0891       2506 0.0000e+00
     66.000     7.8655   3.340272    32.0902       2532 0.0000e+00
     67.000     7.7035   3.327783    32.1054       2557 0.0000e+00
     68.000     7.4806   3.310301    32.1232       2583 0.0000e+00
     69.000     7.0522   3.280191    32.1952       2609 0.0000e+00
     70.000     6.9835   3.274773    32.2000       2636 0.0000e+00
     71.000     6.8938   3.268221    32.2120       2666 0.0000e+00
     72.000     6.8387   3.264887    32.2267       2697 0.0000e+00
     73.000     6.8172   3.263260    32.2286       2728 0.0000e+00
     74.000     6.8415   3.266337    32.2390       2758 0.0000e+00
     75.000     6.8890   3.271477    32.2501       2786 0.0000e+00
     76.000     6.8995   3.273050    32.2570       2813 0.0000e+00
     77.000     6.9426   3.277960    32.2697       2838 0.0000e+00
     78.000     6.9549   3.280540    32.2858       2864 0.0000e+00
     79.000     6.9591   3.282153    32.2990       2892 0.0000e+00
     80.000     6.9506   3.283649    32.3229       2921 0.0000e+00
     81.000     6.9148   3.286796    32.3904       2950 0.0000e+00
     82.000     6.8965   3.287059    32.4101       2978 0.0000e+00
     83.000     6.8584   3.284515    32.4177       3008 0.0000e+00
     84.000     6.8424   3.284850    32.4360       3039 0.0000e+00
     85.000     6.7937   3.280242    32.4310       3069 0.0000e+00
     86.000     6.7587   3.277062    32.4288       3096 0.0000e+00
     87.000     6.7130   3.272903    32.4258       3121 0.0000e+00
     88.000     6.6679   3.270989    32.4470       3148 0.0000e+00
     89.000     6.7316   3.278802    32.4720       3175 0.0000e+00
     90.000     6.6275   3.270875    32.4831       3203 0.0000e+00
     91.000     6.5992   3.270458    32.5048       3229 0.0000e+00
     92.000     6.7177   3.284229    32.5433       3255 0.0000e+00
     93.000     6.7604   3.289556    32.5609       3282 0.0000e+00
     94.000     6.7395   3.288256    32.5660       3314 0.0000e+00
     95.000     6.6865   3.283534    32.5639       3348 0.0000e+00
     96.000     6.6340   3.278830    32.5616       3381 0.0000e+00
     97.000     6.5385   3.270128    32.5561       3410 0.0000e+00
     98.000     6.4476   3.263491    32.5689       3434 0.0000e+00
     99.000     6.5992   3.281830    32.6263       3457 0.0000e+00
    100.000     6.6920   3.292156    32.6511       3480 0.0000e+00
    101.000     6.6811   3.292658    32.6665       3505 0.0000e+00
    102.000     6.6790   3.294075    32.6837       3531 0.0000e+00
    103.000     6.6831   3.295031    32.6898       3560 0.0000e+00
    104.000     6.6763   3.297545    32.7234       3592 0.0000e+00
    105.000     6.6298   3.296065    32.7511       3624 0.0000e+00
    106.000     6.6046   3.297240    32.7876       3653 0.0000e+00
    107.000     6.6392   3.303314    32.8210       3680 0.0000e+00
    108.000     6.6414   3.304940    32.8364       3706 0.0000e+00
    109.000     6.6371   3.306083    32.8526       3732 0.0000e+00
    110.000     6.7018   3.317534    32.9161       3759 0.0000e+00
    111.000     6.8456   3.338923    33.0125       3786 0.0000e+00
    112.000     6.9179   3.347813    33.0400       3813 0.0000e+00
    113.000     6.9718   3.354139    33.0571       3843 0.0000e+00
    114.000     6.9824   3.355436    33.0606       3874 0.0000e+00
    115.000     7.0477   3.362923    33.0792       3901 0.0000e+00
    116.000     7.1692   3.377677    33.1230       3924 0.0000e+00
    117.000     7.2421   3.386285    33.1463       3946 0.0000e+00
    118.000     7.3848   3.404635    33.2081       3968 0.0000e+00
    119.000     7.5373   3.424840    33.2800       3994 0.0000e+00
    120.000     7.6034   3.433839    33.3133       4023 0.0000e+00
    121.000     7.6700   3.442926    33.3469       4055 0.0000e+00
    122.000     7.7000   3.447022    33.3618       4086 0.0000e+00
    123.000     7.7584   3.455759    33.3992       4114 0.0000e+00
    124.000     7.8616   3.470600    33.4590       4140 0.0000e+00
    125.000     7.9694   3.485466    33.5144       4165 0.0000e+00
    126.000     8.0846   3.501193    33.5715       4190 0.0000e+00
    127.000     8.1589   3.510616    33.6002       4215 0.0000e+00
    128.000     8.2173   3.518330    33.6258       4241 0.0000e+00
    129.000     8.2784   3.527280    33.6620       4267 0.0000e+00
    130.000     8.2867   3.529187    33.6737       4295 0.0000e+00
    131.000     8.2831   3.529439    33.6794       4325 0.0000e+00
    132.000     8.2859   3.530889    33.6917       4353 0.0000e+00
    133.000     8.3027   3.534215    33.7103       4378 0.0000e+00
    134.000     8.3913   3.547780    33.7686       4401 0.0000e+00
    135.000     8.6786   3.589471    33.9326       4425 0.0000e+00
    136.000     8.8636   3.614986    34.0228       4451 0.0000e+00
    137.000     8.9462   3.627064    34.0695       4480 0.0000e+00
    138.000     8.9526   3.628853    34.0816       4511 0.0000e+00
    139.000     8.9520   3.629211    34.0855       4542 0.0000e+00
    140.000     8.9270   3.626843    34.0842       4573 0.0000e+00
    141.000     8.9142   3.625647    34.0835       4602 0.0000e+00
    142.000     8.9108   3.625253    34.0822       4627 0.0000e+00
    143.000     8.9099   3.625259    34.0826       4649 0.0000e+00
    144.000     8.9021   3.624522    34.0819       4671 0.0000e+00
    145.000     8.8879   3.623009    34.0793       4692 0.0000e+00
    146.000     8.8749   3.621673    34.0773       4716 0.0000e+00
    147.000     8.8721   3.621454    34.0772       4744 0.0000e+00
    148.000     8.8714   3.621464    34.0775       4777 0.0000e+00
    149.000     8.8633   3.620912    34.0790       4809 0.0000e+00
    150.000     8.8693   3.625019    34.1158       4838 0.0000e+00
    151.000     8.9312   3.634877    34.1590       4867 0.0000e+00
    152.000     8.9690   3.639729    34.1730       4894 0.0000e+00
    153.000     8.9965   3.643759    34.1882       4920 0.0000e+00
    154.000     9.0159   3.646781    34.2007       4944 0.0000e+00
    155.000     9.0247   3.648986    34.2148       4967 0.0000e+00
    156.000     9.0023   3.648364    34.2293       4991 0.0000e+00
    157.000     8.9811   3.646438    34.2291       5017 0.0000e+00
    158.000     8.9595   3.644416    34.2283       5045 0.0000e+00
    159.000     8.8768   3.639532    34.2564       5075 0.0000e+00
    160.000     8.9034   3.646684    34.3052       5103 0.0000e+00
    161.000     8.9908   3.660040    34.3601       5128 0.0000e+00
    162.000     9.1084   3.675031    34.4026       5153 0.0000e+00
    163.000     9.3021   3.698781    34.4622       5180 0.0000e+00
    164.000     9.4737   3.721497    34.5318       5209 0.0000e+00
    165.000     9.4998   3.727632    34.5696       5239 0.0000e+00
    166.000     9.5557   3.735360    34.5952       5268 0.0000e+00
    167.000     9.5699   3.737376    34.6018       5296 0.0000e+00
    168.000     9.5807   3.739113    34.6088       5321 0.0000e+00
    169.000     9.6049   3.743196    34.6271       5345 0.0000e+00
    170.000     9.6153   3.746090    34.6465       5367 0.0000e+00
    171.000     9.5909   3.745414    34.6626       5390 0.0000e+00
    172.000     9.5824   3.746459    34.6811       5414 0.0000e+00
    173.000     9.5757   3.747588    34.6987       5440 0.0000e+00
    174.000     9.5629   3.747673    34.7115       5468 0.0000e+00
    175.000     9.5507   3.747275    34.7187       5498 0.0000e+00
    176.000     9.5516   3.747336    34.7180       5529 0.0000e+00
    177.000     9.5434   3.747112    34.7232       5557 0.0000e+00
    178.000     9.5425   3.747167    34.7241       5583 0.0000e+00
    179.000     9.5417   3.747284    34.7257       5608 0.0000e+00
    180.000     9.5396   3.747476    34.7292       5633 0.0000e+00
    181.000     9.5386   3.747564    34.7307       5659 0.0000e+00
    182.000     9.5385   3.747640    34.7310       5685 0.0000e+00
    183.000     9.5388   3.747726    34.7313       5711 0.0000e+00
    184.000     9.5390   3.747788    34.7312       5736 0.0000e+00
    185.000     9.5390   3.747837    34.7312       5760 0.0000e+00
    186.000     9.5382   3.747713    34.7302       5891 0.0000e+00
    187.000     9.5390   3.748032    34.7323       6437 0.0000e+00
    188.000     9.5391   3.748128    34.7327       7282 0.0000e+00
    189.000     9.5392   3.748208    34.7330       8245 0.0000e+00
    188.000     9.5396   3.748099    34.7320       8503 0.0000e+00
    187.000     9.5393   3.748023    34.7319       8526 0.0000e+00
    186.000     9.5395   3.748000    34.7319       8550 0.0000e+00
    185.000     9.5396   3.747955    34.7319       8575 0.0000e+00
    184.000     9.5396   3.747898    34.7317       8602 0.0000e+00
    183.000     9.5398   3.747850    34.7315       8629 0.0000e+00
    182.000     9.5391   3.747795    34.7321       8657 0.0000e+00
    181.000     9.5386   3.747747    34.7325       8686 0.0000e+00
    180.000     9.5387   3.747692    34.7323       8714 0.0000e+00
    179.000     9.5412   3.747649    34.7299       8742 0.0000e+00
    178.000     9.5423   3.747592    34.7288       8768 0.0000e+00
    177.000     9.5449   3.747608    34.7269       8794 0.0000e+00
    176.000     9.5527   3.747845    34.7222       8820 0.0000e+00
    175.000     9.5570   3.747932    34.7194       8845 0.0000e+00
    174.000     9.5619   3.747969    34.7155       8868 0.0000e+00
    173.000     9.5733   3.748082    34.7062       8891 0.0000e+00
    172.000     9.5870   3.747760    34.6901       8915 0.0000e+00
    171.000     9.5920   3.747228    34.6802       8945 0.0000e+00
    170.000     9.6082   3.746929    34.6620       8976 0.0000e+00
    169.000     9.6158   3.746657    34.6523       9004 0.0000e+00
    168.000     9.6204   3.746121    34.6428       9027 0.0000e+00
    167.000     9.6185   3.745044    34.6340       9051 0.0000e+00
    166.000     9.5876   3.740127    34.6136       9076 0.0000e+00
    165.000     9.5381   3.732766    34.5857       9107 0.0000e+00
    164.000     9.4955   3.724838    34.5454       9138 0.0000e+00
    163.000     9.4881   3.720784    34.5111       9165 0.0000e+00
    162.000     9.2269   3.687384    34.4168       9188 0.0000e+00
    161.000     9.0406   3.666619    34.3807       9210 0.0000e+00
    160.000     8.9053   3.647595    34.3129       9232 0.0000e+00
    159.000     8.8417   3.638083    34.2751       9255 0.0000e+00
    158.000     8.8822   3.640108    34.2577       9280 0.0000e+00
    157.000     8.8965   3.639785    34.2410       9308 0.0000e+00
    156.000     8.9174   3.640696    34.2309       9343 0.0000e+00
    155.000     8.9638   3.644764    34.2292       9378 0.0000e+00
    154.000     8.9868   3.647032    34.2313       9405 0.0000e+00
    153.000     8.9968   3.647364    34.2256       9425 0.0000e+00
    152.000     9.0086   3.647924    34.2205       9443 0.0000e+00
    151.000     9.0153   3.647184    34.2069       9462 0.0000e+00
    150.000     9.0083   3.645540    34.1969       9483 0.0000e+00
    149.000     8.9835   3.642162    34.1859       9509 0.0000e+00
    148.000     8.9535   3.638511    34.1771       9545 0.0000e+00
    147.000     8.9477   3.637316    34.1706       9582 0.0000e+00
    146.000     8.9294   3.633706    34.1509       9612 0.0000e+00
    145.000     8.8987   3.628236    34.1236       9637 0.0000e+00
    144.000     8.8685   3.622862    34.0968       9660 0.0000e+00
    143.000     8.8623   3.621712    34.0912       9682 0.0000e+00
    142.000     8.8603   3.620861    34.0847       9703 0.0000e+00
    141.000     8.8657   3.621150    34.0829       9726 0.0000e+00
    140.000     8.8717   3.621677    34.0832       9749 0.0000e+00
    139.000     8.8817   3.622320    34.0808       9773 0.0000e+00
