HB2406/ctd010.cnv
* Sea-Bird SBE 9 Data File:
* FileName = C:\cruise\data\ctd010.hex
* Software Version Seasave V 7.26.7.121
* Temperature SN = 6650
* Conductivity SN = 6035
* Number of Bytes Per Scan = 37
* Number of Voltage Words = 4
* Number of Scans Averaged by the Deck Unit = 1
* NMEA Latitude = 44 12.25 N
* NMEA Longitude = 067 42.18 W
* NMEA UTC (Time) = Aug 16 2024 18:07:52
* NMEA baud rate = 4800
** Ship: Bigelow HB2406
** Program:  Summer ECOMON
** Chief Scientist: Chris Melrose
# nquan = 6
# nvalues = 316                         
# units = specified
# name 0 = depSM: Depth [salt water, m]
# name 1 = t090C: Temperature [ITS-90, deg C]
# name 2 = c0S/m: Conductivity [S/m]
# name 3 = sal00: Salinity, Practical [PSU]
# name 4 = scan: Scan Count
# name 5 = flag: flag
# span 0 =      2.000,    160.000       
# span 1 =     7.9758,    15.4139       
# span 2 =   3.487206,   4.020700       
# span 3 =    32.1901,    33.5139       
# span 4 =        208,      25921       
# span 5 = 0.0000e+00, 0.0000e+00       
# interval = meters: 1                  
# start_time = Aug 16 2024 18:07:52 [NMEA time, header]
# bad_flag = -9.990e-29
*END*
      3.000    15.4139   4.020700    32.1971        208 0.0000e+00
      4.000    15.3435   4.014284    32.1972        375 0.0000e+00
      5.000    15.3223   4.012471    32.1979        400 0.0000e+00
      6.000    15.1934   3.999832    32.1901        432 0.0000e+00
      7.000    14.5605   3.945445    32.2209        466 0.0000e+00
      8.000    13.9248   3.892021    32.2616        497 0.0000e+00
      9.000    13.6594   3.869571    32.2766        525 0.0000e+00
     10.000    13.4269   3.850921    32.2990        555 0.0000e+00
     11.000    13.1347   3.828289    32.3346        600 0.0000e+00
     12.000    12.6404   3.789569    32.3910        757 0.0000e+00
     13.000    12.4642   3.777041    32.4229        775 0.0000e+00
     14.000    12.3844   3.770525    32.4291        802 0.0000e+00
     15.000    12.2256   3.758243    32.4483        829 0.0000e+00
     16.000    12.1079   3.748905    32.4603        858 0.0000e+00
     17.000    11.9266   3.734399    32.4775        887 0.0000e+00
     18.000    11.8267   3.726196    32.4848        917 0.0000e+00
     19.000    11.7812   3.722344    32.4868        950 0.0000e+00
     20.000    11.7374   3.718609    32.4883        981 0.0000e+00
     21.000    11.6443   3.710593    32.4914       1005 0.0000e+00
     22.000    11.4997   3.697702    32.4921       1027 0.0000e+00
     23.000    11.3826   3.687096    32.4907       1048 0.0000e+00
     24.000    11.3221   3.681505    32.4887       1072 0.0000e+00
     25.000    11.1476   3.666136    32.4909       1100 0.0000e+00
     26.000    11.0957   3.662712    32.5026       1138 0.0000e+00
     27.000    10.9964   3.655263    32.5163       1174 0.0000e+00
     28.000    10.7068   3.630729    32.5295       1201 0.0000e+00
     29.000    10.5600   3.617663    32.5295       1224 0.0000e+00
     30.000    10.3953   3.604035    32.5398       1246 0.0000e+00
     31.000    10.3825   3.603522    32.5456       1269 0.0000e+00
     32.000    10.3804   3.603546    32.5473       1294 0.0000e+00
     33.000    10.3793   3.603682    32.5492       1321 0.0000e+00
     34.000    10.3742   3.603509    32.5516       1353 0.0000e+00
     35.000    10.3719   3.604092    32.5591       1387 0.0000e+00
     36.000    10.3714   3.605135    32.5695       1416 0.0000e+00
     37.000    10.3679   3.605760    32.5785       1440 0.0000e+00
     38.000    10.3517   3.605008    32.5851       1464 0.0000e+00
     39.000    10.3310   3.604189    32.5951       1490 0.0000e+00
     40.000    10.3074   3.603116    32.6050       1519 0.0000e+00
     41.000    10.2738   3.601177    32.6152       1549 0.0000e+00
     42.000    10.2533   3.599887    32.6202       1578 0.0000e+00
     43.000    10.2422   3.599163    32.6224       1605 0.0000e+00
     44.000    10.2319   3.598571    32.6252       1629 0.0000e+00
     45.000    10.2283   3.598341    32.6258       1651 0.0000e+00
     46.000    10.2108   3.597236    32.6299       1675 0.0000e+00
     47.000    10.1824   3.595361    32.6361       1704 0.0000e+00
     48.000    10.1652   3.594367    32.6411       1741 0.0000e+00
     49.000    10.1336   3.592937    32.6548       1775 0.0000e+00
     50.000    10.1057   3.591118    32.6611       1801 0.0000e+00
     51.000    10.0314   3.585660    32.6725       1823 0.0000e+00
     52.000     9.9963   3.582994    32.6767       1845 0.0000e+00
     53.000     9.9800   3.581714    32.6780       1868 0.0000e+00
     54.000     9.9674   3.580704    32.6788       1893 0.0000e+00
     55.000     9.9537   3.580405    32.6877       1921 0.0000e+00
     56.000     9.9284   3.579829    32.7043       1951 0.0000e+00
     57.000     9.9015   3.578315    32.7129       1982 0.0000e+00
     58.000     9.8937   3.578596    32.7224       2011 0.0000e+00
     59.000     9.8957   3.579704    32.7313       2039 0.0000e+00
     60.000     9.8882   3.579490    32.7355       2064 0.0000e+00
     61.000     9.8666   3.578390    32.7435       2087 0.0000e+00
     62.000     9.8479   3.576916    32.7451       2111 0.0000e+00
     63.000     9.8418   3.576574    32.7467       2135 0.0000e+00
     64.000     9.8394   3.576445    32.7471       2162 0.0000e+00
     65.000     9.8344   3.576165    32.7483       2191 0.0000e+00
     66.000     9.8305   3.576448    32.7544       2223 0.0000e+00
     67.000     9.8195   3.576143    32.7608       2252 0.0000e+00
     68.000     9.8113   3.575749    32.7638       2277 0.0000e+00
     69.000     9.8050   3.575435    32.7659       2301 0.0000e+00
     70.000     9.7430   3.572529    32.7922       2328 0.0000e+00
     71.000     9.6662   3.568781    32.8235       2355 0.0000e+00
     72.000     9.6464   3.568163    32.8348       2382 0.0000e+00
     73.000     9.6314   3.567622    32.8426       2407 0.0000e+00
     74.000     9.6050   3.566595    32.8557       2433 0.0000e+00
     75.000     9.5765   3.565514    32.8703       2460 0.0000e+00
     76.000     9.5559   3.564687    32.8802       2487 0.0000e+00
     77.000     9.5374   3.563947    32.8892       2514 0.0000e+00
     78.000     9.5331   3.563784    32.8910       2541 0.0000e+00
     79.000     9.5293   3.563656    32.8927       2568 0.0000e+00
     80.000     9.5023   3.562733    32.9076       2597 0.0000e+00
     81.000     9.4858   3.562112    32.9159       2625 0.0000e+00
     82.000     9.4810   3.561931    32.9180       2653 0.0000e+00
     83.000     9.4775   3.561833    32.9197       2679 0.0000e+00
     84.000     9.4755   3.561762    32.9203       2704 0.0000e+00
     85.000     9.4715   3.561590    32.9218       2728 0.0000e+00
     86.000     9.4677   3.561437    32.9233       2753 0.0000e+00
     87.000     9.4646   3.561352    32.9248       2779 0.0000e+00
     88.000     9.4642   3.561363    32.9249       2807 0.0000e+00
     89.000     9.4640   3.561382    32.9248       2836 0.0000e+00
     90.000     9.4630   3.561379    32.9253       2866 0.0000e+00
     91.000     9.4609   3.561341    32.9263       2895 0.0000e+00
     92.000     9.4553   3.561161    32.9291       2922 0.0000e+00
     93.000     9.4500   3.560994    32.9319       2949 0.0000e+00
     94.000     9.4476   3.560918    32.9329       2974 0.0000e+00
     95.000     9.4320   3.560273    32.9401       2998 0.0000e+00
     96.000     9.4211   3.559801    32.9449       3021 0.0000e+00
     97.000     9.4085   3.559274    32.9506       3045 0.0000e+00
     98.000     9.4024   3.559015    32.9531       3074 0.0000e+00
     99.000     9.4007   3.558971    32.9537       3108 0.0000e+00
    100.000     9.3902   3.558495    32.9580       3140 0.0000e+00
    101.000     9.3517   3.556691    32.9744       3166 0.0000e+00
    102.000     9.2946   3.554009    32.9990       3189 0.0000e+00
    103.000     9.2797   3.553297    33.0050       3213 0.0000e+00
    104.000     9.2841   3.553495    33.0025       3238 0.0000e+00
    105.000     9.2907   3.553816    32.9993       3263 0.0000e+00
    106.000     9.2731   3.553018    33.0068       3289 0.0000e+00
    107.000     9.2708   3.552928    33.0075       3316 0.0000e+00
    108.000     9.2674   3.552770    33.0086       3345 0.0000e+00
    109.000     9.2745   3.553184    33.0058       3377 0.0000e+00
    110.000     9.2865   3.553743    33.0001       3405 0.0000e+00
    111.000     9.1827   3.548832    33.0449       3430 0.0000e+00
    112.000     9.1407   3.546777    33.0621       3454 0.0000e+00
    113.000     9.0493   3.542290    33.0999       3481 0.0000e+00
    114.000     8.9946   3.539598    33.1223       3511 0.0000e+00
    115.000     8.9809   3.538906    33.1273       3540 0.0000e+00
    116.000     8.9761   3.538646    33.1287       3566 0.0000e+00
    117.000     8.9628   3.538008    33.1340       3589 0.0000e+00
    118.000     8.9532   3.537573    33.1380       3612 0.0000e+00
    119.000     8.9456   3.537201    33.1407       3638 0.0000e+00
    120.000     8.9425   3.537057    33.1416       3667 0.0000e+00
    121.000     8.9360   3.536755    33.1440       3698 0.0000e+00
    122.000     8.9398   3.536966    33.1423       3728 0.0000e+00
    123.000     8.9432   3.537142    33.1405       3756 0.0000e+00
    124.000     8.9439   3.537215    33.1401       3784 0.0000e+00
    125.000     8.9376   3.536943    33.1427       3809 0.0000e+00
    126.000     8.9283   3.536498    33.1463       3834 0.0000e+00
    127.000     8.8854   3.534398    33.1639       3858 0.0000e+00
    128.000     8.8101   3.530669    33.1950       3884 0.0000e+00
    129.000     8.7547   3.527969    33.2181       3912 0.0000e+00
    130.000     8.6917   3.524725    33.2428       3942 0.0000e+00
    131.000     8.6071   3.520437    33.2768       3970 0.0000e+00
    132.000     8.5236   3.516167    33.3101       3998 0.0000e+00
    133.000     8.4786   3.513829    33.3275       4026 0.0000e+00
    134.000     8.4499   3.512312    33.3381       4053 0.0000e+00
    135.000     8.3939   3.509428    33.3602       4081 0.0000e+00
    136.000     8.3738   3.508378    33.3676       4109 0.0000e+00
    137.000     8.3658   3.507940    33.3701       4135 0.0000e+00
    138.000     8.3612   3.507696    33.3714       4157 0.0000e+00
    139.000     8.3644   3.507871    33.3698       4179 0.0000e+00
    140.000     8.3630   3.507806    33.3699       4202 0.0000e+00
    141.000     8.3369   3.506476    33.3801       4232 0.0000e+00
    142.000     8.3225   3.505695    33.3850       4278 0.0000e+00
    143.000     8.2974   3.504402    33.3947       4312 0.0000e+00
    144.000     8.2814   3.503532    33.4002       4334 0.0000e+00
    145.000     8.2104   3.499868    33.4284       4352 0.0000e+00
    146.000     8.1772   3.498159    33.4413       4372 0.0000e+00
    147.000     8.1563   3.497022    33.4486       4394 0.0000e+00
    148.000     8.1235   3.495283    33.4610       4424 0.0000e+00
    149.000     8.1035   3.494159    33.4676       4456 0.0000e+00
    150.000     8.0444   3.491083    33.4908       4484 0.0000e+00
    151.000     8.0366   3.490635    33.4930       4509 0.0000e+00
    152.000     8.0442   3.491016    33.4893       4536 0.0000e+00
    153.000     8.0277   3.490127    33.4951       4569 0.0000e+00
    154.000     7.9966   3.488441    33.5064       4605 0.0000e+00
    155.000     7.9758   3.487328    33.5139       4631 0.0000e+00
    156.000     7.9784   3.487490    33.5127       4652 0.0000e+00
    157.000     7.9790   3.487544    33.5122       4671 0.0000e+00
    158.000     7.9818   3.487714    33.5109       4690 0.0000e+00
    159.000     7.9798   3.487626    33.5114       4712 0.0000e+00
    160.000     7.9787   3.487323    33.5088       8261 0.0000e+00
    159.000     7.9787   3.487246    33.5084      11937 0.0000e+00
    158.000     7.9879   3.487707    33.5050      11849 0.0000e+00
    157.000     7.9907   3.487811    33.5039      11883 0.0000e+00
    156.000     7.9903   3.487746    33.5041      11914 0.0000e+00
    155.000     7.9896   3.487663    33.5043      11940 0.0000e+00
    154.000     7.9889   3.487577    33.5046      11964 0.0000e+00
    153.000     7.9874   3.487438    33.5049      11986 0.0000e+00
    152.000     7.9872   3.487379    33.5050      12007 0.0000e+00
    151.000     7.9869   3.487301    33.5050      12030 0.0000e+00
    150.000     7.9865   3.487235    33.5051      12054 0.0000e+00
    149.000     7.9875   3.487246    33.5048      12082 0.0000e+00
    148.000     7.9884   3.487248    33.5044      12113 0.0000e+00
    147.000     7.9884   3.487206    33.5043      12141 0.0000e+00
    146.000     7.9955   3.487574    33.5020      12166 0.0000e+00
    145.000     8.0000   3.487773    33.5003      12190 0.0000e+00
    144.000     8.0176   3.488711    33.4939      12216 0.0000e+00
    143.000     8.0339   3.489543    33.4877      12244 0.0000e+00
    142.000     8.0457   3.490143    33.4833      12272 0.0000e+00
    141.000     8.0906   3.492641    33.4675      12297 0.0000e+00
    140.000     8.1264   3.494446    33.4531      12319 0.0000e+00
    139.000     8.1710   3.496767    33.4358      12343 0.0000e+00
    138.000     8.2444   3.500580    33.4069      12369 0.0000e+00
    137.000     8.2734   3.502030    33.3952      12397 0.0000e+00
    136.000     8.2599   3.501357    33.4013      12425 0.0000e+00
    135.000     8.2703   3.501994    33.3987      12453 0.0000e+00
    134.000     8.3030   3.503613    33.3852      12479 0.0000e+00
    133.000     8.3153   3.504263    33.3809      12504 0.0000e+00
    132.000     8.3332   3.505165    33.3739      12529 0.0000e+00
    131.000     8.3515   3.506094    33.3670      12554 0.0000e+00
    130.000     8.3794   3.507586    33.3568      12579 0.0000e+00
    129.000     8.4255   3.509889    33.3379      12605 0.0000e+00
    128.000     8.4836   3.512938    33.3157      12630 0.0000e+00
    127.000     8.5232   3.514813    33.2985      12656 0.0000e+00
    126.000     8.5402   3.515772    33.2931      12682 0.0000e+00
    125.000     8.5556   3.516489    33.2865      12708 0.0000e+00
    124.000     8.5821   3.517898    33.2769      12735 0.0000e+00
    123.000     8.6541   3.521631    33.2489      12763 0.0000e+00
    122.000     8.7879   3.528482    33.1957      12791 0.0000e+00
    121.000     8.8578   3.531818    33.1655      12817 0.0000e+00
    120.000     8.9151   3.534781    33.1434      12842 0.0000e+00
    119.000     8.9192   3.534829    33.1406      12865 0.0000e+00
    118.000     8.9500   3.536462    33.1294      12889 0.0000e+00
    117.000     8.9556   3.536730    33.1274      12913 0.0000e+00
    116.000     8.9542   3.536702    33.1289      12939 0.0000e+00
    115.000     8.9536   3.536670    33.1295      12966 0.0000e+00
    114.000     8.9590   3.536910    33.1274      12994 0.0000e+00
    113.000     9.0469   3.541400    33.0928      13022 0.0000e+00
    112.000     9.0999   3.543790    33.0689      13048 0.0000e+00
    111.000     9.0909   3.543359    33.0733      13072 0.0000e+00
    110.000     9.1174   3.544660    33.0626      13097 0.0000e+00
    109.000     9.1225   3.544909    33.0609      13124 0.0000e+00
    108.000     9.1277   3.545175    33.0593      13154 0.0000e+00
    107.000     9.1340   3.545485    33.0572      13181 0.0000e+00
    106.000     9.1493   3.546241    33.0512      13203 0.0000e+00
    105.000     9.2116   3.549284    33.0255      13224 0.0000e+00
    104.000     9.2572   3.551342    33.0050      13245 0.0000e+00
    103.000     9.2658   3.551760    33.0019      13271 0.0000e+00
    102.000     9.2694   3.551976    33.0013      13307 0.0000e+00
    101.000     9.2695   3.551982    33.0016      13343 0.0000e+00
    100.000     9.2714   3.552155    33.0022      13368 0.0000e+00
     99.000     9.3250   3.554606    32.9784      13389 0.0000e+00
     98.000     9.3490   3.555751    32.9686      13410 0.0000e+00
     97.000     9.3601   3.556281    32.9643      13431 0.0000e+00
     96.000     9.3700   3.556745    32.9604      13454 0.0000e+00
     95.000     9.3924   3.557818    32.9513      13481 0.0000e+00
     94.000     9.4005   3.558162    32.9479      13511 0.0000e+00
     93.000     9.4038   3.558289    32.9466      13542 0.0000e+00
     92.000     9.4140   3.558763    32.9425      13571 0.0000e+00
     91.000     9.4304   3.559512    32.9356      13598 0.0000e+00
     90.000     9.4342   3.559648    32.9339      13622 0.0000e+00
     89.000     9.4346   3.559660    32.9341      13645 0.0000e+00
     88.000     9.4412   3.559874    32.9307      13668 0.0000e+00
     87.000     9.4434   3.559914    32.9295      13693 0.0000e+00
     86.000     9.4460   3.559993    32.9284      13720 0.0000e+00
     85.000     9.4516   3.560191    32.9257      13748 0.0000e+00
     84.000     9.4582   3.560455    32.9229      13776 0.0000e+00
     83.000     9.4607   3.560515    32.9216      13802 0.0000e+00
     82.000     9.4732   3.561201    32.9177      15647 0.0000e+00
     81.000     9.4914   3.561872    32.9083      17331 0.0000e+00
     80.000     9.4945   3.561988    32.9070      17272 0.0000e+00
