HB2406/sbe014.cnv
* Sea-Bird SBE 19plus V2 Data File:
* FileName = C:\cruise\data\sbe014.hex
* Software Version Seasave V 7.26.7.121
* Temperature SN = 7037
* Conductivity SN = 7037
* System UpLoad Time = Aug 13 2024 13:57:51
* NMEA Latitude = 40 38.56 N
* NMEA Longitude = 068 45.34 W
* NMEA UTC (Time) = Aug 13 2024  13:56:41
** Ship: Henry Bigelow
** Cruise:  HB2406
** Program:  ECOMON
# nquan = 7
# nvalues = 1629                                  
# units = specified
# name 0 = depSM: Depth [salt water, m]
# name 1 = tv290C: Temperature [ITS-90, deg C]
# name 2 = c0S/m: Conductivity [S/m]
# name 3 = sal00: Salinity, Practical [PSU]
# name 4 = scan: Scan Count
# name 5 = timeM: Time, Elapsed [minutes]
# name 6 = flag:  0.000e+00
# span 0 =     -0.026,     58.209                 
# span 1 =    11.1398,    23.2727                 
# span 2 =  -0.000073,   4.386813                 
# span 3 =     0.0000,    33.5016                 
# span 4 =         11,       1639                 
# span 5 =     0.0417,     6.8250                 
# span 6 = 0.0000e+00, 0.0000e+00                 
# interval = seconds: 0.25
# start_time = Aug 13 2024 13:56:41 [NMEA time, header]
# bad_flag = -9.990e-29
*END*
[from data line 206]
      2.323    19.3003   4.315124    31.6503        217     0.9000  0.000e+00
      2.490    19.3126   4.314998    31.6399        218     0.9042  0.000e+00
      2.640    19.3194   4.314178    31.6280        219     0.9083  0.000e+00
      2.781    19.3118   4.310937    31.6071        220     0.9125  0.000e+00
      2.913    19.2943   4.305465    31.5755        221     0.9167  0.000e+00
      3.027    19.2679   4.301758    31.5652        222     0.9208  0.000e+00
      3.130    19.2375   4.300814    31.5804        223     0.9250  0.000e+00
      3.235    19.2105   4.301952    31.6102        224     0.9292  0.000e+00
      3.332    19.1880   4.303697    31.6416        225     0.9333  0.000e+00
      3.441    19.1729   4.309569    31.7012        226     0.9375  0.000e+00
      3.553    19.1666   4.316972    31.7668        227     0.9417  0.000e+00
      3.674    19.1559   4.315902    31.7662        228     0.9458  0.000e+00
      3.813    19.1551   4.317448    31.7794        229     0.9500  0.000e+00
      3.954    19.1891   4.318625    31.7631        230     0.9542  0.000e+00
      4.092    19.2474   4.319795    31.7282        231     0.9583  0.000e+00
      4.231    19.2994   4.321341    31.7012        232     0.9625  0.000e+00
      4.361    19.3346   4.323095    31.6888        233     0.9667  0.000e+00
      4.499    19.3524   4.324291    31.6851        234     0.9708  0.000e+00
      4.631    19.3605   4.325519    31.6889        235     0.9750  0.000e+00
      4.772    19.3647   4.326765    31.6958        236     0.9792  0.000e+00
      4.920    19.3682   4.328420    31.7067        237     0.9833  0.000e+00
      5.079    19.3721   4.329974    31.7164        238     0.9875  0.000e+00
      5.234    19.3789   4.331102    31.7204        239     0.9917  0.000e+00
      5.401    19.3856   4.332632    31.7277        240     0.9958  0.000e+00
      5.560    19.3899   4.330676    31.7085        241     1.0000  0.000e+00
      5.706    19.3882   4.325895    31.6706        242     1.0042  0.000e+00
      5.846    19.3795   4.320621    31.6340        243     1.0083  0.000e+00
      5.972    19.3624   4.314054    31.5932        244     1.0125  0.000e+00
      6.090    19.3360   4.308023    31.5639        245     1.0167  0.000e+00
      6.206    19.2985   4.304891    31.5665        246     1.0208  0.000e+00
      6.312    19.2595   4.305066    31.5975        247     1.0250  0.000e+00
      6.421    19.2258   4.312285    31.6823        248     1.0292  0.000e+00
      6.531    19.2055   4.321544    31.7737        249     1.0333  0.000e+00
      6.625    19.1856   4.321469    31.7883        250     1.0375  0.000e+00
      6.723    19.1719   4.323699    31.8170        251     1.0417  0.000e+00
      6.815    19.2013   4.325071    31.8058        252     1.0458  0.000e+00
      6.900    19.2680   4.326373    31.7655        253     1.0500  0.000e+00
      6.994    19.3242   4.326472    31.7235        254     1.0542  0.000e+00
      7.091    19.3718   4.325870    31.6824        255     1.0583  0.000e+00
      7.198    19.4135   4.324792    31.6419        256     1.0625  0.000e+00
      7.312    19.4413   4.323815    31.6128        257     1.0667  0.000e+00
      7.433    19.4606   4.323219    31.5933        258     1.0708  0.000e+00
      7.547    19.4688   4.323119    31.5863        259     1.0750  0.000e+00
      7.663    19.4715   4.323319    31.5858        260     1.0792  0.000e+00
      7.780    19.4720   4.323745    31.5889        261     1.0833  0.000e+00
      7.889    19.4727   4.324491    31.5944        262     1.0875  0.000e+00
      7.999    19.4763   4.325168    31.5971        263     1.0917  0.000e+00
      8.100    19.4808   4.325919    31.5999        264     1.0958  0.000e+00
      8.200    19.4852   4.326596    31.6021        265     1.1000  0.000e+00
      8.305    19.4892   4.327147    31.6035        266     1.1042  0.000e+00
      8.399    19.4930   4.327373    31.6024        267     1.1083  0.000e+00
      8.495    19.4970   4.326796    31.5947        268     1.1125  0.000e+00
      8.592    19.5012   4.326671    31.5904        269     1.1167  0.000e+00
      8.697    19.5059   4.328846    31.6046        270     1.1208  0.000e+00
      8.802    19.5036   4.335290    31.6588        271     1.1250  0.000e+00
      8.927    19.5126   4.341519    31.7028        272     1.1292  0.000e+00
      9.053    19.5793   4.346395    31.6919        273     1.1333  0.000e+00
      9.185    19.6475   4.350375    31.6727        274     1.1375  0.000e+00
      9.316    19.6970   4.353094    31.6573        275     1.1417  0.000e+00
      9.455    19.7368   4.354532    31.6390        276     1.1458  0.000e+00
      9.587    19.7660   4.353677    31.6100        277     1.1500  0.000e+00
      9.722    19.7800   4.348986    31.5614        278     1.1542  0.000e+00
      9.854    19.7775   4.346142    31.5401        279     1.1583  0.000e+00
      9.986    19.7684   4.346694    31.5514        280     1.1625  0.000e+00
     10.120    19.7581   4.346569    31.5581        281     1.1667  0.000e+00
     10.252    19.7498   4.346418    31.5631        282     1.1708  0.000e+00
     10.381    19.7417   4.346469    31.5695        283     1.1750  0.000e+00
     10.511    19.7262   4.347329    31.5881        284     1.1792  0.000e+00
     10.650    19.7112   4.348510    31.6090        285     1.1833  0.000e+00
     10.784    19.7043   4.348912    31.6174        286     1.1875  0.000e+00
     10.921    19.7009   4.348384    31.6156        287     1.1917  0.000e+00
     11.055    19.6894   4.347681    31.6185        288     1.1958  0.000e+00
     11.194    19.6596   4.347380    31.6385        289     1.2000  0.000e+00
     11.334    19.6225   4.347532    31.6678        290     1.2042  0.000e+00
     11.478    19.5918   4.347884    31.6938        291     1.2083  0.000e+00
     11.627    19.5686   4.348512    31.7164        292     1.2125  0.000e+00
     11.775    19.5507   4.349165    31.7353        293     1.2167  0.000e+00
     11.932    19.5416   4.349800    31.7473        294     1.2208  0.000e+00
     12.089    19.5388   4.350152    31.7522        295     1.2250  0.000e+00
     12.249    19.5369   4.349549    31.7487        296     1.2292  0.000e+00
     12.399    19.5217   4.348413    31.7509        297     1.2333  0.000e+00
     12.552    19.4772   4.346775    31.7713        298     1.2375  0.000e+00
     12.692    19.4204   4.341623    31.7724        299     1.2417  0.000e+00
     12.833    19.3127   4.331809    31.7740        300     1.2458  0.000e+00
     12.966    19.0929   4.320352    31.8479        301     1.2500  0.000e+00
     13.093    18.8383   4.306194    31.9266        302     1.2542  0.000e+00
     13.220    18.5650   4.292587    32.0251        303     1.2583  0.000e+00
     13.344    18.2993   4.282834    32.1506        304     1.2625  0.000e+00
     13.466    18.0769   4.280148    32.3028        305     1.2667  0.000e+00
     13.587    17.9055   4.293090    32.5481        306     1.2708  0.000e+00
     13.715    17.8212   4.313478    32.7885        307     1.2750  0.000e+00
     13.838    17.7583   4.324643    32.9342        308     1.2792  0.000e+00
     13.983    17.6528   4.323724    33.0118        309     1.2833  0.000e+00
     14.068    17.6410   4.278677    32.6371        310     1.2875  0.000e+00
     14.117    17.6877   4.194495    31.8844        311     1.2917  0.000e+00
     14.106    17.5617   4.101476    31.1931        312     1.2958  0.000e+00
     14.068    17.1846   4.045416    31.0054        313     1.3000  0.000e+00
     14.042    16.6842   4.036170    31.3132        314     1.3042  0.000e+00
     14.035    16.2528   4.025272    31.5578        315     1.3083  0.000e+00
     14.039    15.9400   4.012149    31.6916        316     1.3125  0.000e+00
     14.041    15.7169   4.005328    31.8103        317     1.3167  0.000e+00
     14.042    15.5585   3.998226    31.8752        318     1.3208  0.000e+00
     14.039    15.4526   3.994243    31.9255        319     1.3250  0.000e+00
     14.037    15.3781   3.991383    31.9606        320     1.3292  0.000e+00
     14.042    15.3198   3.993487    32.0268        321     1.3333  0.000e+00
     14.050    15.2773   3.991312    32.0420        322     1.3375  0.000e+00
     14.055    15.2467   3.988640    32.0431        323     1.3417  0.000e+00
     14.060    15.2291   3.987241    32.0449        324     1.3458  0.000e+00
     14.071    15.2141   3.983649    32.0250        325     1.3500  0.000e+00
     14.075    15.2007   3.985987    32.0569        326     1.3542  0.000e+00
     14.098    15.1886   3.992162    32.1222        327     1.3583  0.000e+00
     14.111    15.1781   3.998801    32.1904        328     1.3625  0.000e+00
     14.147    15.1677   4.004431    32.2495        329     1.3667  0.000e+00
     14.187    15.1570   4.011825    32.3247        330     1.3708  0.000e+00
     14.245    15.1521   4.014273    32.3506        331     1.3750  0.000e+00
     14.305    15.1532   4.012469    32.3335        332     1.3792  0.000e+00
     14.361    15.1585   4.005973    32.2708        333     1.3833  0.000e+00
     14.417    15.1611   4.001840    32.2315        334     1.3875  0.000e+00
     14.478    15.1630   4.003169    32.2418        335     1.3917  0.000e+00
     14.547    15.1666   4.014091    32.3370        336     1.3958  0.000e+00
     14.625    15.1781   4.041294    32.5718        337     1.4000  0.000e+00
     14.708    15.1957   4.055918    32.6886        338     1.4042  0.000e+00
     14.802    15.1972   4.057754    32.7039        339     1.4083  0.000e+00
     14.907    15.2127   4.068786    32.7901        340     1.4125  0.000e+00
     15.012    15.2890   4.074119    32.7741        341     1.4167  0.000e+00
     15.135    15.4361   4.077442    32.6813        342     1.4208  0.000e+00
     15.259    15.6053   4.078712    32.5524        343     1.4250  0.000e+00
     15.388    15.7524   4.080330    32.4456        344     1.4292  0.000e+00
     15.529    15.8834   4.081374    32.3475        345     1.4333  0.000e+00
     15.663    15.9825   4.084976    32.2984        346     1.4375  0.000e+00
     15.804    16.0358   4.087846    32.2803        347     1.4417  0.000e+00
     15.941    16.0556   4.088408    32.2691        348     1.4458  0.000e+00
     16.084    16.0598   4.089014    32.2710        349     1.4500  0.000e+00
     16.230    16.0608   4.090747    32.2854        350     1.4542  0.000e+00
     16.384    16.0650   4.092357    32.2961        351     1.4583  0.000e+00
     16.538    16.0703   4.093361    32.3006        352     1.4625  0.000e+00
     16.688    16.0739   4.092871    32.2933        353     1.4667  0.000e+00
     16.843    16.0759   4.091304    32.2778        354     1.4708  0.000e+00
     16.993    16.0754   4.087558    32.2452        355     1.4750  0.000e+00
     17.144    16.0678   4.083660    32.2170        356     1.4792  0.000e+00
     17.290    16.0433   4.081575    32.2184        357     1.4833  0.000e+00
     17.438    16.0118   4.080958    32.2385        358     1.4875  0.000e+00
     17.587    15.9684   4.081270    32.2765        359     1.4917  0.000e+00
     17.729    15.9165   4.080941    32.3159        360     1.4958  0.000e+00
     17.885    15.8624   4.079822    32.3501        361     1.5000  0.000e+00
     18.037    15.8068   4.077267    32.3729        362     1.5042  0.000e+00
     18.187    15.7488   4.072317    32.3764        363     1.5083  0.000e+00
     18.335    15.6815   4.067327    32.3873        364     1.5125  0.000e+00
     18.487    15.6091   4.066394    32.4384        365     1.5167  0.000e+00
     18.641    15.5486   4.069076    32.5121        366     1.5208  0.000e+00
     18.798    15.5165   4.070213    32.5487        367     1.5250  0.000e+00
     18.955    15.5018   4.075756    32.6103        368     1.5292  0.000e+00
     19.116    15.5022   4.076862    32.6198        369     1.5333  0.000e+00
     19.275    15.5074   4.080017    32.6435        370     1.5375  0.000e+00
     19.442    15.5113   4.081956    32.6575        371     1.5417  0.000e+00
     19.605    15.5145   4.077492    32.6150        372     1.5458  0.000e+00
     19.771    15.5105   4.073244    32.5803        373     1.5500  0.000e+00
     19.932    15.4891   4.065932    32.5327        374     1.5542  0.000e+00
     20.096    15.4518   4.056496    32.4792        375     1.5583  0.000e+00
     20.265    15.4109   4.046691    32.4253        376     1.5625  0.000e+00
     20.427    15.3717   4.038778    32.3868        377     1.5667  0.000e+00
     20.596    15.3225   4.028650    32.3367        378     1.5708  0.000e+00
     20.758    15.2578   4.019433    32.3073        379     1.5750  0.000e+00
     20.925    15.1896   4.012471    32.3010        380     1.5792  0.000e+00
     21.087    15.1224   4.006929    32.3065        381     1.5833  0.000e+00
     21.252    15.0626   4.003458    32.3247        382     1.5875  0.000e+00
     21.411    15.0138   4.002148    32.3532        383     1.5917  0.000e+00
     21.574    14.9686   4.000778    32.3782        384     1.5958  0.000e+00
     21.738    14.9296   3.999711    32.4009        385     1.6000  0.000e+00
     21.898    14.8908   3.994611    32.3870        386     1.6042  0.000e+00
     22.064    14.8529   3.985953    32.3400        387     1.6083  0.000e+00
     22.225    14.8177   3.976769    32.2860        388     1.6125  0.000e+00
     22.382    14.7789   3.968066    32.2393        389     1.6167  0.000e+00
     22.532    14.7356   3.960880    32.2101        390     1.6208  0.000e+00
     22.681    14.6777   3.955681    32.2108        391     1.6250  0.000e+00
     22.818    14.6128   3.951558    32.2271        392     1.6292  0.000e+00
     22.957    14.5498   3.948198    32.2488        393     1.6333  0.000e+00
     23.089    14.4873   3.946232    32.2828        394     1.6375  0.000e+00
     23.221    14.4275   3.946643    32.3364        395     1.6417  0.000e+00
     23.348    14.3760   3.950910    32.4184        396     1.6458  0.000e+00
     23.478    14.3407   3.962082    32.5502        397     1.6500  0.000e+00
     23.605    14.3304   3.995092    32.8615        398     1.6542  0.000e+00
     23.737    14.3370   4.019185    33.0769        399     1.6583  0.000e+00
     23.878    14.3194   4.043027    33.3109        400     1.6625  0.000e+00
     24.024    14.3850   4.069942    33.5016        401     1.6667  0.000e+00
     24.183    14.6459   4.078306    33.3532        402     1.6708  0.000e+00
     24.350    15.0398   4.076503    33.0012        403     1.6750  0.000e+00
     24.520    15.4005   4.073479    32.6718        404     1.6792  0.000e+00
     24.700    15.6585   4.070384    32.4309        405     1.6833  0.000e+00
     24.879    15.8321   4.064665    32.2381        406     1.6875  0.000e+00
     25.064    15.9385   4.054210    32.0593        407     1.6917  0.000e+00
     25.257    15.9882   4.045095    31.9389        408     1.6958  0.000e+00
     25.442    16.0058   4.039947    31.8793        409     1.7000  0.000e+00
     25.637    16.0123   4.031503    31.7997        410     1.7042  0.000e+00
     25.818    15.9976   4.027366    31.7751        411     1.7083  0.000e+00
     26.002    15.8715   4.025847    31.8628        412     1.7125  0.000e+00
     26.171    15.6228   4.017929    31.9935        413     1.7167  0.000e+00
     26.339    15.3467   3.997354    32.0348        414     1.7208  0.000e+00
     26.503    15.0818   3.972532    32.0288        415     1.7250  0.000e+00
     26.659    14.8242   3.950996    32.0459        416     1.7292  0.000e+00
     26.820    14.5697   3.936465    32.1241        417     1.7333  0.000e+00
     26.984    14.3245   3.926266    32.2346        418     1.7375  0.000e+00
     27.153    14.1174   3.917580    32.3280        419     1.7417  0.000e+00
     27.321    13.9338   3.907207    32.3867        420     1.7458  0.000e+00
