HB2406/sbe002.cnv
* Sea-Bird SBE 19plus V2 Data File:
* FileName = C:\cruise\data\sbe002.hex
* Software Version Seasave V 7.26.7.121
* Temperature SN = 7037
* Conductivity SN = 7037
* System UpLoad Time = Aug 12 2024 18:19:58
* NMEA Latitude = 41 08.06 N
* NMEA Longitude = 070 59.26 W
* NMEA UTC (Time) = Aug 12 2024  18:18:48
** Ship: Henry Bigelow
** Cruise:  HB2406
** Program:  ECOMON
# nquan = 7
# nvalues = 1737                                  
# units = specified
# name 0 = depSM: Depth [salt water, m]
# name 1 = tv290C: Temperature [ITS-90, deg C]
# name 2 = c0S/m: Conductivity [S/m]
# name 3 = sal00: Salinity, Practical [PSU]
# name 4 = scan: Scan Count
# name 5 = timeM: Time, Elapsed [minutes]
# name 6 = flag:  0.000e+00
# span 0 =     -0.055,     27.520                 
# span 1 =    12.8596,    21.2697                 
# span 2 =  -0.000079,   4.447543                 
# span 3 =     0.0000,    31.7219                 
# span 4 =         11,       1747                 
# span 5 =     0.0417,     7.2750                 
# span 6 = 0.0000e+00, 0.0000e+00                 
# interval = seconds: 0.25
# start_time = Aug 12 2024 18:18:48 [NMEA time, header]
# bad_flag = -9.990e-29
*END*
[from data line 821]
     18.638    14.2983   3.851358    31.5749        832     3.4625  0.000e+00
     18.640    14.2990   3.851232    31.5732        833     3.4667  0.000e+00
     18.638    14.2995   3.852003    31.5798        834     3.4708  0.000e+00
     18.632    14.3021   3.853317    31.5897        835     3.4750  0.000e+00
     18.616    14.3092   3.854560    31.5953        836     3.4792  0.000e+00
     18.591    14.3194   3.855205    31.5928        837     3.4833  0.000e+00
     18.554    14.3293   3.855677    31.5890        838     3.4875  0.000e+00
     18.509    14.3382   3.856680    31.5909        839     3.4917  0.000e+00
     18.457    14.3474   3.859316    31.6075        840     3.4958  0.000e+00
     18.392    14.3639   3.863639    31.6335        841     3.5000  0.000e+00
     18.328    14.3930   3.866366    31.6346        842     3.5042  0.000e+00
     18.251    14.4263   3.867508    31.6177        843     3.5083  0.000e+00
     18.187    14.4537   3.868124    31.6011        844     3.5125  0.000e+00
     18.110    14.4739   3.869829    31.6001        845     3.5167  0.000e+00
     18.052    14.4929   3.871337    31.5984        846     3.5208  0.000e+00
     18.008    14.5116   3.871977    31.5890        847     3.5250  0.000e+00
     17.967    14.5272   3.872707    31.5829        848     3.5292  0.000e+00
     17.941    14.5401   3.874096    31.5851        849     3.5333  0.000e+00
     17.925    14.5535   3.875491    31.5868        850     3.5375  0.000e+00
     17.920    14.5684   3.877317    31.5913        851     3.5417  0.000e+00
     17.932    14.5857   3.878413    31.5871        852     3.5458  0.000e+00
     17.952    14.6020   3.878443    31.5741        853     3.5500  0.000e+00
     17.978    14.6134   3.878143    31.5622        854     3.5542  0.000e+00
     18.003    14.6191   3.877844    31.5548        855     3.5583  0.000e+00
     18.037    14.6210   3.877730    31.5522        856     3.5625  0.000e+00
     18.064    14.6212   3.877526    31.5502        857     3.5667  0.000e+00
     18.081    14.6205   3.877065    31.5466        858     3.5708  0.000e+00
     18.102    14.6183   3.876909    31.5470        859     3.5750  0.000e+00
     18.126    14.6155   3.876820    31.5484        860     3.5792  0.000e+00
     18.135    14.6132   3.876311    31.5457        861     3.5833  0.000e+00
     18.135    14.6097   3.876335    31.5487        862     3.5875  0.000e+00
     18.117    14.6074   3.877616    31.5622        863     3.5917  0.000e+00
     18.097    14.6107   3.878485    31.5674        864     3.5958  0.000e+00
     18.062    14.6193   3.880084    31.5749        865     3.6000  0.000e+00
     18.021    14.6304   3.880719    31.5716        866     3.6042  0.000e+00
     17.966    14.6407   3.881390    31.5694        867     3.6083  0.000e+00
     17.901    14.6501   3.883127    31.5775        868     3.6125  0.000e+00
     17.831    14.6630   3.885279    31.5865        869     3.6167  0.000e+00
     17.760    14.6808   3.886999    31.5877        870     3.6208  0.000e+00
     17.684    14.7007   3.890554    31.6037        871     3.6250  0.000e+00
     17.619    14.7277   3.894159    31.6144        872     3.6292  0.000e+00
     17.558    14.7613   3.896181    31.6054        873     3.6333  0.000e+00
     17.507    14.7935   3.897771    31.5937        874     3.6375  0.000e+00
     17.453    14.8216   3.899289    31.5846        875     3.6417  0.000e+00
     17.409    14.8462   3.900897    31.5792        876     3.6458  0.000e+00
     17.370    14.8695   3.903227    31.5814        877     3.6500  0.000e+00
     17.350    14.8933   3.905485    31.5825        878     3.6542  0.000e+00
     17.335    14.9183   3.906199    31.5686        879     3.6583  0.000e+00
     17.332    14.9382   3.904932    31.5411        880     3.6625  0.000e+00
     17.326    14.9468   3.904259    31.5282        881     3.6667  0.000e+00
     17.332    14.9480   3.904283    31.5274        882     3.6708  0.000e+00
     17.359    14.9479   3.904307    31.5277        883     3.6750  0.000e+00
     17.371    14.9480   3.904535    31.5296        884     3.6792  0.000e+00
     17.402    14.9488   3.904769    31.5311        885     3.6833  0.000e+00
     17.426    14.9502   3.904535    31.5279        886     3.6875  0.000e+00
     17.436    14.9505   3.904079    31.5235        887     3.6917  0.000e+00
     17.458    14.9490   3.904031    31.5243        888     3.6958  0.000e+00
     17.463    14.9475   3.904445    31.5292        889     3.7000  0.000e+00
     17.462    14.9478   3.905484    31.5383        890     3.7042  0.000e+00
     17.451    14.9521   3.907767    31.5554        891     3.7083  0.000e+00
     17.434    14.9640   3.911204    31.5767        892     3.7125  0.000e+00
     17.406    14.9859   3.916037    31.6025        893     3.7167  0.000e+00
     17.378    15.0214   3.922660    31.6332        894     3.7208  0.000e+00
     17.340    15.0736   3.932039    31.6752        895     3.7250  0.000e+00
     17.304    15.1467   3.941952    31.7050        896     3.7292  0.000e+00
     17.266    15.2396   3.950522    31.7065        897     3.7333  0.000e+00
     17.212    15.3401   3.952253    31.6410        898     3.7375  0.000e+00
     17.160    15.4175   3.952856    31.5841        899     3.7417  0.000e+00
     17.103    15.4693   3.953350    31.5470        900     3.7458  0.000e+00
     17.042    15.5030   3.952951    31.5164        901     3.7500  0.000e+00
     16.990    15.5228   3.953748    31.5077        902     3.7542  0.000e+00
     16.928    15.5364   3.953838    31.4977        903     3.7583  0.000e+00
     16.870    15.5465   3.953862    31.4899        904     3.7625  0.000e+00
     16.818    15.5525   3.954097    31.4871        905     3.7667  0.000e+00
     16.776    15.5573   3.954659    31.4883        906     3.7708  0.000e+00
     16.740    15.5624   3.954912    31.4865        907     3.7750  0.000e+00
     16.711    15.5670   3.955172    31.4851        908     3.7792  0.000e+00
     16.696    15.5715   3.955595    31.4853        909     3.7833  0.000e+00
     16.684    15.5763   3.955993    31.4850        910     3.7875  0.000e+00
     16.677    15.5809   3.956295    31.4840        911     3.7917  0.000e+00
     16.678    15.5857   3.956416    31.4813        912     3.7958  0.000e+00
     16.684    15.5888   3.956180    31.4767        913     3.8000  0.000e+00
     16.686    15.5900   3.956458    31.4782        914     3.8042  0.000e+00
     16.693    15.5909   3.956573    31.4785        915     3.8083  0.000e+00
     16.700    15.5931   3.956880    31.4794        916     3.8125  0.000e+00
     16.707    15.5953   3.956530    31.4746        917     3.8167  0.000e+00
     16.714    15.5955   3.956391    31.4732        918     3.8208  0.000e+00
     16.716    15.5947   3.956440    31.4742        919     3.8250  0.000e+00
     16.716    15.5941   3.956554    31.4758        920     3.8292  0.000e+00
     16.711    15.5943   3.957164    31.4810        921     3.8333  0.000e+00
     16.705    15.5966   3.957164    31.4792        922     3.8375  0.000e+00
     16.691    15.5989   3.957140    31.4771        923     3.8417  0.000e+00
     16.669    15.6001   3.957563    31.4799        924     3.8458  0.000e+00
     16.646    15.6025   3.958946    31.4903        925     3.8500  0.000e+00
     16.620    15.6092   3.959320    31.4882        926     3.8542  0.000e+00
     16.590    15.6166   3.958638    31.4763        927     3.8583  0.000e+00
     16.551    15.6190   3.958897    31.4767        928     3.8625  0.000e+00
     16.515    15.6202   3.959622    31.4822        929     3.8667  0.000e+00
     16.470    15.6241   3.960842    31.4899        930     3.8708  0.000e+00
     16.430    15.6326   3.961380    31.4879        931     3.8750  0.000e+00
     16.383    15.6408   3.961990    31.4868        932     3.8792  0.000e+00
     16.344    15.6489   3.964056    31.4986        933     3.8833  0.000e+00
     16.296    15.6626   3.970120    31.5414        934     3.8875  0.000e+00
     16.257    15.6976   3.989350    31.6836        935     3.8917  0.000e+00
     16.217    15.7956   4.002567    31.7219        936     3.8958  0.000e+00
     16.186    15.9278   4.008057    31.6645        937     3.9000  0.000e+00
     16.152    16.0439   4.013630    31.6209        938     3.9042  0.000e+00
     16.119    16.1411   4.016819    31.5716        939     3.9083  0.000e+00
     16.096    16.2181   4.019522    31.5343        940     3.9125  0.000e+00
     16.069    16.2778   4.021235    31.5020        941     3.9167  0.000e+00
     16.056    16.3232   4.022451    31.4767        942     3.9208  0.000e+00
     16.036    16.3571   4.023478    31.4590        943     3.9250  0.000e+00
     16.016    16.3827   4.024219    31.4453        944     3.9292  0.000e+00
     16.003    16.4022   4.024626    31.4335        945     3.9333  0.000e+00
     15.989    16.4159   4.025179    31.4275        946     3.9375  0.000e+00
     15.976    16.4267   4.025629    31.4230        947     3.9417  0.000e+00
     15.965    16.4357   4.025873    31.4179        948     3.9458  0.000e+00
     15.951    16.4426   4.026231    31.4157        949     3.9500  0.000e+00
     15.942    16.4482   4.026274    31.4117        950     3.9542  0.000e+00
     15.929    16.4519   4.026566    31.4113        951     3.9583  0.000e+00
     15.927    16.4551   4.027113    31.4135        952     3.9625  0.000e+00
     15.922    16.4595   4.027758    31.4157        953     3.9667  0.000e+00
     15.920    16.4652   4.028202    31.4150        954     3.9708  0.000e+00
     15.909    16.4709   4.028767    31.4155        955     3.9750  0.000e+00
     15.898    16.4767   4.029510    31.4174        956     3.9792  0.000e+00
     15.888    16.4836   4.030276    31.4186        957     3.9833  0.000e+00
     15.877    16.4913   4.031158    31.4202        958     3.9875  0.000e+00
     15.866    16.5000   4.031566    31.4169        959     3.9917  0.000e+00
     15.846    16.5077   4.031687    31.4120        960     3.9958  0.000e+00
     15.824    16.5134   4.031949    31.4098        961     4.0000  0.000e+00
     15.804    16.5178   4.032405    31.4103        962     4.0042  0.000e+00
     15.784    16.5226   4.035199    31.4307        963     4.0083  0.000e+00
     15.750    16.5357   4.038663    31.4506        964     4.0125  0.000e+00
     15.719    16.5596   4.040685    31.4493        965     4.0167  0.000e+00
     15.685    16.5861   4.041812    31.4383        966     4.0208  0.000e+00
     15.647    16.6082   4.043901    31.4391        967     4.0250  0.000e+00
     15.598    16.6311   4.049465    31.4693        968     4.0292  0.000e+00
     15.549    16.6669   4.057784    31.5133        969     4.0333  0.000e+00
     15.493    16.7250   4.063893    31.5205        970     4.0375  0.000e+00
     15.448    16.7916   4.068741    31.5101        971     4.0417  0.000e+00
     15.403    16.8551   4.073566    31.5019        972     4.0458  0.000e+00
     15.354    16.9170   4.079067    31.5009        973     4.0500  0.000e+00
     15.318    16.9812   4.083966    31.4929        974     4.0542  0.000e+00
     15.280    17.0448   4.087202    31.4710        975     4.0583  0.000e+00
     15.251    17.1001   4.089257    31.4455        976     4.0625  0.000e+00
     15.231    17.1447   4.090199    31.4189        977     4.0667  0.000e+00
     15.213    17.1773   4.090634    31.3972        978     4.0708  0.000e+00
     15.213    17.1991   4.090707    31.3809        979     4.0750  0.000e+00
     15.216    17.2133   4.090780    31.3705        980     4.0792  0.000e+00
     15.233    17.2220   4.090492    31.3613        981     4.0833  0.000e+00
     15.249    17.2266   4.090247    31.3557        982     4.0875  0.000e+00
     15.281    17.2280   4.089953    31.3520        983     4.0917  0.000e+00
     15.299    17.2275   4.089047    31.3447        984     4.0958  0.000e+00
     15.323    17.2236   4.087879    31.3377        985     4.1000  0.000e+00
     15.352    17.2161   4.086410    31.3310        986     4.1042  0.000e+00
     15.370    17.2051   4.084789    31.3256        987     4.1083  0.000e+00
     15.370    17.1913   4.083057    31.3215        988     4.1125  0.000e+00
     15.372    17.1749   4.083211    31.3355        989     4.1167  0.000e+00
     15.359    17.1639   4.085058    31.3599        990     4.1208  0.000e+00
     15.341    17.1638   4.087396    31.3800        991     4.1250  0.000e+00
     15.310    17.1736   4.089256    31.3883        992     4.1292  0.000e+00
     15.272    17.1885   4.090878    31.3906        993     4.1333  0.000e+00
     15.223    17.2050   4.092109    31.3883        994     4.1375  0.000e+00
     15.162    17.2208   4.095029    31.4011        995     4.1417  0.000e+00
     15.097    17.2443   4.109003    31.5023        996     4.1458  0.000e+00
     15.033    17.3072   4.119716    31.5448        997     4.1500  0.000e+00
     14.957    17.4024   4.132592    31.5805        998     4.1542  0.000e+00
     14.889    17.5133   4.135874    31.5222        999     4.1583  0.000e+00
     14.818    17.6075   4.136968    31.4586       1000     4.1625  0.000e+00
     14.760    17.6726   4.138455    31.4209       1001     4.1667  0.000e+00
     14.697    17.7184   4.140177    31.4001       1002     4.1708  0.000e+00
     14.659    17.7533   4.140804    31.3786       1003     4.1750  0.000e+00
     14.632    17.7787   4.140970    31.3604       1004     4.1792  0.000e+00
     14.612    17.7952   4.141179    31.3495       1005     4.1833  0.000e+00
     14.608    17.8064   4.141314    31.3421       1006     4.1875  0.000e+00
     14.612    17.8134   4.141369    31.3371       1007     4.1917  0.000e+00
     14.630    17.8184   4.141437    31.3338       1008     4.1958  0.000e+00
     14.639    17.8212   4.141369    31.3312       1009     4.2000  0.000e+00
     14.661    17.8229   4.141339    31.3296       1010     4.2042  0.000e+00
     14.682    17.8239   4.141320    31.3286       1011     4.2083  0.000e+00
     14.706    17.8240   4.140797    31.3241       1012     4.2125  0.000e+00
     14.717    17.8221   4.140988    31.3272       1013     4.2167  0.000e+00
     14.735    17.8210   4.141166    31.3295       1014     4.2208  0.000e+00
     14.740    17.8212   4.140945    31.3275       1015     4.2250  0.000e+00
     14.747    17.8209   4.140674    31.3254       1016     4.2292  0.000e+00
     14.747    17.8197   4.141086    31.3298       1017     4.2333  0.000e+00
     14.738    17.8195   4.141437    31.3329       1018     4.2375  0.000e+00
     14.731    17.8210   4.141560    31.3329       1019     4.2417  0.000e+00
     14.709    17.8225   4.141616    31.3322       1020     4.2458  0.000e+00
     14.679    17.8238   4.142292    31.3369       1021     4.2500  0.000e+00
     14.648    17.8266   4.142754    31.3387       1022     4.2542  0.000e+00
     14.601    17.8305   4.142865    31.3366       1023     4.2583  0.000e+00
     14.554    17.8336   4.142926    31.3348       1024     4.2625  0.000e+00
     14.503    17.8359   4.142981    31.3335       1025     4.2667  0.000e+00
     14.454    17.8375   4.143024    31.3326       1026     4.2708  0.000e+00
     14.402    17.8385   4.143147    31.3329       1027     4.2750  0.000e+00
     14.351    17.8398   4.144163    31.3405       1028     4.2792  0.000e+00
     14.311    17.8440   4.144908    31.3436       1029     4.2833  0.000e+00
     14.272    17.8504   4.145289    31.3419       1030     4.2875  0.000e+00
     14.232    17.8564   4.146071    31.3439       1031     4.2917  0.000e+00
     14.201    17.8635   4.147493    31.3505       1032     4.2958  0.000e+00
     14.174    17.8734   4.148847    31.3543       1033     4.3000  0.000e+00
     14.156    17.8853   4.149728    31.3526       1034     4.3042  0.000e+00
     14.145    17.8978   4.150189    31.3468       1035     4.3083  0.000e+00
