HB2406/sbe021.cnv
* Sea-Bird SBE 19plus V2 Data File:
* FileName = C:\cruise\data\sbe021.hex
* Software Version Seasave V 7.26.7.121
* Temperature SN = 7037
* Conductivity SN = 7037
* System UpLoad Time = Aug 14 2024 06:08:20
* NMEA Latitude = 40 58.62 N
* NMEA Longitude = 068 00.33 W
* NMEA UTC (Time) = Aug 14 2024  06:07:11
** Ship: Henry Bigelow
** Cruise:  HB2406
** Program:  ECOMON
# nquan = 7
# nvalues = 1336                                  
# units = specified
# name 0 = depSM: Depth [salt water, m]
# name 1 = tv290C: Temperature [ITS-90, deg C]
# name 2 = c0S/m: Conductivity [S/m]
# name 3 = sal00: Salinity, Practical [PSU]
# name 4 = scan: Scan Count
# name 5 = timeM: Time, Elapsed [minutes]
# name 6 = flag:  0.000e+00
# span 0 =     -0.024,     48.129                 
# span 1 =    13.2485,    17.5864                 
# span 2 =  -0.000033,   4.153349                 
# span 3 =     0.0000,    31.8967                 
# span 4 =         11,       1346                 
# span 5 =     0.0417,     5.6042                 
# span 6 = 0.0000e+00, 0.0000e+00                 
# interval = seconds: 0.25
# start_time = Aug 14 2024 06:07:11 [NMEA time, header]
# bad_flag = -9.990e-29
*END*
[from data line 411]
     48.129    13.2525   3.790442    31.8653        422     1.7542  0.000e+00
     48.128    13.2523   3.790294    31.8641        423     1.7583  0.000e+00
     48.122    13.2518   3.790264    31.8642        424     1.7625  0.000e+00
     48.111    13.2513   3.790175    31.8638        425     1.7667  0.000e+00
     48.099    13.2505   3.790104    31.8638        426     1.7708  0.000e+00
     48.077    13.2499   3.790175    31.8650        427     1.7750  0.000e+00
     48.057    13.2495   3.790128    31.8649        428     1.7792  0.000e+00
     48.025    13.2493   3.790062    31.8644        429     1.7833  0.000e+00
     47.994    13.2492   3.790062    31.8646        430     1.7875  0.000e+00
     47.958    13.2488   3.790039    31.8647        431     1.7917  0.000e+00
     47.914    13.2485   3.790193    31.8664        432     1.7958  0.000e+00
     47.876    13.2490   3.790620    31.8700        433     1.8000  0.000e+00
     47.833    13.2510   3.790875    31.8707        434     1.8042  0.000e+00
     47.782    13.2538   3.784326    31.8071        435     1.8083  0.000e+00
     47.739    13.2557   3.790549    31.8638        436     1.8125  0.000e+00
     47.681    13.2558   3.790531    31.8636        437     1.8167  0.000e+00
     47.627    13.2553   3.790329    31.8621        438     1.8208  0.000e+00
     47.569    13.2545   3.790359    31.8630        439     1.8250  0.000e+00
     47.502    13.2536   3.790282    31.8631        440     1.8292  0.000e+00
     47.431    13.2530   3.790246    31.8633        441     1.8333  0.000e+00
     47.363    13.2524   3.790193    31.8633        442     1.8375  0.000e+00
     47.294    13.2519   3.790193    31.8638        443     1.8417  0.000e+00
     47.225    13.2515   3.790175    31.8640        444     1.8458  0.000e+00
     47.151    13.2514   3.790175    31.8641        445     1.8500  0.000e+00
     47.084    13.2511   3.790151    31.8642        446     1.8542  0.000e+00
     47.017    13.2509   3.790127    31.8641        447     1.8583  0.000e+00
     46.959    13.2508   3.790127    31.8642        448     1.8625  0.000e+00
     46.903    13.2508   3.790175    31.8647        449     1.8667  0.000e+00
     46.849    13.2508   3.790151    31.8645        450     1.8708  0.000e+00
     46.797    13.2508   3.790151    31.8645        451     1.8750  0.000e+00
     46.755    13.2508   3.790198    31.8650        452     1.8792  0.000e+00
     46.708    13.2510   3.790353    31.8663        453     1.8833  0.000e+00
     46.668    13.2520   3.790240    31.8644        454     1.8875  0.000e+00
     46.628    13.2523   3.790246    31.8643        455     1.8917  0.000e+00
     46.589    13.2523   3.790394    31.8656        456     1.8958  0.000e+00
     46.551    13.2531   3.790430    31.8653        457     1.9000  0.000e+00
     46.509    13.2536   3.790353    31.8641        458     1.9042  0.000e+00
     46.466    13.2536   3.790353    31.8642        459     1.9083  0.000e+00
     46.421    13.2536   3.790222    31.8630        460     1.9125  0.000e+00
     46.375    13.2534   3.790192    31.8629        461     1.9167  0.000e+00
     46.317    13.2529   3.790240    31.8638        462     1.9208  0.000e+00
     46.265    13.2528   3.790293    31.8644        463     1.9250  0.000e+00
     46.204    13.2530   3.790329    31.8646        464     1.9292  0.000e+00
     46.149    13.2534   3.790614    31.8669        465     1.9333  0.000e+00
     46.082    13.2545   3.790352    31.8636        466     1.9375  0.000e+00
     46.017    13.2549   3.790726    31.8668        467     1.9417  0.000e+00
     45.949    13.2558   3.791337    31.8717        468     1.9458  0.000e+00
     45.876    13.2593   3.791486    31.8702        469     1.9500  0.000e+00
     45.811    13.2629   3.791474    31.8672        470     1.9542  0.000e+00
     45.741    13.2651   3.791551    31.8661        471     1.9583  0.000e+00
     45.670    13.2668   3.791349    31.8628        472     1.9625  0.000e+00
     45.603    13.2673   3.791082    31.8599        473     1.9667  0.000e+00
     45.536    13.2661   3.791171    31.8617        474     1.9708  0.000e+00
     45.475    13.2656   3.791218    31.8626        475     1.9750  0.000e+00
     45.413    13.2656   3.791177    31.8623        476     1.9792  0.000e+00
     45.357    13.2655   3.791907    31.8692        477     1.9833  0.000e+00
     45.297    13.2679   3.792732    31.8750        478     1.9875  0.000e+00
     45.250    13.2737   3.793201    31.8745        479     1.9917  0.000e+00
     45.211    13.2800   3.793266    31.8698        480     1.9958  0.000e+00
     45.173    13.2846   3.793177    31.8652        481     2.0000  0.000e+00
     45.124    13.2872   3.793200    31.8632        482     2.0042  0.000e+00
     45.086    13.2887   3.793242    31.8624        483     2.0083  0.000e+00
     45.048    13.2899   3.793129    31.8603        484     2.0125  0.000e+00
     45.013    13.2900   3.793040    31.8594        485     2.0167  0.000e+00
     44.981    13.2901   3.793533    31.8640        486     2.0208  0.000e+00
     44.947    13.2915   3.793895    31.8662        487     2.0250  0.000e+00
     44.907    13.2943   3.794625    31.8707        488     2.0292  0.000e+00
     44.862    13.2992   3.794126    31.8620        489     2.0333  0.000e+00
     44.807    13.3017   3.794399    31.8625        490     2.0375  0.000e+00
     44.744    13.3031   3.794957    31.8665        491     2.0417  0.000e+00
     44.677    13.3066   3.796228    31.8755        492     2.0458  0.000e+00
     44.603    13.3137   3.797166    31.8784        493     2.0500  0.000e+00
     44.516    13.3234   3.797451    31.8729        494     2.0542  0.000e+00
     44.428    13.3312   3.796851    31.8608        495     2.0583  0.000e+00
     44.343    13.3349   3.797629    31.8650        496     2.0625  0.000e+00
     44.247    13.3391   3.798074    31.8657        497     2.0667  0.000e+00
     44.153    13.3439   3.797854    31.8597        498     2.0708  0.000e+00
     44.060    13.3466   3.795337    31.8339        499     2.0750  0.000e+00
     43.970    13.3388   3.793223    31.8207        500     2.0792  0.000e+00
     43.885    13.3233   3.793977    31.8408        501     2.0833  0.000e+00
     43.800    13.3137   3.793176    31.8413        502     2.0875  0.000e+00
     43.720    13.3061   3.792849    31.8447        503     2.0917  0.000e+00
     43.654    13.2993   3.793063    31.8525        504     2.0958  0.000e+00
     43.594    13.2951   3.793378    31.8589        505     2.1000  0.000e+00
     43.538    13.2946   3.794268    31.8677        506     2.1042  0.000e+00
     43.489    13.2973   3.794624    31.8687        507     2.1083  0.000e+00
     43.447    13.3019   3.794690    31.8655        508     2.1125  0.000e+00
     43.411    13.3055   3.795135    31.8666        509     2.1167  0.000e+00
     43.386    13.3093   3.795824    31.8699        510     2.1208  0.000e+00
     43.361    13.3145   3.795853    31.8659        511     2.1250  0.000e+00
     43.342    13.3190   3.796162    31.8650        512     2.1292  0.000e+00
     43.328    13.3228   3.796073    31.8610        513     2.1333  0.000e+00
     43.319    13.3252   3.796292    31.8610        514     2.1375  0.000e+00
     43.310    13.3273   3.796560    31.8618        515     2.1417  0.000e+00
     43.303    13.3300   3.797385    31.8673        516     2.1458  0.000e+00
     43.288    13.3344   3.798347    31.8726        517     2.1500  0.000e+00
     43.274    13.3424   3.800372    31.8848        518     2.1542  0.000e+00
     43.256    13.3557   3.799000    31.8609        519     2.1583  0.000e+00
     43.218    13.3613   3.797628    31.8434        520     2.1625  0.000e+00
     43.183    13.3581   3.798590    31.8551        521     2.1667  0.000e+00
     43.135    13.3576   3.797503    31.8454        522     2.1708  0.000e+00
     43.071    13.3542   3.795870    31.8330        523     2.1750  0.000e+00
     42.994    13.3450   3.795449    31.8368        524     2.1792  0.000e+00
     42.905    13.3364   3.796969    31.8582        525     2.1833  0.000e+00
     42.809    13.3350   3.799458    31.8827        526     2.1875  0.000e+00
     42.708    13.3464   3.801982    31.8967        527     2.1917  0.000e+00
     42.601    13.3659   3.801893    31.8796        528     2.1958  0.000e+00
     42.487    13.3802   3.802404    31.8725        529     2.2000  0.000e+00
     42.373    13.3909   3.803390    31.8728        530     2.2042  0.000e+00
     42.257    13.4017   3.803081    31.8609        531     2.2083  0.000e+00
     42.140    13.4086   3.802516    31.8499        532     2.2125  0.000e+00
     42.033    13.4100   3.802581    31.8494        533     2.2167  0.000e+00
     41.928    13.4105   3.802658    31.8498        534     2.2208  0.000e+00
     41.840    13.4110   3.803051    31.8530        535     2.2250  0.000e+00
     41.757    13.4130   3.803455    31.8552        536     2.2292  0.000e+00
     41.691    13.4162   3.804126    31.8588        537     2.2333  0.000e+00
     41.626    13.4210   3.803657    31.8504        538     2.2375  0.000e+00
     41.570    13.4234   3.803876    31.8505        539     2.2417  0.000e+00
     41.529    13.4249   3.804102    31.8514        540     2.2458  0.000e+00
     41.491    13.4267   3.803989    31.8488        541     2.2500  0.000e+00
     41.456    13.4278   3.804203    31.8499        542     2.2542  0.000e+00
     41.427    13.4288   3.804435    31.8512        543     2.2583  0.000e+00
     41.409    13.4309   3.804369    31.8489        544     2.2625  0.000e+00
     41.393    13.4322   3.804572    31.8497        545     2.2667  0.000e+00
     41.375    13.4337   3.804791    31.8505        546     2.2708  0.000e+00
     41.355    13.4357   3.805017    31.8509        547     2.2750  0.000e+00
     41.337    13.4379   3.805273    31.8514        548     2.2792  0.000e+00
     41.315    13.4404   3.805487    31.8514        549     2.2833  0.000e+00
     41.292    13.4430   3.805528    31.8496        550     2.2875  0.000e+00
     41.263    13.4451   3.805463    31.8472        551     2.2917  0.000e+00
     41.232    13.4462   3.805332    31.8451        552     2.2958  0.000e+00
     41.187    13.4462   3.805712    31.8487        553     2.3000  0.000e+00
     41.149    13.4473   3.805718    31.8478        554     2.3042  0.000e+00
     41.096    13.4488   3.806087    31.8500        555     2.3083  0.000e+00
     41.048    13.4510   3.806021    31.8476        556     2.3125  0.000e+00
     40.990    13.4526   3.805837    31.8446        557     2.3167  0.000e+00
     40.932    13.4528   3.806182    31.8476        558     2.3208  0.000e+00
     40.868    13.4538   3.806289    31.8478        559     2.3250  0.000e+00
     40.800    13.4554   3.806188    31.8456        560     2.3292  0.000e+00
     40.733    13.4563   3.806538    31.8481        561     2.3333  0.000e+00
     40.662    13.4576   3.806830    31.8498        562     2.3375  0.000e+00
     40.588    13.4598   3.804690    31.8281        563     2.3417  0.000e+00
     40.516    13.4556   3.804280    31.8277        564     2.3458  0.000e+00
     40.444    13.4469   3.804702    31.8390        565     2.3500  0.000e+00
     40.373    13.4429   3.804898    31.8442        566     2.3542  0.000e+00
     40.301    13.4413   3.803989    31.8371        567     2.3583  0.000e+00
     40.228    13.4380   3.803989    31.8398        568     2.3625  0.000e+00
     40.158    13.4348   3.804220    31.8447        569     2.3667  0.000e+00
     40.096    13.4334   3.803585    31.8400        570     2.3708  0.000e+00
     40.035    13.4310   3.803745    31.8435        571     2.3750  0.000e+00
     39.970    13.4291   3.805463    31.8611        572     2.3792  0.000e+00
     39.908    13.4339   3.807275    31.8740        573     2.3833  0.000e+00
     39.847    13.4462   3.807186    31.8630        574     2.3875  0.000e+00
     39.785    13.4556   3.807305    31.8562        575     2.3917  0.000e+00
     39.735    13.4617   3.807679    31.8547        576     2.3958  0.000e+00
     39.664    13.4673   3.810854    31.8796        577     2.4000  0.000e+00
     39.612    13.4816   3.812270    31.8808        578     2.4042  0.000e+00
     39.548    13.5004   3.812442    31.8668        579     2.4083  0.000e+00
     39.489    13.5143   3.812353    31.8544        580     2.4125  0.000e+00
     39.422    13.5228   3.812382    31.8475        581     2.4167  0.000e+00
     39.362    13.5278   3.811770    31.8378        582     2.4208  0.000e+00
     39.292    13.5289   3.811234    31.8319        583     2.4250  0.000e+00
     39.226    13.5263   3.811121    31.8330        584     2.4292  0.000e+00
     39.161    13.5241   3.811371    31.8372        585     2.4333  0.000e+00
     39.104    13.5233   3.811567    31.8397        586     2.4375  0.000e+00
     39.038    13.5239   3.812317    31.8462        587     2.4417  0.000e+00
     38.977    13.5270   3.812733    31.8475        588     2.4458  0.000e+00
     38.924    13.5318   3.812822    31.8443        589     2.4500  0.000e+00
     38.876    13.5355   3.812899    31.8420        590     2.4542  0.000e+00
     38.829    13.5379   3.812084    31.8324        591     2.4583  0.000e+00
     38.780    13.5368   3.811656    31.8294        592     2.4625  0.000e+00
     38.740    13.5334   3.812055    31.8359        593     2.4667  0.000e+00
     38.699    13.5323   3.812376    31.8399        594     2.4708  0.000e+00
     38.657    13.5344   3.813405    31.8477        595     2.4750  0.000e+00
     38.619    13.5391   3.813274    31.8426        596     2.4792  0.000e+00
     38.581    13.5424   3.812132    31.8293        597     2.4833  0.000e+00
     38.538    13.5398   3.812132    31.8314        598     2.4875  0.000e+00
     38.498    13.5369   3.812126    31.8338        599     2.4917  0.000e+00
     38.451    13.5351   3.811840    31.8326        600     2.4958  0.000e+00
     38.404    13.5333   3.811478    31.8308        601     2.5000  0.000e+00
     38.357    13.5300   3.811918    31.8377        602     2.5042  0.000e+00
     38.310    13.5295   3.812602    31.8445        603     2.5083  0.000e+00
     38.255    13.5323   3.814142    31.8565        604     2.5125  0.000e+00
     38.208    13.5405   3.813434    31.8431        605     2.5167  0.000e+00
     38.154    13.5449   3.813696    31.8418        606     2.5208  0.000e+00
     38.105    13.5478   3.815112    31.8526        607     2.5250  0.000e+00
     38.051    13.5546   3.815397    31.8496        608     2.5292  0.000e+00
     37.993    13.5619   3.815826    31.8476        609     2.5333  0.000e+00
     37.939    13.5682   3.815980    31.8437        610     2.5375  0.000e+00
     37.885    13.5733   3.816028    31.8400        611     2.5417  0.000e+00
     37.823    13.5764   3.814564    31.8238        612     2.5458  0.000e+00
     37.754    13.5764   3.814570    31.8239        613     2.5500  0.000e+00
     37.684    13.5723   3.814053    31.8225        614     2.5542  0.000e+00
     37.608    13.5671   3.814606    31.8320        615     2.5583  0.000e+00
     37.530    13.5651   3.814951    31.8369        616     2.5625  0.000e+00
     37.447    13.5660   3.815040    31.8370        617     2.5667  0.000e+00
     37.364    13.5673   3.815849    31.8435        618     2.5708  0.000e+00
     37.279    13.5710   3.816254    31.8443        619     2.5750  0.000e+00
     37.196    13.5762   3.817373    31.8503        620     2.5792  0.000e+00
     37.112    13.5835   3.818081    31.8508        621     2.5833  0.000e+00
     37.037    13.5923   3.817598    31.8391        622     2.5875  0.000e+00
     36.962    13.5969   3.817753    31.8367        623     2.5917  0.000e+00
     36.888    13.5998   3.818699    31.8431        624     2.5958  0.000e+00
     36.816    13.6046   3.819533    31.8469        625     2.6000  0.000e+00
