HB2406/sbe061.cnv
* Sea-Bird SBE 19plus V2 Data File:
* FileName = C:\cruise\data\sbe061.hex
* Software Version Seasave V 7.26.7.121
* Temperature SN = 7037
* Conductivity SN = 7037
* System UpLoad Time = Aug 17 2024 15:37:35
* NMEA Latitude = 42 46.27 N
* NMEA Longitude = 066 55.48 W
* NMEA UTC (Time) = Aug 17 2024  15:36:28
** Ship: Henry Bigelow
** Cruise:  HB2406
** Program:  ECOMON
# nquan = 7
# nvalues = 4164                                  
# units = specified
# name 0 = depSM: Depth [salt water, m]
# name 1 = tv290C: Temperature [ITS-90, deg C]
# name 2 = c0S/m: Conductivity [S/m]
# name 3 = sal00: Salinity, Practical [PSU]
# name 4 = scan: Scan Count
# name 5 = timeM: Time, Elapsed [minutes]
# name 6 = flag:  0.000e+00
# span 0 =      0.021,    180.557                 
# span 1 =     7.1345,    19.0096                 
# span 2 =  -0.000028,   4.292301                 
# span 3 =     0.0000,    34.8485                 
# span 4 =         11,       4174                 
# span 5 =     0.0417,    17.3875                 
# span 6 = 0.0000e+00, 0.0000e+00                 
# interval = seconds: 0.25
# start_time = Aug 17 2024 15:36:28 [NMEA time, header]
# bad_flag = -9.990e-29
*END*
[from data line 3283]
     50.098     8.1323   3.439785    32.9085       3294    13.7208  0.000e+00
     50.046     8.1314   3.439671    32.9082       3295    13.7250  0.000e+00
     50.006     8.1303   3.439808    32.9107       3296    13.7292  0.000e+00
     49.970     8.1300   3.439642    32.9093       3297    13.7333  0.000e+00
     49.923     8.1296   3.439300    32.9060       3298    13.7375  0.000e+00
     49.887     8.1285   3.438872    32.9025       3299    13.7417  0.000e+00
     49.845     8.1264   3.439146    32.9074       3300    13.7458  0.000e+00
     49.800     8.1251   3.439060    32.9077       3301    13.7500  0.000e+00
     49.753     8.1245   3.439123    32.9090       3302    13.7542  0.000e+00
     49.707     8.1244   3.439226    32.9102       3303    13.7583  0.000e+00
     49.657     8.1246   3.439186    32.9096       3304    13.7625  0.000e+00
     49.603     8.1247   3.438826    32.9057       3305    13.7667  0.000e+00
     49.539     8.1239   3.438809    32.9063       3306    13.7708  0.000e+00
     49.465     8.1232   3.438957    32.9086       3307    13.7750  0.000e+00
     49.402     8.1230   3.438843    32.9076       3308    13.7792  0.000e+00
     49.326     8.1230   3.438541    32.9044       3309    13.7833  0.000e+00
     49.250     8.1221   3.438272    32.9025       3310    13.7875  0.000e+00
     49.172     8.1207   3.438238    32.9034       3311    13.7917  0.000e+00
     49.101     8.1198   3.438272    32.9047       3312    13.7958  0.000e+00
     49.031     8.1195   3.438193    32.9041       3313    13.8000  0.000e+00
     48.962     8.1195   3.438084    32.9030       3314    13.8042  0.000e+00
     48.890     8.1195   3.438061    32.9028       3315    13.8083  0.000e+00
     48.828     8.1195   3.438044    32.9026       3316    13.8125  0.000e+00
     48.767     8.1195   3.437816    32.9002       3317    13.8167  0.000e+00
     48.720     8.1203   3.437719    32.8985       3318    13.8208  0.000e+00
     48.665     8.1210   3.437405    32.8945       3319    13.8250  0.000e+00
     48.618     8.1211   3.437194    32.8922       3320    13.8292  0.000e+00
     48.575     8.1210   3.437045    32.8907       3321    13.8333  0.000e+00
     48.537     8.1208   3.436948    32.8899       3322    13.8375  0.000e+00
     48.494     8.1206   3.436948    32.8901       3323    13.8417  0.000e+00
     48.456     8.1211   3.437000    32.8902       3324    13.8458  0.000e+00
     48.423     8.1219   3.437011    32.8896       3325    13.8500  0.000e+00
     48.389     8.1229   3.437131    32.8900       3326    13.8542  0.000e+00
     48.349     8.1243   3.437256    32.8900       3327    13.8583  0.000e+00
     48.307     8.1265   3.437302    32.8885       3328    13.8625  0.000e+00
     48.267     8.1283   3.437382    32.8876       3329    13.8667  0.000e+00
     48.224     8.1300   3.437713    32.8895       3330    13.8708  0.000e+00
     48.175     8.1335   3.437890    32.8882       3331    13.8750  0.000e+00
     48.125     8.1371   3.437815    32.8840       3332    13.8792  0.000e+00
     48.069     8.1394   3.438026    32.8842       3333    13.8833  0.000e+00
     48.013     8.1416   3.438346    32.8855       3334    13.8875  0.000e+00
     47.956     8.1441   3.438666    32.8866       3335    13.8917  0.000e+00
     47.899     8.1477   3.439059    32.8875       3336    13.8958  0.000e+00
     47.837     8.1521   3.439162    32.8844       3337    13.9000  0.000e+00
     47.779     8.1561   3.439493    32.8842       3338    13.9042  0.000e+00
     47.719     8.1600   3.439641    32.8821       3339    13.9083  0.000e+00
     47.663     8.1639   3.439767    32.8799       3340    13.9125  0.000e+00
     47.595     8.1672   3.439841    32.8776       3341    13.9167  0.000e+00
     47.540     8.1701   3.439869    32.8751       3342    13.9208  0.000e+00
     47.474     8.1724   3.439909    32.8734       3343    13.9250  0.000e+00
     47.416     8.1740   3.439886    32.8718       3344    13.9292  0.000e+00
     47.352     8.1754   3.440012    32.8719       3345    13.9333  0.000e+00
     47.294     8.1765   3.439886    32.8695       3346    13.9375  0.000e+00
     47.228     8.1772   3.439886    32.8689       3347    13.9417  0.000e+00
     47.168     8.1778   3.439801    32.8674       3348    13.9458  0.000e+00
     47.104     8.1780   3.439475    32.8638       3349    13.9500  0.000e+00
     47.039     8.1774   3.439224    32.8617       3350    13.9542  0.000e+00
     46.972     8.1763   3.439298    32.8636       3351    13.9583  0.000e+00
     46.907     8.1756   3.439081    32.8620       3352    13.9625  0.000e+00
     46.833     8.1748   3.438539    32.8570       3353    13.9667  0.000e+00
     46.763     8.1731   3.437409    32.8467       3354    13.9708  0.000e+00
     46.687     8.1690   3.436987    32.8461       3355    13.9750  0.000e+00
     46.622     8.1647   3.437404    32.8545       3356    13.9792  0.000e+00
     46.546     8.1624   3.437358    32.8562       3357    13.9833  0.000e+00
     46.475     8.1614   3.436953    32.8528       3358    13.9875  0.000e+00
     46.404     8.1597   3.435726    32.8415       3359    13.9917  0.000e+00
     46.329     8.1556   3.435373    32.8416       3360    13.9958  0.000e+00
     46.258     8.1511   3.435070    32.8427       3361    14.0000  0.000e+00
     46.187     8.1473   3.434397    32.8391       3362    14.0042  0.000e+00
     46.113     8.1433   3.433450    32.8328       3363    14.0083  0.000e+00
     46.037     8.1377   3.429111    32.7920       3364    14.0125  0.000e+00
     45.969     8.1239   3.427207    32.7848       3365    14.0167  0.000e+00
     45.896     8.1064   3.426734    32.7961       3366    14.0208  0.000e+00
     45.826     8.0930   3.426712    32.8084       3367    14.0250  0.000e+00
     45.757     8.0842   3.425105    32.7996       3368    14.0292  0.000e+00
     45.688     8.0753   3.423105    32.7867       3369    14.0333  0.000e+00
     45.621     8.0638   3.420838    32.7734       3370    14.0375  0.000e+00
     45.556     8.0492   3.418099    32.7580       3371    14.0417  0.000e+00
     45.493     8.0322   3.417257    32.7649       3372    14.0458  0.000e+00
     45.430     8.0176   3.416915    32.7750       3373    14.0500  0.000e+00
     45.361     8.0066   3.416801    32.7841       3374    14.0542  0.000e+00
     45.299     7.9994   3.415612    32.7782       3375    14.0583  0.000e+00
     45.243     7.9926   3.414912    32.7772       3376    14.0625  0.000e+00
     45.191     7.9855   3.413188    32.7655       3377    14.0667  0.000e+00
     45.129     7.9764   3.412135    32.7628       3378    14.0708  0.000e+00
     45.079     7.9666   3.411686    32.7673       3379    14.0750  0.000e+00
     45.021     7.9581   3.411071    32.7687       3380    14.0792  0.000e+00
     44.976     7.9514   3.411145    32.7758       3381    14.0833  0.000e+00
     44.930     7.9469   3.410599    32.7741       3382    14.0875  0.000e+00
     44.883     7.9427   3.410929    32.7817       3383    14.0917  0.000e+00
     44.840     7.9403   3.410588    32.7803       3384    14.0958  0.000e+00
     44.802     7.9384   3.410804    32.7844       3385    14.1000  0.000e+00
     44.764     7.9375   3.409814    32.7746       3386    14.1042  0.000e+00
     44.728     7.9342   3.404816    32.7245       3387    14.1083  0.000e+00
     44.690     7.9197   3.405618    32.7467       3388    14.1125  0.000e+00
     44.659     7.9059   3.409018    32.7959       3389    14.1167  0.000e+00
     44.625     7.9082   3.403486    32.7346       3390    14.1208  0.000e+00
     44.588     7.9002   3.402685    32.7337       3391    14.1250  0.000e+00
     44.554     7.8851   3.400929    32.7290       3392    14.1292  0.000e+00
     44.520     7.8725   3.395374    32.6815       3393    14.1333  0.000e+00
     44.485     7.8486   3.393909    32.6882       3394    14.1375  0.000e+00
     44.453     7.8250   3.396107    32.7339       3395    14.1417  0.000e+00
     44.422     7.8143   3.395749    32.7401       3396    14.1458  0.000e+00
     44.388     7.8096   3.394557    32.7318       3397    14.1500  0.000e+00
     44.351     7.8026   3.394188    32.7344       3398    14.1542  0.000e+00
     44.319     7.7967   3.392842    32.7256       3399    14.1583  0.000e+00
     44.283     7.7892   3.392354    32.7274       3400    14.1625  0.000e+00
     44.245     7.7823   3.392303    32.7333       3401    14.1667  0.000e+00
     44.209     7.7773   3.392167    32.7366       3402    14.1708  0.000e+00
     44.167     7.7740   3.392348    32.7417       3403    14.1750  0.000e+00
     44.125     7.7720   3.392536    32.7456       3404    14.1792  0.000e+00
     44.080     7.7714   3.392269    32.7433       3405    14.1833  0.000e+00
     44.028     7.7710   3.392581    32.7471       3406    14.1875  0.000e+00
     43.975     7.7710   3.392842    32.7499       3407    14.1917  0.000e+00
     43.914     7.7722   3.392496    32.7451       3408    14.1958  0.000e+00
     43.859     7.7723   3.392842    32.7487       3409    14.2000  0.000e+00
     43.796     7.7728   3.392882    32.7487       3410    14.2042  0.000e+00
     43.729     7.7735   3.391718    32.7356       3411    14.2083  0.000e+00
     43.650     7.7710   3.390169    32.7213       3412    14.2125  0.000e+00
     43.583     7.7644   3.389210    32.7173       3413    14.2167  0.000e+00
     43.503     7.7569   3.391514    32.7491       3414    14.2208  0.000e+00
     43.434     7.7563   3.391769    32.7525       3415    14.2250  0.000e+00
     43.360     7.7593   3.391559    32.7474       3416    14.2292  0.000e+00
     43.291     7.7611   3.392093    32.7515       3417    14.2333  0.000e+00
     43.223     7.7632   3.391945    32.7480       3418    14.2375  0.000e+00
     43.152     7.7648   3.391026    32.7366       3419    14.2417  0.000e+00
     43.089     7.7632   3.390958    32.7374       3420    14.2458  0.000e+00
     43.017     7.7609   3.390010    32.7294       3421    14.2500  0.000e+00
     42.953     7.7568   3.389124    32.7239       3422    14.2542  0.000e+00
     42.895     7.7522   3.388807    32.7248       3423    14.2583  0.000e+00
     42.837     7.7468   3.388035    32.7216       3424    14.2625  0.000e+00
     42.779     7.7410   3.387525    32.7216       3425    14.2667  0.000e+00
     42.718     7.7359   3.387502    32.7262       3426    14.2708  0.000e+00
     42.664     7.7321   3.387927    32.7343       3427    14.2750  0.000e+00
     42.604     7.7310   3.390192    32.7597       3428    14.2792  0.000e+00
     42.548     7.7363   3.390254    32.7554       3429    14.2833  0.000e+00
     42.483     7.7428   3.390066    32.7474       3430    14.2875  0.000e+00
     42.418     7.7459   3.390061    32.7444       3431    14.2917  0.000e+00
     42.356     7.7477   3.389170    32.7332       3432    14.2958  0.000e+00
     42.295     7.7466   3.389090    32.7334       3433    14.3000  0.000e+00
     42.233     7.7444   3.388614    32.7304       3434    14.3042  0.000e+00
     42.165     7.7421   3.388358    32.7298       3435    14.3083  0.000e+00
     42.094     7.7396   3.387990    32.7283       3436    14.3125  0.000e+00
     42.036     7.7367   3.388461    32.7360       3437    14.3167  0.000e+00
     41.960     7.7357   3.388568    32.7382       3438    14.3208  0.000e+00
     41.895     7.7359   3.388540    32.7377       3439    14.3250  0.000e+00
     41.824     7.7359   3.388336    32.7356       3440    14.3292  0.000e+00
     41.754     7.7355   3.387950    32.7318       3441    14.3333  0.000e+00
     41.687     7.7341   3.387337    32.7266       3442    14.3375  0.000e+00
     41.622     7.7314   3.387099    32.7266       3443    14.3417  0.000e+00
     41.560     7.7284   3.386180    32.7196       3444    14.3458  0.000e+00
     41.501     7.7239   3.383667    32.6970       3445    14.3500  0.000e+00
     41.439     7.7145   3.383860    32.7079       3446    14.3542  0.000e+00
     41.387     7.7060   3.381388    32.6894       3447    14.3583  0.000e+00
     41.336     7.6953   3.380935    32.6945       3448    14.3625  0.000e+00
     41.293     7.6843   3.379280    32.6871       3449    14.3667  0.000e+00
     41.255     7.6735   3.380204    32.7072       3450    14.3708  0.000e+00
     41.215     7.6676   3.381621    32.7280       3451    14.3750  0.000e+00
     41.188     7.6682   3.382795    32.7400       3452    14.3792  0.000e+00
     41.159     7.6731   3.382454    32.7318       3453    14.3833  0.000e+00
     41.133     7.6767   3.380895    32.7117       3454    14.3875  0.000e+00
     41.117     7.6747   3.381258    32.7175       3455    14.3917  0.000e+00
     41.090     7.6723   3.382602    32.7341       3456    14.3958  0.000e+00
     41.072     7.6750   3.383940    32.7460       3457    14.4000  0.000e+00
     41.045     7.6812   3.383877    32.7395       3458    14.4042  0.000e+00
     41.023     7.6861   3.384025    32.7365       3459    14.4083  0.000e+00
     40.994     7.6893   3.383985    32.7331       3460    14.4125  0.000e+00
     40.960     7.6915   3.384427    32.7358       3461    14.4167  0.000e+00
     40.933     7.6934   3.383310    32.7220       3462    14.4208  0.000e+00
     40.891     7.6926   3.381558    32.7040       3463    14.4250  0.000e+00
     40.857     7.6866   3.380935    32.7029       3464    14.4292  0.000e+00
     40.820     7.6795   3.378724    32.6859       3465    14.4333  0.000e+00
     40.773     7.6692   3.377664    32.6842       3466    14.4375  0.000e+00
     40.730     7.6574   3.376900    32.6871       3467    14.4417  0.000e+00
     40.685     7.6472   3.375982    32.6868       3468    14.4458  0.000e+00
     40.634     7.6379   3.377007    32.7066       3469    14.4500  0.000e+00
     40.584     7.6334   3.376163    32.7018       3470    14.4542  0.000e+00
     40.533     7.6298   3.375942    32.7029       3471    14.4583  0.000e+00
     40.477     7.6268   3.378214    32.7301       3472    14.4625  0.000e+00
     40.419     7.6301   3.379257    32.7383       3473    14.4667  0.000e+00
     40.357     7.6370   3.378617    32.7249       3474    14.4708  0.000e+00
     40.290     7.6410   3.378073    32.7154       3475    14.4750  0.000e+00
     40.211     7.6413   3.377410    32.7080       3476    14.4792  0.000e+00
     40.135     7.6393   3.376486    32.7000       3477    14.4833  0.000e+00
     40.044     7.6352   3.376537    32.7044       3478    14.4875  0.000e+00
     39.958     7.6313   3.371767    32.6568       3479    14.4917  0.000e+00
     39.864     7.6178   3.368835    32.6380       3480    14.4958  0.000e+00
     39.766     7.5966   3.366729    32.6353       3481    14.5000  0.000e+00
     39.663     7.5760   3.365043    32.6366       3482    14.5042  0.000e+00
     39.558     7.5570   3.365315    32.6574       3483    14.5083  0.000e+00
     39.455     7.5443   3.364517    32.6608       3484    14.5125  0.000e+00
     39.350     7.5347   3.363578    32.6598       3485    14.5167  0.000e+00
     39.241     7.5257   3.362780    32.6597       3486    14.5208  0.000e+00
     39.151     7.5177   3.363233    32.6722       3487    14.5250  0.000e+00
     39.053     7.5127   3.361576    32.6590       3488    14.5292  0.000e+00
     38.965     7.5063   3.360546    32.6540       3489    14.5333  0.000e+00
     38.883     7.4982   3.361660    32.6737       3490    14.5375  0.000e+00
     38.809     7.4948   3.359500    32.6537       3491    14.5417  0.000e+00
     38.742     7.4887   3.356781    32.6300       3492    14.5458  0.000e+00
     38.683     7.4764   3.354362    32.6155       3493    14.5500  0.000e+00
     38.638     7.4600   3.352520    32.6111       3494    14.5542  0.000e+00
     38.592     7.4434   3.353316    32.6354       3495    14.5583  0.000e+00
     38.543     7.4328   3.352034    32.6315       3496    14.5625  0.000e+00
     38.507     7.4251   3.352181    32.6404       3497    14.5667  0.000e+00
