HB2406/sbe026.cnv
* Sea-Bird SBE 19plus V2 Data File:
* FileName = C:\cruise\data\sbe026.hex
* Software Version Seasave V 7.26.7.121
* Temperature SN = 7037
* Conductivity SN = 7037
* System UpLoad Time = Aug 14 2024 15:17:16
* NMEA Latitude = 41 14.86 N
* NMEA Longitude = 067 01.35 W
* NMEA UTC (Time) = Aug 14 2024  15:16:07
** Ship: Henry Bigelow
** Cruise:  HB2406
** Program:  ECOMON
# nquan = 7
# nvalues = 1465                                  
# units = specified
# name 0 = depSM: Depth [salt water, m]
# name 1 = tv290C: Temperature [ITS-90, deg C]
# name 2 = c0S/m: Conductivity [S/m]
# name 3 = sal00: Salinity, Practical [PSU]
# name 4 = scan: Scan Count
# name 5 = timeM: Time, Elapsed [minutes]
# name 6 = flag:  0.000e+00
# span 0 =     -0.026,     62.006                 
# span 1 =    11.4994,    18.5850                 
# span 2 =  -0.000049,   4.252075                 
# span 3 =     0.0000,    34.0920                 
# span 4 =         11,       1475                 
# span 5 =     0.0417,     6.1417                 
# span 6 = 0.0000e+00, 0.0000e+00                 
# interval = seconds: 0.25
# start_time = Aug 14 2024 15:16:07 [NMEA time, header]
# bad_flag = -9.990e-29
*END*
[from data line 1231]
      7.391    17.9346   4.195720    31.7045       1242     5.1708  0.000e+00
      7.344    17.9436   4.199185    31.7268       1243     5.1750  0.000e+00
      7.295    17.9602   4.202261    31.7398       1244     5.1792  0.000e+00
      7.257    17.9844   4.203802    31.7340       1245     5.1833  0.000e+00
      7.217    18.0067   4.203944    31.7180       1246     5.1875  0.000e+00
      7.179    18.0223   4.204674    31.7120       1247     5.1917  0.000e+00
      7.150    18.0342   4.206780    31.7206       1248     5.1958  0.000e+00
      7.118    18.0478   4.206414    31.7069       1249     5.2000  0.000e+00
      7.078    18.0579   4.208811    31.7193       1250     5.2042  0.000e+00
      7.046    18.0715   4.213166    31.7454       1251     5.2083  0.000e+00
      7.011    18.0966   4.215471    31.7453       1252     5.2125  0.000e+00
      6.973    18.1231   4.216116    31.7302       1253     5.2167  0.000e+00
      6.934    18.1442   4.216314    31.7155       1254     5.2208  0.000e+00
      6.892    18.1582   4.217504    31.7147       1255     5.2250  0.000e+00
      6.851    18.1706   4.219965    31.7258       1256     5.2292  0.000e+00
      6.811    18.1871   4.220492    31.7175       1257     5.2333  0.000e+00
      6.773    18.2015   4.220492    31.7064       1258     5.2375  0.000e+00
      6.735    18.2109   4.220548    31.6996       1259     5.2417  0.000e+00
      6.686    18.2168   4.221025    31.6990       1260     5.2458  0.000e+00
      6.642    18.2217   4.221968    31.7031       1261     5.2500  0.000e+00
      6.603    18.2284   4.222333    31.7010       1262     5.2542  0.000e+00
      6.559    18.2347   4.222519    31.6977       1263     5.2583  0.000e+00
      6.514    18.2394   4.222916    31.6975       1264     5.2625  0.000e+00
      6.472    18.2436   4.223574    31.6997       1265     5.2667  0.000e+00
      6.429    18.2489   4.224548    31.7038       1266     5.2708  0.000e+00
      6.382    18.2562   4.224765    31.7000       1267     5.2750  0.000e+00
      6.331    18.2629   4.224982    31.6967       1268     5.2792  0.000e+00
      6.277    18.2682   4.225224    31.6947       1269     5.2833  0.000e+00
      6.223    18.2726   4.225335    31.6921       1270     5.2875  0.000e+00
      6.165    18.2763   4.225397    31.6899       1271     5.2917  0.000e+00
      6.107    18.2794   4.225347    31.6871       1272     5.2958  0.000e+00
      6.049    18.2810   4.225434    31.6866       1273     5.3000  0.000e+00
      5.989    18.2823   4.225447    31.6857       1274     5.3042  0.000e+00
      5.937    18.2834   4.225447    31.6848       1275     5.3083  0.000e+00
      5.885    18.2840   4.225471    31.6846       1276     5.3125  0.000e+00
      5.841    18.2847   4.225713    31.6862       1277     5.3167  0.000e+00
      5.794    18.2860   4.225763    31.6855       1278     5.3208  0.000e+00
      5.754    18.2871   4.225806    31.6851       1279     5.3250  0.000e+00
      5.713    18.2883   4.225843    31.6845       1280     5.3292  0.000e+00
      5.678    18.2889   4.225831    31.6839       1281     5.3333  0.000e+00
      5.638    18.2894   4.225806    31.6834       1282     5.3375  0.000e+00
      5.601    18.2894   4.225831    31.6836       1283     5.3417  0.000e+00
      5.563    18.2895   4.225819    31.6834       1284     5.3458  0.000e+00
      5.521    18.2896   4.225781    31.6831       1285     5.3500  0.000e+00
      5.478    18.2895   4.225763    31.6830       1286     5.3542  0.000e+00
      5.440    18.2895   4.225713    31.6826       1287     5.3583  0.000e+00
      5.407    18.2892   4.225806    31.6836       1288     5.3625  0.000e+00
      5.371    18.2891   4.225831    31.6839       1289     5.3667  0.000e+00
      5.346    18.2894   4.225831    31.6837       1290     5.3708  0.000e+00
      5.315    18.2898   4.225843    31.6835       1291     5.3750  0.000e+00
      5.284    18.2897   4.225806    31.6833       1292     5.3792  0.000e+00
      5.253    18.2898   4.226005    31.6848       1293     5.3833  0.000e+00
      5.217    18.2907   4.225992    31.6841       1294     5.3875  0.000e+00
      5.186    18.2915   4.225980    31.6834       1295     5.3917  0.000e+00
      5.141    18.2921   4.225955    31.6827       1296     5.3958  0.000e+00
      5.082    18.2923   4.225930    31.6824       1297     5.4000  0.000e+00
      5.009    18.2921   4.225918    31.6824       1298     5.4042  0.000e+00
      4.924    18.2918   4.225880    31.6824       1299     5.4083  0.000e+00
      4.843    18.2916   4.225856    31.6824       1300     5.4125  0.000e+00
      4.769    18.2915   4.225893    31.6828       1301     5.4167  0.000e+00
      4.705    18.2911   4.225831    31.6825       1302     5.4208  0.000e+00
      4.655    18.2913   4.225781    31.6820       1303     5.4250  0.000e+00
      4.617    18.2914   4.225806    31.6822       1304     5.4292  0.000e+00
      4.591    18.2912   4.225917    31.6832       1305     5.4333  0.000e+00
      4.566    18.2919   4.225930    31.6828       1306     5.4375  0.000e+00
      4.548    18.2924   4.225905    31.6822       1307     5.4417  0.000e+00
      4.519    18.2927   4.225967    31.6826       1308     5.4458  0.000e+00
      4.505    18.2929   4.225955    31.6823       1309     5.4500  0.000e+00
      4.485    18.2928   4.225880    31.6818       1310     5.4542  0.000e+00
      4.458    18.2923   4.225831    31.6818       1311     5.4583  0.000e+00
      4.411    18.2920   4.225818    31.6819       1312     5.4625  0.000e+00
      4.356    18.2917   4.225781    31.6818       1313     5.4667  0.000e+00
      4.295    18.2914   4.225737    31.6817       1314     5.4708  0.000e+00
      4.230    18.2910   4.225843    31.6829       1315     5.4750  0.000e+00
      4.181    18.2911   4.225830    31.6827       1316     5.4792  0.000e+00
      4.141    18.2917   4.225806    31.6821       1317     5.4833  0.000e+00
      4.105    18.2917   4.225880    31.6827       1318     5.4875  0.000e+00
      4.074    18.2919   4.225793    31.6819       1319     5.4917  0.000e+00
      4.045    18.2919   4.225806    31.6820       1320     5.4958  0.000e+00
      4.022    18.2918   4.225930    31.6831       1321     5.5000  0.000e+00
      3.996    18.2924   4.226780    31.6897       1322     5.5042  0.000e+00
      3.975    18.2958   4.226904    31.6882       1323     5.5083  0.000e+00
      3.937    18.2995   4.226997    31.6861       1324     5.5125  0.000e+00
      3.897    18.3019   4.227195    31.6859       1325     5.5167  0.000e+00
      3.841    18.3046   4.226935    31.6817       1326     5.5208  0.000e+00
      3.777    18.3054   4.226612    31.6784       1327     5.5250  0.000e+00
      3.714    18.3049   4.227288    31.6845       1328     5.5292  0.000e+00
      3.655    18.3058   4.227338    31.6842       1329     5.5333  0.000e+00
      3.598    18.3081   4.227412    31.6831       1330     5.5375  0.000e+00
      3.550    18.3093   4.227121    31.6797       1331     5.5417  0.000e+00
      3.512    18.3093   4.227313    31.6814       1332     5.5458  0.000e+00
      3.481    18.3094   4.227083    31.6794       1333     5.5500  0.000e+00
      3.448    18.3093   4.227121    31.6798       1334     5.5542  0.000e+00
      3.427    18.3088   4.226953    31.6788       1335     5.5583  0.000e+00
      3.405    18.3083   4.227096    31.6803       1336     5.5625  0.000e+00
      3.383    18.3079   4.227263    31.6821       1337     5.5667  0.000e+00
      3.354    18.3089   4.227363    31.6821       1338     5.5708  0.000e+00
      3.311    18.3100   4.227387    31.6815       1339     5.5750  0.000e+00
      3.253    18.3108   4.227412    31.6811       1340     5.5792  0.000e+00
      3.166    18.3115   4.227462    31.6810       1341     5.5833  0.000e+00
      3.081    18.3120   4.227462    31.6807       1342     5.5875  0.000e+00
      2.991    18.3121   4.227437    31.6804       1343     5.5917  0.000e+00
      2.915    18.3121   4.227263    31.6789       1344     5.5958  0.000e+00
      2.853    18.3120   4.227586    31.6818       1345     5.6000  0.000e+00
      2.805    18.3126   4.227728    31.6825       1346     5.6042  0.000e+00
      2.772    18.3140   4.227641    31.6808       1347     5.6083  0.000e+00
      2.745    18.3145   4.227095    31.6758       1348     5.6125  0.000e+00
      2.718    18.3131   4.226996    31.6760       1349     5.6167  0.000e+00
      2.692    18.3109   4.226953    31.6774       1350     5.6208  0.000e+00
      2.665    18.3096   4.226909    31.6781       1351     5.6250  0.000e+00
      2.618    18.3083   4.227313    31.6825       1352     5.6292  0.000e+00
      2.573    18.3089   4.228653    31.6932       1353     5.6333  0.000e+00
      2.524    18.3145   4.231353    31.7115       1354     5.6375  0.000e+00
      2.490    18.3279   4.229627    31.6867       1355     5.6417  0.000e+00
      2.474    18.3338   4.228262    31.6708       1356     5.6458  0.000e+00
      2.465    18.3307   4.227945    31.6705       1357     5.6500  0.000e+00
      2.454    18.3271   4.231502    31.7030       1358     5.6542  0.000e+00
      2.441    18.3343   4.230626    31.6902       1359     5.6583  0.000e+00
      2.425    18.3406   4.229795    31.6783       1360     5.6625  0.000e+00
      2.401    18.3411   4.228553    31.6676       1361     5.6667  0.000e+00
      2.363    18.3367   4.230335    31.6859       1362     5.6708  0.000e+00
      2.302    18.3372   4.229627    31.6796       1363     5.6750  0.000e+00
      2.231    18.3387   4.231452    31.6937       1364     5.6792  0.000e+00
      2.148    18.3435   4.231886    31.6937       1365     5.6833  0.000e+00
      2.074    18.3512   4.232594    31.6937       1366     5.6875  0.000e+00
      1.998    18.3585   4.234010    31.7000       1367     5.6917  0.000e+00
      1.929    18.3675   4.235767    31.7077       1368     5.6958  0.000e+00
      1.862    18.3806   4.234425    31.6864       1369     5.7000  0.000e+00
      1.795    18.3865   4.236475    31.6990       1370     5.7042  0.000e+00
      1.736    18.3947   4.238866    31.7127       1371     5.7083  0.000e+00
      1.694    18.4100   4.238499    31.6979       1372     5.7125  0.000e+00
      1.656    18.4207   4.238139    31.6866       1373     5.7167  0.000e+00
      1.629    18.4255   4.237741    31.6796       1374     5.7208  0.000e+00
      1.594    18.4266   4.237083    31.6732       1375     5.7250  0.000e+00
      1.556    18.4252   4.237741    31.6799       1376     5.7292  0.000e+00
      1.513    18.4250   4.237176    31.6753       1377     5.7333  0.000e+00
      1.479    18.4244   4.236909    31.6736       1378     5.7375  0.000e+00
      1.442    18.4223   4.236542    31.6721       1379     5.7417  0.000e+00
      1.404    18.4194   4.235934    31.6693       1380     5.7458  0.000e+00
      1.374    18.4159   4.236077    31.6732       1381     5.7500  0.000e+00
      1.329    18.4127   4.237058    31.6839       1382     5.7542  0.000e+00
      1.271    18.4142   4.236617    31.6790       1383     5.7583  0.000e+00
      1.196    18.4156   4.238592    31.6945       1384     5.7625  0.000e+00
      1.115    18.4210   4.237710    31.6830       1385     5.7667  0.000e+00
      1.057    18.4246   4.238909    31.6902       1386     5.7708  0.000e+00
      1.012    18.4298   4.239008    31.6871       1387     5.7750  0.000e+00
      0.983    18.4344   4.239232    31.6854       1388     5.7792  0.000e+00
      0.951    18.4380   4.238803    31.6790       1389     5.7833  0.000e+00
      0.918    18.4390   4.238934    31.6794       1390     5.7875  0.000e+00
      0.885    18.4393   4.238865    31.6786       1391     5.7917  0.000e+00
      0.855    18.4398   4.239058    31.6799       1392     5.7958  0.000e+00
      0.819    18.4403   4.238573    31.6754       1393     5.8000  0.000e+00
      0.791    18.4396   4.238424    31.6747       1394     5.8042  0.000e+00
      0.768    18.4374   4.238157    31.6742       1395     5.8083  0.000e+00
      0.735    18.4362   4.238542    31.6783       1396     5.8125  0.000e+00
      0.692    18.4358   4.238903    31.6817       1397     5.8167  0.000e+00
      0.639    18.4368   4.238666    31.6789       1398     5.8208  0.000e+00
      0.576    18.4379   4.238691    31.6783       1399     5.8250  0.000e+00
      0.504    18.4378   4.238225    31.6745       1400     5.8292  0.000e+00
      0.431    18.4364   4.238064    31.6743       1401     5.8333  0.000e+00
      0.365    18.4347   4.237840    31.6738       1402     5.8375  0.000e+00
      0.292    18.4326   4.237958    31.6764       1403     5.8417  0.000e+00
      0.171    18.4314   4.238182    31.6792       1404     5.8458  0.000e+00
      0.104    18.4314   4.238113    31.6787       1405     5.8500  0.000e+00
      0.121    18.4318   4.238374    31.6806       1406     5.8542  0.000e+00
      0.097    18.4324   4.238449    31.6807       1407     5.8583  0.000e+00
      0.119    18.4337   4.238424    31.6795       1408     5.8625  0.000e+00
      0.164    18.4345   4.238523    31.6797       1409     5.8667  0.000e+00
      0.122    18.4352   4.239008    31.6832       1410     5.8708  0.000e+00
      0.108    18.4370   4.238790    31.6800       1411     5.8750  0.000e+00
      0.124    18.4382   4.239424    31.6844       1412     5.8792  0.000e+00
      0.104    18.4403   4.239362    31.6823       1413     5.8833  0.000e+00
      0.054    18.4422   4.238474    31.6734       1414     5.8875  0.000e+00
      0.014    18.4404   4.138950    30.8462       1415     5.8917  0.000e+00
     -0.015    18.4356   1.056847     6.9384       1416     5.8958  0.000e+00
     -0.002    18.4304   1.401569     9.4140       1417     5.9000  0.000e+00
     -0.013    18.4279   0.731892     4.6756       1418     5.9042  0.000e+00
     -0.019    18.4246   0.435052     2.6833       1419     5.9083  0.000e+00
     -0.019    18.4164   0.328056     1.9890       1420     5.9125  0.000e+00
     -0.015    18.4068   0.284869     1.7134       1421     5.9167  0.000e+00
     -0.017    18.4002   0.249606     1.4904       1422     5.9208  0.000e+00
     -0.017    18.3963   0.233783     1.3910       1423     5.9250  0.000e+00
     -0.017    18.3944   0.215542     1.2770       1424     5.9292  0.000e+00
     -0.012    18.3930   0.199649     1.1781       1425     5.9333  0.000e+00
     -0.012    18.3918   0.183213     1.0764       1426     5.9375  0.000e+00
     -0.012    18.3905   0.166295     0.9723       1427     5.9417  0.000e+00
     -0.015    18.3891   0.151806     0.8837       1428     5.9458  0.000e+00
     -0.015    18.3873   0.140217     0.8132       1429     5.9500  0.000e+00
     -0.015    18.3856   0.124431     0.7178       1430     5.9542  0.000e+00
     -0.013    18.3835   0.116284     0.6688       1431     5.9583  0.000e+00
     -0.013    18.3815   0.109273     0.6268       1432     5.9625  0.000e+00
     -0.014    18.3794   0.103865     0.5946       1433     5.9667  0.000e+00
     -0.014    18.3771   0.099074     0.5661       1434     5.9708  0.000e+00
     -0.010    18.3748   0.096231     0.5492       1435     5.9750  0.000e+00
     -0.006    18.3724   0.092912     0.5295       1436     5.9792  0.000e+00
     -0.012    18.3697   0.088362     0.5026       1437     5.9833  0.000e+00
     -0.019    18.3672   0.082904     0.4705       1438     5.9875  0.000e+00
     -0.021    18.3649   0.072337     0.4085       1439     5.9917  0.000e+00
     -0.012    18.3622   0.066062     0.3720       1440     5.9958  0.000e+00
     -0.008    18.3592   0.060524     0.3399       1441     6.0000  0.000e+00
     -0.006    18.3562   0.031384     0.1738       1442     6.0042  0.000e+00
     -0.010    18.3535   0.018546     0.1029       1443     6.0083  0.000e+00
     -0.016    18.3508   0.003112     0.0220       1444     6.0125  0.000e+00
     -0.026    18.3474   0.003066     0.0218       1445     6.0167  0.000e+00
