HB2406/sbe080.cnv
* Sea-Bird SBE 19plus V2 Data File:
* FileName = C:\cruise\data\sbe080.hex
* Software Version Seasave V 7.26.7.121
* Temperature SN = 7037
* Conductivity SN = 7037
* System UpLoad Time = Aug 18 2024 22:23:26
* NMEA Latitude = 41 47.37 N
* NMEA Longitude = 069 11.54 W
* NMEA UTC (Time) = Aug 18 2024  22:22:19
** Ship: Henry Bigelow
** Cruise:  HB2406
** Program:  ECOMON
# nquan = 7
# nvalues = 2053                                  
# units = specified
# name 0 = depSM: Depth [salt water, m]
# name 1 = tv290C: Temperature [ITS-90, deg C]
# name 2 = c0S/m: Conductivity [S/m]
# name 3 = sal00: Salinity, Practical [PSU]
# name 4 = scan: Scan Count
# name 5 = timeM: Time, Elapsed [minutes]
# name 6 = flag:  0.000e+00
# span 0 =      0.234,    189.568                 
# span 1 =     5.7996,    21.1320                 
# span 2 =   3.155654,   4.446816                 
# span 3 =    30.1570,    33.9487                 
# span 4 =         11,       2063                 
# span 5 =     0.0417,     8.5917                 
# span 6 = 0.0000e+00, 0.0000e+00                 
# interval = seconds: 0.25
# start_time = Aug 18 2024 22:22:19 [NMEA time, header]
# bad_flag = -9.990e-29
*END*
[from data line 1231]
    145.758     7.4929   3.451722    33.6003       1242     5.1708  0.000e+00
    145.554     7.4906   3.451436    33.5996       1243     5.1750  0.000e+00
    145.329     7.4884   3.451184    33.5991       1244     5.1792  0.000e+00
    145.101     7.4865   3.451001    33.5991       1245     5.1833  0.000e+00
    144.875     7.4849   3.450761    33.5981       1246     5.1875  0.000e+00
    144.645     7.4837   3.450435    33.5959       1247     5.1917  0.000e+00
    144.419     7.4825   3.449915    33.5915       1248     5.1958  0.000e+00
    144.206     7.4811   3.449104    33.5842       1249     5.2000  0.000e+00
    143.990     7.4781   3.447710    33.5721       1250     5.2042  0.000e+00
    143.793     7.4734   3.446156    33.5600       1251     5.2083  0.000e+00
    143.614     7.4663   3.445927    33.5645       1252     5.2125  0.000e+00
    143.442     7.4611   3.445448    33.5643       1253     5.2167  0.000e+00
    143.285     7.4574   3.444951    33.5626       1254     5.2208  0.000e+00
    143.138     7.4539   3.444408    33.5602       1255     5.2250  0.000e+00
    142.997     7.4507   3.443540    33.5540       1256     5.2292  0.000e+00
    142.867     7.4464   3.442752    33.5497       1257     5.2333  0.000e+00
    142.738     7.4411   3.442398    33.5511       1258     5.2375  0.000e+00
    142.606     7.4361   3.441856    33.5501       1259     5.2417  0.000e+00
    142.465     7.4321   3.441536    33.5505       1260     5.2458  0.000e+00
    142.310     7.4287   3.440862    33.5466       1261     5.2500  0.000e+00
    142.143     7.4259   3.439224    33.5317       1262     5.2542  0.000e+00
    141.955     7.4208   3.438311    33.5267       1263     5.2583  0.000e+00
    141.745     7.4147   3.437124    33.5199       1264     5.2625  0.000e+00
    141.508     7.4093   3.436325    33.5166       1265     5.2667  0.000e+00
    141.247     7.4039   3.435601    33.5140       1266     5.2708  0.000e+00
    140.965     7.3990   3.435173    33.5143       1267     5.2750  0.000e+00
    140.649     7.3946   3.434813    33.5148       1268     5.2792  0.000e+00
    140.314     7.3912   3.433490    33.5039       1269     5.2833  0.000e+00
    139.974     7.3862   3.431380    33.4860       1270     5.2875  0.000e+00
    139.617     7.3783   3.430365    33.4829       1271     5.2917  0.000e+00
    139.254     7.3697   3.431790    33.5068       1272     5.2958  0.000e+00
    138.894     7.3687   3.434174    33.5337       1273     5.3000  0.000e+00
    138.537     7.3772   3.434647    33.5308       1274     5.3042  0.000e+00
    138.199     7.3872   3.435081    33.5260       1275     5.3083  0.000e+00
    137.884     7.3952   3.435001    33.5176       1276     5.3125  0.000e+00
    137.593     7.4011   3.434812    33.5100       1277     5.3167  0.000e+00
    137.332     7.4047   3.434584    33.5042       1278     5.3208  0.000e+00
    137.092     7.4062   3.434002    33.4965       1279     5.3250  0.000e+00
    136.893     7.4062   3.433049    33.4863       1280     5.3292  0.000e+00
    136.730     7.4040   3.432285    33.4802       1281     5.3333  0.000e+00
    136.594     7.4002   3.431378    33.4741       1282     5.3375  0.000e+00
    136.491     7.3959   3.430038    33.4638       1283     5.3417  0.000e+00
    136.411     7.3897   3.429725    33.4664       1284     5.3458  0.000e+00
    136.359     7.3838   3.429582    33.4706       1285     5.3500  0.000e+00
    136.332     7.3797   3.429714    33.4760       1286     5.3542  0.000e+00
    136.305     7.3773   3.429685    33.4780       1287     5.3583  0.000e+00
    136.274     7.3760   3.429725    33.4797       1288     5.3625  0.000e+00
    136.238     7.3754   3.429868    33.4819       1289     5.3667  0.000e+00
    136.191     7.3753   3.429907    33.4824       1290     5.3708  0.000e+00
    136.129     7.3752   3.429457    33.4777       1291     5.3750  0.000e+00
    136.046     7.3741   3.429086    33.4747       1292     5.3792  0.000e+00
    135.932     7.3725   3.428648    33.4716       1293     5.3833  0.000e+00
    135.792     7.3706   3.428134    33.4679       1294     5.3875  0.000e+00
    135.622     7.3676   3.426772    33.4561       1295     5.3917  0.000e+00
    135.429     7.3638   3.425370    33.4447       1296     5.3958  0.000e+00
    135.208     7.3587   3.424504    33.4404       1297     5.4000  0.000e+00
    134.962     7.3539   3.423917    33.4387       1298     5.4042  0.000e+00
    134.705     7.3500   3.423575    33.4389       1299     5.4083  0.000e+00
    134.432     7.3468   3.423080    33.4367       1300     5.4125  0.000e+00
    134.157     7.3439   3.422516    33.4335       1301     5.4167  0.000e+00
    133.866     7.3409   3.421906    33.4300       1302     5.4208  0.000e+00
    133.583     7.3375   3.421803    33.4323       1303     5.4250  0.000e+00
    133.290     7.3347   3.421524    33.4321       1304     5.4292  0.000e+00
    133.003     7.3326   3.420607    33.4243       1305     5.4333  0.000e+00
    132.724     7.3298   3.418238    33.4015       1306     5.4375  0.000e+00
    132.445     7.3237   3.413525    33.3563       1307     5.4417  0.000e+00
    132.178     7.3108   3.409753    33.3279       1308     5.4458  0.000e+00
    131.910     7.2923   3.408087    33.3278       1309     5.4500  0.000e+00
    131.639     7.2738   3.407825    33.3429       1310     5.4542  0.000e+00
    131.380     7.2607   3.407479    33.3518       1311     5.4583  0.000e+00
    131.123     7.2519   3.406882    33.3539       1312     5.4625  0.000e+00
    130.861     7.2453   3.404425    33.3337       1313     5.4667  0.000e+00
    130.604     7.2356   3.398351    33.2771       1314     5.4708  0.000e+00
    130.345     7.2174   3.396550    33.2752       1315     5.4750  0.000e+00
    130.097     7.1962   3.394836    33.2771       1316     5.4792  0.000e+00
    129.846     7.1776   3.393132    33.2765       1317     5.4833  0.000e+00
    129.603     7.1622   3.391855    33.2776       1318     5.4875  0.000e+00
    129.359     7.1482   3.391185    33.2840       1319     5.4917  0.000e+00
    129.129     7.1373   3.390754    33.2899       1320     5.4958  0.000e+00
    128.907     7.1292   3.390629    33.2963       1321     5.5000  0.000e+00
    128.692     7.1238   3.390550    33.3009       1322     5.5042  0.000e+00
    128.487     7.1205   3.390550    33.3042       1323     5.5083  0.000e+00
    128.294     7.1190   3.390504    33.3051       1324     5.5125  0.000e+00
    128.120     7.1194   3.389613    33.2951       1325     5.5167  0.000e+00
    127.957     7.1190   3.388688    33.2856       1326     5.5208  0.000e+00
    127.811     7.1167   3.387616    33.2761       1327     5.5250  0.000e+00
    127.675     7.1129   3.385148    33.2530       1328     5.5292  0.000e+00
    127.554     7.1061   3.384502    33.2525       1329     5.5333  0.000e+00
    127.436     7.0983   3.384320    33.2581       1330     5.5375  0.000e+00
    127.335     7.0935   3.384060    33.2599       1331     5.5417  0.000e+00
    127.239     7.0908   3.383589    33.2574       1332     5.5458  0.000e+00
    127.141     7.0885   3.381718    33.2393       1333     5.5500  0.000e+00
    127.038     7.0839   3.380499    33.2304       1334     5.5542  0.000e+00
    126.933     7.0779   3.380442    33.2357       1335     5.5583  0.000e+00
    126.814     7.0734   3.380317    33.2387       1336     5.5625  0.000e+00
    126.681     7.0704   3.380249    33.2410       1337     5.5667  0.000e+00
    126.526     7.0684   3.380215    33.2426       1338     5.5708  0.000e+00
    126.350     7.0670   3.380210    33.2439       1339     5.5750  0.000e+00
    126.164     7.0662   3.380193    33.2446       1340     5.5792  0.000e+00
    125.954     7.0658   3.380153    33.2447       1341     5.5833  0.000e+00
    125.719     7.0655   3.380141    33.2449       1342     5.5875  0.000e+00
    125.466     7.0654   3.380113    33.2449       1343     5.5917  0.000e+00
    125.198     7.0651   3.379994    33.2439       1344     5.5958  0.000e+00
    124.923     7.0649   3.379892    33.2432       1345     5.6000  0.000e+00
    124.639     7.0648   3.379846    33.2429       1346     5.6042  0.000e+00
    124.353     7.0649   3.378752    33.2309       1347     5.6083  0.000e+00
    124.053     7.0634   3.376106    33.2036       1348     5.6125  0.000e+00
    123.767     7.0569   3.375930    33.2082       1349     5.6167  0.000e+00
    123.483     7.0508   3.375403    33.2085       1350     5.6208  0.000e+00
    123.215     7.0458   3.374208    33.2003       1351     5.6250  0.000e+00
    122.947     7.0408   3.373234    33.1946       1352     5.6292  0.000e+00
    122.692     7.0351   3.372809    33.1956       1353     5.6333  0.000e+00
    122.443     7.0298   3.370799    33.1788       1354     5.6375  0.000e+00
    122.209     7.0233   3.367911    33.1537       1355     5.6417  0.000e+00
    121.983     7.0133   3.363005    33.1098       1356     5.6458  0.000e+00
    121.763     6.9980   3.360822    33.1007       1357     5.6500  0.000e+00
    121.551     6.9816   3.360296    33.1109       1358     5.6542  0.000e+00
    121.339     6.9692   3.359634    33.1157       1359     5.6583  0.000e+00
    121.140     6.9600   3.359176    33.1196       1360     5.6625  0.000e+00
    120.947     6.9527   3.358526    33.1196       1361     5.6667  0.000e+00
    120.755     6.9465   3.357825    33.1180       1362     5.6708  0.000e+00
    120.567     6.9411   3.357514    33.1199       1363     5.6750  0.000e+00
    120.382     6.9370   3.357254    33.1210       1364     5.6792  0.000e+00
    120.209     6.9338   3.356632    33.1174       1365     5.6833  0.000e+00
    120.035     6.9307   3.355903    33.1125       1366     5.6875  0.000e+00
    119.859     6.9274   3.355100    33.1070       1367     5.6917  0.000e+00
    119.689     6.9237   3.354196    33.1006       1368     5.6958  0.000e+00
    119.523     6.9194   3.353930    33.1020       1369     5.7000  0.000e+00
    119.358     6.9159   3.353670    33.1026       1370     5.7042  0.000e+00
    119.192     6.9131   3.352806    33.0959       1371     5.7083  0.000e+00
    119.038     6.9104   3.352088    33.0907       1372     5.7125  0.000e+00
    118.868     6.9079   3.351902    33.0912       1373     5.7167  0.000e+00
    118.705     6.9064   3.351563    33.0890       1374     5.7208  0.000e+00
    118.542     6.9050   3.351314    33.0876       1375     5.7250  0.000e+00
    118.376     6.9038   3.350907    33.0844       1376     5.7292  0.000e+00
    118.202     6.9022   3.350506    33.0816       1377     5.7333  0.000e+00
    118.029     6.9003   3.349467    33.0722       1378     5.7375  0.000e+00
    117.853     6.8970   3.348089    33.0603       1379     5.7417  0.000e+00
    117.665     6.8911   3.346914    33.0533       1380     5.7458  0.000e+00
    117.468     6.8841   3.345418    33.0436       1381     5.7500  0.000e+00
    117.263     6.8765   3.344086    33.0365       1382     5.7542  0.000e+00
    117.059     6.8686   3.343104    33.0334       1383     5.7583  0.000e+00
    116.835     6.8610   3.342404    33.0331       1384     5.7625  0.000e+00
    116.607     6.8540   3.341969    33.0352       1385     5.7667  0.000e+00
    116.372     6.8483   3.339786    33.0168       1386     5.7708  0.000e+00
    116.127     6.8411   3.337794    33.0020       1387     5.7750  0.000e+00
    115.885     6.8309   3.336435    32.9970       1388     5.7792  0.000e+00
    115.644     6.8205   3.336774    33.0109       1389     5.7833  0.000e+00
    115.393     6.8142   3.335849    33.0068       1390     5.7875  0.000e+00
    115.145     6.8099   3.335533    33.0077       1391     5.7917  0.000e+00
    114.897     6.8057   3.335279    33.0090       1392     5.7958  0.000e+00
    114.657     6.8031   3.334191    32.9997       1393     5.8000  0.000e+00
    114.414     6.7994   3.333317    32.9937       1394     5.8042  0.000e+00
    114.166     6.7950   3.332285    32.9868       1395     5.8083  0.000e+00
    113.915     6.7895   3.330797    32.9759       1396     5.8125  0.000e+00
    113.676     6.7820   3.329693    32.9710       1397     5.8167  0.000e+00
    113.423     6.7738   3.328081    32.9613       1398     5.8208  0.000e+00
    113.173     6.7648   3.326831    32.9563       1399     5.8250  0.000e+00
    112.923     6.7555   3.325597    32.9518       1400     5.8292  0.000e+00
    112.672     6.7462   3.324437    32.9481       1401     5.8333  0.000e+00
    112.424     6.7376   3.322804    32.9385       1402     5.8375  0.000e+00
    112.180     6.7288   3.320074    32.9171       1403     5.8417  0.000e+00
    111.948     6.7177   3.317913    32.9041       1404     5.8458  0.000e+00
    111.720     6.7053   3.316529    32.9009       1405     5.8500  0.000e+00
    111.507     6.6931   3.314593    32.8914       1406     5.8542  0.000e+00
    111.313     6.6815   3.313058    32.8857       1407     5.8583  0.000e+00
    111.134     6.6697   3.311478    32.8797       1408     5.8625  0.000e+00
    110.973     6.6582   3.310269    32.8775       1409     5.8667  0.000e+00
    110.825     6.6481   3.309173    32.8751       1410     5.8708  0.000e+00
    110.693     6.6390   3.308965    32.8817       1411     5.8750  0.000e+00
    110.570     6.6321   3.308903    32.8877       1412     5.8792  0.000e+00
    110.458     6.6277   3.308695    32.8897       1413     5.8833  0.000e+00
    110.346     6.6245   3.308487    32.8905       1414     5.8875  0.000e+00
    110.233     6.6222   3.308785    32.8961       1415     5.8917  0.000e+00
    110.125     6.6212   3.307886    32.8872       1416     5.8958  0.000e+00
    109.996     6.6195   3.307329    32.8827       1417     5.9000  0.000e+00
    109.863     6.6167   3.306925    32.8810       1418     5.9042  0.000e+00
    109.718     6.6143   3.306520    32.8790       1419     5.9083  0.000e+00
    109.551     6.6117   3.305649    32.8719       1420     5.9125  0.000e+00
    109.369     6.6085   3.304823    32.8660       1421     5.9167  0.000e+00
    109.184     6.6043   3.304385    32.8652       1422     5.9208  0.000e+00
    108.974     6.6003   3.303076    32.8547       1423     5.9250  0.000e+00
    108.754     6.5954   3.301346    32.8405       1424     5.9292  0.000e+00
    108.524     6.5883   3.300532    32.8384       1425     5.9333  0.000e+00
    108.296     6.5806   3.299869    32.8386       1426     5.9375  0.000e+00
    108.064     6.5742   3.299566    32.8415       1427     5.9417  0.000e+00
    107.820     6.5692   3.299453    32.8452       1428     5.9458  0.000e+00
    107.572     6.5657   3.298875    32.8423       1429     5.9500  0.000e+00
    107.330     6.5623   3.297612    32.8317       1430     5.9542  0.000e+00
    107.095     6.5578   3.296540    32.8243       1431     5.9583  0.000e+00
    106.858     6.5523   3.296186    32.8258       1432     5.9625  0.000e+00
    106.617     6.5470   3.295737    32.8260       1433     5.9667  0.000e+00
    106.373     6.5426   3.293728    32.8082       1434     5.9708  0.000e+00
    106.129     6.5363   3.292948    32.8057       1435     5.9750  0.000e+00
    105.883     6.5295   3.292230    32.8045       1436     5.9792  0.000e+00
    105.635     6.5233   3.292039    32.8084       1437     5.9833  0.000e+00
    105.387     6.5185   3.291955    32.8122       1438     5.9875  0.000e+00
    105.130     6.5151   3.291708    32.8129       1439     5.9917  0.000e+00
    104.868     6.5128   3.291484    32.8127       1440     5.9958  0.000e+00
    104.595     6.5107   3.291170    32.8114       1441     6.0000  0.000e+00
    104.334     6.5087   3.291007    32.8117       1442     6.0042  0.000e+00
    104.061     6.5070   3.290418    32.8069       1443     6.0083  0.000e+00
    103.794     6.5047   3.288203    32.7847       1444     6.0125  0.000e+00
    103.526     6.4989   3.286470    32.7713       1445     6.0167  0.000e+00
