HB2406/sbe008.cnv
* Sea-Bird SBE 19plus V2 Data File:
* FileName = C:\cruise\data\sbe008.hex
* Software Version Seasave V 7.26.7.121
* Temperature SN = 7037
* Conductivity SN = 7037
* System UpLoad Time = Aug 13 2024 01:07:46
* NMEA Latitude = 40 42.22 N
* NMEA Longitude = 070 03.59 W
* NMEA UTC (Time) = Aug 13 2024  01:06:36
** Ship: Henry Bigelow
** Cruise:  HB2406
** Program:  ECOMON
# nquan = 7
# nvalues = 1307                                  
# units = specified
# name 0 = depSM: Depth [salt water, m]
# name 1 = tv290C: Temperature [ITS-90, deg C]
# name 2 = c0S/m: Conductivity [S/m]
# name 3 = sal00: Salinity, Practical [PSU]
# name 4 = scan: Scan Count
# name 5 = timeM: Time, Elapsed [minutes]
# name 6 = flag:  0.000e+00
# span 0 =     -0.023,     38.420                 
# span 1 =    12.2889,    20.3408                 
# span 2 =  -0.000025,   4.337618                 
# span 3 =     0.0000,    32.0038                 
# span 4 =         11,       1317                 
# span 5 =     0.0417,     5.4833                 
# span 6 = 0.0000e+00, 0.0000e+00                 
# interval = seconds: 0.25
# start_time = Aug 13 2024 01:06:36 [NMEA time, header]
# bad_flag = -9.990e-29
*END*
[from data line 1026]
      9.376    15.5604   3.966594    31.5944       1037     4.3167  0.000e+00
      9.332    15.5855   3.970257    31.6069       1038     4.3208  0.000e+00
      9.282    15.6180   3.976118    31.6328       1039     4.3250  0.000e+00
      9.236    15.6642   3.978805    31.6196       1040     4.3292  0.000e+00
      9.175    15.7098   3.980553    31.5986       1041     4.3333  0.000e+00
      9.115    15.7467   3.982012    31.5820       1042     4.3375  0.000e+00
      9.055    15.7764   3.982671    31.5641       1043     4.3417  0.000e+00
      8.996    15.7988   3.984070    31.5586       1044     4.3458  0.000e+00
      8.947    15.8177   3.987231    31.5714       1045     4.3500  0.000e+00
      8.894    15.8402   3.990309    31.5807       1046     4.3542  0.000e+00
      8.846    15.8658   3.993715    31.5903       1047     4.3583  0.000e+00
      8.806    15.8936   3.998268    31.6083       1048     4.3625  0.000e+00
      8.779    15.9269   4.003539    31.6282       1049     4.3667  0.000e+00
      8.750    15.9659   4.007052    31.6280       1050     4.3708  0.000e+00
      8.739    16.0049   4.009790    31.6210       1051     4.3750  0.000e+00
      8.735    16.0396   4.011216    31.6059       1052     4.3792  0.000e+00
      8.732    16.0672   4.010457    31.5772       1053     4.3833  0.000e+00
      8.732    16.0833   4.009886    31.5594       1054     4.3875  0.000e+00
      8.730    16.0904   4.008575    31.5423       1055     4.3917  0.000e+00
      8.735    16.0906   4.007864    31.5359       1056     4.3958  0.000e+00
      8.728    16.0871   4.008235    31.5419       1057     4.4000  0.000e+00
      8.713    16.0855   4.008265    31.5435       1058     4.4042  0.000e+00
      8.695    16.0852   4.009692    31.5562       1059     4.4083  0.000e+00
      8.668    16.0897   4.015200    31.6010       1060     4.4125  0.000e+00
      8.627    16.1092   4.020086    31.6283       1061     4.4167  0.000e+00
      8.587    16.1410   4.025150    31.6475       1062     4.4208  0.000e+00
      8.543    16.1795   4.030490    31.6636       1063     4.4250  0.000e+00
      8.494    16.2243   4.032072    31.6418       1064     4.4292  0.000e+00
      8.438    16.2643   4.032552    31.6143       1065     4.4333  0.000e+00
      8.390    16.2932   4.032740    31.5931       1066     4.4375  0.000e+00
      8.335    16.3137   4.036435    31.6091       1067     4.4417  0.000e+00
      8.292    16.3413   4.040947    31.6266       1068     4.4458  0.000e+00
      8.248    16.3796   4.043542    31.6189       1069     4.4500  0.000e+00
      8.212    16.4173   4.046070    31.6110       1070     4.4542  0.000e+00
      8.180    16.4521   4.047587    31.5968       1071     4.4583  0.000e+00
      8.156    16.4820   4.049098    31.5862       1072     4.4625  0.000e+00
      8.136    16.5070   4.050378    31.5777       1073     4.4667  0.000e+00
      8.122    16.5288   4.052116    31.5755       1074     4.4708  0.000e+00
      8.114    16.5498   4.052786    31.5648       1075     4.4750  0.000e+00
      8.098    16.5673   4.052859    31.5517       1076     4.4792  0.000e+00
      8.093    16.5782   4.052829    31.5428       1077     4.4833  0.000e+00
      8.089    16.5846   4.052932    31.5386       1078     4.4875  0.000e+00
      8.086    16.5890   4.053317    31.5385       1079     4.4917  0.000e+00
      8.085    16.5930   4.053243    31.5347       1080     4.4958  0.000e+00
      8.075    16.5967   4.052804    31.5280       1081     4.5000  0.000e+00
      8.053    16.5991   4.050908    31.5097       1082     4.5042  0.000e+00
      8.024    16.5978   4.046933    31.4763       1083     4.5083  0.000e+00
      7.981    16.5988   4.063244    31.6169       1084     4.5125  0.000e+00
      7.924    16.6504   4.094299    31.8455       1085     4.5167  0.000e+00
      7.861    16.7885   4.116541    31.9285       1086     4.5208  0.000e+00
      7.780    16.9735   4.132565    31.9199       1087     4.5250  0.000e+00
      7.697    17.1581   4.151564    31.9372       1088     4.5292  0.000e+00
      7.606    17.3501   4.173432    31.9728       1089     4.5333  0.000e+00
      7.514    17.5645   4.196882    32.0038       1090     4.5375  0.000e+00
      7.434    17.7936   4.207378    31.9129       1091     4.5417  0.000e+00
      7.367    17.9968   4.218938    31.8519       1092     4.5458  0.000e+00
      7.319    18.1669   4.222335    31.7483       1093     4.5500  0.000e+00
      7.282    18.2937   4.229679    31.7119       1094     4.5542  0.000e+00
      7.257    18.3947   4.237570    31.6999       1095     4.5583  0.000e+00
      7.241    18.4883   4.239669    31.6455       1096     4.5625  0.000e+00
      7.230    18.5594   4.243309    31.6212       1097     4.5667  0.000e+00
      7.230    18.6152   4.242271    31.5698       1098     4.5708  0.000e+00
      7.235    18.6476   4.238349    31.5125       1099     4.5750  0.000e+00
      7.244    18.6564   4.237349    31.4974       1100     4.5792  0.000e+00
      7.252    18.6525   4.234033    31.4729       1101     4.5833  0.000e+00
      7.259    18.6385   4.233101    31.4759       1102     4.5875  0.000e+00
      7.255    18.6216   4.226119    31.4308       1103     4.5917  0.000e+00
      7.262    18.5927   4.229408    31.4801       1104     4.5958  0.000e+00
      7.266    18.5765   4.226318    31.4669       1105     4.6000  0.000e+00
      7.275    18.5614   4.225940    31.4752       1106     4.6042  0.000e+00
      7.280    18.5462   4.224587    31.4756       1107     4.6083  0.000e+00
      7.273    18.5354   4.229043    31.5209       1108     4.6125  0.000e+00
      7.260    18.5385   4.230433    31.5300       1109     4.6167  0.000e+00
      7.246    18.5506   4.231625    31.5307       1110     4.6208  0.000e+00
      7.221    18.5618   4.236108    31.5594       1111     4.6250  0.000e+00
      7.181    18.5848   4.242016    31.5910       1112     4.6292  0.000e+00
      7.127    18.6201   4.245789    31.5953       1113     4.6333  0.000e+00
      7.051    18.6587   4.248368    31.5872       1114     4.6375  0.000e+00
      6.973    18.6958   4.257905    31.6380       1115     4.6417  0.000e+00
      6.877    18.7490   4.264411    31.6512       1116     4.6458  0.000e+00
      6.783    18.8120   4.269013    31.6412       1117     4.6500  0.000e+00
      6.698    18.8701   4.273020    31.6300       1118     4.6542  0.000e+00
      6.616    18.9244   4.277957    31.6293       1119     4.6583  0.000e+00
      6.555    18.9789   4.280825    31.6114       1120     4.6625  0.000e+00
      6.513    19.0251   4.283345    31.5971       1121     4.6667  0.000e+00
      6.483    19.0660   4.284874    31.5785       1122     4.6708  0.000e+00
      6.461    19.0984   4.285073    31.5556       1123     4.6750  0.000e+00
      6.464    19.1215   4.285990    31.5456       1124     4.6792  0.000e+00
      6.470    19.1385   4.286083    31.5335       1125     4.6833  0.000e+00
      6.484    19.1491   4.285322    31.5192       1126     4.6875  0.000e+00
      6.501    19.1527   4.285347    31.5166       1127     4.6917  0.000e+00
      6.519    19.1535   4.284504    31.5091       1128     4.6958  0.000e+00
      6.526    19.1516   4.283119    31.4991       1129     4.7000  0.000e+00
      6.533    19.1446   4.282033    31.4955       1130     4.7042  0.000e+00
      6.522    19.1348   4.282477    31.5066       1131     4.7083  0.000e+00
      6.511    19.1294   4.282595    31.5117       1132     4.7125  0.000e+00
      6.491    19.1270   4.282651    31.5140       1133     4.7167  0.000e+00
      6.466    19.1263   4.284061    31.5261       1134     4.7208  0.000e+00
      6.424    19.1298   4.284355    31.5258       1135     4.7250  0.000e+00
      6.385    19.1346   4.286115    31.5367       1136     4.7292  0.000e+00
      6.345    19.1429   4.286583    31.5342       1137     4.7333  0.000e+00
      6.287    19.1530   4.290197    31.5563       1138     4.7375  0.000e+00
      6.229    19.1706   4.293887    31.5733       1139     4.7417  0.000e+00
      6.168    19.1982   4.295411    31.5649       1140     4.7458  0.000e+00
      6.095    19.2247   4.296541    31.5541       1141     4.7500  0.000e+00
      6.017    19.2463   4.298578    31.5545       1142     4.7542  0.000e+00
      5.932    19.2676   4.301559    31.5628       1143     4.7583  0.000e+00
      5.851    19.2926   4.302996    31.5556       1144     4.7625  0.000e+00
      5.771    19.3164   4.305784    31.5604       1145     4.7667  0.000e+00
      5.701    19.3416   4.307179    31.5528       1146     4.7708  0.000e+00
      5.650    19.3648   4.309493    31.5542       1147     4.7750  0.000e+00
      5.605    19.3887   4.314129    31.5741       1148     4.7792  0.000e+00
      5.580    19.4210   4.315624    31.5619       1149     4.7833  0.000e+00
      5.560    19.4520   4.315173    31.5348       1150     4.7875  0.000e+00
      5.556    19.4714   4.317219    31.5369       1151     4.7917  0.000e+00
      5.553    19.4884   4.314847    31.5047       1152     4.7958  0.000e+00
      5.558    19.4937   4.312281    31.4798       1153     4.8000  0.000e+00
      5.553    19.4829   4.312031    31.4859       1154     4.8042  0.000e+00
      5.551    19.4742   4.315348    31.5195       1155     4.8083  0.000e+00
      5.540    19.4807   4.315798    31.5183       1156     4.8125  0.000e+00
      5.516    19.4896   4.317344    31.5242       1157     4.8167  0.000e+00
      5.493    19.5013   4.318546    31.5251       1158     4.8208  0.000e+00
      5.462    19.5141   4.320243    31.5293       1159     4.8250  0.000e+00
      5.429    19.5300   4.321138    31.5247       1160     4.8292  0.000e+00
      5.395    19.5453   4.323042    31.5286       1161     4.8333  0.000e+00
      5.350    19.5624   4.324113    31.5245       1162     4.8375  0.000e+00
      5.305    19.5789   4.325140    31.5205       1163     4.8417  0.000e+00
      5.245    19.5934   4.326694    31.5222       1164     4.8458  0.000e+00
      5.194    19.6086   4.327721    31.5191       1165     4.8500  0.000e+00
      5.136    19.6242   4.328047    31.5101       1166     4.8542  0.000e+00
      5.077    19.6363   4.328096    31.5014       1167     4.8583  0.000e+00
      5.017    19.6433   4.328240    31.4973       1168     4.8625  0.000e+00
      4.965    19.6479   4.328391    31.4951       1169     4.8667  0.000e+00
      4.910    19.6514   4.328391    31.4925       1170     4.8708  0.000e+00
      4.861    19.6534   4.328516    31.4920       1171     4.8750  0.000e+00
      4.811    19.6557   4.328792    31.4926       1172     4.8792  0.000e+00
      4.767    19.6588   4.329011    31.4920       1173     4.8833  0.000e+00
      4.728    19.6608   4.329092    31.4912       1174     4.8875  0.000e+00
      4.682    19.6624   4.329168    31.4906       1175     4.8917  0.000e+00
      4.654    19.6637   4.329318    31.4909       1176     4.8958  0.000e+00
      4.626    19.6651   4.329318    31.4898       1177     4.9000  0.000e+00
      4.606    19.6662   4.329493    31.4904       1178     4.9042  0.000e+00
      4.585    19.6675   4.329418    31.4889       1179     4.9083  0.000e+00
      4.561    19.6688   4.329268    31.4866       1180     4.9125  0.000e+00
      4.529    19.6698   4.329067    31.4843       1181     4.9167  0.000e+00
      4.482    19.6707   4.329142    31.4842       1182     4.9208  0.000e+00
      4.422    19.6714   4.329017    31.4827       1183     4.9250  0.000e+00
      4.349    19.6716   4.328741    31.4803       1184     4.9292  0.000e+00
      4.272    19.6713   4.328967    31.4824       1185     4.9333  0.000e+00
      4.189    19.6715   4.328992    31.4825       1186     4.9375  0.000e+00
      4.116    19.6719   4.329142    31.4834       1187     4.9417  0.000e+00
      4.055    19.6728   4.329067    31.4822       1188     4.9458  0.000e+00
      3.999    19.6733   4.329117    31.4823       1189     4.9500  0.000e+00
      3.957    19.6737   4.329242    31.4830       1190     4.9542  0.000e+00
      3.925    19.6744   4.329217    31.4823       1191     4.9583  0.000e+00
      3.915    19.6741   4.328916    31.4800       1192     4.9625  0.000e+00
      3.917    19.6737   4.328891    31.4801       1193     4.9667  0.000e+00
      3.937    19.6732   4.328816    31.4799       1194     4.9708  0.000e+00
      3.959    19.6726   4.328841    31.4805       1195     4.9750  0.000e+00
      3.986    19.6724   4.328866    31.4808       1196     4.9792  0.000e+00
      4.006    19.6721   4.328992    31.4821       1197     4.9833  0.000e+00
      4.020    19.6722   4.328992    31.4821       1198     4.9875  0.000e+00
      4.015    19.6730   4.329042    31.4818       1199     4.9917  0.000e+00
      3.993    19.6732   4.329092    31.4821       1200     4.9958  0.000e+00
      3.955    19.6734   4.329117    31.4821       1201     5.0000  0.000e+00
      3.906    19.6742   4.329242    31.4826       1202     5.0042  0.000e+00
      3.857    19.6747   4.329092    31.4810       1203     5.0083  0.000e+00
      3.817    19.6745   4.329167    31.4818       1204     5.0125  0.000e+00
      3.785    19.6746   4.329242    31.4823       1205     5.0167  0.000e+00
      3.765    19.6753   4.329343    31.4827       1206     5.0208  0.000e+00
      3.770    19.6758   4.329317    31.4821       1207     5.0250  0.000e+00
      3.767    19.6763   4.329292    31.4815       1208     5.0292  0.000e+00
      3.760    19.6763   4.329393    31.4823       1209     5.0333  0.000e+00
      3.743    19.6766   4.329643    31.4841       1210     5.0375  0.000e+00
      3.705    19.6767   4.329543    31.4832       1211     5.0417  0.000e+00
      3.647    19.6770   4.329468    31.4824       1212     5.0458  0.000e+00
      3.566    19.6773   4.329468    31.4822       1213     5.0500  0.000e+00
      3.477    19.6777   4.329443    31.4817       1214     5.0542  0.000e+00
      3.401    19.6777   4.329443    31.4818       1215     5.0583  0.000e+00
      3.349    19.6777   4.329443    31.4818       1216     5.0625  0.000e+00
      3.327    19.6779   4.329418    31.4815       1217     5.0667  0.000e+00
      3.316    19.6774   4.329367    31.4814       1218     5.0708  0.000e+00
      3.340    19.6772   4.329367    31.4816       1219     5.0750  0.000e+00
      3.372    19.6765   4.329342    31.4818       1220     5.0792  0.000e+00
      3.398    19.6763   4.329393    31.4824       1221     5.0833  0.000e+00
      3.419    19.6760   4.329468    31.4833       1222     5.0875  0.000e+00
      3.443    19.6763   4.329518    31.4835       1223     5.0917  0.000e+00
      3.437    19.6768   4.329668    31.4843       1224     5.0958  0.000e+00
      3.410    19.6776   4.329819    31.4849       1225     5.1000  0.000e+00
      3.370    19.6785   4.330094    31.4865       1226     5.1042  0.000e+00
      3.316    19.6794   4.330119    31.4860       1227     5.1083  0.000e+00
      3.244    19.6800   4.329819    31.4832       1228     5.1125  0.000e+00
      3.181    19.6799   4.329568    31.4812       1229     5.1167  0.000e+00
      3.139    19.6790   4.329568    31.4819       1230     5.1208  0.000e+00
      3.112    19.6782   4.329518    31.4821       1231     5.1250  0.000e+00
      3.106    19.6774   4.329643    31.4837       1232     5.1292  0.000e+00
      3.095    19.6774   4.329894    31.4857       1233     5.1333  0.000e+00
      3.104    19.6785   4.330044    31.4861       1234     5.1375  0.000e+00
      3.101    19.6798   4.329994    31.4848       1235     5.1417  0.000e+00
      3.115    19.6811   4.330044    31.4842       1236     5.1458  0.000e+00
      3.135    19.6818   4.330245    31.4853       1237     5.1500  0.000e+00
      3.137    19.6827   4.330345    31.4854       1238     5.1542  0.000e+00
      3.133    19.6835   4.330420    31.4854       1239     5.1583  0.000e+00
      3.110    19.6845   4.330596    31.4861       1240     5.1625  0.000e+00
