HB2406/sbe056.cnv
* Sea-Bird SBE 19plus V2 Data File:
* FileName = C:\cruise\data\sbe056.hex
* Software Version Seasave V 7.26.7.121
* Temperature SN = 7037
* Conductivity SN = 7037
* System UpLoad Time = Aug 17 2024 05:17:38
* NMEA Latitude = 42 54.84 N
* NMEA Longitude = 068 04.64 W
* NMEA UTC (Time) = Aug 17 2024  05:16:31
** Ship: Henry Bigelow
** Cruise:  HB2406
** Program:  ECOMON
# nquan = 7
# nvalues = 6537                                  
# units = specified
# name 0 = depSM: Depth [salt water, m]
# name 1 = tv290C: Temperature [ITS-90, deg C]
# name 2 = c0S/m: Conductivity [S/m]
# name 3 = sal00: Salinity, Practical [PSU]
# name 4 = scan: Scan Count
# name 5 = timeM: Time, Elapsed [minutes]
# name 6 = flag:  0.000e+00
# span 0 =      0.022,    199.062                 
# span 1 =     6.3992,    20.3987                 
# span 2 =  -0.000028,   4.379611                 
# span 3 =     0.0000,    34.4690                 
# span 4 =         11,       6547                 
# span 5 =     0.0417,    27.2750                 
# span 6 = 0.0000e+00, 0.0000e+00                 
# interval = seconds: 0.25
# start_time = Aug 17 2024 05:16:31 [NMEA time, header]
# bad_flag = -9.990e-29
*END*
[from data line 411]
     32.074     9.2481   3.417301    31.6639        422     1.7542  0.000e+00
     32.206     9.1764   3.412914    31.6823        423     1.7583  0.000e+00
     32.336     9.1108   3.405885    31.6681        424     1.7625  0.000e+00
     32.468     9.0415   3.401872    31.6882        425     1.7667  0.000e+00
     32.597     8.9761   3.399475    31.7216        426     1.7708  0.000e+00
     32.720     8.9212   3.391827    31.6913        427     1.7750  0.000e+00
     32.845     8.8600   3.386442    31.6900        428     1.7792  0.000e+00
     32.969     8.7933   3.382241    31.7060        429     1.7833  0.000e+00
     33.092     8.7311   3.376120    31.6978        430     1.7875  0.000e+00
     33.215     8.6632   3.367055    31.6641        431     1.7917  0.000e+00
     33.344     8.5794   3.358921    31.6541        432     1.7958  0.000e+00
     33.461     8.4863   3.354230    31.6885        433     1.8000  0.000e+00
     33.584     8.4012   3.348463    31.7045        434     1.8042  0.000e+00
     33.702     8.3230   3.344568    31.7339        435     1.8083  0.000e+00
     33.814     8.2547   3.340923    31.7572        436     1.8125  0.000e+00
     33.928     8.1948   3.337934    31.7797        437     1.8167  0.000e+00
     34.043     8.1423   3.335177    31.7981        438     1.8208  0.000e+00
     34.150     8.0963   3.331135    31.7971        439     1.8250  0.000e+00
     34.264     8.0512   3.329541    31.8210        440     1.8292  0.000e+00
     34.378     8.0128   3.328820    31.8483        441     1.8333  0.000e+00
     34.486     7.9846   3.327491    31.8598        442     1.8375  0.000e+00
     34.600     7.9627   3.326815    31.8725        443     1.8417  0.000e+00
     34.714     7.9459   3.325892    31.8779        444     1.8458  0.000e+00
     34.832     7.9315   3.325458    31.8864        445     1.8500  0.000e+00
     34.949     7.9201   3.325227    31.8943        446     1.8542  0.000e+00
     35.074     7.9128   3.325058    31.8991        447     1.8583  0.000e+00
     35.206     7.9076   3.325289    31.9063        448     1.8625  0.000e+00
     35.334     7.9049   3.324726    31.9027        449     1.8667  0.000e+00
     35.468     7.9019   3.321433    31.8703        450     1.8708  0.000e+00
     35.600     7.8865   3.315743    31.8238        451     1.8750  0.000e+00
     35.736     7.8529   3.311643    31.8107        452     1.8792  0.000e+00
     35.869     7.8099   3.304118    31.7696        453     1.8833  0.000e+00
     36.000     7.7520   3.300496    31.7836        454     1.8875  0.000e+00
     36.132     7.6947   3.299475    31.8250        455     1.8917  0.000e+00
     36.264     7.6505   3.295950    31.8276        456     1.8958  0.000e+00
     36.392     7.6095   3.293324    31.8370        457     1.9000  0.000e+00
     36.517     7.5691   3.291860    31.8582        458     1.9042  0.000e+00
     36.647     7.5359   3.289679    31.8651        459     1.9083  0.000e+00
     36.773     7.5064   3.287223    31.8658        460     1.9125  0.000e+00
     36.902     7.4760   3.285743    31.8777        461     1.9167  0.000e+00
     37.030     7.4493   3.284920    31.8934        462     1.9208  0.000e+00
     37.155     7.4270   3.280269    31.8638        463     1.9250  0.000e+00
     37.283     7.3970   3.274893    31.8334        464     1.9292  0.000e+00
     37.415     7.3539   3.271429    31.8356        465     1.9333  0.000e+00
     37.540     7.3090   3.269600    31.8570        466     1.9375  0.000e+00
     37.667     7.2711   3.268481    31.8798        467     1.9417  0.000e+00
     37.784     7.2416   3.267419    31.8956        468     1.9458  0.000e+00
     37.911     7.2178   3.263191    31.8717        469     1.9500  0.000e+00
     38.030     7.1851   3.259497    31.8618        470     1.9542  0.000e+00
     38.146     7.1453   3.256905    31.8704        471     1.9583  0.000e+00
     38.260     7.1075   3.253080    31.8637        472     1.9625  0.000e+00
     38.370     7.0658   3.250088    31.8697        473     1.9667  0.000e+00
     38.482     7.0233   3.248771    31.8947        474     1.9708  0.000e+00
     38.592     6.9886   3.248035    31.9187        475     1.9750  0.000e+00
     38.697     6.9628   3.247784    31.9400        476     1.9792  0.000e+00
     38.807     6.9459   3.247528    31.9528        477     1.9833  0.000e+00
     38.921     6.9344   3.247450    31.9626        478     1.9875  0.000e+00
     39.037     6.9271   3.247349    31.9682        479     1.9917  0.000e+00
     39.147     6.9222   3.247065    31.9696        480     1.9958  0.000e+00
     39.265     6.9184   3.247087    31.9733        481     2.0000  0.000e+00
     39.384     6.9164   3.247104    31.9753        482     2.0042  0.000e+00
     39.502     6.9153   3.247266    31.9780        483     2.0083  0.000e+00
     39.627     6.9149   3.247126    31.9768        484     2.0125  0.000e+00
     39.748     6.9143   3.247205    31.9782        485     2.0167  0.000e+00
     39.872     6.9141   3.247288    31.9792        486     2.0208  0.000e+00
     39.997     6.9142   3.247188    31.9780        487     2.0250  0.000e+00
     40.120     6.9144   3.247205    31.9779        488     2.0292  0.000e+00
     40.247     6.9146   3.247205    31.9776        489     2.0333  0.000e+00
     40.371     6.9143   3.247065    31.9763        490     2.0375  0.000e+00
     40.500     6.9140   3.247127    31.9772        491     2.0417  0.000e+00
     40.632     6.9135   3.246915    31.9753        492     2.0458  0.000e+00
     40.760     6.9127   3.246904    31.9759        493     2.0500  0.000e+00
     40.887     6.9122   3.246374    31.9705        494     2.0542  0.000e+00
     41.019     6.9104   3.246128    31.9695        495     2.0583  0.000e+00
     41.149     6.9082   3.245743    31.9672        496     2.0625  0.000e+00
     41.277     6.9047   3.245174    31.9642        497     2.0667  0.000e+00
     41.400     6.9003   3.244901    31.9653        498     2.0708  0.000e+00
     41.529     6.8960   3.244550    31.9654        499     2.0750  0.000e+00
     41.642     6.8924   3.244712    31.9705        500     2.0792  0.000e+00
     41.764     6.8900   3.244712    31.9726        501     2.0833  0.000e+00
     41.881     6.8891   3.244667    31.9729        502     2.0875  0.000e+00
     41.997     6.8887   3.244650    31.9730        503     2.0917  0.000e+00
     42.107     6.8878   3.244221    31.9691        504     2.0958  0.000e+00
     42.214     6.8857   3.244221    31.9710        505     2.1000  0.000e+00
     42.328     6.8841   3.244327    31.9736        506     2.1042  0.000e+00
     42.436     6.8838   3.244628    31.9772        507     2.1083  0.000e+00
     42.548     6.8843   3.244427    31.9744        508     2.1125  0.000e+00
     42.659     6.8846   3.244165    31.9713        509     2.1167  0.000e+00
     42.771     6.8838   3.244243    31.9728        510     2.1208  0.000e+00
     42.883     6.8830   3.243736    31.9679        511     2.1250  0.000e+00
     42.991     6.8807   3.243597    31.9685        512     2.1292  0.000e+00
     43.103     6.8783   3.243658    31.9713        513     2.1333  0.000e+00
     43.217     6.8770   3.243574    31.9716        514     2.1375  0.000e+00
     43.326     6.8761   3.243312    31.9695        515     2.1417  0.000e+00
     43.443     6.8740   3.242604    31.9637        516     2.1458  0.000e+00
     43.559     6.8686   3.241874    31.9606        517     2.1500  0.000e+00
     43.671     6.8629   3.240937    31.9558        518     2.1542  0.000e+00
     43.789     6.8536   3.240552    31.9601        519     2.1583  0.000e+00
     43.901     6.8450   3.240051    31.9626        520     2.1625  0.000e+00
     44.020     6.8368   3.239426    31.9634        521     2.1667  0.000e+00
     44.136     6.8275   3.238953    31.9667        522     2.1708  0.000e+00
     44.253     6.8181   3.237520    31.9598        523     2.1750  0.000e+00
     44.374     6.8039   3.236384    31.9605        524     2.1792  0.000e+00
     44.490     6.7871   3.235598    31.9675        525     2.1833  0.000e+00
     44.615     6.7702   3.234646    31.9728        526     2.1875  0.000e+00
     44.734     6.7538   3.233654    31.9771        527     2.1917  0.000e+00
     44.859     6.7381   3.233381    31.9887        528     2.1958  0.000e+00
     44.989     6.7249   3.232930    31.9961        529     2.2000  0.000e+00
     45.116     6.7139   3.232485    32.0014        530     2.2042  0.000e+00
     45.242     6.7043   3.231939    32.0042        531     2.2083  0.000e+00
     45.378     6.6949   3.231377    32.0068        532     2.2125  0.000e+00
     45.506     6.6851   3.230163    32.0026        533     2.2167  0.000e+00
     45.642     6.6709   3.228387    31.9963        534     2.2208  0.000e+00
     45.765     6.6481   3.227430    32.0071        535     2.2250  0.000e+00
     45.893     6.6212   3.228310    32.0419        536     2.2292  0.000e+00
     46.016     6.5987   3.229295    32.0737        537     2.2333  0.000e+00
     46.141     6.5841   3.230465    32.1002        538     2.2375  0.000e+00
     46.266     6.5752   3.231256    32.1172        539     2.2417  0.000e+00
     46.383     6.5703   3.231596    32.1255        540     2.2458  0.000e+00
     46.497     6.5672   3.232041    32.1332        541     2.2500  0.000e+00
     46.617     6.5658   3.232576    32.1405        542     2.2542  0.000e+00
     46.732     6.5652   3.233256    32.1484        543     2.2583  0.000e+00
     46.850     6.5662   3.233740    32.1527        544     2.2625  0.000e+00
     46.965     6.5672   3.234086    32.1556        545     2.2667  0.000e+00
     47.079     6.5682   3.234571    32.1599        546     2.2708  0.000e+00
     47.193     6.5700   3.235902    32.1729        547     2.2750  0.000e+00
     47.311     6.5729   3.236816    32.1801        548     2.2792  0.000e+00
     47.425     6.5761   3.237245    32.1818        549     2.2833  0.000e+00
     47.535     6.5782   3.237479    32.1823        550     2.2875  0.000e+00
     47.643     6.5797   3.237624    32.1824        551     2.2917  0.000e+00
     47.757     6.5799   3.237909    32.1853        552     2.2958  0.000e+00
     47.860     6.5795   3.238371    32.1908        553     2.3000  0.000e+00
     47.967     6.5781   3.238394    32.1922        554     2.3042  0.000e+00
     48.074     6.5753   3.238310    32.1939        555     2.3083  0.000e+00
     48.181     6.5717   3.238483    32.1992        556     2.3125  0.000e+00
     48.289     6.5662   3.238494    32.2045        557     2.3167  0.000e+00
     48.397     6.5555   3.238048    32.2095        558     2.3208  0.000e+00
     48.506     6.5440   3.237848    32.2181        559     2.3250  0.000e+00
     48.616     6.5350   3.237686    32.2247        560     2.3292  0.000e+00
     48.728     6.5287   3.237603    32.2298        561     2.3333  0.000e+00
     48.833     6.5243   3.237441    32.2321        562     2.3375  0.000e+00
     48.951     6.5208   3.237218    32.2328        563     2.3417  0.000e+00
     49.063     6.5182   3.236895    32.2316        564     2.3458  0.000e+00
     49.179     6.5145   3.235965    32.2248        565     2.3500  0.000e+00
     49.291     6.5084   3.235419    32.2245        566     2.3542  0.000e+00
     49.412     6.5018   3.235257    32.2290        567     2.3583  0.000e+00
     49.528     6.4960   3.234065    32.2212        568     2.3625  0.000e+00
     49.649     6.4876   3.233174    32.2192        569     2.3667  0.000e+00
     49.764     6.4774   3.232550    32.2219        570     2.3708  0.000e+00
     49.880     6.4673   3.232066    32.2260        571     2.3750  0.000e+00
     50.007     6.4584   3.231743    32.2308        572     2.3792  0.000e+00
     50.119     6.4504   3.231659    32.2374        573     2.3833  0.000e+00
     50.238     6.4434   3.232629    32.2546        574     2.3875  0.000e+00
     50.358     6.4362   3.233219    32.2679        575     2.3917  0.000e+00
     50.473     6.4292   3.233776    32.2807        576     2.3958  0.000e+00
     50.591     6.4237   3.234205    32.2906        577     2.4000  0.000e+00
     50.714     6.4200   3.234612    32.2985        578     2.4042  0.000e+00
     50.835     6.4178   3.234913    32.3039        579     2.4083  0.000e+00
     50.963     6.4160   3.235097    32.3075        580     2.4125  0.000e+00
     51.086     6.4151   3.235136    32.3087        581     2.4167  0.000e+00
     51.218     6.4151   3.235203    32.3094        582     2.4208  0.000e+00
     51.348     6.4147   3.235237    32.3102        583     2.4250  0.000e+00
     51.473     6.4142   3.235198    32.3101        584     2.4292  0.000e+00
     51.603     6.4139   3.235181    32.3101        585     2.4333  0.000e+00
     51.734     6.4134   3.235136    32.3101        586     2.4375  0.000e+00
     51.849     6.4129   3.235181    32.3109        587     2.4417  0.000e+00
     51.972     6.4126   3.235181    32.3111        588     2.4458  0.000e+00
     52.094     6.4124   3.235203    32.3116        589     2.4500  0.000e+00
     52.211     6.4124   3.235382    32.3135        590     2.4542  0.000e+00
     52.330     6.4119   3.235482    32.3150        591     2.4583  0.000e+00
     52.444     6.4113   3.235521    32.3160        592     2.4625  0.000e+00
     52.558     6.4109   3.235421    32.3152        593     2.4667  0.000e+00
     52.667     6.4103   3.235382    32.3153        594     2.4708  0.000e+00
     52.782     6.4096   3.235421    32.3163        595     2.4750  0.000e+00
     52.889     6.4095   3.235839    32.3210        596     2.4792  0.000e+00
     53.003     6.4091   3.236051    32.3237        597     2.4833  0.000e+00
     53.121     6.4088   3.236129    32.3248        598     2.4875  0.000e+00
     53.233     6.4088   3.236329    32.3269        599     2.4917  0.000e+00
     53.350     6.4089   3.236513    32.3287        600     2.4958  0.000e+00
     53.469     6.4090   3.236474    32.3282        601     2.5000  0.000e+00
     53.583     6.4086   3.236491    32.3287        602     2.5042  0.000e+00
     53.706     6.4082   3.236458    32.3287        603     2.5083  0.000e+00
     53.822     6.4075   3.236452    32.3292        604     2.5125  0.000e+00
     53.939     6.4068   3.236491    32.3302        605     2.5167  0.000e+00
     54.057     6.4063   3.236636    32.3323        606     2.5208  0.000e+00
     54.175     6.4060   3.236653    32.3327        607     2.5250  0.000e+00
     54.294     6.4053   3.236714    32.3339        608     2.5292  0.000e+00
     54.415     6.4049   3.236787    32.3351        609     2.5333  0.000e+00
     54.533     6.4044   3.236982    32.3377        610     2.5375  0.000e+00
     54.646     6.4037   3.237528    32.3443        611     2.5417  0.000e+00
     54.764     6.4025   3.237584    32.3461        612     2.5458  0.000e+00
     54.876     6.4012   3.237729    32.3488        613     2.5500  0.000e+00
     54.994     6.3998   3.238113    32.3543        614     2.5542  0.000e+00
     55.113     6.3992   3.238821    32.3627        615     2.5583  0.000e+00
     55.225     6.3994   3.239184    32.3664        616     2.5625  0.000e+00
     55.348     6.4008   3.239836    32.3723        617     2.5667  0.000e+00
     55.460     6.4023   3.239752    32.3699        618     2.5708  0.000e+00
     55.578     6.4035   3.239713    32.3683        619     2.5750  0.000e+00
     55.677     6.4044   3.240014    32.3707        620     2.5792  0.000e+00
     55.726     6.4049   3.239875    32.3686        621     2.5833  0.000e+00
     55.826     6.4041   3.239647    32.3668        622     2.5875  0.000e+00
     55.865     6.4035   3.239752    32.3686        623     2.5917  0.000e+00
     55.961     6.4030   3.240015    32.3719        624     2.5958  0.000e+00
     56.081     6.4030   3.239652    32.3678        625     2.6000  0.000e+00
