HB2406/sbe013.cnv
* Sea-Bird SBE 19plus V2 Data File:
* FileName = C:\cruise\data\sbe013.hex
* Software Version Seasave V 7.26.7.121
* Temperature SN = 7037
* Conductivity SN = 7037
* System UpLoad Time = Aug 13 2024 12:40:18
* NMEA Latitude = 40 29.50 N
* NMEA Longitude = 068 51.39 W
* NMEA UTC (Time) = Aug 13 2024  12:39:08
** Ship: Henry Bigelow
** Cruise:  HB2406
** Program:  ECOMON
# nquan = 7
# nvalues = 1791                                  
# units = specified
# name 0 = depSM: Depth [salt water, m]
# name 1 = tv290C: Temperature [ITS-90, deg C]
# name 2 = c0S/m: Conductivity [S/m]
# name 3 = sal00: Salinity, Practical [PSU]
# name 4 = scan: Scan Count
# name 5 = timeM: Time, Elapsed [minutes]
# name 6 = flag:  0.000e+00
# span 0 =     -0.021,     69.110                 
# span 1 =    10.9415,    20.9266                 
# span 2 =  -0.103629,   4.490680                 
# span 3 =     0.0000,    35.9511                 
# span 4 =         11,       1801                 
# span 5 =     0.0417,     7.5000                 
# span 6 = 0.0000e+00, 0.0000e+00                 
# interval = seconds: 0.25
# start_time = Aug 13 2024 12:39:08 [NMEA time, header]
# bad_flag = -9.990e-29
*END*
[from data line 206]
     11.519    19.8488   4.431651    32.1791        217     0.9000  0.000e+00
     11.660    19.7487   4.426705    32.2156        218     0.9042  0.000e+00
     11.810    19.6294   4.417892    32.2354        219     0.9083  0.000e+00
     11.958    19.4995   4.406352    32.2413        220     0.9125  0.000e+00
     12.110    19.3387   4.390954    32.2393        221     0.9167  0.000e+00
     12.260    19.1484   4.371462    32.2262        222     0.9208  0.000e+00
     12.405    18.9347   4.356537    32.2689        223     0.9250  0.000e+00
     12.549    18.7230   4.341030    32.3053        224     0.9292  0.000e+00
     12.694    18.5304   4.334102    32.3986        225     0.9333  0.000e+00
     12.842    18.3602   4.329992    32.4983        226     0.9375  0.000e+00
     12.994    18.2133   4.326390    32.5845        227     0.9417  0.000e+00
     13.146    18.0891   4.322590    32.6513        228     0.9458  0.000e+00
     13.296    17.9884   4.316893    32.6836        229     0.9500  0.000e+00
     13.457    17.9075   4.311187    32.7000        230     0.9542  0.000e+00
     13.625    17.8378   4.308022    32.7289        231     0.9583  0.000e+00
     13.797    17.7736   4.306604    32.7684        232     0.9625  0.000e+00
     13.976    17.7085   4.307455    32.8280        233     0.9667  0.000e+00
     14.159    17.6547   4.309795    32.8914        234     0.9708  0.000e+00
     14.343    17.6163   4.312586    32.9462        235     0.9750  0.000e+00
     14.535    17.5880   4.316480    33.0024        236     0.9792  0.000e+00
     14.725    17.5745   4.315829    33.0077        237     0.9833  0.000e+00
     14.920    17.5689   4.317250    33.0243        238     0.9875  0.000e+00
     15.106    17.5605   4.308777    32.9587        239     0.9917  0.000e+00
     15.285    17.5435   4.294532    32.8506        240     0.9958  0.000e+00
     15.466    17.5083   4.280232    32.7568        241     1.0000  0.000e+00
     15.625    17.4407   4.262047    32.6557        242     1.0042  0.000e+00
     15.781    17.3429   4.243988    32.5797        243     1.0083  0.000e+00
     15.925    17.2268   4.227941    32.5353        244     1.0125  0.000e+00
     16.057    17.1036   4.215805    32.5302        245     1.0167  0.000e+00
     16.184    16.9720   4.206191    32.5534        246     1.0208  0.000e+00
     16.311    16.8422   4.198152    32.5889        247     1.0250  0.000e+00
     16.432    16.7272   4.194775    32.6531        248     1.0292  0.000e+00
     16.555    16.6227   4.194319    32.7343        249     1.0333  0.000e+00
     16.679    16.5366   4.197840    32.8355        250     1.0375  0.000e+00
     16.813    16.4703   4.201753    32.9243        251     1.0417  0.000e+00
     16.954    16.4244   4.204434    32.9856        252     1.0458  0.000e+00
     17.097    16.3861   4.210479    33.0702        253     1.0500  0.000e+00
     17.249    16.3493   4.211391    33.1087        254     1.0542  0.000e+00
     17.405    16.3177   4.210072    33.1233        255     1.0583  0.000e+00
     17.569    16.2911   4.204170    33.0935        256     1.0625  0.000e+00
     17.732    16.2655   4.199484    33.0735        257     1.0667  0.000e+00
     17.902    16.2420   4.193650    33.0416        258     1.0708  0.000e+00
     18.077    16.2216   4.188352    33.0119        259     1.0750  0.000e+00
     18.256    16.2035   4.185255    32.9996        260     1.0792  0.000e+00
     18.439    16.1872   4.185787    33.0177        261     1.0833  0.000e+00
     18.620    16.1735   4.188328    33.0514        262     1.0875  0.000e+00
     18.799    16.1604   4.189125    33.0692        263     1.0917  0.000e+00
     18.983    16.1451   4.185547    33.0504        264     1.0958  0.000e+00
     19.157    16.1280   4.181784    33.0313        265     1.1000  0.000e+00
     19.330    16.1150   4.180913    33.0344        266     1.1042  0.000e+00
     19.509    16.1045   4.178326    33.0202        267     1.1083  0.000e+00
     19.679    16.0932   4.169862    32.9548        268     1.1125  0.000e+00
     19.848    16.0804   4.163127    32.9060        269     1.1167  0.000e+00
     20.010    16.0700   4.159514    32.8826        270     1.1208  0.000e+00
     20.159    16.0618   4.157258    32.8695        271     1.1250  0.000e+00
     20.294    16.0540   4.154738    32.8536        272     1.1292  0.000e+00
     20.425    16.0505   4.155471    32.8629        273     1.1333  0.000e+00
     20.542    16.0482   4.158966    32.8956        274     1.1375  0.000e+00
     20.652    16.0449   4.163917    32.9421        275     1.1417  0.000e+00
     20.755    16.0352   4.169506    32.9994        276     1.1458  0.000e+00
     20.860    16.0211   4.174894    33.0588        277     1.1500  0.000e+00
     20.972    16.0069   4.182472    33.1376        278     1.1542  0.000e+00
     21.083    15.9943   4.191973    33.2322        279     1.1583  0.000e+00
     21.206    15.9886   4.217539    33.4635        280     1.1625  0.000e+00
     21.334    15.9860   4.241175    33.6753        281     1.1667  0.000e+00
     21.473    15.9808   4.246291    33.7250        282     1.1708  0.000e+00
     21.625    15.9816   4.252187    33.7766        283     1.1750  0.000e+00
     21.788    16.0521   4.260301    33.7886        284     1.1792  0.000e+00
     21.967    16.1630   4.263519    33.7227        285     1.1833  0.000e+00
     22.146    16.2739   4.264794    33.6400        286     1.1875  0.000e+00
     22.329    16.4532   4.266149    33.5008        287     1.1917  0.000e+00
     22.522    16.6036   4.266689    33.3796        288     1.1958  0.000e+00
     22.716    16.6937   4.265355    33.2929        289     1.2000  0.000e+00
     22.913    16.7219   4.259757    33.2205        290     1.2042  0.000e+00
     23.106    16.7123   4.245759    33.1065        291     1.2083  0.000e+00
     23.291    16.6689   4.229857    33.0036        292     1.2125  0.000e+00
     23.461    16.4800   4.208232    32.9705        293     1.2167  0.000e+00
     23.616    16.1189   4.151301    32.7684        294     1.2208  0.000e+00
     23.757    15.6917   4.082353    32.5103        295     1.2250  0.000e+00
     23.887    15.2351   4.034221    32.4575        296     1.2292  0.000e+00
     23.998    14.7672   3.995444    32.4966        297     1.2333  0.000e+00
     24.104    14.3030   3.974870    32.6990        298     1.2375  0.000e+00
     24.211    13.8847   3.962789    32.9440        299     1.2417  0.000e+00
     24.318    13.5471   3.962443    33.2324        300     1.2458  0.000e+00
     24.430    13.2678   3.982359    33.6646        301     1.2500  0.000e+00
     24.544    13.0703   4.048120    34.4645        302     1.2542  0.000e+00
     24.665    12.9638   4.121246    35.2598        303     1.2583  0.000e+00
     24.799    12.8465   4.141539    35.5642        304     1.2625  0.000e+00
     24.935    12.8360   4.180775    35.9511        305     1.2667  0.000e+00
     25.081    13.0404   4.198374    35.9256        306     1.2708  0.000e+00
     25.233    13.3575   4.205253    35.6917        307     1.2750  0.000e+00
     25.387    13.7980   4.200734    35.2396        308     1.2792  0.000e+00
     25.549    14.1111   4.188631    34.8407        309     1.2833  0.000e+00
     25.714    14.2832   4.157543    34.3978        310     1.2875  0.000e+00
     25.880    14.2993   4.131974    34.1472        311     1.2917  0.000e+00
     26.043    14.2517   4.090995    33.8108        312     1.2958  0.000e+00
     26.206    14.1634   4.052130    33.5290        313     1.3000  0.000e+00
     26.361    13.9168   4.006971    33.3251        314     1.3042  0.000e+00
     26.504    13.5865   3.953354    33.1124        315     1.3083  0.000e+00
     26.640    13.2518   3.909823    32.9946        316     1.3125  0.000e+00
     26.763    12.9139   3.883752    33.0424        317     1.3167  0.000e+00
     26.891    12.6132   3.867193    33.1486        318     1.3208  0.000e+00
     27.012    12.3503   3.859697    33.3092        319     1.3250  0.000e+00
     27.133    12.1589   3.857231    33.4562        320     1.3292  0.000e+00
     27.249    12.0133   3.860550    33.6190        321     1.3333  0.000e+00
     27.374    11.8965   3.880673    33.9206        322     1.3375  0.000e+00
     27.502    11.8149   3.941160    34.5866        323     1.3417  0.000e+00
     27.640    11.7655   4.001222    35.2223        324     1.3458  0.000e+00
     27.783    11.7299   4.037483    35.6131        325     1.3500  0.000e+00
     27.927    11.7152   4.046554    35.7167        326     1.3542  0.000e+00
     28.085    11.7078   4.053895    35.7962        327     1.3583  0.000e+00
     28.240    11.7094   4.055078    35.8062        328     1.3625  0.000e+00
     28.398    11.7293   4.039596    35.6343        329     1.3667  0.000e+00
     28.555    11.7576   4.007619    35.2923        330     1.3708  0.000e+00
     28.716    11.7801   3.963525    34.8378        331     1.3750  0.000e+00
     28.870    11.7885   3.936291    34.5629        332     1.3792  0.000e+00
     29.030    11.7858   3.915806    34.3647        333     1.3833  0.000e+00
     29.182    11.7717   3.893343    34.1578        334     1.3875  0.000e+00
     29.336    11.7509   3.873112    33.9790        335     1.3917  0.000e+00
     29.484    11.7282   3.862354    33.8944        336     1.3958  0.000e+00
     29.629    11.7096   3.858421    33.8728        337     1.4000  0.000e+00
     29.777    11.7018   3.855015    33.8465        338     1.4042  0.000e+00
     29.918    11.6963   3.851466    33.8168        339     1.4083  0.000e+00
     30.056    11.6850   3.848140    33.7945        340     1.4125  0.000e+00
     30.190    11.6780   3.846266    33.7824        341     1.4167  0.000e+00
     30.322    11.6834   3.847579    33.7903        342     1.4208  0.000e+00
     30.448    11.6973   3.850332    33.8045        343     1.4250  0.000e+00
     30.571    11.7176   3.853175    33.8138        344     1.4292  0.000e+00
     30.692    11.7440   3.857375    33.8307        345     1.4333  0.000e+00
     30.808    11.7720   3.867109    33.9003        346     1.4375  0.000e+00
     30.927    11.8003   3.886974    34.0685        347     1.4417  0.000e+00
     31.058    11.8346   3.922242    34.3817        348     1.4458  0.000e+00
     31.181    11.8696   3.964933    34.7667        349     1.4500  0.000e+00
     31.313    11.8894   3.991787    35.0110        350     1.4542  0.000e+00
     31.452    11.9094   4.040850    35.4728        351     1.4583  0.000e+00
     31.598    12.0229   4.077225    35.7207        352     1.4625  0.000e+00
     31.748    12.3033   4.098569    35.6608        353     1.4667  0.000e+00
     31.904    12.8269   4.107523    35.2530        354     1.4708  0.000e+00
     32.069    13.3536   4.109632    34.7862        355     1.4750  0.000e+00
     32.235    13.8056   4.109270    34.3734        356     1.4792  0.000e+00
     32.412    14.1560   4.106751    34.0380        357     1.4833  0.000e+00
     32.587    14.3824   4.094364    33.7249        358     1.4875  0.000e+00
     32.761    14.4594   4.069627    33.4309        359     1.4917  0.000e+00
     32.937    14.4023   4.045064    33.2547        360     1.4958  0.000e+00
     33.110    14.3099   4.017451    33.0804        361     1.5000  0.000e+00
     33.280    14.1872   3.988140    32.9157        362     1.5042  0.000e+00
     33.445    14.0071   3.970807    32.9097        363     1.5083  0.000e+00
     33.604    13.7986   3.952979    32.9231        364     1.5125  0.000e+00
     33.754    13.6142   3.944637    33.0041        365     1.5167  0.000e+00
     33.902    13.4817   3.949127    33.1607        366     1.5208  0.000e+00
     34.045    13.3956   3.956825    33.3080        367     1.5250  0.000e+00
     34.177    13.3520   3.966462    33.4367        368     1.5292  0.000e+00
     34.309    13.3392   3.974935    33.5275        369     1.5333  0.000e+00
     34.445    13.3520   3.982501    33.5874        370     1.5375  0.000e+00
     34.580    13.3659   3.989363    33.6396        371     1.5417  0.000e+00
     34.720    13.3777   3.995157    33.6836        372     1.5458  0.000e+00
     34.850    13.3923   3.999354    33.7101        373     1.5500  0.000e+00
     34.984    13.4101   4.003036    33.7289        374     1.5542  0.000e+00
     35.116    13.4287   4.007096    33.7506        375     1.5583  0.000e+00
     35.244    13.4472   4.010714    33.7682        376     1.5625  0.000e+00
     35.376    13.4653   4.014467    33.7873        377     1.5667  0.000e+00
     35.514    13.4822   4.017772    33.8033        378     1.5708  0.000e+00
     35.646    13.4985   4.021091    33.8200        379     1.5750  0.000e+00
     35.783    13.5151   4.025225    33.8440        380     1.5792  0.000e+00
     35.919    13.5310   4.030822    33.8823        381     1.5833  0.000e+00
     36.053    13.5443   4.037730    33.9353        382     1.5875  0.000e+00
     36.197    13.5547   4.043638    33.9814        383     1.5917  0.000e+00
     36.336    13.5630   4.049392    34.0279        384     1.5958  0.000e+00
     36.479    13.5693   4.054770    34.0728        385     1.6000  0.000e+00
     36.637    13.5738   4.061073    34.1277        386     1.6042  0.000e+00
     36.792    13.5775   4.065524    34.1661        387     1.6083  0.000e+00
     36.951    13.5797   4.068572    34.1928        388     1.6125  0.000e+00
     37.116    13.6013   4.071003    34.1961        389     1.6167  0.000e+00
     37.279    13.6434   4.067264    34.1234        390     1.6208  0.000e+00
     37.449    13.6727   4.059309    34.0228        391     1.6250  0.000e+00
     37.622    13.6844   4.050641    33.9312        392     1.6292  0.000e+00
     37.780    13.6854   4.048232    33.9077        393     1.6333  0.000e+00
     37.942    13.6823   4.043016    33.8616        394     1.6375  0.000e+00
     38.109    13.7079   4.039556    33.8066        395     1.6417  0.000e+00
     38.264    13.8506   4.043623    33.7187        396     1.6458  0.000e+00
     38.423    14.0673   4.071742    33.7894        397     1.6500  0.000e+00
     38.570    14.2985   4.108046    33.9219        398     1.6542  0.000e+00
     38.716    14.5060   4.143774    34.0684        399     1.6583  0.000e+00
     38.859    14.7210   4.166995    34.0923        400     1.6625  0.000e+00
     39.006    14.9238   4.186820    34.0955        401     1.6667  0.000e+00
     39.147    15.0908   4.203353    34.0998        402     1.6708  0.000e+00
     39.282    15.2142   4.215592    34.1030        403     1.6750  0.000e+00
     39.425    15.3161   4.222703    34.0785        404     1.6792  0.000e+00
     39.565    15.3941   4.229050    34.0679        405     1.6833  0.000e+00
     39.706    15.4513   4.234599    34.0682        406     1.6875  0.000e+00
     39.843    15.4889   4.238145    34.0674        407     1.6917  0.000e+00
     39.986    15.5139   4.241531    34.0762        408     1.6958  0.000e+00
     40.131    15.5292   4.242799    34.0743        409     1.7000  0.000e+00
     40.275    15.5385   4.243806    34.0752        410     1.7042  0.000e+00
     40.417    15.5440   4.243346    34.0663        411     1.7083  0.000e+00
     40.561    15.5481   4.241481    34.0459        412     1.7125  0.000e+00
     40.708    15.5527   4.243464    34.0597        413     1.7167  0.000e+00
     40.847    15.5562   4.246323    34.0823        414     1.7208  0.000e+00
     40.994    15.5561   4.249234    34.1084        415     1.7250  0.000e+00
     41.136    15.5503   4.250490    34.1247        416     1.7292  0.000e+00
     41.276    15.5354   4.250652    34.1389        417     1.7333  0.000e+00
     41.418    15.5181   4.246324    34.1151        418     1.7375  0.000e+00
     41.567    15.5023   4.241899    34.0889        419     1.7417  0.000e+00
     41.713    15.4886   4.241284    34.0952        420     1.7458  0.000e+00
