HB2406/sbe020.cnv
* Sea-Bird SBE 19plus V2 Data File:
* FileName = C:\cruise\data\sbe020.hex
* Software Version Seasave V 7.26.7.121
* Temperature SN = 7037
* Conductivity SN = 7037
* System UpLoad Time = Aug 14 2024 05:07:04
* NMEA Latitude = 40 49.10 N
* NMEA Longitude = 067 57.82 W
* NMEA UTC (Time) = Aug 14 2024  05:05:55
** Ship: Henry Bigelow
** Cruise:  HB2406
** Program:  ECOMON
# nquan = 7
# nvalues = 1613                                  
# units = specified
# name 0 = depSM: Depth [salt water, m]
# name 1 = tv290C: Temperature [ITS-90, deg C]
# name 2 = c0S/m: Conductivity [S/m]
# name 3 = sal00: Salinity, Practical [PSU]
# name 4 = scan: Scan Count
# name 5 = timeM: Time, Elapsed [minutes]
# name 6 = flag:  0.000e+00
# span 0 =     -0.019,     63.415                 
# span 1 =    10.9058,    19.7282                 
# span 2 =  -0.000100,   4.349185                 
# span 3 =     0.0000,    32.1056                 
# span 4 =         11,       1623                 
# span 5 =     0.0417,     6.7583                 
# span 6 = 0.0000e+00, 0.0000e+00                 
# interval = seconds: 0.25
# start_time = Aug 14 2024 05:05:55 [NMEA time, header]
# bad_flag = -9.990e-29
*END*
[from data line 1436]
      4.454    19.7238   4.348356    31.6003       1447     6.0250  0.000e+00
      4.347    19.7232   4.348557    31.6024       1448     6.0292  0.000e+00
      4.240    19.7232   4.348532    31.6023       1449     6.0333  0.000e+00
      4.128    19.7235   4.348708    31.6035       1450     6.0375  0.000e+00
      4.021    19.7240   4.348582    31.6021       1451     6.0417  0.000e+00
      3.916    19.7242   4.348532    31.6016       1452     6.0458  0.000e+00
      3.811    19.7243   4.349009    31.6054       1453     6.0500  0.000e+00
      3.710    19.7252   4.349084    31.6054       1454     6.0542  0.000e+00
      3.620    19.7264   4.349160    31.6051       1455     6.0583  0.000e+00
      3.515    19.7273   4.349185    31.6047       1456     6.0625  0.000e+00
      3.413    19.7278   4.349009    31.6029       1457     6.0667  0.000e+00
      3.309    19.7277   4.348984    31.6028       1458     6.0708  0.000e+00
      3.202    19.7273   4.349084    31.6040       1459     6.0750  0.000e+00
      3.090    19.7276   4.349134    31.6042       1460     6.0792  0.000e+00
      2.985    19.7282   4.349059    31.6031       1461     6.0833  0.000e+00
      2.902    19.7280   4.348983    31.6028       1462     6.0875  0.000e+00
      2.819    19.7279   4.349134    31.6041       1463     6.0917  0.000e+00
      2.750    19.7282   4.349059    31.6033       1464     6.0958  0.000e+00
      2.692    19.7280   4.349059    31.6034       1465     6.1000  0.000e+00
      2.634    19.7281   4.348858    31.6018       1466     6.1042  0.000e+00
      2.573    19.7272   4.348807    31.6020       1467     6.1083  0.000e+00
      2.510    19.7262   4.348782    31.6026       1468     6.1125  0.000e+00
      2.448    19.7254   4.348657    31.6022       1469     6.1167  0.000e+00
      2.376    19.7247   4.348933    31.6050       1470     6.1208  0.000e+00
      2.300    19.7248   4.349033    31.6058       1471     6.1250  0.000e+00
      2.226    19.7254   4.348983    31.6049       1472     6.1292  0.000e+00
      2.135    19.7258   4.349134    31.6059       1473     6.1333  0.000e+00
      2.038    19.7263   4.348908    31.6037       1474     6.1375  0.000e+00
      1.938    19.7262   4.348430    31.5999       1475     6.1417  0.000e+00
      1.831    19.7245   4.348280    31.6000       1476     6.1458  0.000e+00
      1.727    19.7223   4.348355    31.6023       1477     6.1500  0.000e+00
      1.615    19.7212   4.348330    31.6030       1478     6.1542  0.000e+00
      1.515    19.7203   4.348430    31.6045       1479     6.1583  0.000e+00
      1.425    19.7203   4.348707    31.6068       1480     6.1625  0.000e+00
      1.338    19.7210   4.348732    31.6065       1481     6.1667  0.000e+00
      1.255    19.7220   4.348933    31.6074       1482     6.1708  0.000e+00
      1.184    19.7230   4.349058    31.6077       1483     6.1750  0.000e+00
      1.092    19.7243   4.348932    31.6057       1484     6.1792  0.000e+00
      0.958    19.7248   4.348907    31.6052       1485     6.1833  0.000e+00
      0.819    19.7249   4.348832    31.6045       1486     6.1875  0.000e+00
      0.699    19.7247   4.348656    31.6033       1487     6.1917  0.000e+00
      0.636    19.7241   4.348706    31.6042       1488     6.1958  0.000e+00
      0.575    19.7234   4.348782    31.6053       1489     6.2000  0.000e+00
      0.517    19.7233   4.348530    31.6034       1490     6.2042  0.000e+00
      0.477    19.7229   4.348304    31.6019       1491     6.2083  0.000e+00
      0.457    19.7216   4.347727    31.5982       1492     6.2125  0.000e+00
      0.452    19.7183   4.347250    31.5968       1493     6.2167  0.000e+00
      0.461    19.7146   4.347451    31.6012       1494     6.2208  0.000e+00
      0.464    19.7127   4.347400    31.6022       1495     6.2250  0.000e+00
      0.475    19.7112   4.347576    31.6048       1496     6.2292  0.000e+00
      0.484    19.7107   4.347501    31.6045       1497     6.2333  0.000e+00
      0.479    19.7108   4.347149    31.6016       1498     6.2375  0.000e+00
      0.443    19.7087   4.347752    31.6081       1499     6.2417  0.000e+00
      0.356    19.7094   4.347878    31.6087       1500     6.2458  0.000e+00
      0.249    19.7105   4.347852    31.6077       1501     6.2500  0.000e+00
      0.179    19.7112   4.347400    31.6035       1502     6.2542  0.000e+00
      0.121    19.7108   4.347903    31.6078       1503     6.2583  0.000e+00
      0.039    19.7103   2.838996    19.7155       1504     6.2625  0.000e+00
     -0.004    19.7062   0.761995     4.7361       1505     6.2667  0.000e+00
     -0.006    19.6892   0.444678     2.6655       1506     6.2708  0.000e+00
     -0.011    19.6623   0.317649     1.8665       1507     6.2750  0.000e+00
     -0.011    19.6317   0.256491     1.4899       1508     6.2792  0.000e+00
     -0.011    19.6042   0.220725     1.2725       1509     6.2833  0.000e+00
     -0.013    19.5847   0.118394     0.6626       1510     6.2875  0.000e+00
     -0.019    19.5734   0.088535     0.4898       1511     6.2917  0.000e+00
     -0.019    19.5655   0.086960     0.4808       1512     6.2958  0.000e+00
     -0.019    19.5594   0.085754     0.4740       1513     6.3000  0.000e+00
     -0.013    19.5537   0.083443     0.4608       1514     6.3042  0.000e+00
     -0.015    19.5476   0.077998     0.4298       1515     6.3083  0.000e+00
     -0.017    19.5413   0.070473     0.3870       1516     6.3125  0.000e+00
     -0.019    19.5342   0.064294     0.3521       1517     6.3167  0.000e+00
     -0.017    19.5272   0.057382     0.3132       1518     6.3208  0.000e+00
     -0.017    19.5199   0.046148     0.2506       1519     6.3250  0.000e+00
     -0.014    19.5126   0.126220     0.7096       1520     6.3292  0.000e+00
     -0.014    19.5052   0.427460     2.5670       1521     6.3333  0.000e+00
     -0.010    19.4980   0.270837     1.5830       1522     6.3375  0.000e+00
     -0.012    19.4906   0.181935     1.0412       1523     6.3417  0.000e+00
     -0.012    19.4830   0.135957     0.7674       1524     6.3458  0.000e+00
     -0.016    19.4752   0.113159     0.6337       1525     6.3500  0.000e+00
     -0.014    19.4673   0.247266     1.4389       1526     6.3542  0.000e+00
      0.013    19.4592   0.664369     4.1131       1527     6.3583  0.000e+00
      0.020    19.4520   2.917449    20.4405       1528     6.3625  0.000e+00
      0.015    19.4466   3.880885    28.0257       1529     6.3667  0.000e+00
      0.019    19.4422   4.340789    31.7533       1530     6.3708  0.000e+00
     -0.005    19.4415   4.340186    31.7488       1531     6.3750  0.000e+00
      0.002    19.4432   4.335789    31.7116       1532     6.3792  0.000e+00
      0.017    19.4529   4.338172    31.7238       1533     6.3833  0.000e+00
      0.020    19.4937   4.338950    31.6991       1534     6.3875  0.000e+00
      0.028    19.5461   4.340135    31.6691       1535     6.3917  0.000e+00
      0.042    19.5902   4.340360    31.6376       1536     6.3958  0.000e+00
      0.021    19.6207   4.278837    31.1146       1537     6.4000  0.000e+00
      0.008    19.6397   2.706259    18.7363       1538     6.4042  0.000e+00
      0.011    19.6503   0.755894     4.7016       1539     6.4083  0.000e+00
      0.042    19.6376   0.511976     3.1009       1540     6.4125  0.000e+00
      0.058    19.6248   3.839663    27.5777       1541     6.4167  0.000e+00
      0.013    19.6254   4.064581    29.3796       1542     6.4208  0.000e+00
     -0.012    19.6338   2.707529    18.7486       1543     6.4250  0.000e+00
     -0.012    19.6394   1.809113    12.0661       1544     6.4292  0.000e+00
     -0.010    19.6407   0.800873     5.0035       1545     6.4333  0.000e+00
     -0.012    19.6383   0.922063     5.8215       1546     6.4375  0.000e+00
     -0.012    19.6329   1.093736     6.9975       1547     6.4417  0.000e+00
     -0.019    19.6282   0.509224     3.0838       1548     6.4458  0.000e+00
     -0.019    19.6233   0.313520     1.8425       1549     6.4500  0.000e+00
     -0.014    19.6180   0.411143     2.4564       1550     6.4542  0.000e+00
     -0.010    19.6121   0.326749     1.9254       1551     6.4583  0.000e+00
     -0.007    19.6059   0.277997     1.6231       1552     6.4625  0.000e+00
     -0.014    19.5994   0.243729     1.4129       1553     6.4667  0.000e+00
     -0.012    19.5921   0.215733     1.2426       1554     6.4708  0.000e+00
     -0.018    19.5843   0.196108     1.1242       1555     6.4750  0.000e+00
     -0.012    19.5765   0.179444     1.0242       1556     6.4792  0.000e+00
     -0.007    19.5689   0.158673     0.9004       1557     6.4833  0.000e+00
     -0.007    19.5612   0.140925     0.7953       1558     6.4875  0.000e+00
     -0.011    19.5534   0.120264     0.6740       1559     6.4917  0.000e+00
     -0.012    19.5447   0.092241     0.5114       1560     6.4958  0.000e+00
     -0.012    19.5359   0.019832     0.1073       1561     6.5000  0.000e+00
     -0.014    19.5274  -0.000044     0.0000       1562     6.5042  0.000e+00
     -0.016    19.5189  -0.000081     0.0000       1563     6.5083  0.000e+00
     -0.014    19.5103  -0.000100     0.0000       1564     6.5125  0.000e+00
     -0.013    19.5017  -0.000095     0.0000       1565     6.5167  0.000e+00
     -0.011    19.4934  -0.000084     0.0000       1566     6.5208  0.000e+00
     -0.007    19.4851  -0.000084     0.0000       1567     6.5250  0.000e+00
     -0.007    19.4767  -0.000084     0.0000       1568     6.5292  0.000e+00
     -0.011    19.4683  -0.000071     0.0000       1569     6.5333  0.000e+00
     -0.011    19.4599  -0.000060     0.0000       1570     6.5375  0.000e+00
     -0.009    19.4514  -0.000060     0.0000       1571     6.5417  0.000e+00
     -0.013    19.4432  -0.000065     0.0000       1572     6.5458  0.000e+00
     -0.013    19.4348  -0.000060     0.0000       1573     6.5500  0.000e+00
     -0.007    19.4264  -0.000060     0.0000       1574     6.5542  0.000e+00
     -0.009    19.4181  -0.000065     0.0000       1575     6.5583  0.000e+00
     -0.009    19.4096  -0.000057     0.0000       1576     6.5625  0.000e+00
     -0.011    19.4015  -0.000060     0.0000       1577     6.5667  0.000e+00
     -0.011    19.3935  -0.000060     0.0000       1578     6.5708  0.000e+00
     -0.009    19.3852  -0.000060     0.0000       1579     6.5750  0.000e+00
     -0.007    19.3775  -0.000055     0.0000       1580     6.5792  0.000e+00
     -0.002    19.3694  -0.000055     0.0000       1581     6.5833  0.000e+00
     -0.004    19.3616  -0.000055     0.0000       1582     6.5875  0.000e+00
     -0.006    19.3540  -0.000052     0.0000       1583     6.5917  0.000e+00
     -0.000    19.3464  -0.000055     0.0000       1584     6.5958  0.000e+00
     -0.007    19.3388  -0.000060     0.0000       1585     6.6000  0.000e+00
     -0.004    19.3312  -0.000055     0.0000       1586     6.6042  0.000e+00
     -0.004    19.3241  -0.000055     0.0000       1587     6.6083  0.000e+00
     -0.005    19.3172  -0.000049     0.0000       1588     6.6125  0.000e+00
     -0.002    19.3099  -0.000047     0.0000       1589     6.6167  0.000e+00
     -0.002    19.3028  -0.000049     0.0000       1590     6.6208  0.000e+00
     -0.000    19.2952  -0.000049     0.0000       1591     6.6250  0.000e+00
     -0.002    19.2881  -0.000049     0.0000       1592     6.6292  0.000e+00
     -0.002    19.2806  -0.000055     0.0000       1593     6.6333  0.000e+00
     -0.004    19.2734  -0.000055     0.0000       1594     6.6375  0.000e+00
      0.002    19.2663  -0.000055     0.0000       1595     6.6417  0.000e+00
     -0.004    19.2597  -0.000047     0.0000       1596     6.6458  0.000e+00
     -0.000    19.2530  -0.000055     0.0000       1597     6.6500  0.000e+00
     -0.002    19.2463  -0.000055     0.0000       1598     6.6542  0.000e+00
     -0.006    19.2397  -0.000055     0.0000       1599     6.6583  0.000e+00
     -0.000    19.2328  -0.000049     0.0000       1600     6.6625  0.000e+00
     -0.002    19.2261  -0.000044     0.0000       1601     6.6667  0.000e+00
     -0.000    19.2194  -0.000047     0.0000       1602     6.6708  0.000e+00
     -0.004    19.2134  -0.000049     0.0000       1603     6.6750  0.000e+00
     -0.006    19.2075  -0.000049     0.0000       1604     6.6792  0.000e+00
     -0.002    19.2014  -0.000049     0.0000       1605     6.6833  0.000e+00
      0.001    19.1956  -0.000044     0.0000       1606     6.6875  0.000e+00
      0.003    19.1895  -0.000049     0.0000       1607     6.6917  0.000e+00
      0.005    19.1836  -0.000049     0.0000       1608     6.6958  0.000e+00
      0.007    19.1779  -0.000047     0.0000       1609     6.7000  0.000e+00
      0.007    19.1720  -0.000049     0.0000       1610     6.7042  0.000e+00
      0.001    19.1665  -0.000049     0.0000       1611     6.7083  0.000e+00
      0.003    19.1614  -0.000044     0.0000       1612     6.7125  0.000e+00
      0.005    19.1564  -0.000049     0.0000       1613     6.7167  0.000e+00
      0.008    19.1510  -0.000044     0.0000       1614     6.7208  0.000e+00
      0.005    19.1457  -0.000044     0.0000       1615     6.7250  0.000e+00
      0.005    19.1407  -0.000044     0.0000       1616     6.7292  0.000e+00
      0.005    19.1357  -0.000049     0.0000       1617     6.7333  0.000e+00
      0.010    19.1309  -0.000044     0.0000       1618     6.7375  0.000e+00
      0.006    19.1264  -0.000044     0.0000       1619     6.7417  0.000e+00
      0.008    19.1215  -0.000039     0.0000       1620     6.7458  0.000e+00
      0.006    19.1170  -0.000033     0.0000       1621     6.7500  0.000e+00
      0.005    19.1126  -0.000033     0.0000       1622     6.7542  0.000e+00
      0.005    19.1084  -0.000033     0.0000       1623     6.7583  0.000e+00
