HB2406/sbe016.cnv
* Sea-Bird SBE 19plus V2 Data File:
* FileName = C:\cruise\data\sbe016.hex
* Software Version Seasave V 7.26.7.121
* Temperature SN = 7037
* Conductivity SN = 7037
* System UpLoad Time = Aug 13 2024 18:15:36
* NMEA Latitude = 40 20.14 N
* NMEA Longitude = 068 21.30 W
* NMEA UTC (Time) = Aug 13 2024  18:14:26
** Ship: Henry Bigelow
** Cruise:  HB2406
** Program:  ECOMON
# nquan = 7
# nvalues = 3210                                  
# units = specified
# name 0 = depSM: Depth [salt water, m]
# name 1 = tv290C: Temperature [ITS-90, deg C]
# name 2 = c0S/m: Conductivity [S/m]
# name 3 = sal00: Salinity, Practical [PSU]
# name 4 = scan: Scan Count
# name 5 = timeM: Time, Elapsed [minutes]
# name 6 = flag:  0.000e+00
# span 0 =     -0.018,    125.139                 
# span 1 =    10.6723,    23.4230                 
# span 2 =  -0.000039,   4.947300                 
# span 3 =     0.0000,    35.5447                 
# span 4 =         11,       3220                 
# span 5 =     0.0417,    13.4125                 
# span 6 = 0.0000e+00, 0.0000e+00                 
# interval = seconds: 0.25
# start_time = Aug 13 2024 18:14:26 [NMEA time, header]
# bad_flag = -9.990e-29
*END*
[from data line 1026]
    121.930    10.6837   3.876674    34.9721       1037     4.3167  0.000e+00
    121.848    10.6842   3.876836    34.9733       1038     4.3208  0.000e+00
    121.772    10.6848   3.876860    34.9730       1039     4.3250  0.000e+00
    121.678    10.6853   3.876860    34.9726       1040     4.3292  0.000e+00
    121.587    10.6860   3.876764    34.9710       1041     4.3333  0.000e+00
    121.497    10.6860   3.876926    34.9727       1042     4.3375  0.000e+00
    121.392    10.6867   3.876950    34.9722       1043     4.3417  0.000e+00
    121.298    10.6873   3.877015    34.9724       1044     4.3458  0.000e+00
    121.180    10.6880   3.877015    34.9718       1045     4.3500  0.000e+00
    121.083    10.6887   3.877147    34.9725       1046     4.3542  0.000e+00
    120.979    10.6893   3.877153    34.9720       1047     4.3583  0.000e+00
    120.885    10.6901   3.877153    34.9712       1048     4.3625  0.000e+00
    120.797    10.6907   3.877315    34.9724       1049     4.3667  0.000e+00
    120.712    10.6914   3.877566    34.9743       1050     4.3708  0.000e+00
    120.628    10.6928   3.877680    34.9741       1051     4.3750  0.000e+00
    120.561    10.6948   3.877338    34.9688       1052     4.3792  0.000e+00
    120.491    10.6950   3.877267    34.9679       1053     4.3833  0.000e+00
    120.422    10.6940   3.877290    34.9691       1054     4.3875  0.000e+00
    120.360    10.6939   3.877770    34.9741       1055     4.3917  0.000e+00
    120.295    10.6953   3.877111    34.9661       1056     4.3958  0.000e+00
    120.226    10.6945   3.877362    34.9695       1057     4.4000  0.000e+00
    120.158    10.6941   3.877566    34.9719       1058     4.4042  0.000e+00
    120.083    10.6948   3.877674    34.9724       1059     4.4083  0.000e+00
    120.000    10.6961   3.877614    34.9705       1060     4.4125  0.000e+00
    119.913    10.6966   3.877494    34.9689       1061     4.4167  0.000e+00
    119.834    10.6965   3.877476    34.9688       1062     4.4208  0.000e+00
    119.752    10.6963   3.877614    34.9705       1063     4.4250  0.000e+00
    119.667    10.6966   3.877380    34.9679       1064     4.4292  0.000e+00
    119.591    10.6964   3.877530    34.9696       1065     4.4333  0.000e+00
    119.513    10.6963   3.877518    34.9696       1066     4.4375  0.000e+00
    119.452    10.6966   3.877769    34.9719       1067     4.4417  0.000e+00
    119.383    10.6974   3.877727    34.9707       1068     4.4458  0.000e+00
    119.323    10.6982   3.877613    34.9689       1069     4.4500  0.000e+00
    119.247    10.6983   3.877613    34.9688       1070     4.4542  0.000e+00
    119.178    10.6983   3.877769    34.9704       1071     4.4583  0.000e+00
    119.111    10.6987   3.878272    34.9751       1072     4.4625  0.000e+00
    119.039    10.7010   3.878386    34.9741       1073     4.4667  0.000e+00
    118.952    10.7037   3.878410    34.9718       1074     4.4708  0.000e+00
    118.860    10.7057   3.878410    34.9699       1075     4.4750  0.000e+00
    118.753    10.7068   3.878482    34.9697       1076     4.4792  0.000e+00
    118.648    10.7078   3.878523    34.9691       1077     4.4833  0.000e+00
    118.538    10.7084   3.878529    34.9686       1078     4.4875  0.000e+00
    118.420    10.7092   3.878523    34.9679       1079     4.4917  0.000e+00
    118.310    10.7094   3.878571    34.9683       1080     4.4958  0.000e+00
    118.207    10.7099   3.878709    34.9692       1081     4.5000  0.000e+00
    118.103    10.7107   3.878733    34.9688       1082     4.5042  0.000e+00
    118.000    10.7115   3.878709    34.9678       1083     4.5083  0.000e+00
    117.899    10.7120   3.878799    34.9682       1084     4.5125  0.000e+00
    117.790    10.7125   3.878841    34.9683       1085     4.5167  0.000e+00
    117.685    10.7133   3.878912    34.9682       1086     4.5208  0.000e+00
    117.579    10.7140   3.878960    34.9681       1087     4.5250  0.000e+00
    117.461    10.7146   3.878960    34.9675       1088     4.5292  0.000e+00
    117.354    10.7152   3.879002    34.9675       1089     4.5333  0.000e+00
    117.222    10.7158   3.879074    34.9676       1090     4.5375  0.000e+00
    117.106    10.7165   3.879152    34.9678       1091     4.5417  0.000e+00
    116.983    10.7173   3.879367    34.9693       1092     4.5458  0.000e+00
    116.857    10.7187   3.879487    34.9692       1093     4.5500  0.000e+00
    116.726    10.7203   3.879601    34.9689       1094     4.5542  0.000e+00
    116.616    10.7218   3.879643    34.9680       1095     4.5583  0.000e+00
    116.509    10.7232   3.879828    34.9685       1096     4.5625  0.000e+00
    116.399    10.7245   3.879942    34.9684       1097     4.5667  0.000e+00
    116.297    10.7261   3.880038    34.9680       1098     4.5708  0.000e+00
    116.207    10.7275   3.880146    34.9677       1099     4.5750  0.000e+00
    116.120    10.7289   3.880146    34.9664       1100     4.5792  0.000e+00
    116.026    10.7300   3.880241    34.9664       1101     4.5833  0.000e+00
    115.937    10.7309   3.880397    34.9671       1102     4.5875  0.000e+00
    115.859    10.7321   3.880421    34.9663       1103     4.5917  0.000e+00
    115.774    10.7331   3.880445    34.9655       1104     4.5958  0.000e+00
    115.698    10.7339   3.880469    34.9650       1105     4.6000  0.000e+00
    115.622    10.7348   3.880511    34.9647       1106     4.6042  0.000e+00
    115.561    10.7353   3.880559    34.9647       1107     4.6083  0.000e+00
    115.485    10.7358   3.880583    34.9645       1108     4.6125  0.000e+00
    115.421    10.7362   3.880673    34.9650       1109     4.6167  0.000e+00
    115.358    10.7370   3.880696    34.9646       1110     4.6208  0.000e+00
    115.280    10.7376   3.880720    34.9643       1111     4.6250  0.000e+00
    115.213    10.7381   3.880804    34.9647       1112     4.6292  0.000e+00
    115.139    10.7387   3.880972    34.9658       1113     4.6333  0.000e+00
    115.057    10.7396   3.881110    34.9664       1114     4.6375  0.000e+00
    114.965    10.7407   3.881152    34.9657       1115     4.6417  0.000e+00
    114.871    10.7417   3.881152    34.9649       1116     4.6458  0.000e+00
    114.762    10.7425   3.881151    34.9641       1117     4.6500  0.000e+00
    114.647    10.7430   3.881092    34.9631       1118     4.6542  0.000e+00
    114.536    10.7435   3.881062    34.9624       1119     4.6583  0.000e+00
    114.409    10.7438   3.881061    34.9621       1120     4.6625  0.000e+00
    114.301    10.7439   3.881109    34.9626       1121     4.6667  0.000e+00
    114.183    10.7442   3.881199    34.9633       1122     4.6708  0.000e+00
    114.080    10.7450   3.881247    34.9630       1123     4.6750  0.000e+00
    113.968    10.7458   3.881361    34.9635       1124     4.6792  0.000e+00
    113.876    10.7467   3.881331    34.9624       1125     4.6833  0.000e+00
    113.783    10.7473   3.881451    34.9630       1126     4.6875  0.000e+00
    113.702    10.7480   3.881451    34.9624       1127     4.6917  0.000e+00
    113.624    10.7488   3.881451    34.9616       1128     4.6958  0.000e+00
    113.555    10.7493   3.881498    34.9617       1129     4.7000  0.000e+00
    113.485    10.7496   3.881498    34.9614       1130     4.7042  0.000e+00
    113.425    10.7501   3.881612    34.9621       1131     4.7083  0.000e+00
    113.358    10.7507   3.881804    34.9635       1132     4.7125  0.000e+00
    113.291    10.7516   3.881930    34.9639       1133     4.7167  0.000e+00
    113.217    10.7527   3.882139    34.9651       1134     4.7208  0.000e+00
    113.144    10.7539   3.882229    34.9648       1135     4.7250  0.000e+00
    113.057    10.7552   3.882253    34.9638       1136     4.7292  0.000e+00
    112.972    10.7560   3.882277    34.9633       1137     4.7333  0.000e+00
    112.875    10.7567   3.882277    34.9627       1138     4.7375  0.000e+00
    112.786    10.7570   3.882283    34.9625       1139     4.7417  0.000e+00
    112.681    10.7573   3.882319    34.9627       1140     4.7458  0.000e+00
    112.590    10.7577   3.882391    34.9631       1141     4.7500  0.000e+00
    112.502    10.7581   3.882319    34.9620       1142     4.7542  0.000e+00
    112.402    10.7581   3.882295    34.9618       1143     4.7583  0.000e+00
    112.328    10.7582   3.882570    34.9645       1144     4.7625  0.000e+00
    112.243    10.7588   3.882684    34.9651       1145     4.7667  0.000e+00
    112.167    10.7599   3.882834    34.9656       1146     4.7708  0.000e+00
    112.098    10.7613   3.883032    34.9663       1147     4.7750  0.000e+00
    112.028    10.7627   3.883074    34.9654       1148     4.7792  0.000e+00
    111.966    10.7641   3.883008    34.9634       1149     4.7833  0.000e+00
    111.906    10.7651   3.883074    34.9632       1150     4.7875  0.000e+00
    111.852    10.7655   3.883146    34.9635       1151     4.7917  0.000e+00
    111.812    10.7661   3.883098    34.9624       1152     4.7958  0.000e+00
    111.767    10.7665   3.883121    34.9623       1153     4.8000  0.000e+00
    111.729    10.7667   3.883098    34.9620       1154     4.8042  0.000e+00
    111.691    10.7668   3.883121    34.9621       1155     4.8083  0.000e+00
    111.658    10.7670   3.883097    34.9617       1156     4.8125  0.000e+00
    111.620    10.7671   3.883187    34.9625       1157     4.8167  0.000e+00
    111.573    10.7674   3.883211    34.9625       1158     4.8208  0.000e+00
    111.533    10.7682   3.883211    34.9618       1159     4.8250  0.000e+00
    111.481    10.7684   3.883193    34.9614       1160     4.8292  0.000e+00
    111.432    10.7688   3.883187    34.9609       1161     4.8333  0.000e+00
    111.372    10.7690   3.883235    34.9613       1162     4.8375  0.000e+00
    111.309    10.7694   3.883187    34.9605       1163     4.8417  0.000e+00
    111.233    10.7694   3.883169    34.9603       1164     4.8458  0.000e+00
    111.161    10.7693   3.883145    34.9602       1165     4.8500  0.000e+00
    111.092    10.7692   3.883169    34.9606       1166     4.8542  0.000e+00
    111.016    10.7692   3.883313    34.9621       1167     4.8583  0.000e+00
    110.932    10.7697   3.883601    34.9645       1168     4.8625  0.000e+00
    110.853    10.7714   3.883672    34.9636       1169     4.8667  0.000e+00
    110.777    10.7732   3.883852    34.9638       1170     4.8708  0.000e+00
    110.697    10.7752   3.884038    34.9637       1171     4.8750  0.000e+00
    110.608    10.7770   3.884128    34.9630       1172     4.8792  0.000e+00
    110.532    10.7788   3.884176    34.9617       1173     4.8833  0.000e+00
    110.451    10.7802   3.884152    34.9602       1174     4.8875  0.000e+00
    110.366    10.7813   3.884289    34.9606       1175     4.8917  0.000e+00
    110.286    10.7825   3.884493    34.9615       1176     4.8958  0.000e+00
    110.214    10.7839   3.884607    34.9613       1177     4.9000  0.000e+00
    110.127    10.7856   3.884541    34.9591       1178     4.9042  0.000e+00
    110.049    10.7866   3.884607    34.9589       1179     4.9083  0.000e+00
    109.970    10.7872   3.884631    34.9585       1180     4.9125  0.000e+00
    109.894    10.7879   3.885872    34.9703       1181     4.9167  0.000e+00
    109.819    10.7911   3.885326    34.9619       1182     4.9208  0.000e+00
    109.758    10.7931   3.885800    34.9647       1183     4.9250  0.000e+00
    109.693    10.7952   3.886165    34.9664       1184     4.9292  0.000e+00
    109.638    10.7978   3.886351    34.9659       1185     4.9333  0.000e+00
    109.595    10.8001   3.885961    34.9597       1186     4.9375  0.000e+00
    109.550    10.8007   3.885638    34.9560       1187     4.9417  0.000e+00
    109.515    10.7998   3.885889    34.9594       1188     4.9458  0.000e+00
    109.483    10.7996   3.886477    34.9655       1189     4.9500  0.000e+00
    109.441    10.8015   3.886603    34.9649       1190     4.9542  0.000e+00
    109.407    10.8032   3.886351    34.9607       1191     4.9583  0.000e+00
    109.356    10.8037   3.885751    34.9543       1192     4.9625  0.000e+00
    109.307    10.8024   3.885595    34.9540       1193     4.9667  0.000e+00
    109.244    10.8006   3.885961    34.9594       1194     4.9708  0.000e+00
    109.178    10.8002   3.886165    34.9619       1195     4.9750  0.000e+00
    109.110    10.8011   3.886513    34.9645       1196     4.9792  0.000e+00
    109.026    10.8024   3.886764    34.9658       1197     4.9833  0.000e+00
    108.949    10.8045   3.886668    34.9629       1198     4.9875  0.000e+00
    108.865    10.8059   3.886650    34.9614       1199     4.9917  0.000e+00
    108.786    10.8065   3.886692    34.9614       1200     4.9958  0.000e+00
    108.719    10.8069   3.886830    34.9624       1201     5.0000  0.000e+00
    108.643    10.8076   3.886554    34.9589       1202     5.0042  0.000e+00
    108.581    10.8075   3.886261    34.9562       1203     5.0083  0.000e+00
    108.516    10.8063   3.886740    34.9621       1204     5.0125  0.000e+00
    108.456    10.8065   3.886830    34.9628       1205     5.0167  0.000e+00
    108.395    10.8073   3.887016    34.9640       1206     5.0208  0.000e+00
    108.340    10.8085   3.886878    34.9615       1207     5.0250  0.000e+00
    108.282    10.8092   3.887567    34.9678       1208     5.0292  0.000e+00
    108.224    10.8111   3.887471    34.9650       1209     5.0333  0.000e+00
    108.163    10.8129   3.887429    34.9628       1210     5.0375  0.000e+00
    108.107    10.8136   3.887699    34.9650       1211     5.0417  0.000e+00
    108.043    10.8144   3.887525    34.9625       1212     5.0458  0.000e+00
    107.987    10.8150   3.887381    34.9605       1213     5.0500  0.000e+00
    107.919    10.8146   3.887609    34.9632       1214     5.0542  0.000e+00
    107.861    10.8149   3.888185    34.9687       1215     5.0583  0.000e+00
    107.801    10.8169   3.888137    34.9664       1216     5.0625  0.000e+00
    107.736    10.8185   3.888047    34.9640       1217     5.0667  0.000e+00
    107.662    10.8196   3.889402    34.9765       1218     5.0708  0.000e+00
    107.593    10.8231   3.888964    34.9688       1219     5.0750  0.000e+00
    107.517    10.8256   3.889402    34.9709       1220     5.0792  0.000e+00
    107.435    10.8279   3.890337    34.9781       1221     5.0833  0.000e+00
    107.350    10.8323   3.890661    34.9771       1222     5.0875  0.000e+00
    107.269    10.8365   3.889329    34.9598       1223     5.0917  0.000e+00
    107.182    10.8362   3.890223    34.9691       1224     5.0958  0.000e+00
    107.099    10.8370   3.890457    34.9707       1225     5.1000  0.000e+00
    107.014    10.8390   3.890295    34.9672       1226     5.1042  0.000e+00
    106.934    10.8399   3.890547    34.9689       1227     5.1083  0.000e+00
    106.860    10.8408   3.890355    34.9661       1228     5.1125  0.000e+00
    106.786    10.8413   3.890361    34.9658       1229     5.1167  0.000e+00
    106.722    10.8413   3.889995    34.9622       1230     5.1208  0.000e+00
    106.659    10.8405   3.890613    34.9691       1231     5.1250  0.000e+00
    106.605    10.8412   3.891140    34.9738       1232     5.1292  0.000e+00
    106.552    10.8437   3.890846    34.9685       1233     5.1333  0.000e+00
    106.512    10.8452   3.890798    34.9666       1234     5.1375  0.000e+00
    106.465    10.8458   3.891188    34.9699       1235     5.1417  0.000e+00
    106.425    10.8469   3.891290    34.9699       1236     5.1458  0.000e+00
    106.378    10.8481   3.890684    34.9627       1237     5.1500  0.000e+00
    106.338    10.8473   3.890798    34.9646       1238     5.1542  0.000e+00
    106.293    10.8468   3.890546    34.9627       1239     5.1583  0.000e+00
    106.244    10.8457   3.890546    34.9637       1240     5.1625  0.000e+00
