HB2406/sbe050.cnv
* Sea-Bird SBE 19plus V2 Data File:
* FileName = C:\cruise\data\sbe050.hex
* Software Version Seasave V 7.26.7.121
* Temperature SN = 7037
* Conductivity SN = 7037
* System UpLoad Time = Aug 16 2024 20:14:32
* NMEA Latitude = 43 55.22 N
* NMEA Longitude = 067 46.43 W
* NMEA UTC (Time) = Aug 16 2024  20:13:24
** Ship: Henry Bigelow
** Cruise:  HB2406
** Program:  ECOMON
# nquan = 7
# nvalues = 3074                                  
# units = specified
# name 0 = depSM: Depth [salt water, m]
# name 1 = tv290C: Temperature [ITS-90, deg C]
# name 2 = c0S/m: Conductivity [S/m]
# name 3 = sal00: Salinity, Practical [PSU]
# name 4 = scan: Scan Count
# name 5 = timeM: Time, Elapsed [minutes]
# name 6 = flag:  0.000e+00
# span 0 =      0.023,     20.407                 
# span 1 =    15.6845,    23.7560                 
# span 2 =  -0.000055,   4.595000                 
# span 3 =     0.0000,    33.3936                 
# span 4 =         11,       3084                 
# span 5 =     0.0417,    12.8458                 
# span 6 = 0.0000e+00, 0.0000e+00                 
# interval = seconds: 0.25
# start_time = Aug 16 2024 20:13:24 [NMEA time, header]
# bad_flag = -9.990e-29
*END*
[from data line 1847]
      2.845    18.1033   4.242189    31.9662       1858     7.7375  0.000e+00
      2.852    18.1114   4.242226    31.9602       1859     7.7417  0.000e+00
      2.856    18.1172   4.241723    31.9514       1860     7.7458  0.000e+00
      2.848    18.1191   4.240971    31.9436       1861     7.7500  0.000e+00
      2.841    18.1177   4.241822    31.9519       1862     7.7542  0.000e+00
      2.832    18.1187   4.241536    31.9487       1863     7.7583  0.000e+00
      2.805    18.1193   4.241654    31.9492       1864     7.7625  0.000e+00
      2.780    18.1197   4.241629    31.9487       1865     7.7667  0.000e+00
      2.747    18.1201   4.242456    31.9553       1866     7.7708  0.000e+00
      2.713    18.1225   4.243804    31.9648       1867     7.7750  0.000e+00
      2.678    18.1297   4.243630    31.9578       1868     7.7792  0.000e+00
      2.649    18.1349   4.243947    31.9564       1869     7.7833  0.000e+00
      2.619    18.1384   4.243680    31.9515       1870     7.7875  0.000e+00
      2.586    18.1406   4.244569    31.9572       1871     7.7917  0.000e+00
      2.550    18.1442   4.245638    31.9634       1872     7.7958  0.000e+00
      2.512    18.1510   4.246688    31.9669       1873     7.8000  0.000e+00
      2.483    18.1600   4.247397    31.9658       1874     7.8042  0.000e+00
      2.452    18.1683   4.248498    31.9687       1875     7.8083  0.000e+00
      2.416    18.1779   4.248752    31.9634       1876     7.8125  0.000e+00
      2.387    18.1856   4.249013    31.9595       1877     7.8167  0.000e+00
      2.360    18.1915   4.249331    31.9576       1878     7.8208  0.000e+00
      2.347    18.1962   4.249623    31.9564       1879     7.8250  0.000e+00
      2.328    18.2003   4.249778    31.9545       1880     7.8292  0.000e+00
      2.322    18.2040   4.249865    31.9524       1881     7.8333  0.000e+00
      2.322    18.2064   4.249840    31.9503       1882     7.8375  0.000e+00
      2.328    18.2079   4.249647    31.9475       1883     7.8417  0.000e+00
      2.331    18.2082   4.249498    31.9460       1884     7.8458  0.000e+00
      2.338    18.2078   4.249523    31.9465       1885     7.8500  0.000e+00
      2.337    18.2074   4.249647    31.9479       1886     7.8542  0.000e+00
      2.337    18.2076   4.249797    31.9490       1887     7.8583  0.000e+00
      2.324    18.2083   4.250014    31.9503       1888     7.8625  0.000e+00
      2.304    18.2097   4.250263    31.9512       1889     7.8667  0.000e+00
      2.282    18.2115   4.250531    31.9521       1890     7.8708  0.000e+00
      2.255    18.2135   4.250773    31.9526       1891     7.8750  0.000e+00
      2.217    18.2160   4.251090    31.9533       1892     7.8792  0.000e+00
      2.185    18.2190   4.251756    31.9565       1893     7.8833  0.000e+00
      2.152    18.2232   4.252253    31.9575       1894     7.8875  0.000e+00
      2.121    18.2279   4.252707    31.9576       1895     7.8917  0.000e+00
      2.100    18.2328   4.253273    31.9586       1896     7.8958  0.000e+00
      2.074    18.2380   4.253765    31.9587       1897     7.9000  0.000e+00
      2.054    18.2434   4.254095    31.9573       1898     7.9042  0.000e+00
      2.033    18.2479   4.254275    31.9553       1899     7.9083  0.000e+00
      2.007    18.2516   4.254374    31.9532       1900     7.9125  0.000e+00
      1.995    18.2542   4.254474    31.9520       1901     7.9167  0.000e+00
      1.966    18.2565   4.254642    31.9517       1902     7.9208  0.000e+00
      1.949    18.2587   4.254785    31.9512       1903     7.9250  0.000e+00
      1.928    18.2608   4.255034    31.9516       1904     7.9292  0.000e+00
      1.908    18.2635   4.255500    31.9534       1905     7.9333  0.000e+00
      1.893    18.2670   4.256141    31.9561       1906     7.9375  0.000e+00
      1.881    18.2720   4.256950    31.9590       1907     7.9417  0.000e+00
      1.868    18.2790   4.257703    31.9598       1908     7.9458  0.000e+00
      1.859    18.2867   4.258400    31.9597       1909     7.9500  0.000e+00
      1.848    18.2949   4.258693    31.9557       1910     7.9542  0.000e+00
      1.850    18.3017   4.258668    31.9503       1911     7.9583  0.000e+00
      1.848    18.3058   4.258325    31.9442       1912     7.9625  0.000e+00
      1.855    18.3070   4.257753    31.9385       1913     7.9667  0.000e+00
      1.873    18.3057   4.257317    31.9359       1914     7.9708  0.000e+00
      1.893    18.3023   4.256900    31.9350       1915     7.9750  0.000e+00
      1.913    18.2981   4.256508    31.9350       1916     7.9792  0.000e+00
      1.929    18.2934   4.256066    31.9349       1917     7.9833  0.000e+00
      1.931    18.2887   4.255849    31.9367       1918     7.9875  0.000e+00
      1.922    18.2847   4.256017    31.9412       1919     7.9917  0.000e+00
      1.904    18.2828   4.257075    31.9516       1920     7.9958  0.000e+00
      1.886    18.2859   4.260754    31.9801       1921     8.0000  0.000e+00
      1.851    18.3012   4.267990    32.0288       1922     8.0042  0.000e+00
      1.819    18.3381   4.273499    32.0461       1923     8.0083  0.000e+00
      1.779    18.3872   4.277645    32.0426       1924     8.0125  0.000e+00
      1.736    18.4337   4.279596    32.0227       1925     8.0167  0.000e+00
      1.692    18.4721   4.280456    32.0000       1926     8.0208  0.000e+00
      1.642    18.4996   4.280680    31.9806       1927     8.0250  0.000e+00
      1.595    18.5180   4.281248    31.9711       1928     8.0292  0.000e+00
      1.548    18.5311   4.281753    31.9651       1929     8.0333  0.000e+00
      1.499    18.5411   4.282308    31.9620       1930     8.0375  0.000e+00
      1.457    18.5494   4.283000    31.9613       1931     8.0417  0.000e+00
      1.421    18.5572   4.283668    31.9609       1932     8.0458  0.000e+00
      1.387    18.5649   4.284311    31.9603       1933     8.0500  0.000e+00
      1.345    18.5723   4.284360    31.9550       1934     8.0542  0.000e+00
      1.320    18.5773   4.284560    31.9527       1935     8.0583  0.000e+00
      1.287    18.5811   4.284666    31.9507       1936     8.0625  0.000e+00
      1.267    18.5839   4.285446    31.9550       1937     8.0667  0.000e+00
      1.240    18.5878   4.286139    31.9578       1938     8.0708  0.000e+00
      1.222    18.5932   4.286713    31.9583       1939     8.0750  0.000e+00
      1.204    18.5990   4.287524    31.9606       1940     8.0792  0.000e+00
      1.195    18.6058   4.287874    31.9583       1941     8.0833  0.000e+00
      1.184    18.6115   4.287430    31.9502       1942     8.0875  0.000e+00
      1.186    18.6139   4.287193    31.9463       1943     8.0917  0.000e+00
      1.187    18.6141   4.287380    31.9477       1944     8.0958  0.000e+00
      1.182    18.6146   4.287674    31.9498       1945     8.1000  0.000e+00
      1.188    18.6157   4.287899    31.9508       1946     8.1042  0.000e+00
      1.191    18.6175   4.288292    31.9527       1947     8.1083  0.000e+00
      1.189    18.6201   4.288985    31.9565       1948     8.1125  0.000e+00
      1.200    18.6243   4.289584    31.9582       1949     8.1167  0.000e+00
      1.207    18.6292   4.289559    31.9542       1950     8.1208  0.000e+00
      1.200    18.6331   4.289834    31.9535       1951     8.1250  0.000e+00
      1.197    18.6365   4.291413    31.9640       1952     8.1292  0.000e+00
      1.189    18.6436   4.293349    31.9746       1953     8.1333  0.000e+00
      1.177    18.6571   4.298734    32.0089       1954     8.1375  0.000e+00
      1.146    18.6852   4.304622    32.0361       1955     8.1417  0.000e+00
      1.130    18.7276   4.307905    32.0305       1956     8.1458  0.000e+00
      1.108    18.7697   4.310100    32.0161       1957     8.1500  0.000e+00
      1.092    18.8055   4.311913    32.0034       1958     8.1542  0.000e+00
      1.077    18.8353   4.312964    31.9891       1959     8.1583  0.000e+00
      1.055    18.8579   4.313834    31.9788       1960     8.1625  0.000e+00
      1.030    18.8753   4.315229    31.9770       1961     8.1667  0.000e+00
      0.997    18.8910   4.316343    31.9741       1962     8.1708  0.000e+00
      0.965    18.9053   4.317150    31.9697       1963     8.1750  0.000e+00
      0.932    18.9176   4.317977    31.9671       1964     8.1792  0.000e+00
      0.893    18.9284   4.318746    31.9651       1965     8.1833  0.000e+00
      0.867    18.9385   4.319548    31.9640       1966     8.1875  0.000e+00
      0.833    18.9475   4.321144    31.9702       1967     8.1917  0.000e+00
      0.818    18.9594   4.323299    31.9788       1968     8.1958  0.000e+00
      0.809    18.9753   4.323324    31.9669       1969     8.2000  0.000e+00
      0.802    18.9870   4.322296    31.9494       1970     8.2042  0.000e+00
      0.795    18.9910   4.322472    31.9478       1971     8.2083  0.000e+00
      0.795    18.9929   4.324420    31.9623       1972     8.2125  0.000e+00
      0.790    19.0002   4.326449    31.9735       1973     8.2167  0.000e+00
      0.777    19.0133   4.328874    31.9834       1974     8.2208  0.000e+00
      0.748    19.0308   4.331331    31.9902       1975     8.2250  0.000e+00
      0.721    19.0573   4.351259    32.1341       1976     8.2292  0.000e+00
      0.694    19.1314   4.370746    32.2374       1977     8.2333  0.000e+00
      0.661    19.2580   4.385246    32.2587       1978     8.2375  0.000e+00
      0.641    19.4068   4.386718    32.1558       1979     8.2417  0.000e+00
      0.623    19.5169   4.388091    32.0825       1980     8.2458  0.000e+00
      0.619    19.5861   4.384429    31.9995       1981     8.2500  0.000e+00
      0.614    19.6186   4.381883    31.9540       1982     8.2542  0.000e+00
      0.619    19.6252   4.374207    31.8864       1983     8.2583  0.000e+00
      0.625    19.6035   4.360545    31.7917       1984     8.2625  0.000e+00
      0.634    19.5394   4.356705    31.8090       1985     8.2667  0.000e+00
      0.637    19.4763   4.368866    31.9564       1986     8.2708  0.000e+00
      0.643    19.4672   4.376016    32.0219       1987     8.2750  0.000e+00
      0.646    19.4985   4.374851    31.9884       1988     8.2792  0.000e+00
      0.650    19.5236   4.377589    31.9916       1989     8.2833  0.000e+00
      0.645    19.5465   4.384757    32.0325       1990     8.2875  0.000e+00
      0.628    19.5843   4.391097    32.0553       1991     8.2917  0.000e+00
      0.628    19.6344   4.395763    32.0550       1992     8.2958  0.000e+00
      0.618    19.6857   4.397856    32.0328       1993     8.3000  0.000e+00
      0.612    19.7279   4.397565    31.9982       1994     8.3042  0.000e+00
      0.598    19.7554   4.398751    31.9869       1995     8.3083  0.000e+00
      0.581    19.7736   4.397830    31.9656       1996     8.3125  0.000e+00
      0.580    19.7814   4.394026    31.9287       1997     8.3167  0.000e+00
      0.592    19.7797   4.398549    31.9668       1998     8.3208  0.000e+00
      0.610    19.7837   4.392576    31.9152       1999     8.3250  0.000e+00
      0.627    19.7764   4.398139    31.9659       2000     8.3292  0.000e+00
      0.652    19.7759   4.385699    31.8653       2001     8.3333  0.000e+00
      0.675    19.7468   4.376176    31.8100       2002     8.3375  0.000e+00
      0.688    19.6855   4.357357    31.7036       2003     8.3417  0.000e+00
      0.695    19.5845   4.356271    31.7712       2004     8.3458  0.000e+00
      0.697    19.4938   4.346594    31.7612       2005     8.3500  0.000e+00
      0.693    19.4094   4.345816    31.8191       2006     8.3542  0.000e+00
      0.691    19.3404   4.339686    31.8215       2007     8.3583  0.000e+00
      0.684    19.2871   4.342473    31.8851       2008     8.3625  0.000e+00
      0.682    19.2514   4.352971    31.9986       2009     8.3667  0.000e+00
      0.679    19.2717   4.393144    32.3130       2010     8.3708  0.000e+00
      0.668    19.4200   4.397658    32.2353       2011     8.3750  0.000e+00
      0.655    19.5663   4.386181    32.0290       2012     8.3792  0.000e+00
      0.642    19.6203   4.392906    32.0425       2013     8.3833  0.000e+00
      0.635    19.6594   4.385593    31.9531       2014     8.3875  0.000e+00
      0.628    19.6726   4.390768    31.9851       2015     8.3917  0.000e+00
      0.624    19.6825   4.376296    31.8598       2016     8.3958  0.000e+00
      0.614    19.6541   4.369871    31.8291       2017     8.4000  0.000e+00
      0.610    19.5953   4.375227    31.9175       2018     8.4042  0.000e+00
      0.606    19.5746   4.382595    31.9934       2019     8.4083  0.000e+00
      0.608    19.5977   4.384120    31.9882       2020     8.4125  0.000e+00
      0.613    19.6202   4.387024    31.9947       2021     8.4167  0.000e+00
      0.622    19.6421   4.388858    31.9929       2022     8.4208  0.000e+00
      0.641    19.6609   4.389595    31.9845       2023     8.4250  0.000e+00
      0.664    19.6789   4.390358    31.9770       2024     8.4292  0.000e+00
      0.680    19.6914   4.387786    31.9465       2025     8.4333  0.000e+00
      0.696    19.6923   4.388819    31.9542       2026     8.4375  0.000e+00
      0.715    19.6938   4.387124    31.9392       2027     8.4417  0.000e+00
      0.720    19.6891   4.386815    31.9403       2028     8.4458  0.000e+00
      0.716    19.6832   4.385164    31.9314       2029     8.4500  0.000e+00
      0.709    19.6777   4.393851    32.0063       2030     8.4542  0.000e+00
      0.702    19.6946   4.397067    32.0196       2031     8.4583  0.000e+00
      0.704    19.7275   4.399673    32.0156       2032     8.4625  0.000e+00
      0.705    19.7596   4.405472    32.0383       2033     8.4667  0.000e+00
      0.705    19.7983   4.406791    32.0195       2034     8.4708  0.000e+00
      0.705    19.8298   4.404373    31.9759       2035     8.4750  0.000e+00
      0.705    19.8477   4.409544    32.0041       2036     8.4792  0.000e+00
      0.698    19.8721   4.402990    31.9325       2037     8.4833  0.000e+00
      0.700    19.8747   4.408034    31.9714       2038     8.4875  0.000e+00
      0.707    19.8769   4.402453    31.9245       2039     8.4917  0.000e+00
      0.712    19.8714   4.400055    31.9092       2040     8.4958  0.000e+00
      0.741    19.8503   4.399942    31.9243       2041     8.5000  0.000e+00
      0.761    19.8377   4.383556    31.8010       2042     8.5042  0.000e+00
      0.792    19.7769   4.379746    31.8162       2043     8.5083  0.000e+00
      0.817    19.7090   4.369115    31.7813       2044     8.5125  0.000e+00
      0.835    19.6304   4.356604    31.7391       2045     8.5167  0.000e+00
      0.835    19.5335   4.351610    31.7719       2046     8.5208  0.000e+00
      0.832    19.4466   4.348484    31.8125       2047     8.5250  0.000e+00
      0.819    19.3791   4.348987    31.8681       2048     8.5292  0.000e+00
      0.792    19.3366   4.352694    31.9309       2049     8.5333  0.000e+00
      0.761    19.3234   4.366415    32.0536       2050     8.5375  0.000e+00
      0.718    19.3648   4.377617    32.1136       2051     8.5417  0.000e+00
      0.725    19.4362   4.378100    32.0626       2052     8.5458  0.000e+00
      0.745    19.4936   4.369678    31.9498       2053     8.5500  0.000e+00
      0.797    19.5011   4.352164    31.8011       2054     8.5542  0.000e+00
      0.846    19.4413   4.338825    31.7376       2055     8.5583  0.000e+00
      0.891    19.3494   4.331101    31.7443       2056     8.5625  0.000e+00
      0.933    19.2582   4.325268    31.7659       2057     8.5667  0.000e+00
      0.973    19.1742   4.322644    31.8085       2058     8.5708  0.000e+00
      1.010    19.1075   4.319495    31.8336       2059     8.5750  0.000e+00
      1.052    19.0527   4.317874    31.8623       2060     8.5792  0.000e+00
      1.090    19.0103   4.315953    31.8790       2061     8.5833  0.000e+00
