HB2406/sbe044.cnv
* Sea-Bird SBE 19plus V2 Data File:
* FileName = C:\cruise\data\sbe044.hex
* Software Version Seasave V 7.26.7.121
* Temperature SN = 7037
* Conductivity SN = 7037
* System UpLoad Time = Aug 16 2024 01:03:06
* NMEA Latitude = 43 15.25 N
* NMEA Longitude = 066 14.52 W
* NMEA UTC (Time) = Aug 16 2024  01:01:58
** Ship: Henry Bigelow
** Cruise:  HB2406
** Program:  ECOMON
# nquan = 7
# nvalues = 2269                                  
# units = specified
# name 0 = depSM: Depth [salt water, m]
# name 1 = tv290C: Temperature [ITS-90, deg C]
# name 2 = c0S/m: Conductivity [S/m]
# name 3 = sal00: Salinity, Practical [PSU]
# name 4 = scan: Scan Count
# name 5 = timeM: Time, Elapsed [minutes]
# name 6 = flag:  0.000e+00
# span 0 =      0.022,     95.464                 
# span 1 =     9.2154,    12.2537                 
# span 2 =  -0.000028,   3.625586                 
# span 3 =     0.0000,    32.5742                 
# span 4 =         11,       2279                 
# span 5 =     0.0417,     9.4917                 
# span 6 = 0.0000e+00, 0.0000e+00                 
# interval = seconds: 0.25
# start_time = Aug 16 2024 01:01:58 [NMEA time, header]
# bad_flag = -9.990e-29
*END*
[from data line 1026]
     72.735     9.6076   3.522623    32.4041       1037     4.3167  0.000e+00
     72.642     9.6109   3.522709    32.4020       1038     4.3208  0.000e+00
     72.550     9.6133   3.522646    32.3993       1039     4.3250  0.000e+00
     72.454     9.6148   3.521856    32.3899       1040     4.3292  0.000e+00
     72.364     9.6140   3.523135    32.4038       1041     4.3333  0.000e+00
     72.272     9.6160   3.523861    32.4094       1042     4.3375  0.000e+00
     72.176     9.6194   3.522962    32.3972       1043     4.3417  0.000e+00
     72.078     9.6207   3.524028    32.4070       1044     4.3458  0.000e+00
     71.984     9.6224   3.523492    32.4000       1045     4.3500  0.000e+00
     71.897     9.6238   3.523798    32.4019       1046     4.3542  0.000e+00
     71.805     9.6246   3.523861    32.4018       1047     4.3583  0.000e+00
     71.716     9.6259   3.524518    32.4074       1048     4.3625  0.000e+00
     71.622     9.6281   3.523942    32.3996       1049     4.3667  0.000e+00
     71.536     9.6287   3.523965    32.3993       1050     4.3708  0.000e+00
     71.458     9.6294   3.524391    32.4030       1051     4.3750  0.000e+00
     71.368     9.6307   3.524604    32.4041       1052     4.3792  0.000e+00
     71.282     9.6328   3.524564    32.4018       1053     4.3833  0.000e+00
     71.203     9.6342   3.524241    32.3973       1054     4.3875  0.000e+00
     71.125     9.6343   3.523498    32.3897       1055     4.3917  0.000e+00
     71.047     9.6319   3.523688    32.3939       1056     4.3958  0.000e+00
     70.970     9.6301   3.523751    32.3961       1057     4.4000  0.000e+00
     70.894     9.6291   3.523325    32.3927       1058     4.4042  0.000e+00
     70.816     9.6276   3.523532    32.3962       1059     4.4083  0.000e+00
     70.744     9.6268   3.523538    32.3970       1060     4.4125  0.000e+00
     70.671     9.6266   3.523498    32.3968       1061     4.4167  0.000e+00
     70.595     9.6265   3.523624    32.3983       1062     4.4208  0.000e+00
     70.521     9.6263   3.523774    32.4000       1063     4.4250  0.000e+00
     70.449     9.6267   3.523498    32.3968       1064     4.4292  0.000e+00
     70.382     9.6270   3.523797    32.3997       1065     4.4333  0.000e+00
     70.309     9.6273   3.523302    32.3943       1066     4.4375  0.000e+00
     70.239     9.6270   3.523815    32.3999       1067     4.4417  0.000e+00
     70.172     9.6272   3.523964    32.4012       1068     4.4458  0.000e+00
     70.101     9.6282   3.523878    32.3995       1069     4.4500  0.000e+00
     70.031     9.6289   3.522109    32.3808       1070     4.4542  0.000e+00
     69.966     9.6257   3.520962    32.3721       1071     4.4583  0.000e+00
     69.890     9.6192   3.522437    32.3930       1072     4.4625  0.000e+00
     69.821     9.6179   3.521809    32.3878       1073     4.4667  0.000e+00
     69.740     9.6170   3.521855    32.3891       1074     4.4708  0.000e+00
     69.664     9.6161   3.521919    32.3906       1075     4.4750  0.000e+00
     69.582     9.6163   3.521959    32.3909       1076     4.4792  0.000e+00
     69.508     9.6161   3.521942    32.3909       1077     4.4833  0.000e+00
     69.422     9.6164   3.522535    32.3968       1078     4.4875  0.000e+00
     69.336     9.6174   3.523561    32.4063       1079     4.4917  0.000e+00
     69.259     9.6216   3.524154    32.4086       1080     4.4958  0.000e+00
     69.177     9.6265   3.523538    32.3980       1081     4.5000  0.000e+00
     69.091     9.6284   3.523174    32.3926       1082     4.5042  0.000e+00
     69.007     9.6281   3.523174    32.3929       1083     4.5083  0.000e+00
     68.930     9.6274   3.523174    32.3935       1084     4.5125  0.000e+00
     68.843     9.6270   3.523111    32.3933       1085     4.5167  0.000e+00
     68.769     9.6269   3.523710    32.3996       1086     4.5208  0.000e+00
     68.700     9.6281   3.523474    32.3961       1087     4.5250  0.000e+00
     68.624     9.6281   3.523324    32.3946       1088     4.5292  0.000e+00
     68.554     9.6277   3.523301    32.3948       1089     4.5333  0.000e+00
     68.487     9.6271   3.523347    32.3958       1090     4.5375  0.000e+00
     68.425     9.6269   3.524091    32.4036       1091     4.5417  0.000e+00
     68.362     9.6287   3.524304    32.4042       1092     4.5458  0.000e+00
     68.302     9.6310   3.524563    32.4048       1093     4.5500  0.000e+00
     68.242     9.6336   3.524840    32.4053       1094     4.5542  0.000e+00
     68.185     9.6366   3.524177    32.3958       1095     4.5583  0.000e+00
     68.134     9.6364   3.524327    32.3976       1096     4.5625  0.000e+00
     68.076     9.6356   3.523687    32.3918       1097     4.5667  0.000e+00
     68.024     9.6337   3.523514    32.3917       1098     4.5708  0.000e+00
     67.969     9.6311   3.523866    32.3977       1099     4.5750  0.000e+00
     67.920     9.6305   3.523900    32.3986       1100     4.5792  0.000e+00
     67.861     9.6306   3.523773    32.3973       1101     4.5833  0.000e+00
     67.801     9.6306   3.524223    32.4019       1102     4.5875  0.000e+00
     67.745     9.6316   3.524903    32.4080       1103     4.5917  0.000e+00
     67.691     9.6346   3.525053    32.4068       1104     4.5958  0.000e+00
     67.631     9.6380   3.525116    32.4044       1105     4.6000  0.000e+00
     67.566     9.6404   3.524730    32.3984       1106     4.6042  0.000e+00
     67.505     9.6408   3.524880    32.3996       1107     4.6083  0.000e+00
     67.439     9.6410   3.524113    32.3915       1108     4.6125  0.000e+00
     67.380     9.6399   3.522984    32.3810       1109     4.6167  0.000e+00
     67.311     9.6356   3.522517    32.3802       1110     4.6208  0.000e+00
     67.246     9.6307   3.522171    32.3810       1111     4.6250  0.000e+00
     67.164     9.6267   3.521635    32.3792       1112     4.6292  0.000e+00
     67.090     9.6226   3.521255    32.3791       1113     4.6333  0.000e+00
     67.016     9.6183   3.520829    32.3786       1114     4.6375  0.000e+00
     66.933     9.6146   3.520789    32.3816       1115     4.6417  0.000e+00
     66.848     9.6116   3.520748    32.3839       1116     4.6458  0.000e+00
     66.765     9.6101   3.521301    32.3909       1117     4.6500  0.000e+00
     66.678     9.6101   3.521128    32.3893       1118     4.6542  0.000e+00
     66.597     9.6101   3.521128    32.3893       1119     4.6583  0.000e+00
     66.510     9.6105   3.521681    32.3946       1120     4.6625  0.000e+00
     66.425     9.6118   3.522857    32.4055       1121     4.6667  0.000e+00
     66.335     9.6158   3.522707    32.4004       1122     4.6708  0.000e+00
     66.251     9.6196   3.522811    32.3980       1123     4.6750  0.000e+00
     66.165     9.6219   3.522960    32.3976       1124     4.6792  0.000e+00
     66.074     9.6238   3.524003    32.4065       1125     4.6833  0.000e+00
     65.987     9.6274   3.524862    32.4121       1126     4.6875  0.000e+00
     65.908     9.6333   3.523087    32.3887       1127     4.6917  0.000e+00
     65.828     9.6328   3.520978    32.3676       1128     4.6958  0.000e+00
     65.752     9.6244   3.517614    32.3408       1129     4.7000  0.000e+00
     65.669     9.6106   3.518916    32.3666       1130     4.7042  0.000e+00
     65.597     9.6015   3.517465    32.3600       1131     4.7083  0.000e+00
     65.523     9.5938   3.517039    32.3627       1132     4.7125  0.000e+00
     65.448     9.5868   3.516958    32.3682       1133     4.7167  0.000e+00
     65.374     9.5820   3.516912    32.3720       1134     4.7208  0.000e+00
     65.302     9.5788   3.516423    32.3699       1135     4.7250  0.000e+00
     65.235     9.5760   3.516083    32.3691       1136     4.7292  0.000e+00
     65.164     9.5726   3.516336    32.3747       1137     4.7333  0.000e+00
     65.094     9.5707   3.515381    32.3667       1138     4.7375  0.000e+00
     65.031     9.5680   3.516106    32.3766       1139     4.7417  0.000e+00
     64.960     9.5671   3.515001    32.3661       1140     4.7458  0.000e+00
     64.895     9.5647   3.516682    32.3855       1141     4.7500  0.000e+00
     64.830     9.5662   3.519832    32.4164       1142     4.7542  0.000e+00
     64.770     9.5763   3.520829    32.4175       1143     4.7583  0.000e+00
     64.700     9.5882   3.521318    32.4118       1144     4.7625  0.000e+00
     64.635     9.5972   3.519912    32.3893       1145     4.7667  0.000e+00
     64.575     9.5995   3.519043    32.3784       1146     4.7708  0.000e+00
     64.519     9.5974   3.517799    32.3676       1147     4.7750  0.000e+00
     64.454     9.5925   3.516445    32.3583       1148     4.7792  0.000e+00
     64.394     9.5851   3.515553    32.3558       1149     4.7833  0.000e+00
     64.336     9.5771   3.515490    32.3623       1150     4.7875  0.000e+00
     64.273     9.5714   3.515680    32.3695       1151     4.7917  0.000e+00
     64.206     9.5683   3.515467    32.3702       1152     4.7958  0.000e+00
     64.141     9.5663   3.515363    32.3709       1153     4.8000  0.000e+00
     64.070     9.5645   3.515294    32.3719       1154     4.8042  0.000e+00
     64.000     9.5632   3.515150    32.3716       1155     4.8083  0.000e+00
     63.926     9.5618   3.515254    32.3739       1156     4.8125  0.000e+00
     63.850     9.5612   3.515380    32.3758       1157     4.8167  0.000e+00
     63.770     9.5613   3.515432    32.3763       1158     4.8208  0.000e+00
     63.694     9.5615   3.515426    32.3761       1159     4.8250  0.000e+00
     63.611     9.5617   3.515403    32.3757       1160     4.8292  0.000e+00
     63.524     9.5619   3.515444    32.3760       1161     4.8333  0.000e+00
     63.436     9.5621   3.515553    32.3770       1162     4.8375  0.000e+00
     63.343     9.5627   3.515530    32.3762       1163     4.8417  0.000e+00
     63.251     9.5631   3.515490    32.3755       1164     4.8458  0.000e+00
     63.161     9.5630   3.515276    32.3734       1165     4.8500  0.000e+00
     63.074     9.5624   3.515063    32.3718       1166     4.8542  0.000e+00
     62.987     9.5614   3.514914    32.3713       1167     4.8583  0.000e+00
     62.895     9.5603   3.515524    32.3785       1168     4.8625  0.000e+00
     62.812     9.5607   3.514977    32.3726       1169     4.8667  0.000e+00
     62.725     9.5605   3.514954    32.3726       1170     4.8708  0.000e+00
     62.644     9.5598   3.515063    32.3744       1171     4.8750  0.000e+00
     62.566     9.5595   3.515081    32.3749       1172     4.8792  0.000e+00
     62.484     9.5596   3.515127    32.3752       1173     4.8833  0.000e+00
     62.410     9.5596   3.514741    32.3714       1174     4.8875  0.000e+00
     62.333     9.5592   3.515150    32.3760       1175     4.8917  0.000e+00
     62.255     9.5590   3.515276    32.3774       1176     4.8958  0.000e+00
     62.184     9.5598   3.515489    32.3789       1177     4.9000  0.000e+00
     62.106     9.5608   3.515075    32.3738       1178     4.9042  0.000e+00
     62.025     9.5610   3.515080    32.3737       1179     4.9083  0.000e+00
     61.946     9.5605   3.515276    32.3762       1180     4.9125  0.000e+00
     61.875     9.5607   3.515489    32.3782       1181     4.9167  0.000e+00
     61.806     9.5616   3.515362    32.3762       1182     4.9208  0.000e+00
     61.734     9.5620   3.515253    32.3747       1183     4.9250  0.000e+00
     61.654     9.5619   3.514913    32.3714       1184     4.9292  0.000e+00
     61.577     9.5608   3.514873    32.3720       1185     4.9333  0.000e+00
     61.497     9.5599   3.514954    32.3737       1186     4.9375  0.000e+00
     61.425     9.5594   3.515080    32.3754       1187     4.9417  0.000e+00
     61.352     9.5596   3.515143    32.3760       1188     4.9458  0.000e+00
     61.284     9.5599   3.514953    32.3737       1189     4.9500  0.000e+00
     61.215     9.5598   3.515149    32.3759       1190     4.9542  0.000e+00
     61.150     9.5599   3.515166    32.3760       1191     4.9583  0.000e+00
     61.085     9.5604   3.515425    32.3782       1192     4.9625  0.000e+00
     61.021     9.5612   3.515166    32.3748       1193     4.9667  0.000e+00
     60.965     9.5614   3.514573    32.3687       1194     4.9708  0.000e+00
     60.897     9.5599   3.514740    32.3718       1195     4.9750  0.000e+00
     60.835     9.5589   3.515932    32.3849       1196     4.9792  0.000e+00
     60.772     9.5612   3.516105    32.3845       1197     4.9833  0.000e+00
     60.707     9.5642   3.515425    32.3750       1198     4.9875  0.000e+00
     60.642     9.5645   3.515034    32.3707       1199     4.9917  0.000e+00
     60.571     9.5632   3.515063    32.3722       1200     4.9958  0.000e+00
     60.506     9.5620   3.514953    32.3722       1201     5.0000  0.000e+00
     60.425     9.5613   3.514803    32.3713       1202     5.0042  0.000e+00
     60.361     9.5603   3.514786    32.3721       1203     5.0083  0.000e+00
     60.282     9.5596   3.514976    32.3747       1204     5.0125  0.000e+00
     60.204     9.5596   3.514826    32.3732       1205     5.0167  0.000e+00
     60.121     9.5593   3.514786    32.3731       1206     5.0208  0.000e+00
     60.038     9.5592   3.514803    32.3734       1207     5.0250  0.000e+00
     59.960     9.5590   3.515212    32.3778       1208     5.0292  0.000e+00
     59.868     9.5599   3.515057    32.3755       1209     5.0333  0.000e+00
     59.786     9.5603   3.514740    32.3718       1210     5.0375  0.000e+00
     59.698     9.5599   3.514700    32.3719       1211     5.0417  0.000e+00
     59.622     9.5590   3.514446    32.3701       1212     5.0458  0.000e+00
     59.541     9.5578   3.514360    32.3703       1213     5.0500  0.000e+00
     59.465     9.5568   3.514527    32.3730       1214     5.0542  0.000e+00
     59.385     9.5563   3.514423    32.3724       1215     5.0583  0.000e+00
     59.313     9.5562   3.514383    32.3721       1216     5.0625  0.000e+00
     59.239     9.5558   3.514360    32.3723       1217     5.0667  0.000e+00
     59.177     9.5553   3.513974    32.3688       1218     5.0708  0.000e+00
     59.112     9.5546   3.513894    32.3687       1219     5.0750  0.000e+00
     59.052     9.5540   3.514020    32.3705       1220     5.0792  0.000e+00
     58.989     9.5535   3.513019    32.3607       1221     5.0833  0.000e+00
     58.928     9.5515   3.512316    32.3554       1222     5.0875  0.000e+00
     58.864     9.5472   3.510855    32.3444       1223     5.0917  0.000e+00
     58.805     9.5408   3.510918    32.3508       1224     5.0958  0.000e+00
     58.738     9.5363   3.511511    32.3610       1225     5.1000  0.000e+00
     58.671     9.5347   3.511770    32.3651       1226     5.1042  0.000e+00
     58.600     9.5351   3.511914    32.3662       1227     5.1083  0.000e+00
     58.528     9.5358   3.511914    32.3656       1228     5.1125  0.000e+00
     58.461     9.5360   3.511534    32.3616       1229     5.1167  0.000e+00
     58.392     9.5356   3.511701    32.3637       1230     5.1208  0.000e+00
     58.329     9.5351   3.511850    32.3657       1231     5.1250  0.000e+00
     58.262     9.5354   3.511787    32.3648       1232     5.1292  0.000e+00
     58.193     9.5356   3.511424    32.3610       1233     5.1333  0.000e+00
     58.126     9.5348   3.511511    32.3625       1234     5.1375  0.000e+00
     58.061     9.5339   3.511937    32.3677       1235     5.1417  0.000e+00
     57.992     9.5347   3.512362    32.3714       1236     5.1458  0.000e+00
     57.938     9.5369   3.512512    32.3710       1237     5.1500  0.000e+00
     57.875     9.5388   3.512518    32.3694       1238     5.1542  0.000e+00
     57.815     9.5400   3.511597    32.3589       1239     5.1583  0.000e+00
     57.752     9.5390   3.511510    32.3589       1240     5.1625  0.000e+00
