HB2406/sbe032.cnv
* Sea-Bird SBE 19plus V2 Data File:
* FileName = C:\cruise\data\sbe032.hex
* Software Version Seasave V 7.26.7.121
* Temperature SN = 7037
* Conductivity SN = 7037
* System UpLoad Time = Aug 14 2024 23:40:04
* NMEA Latitude = 41 37.28 N
* NMEA Longitude = 066 25.40 W
* NMEA UTC (Time) = Aug 14 2024  23:38:55
** Ship: Henry Bigelow
** Cruise:  HB2406
** Program:  ECOMON
# nquan = 7
# nvalues = 1206                                  
# units = specified
# name 0 = depSM: Depth [salt water, m]
# name 1 = tv290C: Temperature [ITS-90, deg C]
# name 2 = c0S/m: Conductivity [S/m]
# name 3 = sal00: Salinity, Practical [PSU]
# name 4 = scan: Scan Count
# name 5 = timeM: Time, Elapsed [minutes]
# name 6 = flag:  0.000e+00
# span 0 =      0.007,     79.534                 
# span 1 =     9.5977,    19.4833                 
# span 2 =   0.007832,   4.310765                 
# span 3 =     0.0452,    32.5643                 
# span 4 =         11,       1216                 
# span 5 =     0.0417,     5.0625                 
# span 6 = 0.0000e+00, 0.0000e+00                 
# interval = seconds: 0.25
# start_time = Aug 14 2024 23:38:55 [NMEA time, header]
# bad_flag = -9.990e-29
*END*
      0.037    19.2964   0.008411     0.0481         11     0.0417  0.000e+00
      0.033    19.2953   0.008379     0.0480         12     0.0458  0.000e+00
      0.033    19.2946   0.008352     0.0478         13     0.0500  0.000e+00
      0.035    19.2938   0.008331     0.0477         14     0.0542  0.000e+00
      0.033    19.2932   0.008317     0.0477         15     0.0583  0.000e+00
      0.035    19.2923   0.008285     0.0475         16     0.0625  0.000e+00
      0.032    19.2915   0.008258     0.0474         17     0.0667  0.000e+00
      0.037    19.2907   0.008264     0.0474         18     0.0708  0.000e+00
      0.035    19.2900   0.008242     0.0473         19     0.0750  0.000e+00
      0.037    19.2892   0.008240     0.0473         20     0.0792  0.000e+00
      0.030    19.2883   0.008248     0.0473         21     0.0833  0.000e+00
      0.031    19.2875   0.008237     0.0473         22     0.0875  0.000e+00
      0.035    19.2867   0.008232     0.0472         23     0.0917  0.000e+00
      0.035    19.2862   0.008253     0.0473         24     0.0958  0.000e+00
      0.037    19.2854   0.008282     0.0475         25     0.1000  0.000e+00
      0.033    19.2846   0.008317     0.0477         26     0.1042  0.000e+00
      0.037    19.2837   0.008358     0.0479         27     0.1083  0.000e+00
      0.035    19.2829   0.008384     0.0480         28     0.1125  0.000e+00
      0.037    19.2821   0.008411     0.0481         29     0.1167  0.000e+00
      0.035    19.2815   0.008427     0.0482         30     0.1208  0.000e+00
      0.037    19.2807   0.008422     0.0482         31     0.1250  0.000e+00
      0.039    19.2800   0.008390     0.0480         32     0.1292  0.000e+00
      0.033    19.2793   0.008358     0.0479         33     0.1333  0.000e+00
      0.032    19.2784   0.008347     0.0478         34     0.1375  0.000e+00
      0.035    19.2779   0.008323     0.0477         35     0.1417  0.000e+00
      0.037    19.2771   0.008290     0.0475         36     0.1458  0.000e+00
      0.034    19.2764   0.008274     0.0475         37     0.1500  0.000e+00
      0.034    19.2758   0.008264     0.0474         38     0.1542  0.000e+00
      0.034    19.2748   0.008280     0.0475         39     0.1583  0.000e+00
      0.039    19.2743   0.008290     0.0475         40     0.1625  0.000e+00
      0.035    19.2737   0.008293     0.0475         41     0.1667  0.000e+00
      0.037    19.2730   0.008296     0.0476         42     0.1708  0.000e+00
      0.037    19.2723   0.008296     0.0476         43     0.1750  0.000e+00
      0.037    19.2716   0.008301     0.0476         44     0.1792  0.000e+00
      0.032    19.2709   0.008296     0.0476         45     0.1833  0.000e+00
      0.032    19.2704   0.008269     0.0474         46     0.1875  0.000e+00
      0.036    19.2698   0.008248     0.0473         47     0.1917  0.000e+00
      0.036    19.2690   0.008226     0.0472         48     0.1958  0.000e+00
      0.034    19.2685   0.008199     0.0471         49     0.2000  0.000e+00
      0.034    19.2679   0.008183     0.0470         50     0.2042  0.000e+00
      0.030    19.2672   0.008189     0.0470         51     0.2083  0.000e+00
      0.032    19.2665   0.008189     0.0470         52     0.2125  0.000e+00
      0.032    19.2659   0.008199     0.0471         53     0.2167  0.000e+00
      0.034    19.2652   0.008205     0.0471         54     0.2208  0.000e+00
      0.028    19.2647   0.008119     0.0467         55     0.2250  0.000e+00
      0.032    19.2639   0.008122     0.0467         56     0.2292  0.000e+00
      0.032    19.2632   0.008065     0.0464         57     0.2333  0.000e+00
      0.032    19.2626   0.008071     0.0464         58     0.2375  0.000e+00
      0.036    19.2620   0.008081     0.0465         59     0.2417  0.000e+00
      0.030    19.2613   0.007998     0.0461         60     0.2458  0.000e+00
      0.028    19.2605   0.007910     0.0456         61     0.2500  0.000e+00
      0.028    19.2600   0.007853     0.0453         62     0.2542  0.000e+00
      0.034    19.2595   0.007886     0.0455         63     0.2583  0.000e+00
      0.038    19.2588   0.007934     0.0457         64     0.2625  0.000e+00
      0.061    19.2574   0.007832     0.0452         65     0.2667  0.000e+00
      0.227    19.2573   3.630535    26.1443         66     0.2708  0.000e+00
      0.365    19.2623   4.292328    31.4930         67     0.2750  0.000e+00
      0.537    19.2733   4.277039    31.3595         68     0.2792  0.000e+00
      0.743    19.2830   4.234146    31.0015         69     0.2833  0.000e+00
      0.925    19.2892   4.289893    31.4526         70     0.2875  0.000e+00
      1.090    19.2935   4.244129    31.0750         71     0.2917  0.000e+00
      1.240    19.2984   3.741169    27.0026         72     0.2958  0.000e+00
      1.419    19.3043   3.277835    23.3226         73     0.3000  0.000e+00
      1.643    19.3088   2.291156    15.7346         74     0.3042  0.000e+00
      1.883    19.3115   2.553001    17.7126         75     0.3083  0.000e+00
      2.110    19.3083   3.157561    22.3775         76     0.3125  0.000e+00
      2.316    19.3045   3.473316    24.8646         77     0.3167  0.000e+00
      2.520    19.3018   3.746188    27.0402         78     0.3208  0.000e+00
      2.735    19.3004   2.107088    14.3615         79     0.3250  0.000e+00
      2.961    19.3031   2.049275    13.9312         80     0.3292  0.000e+00
      3.182    19.3041   2.652799    18.4766         81     0.3333  0.000e+00
      3.386    19.3044   2.939966    20.6860         82     0.3375  0.000e+00
      3.556    19.3048   4.262091    31.2126         83     0.3417  0.000e+00
      3.724    19.3055   4.295102    31.4820         84     0.3458  0.000e+00
      3.935    19.3058   4.294928    31.4803         85     0.3500  0.000e+00
      4.180    19.3061   4.294434    31.4759         86     0.3542  0.000e+00
      4.442    19.3070   4.294384    31.4748         87     0.3583  0.000e+00
      4.693    19.3112   4.296315    31.4873         88     0.3625  0.000e+00
      4.921    19.3238   4.299889    31.5069         89     0.3667  0.000e+00
      5.118    19.3442   4.301876    31.5077         90     0.3708  0.000e+00
      5.302    19.3684   4.302501    31.4945         91     0.3750  0.000e+00
      5.494    19.3854   4.302576    31.4822         92     0.3792  0.000e+00
      5.698    19.3985   4.302551    31.4721         93     0.3833  0.000e+00
      5.913    19.4078   4.303095    31.4694         94     0.3875  0.000e+00
      6.125    19.4139   4.303345    31.4668         95     0.3917  0.000e+00
      6.335    19.4175   4.303345    31.4640         96     0.3958  0.000e+00
      6.535    19.4180   4.303020    31.4609         97     0.4000  0.000e+00
      6.734    19.4156   4.302226    31.4561         98     0.4042  0.000e+00
      6.931    19.4101   4.301157    31.4515         99     0.4083  0.000e+00
      7.134    19.4015   4.299864    31.4473        100     0.4125  0.000e+00
      7.340    19.3910   4.298752    31.4461        101     0.4167  0.000e+00
      7.546    19.3803   4.297952    31.4476        102     0.4208  0.000e+00
      7.750    19.3700   4.297484    31.4514        103     0.4250  0.000e+00
      7.953    19.3617   4.297209    31.4554        104     0.4292  0.000e+00
      8.157    19.3551   4.296890    31.4577        105     0.4333  0.000e+00
      8.358    19.3490   4.296391    31.4582        106     0.4375  0.000e+00
      8.560    19.3431   4.296122    31.4604        107     0.4417  0.000e+00
      8.756    19.3375   4.295879    31.4625        108     0.4458  0.000e+00
      8.956    19.3325   4.295498    31.4631        109     0.4500  0.000e+00
      9.152    19.3269   4.295029    31.4634        110     0.4542  0.000e+00
      9.343    19.3217   4.294480    31.4628        111     0.4583  0.000e+00
      9.531    19.3155   4.293687    31.4609        112     0.4625  0.000e+00
      9.725    19.3081   4.292869    31.4597        113     0.4667  0.000e+00
      9.918    19.3011   4.292550    31.4623        114     0.4708  0.000e+00
     10.121    19.2943   4.292026    31.4632        115     0.4750  0.000e+00
     10.321    19.2870   4.291452    31.4639        116     0.4792  0.000e+00
     10.529    19.2790   4.290740    31.4640        117     0.4833  0.000e+00
     10.737    19.2708   4.289997    31.4640        118     0.4875  0.000e+00
     10.947    19.2626   4.289329    31.4647        119     0.4917  0.000e+00
     11.160    19.2546   4.288737    31.4658        120     0.4958  0.000e+00
     11.370    19.2470   4.288069    31.4660        121     0.5000  0.000e+00
     11.582    19.2397   4.287595    31.4675        122     0.5042  0.000e+00
     11.790    19.2335   4.287201    31.4690        123     0.5083  0.000e+00
     11.990    19.2279   4.286752    31.4695        124     0.5125  0.000e+00
     12.189    19.2225   4.286284    31.4696        125     0.5167  0.000e+00
     12.386    19.2165   4.285741    31.4696        126     0.5208  0.000e+00
     12.581    19.2094   4.285174    31.4703        127     0.5250  0.000e+00
     12.779    19.2002   4.284157    31.4688        128     0.5292  0.000e+00
     12.970    19.1869   4.282603    31.4661        129     0.5333  0.000e+00
     13.160    19.1681   4.280327    31.4615        130     0.5375  0.000e+00
     13.352    19.1386   4.277084    31.4572        131     0.5417  0.000e+00
     13.552    19.1044   4.273767    31.4557        132     0.5458  0.000e+00
     13.748    19.0713   4.271574    31.4627        133     0.5500  0.000e+00
     13.945    19.0446   4.270783    31.4764        134     0.5542  0.000e+00
     14.147    19.0226   4.270098    31.4873        135     0.5583  0.000e+00
     14.350    18.9969   4.267780    31.4877        136     0.5625  0.000e+00
     14.550    18.9679   4.264928    31.4861        137     0.5667  0.000e+00
     14.764    18.9398   4.262300    31.4856        138     0.5708  0.000e+00
     14.964    18.9112   4.260209    31.4901        139     0.5750  0.000e+00
     15.169    18.8810   4.257464    31.4903        140     0.5792  0.000e+00
     15.369    18.8505   4.254247    31.4868        141     0.5833  0.000e+00
     15.565    18.8201   4.252201    31.4929        142     0.5875  0.000e+00
     15.753    18.7913   4.250478    31.5006        143     0.5917  0.000e+00
     15.937    18.7626   4.248228    31.5037        144     0.5958  0.000e+00
     16.113    18.7323   4.246245    31.5104        145     0.6000  0.000e+00
     16.286    18.6973   4.242832    31.5087        146     0.6042  0.000e+00
     16.458    18.6588   4.239161    31.5075        147     0.6083  0.000e+00
     16.623    18.6118   4.233869    31.4995        148     0.6125  0.000e+00
     16.785    18.5545   4.228314    31.4970        149     0.6167  0.000e+00
     16.946    18.4891   4.222346    31.4972        150     0.6208  0.000e+00
     17.114    18.4239   4.219352    31.5221        151     0.6250  0.000e+00
     17.281    18.3588   4.215131    31.5367        152     0.6292  0.000e+00
     17.447    18.2886   4.209772    31.5458        153     0.6333  0.000e+00
     17.621    18.2200   4.206150    31.5681        154     0.6375  0.000e+00
     17.803    18.1555   4.202188    31.5845        155     0.6417  0.000e+00
     17.986    18.0817   4.195512    31.5853        156     0.6458  0.000e+00
     18.179    18.0020   4.188933    31.5914        157     0.6500  0.000e+00
     18.371    17.9244   4.182902    31.6006        158     0.6542  0.000e+00
     18.572    17.8549   4.179154    31.6227        159     0.6583  0.000e+00
     18.778    17.7881   4.174295    31.6334        160     0.6625  0.000e+00
     18.980    17.7153   4.165892    31.6187        161     0.6667  0.000e+00
     19.183    17.6286   4.156614    31.6073        162     0.6708  0.000e+00
     19.387    17.5276   4.146847    31.6029        163     0.6750  0.000e+00
     19.586    17.4133   4.136259    31.6016        164     0.6792  0.000e+00
     19.772    17.2804   4.125467    31.6132        165     0.6833  0.000e+00
     19.958    17.1459   4.112583    31.6080        166     0.6875  0.000e+00
     20.127    16.9867   4.097430    31.6026        167     0.6917  0.000e+00
     20.286    16.8179   4.088798    31.6609        168     0.6958  0.000e+00
     20.438    16.6556   4.080125    31.7139        169     0.7000  0.000e+00
     20.586    16.5032   4.072626    31.7696        170     0.7042  0.000e+00
     20.729    16.3494   4.062837    31.8066        171     0.7083  0.000e+00
     20.872    16.2037   4.053668    31.8428        172     0.7125  0.000e+00
     21.011    16.0710   4.047500    31.8950        173     0.7167  0.000e+00
     21.161    15.9356   4.039904    31.9370        174     0.7208  0.000e+00
     21.309    15.7998   4.031608    31.9733        175     0.7250  0.000e+00
     21.466    15.6775   4.022753    31.9938        176     0.7292  0.000e+00
     21.629    15.5677   4.017472    32.0360        177     0.7333  0.000e+00
     21.799    15.4603   4.011496    32.0701        178     0.7375  0.000e+00
     21.973    15.3571   4.003005    32.0784        179     0.7417  0.000e+00
     22.154    15.2566   3.994964    32.0885        180     0.7458  0.000e+00
     22.340    15.1555   3.984338    32.0760        181     0.7500  0.000e+00
     22.526    15.0610   3.978134    32.0977        182     0.7542  0.000e+00
     22.721    14.9688   3.969448    32.0951        183     0.7583  0.000e+00
     22.913    14.8725   3.960359    32.0922        184     0.7625  0.000e+00
     23.103    14.7717   3.952239    32.1018        185     0.7667  0.000e+00
     23.284    14.6741   3.944457    32.1117        186     0.7708  0.000e+00
     23.463    14.5750   3.934391    32.1021        187     0.7750  0.000e+00
     23.642    14.4706   3.927840    32.1288        188     0.7792  0.000e+00
     23.813    14.3662   3.922761    32.1691        189     0.7833  0.000e+00
     23.989    14.2673   3.916187    32.1912        190     0.7875  0.000e+00
     24.164    14.1756   3.911704    32.2265        191     0.7917  0.000e+00
     24.336    14.1009   3.909439    32.2681        192     0.7958  0.000e+00
     24.506    14.0339   3.906027    32.2927        193     0.8000  0.000e+00
     24.678    13.9583   3.899681    32.2976        194     0.8042  0.000e+00
     24.846    13.8674   3.889836    32.2830        195     0.8083  0.000e+00
     25.023    13.7739   3.883027    32.2986        196     0.8125  0.000e+00
     25.195    13.6835   3.877517    32.3237        197     0.8167  0.000e+00
     25.365    13.5987   3.869298    32.3188        198     0.8208  0.000e+00
     25.533    13.4948   3.855397    32.2771        199     0.8250  0.000e+00
     25.703    13.3844   3.846446    32.2869        200     0.8292  0.000e+00
     25.868    13.2721   3.837580    32.2990        201     0.8333  0.000e+00
     26.029    13.1592   3.828723    32.3119        202     0.8375  0.000e+00
     26.189    13.0401   3.819780    32.3291        203     0.8417  0.000e+00
     26.349    12.9222   3.813206    32.3676        204     0.8458  0.000e+00
     26.517    12.8237   3.810566    32.4270        205     0.8500  0.000e+00
     26.681    12.7370   3.805603    32.4543        206     0.8542  0.000e+00
     26.844    12.6609   3.799864    32.4653        207     0.8583  0.000e+00
     27.014    12.5941   3.795559    32.4818        208     0.8625  0.000e+00
     27.182    12.5247   3.788972    32.4788        209     0.8667  0.000e+00
     27.359    12.4528   3.783717    32.4907        210     0.8708  0.000e+00
     27.540    12.3845   3.778010    32.4951        211     0.8750  0.000e+00
     27.719    12.3141   3.770292    32.4821        212     0.8792  0.000e+00
     27.898    12.2440   3.764349    32.4858        213     0.8833  0.000e+00
     28.083    12.1727   3.759245    32.4985        214     0.8875  0.000e+00
     28.265    12.0993   3.753623    32.5081        215     0.8917  0.000e+00
