HB2406/sbe024.cnv
* Sea-Bird SBE 19plus V2 Data File:
* FileName = C:\cruise\data\sbe024.hex
* Software Version Seasave V 7.26.7.121
* Temperature SN = 7037
* Conductivity SN = 7037
* System UpLoad Time = Aug 14 2024 12:54:43
* NMEA Latitude = 41 01.92 N
* NMEA Longitude = 066 44.23 W
* NMEA UTC (Time) = Aug 14 2024  12:53:34
** Ship: Henry Bigelow
** Cruise:  HB2406
** Program:  ECOMON
# nquan = 7
# nvalues = 1889                                  
# units = specified
# name 0 = depSM: Depth [salt water, m]
# name 1 = tv290C: Temperature [ITS-90, deg C]
# name 2 = c0S/m: Conductivity [S/m]
# name 3 = sal00: Salinity, Practical [PSU]
# name 4 = scan: Scan Count
# name 5 = timeM: Time, Elapsed [minutes]
# name 6 = flag:  0.000e+00
# span 0 =     -0.011,     74.935                 
# span 1 =     9.5450,    21.3251                 
# span 2 =  -0.000073,   4.289284                 
# span 3 =     0.0000,    33.4252                 
# span 4 =         11,       1899                 
# span 5 =     0.0417,     7.9083                 
# span 6 = 0.0000e+00, 0.0000e+00                 
# interval = seconds: 0.25
# start_time = Aug 14 2024 12:53:34 [NMEA time, header]
# bad_flag = -9.990e-29
*END*
[from data line 1436]
     23.228    13.8320   3.841026    31.8621       1447     6.0250  0.000e+00
     23.216    13.8378   3.840424    31.8518       1448     6.0292  0.000e+00
     23.205    13.8390   3.840060    31.8474       1449     6.0333  0.000e+00
     23.201    13.8377   3.840173    31.8496       1450     6.0375  0.000e+00
     23.188    13.8369   3.840268    31.8511       1451     6.0417  0.000e+00
     23.172    13.8370   3.840847    31.8564       1452     6.0458  0.000e+00
     23.143    13.8388   3.841211    31.8583       1453     6.0500  0.000e+00
     23.116    13.8424   3.842249    31.8649       1454     6.0542  0.000e+00
     23.071    13.8486   3.842398    31.8611       1455     6.0583  0.000e+00
     23.020    13.8541   3.842452    31.8571       1456     6.0625  0.000e+00
     22.958    13.8579   3.842953    31.8585       1457     6.0667  0.000e+00
     22.879    13.8620   3.843293    31.8583       1458     6.0708  0.000e+00
     22.788    13.8675   3.843198    31.8530       1459     6.0750  0.000e+00
     22.691    13.8712   3.843245    31.8503       1460     6.0792  0.000e+00
     22.590    13.8735   3.843221    31.8482       1461     6.0833  0.000e+00
     22.483    13.8751   3.843358    31.8483       1462     6.0875  0.000e+00
     22.385    13.8763   3.843412    31.8478       1463     6.0917  0.000e+00
     22.286    13.8772   3.843382    31.8468       1464     6.0958  0.000e+00
     22.188    13.8778   3.843448    31.8469       1465     6.1000  0.000e+00
     22.107    13.8786   3.843382    31.8457       1466     6.1042  0.000e+00
     22.031    13.8793   3.843269    31.8441       1467     6.1083  0.000e+00
     21.976    13.8793   3.842994    31.8416       1468     6.1125  0.000e+00
     21.931    13.8789   3.842815    31.8403       1469     6.1167  0.000e+00
     21.893    13.8785   3.842905    31.8415       1470     6.1208  0.000e+00
     21.868    13.8781   3.842821    31.8410       1471     6.1250  0.000e+00
     21.850    13.8779   3.842839    31.8414       1472     6.1292  0.000e+00
     21.832    13.8776   3.842863    31.8418       1473     6.1333  0.000e+00
     21.821    13.8778   3.842994    31.8429       1474     6.1375  0.000e+00
     21.806    13.8781   3.842940    31.8421       1475     6.1417  0.000e+00
     21.788    13.8785   3.842905    31.8415       1476     6.1458  0.000e+00
     21.775    13.8783   3.842839    31.8411       1477     6.1500  0.000e+00
     21.748    13.8782   3.842863    31.8414       1478     6.1542  0.000e+00
     21.712    13.8784   3.842940    31.8420       1479     6.1583  0.000e+00
     21.666    13.8790   3.843018    31.8422       1480     6.1625  0.000e+00
     21.608    13.8799   3.843066    31.8419       1481     6.1667  0.000e+00
     21.540    13.8810   3.843650    31.8464       1482     6.1708  0.000e+00
     21.467    13.8839   3.846121    31.8668       1483     6.1750  0.000e+00
     21.384    13.8960   3.850796    31.9000       1484     6.1792  0.000e+00
     21.301    13.9261   3.855073    31.9144       1485     6.1833  0.000e+00
     21.212    13.9682   3.859226    31.9178       1486     6.1875  0.000e+00
     21.122    14.0163   3.863913    31.9211       1487     6.1917  0.000e+00
     21.031    14.0682   3.867286    31.9091       1488     6.1958  0.000e+00
     20.948    14.1189   3.869697    31.8893       1489     6.2000  0.000e+00
     20.867    14.1628   3.871001    31.8650       1490     6.2042  0.000e+00
     20.793    14.1974   3.874329    31.8670       1491     6.2083  0.000e+00
     20.726    14.2310   3.877760    31.8707       1492     6.2125  0.000e+00
     20.657    14.2696   3.881461    31.8728       1493     6.2167  0.000e+00
     20.601    14.3093   3.883546    31.8591       1494     6.2208  0.000e+00
     20.554    14.3462   3.884265    31.8353       1495     6.2250  0.000e+00
     20.505    14.3739   3.884462    31.8144       1496     6.2292  0.000e+00
     20.463    14.3921   3.884624    31.8009       1497     6.2333  0.000e+00
     20.427    14.4037   3.884642    31.7915       1498     6.2375  0.000e+00
     20.389    14.4111   3.884689    31.7859       1499     6.2417  0.000e+00
     20.358    14.4159   3.884761    31.7826       1500     6.2458  0.000e+00
     20.320    14.4191   3.884893    31.7812       1501     6.2500  0.000e+00
     20.290    14.4214   3.884935    31.7797       1502     6.2542  0.000e+00
     20.250    14.4230   3.885031    31.7793       1503     6.2583  0.000e+00
     20.214    14.4245   3.886044    31.7873       1504     6.2625  0.000e+00
     20.174    14.4292   3.887075    31.7928       1505     6.2667  0.000e+00
     20.130    14.4369   3.889413    31.8079       1506     6.2708  0.000e+00
     20.080    14.4515   3.893726    31.8351       1507     6.2750  0.000e+00
     20.027    14.4788   3.897223    31.8446       1508     6.2792  0.000e+00
     19.973    14.5132   3.899708    31.8390       1509     6.2833  0.000e+00
     19.910    14.5474   3.901094    31.8235       1510     6.2875  0.000e+00
     19.845    14.5761   3.903412    31.8211       1511     6.2917  0.000e+00
     19.770    14.6042   3.906090    31.8224       1512     6.2958  0.000e+00
     19.694    14.6338   3.908235    31.8177       1513     6.3000  0.000e+00
     19.609    14.6631   3.911672    31.8248       1514     6.3042  0.000e+00
     19.521    14.6955   3.914954    31.8281       1515     6.3083  0.000e+00
     19.434    14.7315   3.918146    31.8276       1516     6.3125  0.000e+00
     19.356    14.7706   3.920600    31.8179       1517     6.3167  0.000e+00
     19.278    14.8056   3.922176    31.8035       1518     6.3208  0.000e+00
     19.199    14.8359   3.924468    31.7996       1519     6.3250  0.000e+00
     19.132    14.8657   3.930410    31.8289       1520     6.3292  0.000e+00
     19.065    14.9067   3.933735    31.8255       1521     6.3333  0.000e+00
     19.014    14.9521   3.933385    31.7853       1522     6.3375  0.000e+00
     18.960    14.9827   3.934384    31.7694       1523     6.3417  0.000e+00
     18.920    15.0038   3.936806    31.7741       1524     6.3458  0.000e+00
     18.880    15.0274   3.939114    31.7757       1525     6.3500  0.000e+00
     18.840    15.0515   3.939855    31.7627       1526     6.3542  0.000e+00
     18.797    15.0732   3.941350    31.7586       1527     6.3583  0.000e+00
     18.752    15.0922   3.943189    31.7597       1528     6.3625  0.000e+00
     18.706    15.1124   3.943334    31.7447       1529     6.3667  0.000e+00
     18.654    15.1268   3.943050    31.7304       1530     6.3708  0.000e+00
     18.598    15.1354   3.943285    31.7256       1531     6.3750  0.000e+00
     18.540    15.1406   3.943701    31.7252       1532     6.3792  0.000e+00
     18.489    15.1454   3.943870    31.7227       1533     6.3833  0.000e+00
     18.431    15.1500   3.946433    31.7421       1534     6.3875  0.000e+00
     18.381    15.1617   3.947790    31.7447       1535     6.3917  0.000e+00
     18.325    15.1772   3.948490    31.7385       1536     6.3958  0.000e+00
     18.270    15.1909   3.948791    31.7301       1537     6.4000  0.000e+00
     18.214    15.2012   3.949449    31.7277       1538     6.4042  0.000e+00
     18.158    15.2096   3.950125    31.7270       1539     6.4083  0.000e+00
     18.091    15.2184   3.951410    31.7314       1540     6.4125  0.000e+00
     18.023    15.2294   3.954338    31.7487       1541     6.4167  0.000e+00
     17.949    15.2482   3.956674    31.7543       1542     6.4208  0.000e+00
     17.878    15.2719   3.957918    31.7464       1543     6.4250  0.000e+00
     17.798    15.2933   3.958781    31.7368       1544     6.4292  0.000e+00
     17.708    15.3109   3.959627    31.7301       1545     6.4333  0.000e+00
     17.614    15.3255   3.960212    31.7236       1546     6.4375  0.000e+00
     17.523    15.3373   3.960544    31.7171       1547     6.4417  0.000e+00
     17.429    15.3464   3.960731    31.7114       1548     6.4458  0.000e+00
     17.341    15.3532   3.961148    31.7097       1549     6.4500  0.000e+00
     17.248    15.3586   3.961619    31.7096       1550     6.4542  0.000e+00
     17.165    15.3642   3.963166    31.7189       1551     6.4583  0.000e+00
     17.082    15.3734   3.966339    31.7398       1552     6.4625  0.000e+00
     17.002    15.3911   3.969114    31.7503       1553     6.4667  0.000e+00
     16.939    15.4154   3.970686    31.7447       1554     6.4708  0.000e+00
     16.888    15.4391   3.972566    31.7423       1555     6.4750  0.000e+00
     16.838    15.4621   3.974054    31.7370       1556     6.4792  0.000e+00
     16.791    15.4836   3.974852    31.7268       1557     6.4833  0.000e+00
     16.763    15.5013   3.975487    31.7182       1558     6.4875  0.000e+00
     16.724    15.5147   3.976056    31.7125       1559     6.4917  0.000e+00
     16.700    15.5254   3.976618    31.7089       1560     6.4958  0.000e+00
     16.667    15.5340   3.977018    31.7055       1561     6.5000  0.000e+00
     16.646    15.5413   3.977441    31.7034       1562     6.5042  0.000e+00
     16.608    15.5474   3.977822    31.7019       1563     6.5083  0.000e+00
     16.568    15.5528   3.978313    31.7019       1564     6.5125  0.000e+00
     16.521    15.5583   3.978881    31.7026       1565     6.5167  0.000e+00
     16.469    15.5644   3.979638    31.7044       1566     6.5208  0.000e+00
     16.402    15.5715   3.980037    31.7022       1567     6.5250  0.000e+00
     16.318    15.5791   3.980558    31.7008       1568     6.5292  0.000e+00
     16.226    15.5869   3.982634    31.7130       1569     6.5333  0.000e+00
     16.127    15.5995   3.985068    31.7245       1570     6.5375  0.000e+00
     16.020    15.6179   3.985771    31.7159       1571     6.5417  0.000e+00
     15.913    15.6342   3.986243    31.7071       1572     6.5458  0.000e+00
     15.806    15.6468   3.987448    31.7077       1573     6.5500  0.000e+00
     15.693    15.6591   3.988442    31.7067       1574     6.5542  0.000e+00
     15.597    15.6716   3.989199    31.7034       1575     6.5583  0.000e+00
     15.503    15.6831   3.989907    31.7005       1576     6.5625  0.000e+00
     15.419    15.6938   3.991495    31.7060       1577     6.5667  0.000e+00
     15.343    15.7061   3.992210    31.7024       1578     6.5708  0.000e+00
     15.284    15.7182   3.992464    31.6950       1579     6.5750  0.000e+00
     15.237    15.7273   3.992676    31.6896       1580     6.5792  0.000e+00
     15.192    15.7337   3.992676    31.6845       1581     6.5833  0.000e+00
     15.152    15.7379   3.992894    31.6831       1582     6.5875  0.000e+00
     15.123    15.7409   3.993197    31.6833       1583     6.5917  0.000e+00
     15.103    15.7438   3.993009    31.6794       1584     6.5958  0.000e+00
     15.077    15.7452   3.992937    31.6776       1585     6.6000  0.000e+00
     15.047    15.7458   3.992979    31.6775       1586     6.6042  0.000e+00
     15.010    15.7462   3.993197    31.6791       1587     6.6083  0.000e+00
     14.985    15.7469   3.993270    31.6792       1588     6.6125  0.000e+00
     14.933    15.7479   3.993221    31.6780       1589     6.6167  0.000e+00
     14.880    15.7483   3.993579    31.6808       1590     6.6208  0.000e+00
     14.817    15.7496   3.993555    31.6796       1591     6.6250  0.000e+00
     14.748    15.7509   3.993743    31.6803       1592     6.6292  0.000e+00
     14.672    15.7522   3.994088    31.6823       1593     6.6333  0.000e+00
     14.594    15.7541   3.994525    31.6846       1594     6.6375  0.000e+00
     14.517    15.7572   3.995592    31.6917       1595     6.6417  0.000e+00
     14.431    15.7625   3.997605    31.7052       1596     6.6458  0.000e+00
     14.348    15.7729   3.998957    31.7089       1597     6.6500  0.000e+00
     14.252    15.7851   3.999739    31.7060       1598     6.6542  0.000e+00
     14.160    15.7958   4.001662    31.7145       1599     6.6583  0.000e+00
     14.070    15.8086   4.002341    31.7102       1600     6.6625  0.000e+00
     13.981    15.8203   4.003209    31.7086       1601     6.6667  0.000e+00
     13.889    15.8304   4.004374    31.7108       1602     6.6708  0.000e+00
     13.807    15.8419   4.006819    31.7232       1603     6.6750  0.000e+00
     13.717    15.8589   4.008531    31.7247       1604     6.6792  0.000e+00
     13.638    15.8784   4.009150    31.7146       1605     6.6833  0.000e+00
     13.562    15.8945   4.009629    31.7060       1606     6.6875  0.000e+00
     13.491    15.9068   4.010103    31.7003       1607     6.6917  0.000e+00
     13.429    15.9162   4.010315    31.6946       1608     6.6958  0.000e+00
     13.377    15.9235   4.010582    31.6912       1609     6.7000  0.000e+00
     13.330    15.9293   4.010770    31.6882       1610     6.7042  0.000e+00
     13.292    15.9339   4.010837    31.6852       1611     6.7083  0.000e+00
     13.250    15.9371   4.010958    31.6837       1612     6.7125  0.000e+00
     13.209    15.9397   4.011031    31.6823       1613     6.7167  0.000e+00
     13.174    15.9420   4.011317    31.6830       1614     6.7208  0.000e+00
     13.133    15.9445   4.012270    31.6894       1615     6.7250  0.000e+00
     13.095    15.9503   4.015058    31.7093       1616     6.7292  0.000e+00
     13.053    15.9647   4.017282    31.7174       1617     6.7333  0.000e+00
     13.002    15.9844   4.018418    31.7117       1618     6.7375  0.000e+00
     12.959    16.0027   4.019517    31.7067       1619     6.7417  0.000e+00
     12.897    16.0188   4.021310    31.7096       1620     6.7458  0.000e+00
     12.832    16.0356   4.021857    31.7011       1621     6.7500  0.000e+00
     12.758    16.0496   4.022477    31.6953       1622     6.7542  0.000e+00
     12.679    16.0606   4.022787    31.6893       1623     6.7583  0.000e+00
     12.594    16.0690   4.023219    31.6864       1624     6.7625  0.000e+00
     12.501    16.0762   4.024654    31.6933       1625     6.7667  0.000e+00
     12.411    16.0857   4.025772    31.6956       1626     6.7708  0.000e+00
     12.315    16.0974   4.027451    31.7010       1627     6.7750  0.000e+00
     12.217    16.1110   4.029318    31.7066       1628     6.7792  0.000e+00
     12.131    16.1283   4.030565    31.7038       1629     6.7833  0.000e+00
     12.042    16.1451   4.031520    31.6987       1630     6.7875  0.000e+00
     11.962    16.1599   4.033182    31.7015       1631     6.7917  0.000e+00
     11.885    16.1758   4.034977    31.7047       1632     6.7958  0.000e+00
     11.821    16.1932   4.036176    31.7013       1633     6.8000  0.000e+00
     11.758    16.2099   4.037278    31.6977       1634     6.8042  0.000e+00
     11.711    16.2259   4.038191    31.6930       1635     6.8083  0.000e+00
     11.655    16.2400   4.038909    31.6880       1636     6.8125  0.000e+00
     11.608    16.2519   4.040304    31.6908       1637     6.8167  0.000e+00
     11.557    16.2644   4.041431    31.6907       1638     6.8208  0.000e+00
     11.510    16.2777   4.042496    31.6894       1639     6.8250  0.000e+00
     11.459    16.2907   4.043837    31.6909       1640     6.8292  0.000e+00
     11.409    16.3043   4.046146    31.7002       1641     6.8333  0.000e+00
     11.358    16.3219   4.047913    31.7017       1642     6.8375  0.000e+00
     11.311    16.3418   4.050455    31.7080       1643     6.8417  0.000e+00
     11.264    16.3646   4.052357    31.7066       1644     6.8458  0.000e+00
     11.219    16.3881   4.054071    31.7028       1645     6.8500  0.000e+00
     11.168    16.4106   4.056303    31.7045       1646     6.8542  0.000e+00
     11.117    16.4335   4.057328    31.6952       1647     6.8583  0.000e+00
     11.069    16.4535   4.057736    31.6829       1648     6.8625  0.000e+00
     11.016    16.4681   4.058175    31.6752       1649     6.8667  0.000e+00
     10.960    16.4789   4.059017    31.6740       1650     6.8708  0.000e+00
     10.899    16.4886   4.059932    31.6743       1651     6.8750  0.000e+00
