HB2406/sbe075.cnv
* Sea-Bird SBE 19plus V2 Data File:
* FileName = C:\cruise\data\sbe075.hex
* Software Version Seasave V 7.26.7.121
* Temperature SN = 7037
* Conductivity SN = 7037
* System UpLoad Time = Aug 18 2024 14:58:48
* NMEA Latitude = 41 25.42 N
* NMEA Longitude = 068 02.72 W
* NMEA UTC (Time) = Aug 18 2024  14:57:41
** Ship: Henry Bigelow
** Cruise:  HB2406
** Program:  ECOMON
# nquan = 7
# nvalues = 1582                                  
# units = specified
# name 0 = depSM: Depth [salt water, m]
# name 1 = tv290C: Temperature [ITS-90, deg C]
# name 2 = c0S/m: Conductivity [S/m]
# name 3 = sal00: Salinity, Practical [PSU]
# name 4 = scan: Scan Count
# name 5 = timeM: Time, Elapsed [minutes]
# name 6 = flag:  0.000e+00
# span 0 =     -0.021,     37.684                 
# span 1 =    18.8790,    19.9711                 
# span 2 =  -0.000023,   4.333205                 
# span 3 =     0.0000,    31.8472                 
# span 4 =         11,       1592                 
# span 5 =     0.0417,     6.6292                 
# span 6 = 0.0000e+00, 0.0000e+00                 
# interval = seconds: 0.25
# start_time = Aug 18 2024 14:57:41 [NMEA time, header]
# bad_flag = -9.990e-29
*END*
[from data line 411]
     27.701    18.9189   4.269413    31.5559        422     1.7542  0.000e+00
     27.844    18.9188   4.269363    31.5555        423     1.7583  0.000e+00
     27.994    18.9190   4.269413    31.5557        424     1.7625  0.000e+00
     28.148    18.9191   4.269438    31.5557        425     1.7667  0.000e+00
     28.299    18.9193   4.269413    31.5553        426     1.7708  0.000e+00
     28.453    18.9193   4.269426    31.5554        427     1.7750  0.000e+00
     28.607    18.9193   4.269438    31.5554        428     1.7792  0.000e+00
     28.753    18.9193   4.269488    31.5558        429     1.7833  0.000e+00
     28.902    18.9194   4.269488    31.5557        430     1.7875  0.000e+00
     29.052    18.9194   4.269464    31.5554        431     1.7917  0.000e+00
     29.198    18.9195   4.269464    31.5553        432     1.7958  0.000e+00
     29.345    18.9194   4.269482    31.5555        433     1.8000  0.000e+00
     29.482    18.9196   4.269514    31.5556        434     1.8042  0.000e+00
     29.623    18.9197   4.269539    31.5556        435     1.8083  0.000e+00
     29.759    18.9198   4.269514    31.5553        436     1.8125  0.000e+00
     29.900    18.9197   4.269539    31.5555        437     1.8167  0.000e+00
     30.037    18.9198   4.269532    31.5554        438     1.8208  0.000e+00
     30.173    18.9196   4.269564    31.5557        439     1.8250  0.000e+00
     30.314    18.9198   4.269539    31.5553        440     1.8292  0.000e+00
     30.455    18.9196   4.269514    31.5552        441     1.8333  0.000e+00
     30.596    18.9195   4.269539    31.5555        442     1.8375  0.000e+00
     30.730    18.9193   4.269564    31.5557        443     1.8417  0.000e+00
     30.863    18.9196   4.269583    31.5557        444     1.8458  0.000e+00
     31.001    18.9195   4.269589    31.5557        445     1.8500  0.000e+00
     31.131    18.9198   4.269639    31.5559        446     1.8542  0.000e+00
     31.254    18.9199   4.269639    31.5557        447     1.8583  0.000e+00
     31.373    18.9201   4.269664    31.5557        448     1.8625  0.000e+00
     31.494    18.9201   4.269639    31.5555        449     1.8667  0.000e+00
     31.619    18.9202   4.269664    31.5556        450     1.8708  0.000e+00
     31.744    18.9202   4.269664    31.5556        451     1.8750  0.000e+00
     31.869    18.9204   4.269664    31.5554        452     1.8792  0.000e+00
     32.003    18.9203   4.269683    31.5556        453     1.8833  0.000e+00
     32.135    18.9204   4.269639    31.5551        454     1.8875  0.000e+00
     32.270    18.9205   4.269689    31.5554        455     1.8917  0.000e+00
     32.411    18.9205   4.269708    31.5555        456     1.8958  0.000e+00
     32.560    18.9206   4.269708    31.5554        457     1.9000  0.000e+00
     32.699    18.9207   4.269708    31.5553        458     1.9042  0.000e+00
     32.843    18.9204   4.269708    31.5554        459     1.9083  0.000e+00
     32.981    18.9207   4.269783    31.5557        460     1.9125  0.000e+00
     33.124    18.9207   4.269739    31.5553        461     1.9167  0.000e+00
     33.254    18.9207   4.269733    31.5552        462     1.9208  0.000e+00
     33.377    18.9206   4.269733    31.5553        463     1.9250  0.000e+00
     33.494    18.9206   4.269758    31.5555        464     1.9292  0.000e+00
     33.610    18.9206   4.269783    31.5556        465     1.9333  0.000e+00
     33.720    18.9207   4.269783    31.5555        466     1.9375  0.000e+00
     33.834    18.9207   4.269765    31.5553        467     1.9417  0.000e+00
     33.954    18.9207   4.269758    31.5553        468     1.9458  0.000e+00
     34.075    18.9205   4.269833    31.5560        469     1.9500  0.000e+00
     34.205    18.9207   4.269883    31.5562        470     1.9542  0.000e+00
     34.328    18.9207   4.269833    31.5557        471     1.9583  0.000e+00
     34.467    18.9209   4.269896    31.5560        472     1.9625  0.000e+00
     34.608    18.9212   4.269908    31.5559        473     1.9667  0.000e+00
     34.751    18.9213   4.269883    31.5555        474     1.9708  0.000e+00
     34.908    18.9215   4.269933    31.5557        475     1.9750  0.000e+00
     35.066    18.9215   4.269958    31.5559        476     1.9792  0.000e+00
     35.232    18.9217   4.269933    31.5555        477     1.9833  0.000e+00
     35.400    18.9218   4.270021    31.5561        478     1.9875  0.000e+00
     35.576    18.9222   4.270083    31.5562        479     1.9917  0.000e+00
     35.749    18.9223   4.270133    31.5565        480     1.9958  0.000e+00
     35.919    18.9229   4.270133    31.5560        481     2.0000  0.000e+00
     36.091    18.9232   4.270158    31.5559        482     2.0042  0.000e+00
     36.254    18.9235   4.270202    31.5560        483     2.0083  0.000e+00
     36.411    18.9237   4.270177    31.5556        484     2.0125  0.000e+00
     36.567    18.9240   4.270227    31.5557        485     2.0167  0.000e+00
     36.715    18.9243   4.270252    31.5556        486     2.0208  0.000e+00
     36.856    18.9242   4.270302    31.5561        487     2.0250  0.000e+00
     36.992    18.9243   4.270252    31.5555        488     2.0292  0.000e+00
     37.122    18.9245   4.270252    31.5553        489     2.0333  0.000e+00
     37.245    18.9247   4.270302    31.5555        490     2.0375  0.000e+00
     37.371    18.9247   4.270227    31.5549        491     2.0417  0.000e+00
     37.492    18.9248   4.270302    31.5554        492     2.0458  0.000e+00
     37.610    18.9249   4.270327    31.5555        493     2.0500  0.000e+00
     37.668    18.9248   4.270327    31.5555        494     2.0542  0.000e+00
     37.684    18.9248   4.270283    31.5552        495     2.0583  0.000e+00
     37.657    18.9249   4.270277    31.5551        496     2.0625  0.000e+00
     37.603    18.9247   4.270252    31.5550        497     2.0667  0.000e+00
     37.568    18.9246   4.270252    31.5551        498     2.0708  0.000e+00
     37.567    18.9247   4.270277    31.5552        499     2.0750  0.000e+00
     37.565    18.9246   4.270252    31.5551        500     2.0792  0.000e+00
     37.565    18.9245   4.270283    31.5554        501     2.0833  0.000e+00
     37.558    18.9246   4.270252    31.5551        502     2.0875  0.000e+00
     37.543    18.9246   4.270302    31.5555        503     2.0917  0.000e+00
     37.539    18.9246   4.270302    31.5555        504     2.0958  0.000e+00
     37.538    18.9247   4.270277    31.5552        505     2.1000  0.000e+00
     37.545    18.9246   4.270252    31.5551        506     2.1042  0.000e+00
     37.554    18.9247   4.270308    31.5555        507     2.1083  0.000e+00
     37.556    18.9247   4.270252    31.5550        508     2.1125  0.000e+00
     37.556    18.9247   4.270277    31.5552        509     2.1167  0.000e+00
     37.548    18.9248   4.270302    31.5554        510     2.1208  0.000e+00
     37.536    18.9248   4.270302    31.5554        511     2.1250  0.000e+00
     37.520    18.9246   4.270283    31.5554        512     2.1292  0.000e+00
     37.505    18.9248   4.270252    31.5550        513     2.1333  0.000e+00
     37.483    18.9247   4.270277    31.5552        514     2.1375  0.000e+00
     37.460    18.9249   4.270327    31.5555        515     2.1417  0.000e+00
     37.426    18.9248   4.270277    31.5552        516     2.1458  0.000e+00
     37.397    18.9249   4.270252    31.5549        517     2.1500  0.000e+00
     37.351    18.9247   4.270152    31.5543        518     2.1542  0.000e+00
     37.310    18.9241   4.270084    31.5542        519     2.1583  0.000e+00
     37.263    18.9234   4.270084    31.5547        520     2.1625  0.000e+00
     37.216    18.9229   4.270034    31.5547        521     2.1667  0.000e+00
     37.171    18.9226   4.270084    31.5554        522     2.1708  0.000e+00
     37.120    18.9225   4.270084    31.5555        523     2.1750  0.000e+00
     37.069    18.9226   4.270077    31.5554        524     2.1792  0.000e+00
     37.015    18.9224   4.270109    31.5558        525     2.1833  0.000e+00
     36.972    18.9225   4.270084    31.5555        526     2.1875  0.000e+00
     36.919    18.9225   4.270059    31.5553        527     2.1917  0.000e+00
     36.874    18.9228   4.270059    31.5551        528     2.1958  0.000e+00
     36.827    18.9225   4.270102    31.5557        529     2.2000  0.000e+00
     36.784    18.9225   4.270084    31.5556        530     2.2042  0.000e+00
     36.746    18.9225   4.270108    31.5558        531     2.2083  0.000e+00
     36.708    18.9224   4.270084    31.5557        532     2.2125  0.000e+00
     36.673    18.9227   4.270034    31.5551        533     2.2167  0.000e+00
     36.635    18.9226   4.270083    31.5556        534     2.2208  0.000e+00
     36.605    18.9226   4.270102    31.5557        535     2.2250  0.000e+00
     36.568    18.9227   4.270133    31.5559        536     2.2292  0.000e+00
     36.536    18.9230   4.270108    31.5555        537     2.2333  0.000e+00
     36.498    18.9230   4.270034    31.5548        538     2.2375  0.000e+00
     36.465    18.9229   4.269984    31.5546        539     2.2417  0.000e+00
     36.433    18.9224   4.269959    31.5547        540     2.2458  0.000e+00
     36.398    18.9220   4.269896    31.5546        541     2.2500  0.000e+00
     36.360    18.9219   4.270009    31.5556        542     2.2542  0.000e+00
     36.324    18.9217   4.270034    31.5559        543     2.2583  0.000e+00
     36.286    18.9220   4.270034    31.5557        544     2.2625  0.000e+00
     36.252    18.9221   4.270058    31.5559        545     2.2667  0.000e+00
     36.209    18.9224   4.270102    31.5560        546     2.2708  0.000e+00
     36.171    18.9227   4.270158    31.5563        547     2.2750  0.000e+00
     36.138    18.9229   4.270083    31.5554        548     2.2792  0.000e+00
     36.095    18.9229   4.270058    31.5553        549     2.2833  0.000e+00
     36.049    18.9227   4.270033    31.5553        550     2.2875  0.000e+00
     36.010    18.9227   4.270058    31.5555        551     2.2917  0.000e+00
     35.966    18.9226   4.269610    31.5519        552     2.2958  0.000e+00
     35.921    18.9216   4.269934    31.5553        553     2.3000  0.000e+00
     35.867    18.9213   4.270083    31.5568        554     2.3042  0.000e+00
     35.823    18.9217   4.270083    31.5565        555     2.3083  0.000e+00
     35.767    18.9222   4.270058    31.5560        556     2.3125  0.000e+00
     35.713    18.9225   4.270008    31.5553        557     2.3167  0.000e+00
     35.655    18.9226   4.269666    31.5524        558     2.3208  0.000e+00
     35.605    18.9214   4.269566    31.5525        559     2.3250  0.000e+00
     35.543    18.9201   4.269983    31.5570        560     2.3292  0.000e+00
     35.485    18.9203   4.270058    31.5575        561     2.3333  0.000e+00
     35.422    18.9214   4.269983    31.5561        562     2.3375  0.000e+00
     35.357    18.9218   4.269466    31.5515        563     2.3417  0.000e+00
     35.283    18.9203   4.269460    31.5526        564     2.3458  0.000e+00
     35.218    18.9190   4.269441    31.5535        565     2.3500  0.000e+00
     35.147    18.9177   4.269466    31.5547        566     2.3542  0.000e+00
     35.071    18.9173   4.269516    31.5554        567     2.3583  0.000e+00
     35.001    18.9173   4.269859    31.5583        568     2.3625  0.000e+00
     34.932    18.9183   4.269840    31.5574        569     2.3667  0.000e+00
     34.849    18.9193   4.269858    31.5568        570     2.3708  0.000e+00
     34.769    18.9200   4.269933    31.5569        571     2.3750  0.000e+00
     34.693    18.9206   4.269983    31.5569        572     2.3792  0.000e+00
     34.614    18.9215   4.269983    31.5562        573     2.3833  0.000e+00
     34.534    18.9218   4.269883    31.5552        574     2.3875  0.000e+00
     34.458    18.9222   4.269970    31.5557        575     2.3917  0.000e+00
     34.389    18.9225   4.270033    31.5560        576     2.3958  0.000e+00
     34.317    18.9228   4.269833    31.5541        577     2.4000  0.000e+00
     34.252    18.9224   4.269615    31.5526        578     2.4042  0.000e+00
     34.190    18.9214   4.269441    31.5520        579     2.4083  0.000e+00
     34.145    18.9200   4.269491    31.5534        580     2.4125  0.000e+00
     34.106    18.9189   4.269534    31.5547        581     2.4167  0.000e+00
     34.071    18.9184   4.269540    31.5552        582     2.4208  0.000e+00
     34.040    18.9179   4.269540    31.5555        583     2.4250  0.000e+00
     34.028    18.9179   4.269540    31.5555        584     2.4292  0.000e+00
     34.015    18.9179   4.269515    31.5553        585     2.4333  0.000e+00
     34.012    18.9177   4.269534    31.5556        586     2.4375  0.000e+00
     34.013    18.9179   4.269540    31.5555        587     2.4417  0.000e+00
     34.024    18.9179   4.269515    31.5553        588     2.4458  0.000e+00
     34.031    18.9179   4.269515    31.5553        589     2.4500  0.000e+00
     34.035    18.9178   4.269590    31.5560        590     2.4542  0.000e+00
     34.035    18.9183   4.269615    31.5559        591     2.4583  0.000e+00
     34.039    18.9186   4.269715    31.5564        592     2.4625  0.000e+00
     34.022    18.9191   4.269684    31.5558        593     2.4667  0.000e+00
     34.012    18.9193   4.269640    31.5553        594     2.4708  0.000e+00
     33.997    18.9192   4.269615    31.5551        595     2.4750  0.000e+00
     33.955    18.9191   4.269640    31.5554        596     2.4792  0.000e+00
     33.907    18.9193   4.269665    31.5555        597     2.4833  0.000e+00
     33.840    18.9194   4.269609    31.5550        598     2.4875  0.000e+00
     33.775    18.9190   4.269515    31.5546        599     2.4917  0.000e+00
     33.699    18.9189   4.269490    31.5545        600     2.4958  0.000e+00
     33.624    18.9184   4.269440    31.5545        601     2.5000  0.000e+00
     33.550    18.9179   4.269515    31.5555        602     2.5042  0.000e+00
     33.471    18.9178   4.269328    31.5540        603     2.5083  0.000e+00
     33.393    18.9176   4.269366    31.5545        604     2.5125  0.000e+00
     33.312    18.9172   4.269415    31.5553        605     2.5167  0.000e+00
     33.232    18.9169   4.269515    31.5563        606     2.5208  0.000e+00
     33.158    18.9174   4.269665    31.5572        607     2.5250  0.000e+00
     33.078    18.9182   4.269640    31.5565        608     2.5292  0.000e+00
     32.992    18.9187   4.269584    31.5556        609     2.5333  0.000e+00
     32.916    18.9191   4.269590    31.5554        610     2.5375  0.000e+00
     32.829    18.9192   4.269615    31.5555        611     2.5417  0.000e+00
     32.747    18.9194   4.269640    31.5556        612     2.5458  0.000e+00
     32.661    18.9196   4.269615    31.5553        613     2.5500  0.000e+00
     32.568    18.9197   4.269664    31.5557        614     2.5542  0.000e+00
     32.485    18.9196   4.269633    31.5555        615     2.5583  0.000e+00
     32.398    18.9197   4.269664    31.5557        616     2.5625  0.000e+00
     32.315    18.9199   4.269565    31.5548        617     2.5667  0.000e+00
     32.238    18.9198   4.269639    31.5555        618     2.5708  0.000e+00
     32.151    18.9198   4.269614    31.5553        619     2.5750  0.000e+00
     32.066    18.9199   4.269633    31.5555        620     2.5792  0.000e+00
     31.981    18.9201   4.269664    31.5555        621     2.5833  0.000e+00
     31.887    18.9203   4.269614    31.5550        622     2.5875  0.000e+00
     31.805    18.9200   4.269490    31.5542        623     2.5917  0.000e+00
     31.722    18.9198   4.269564    31.5551        624     2.5958  0.000e+00
     31.639    18.9198   4.269564    31.5551        625     2.6000  0.000e+00
