HB2406/sbe077.cnv
* Sea-Bird SBE 19plus V2 Data File:
* FileName = C:\cruise\data\sbe077.hex
* Software Version Seasave V 7.26.7.121
* Temperature SN = 7037
* Conductivity SN = 7037
* System UpLoad Time = Aug 18 2024 18:26:25
* NMEA Latitude = 41 40.06 N
* NMEA Longitude = 068 37.51 W
* NMEA UTC (Time) = Aug 18 2024  18:25:18
** Ship: Henry Bigelow
** Cruise:  HB2406
** Program:  ECOMON
# nquan = 7
# nvalues = 3874                                  
# units = specified
# name 0 = depSM: Depth [salt water, m]
# name 1 = tv290C: Temperature [ITS-90, deg C]
# name 2 = c0S/m: Conductivity [S/m]
# name 3 = sal00: Salinity, Practical [PSU]
# name 4 = scan: Scan Count
# name 5 = timeM: Time, Elapsed [minutes]
# name 6 = flag:  0.000e+00
# span 0 =     -0.063,    158.763                 
# span 1 =     6.3334,    20.3551                 
# span 2 =   0.000025,   4.326664                 
# span 3 =     0.0098,    33.6983                 
# span 4 =         11,       3884                 
# span 5 =     0.0417,    16.1792                 
# span 6 = 0.0000e+00, 0.0000e+00                 
# interval = seconds: 0.25
# start_time = Aug 18 2024 18:25:18 [NMEA time, header]
# bad_flag = -9.990e-29
*END*
[from data line 1847]
    147.921     7.2987   3.430802    33.5606       1858     7.7375  0.000e+00
    147.767     7.2983   3.430020    33.5525       1859     7.7417  0.000e+00
    147.613     7.2971   3.428407    33.5363       1860     7.7458  0.000e+00
    147.458     7.2937   3.426589    33.5198       1861     7.7500  0.000e+00
    147.300     7.2884   3.425933    33.5180       1862     7.7542  0.000e+00
    147.150     7.2830   3.424423    33.5068       1863     7.7583  0.000e+00
    147.009     7.2774   3.423187    33.4989       1864     7.7625  0.000e+00
    146.875     7.2715   3.421507    33.4864       1865     7.7667  0.000e+00
    146.745     7.2649   3.420652    33.4836       1866     7.7708  0.000e+00
    146.622     7.2589   3.419149    33.4731       1867     7.7750  0.000e+00
    146.506     7.2526   3.416200    33.4472       1868     7.7792  0.000e+00
    146.397     7.2437   3.414009    33.4320       1869     7.7833  0.000e+00
    146.303     7.2339   3.412819    33.4286       1870     7.7875  0.000e+00
    146.213     7.2249   3.411278    33.4205       1871     7.7917  0.000e+00
    146.131     7.2166   3.410311    33.4181       1872     7.7958  0.000e+00
    146.055     7.2095   3.409981    33.4214       1873     7.8000  0.000e+00
    145.988     7.2040   3.409696    33.4236       1874     7.8042  0.000e+00
    145.925     7.2003   3.409247    33.4224       1875     7.8083  0.000e+00
    145.869     7.1969   3.408286    33.4152       1876     7.8125  0.000e+00
    145.818     7.1936   3.407706    33.4121       1877     7.8167  0.000e+00
    145.769     7.1900   3.407041    33.4084       1878     7.8208  0.000e+00
    145.726     7.1865   3.406643    33.4074       1879     7.8250  0.000e+00
    145.686     7.1837   3.406313    33.4066       1880     7.8292  0.000e+00
    145.650     7.1813   3.405966    33.4052       1881     7.8333  0.000e+00
    145.604     7.1790   3.405784    33.4054       1882     7.8375  0.000e+00
    145.574     7.1772   3.405619    33.4053       1883     7.8417  0.000e+00
    145.534     7.1758   3.405557    33.4060       1884     7.8458  0.000e+00
    145.488     7.1747   3.405517    33.4067       1885     7.8500  0.000e+00
    145.449     7.1741   3.405449    33.4065       1886     7.8542  0.000e+00
    145.405     7.1735   3.405267    33.4052       1887     7.8583  0.000e+00
    145.360     7.1728   3.405045    33.4034       1888     7.8625  0.000e+00
    145.313     7.1718   3.404977    33.4037       1889     7.8667  0.000e+00
    145.262     7.1710   3.404636    33.4008       1890     7.8708  0.000e+00
    145.208     7.1700   3.404420    33.3994       1891     7.8750  0.000e+00
    145.144     7.1691   3.404187    33.3978       1892     7.8792  0.000e+00
    145.077     7.1679   3.403669    33.3933       1893     7.8833  0.000e+00
    145.007     7.1665   3.403800    33.3962       1894     7.8875  0.000e+00
    144.925     7.1653   3.403203    33.3908       1895     7.8917  0.000e+00
    144.837     7.1639   3.403158    33.3918       1896     7.8958  0.000e+00
    144.739     7.1627   3.403118    33.3925       1897     7.9000  0.000e+00
    144.638     7.1618   3.401993    33.3811       1898     7.9042  0.000e+00
    144.527     7.1599   3.401373    33.3763       1899     7.9083  0.000e+00
    144.413     7.1571   3.401237    33.3776       1900     7.9125  0.000e+00
    144.292     7.1548   3.400924    33.3765       1901     7.9167  0.000e+00
    144.167     7.1529   3.400458    33.3733       1902     7.9208  0.000e+00
    144.044     7.1508   3.399498    33.3649       1903     7.9250  0.000e+00
    143.924     7.1481   3.399214    33.3645       1904     7.9292  0.000e+00
    143.798     7.1455   3.398964    33.3643       1905     7.9333  0.000e+00
    143.673     7.1434   3.398782    33.3644       1906     7.9375  0.000e+00
    143.555     7.1418   3.398742    33.3656       1907     7.9417  0.000e+00
    143.439     7.1406   3.398720    33.3666       1908     7.9458  0.000e+00
    143.327     7.1398   3.398589    33.3660       1909     7.9500  0.000e+00
    143.220     7.1392   3.398498    33.3656       1910     7.9542  0.000e+00
    143.126     7.1386   3.398311    33.3642       1911     7.9583  0.000e+00
    143.029     7.1380   3.398129    33.3629       1912     7.9625  0.000e+00
    142.942     7.1372   3.398026    33.3625       1913     7.9667  0.000e+00
    142.857     7.1365   3.397691    33.3596       1914     7.9708  0.000e+00
    142.772     7.1355   3.397680    33.3605       1915     7.9750  0.000e+00
    142.685     7.1345   3.395982    33.3429       1916     7.9792  0.000e+00
    142.601     7.1320   3.396374    33.3497       1917     7.9833  0.000e+00
    142.524     7.1295   3.396902    33.3579       1918     7.9875  0.000e+00
    142.448     7.1291   3.395658    33.3448       1919     7.9917  0.000e+00
    142.370     7.1277   3.395312    33.3424       1920     7.9958  0.000e+00
    142.294     7.1255   3.395340    33.3448       1921     8.0000  0.000e+00
    142.219     7.1240   3.395062    33.3433       1922     8.0042  0.000e+00
    142.147     7.1229   3.395079    33.3446       1923     8.0083  0.000e+00
    142.066     7.1218   3.395124    33.3462       1924     8.0125  0.000e+00
    141.990     7.1213   3.395164    33.3471       1925     8.0167  0.000e+00
    141.917     7.1211   3.394994    33.3455       1926     8.0208  0.000e+00
    141.843     7.1208   3.394636    33.3419       1927     8.0250  0.000e+00
    141.769     7.1199   3.393710    33.3327       1928     8.0292  0.000e+00
    141.700     7.1179   3.392700    33.3237       1929     8.0333  0.000e+00
    141.637     7.1150   3.391831    33.3171       1930     8.0375  0.000e+00
    141.579     7.1112   3.391292    33.3149       1931     8.0417  0.000e+00
    141.517     7.1076   3.391065    33.3159       1932     8.0458  0.000e+00
    141.459     7.1049   3.391167    33.3196       1933     8.0500  0.000e+00
    141.403     7.1032   3.391616    33.3262       1934     8.0542  0.000e+00
    141.354     7.1028   3.391213    33.3222       1935     8.0583  0.000e+00
    141.303     7.1022   3.390577    33.3159       1936     8.0625  0.000e+00
    141.251     7.1011   3.390742    33.3187       1937     8.0667  0.000e+00
    141.197     7.0999   3.389782    33.3094       1938     8.0708  0.000e+00
    141.146     7.0981   3.389476    33.3079       1939     8.0750  0.000e+00
    141.088     7.0960   3.389056    33.3053       1940     8.0792  0.000e+00
    141.025     7.0939   3.389130    33.3083       1941     8.0833  0.000e+00
    140.963     7.0924   3.389164    33.3101       1942     8.0875  0.000e+00
    140.898     7.0916   3.388823    33.3072       1943     8.0917  0.000e+00
    140.820     7.0906   3.388545    33.3051       1944     8.0958  0.000e+00
    140.746     7.0896   3.388398    33.3045       1945     8.1000  0.000e+00
    140.670     7.0884   3.388375    33.3055       1946     8.1042  0.000e+00
    140.588     7.0877   3.388273    33.3051       1947     8.1083  0.000e+00
    140.511     7.0870   3.387541    33.2978       1948     8.1125  0.000e+00
    140.422     7.0856   3.386900    33.2922       1949     8.1167  0.000e+00
    140.337     7.0835   3.386911    33.2944       1950     8.1208  0.000e+00
    140.246     7.0815   3.386838    33.2955       1951     8.1250  0.000e+00
    140.156     7.0804   3.386605    33.2941       1952     8.1292  0.000e+00
    140.063     7.0794   3.386429    33.2932       1953     8.1333  0.000e+00
    139.960     7.0784   3.386299    33.2928       1954     8.1375  0.000e+00
    139.857     7.0775   3.386236    33.2930       1955     8.1417  0.000e+00
    139.752     7.0768   3.386219    33.2936       1956     8.1458  0.000e+00
    139.640     7.0762   3.386117    33.2931       1957     8.1500  0.000e+00
    139.531     7.0759   3.385986    33.2920       1958     8.1542  0.000e+00
    139.416     7.0753   3.385748    33.2900       1959     8.1583  0.000e+00
    139.298     7.0746   3.385130    33.2841       1960     8.1625  0.000e+00
    139.180     7.0733   3.384897    33.2828       1961     8.1667  0.000e+00
    139.068     7.0716   3.385067    33.2864       1962     8.1708  0.000e+00
    138.954     7.0707   3.385039    33.2870       1963     8.1750  0.000e+00
    138.842     7.0702   3.384914    33.2861       1964     8.1792  0.000e+00
    138.733     7.0698   3.384495    33.2821       1965     8.1833  0.000e+00
    138.630     7.0689   3.383899    33.2764       1966     8.1875  0.000e+00
    138.531     7.0670   3.383791    33.2771       1967     8.1917  0.000e+00
    138.440     7.0655   3.383735    33.2780       1968     8.1958  0.000e+00
    138.355     7.0643   3.383706    33.2789       1969     8.2000  0.000e+00
    138.275     7.0636   3.383530    33.2777       1970     8.2042  0.000e+00
    138.208     7.0629   3.383406    33.2770       1971     8.2083  0.000e+00
    138.140     7.0621   3.383270    33.2764       1972     8.2125  0.000e+00
    138.080     7.0613   3.382963    33.2738       1973     8.2167  0.000e+00
    138.022     7.0605   3.382787    33.2727       1974     8.2208  0.000e+00
    137.971     7.0596   3.382578    33.2713       1975     8.2250  0.000e+00
    137.924     7.0585   3.382470    33.2712       1976     8.2292  0.000e+00
    137.877     7.0574   3.382130    33.2685       1977     8.2333  0.000e+00
    137.834     7.0565   3.381852    33.2664       1978     8.2375  0.000e+00
    137.790     7.0551   3.381642    33.2655       1979     8.2417  0.000e+00
    137.739     7.0539   3.381489    33.2650       1980     8.2458  0.000e+00
    137.691     7.0529   3.381319    33.2642       1981     8.2500  0.000e+00
    137.636     7.0517   3.381189    33.2639       1982     8.2542  0.000e+00
    137.580     7.0508   3.381075    33.2635       1983     8.2583  0.000e+00
    137.511     7.0500   3.380809    33.2614       1984     8.2625  0.000e+00
    137.444     7.0489   3.380486    33.2590       1985     8.2667  0.000e+00
    137.363     7.0477   3.379771    33.2524       1986     8.2708  0.000e+00
    137.283     7.0457   3.379086    33.2469       1987     8.2750  0.000e+00
    137.187     7.0428   3.378332    33.2415       1988     8.2792  0.000e+00
    137.097     7.0396   3.377023    33.2303       1989     8.2833  0.000e+00
    136.995     7.0353   3.376547    33.2293       1990     8.2875  0.000e+00
    136.896     7.0312   3.376110    33.2285       1991     8.2917  0.000e+00
    136.798     7.0278   3.375935    33.2299       1992     8.2958  0.000e+00
    136.704     7.0253   3.375686    33.2297       1993     8.3000  0.000e+00
    136.599     7.0232   3.375391    33.2285       1994     8.3042  0.000e+00
    136.500     7.0215   3.374898    33.2249       1995     8.3083  0.000e+00
    136.396     7.0195   3.374581    33.2233       1996     8.3125  0.000e+00
    136.301     7.0176   3.374111    33.2201       1997     8.3167  0.000e+00
    136.208     7.0156   3.373686    33.2174       1998     8.3208  0.000e+00
    136.110     7.0134   3.373623    33.2189       1999     8.3250  0.000e+00
    136.015     7.0119   3.373623    33.2204       2000     8.3292  0.000e+00
    135.915     7.0108   3.373017    33.2149       2001     8.3333  0.000e+00
    135.814     7.0093   3.372689    33.2127       2002     8.3375  0.000e+00
    135.711     7.0077   3.372230    33.2093       2003     8.3417  0.000e+00
    135.609     7.0059   3.371732    33.2057       2004     8.3458  0.000e+00
    135.508     7.0039   3.371398    33.2040       2005     8.3500  0.000e+00
    135.403     7.0021   3.371245    33.2042       2006     8.3542  0.000e+00
    135.300     7.0006   3.371216    33.2053       2007     8.3583  0.000e+00
    135.206     6.9996   3.371143    33.2056       2008     8.3625  0.000e+00
    135.099     6.9987   3.371114    33.2061       2009     8.3667  0.000e+00
    134.997     6.9981   3.370928    33.2048       2010     8.3708  0.000e+00
    134.903     6.9976   3.370752    33.2033       2011     8.3750  0.000e+00
    134.811     6.9967   3.370525    33.2018       2012     8.3792  0.000e+00
    134.722     6.9960   3.370327    33.2003       2013     8.3833  0.000e+00
    134.639     6.9951   3.370186    33.1997       2014     8.3875  0.000e+00
    134.556     6.9943   3.370084    33.1994       2015     8.3917  0.000e+00
    134.483     6.9934   3.370123    33.2007       2016     8.3958  0.000e+00
    134.409     6.9930   3.369959    33.1994       2017     8.4000  0.000e+00
    134.333     6.9925   3.369908    33.1992       2018     8.4042  0.000e+00
    134.264     6.9921   3.369919    33.1998       2019     8.4083  0.000e+00
    134.197     6.9918   3.369891    33.1999       2020     8.4125  0.000e+00
    134.132     6.9916   3.369840    33.1995       2021     8.4167  0.000e+00
    134.071     6.9914   3.369823    33.1995       2022     8.4208  0.000e+00
    134.007     6.9912   3.369818    33.1997       2023     8.4250  0.000e+00
    133.944     6.9911   3.369636    33.1978       2024     8.4292  0.000e+00
    133.882     6.9909   3.369676    33.1985       2025     8.4333  0.000e+00
    133.821     6.9906   3.369444    33.1963       2026     8.4375  0.000e+00
    133.757     6.9901   3.369353    33.1958       2027     8.4417  0.000e+00
    133.696     6.9895   3.369251    33.1953       2028     8.4458  0.000e+00
    133.636     6.9890   3.369274    33.1961       2029     8.4500  0.000e+00
    133.571     6.9888   3.369297    33.1966       2030     8.4542  0.000e+00
    133.504     6.9886   3.369234    33.1961       2031     8.4583  0.000e+00
    133.430     6.9883   3.369251    33.1966       2032     8.4625  0.000e+00
    133.359     6.9882   3.369212    33.1963       2033     8.4667  0.000e+00
    133.280     6.9881   3.369189    33.1962       2034     8.4708  0.000e+00
    133.187     6.9880   3.369234    33.1968       2035     8.4750  0.000e+00
    133.091     6.9880   3.369189    33.1964       2036     8.4792  0.000e+00
    132.985     6.9880   3.369211    33.1966       2037     8.4833  0.000e+00
    132.867     6.9880   3.369189    33.1964       2038     8.4875  0.000e+00
    132.751     6.9880   3.369166    33.1963       2039     8.4917  0.000e+00
    132.621     6.9880   3.369030    33.1949       2040     8.4958  0.000e+00
    132.487     6.9877   3.368957    33.1944       2041     8.5000  0.000e+00
    132.351     6.9874   3.368787    33.1929       2042     8.5042  0.000e+00
    132.208     6.9870   3.368532    33.1905       2043     8.5083  0.000e+00
    132.065     6.9864   3.368402    33.1898       2044     8.5125  0.000e+00
    131.919     6.9856   3.368322    33.1897       2045     8.5167  0.000e+00
    131.776     6.9850   3.368339    33.1906       2046     8.5208  0.000e+00
    131.635     6.9845   3.368277    33.1905       2047     8.5250  0.000e+00
    131.501     6.9842   3.368260    33.1906       2048     8.5292  0.000e+00
    131.363     6.9840   3.368215    33.1904       2049     8.5333  0.000e+00
    131.245     6.9837   3.368181    33.1903       2050     8.5375  0.000e+00
    131.122     6.9835   3.368067    33.1894       2051     8.5417  0.000e+00
    131.016     6.9833   3.368039    33.1894       2052     8.5458  0.000e+00
    130.916     6.9830   3.367960    33.1888       2053     8.5500  0.000e+00
    130.820     6.9826   3.367999    33.1897       2054     8.5542  0.000e+00
    130.737     6.9825   3.367813    33.1878       2055     8.5583  0.000e+00
    130.661     6.9822   3.367592    33.1857       2056     8.5625  0.000e+00
    130.598     6.9816   3.367767    33.1882       2057     8.5667  0.000e+00
    130.536     6.9815   3.367552    33.1860       2058     8.5708  0.000e+00
    130.487     6.9810   3.367473    33.1856       2059     8.5750  0.000e+00
    130.447     6.9808   3.367309    33.1840       2060     8.5792  0.000e+00
    130.415     6.9803   3.367196    33.1833       2061     8.5833  0.000e+00
