HB2406/sbe083.cnv
* Sea-Bird SBE 19plus V2 Data File:
* FileName = C:\cruise\data\sbe083.hex
* Software Version Seasave V 7.26.7.121
* Temperature SN = 7037
* Conductivity SN = 7037
* System UpLoad Time = Aug 19 2024 04:33:37
* NMEA Latitude = 42 02.41 N
* NMEA Longitude = 069 28.35 W
* NMEA UTC (Time) = Aug 19 2024  04:32:30
** Ship: Henry Bigelow
** Cruise:  HB2406
** Program:  ECOMON
# nquan = 7
# nvalues = 1995                                  
# units = specified
# name 0 = depSM: Depth [salt water, m]
# name 1 = tv290C: Temperature [ITS-90, deg C]
# name 2 = c0S/m: Conductivity [S/m]
# name 3 = sal00: Salinity, Practical [PSU]
# name 4 = scan: Scan Count
# name 5 = timeM: Time, Elapsed [minutes]
# name 6 = flag:  0.000e+00
# span 0 =      0.236,    200.847                 
# span 1 =     5.9503,    20.3190                 
# span 2 =   3.174933,   4.369114                 
# span 3 =    31.0194,    33.9889                 
# span 4 =         11,       2005                 
# span 5 =     0.0417,     8.3500                 
# span 6 = 0.0000e+00, 0.0000e+00                 
# interval = seconds: 0.25
# start_time = Aug 19 2024 04:32:30 [NMEA time, header]
# bad_flag = -9.990e-29
*END*
[from data line 411]
     82.642     6.1303   3.234726    32.5603        422     1.7542  0.000e+00
     82.748     6.1312   3.235088    32.5634        423     1.7583  0.000e+00
     82.852     6.1309   3.235049    32.5633        424     1.7625  0.000e+00
     82.953     6.1305   3.235121    32.5644        425     1.7667  0.000e+00
     83.056     6.1308   3.235556    32.5689        426     1.7708  0.000e+00
     83.172     6.1321   3.235840    32.5708        427     1.7750  0.000e+00
     83.286     6.1348   3.235734    32.5669        428     1.7792  0.000e+00
     83.421     6.1374   3.235857    32.5658        429     1.7833  0.000e+00
     83.570     6.1387   3.236626    32.5730        430     1.7875  0.000e+00
     83.731     6.1401   3.237551    32.5819        431     1.7917  0.000e+00
     83.913     6.1429   3.238264    32.5871        432     1.7958  0.000e+00
     84.109     6.1470   3.238588    32.5867        433     1.8000  0.000e+00
     84.322     6.1508   3.238749    32.5847        434     1.8042  0.000e+00
     84.554     6.1537   3.239703    32.5925        435     1.8083  0.000e+00
     84.805     6.1567   3.240294    32.5961        436     1.8125  0.000e+00
     85.069     6.1601   3.240818    32.5985        437     1.8167  0.000e+00
     85.344     6.1635   3.241186    32.5992        438     1.8208  0.000e+00
     85.630     6.1667   3.241710    32.6018        439     1.8250  0.000e+00
     85.924     6.1695   3.242156    32.6040        440     1.8292  0.000e+00
     86.227     6.1718   3.242563    32.6061        441     1.8333  0.000e+00
     86.530     6.1742   3.242887    32.6073        442     1.8375  0.000e+00
     86.840     6.1765   3.243127    32.6076        443     1.8417  0.000e+00
     87.145     6.1784   3.243317    32.6077        444     1.8458  0.000e+00
     87.458     6.1799   3.243573    32.6090        445     1.8500  0.000e+00
     87.751     6.1808   3.243757    32.6101        446     1.8542  0.000e+00
     88.046     6.1812   3.244204    32.6145        447     1.8583  0.000e+00
     88.335     6.1817   3.244689    32.6193        448     1.8625  0.000e+00
     88.612     6.1824   3.246028    32.6334        449     1.8667  0.000e+00
     88.889     6.1847   3.247942    32.6524        450     1.8708  0.000e+00
     89.145     6.1893   3.248690    32.6562        451     1.8750  0.000e+00
     89.388     6.1945   3.248550    32.6495        452     1.8792  0.000e+00
     89.621     6.1980   3.251174    32.6753        453     1.8833  0.000e+00
     89.840     6.2026   3.251235    32.6714        454     1.8875  0.000e+00
     90.041     6.2069   3.251553    32.6707        455     1.8917  0.000e+00
     90.229     6.2105   3.251944    32.6716        456     1.8958  0.000e+00
     90.401     6.2141   3.252821    32.6778        457     1.9000  0.000e+00
     90.558     6.2173   3.253429    32.6814        458     1.9042  0.000e+00
     90.719     6.2204   3.255485    32.7012        459     1.9083  0.000e+00
     90.869     6.2258   3.257228    32.7154        460     1.9125  0.000e+00
     91.014     6.2331   3.258848    32.7262        461     1.9167  0.000e+00
     91.152     6.2423   3.258647    32.7151        462     1.9208  0.000e+00
     91.294     6.2495   3.257607    32.6966        463     1.9250  0.000e+00
     91.436     6.2519   3.257708    32.6953        464     1.9292  0.000e+00
     91.582     6.2526   3.260228    32.7226        465     1.9333  0.000e+00
     91.731     6.2577   3.260826    32.7243        466     1.9375  0.000e+00
     91.877     6.2633   3.261441    32.7257        467     1.9417  0.000e+00
     92.033     6.2684   3.261687    32.7234        468     1.9458  0.000e+00
     92.203     6.2729   3.261827    32.7206        469     1.9500  0.000e+00
     92.367     6.2762   3.261804    32.7171        470     1.9542  0.000e+00
     92.534     6.2786   3.262380    32.7211        471     1.9583  0.000e+00
     92.707     6.2810   3.262766    32.7230        472     1.9625  0.000e+00
     92.881     6.2840   3.263643    32.7298        473     1.9667  0.000e+00
     93.062     6.2876   3.264029    32.7305        474     1.9708  0.000e+00
     93.248     6.2909   3.264421    32.7316        475     1.9750  0.000e+00
     93.438     6.2939   3.264689    32.7316        476     1.9792  0.000e+00
     93.641     6.2966   3.265198    32.7345        477     1.9833  0.000e+00
     93.845     6.2997   3.266171    32.7423        478     1.9875  0.000e+00
     94.064     6.3037   3.267362    32.7515        479     1.9917  0.000e+00
     94.298     6.3091   3.268017    32.7536        480     1.9958  0.000e+00
     94.535     6.3145   3.268839    32.7573        481     2.0000  0.000e+00
     94.777     6.3198   3.269768    32.7624        482     2.0042  0.000e+00
     95.025     6.3254   3.270495    32.7651        483     2.0083  0.000e+00
     95.280     6.3309   3.271620    32.7721        484     2.0125  0.000e+00
     95.529     6.3365   3.272342    32.7747        485     2.0167  0.000e+00
     95.779     6.3418   3.273288    32.7799        486     2.0208  0.000e+00
     96.023     6.3472   3.274329    32.7862        487     2.0250  0.000e+00
     96.263     6.3526   3.274984    32.7881        488     2.0292  0.000e+00
     96.488     6.3578   3.275147    32.7848        489     2.0333  0.000e+00
     96.701     6.3616   3.276048    32.7911        490     2.0375  0.000e+00
     96.909     6.3652   3.276832    32.7961        491     2.0417  0.000e+00
     97.115     6.3692   3.276726    32.7911        492     2.0458  0.000e+00
     97.311     6.3720   3.276955    32.7908        493     2.0500  0.000e+00
     97.497     6.3737   3.277202    32.7918        494     2.0542  0.000e+00
     97.685     6.3752   3.277549    32.7942        495     2.0583  0.000e+00
     97.875     6.3768   3.277796    32.7953        496     2.0625  0.000e+00
     98.067     6.3784   3.277835    32.7940        497     2.0667  0.000e+00
     98.267     6.3804   3.278417    32.7985        498     2.0708  0.000e+00
     98.474     6.3835   3.278496    32.7963        499     2.0750  0.000e+00
     98.691     6.3857   3.278513    32.7943        500     2.0792  0.000e+00
     98.920     6.3869   3.278905    32.7973        501     2.0833  0.000e+00
     99.152     6.3886   3.278927    32.7958        502     2.0875  0.000e+00
     99.392     6.3900   3.279151    32.7969        503     2.0917  0.000e+00
     99.644     6.3907   3.279482    32.7997        504     2.0958  0.000e+00
     99.899     6.3915   3.279751    32.8018        505     2.1000  0.000e+00
    100.148     6.3924   3.279992    32.8035        506     2.1042  0.000e+00
    100.405     6.3937   3.280199    32.8044        507     2.1083  0.000e+00
    100.653     6.3951   3.280406    32.8053        508     2.1125  0.000e+00
    100.899     6.3967   3.280519    32.8048        509     2.1167  0.000e+00
    101.138     6.3979   3.280591    32.8044        510     2.1208  0.000e+00
    101.371     6.3987   3.280754    32.8053        511     2.1250  0.000e+00
    101.596     6.3993   3.281124    32.8087        512     2.1292  0.000e+00
    101.814     6.3998   3.281774    32.8153        513     2.1333  0.000e+00
    102.033     6.4009   3.282048    32.8172        514     2.1375  0.000e+00
    102.245     6.4020   3.282088    32.8164        515     2.1417  0.000e+00
    102.453     6.4032   3.282732    32.8224        516     2.1458  0.000e+00
    102.655     6.4048   3.283450    32.8287        517     2.1500  0.000e+00
    102.862     6.4075   3.283696    32.8287        518     2.1542  0.000e+00
    103.057     6.4102   3.283881    32.8280        519     2.1583  0.000e+00
    103.254     6.4125   3.284167    32.8289        520     2.1625  0.000e+00
    103.453     6.4143   3.284374    32.8294        521     2.1667  0.000e+00
    103.648     6.4161   3.284537    32.8293        522     2.1708  0.000e+00
    103.842     6.4178   3.284599    32.8283        523     2.1750  0.000e+00
    104.026     6.4192   3.284868    32.8299        524     2.1792  0.000e+00
    104.209     6.4205   3.285014    32.8302        525     2.1833  0.000e+00
    104.394     6.4214   3.284991    32.8289        526     2.1875  0.000e+00
    104.569     6.4222   3.285187    32.8303        527     2.1917  0.000e+00
    104.739     6.4227   3.285215    32.8300        528     2.1958  0.000e+00
    104.902     6.4231   3.285485    32.8325        529     2.2000  0.000e+00
    105.052     6.4234   3.285759    32.8352        530     2.2042  0.000e+00
    105.204     6.4240   3.285916    32.8363        531     2.2083  0.000e+00
    105.341     6.4248   3.285978    32.8361        532     2.2125  0.000e+00
    105.475     6.4254   3.286040    32.8361        533     2.2167  0.000e+00
    105.604     6.4263   3.286096    32.8359        534     2.2208  0.000e+00
    105.734     6.4266   3.286270    32.8374        535     2.2250  0.000e+00
    105.864     6.4269   3.286410    32.8387        536     2.2292  0.000e+00
    106.004     6.4271   3.286584    32.8403        537     2.2333  0.000e+00
    106.146     6.4283   3.286640    32.8397        538     2.2375  0.000e+00
    106.300     6.4294   3.286724    32.8395        539     2.2417  0.000e+00
    106.465     6.4307   3.286887    32.8399        540     2.2458  0.000e+00
    106.648     6.4320   3.286920    32.8390        541     2.2500  0.000e+00
    106.847     6.4327   3.287072    32.8399        542     2.2542  0.000e+00
    107.058     6.4330   3.287526    32.8445        543     2.2583  0.000e+00
    107.292     6.4340   3.288137    32.8503        544     2.2625  0.000e+00
    107.534     6.4358   3.288681    32.8544        545     2.2667  0.000e+00
    107.795     6.4381   3.289191    32.8578        546     2.2708  0.000e+00
    108.073     6.4404   3.289522    32.8591        547     2.2750  0.000e+00
    108.366     6.4425   3.289887    32.8609        548     2.2792  0.000e+00
    108.666     6.4449   3.290246    32.8625        549     2.2833  0.000e+00
    108.990     6.4471   3.290656    32.8647        550     2.2875  0.000e+00
    109.316     6.4489   3.291110    32.8679        551     2.2917  0.000e+00
    109.647     6.4505   3.291256    32.8678        552     2.2958  0.000e+00
    109.979     6.4522   3.291525    32.8689        553     2.3000  0.000e+00
    110.316     6.4537   3.291840    32.8708        554     2.3042  0.000e+00
    110.645     6.4550   3.292266    32.8742        555     2.3083  0.000e+00
    110.958     6.4565   3.292575    32.8760        556     2.3125  0.000e+00
    111.264     6.4582   3.293831    32.8881        557     2.3167  0.000e+00
    111.549     6.4610   3.294746    32.8954        558     2.3208  0.000e+00
    111.812     6.4651   3.297143    32.9178        559     2.3250  0.000e+00
    112.038     6.4719   3.297884    32.9194        560     2.3292  0.000e+00
    112.235     6.4794   3.300438    32.9403        561     2.3333  0.000e+00
    112.399     6.4891   3.303949    32.9698        562     2.3375  0.000e+00
    112.551     6.5049   3.306314    32.9806        563     2.3417  0.000e+00
    112.689     6.5219   3.308551    32.9889        564     2.3458  0.000e+00
    112.821     6.5394   3.309922    32.9871        565     2.3500  0.000e+00
    112.939     6.5549   3.312098    32.9961        566     2.3542  0.000e+00
    113.042     6.5694   3.313538    32.9980        567     2.3583  0.000e+00
    113.156     6.5826   3.314888    33.0001        568     2.3625  0.000e+00
    113.270     6.5947   3.315191    32.9918        569     2.3667  0.000e+00
    113.391     6.6039   3.315428    32.9854        570     2.3708  0.000e+00
    113.516     6.6102   3.315951    32.9850        571     2.3750  0.000e+00
    113.646     6.6153   3.316164    32.9825        572     2.3792  0.000e+00
    113.789     6.6194   3.315866    32.9752        573     2.3833  0.000e+00
    113.948     6.6218   3.315911    32.9732        574     2.3875  0.000e+00
    114.120     6.6228   3.315827    32.9713        575     2.3917  0.000e+00
    114.306     6.6239   3.316845    32.9814        576     2.3958  0.000e+00
    114.496     6.6264   3.317695    32.9882        577     2.4000  0.000e+00
    114.701     6.6307   3.319074    32.9992        578     2.4042  0.000e+00
    114.918     6.6372   3.321055    33.0147        579     2.4083  0.000e+00
    115.142     6.6470   3.322705    33.0233        580     2.4125  0.000e+00
    115.366     6.6586   3.324411    33.0308        581     2.4167  0.000e+00
    115.600     6.6710   3.325774    33.0338        582     2.4208  0.000e+00
    115.826     6.6833   3.326771    33.0328        583     2.4250  0.000e+00
    116.059     6.6951   3.327982    33.0347        584     2.4292  0.000e+00
    116.291     6.7062   3.327886    33.0228        585     2.4333  0.000e+00
    116.519     6.7143   3.328421    33.0207        586     2.4375  0.000e+00
    116.737     6.7200   3.330461    33.0376        587     2.4417  0.000e+00
    116.955     6.7273   3.331323    33.0400        588     2.4458  0.000e+00
    117.164     6.7357   3.333899    33.0601        589     2.4500  0.000e+00
    117.369     6.7463   3.338055    33.0955        590     2.4542  0.000e+00
    117.564     6.7625   3.340837    33.1104        591     2.4583  0.000e+00
    117.760     6.7813   3.342862    33.1144        592     2.4625  0.000e+00
    117.942     6.7997   3.343297    33.1014        593     2.4667  0.000e+00
    118.128     6.8126   3.344267    33.0995        594     2.4708  0.000e+00
    118.309     6.8226   3.344600    33.0934        595     2.4750  0.000e+00
    118.487     6.8309   3.345628    33.0967        596     2.4792  0.000e+00
    118.675     6.8378   3.346537    33.0998        597     2.4833  0.000e+00
    118.868     6.8444   3.346362    33.0915        598     2.4875  0.000e+00
    119.067     6.8493   3.346215    33.0851        599     2.4917  0.000e+00
    119.281     6.8520   3.346176    33.0820        600     2.4958  0.000e+00
    119.507     6.8534   3.346915    33.0886        601     2.5000  0.000e+00
    119.742     6.8556   3.348276    33.1013        602     2.5042  0.000e+00
    119.992     6.8600   3.349084    33.1058        603     2.5083  0.000e+00
    120.245     6.8649   3.350027    33.1113        604     2.5125  0.000e+00
    120.514     6.8703   3.350632    33.1126        605     2.5167  0.000e+00
    120.788     6.8756   3.350908    33.1104        606     2.5208  0.000e+00
    121.066     6.8801   3.351202    33.1092        607     2.5250  0.000e+00
    121.356     6.8835   3.351519    33.1092        608     2.5292  0.000e+00
    121.632     6.8863   3.351818    33.1097        609     2.5333  0.000e+00
    121.909     6.8890   3.351959    33.1085        610     2.5375  0.000e+00
    122.184     6.8912   3.352129    33.1080        611     2.5417  0.000e+00
    122.452     6.8931   3.352265    33.1076        612     2.5458  0.000e+00
    122.707     6.8945   3.352321    33.1067        613     2.5500  0.000e+00
    122.947     6.8958   3.352965    33.1125        614     2.5542  0.000e+00
    123.173     6.8979   3.353440    33.1156        615     2.5583  0.000e+00
    123.387     6.9010   3.353632    33.1146        616     2.5625  0.000e+00
    123.582     6.9039   3.354175    33.1176        617     2.5667  0.000e+00
    123.772     6.9068   3.355283    33.1268        618     2.5708  0.000e+00
    123.937     6.9113   3.356097    33.1313        619     2.5750  0.000e+00
    124.092     6.9164   3.356046    33.1258        620     2.5792  0.000e+00
    124.239     6.9200   3.356159    33.1235        621     2.5833  0.000e+00
    124.375     6.9225   3.356351    33.1231        622     2.5875  0.000e+00
    124.510     6.9240   3.357787    33.1374        623     2.5917  0.000e+00
    124.641     6.9286   3.360003    33.1572        624     2.5958  0.000e+00
    124.773     6.9361   3.359393    33.1432        625     2.6000  0.000e+00
