HB2406/sbe048.cnv
* Sea-Bird SBE 19plus V2 Data File:
* FileName = C:\cruise\data\sbe048.hex
* Software Version Seasave V 7.26.7.121
* Temperature SN = 7037
* Conductivity SN = 7037
* System UpLoad Time = Aug 16 2024 11:34:54
* NMEA Latitude = 44 22.34 N
* NMEA Longitude = 066 52.04 W
* NMEA UTC (Time) = Aug 16 2024  11:33:46
** Ship: Henry Bigelow
** Cruise:  HB2406
** Program:  ECOMON
# nquan = 7
# nvalues = 2851                                  
# units = specified
# name 0 = depSM: Depth [salt water, m]
# name 1 = tv290C: Temperature [ITS-90, deg C]
# name 2 = c0S/m: Conductivity [S/m]
# name 3 = sal00: Salinity, Practical [PSU]
# name 4 = scan: Scan Count
# name 5 = timeM: Time, Elapsed [minutes]
# name 6 = flag:  0.000e+00
# span 0 =      0.000,    114.569                 
# span 1 =     8.1639,    17.1602                 
# span 2 =  -0.000057,   3.998703                 
# span 3 =     0.0000,    33.5678                 
# span 4 =         11,       2861                 
# span 5 =     0.0417,    11.9167                 
# span 6 = 0.0000e+00, 0.0000e+00                 
# interval = seconds: 0.25
# start_time = Aug 16 2024 11:33:46 [NMEA time, header]
# bad_flag = -9.990e-29
*END*
[from data line 1231]
     88.650     8.3520   3.485045    33.1636       1242     5.1708  0.000e+00
     88.538     8.3552   3.485440    33.1648       1243     5.1750  0.000e+00
     88.424     8.3594   3.484287    33.1487       1244     5.1792  0.000e+00
     88.314     8.3595   3.483943    33.1451       1245     5.1833  0.000e+00
     88.198     8.3566   3.482411    33.1317       1246     5.1875  0.000e+00
     88.082     8.3517   3.483736    33.1504       1247     5.1917  0.000e+00
     87.975     8.3502   3.483989    33.1545       1248     5.1958  0.000e+00
     87.860     8.3510   3.482497    33.1380       1249     5.2000  0.000e+00
     87.751     8.3487   3.482004    33.1350       1250     5.2042  0.000e+00
     87.637     8.3439   3.481023    33.1292       1251     5.2083  0.000e+00
     87.534     8.3381   3.481465    33.1394       1252     5.2125  0.000e+00
     87.429     8.3347   3.481213    33.1400       1253     5.2167  0.000e+00
     87.312     8.3318   3.481299    33.1437       1254     5.2208  0.000e+00
     87.218     8.3296   3.480100    33.1331       1255     5.2250  0.000e+00
     87.113     8.3254   3.479274    33.1283       1256     5.2292  0.000e+00
     87.008     8.3203   3.479028    33.1306       1257     5.2333  0.000e+00
     86.906     8.3154   3.479699    33.1424       1258     5.2375  0.000e+00
     86.811     8.3141   3.480754    33.1548       1259     5.2417  0.000e+00
     86.718     8.3158   3.482916    33.1761       1260     5.2458  0.000e+00
     86.623     8.3237   3.482996    33.1696       1261     5.2500  0.000e+00
     86.523     8.3313   3.479848    33.1291       1262     5.2542  0.000e+00
     86.423     8.3276   3.475542    33.0872       1263     5.2583  0.000e+00
     86.328     8.3117   3.475250    33.0990       1264     5.2625  0.000e+00
     86.216     8.2982   3.475583    33.1153       1265     5.2667  0.000e+00
     86.120     8.2909   3.477251    33.1399       1266     5.2708  0.000e+00
     86.016     8.2896   3.477956    33.1486       1267     5.2750  0.000e+00
     85.903     8.2920   3.476024    33.1260       1268     5.2792  0.000e+00
     85.790     8.2904   3.475691    33.1240       1269     5.2833  0.000e+00
     85.682     8.2875   3.475520    33.1250       1270     5.2875  0.000e+00
     85.579     8.2856   3.475445    33.1261       1271     5.2917  0.000e+00
     85.463     8.2843   3.475732    33.1303       1272     5.2958  0.000e+00
     85.356     8.2844   3.475881    33.1319       1273     5.3000  0.000e+00
     85.246     8.2848   3.475772    33.1304       1274     5.3042  0.000e+00
     85.145     8.2849   3.475416    33.1266       1275     5.3083  0.000e+00
     85.043     8.2846   3.475382    33.1266       1276     5.3125  0.000e+00
     84.940     8.2841   3.475313    33.1263       1277     5.3167  0.000e+00
     84.832     8.2836   3.475439    33.1282       1278     5.3208  0.000e+00
     84.727     8.2838   3.475393    33.1276       1279     5.3250  0.000e+00
     84.627     8.2837   3.475376    33.1275       1280     5.3292  0.000e+00
     84.533     8.2835   3.475399    33.1280       1281     5.3333  0.000e+00
     84.439     8.2835   3.475416    33.1283       1282     5.3375  0.000e+00
     84.351     8.2833   3.475393    33.1283       1283     5.3417  0.000e+00
     84.255     8.2835   3.475416    33.1283       1284     5.3458  0.000e+00
     84.168     8.2839   3.475439    33.1282       1285     5.3500  0.000e+00
     84.072     8.2842   3.475399    33.1276       1286     5.3542  0.000e+00
     83.989     8.2846   3.475393    33.1271       1287     5.3583  0.000e+00
     83.893     8.2846   3.475376    33.1271       1288     5.3625  0.000e+00
     83.817     8.2841   3.475376    33.1276       1289     5.3667  0.000e+00
     83.725     8.2837   3.475416    33.1284       1290     5.3708  0.000e+00
     83.647     8.2840   3.475467    33.1287       1291     5.3750  0.000e+00
     83.555     8.2846   3.475479    33.1283       1292     5.3792  0.000e+00
     83.472     8.2852   3.475542    33.1284       1293     5.3833  0.000e+00
     83.387     8.2868   3.475375    33.1252       1294     5.3875  0.000e+00
     83.300     8.2881   3.475289    33.1231       1295     5.3917  0.000e+00
     83.200     8.2899   3.475358    33.1221       1296     5.3958  0.000e+00
     83.117     8.2914   3.475691    33.1243       1297     5.4000  0.000e+00
     83.029     8.2934   3.475754    33.1231       1298     5.4042  0.000e+00
     82.947     8.2946   3.475731    33.1219       1299     5.4083  0.000e+00
     82.851     8.2944   3.475645    33.1212       1300     5.4125  0.000e+00
     82.768     8.2943   3.475776    33.1227       1301     5.4167  0.000e+00
     82.674     8.2941   3.475627    33.1213       1302     5.4208  0.000e+00
     82.600     8.2944   3.475943    33.1244       1303     5.4250  0.000e+00
     82.513     8.2958   3.475834    33.1220       1304     5.4292  0.000e+00
     82.430     8.2969   3.476006    33.1228       1305     5.4333  0.000e+00
     82.345     8.2972   3.476040    33.1229       1306     5.4375  0.000e+00
     82.260     8.2977   3.475983    33.1219       1307     5.4417  0.000e+00
     82.175     8.2980   3.476005    33.1218       1308     5.4458  0.000e+00
     82.093     8.2984   3.475919    33.1207       1309     5.4500  0.000e+00
     82.003     8.2984   3.476023    33.1217       1310     5.4542  0.000e+00
     81.923     8.2987   3.475621    33.1172       1311     5.4583  0.000e+00
     81.833     8.2987   3.474911    33.1098       1312     5.4625  0.000e+00
     81.743     8.2975   3.474240    33.1039       1313     5.4667  0.000e+00
     81.654     8.2954   3.474137    33.1048       1314     5.4708  0.000e+00
     81.565     8.2936   3.473994    33.1050       1315     5.4750  0.000e+00
     81.477     8.2926   3.473988    33.1060       1316     5.4792  0.000e+00
     81.388     8.2921   3.474091    33.1075       1317     5.4833  0.000e+00
     81.296     8.2929   3.473988    33.1057       1318     5.4875  0.000e+00
     81.211     8.2933   3.474137    33.1070       1319     5.4917  0.000e+00
     81.120     8.2939   3.474630    33.1117       1320     5.4958  0.000e+00
     81.033     8.2952   3.474870    33.1131       1321     5.5000  0.000e+00
     80.945     8.2970   3.474807    33.1107       1322     5.5042  0.000e+00
     80.862     8.2981   3.474618    33.1077       1323     5.5083  0.000e+00
     80.778     8.2983   3.474429    33.1056       1324     5.5125  0.000e+00
     80.697     8.2983   3.474366    33.1049       1325     5.5167  0.000e+00
     80.608     8.2980   3.474555    33.1073       1326     5.5208  0.000e+00
     80.521     8.2981   3.474767    33.1094       1327     5.5250  0.000e+00
     80.440     8.2986   3.475185    33.1134       1328     5.5292  0.000e+00
     80.351     8.3000   3.475225    33.1125       1329     5.5333  0.000e+00
     80.268     8.3014   3.475667    33.1160       1330     5.5375  0.000e+00
     80.176     8.3032   3.475856    33.1164       1331     5.5417  0.000e+00
     80.091     8.3047   3.475019    33.1061       1332     5.5458  0.000e+00
     80.002     8.3046   3.474050    33.0960       1333     5.5500  0.000e+00
     79.917     8.3020   3.473970    33.0976       1334     5.5542  0.000e+00
     79.829     8.2998   3.474171    33.1019       1335     5.5583  0.000e+00
     79.738     8.2987   3.474113    33.1023       1336     5.5625  0.000e+00
     79.648     8.2983   3.474090    33.1025       1337     5.5667  0.000e+00
     79.568     8.2978   3.474073    33.1028       1338     5.5708  0.000e+00
     79.483     8.2975   3.474325    33.1058       1339     5.5750  0.000e+00
     79.404     8.2976   3.474411    33.1067       1340     5.5792  0.000e+00
     79.331     8.2984   3.474577    33.1078       1341     5.5833  0.000e+00
     79.248     8.2991   3.474554    33.1068       1342     5.5875  0.000e+00
     79.174     8.2989   3.474744    33.1091       1343     5.5917  0.000e+00
     79.100     8.2988   3.473884    33.1001       1344     5.5958  0.000e+00
     79.031     8.2970   3.473729    33.1001       1345     5.6000  0.000e+00
     78.957     8.2944   3.473024    33.0952       1346     5.6042  0.000e+00
     78.881     8.2904   3.467411    33.0396       1347     5.6083  0.000e+00
     78.818     8.2740   3.466970    33.0504       1348     5.6125  0.000e+00
     78.742     8.2583   3.466925    33.0647       1349     5.6167  0.000e+00
     78.676     8.2480   3.466971    33.0749       1350     5.6208  0.000e+00
     78.602     8.2418   3.467681    33.0883       1351     5.6250  0.000e+00
     78.534     8.2400   3.468042    33.0938       1352     5.6292  0.000e+00
     78.463     8.2404   3.467767    33.0906       1353     5.6333  0.000e+00
     78.392     8.2396   3.467738    33.0911       1354     5.6375  0.000e+00
     78.300     8.2391   3.467744    33.0916       1355     5.6417  0.000e+00
     78.262     8.2392   3.467744    33.0916       1356     5.6458  0.000e+00
     78.212     8.2396   3.468459    33.0988       1357     5.6500  0.000e+00
     78.203     8.2413   3.469101    33.1040       1358     5.6542  0.000e+00
     78.193     8.2439   3.469313    33.1038       1359     5.6583  0.000e+00
     78.193     8.2462   3.469170    33.1001       1360     5.6625  0.000e+00
     78.183     8.2478   3.468895    33.0957       1361     5.6667  0.000e+00
     78.173     8.2481   3.468940    33.0959       1362     5.6708  0.000e+00
     78.163     8.2479   3.469118    33.0980       1363     5.6750  0.000e+00
     78.154     8.2485   3.470321    33.1102       1364     5.6792  0.000e+00
     78.144     8.2514   3.470407    33.1083       1365     5.6833  0.000e+00
     78.135     8.2547   3.470762    33.1091       1366     5.6875  0.000e+00
     78.126     8.2576   3.470613    33.1047       1367     5.6917  0.000e+00
     78.117     8.2594   3.470258    33.0993       1368     5.6958  0.000e+00
     78.103     8.2598   3.470699    33.1036       1369     5.7000  0.000e+00
     78.085     8.2606   3.471472    33.1110       1370     5.7042  0.000e+00
     78.065     8.2632   3.471266    33.1064       1371     5.7083  0.000e+00
     78.041     8.2650   3.471203    33.1040       1372     5.7125  0.000e+00
     78.009     8.2659   3.471031    33.1013       1373     5.7167  0.000e+00
     77.972     8.2651   3.471094    33.1028       1374     5.7208  0.000e+00
     77.942     8.2647   3.470280    33.0945       1375     5.7250  0.000e+00
     77.900     8.2633   3.469902    33.0919       1376     5.7292  0.000e+00
     77.858     8.2607   3.471294    33.1091       1377     5.7333  0.000e+00
     77.811     8.2619   3.471472    33.1099       1378     5.7375  0.000e+00
     77.759     8.2644   3.471014    33.1027       1379     5.7417  0.000e+00
     77.706     8.2651   3.471472    33.1069       1380     5.7458  0.000e+00
     77.654     8.2659   3.471466    33.1062       1381     5.7500  0.000e+00
     77.594     8.2667   3.470842    33.0988       1382     5.7542  0.000e+00
     77.540     8.2661   3.471013    33.1012       1383     5.7583  0.000e+00
     77.480     8.2655   3.470486    33.0962       1384     5.7625  0.000e+00
     77.421     8.2641   3.470842    33.1013       1385     5.7667  0.000e+00
     77.354     8.2635   3.470349    33.0967       1386     5.7708  0.000e+00
     77.290     8.2627   3.470383    33.0979       1387     5.7750  0.000e+00
     77.229     8.2621   3.469673    33.0909       1388     5.7792  0.000e+00
     77.164     8.2603   3.469547    33.0914       1389     5.7833  0.000e+00
     77.100     8.2582   3.468751    33.0849       1390     5.7875  0.000e+00
     77.037     8.2548   3.465877    33.0576       1391     5.7917  0.000e+00
     76.977     8.2461   3.466466    33.0721       1392     5.7958  0.000e+00
     76.907     8.2404   3.468041    33.0942       1393     5.8000  0.000e+00
     76.840     8.2403   3.469690    33.1118       1394     5.8042  0.000e+00
     76.776     8.2448   3.466358    33.0723       1395     5.8083  0.000e+00
     76.710     8.2414   3.466655    33.0787       1396     5.8125  0.000e+00
     76.635     8.2381   3.467411    33.0899       1397     5.8167  0.000e+00
     76.572     8.2372   3.467491    33.0916       1398     5.8208  0.000e+00
     76.500     8.2371   3.466466    33.0808       1399     5.8250  0.000e+00
     76.426     8.2358   3.467434    33.0924       1400     5.8292  0.000e+00
     76.360     8.2357   3.467766    33.0960       1401     5.8333  0.000e+00
     76.292     8.2368   3.464400    33.0593       1402     5.8375  0.000e+00
     76.219     8.2297   3.463707    33.0587       1403     5.8417  0.000e+00
     76.145     8.2219   3.463753    33.0665       1404     5.8458  0.000e+00
     76.060     8.2159   3.460743    33.0403       1405     5.8500  0.000e+00
     75.993     8.2057   3.459616    33.0380       1406     5.8542  0.000e+00
     75.912     8.1951   3.459450    33.0463       1407     5.8583  0.000e+00
     75.832     8.1871   3.459725    33.0568       1408     5.8625  0.000e+00
     75.751     8.1823   3.459221    33.0559       1409     5.8667  0.000e+00
     75.671     8.1787   3.459096    33.0580       1410     5.8708  0.000e+00
     75.592     8.1762   3.459702    33.0669       1411     5.8750  0.000e+00
     75.508     8.1758   3.459485    33.0650       1412     5.8792  0.000e+00
     75.427     8.1760   3.458804    33.0576       1413     5.8833  0.000e+00
     75.342     8.1751   3.458592    33.0563       1414     5.8875  0.000e+00
     75.261     8.1738   3.458134    33.0526       1415     5.8917  0.000e+00
     75.179     8.1723   3.456687    33.0388       1416     5.8958  0.000e+00
     75.094     8.1695   3.456361    33.0379       1417     5.9000  0.000e+00
     75.011     8.1671   3.456384    33.0405       1418     5.9042  0.000e+00
     74.930     8.1657   3.456401    33.0420       1419     5.9083  0.000e+00
     74.846     8.1652   3.455944    33.0376       1420     5.9125  0.000e+00
     74.761     8.1642   3.455881    33.0380       1421     5.9167  0.000e+00
     74.678     8.1639   3.456510    33.0450       1422     5.9208  0.000e+00
     74.597     8.1659   3.457425    33.0528       1423     5.9250  0.000e+00
     74.508     8.1708   3.458306    33.0576       1424     5.9292  0.000e+00
     74.425     8.1778   3.459364    33.0623       1425     5.9333  0.000e+00
     74.347     8.1859   3.460096    33.0624       1426     5.9375  0.000e+00
     74.260     8.1940   3.460365    33.0578       1427     5.9417  0.000e+00
     74.179     8.2007   3.460662    33.0547       1428     5.9458  0.000e+00
     74.103     8.2060   3.460828    33.0514       1429     5.9500  0.000e+00
     74.025     8.2101   3.460948    33.0489       1430     5.9542  0.000e+00
     73.946     8.2132   3.461011    33.0466       1431     5.9583  0.000e+00
     73.873     8.2155   3.461057    33.0450       1432     5.9625  0.000e+00
     73.801     8.2173   3.461011    33.0429       1433     5.9667  0.000e+00
     73.732     8.2185   3.460868    33.0403       1434     5.9708  0.000e+00
     73.658     8.2191   3.460971    33.0408       1435     5.9750  0.000e+00
     73.586     8.2195   3.460925    33.0400       1436     5.9792  0.000e+00
     73.512     8.2198   3.460805    33.0384       1437     5.9833  0.000e+00
     73.434     8.2200   3.460765    33.0379       1438     5.9875  0.000e+00
     73.363     8.2203   3.460805    33.0381       1439     5.9917  0.000e+00
     73.282     8.2203   3.460645    33.0364       1440     5.9958  0.000e+00
     73.200     8.2204   3.460616    33.0361       1441     6.0000  0.000e+00
     73.112     8.2203   3.460679    33.0369       1442     6.0042  0.000e+00
     73.030     8.2207   3.460742    33.0372       1443     6.0083  0.000e+00
     72.949     8.2215   3.460742    33.0365       1444     6.0125  0.000e+00
     72.859     8.2220   3.460730    33.0359       1445     6.0167  0.000e+00
