HB2406/sbe076.cnv
* Sea-Bird SBE 19plus V2 Data File:
* FileName = C:\cruise\data\sbe076.hex
* Software Version Seasave V 7.26.7.121
* Temperature SN = 7037
* Conductivity SN = 7037
* System UpLoad Time = Aug 18 2024 16:23:54
* NMEA Latitude = 41 31.23 N
* NMEA Longitude = 068 16.01 W
* NMEA UTC (Time) = Aug 18 2024  16:22:47
** Ship: Henry Bigelow
** Cruise:  HB2406
** Program:  ECOMON
# nquan = 7
# nvalues = 1654                                  
# units = specified
# name 0 = depSM: Depth [salt water, m]
# name 1 = tv290C: Temperature [ITS-90, deg C]
# name 2 = c0S/m: Conductivity [S/m]
# name 3 = sal00: Salinity, Practical [PSU]
# name 4 = scan: Scan Count
# name 5 = timeM: Time, Elapsed [minutes]
# name 6 = flag:  0.000e+00
# span 0 =     -0.013,     45.060                 
# span 1 =    15.8352,    19.8453                 
# span 2 =  -0.000023,   4.286875                 
# span 3 =     0.0000,    31.8781                 
# span 4 =         11,       1664                 
# span 5 =     0.0417,     6.9292                 
# span 6 = 0.0000e+00, 0.0000e+00                 
# interval = seconds: 0.25
# start_time = Aug 18 2024 16:22:47 [NMEA time, header]
# bad_flag = -9.990e-29
*END*
[from data line 821]
     41.213    15.8467   4.000440    31.6530        832     3.4625  0.000e+00
     41.146    15.8477   4.000513    31.6529        833     3.4667  0.000e+00
     41.069    15.8480   4.000295    31.6508        834     3.4708  0.000e+00
     40.985    15.8477   4.000179    31.6500        835     3.4750  0.000e+00
     40.900    15.8467   4.000167    31.6507        836     3.4792  0.000e+00
     40.805    15.8461   4.000082    31.6505        837     3.4833  0.000e+00
     40.701    15.8458   4.000155    31.6514        838     3.4875  0.000e+00
     40.600    15.8455   4.000179    31.6519        839     3.4917  0.000e+00
     40.493    15.8456   4.000367    31.6535        840     3.4958  0.000e+00
     40.392    15.8462   4.000319    31.6526        841     3.5000  0.000e+00
     40.282    15.8469   4.000276    31.6517        842     3.5042  0.000e+00
     40.179    15.8469   4.000143    31.6506        843     3.5083  0.000e+00
     40.079    15.8462   3.999821    31.6484        844     3.5125  0.000e+00
     39.982    15.8447   3.999991    31.6511        845     3.5167  0.000e+00
     39.886    15.8439   4.000155    31.6532        846     3.5208  0.000e+00
     39.794    15.8442   4.000015    31.6518        847     3.5250  0.000e+00
     39.703    15.8442   4.000130    31.6528        848     3.5292  0.000e+00
     39.624    15.8446   4.000713    31.6577        849     3.5333  0.000e+00
     39.548    15.8468   4.000676    31.6556        850     3.5375  0.000e+00
     39.481    15.8490   4.000488    31.6522        851     3.5417  0.000e+00
     39.416    15.8496   4.000342    31.6505        852     3.5458  0.000e+00
     39.360    15.8491   4.000391    31.6514        853     3.5500  0.000e+00
     39.307    15.8487   4.000391    31.6517        854     3.5542  0.000e+00
     39.258    15.8488   4.000464    31.6522        855     3.5583  0.000e+00
     39.208    15.8487   4.000439    31.6522        856     3.5625  0.000e+00
     39.168    15.8492   4.000512    31.6524        857     3.5667  0.000e+00
     39.132    15.8495   4.000536    31.6524        858     3.5708  0.000e+00
     39.101    15.8497   4.000391    31.6509        859     3.5750  0.000e+00
     39.070    15.8495   4.000391    31.6511        860     3.5792  0.000e+00
     39.047    15.8492   4.000251    31.6502        861     3.5833  0.000e+00
     39.027    15.8484   4.000282    31.6510        862     3.5875  0.000e+00
     39.016    15.8479   4.000227    31.6510        863     3.5917  0.000e+00
     39.012    15.8475   4.000318    31.6521        864     3.5958  0.000e+00
     39.012    15.8473   4.000203    31.6512        865     3.6000  0.000e+00
     39.014    15.8472   4.000178    31.6511        866     3.6042  0.000e+00
     39.023    15.8467   4.000179    31.6515        867     3.6083  0.000e+00
     39.041    15.8464   4.000142    31.6514        868     3.6125  0.000e+00
     39.059    15.8461   4.000106    31.6513        869     3.6167  0.000e+00
     39.079    15.8457   4.000081    31.6514        870     3.6208  0.000e+00
     39.103    15.8454   3.999966    31.6506        871     3.6250  0.000e+00
     39.124    15.8449   3.999942    31.6509        872     3.6292  0.000e+00
     39.144    15.8442   3.999966    31.6516        873     3.6333  0.000e+00
     39.166    15.8438   3.999942    31.6517        874     3.6375  0.000e+00
     39.177    15.8435   3.999918    31.6517        875     3.6417  0.000e+00
     39.190    15.8434   3.999894    31.6516        876     3.6458  0.000e+00
     39.197    15.8431   3.999869    31.6516        877     3.6500  0.000e+00
     39.191    15.8428   3.999821    31.6514        878     3.6542  0.000e+00
     39.186    15.8424   3.999796    31.6515        879     3.6583  0.000e+00
     39.168    15.8422   3.999869    31.6524        880     3.6625  0.000e+00
     39.137    15.8422   3.999985    31.6534        881     3.6667  0.000e+00
     39.087    15.8426   3.999942    31.6526        882     3.6708  0.000e+00
     39.032    15.8430   3.999845    31.6516        883     3.6750  0.000e+00
     38.960    15.8427   3.999869    31.6520        884     3.6792  0.000e+00
     38.888    15.8426   3.999772    31.6512        885     3.6833  0.000e+00
     38.801    15.8422   3.999584    31.6499        886     3.6875  0.000e+00
     38.705    15.8410   3.999657    31.6515        887     3.6917  0.000e+00
     38.600    15.8405   3.999687    31.6523        888     3.6958  0.000e+00
     38.495    15.8404   3.999535    31.6511        889     3.7000  0.000e+00
     38.383    15.8401   3.999681    31.6526        890     3.7042  0.000e+00
     38.278    15.8399   3.999657    31.6526        891     3.7083  0.000e+00
     38.172    15.8399   3.999584    31.6520        892     3.7125  0.000e+00
     38.069    15.8398   3.999560    31.6519        893     3.7167  0.000e+00
     37.969    15.8395   3.999572    31.6523        894     3.7208  0.000e+00
     37.879    15.8396   3.999657    31.6530        895     3.7250  0.000e+00
     37.792    15.8396   3.999705    31.6534        896     3.7292  0.000e+00
     37.705    15.8400   3.999632    31.6525        897     3.7333  0.000e+00
     37.636    15.8405   3.999705    31.6528        898     3.7375  0.000e+00
     37.567    15.8406   3.999632    31.6521        899     3.7417  0.000e+00
     37.506    15.8407   3.999323    31.6494        900     3.7458  0.000e+00
     37.454    15.8395   3.999347    31.6505        901     3.7500  0.000e+00
     37.414    15.8383   3.999347    31.6514        902     3.7542  0.000e+00
     37.378    15.8378   3.999298    31.6515        903     3.7583  0.000e+00
     37.345    15.8371   3.999226    31.6514        904     3.7625  0.000e+00
     37.320    15.8365   3.999226    31.6519        905     3.7667  0.000e+00
     37.298    15.8362   3.999183    31.6518        906     3.7708  0.000e+00
     37.282    15.8358   3.999207    31.6523        907     3.7750  0.000e+00
     37.264    15.8355   3.999207    31.6526        908     3.7792  0.000e+00
     37.240    15.8354   3.999207    31.6526        909     3.7833  0.000e+00
     37.222    15.8356   3.999274    31.6531        910     3.7875  0.000e+00
     37.202    15.8356   3.999274    31.6531        911     3.7917  0.000e+00
     37.179    15.8359   3.999207    31.6523        912     3.7958  0.000e+00
     37.157    15.8358   3.999183    31.6521        913     3.8000  0.000e+00
     37.130    15.8355   3.999189    31.6524        914     3.8042  0.000e+00
     37.105    15.8352   3.999207    31.6528        915     3.8083  0.000e+00
     37.083    15.8352   3.999183    31.6526        916     3.8125  0.000e+00
     37.056    15.8352   3.999159    31.6524        917     3.8167  0.000e+00
     37.034    15.8352   3.999159    31.6524        918     3.8208  0.000e+00
     37.014    15.8352   3.999250    31.6533        919     3.8250  0.000e+00
     36.994    15.8352   3.999250    31.6532        920     3.8292  0.000e+00
     36.983    15.8356   3.999207    31.6526        921     3.8333  0.000e+00
     36.974    15.8355   3.999250    31.6530        922     3.8375  0.000e+00
     36.965    15.8357   3.999511    31.6552        923     3.8417  0.000e+00
     36.960    15.8369   3.999583    31.6548        924     3.8458  0.000e+00
     36.951    15.8379   3.999583    31.6540        925     3.8500  0.000e+00
     36.935    15.8389   3.999444    31.6520        926     3.8542  0.000e+00
     36.927    15.8388   3.999165    31.6496        927     3.8583  0.000e+00
     36.913    15.8376   3.999559    31.6541        928     3.8625  0.000e+00
     36.902    15.8379   3.999371    31.6522        929     3.8667  0.000e+00
     36.880    15.8381   3.999207    31.6506        930     3.8708  0.000e+00
     36.860    15.8374   3.999110    31.6503        931     3.8750  0.000e+00
     36.839    15.8365   3.999680    31.6561        932     3.8792  0.000e+00
     36.813    15.8377   3.999868    31.6568        933     3.8833  0.000e+00
     36.781    15.8398   3.999844    31.6549        934     3.8875  0.000e+00
     36.741    15.8412   3.999796    31.6534        935     3.8917  0.000e+00
     36.698    15.8420   3.999705    31.6519        936     3.8958  0.000e+00
     36.656    15.8422   3.999705    31.6518        937     3.9000  0.000e+00
     36.607    15.8418   3.999747    31.6525        938     3.9042  0.000e+00
     36.555    15.8420   3.999704    31.6520        939     3.9083  0.000e+00
     36.500    15.8419   3.999711    31.6521        940     3.9125  0.000e+00
     36.439    15.8419   3.999729    31.6523        941     3.9167  0.000e+00
     36.378    15.8422   3.999747    31.6523        942     3.9208  0.000e+00
     36.309    15.8423   3.999704    31.6518        943     3.9250  0.000e+00
     36.236    15.8424   3.999632    31.6511        944     3.9292  0.000e+00
     36.168    15.8419   3.999559    31.6509        945     3.9333  0.000e+00
     36.090    15.8416   3.999510    31.6508        946     3.9375  0.000e+00
     36.014    15.8410   3.999437    31.6506        947     3.9417  0.000e+00
     35.934    15.8404   3.999443    31.6512        948     3.9458  0.000e+00
     35.855    15.8399   3.999631    31.6533        949     3.9500  0.000e+00
     35.774    15.8403   3.999680    31.6534        950     3.9542  0.000e+00
     35.692    15.8410   3.999607    31.6523        951     3.9583  0.000e+00
     35.616    15.8414   3.999534    31.6513        952     3.9625  0.000e+00
     35.546    15.8412   3.999571    31.6518        953     3.9667  0.000e+00
     35.484    15.8414   3.999559    31.6515        954     3.9708  0.000e+00
     35.426    15.8414   3.999486    31.6510        955     3.9750  0.000e+00
     35.385    15.8410   3.999486    31.6513        956     3.9792  0.000e+00
     35.343    15.8407   3.999771    31.6540        957     3.9833  0.000e+00
     35.316    15.8414   3.999728    31.6531        958     3.9875  0.000e+00
     35.291    15.8421   3.999607    31.6515        959     3.9917  0.000e+00
     35.267    15.8420   3.999480    31.6505        960     3.9958  0.000e+00
     35.245    15.8414   3.999510    31.6513        961     4.0000  0.000e+00
     35.226    15.8407   3.999443    31.6512        962     4.0042  0.000e+00
     35.220    15.8403   3.999419    31.6514        963     4.0083  0.000e+00
     35.206    15.8397   3.999510    31.6526        964     4.0125  0.000e+00
     35.191    15.8399   3.999486    31.6523        965     4.0167  0.000e+00
     35.173    15.8399   3.999552    31.6528        966     4.0208  0.000e+00
     35.162    15.8403   3.999631    31.6533        967     4.0250  0.000e+00
     35.137    15.8407   3.999680    31.6534        968     4.0292  0.000e+00
     35.108    15.8414   3.999704    31.6530        969     4.0333  0.000e+00
     35.083    15.8418   3.999746    31.6531        970     4.0375  0.000e+00
     35.046    15.8426   3.999965    31.6544        971     4.0417  0.000e+00
     35.010    15.8434   4.000013    31.6541        972     4.0458  0.000e+00
     34.976    15.8444   3.999934    31.6527        973     4.0500  0.000e+00
     34.938    15.8451   3.999746    31.6505        974     4.0542  0.000e+00
     34.900    15.8449   3.999795    31.6511        975     4.0583  0.000e+00
     34.867    15.8445   3.999728    31.6508        976     4.0625  0.000e+00
     34.826    15.8442   3.999704    31.6509        977     4.0667  0.000e+00
     34.792    15.8438   3.999771    31.6518        978     4.0708  0.000e+00
     34.761    15.8437   3.999752    31.6517        979     4.0750  0.000e+00
     34.721    15.8436   3.999704    31.6514        980     4.0792  0.000e+00
     34.681    15.8434   3.999679    31.6513        981     4.0833  0.000e+00
     34.636    15.8432   3.999655    31.6513        982     4.0875  0.000e+00
     34.596    15.8432   3.999746    31.6521        983     4.0917  0.000e+00
     34.558    15.8432   3.999728    31.6520        984     4.0958  0.000e+00
     34.520    15.8433   3.999819    31.6527        985     4.1000  0.000e+00
     34.475    15.8438   3.999752    31.6517        986     4.1042  0.000e+00
     34.437    15.8438   3.999728    31.6515        987     4.1083  0.000e+00
     34.406    15.8438   3.999795    31.6522        988     4.1125  0.000e+00
     34.381    15.8438   3.999770    31.6520        989     4.1167  0.000e+00
     34.356    15.8440   3.999892    31.6529        990     4.1208  0.000e+00
     34.341    15.8443   3.999916    31.6528        991     4.1250  0.000e+00
     34.330    15.8448   3.999916    31.6524        992     4.1292  0.000e+00
     34.325    15.8452   3.999746    31.6506        993     4.1333  0.000e+00
     34.316    15.8449   3.999746    31.6508        994     4.1375  0.000e+00
     34.318    15.8444   3.999655    31.6505        995     4.1417  0.000e+00
     34.314    15.8438   3.999679    31.6512        996     4.1458  0.000e+00
     34.307    15.8436   3.999582    31.6505        997     4.1500  0.000e+00
     34.294    15.8430   3.999582    31.6509        998     4.1542  0.000e+00
     34.284    15.8425   3.999412    31.6499        999     4.1583  0.000e+00
     34.264    15.8418   3.999346    31.6499       1000     4.1625  0.000e+00
     34.235    15.8410   3.999346    31.6505       1001     4.1667  0.000e+00
     34.195    15.8400   3.999394    31.6517       1002     4.1708  0.000e+00
     34.150    15.8399   3.999321    31.6512       1003     4.1750  0.000e+00
     34.095    15.8398   4.000911    31.6653       1004     4.1792  0.000e+00
     34.037    15.8446   4.001687    31.6683       1005     4.1833  0.000e+00
     33.972    15.8528   4.001505    31.6602       1006     4.1875  0.000e+00
     33.902    15.8576   4.000389    31.6465       1007     4.1917  0.000e+00
     33.829    15.8566   4.000104    31.6448       1008     4.1958  0.000e+00
     33.752    15.8542   4.000104    31.6468       1009     4.2000  0.000e+00
     33.667    15.8519   4.000079    31.6485       1010     4.2042  0.000e+00
     33.585    15.8504   3.999916    31.6482       1011     4.2083  0.000e+00
     33.495    15.8492   4.001074    31.6594       1012     4.2125  0.000e+00
     33.414    15.8519   4.001341    31.6596       1013     4.2167  0.000e+00
     33.325    15.8562   4.001480    31.6574       1014     4.2208  0.000e+00
     33.247    15.8597   4.001553    31.6553       1015     4.2250  0.000e+00
     33.166    15.8625   4.001219    31.6502       1016     4.2292  0.000e+00
     33.097    15.8633   4.001862    31.6553       1017     4.2333  0.000e+00
     33.028    15.8647   4.000867    31.6454       1018     4.2375  0.000e+00
     32.961    15.8631   4.000861    31.6467       1019     4.2417  0.000e+00
     32.914    15.8607   4.000127    31.6421       1020     4.2458  0.000e+00
     32.866    15.8566   4.000291    31.6468       1021     4.2500  0.000e+00
     32.824    15.8546   4.001056    31.6552       1022     4.2542  0.000e+00
     32.786    15.8561   4.001765    31.6603       1023     4.2583  0.000e+00
     32.755    15.8603   4.003009    31.6679       1024     4.2625  0.000e+00
     32.721    15.8684   4.001577    31.6488       1025     4.2667  0.000e+00
     32.690    15.8695   4.001195    31.6446       1026     4.2708  0.000e+00
     32.663    15.8675   4.002930    31.6615       1027     4.2750  0.000e+00
     32.632    15.8712   4.003403    31.6627       1028     4.2792  0.000e+00
     32.603    15.8774   4.002620    31.6508       1029     4.2833  0.000e+00
     32.574    15.8794   4.002196    31.6455       1030     4.2875  0.000e+00
     32.544    15.8781   4.000982    31.6359       1031     4.2917  0.000e+00
     32.508    15.8724   4.002172    31.6509       1032     4.2958  0.000e+00
     32.466    15.8711   4.002074    31.6512       1033     4.3000  0.000e+00
     32.428    15.8727   4.002457    31.6532       1034     4.3042  0.000e+00
     32.388    15.8741   4.002954    31.6565       1035     4.3083  0.000e+00
