HB2406/sbe028.cnv
* Sea-Bird SBE 19plus V2 Data File:
* FileName = C:\cruise\data\sbe028.hex
* Software Version Seasave V 7.26.7.121
* Temperature SN = 7037
* Conductivity SN = 7037
* System UpLoad Time = Aug 14 2024 18:54:42
* NMEA Latitude = 41 27.48 N
* NMEA Longitude = 066 58.76 W
* NMEA UTC (Time) = Aug 14 2024  18:53:33
** Ship: Henry Bigelow
** Cruise:  HB2406
** Program:  ECOMON
# nquan = 7
# nvalues = 1457                                  
# units = specified
# name 0 = depSM: Depth [salt water, m]
# name 1 = tv290C: Temperature [ITS-90, deg C]
# name 2 = c0S/m: Conductivity [S/m]
# name 3 = sal00: Salinity, Practical [PSU]
# name 4 = scan: Scan Count
# name 5 = timeM: Time, Elapsed [minutes]
# name 6 = flag:  0.000e+00
# span 0 =     -0.020,     63.273                 
# span 1 =    13.0462,    20.2759                 
# span 2 =   0.000015,   4.271890                 
# span 3 =     0.0101,    31.9874                 
# span 4 =         11,       1467                 
# span 5 =     0.0417,     6.1083                 
# span 6 = 0.0000e+00, 0.0000e+00                 
# interval = seconds: 0.25
# start_time = Aug 14 2024 18:53:33 [NMEA time, header]
# bad_flag = -9.990e-29
*END*
[from data line 206]
     10.914    17.8584   4.195531    31.7609        217     0.9000  0.000e+00
     11.102    17.8501   4.195005    31.7629        218     0.9042  0.000e+00
     11.289    17.8343   4.193843    31.7653        219     0.9083  0.000e+00
     11.466    17.8219   4.193323    31.7705        220     0.9125  0.000e+00
     11.628    17.8037   4.191753    31.7713        221     0.9167  0.000e+00
     11.780    17.7865   4.189607    31.7666        222     0.9208  0.000e+00
     11.925    17.7701   4.187320    31.7599        223     0.9250  0.000e+00
     12.062    17.7562   4.186288    31.7620        224     0.9292  0.000e+00
     12.193    17.7324   4.185424    31.7732        225     0.9333  0.000e+00
     12.314    17.7147   4.184114    31.7759        226     0.9375  0.000e+00
     12.438    17.6987   4.182254    31.7725        227     0.9417  0.000e+00
     12.567    17.6822   4.181581    31.7797        228     0.9458  0.000e+00
     12.693    17.6592   4.180933    31.7921        229     0.9500  0.000e+00
     12.824    17.6408   4.180334    31.8013        230     0.9542  0.000e+00
     12.956    17.6312   4.179154    31.7987        231     0.9583  0.000e+00
     13.098    17.6211   4.177672    31.7940        232     0.9625  0.000e+00
     13.249    17.6092   4.175579    31.7855        233     0.9667  0.000e+00
     13.408    17.5939   4.174555    31.7887        234     0.9708  0.000e+00
     13.574    17.5732   4.173265    31.7939        235     0.9750  0.000e+00
     13.746    17.5597   4.171957    31.7933        236     0.9792  0.000e+00
     13.936    17.5469   4.170155    31.7879        237     0.9833  0.000e+00
     14.129    17.5330   4.167015    31.7720        238     0.9875  0.000e+00
     14.317    17.5183   4.165633    31.7717        239     0.9917  0.000e+00
     14.518    17.4944   4.163500    31.7722        240     0.9958  0.000e+00
     14.706    17.4745   4.161743    31.7727        241     1.0000  0.000e+00
     14.896    17.4562   4.161293    31.7831        242     1.0042  0.000e+00
     15.073    17.4356   4.161183    31.7983        243     1.0083  0.000e+00
     15.239    17.4175   4.160381    31.8056        244     1.0125  0.000e+00
     15.398    17.4057   4.159291    31.8055        245     1.0167  0.000e+00
     15.545    17.3932   4.158379    31.8075        246     1.0208  0.000e+00
     15.686    17.3815   4.157300    31.8074        247     1.0250  0.000e+00
     15.821    17.3685   4.156949    31.8146        248     1.0292  0.000e+00
     15.953    17.3591   4.155834    31.8124        249     1.0333  0.000e+00
     16.075    17.3555   4.155045    31.8084        250     1.0375  0.000e+00
     16.199    17.3470   4.154047    31.8065        251     1.0417  0.000e+00
     16.322    17.3359   4.152569    31.8026        252     1.0458  0.000e+00
     16.449    17.3244   4.151787    31.8048        253     1.0500  0.000e+00
     16.570    17.3076   4.150420    31.8063        254     1.0542  0.000e+00
     16.698    17.2967   4.149004    31.8028        255     1.0583  0.000e+00
     16.836    17.2832   4.147095    31.7969        256     1.0625  0.000e+00
     16.973    17.2680   4.146129    31.8006        257     1.0667  0.000e+00
     17.121    17.2487   4.145711    31.8122        258     1.0708  0.000e+00
     17.275    17.2329   4.145606    31.8236        259     1.0750  0.000e+00
     17.425    17.2216   4.145139    31.8285        260     1.0792  0.000e+00
     17.581    17.2115   4.143157    31.8194        261     1.0833  0.000e+00
     17.743    17.2046   4.141225    31.8082        262     1.0875  0.000e+00
     17.906    17.1948   4.138297    31.7908        263     1.0917  0.000e+00
     18.073    17.1850   4.136083    31.7794        264     1.0958  0.000e+00
     18.239    17.1685   4.133255    31.7682        265     1.1000  0.000e+00
     18.414    17.1524   4.131269    31.7637        266     1.1042  0.000e+00
     18.590    17.1252   4.129395    31.7689        267     1.1083  0.000e+00
     18.772    17.0960   4.127122    31.7724        268     1.1125  0.000e+00
     18.949    17.0721   4.124886    31.7719        269     1.1167  0.000e+00
     19.130    17.0496   4.121729    31.7625        270     1.1208  0.000e+00
     19.311    17.0237   4.120232    31.7699        271     1.1250  0.000e+00
     19.494    16.9979   4.118918    31.7789        272     1.1292  0.000e+00
     19.680    16.9752   4.117500    31.7845        273     1.1333  0.000e+00
     19.855    16.9539   4.116071    31.7890        274     1.1375  0.000e+00
     20.034    16.9353   4.114187    31.7873        275     1.1417  0.000e+00
     20.215    16.9183   4.111788    31.7800        276     1.1458  0.000e+00
     20.389    16.8962   4.109249    31.7755        277     1.1500  0.000e+00
     20.557    16.8705   4.106103    31.7686        278     1.1542  0.000e+00
     20.720    16.8394   4.103302    31.7690        279     1.1583  0.000e+00
     20.879    16.8077   4.100238    31.7676        280     1.1625  0.000e+00
     21.034    16.7793   4.097120    31.7630        281     1.1667  0.000e+00
     21.182    16.7422   4.094303    31.7679        282     1.1708  0.000e+00
     21.327    16.7067   4.093685    31.7907        283     1.1750  0.000e+00
     21.466    16.6761   4.091720    31.7979        284     1.1792  0.000e+00
     21.604    16.5668   3.943406    30.5995        285     1.1833  0.000e+00
     21.738    16.0756   3.919032    30.7653        286     1.1875  0.000e+00
     21.875    15.5678   3.914757    31.1245        287     1.1917  0.000e+00
     22.012    15.2134   3.912639    31.3873        288     1.1958  0.000e+00
     22.146    14.9870   3.911506    31.5591        289     1.2000  0.000e+00
     22.289    14.8453   3.911027    31.6695        290     1.2042  0.000e+00
     22.434    14.7576   3.910542    31.7364        291     1.2083  0.000e+00
     22.580    14.7025   3.909989    31.7763        292     1.2125  0.000e+00
     22.729    14.6672   3.909527    31.8009        293     1.2167  0.000e+00
     22.882    14.6439   3.909413    31.8189        294     1.2208  0.000e+00
     23.049    14.6294   3.909179    31.8286        295     1.2250  0.000e+00
     23.219    14.6195   3.908603    31.8314        296     1.2292  0.000e+00
     23.387    14.6118   3.908579    31.8374        297     1.2333  0.000e+00
     23.560    14.6067   3.908513    31.8409        298     1.2375  0.000e+00
     23.738    14.6032   3.907539    31.8348        299     1.2417  0.000e+00
     23.922    14.5980   3.906482    31.8294        300     1.2458  0.000e+00
     24.108    14.5903   3.905696    31.8285        301     1.2500  0.000e+00
     24.293    14.5822   3.905696    31.8351        302     1.2542  0.000e+00
     24.472    14.5765   3.904567    31.8295        303     1.2583  0.000e+00
     24.654    14.5699   3.904429    31.8336        304     1.2625  0.000e+00
     24.837    14.5646   3.903912    31.8332        305     1.2667  0.000e+00
     25.018    14.5604   3.903372    31.8317        306     1.2708  0.000e+00
     25.193    14.5549   3.902033    31.8239        307     1.2750  0.000e+00
     25.368    14.5450   3.900214    31.8154        308     1.2792  0.000e+00
     25.542    14.5316   3.897939    31.8057        309     1.2833  0.000e+00
     25.712    14.5147   3.897177    31.8126        310     1.2875  0.000e+00
     25.884    14.4988   3.895083    31.8064        311     1.2917  0.000e+00
     26.050    14.4814   3.892606    31.7981        312     1.2958  0.000e+00
     26.215    14.4607   3.890609    31.7968        313     1.3000  0.000e+00
     26.383    14.4384   3.888624    31.7970        314     1.3042  0.000e+00
     26.544    14.4159   3.888840    31.8174        315     1.3083  0.000e+00
     26.710    14.4007   3.888774    31.8292        316     1.3125  0.000e+00
     26.869    14.3922   3.887761    31.8269        317     1.3167  0.000e+00
     27.028    14.3839   3.886982    31.8266        318     1.3208  0.000e+00
     27.184    14.3745   3.886089    31.8261        319     1.3250  0.000e+00
     27.352    14.3651   3.885034    31.8242        320     1.3292  0.000e+00
     27.509    14.3548   3.884783    31.8303        321     1.3333  0.000e+00
     27.665    14.3474   3.884891    31.8373        322     1.3375  0.000e+00
     27.829    14.3425   3.884238    31.8353        323     1.3417  0.000e+00
     27.994    14.3377   3.884238    31.8391        324     1.3458  0.000e+00
     28.157    14.3343   3.884376    31.8431        325     1.3500  0.000e+00
     28.319    14.3332   3.884532    31.8454        326     1.3542  0.000e+00
     28.480    14.3329   3.883776    31.8387        327     1.3583  0.000e+00
     28.648    14.3308   3.883321    31.8362        328     1.3625  0.000e+00
     28.818    14.3272   3.883405    31.8399        329     1.3667  0.000e+00
     28.992    14.3247   3.883459    31.8424        330     1.3708  0.000e+00
     29.166    14.3234   3.883321    31.8421        331     1.3750  0.000e+00
     29.343    14.3222   3.882842    31.8387        332     1.3792  0.000e+00
     29.529    14.3198   3.882519    31.8376        333     1.3833  0.000e+00
     29.710    14.3170   3.882656    31.8411        334     1.3875  0.000e+00
     29.900    14.3153   3.882333    31.8395        335     1.3917  0.000e+00
     30.090    14.3136   3.882135    31.8390        336     1.3958  0.000e+00
     30.271    14.3117   3.881854    31.8380        337     1.4000  0.000e+00
     30.460    14.3092   3.881650    31.8381        338     1.4042  0.000e+00
     30.650    14.3067   3.881441    31.8381        339     1.4083  0.000e+00
     30.831    14.3045   3.881075    31.8366        340     1.4125  0.000e+00
     31.006    14.3016   3.881147    31.8395        341     1.4167  0.000e+00
     31.182    14.2996   3.880872    31.8386        342     1.4208  0.000e+00
     31.345    14.2977   3.880800    31.8394        343     1.4250  0.000e+00
     31.507    14.2959   3.880279    31.8361        344     1.4292  0.000e+00
     31.652    14.2928   3.880255    31.8384        345     1.4333  0.000e+00
     31.797    14.2903   3.880003    31.8380        346     1.4375  0.000e+00
     31.930    14.2878   3.879614    31.8365        347     1.4417  0.000e+00
     32.068    14.2850   3.879273    31.8357        348     1.4458  0.000e+00
     32.200    14.2817   3.878973    31.8355        349     1.4500  0.000e+00
     32.319    14.2784   3.878716    31.8359        350     1.4542  0.000e+00
     32.457    14.2749   3.877991    31.8321        351     1.4583  0.000e+00
     32.590    14.2699   3.877237    31.8293        352     1.4625  0.000e+00
     32.739    14.2635   3.876506    31.8278        353     1.4667  0.000e+00
     32.887    14.2559   3.874632    31.8169        354     1.4708  0.000e+00
     33.043    14.2431   3.869837    31.7835        355     1.4750  0.000e+00
     33.209    14.2160   3.866338    31.7737        356     1.4792  0.000e+00
     33.384    14.1817   3.861619    31.7587        357     1.4833  0.000e+00
     33.571    14.1386   3.857752    31.7586        358     1.4875  0.000e+00
     33.766    14.0919   3.856934    31.7895        359     1.4917  0.000e+00
     33.967    14.0562   3.854419    31.7958        360     1.4958  0.000e+00
     34.164    14.0240   3.851964    31.7998        361     1.5000  0.000e+00
     34.384    13.9914   3.847528    31.7858        362     1.5042  0.000e+00
     34.594    13.9513   3.845194    31.7973        363     1.5083  0.000e+00
     34.809    13.9144   3.840063    31.7806        364     1.5125  0.000e+00
     35.015    13.8709   3.837910    31.7966        365     1.5167  0.000e+00
     35.218    13.8299   3.836927    31.8214        366     1.5208  0.000e+00
     35.419    13.7989   3.833970    31.8197        367     1.5250  0.000e+00
     35.616    13.7680   3.832122    31.8282        368     1.5292  0.000e+00
     35.802    13.7396   3.830156    31.8335        369     1.5333  0.000e+00
     35.977    13.7113   3.827666    31.8339        370     1.5375  0.000e+00
     36.145    13.6835   3.827440    31.8548        371     1.5417  0.000e+00
     36.308    13.6612   3.825802    31.8581        372     1.5458  0.000e+00
     36.462    13.6420   3.824539    31.8623        373     1.5500  0.000e+00
     36.603    13.6233   3.821955    31.8539        374     1.5542  0.000e+00
     36.742    13.6021   3.818943    31.8435        375     1.5583  0.000e+00
     36.876    13.5748   3.817985    31.8573        376     1.5625  0.000e+00
     37.015    13.5506   3.816474    31.8634        377     1.5667  0.000e+00
     37.151    13.5292   3.815873    31.8756        378     1.5708  0.000e+00
     37.286    13.5123   3.815243    31.8838        379     1.5750  0.000e+00
     37.426    13.4976   3.812935    31.8745        380     1.5792  0.000e+00
     37.572    13.4796   3.812108    31.8818        381     1.5833  0.000e+00
     37.722    13.4636   3.811377    31.8883        382     1.5875  0.000e+00
     37.878    13.4501   3.810830    31.8944        383     1.5917  0.000e+00
     38.037    13.4393   3.810628    31.9015        384     1.5958  0.000e+00
     38.209    13.4314   3.810278    31.9048        385     1.6000  0.000e+00
     38.386    13.4246   3.809285    31.9011        386     1.6042  0.000e+00
     38.567    13.4162   3.809445    31.9096        387     1.6083  0.000e+00
     38.751    13.4114   3.808102    31.9010        388     1.6125  0.000e+00
     38.939    13.4030   3.807228    31.8998        389     1.6167  0.000e+00
     39.133    13.3917   3.804684    31.8854        390     1.6208  0.000e+00
     39.332    13.3766   3.804132    31.8928        391     1.6250  0.000e+00
     39.532    13.3613   3.802896    31.8940        392     1.6292  0.000e+00
     39.731    13.3471   3.802670    31.9037        393     1.6333  0.000e+00
     39.925    13.3355   3.801750    31.9048        394     1.6375  0.000e+00
     40.124    13.3249   3.800621    31.9030        395     1.6417  0.000e+00
     40.319    13.3135   3.799885    31.9056        396     1.6458  0.000e+00
     40.523    13.3025   3.799534    31.9114        397     1.6500  0.000e+00
     40.715    13.2935   3.798477    31.9090        398     1.6542  0.000e+00
     40.905    13.2834   3.797272    31.9062        399     1.6583  0.000e+00
     41.095    13.2722   3.796785    31.9109        400     1.6625  0.000e+00
     41.281    13.2614   3.796293    31.9153        401     1.6667  0.000e+00
     41.469    13.2521   3.795176    31.9126        402     1.6708  0.000e+00
     41.644    13.2427   3.794375    31.9129        403     1.6750  0.000e+00
     41.824    13.2328   3.794334    31.9207        404     1.6792  0.000e+00
     41.997    13.2250   3.793942    31.9235        405     1.6833  0.000e+00
     42.178    13.2188   3.793663    31.9261        406     1.6875  0.000e+00
     42.353    13.2136   3.793557    31.9294        407     1.6917  0.000e+00
     42.531    13.2098   3.793082    31.9280        408     1.6958  0.000e+00
     42.708    13.2053   3.792755    31.9286        409     1.7000  0.000e+00
     42.894    13.2008   3.792453    31.9295        410     1.7042  0.000e+00
     43.079    13.1970   3.792417    31.9323        411     1.7083  0.000e+00
     43.263    13.1938   3.792085    31.9318        412     1.7125  0.000e+00
     43.442    13.1907   3.792038    31.9339        413     1.7167  0.000e+00
     43.634    13.1882   3.791729    31.9330        414     1.7208  0.000e+00
     43.824    13.1852   3.791219    31.9308        415     1.7250  0.000e+00
     44.019    13.1809   3.790661    31.9290        416     1.7292  0.000e+00
     44.207    13.1764   3.790281    31.9292        417     1.7333  0.000e+00
     44.393    13.1709   3.789522    31.9266        418     1.7375  0.000e+00
     44.585    13.1646   3.789504    31.9316        419     1.7417  0.000e+00
     44.780    13.1594   3.789392    31.9348        420     1.7458  0.000e+00
