HB2406/sbe017.cnv
* Sea-Bird SBE 19plus V2 Data File:
* FileName = C:\cruise\data\sbe017.hex
* Software Version Seasave V 7.26.7.121
* Temperature SN = 7037
* Conductivity SN = 7037
* System UpLoad Time = Aug 13 2024 18:39:39
* NMEA Latitude = 40 20.24 N
* NMEA Longitude = 068 22.14 W
* NMEA UTC (Time) = Aug 13 2024  18:38:29
** Ship: Henry Bigelow
** Cruise:  HB2406
** Program:  ECOMON
# nquan = 7
# nvalues = 1519                                  
# units = specified
# name 0 = depSM: Depth [salt water, m]
# name 1 = tv290C: Temperature [ITS-90, deg C]
# name 2 = c0S/m: Conductivity [S/m]
# name 3 = sal00: Salinity, Practical [PSU]
# name 4 = scan: Scan Count
# name 5 = timeM: Time, Elapsed [minutes]
# name 6 = flag:  0.000e+00
# span 0 =      0.019,    125.573                 
# span 1 =    10.6850,    22.1541                 
# span 2 =   0.341484,   4.933594                 
# span 3 =     1.9310,    35.8593                 
# span 4 =         11,       1529                 
# span 5 =     0.0417,     6.3667                 
# span 6 = 0.0000e+00, 0.0000e+00                 
# interval = seconds: 0.25
# start_time = Aug 13 2024 18:38:29 [NMEA time, header]
# bad_flag = -9.990e-29
*END*
[from data line 411]
     60.104    12.0889   3.972910    34.6275        422     1.7542  0.000e+00
     60.281    12.0841   3.973122    34.6340        423     1.7583  0.000e+00
     60.464    12.0803   3.972300    34.6294        424     1.7625  0.000e+00
     60.658    12.0757   3.971901    34.6297        425     1.7667  0.000e+00
     60.849    12.0706   3.972227    34.6375        426     1.7708  0.000e+00
     61.046    12.0680   3.971961    34.6373        427     1.7750  0.000e+00
     61.249    12.0654   3.971925    34.6392        428     1.7792  0.000e+00
     61.462    12.0633   3.971780    34.6397        429     1.7833  0.000e+00
     61.667    12.0621   3.971853    34.6414        430     1.7875  0.000e+00
     61.878    12.0611   3.971429    34.6382        431     1.7917  0.000e+00
     62.083    12.0593   3.972252    34.6477        432     1.7958  0.000e+00
     62.300    12.0597   3.972089    34.6457        433     1.8000  0.000e+00
     62.510    12.0602   3.971950    34.6438        434     1.8042  0.000e+00
     62.721    12.0597   3.971242    34.6373        435     1.8083  0.000e+00
     62.935    12.0569   3.970559    34.6331        436     1.8125  0.000e+00
     63.152    12.0521   3.970511    34.6370        437     1.8167  0.000e+00
     63.367    12.0479   3.970160    34.6374        438     1.8208  0.000e+00
     63.589    12.0448   3.970233    34.6409        439     1.8250  0.000e+00
     63.805    12.0425   3.970021    34.6408        440     1.8292  0.000e+00
     64.020    12.0407   3.969834    34.6406        441     1.8333  0.000e+00
     64.228    12.0385   3.969622    34.6405        442     1.8375  0.000e+00
     64.436    12.0363   3.969314    34.6394        443     1.8417  0.000e+00
     64.629    12.0335   3.969078    34.6397        444     1.8458  0.000e+00
     64.819    12.0306   3.968891    34.6405        445     1.8500  0.000e+00
     65.009    12.0280   3.968631    34.6403        446     1.8542  0.000e+00
     65.179    12.0251   3.968208    34.6387        447     1.8583  0.000e+00
     65.351    12.0215   3.968208    34.6420        448     1.8625  0.000e+00
     65.512    12.0187   3.968420    34.6466        449     1.8667  0.000e+00
     65.668    12.0179   3.968565    34.6487        450     1.8708  0.000e+00
     65.816    12.0175   3.968281    34.6463        451     1.8750  0.000e+00
     65.966    12.0166   3.968468    34.6489        452     1.8792  0.000e+00
     66.107    12.0154   3.968807    34.6532        453     1.8833  0.000e+00
     66.255    12.0158   3.968892    34.6536        454     1.8875  0.000e+00
     66.413    12.0161   3.969128    34.6555        455     1.8917  0.000e+00
     66.570    12.0173   3.969624    34.6592        456     1.8958  0.000e+00
     66.738    12.0191   3.969690    34.6581        457     1.9000  0.000e+00
     66.925    12.0208   3.970301    34.6624        458     1.9042  0.000e+00
     67.118    12.0226   3.971759    34.6748        459     1.9083  0.000e+00
     67.321    12.0262   3.972678    34.6804        460     1.9125  0.000e+00
     67.527    12.0313   3.973549    34.6840        461     1.9167  0.000e+00
     67.744    12.0365   3.974233    34.6858        462     1.9208  0.000e+00
     67.966    12.0413   3.974680    34.6855        463     1.9250  0.000e+00
     68.185    12.0455   3.975031    34.6850        464     1.9292  0.000e+00
     68.410    12.0481   3.975479    34.6868        465     1.9333  0.000e+00
     68.627    12.0489   3.976048    34.6915        466     1.9375  0.000e+00
     68.844    12.0494   3.976635    34.6967        467     1.9417  0.000e+00
     69.055    12.0500   3.977270    34.7022        468     1.9458  0.000e+00
     69.265    12.0506   3.977676    34.7055        469     1.9500  0.000e+00
     69.475    12.0511   3.978548    34.7134        470     1.9542  0.000e+00
     69.687    12.0521   3.979183    34.7186        471     1.9583  0.000e+00
     69.895    12.0538   3.979982    34.7247        472     1.9625  0.000e+00
     70.108    12.0563   3.981139    34.7336        473     1.9667  0.000e+00
     70.329    12.0598   3.981260    34.7314        474     1.9708  0.000e+00
     70.549    12.0627   3.981151    34.7275        475     1.9750  0.000e+00
     70.776    12.0633   3.981920    34.7343        476     1.9792  0.000e+00
     71.007    12.0637   3.982604    34.7406        477     1.9833  0.000e+00
     71.242    12.0634   3.982980    34.7444        478     1.9875  0.000e+00
     71.474    12.0639   3.982961    34.7437        479     1.9917  0.000e+00
     71.693    12.0639   3.983028    34.7441        480     1.9958  0.000e+00
     71.921    12.0623   3.983077    34.7460        481     2.0000  0.000e+00
     72.140    12.0597   3.983313    34.7506        482     2.0042  0.000e+00
     72.355    12.0578   3.983410    34.7533        483     2.0083  0.000e+00
     72.554    12.0561   3.983483    34.7555        484     2.0125  0.000e+00
     72.747    12.0544   3.983477    34.7569        485     2.0167  0.000e+00
     72.939    12.0528   3.983622    34.7597        486     2.0208  0.000e+00
     73.125    12.0510   3.983737    34.7625        487     2.0250  0.000e+00
     73.302    12.0490   3.983949    34.7663        488     2.0292  0.000e+00
     73.474    12.0477   3.984143    34.7693        489     2.0333  0.000e+00
     73.650    12.0462   3.984398    34.7732        490     2.0375  0.000e+00
     73.816    12.0453   3.984495    34.7748        491     2.0417  0.000e+00
     73.984    12.0447   3.984634    34.7767        492     2.0458  0.000e+00
     74.151    12.0438   3.984937    34.7804        493     2.0500  0.000e+00
     74.321    12.0431   3.985064    34.7822        494     2.0542  0.000e+00
     74.500    12.0424   3.985343    34.7856        495     2.0583  0.000e+00
     74.675    12.0427   3.985464    34.7863        496     2.0625  0.000e+00
     74.858    12.0427   3.985343    34.7851        497     2.0667  0.000e+00
     75.048    12.0410   3.985628    34.7893        498     2.0708  0.000e+00
     75.238    12.0394   3.986076    34.7951        499     2.0750  0.000e+00
     75.437    12.0391   3.986294    34.7975        500     2.0792  0.000e+00
     75.641    12.0390   3.986609    34.8005        501     2.0833  0.000e+00
     75.846    12.0402   3.986246    34.7958        502     2.0875  0.000e+00
     76.057    12.0399   3.986270    34.7962        503     2.0917  0.000e+00
     76.267    12.0385   3.986597    34.8006        504     2.0958  0.000e+00
     76.483    12.0382   3.986246    34.7974        505     2.1000  0.000e+00
     76.694    12.0363   3.986149    34.7981        506     2.1042  0.000e+00
     76.908    12.0337   3.985986    34.7989        507     2.1083  0.000e+00
     77.116    12.0302   3.985889    34.8011        508     2.1125  0.000e+00
     77.322    12.0269   3.985986    34.8051        509     2.1167  0.000e+00
     77.526    12.0244   3.985889    34.8063        510     2.1208  0.000e+00
     77.720    12.0221   3.985562    34.8052        511     2.1250  0.000e+00
     77.915    12.0189   3.985344    34.8059        512     2.1292  0.000e+00
     78.105    12.0151   3.985442    34.8104        513     2.1333  0.000e+00
     78.295    12.0123   3.985466    34.8132        514     2.1375  0.000e+00
     78.489    12.0101   3.985157    34.8121        515     2.1417  0.000e+00
     78.680    12.0068   3.985393    34.8174        516     2.1458  0.000e+00
     78.872    12.0045   3.985133    34.8169        517     2.1500  0.000e+00
     79.073    12.0012   3.985115    34.8198        518     2.1542  0.000e+00
     79.277    11.9974   3.984189    34.8142        519     2.1583  0.000e+00
     79.493    11.9907   3.983244    34.8111        520     2.1625  0.000e+00
     79.713    11.9805   3.983953    34.8275        521     2.1667  0.000e+00
     79.939    11.9730   3.983814    34.8330        522     2.1708  0.000e+00
     80.167    11.9682   3.983130    34.8307        523     2.1750  0.000e+00
     80.400    11.9604   3.983130    34.8379        524     2.1792  0.000e+00
     80.636    11.9539   3.982894    34.8416        525     2.1833  0.000e+00
     80.869    11.9485   3.982609    34.8438        526     2.1875  0.000e+00
     81.104    11.9424   3.982016    34.8436        527     2.1917  0.000e+00
     81.332    11.9345   3.982113    34.8518        528     2.1958  0.000e+00
     81.553    11.9279   3.981805    34.8549        529     2.2000  0.000e+00
     81.764    11.9193   3.982398    34.8686        530     2.2042  0.000e+00
     81.969    11.9101   3.982846    34.8816        531     2.2083  0.000e+00
     82.170    11.9017   3.982707    34.8880        532     2.2125  0.000e+00
     82.363    11.8959   3.983180    34.8979        533     2.2167  0.000e+00
     82.548    11.8921   3.983343    34.9031        534     2.2208  0.000e+00
     82.729    11.8884   3.983507    34.9080        535     2.2250  0.000e+00
     82.913    11.8858   3.983719    34.9125        536     2.2292  0.000e+00
     83.089    11.8840   3.983931    34.9161        537     2.2333  0.000e+00
     83.271    11.8822   3.983507    34.9136        538     2.2375  0.000e+00
     83.456    11.8788   3.983459    34.9162        539     2.2417  0.000e+00
     83.638    11.8755   3.983719    34.9219        540     2.2458  0.000e+00
     83.819    11.8739   3.982848    34.9147        541     2.2500  0.000e+00
     84.002    11.8700   3.983556    34.9252        542     2.2542  0.000e+00
     84.183    11.8679   3.982091    34.9128        543     2.2583  0.000e+00
     84.362    11.8640   3.980511    34.9009        544     2.2625  0.000e+00
     84.537    11.8543   3.979355    34.8986        545     2.2667  0.000e+00
     84.711    11.8422   3.979379    34.9101        546     2.2708  0.000e+00
     84.881    11.8338   3.978369    34.9080        547     2.2750  0.000e+00
     85.049    11.8250   3.977703    34.9097        548     2.2792  0.000e+00
     85.219    11.8159   3.977189    34.9131        549     2.2833  0.000e+00
     85.388    11.8057   3.977213    34.9229        550     2.2875  0.000e+00
     85.570    11.8003   3.976977    34.9255        551     2.2917  0.000e+00
     85.750    11.7962   3.975658    34.9164        552     2.2958  0.000e+00
     85.938    11.7886   3.975447    34.9213        553     2.3000  0.000e+00
     86.137    11.7811   3.974594    34.9200        554     2.3042  0.000e+00
     86.341    11.7727   3.974092    34.9229        555     2.3083  0.000e+00
     86.560    11.7647   3.973796    34.9274        556     2.3125  0.000e+00
     86.779    11.7581   3.973372    34.9293        557     2.3167  0.000e+00
     87.001    11.7522   3.972762    34.9288        558     2.3208  0.000e+00
     87.227    11.7467   3.972526    34.9316        559     2.3250  0.000e+00
     87.461    11.7405   3.972175    34.9338        560     2.3292  0.000e+00
     87.692    11.7358   3.971794    34.9345        561     2.3333  0.000e+00
     87.922    11.7308   3.970881    34.9300        562     2.3375  0.000e+00
     88.155    11.7245   3.970972    34.9368        563     2.3417  0.000e+00
     88.387    11.7192   3.970857    34.9406        564     2.3458  0.000e+00
     88.613    11.7160   3.970289    34.9379        565     2.3500  0.000e+00
     88.835    11.7115   3.969727    34.9365        566     2.3542  0.000e+00
     89.062    11.7058   3.969564    34.9401        567     2.3583  0.000e+00
     89.277    11.7007   3.968391    34.9333        568     2.3625  0.000e+00
     89.492    11.6939   3.966487    34.9209        569     2.3667  0.000e+00
     89.698    11.6822   3.964843    34.9157        570     2.3708  0.000e+00
     89.899    11.6674   3.963127    34.9126        571     2.3750  0.000e+00
     90.100    11.6505   3.960710    34.9047        572     2.3792  0.000e+00
     90.286    11.6313   3.958179    34.8978        573     2.3833  0.000e+00
     90.469    11.6102   3.955764    34.8938        574     2.3875  0.000e+00
     90.643    11.5871   3.954551    34.9035        575     2.3917  0.000e+00
     90.813    11.5679   3.954690    34.9229        576     2.3958  0.000e+00
     90.983    11.5541   3.952843    34.9177        577     2.4000  0.000e+00
     91.158    11.5411   3.952982    34.9312        578     2.4042  0.000e+00
     91.332    11.5310   3.951461    34.9257        579     2.4083  0.000e+00
     91.511    11.5216   3.951039    34.9303        580     2.4125  0.000e+00
     91.697    11.5129   3.950713    34.9353        581     2.4167  0.000e+00
     91.884    11.5053   3.949030    34.9257        582     2.4208  0.000e+00
     92.083    11.4962   3.948843    34.9324        583     2.4250  0.000e+00
     92.287    11.4879   3.947866    34.9305        584     2.4292  0.000e+00
     92.500    11.4792   3.947721    34.9372        585     2.4333  0.000e+00
     92.718    11.4721   3.947745    34.9440        586     2.4375  0.000e+00
     92.935    11.4677   3.948029    34.9509        587     2.4417  0.000e+00
     93.159    11.4654   3.947794    34.9506        588     2.4458  0.000e+00
     93.374    11.4642   3.947770    34.9515        589     2.4500  0.000e+00
     93.593    11.4622   3.946955    34.9451        590     2.4542  0.000e+00
     93.796    11.4591   3.946606    34.9446        591     2.4583  0.000e+00
     94.000    11.4544   3.945110    34.9341        592     2.4625  0.000e+00
     94.192    11.4469   3.944296    34.9330        593     2.4667  0.000e+00
     94.376    11.4377   3.943826    34.9370        594     2.4708  0.000e+00
     94.554    11.4299   3.943223    34.9383        595     2.4750  0.000e+00
     94.729    11.4228   3.942590    34.9388        596     2.4792  0.000e+00
     94.903    11.4157   3.942662    34.9461        597     2.4833  0.000e+00
     95.080    11.4109   3.942704    34.9510        598     2.4875  0.000e+00
     95.259    11.4083   3.943012    34.9564        599     2.4917  0.000e+00
     95.444    11.4076   3.943338    34.9602        600     2.4958  0.000e+00
     95.637    11.4085   3.942940    34.9554        601     2.5000  0.000e+00
     95.842    11.4079   3.942415    34.9506        602     2.5042  0.000e+00
     96.050    11.4055   3.942174    34.9504        603     2.5083  0.000e+00
     96.265    11.4024   3.942030    34.9518        604     2.5125  0.000e+00
     96.478    11.4002   3.942265    34.9561        605     2.5167  0.000e+00
     96.703    11.3990   3.942639    34.9608        606     2.5208  0.000e+00
     96.933    11.3996   3.942874    34.9625        607     2.5250  0.000e+00
     97.157    11.4008   3.942476    34.9574        608     2.5292  0.000e+00
     97.381    11.4010   3.942217    34.9545        609     2.5333  0.000e+00
     97.602    11.3991   3.940077    34.9350        610     2.5375  0.000e+00
     97.821    11.3921   3.940469    34.9454        611     2.5417  0.000e+00
     98.029    11.3865   3.940306    34.9491        612     2.5458  0.000e+00
     98.237    11.3825   3.938420    34.9341        613     2.5500  0.000e+00
     98.436    11.3753   3.937672    34.9333        614     2.5542  0.000e+00
     98.629    11.3657   3.937118    34.9369        615     2.5583  0.000e+00
     98.814    11.3569   3.936347    34.9375        616     2.5625  0.000e+00
     98.998    11.3487   3.936142    34.9432        617     2.5667  0.000e+00
     99.187    11.3424   3.934648    34.9342        618     2.5708  0.000e+00
     99.373    11.3343   3.932720    34.9227        619     2.5750  0.000e+00
     99.556    11.3216   3.931630    34.9238        620     2.5792  0.000e+00
     99.753    11.3092   3.930932    34.9286        621     2.5833  0.000e+00
     99.948    11.2980   3.928192    34.9119        622     2.5875  0.000e+00
    100.143    11.2818   3.926121    34.9066        623     2.5917  0.000e+00
    100.348    11.2624   3.926892    34.9326        624     2.5958  0.000e+00
    100.558    11.2515   3.923576    34.9099        625     2.6000  0.000e+00
