HB2406/sbe072.cnv
* Sea-Bird SBE 19plus V2 Data File:
* FileName = C:\cruise\data\sbe072.hex
* Software Version Seasave V 7.26.7.121
* Temperature SN = 7037
* Conductivity SN = 7037
* System UpLoad Time = Aug 18 2024 05:12:08
* NMEA Latitude = 41 48.99 N
* NMEA Longitude = 067 10.34 W
* NMEA UTC (Time) = Aug 18 2024  05:11:01
** Ship: Henry Bigelow
** Cruise:  HB2406
** Program:  ECOMON
# nquan = 7
# nvalues = 1942                                  
# units = specified
# name 0 = depSM: Depth [salt water, m]
# name 1 = tv290C: Temperature [ITS-90, deg C]
# name 2 = c0S/m: Conductivity [S/m]
# name 3 = sal00: Salinity, Practical [PSU]
# name 4 = scan: Scan Count
# name 5 = timeM: Time, Elapsed [minutes]
# name 6 = flag:  0.000e+00
# span 0 =     -0.024,     50.401                 
# span 1 =    16.7041,    17.4259                 
# span 2 =  -0.000039,   4.099794                 
# span 3 =     0.0000,    31.7365                 
# span 4 =         11,       1952                 
# span 5 =     0.0417,     8.1292                 
# span 6 = 0.0000e+00, 0.0000e+00                 
# interval = seconds: 0.25
# start_time = Aug 18 2024 05:11:01 [NMEA time, header]
# bad_flag = -9.990e-29
*END*
[from data line 1847]
     -0.013    16.7768   0.232830     1.4402       1858     7.7375  0.000e+00
     -0.013    16.7768   0.215791     1.3293       1859     7.7417  0.000e+00
     -0.016    16.7760   0.201538     1.2370       1860     7.7458  0.000e+00
     -0.013    16.7749   0.191628     1.1731       1861     7.7500  0.000e+00
      0.040    16.7737   0.205125     1.2603       1862     7.7542  0.000e+00
      0.085    16.7729   1.537665    10.8381       1863     7.7583  0.000e+00
      0.110    16.7692   3.754484    28.8348       1864     7.7625  0.000e+00
      0.119    16.7610   3.279603    24.8275       1865     7.7667  0.000e+00
      0.106    16.7537   2.547334    18.8026       1866     7.7708  0.000e+00
      0.047    16.7463   4.030479    31.2207       1867     7.7750  0.000e+00
     -0.004    16.7368   4.082966    31.6818       1868     7.7792  0.000e+00
     -0.009    16.7299   4.080507    31.6659       1869     7.7833  0.000e+00
     -0.009    16.7262   4.076734    31.6362       1870     7.7875  0.000e+00
     -0.011    16.7242   2.329511    17.0611       1871     7.7917  0.000e+00
     -0.013    16.7228   0.614750     4.0433       1872     7.7958  0.000e+00
     -0.013    16.7211   0.684564     4.5368       1873     7.8000  0.000e+00
     -0.013    16.7199   1.116495     7.6759       1874     7.8042  0.000e+00
     -0.015    16.7195   0.912850     6.1789       1875     7.8083  0.000e+00
     -0.011    16.7194   0.497752     3.2277       1876     7.8125  0.000e+00
     -0.009    16.7199   0.389556     2.4867       1877     7.8167  0.000e+00
     -0.009    16.7204   0.355591     2.2571       1878     7.8208  0.000e+00
     -0.011    16.7206   0.332244     2.1003       1879     7.8250  0.000e+00
     -0.013    16.7206   0.280437     1.7552       1880     7.8292  0.000e+00
     -0.011    16.7207   0.250101     1.5553       1881     7.8333  0.000e+00
     -0.011    16.7207   0.233118     1.4440       1882     7.8375  0.000e+00
     -0.009    16.7211   0.220579     1.3623       1883     7.8417  0.000e+00
     -0.008    16.7216   0.213641     1.3171       1884     7.8458  0.000e+00
     -0.009    16.7218   0.204126     1.2554       1885     7.8500  0.000e+00
     -0.013    16.7221   0.184262     1.1272       1886     7.8542  0.000e+00
     -0.013    16.7222   0.178551     1.0905       1887     7.8583  0.000e+00
     -0.011    16.7219   0.170920     1.0416       1888     7.8625  0.000e+00
     -0.007    16.7219   0.163727     0.9957       1889     7.8667  0.000e+00
     -0.007    16.7221   0.154282     0.9355       1890     7.8708  0.000e+00
     -0.011    16.7227   0.143227     0.8653       1891     7.8750  0.000e+00
     -0.015    16.7232   0.131557     0.7917       1892     7.8792  0.000e+00
     -0.020    16.7235   0.122122     0.7324       1893     7.8833  0.000e+00
     -0.024    16.7234   0.113693     0.6797       1894     7.8875  0.000e+00
     -0.022    16.7232   0.136415     0.8223       1895     7.8917  0.000e+00
     -0.002    16.7233   1.467986    10.3192       1896     7.8958  0.000e+00
      0.056    16.7238   3.038024    22.8379       1897     7.9000  0.000e+00
      0.153    16.7245   3.752114    28.8466       1898     7.9042  0.000e+00
      0.276    16.7254   2.247944    16.4082       1899     7.9083  0.000e+00
      0.383    16.7250   2.173676    15.8167       1900     7.9125  0.000e+00
      0.452    16.7242   2.828523    21.1096       1901     7.9167  0.000e+00
      0.463    16.7237   4.082770    31.6902       1902     7.9208  0.000e+00
      0.448    16.7229   4.079021    31.6584       1903     7.9250  0.000e+00
      0.380    16.7210   4.083143    31.6956       1904     7.9292  0.000e+00
      0.276    16.7193   4.083180    31.6973       1905     7.9333  0.000e+00
      0.128    16.7175   4.083107    31.6981       1906     7.9375  0.000e+00
      0.036    16.7160   4.083094    31.6992       1907     7.9417  0.000e+00
      0.002    16.7150   1.684654    11.9848       1908     7.9458  0.000e+00
     -0.004    16.7153   1.702204    12.1204       1909     7.9500  0.000e+00
     -0.002    16.7161   1.313437     9.1496       1910     7.9542  0.000e+00
     -0.004    16.7163   0.967203     6.5762       1911     7.9583  0.000e+00
      0.022    16.7160   0.798178     5.3494       1912     7.9625  0.000e+00
      0.108    16.7160   0.888319     6.0010       1913     7.9667  0.000e+00
      0.233    16.7165   3.138622    23.6777       1914     7.9708  0.000e+00
      0.334    16.7169   4.061152    31.5085       1915     7.9750  0.000e+00
      0.383    16.7170   3.867126    29.8367       1916     7.9792  0.000e+00
      0.383    16.7164   4.032622    31.2623       1917     7.9833  0.000e+00
      0.367    16.7154   3.728405    28.6506       1918     7.9875  0.000e+00
      0.278    16.7141   3.016483    22.6649       1919     7.9917  0.000e+00
      0.166    16.7127   3.330637    25.2853       1920     7.9958  0.000e+00
      0.067    16.7119   3.632909    27.8397       1921     8.0000  0.000e+00
      0.011    16.7112   4.082795    31.7005       1922     8.0042  0.000e+00
     -0.006    16.7107   2.238054    16.3353       1923     8.0083  0.000e+00
     -0.004    16.7109   0.539393     3.5172       1924     8.0125  0.000e+00
     -0.004    16.7120   0.460670     2.9727       1925     8.0167  0.000e+00
     -0.007    16.7127   0.415544     2.6638       1926     8.0208  0.000e+00
     -0.006    16.7129   0.285660     1.7902       1927     8.0250  0.000e+00
     -0.004    16.7132   0.213871     1.3189       1928     8.0292  0.000e+00
     -0.006    16.7132   0.263468     1.6435       1929     8.0333  0.000e+00
     -0.004    16.7132   0.332618     2.1032       1930     8.0375  0.000e+00
     -0.000    16.7132   0.221484     1.3684       1931     8.0417  0.000e+00
     -0.004    16.7132   0.171389     1.0449       1932     8.0458  0.000e+00
     -0.002    16.7132   0.158856     0.9648       1933     8.0500  0.000e+00
     -0.002    16.7132   0.230210     1.4253       1934     8.0542  0.000e+00
     -0.000    16.7133   0.244018     1.5156       1935     8.0583  0.000e+00
     -0.006    16.7133   0.273225     1.7079       1936     8.0625  0.000e+00
     -0.006    16.7132   0.223822     1.3836       1937     8.0667  0.000e+00
     -0.000    16.7134   0.205648     1.2655       1938     8.0708  0.000e+00
     -0.002    16.7135   0.203794     1.2535       1939     8.0750  0.000e+00
     -0.000    16.7137   0.173634     1.0592       1940     8.0792  0.000e+00
     -0.002    16.7138   0.159017     0.9658       1941     8.0833  0.000e+00
     -0.000    16.7143   0.153047     0.9278       1942     8.0875  0.000e+00
      0.009    16.7146   0.147881     0.8950       1943     8.0917  0.000e+00
      0.005    16.7148   0.142489     0.8608       1944     8.0958  0.000e+00
      0.007    16.7148   0.138083     0.8330       1945     8.1000  0.000e+00
      0.009    16.7149   0.135477     0.8165       1946     8.1042  0.000e+00
      0.003    16.7150   0.131139     0.7892       1947     8.1083  0.000e+00
      0.011    16.7150   0.125938     0.7565       1948     8.1125  0.000e+00
      0.009    16.7151   0.120350     0.7214       1949     8.1167  0.000e+00
      0.009    16.7157   0.115892     0.6935       1950     8.1208  0.000e+00
      0.002    16.7169   0.112813     0.6743       1951     8.1250  0.000e+00
      0.009    16.7178   0.111553     0.6664       1952     8.1292  0.000e+00
