HB2406/sbe009.cnv
* Sea-Bird SBE 19plus V2 Data File:
* FileName = C:\cruise\data\sbe009.hex
* Software Version Seasave V 7.26.7.121
* Temperature SN = 7037
* Conductivity SN = 7037
* System UpLoad Time = Aug 13 2024 03:14:05
* NMEA Latitude = 40 36.61 N
* NMEA Longitude = 069 36.86 W
* NMEA UTC (Time) = Aug 13 2024  03:12:55
** Ship: Henry Bigelow
** Cruise:  HB2406
** Program:  ECOMON
# nquan = 7
# nvalues = 1486                                  
# units = specified
# name 0 = depSM: Depth [salt water, m]
# name 1 = tv290C: Temperature [ITS-90, deg C]
# name 2 = c0S/m: Conductivity [S/m]
# name 3 = sal00: Salinity, Practical [PSU]
# name 4 = scan: Scan Count
# name 5 = timeM: Time, Elapsed [minutes]
# name 6 = flag:  0.000e+00
# span 0 =     -0.035,     55.809                 
# span 1 =    12.1389,    22.7136                 
# span 2 =  -0.000049,   4.762521                 
# span 3 =     0.0000,    32.8595                 
# span 4 =         11,       1496                 
# span 5 =     0.0417,     6.2292                 
# span 6 = 0.0000e+00, 0.0000e+00                 
# interval = seconds: 0.25
# start_time = Aug 13 2024 03:12:55 [NMEA time, header]
# bad_flag = -9.990e-29
*END*
[from data line 616]
     44.053    12.3228   3.774141    32.5047        627     2.6083  0.000e+00
     43.970    12.3233   3.774041    32.5033        628     2.6125  0.000e+00
     43.889    12.3243   3.774805    32.5099        629     2.6167  0.000e+00
     43.814    12.3274   3.775243    32.5114        630     2.6208  0.000e+00
     43.735    12.3326   3.774959    32.5042        631     2.6250  0.000e+00
     43.670    12.3355   3.774828    32.5005        632     2.6292  0.000e+00
     43.597    12.3358   3.774876    32.5006        633     2.6333  0.000e+00
     43.529    12.3359   3.773768    32.4900        634     2.6375  0.000e+00
     43.458    12.3314   3.773649    32.4928        635     2.6417  0.000e+00
     43.391    12.3267   3.773721    32.4975        636     2.6458  0.000e+00
     43.317    12.3240   3.773673    32.4995        637     2.6500  0.000e+00
     43.246    12.3219   3.773632    32.5010        638     2.6542  0.000e+00
     43.176    12.3207   3.773525    32.5010        639     2.6583  0.000e+00
     43.102    12.3197   3.773762    32.5041        640     2.6625  0.000e+00
     43.033    12.3194   3.773857    32.5053        641     2.6667  0.000e+00
     42.953    12.3204   3.774111    32.5070        642     2.6708  0.000e+00
     42.892    12.3221   3.775118    32.5152        643     2.6750  0.000e+00
     42.827    12.3277   3.775225    32.5113        644     2.6792  0.000e+00
     42.769    12.3331   3.774478    32.4996        645     2.6833  0.000e+00
     42.707    12.3335   3.774538    32.4998        646     2.6875  0.000e+00
     42.658    12.3321   3.774644    32.5021        647     2.6917  0.000e+00
     42.611    12.3323   3.774828    32.5036        648     2.6958  0.000e+00
     42.570    12.3339   3.775012    32.5040        649     2.7000  0.000e+00
     42.526    12.3354   3.775160    32.5042        650     2.7042  0.000e+00
     42.483    12.3375   3.775379    32.5045        651     2.7083  0.000e+00
     42.445    12.3396   3.775314    32.5020        652     2.7125  0.000e+00
     42.398    12.3411   3.775379    32.5014        653     2.7167  0.000e+00
     42.358    12.3423   3.775266    32.4993        654     2.7208  0.000e+00
     42.311    12.3423   3.775071    32.4975        655     2.7250  0.000e+00
     42.268    12.3415   3.774828    32.4958        656     2.7292  0.000e+00
     42.226    12.3399   3.775035    32.4992        657     2.7333  0.000e+00
     42.181    12.3394   3.775379    32.5030        658     2.7375  0.000e+00
     42.127    12.3405   3.775592    32.5041        659     2.7417  0.000e+00
     42.076    12.3427   3.775556    32.5018        660     2.7458  0.000e+00
     42.020    12.3442   3.776445    32.5091        661     2.7500  0.000e+00
     41.957    12.3484   3.777109    32.5118        662     2.7542  0.000e+00
     41.888    12.3550   3.777174    32.5067        663     2.7583  0.000e+00
     41.821    12.3603   3.776723    32.4978        664     2.7625  0.000e+00
     41.742    12.3622   3.777351    32.5023        665     2.7667  0.000e+00
     41.666    12.3647   3.778068    32.5070        666     2.7708  0.000e+00
     41.593    12.3704   3.777991    32.5013        667     2.7750  0.000e+00
     41.517    12.3748   3.778039    32.4980        668     2.7792  0.000e+00
     41.450    12.3777   3.778021    32.4954        669     2.7833  0.000e+00
     41.384    12.3791   3.778661    32.5003        670     2.7875  0.000e+00
     41.318    12.3825   3.778418    32.4951        671     2.7917  0.000e+00
     41.255    12.3845   3.778483    32.4940        672     2.7958  0.000e+00
     41.194    12.3859   3.778258    32.4907        673     2.8000  0.000e+00
     41.132    12.3857   3.778204    32.4904        674     2.8042  0.000e+00
     41.072    12.3853   3.778572    32.4943        675     2.8083  0.000e+00
     41.007    12.3858   3.778761    32.4957        676     2.8125  0.000e+00
     40.949    12.3878   3.778726    32.4936        677     2.8167  0.000e+00
     40.893    12.3894   3.778714    32.4921        678     2.8208  0.000e+00
     40.846    12.3900   3.778726    32.4917        679     2.8250  0.000e+00
     40.794    12.3905   3.778749    32.4915        680     2.8292  0.000e+00
     40.741    12.3909   3.778672    32.4904        681     2.8333  0.000e+00
     40.696    12.3904   3.778702    32.4912        682     2.8375  0.000e+00
     40.658    12.3899   3.778737    32.4920        683     2.8417  0.000e+00
     40.609    12.3898   3.778637    32.4911        684     2.8458  0.000e+00
     40.560    12.3893   3.778394    32.4893        685     2.8500  0.000e+00
     40.515    12.3877   3.778299    32.4898        686     2.8542  0.000e+00
     40.466    12.3862   3.778192    32.4900        687     2.8583  0.000e+00
     40.417    12.3845   3.778162    32.4913        688     2.8625  0.000e+00
     40.361    12.3833   3.778500    32.4956        689     2.8667  0.000e+00
     40.303    12.3836   3.778305    32.4935        690     2.8708  0.000e+00
     40.244    12.3840   3.778204    32.4921        691     2.8750  0.000e+00
     40.186    12.3838   3.778103    32.4914        692     2.8792  0.000e+00
     40.121    12.3831   3.778115    32.4921        693     2.8833  0.000e+00
     40.059    12.3827   3.778014    32.4916        694     2.8875  0.000e+00
     39.991    12.3818   3.778115    32.4933        695     2.8917  0.000e+00
     39.924    12.3817   3.778103    32.4933        696     2.8958  0.000e+00
     39.864    12.3817   3.778150    32.4938        697     2.9000  0.000e+00
     39.804    12.3819   3.778227    32.4944        698     2.9042  0.000e+00
     39.746    12.3826   3.778482    32.4962        699     2.9083  0.000e+00
     39.694    12.3841   3.778672    32.4968        700     2.9125  0.000e+00
     39.658    12.3868   3.778547    32.4933        701     2.9167  0.000e+00
     39.618    12.3882   3.778500    32.4917        702     2.9208  0.000e+00
     39.584    12.3886   3.778648    32.4927        703     2.9250  0.000e+00
     39.549    12.3894   3.778613    32.4917        704     2.9292  0.000e+00
     39.513    12.3899   3.778601    32.4911        705     2.9333  0.000e+00
     39.484    12.3904   3.778903    32.4936        706     2.9375  0.000e+00
     39.446    12.3921   3.778589    32.4892        707     2.9417  0.000e+00
     39.414    12.3925   3.778832    32.4912        708     2.9458  0.000e+00
     39.368    12.3929   3.779413    32.4964        709     2.9500  0.000e+00
     39.323    12.3966   3.779436    32.4934        710     2.9542  0.000e+00
     39.273    12.4000   3.779389    32.4901        711     2.9583  0.000e+00
     39.220    12.4019   3.779389    32.4884        712     2.9625  0.000e+00
     39.157    12.4032   3.779460    32.4880        713     2.9667  0.000e+00
     39.086    12.4042   3.779436    32.4869        714     2.9708  0.000e+00
     39.019    12.4045   3.778879    32.4814        715     2.9750  0.000e+00
     38.951    12.4021   3.778748    32.4823        716     2.9792  0.000e+00
     38.878    12.3995   3.778784    32.4848        717     2.9833  0.000e+00
     38.810    12.3979   3.778588    32.4844        718     2.9875  0.000e+00
     38.743    12.3957   3.778814    32.4885        719     2.9917  0.000e+00
     38.672    12.3950   3.778903    32.4900        720     2.9958  0.000e+00
     38.609    12.3960   3.778766    32.4878        721     3.0000  0.000e+00
     38.545    12.3961   3.778902    32.4891        722     3.0042  0.000e+00
     38.493    12.3965   3.778855    32.4883        723     3.0083  0.000e+00
     38.437    12.3970   3.778748    32.4869        724     3.0125  0.000e+00
     38.390    12.3965   3.778760    32.4875        725     3.0167  0.000e+00
     38.345    12.3960   3.778725    32.4875        726     3.0208  0.000e+00
     38.312    12.3958   3.778784    32.4883        727     3.0250  0.000e+00
     38.280    12.3959   3.778790    32.4883        728     3.0292  0.000e+00
     38.250    12.3961   3.778902    32.4892        729     3.0333  0.000e+00
     38.225    12.3970   3.779157    32.4909        730     3.0375  0.000e+00
     38.202    12.3985   3.779542    32.4933        731     3.0417  0.000e+00
     38.180    12.4009   3.779619    32.4919        732     3.0458  0.000e+00
     38.155    12.4034   3.779608    32.4897        733     3.0500  0.000e+00
     38.120    12.4049   3.779679    32.4890        734     3.0542  0.000e+00
     38.084    12.4061   3.779690    32.4882        735     3.0583  0.000e+00
     38.044    12.4071   3.779679    32.4872        736     3.0625  0.000e+00
     37.997    12.4078   3.779850    32.4883        737     3.0667  0.000e+00
     37.941    12.4087   3.780254    32.4914        738     3.0708  0.000e+00
     37.880    12.4105   3.780497    32.4922        739     3.0750  0.000e+00
     37.818    12.4132   3.780520    32.4901        740     3.0792  0.000e+00
     37.760    12.4151   3.780473    32.4880        741     3.0833  0.000e+00
     37.692    12.4164   3.779898    32.4814        742     3.0875  0.000e+00
     37.630    12.4150   3.779655    32.4803        743     3.0917  0.000e+00
     37.567    12.4130   3.780230    32.4875        744     3.0958  0.000e+00
     37.511    12.4132   3.780822    32.4931        745     3.1000  0.000e+00
     37.462    12.4156   3.781119    32.4939        746     3.1042  0.000e+00
     37.413    12.4189   3.780799    32.4879        747     3.1083  0.000e+00
     37.379    12.4206   3.780627    32.4848        748     3.1125  0.000e+00
     37.333    12.4201   3.780870    32.4876        749     3.1167  0.000e+00
     37.292    12.4203   3.780295    32.4820        750     3.1208  0.000e+00
     37.252    12.4196   3.780277    32.4824        751     3.1250  0.000e+00
     37.214    12.4181   3.781036    32.4910        752     3.1292  0.000e+00
     37.174    12.4194   3.781142    32.4909        753     3.1333  0.000e+00
     37.135    12.4218   3.781332    32.4906        754     3.1375  0.000e+00
     37.093    12.4240   3.781539    32.4907        755     3.1417  0.000e+00
     37.053    12.4255   3.781296    32.4872        756     3.1458  0.000e+00
     37.015    12.4266   3.780686    32.4804        757     3.1500  0.000e+00
     36.975    12.4255   3.782405    32.4978        758     3.1542  0.000e+00
     36.941    12.4282   3.783443    32.5054        759     3.1583  0.000e+00
     36.899    12.4353   3.783603    32.5008        760     3.1625  0.000e+00
     36.859    12.4410   3.783181    32.4919        761     3.1667  0.000e+00
     36.820    12.4434   3.782980    32.4879        762     3.1708  0.000e+00
     36.774    12.4444   3.783780    32.4947        763     3.1750  0.000e+00
     36.724    12.4467   3.783561    32.4906        764     3.1792  0.000e+00
     36.671    12.4488   3.783537    32.4886        765     3.1833  0.000e+00
     36.613    12.4495   3.783158    32.4844        766     3.1875  0.000e+00
     36.550    12.4482   3.782677    32.4809        767     3.1917  0.000e+00
     36.492    12.4465   3.782956    32.4851        768     3.1958  0.000e+00
     36.432    12.4454   3.782612    32.4827        769     3.2000  0.000e+00
     36.376    12.4440   3.782849    32.4863        770     3.2042  0.000e+00
     36.318    12.4433   3.782891    32.4873        771     3.2083  0.000e+00
     36.275    12.4430   3.782588    32.4847        772     3.2125  0.000e+00
     36.242    12.4420   3.782517    32.4849        773     3.2167  0.000e+00
     36.210    12.4407   3.782357    32.4845        774     3.2208  0.000e+00
     36.184    12.4391   3.782470    32.4870        775     3.2250  0.000e+00
     36.174    12.4387   3.782090    32.4837        776     3.2292  0.000e+00
     36.156    12.4378   3.781912    32.4828        777     3.2333  0.000e+00
     36.145    12.4363   3.781829    32.4833        778     3.2375  0.000e+00
     36.130    12.4351   3.782826    32.4938        779     3.2417  0.000e+00
     36.119    12.4367   3.784699    32.5104        780     3.2458  0.000e+00
     36.096    12.4437   3.785844    32.5153        781     3.2500  0.000e+00
     36.067    12.4532   3.786182    32.5103        782     3.2542  0.000e+00
     36.042    12.4611   3.786330    32.5049        783     3.2583  0.000e+00
     36.005    12.4668   3.783335    32.4714        784     3.2625  0.000e+00
     35.960    12.4619   3.782120    32.4640        785     3.2667  0.000e+00
     35.919    12.4521   3.781782    32.4692        786     3.2708  0.000e+00
     35.866    12.4442   3.782333    32.4814        787     3.2750  0.000e+00
     35.815    12.4402   3.783756    32.4984        788     3.2792  0.000e+00
     35.763    12.4422   3.783845    32.4976        789     3.2833  0.000e+00
     35.707    12.4448   3.783816    32.4951        790     3.2875  0.000e+00
     35.645    12.4464   3.783335    32.4892        791     3.2917  0.000e+00
     35.584    12.4459   3.783632    32.4924        792     3.2958  0.000e+00
     35.524    12.4461   3.783869    32.4946        793     3.3000  0.000e+00
     35.468    12.4471   3.783845    32.4935        794     3.3042  0.000e+00
     35.412    12.4477   3.783353    32.4883        795     3.3083  0.000e+00
     35.369    12.4469   3.783311    32.4886        796     3.3125  0.000e+00
     35.329    12.4457   3.783050    32.4872        797     3.3167  0.000e+00
     35.291    12.4441   3.782671    32.4849        798     3.3208  0.000e+00
     35.267    12.4420   3.782801    32.4880        799     3.3250  0.000e+00
     35.249    12.4400   3.782677    32.4885        800     3.3292  0.000e+00
     35.235    12.4393   3.782582    32.4882        801     3.3333  0.000e+00
     35.220    12.4384   3.781052    32.4744        802     3.3375  0.000e+00
     35.208    12.4331   3.781005    32.4786        803     3.3417  0.000e+00
     35.191    12.4281   3.780454    32.4776        804     3.3458  0.000e+00
     35.171    12.4243   3.781124    32.4874        805     3.3500  0.000e+00
     35.144    12.4227   3.780804    32.4857        806     3.3542  0.000e+00
     35.121    12.4216   3.782979    32.5074        807     3.3583  0.000e+00
     35.076    12.4262   3.785446    32.5270        808     3.3625  0.000e+00
     35.028    12.4386   3.784266    32.5050        809     3.3667  0.000e+00
     34.976    12.4452   3.784468    32.5013        810     3.3708  0.000e+00
     34.920    12.4479   3.783892    32.4935        811     3.3750  0.000e+00
     34.866    12.4486   3.784396    32.4977        812     3.3792  0.000e+00
     34.813    12.4490   3.783044    32.4845        813     3.3833  0.000e+00
     34.761    12.4467   3.782469    32.4810        814     3.3875  0.000e+00
     34.710    12.4418   3.781841    32.4792        815     3.3917  0.000e+00
     34.667    12.4364   3.782534    32.4905        816     3.3958  0.000e+00
     34.623    12.4343   3.786116    32.5266        817     3.4000  0.000e+00
     34.582    12.4444   3.785998    32.5167        818     3.4042  0.000e+00
     34.540    12.4542   3.785025    32.4990        819     3.4083  0.000e+00
     34.500    12.4578   3.786300    32.5081        820     3.4125  0.000e+00
     34.462    12.4619   3.785357    32.4955        821     3.4167  0.000e+00
     34.428    12.4632   3.785647    32.4972        822     3.4208  0.000e+00
     34.395    12.4631   3.783957    32.4812        823     3.4250  0.000e+00
     34.363    12.4580   3.784936    32.4950        824     3.4292  0.000e+00
     34.337    12.4570   3.787575    32.5211        825     3.4333  0.000e+00
     34.312    12.4648   3.787041    32.5092        826     3.4375  0.000e+00
     34.294    12.4714   3.786845    32.5016        827     3.4417  0.000e+00
     34.272    12.4734   3.786905    32.5005        828     3.4458  0.000e+00
     34.252    12.4742   3.785113    32.4827        829     3.4500  0.000e+00
     34.229    12.4708   3.787646    32.5099        830     3.4542  0.000e+00
