HB2406/sbe084.cnv
* Sea-Bird SBE 19plus V2 Data File:
* FileName = C:\cruise\data\sbe084.hex
* Software Version Seasave V 7.26.7.121
* Temperature SN = 7037
* Conductivity SN = 7037
* System UpLoad Time = Aug 19 2024 09:35:26
* NMEA Latitude = 42 14.68 N
* NMEA Longitude = 068 15.83 W
* NMEA UTC (Time) = Aug 19 2024  09:34:20
** Ship: Henry Bigelow
** Cruise:  HB2406
** Program:  ECOMON
# nquan = 7
# nvalues = 4718                                  
# units = specified
# name 0 = depSM: Depth [salt water, m]
# name 1 = tv290C: Temperature [ITS-90, deg C]
# name 2 = c0S/m: Conductivity [S/m]
# name 3 = sal00: Salinity, Practical [PSU]
# name 4 = scan: Scan Count
# name 5 = timeM: Time, Elapsed [minutes]
# name 6 = flag:  0.000e+00
# span 0 =     -0.096,    189.998                 
# span 1 =     5.8195,    20.4018                 
# span 2 =   0.001086,   4.378975                 
# span 3 =     0.0132,    34.6140                 
# span 4 =         11,       4728                 
# span 5 =     0.0417,    19.6958                 
# span 6 = 0.0000e+00, 0.0000e+00                 
# interval = seconds: 0.25
# start_time = Aug 19 2024 09:34:20 [NMEA time, header]
# bad_flag = -9.990e-29
*END*
     -0.050    20.2061   0.001107     0.0133         11     0.0417  0.000e+00
     -0.048    20.2061   0.001102     0.0133         12     0.0458  0.000e+00
     -0.050    20.2061   0.001102     0.0133         13     0.0500  0.000e+00
     -0.048    20.2059   0.001102     0.0133         14     0.0542  0.000e+00
     -0.050    20.2060   0.001102     0.0133         15     0.0583  0.000e+00
     -0.059    20.2059   0.001096     0.0133         16     0.0625  0.000e+00
     -0.052    20.2060   0.001096     0.0133         17     0.0667  0.000e+00
     -0.057    20.2057   0.001086     0.0132         18     0.0708  0.000e+00
     -0.048    20.2058   0.001091     0.0132         19     0.0750  0.000e+00
     -0.039    20.2059   0.001107     0.0133         20     0.0792  0.000e+00
     -0.043    20.2058   0.001112     0.0133         21     0.0833  0.000e+00
     -0.050    20.2060   0.001115     0.0133         22     0.0875  0.000e+00
     -0.048    20.2059   0.001112     0.0133         23     0.0917  0.000e+00
     -0.046    20.2059   0.001112     0.0133         24     0.0958  0.000e+00
     -0.048    20.2059   0.001112     0.0133         25     0.1000  0.000e+00
     -0.048    20.2059   0.001112     0.0133         26     0.1042  0.000e+00
     -0.046    20.2058   0.001112     0.0133         27     0.1083  0.000e+00
     -0.044    20.2058   0.001120     0.0134         28     0.1125  0.000e+00
     -0.044    20.2058   0.001118     0.0134         29     0.1167  0.000e+00
     -0.046    20.2058   0.001112     0.0133         30     0.1208  0.000e+00
     -0.044    20.2057   0.001118     0.0134         31     0.1250  0.000e+00
     -0.048    20.2057   0.001118     0.0134         32     0.1292  0.000e+00
     -0.050    20.2057   0.001112     0.0133         33     0.1333  0.000e+00
     -0.052    20.2058   0.001112     0.0133         34     0.1375  0.000e+00
     -0.050    20.2058   0.001115     0.0133         35     0.1417  0.000e+00
     -0.050    20.2056   0.001118     0.0134         36     0.1458  0.000e+00
     -0.048    20.2058   0.001118     0.0134         37     0.1500  0.000e+00
     -0.048    20.2058   0.001118     0.0134         38     0.1542  0.000e+00
     -0.046    20.2058   0.001112     0.0133         39     0.1583  0.000e+00
     -0.042    20.2059   0.001118     0.0134         40     0.1625  0.000e+00
     -0.042    20.2059   0.001123     0.0134         41     0.1667  0.000e+00
     -0.046    20.2058   0.001128     0.0134         42     0.1708  0.000e+00
     -0.048    20.2057   0.001128     0.0134         43     0.1750  0.000e+00
     -0.046    20.2061   0.001128     0.0134         44     0.1792  0.000e+00
     -0.046    20.2059   0.001128     0.0134         45     0.1833  0.000e+00
     -0.051    20.2059   0.001134     0.0134         46     0.1875  0.000e+00
     -0.044    20.2059   0.001134     0.0134         47     0.1917  0.000e+00
     -0.046    20.2061   0.001139     0.0134         48     0.1958  0.000e+00
     -0.049    20.2061   0.001139     0.0134         49     0.2000  0.000e+00
     -0.051    20.2062   0.001139     0.0134         50     0.2042  0.000e+00
     -0.050    20.2061   0.001134     0.0134         51     0.2083  0.000e+00
     -0.046    20.2063   0.001134     0.0134         52     0.2125  0.000e+00
     -0.048    20.2064   0.001134     0.0134         53     0.2167  0.000e+00
     -0.048    20.2062   0.001123     0.0134         54     0.2208  0.000e+00
     -0.051    20.2063   0.001123     0.0134         55     0.2250  0.000e+00
     -0.053    20.2062   0.001128     0.0134         56     0.2292  0.000e+00
     -0.059    20.2061   0.001134     0.0134         57     0.2333  0.000e+00
     -0.051    20.2058   0.001145     0.0135         58     0.2375  0.000e+00
     -0.046    20.2056   0.001139     0.0134         59     0.2417  0.000e+00
     -0.053    20.2058   0.001145     0.0135         60     0.2458  0.000e+00
     -0.049    20.2056   0.001150     0.0135         61     0.2500  0.000e+00
     -0.046    20.2056   0.001155     0.0135         62     0.2542  0.000e+00
     -0.048    20.2059   0.001161     0.0135         63     0.2583  0.000e+00
     -0.050    20.2057   0.001155     0.0135         64     0.2625  0.000e+00
     -0.051    20.2059   0.001155     0.0135         65     0.2667  0.000e+00
     -0.048    20.2056   0.001153     0.0135         66     0.2708  0.000e+00
     -0.044    20.2058   0.001155     0.0135         67     0.2750  0.000e+00
     -0.050    20.2060   0.001150     0.0135         68     0.2792  0.000e+00
     -0.055    20.2060   0.001145     0.0135         69     0.2833  0.000e+00
     -0.055    20.2061   0.001139     0.0134         70     0.2875  0.000e+00
     -0.051    20.2060   0.001150     0.0135         71     0.2917  0.000e+00
     -0.042    20.2058   0.001150     0.0135         72     0.2958  0.000e+00
     -0.042    20.2059   0.001158     0.0135         73     0.3000  0.000e+00
     -0.046    20.2058   0.001155     0.0135         74     0.3042  0.000e+00
     -0.046    20.2058   0.001155     0.0135         75     0.3083  0.000e+00
     -0.042    20.2059   0.001161     0.0135         76     0.3125  0.000e+00
     -0.040    20.2056   0.001171     0.0136         77     0.3167  0.000e+00
     -0.037    20.2061   0.001177     0.0136         78     0.3208  0.000e+00
     -0.044    20.2060   0.001182     0.0136         79     0.3250  0.000e+00
     -0.042    20.2060   0.001177     0.0136         80     0.3292  0.000e+00
     -0.046    20.2062   0.001177     0.0136         81     0.3333  0.000e+00
     -0.049    20.2061   0.001171     0.0136         82     0.3375  0.000e+00
     -0.046    20.2061   0.001177     0.0136         83     0.3417  0.000e+00
     -0.046    20.2062   0.001179     0.0136         84     0.3458  0.000e+00
     -0.051    20.2062   0.001171     0.0136         85     0.3500  0.000e+00
     -0.049    20.2065   0.001166     0.0135         86     0.3542  0.000e+00
     -0.049    20.2064   0.001171     0.0136         87     0.3583  0.000e+00
     -0.049    20.2063   0.001171     0.0136         88     0.3625  0.000e+00
     -0.046    20.2064   0.001171     0.0136         89     0.3667  0.000e+00
     -0.046    20.2063   0.001171     0.0136         90     0.3708  0.000e+00
     -0.049    20.2063   0.001171     0.0136         91     0.3750  0.000e+00
     -0.049    20.2064   0.001171     0.0136         92     0.3792  0.000e+00
     -0.049    20.2065   0.001171     0.0136         93     0.3833  0.000e+00
     -0.051    20.2064   0.001166     0.0135         94     0.3875  0.000e+00
     -0.051    20.2064   0.001166     0.0135         95     0.3917  0.000e+00
     -0.051    20.2064   0.001166     0.0135         96     0.3958  0.000e+00
     -0.051    20.2063   0.001171     0.0136         97     0.4000  0.000e+00
     -0.055    20.2065   0.001158     0.0135         98     0.4042  0.000e+00
     -0.049    20.2063   0.001161     0.0135         99     0.4083  0.000e+00
     -0.051    20.2064   0.001166     0.0135        100     0.4125  0.000e+00
     -0.048    20.2064   0.001166     0.0135        101     0.4167  0.000e+00
     -0.049    20.2064   0.001166     0.0135        102     0.4208  0.000e+00
     -0.049    20.2065   0.001166     0.0135        103     0.4250  0.000e+00
     -0.046    20.2063   0.001177     0.0136        104     0.4292  0.000e+00
     -0.044    20.2064   0.001190     0.0136        105     0.4333  0.000e+00
     -0.044    20.2066   0.001190     0.0136        106     0.4375  0.000e+00
     -0.048    20.2065   0.001185     0.0136        107     0.4417  0.000e+00
     -0.044    20.2066   0.001190     0.0136        108     0.4458  0.000e+00
     -0.042    20.2066   0.001190     0.0136        109     0.4500  0.000e+00
     -0.044    20.2066   0.001195     0.0137        110     0.4542  0.000e+00
     -0.048    20.2065   0.001201     0.0137        111     0.4583  0.000e+00
     -0.044    20.2064   0.001195     0.0137        112     0.4625  0.000e+00
     -0.044    20.2066   0.001195     0.0137        113     0.4667  0.000e+00
     -0.042    20.2066   0.001201     0.0137        114     0.4708  0.000e+00
     -0.053    20.2064   0.001201     0.0137        115     0.4750  0.000e+00
     -0.053    20.2064   0.001190     0.0136        116     0.4792  0.000e+00
     -0.053    20.2065   0.001195     0.0137        117     0.4833  0.000e+00
     -0.048    20.2062   0.001195     0.0137        118     0.4875  0.000e+00
     -0.042    20.2064   0.001206     0.0137        119     0.4917  0.000e+00
     -0.051    20.2063   0.001201     0.0137        120     0.4958  0.000e+00
     -0.053    20.2064   0.001190     0.0136        121     0.5000  0.000e+00
     -0.048    20.2063   0.001195     0.0137        122     0.5042  0.000e+00
     -0.046    20.2065   0.001195     0.0137        123     0.5083  0.000e+00
     -0.048    20.2064   0.001195     0.0137        124     0.5125  0.000e+00
     -0.048    20.2066   0.001195     0.0137        125     0.5167  0.000e+00
     -0.044    20.2067   0.001195     0.0137        126     0.5208  0.000e+00
     -0.044    20.2067   0.001201     0.0137        127     0.5250  0.000e+00
     -0.040    20.2068   0.001201     0.0137        128     0.5292  0.000e+00
     -0.044    20.2068   0.001206     0.0137        129     0.5333  0.000e+00
     -0.046    20.2067   0.001206     0.0137        130     0.5375  0.000e+00
     -0.042    20.2069   0.001206     0.0137        131     0.5417  0.000e+00
     -0.040    20.2068   0.001206     0.0137        132     0.5458  0.000e+00
     -0.039    20.2069   0.001206     0.0137        133     0.5500  0.000e+00
     -0.044    20.2069   0.001201     0.0137        134     0.5542  0.000e+00
     -0.040    20.2072   0.001206     0.0137        135     0.5583  0.000e+00
     -0.048    20.2070   0.001206     0.0137        136     0.5625  0.000e+00
     -0.042    20.2069   0.001206     0.0137        137     0.5667  0.000e+00
     -0.040    20.2071   0.001211     0.0137        138     0.5708  0.000e+00
     -0.044    20.2071   0.001206     0.0137        139     0.5750  0.000e+00
     -0.049    20.2070   0.001201     0.0137        140     0.5792  0.000e+00
     -0.046    20.2069   0.001190     0.0136        141     0.5833  0.000e+00
     -0.046    20.2068   0.001190     0.0136        142     0.5875  0.000e+00
     -0.044    20.2061   0.001150     0.0135        143     0.5917  0.000e+00
     -0.044    20.2010   0.001123     0.0134        144     0.5958  0.000e+00
     -0.039    20.1925   0.001134     0.0134        145     0.6000  0.000e+00
      0.030    20.1854   0.002286     0.0183        146     0.6042  0.000e+00
      0.130    20.1859   0.605379     3.6609        147     0.6083  0.000e+00
      0.254    20.2109   1.267644     8.0953        148     0.6125  0.000e+00
      0.390    20.2578   3.734731    26.3441        149     0.6167  0.000e+00
      0.527    20.3030   3.288415    22.8585        150     0.6208  0.000e+00
      0.676    20.3364   3.393342    23.6471        151     0.6250  0.000e+00
      0.835    20.3561   2.253244    15.0729        152     0.6292  0.000e+00
      1.006    20.3696   0.959436     5.9724        153     0.6333  0.000e+00
      1.167    20.3826   1.034279     6.4735        154     0.6375  0.000e+00
      1.321    20.3911   1.353961     8.6564        155     0.6417  0.000e+00
      1.482    20.3932   3.187901    22.0416        156     0.6458  0.000e+00
      1.630    20.3907   3.970525    28.1092        157     0.6500  0.000e+00
      1.773    20.3883   4.251085    30.3316        158     0.6542  0.000e+00
      1.905    20.3876   4.290921    30.6493        159     0.6583  0.000e+00
      2.017    20.3893   4.278060    30.5455        160     0.6625  0.000e+00
      2.106    20.3925   4.061061    28.8219        161     0.6667  0.000e+00
      2.165    20.3952   3.294377    22.8543        162     0.6708  0.000e+00
      2.225    20.3975   2.864554    19.5903        163     0.6750  0.000e+00
      2.295    20.3992   3.420089    23.8176        164     0.6792  0.000e+00
      2.369    20.3983   4.175111    29.7206        165     0.6833  0.000e+00
      2.458    20.3906   4.321576    30.8914        166     0.6875  0.000e+00
      2.568    20.3808   4.318727    30.8758        167     0.6917  0.000e+00
      2.695    20.3711   4.324201    30.9265        168     0.6958  0.000e+00
      2.841    20.3634   4.326180    30.9479        169     0.7000  0.000e+00
      3.002    20.3585   4.326406    30.9532        170     0.7042  0.000e+00
      3.172    20.3547   4.327033    30.9609        171     0.7083  0.000e+00
      3.349    20.3526   4.328230    30.9719        172     0.7125  0.000e+00
      3.521    20.3510   4.328756    30.9773        173     0.7167  0.000e+00
      3.680    20.3501   4.328581    30.9765        174     0.7208  0.000e+00
      3.836    20.3492   4.328380    30.9755        175     0.7250  0.000e+00
      3.971    20.3507   4.329283    30.9816        176     0.7292  0.000e+00
      4.092    20.3545   4.333922    31.0158        177     0.7333  0.000e+00
      4.206    20.3601   4.337660    31.0415        178     0.7375  0.000e+00
      4.313    20.3653   4.338839    31.0471        179     0.7417  0.000e+00
      4.414    20.3686   4.335000    31.0140        180     0.7458  0.000e+00
      4.524    20.3712   4.327409    30.9514        181     0.7500  0.000e+00
      4.629    20.3745   4.331464    30.9813        182     0.7542  0.000e+00
      4.747    20.3774   4.331063    30.9760        183     0.7583  0.000e+00
      4.880    20.3754   4.330486    30.9728        184     0.7625  0.000e+00
      5.027    20.3716   4.332317    30.9902        185     0.7667  0.000e+00
      5.182    20.3686   4.336506    31.0258        186     0.7708  0.000e+00
      5.351    20.3673   4.344123    31.0875        187     0.7750  0.000e+00
      5.526    20.3679   4.351400    31.1452        188     0.7792  0.000e+00
      5.709    20.3720   4.356595    31.1836        189     0.7833  0.000e+00
      5.900    20.3781   4.359826    31.2049        190     0.7875  0.000e+00
      6.092    20.3836   4.361114    31.2110        191     0.7917  0.000e+00
      6.273    20.3882   4.361900    31.2139        192     0.7958  0.000e+00
      6.446    20.3921   4.362504    31.2158        193     0.8000  0.000e+00
      6.613    20.3950   4.364044    31.2259        194     0.8042  0.000e+00
      6.761    20.3971   4.366629    31.2450        195     0.8083  0.000e+00
      6.887    20.3988   4.369693    31.2682        196     0.8125  0.000e+00
      6.994    20.4004   4.370832    31.2761        197     0.8167  0.000e+00
      7.093    20.4011   4.369183    31.2623        198     0.8208  0.000e+00
      7.187    20.4015   4.359977    31.1885        199     0.8250  0.000e+00
      7.285    20.4018   4.350464    31.1123        200     0.8292  0.000e+00
      7.377    20.4015   4.342611    31.0497        201     0.8333  0.000e+00
      7.473    20.3957   4.342159    31.0503        202     0.8375  0.000e+00
      7.578    20.3856   4.343766    31.0705        203     0.8417  0.000e+00
      7.701    20.3768   4.344952    31.0864        204     0.8458  0.000e+00
      7.831    20.3706   4.347017    31.1074        205     0.8500  0.000e+00
      7.974    20.3666   4.353392    31.1612        206     0.8542  0.000e+00
      8.126    20.3646   4.356697    31.1891        207     0.8583  0.000e+00
      8.288    20.3636   4.356521    31.1884        208     0.8625  0.000e+00
      8.460    20.3627   4.356797    31.1912        209     0.8667  0.000e+00
      8.637    20.3622   4.358212    31.2028        210     0.8708  0.000e+00
      8.816    20.3618   4.359167    31.2107        211     0.8750  0.000e+00
      9.001    20.3614   4.359626    31.2146        212     0.8792  0.000e+00
      9.178    20.3604   4.360173    31.2196        213     0.8833  0.000e+00
      9.362    20.3596   4.361694    31.2323        214     0.8875  0.000e+00
      9.531    20.3588   4.365008    31.2594        215     0.8917  0.000e+00
