HB2406/sbe074.cnv
* Sea-Bird SBE 19plus V2 Data File:
* FileName = C:\cruise\data\sbe074.hex
* Software Version Seasave V 7.26.7.121
* Temperature SN = 7037
* Conductivity SN = 7037
* System UpLoad Time = Aug 18 2024 14:09:12
* NMEA Latitude = 41 28.27 N
* NMEA Longitude = 067 55.86 W
* NMEA UTC (Time) = Aug 18 2024  14:08:05
** Ship: Henry Bigelow
** Cruise:  HB2406
** Program:  ECOMON
# nquan = 7
# nvalues = 1485                                  
# units = specified
# name 0 = depSM: Depth [salt water, m]
# name 1 = tv290C: Temperature [ITS-90, deg C]
# name 2 = c0S/m: Conductivity [S/m]
# name 3 = sal00: Salinity, Practical [PSU]
# name 4 = scan: Scan Count
# name 5 = timeM: Time, Elapsed [minutes]
# name 6 = flag:  0.000e+00
# span 0 =     -0.016,     24.354                 
# span 1 =    19.1197,    19.7692                 
# span 2 =  -0.000028,   4.326693                 
# span 3 =     0.0000,    31.7268                 
# span 4 =         11,       1495                 
# span 5 =     0.0417,     6.2250                 
# span 6 = 0.0000e+00, 0.0000e+00                 
# interval = seconds: 0.25
# start_time = Aug 18 2024 14:08:05 [NMEA time, header]
# bad_flag = -9.990e-29
*END*
      0.016    19.7322  -0.000012     0.0000         11     0.0417  0.000e+00
      0.016    19.7322  -0.000012     0.0000         12     0.0458  0.000e+00
      0.015    19.7324  -0.000012     0.0000         13     0.0500  0.000e+00
      0.015    19.7322  -0.000017     0.0000         14     0.0542  0.000e+00
      0.018    19.7322  -0.000017     0.0000         15     0.0583  0.000e+00
      0.015    19.7323  -0.000020     0.0000         16     0.0625  0.000e+00
      0.018    19.7325  -0.000017     0.0000         17     0.0667  0.000e+00
      0.018    19.7324  -0.000012     0.0000         18     0.0708  0.000e+00
      0.020    19.7324  -0.000017     0.0000         19     0.0750  0.000e+00
      0.022    19.7327  -0.000012     0.0000         20     0.0792  0.000e+00
      0.022    19.7325  -0.000012     0.0000         21     0.0833  0.000e+00
      0.024    19.7324  -0.000015     0.0000         22     0.0875  0.000e+00
      0.025    19.7322  -0.000012     0.0000         23     0.0917  0.000e+00
      0.020    19.7321  -0.000012     0.0000         24     0.0958  0.000e+00
      0.022    19.7323  -0.000012     0.0000         25     0.1000  0.000e+00
      0.022    19.7330  -0.000017     0.0000         26     0.1042  0.000e+00
      0.020    19.7331  -0.000012     0.0000         27     0.1083  0.000e+00
      0.022    19.7331  -0.000012     0.0000         28     0.1125  0.000e+00
      0.018    19.7331  -0.000015     0.0000         29     0.1167  0.000e+00
      0.020    19.7328  -0.000007     0.0000         30     0.1208  0.000e+00
      0.020    19.7327  -0.000012     0.0000         31     0.1250  0.000e+00
      0.022    19.7326  -0.000017     0.0000         32     0.1292  0.000e+00
      0.015    19.7329  -0.000012     0.0000         33     0.1333  0.000e+00
      0.020    19.7331  -0.000012     0.0000         34     0.1375  0.000e+00
      0.020    19.7331  -0.000015     0.0000         35     0.1417  0.000e+00
      0.022    19.7331  -0.000012     0.0000         36     0.1458  0.000e+00
      0.017    19.7331  -0.000017     0.0000         37     0.1500  0.000e+00
      0.020    19.7331  -0.000017     0.0000         38     0.1542  0.000e+00
      0.017    19.7331  -0.000012     0.0000         39     0.1583  0.000e+00
      0.020    19.7331  -0.000017     0.0000         40     0.1625  0.000e+00
      0.020    19.7333  -0.000017     0.0000         41     0.1667  0.000e+00
      0.018    19.7334  -0.000015     0.0000         42     0.1708  0.000e+00
      0.017    19.7333  -0.000017     0.0000         43     0.1750  0.000e+00
      0.020    19.7333  -0.000012     0.0000         44     0.1792  0.000e+00
      0.020    19.7335  -0.000012     0.0000         45     0.1833  0.000e+00
      0.020    19.7335  -0.000012     0.0000         46     0.1875  0.000e+00
      0.011    19.7334  -0.000017     0.0000         47     0.1917  0.000e+00
      0.018    19.7336  -0.000017     0.0000         48     0.1958  0.000e+00
      0.017    19.7336  -0.000015     0.0000         49     0.2000  0.000e+00
      0.011    19.7335  -0.000017     0.0000         50     0.2042  0.000e+00
      0.017    19.7338  -0.000012     0.0000         51     0.2083  0.000e+00
      0.015    19.7339  -0.000017     0.0000         52     0.2125  0.000e+00
      0.015    19.7339  -0.000017     0.0000         53     0.2167  0.000e+00
      0.017    19.7337  -0.000012     0.0000         54     0.2208  0.000e+00
      0.017    19.7340  -0.000015     0.0000         55     0.2250  0.000e+00
      0.015    19.7340  -0.000017     0.0000         56     0.2292  0.000e+00
      0.011    19.7339  -0.000012     0.0000         57     0.2333  0.000e+00
      0.015    19.7340  -0.000017     0.0000         58     0.2375  0.000e+00
      0.002    19.7340  -0.000017     0.0000         59     0.2417  0.000e+00
      0.011    19.7342  -0.000012     0.0000         60     0.2458  0.000e+00
      0.022    19.7342  -0.000012     0.0000         61     0.2500  0.000e+00
      0.020    19.7344  -0.000015     0.0000         62     0.2542  0.000e+00
      0.017    19.7344  -0.000012     0.0000         63     0.2583  0.000e+00
      0.018    19.7347  -0.000012     0.0000         64     0.2625  0.000e+00
      0.020    19.7352  -0.000012     0.0000         65     0.2667  0.000e+00
      0.017    19.7356  -0.000017     0.0000         66     0.2708  0.000e+00
      0.015    19.7361  -0.000017     0.0000         67     0.2750  0.000e+00
      0.022    19.7363  -0.000020     0.0000         68     0.2792  0.000e+00
      0.022    19.7363  -0.000017     0.0000         69     0.2833  0.000e+00
      0.016    19.7362  -0.000012     0.0000         70     0.2875  0.000e+00
      0.016    19.7361  -0.000012     0.0000         71     0.2917  0.000e+00
      0.016    19.7357  -0.000017     0.0000         72     0.2958  0.000e+00
      0.016    19.7355  -0.000017     0.0000         73     0.3000  0.000e+00
      0.015    19.7352  -0.000017     0.0000         74     0.3042  0.000e+00
      0.016    19.7349  -0.000009     0.0000         75     0.3083  0.000e+00
      0.016    19.7349  -0.000012     0.0000         76     0.3125  0.000e+00
      0.016    19.7349  -0.000012     0.0000         77     0.3167  0.000e+00
      0.018    19.7349  -0.000012     0.0000         78     0.3208  0.000e+00
      0.015    19.7348  -0.000012     0.0000         79     0.3250  0.000e+00
      0.015    19.7349  -0.000017     0.0000         80     0.3292  0.000e+00
      0.011    19.7349  -0.000009     0.0000         81     0.3333  0.000e+00
      0.016    19.7352  -0.000017     0.0000         82     0.3375  0.000e+00
      0.018    19.7351  -0.000012     0.0000         83     0.3417  0.000e+00
      0.018    19.7353  -0.000012     0.0000         84     0.3458  0.000e+00
      0.015    19.7354  -0.000017     0.0000         85     0.3500  0.000e+00
      0.011    19.7356  -0.000012     0.0000         86     0.3542  0.000e+00
      0.018    19.7358  -0.000017     0.0000         87     0.3583  0.000e+00
      0.013    19.7358  -0.000015     0.0000         88     0.3625  0.000e+00
      0.018    19.7360  -0.000012     0.0000         89     0.3667  0.000e+00
      0.018    19.7361  -0.000012     0.0000         90     0.3708  0.000e+00
      0.024    19.7361  -0.000017     0.0000         91     0.3750  0.000e+00
      0.024    19.7363  -0.000012     0.0000         92     0.3792  0.000e+00
      0.020    19.7365  -0.000017     0.0000         93     0.3833  0.000e+00
      0.018    19.7364  -0.000012     0.0000         94     0.3875  0.000e+00
      0.018    19.7367  -0.000009     0.0000         95     0.3917  0.000e+00
      0.018    19.7368  -0.000012     0.0000         96     0.3958  0.000e+00
      0.018    19.7369  -0.000017     0.0000         97     0.4000  0.000e+00
      0.018    19.7371  -0.000017     0.0000         98     0.4042  0.000e+00
      0.016    19.7370  -0.000012     0.0000         99     0.4083  0.000e+00
      0.009    19.7372  -0.000012     0.0000        100     0.4125  0.000e+00
      0.011    19.7374  -0.000009     0.0000        101     0.4167  0.000e+00
      0.018    19.7374  -0.000012     0.0000        102     0.4208  0.000e+00
      0.018    19.7375  -0.000012     0.0000        103     0.4250  0.000e+00
      0.018    19.7378  -0.000017     0.0000        104     0.4292  0.000e+00
      0.013    19.7378  -0.000012     0.0000        105     0.4333  0.000e+00
      0.018    19.7380  -0.000017     0.0000        106     0.4375  0.000e+00
      0.022    19.7381  -0.000012     0.0000        107     0.4417  0.000e+00
      0.018    19.7383  -0.000009     0.0000        108     0.4458  0.000e+00
      0.015    19.7385  -0.000017     0.0000        109     0.4500  0.000e+00
      0.015    19.7390  -0.000012     0.0000        110     0.4542  0.000e+00
      0.031    19.7393  -0.000017     0.0000        111     0.4583  0.000e+00
      0.020    19.7399  -0.000012     0.0000        112     0.4625  0.000e+00
      0.015    19.7401  -0.000012     0.0000        113     0.4667  0.000e+00
      0.013    19.7404  -0.000015     0.0000        114     0.4708  0.000e+00
      0.017    19.7404  -0.000012     0.0000        115     0.4750  0.000e+00
      0.017    19.7404  -0.000012     0.0000        116     0.4792  0.000e+00
      0.006    19.7402  -0.000017     0.0000        117     0.4833  0.000e+00
      0.004    19.7401  -0.000012     0.0000        118     0.4875  0.000e+00
      0.018    19.7398  -0.000012     0.0000        119     0.4917  0.000e+00
      0.015    19.7397  -0.000017     0.0000        120     0.4958  0.000e+00
      0.016    19.7398  -0.000009     0.0000        121     0.5000  0.000e+00
      0.011    19.7399  -0.000017     0.0000        122     0.5042  0.000e+00
      0.015    19.7398  -0.000012     0.0000        123     0.5083  0.000e+00
      0.016    19.7401  -0.000017     0.0000        124     0.5125  0.000e+00
      0.020    19.7402  -0.000023     0.0000        125     0.5167  0.000e+00
      0.015    19.7401  -0.000012     0.0000        126     0.5208  0.000e+00
      0.024    19.7404  -0.000012     0.0000        127     0.5250  0.000e+00
      0.022    19.7405  -0.000015     0.0000        128     0.5292  0.000e+00
      0.027    19.7404  -0.000017     0.0000        129     0.5333  0.000e+00
      0.016    19.7408  -0.000017     0.0000        130     0.5375  0.000e+00
      0.020    19.7406  -0.000017     0.0000        131     0.5417  0.000e+00
      0.027    19.7408  -0.000012     0.0000        132     0.5458  0.000e+00
      0.022    19.7407  -0.000017     0.0000        133     0.5500  0.000e+00
      0.013    19.7407  -0.000009     0.0000        134     0.5542  0.000e+00
      0.024    19.7406  -0.000012     0.0000        135     0.5583  0.000e+00
      0.024    19.7405  -0.000017     0.0000        136     0.5625  0.000e+00
      0.018    19.7407  -0.000012     0.0000        137     0.5667  0.000e+00
      0.022    19.7407  -0.000012     0.0000        138     0.5708  0.000e+00
      0.027    19.7409  -0.000012     0.0000        139     0.5750  0.000e+00
      0.024    19.7406  -0.000012     0.0000        140     0.5792  0.000e+00
      0.020    19.7407  -0.000015     0.0000        141     0.5833  0.000e+00
      0.020    19.7407  -0.000017     0.0000        142     0.5875  0.000e+00
      0.027    19.7408  -0.000012     0.0000        143     0.5917  0.000e+00
      0.025    19.7411  -0.000012     0.0000        144     0.5958  0.000e+00
      0.020    19.7411  -0.000017     0.0000        145     0.6000  0.000e+00
      0.022    19.7411  -0.000012     0.0000        146     0.6042  0.000e+00
      0.022    19.7409  -0.000015     0.0000        147     0.6083  0.000e+00
      0.022    19.7409  -0.000012     0.0000        148     0.6125  0.000e+00
      0.016    19.7411  -0.000017     0.0000        149     0.6167  0.000e+00
      0.013    19.7417  -0.000017     0.0000        150     0.6208  0.000e+00
      0.018    19.7422  -0.000017     0.0000        151     0.6250  0.000e+00
      0.025    19.7424  -0.000012     0.0000        152     0.6292  0.000e+00
      0.024    19.7428  -0.000017     0.0000        153     0.6333  0.000e+00
      0.018    19.7431  -0.000015     0.0000        154     0.6375  0.000e+00
      0.020    19.7433  -0.000012     0.0000        155     0.6417  0.000e+00
      0.024    19.7440  -0.000017     0.0000        156     0.6458  0.000e+00
      0.024    19.7445  -0.000012     0.0000        157     0.6500  0.000e+00
      0.017    19.7450  -0.000017     0.0000        158     0.6542  0.000e+00
      0.015    19.7452  -0.000012     0.0000        159     0.6583  0.000e+00
      0.029    19.7460  -0.000017     0.0000        160     0.6625  0.000e+00
      0.022    19.7464  -0.000020     0.0000        161     0.6667  0.000e+00
      0.022    19.7470  -0.000017     0.0000        162     0.6708  0.000e+00
      0.013    19.7478  -0.000023     0.0000        163     0.6750  0.000e+00
      0.020    19.7480  -0.000017     0.0000        164     0.6792  0.000e+00
      0.017    19.7481  -0.000017     0.0000        165     0.6833  0.000e+00
      0.017    19.7483  -0.000012     0.0000        166     0.6875  0.000e+00
      0.015    19.7485  -0.000015     0.0000        167     0.6917  0.000e+00
      0.018    19.7487  -0.000012     0.0000        168     0.6958  0.000e+00
      0.017    19.7489  -0.000017     0.0000        169     0.7000  0.000e+00
      0.022    19.7490  -0.000017     0.0000        170     0.7042  0.000e+00
      0.018    19.7490  -0.000017     0.0000        171     0.7083  0.000e+00
      0.015    19.7490  -0.000012     0.0000        172     0.7125  0.000e+00
      0.018    19.7490  -0.000017     0.0000        173     0.7167  0.000e+00
      0.015    19.7490  -0.000015     0.0000        174     0.7208  0.000e+00
      0.020    19.7491  -0.000017     0.0000        175     0.7250  0.000e+00
      0.020    19.7492  -0.000017     0.0000        176     0.7292  0.000e+00
      0.020    19.7492  -0.000017     0.0000        177     0.7333  0.000e+00
      0.020    19.7491  -0.000023     0.0000        178     0.7375  0.000e+00
      0.022    19.7492  -0.000017     0.0000        179     0.7417  0.000e+00
      0.018    19.7490  -0.000015     0.0000        180     0.7458  0.000e+00
      0.015    19.7492  -0.000012     0.0000        181     0.7500  0.000e+00
      0.015    19.7493  -0.000017     0.0000        182     0.7542  0.000e+00
      0.022    19.7492  -0.000017     0.0000        183     0.7583  0.000e+00
      0.022    19.7492  -0.000017     0.0000        184     0.7625  0.000e+00
      0.022    19.7490  -0.000012     0.0000        185     0.7667  0.000e+00
      0.024    19.7493  -0.000012     0.0000        186     0.7708  0.000e+00
      0.020    19.7492  -0.000015     0.0000        187     0.7750  0.000e+00
      0.020    19.7495  -0.000012     0.0000        188     0.7792  0.000e+00
      0.022    19.7495  -0.000017     0.0000        189     0.7833  0.000e+00
      0.022    19.7497  -0.000017     0.0000        190     0.7875  0.000e+00
      0.020    19.7496  -0.000012     0.0000        191     0.7917  0.000e+00
      0.024    19.7495  -0.000017     0.0000        192     0.7958  0.000e+00
      0.020    19.7499  -0.000020     0.0000        193     0.8000  0.000e+00
      0.022    19.7496  -0.000017     0.0000        194     0.8042  0.000e+00
      0.020    19.7496  -0.000017     0.0000        195     0.8083  0.000e+00
      0.020    19.7496  -0.000017     0.0000        196     0.8125  0.000e+00
      0.022    19.7493  -0.000012     0.0000        197     0.8167  0.000e+00
      0.020    19.7493  -0.000017     0.0000        198     0.8208  0.000e+00
      0.024    19.7490  -0.000017     0.0000        199     0.8250  0.000e+00
      0.022    19.7490  -0.000009     0.0000        200     0.8292  0.000e+00
      0.022    19.7493  -0.000012     0.0000        201     0.8333  0.000e+00
      0.020    19.7492  -0.000023     0.0000        202     0.8375  0.000e+00
      0.013    19.7491  -0.000017     0.0000        203     0.8417  0.000e+00
      0.017    19.7494  -0.000017     0.0000        204     0.8458  0.000e+00
      0.020    19.7492  -0.000023     0.0000        205     0.8500  0.000e+00
      0.018    19.7493  -0.000012     0.0000        206     0.8542  0.000e+00
      0.017    19.7492  -0.000020     0.0000        207     0.8583  0.000e+00
      0.018    19.7497  -0.000017     0.0000        208     0.8625  0.000e+00
      0.015    19.7497  -0.000017     0.0000        209     0.8667  0.000e+00
      0.015    19.7499  -0.000017     0.0000        210     0.8708  0.000e+00
      0.018    19.7503  -0.000012     0.0000        211     0.8750  0.000e+00
      0.013    19.7507  -0.000017     0.0000        212     0.8792  0.000e+00
      0.017    19.7511  -0.000015     0.0000        213     0.8833  0.000e+00
      0.015    19.7518  -0.000012     0.0000        214     0.8875  0.000e+00
      0.017    19.7525  -0.000017     0.0000        215     0.8917  0.000e+00
