HB2406/sbe074.cnv
* Sea-Bird SBE 19plus V2 Data File:
* FileName = C:\cruise\data\sbe074.hex
* Software Version Seasave V 7.26.7.121
* Temperature SN = 7037
* Conductivity SN = 7037
* System UpLoad Time = Aug 18 2024 14:09:12
* NMEA Latitude = 41 28.27 N
* NMEA Longitude = 067 55.86 W
* NMEA UTC (Time) = Aug 18 2024  14:08:05
** Ship: Henry Bigelow
** Cruise:  HB2406
** Program:  ECOMON
# nquan = 7
# nvalues = 1485                                  
# units = specified
# name 0 = depSM: Depth [salt water, m]
# name 1 = tv290C: Temperature [ITS-90, deg C]
# name 2 = c0S/m: Conductivity [S/m]
# name 3 = sal00: Salinity, Practical [PSU]
# name 4 = scan: Scan Count
# name 5 = timeM: Time, Elapsed [minutes]
# name 6 = flag:  0.000e+00
# span 0 =     -0.016,     24.354                 
# span 1 =    19.1197,    19.7692                 
# span 2 =  -0.000028,   4.326693                 
# span 3 =     0.0000,    31.7268                 
# span 4 =         11,       1495                 
# span 5 =     0.0417,     6.2250                 
# span 6 = 0.0000e+00, 0.0000e+00                 
# interval = seconds: 0.25
# start_time = Aug 18 2024 14:08:05 [NMEA time, header]
# bad_flag = -9.990e-29
*END*
[from data line 616]
     24.135    19.1210   4.292265    31.5916        627     2.6083  0.000e+00
     24.082    19.1213   4.292184    31.5907        628     2.6125  0.000e+00
     24.023    19.1209   4.292209    31.5913        629     2.6167  0.000e+00
     23.976    19.1208   4.292209    31.5913        630     2.6208  0.000e+00
     23.934    19.1206   4.292034    31.5901        631     2.6250  0.000e+00
     23.903    19.1205   4.292184    31.5914        632     2.6292  0.000e+00
     23.880    19.1203   4.292184    31.5915        633     2.6333  0.000e+00
     23.865    19.1204   4.292159    31.5912        634     2.6375  0.000e+00
     23.869    19.1202   4.292184    31.5916        635     2.6417  0.000e+00
     23.882    19.1202   4.292184    31.5916        636     2.6458  0.000e+00
     23.907    19.1201   4.292184    31.5916        637     2.6500  0.000e+00
     23.938    19.1203   4.292184    31.5915        638     2.6542  0.000e+00
     23.972    19.1202   4.292234    31.5920        639     2.6583  0.000e+00
     24.010    19.1205   4.292159    31.5911        640     2.6625  0.000e+00
     24.062    19.1204   4.292159    31.5912        641     2.6667  0.000e+00
     24.111    19.1202   4.292184    31.5915        642     2.6708  0.000e+00
     24.160    19.1202   4.292134    31.5911        643     2.6750  0.000e+00
     24.207    19.1201   4.292209    31.5917        644     2.6792  0.000e+00
     24.254    19.1203   4.292184    31.5914        645     2.6833  0.000e+00
     24.290    19.1204   4.292209    31.5915        646     2.6875  0.000e+00
     24.316    19.1205   4.292234    31.5916        647     2.6917  0.000e+00
     24.341    19.1205   4.292209    31.5914        648     2.6958  0.000e+00
     24.354    19.1207   4.292184    31.5911        649     2.7000  0.000e+00
     24.354    19.1207   4.292284    31.5919        650     2.7042  0.000e+00
     24.337    19.1209   4.292259    31.5916        651     2.7083  0.000e+00
     24.314    19.1209   4.292184    31.5910        652     2.7125  0.000e+00
     24.270    19.1208   4.292234    31.5915        653     2.7167  0.000e+00
     24.209    19.1207   4.292309    31.5922        654     2.7208  0.000e+00
     24.140    19.1211   4.292309    31.5918        655     2.7250  0.000e+00
     24.050    19.1214   4.292334    31.5919        656     2.7292  0.000e+00
     23.965    19.1217   4.292259    31.5911        657     2.7333  0.000e+00
     23.869    19.1214   4.292259    31.5913        658     2.7375  0.000e+00
     23.779    19.1214   4.292409    31.5926        659     2.7417  0.000e+00
     23.692    19.1217   4.292340    31.5918        660     2.7458  0.000e+00
     23.603    19.1220   4.292384    31.5920        661     2.7500  0.000e+00
     23.531    19.1225   4.292334    31.5912        662     2.7542  0.000e+00
     23.468    19.1225   4.292334    31.5913        663     2.7583  0.000e+00
     23.419    19.1224   4.292334    31.5913        664     2.7625  0.000e+00
     23.388    19.1224   4.292184    31.5901        665     2.7667  0.000e+00
     23.377    19.1218   4.292109    31.5899        666     2.7708  0.000e+00
     23.370    19.1211   4.292634    31.5948        667     2.7750  0.000e+00
     23.384    19.1224   4.293077    31.5975        668     2.7792  0.000e+00
     23.399    19.1252   4.293089    31.5954        669     2.7833  0.000e+00
     23.420    19.1276   4.293102    31.5937        670     2.7875  0.000e+00
     23.440    19.1289   4.293102    31.5926        671     2.7917  0.000e+00
     23.460    19.1301   4.293102    31.5918        672     2.7958  0.000e+00
     23.475    19.1307   4.293152    31.5917        673     2.8000  0.000e+00
     23.489    19.1314   4.293177    31.5914        674     2.8042  0.000e+00
     23.493    19.1317   4.293227    31.5916        675     2.8083  0.000e+00
     23.486    19.1322   4.293102    31.5902        676     2.8125  0.000e+00
     23.471    19.1320   4.293064    31.5900        677     2.8167  0.000e+00
     23.435    19.1317   4.293027    31.5899        678     2.8208  0.000e+00
     23.404    19.1312   4.293102    31.5910        679     2.8250  0.000e+00
     23.350    19.1311   4.293002    31.5902        680     2.8292  0.000e+00
     23.296    19.1310   4.293002    31.5903        681     2.8333  0.000e+00
     23.227    19.1309   4.293027    31.5906        682     2.8375  0.000e+00
     23.151    19.1308   4.292952    31.5901        683     2.8417  0.000e+00
     23.077    19.1303   4.292483    31.5867        684     2.8458  0.000e+00
     22.996    19.1284   4.292015    31.5843        685     2.8500  0.000e+00
     22.922    19.1250   4.292240    31.5887        686     2.8542  0.000e+00
     22.833    19.1235   4.292583    31.5927        687     2.8583  0.000e+00
     22.755    19.1241   4.292508    31.5917        688     2.8625  0.000e+00
     22.683    19.1246   4.292608    31.5922        689     2.8667  0.000e+00
     22.610    19.1250   4.292633    31.5920        690     2.8708  0.000e+00
     22.543    19.1256   4.292658    31.5919        691     2.8750  0.000e+00
     22.477    19.1258   4.292583    31.5911        692     2.8792  0.000e+00
     22.426    19.1259   4.292483    31.5902        693     2.8833  0.000e+00
     22.381    19.1253   4.292521    31.5910        694     2.8875  0.000e+00
     22.350    19.1254   4.292533    31.5910        695     2.8917  0.000e+00
     22.328    19.1254   4.292533    31.5911        696     2.8958  0.000e+00
     22.314    19.1253   4.292558    31.5913        697     2.9000  0.000e+00
     22.308    19.1252   4.292533    31.5912        698     2.9042  0.000e+00
     22.314    19.1253   4.292558    31.5913        699     2.9083  0.000e+00
     22.326    19.1254   4.292633    31.5919        700     2.9125  0.000e+00
     22.350    19.1257   4.292658    31.5919        701     2.9167  0.000e+00
     22.377    19.1261   4.292858    31.5932        702     2.9208  0.000e+00
     22.395    19.1272   4.292902    31.5927        703     2.9250  0.000e+00
     22.408    19.1283   4.292877    31.5916        704     2.9292  0.000e+00
     22.426    19.1286   4.292827    31.5910        705     2.9333  0.000e+00
     22.431    19.1287   4.292877    31.5913        706     2.9375  0.000e+00
     22.437    19.1289   4.292808    31.5906        707     2.9417  0.000e+00
     22.428    19.1288   4.292808    31.5907        708     2.9458  0.000e+00
     22.415    19.1286   4.292733    31.5902        709     2.9500  0.000e+00
     22.384    19.1283   4.292733    31.5904        710     2.9542  0.000e+00
     22.352    19.1280   4.292858    31.5918        711     2.9583  0.000e+00
     22.312    19.1283   4.292783    31.5909        712     2.9625  0.000e+00
     22.260    19.1283   4.292827    31.5913        713     2.9667  0.000e+00
     22.204    19.1285   4.292852    31.5913        714     2.9708  0.000e+00
     22.146    19.1289   4.292901    31.5915        715     2.9750  0.000e+00
     22.091    19.1291   4.292901    31.5913        716     2.9792  0.000e+00
     22.019    19.1292   4.292851    31.5909        717     2.9833  0.000e+00
     21.947    19.1291   4.292901    31.5914        718     2.9875  0.000e+00
     21.887    19.1293   4.292908    31.5913        719     2.9917  0.000e+00
     21.820    19.1296   4.292901    31.5911        720     2.9958  0.000e+00
     21.764    19.1297   4.292876    31.5907        721     3.0000  0.000e+00
     21.714    19.1297   4.292808    31.5902        722     3.0042  0.000e+00
     21.658    19.1295   4.292826    31.5906        723     3.0083  0.000e+00
     21.616    19.1293   4.292851    31.5909        724     3.0125  0.000e+00
     21.576    19.1295   4.292826    31.5906        725     3.0167  0.000e+00
     21.536    19.1291   4.292758    31.5903        726     3.0208  0.000e+00
     21.498    19.1290   4.292783    31.5906        727     3.0250  0.000e+00
     21.466    19.1288   4.292733    31.5904        728     3.0292  0.000e+00
     21.439    19.1284   4.292608    31.5897        729     3.0333  0.000e+00
     21.404    19.1280   4.292483    31.5890        730     3.0375  0.000e+00
     21.377    19.1272   4.292533    31.5900        731     3.0417  0.000e+00
     21.352    19.1268   4.292658    31.5913        732     3.0458  0.000e+00
     21.327    19.1269   4.292633    31.5911        733     3.0500  0.000e+00
     21.300    19.1272   4.292458    31.5894        734     3.0542  0.000e+00
     21.278    19.1265   4.292433    31.5897        735     3.0583  0.000e+00
     21.251    19.1257   4.292314    31.5893        736     3.0625  0.000e+00
     21.218    19.1250   4.292433    31.5909        737     3.0667  0.000e+00
     21.171    19.1248   4.292508    31.5917        738     3.0708  0.000e+00
     21.120    19.1249   4.292458    31.5912        739     3.0750  0.000e+00
     21.073    19.1250   4.292358    31.5903        740     3.0792  0.000e+00
     21.028    19.1247   4.292383    31.5908        741     3.0833  0.000e+00
     20.978    19.1242   4.292408    31.5914        742     3.0875  0.000e+00
     20.931    19.1243   4.292383    31.5911        743     3.0917  0.000e+00
     20.880    19.1245   4.292364    31.5908        744     3.0958  0.000e+00
     20.829    19.1242   4.292408    31.5914        745     3.1000  0.000e+00
     20.788    19.1244   4.292408    31.5913        746     3.1042  0.000e+00
     20.753    19.1246   4.292408    31.5912        747     3.1083  0.000e+00
     20.715    19.1245   4.292283    31.5902        748     3.1125  0.000e+00
     20.681    19.1242   4.292108    31.5890        749     3.1167  0.000e+00
     20.656    19.1233   4.292183    31.5903        750     3.1208  0.000e+00
     20.636    19.1230   4.292133    31.5902        751     3.1250  0.000e+00
     20.618    19.1224   4.292133    31.5906        752     3.1292  0.000e+00
     20.596    19.1220   4.292108    31.5907        753     3.1333  0.000e+00
     20.576    19.1218   4.292033    31.5902        754     3.1375  0.000e+00
     20.553    19.1217   4.292133    31.5912        755     3.1417  0.000e+00
     20.536    19.1215   4.292133    31.5913        756     3.1458  0.000e+00
     20.518    19.1216   4.292158    31.5915        757     3.1500  0.000e+00
     20.486    19.1217   4.292133    31.5912        758     3.1542  0.000e+00
     20.461    19.1216   4.292208    31.5919        759     3.1583  0.000e+00
     20.432    19.1217   4.292108    31.5910        760     3.1625  0.000e+00
     20.395    19.1219   4.292108    31.5908        761     3.1667  0.000e+00
     20.357    19.1220   4.292158    31.5912        762     3.1708  0.000e+00
     20.312    19.1218   4.292133    31.5911        763     3.1750  0.000e+00
     20.263    19.1220   4.292183    31.5914        764     3.1792  0.000e+00
     20.215    19.1221   4.292183    31.5914        765     3.1833  0.000e+00
     20.157    19.1222   4.292158    31.5911        766     3.1875  0.000e+00
     20.101    19.1222   4.292133    31.5909        767     3.1917  0.000e+00
     20.032    19.1222   4.292133    31.5910        768     3.1958  0.000e+00
     19.956    19.1221   4.292157    31.5913        769     3.2000  0.000e+00
     19.873    19.1220   4.292157    31.5914        770     3.2042  0.000e+00
     19.783    19.1223   4.292207    31.5916        771     3.2083  0.000e+00
     19.692    19.1224   4.292182    31.5914        772     3.2125  0.000e+00
     19.587    19.1224   4.292257    31.5920        773     3.2167  0.000e+00
     19.481    19.1228   4.292332    31.5923        774     3.2208  0.000e+00
     19.363    19.1237   4.292407    31.5923        775     3.2250  0.000e+00
     19.260    19.1240   4.292382    31.5919        776     3.2292  0.000e+00
     19.168    19.1244   4.292338    31.5913        777     3.2333  0.000e+00
     19.077    19.1247   4.292357    31.5912        778     3.2375  0.000e+00
     19.000    19.1249   4.292382    31.5913        779     3.2417  0.000e+00
     18.931    19.1251   4.292507    31.5922        780     3.2458  0.000e+00
     18.875    19.1255   4.292457    31.5915        781     3.2500  0.000e+00
     18.830    19.1260   4.292257    31.5895        782     3.2542  0.000e+00
     18.786    19.1253   4.292257    31.5900        783     3.2583  0.000e+00
     18.768    19.1246   4.292182    31.5900        784     3.2625  0.000e+00
     18.755    19.1243   4.292182    31.5902        785     3.2667  0.000e+00
     18.752    19.1237   4.292107    31.5900        786     3.2708  0.000e+00
     18.754    19.1234   4.292107    31.5902        787     3.2750  0.000e+00
     18.761    19.1229   4.292107    31.5906        788     3.2792  0.000e+00
     18.766    19.1228   4.292082    31.5905        789     3.2833  0.000e+00
     18.781    19.1225   4.292107    31.5910        790     3.2875  0.000e+00
     18.784    19.1225   4.292082    31.5908        791     3.2917  0.000e+00
     18.797    19.1222   4.292107    31.5912        792     3.2958  0.000e+00
     18.806    19.1223   4.292132    31.5913        793     3.3000  0.000e+00
     18.812    19.1224   4.292132    31.5912        794     3.3042  0.000e+00
     18.826    19.1225   4.292132    31.5912        795     3.3083  0.000e+00
     18.828    19.1225   4.292182    31.5916        796     3.3125  0.000e+00
     18.826    19.1225   4.292157    31.5913        797     3.3167  0.000e+00
     18.824    19.1228   4.292182    31.5913        798     3.3208  0.000e+00
     18.813    19.1229   4.292132    31.5908        799     3.3250  0.000e+00
     18.795    19.1228   4.292157    31.5911        800     3.3292  0.000e+00
     18.775    19.1230   4.292132    31.5908        801     3.3333  0.000e+00
     18.746    19.1227   4.292182    31.5914        802     3.3375  0.000e+00
     18.714    19.1228   4.292182    31.5913        803     3.3417  0.000e+00
     18.674    19.1228   4.292132    31.5909        804     3.3458  0.000e+00
     18.636    19.1229   4.292132    31.5909        805     3.3500  0.000e+00
     18.593    19.1227   4.292013    31.5901        806     3.3542  0.000e+00
     18.557    19.1222   4.291888    31.5895        807     3.3583  0.000e+00
     18.504    19.1217   4.291988    31.5907        808     3.3625  0.000e+00
     18.468    19.1215   4.292157    31.5922        809     3.3667  0.000e+00
     18.425    19.1219   4.292107    31.5915        810     3.3708  0.000e+00
     18.388    19.1222   4.292107    31.5913        811     3.3750  0.000e+00
     18.361    19.1225   4.292132    31.5913        812     3.3792  0.000e+00
     18.340    19.1225   4.292182    31.5917        813     3.3833  0.000e+00
     18.318    19.1228   4.292232    31.5919        814     3.3875  0.000e+00
     18.307    19.1234   4.292506    31.5937        815     3.3917  0.000e+00
     18.300    19.1248   4.292731    31.5945        816     3.3958  0.000e+00
     18.298    19.1265   4.292825    31.5940        817     3.4000  0.000e+00
     18.294    19.1281   4.292881    31.5932        818     3.4042  0.000e+00
     18.296    19.1293   4.292681    31.5907        819     3.4083  0.000e+00
     18.294    19.1295   4.292825    31.5917        820     3.4125  0.000e+00
     18.285    19.1297   4.292806    31.5913        821     3.4167  0.000e+00
     18.278    19.1302   4.292681    31.5900        822     3.4208  0.000e+00
     18.267    19.1299   4.292606    31.5896        823     3.4250  0.000e+00
     18.249    19.1293   4.292656    31.5905        824     3.4292  0.000e+00
     18.228    19.1292   4.292681    31.5907        825     3.4333  0.000e+00
     18.195    19.1291   4.292650    31.5906        826     3.4375  0.000e+00
     18.159    19.1292   4.292631    31.5904        827     3.4417  0.000e+00
     18.117    19.1289   4.292506    31.5896        828     3.4458  0.000e+00
     18.077    19.1286   4.292431    31.5892        829     3.4500  0.000e+00
     18.021    19.1276   4.292331    31.5892        830     3.4542  0.000e+00
