HB2406/sbe078.cnv
* Sea-Bird SBE 19plus V2 Data File:
* FileName = C:\cruise\data\sbe078.hex
* Software Version Seasave V 7.26.7.121
* Temperature SN = 7037
* Conductivity SN = 7037
* System UpLoad Time = Aug 18 2024 19:31:26
* NMEA Latitude = 41 35.86 N
* NMEA Longitude = 068 44.97 W
* NMEA UTC (Time) = Aug 18 2024  19:30:19
** Ship: Henry Bigelow
** Cruise:  HB2406
** Program:  ECOMON
# nquan = 7
# nvalues = 3563                                  
# units = specified
# name 0 = depSM: Depth [salt water, m]
# name 1 = tv290C: Temperature [ITS-90, deg C]
# name 2 = c0S/m: Conductivity [S/m]
# name 3 = sal00: Salinity, Practical [PSU]
# name 4 = scan: Scan Count
# name 5 = timeM: Time, Elapsed [minutes]
# name 6 = flag:  0.000e+00
# span 0 =     -0.048,    143.872                 
# span 1 =     6.1956,    20.4961                 
# span 2 =  -0.000017,   4.330169                 
# span 3 =     0.0000,    34.4306                 
# span 4 =         11,       3573                 
# span 5 =     0.0417,    14.8833                 
# span 6 = 0.0000e+00, 0.0000e+00                 
# interval = seconds: 0.25
# start_time = Aug 18 2024 19:30:19 [NMEA time, header]
# bad_flag = -9.990e-29
*END*
[from data line 2667]
     41.019     6.3781   3.212709    32.1003       2678    11.1542  0.000e+00
     41.008     6.3777   3.212059    32.0936       2679    11.1583  0.000e+00
     41.001     6.3759   3.212098    32.0957       2680    11.1625  0.000e+00
     40.990     6.3741   3.212198    32.0985       2681    11.1667  0.000e+00
     40.983     6.3737   3.212537    32.1026       2682    11.1708  0.000e+00
     40.977     6.3745   3.213443    32.1119       2683    11.1750  0.000e+00
     40.959     6.3781   3.213843    32.1129       2684    11.1792  0.000e+00
     40.952     6.3827   3.214327    32.1139       2685    11.1833  0.000e+00
     40.930     6.3877   3.214343    32.1095       2686    11.1875  0.000e+00
     40.910     6.3914   3.214604    32.1088       2687    11.1917  0.000e+00
     40.886     6.3946   3.214804    32.1081       2688    11.1958  0.000e+00
     40.845     6.3974   3.214738    32.1047       2689    11.2000  0.000e+00
     40.812     6.3994   3.214865    32.1043       2690    11.2042  0.000e+00
     40.778     6.4007   3.215049    32.1050       2691    11.2083  0.000e+00
     40.736     6.4027   3.215427    32.1074       2692    11.2125  0.000e+00
     40.691     6.4050   3.215788    32.1092       2693    11.2167  0.000e+00
     40.644     6.4083   3.215871    32.1071       2694    11.2208  0.000e+00
     40.604     6.4110   3.215771    32.1035       2695    11.2250  0.000e+00
     40.568     6.4125   3.215710    32.1014       2696    11.2292  0.000e+00
     40.532     6.4132   3.215588    32.0994       2697    11.2333  0.000e+00
     40.492     6.4132   3.215471    32.0981       2698    11.2375  0.000e+00
     40.448     6.4127   3.215349    32.0973       2699    11.2417  0.000e+00
     40.414     6.4120   3.215349    32.0979       2700    11.2458  0.000e+00
     40.371     6.4114   3.215349    32.0985       2701    11.2500  0.000e+00
     40.327     6.4112   3.215226    32.0974       2702    11.2542  0.000e+00
     40.278     6.4108   3.215488    32.1007       2703    11.2583  0.000e+00
     40.215     6.4113   3.215932    32.1052       2704    11.2625  0.000e+00
     40.155     6.4134   3.216110    32.1052       2705    11.2667  0.000e+00
     40.092     6.4158   3.216049    32.1023       2706    11.2708  0.000e+00
     40.036     6.4171   3.215932    32.0997       2707    11.2750  0.000e+00
     39.958     6.4178   3.215910    32.0989       2708    11.2792  0.000e+00
     39.893     6.4182   3.215971    32.0992       2709    11.2833  0.000e+00
     39.817     6.4185   3.216021    32.0996       2710    11.2875  0.000e+00
     39.759     6.4191   3.216110    32.1000       2711    11.2917  0.000e+00
     39.690     6.4198   3.216293    32.1014       2712    11.2958  0.000e+00
     39.634     6.4210   3.216394    32.1014       2713    11.3000  0.000e+00
     39.571     6.4221   3.216471    32.1013       2714    11.3042  0.000e+00
     39.528     6.4233   3.216455    32.1000       2715    11.3083  0.000e+00
     39.473     6.4241   3.216455    32.0992       2716    11.3125  0.000e+00
     39.439     6.4248   3.216510    32.0992       2717    11.3167  0.000e+00
     39.415     6.4254   3.216555    32.0991       2718    11.3208  0.000e+00
     39.394     6.4261   3.216571    32.0987       2719    11.3250  0.000e+00
     39.379     6.4266   3.216594    32.0984       2720    11.3292  0.000e+00
     39.374     6.4271   3.216538    32.0974       2721    11.3333  0.000e+00
     39.377     6.4273   3.216532    32.0971       2722    11.3375  0.000e+00
     39.384     6.4273   3.216532    32.0971       2723    11.3417  0.000e+00
     39.390     6.4273   3.216471    32.0965       2724    11.3458  0.000e+00
     39.402     6.4271   3.216471    32.0966       2725    11.3500  0.000e+00
     39.413     6.4269   3.216493    32.0971       2726    11.3542  0.000e+00
     39.428     6.4269   3.216555    32.0977       2727    11.3583  0.000e+00
     39.435     6.4270   3.216655    32.0987       2728    11.3625  0.000e+00
     39.444     6.4276   3.216655    32.0981       2729    11.3667  0.000e+00
     39.440     6.4281   3.216655    32.0976       2730    11.3708  0.000e+00
     39.429     6.4286   3.216671    32.0974       2731    11.3750  0.000e+00
     39.405     6.4288   3.216671    32.0972       2732    11.3792  0.000e+00
     39.380     6.4291   3.216655    32.0968       2733    11.3833  0.000e+00
     39.326     6.4292   3.216610    32.0963       2734    11.3875  0.000e+00
     39.279     6.4290   3.216655    32.0969       2735    11.3917  0.000e+00
     39.208     6.4290   3.216832    32.0989       2736    11.3958  0.000e+00
     39.140     6.4300   3.217255    32.1027       2737    11.4000  0.000e+00
     39.062     6.4327   3.217878    32.1070       2738    11.4042  0.000e+00
     38.991     6.4373   3.218701    32.1119       2739    11.4083  0.000e+00
     38.899     6.4438   3.218884    32.1078       2740    11.4125  0.000e+00
     38.803     6.4496   3.219340    32.1074       2741    11.4167  0.000e+00
     38.713     6.4552   3.220068    32.1103       2742    11.4208  0.000e+00
     38.619     6.4622   3.220891    32.1128       2743    11.4250  0.000e+00
     38.521     6.4707   3.221136    32.1075       2744    11.4292  0.000e+00
     38.429     6.4781   3.221459    32.1042       2745    11.4333  0.000e+00
     38.338     6.4845   3.222159    32.1060       2746    11.4375  0.000e+00
     38.253     6.4915   3.223005    32.1087       2747    11.4417  0.000e+00
     38.179     6.5007   3.223288    32.1033       2748    11.4458  0.000e+00
     38.107     6.5088   3.223511    32.0982       2749    11.4500  0.000e+00
     38.042     6.5151   3.223639    32.0937       2750    11.4542  0.000e+00
     37.982     6.5197   3.223772    32.0908       2751    11.4583  0.000e+00
     37.922     6.5232   3.223995    32.0901       2752    11.4625  0.000e+00
     37.875     6.5266   3.224657    32.0942       2753    11.4667  0.000e+00
     37.844     6.5318   3.224957    32.0926       2754    11.4708  0.000e+00
     37.805     6.5371   3.225041    32.0886       2755    11.4750  0.000e+00
     37.776     6.5408   3.225041    32.0851       2756    11.4792  0.000e+00
     37.756     6.5431   3.225041    32.0829       2757    11.4833  0.000e+00
     37.741     6.5448   3.225180    32.0829       2758    11.4875  0.000e+00
     37.723     6.5462   3.225241    32.0823       2759    11.4917  0.000e+00
     37.721     6.5474   3.225263    32.0814       2760    11.4958  0.000e+00
     37.719     6.5483   3.225241    32.0803       2761    11.5000  0.000e+00
     37.712     6.5489   3.225341    32.0809       2762    11.5042  0.000e+00
     37.708     6.5495   3.225380    32.0807       2763    11.5083  0.000e+00
     37.707     6.5502   3.225402    32.0803       2764    11.5125  0.000e+00
     37.698     6.5509   3.225441    32.0801       2765    11.5167  0.000e+00
     37.690     6.5513   3.225486    32.0802       2766    11.5208  0.000e+00
     37.670     6.5520   3.225486    32.0796       2767    11.5250  0.000e+00
     37.663     6.5526   3.225502    32.0792       2768    11.5292  0.000e+00
     37.649     6.5531   3.225464    32.0783       2769    11.5333  0.000e+00
     37.625     6.5535   3.225486    32.0782       2770    11.5375  0.000e+00
     37.596     6.5542   3.225541    32.0782       2771    11.5417  0.000e+00
     37.574     6.5550   3.225725    32.0794       2772    11.5458  0.000e+00
     37.542     6.5564   3.225786    32.0788       2773    11.5500  0.000e+00
     37.517     6.5579   3.225825    32.0778       2774    11.5542  0.000e+00
     37.470     6.5593   3.225892    32.0773       2775    11.5583  0.000e+00
     37.428     6.5607   3.226109    32.0783       2776    11.5625  0.000e+00
     37.392     6.5626   3.226248    32.0781       2777    11.5667  0.000e+00
     37.337     6.5651   3.226393    32.0774       2778    11.5708  0.000e+00
     37.287     6.5677   3.226754    32.0790       2779    11.5750  0.000e+00
     37.238     6.5710   3.227033    32.0790       2780    11.5792  0.000e+00
     37.167     6.5749   3.227378    32.0792       2781    11.5833  0.000e+00
     37.108     6.5790   3.227762    32.0795       2782    11.5875  0.000e+00
     37.044     6.5835   3.227890    32.0768       2783    11.5917  0.000e+00
     36.967     6.5873   3.228163    32.0762       2784    11.5958  0.000e+00
     36.891     6.5912   3.228708    32.0786       2785    11.6000  0.000e+00
     36.815     6.5967   3.228808    32.0746       2786    11.6042  0.000e+00
     36.733     6.6013   3.228847    32.0708       2787    11.6083  0.000e+00
     36.652     6.6044   3.228869    32.0681       2788    11.6125  0.000e+00
     36.570     6.6065   3.228931    32.0669       2789    11.6167  0.000e+00
     36.494     6.6081   3.229276    32.0693       2790    11.6208  0.000e+00
     36.415     6.6108   3.229437    32.0685       2791    11.6250  0.000e+00
     36.342     6.6139   3.229454    32.0658       2792    11.6292  0.000e+00
     36.268     6.6161   3.229493    32.0642       2793    11.6333  0.000e+00
     36.194     6.6177   3.229860    32.0668       2794    11.6375  0.000e+00
     36.127     6.6202   3.230183    32.0680       2795    11.6417  0.000e+00
     36.067     6.6238   3.230300    32.0660       2796    11.6458  0.000e+00
     36.008     6.6273   3.230484    32.0647       2797    11.6500  0.000e+00
     35.953     6.6303   3.230779    32.0652       2798    11.6542  0.000e+00
     35.906     6.6337   3.230946    32.0639       2799    11.6583  0.000e+00
     35.872     6.6369   3.231090    32.0624       2800    11.6625  0.000e+00
     35.828     6.6397   3.231152    32.0605       2801    11.6667  0.000e+00
     35.794     6.6419   3.231374    32.0609       2802    11.6708  0.000e+00
     35.765     6.6442   3.231592    32.0612       2803    11.6750  0.000e+00
     35.747     6.6468   3.231798    32.0610       2804    11.6792  0.000e+00
     35.727     6.6495   3.232110    32.0619       2805    11.6833  0.000e+00
     35.714     6.6527   3.232399    32.0621       2806    11.6875  0.000e+00
     35.707     6.6566   3.232605    32.0607       2807    11.6917  0.000e+00
     35.696     6.6604   3.232767    32.0590       2808    11.6958  0.000e+00
     35.691     6.6641   3.232889    32.0569       2809    11.7000  0.000e+00
     35.685     6.6675   3.233212    32.0572       2810    11.7042  0.000e+00
     35.681     6.6712   3.233429    32.0562       2811    11.7083  0.000e+00
     35.674     6.6746   3.233730    32.0562       2812    11.7125  0.000e+00
     35.660     6.6784   3.234583    32.0621       2813    11.7167  0.000e+00
     35.640     6.6837   3.235435    32.0665       2814    11.7208  0.000e+00
     35.616     6.6914   3.236505    32.0711       2815    11.7250  0.000e+00
     35.584     6.7007   3.238812    32.0877       2816    11.7292  0.000e+00
     35.546     6.7165   3.240451    32.0908       2817    11.7333  0.000e+00
     35.488     6.7356   3.240858    32.0775       2818    11.7375  0.000e+00
     35.419     6.7516   3.241008    32.0642       2819    11.7417  0.000e+00
     35.347     6.7623   3.241504    32.0597       2820    11.7458  0.000e+00
     35.271     6.7708   3.242497    32.0626       2821    11.7500  0.000e+00
     35.195     6.7803   3.242926    32.0584       2822    11.7542  0.000e+00
     35.104     6.7889   3.243210    32.0536       2823    11.7583  0.000e+00
     35.018     6.7959   3.243450    32.0497       2824    11.7625  0.000e+00
     34.925     6.8014   3.244008    32.0508       2825    11.7667  0.000e+00
     34.837     6.8068   3.244203    32.0479       2826    11.7708  0.000e+00
     34.750     6.8116   3.244303    32.0445       2827    11.7750  0.000e+00
     34.663     6.8151   3.244526    32.0438       2828    11.7792  0.000e+00
     34.593     6.8180   3.244727    32.0433       2829    11.7833  0.000e+00
     34.520     6.8207   3.244917    32.0429       2830    11.7875  0.000e+00
     34.462     6.8232   3.245112    32.0427       2831    11.7917  0.000e+00
     34.408     6.8257   3.245279    32.0422       2832    11.7958  0.000e+00
     34.368     6.8280   3.245502    32.0425       2833    11.8000  0.000e+00
     34.337     6.8301   3.245603    32.0417       2834    11.8042  0.000e+00
     34.318     6.8321   3.245681    32.0407       2835    11.8083  0.000e+00
     34.303     6.8337   3.245753    32.0400       2836    11.8125  0.000e+00
     34.294     6.8351   3.245865    32.0399       2837    11.8167  0.000e+00
     34.301     6.8362   3.245904    32.0393       2838    11.8208  0.000e+00
     34.303     6.8374   3.245926    32.0385       2839    11.8250  0.000e+00
     34.312     6.8380   3.245926    32.0379       2840    11.8292  0.000e+00
     34.324     6.8384   3.245948    32.0377       2841    11.8333  0.000e+00
     34.335     6.8388   3.245943    32.0372       2842    11.8375  0.000e+00
     34.346     6.8390   3.245948    32.0372       2843    11.8417  0.000e+00
     34.359     6.8391   3.245948    32.0371       2844    11.8458  0.000e+00
     34.364     6.8392   3.245987    32.0374       2845    11.8500  0.000e+00
     34.364     6.8394   3.246026    32.0376       2846    11.8542  0.000e+00
     34.360     6.8397   3.246199    32.0392       2847    11.8583  0.000e+00
     34.339     6.8403   3.246211    32.0388       2848    11.8625  0.000e+00
     34.310     6.8410   3.246272    32.0389       2849    11.8667  0.000e+00
     34.272     6.8417   3.246512    32.0409       2850    11.8708  0.000e+00
     34.216     6.8430   3.246796    32.0427       2851    11.8750  0.000e+00
     34.163     6.8451   3.247103    32.0442       2852    11.8792  0.000e+00
     34.100     6.8479   3.247343    32.0443       2853    11.8833  0.000e+00
     34.018     6.8511   3.247388    32.0417       2854    11.8875  0.000e+00
     33.939     6.8538   3.247979    32.0458       2855    11.8917  0.000e+00
     33.866     6.8577   3.248504    32.0479       2856    11.8958  0.000e+00
     33.774     6.8639   3.248727    32.0446       2857    11.9000  0.000e+00
     33.687     6.8697   3.248855    32.0406       2858    11.9042  0.000e+00
     33.595     6.8745   3.248911    32.0368       2859    11.9083  0.000e+00
     33.503     6.8779   3.249095    32.0357       2860    11.9125  0.000e+00
     33.420     6.8810   3.249379    32.0359       2861    11.9167  0.000e+00
     33.327     6.8847   3.249441    32.0332       2862    11.9208  0.000e+00
     33.251     6.8875   3.249519    32.0314       2863    11.9250  0.000e+00
     33.177     6.8899   3.249552    32.0297       2864    11.9292  0.000e+00
     33.112     6.8915   3.249602    32.0287       2865    11.9333  0.000e+00
     33.054     6.8929   3.250127    32.0332       2866    11.9375  0.000e+00
     33.000     6.8962   3.250434    32.0335       2867    11.9417  0.000e+00
     32.951     6.9003   3.250557    32.0311       2868    11.9458  0.000e+00
     32.908     6.9036   3.250618    32.0286       2869    11.9500  0.000e+00
     32.875     6.9062   3.250657    32.0267       2870    11.9542  0.000e+00
     32.844     6.9080   3.250618    32.0246       2871    11.9583  0.000e+00
     32.814     6.9090   3.250819    32.0258       2872    11.9625  0.000e+00
     32.795     6.9104   3.250758    32.0239       2873    11.9667  0.000e+00
     32.775     6.9112   3.250774    32.0234       2874    11.9708  0.000e+00
     32.757     6.9115   3.250758    32.0229       2875    11.9750  0.000e+00
     32.748     6.9117   3.250719    32.0223       2876    11.9792  0.000e+00
     32.732     6.9117   3.250780    32.0229       2877    11.9833  0.000e+00
     32.728     6.9120   3.250802    32.0229       2878    11.9875  0.000e+00
     32.725     6.9122   3.250813    32.0229       2879    11.9917  0.000e+00
     32.714     6.9124   3.250864    32.0232       2880    11.9958  0.000e+00
     32.714     6.9129   3.250841    32.0225       2881    12.0000  0.000e+00
