HB2406/sbe065.cnv
* Sea-Bird SBE 19plus V2 Data File:
* FileName = C:\cruise\data\sbe065.hex
* Software Version Seasave V 7.26.7.121
* Temperature SN = 7037
* Conductivity SN = 7037
* System UpLoad Time = Aug 17 2024 18:21:10
* NMEA Latitude = 42 33.13 N
* NMEA Longitude = 066 59.68 W
* NMEA UTC (Time) = Aug 17 2024  18:20:02
** Ship: Henry Bigelow
** Cruise:  HB2406
** Program:  ECOMON
# nquan = 7
# nvalues = 5013                                  
# units = specified
# name 0 = depSM: Depth [salt water, m]
# name 1 = tv290C: Temperature [ITS-90, deg C]
# name 2 = c0S/m: Conductivity [S/m]
# name 3 = sal00: Salinity, Practical [PSU]
# name 4 = scan: Scan Count
# name 5 = timeM: Time, Elapsed [minutes]
# name 6 = flag:  0.000e+00
# span 0 =      0.064,    305.989                 
# span 1 =     6.5286,    19.6787                 
# span 2 =  -0.000012,   4.339682                 
# span 3 =     0.0000,    35.5338                 
# span 4 =         11,       5023                 
# span 5 =     0.0417,    20.9250                 
# span 6 = 0.0000e+00, 0.0000e+00                 
# interval = seconds: 0.25
# start_time = Aug 17 2024 18:20:02 [NMEA time, header]
# bad_flag = -9.990e-29
*END*
[from data line 3898]
    218.952     9.0567   3.732816    35.0295       3909    16.2833  0.000e+00
    218.682     9.0681   3.733742    35.0282       3910    16.2875  0.000e+00
    218.407     9.0796   3.735677    35.0372       3911    16.2917  0.000e+00
    218.126     9.0926   3.736585    35.0340       3912    16.2958  0.000e+00
    217.853     9.1051   3.736750    35.0236       3913    16.3000  0.000e+00
    217.567     9.1140   3.736738    35.0148       3914    16.3042  0.000e+00
    217.294     9.1198   3.736791    35.0098       3915    16.3083  0.000e+00
    217.017     9.1235   3.736909    35.0076       3916    16.3125  0.000e+00
    216.744     9.1260   3.737068    35.0069       3917    16.3167  0.000e+00
    216.481     9.1284   3.737085    35.0049       3918    16.3208  0.000e+00
    216.219     9.1299   3.737115    35.0038       3919    16.3250  0.000e+00
    215.966     9.1311   3.737280    35.0045       3920    16.3292  0.000e+00
    215.718     9.1323   3.737480    35.0055       3921    16.3333  0.000e+00
    215.472     9.1343   3.741246    35.0430       3922    16.3375  0.000e+00
    215.236     9.1446   3.743134    35.0527       3923    16.3417  0.000e+00
    215.007     9.1597   3.743128    35.0379       3924    16.3458  0.000e+00
    214.780     9.1715   3.744256    35.0382       3925    16.3500  0.000e+00
    214.560     9.1817   3.744899    35.0350       3926    16.3542  0.000e+00
    214.351     9.1906   3.745466    35.0323       3927    16.3583  0.000e+00
    214.136     9.1981   3.745602    35.0265       3928    16.3625  0.000e+00
    213.933     9.2037   3.745672    35.0218       3929    16.3667  0.000e+00
    213.736     9.2074   3.746192    35.0237       3930    16.3708  0.000e+00
    213.544     9.2114   3.747025    35.0285       3931    16.3750  0.000e+00
    213.358     9.2167   3.748082    35.0344       3932    16.3792  0.000e+00
    213.181     9.2241   3.748265    35.0292       3933    16.3833  0.000e+00
    213.005     9.2300   3.748259    35.0234       3934    16.3875  0.000e+00
    212.837     9.2340   3.749411    35.0315       3935    16.3917  0.000e+00
    212.676     9.2393   3.750628    35.0391       3936    16.3958  0.000e+00
    212.522     9.2474   3.751573    35.0411       3937    16.4000  0.000e+00
    212.373     9.2557   3.752276    35.0403       3938    16.4042  0.000e+00
    212.227     9.2636   3.754493    35.0557       3939    16.4083  0.000e+00
    212.084     9.2749   3.756059    35.0610       3940    16.4125  0.000e+00
    211.934     9.2881   3.757318    35.0613       3941    16.4167  0.000e+00
    211.789     9.3010   3.757490    35.0504       3942    16.4208  0.000e+00
    211.640     9.3109   3.758170    35.0479       3943    16.4250  0.000e+00
    211.490     9.3186   3.758524    35.0441       3944    16.4292  0.000e+00
    211.340     9.3250   3.759228    35.0453       3945    16.4333  0.000e+00
    211.175     9.3313   3.760328    35.0506       3946    16.4375  0.000e+00
    211.013     9.3386   3.761097    35.0515       3947    16.4417  0.000e+00
    210.833     9.3462   3.761854    35.0520       3948    16.4458  0.000e+00
    210.651     9.3538   3.762487    35.0512       3949    16.4500  0.000e+00
    210.461     9.3610   3.764711    35.0674       3950    16.4542  0.000e+00
    210.265     9.3718   3.766747    35.0780       3951    16.4583  0.000e+00
    210.057     9.3858   3.767919    35.0765       3952    16.4625  0.000e+00
    209.856     9.3998   3.767581    35.0595       3953    16.4667  0.000e+00
    209.650     9.4093   3.767137    35.0457       3954    16.4708  0.000e+00
    209.438     9.4141   3.766788    35.0374       3955    16.4750  0.000e+00
    209.235     9.4160   3.766521    35.0329       3956    16.4792  0.000e+00
    209.038     9.4164   3.766740    35.0348       3957    16.4833  0.000e+00
    208.850     9.4175   3.767095    35.0376       3958    16.4875  0.000e+00
    208.667     9.4200   3.768267    35.0473       3959    16.4917  0.000e+00
    208.490     9.4258   3.770126    35.0610       3960    16.4958  0.000e+00
    208.320     9.4359   3.772519    35.0760       3961    16.5000  0.000e+00
    208.155     9.4510   3.774106    35.0778       3962    16.5042  0.000e+00
    207.987     9.4673   3.775036    35.0716       3963    16.5083  0.000e+00
    207.815     9.4813   3.775895    35.0669       3964    16.5125  0.000e+00
    207.641     9.4931   3.776914    35.0660       3965    16.5167  0.000e+00
    207.460     9.5039   3.778419    35.0711       3966    16.5208  0.000e+00
    207.274     9.5155   3.780019    35.0763       3967    16.5250  0.000e+00
    207.073     9.5280   3.780902    35.0734       3968    16.5292  0.000e+00
    206.865     9.5400   3.780831    35.0610       3969    16.5333  0.000e+00
    206.644     9.5481   3.780682    35.0516       3970    16.5375  0.000e+00
    206.409     9.5528   3.780457    35.0449       3971    16.5417  0.000e+00
    206.168     9.5554   3.780617    35.0441       3972    16.5458  0.000e+00
    205.909     9.5570   3.779413    35.0302       3973    16.5500  0.000e+00
    205.640     9.5562   3.778157    35.0181       3974    16.5542  0.000e+00
    205.359     9.5526   3.777890    35.0190       3975    16.5583  0.000e+00
    205.066     9.5493   3.778115    35.0247       3976    16.5625  0.000e+00
    204.771     9.5478   3.777979    35.0249       3977    16.5667  0.000e+00
    204.467     9.5465   3.778601    35.0327       3978    16.5708  0.000e+00
    204.160     9.5473   3.776402    35.0094       3979    16.5750  0.000e+00
    203.852     9.5444   3.770342    34.9497       3980    16.5792  0.000e+00
    203.546     9.5267   3.764340    34.9050       3981    16.5833  0.000e+00
    203.246     9.4990   3.761997    34.9079       3982    16.5875  0.000e+00
    202.962     9.4695   3.752211    34.8354       3983    16.5917  0.000e+00
    202.683     9.4328   3.746492    34.8120       3984    16.5958  0.000e+00
    202.419     9.3876   3.744154    34.8319       3985    16.6000  0.000e+00
    202.175     9.3501   3.742354    34.8498       3986    16.6042  0.000e+00
    201.945     9.3207   3.740146    34.8556       3987    16.6083  0.000e+00
    201.720     9.2968   3.740253    34.8801       3988    16.6125  0.000e+00
    201.511     9.2811   3.740377    34.8968       3989    16.6167  0.000e+00
    201.304     9.2725   3.740471    34.9063       3990    16.6208  0.000e+00
    201.116     9.2679   3.740513    34.9113       3991    16.6250  0.000e+00
    200.924     9.2657   3.740489    34.9133       3992    16.6292  0.000e+00
    200.741     9.2645   3.740607    34.9157       3993    16.6333  0.000e+00
    200.558     9.2642   3.741085    34.9211       3994    16.6375  0.000e+00
    200.385     9.2663   3.742531    34.9342       3995    16.6417  0.000e+00
    200.209     9.2724   3.746056    34.9650       3996    16.6458  0.000e+00
    200.037     9.2879   3.754116    35.0338       3997    16.6500  0.000e+00
    199.871     9.3210   3.755830    35.0193       3998    16.6542  0.000e+00
    199.702     9.3534   3.756598    34.9956       3999    16.6583  0.000e+00
    199.538     9.3767   3.757260    34.9797       4000    16.6625  0.000e+00
    199.373     9.3935   3.759755    34.9893       4001    16.6667  0.000e+00
    199.194     9.4105   3.760145    34.9769       4002    16.6708  0.000e+00
    199.022     9.4240   3.760488    34.9673       4003    16.6750  0.000e+00
    198.848     9.4334   3.758956    34.9423       4004    16.6792  0.000e+00
    198.685     9.4362   3.760766    34.9584       4005    16.6833  0.000e+00
    198.517     9.4406   3.762079    34.9678       4006    16.6875  0.000e+00
    198.356     9.4483   3.761730    34.9568       4007    16.6917  0.000e+00
    198.204     9.4533   3.759269    34.9265       4008    16.6958  0.000e+00
    198.061     9.4507   3.759440    34.9309       4009    16.7000  0.000e+00
    197.920     9.4467   3.760901    34.9500       4010    16.7042  0.000e+00
    197.780     9.4478   3.762173    34.9621       4011    16.7083  0.000e+00
    197.645     9.4531   3.763138    34.9670       4012    16.7125  0.000e+00
    197.500     9.4610   3.769767    35.0281       4013    16.7167  0.000e+00
    197.370     9.4819   3.773367    35.0450       4014    16.7208  0.000e+00
    197.223     9.5105   3.776205    35.0464       4015    16.7250  0.000e+00
    197.086     9.5392   3.784076    35.1000       4016    16.7292  0.000e+00
    196.937     9.5775   3.785653    35.0789       4017    16.7333  0.000e+00
    196.774     9.6133   3.789450    35.0832       4018    16.7375  0.000e+00
    196.604     9.6461   3.797285    35.1321       4019    16.7417  0.000e+00
    196.420     9.6885   3.801757    35.1370       4020    16.7458  0.000e+00
    196.219     9.7321   3.804407    35.1218       4021    16.7500  0.000e+00
    196.001     9.7689   3.801667    35.0578       4022    16.7542  0.000e+00
    195.772     9.7920   3.811653    35.1381       4023    16.7583  0.000e+00
    195.526     9.8247   3.820084    35.1931       4024    16.7625  0.000e+00
    195.267     9.8759   3.825544    35.1992       4025    16.7667  0.000e+00
    194.994     9.9276   3.827223    35.1662       4026    16.7708  0.000e+00
    194.713     9.9689   3.829523    35.1497       4027    16.7750  0.000e+00
    194.425    10.0020   3.841597    35.2412       4028    16.7792  0.000e+00
    194.130    10.0564   3.875362    35.5338       4029    16.7833  0.000e+00
    193.841    10.1805   3.884310    35.5036       4030    16.7875  0.000e+00
    193.550    10.3198   3.884003    35.3646       4031    16.7917  0.000e+00
    193.262    10.4134   3.883498    35.2687       4032    16.7958  0.000e+00
    192.976    10.4699   3.882425    35.2033       4033    16.8000  0.000e+00
    192.703    10.5017   3.881393    35.1623       4034    16.8042  0.000e+00
    192.437    10.5179   3.881070    35.1435       4035    16.8083  0.000e+00
    192.178    10.5261   3.883610    35.1613       4036    16.8125  0.000e+00
    191.932    10.5384   3.891974    35.2341       4037    16.8167  0.000e+00
    191.686    10.5716   3.894649    35.2291       4038    16.8208  0.000e+00
    191.447    10.6096   3.894025    35.1863       4039    16.8250  0.000e+00
    191.226    10.6343   3.894234    35.1647       4040    16.8292  0.000e+00
    191.009    10.6496   3.893910    35.1469       4041    16.8333  0.000e+00
    190.796    10.6588   3.893034    35.1292       4042    16.8375  0.000e+00
    190.598    10.6643   3.892944    35.1232       4043    16.8417  0.000e+00
    190.407    10.6680   3.892902    35.1193       4044    16.8458  0.000e+00
    190.213    10.6706   3.893837    35.1263       4045    16.8500  0.000e+00
    190.036    10.6750   3.895889    35.1428       4046    16.8542  0.000e+00
    189.862    10.6850   3.898206    35.1566       4047    16.8583  0.000e+00
    189.694    10.7005   3.902558    35.1855       4048    16.8625  0.000e+00
    189.526    10.7253   3.912321    35.2600       4049    16.8667  0.000e+00
    189.372    10.7694   3.917034    35.2649       4050    16.8708  0.000e+00
    189.220    10.8190   3.919000    35.2370       4051    16.8750  0.000e+00
    189.070    10.8575   3.915944    35.1694       4052    16.8792  0.000e+00
    188.934    10.8769   3.916154    35.1529       4053    16.8833  0.000e+00
    188.793    10.8848   3.918470    35.1687       4054    16.8875  0.000e+00
    188.648    10.8955   3.920226    35.1760       4055    16.8917  0.000e+00
    188.509    10.9089   3.921339    35.1744       4056    16.8958  0.000e+00
    188.364    10.9214   3.921291    35.1620       4057    16.9000  0.000e+00
    188.207    10.9301   3.921712    35.1580       4058    16.9042  0.000e+00
    188.036    10.9366   3.921712    35.1518       4059    16.9083  0.000e+00
    187.866    10.9412   3.923727    35.1677       4060    16.9125  0.000e+00
    187.687    10.9478   3.924744    35.1716       4061    16.9167  0.000e+00
    187.495    10.9580   3.926255    35.1770       4062    16.9208  0.000e+00
    187.294    10.9680   3.927134    35.1763       4063    16.9250  0.000e+00
    187.072    10.9787   3.928898    35.1837       4064    16.9292  0.000e+00
    186.848    10.9899   3.930433    35.1884       4065    16.9333  0.000e+00
    186.611    11.0030   3.934734    35.2190       4066    16.9375  0.000e+00
    186.366    11.0234   3.936342    35.2156       4067    16.9417  0.000e+00
    186.115    11.0451   3.940573    35.2372       4068    16.9458  0.000e+00
    185.852    11.0692   3.942002    35.2285       4069    16.9500  0.000e+00
    185.581    11.0926   3.945427    35.2404       4070    16.9542  0.000e+00
    185.315    11.1167   3.950519    35.2682       4071    16.9583  0.000e+00
    185.049    11.1465   3.949631    35.2309       4072    16.9625  0.000e+00
    184.779    11.1675   3.948182    35.1965       4073    16.9667  0.000e+00
    184.515    11.1768   3.948116    35.1871       4074    16.9708  0.000e+00
    184.249    11.1810   3.951362    35.2155       4075    16.9750  0.000e+00
    183.998    11.1914   3.951851    35.2105       4076    16.9792  0.000e+00
    183.746    11.2028   3.950101    35.1823       4077    16.9833  0.000e+00
    183.509    11.2065   3.950662    35.1844       4078    16.9875  0.000e+00
    183.277    11.2087   3.952249    35.1982       4079    16.9917  0.000e+00
    183.057    11.2139   3.949092    35.1621       4080    16.9958  0.000e+00
    182.839    11.2108   3.949400    35.1682       4081    17.0000  0.000e+00
    182.621    11.2069   3.948302    35.1611       4082    17.0042  0.000e+00
    182.416    11.2024   3.946781    35.1503       4083    17.0083  0.000e+00
    182.219    11.1951   3.947620    35.1657       4084    17.0125  0.000e+00
    182.023    11.1912   3.948066    35.1740       4085    17.0167  0.000e+00
    181.832    11.1907   3.947668    35.1706       4086    17.0208  0.000e+00
    181.647    11.1904   3.947741    35.1716       4087    17.0250  0.000e+00
    181.471    11.1899   3.947409    35.1689       4088    17.0292  0.000e+00
    181.303    11.1891   3.947083    35.1665       4089    17.0333  0.000e+00
    181.133    11.1875   3.947179    35.1690       4090    17.0375  0.000e+00
    180.967    11.1865   3.947246    35.1707       4091    17.0417  0.000e+00
    180.804    11.1864   3.947155    35.1700       4092    17.0458  0.000e+00
    180.643    11.1866   3.946968    35.1680       4093    17.0500  0.000e+00
    180.473    11.1860   3.946871    35.1677       4094    17.0542  0.000e+00
    180.308    11.1854   3.946895    35.1687       4095    17.0583  0.000e+00
    180.134    11.1849   3.946147    35.1617       4096    17.0625  0.000e+00
    179.963    11.1821   3.941974    35.1229       4097    17.0667  0.000e+00
    179.783    11.1705   3.940316    35.1176       4098    17.0708  0.000e+00
    179.604    11.1562   3.938755    35.1158       4099    17.0750  0.000e+00
    179.418    11.1427   3.938152    35.1227       4100    17.0792  0.000e+00
    179.226    11.1311   3.937640    35.1288       4101    17.0833  0.000e+00
    179.027    11.1223   3.936664    35.1276       4102    17.0875  0.000e+00
    178.815    11.1138   3.934591    35.1151       4103    17.0917  0.000e+00
    178.604    11.1026   3.933988    35.1200       4104    17.0958  0.000e+00
    178.387    11.0934   3.937315    35.1620       4105    17.1000  0.000e+00
    178.171    11.0940   3.936893    35.1572       4106    17.1042  0.000e+00
    177.958    11.0968   3.937152    35.1572       4107    17.1083  0.000e+00
    177.735    11.0981   3.926316    35.0481       4108    17.1125  0.000e+00
    177.525    11.0752   3.922235    35.0294       4109    17.1167  0.000e+00
    177.310    11.0410   3.921748    35.0572       4110    17.1208  0.000e+00
    177.097    11.0149   3.919342    35.0582       4111    17.1250  0.000e+00
    176.885    10.9933   3.918554    35.0711       4112    17.1292  0.000e+00
