HB2406/sbe010.cnv
* Sea-Bird SBE 19plus V2 Data File:
* FileName = C:\cruise\data\sbe010.hex
* Software Version Seasave V 7.26.7.121
* Temperature SN = 7037
* Conductivity SN = 7037
* System UpLoad Time = Aug 13 2024 04:22:57
* NMEA Latitude = 40 44.97 N
* NMEA Longitude = 069 30.62 W
* NMEA UTC (Time) = Aug 13 2024  04:21:47
** Ship: Henry Bigelow
** Cruise:  HB2406
** Program:  ECOMON
# nquan = 7
# nvalues = 2579                                  
# units = specified
# name 0 = depSM: Depth [salt water, m]
# name 1 = tv290C: Temperature [ITS-90, deg C]
# name 2 = c0S/m: Conductivity [S/m]
# name 3 = sal00: Salinity, Practical [PSU]
# name 4 = scan: Scan Count
# name 5 = timeM: Time, Elapsed [minutes]
# name 6 = flag:  0.000e+00
# span 0 =     -0.054,     39.650                 
# span 1 =    14.5353,    20.0782                 
# span 2 =  -0.000071,   4.415008                 
# span 3 =     0.0000,    32.4581                 
# span 4 =         11,       2589                 
# span 5 =     0.0417,    10.7833                 
# span 6 = 0.0000e+00, 0.0000e+00                 
# interval = seconds: 0.25
# start_time = Aug 13 2024 04:21:47 [NMEA time, header]
# bad_flag = -9.990e-29
*END*
[from data line 2462]
      0.145    19.8299   3.966577    28.4536       2473    10.3000  0.000e+00
      0.113    19.8341   4.316636    31.2622       2474    10.3042  0.000e+00
      0.113    19.8369   4.414800    32.0553       2475    10.3083  0.000e+00
      0.086    19.8388   4.414850    32.0542       2476    10.3125  0.000e+00
      0.001    19.8403   4.414724    32.0520       2477    10.3167  0.000e+00
     -0.037    19.8412   4.414673    32.0510       2478    10.3208  0.000e+00
     -0.037    19.8413   2.274448    15.4136       2479    10.3250  0.000e+00
     -0.043    19.8409   0.654952     4.0145       2480    10.3292  0.000e+00
     -0.046    19.8402   1.541711    10.0938       2481    10.3333  0.000e+00
     -0.043    19.8392   0.699521     4.3078       2482    10.3375  0.000e+00
     -0.028    19.8382   1.150923     7.3573       2483    10.3417  0.000e+00
      0.037    19.8369   0.820657     5.1126       2484    10.3458  0.000e+00
      0.058    19.8362   1.007063     6.3713       2485    10.3500  0.000e+00
      0.064    19.8359   0.668710     4.1053       2486    10.3542  0.000e+00
      0.040    19.8361   1.134438     7.2441       2487    10.3583  0.000e+00
      0.087    19.8356   2.434391    16.6056       2488    10.3625  0.000e+00
      0.096    19.8359   4.211033    30.4088       2489    10.3667  0.000e+00
      0.008    19.8375   4.291396    31.0557       2490    10.3708  0.000e+00
     -0.039    19.8386   4.357964    31.5933       2491    10.3750  0.000e+00
     -0.037    19.8385   3.371547    23.7570       2492    10.3792  0.000e+00
     -0.039    19.8382   0.585147     3.5591       2493    10.3833  0.000e+00
     -0.038    19.8369   0.406279     2.4132       2494    10.3875  0.000e+00
     -0.038    19.8354   0.341110     2.0047       2495    10.3917  0.000e+00
     -0.041    19.8326   0.295617     1.7229       2496    10.3958  0.000e+00
     -0.039    19.8304   0.260677     1.5086       2497    10.4000  0.000e+00
     -0.043    19.8289   0.235397     1.3547       2498    10.4042  0.000e+00
     -0.047    19.8277   0.199047     1.1354       2499    10.4083  0.000e+00
     -0.052    19.8263   0.186421     1.0599       2500    10.4125  0.000e+00
     -0.045    19.8248   0.171700     0.9722       2501    10.4167  0.000e+00
     -0.032    19.8238   0.296089     1.7262       2502    10.4208  0.000e+00
      0.035    19.8231   3.391412    23.9205       2503    10.4250  0.000e+00
     -0.036    19.8254   2.516872    17.2271       2504    10.4292  0.000e+00
     -0.038    19.8266   1.333955     8.6317       2505    10.4333  0.000e+00
     -0.038    19.8270   0.614699     3.7525       2506    10.4375  0.000e+00
     -0.032    19.8265   0.433618     2.5868       2507    10.4417  0.000e+00
     -0.041    19.8251   0.332723     1.9530       2508    10.4458  0.000e+00
     -0.047    19.8238   0.280953     1.6330       2509    10.4500  0.000e+00
     -0.048    19.8222   0.259054     1.4989       2510    10.4542  0.000e+00
     -0.041    19.8206   0.239529     1.3801       2511    10.4583  0.000e+00
     -0.039    19.8190   0.211691     1.2117       2512    10.4625  0.000e+00
     -0.043    19.8176   0.191132     1.0883       2513    10.4667  0.000e+00
     -0.043    19.8152   0.175058     0.9924       2514    10.4708  0.000e+00
     -0.043    19.8129   0.155051     0.8739       2515    10.4750  0.000e+00
     -0.041    19.8110   0.135074     0.7564       2516    10.4792  0.000e+00
     -0.045    19.8096   0.120386     0.6708       2517    10.4833  0.000e+00
     -0.039    19.8081   0.101257     0.5601       2518    10.4875  0.000e+00
     -0.041    19.8070   0.060769     0.3302       2519    10.4917  0.000e+00
     -0.039    19.8055   0.048064     0.2595       2520    10.4958  0.000e+00
     -0.036    19.8040   0.046509     0.2510       2521    10.5000  0.000e+00
     -0.039    19.8024   0.043393     0.2338       2522    10.5042  0.000e+00
     -0.041    19.8011   0.039822     0.2143       2523    10.5083  0.000e+00
     -0.045    19.7999   0.036455     0.1959       2524    10.5125  0.000e+00
     -0.045    19.7984   0.034196     0.1836       2525    10.5167  0.000e+00
     -0.041    19.7974   0.032274     0.1732       2526    10.5208  0.000e+00
     -0.039    19.7959   0.030950     0.1661       2527    10.5250  0.000e+00
     -0.041    19.7932   0.029939     0.1606       2528    10.5292  0.000e+00
     -0.047    19.7906   0.028679     0.1539       2529    10.5333  0.000e+00
     -0.052    19.7884   0.026010     0.1396       2530    10.5375  0.000e+00
     -0.054    19.7861   0.021999     0.1182       2531    10.5417  0.000e+00
     -0.049    19.7843   0.015670     0.0849       2532    10.5458  0.000e+00
     -0.039    19.7827   0.000514     0.0110       2533    10.5500  0.000e+00
     -0.041    19.7802  -0.000049     0.0000       2534    10.5542  0.000e+00
     -0.040    19.7771  -0.000071     0.0000       2535    10.5583  0.000e+00
     -0.045    19.7745  -0.000065     0.0000       2536    10.5625  0.000e+00
     -0.047    19.7726  -0.000060     0.0000       2537    10.5667  0.000e+00
     -0.040    19.7709  -0.000065     0.0000       2538    10.5708  0.000e+00
     -0.041    19.7696  -0.000063     0.0000       2539    10.5750  0.000e+00
     -0.038    19.7681  -0.000060     0.0000       2540    10.5792  0.000e+00
     -0.041    19.7658  -0.000060     0.0000       2541    10.5833  0.000e+00
     -0.038    19.7639  -0.000065     0.0000       2542    10.5875  0.000e+00
     -0.043    19.7620  -0.000060     0.0000       2543    10.5917  0.000e+00
     -0.047    19.7607  -0.000060     0.0000       2544    10.5958  0.000e+00
     -0.049    19.7597  -0.000060     0.0000       2545    10.6000  0.000e+00
     -0.042    19.7584  -0.000057     0.0000       2546    10.6042  0.000e+00
     -0.040    19.7576  -0.000055     0.0000       2547    10.6083  0.000e+00
     -0.047    19.7563  -0.000055     0.0000       2548    10.6125  0.000e+00
     -0.050    19.7546  -0.000055     0.0000       2549    10.6167  0.000e+00
     -0.047    19.7530  -0.000055     0.0000       2550    10.6208  0.000e+00
     -0.040    19.7518  -0.000055     0.0000       2551    10.6250  0.000e+00
     -0.034    19.7504  -0.000052     0.0000       2552    10.6292  0.000e+00
     -0.043    19.7480  -0.000055     0.0000       2553    10.6333  0.000e+00
     -0.043    19.7456  -0.000044     0.0000       2554    10.6375  0.000e+00
     -0.047    19.7441  -0.000055     0.0000       2555    10.6417  0.000e+00
     -0.047    19.7427  -0.000049     0.0000       2556    10.6458  0.000e+00
     -0.040    19.7418  -0.000049     0.0000       2557    10.6500  0.000e+00
     -0.034    19.7407  -0.000049     0.0000       2558    10.6542  0.000e+00
     -0.042    19.7385  -0.000052     0.0000       2559    10.6583  0.000e+00
     -0.043    19.7362  -0.000044     0.0000       2560    10.6625  0.000e+00
     -0.049    19.7346  -0.000049     0.0000       2561    10.6667  0.000e+00
     -0.053    19.7333  -0.000049     0.0000       2562    10.6708  0.000e+00
     -0.042    19.7323  -0.000044     0.0000       2563    10.6750  0.000e+00
     -0.038    19.7312  -0.000044     0.0000       2564    10.6792  0.000e+00
     -0.038    19.7286  -0.000044     0.0000       2565    10.6833  0.000e+00
     -0.038    19.7257  -0.000044     0.0000       2566    10.6875  0.000e+00
     -0.040    19.7241  -0.000049     0.0000       2567    10.6917  0.000e+00
     -0.042    19.7226  -0.000044     0.0000       2568    10.6958  0.000e+00
     -0.047    19.7214  -0.000044     0.0000       2569    10.7000  0.000e+00
     -0.043    19.7203  -0.000044     0.0000       2570    10.7042  0.000e+00
     -0.038    19.7194  -0.000044     0.0000       2571    10.7083  0.000e+00
     -0.038    19.7184  -0.000044     0.0000       2572    10.7125  0.000e+00
     -0.038    19.7173  -0.000049     0.0000       2573    10.7167  0.000e+00
     -0.043    19.7160  -0.000049     0.0000       2574    10.7208  0.000e+00
     -0.047    19.7153  -0.000044     0.0000       2575    10.7250  0.000e+00
     -0.045    19.7144  -0.000044     0.0000       2576    10.7292  0.000e+00
     -0.036    19.7138  -0.000044     0.0000       2577    10.7333  0.000e+00
     -0.042    19.7132  -0.000039     0.0000       2578    10.7375  0.000e+00
     -0.043    19.7125  -0.000044     0.0000       2579    10.7417  0.000e+00
     -0.047    19.7118  -0.000044     0.0000       2580    10.7458  0.000e+00
     -0.038    19.7114  -0.000039     0.0000       2581    10.7500  0.000e+00
     -0.033    19.7104  -0.000044     0.0000       2582    10.7542  0.000e+00
     -0.036    19.7090  -0.000039     0.0000       2583    10.7583  0.000e+00
     -0.040    19.7075  -0.000044     0.0000       2584    10.7625  0.000e+00
     -0.036    19.7065  -0.000044     0.0000       2585    10.7667  0.000e+00
     -0.036    19.7056  -0.000039     0.0000       2586    10.7708  0.000e+00
     -0.038    19.7045  -0.000044     0.0000       2587    10.7750  0.000e+00
     -0.038    19.7032  -0.000039     0.0000       2588    10.7792  0.000e+00
     -0.031    19.7023  -0.000044     0.0000       2589    10.7833  0.000e+00
