HB2406/sbe058.cnv
* Sea-Bird SBE 19plus V2 Data File:
* FileName = C:\cruise\data\sbe058.hex
* Software Version Seasave V 7.26.7.121
* Temperature SN = 7037
* Conductivity SN = 7037
* System UpLoad Time = Aug 17 2024 08:09:56
* NMEA Latitude = 42 36.31 N
* NMEA Longitude = 067 52.75 W
* NMEA UTC (Time) = Aug 17 2024  08:08:48
** Ship: Henry Bigelow
** Cruise:  HB2406
** Program:  ECOMON
# nquan = 7
# nvalues = 4550                                  
# units = specified
# name 0 = depSM: Depth [salt water, m]
# name 1 = tv290C: Temperature [ITS-90, deg C]
# name 2 = c0S/m: Conductivity [S/m]
# name 3 = sal00: Salinity, Practical [PSU]
# name 4 = scan: Scan Count
# name 5 = timeM: Time, Elapsed [minutes]
# name 6 = flag:  0.000e+00
# span 0 =      0.011,    207.648                 
# span 1 =     6.4998,    19.9826                 
# span 2 =  -0.000028,   4.355678                 
# span 3 =     0.0000,    34.8225                 
# span 4 =         11,       4560                 
# span 5 =     0.0417,    18.9958                 
# span 6 = 0.0000e+00, 0.0000e+00                 
# interval = seconds: 0.25
# start_time = Aug 17 2024 08:08:48 [NMEA time, header]
# bad_flag = -9.990e-29
*END*
[from data line 1436]
    203.445     9.0306   3.709245    34.8159       1447     6.0250  0.000e+00
    203.346     9.0302   3.709256    34.8165       1448     6.0292  0.000e+00
    203.253     9.0302   3.709474    34.8188       1449     6.0333  0.000e+00
    203.141     9.0311   3.709562    34.8188       1450     6.0375  0.000e+00
    203.034     9.0324   3.709450    34.8165       1451     6.0417  0.000e+00
    202.927     9.0330   3.709539    34.8169       1452     6.0458  0.000e+00
    202.824     9.0336   3.709450    34.8154       1453     6.0500  0.000e+00
    202.721     9.0336   3.709474    34.8157       1454     6.0542  0.000e+00
    202.611     9.0337   3.709515    34.8161       1455     6.0583  0.000e+00
    202.504     9.0343   3.709585    34.8163       1456     6.0625  0.000e+00
    202.406     9.0347   3.709697    34.8171       1457     6.0667  0.000e+00
    202.305     9.0359   3.709685    34.8158       1458     6.0708  0.000e+00
    202.211     9.0367   3.709744    34.8158       1459     6.0750  0.000e+00
    202.115     9.0378   3.709797    34.8153       1460     6.0792  0.000e+00
    202.024     9.0385   3.709903    34.8158       1461     6.0833  0.000e+00
    201.939     9.0397   3.709838    34.8139       1462     6.0875  0.000e+00
    201.854     9.0402   3.709797    34.8130       1463     6.0917  0.000e+00
    201.771     9.0403   3.709997    34.8150       1464     6.0958  0.000e+00
    201.695     9.0411   3.710015    34.8145       1465     6.1000  0.000e+00
    201.614     9.0421   3.710062    34.8141       1466     6.1042  0.000e+00
    201.529     9.0429   3.710120    34.8140       1467     6.1083  0.000e+00
    201.438     9.0439   3.710109    34.8129       1468     6.1125  0.000e+00
    201.342     9.0444   3.710061    34.8119       1469     6.1167  0.000e+00
    201.237     9.0447   3.710167    34.8128       1470     6.1208  0.000e+00
    201.123     9.0451   3.710197    34.8128       1471     6.1250  0.000e+00
    201.004     9.0460   3.710208    34.8121       1472     6.1292  0.000e+00
    200.877     9.0465   3.710197    34.8116       1473     6.1333  0.000e+00
    200.749     9.0469   3.710220    34.8114       1474     6.1375  0.000e+00
    200.611     9.0471   3.710249    34.8116       1475     6.1417  0.000e+00
    200.477     9.0475   3.710308    34.8119       1476     6.1458  0.000e+00
    200.352     9.0480   3.710249    34.8109       1477     6.1500  0.000e+00
    200.229     9.0484   3.710449    34.8126       1478     6.1542  0.000e+00
    200.111     9.0494   3.710426    34.8115       1479     6.1583  0.000e+00
    199.990     9.0500   3.710467    34.8114       1480     6.1625  0.000e+00
    199.874     9.0511   3.710514    34.8109       1481     6.1667  0.000e+00
    199.773     9.0518   3.710443    34.8095       1482     6.1708  0.000e+00
    199.671     9.0520   3.710467    34.8095       1483     6.1750  0.000e+00
    199.577     9.0521   3.710467    34.8095       1484     6.1792  0.000e+00
    199.489     9.0525   3.710490    34.8094       1485     6.1833  0.000e+00
    199.405     9.0525   3.710537    34.8099       1486     6.1875  0.000e+00
    199.320     9.0528   3.710620    34.8105       1487     6.1917  0.000e+00
    199.246     9.0534   3.710672    34.8105       1488     6.1958  0.000e+00
    199.163     9.0543   3.710619    34.8091       1489     6.2000  0.000e+00
    199.087     9.0548   3.710584    34.8084       1490     6.2042  0.000e+00
    199.002     9.0546   3.710584    34.8085       1491     6.2083  0.000e+00
    198.918     9.0546   3.710490    34.8076       1492     6.2125  0.000e+00
    198.828     9.0542   3.710560    34.8088       1493     6.2167  0.000e+00
    198.737     9.0542   3.710619    34.8094       1494     6.2208  0.000e+00
    198.638     9.0546   3.710625    34.8092       1495     6.2250  0.000e+00
    198.531     9.0549   3.710619    34.8089       1496     6.2292  0.000e+00
    198.421     9.0551   3.710607    34.8085       1497     6.2333  0.000e+00
    198.309     9.0553   3.710607    34.8084       1498     6.2375  0.000e+00
    198.182     9.0555   3.710619    34.8084       1499     6.2417  0.000e+00
    198.064     9.0555   3.710625    34.8085       1500     6.2458  0.000e+00
    197.945     9.0558   3.710554    34.8076       1501     6.2500  0.000e+00
    197.827     9.0559   3.710560    34.8076       1502     6.2542  0.000e+00
    197.708     9.0555   3.710625    34.8087       1503     6.2583  0.000e+00
    197.595     9.0559   3.710837    34.8106       1504     6.2625  0.000e+00
    197.489     9.0567   3.710942    34.8110       1505     6.2667  0.000e+00
    197.382     9.0583   3.711031    34.8104       1506     6.2708  0.000e+00
    197.275     9.0597   3.711101    34.8097       1507     6.2750  0.000e+00
    197.168     9.0609   3.711095    34.8086       1508     6.2792  0.000e+00
    197.072     9.0620   3.711148    34.8081       1509     6.2833  0.000e+00
    196.967     9.0626   3.711060    34.8067       1510     6.2875  0.000e+00
    196.864     9.0629   3.711007    34.8059       1511     6.2917  0.000e+00
    196.765     9.0627   3.711330    34.8095       1512     6.2958  0.000e+00
    196.660     9.0635   3.711377    34.8093       1513     6.3000  0.000e+00
    196.560     9.0650   3.711419    34.8083       1514     6.3042  0.000e+00
    196.455     9.0661   3.711307    34.8061       1515     6.3083  0.000e+00
    196.341     9.0663   3.711248    34.8054       1516     6.3125  0.000e+00
    196.236     9.0663   3.711124    34.8041       1517     6.3167  0.000e+00
    196.124     9.0656   3.711071    34.8042       1518     6.3208  0.000e+00
    196.023     9.0649   3.711124    34.8055       1519     6.3250  0.000e+00
    195.912     9.0646   3.711148    34.8061       1520     6.3292  0.000e+00
    195.809     9.0647   3.711201    34.8067       1521     6.3333  0.000e+00
    195.706     9.0649   3.711171    34.8062       1522     6.3375  0.000e+00
    195.606     9.0651   3.711136    34.8057       1523     6.3417  0.000e+00
    195.516     9.0649   3.711377    34.8084       1524     6.3458  0.000e+00
    195.429     9.0658   3.711353    34.8073       1525     6.3500  0.000e+00
    195.344     9.0666   3.711353    34.8066       1526     6.3542  0.000e+00
    195.262     9.0670   3.711395    34.8066       1527     6.3583  0.000e+00
    195.188     9.0674   3.711418    34.8066       1528     6.3625  0.000e+00
    195.112     9.0679   3.711442    34.8064       1529     6.3667  0.000e+00
    195.038     9.0683   3.711483    34.8064       1530     6.3708  0.000e+00
    194.963     9.0686   3.711536    34.8068       1531     6.3750  0.000e+00
    194.889     9.0691   3.711483    34.8057       1532     6.3792  0.000e+00
    194.810     9.0694   3.711536    34.8060       1533     6.3833  0.000e+00
    194.734     9.0697   3.711553    34.8059       1534     6.3875  0.000e+00
    194.648     9.0700   3.711571    34.8058       1535     6.3917  0.000e+00
    194.565     9.0704   3.711553    34.8053       1536     6.3958  0.000e+00
    194.475     9.0704   3.711506    34.8049       1537     6.4000  0.000e+00
    194.390     9.0703   3.711624    34.8063       1538     6.4042  0.000e+00
    194.310     9.0706   3.711600    34.8058       1539     6.4083  0.000e+00
    194.234     9.0708   3.711506    34.8046       1540     6.4125  0.000e+00
    194.156     9.0708   3.711553    34.8051       1541     6.4167  0.000e+00
    194.084     9.0707   3.711506    34.8047       1542     6.4208  0.000e+00
    194.022     9.0706   3.711576    34.8056       1543     6.4250  0.000e+00
    193.955     9.0709   3.711788    34.8076       1544     6.4292  0.000e+00
    193.894     9.0717   3.711941    34.8085       1545     6.4333  0.000e+00
    193.838     9.0731   3.712029    34.8080       1546     6.4375  0.000e+00
    193.780     9.0744   3.711894    34.8053       1547     6.4417  0.000e+00
    193.711     9.0749   3.711600    34.8019       1548     6.4458  0.000e+00
    193.653     9.0739   3.711682    34.8037       1549     6.4500  0.000e+00
    193.584     9.0734   3.711712    34.8046       1550     6.4542  0.000e+00
    193.510     9.0731   3.711576    34.8034       1551     6.4583  0.000e+00
    193.441     9.0727   3.711529    34.8034       1552     6.4625  0.000e+00
    193.359     9.0721   3.711511    34.8038       1553     6.4667  0.000e+00
    193.276     9.0716   3.711529    34.8046       1554     6.4708  0.000e+00
    193.180     9.0713   3.711553    34.8051       1555     6.4750  0.000e+00
    193.083     9.0714   3.711482    34.8043       1556     6.4792  0.000e+00
    192.976     9.0711   3.711576    34.8057       1557     6.4833  0.000e+00
    192.867     9.0714   3.711988    34.8097       1558     6.4875  0.000e+00
    192.749     9.0728   3.711658    34.8049       1559     6.4917  0.000e+00
    192.621     9.0732   3.711599    34.8040       1560     6.4958  0.000e+00
    192.502     9.0728   3.711982    34.8084       1561     6.5000  0.000e+00
    192.371     9.0739   3.712235    34.8101       1562     6.5042  0.000e+00
    192.248     9.0758   3.712170    34.8076       1563     6.5083  0.000e+00
    192.131     9.0770   3.712094    34.8057       1564     6.5125  0.000e+00
    192.008     9.0778   3.712235    34.8065       1565     6.5167  0.000e+00
    191.899     9.0784   3.712264    34.8062       1566     6.5208  0.000e+00
    191.796     9.0790   3.711940    34.8023       1567     6.5250  0.000e+00
    191.693     9.0782   3.711852    34.8022       1568     6.5292  0.000e+00
    191.604     9.0774   3.711711    34.8016       1569     6.5333  0.000e+00
    191.515     9.0762   3.711511    34.8006       1570     6.5375  0.000e+00
    191.430     9.0749   3.711505    34.8019       1571     6.5417  0.000e+00
    191.353     9.0737   3.711623    34.8043       1572     6.5458  0.000e+00
    191.280     9.0732   3.711440    34.8030       1573     6.5500  0.000e+00
    191.202     9.0725   3.711352    34.8028       1574     6.5542  0.000e+00
    191.132     9.0717   3.711352    34.8036       1575     6.5583  0.000e+00
    191.058     9.0711   3.711352    34.8042       1576     6.5625  0.000e+00
    190.985     9.0707   3.711393    34.8051       1577     6.5667  0.000e+00
    190.913     9.0706   3.711399    34.8053       1578     6.5708  0.000e+00
    190.835     9.0707   3.711305    34.8042       1579     6.5750  0.000e+00
    190.757     9.0703   3.711334    34.8050       1580     6.5792  0.000e+00
    190.688     9.0705   3.712281    34.8147       1581     6.5833  0.000e+00
    190.623     9.0735   3.712599    34.8151       1582     6.5875  0.000e+00
    190.556     9.0776   3.712523    34.8103       1583     6.5917  0.000e+00
    190.496     9.0801   3.712440    34.8070       1584     6.5958  0.000e+00
    190.438     9.0813   3.712263    34.8040       1585     6.6000  0.000e+00
    190.379     9.0816   3.712234    34.8035       1586     6.6042  0.000e+00
    190.317     9.0815   3.712575    34.8072       1587     6.6083  0.000e+00
    190.265     9.0822   3.712393    34.8046       1588     6.6125  0.000e+00
    190.212     9.0827   3.712505    34.8053       1589     6.6167  0.000e+00
    190.156     9.0831   3.712458    34.8044       1590     6.6208  0.000e+00
    190.091     9.0833   3.712846    34.8083       1591     6.6250  0.000e+00
    190.031     9.0847   3.713070    34.8093       1592     6.6292  0.000e+00
    189.959     9.0867   3.712958    34.8063       1593     6.6333  0.000e+00
    189.895     9.0877   3.712328    34.7987       1594     6.6375  0.000e+00
    189.819     9.0863   3.712504    34.8020       1595     6.6417  0.000e+00
    189.738     9.0852   3.713075    34.8090       1596     6.6458  0.000e+00
    189.649     9.0868   3.713352    34.8105       1597     6.6500  0.000e+00
    189.562     9.0891   3.713434    34.8091       1598     6.6542  0.000e+00
    189.472     9.0911   3.713611    34.8091       1599     6.6583  0.000e+00
    189.376     9.0931   3.713734    34.8084       1600     6.6625  0.000e+00
    189.273     9.0948   3.713481    34.8042       1601     6.6667  0.000e+00
    189.175     9.0952   3.713587    34.8049       1602     6.6708  0.000e+00
    189.079     9.0958   3.713687    34.8054       1603     6.6750  0.000e+00
    188.978     9.0962   3.713304    34.8010       1604     6.6792  0.000e+00
    188.889     9.0955   3.713234    34.8010       1605     6.6833  0.000e+00
    188.800     9.0948   3.713457    34.8042       1606     6.6875  0.000e+00
    188.708     9.0945   3.713175    34.8015       1607     6.6917  0.000e+00
    188.621     9.0939   3.713210    34.8025       1608     6.6958  0.000e+00
    188.532     9.0933   3.713216    34.8032       1609     6.7000  0.000e+00
    188.447     9.0930   3.713163    34.8030       1610     6.7042  0.000e+00
    188.360     9.0927   3.713069    34.8024       1611     6.7083  0.000e+00
    188.277     9.0921   3.713075    34.8030       1612     6.7125  0.000e+00
    188.194     9.0918   3.713098    34.8036       1613     6.7167  0.000e+00
    188.107     9.0917   3.713263    34.8055       1614     6.7208  0.000e+00
    188.025     9.0920   3.713345    34.8060       1615     6.7250  0.000e+00
    187.948     9.0928   3.713781    34.8099       1616     6.7292  0.000e+00
    187.863     9.0949   3.714028    34.8104       1617     6.7333  0.000e+00
    187.787     9.0973   3.714063    34.8085       1618     6.7375  0.000e+00
    187.707     9.0993   3.714116    34.8071       1619     6.7417  0.000e+00
    187.625     9.1006   3.714069    34.8054       1620     6.7458  0.000e+00
    187.548     9.1016   3.714322    34.8072       1621     6.7500  0.000e+00
    187.466     9.1025   3.714163    34.8046       1622     6.7542  0.000e+00
    187.390     9.1031   3.714281    34.8053       1623     6.7583  0.000e+00
    187.310     9.1035   3.714569    34.8080       1624     6.7625  0.000e+00
    187.225     9.1049   3.714716    34.8081       1625     6.7667  0.000e+00
    187.140     9.1063   3.714504    34.8046       1626     6.7708  0.000e+00
    187.050     9.1070   3.713892    34.7976       1627     6.7750  0.000e+00
    186.963     9.1051   3.713804    34.7985       1628     6.7792  0.000e+00
    186.869     9.1030   3.713733    34.7999       1629     6.7833  0.000e+00
    186.780     9.1014   3.713804    34.8023       1630     6.7875  0.000e+00
    186.688     9.1006   3.713751    34.8025       1631     6.7917  0.000e+00
    186.592     9.1002   3.713663    34.8020       1632     6.7958  0.000e+00
    186.501     9.0996   3.713674    34.8028       1633     6.8000  0.000e+00
    186.409     9.0991   3.713774    34.8044       1634     6.8042  0.000e+00
    186.328     9.0993   3.713933    34.8059       1635     6.8083  0.000e+00
    186.241     9.1001   3.714163    34.8076       1636     6.8125  0.000e+00
    186.156     9.1012   3.714174    34.8066       1637     6.8167  0.000e+00
    186.080     9.1024   3.714163    34.8054       1638     6.8208  0.000e+00
    186.004     9.1030   3.714092    34.8041       1639     6.8250  0.000e+00
    185.922     9.1031   3.714062    34.8037       1640     6.8292  0.000e+00
    185.852     9.1030   3.714186    34.8051       1641     6.8333  0.000e+00
    185.783     9.1035   3.714239    34.8052       1642     6.8375  0.000e+00
    185.720     9.1039   3.714321    34.8057       1643     6.8417  0.000e+00
    185.654     9.1047   3.714604    34.8079       1644     6.8458  0.000e+00
    185.589     9.1060   3.714504    34.8057       1645     6.8500  0.000e+00
    185.528     9.1069   3.714386    34.8036       1646     6.8542  0.000e+00
    185.464     9.1069   3.714521    34.8050       1647     6.8583  0.000e+00
    185.401     9.1073   3.714433    34.8037       1648     6.8625  0.000e+00
    185.334     9.1072   3.714521    34.8048       1649     6.8667  0.000e+00
    185.265     9.1076   3.714727    34.8066       1650     6.8708  0.000e+00
    185.198     9.1085   3.714951    34.8081       1651     6.8750  0.000e+00
