HB2406/sbe079.cnv
* Sea-Bird SBE 19plus V2 Data File:
* FileName = C:\cruise\data\sbe079.hex
* Software Version Seasave V 7.26.7.121
* Temperature SN = 7037
* Conductivity SN = 7037
* System UpLoad Time = Aug 18 2024 21:56:51
* NMEA Latitude = 41 47.00 N
* NMEA Longitude = 069 12.03 W
* NMEA UTC (Time) = Aug 18 2024  21:55:44
** Ship: Henry Bigelow
** Cruise:  HB2406
** Program:  ECOMON
# nquan = 7
# nvalues = 4541                                  
# units = specified
# name 0 = depSM: Depth [salt water, m]
# name 1 = tv290C: Temperature [ITS-90, deg C]
# name 2 = c0S/m: Conductivity [S/m]
# name 3 = sal00: Salinity, Practical [PSU]
# name 4 = scan: Scan Count
# name 5 = timeM: Time, Elapsed [minutes]
# name 6 = flag:  0.000e+00
# span 0 =     -0.060,    186.069                 
# span 1 =     5.7879,    21.1393                 
# span 2 =  -0.000033,   4.447957                 
# span 3 =     0.0000,    34.8026                 
# span 4 =         11,       4551                 
# span 5 =     0.0417,    18.9583                 
# span 6 = 0.0000e+00, 0.0000e+00                 
# interval = seconds: 0.25
# start_time = Aug 18 2024 21:55:44 [NMEA time, header]
# bad_flag = -9.990e-29
*END*
[from data line 2462]
     95.319     6.3402   3.259703    32.6309       2473    10.3000  0.000e+00
     95.212     6.3380   3.259602    32.6319       2474    10.3042  0.000e+00
     95.111     6.3366   3.259133    32.6281       2475    10.3083  0.000e+00
     95.017     6.3348   3.258982    32.6282       2476    10.3125  0.000e+00
     94.924     6.3334   3.258887    32.6286       2477    10.3167  0.000e+00
     94.843     6.3322   3.258725    32.6279       2478    10.3208  0.000e+00
     94.758     6.3311   3.258362    32.6250       2479    10.3250  0.000e+00
     94.675     6.3297   3.258256    32.6252       2480    10.3292  0.000e+00
     94.606     6.3284   3.258144    32.6252       2481    10.3333  0.000e+00
     94.545     6.3273   3.258032    32.6251       2482    10.3375  0.000e+00
     94.492     6.3264   3.257870    32.6241       2483    10.3417  0.000e+00
     94.449     6.3255   3.257770    32.6239       2484    10.3458  0.000e+00
     94.411     6.3248   3.257775    32.6246       2485    10.3500  0.000e+00
     94.383     6.3242   3.257708    32.6245       2486    10.3542  0.000e+00
     94.367     6.3238   3.257747    32.6253       2487    10.3583  0.000e+00
     94.362     6.3235   3.257747    32.6256       2488    10.3625  0.000e+00
     94.356     6.3235   3.257725    32.6254       2489    10.3667  0.000e+00
     94.358     6.3232   3.257736    32.6258       2490    10.3708  0.000e+00
     94.356     6.3233   3.257747    32.6258       2491    10.3750  0.000e+00
     94.352     6.3232   3.257708    32.6255       2492    10.3792  0.000e+00
     94.349     6.3231   3.257624    32.6247       2493    10.3833  0.000e+00
     94.336     6.3230   3.257669    32.6253       2494    10.3875  0.000e+00
     94.318     6.3230   3.257563    32.6241       2495    10.3917  0.000e+00
     94.285     6.3225   3.257485    32.6237       2496    10.3958  0.000e+00
     94.240     6.3223   3.257485    32.6239       2497    10.4000  0.000e+00
     94.188     6.3220   3.257440    32.6238       2498    10.4042  0.000e+00
     94.122     6.3217   3.257339    32.6229       2499    10.4083  0.000e+00
     94.052     6.3214   3.257328    32.6232       2500    10.4125  0.000e+00
     93.965     6.3211   3.257423    32.6245       2501    10.4167  0.000e+00
     93.885     6.3210   3.257155    32.6217       2502    10.4208  0.000e+00
     93.800     6.3206   3.257200    32.6226       2503    10.4250  0.000e+00
     93.706     6.3202   3.257032    32.6211       2504    10.4292  0.000e+00
     93.619     6.3197   3.256920    32.6205       2505    10.4333  0.000e+00
     93.538     6.3191   3.256384    32.6151       2506    10.4375  0.000e+00
     93.455     6.3174   3.256261    32.6154       2507    10.4417  0.000e+00
     93.377     6.3158   3.256339    32.6179       2508    10.4458  0.000e+00
     93.303     6.3147   3.256082    32.6161       2509    10.4500  0.000e+00
     93.232     6.3137   3.256116    32.6174       2510    10.4542  0.000e+00
     93.169     6.3127   3.256160    32.6189       2511    10.4583  0.000e+00
     93.104     6.3125   3.255875    32.6160       2512    10.4625  0.000e+00
     93.033     6.3118   3.255954    32.6176       2513    10.4667  0.000e+00
     92.968     6.3113   3.255267    32.6104       2514    10.4708  0.000e+00
     92.896     6.3098   3.255015    32.6091       2515    10.4750  0.000e+00
     92.829     6.3074   3.255099    32.6124       2516    10.4792  0.000e+00
     92.756     6.3061   3.255529    32.6184       2517    10.4833  0.000e+00
     92.691     6.3062   3.254998    32.6125       2518    10.4875  0.000e+00
     92.613     6.3056   3.254781    32.6107       2519    10.4917  0.000e+00
     92.550     6.3043   3.253921    32.6024       2520    10.4958  0.000e+00
     92.472     6.3018   3.253653    32.6019       2521    10.5000  0.000e+00
     92.407     6.2989   3.253591    32.6040       2522    10.5042  0.000e+00
     92.345     6.2965   3.253513    32.6055       2523    10.5083  0.000e+00
     92.286     6.2950   3.253284    32.6044       2524    10.5125  0.000e+00
     92.231     6.2934   3.252776    32.6003       2525    10.5167  0.000e+00
     92.186     6.2911   3.252921    32.6041       2526    10.5208  0.000e+00
     92.135     6.2899   3.253022    32.6064       2527    10.5250  0.000e+00
     92.090     6.2895   3.252513    32.6012       2528    10.5292  0.000e+00
     92.050     6.2881   3.252664    32.6042       2529    10.5333  0.000e+00
     92.007     6.2871   3.252128    32.5992       2530    10.5375  0.000e+00
     91.956     6.2856   3.252005    32.5993       2531    10.5417  0.000e+00
     91.907     6.2839   3.251860    32.5994       2532    10.5458  0.000e+00
     91.860     6.2825   3.251760    32.5996       2533    10.5500  0.000e+00
     91.804     6.2814   3.252329    32.6070       2534    10.5542  0.000e+00
     91.757     6.2817   3.252413    32.6077       2535    10.5583  0.000e+00
     91.696     6.2827   3.252089    32.6031       2536    10.5625  0.000e+00
     91.634     6.2827   3.251575    32.5975       2537    10.5667  0.000e+00
     91.565     6.2812   3.251252    32.5953       2538    10.5708  0.000e+00
     91.505     6.2794   3.251291    32.5975       2539    10.5750  0.000e+00
     91.440     6.2779   3.250956    32.5953       2540    10.5792  0.000e+00
     91.373     6.2765   3.250766    32.5945       2541    10.5833  0.000e+00
     91.306     6.2749   3.250604    32.5943       2542    10.5875  0.000e+00
     91.245     6.2734   3.249973    32.5887       2543    10.5917  0.000e+00
     91.185     6.2710   3.249421    32.5849       2544    10.5958  0.000e+00
     91.129     6.2678   3.248974    32.5831       2545    10.6000  0.000e+00
     91.075     6.2648   3.249119    32.5876       2546    10.6042  0.000e+00
     91.028     6.2628   3.248913    32.5872       2547    10.6083  0.000e+00
     90.979     6.2612   3.248690    32.5863       2548    10.6125  0.000e+00
     90.937     6.2596   3.248405    32.5847       2549    10.6167  0.000e+00
     90.901     6.2579   3.248394    32.5862       2550    10.6208  0.000e+00
     90.874     6.2566   3.248651    32.5903       2551    10.6250  0.000e+00
     90.847     6.2561   3.248690    32.5912       2552    10.6292  0.000e+00
     90.823     6.2564   3.248226    32.5858       2553    10.6333  0.000e+00
     90.798     6.2556   3.248182    32.5861       2554    10.6375  0.000e+00
     90.774     6.2547   3.247981    32.5848       2555    10.6417  0.000e+00
     90.745     6.2536   3.247267    32.5779       2556    10.6458  0.000e+00
     90.707     6.2514   3.246374    32.5700       2557    10.6500  0.000e+00
     90.666     6.2479   3.246195    32.5715       2558    10.6542  0.000e+00
     90.617     6.2447   3.246273    32.5754       2559    10.6583  0.000e+00
     90.570     6.2426   3.246597    32.5811       2560    10.6625  0.000e+00
     90.506     6.2420   3.246374    32.5792       2561    10.6667  0.000e+00
     90.448     6.2413   3.245626    32.5716       2562    10.6708  0.000e+00
     90.385     6.2395   3.245442    32.5712       2563    10.6750  0.000e+00
     90.315     6.2375   3.245442    32.5732       2564    10.6792  0.000e+00
     90.251     6.2359   3.245359    32.5739       2565    10.6833  0.000e+00
     90.182     6.2348   3.245342    32.5748       2566    10.6875  0.000e+00
     90.115     6.2340   3.245057    32.5724       2567    10.6917  0.000e+00
     90.052     6.2329   3.244711    32.5696       2568    10.6958  0.000e+00
     89.982     6.2314   3.244527    32.5690       2569    10.7000  0.000e+00
     89.913     6.2300   3.244466    32.5698       2570    10.7042  0.000e+00
     89.848     6.2286   3.244427    32.5706       2571    10.7083  0.000e+00
     89.784     6.2277   3.244326    32.5705       2572    10.7125  0.000e+00
     89.723     6.2270   3.244148    32.5692       2573    10.7167  0.000e+00
     89.665     6.2262   3.244081    32.5692       2574    10.7208  0.000e+00
     89.607     6.2253   3.244064    32.5699       2575    10.7250  0.000e+00
     89.554     6.2245   3.244003    32.5700       2576    10.7292  0.000e+00
     89.502     6.2243   3.243919    32.5693       2577    10.7333  0.000e+00
     89.453     6.2236   3.243657    32.5671       2578    10.7375  0.000e+00
     89.408     6.2228   3.243607    32.5673       2579    10.7417  0.000e+00
     89.359     6.2221   3.243534    32.5672       2580    10.7458  0.000e+00
     89.319     6.2217   3.243495    32.5672       2581    10.7500  0.000e+00
     89.272     6.2212   3.243456    32.5673       2582    10.7542  0.000e+00
     89.223     6.2209   3.243350    32.5664       2583    10.7583  0.000e+00
     89.176     6.2204   3.243161    32.5647       2584    10.7625  0.000e+00
     89.124     6.2200   3.243049    32.5639       2585    10.7667  0.000e+00
     89.080     6.2195   3.242887    32.5626       2586    10.7708  0.000e+00
     89.024     6.2188   3.242642    32.5606       2587    10.7750  0.000e+00
     88.972     6.2180   3.242441    32.5591       2588    10.7792  0.000e+00
     88.914     6.2171   3.242318    32.5587       2589    10.7833  0.000e+00
     88.854     6.2162   3.242196    32.5582       2590    10.7875  0.000e+00
     88.796     6.2154   3.242179    32.5588       2591    10.7917  0.000e+00
     88.738     6.2149   3.241527    32.5521       2592    10.7958  0.000e+00
     88.680     6.2138   3.240595    32.5428       2593    10.8000  0.000e+00
     88.626     6.2121   3.240188    32.5399       2594    10.8042  0.000e+00
     88.570     6.2101   3.239765    32.5372       2595    10.8083  0.000e+00
     88.514     6.2081   3.239581    32.5370       2596    10.8125  0.000e+00
     88.458     6.2064   3.239441    32.5371       2597    10.8167  0.000e+00
     88.409     6.2050   3.239341    32.5374       2598    10.8208  0.000e+00
     88.356     6.2038   3.239196    32.5369       2599    10.8250  0.000e+00
     88.311     6.2028   3.239079    32.5366       2600    10.8292  0.000e+00
     88.269     6.2018   3.238750    32.5339       2601    10.8333  0.000e+00
     88.228     6.2008   3.238672    32.5340       2602    10.8375  0.000e+00
     88.190     6.1996   3.238672    32.5352       2603    10.8417  0.000e+00
     88.155     6.1989   3.238388    32.5327       2604    10.8458  0.000e+00
     88.126     6.1980   3.238248    32.5321       2605    10.8500  0.000e+00
     88.099     6.1967   3.237396    32.5238       2606    10.8542  0.000e+00
     88.083     6.1947   3.236850    32.5196       2607    10.8583  0.000e+00
     88.059     6.1917   3.237095    32.5252       2608    10.8625  0.000e+00
     88.050     6.1900   3.236721    32.5228       2609    10.8667  0.000e+00
     88.032     6.1886   3.236264    32.5190       2610    10.8708  0.000e+00
     88.019     6.1867   3.236142    32.5195       2611    10.8750  0.000e+00
     88.001     6.1850   3.236304    32.5228       2612    10.8792  0.000e+00
     87.987     6.1842   3.236387    32.5246       2613    10.8833  0.000e+00
     87.971     6.1839   3.236265    32.5235       2614    10.8875  0.000e+00
     87.953     6.1835   3.235980    32.5207       2615    10.8917  0.000e+00
     87.925     6.1828   3.235562    32.5168       2616    10.8958  0.000e+00
     87.893     6.1813   3.234849    32.5103       2617    10.9000  0.000e+00
     87.856     6.1791   3.234704    32.5108       2618    10.9042  0.000e+00
     87.808     6.1768   3.234543    32.5112       2619    10.9083  0.000e+00
     87.750     6.1752   3.234142    32.5084       2620    10.9125  0.000e+00
     87.681     6.1736   3.233451    32.5021       2621    10.9167  0.000e+00
     87.605     6.1714   3.232727    32.4962       2622    10.9208  0.000e+00
     87.522     6.1685   3.232420    32.4956       2623    10.9250  0.000e+00
     87.433     6.1660   3.232181    32.4955       2624    10.9292  0.000e+00
     87.335     6.1636   3.231797    32.4935       2625    10.9333  0.000e+00
     87.236     6.1613   3.231512    32.4925       2626    10.9375  0.000e+00
     87.131     6.1594   3.231373    32.4929       2627    10.9417  0.000e+00
     87.020     6.1578   3.231334    32.4940       2628    10.9458  0.000e+00
     86.926     6.1567   3.230928    32.4906       2629    10.9500  0.000e+00
     86.823     6.1554   3.230705    32.4894       2630    10.9542  0.000e+00
     86.724     6.1542   3.230605    32.4895       2631    10.9583  0.000e+00
     86.633     6.1529   3.230059    32.4847       2632    10.9625  0.000e+00
     86.550     6.1509   3.229513    32.4806       2633    10.9667  0.000e+00
     86.478     6.1484   3.229758    32.4858       2634    10.9708  0.000e+00
     86.416     6.1467   3.229174    32.4809       2635    10.9750  0.000e+00
     86.360     6.1446   3.227943    32.4692       2636    10.9792  0.000e+00
     86.315     6.1405   3.227448    32.4676       2637    10.9833  0.000e+00
     86.280     6.1359   3.227275    32.4701       2638    10.9875  0.000e+00
     86.253     6.1326   3.227214    32.4726       2639    10.9917  0.000e+00
     86.239     6.1302   3.227097    32.4735       2640    10.9958  0.000e+00
     86.239     6.1285   3.227259    32.4770       2641    11.0000  0.000e+00
     86.244     6.1276   3.227459    32.4801       2642    11.0042  0.000e+00
     86.262     6.1275   3.227682    32.4827       2643    11.0083  0.000e+00
     86.284     6.1281   3.227420    32.4791       2644    11.0125  0.000e+00
     86.305     6.1283   3.227470    32.4795       2645    11.0167  0.000e+00
     86.331     6.1281   3.227598    32.4811       2646    11.0208  0.000e+00
     86.354     6.1285   3.228144    32.4868       2647    11.0250  0.000e+00
     86.378     6.1298   3.228467    32.4891       2648    11.0292  0.000e+00
     86.388     6.1316   3.228506    32.4879       2649    11.0333  0.000e+00
     86.387     6.1328   3.228405    32.4856       2650    11.0375  0.000e+00
     86.381     6.1336   3.228082    32.4812       2651    11.0417  0.000e+00
     86.363     6.1334   3.228105    32.4817       2652    11.0458  0.000e+00
     86.334     6.1331   3.228756    32.4893       2653    11.0500  0.000e+00
     86.296     6.1344   3.228790    32.4884       2654    11.0542  0.000e+00
     86.254     6.1359   3.227960    32.4778       2655    11.0583  0.000e+00
     86.207     6.1347   3.227459    32.4733       2656    11.0625  0.000e+00
     86.153     6.1327   3.227275    32.4732       2657    11.0667  0.000e+00
     86.092     6.1304   3.226913    32.4714       2658    11.0708  0.000e+00
     86.034     6.1282   3.226836    32.4727       2659    11.0750  0.000e+00
     85.974     6.1262   3.226429    32.4701       2660    11.0792  0.000e+00
     85.911     6.1242   3.226273    32.4703       2661    11.0833  0.000e+00
     85.840     6.1219   3.226028    32.4698       2662    11.0875  0.000e+00
     85.777     6.1200   3.226045    32.4719       2663    11.0917  0.000e+00
     85.703     6.1184   3.225767    32.4703       2664    11.0958  0.000e+00
     85.628     6.1170   3.225667    32.4706       2665    11.1000  0.000e+00
     85.560     6.1156   3.225483    32.4699       2666    11.1042  0.000e+00
     85.484     6.1140   3.225160    32.4678       2667    11.1083  0.000e+00
     85.411     6.1121   3.224798    32.4656       2668    11.1125  0.000e+00
     85.342     6.1097   3.224220    32.4615       2669    11.1167  0.000e+00
     85.281     6.1064   3.223330    32.4548       2670    11.1208  0.000e+00
     85.219     6.1015   3.223007    32.4559       2671    11.1250  0.000e+00
     85.169     6.0969   3.222701    32.4569       2672    11.1292  0.000e+00
     85.114     6.0932   3.222885    32.4625       2673    11.1333  0.000e+00
     85.075     6.0904   3.221216    32.4466       2674    11.1375  0.000e+00
     85.037     6.0853   3.220971    32.4488       2675    11.1417  0.000e+00
     85.004     6.0795   3.221377    32.4589       2676    11.1458  0.000e+00
