HB2406/sbe036.cnv
* Sea-Bird SBE 19plus V2 Data File:
* FileName = C:\cruise\data\sbe036.hex
* Software Version Seasave V 7.26.7.121
* Temperature SN = 7037
* Conductivity SN = 7037
* System UpLoad Time = Aug 15 2024 05:16:10
* NMEA Latitude = 41 23.60 N
* NMEA Longitude = 066 00.61 W
* NMEA UTC (Time) = Aug 15 2024  05:15:01
** Ship: Henry Bigelow
** Cruise:  HB2406
** Program:  ECOMON
# nquan = 7
# nvalues = 5018                                  
# units = specified
# name 0 = depSM: Depth [salt water, m]
# name 1 = tv290C: Temperature [ITS-90, deg C]
# name 2 = c0S/m: Conductivity [S/m]
# name 3 = sal00: Salinity, Practical [PSU]
# name 4 = scan: Scan Count
# name 5 = timeM: Time, Elapsed [minutes]
# name 6 = flag:  0.000e+00
# span 0 =     -0.024,    199.024                 
# span 1 =     9.0394,    20.5989                 
# span 2 =  -0.000039,   4.498293                 
# span 3 =     0.0000,    35.5525                 
# span 4 =         11,       5028                 
# span 5 =     0.0417,    20.9458                 
# span 6 = 0.0000e+00, 0.0000e+00                 
# interval = seconds: 0.25
# start_time = Aug 15 2024 05:15:01 [NMEA time, header]
# bad_flag = -9.990e-29
*END*
[from data line 2667]
    116.432    11.3157   3.925062    34.8567       2678    11.1542  0.000e+00
    116.369    11.3210   3.926151    34.8626       2679    11.1583  0.000e+00
    116.315    11.3269   3.925988    34.8554       2680    11.1625  0.000e+00
    116.257    11.3321   3.927427    34.8648       2681    11.1667  0.000e+00
    116.202    11.3390   3.927313    34.8571       2682    11.1708  0.000e+00
    116.141    11.3447   3.927385    34.8525       2683    11.1750  0.000e+00
    116.085    11.3477   3.926638    34.8423       2684    11.1792  0.000e+00
    116.023    11.3479   3.926012    34.8359       2685    11.1833  0.000e+00
    115.964    11.3451   3.925922    34.8377       2686    11.1875  0.000e+00
    115.897    11.3426   3.927313    34.8538       2687    11.1917  0.000e+00
    115.831    11.3453   3.929173    34.8697       2688    11.1958  0.000e+00
    115.759    11.3534   3.930191    34.8722       2689    11.2000  0.000e+00
    115.694    11.3625   3.930004    34.8618       2690    11.2042  0.000e+00
    115.614    11.3683   3.927962    34.8361       2691    11.2083  0.000e+00
    115.540    11.3667   3.927360    34.8317       2692    11.2125  0.000e+00
    115.468    11.3619   3.927150    34.8342       2693    11.2167  0.000e+00
    115.390    11.3577   3.927198    34.8387       2694    11.2208  0.000e+00
    115.320    11.3550   3.927384    34.8431       2695    11.2250  0.000e+00
    115.247    11.3540   3.928312    34.8532       2696    11.2292  0.000e+00
    115.182    11.3560   3.928239    34.8507       2697    11.2333  0.000e+00
    115.108    11.3575   3.929100    34.8578       2698    11.2375  0.000e+00
    115.039    11.3610   3.929173    34.8552       2699    11.2417  0.000e+00
    114.965    11.3642   3.930774    34.8681       2700    11.2458  0.000e+00
    114.893    11.3709   3.931864    34.8726       2701    11.2500  0.000e+00
    114.818    11.3803   3.932629    34.8714       2702    11.2542  0.000e+00
    114.746    11.3889   3.933123    34.8681       2703    11.2583  0.000e+00
    114.668    11.3967   3.932774    34.8574       2704    11.2625  0.000e+00
    114.596    11.4010   3.932888    34.8545       2705    11.2667  0.000e+00
    114.522    11.4031   3.932653    34.8502       2706    11.2708  0.000e+00
    114.447    11.4035   3.931677    34.8402       2707    11.2750  0.000e+00
    114.375    11.4028   3.930864    34.8328       2708    11.2792  0.000e+00
    114.303    11.3996   3.930587    34.8332       2709    11.2833  0.000e+00
    114.245    11.3976   3.930400    34.8332       2710    11.2875  0.000e+00
    114.183    11.3957   3.930310    34.8342       2711    11.2917  0.000e+00
    114.122    11.3938   3.930352    34.8365       2712    11.2958  0.000e+00
    114.066    11.3924   3.930448    34.8387       2713    11.3000  0.000e+00
    114.015    11.3920   3.929678    34.8314       2714    11.3042  0.000e+00
    113.959    11.3891   3.929840    34.8359       2715    11.3083  0.000e+00
    113.906    11.3863   3.929515    34.8353       2716    11.3125  0.000e+00
    113.852    11.3844   3.929431    34.8363       2717    11.3167  0.000e+00
    113.800    11.3836   3.929798    34.8406       2718    11.3208  0.000e+00
    113.740    11.3858   3.929750    34.8382       2719    11.3250  0.000e+00
    113.677    11.3871   3.929587    34.8354       2720    11.3292  0.000e+00
    113.619    11.3874   3.929539    34.8346       2721    11.3333  0.000e+00
    113.559    11.3865   3.929659    34.8367       2722    11.3375  0.000e+00
    113.489    11.3863   3.929635    34.8367       2723    11.3417  0.000e+00
    113.427    11.3870   3.929659    34.8363       2724    11.3458  0.000e+00
    113.362    11.3878   3.930003    34.8390       2725    11.3500  0.000e+00
    113.297    11.3907   3.930051    34.8367       2726    11.3542  0.000e+00
    113.228    11.3942   3.930099    34.8339       2727    11.3583  0.000e+00
    113.157    11.3969   3.930002    34.8304       2728    11.3625  0.000e+00
    113.085    11.3984   3.929822    34.8273       2729    11.3667  0.000e+00
    113.014    11.3983   3.929587    34.8251       2730    11.3708  0.000e+00
    112.949    11.3968   3.929376    34.8245       2731    11.3750  0.000e+00
    112.884    11.3941   3.929310    34.8264       2732    11.3792  0.000e+00
    112.817    11.3920   3.929334    34.8286       2733    11.3833  0.000e+00
    112.756    11.3905   3.929376    34.8305       2734    11.3875  0.000e+00
    112.694    11.3900   3.929376    34.8310       2735    11.3917  0.000e+00
    112.635    11.3903   3.929009    34.8271       2736    11.3958  0.000e+00
    112.577    11.3895   3.929051    34.8283       2737    11.4000  0.000e+00
    112.519    11.3887   3.929051    34.8291       2738    11.4042  0.000e+00
    112.463    11.3883   3.929213    34.8311       2739    11.4083  0.000e+00
    112.410    11.3876   3.928985    34.8295       2740    11.4125  0.000e+00
    112.358    11.3869   3.929171    34.8320       2741    11.4167  0.000e+00
    112.298    11.3866   3.929171    34.8323       2742    11.4208  0.000e+00
    112.247    11.3867   3.929261    34.8331       2743    11.4250  0.000e+00
    112.190    11.3870   3.929261    34.8329       2744    11.4292  0.000e+00
    112.128    11.3874   3.929261    34.8326       2745    11.4333  0.000e+00
    112.059    11.3880   3.929725    34.8366       2746    11.4375  0.000e+00
    111.987    11.3905   3.929960    34.8366       2747    11.4417  0.000e+00
    111.916    11.3933   3.929960    34.8340       2748    11.4458  0.000e+00
    111.835    11.3954   3.928496    34.8176       2749    11.4500  0.000e+00
    111.748    11.3933   3.928846    34.8230       2750    11.4542  0.000e+00
    111.665    11.3925   3.928496    34.8204       2751    11.4583  0.000e+00
    111.573    11.3925   3.928376    34.8192       2752    11.4625  0.000e+00
    111.480    11.3927   3.928009    34.8154       2753    11.4667  0.000e+00
    111.388    11.3917   3.927774    34.8141       2754    11.4708  0.000e+00
    111.294    11.3901   3.927310    34.8111       2755    11.4750  0.000e+00
    111.207    11.3870   3.927262    34.8135       2756    11.4792  0.000e+00
    111.115    11.3843   3.927635    34.8198       2757    11.4833  0.000e+00
    111.026    11.3839   3.927683    34.8207       2758    11.4875  0.000e+00
    110.952    11.3842   3.928587    34.8294       2759    11.4917  0.000e+00
    110.872    11.3881   3.934001    34.8793       2760    11.4958  0.000e+00
    110.802    11.4066   3.934977    34.8716       2761    11.5000  0.000e+00
    110.735    11.4262   3.935748    34.8607       2762    11.5042  0.000e+00
    110.671    11.4414   3.934609    34.8352       2763    11.5083  0.000e+00
    110.615    11.4491   3.934446    34.8263       2764    11.5125  0.000e+00
    110.559    11.4519   3.936326    34.8423       2765    11.5167  0.000e+00
    110.512    11.4589   3.938749    34.8597       2766    11.5208  0.000e+00
    110.463    11.4736   3.938658    34.8449       2767    11.5250  0.000e+00
    110.420    11.4856   3.938260    34.8297       2768    11.5292  0.000e+00
    110.373    11.4915   3.938356    34.8251       2769    11.5333  0.000e+00
    110.326    11.4963   3.934861    34.7861       2770    11.5375  0.000e+00
    110.280    11.4940   3.934976    34.7895       2771    11.5417  0.000e+00
    110.230    11.4904   3.931397    34.7576       2772    11.5458  0.000e+00
    110.174    11.4809   3.927218    34.7253       2773    11.5500  0.000e+00
    110.121    11.4653   3.925846    34.7263       2774    11.5542  0.000e+00
    110.058    11.4511   3.925359    34.7349       2775    11.5583  0.000e+00
    109.998    11.4412   3.925106    34.7418       2776    11.5625  0.000e+00
    109.924    11.4343   3.923180    34.7293       2777    11.5667  0.000e+00
    109.857    11.4266   3.920677    34.7118       2778    11.5708  0.000e+00
    109.788    11.4156   3.919263    34.7082       2779    11.5750  0.000e+00
    109.720    11.4036   3.915931    34.6866       2780    11.5792  0.000e+00
    109.649    11.3882   3.917110    34.7127       2781    11.5833  0.000e+00
    109.578    11.3770   3.917549    34.7276       2782    11.5875  0.000e+00
    109.512    11.3735   3.916557    34.7211       2783    11.5917  0.000e+00
    109.441    11.3704   3.915541    34.7140       2784    11.5958  0.000e+00
    109.376    11.3637   3.913112    34.6963       2785    11.6000  0.000e+00
    109.305    11.3533   3.910455    34.6798       2786    11.6042  0.000e+00
    109.237    11.3398   3.910708    34.6951       2787    11.6083  0.000e+00
    109.170    11.3291   3.911820    34.7162       2788    11.6125  0.000e+00
    109.096    11.3252   3.910570    34.7075       2789    11.6167  0.000e+00
    109.020    11.3219   3.913178    34.7364       2790    11.6208  0.000e+00
    108.944    11.3242   3.909644    34.6993       2791    11.6250  0.000e+00
    108.868    11.3192   3.904177    34.6499       2792    11.6292  0.000e+00
    108.792    11.3023   3.905427    34.6782       2793    11.6333  0.000e+00
    108.719    11.2904   3.903073    34.6661       2794    11.6375  0.000e+00
    108.649    11.2798   3.906418    34.7093       2795    11.6417  0.000e+00
    108.578    11.2796   3.912349    34.7683       2796    11.6458  0.000e+00
    108.513    11.2942   3.910366    34.7349       2797    11.6500  0.000e+00
    108.451    11.3044   3.909206    34.7138       2798    11.6542  0.000e+00
    108.384    11.3058   3.905979    34.6806       2799    11.6583  0.000e+00
    108.325    11.2986   3.905931    34.6869       2800    11.6625  0.000e+00
    108.269    11.2901   3.906694    34.7025       2801    11.6667  0.000e+00
    108.216    11.2871   3.909146    34.7296       2802    11.6708  0.000e+00
    108.156    11.2912   3.908148    34.7159       2803    11.6750  0.000e+00
    108.100    11.2943   3.910732    34.7386       2804    11.6792  0.000e+00
    108.048    11.3035   3.909554    34.7183       2805    11.6833  0.000e+00
    107.992    11.3090   3.907823    34.6960       2806    11.6875  0.000e+00
    107.936    11.3049   3.906670    34.6884       2807    11.6917  0.000e+00
    107.876    11.2974   3.905607    34.6850       2808    11.6958  0.000e+00
    107.816    11.2890   3.903144    34.6685       2809    11.7000  0.000e+00
    107.753    11.2762   3.898425    34.6338       2810    11.7042  0.000e+00
    107.689    11.2570   3.898306    34.6507       2811    11.7083  0.000e+00
    107.623    11.2407   3.899254    34.6755       2812    11.7125  0.000e+00
    107.557    11.2327   3.896883    34.6595       2813    11.7167  0.000e+00
    107.491    11.2225   3.896259    34.6629       2814    11.7208  0.000e+00
    107.422    11.2138   3.896307    34.6716       2815    11.7250  0.000e+00
    107.358    11.2064   3.893961    34.6553       2816    11.7292  0.000e+00
    107.290    11.1987   3.894399    34.6669       2817    11.7333  0.000e+00
    107.223    11.1908   3.892330    34.6539       2818    11.7375  0.000e+00
    107.156    11.1817   3.893092    34.6700       2819    11.7417  0.000e+00
    107.091    11.1794   3.906485    34.8053       2820    11.7458  0.000e+00
    107.024    11.2046   3.891802    34.6358       2821    11.7500  0.000e+00
    106.962    11.2035   3.898210    34.7005       2822    11.7542  0.000e+00
    106.899    11.2026   3.900449    34.7236       2823    11.7583  0.000e+00
    106.837    11.2163   3.901187    34.7180       2824    11.7625  0.000e+00
    106.778    11.2275   3.910805    34.8030       2825    11.7667  0.000e+00
    106.718    11.2601   3.908424    34.7486       2826    11.7708  0.000e+00
    106.653    11.2805   3.907385    34.7191       2827    11.7750  0.000e+00
    106.593    11.2914   3.922139    34.8551       2828    11.7792  0.000e+00
    106.532    11.3296   3.923391    34.8315       2829    11.7833  0.000e+00
    106.472    11.3710   3.925172    34.8101       2830    11.7875  0.000e+00
    106.405    11.4010   3.924268    34.7729       2831    11.7917  0.000e+00
    106.340    11.4183   3.924154    34.7555       2832    11.7958  0.000e+00
    106.278    11.4279   3.924617    34.7510       2833    11.8000  0.000e+00
    106.215    11.4347   3.925291    34.7514       2834    11.8042  0.000e+00
    106.154    11.4405   3.924268    34.7358       2835    11.8083  0.000e+00
    106.092    11.4421   3.921301    34.7051       2836    11.8125  0.000e+00
    106.041    11.4352   3.925171    34.7498       2837    11.8167  0.000e+00
    105.984    11.4376   3.923016    34.7263       2838    11.8208  0.000e+00
    105.929    11.4377   3.922715    34.7232       2839    11.8250  0.000e+00
    105.878    11.4348   3.922438    34.7233       2840    11.8292  0.000e+00
    105.831    11.4323   3.923503    34.7362       2841    11.8333  0.000e+00
    105.783    11.4338   3.923341    34.7332       2842    11.8375  0.000e+00
    105.737    11.4352   3.923269    34.7312       2843    11.8417  0.000e+00
    105.692    11.4358   3.922480    34.7228       2844    11.8458  0.000e+00
    105.647    11.4344   3.922161    34.7210       2845    11.8500  0.000e+00
    105.605    11.4318   3.920423    34.7063       2846    11.8542  0.000e+00
    105.555    11.4259   3.917619    34.6841       2847    11.8583  0.000e+00
    105.511    11.4157   3.921301    34.7301       2848    11.8625  0.000e+00
    105.461    11.4146   3.924665    34.7644       2849    11.8667  0.000e+00
    105.404    11.4244   3.920074    34.7098       2850    11.8708  0.000e+00
    105.345    11.4243   3.922179    34.7308       2851    11.8750  0.000e+00
    105.289    11.4235   3.923389    34.7435       2852    11.8792  0.000e+00
    105.218    11.4284   3.922625    34.7314       2853    11.8833  0.000e+00
    105.151    11.4319   3.923918    34.7409       2854    11.8875  0.000e+00
    105.079    11.4350   3.925381    34.7525       2855    11.8917  0.000e+00
    105.003    11.4414   3.924129    34.7342       2856    11.8958  0.000e+00
    104.925    11.4439   3.924544    34.7359       2857    11.9000  0.000e+00
    104.851    11.4464   3.923918    34.7274       2858    11.9042  0.000e+00
    104.773    11.4451   3.922299    34.7127       2859    11.9083  0.000e+00
    104.701    11.4403   3.922089    34.7151       2860    11.9125  0.000e+00
    104.628    11.4357   3.922390    34.7225       2861    11.9167  0.000e+00
    104.559    11.4326   3.922480    34.7264       2862    11.9208  0.000e+00
    104.489    11.4314   3.920561    34.7085       2863    11.9250  0.000e+00
    104.420    11.4263   3.923268    34.7401       2864    11.9292  0.000e+00
    104.353    11.4272   3.925682    34.7631       2865    11.9333  0.000e+00
    104.283    11.4377   3.924917    34.7458       2866    11.9375  0.000e+00
    104.216    11.4450   3.921974    34.7099       2867    11.9417  0.000e+00
    104.151    11.4374   3.906276    34.5620       2868    11.9458  0.000e+00
    104.087    11.3905   3.906854    34.6116       2869    11.9500  0.000e+00
    104.015    11.3542   3.911908    34.6957       2870    11.9542  0.000e+00
    103.953    11.3384   3.888680    34.4807       2871    11.9583  0.000e+00
    103.894    11.2791   3.885839    34.5081       2872    11.9625  0.000e+00
    103.832    11.2181   3.883365    34.5407       2873    11.9667  0.000e+00
    103.778    11.1732   3.884258    34.5918       2874    11.9708  0.000e+00
    103.733    11.1461   3.892563    34.6999       2875    11.9750  0.000e+00
    103.682    11.1483   3.893331    34.7055       2876    11.9792  0.000e+00
    103.637    11.1616   3.893781    34.6974       2877    11.9833  0.000e+00
    103.599    11.1703   3.891963    34.6712       2878    11.9875  0.000e+00
    103.552    11.1710   3.893156    34.6824       2879    11.9917  0.000e+00
    103.512    11.1730   3.896444    34.7132       2880    11.9958  0.000e+00
    103.472    11.1813   3.902429    34.7649       2881    12.0000  0.000e+00
