HB2406/sbe014.cnv
* Sea-Bird SBE 19plus V2 Data File:
* FileName = C:\cruise\data\sbe014.hex
* Software Version Seasave V 7.26.7.121
* Temperature SN = 7037
* Conductivity SN = 7037
* System UpLoad Time = Aug 13 2024 13:57:51
* NMEA Latitude = 40 38.56 N
* NMEA Longitude = 068 45.34 W
* NMEA UTC (Time) = Aug 13 2024  13:56:41
** Ship: Henry Bigelow
** Cruise:  HB2406
** Program:  ECOMON
# nquan = 7
# nvalues = 1629                                  
# units = specified
# name 0 = depSM: Depth [salt water, m]
# name 1 = tv290C: Temperature [ITS-90, deg C]
# name 2 = c0S/m: Conductivity [S/m]
# name 3 = sal00: Salinity, Practical [PSU]
# name 4 = scan: Scan Count
# name 5 = timeM: Time, Elapsed [minutes]
# name 6 = flag:  0.000e+00
# span 0 =     -0.026,     58.209                 
# span 1 =    11.1398,    23.2727                 
# span 2 =  -0.000073,   4.386813                 
# span 3 =     0.0000,    33.5016                 
# span 4 =         11,       1639                 
# span 5 =     0.0417,     6.8250                 
# span 6 = 0.0000e+00, 0.0000e+00                 
# interval = seconds: 0.25
# start_time = Aug 13 2024 13:56:41 [NMEA time, header]
# bad_flag = -9.990e-29
*END*
[from data line 411]
     27.666    13.6213   3.884336    32.4387        422     1.7542  0.000e+00
     27.843    13.5038   3.874322    32.4450        423     1.7583  0.000e+00
     28.019    13.3909   3.867961    32.4816        424     1.7625  0.000e+00
     28.201    13.2886   3.863243    32.5247        425     1.7667  0.000e+00
     28.382    13.2113   3.859693    32.5575        426     1.7708  0.000e+00
     28.561    13.1481   3.851316    32.5327        427     1.7750  0.000e+00
     28.735    13.0904   3.839868    32.4743        428     1.7792  0.000e+00
     28.903    13.0338   3.827362    32.4048        429     1.7833  0.000e+00
     29.068    12.9790   3.818543    32.3684        430     1.7875  0.000e+00
     29.232    12.9233   3.810031    32.3355        431     1.7917  0.000e+00
     29.388    12.8626   3.803106    32.3218        432     1.7958  0.000e+00
     29.541    12.8048   3.797095    32.3143        433     1.8000  0.000e+00
     29.697    12.7466   3.790750    32.3039        434     1.8042  0.000e+00
     29.849    12.6889   3.787850    32.3257        435     1.8083  0.000e+00
     30.001    12.6342   3.784108    32.3370        436     1.8125  0.000e+00
     30.149    12.5826   3.781049    32.3522        437     1.8167  0.000e+00
     30.299    12.5314   3.778987    32.3765        438     1.8208  0.000e+00
     30.442    12.4822   3.779604    32.4247        439     1.8250  0.000e+00
     30.598    12.4347   3.779201    32.4618        440     1.8292  0.000e+00
     30.760    12.3899   3.778165    32.4906        441     1.8333  0.000e+00
     30.912    12.3472   3.776909    32.5155        442     1.8375  0.000e+00
     31.066    12.3056   3.772455    32.5088        443     1.8417  0.000e+00
     31.221    12.2642   3.766688    32.4893        444     1.8458  0.000e+00
     31.379    12.2252   3.764966    32.5065        445     1.8500  0.000e+00
     31.534    12.1873   3.764837    32.5382        446     1.8542  0.000e+00
     31.697    12.1474   3.765423    32.5785        447     1.8583  0.000e+00
     31.865    12.1082   3.764879    32.6073        448     1.8625  0.000e+00
     32.030    12.0796   3.766022    32.6433        449     1.8667  0.000e+00
     32.205    12.0553   3.766448    32.6686        450     1.8708  0.000e+00
     32.381    12.0305   3.767384    32.6993        451     1.8750  0.000e+00
     32.560    12.0062   3.767751    32.7240        452     1.8792  0.000e+00
     32.739    11.9865   3.767758    32.7413        453     1.8833  0.000e+00
     32.927    11.9666   3.766077    32.7424        454     1.8875  0.000e+00
     33.109    11.9440   3.762592    32.7286        455     1.8917  0.000e+00
     33.292    11.9207   3.754165    32.6672        456     1.8958  0.000e+00
     33.471    11.8956   3.744494    32.5955        457     1.9000  0.000e+00
     33.645    11.8709   3.734727    32.5224        458     1.9042  0.000e+00
     33.813    11.8484   3.727180    32.4688        459     1.9083  0.000e+00
     33.981    11.8261   3.720823    32.4266        460     1.9125  0.000e+00
     34.138    11.8022   3.717231    32.4125        461     1.9167  0.000e+00
     34.296    11.7755   3.714282    32.4071        462     1.9208  0.000e+00
     34.453    11.7465   3.712758    32.4175        463     1.9250  0.000e+00
     34.605    11.7162   3.712370    32.4401        464     1.9292  0.000e+00
     34.755    11.6858   3.710788    32.4513        465     1.9333  0.000e+00
     34.907    11.6579   3.708835    32.4565        466     1.9375  0.000e+00
     35.057    11.6333   3.706912    32.4593        467     1.9417  0.000e+00
     35.214    11.6126   3.706642    32.4747        468     1.9458  0.000e+00
     35.368    11.5956   3.707930    32.5021        469     1.9500  0.000e+00
     35.527    11.5798   3.708795    32.5243        470     1.9542  0.000e+00
     35.685    11.5645   3.709101    32.5407        471     1.9583  0.000e+00
     35.847    11.5505   3.709019    32.5521        472     1.9625  0.000e+00
     36.008    11.5390   3.708384    32.5560        473     1.9667  0.000e+00
     36.176    11.5296   3.705308    32.5341        474     1.9708  0.000e+00
     36.343    11.5206   3.701758    32.5073        475     1.9750  0.000e+00
     36.509    11.5120   3.699489    32.4926        476     1.9792  0.000e+00
     36.676    11.5057   3.698120    32.4847        477     1.9833  0.000e+00
     36.846    11.5013   3.696787    32.4755        478     1.9875  0.000e+00
     37.014    11.4960   3.695994    32.4722        479     1.9917  0.000e+00
     37.184    11.4904   3.695589    32.4732        480     1.9958  0.000e+00
     37.348    11.4835   3.695137    32.4747        481     2.0000  0.000e+00
     37.518    11.4766   3.693252    32.4623        482     2.0042  0.000e+00
     37.683    11.4713   3.691760    32.4522        483     2.0083  0.000e+00
     37.849    11.4682   3.688772    32.4256        484     2.0125  0.000e+00
     38.021    11.4662   3.687792    32.4177        485     2.0167  0.000e+00
     38.184    11.4650   3.686014    32.4014        486     2.0208  0.000e+00
     38.352    11.4609   3.683134    32.3767        487     2.0250  0.000e+00
     38.520    11.4554   3.681902    32.3695        488     2.0292  0.000e+00
     38.685    11.4494   3.682196    32.3775        489     2.0333  0.000e+00
     38.849    11.4413   3.681181    32.3746        490     2.0375  0.000e+00
     39.008    11.4321   3.679029    32.3615        491     2.0417  0.000e+00
     39.162    11.4244   3.677681    32.3550        492     2.0458  0.000e+00
     39.310    11.4204   3.676245    32.3443        493     2.0500  0.000e+00
     39.466    11.4185   3.674569    32.3296        494     2.0542  0.000e+00
     39.611    11.4165   3.673919    32.3249        495     2.0583  0.000e+00
     39.761    11.4127   3.674593    32.3347        496     2.0625  0.000e+00
     39.911    11.4080   3.676451    32.3570        497     2.0667  0.000e+00
     40.063    11.4021   3.678942    32.3864        498     2.0708  0.000e+00
     40.218    11.3973   3.681376    32.4144        499     2.0750  0.000e+00
     40.372    11.3914   3.682801    32.4335        500     2.0792  0.000e+00
     40.533    11.3856   3.681880    32.4295        501     2.0833  0.000e+00
     40.690    11.3802   3.679248    32.4084        502     2.0875  0.000e+00
     40.853    11.3749   3.676809    32.3891        503     2.0917  0.000e+00
     41.016    11.3705   3.674857    32.3738        504     2.0958  0.000e+00
     41.180    11.3671   3.672086    32.3495        505     2.1000  0.000e+00
     41.343    11.3656   3.671119    32.3413        506     2.1042  0.000e+00
     41.506    11.3658   3.670088    32.3310        507     2.1083  0.000e+00
     41.663    11.3654   3.669327    32.3238        508     2.1125  0.000e+00
     41.828    11.3638   3.668706    32.3190        509     2.1167  0.000e+00
     41.989    11.3601   3.667652    32.3118        510     2.1208  0.000e+00
     42.148    11.3560   3.666733    32.3064        511     2.1250  0.000e+00
     42.312    11.3518   3.666973    32.3124        512     2.1292  0.000e+00
     42.481    11.3477   3.667225    32.3184        513     2.1333  0.000e+00
     42.649    11.3439   3.667764    32.3269        514     2.1375  0.000e+00
     42.817    11.3388   3.667506    32.3287        515     2.1417  0.000e+00
     42.987    11.3335   3.667811    32.3363        516     2.1458  0.000e+00
     43.166    11.3292   3.668256    32.3444        517     2.1500  0.000e+00
     43.340    11.3262   3.668836    32.3526        518     2.1542  0.000e+00
     43.510    11.3229   3.667899    32.3462        519     2.1583  0.000e+00
     43.678    11.3194   3.666980    32.3402        520     2.1625  0.000e+00
     43.844    11.3159   3.666131    32.3349        521     2.1667  0.000e+00
     44.005    11.3125   3.665282    32.3294        522     2.1708  0.000e+00
     44.155    11.3092   3.663608    32.3159        523     2.1750  0.000e+00
     44.302    11.3062   3.661712    32.2998        524     2.1792  0.000e+00
     44.447    11.3039   3.660372    32.2886        525     2.1833  0.000e+00
     44.586    11.3026   3.659881    32.2848        526     2.1875  0.000e+00
     44.725    11.3020   3.659413    32.2807        527     2.1917  0.000e+00
     44.864    11.3009   3.659571    32.2832        528     2.1958  0.000e+00
     45.000    11.2999   3.660349    32.2917        529     2.2000  0.000e+00
     45.145    11.2993   3.662760    32.3158        530     2.2042  0.000e+00
     45.288    11.2999   3.664528    32.3325        531     2.2083  0.000e+00
     45.438    11.3012   3.666887    32.3545        532     2.2125  0.000e+00
     45.590    11.3012   3.669194    32.3771        533     2.2167  0.000e+00
     45.743    11.2991   3.670202    32.3887        534     2.2208  0.000e+00
     45.902    11.2967   3.668345    32.3725        535     2.2250  0.000e+00
     46.063    11.2940   3.664996    32.3420        536     2.2292  0.000e+00
     46.226    11.2916   3.662760    32.3221        537     2.2333  0.000e+00
     46.389    11.2898   3.662269    32.3188        538     2.2375  0.000e+00
     46.552    11.2889   3.661953    32.3164        539     2.2417  0.000e+00
     46.718    11.2885   3.661403    32.3113        540     2.2458  0.000e+00
     46.881    11.2884   3.660999    32.3073        541     2.2500  0.000e+00
     47.051    11.2887   3.661186    32.3089        542     2.2542  0.000e+00
     47.223    11.2885   3.662047    32.3174        543     2.2583  0.000e+00
     47.403    11.2891   3.663206    32.3282        544     2.2625  0.000e+00
     47.584    11.2907   3.664259    32.3370        545     2.2667  0.000e+00
     47.761    11.2911   3.665266    32.3464        546     2.2708  0.000e+00
     47.946    11.2904   3.665378    32.3481        547     2.2750  0.000e+00
     48.123    11.2900   3.664775    32.3424        548     2.2792  0.000e+00
     48.302    11.2903   3.663920    32.3337        549     2.2833  0.000e+00
     48.481    11.2902   3.662474    32.3195        550     2.2875  0.000e+00
     48.651    11.2893   3.660666    32.3025        551     2.2917  0.000e+00
     48.818    11.2877   3.658589    32.2835        552     2.2958  0.000e+00
     48.980    11.2853   3.656086    32.2609        553     2.3000  0.000e+00
     49.136    11.2826   3.654045    32.2432        554     2.3042  0.000e+00
     49.286    11.2802   3.652420    32.2293        555     2.3083  0.000e+00
     49.433    11.2787   3.651169    32.2182        556     2.3125  0.000e+00
     49.568    11.2780   3.650374    32.2110        557     2.3167  0.000e+00
     49.713    11.2767   3.649509    32.2036        558     2.3208  0.000e+00
     49.845    11.2742   3.648685    32.1976        559     2.3250  0.000e+00
     49.977    11.2710   3.648452    32.1981        560     2.3292  0.000e+00
     50.113    11.2673   3.648995    32.2066        561     2.3333  0.000e+00
     50.245    11.2636   3.650152    32.2211        562     2.3375  0.000e+00
     50.391    11.2596   3.647178    32.1953        563     2.3417  0.000e+00
     50.440    11.2553   3.639364    32.1224        564     2.3458  0.000e+00
     50.453    11.2540   3.635337    32.0840        565     2.3500  0.000e+00
     50.407    11.2517   3.634648    32.0793        566     2.3542  0.000e+00
     50.340    11.2417   3.633388    32.0756        567     2.3583  0.000e+00
     50.313    11.2268   3.635582    32.1102        568     2.3625  0.000e+00
     50.313    11.2139   3.638752    32.1525        569     2.3667  0.000e+00
     50.310    11.2069   3.637707    32.1483        570     2.3708  0.000e+00
     50.306    11.2023   3.634632    32.1222        571     2.3750  0.000e+00
     50.310    11.1997   3.634322    32.1214        572     2.3792  0.000e+00
     50.315    11.1994   3.634579    32.1241        573     2.3833  0.000e+00
     50.326    11.1999   3.635606    32.1338        574     2.3875  0.000e+00
     50.342    11.2001   3.636353    32.1410        575     2.3917  0.000e+00
     50.358    11.1987   3.635513    32.1339        576     2.3958  0.000e+00
     50.367    11.1964   3.634696    32.1279        577     2.4000  0.000e+00
     50.378    11.1953   3.647985    32.2595        578     2.4042  0.000e+00
     50.449    11.1977   3.671822    32.4919        579     2.4083  0.000e+00
     50.554    11.2122   3.679488    32.5545        580     2.4125  0.000e+00
     50.695    11.2944   3.671598    32.4045        581     2.4167  0.000e+00
     50.876    11.3928   3.670941    32.3117        582     2.4208  0.000e+00
     51.053    11.4585   3.670852    32.2534        583     2.4250  0.000e+00
     51.216    11.5068   3.667080    32.1745        584     2.4292  0.000e+00
     51.375    11.5489   3.663941    32.1073        585     2.4333  0.000e+00
     51.525    11.5806   3.665955    32.0993        586     2.4375  0.000e+00
     51.670    11.5831   3.667073    32.1081        587     2.4417  0.000e+00
     51.812    11.5569   3.667700    32.1368        588     2.4458  0.000e+00
     51.968    11.5274   3.668884    32.1738        589     2.4500  0.000e+00
     52.129    11.5060   3.668685    32.1904        590     2.4542  0.000e+00
     52.286    11.4873   3.666676    32.1871        591     2.4583  0.000e+00
     52.453    11.4619   3.661403    32.1576        592     2.4625  0.000e+00
     52.612    11.4353   3.657050    32.1381        593     2.4667  0.000e+00
     52.785    11.4115   3.653981    32.1287        594     2.4708  0.000e+00
     52.957    11.3833   3.651935    32.1331        595     2.4750  0.000e+00
     53.131    11.3560   3.649176    32.1298        596     2.4792  0.000e+00
     53.301    11.3319   3.646553    32.1250        597     2.4833  0.000e+00
     53.478    11.3107   3.643358    32.1121        598     2.4875  0.000e+00
     53.659    11.2920   3.641718    32.1122        599     2.4917  0.000e+00
     53.829    11.2767   3.640433    32.1128        600     2.4958  0.000e+00
     54.010    11.2640   3.639657    32.1162        601     2.5000  0.000e+00
     54.183    11.2533   3.638817    32.1172        602     2.5042  0.000e+00
     54.359    11.2437   3.638181    32.1192        603     2.5083  0.000e+00
     54.532    11.2353   3.637130    32.1162        604     2.5125  0.000e+00
     54.699    11.2282   3.636465    32.1157        605     2.5167  0.000e+00
     54.860    11.2229   3.636092    32.1167        606     2.5208  0.000e+00
     55.019    11.2184   3.635660    32.1163        607     2.5250  0.000e+00
     55.178    11.2141   3.635538    32.1188        608     2.5292  0.000e+00
     55.326    11.2101   3.635141    32.1183        609     2.5333  0.000e+00
     55.476    11.2067   3.634785    32.1177        610     2.5375  0.000e+00
     55.618    11.2038   3.634412    32.1165        611     2.5417  0.000e+00
     55.755    11.2016   3.634435    32.1186        612     2.5458  0.000e+00
     55.883    11.1999   3.635118    32.1267        613     2.5500  0.000e+00
     56.008    11.1978   3.635824    32.1354        614     2.5542  0.000e+00
     56.137    11.1955   3.636647    32.1455        615     2.5583  0.000e+00
     56.263    11.1932   3.637697    32.1577        616     2.5625  0.000e+00
     56.395    11.1918   3.638818    32.1699        617     2.5667  0.000e+00
     56.527    11.1920   3.639857    32.1799        618     2.5708  0.000e+00
     56.661    11.1929   3.640897    32.1892        619     2.5750  0.000e+00
     56.804    11.1940   3.641872    32.1979        620     2.5792  0.000e+00
     56.947    11.1944   3.642170    32.2004        621     2.5833  0.000e+00
     57.093    11.1945   3.641101    32.1897        622     2.5875  0.000e+00
     57.242    11.1942   3.639612    32.1753        623     2.5917  0.000e+00
     57.394    11.1938   3.638883    32.1684        624     2.5958  0.000e+00
     57.553    11.1933   3.638416    32.1642        625     2.6000  0.000e+00
