HB2406/sbe049.cnv
* Sea-Bird SBE 19plus V2 Data File:
* FileName = C:\cruise\data\sbe049.hex
* Software Version Seasave V 7.26.7.121
* Temperature SN = 7037
* Conductivity SN = 7037
* System UpLoad Time = Aug 16 2024 17:12:38
* NMEA Latitude = 44 16.59 N
* NMEA Longitude = 067 48.12 W
* NMEA UTC (Time) = Aug 16 2024  17:11:30
** Ship: Henry Bigelow
** Cruise:  HB2406
** Program:  ECOMON
# nquan = 7
# nvalues = 1805                                  
# units = specified
# name 0 = depSM: Depth [salt water, m]
# name 1 = tv290C: Temperature [ITS-90, deg C]
# name 2 = c0S/m: Conductivity [S/m]
# name 3 = sal00: Salinity, Practical [PSU]
# name 4 = scan: Scan Count
# name 5 = timeM: Time, Elapsed [minutes]
# name 6 = flag:  0.000e+00
# span 0 =      0.039,     71.052                 
# span 1 =     9.8122,    17.7199                 
# span 2 =  -0.000049,   4.276001                 
# span 3 =     0.0000,    34.2029                 
# span 4 =         11,       1815                 
# span 5 =     0.0417,     7.5583                 
# span 6 = 0.0000e+00, 0.0000e+00                 
# interval = seconds: 0.25
# start_time = Aug 16 2024 17:11:30 [NMEA time, header]
# bad_flag = -9.990e-29
*END*
[from data line 616]
     55.283    10.3902   3.594183    32.4344        627     2.6083  0.000e+00
     55.455    10.3914   3.594009    32.4315        628     2.6125  0.000e+00
     55.634    10.3916   3.593811    32.4293        629     2.6167  0.000e+00
     55.811    10.3894   3.593684    32.4300        630     2.6208  0.000e+00
     55.990    10.3864   3.593649    32.4321        631     2.6250  0.000e+00
     56.176    10.3838   3.593620    32.4341        632     2.6292  0.000e+00
     56.364    10.3815   3.593794    32.4378        633     2.6333  0.000e+00
     56.550    10.3811   3.593748    32.4376        634     2.6375  0.000e+00
     56.731    10.3813   3.593574    32.4357        635     2.6417  0.000e+00
     56.908    10.3799   3.593266    32.4338        636     2.6458  0.000e+00
     57.082    10.3767   3.593249    32.4364        637     2.6500  0.000e+00
     57.257    10.3732   3.593115    32.4381        638     2.6542  0.000e+00
     57.423    10.3701   3.592744    32.4370        639     2.6583  0.000e+00
     57.590    10.3657   3.592552    32.4389        640     2.6625  0.000e+00
     57.752    10.3600   3.592105    32.4395        641     2.6667  0.000e+00
     57.917    10.3537   3.591745    32.4414        642     2.6708  0.000e+00
     58.076    10.3458   3.591263    32.4436        643     2.6750  0.000e+00
     58.233    10.3356   3.590520    32.4451        644     2.6792  0.000e+00
     58.392    10.3225   3.589475    32.4463        645     2.6833  0.000e+00
     58.552    10.3044   3.588976    32.4573        646     2.6875  0.000e+00
     58.720    10.2857   3.588994    32.4742        647     2.6917  0.000e+00
     58.886    10.2731   3.588780    32.4832        648     2.6958  0.000e+00
     59.052    10.2640   3.588629    32.4898        649     2.7000  0.000e+00
     59.226    10.2551   3.588170    32.4931        650     2.7042  0.000e+00
     59.399    10.2452   3.587793    32.4980        651     2.7083  0.000e+00
     59.573    10.2349   3.587300    32.5023        652     2.7125  0.000e+00
     59.743    10.2242   3.586778    32.5065        653     2.7167  0.000e+00
     59.916    10.2119   3.586343    32.5130        654     2.7208  0.000e+00
     60.085    10.2007   3.585623    32.5158        655     2.7250  0.000e+00
     60.247    10.1874   3.584510    32.5163        656     2.7292  0.000e+00
     60.412    10.1699   3.584272    32.5296        657     2.7333  0.000e+00
     60.571    10.1532   3.583100    32.5327        658     2.7375  0.000e+00
     60.730    10.1340   3.582642    32.5453        659     2.7417  0.000e+00
     60.880    10.1157   3.581488    32.5500        660     2.7458  0.000e+00
     61.041    10.0965   3.581251    32.5648        661     2.7500  0.000e+00
     61.195    10.0789   3.581094    32.5790        662     2.7542  0.000e+00
     61.352    10.0671   3.580967    32.5882        663     2.7583  0.000e+00
     61.511    10.0585   3.580752    32.5937        664     2.7625  0.000e+00
     61.674    10.0514   3.580753    32.6000        665     2.7667  0.000e+00
     61.844    10.0467   3.580793    32.6046        666     2.7708  0.000e+00
     62.008    10.0434   3.580753    32.6071        667     2.7750  0.000e+00
     62.180    10.0412   3.580619    32.6077        668     2.7792  0.000e+00
     62.359    10.0382   3.580295    32.6070        669     2.7833  0.000e+00
     62.547    10.0342   3.580533    32.6129        670     2.7875  0.000e+00
     62.739    10.0314   3.580167    32.6117        671     2.7917  0.000e+00
     62.930    10.0273   3.580034    32.6139        672     2.7958  0.000e+00
     63.127    10.0230   3.579756    32.6149        673     2.8000  0.000e+00
     63.326    10.0184   3.579495    32.6163        674     2.8042  0.000e+00
     63.525    10.0137   3.579298    32.6185        675     2.8083  0.000e+00
     63.724    10.0088   3.579205    32.6219        676     2.8125  0.000e+00
     63.916    10.0047   3.579148    32.6250        677     2.8167  0.000e+00
     64.098    10.0011   3.579037    32.6270        678     2.8208  0.000e+00
     64.281     9.9985   3.578800    32.6269        679     2.8250  0.000e+00
     64.460     9.9951   3.578713    32.6290        680     2.8292  0.000e+00
     64.632     9.9919   3.578643    32.6311        681     2.8333  0.000e+00
     64.805     9.9895   3.578493    32.6316        682     2.8375  0.000e+00
     64.966     9.9871   3.578406    32.6328        683     2.8417  0.000e+00
     65.125     9.9847   3.578278    32.6336        684     2.8458  0.000e+00
     65.288     9.9821   3.578168    32.6348        685     2.8500  0.000e+00
     65.442     9.9790   3.577994    32.6358        686     2.8542  0.000e+00
     65.597     9.9753   3.577954    32.6386        687     2.8583  0.000e+00
     65.749     9.9725   3.577908    32.6406        688     2.8625  0.000e+00
     65.906     9.9703   3.577931    32.6428        689     2.8667  0.000e+00
     66.060     9.9686   3.577873    32.6436        690     2.8708  0.000e+00
     66.223     9.9666   3.577757    32.6442        691     2.8750  0.000e+00
     66.385     9.9646   3.577734    32.6457        692     2.8792  0.000e+00
     66.548     9.9629   3.577821    32.6481        693     2.8833  0.000e+00
     66.724     9.9615   3.577844    32.6495        694     2.8875  0.000e+00
     66.895     9.9608   3.577711    32.6487        695     2.8917  0.000e+00
     67.074     9.9600   3.577694    32.6492        696     2.8958  0.000e+00
     67.255     9.9588   3.577694    32.6501        697     2.9000  0.000e+00
     67.441     9.9583   3.577648    32.6501        698     2.9042  0.000e+00
     67.633     9.9571   3.577520    32.6498        699     2.9083  0.000e+00
     67.823     9.9557   3.577497    32.6507        700     2.9125  0.000e+00
     68.013     9.9544   3.577456    32.6514        701     2.9167  0.000e+00
     68.202     9.9535   3.577346    32.6510        702     2.9208  0.000e+00
     68.394     9.9523   3.577300    32.6516        703     2.9250  0.000e+00
     68.579     9.9512   3.577260    32.6520        704     2.9292  0.000e+00
     68.758     9.9503   3.577271    32.6529        705     2.9333  0.000e+00
     68.935     9.9498   3.577196    32.6525        706     2.9375  0.000e+00
     69.110     9.9489   3.577086    32.6521        707     2.9417  0.000e+00
     69.280     9.9476   3.576976    32.6522        708     2.9458  0.000e+00
     69.441     9.9459   3.576935    32.6532        709     2.9500  0.000e+00
     69.607     9.9443   3.576692    32.6521        710     2.9542  0.000e+00
     69.763     9.9419   3.576501    32.6522        711     2.9583  0.000e+00
     69.918     9.9383   3.576176    32.6521        712     2.9625  0.000e+00
     70.074     9.9331   3.575915    32.6541        713     2.9667  0.000e+00
     70.231     9.9273   3.575591    32.6560        714     2.9708  0.000e+00
     70.388     9.9202   3.575521    32.6616        715     2.9750  0.000e+00
     70.549     9.9145   3.575481    32.6663        716     2.9792  0.000e+00
     70.716     9.9105   3.575458    32.6697        717     2.9833  0.000e+00
     70.806     9.9077   3.575220    32.6697        718     2.9875  0.000e+00
     70.858     9.9050   3.574832    32.6682        719     2.9917  0.000e+00
     70.837     9.9008   3.574745    32.6712        720     2.9958  0.000e+00
     70.801     9.8970   3.574183    32.6689        721     3.0000  0.000e+00
     70.799     9.8911   3.574177    32.6741        722     3.0042  0.000e+00
     70.835     9.8858   3.574027    32.6774        723     3.0083  0.000e+00
     70.876     9.8812   3.573940    32.6807        724     3.0125  0.000e+00
     70.900     9.8769   3.573656    32.6817        725     3.0167  0.000e+00
     70.918     9.8724   3.573418    32.6833        726     3.0208  0.000e+00
     70.925     9.8673   3.573204    32.6857        727     3.0250  0.000e+00
     70.942     9.8622   3.572920    32.6875        728     3.0292  0.000e+00
     70.965     9.8563   3.572486    32.6884        729     3.0333  0.000e+00
     70.994     9.8486   3.572231    32.6928        730     3.0375  0.000e+00
     71.003     9.8407   3.572144    32.6991        731     3.0417  0.000e+00
     71.007     9.8348   3.572161    32.7046        732     3.0458  0.000e+00
     71.019     9.8313   3.572098    32.7071        733     3.0500  0.000e+00
     71.023     9.8286   3.571796    32.7065        734     3.0542  0.000e+00
     71.019     9.8250   3.571710    32.7089        735     3.0583  0.000e+00
     71.023     9.8211   3.571710    32.7124        736     3.0625  0.000e+00
     71.019     9.8186   3.571710    32.7147        737     3.0667  0.000e+00
     71.017     9.8175   3.572098    32.7197        738     3.0708  0.000e+00
     71.016     9.8197   3.572214    32.7188        739     3.0750  0.000e+00
     71.012     9.8227   3.572318    32.7172        740     3.0792  0.000e+00
     71.005     9.8254   3.572208    32.7136        741     3.0833  0.000e+00
     70.996     9.8269   3.572075    32.7109        742     3.0875  0.000e+00
     70.988     9.8267   3.571837    32.7086        743     3.0917  0.000e+00
     70.976     9.8249   3.571883    32.7107        744     3.0958  0.000e+00
     70.967     9.8228   3.571860    32.7124        745     3.1000  0.000e+00
     70.961     9.8218   3.571860    32.7133        746     3.1042  0.000e+00
     70.952     9.8213   3.571773    32.7129        747     3.1083  0.000e+00
     70.945     9.8206   3.571820    32.7140        748     3.1125  0.000e+00
     70.945     9.8203   3.571860    32.7147        749     3.1167  0.000e+00
     70.941     9.8204   3.571686    32.7128        750     3.1208  0.000e+00
     70.939     9.8199   3.571837    32.7149        751     3.1250  0.000e+00
     70.945     9.8197   3.571924    32.7159        752     3.1292  0.000e+00
     70.961     9.8211   3.572098    32.7164        753     3.1333  0.000e+00
     70.972     9.8230   3.572144    32.7151        754     3.1375  0.000e+00
     70.983     9.8252   3.572248    32.7142        755     3.1417  0.000e+00
     70.992     9.8273   3.572208    32.7118        756     3.1458  0.000e+00
     71.006     9.8284   3.572098    32.7098        757     3.1500  0.000e+00
     71.021     9.8282   3.571988    32.7088        758     3.1542  0.000e+00
     71.035     9.8269   3.571710    32.7071        759     3.1583  0.000e+00
     71.048     9.8239   3.571426    32.7069        760     3.1625  0.000e+00
     71.052     9.8190   3.571252    32.7096        761     3.1667  0.000e+00
     71.026     9.8143   3.571449    32.7159        762     3.1708  0.000e+00
     70.977     9.8122   3.571837    32.7218        763     3.1750  0.000e+00
     70.896     9.8148   3.571860    32.7197        764     3.1792  0.000e+00
     70.768     9.8180   3.571860    32.7169        765     3.1833  0.000e+00
     70.598     9.8201   3.572121    32.7177        766     3.1875  0.000e+00
     70.406     9.8235   3.572358    32.7171        767     3.1917  0.000e+00
     70.193     9.8292   3.574352    32.7323        768     3.1958  0.000e+00
     70.003     9.8464   3.575174    32.7251        769     3.2000  0.000e+00
     69.800     9.8701   3.575307    32.7051        770     3.2042  0.000e+00
     69.607     9.8867   3.574588    32.6829        771     3.2083  0.000e+00
     69.408     9.8926   3.574438    32.6761        772     3.2125  0.000e+00
     69.202     9.8927   3.574762    32.6794        773     3.2167  0.000e+00
     69.003     9.8948   3.575156    32.6816        774     3.2208  0.000e+00
     68.791     9.8998   3.575260    32.6782        775     3.2250  0.000e+00
     68.596     9.9045   3.575301    32.6744        776     3.2292  0.000e+00
     68.392     9.9079   3.575196    32.6704        777     3.2333  0.000e+00
     68.195     9.9099   3.575219    32.6689        778     3.2375  0.000e+00
     67.996     9.9106   3.575416    32.6703        779     3.2417  0.000e+00
     67.800     9.9126   3.575695    32.6714        780     3.2458  0.000e+00
     67.607     9.9164   3.576065    32.6718        781     3.2500  0.000e+00
     67.421     9.9218   3.576216    32.6686        782     3.2542  0.000e+00
     67.238     9.9275   3.576175    32.6631        783     3.2583  0.000e+00
     67.057     9.9312   3.576152    32.6596        784     3.2625  0.000e+00
     66.886     9.9331   3.576216    32.6586        785     3.2667  0.000e+00
     66.717     9.9346   3.576216    32.6573        786     3.2708  0.000e+00
     66.546     9.9357   3.576001    32.6542        787     3.2750  0.000e+00
     66.381     9.9351   3.576192    32.6567        788     3.2792  0.000e+00
     66.217     9.9358   3.576175    32.6560        789     3.2833  0.000e+00
     66.056     9.9364   3.576088    32.6547        790     3.2875  0.000e+00
     65.878     9.9365   3.575827    32.6520        791     3.2917  0.000e+00
     65.721     9.9347   3.575862    32.6541        792     3.2958  0.000e+00
     65.645     9.9326   3.575780    32.6551        793     3.3000  0.000e+00
     65.616     9.9311   3.575740    32.6561        794     3.3042  0.000e+00
     65.627     9.9298   3.575931    32.6592        795     3.3083  0.000e+00
     65.638     9.9302   3.576065    32.6603        796     3.3125  0.000e+00
     65.631     9.9317   3.576175    32.6600        797     3.3167  0.000e+00
     65.607     9.9340   3.575195    32.6480        798     3.3208  0.000e+00
     65.580     9.9357   3.576151    32.6562        799     3.3250  0.000e+00
     65.562     9.9367   3.576175    32.6555        800     3.3292  0.000e+00
     65.547     9.9373   3.576151    32.6547        801     3.3333  0.000e+00
     65.527     9.9372   3.575717    32.6504        802     3.3375  0.000e+00
     65.509     9.9340   3.575740    32.6536        803     3.3417  0.000e+00
     65.497     9.9311   3.575653    32.6553        804     3.3458  0.000e+00
     65.489     9.9291   3.575717    32.6577        805     3.3500  0.000e+00
     65.482     9.9280   3.575543    32.6570        806     3.3542  0.000e+00
     65.484     9.9259   3.575502    32.6585        807     3.3583  0.000e+00
     65.488     9.9241   3.575508    32.6601        808     3.3625  0.000e+00
     65.491     9.9230   3.575566    32.6617        809     3.3667  0.000e+00
     65.502     9.9225   3.575757    32.6642        810     3.3708  0.000e+00
     65.508     9.9239   3.575740    32.6627        811     3.3750  0.000e+00
     65.522     9.9251   3.575694    32.6611        812     3.3792  0.000e+00
     65.520     9.9254   3.575717    32.6611        813     3.3833  0.000e+00
     65.522     9.9256   3.575827    32.6621        814     3.3875  0.000e+00
     65.511     9.9267   3.575891    32.6617        815     3.3917  0.000e+00
     65.504     9.9281   3.575827    32.6597        816     3.3958  0.000e+00
     65.489     9.9286   3.575740    32.6584        817     3.4000  0.000e+00
     65.477     9.9282   3.575653    32.6579        818     3.4042  0.000e+00
     65.455     9.9271   3.575867    32.6611        819     3.4083  0.000e+00
     65.423     9.9278   3.575954    32.6614        820     3.4125  0.000e+00
     65.385     9.9294   3.575914    32.6595        821     3.4167  0.000e+00
     65.341     9.9303   3.575844    32.6580        822     3.4208  0.000e+00
     65.303     9.9304   3.575757    32.6571        823     3.4250  0.000e+00
     65.260     9.9298   3.575983    32.6600        824     3.4292  0.000e+00
     65.215     9.9306   3.575891    32.6583        825     3.4333  0.000e+00
     65.168     9.9312   3.575977    32.6586        826     3.4375  0.000e+00
     65.115     9.9317   3.575954    32.6579        827     3.4417  0.000e+00
     65.059     9.9324   3.576105    32.6589        828     3.4458  0.000e+00
     64.998     9.9344   3.576151    32.6576        829     3.4500  0.000e+00
     64.934     9.9358   3.576105    32.6559        830     3.4542  0.000e+00
