HB2406/sbe029.cnv
* Sea-Bird SBE 19plus V2 Data File:
* FileName = C:\cruise\data\sbe029.hex
* Software Version Seasave V 7.26.7.121
* Temperature SN = 7037
* Conductivity SN = 7037
* System UpLoad Time = Aug 14 2024 21:33:54
* NMEA Latitude = 41 38.65 N
* NMEA Longitude = 066 36.05 W
* NMEA UTC (Time) = Aug 14 2024  21:32:45
** Ship: Henry Bigelow
** Cruise:  HB2406
** Program:  ECOMON
# nquan = 7
# nvalues = 1457                                  
# units = specified
# name 0 = depSM: Depth [salt water, m]
# name 1 = tv290C: Temperature [ITS-90, deg C]
# name 2 = c0S/m: Conductivity [S/m]
# name 3 = sal00: Salinity, Practical [PSU]
# name 4 = scan: Scan Count
# name 5 = timeM: Time, Elapsed [minutes]
# name 6 = flag:  0.000e+00
# span 0 =     -0.003,     65.267                 
# span 1 =    10.6901,    20.2653                 
# span 2 =  -0.000049,   4.365542                 
# span 3 =     0.0000,    33.2897                 
# span 4 =         11,       1467                 
# span 5 =     0.0417,     6.1083                 
# span 6 = 0.0000e+00, 0.0000e+00                 
# interval = seconds: 0.25
# start_time = Aug 14 2024 21:32:45 [NMEA time, header]
# bad_flag = -9.990e-29
*END*
[from data line 411]
     56.966    10.7070   3.599909    32.2101        422     1.7542  0.000e+00
     57.132    10.7066   3.600002    32.2114        423     1.7583  0.000e+00
     57.293    10.7061   3.600083    32.2125        424     1.7625  0.000e+00
     57.454    10.7060   3.600101    32.2128        425     1.7667  0.000e+00
     57.619    10.7059   3.600101    32.2128        426     1.7708  0.000e+00
     57.783    10.7059   3.600171    32.2134        427     1.7750  0.000e+00
     57.950    10.7063   3.600084    32.2121        428     1.7792  0.000e+00
     58.116    10.7064   3.600037    32.2115        429     1.7833  0.000e+00
     58.279    10.7062   3.600101    32.2122        430     1.7875  0.000e+00
     58.449    10.7060   3.600148    32.2128        431     1.7917  0.000e+00
     58.621    10.7062   3.600194    32.2130        432     1.7958  0.000e+00
     58.794    10.7065   3.600014    32.2109        433     1.8000  0.000e+00
     58.972    10.7062   3.600061    32.2115        434     1.8042  0.000e+00
     59.145    10.7061   3.599927    32.2102        435     1.8083  0.000e+00
     59.319    10.7057   3.599927    32.2105        436     1.8125  0.000e+00
     59.496    10.7053   3.599887    32.2103        437     1.8167  0.000e+00
     59.668    10.7051   3.599951    32.2111        438     1.8208  0.000e+00
     59.838    10.7052   3.600020    32.2116        439     1.8250  0.000e+00
     60.006    10.7053   3.600148    32.2127        440     1.8292  0.000e+00
     60.172    10.7060   3.600038    32.2110        441     1.8333  0.000e+00
     60.337    10.7060   3.599910    32.2096        442     1.8375  0.000e+00
     60.496    10.7057   3.600015    32.2108        443     1.8417  0.000e+00
     60.653    10.7053   3.599974    32.2107        444     1.8458  0.000e+00
     60.807    10.7047   3.599928    32.2107        445     1.8500  0.000e+00
     60.959    10.7041   3.599841    32.2103        446     1.8542  0.000e+00
     61.107    10.7032   3.599748    32.2101        447     1.8583  0.000e+00
     61.252    10.7023   3.599713    32.2105        448     1.8625  0.000e+00
     61.388    10.7014   3.599736    32.2115        449     1.8667  0.000e+00
     61.532    10.7006   3.599754    32.2123        450     1.8708  0.000e+00
     61.664    10.7001   3.599667    32.2118        451     1.8750  0.000e+00
     61.802    10.6996   3.599690    32.2125        452     1.8792  0.000e+00
     61.941    10.6992   3.599690    32.2127        453     1.8833  0.000e+00
     62.082    10.6990   3.599643    32.2124        454     1.8875  0.000e+00
     62.227    10.6988   3.599626    32.2123        455     1.8917  0.000e+00
     62.379    10.6986   3.599864    32.2148        456     1.8958  0.000e+00
     62.532    10.6987   3.599841    32.2144        457     1.9000  0.000e+00
     62.690    10.6992   3.599865    32.2142        458     1.9042  0.000e+00
     62.854    10.6994   3.599888    32.2142        459     1.9083  0.000e+00
     63.024    10.6996   3.600016    32.2151        460     1.9125  0.000e+00
     63.198    10.7002   3.600103    32.2154        461     1.9167  0.000e+00
     63.371    10.7010   3.599917    32.2128        462     1.9208  0.000e+00
     63.547    10.7008   3.599888    32.2126        463     1.9250  0.000e+00
     63.728    10.7003   3.599975    32.2138        464     1.9292  0.000e+00
     63.909    10.7004   3.599952    32.2134        465     1.9333  0.000e+00
     64.084    10.7002   3.599952    32.2135        466     1.9375  0.000e+00
     64.254    10.7003   3.599865    32.2125        467     1.9417  0.000e+00
     64.420    10.7000   3.599778    32.2119        468     1.9458  0.000e+00
     64.583    10.6993   3.599929    32.2139        469     1.9500  0.000e+00
     64.751    10.6991   3.600063    32.2153        470     1.9542  0.000e+00
     64.912    10.6994   3.599976    32.2141        471     1.9583  0.000e+00
     65.082    10.6993   3.599929    32.2137        472     1.9625  0.000e+00
     65.205    10.6991   3.599865    32.2132        473     1.9667  0.000e+00
     65.267    10.6987   3.599778    32.2126        474     1.9708  0.000e+00
     65.265    10.6978   3.599755    32.2132        475     1.9750  0.000e+00
     65.218    10.6973   3.599581    32.2119        476     1.9792  0.000e+00
     65.182    10.6961   3.599517    32.2124        477     1.9833  0.000e+00
     65.189    10.6951   3.599499    32.2131        478     1.9875  0.000e+00
     65.205    10.6943   3.599557    32.2143        479     1.9917  0.000e+00
     65.216    10.6940   3.599581    32.2148        480     1.9958  0.000e+00
     65.209    10.6940   3.599604    32.2150        481     2.0000  0.000e+00
     65.198    10.6940   3.599557    32.2145        482     2.0042  0.000e+00
     65.187    10.6940   3.599540    32.2144        483     2.0083  0.000e+00
     65.178    10.6940   3.599557    32.2146        484     2.0125  0.000e+00
     65.165    10.6943   3.599540    32.2141        485     2.0167  0.000e+00
     65.149    10.6944   3.599523    32.2139        486     2.0208  0.000e+00
     65.127    10.6944   3.599493    32.2136        487     2.0250  0.000e+00
     65.100    10.6942   3.599493    32.2138        488     2.0292  0.000e+00
     65.079    10.6942   3.599557    32.2144        489     2.0333  0.000e+00
     65.053    10.6946   3.599540    32.2140        490     2.0375  0.000e+00
     65.032    10.6947   3.599540    32.2139        491     2.0417  0.000e+00
     65.003    10.6950   3.599557    32.2138        492     2.0458  0.000e+00
     64.972    10.6953   3.599604    32.2140        493     2.0500  0.000e+00
     64.945    10.6957   3.599604    32.2136        494     2.0542  0.000e+00
     64.912    10.6961   3.599604    32.2133        495     2.0583  0.000e+00
     64.889    10.6965   3.599604    32.2129        496     2.0625  0.000e+00
     64.856    10.6969   3.599580    32.2124        497     2.0667  0.000e+00
     64.836    10.6967   3.599470    32.2115        498     2.0708  0.000e+00
     64.807    10.6965   3.599429    32.2113        499     2.0750  0.000e+00
     64.780    10.6961   3.599429    32.2117        500     2.0792  0.000e+00
     64.758    10.6957   3.599406    32.2117        501     2.0833  0.000e+00
     64.739    10.6957   3.599377    32.2115        502     2.0875  0.000e+00
     64.710    10.6955   3.599429    32.2122        503     2.0917  0.000e+00
     64.688    10.6955   3.599406    32.2120        504     2.0958  0.000e+00
     64.664    10.6955   3.599342    32.2114        505     2.1000  0.000e+00
     64.639    10.6951   3.599232    32.2107        506     2.1042  0.000e+00
     64.608    10.6945   3.599208    32.2109        507     2.1083  0.000e+00
     64.578    10.6937   3.599185    32.2114        508     2.1125  0.000e+00
     64.547    10.6932   3.599185    32.2119        509     2.1167  0.000e+00
     64.523    10.6928   3.599145    32.2119        510     2.1208  0.000e+00
     64.494    10.6925   3.599168    32.2123        511     2.1250  0.000e+00
     64.471    10.6923   3.599168    32.2125        512     2.1292  0.000e+00
     64.444    10.6921   3.599121    32.2122        513     2.1333  0.000e+00
     64.411    10.6918   3.599098    32.2123        514     2.1375  0.000e+00
     64.368    10.6916   3.599081    32.2123        515     2.1417  0.000e+00
     64.330    10.6911   3.599057    32.2125        516     2.1458  0.000e+00
     64.288    10.6907   3.599011    32.2125        517     2.1500  0.000e+00
     64.250    10.6904   3.599017    32.2128        518     2.1542  0.000e+00
     64.209    10.6901   3.599168    32.2145        519     2.1583  0.000e+00
     64.165    10.6905   3.599429    32.2168        520     2.1625  0.000e+00
     64.118    10.6920   3.599691    32.2181        521     2.1667  0.000e+00
     64.073    10.6939   3.599952    32.2191        522     2.1708  0.000e+00
     64.015    10.6963   3.600127    32.2187        523     2.1750  0.000e+00
     63.952    10.6988   3.600196    32.2172        524     2.1792  0.000e+00
     63.876    10.7006   3.600150    32.2152        525     2.1833  0.000e+00
     63.798    10.7018   3.600336    32.2161        526     2.1875  0.000e+00
     63.713    10.7031   3.600411    32.2157        527     2.1917  0.000e+00
     63.617    10.7044   3.600411    32.2146        528     2.1958  0.000e+00
     63.514    10.7053   3.600324    32.2130        529     2.2000  0.000e+00
     63.415    10.7058   3.600347    32.2128        530     2.2042  0.000e+00
     63.310    10.7060   3.600324    32.2125        531     2.2083  0.000e+00
     63.198    10.7059   3.600173    32.2111        532     2.2125  0.000e+00
     63.093    10.7053   3.600126    32.2112        533     2.2167  0.000e+00
     62.982    10.7044   3.600126    32.2120        534     2.2208  0.000e+00
     62.883    10.7041   3.600196    32.2131        535     2.2250  0.000e+00
     62.780    10.7041   3.600236    32.2134        536     2.2292  0.000e+00
     62.682    10.7046   3.600126    32.2120        537     2.2333  0.000e+00
     62.592    10.7047   3.600196    32.2126        538     2.2375  0.000e+00
     62.507    10.7049   3.600213    32.2127        539     2.2417  0.000e+00
     62.425    10.7049   3.600260    32.2132        540     2.2458  0.000e+00
     62.350    10.7050   3.600213    32.2126        541     2.2500  0.000e+00
     62.277    10.7051   3.600213    32.2125        542     2.2542  0.000e+00
     62.214    10.7050   3.600196    32.2125        543     2.2583  0.000e+00
     62.142    10.7051   3.600196    32.2124        544     2.2625  0.000e+00
     62.064    10.7052   3.600172    32.2122        545     2.2667  0.000e+00
     61.995    10.7053   3.599951    32.2099        546     2.2708  0.000e+00
     61.915    10.7051   3.599887    32.2095        547     2.2750  0.000e+00
     61.847    10.7047   3.599864    32.2096        548     2.2792  0.000e+00
     61.767    10.7046   3.599823    32.2094        549     2.2833  0.000e+00
     61.687    10.7043   3.599916    32.2105        550     2.2875  0.000e+00
     61.602    10.7042   3.599975    32.2113        551     2.2917  0.000e+00
     61.519    10.7041   3.599998    32.2117        552     2.2958  0.000e+00
     61.431    10.7040   3.599951    32.2113        553     2.3000  0.000e+00
     61.349    10.7037   3.599887    32.2109        554     2.3042  0.000e+00
     61.266    10.7028   3.599864    32.2116        555     2.3083  0.000e+00
     61.183    10.7021   3.599841    32.2120        556     2.3125  0.000e+00
     61.096    10.7018   3.599928    32.2132        557     2.3167  0.000e+00
     61.002    10.7020   3.599876    32.2125        558     2.3208  0.000e+00
     60.911    10.7018   3.599841    32.2124        559     2.3250  0.000e+00
     60.826    10.7022   3.599736    32.2110        560     2.3292  0.000e+00
     60.734    10.7026   3.599864    32.2120        561     2.3333  0.000e+00
     60.646    10.7029   3.599997    32.2130        562     2.3375  0.000e+00
     60.544    10.7036   3.600015    32.2127        563     2.3417  0.000e+00
     60.429    10.7038   3.600038    32.2128        564     2.3458  0.000e+00
     60.300    10.7040   3.600015    32.2124        565     2.3500  0.000e+00
     60.166    10.7041   3.599771    32.2099        566     2.3542  0.000e+00
     60.025    10.7040   3.599602    32.2084        567     2.3583  0.000e+00
     59.886    10.7036   3.599643    32.2092        568     2.3625  0.000e+00
     59.749    10.7035   3.599927    32.2123        569     2.3667  0.000e+00
     59.618    10.7036   3.599863    32.2116        570     2.3708  0.000e+00
     59.483    10.7037   3.599689    32.2098        571     2.3750  0.000e+00
     59.361    10.7036   3.599753    32.2106        572     2.3792  0.000e+00
     59.249    10.7035   3.599753    32.2107        573     2.3833  0.000e+00
     59.137    10.7035   3.599625    32.2094        574     2.3875  0.000e+00
     59.034    10.7034   3.599491    32.2083        575     2.3917  0.000e+00
     58.937    10.7032   3.599340    32.2070        576     2.3958  0.000e+00
     58.841    10.7028   3.599427    32.2083        577     2.4000  0.000e+00
     58.747    10.7027   3.599183    32.2060        578     2.4042  0.000e+00
     58.656    10.7025   3.599055    32.2049        579     2.4083  0.000e+00
     58.555    10.7018   3.599055    32.2056        580     2.4125  0.000e+00
     58.452    10.7014   3.599009    32.2055        581     2.4167  0.000e+00
     58.354    10.7010   3.598974    32.2056        582     2.4208  0.000e+00
     58.242    10.7008   3.599032    32.2064        583     2.4250  0.000e+00
     58.119    10.7004   3.598921    32.2057        584     2.4292  0.000e+00
     57.998    10.7004   3.598834    32.2048        585     2.4333  0.000e+00
     57.871    10.6999   3.598968    32.2067        586     2.4375  0.000e+00
     57.736    10.7000   3.599096    32.2079        587     2.4417  0.000e+00
     57.602    10.7005   3.599078    32.2073        588     2.4458  0.000e+00
     57.466    10.7010   3.599467    32.2108        589     2.4500  0.000e+00
     57.322    10.7019   3.599223    32.2076        590     2.4542  0.000e+00
     57.175    10.7021   3.599055    32.2059        591     2.4583  0.000e+00
     57.027    10.7023   3.598904    32.2043        592     2.4625  0.000e+00
     56.884    10.7021   3.598880    32.2042        593     2.4667  0.000e+00
     56.739    10.7020   3.598921    32.2048        594     2.4708  0.000e+00
     56.595    10.7022   3.598903    32.2045        595     2.4750  0.000e+00
     56.455    10.7023   3.598903    32.2045        596     2.4792  0.000e+00
     56.323    10.7022   3.598880    32.2044        597     2.4833  0.000e+00
     56.197    10.7021   3.598892    32.2047        598     2.4875  0.000e+00
     56.075    10.7022   3.598921    32.2049        599     2.4917  0.000e+00
     55.952    10.7026   3.598921    32.2046        600     2.4958  0.000e+00
     55.840    10.7028   3.599031    32.2056        601     2.5000  0.000e+00
     55.734    10.7029   3.599008    32.2053        602     2.5042  0.000e+00
     55.627    10.7031   3.598857    32.2037        603     2.5083  0.000e+00
     55.529    10.7031   3.598833    32.2035        604     2.5125  0.000e+00
     55.424    10.7027   3.598856    32.2041        605     2.5167  0.000e+00
     55.323    10.7029   3.598868    32.2041        606     2.5208  0.000e+00
     55.224    10.7031   3.599205    32.2073        607     2.5250  0.000e+00
     55.121    10.7037   3.599996    32.2147        608     2.5292  0.000e+00
     55.027    10.7053   3.599641    32.2098        609     2.5333  0.000e+00
     54.931    10.7062   3.599054    32.2033        610     2.5375  0.000e+00
     54.828    10.7057   3.599031    32.2035        611     2.5417  0.000e+00
     54.732    10.7052   3.599513    32.2087        612     2.5458  0.000e+00
     54.632    10.7046   3.599623    32.2104        613     2.5500  0.000e+00
     54.533    10.7048   3.599809    32.2121        614     2.5542  0.000e+00
     54.439    10.7051   3.600082    32.2146        615     2.5583  0.000e+00
     54.348    10.7066   3.599949    32.2120        616     2.5625  0.000e+00
     54.260    10.7072   3.599838    32.2105        617     2.5667  0.000e+00
     54.169    10.7073   3.599838    32.2104        618     2.5708  0.000e+00
     54.081    10.7066   3.599687    32.2095        619     2.5750  0.000e+00
     53.992    10.7062   3.599687    32.2099        620     2.5792  0.000e+00
     53.900    10.7057   3.599641    32.2099        621     2.5833  0.000e+00
     53.804    10.7054   3.599600    32.2098        622     2.5875  0.000e+00
     53.710    10.7048   3.599710    32.2115        623     2.5917  0.000e+00
     53.614    10.7049   3.599664    32.2110        624     2.5958  0.000e+00
     53.511    10.7051   3.599623    32.2104        625     2.6000  0.000e+00
