HB2406/sbe052.cnv
* Sea-Bird SBE 19plus V2 Data File:
* FileName = C:\cruise\data\sbe052.hex
* Software Version Seasave V 7.26.7.121
* Temperature SN = 7037
* Conductivity SN = 7037
* System UpLoad Time = Aug 16 2024 20:58:29
* NMEA Latitude = 43 54.77 N
* NMEA Longitude = 067 47.15 W
* NMEA UTC (Time) = Aug 16 2024  20:57:21
** Ship: Henry Bigelow
** Cruise:  HB2406
** Program:  ECOMON
# nquan = 7
# nvalues = 2047                                  
# units = specified
# name 0 = depSM: Depth [salt water, m]
# name 1 = tv290C: Temperature [ITS-90, deg C]
# name 2 = c0S/m: Conductivity [S/m]
# name 3 = sal00: Salinity, Practical [PSU]
# name 4 = scan: Scan Count
# name 5 = timeM: Time, Elapsed [minutes]
# name 6 = flag:  0.000e+00
# span 0 =      0.179,    194.533                 
# span 1 =     7.0704,    19.9709                 
# span 2 =   3.330842,   4.413725                 
# span 3 =    31.4313,    34.1458                 
# span 4 =         11,       2057                 
# span 5 =     0.0417,     8.5667                 
# span 6 = 0.0000e+00, 0.0000e+00                 
# interval = seconds: 0.25
# start_time = Aug 16 2024 20:57:21 [NMEA time, header]
# bad_flag = -9.990e-29
*END*
[from data line 616]
    113.350     7.4419   3.448100    33.6262        627     2.6083  0.000e+00
    113.547     7.4403   3.448077    33.6274        628     2.6125  0.000e+00
    113.750     7.4392   3.447809    33.6254        629     2.6167  0.000e+00
    113.947     7.4373   3.447940    33.6286        630     2.6208  0.000e+00
    114.151     7.4355   3.448283    33.6339        631     2.6250  0.000e+00
    114.352     7.4351   3.448117    33.6325        632     2.6292  0.000e+00
    114.558     7.4342   3.448575    33.6381        633     2.6333  0.000e+00
    114.773     7.4339   3.449380    33.6471        634     2.6375  0.000e+00
    114.987     7.4355   3.450118    33.6535        635     2.6417  0.000e+00
    115.206     7.4384   3.450552    33.6552        636     2.6458  0.000e+00
    115.423     7.4415   3.450946    33.6564        637     2.6500  0.000e+00
    115.647     7.4444   3.451221    33.6564        638     2.6542  0.000e+00
    115.877     7.4474   3.451324    33.6545        639     2.6583  0.000e+00
    116.097     7.4499   3.451466    33.6536        640     2.6625  0.000e+00
    116.323     7.4513   3.451884    33.6566        641     2.6667  0.000e+00
    116.544     7.4521   3.451884    33.6557        642     2.6708  0.000e+00
    116.763     7.4527   3.451844    33.6546        643     2.6750  0.000e+00
    116.976     7.4528   3.451924    33.6553        644     2.6792  0.000e+00
    117.188     7.4526   3.452124    33.6575        645     2.6833  0.000e+00
    117.394     7.4527   3.452279    33.6590        646     2.6875  0.000e+00
    117.595     7.4529   3.452633    33.6626        647     2.6917  0.000e+00
    117.797     7.4532   3.453199    33.6683        648     2.6958  0.000e+00
    117.998     7.4544   3.453416    33.6694        649     2.7000  0.000e+00
    118.195     7.4558   3.453365    33.6674        650     2.7042  0.000e+00
    118.400     7.4571   3.454011    33.6730        651     2.7083  0.000e+00
    118.597     7.4586   3.454680    33.6787        652     2.7125  0.000e+00
    118.796     7.4609   3.454903    33.6788        653     2.7167  0.000e+00
    119.002     7.4629   3.455029    33.6781        654     2.7208  0.000e+00
    119.201     7.4651   3.455738    33.6836        655     2.7250  0.000e+00
    119.405     7.4677   3.456184    33.6857        656     2.7292  0.000e+00
    119.617     7.4708   3.456447    33.6855        657     2.7333  0.000e+00
    119.825     7.4740   3.456739    33.6855        658     2.7375  0.000e+00
    120.036     7.4772   3.457008    33.6852        659     2.7417  0.000e+00
    120.252     7.4800   3.457082    33.6832        660     2.7458  0.000e+00
    120.465     7.4820   3.457448    33.6850        661     2.7500  0.000e+00
    120.680     7.4831   3.457677    33.6863        662     2.7542  0.000e+00
    120.885     7.4843   3.457780    33.6862        663     2.7583  0.000e+00
    121.091     7.4855   3.457957    33.6869        664     2.7625  0.000e+00
    121.297     7.4866   3.458135    33.6876        665     2.7667  0.000e+00
    121.499     7.4876   3.458198    33.6873        666     2.7708  0.000e+00
    121.695     7.4883   3.458324    33.6879        667     2.7750  0.000e+00
    121.887     7.4883   3.458478    33.6894        668     2.7792  0.000e+00
    122.084     7.4886   3.458701    33.6915        669     2.7833  0.000e+00
    122.275     7.4889   3.458804    33.6922        670     2.7875  0.000e+00
    122.462     7.4899   3.459016    33.6934        671     2.7917  0.000e+00
    122.655     7.4910   3.459313    33.6955        672     2.7958  0.000e+00
    122.845     7.4921   3.459491    33.6962        673     2.8000  0.000e+00
    123.037     7.4933   3.459909    33.6995        674     2.8042  0.000e+00
    123.239     7.4950   3.460309    33.7021        675     2.8083  0.000e+00
    123.444     7.4973   3.460687    33.7038        676     2.8125  0.000e+00
    123.659     7.5001   3.461310    33.7077        677     2.8167  0.000e+00
    123.872     7.5035   3.462106    33.7130        678     2.8208  0.000e+00
    124.099     7.5066   3.462730    33.7166        679     2.8250  0.000e+00
    124.328     7.5100   3.463188    33.7182        680     2.8292  0.000e+00
    124.567     7.5134   3.463623    33.7194        681     2.8333  0.000e+00
    124.804     7.5169   3.464006    33.7201        682     2.8375  0.000e+00
    125.046     7.5202   3.464321    33.7201        683     2.8417  0.000e+00
    125.292     7.5230   3.464802    33.7225        684     2.8458  0.000e+00
    125.535     7.5256   3.465243    33.7246        685     2.8500  0.000e+00
    125.773     7.5285   3.465741    33.7272        686     2.8542  0.000e+00
    126.007     7.5310   3.466663    33.7345        687     2.8583  0.000e+00
    126.242     7.5339   3.467350    33.7391        688     2.8625  0.000e+00
    126.466     7.5375   3.467327    33.7352        689     2.8667  0.000e+00
    126.683     7.5404   3.468146    33.7411        690     2.8708  0.000e+00
    126.891     7.5432   3.468524    33.7424        691     2.8750  0.000e+00
    127.090     7.5460   3.468856    33.7432        692     2.8792  0.000e+00
    127.289     7.5484   3.469526    33.7479        693     2.8833  0.000e+00
    127.479     7.5511   3.470133    33.7518        694     2.8875  0.000e+00
    127.667     7.5539   3.469927    33.7468        695     2.8917  0.000e+00
    127.848     7.5556   3.470030    33.7461        696     2.8958  0.000e+00
    128.034     7.5569   3.470889    33.7541        697     2.9000  0.000e+00
    128.222     7.5587   3.471182    33.7554        698     2.9042  0.000e+00
    128.408     7.5609   3.471600    33.7577        699     2.9083  0.000e+00
    128.597     7.5631   3.471852    33.7582        700     2.9125  0.000e+00
    128.788     7.5656   3.472087    33.7582        701     2.9167  0.000e+00
    128.985     7.5680   3.472190    33.7569        702     2.9208  0.000e+00
    129.184     7.5694   3.472614    33.7601        703     2.9250  0.000e+00
    129.385     7.5707   3.472734    33.7600        704     2.9292  0.000e+00
    129.586     7.5728   3.473176    33.7626        705     2.9333  0.000e+00
    129.787     7.5752   3.473697    33.7659        706     2.9375  0.000e+00
    129.991     7.5772   3.473972    33.7668        707     2.9417  0.000e+00
    130.197     7.5789   3.474350    33.7691        708     2.9458  0.000e+00
    130.402     7.5808   3.474540    33.7691        709     2.9500  0.000e+00
    130.599     7.5827   3.474872    33.7708        710     2.9542  0.000e+00
    130.800     7.5844   3.475210    33.7728        711     2.9583  0.000e+00
    130.993     7.5857   3.475462    33.7741        712     2.9625  0.000e+00
    131.194     7.5871   3.475554    33.7737        713     2.9667  0.000e+00
    131.395     7.5882   3.475755    33.7747        714     2.9708  0.000e+00
    131.593     7.5895   3.476047    33.7764        715     2.9750  0.000e+00
    131.792     7.5903   3.476408    33.7795        716     2.9792  0.000e+00
    131.993     7.5913   3.476638    33.7809        717     2.9833  0.000e+00
    132.199     7.5921   3.476964    33.7835        718     2.9875  0.000e+00
    132.411     7.5932   3.477056    33.7833        719     2.9917  0.000e+00
    132.623     7.5940   3.477142    33.7834        720     2.9958  0.000e+00
    132.843     7.5946   3.477223    33.7836        721     3.0000  0.000e+00
    133.064     7.5949   3.477349    33.7845        722     3.0042  0.000e+00
    133.292     7.5951   3.477360    33.7843        723     3.0083  0.000e+00
    133.516     7.5948   3.477584    33.7869        724     3.0125  0.000e+00
    133.749     7.5949   3.477750    33.7886        725     3.0167  0.000e+00
    133.979     7.5956   3.477710    33.7874        726     3.0208  0.000e+00
    134.212     7.5955   3.477854    33.7889        727     3.0250  0.000e+00
    134.446     7.5957   3.478043    33.7906        728     3.0292  0.000e+00
    134.677     7.5964   3.478089    33.7903        729     3.0333  0.000e+00
    134.907     7.5969   3.478129    33.7901        730     3.0375  0.000e+00
    135.137     7.5971   3.478232    33.7910        731     3.0417  0.000e+00
    135.361     7.5971   3.478255    33.7910        732     3.0458  0.000e+00
    135.574     7.5970   3.478416    33.7928        733     3.0500  0.000e+00
    135.791     7.5973   3.478336    33.7916        734     3.0542  0.000e+00
    135.999     7.5970   3.478445    33.7930        735     3.0583  0.000e+00
    136.211     7.5968   3.478651    33.7952        736     3.0625  0.000e+00
    136.412     7.5968   3.479012    33.7991        737     3.0667  0.000e+00
    136.609     7.5970   3.479804    33.8073        738     3.0708  0.000e+00
    136.812     7.5985   3.479534    33.8028        739     3.0750  0.000e+00
    137.009     7.5996   3.480102    33.8078        740     3.0792  0.000e+00
    137.206     7.6005   3.480567    33.8118        741     3.0833  0.000e+00
    137.406     7.6018   3.480756    33.8125        742     3.0875  0.000e+00
    137.600     7.6033   3.481702    33.8212        743     3.0917  0.000e+00
    137.795     7.6049   3.481851    33.8212        744     3.0958  0.000e+00
    137.996     7.6064   3.481783    33.8188        745     3.1000  0.000e+00
    138.199     7.6076   3.481829    33.8181        746     3.1042  0.000e+00
    138.396     7.6089   3.482288    33.8217        747     3.1083  0.000e+00
    138.597     7.6103   3.482437    33.8218        748     3.1125  0.000e+00
    138.787     7.6108   3.482379    33.8207        749     3.1167  0.000e+00
    138.985     7.6101   3.482500    33.8225        750     3.1208  0.000e+00
    139.179     7.6100   3.482666    33.8243        751     3.1250  0.000e+00
    139.371     7.6109   3.483045    33.8275        752     3.1292  0.000e+00
    139.570     7.6119   3.483194    33.8280        753     3.1333  0.000e+00
    139.758     7.6125   3.483791    33.8337        754     3.1375  0.000e+00
    139.957     7.6136   3.484204    33.8370        755     3.1417  0.000e+00
    140.158     7.6152   3.484542    33.8391        756     3.1458  0.000e+00
    140.364     7.6171   3.484818    33.8401        757     3.1500  0.000e+00
    140.566     7.6185   3.485070    33.8414        758     3.1542  0.000e+00
    140.780     7.6194   3.485340    33.8432        759     3.1583  0.000e+00
    140.997     7.6210   3.485512    33.8435        760     3.1625  0.000e+00
    141.216     7.6223   3.485512    33.8422        761     3.1667  0.000e+00
    141.440     7.6226   3.485742    33.8442        762     3.1708  0.000e+00
    141.668     7.6234   3.485828    33.8443        763     3.1750  0.000e+00
    141.899     7.6239   3.485954    33.8450        764     3.1792  0.000e+00
    142.127     7.6240   3.486161    33.8470        765     3.1833  0.000e+00
    142.355     7.6246   3.486328    33.8481        766     3.1875  0.000e+00
    142.581     7.6255   3.486351    33.8474        767     3.1917  0.000e+00
    142.807     7.6261   3.486477    33.8480        768     3.1958  0.000e+00
    143.035     7.6268   3.486540    33.8479        769     3.2000  0.000e+00
    143.249     7.6275   3.486477    33.8465        770     3.2042  0.000e+00
    143.466     7.6273   3.486603    33.8479        771     3.2083  0.000e+00
    143.672     7.6274   3.486948    33.8515        772     3.2125  0.000e+00
    143.873     7.6281   3.486942    33.8507        773     3.2167  0.000e+00
    144.077     7.6291   3.487304    33.8534        774     3.2208  0.000e+00
    144.271     7.6301   3.487281    33.8522        775     3.2250  0.000e+00
    144.468     7.6309   3.487155    33.8499        776     3.2292  0.000e+00
    144.665     7.6307   3.487608    33.8549        777     3.2333  0.000e+00
    144.858     7.6313   3.488142    33.8600        778     3.2375  0.000e+00
    145.054     7.6329   3.488481    33.8620        779     3.2417  0.000e+00
    145.253     7.6349   3.488567    33.8609        780     3.2458  0.000e+00
    145.446     7.6365   3.488653    33.8601        781     3.2500  0.000e+00
    145.647     7.6380   3.488819    33.8604        782     3.2542  0.000e+00
    145.846     7.6397   3.488934    33.8599        783     3.2583  0.000e+00
    146.056     7.6408   3.489175    33.8613        784     3.2625  0.000e+00
    146.264     7.6421   3.489577    33.8643        785     3.2667  0.000e+00
    146.470     7.6433   3.489790    33.8653        786     3.2708  0.000e+00
    146.680     7.6446   3.490128    33.8676        787     3.2750  0.000e+00
    146.893     7.6460   3.490398    33.8690        788     3.2792  0.000e+00
    147.107     7.6477   3.490594    33.8694        789     3.2833  0.000e+00
    147.320     7.6492   3.490760    33.8697        790     3.2875  0.000e+00
    147.533     7.6507   3.490800    33.8684        791     3.2917  0.000e+00
    147.747     7.6522   3.490783    33.8668        792     3.2958  0.000e+00
    147.958     7.6523   3.490864    33.8674        793     3.3000  0.000e+00
    148.174     7.6522   3.491053    33.8694        794     3.3042  0.000e+00
    148.384     7.6523   3.491162    33.8704        795     3.3083  0.000e+00
    148.593     7.6527   3.491254    33.8709        796     3.3125  0.000e+00
    148.794     7.6532   3.491289    33.8707        797     3.3167  0.000e+00
    149.004     7.6537   3.491289    33.8701        798     3.3208  0.000e+00
    149.207     7.6538   3.491352    33.8706        799     3.3250  0.000e+00
    149.411     7.6538   3.491415    33.8712        800     3.3292  0.000e+00
    149.608     7.6539   3.491605    33.8730        801     3.3333  0.000e+00
    149.809     7.6545   3.491697    33.8734        802     3.3375  0.000e+00
    150.013     7.6555   3.491685    33.8722        803     3.3417  0.000e+00
    150.212     7.6558   3.491772    33.8727        804     3.3458  0.000e+00
    150.413     7.6561   3.491921    33.8740        805     3.3500  0.000e+00
    150.615     7.6564   3.492007    33.8744        806     3.3542  0.000e+00
    150.829     7.6567   3.492133    33.8754        807     3.3583  0.000e+00
    151.042     7.6572   3.492271    33.8764        808     3.3625  0.000e+00
    151.263     7.6577   3.492386    33.8770        809     3.3667  0.000e+00
    151.480     7.6585   3.492467    33.8770        810     3.3708  0.000e+00
    151.704     7.6587   3.492742    33.8796        811     3.3750  0.000e+00
    151.930     7.6594   3.492806    33.8796        812     3.3792  0.000e+00
    152.153     7.6600   3.492915    33.8800        813     3.3833  0.000e+00
    152.381     7.6603   3.492938    33.8799        814     3.3875  0.000e+00
    152.609     7.6605   3.492978    33.8800        815     3.3917  0.000e+00
    152.835     7.6606   3.492978    33.8798        816     3.3958  0.000e+00
    153.052     7.6605   3.492892    33.8788        817     3.4000  0.000e+00
    153.273     7.6600   3.492978    33.8802        818     3.4042  0.000e+00
    153.484     7.6595   3.492892    33.8796        819     3.4083  0.000e+00
    153.700     7.6589   3.492979    33.8810        820     3.4125  0.000e+00
    153.906     7.6583   3.493002    33.8817        821     3.4167  0.000e+00
    154.116     7.6580   3.492870    33.8805        822     3.4208  0.000e+00
    154.316     7.6575   3.492766    33.8798        823     3.4250  0.000e+00
    154.517     7.6563   3.492789    33.8811        824     3.4292  0.000e+00
    154.718     7.6556   3.492893    33.8828        825     3.4333  0.000e+00
    154.913     7.6554   3.492996    33.8840        826     3.4375  0.000e+00
    155.109     7.6555   3.493025    33.8842        827     3.4417  0.000e+00
    155.300     7.6558   3.492853    33.8820        828     3.4458  0.000e+00
    155.499     7.6550   3.492704    33.8810        829     3.4500  0.000e+00
    155.696     7.6537   3.492916    33.8845        830     3.4542  0.000e+00
