HB2406/sbe046.cnv
* Sea-Bird SBE 19plus V2 Data File:
* FileName = C:\cruise\data\sbe046.hex
* Software Version Seasave V 7.26.7.121
* Temperature SN = 7037
* Conductivity SN = 7037
* System UpLoad Time = Aug 16 2024 08:02:18
* NMEA Latitude = 43 52.64 N
* NMEA Longitude = 067 07.70 W
* NMEA UTC (Time) = Aug 16 2024  08:01:10
** Ship: Henry Bigelow
** Cruise:  HB2406
** Program:  ECOMON
# nquan = 7
# nvalues = 4142                                  
# units = specified
# name 0 = depSM: Depth [salt water, m]
# name 1 = tv290C: Temperature [ITS-90, deg C]
# name 2 = c0S/m: Conductivity [S/m]
# name 3 = sal00: Salinity, Practical [PSU]
# name 4 = scan: Scan Count
# name 5 = timeM: Time, Elapsed [minutes]
# name 6 = flag:  0.000e+00
# span 0 =     -0.011,    147.014                 
# span 1 =     7.7890,    16.3084                 
# span 2 =  -0.000028,   4.080141                 
# span 3 =     0.0000,    33.9660                 
# span 4 =         11,       4152                 
# span 5 =     0.0417,    17.2958                 
# span 6 = 0.0000e+00, 0.0000e+00                 
# interval = seconds: 0.25
# start_time = Aug 16 2024 08:01:10 [NMEA time, header]
# bad_flag = -9.990e-29
*END*
[from data line 821]
     94.631     7.9857   3.473956    33.3903        832     3.4625  0.000e+00
     94.738     7.9847   3.473933    33.3910        833     3.4667  0.000e+00
     94.848     7.9838   3.473956    33.3920        834     3.4708  0.000e+00
     94.958     7.9832   3.473956    33.3925        835     3.4750  0.000e+00
     95.065     7.9827   3.473956    33.3929        836     3.4792  0.000e+00
     95.173     7.9821   3.474002    33.3939        837     3.4833  0.000e+00
     95.278     7.9816   3.474082    33.3952        838     3.4875  0.000e+00
     95.392     7.9809   3.474099    33.3960        839     3.4917  0.000e+00
     95.502     7.9800   3.474099    33.3968        840     3.4958  0.000e+00
     95.620     7.9793   3.474059    33.3970        841     3.5000  0.000e+00
     95.734     7.9789   3.474111    33.3979        842     3.5042  0.000e+00
     95.855     7.9786   3.474162    33.3987        843     3.5083  0.000e+00
     95.978     7.9782   3.474163    33.3990        844     3.5125  0.000e+00
     96.101     7.9779   3.474163    33.3992        845     3.5167  0.000e+00
     96.226     7.9777   3.474123    33.3989        846     3.5208  0.000e+00
     96.354     7.9777   3.474111    33.3988        847     3.5250  0.000e+00
     96.477     7.9777   3.474312    33.4008        848     3.5292  0.000e+00
     96.606     7.9779   3.474524    33.4029        849     3.5333  0.000e+00
     96.728     7.9785   3.474541    33.4024        850     3.5375  0.000e+00
     96.853     7.9791   3.474587    33.4023        851     3.5417  0.000e+00
     96.978     7.9793   3.474553    33.4016        852     3.5458  0.000e+00
     97.101     7.9795   3.474587    33.4017        853     3.5500  0.000e+00
     97.227     7.9796   3.474816    33.4041        854     3.5542  0.000e+00
     97.343     7.9798   3.474839    33.4041        855     3.5583  0.000e+00
     97.459     7.9800   3.474902    33.4045        856     3.5625  0.000e+00
     97.576     7.9798   3.475166    33.4074        857     3.5667  0.000e+00
     97.687     7.9788   3.475447    33.4113        858     3.5708  0.000e+00
     97.799     7.9765   3.475384    33.4128        859     3.5750  0.000e+00
     97.909     7.9720   3.475132    33.4144        860     3.5792  0.000e+00
     98.016     7.9662   3.474754    33.4158        861     3.5833  0.000e+00
     98.124     7.9594   3.474467    33.4192        862     3.5875  0.000e+00
     98.236     7.9527   3.474227    33.4230        863     3.5917  0.000e+00
     98.347     7.9461   3.473917    33.4259        864     3.5958  0.000e+00
     98.453     7.9396   3.473602    33.4287        865     3.6000  0.000e+00
     98.564     7.9330   3.473453    33.4334        866     3.6042  0.000e+00
     98.674     7.9273   3.473350    33.4377        867     3.6083  0.000e+00
     98.782     7.9229   3.473350    33.4418        868     3.6125  0.000e+00
     98.896     7.9195   3.473350    33.4451        869     3.6167  0.000e+00
     99.012     7.9158   3.473368    33.4487        870     3.6208  0.000e+00
     99.128     7.9129   3.473431    33.4521        871     3.6250  0.000e+00
     99.245     7.9103   3.473517    33.4555        872     3.6292  0.000e+00
     99.365     7.9084   3.473517    33.4572        873     3.6333  0.000e+00
     99.484     7.9067   3.473540    33.4590        874     3.6375  0.000e+00
     99.607     7.9051   3.473683    33.4620        875     3.6417  0.000e+00
     99.723     7.9033   3.473941    33.4665        876     3.6458  0.000e+00
     99.842     7.9007   3.474337    33.4732        877     3.6500  0.000e+00
     99.958     7.8986   3.474526    33.4771        878     3.6542  0.000e+00
    100.077     7.8973   3.474692    33.4801        879     3.6583  0.000e+00
    100.193     7.8963   3.474858    33.4828        880     3.6625  0.000e+00
    100.314     7.8953   3.474927    33.4844        881     3.6667  0.000e+00
    100.431     7.8942   3.474967    33.4858        882     3.6708  0.000e+00
    100.545     7.8937   3.475134    33.4880        883     3.6750  0.000e+00
    100.652     7.8931   3.475237    33.4897        884     3.6792  0.000e+00
    100.764     7.8926   3.475300    33.4908        885     3.6833  0.000e+00
    100.887     7.8920   3.475346    33.4918        886     3.6875  0.000e+00
    100.995     7.8917   3.475386    33.4925        887     3.6917  0.000e+00
    101.113     7.8912   3.475386    33.4928        888     3.6958  0.000e+00
    101.231     7.8910   3.475426    33.4934        889     3.7000  0.000e+00
    101.350     7.8907   3.475512    33.4946        890     3.7042  0.000e+00
    101.467     7.8905   3.475564    33.4953        891     3.7083  0.000e+00
    101.589     7.8903   3.475701    33.4969        892     3.7125  0.000e+00
    101.704     7.8899   3.475868    33.4990        893     3.7167  0.000e+00
    101.825     7.8894   3.475954    33.5003        894     3.7208  0.000e+00
    101.947     7.8888   3.476017    33.5015        895     3.7250  0.000e+00
    102.068     7.8884   3.476091    33.5026        896     3.7292  0.000e+00
    102.189     7.8878   3.476160    33.5039        897     3.7333  0.000e+00
    102.314     7.8872   3.476223    33.5051        898     3.7375  0.000e+00
    102.433     7.8867   3.476286    33.5062        899     3.7417  0.000e+00
    102.554     7.8862   3.476395    33.5077        900     3.7458  0.000e+00
    102.670     7.8857   3.476533    33.5097        901     3.7500  0.000e+00
    102.795     7.8851   3.476705    33.5120        902     3.7542  0.000e+00
    102.912     7.8846   3.477003    33.5157        903     3.7583  0.000e+00
    103.030     7.8841   3.477106    33.5171        904     3.7625  0.000e+00
    103.145     7.8835   3.477169    33.5183        905     3.7667  0.000e+00
    103.267     7.8832   3.477169    33.5186        906     3.7708  0.000e+00
    103.382     7.8827   3.477422    33.5217        907     3.7750  0.000e+00
    103.500     7.8821   3.477525    33.5234        908     3.7792  0.000e+00
    103.619     7.8812   3.477714    33.5262        909     3.7833  0.000e+00
    103.728     7.8803   3.478029    33.5304        910     3.7875  0.000e+00
    103.842     7.8790   3.478821    33.5401        911     3.7917  0.000e+00
    103.948     7.8763   3.480782    33.5636        912     3.7958  0.000e+00
    104.062     7.8721   3.481917    33.5798        913     3.8000  0.000e+00
    104.171     7.8670   3.482359    33.5894        914     3.8042  0.000e+00
    104.279     7.8627   3.482612    33.5961        915     3.8083  0.000e+00
    104.380     7.8597   3.482675    33.5996        916     3.8125  0.000e+00
    104.491     7.8576   3.482761    33.6025        917     3.8167  0.000e+00
    104.603     7.8564   3.482904    33.6052        918     3.8208  0.000e+00
    104.706     7.8553   3.483013    33.6073        919     3.8250  0.000e+00
    104.818     7.8545   3.483054    33.6085        920     3.8292  0.000e+00
    104.926     7.8538   3.483117    33.6098        921     3.8333  0.000e+00
    105.040     7.8532   3.483163    33.6108        922     3.8375  0.000e+00
    105.151     7.8529   3.483346    33.6130        923     3.8417  0.000e+00
    105.263     7.8519   3.483622    33.6169        924     3.8458  0.000e+00
    105.378     7.8508   3.483708    33.6188        925     3.8500  0.000e+00
    105.494     7.8498   3.483731    33.6200        926     3.8542  0.000e+00
    105.617     7.8490   3.483737    33.6207        927     3.8583  0.000e+00
    105.735     7.8484   3.483771    33.6216        928     3.8625  0.000e+00
    105.856     7.8481   3.483794    33.6221        929     3.8667  0.000e+00
    105.984     7.8477   3.483834    33.6229        930     3.8708  0.000e+00
    106.109     7.8476   3.483897    33.6236        931     3.8750  0.000e+00
    106.237     7.8471   3.483897    33.6240        932     3.8792  0.000e+00
    106.360     7.8467   3.484110    33.6266        933     3.8833  0.000e+00
    106.490     7.8460   3.484529    33.6317        934     3.8875  0.000e+00
    106.617     7.8437   3.484718    33.6359        935     3.8917  0.000e+00
    106.736     7.8411   3.484970    33.6411        936     3.8958  0.000e+00
    106.861     7.8385   3.485539    33.6496        937     3.9000  0.000e+00
    106.980     7.8358   3.485808    33.6551        938     3.9042  0.000e+00
    107.096     7.8335   3.485917    33.6583        939     3.9083  0.000e+00
    107.204     7.8321   3.486004    33.6606        940     3.9125  0.000e+00
    107.306     7.8309   3.486107    33.6628        941     3.9167  0.000e+00
    107.405     7.8302   3.486130    33.6637        942     3.9208  0.000e+00
    107.508     7.8294   3.486256    33.6657        943     3.9250  0.000e+00
    107.608     7.8287   3.486314    33.6669        944     3.9292  0.000e+00
    107.718     7.8282   3.486400    33.6684        945     3.9333  0.000e+00
    107.821     7.8278   3.486400    33.6687        946     3.9375  0.000e+00
    107.924     7.8271   3.486383    33.6691        947     3.9417  0.000e+00
    108.034     7.8270   3.486463    33.6701        948     3.9458  0.000e+00
    108.143     7.8267   3.486446    33.6701        949     3.9500  0.000e+00
    108.253     7.8265   3.486446    33.6702        950     3.9542  0.000e+00
    108.365     7.8264   3.486446    33.6703        951     3.9583  0.000e+00
    108.477     7.8264   3.486486    33.6706        952     3.9625  0.000e+00
    108.597     7.8264   3.486572    33.6715        953     3.9667  0.000e+00
    108.716     7.8264   3.486612    33.6719        954     3.9708  0.000e+00
    108.841     7.8264   3.486802    33.6739        955     3.9750  0.000e+00
    108.964     7.8263   3.487043    33.6765        956     3.9792  0.000e+00
    109.096     7.8260   3.487204    33.6784        957     3.9833  0.000e+00
    109.230     7.8261   3.487370    33.6801        958     3.9875  0.000e+00
    109.364     7.8259   3.487496    33.6816        959     3.9917  0.000e+00
    109.496     7.8258   3.487605    33.6828        960     3.9958  0.000e+00
    109.631     7.8256   3.487858    33.6856        961     4.0000  0.000e+00
    109.772     7.8255   3.488277    33.6901        962     4.0042  0.000e+00
    109.910     7.8249   3.488616    33.6943        963     4.0083  0.000e+00
    110.047     7.8243   3.489689    33.7063        964     4.0125  0.000e+00
    110.184     7.8236   3.492646    33.7386        965     4.0167  0.000e+00
    110.315     7.8226   3.495259    33.7676        966     4.0208  0.000e+00
    110.445     7.8217   3.496782    33.7847        967     4.0250  0.000e+00
    110.570     7.8212   3.498408    33.8026        968     4.0292  0.000e+00
    110.696     7.8205   3.499931    33.8196        969     4.0333  0.000e+00
    110.819     7.8194   3.501328    33.8357        970     4.0375  0.000e+00
    110.944     7.8182   3.502621    33.8506        971     4.0417  0.000e+00
    111.060     7.8170   3.503869    33.8652        972     4.0458  0.000e+00
    111.177     7.8157   3.504530    33.8735        973     4.0500  0.000e+00
    111.291     7.8144   3.504806    33.8777        974     4.0542  0.000e+00
    111.410     7.8133   3.505174    33.8826        975     4.0583  0.000e+00
    111.528     7.8124   3.505209    33.8838        976     4.0625  0.000e+00
    111.640     7.8118   3.505335    33.8857        977     4.0667  0.000e+00
    111.759     7.8115   3.505416    33.8868        978     4.0708  0.000e+00
    111.881     7.8112   3.505612    33.8891        979     4.0750  0.000e+00
    111.996     7.8109   3.505819    33.8916        980     4.0792  0.000e+00
    112.117     7.8104   3.506014    33.8941        981     4.0833  0.000e+00
    112.240     7.8101   3.506394    33.8984        982     4.0875  0.000e+00
    112.363     7.8095   3.506883    33.9042        983     4.0917  0.000e+00
    112.486     7.8088   3.507199    33.9083        984     4.0958  0.000e+00
    112.613     7.8082   3.507452    33.9115        985     4.1000  0.000e+00
    112.738     7.8076   3.507602    33.9136        986     4.1042  0.000e+00
    112.862     7.8072   3.507792    33.9160        987     4.1083  0.000e+00
    112.987     7.8065   3.507982    33.9186        988     4.1125  0.000e+00
    113.114     7.8062   3.508218    33.9214        989     4.1167  0.000e+00
    113.240     7.8056   3.508321    33.9230        990     4.1208  0.000e+00
    113.360     7.8053   3.508390    33.9241        991     4.1250  0.000e+00
    113.493     7.8051   3.508436    33.9247        992     4.1292  0.000e+00
    113.616     7.8048   3.508408    33.9245        993     4.1333  0.000e+00
    113.737     7.8047   3.508471    33.9253        994     4.1375  0.000e+00
    113.860     7.8046   3.508517    33.9258        995     4.1417  0.000e+00
    113.982     7.8044   3.508534    33.9261        996     4.1458  0.000e+00
    114.103     7.8043   3.508598    33.9268        997     4.1500  0.000e+00
    114.222     7.8043   3.508644    33.9273        998     4.1542  0.000e+00
    114.341     7.8042   3.508730    33.9282        999     4.1583  0.000e+00
    114.459     7.8042   3.508770    33.9287       1000     4.1625  0.000e+00
    114.571     7.8040   3.508793    33.9291       1001     4.1667  0.000e+00
    114.689     7.8039   3.508793    33.9291       1002     4.1708  0.000e+00
    114.804     7.8038   3.508834    33.9296       1003     4.1750  0.000e+00
    114.924     7.8037   3.508834    33.9296       1004     4.1792  0.000e+00
    115.038     7.8035   3.508857    33.9299       1005     4.1833  0.000e+00
    115.157     7.8035   3.508857    33.9299       1006     4.1875  0.000e+00
    115.284     7.8036   3.508897    33.9302       1007     4.1917  0.000e+00
    115.410     7.8036   3.508938    33.9306       1008     4.1958  0.000e+00
    115.531     7.8035   3.509024    33.9315       1009     4.2000  0.000e+00
    115.662     7.8034   3.509064    33.9320       1010     4.2042  0.000e+00
    115.788     7.8035   3.509070    33.9319       1011     4.2083  0.000e+00
    115.924     7.8035   3.509260    33.9339       1012     4.2125  0.000e+00
    116.058     7.8034   3.509346    33.9348       1013     4.2167  0.000e+00
    116.184     7.8031   3.509410    33.9357       1014     4.2208  0.000e+00
    116.318     7.8027   3.509513    33.9371       1015     4.2250  0.000e+00
    116.448     7.8024   3.509600    33.9384       1016     4.2292  0.000e+00
    116.584     7.8021   3.509640    33.9390       1017     4.2333  0.000e+00
    116.714     7.8019   3.509686    33.9396       1018     4.2375  0.000e+00
    116.846     7.8017   3.509726    33.9402       1019     4.2417  0.000e+00
    116.972     7.8015   3.509703    33.9401       1020     4.2458  0.000e+00
    117.099     7.8015   3.509726    33.9403       1021     4.2500  0.000e+00
    117.218     7.8012   3.509749    33.9407       1022     4.2542  0.000e+00
    117.345     7.8009   3.509813    33.9417       1023     4.2583  0.000e+00
    117.462     7.8005   3.509853    33.9425       1024     4.2625  0.000e+00
    117.578     7.8000   3.509853    33.9429       1025     4.2667  0.000e+00
    117.696     7.7997   3.509939    33.9441       1026     4.2708  0.000e+00
    117.810     7.7992   3.510020    33.9453       1027     4.2750  0.000e+00
    117.923     7.7988   3.510026    33.9457       1028     4.2792  0.000e+00
    118.034     7.7984   3.510043    33.9462       1029     4.2833  0.000e+00
    118.144     7.7982   3.510043    33.9464       1030     4.2875  0.000e+00
    118.253     7.7980   3.510043    33.9465       1031     4.2917  0.000e+00
    118.363     7.7978   3.510066    33.9470       1032     4.2958  0.000e+00
    118.466     7.7976   3.509813    33.9444       1033     4.3000  0.000e+00
    118.578     7.7978   3.509980    33.9459       1034     4.3042  0.000e+00
    118.685     7.7977   3.510089    33.9471       1035     4.3083  0.000e+00
