HB2406/sbe005.cnv
* Sea-Bird SBE 19plus V2 Data File:
* FileName = C:\cruise\data\sbe005.hex
* Software Version Seasave V 7.26.7.121
* Temperature SN = 7037
* Conductivity SN = 7037
* System UpLoad Time = Aug 12 2024 22:11:39
* NMEA Latitude = 40 56.49 N
* NMEA Longitude = 070 30.05 W
* NMEA UTC (Time) = Aug 12 2024  22:10:29
** Ship: Henry Bigelow
** Cruise:  HB2406
** Program:  ECOMON
# nquan = 7
# nvalues = 1471                                  
# units = specified
# name 0 = depSM: Depth [salt water, m]
# name 1 = tv290C: Temperature [ITS-90, deg C]
# name 2 = c0S/m: Conductivity [S/m]
# name 3 = sal00: Salinity, Practical [PSU]
# name 4 = scan: Scan Count
# name 5 = timeM: Time, Elapsed [minutes]
# name 6 = flag:  0.000e+00
# span 0 =     -0.044,     41.550                 
# span 1 =     9.6909,    22.4125                 
# span 2 =  -0.000076,   4.565156                 
# span 3 =     0.0000,    32.4921                 
# span 4 =         11,       1481                 
# span 5 =     0.0417,     6.1667                 
# span 6 = 0.0000e+00, 0.0000e+00                 
# interval = seconds: 0.25
# start_time = Aug 12 2024 22:10:29 [NMEA time, header]
# bad_flag = -9.990e-29
*END*
[from data line 1436]
      2.951    22.2235   4.564830    31.4680       1447     6.0250  0.000e+00
      2.810    22.2230   4.564971    31.4695       1448     6.0292  0.000e+00
      2.661    22.2236   4.565035    31.4696       1449     6.0333  0.000e+00
      2.519    22.2241   4.565023    31.4692       1450     6.0375  0.000e+00
      2.405    22.2241   4.564933    31.4685       1451     6.0417  0.000e+00
      2.334    22.2241   4.564971    31.4689       1452     6.0458  0.000e+00
      2.302    22.2242   4.565010    31.4691       1453     6.0500  0.000e+00
      2.291    22.2241   4.565022    31.4693       1454     6.0542  0.000e+00
      2.285    22.2243   4.564984    31.4688       1455     6.0583  0.000e+00
      2.271    22.2243   4.564984    31.4688       1456     6.0625  0.000e+00
      2.224    22.2243   4.564945    31.4685       1457     6.0667  0.000e+00
      2.144    22.2242   4.564728    31.4670       1458     6.0708  0.000e+00
      1.999    22.2233   4.564542    31.4662       1459     6.0750  0.000e+00
      1.813    22.2221   4.564445    31.4664       1460     6.0792  0.000e+00
      1.593    22.2206   4.564407    31.4672       1461     6.0833  0.000e+00
      1.388    22.2196   4.564650    31.4699       1462     6.0875  0.000e+00
      1.245    22.2196   4.564599    31.4695       1463     6.0917  0.000e+00
      1.149    22.2198   4.564548    31.4690       1464     6.0958  0.000e+00
      1.097    22.2201   4.564625    31.4694       1465     6.1000  0.000e+00
      1.061    22.2204   4.564650    31.4694       1466     6.1042  0.000e+00
      1.035    22.2205   4.564625    31.4692       1467     6.1083  0.000e+00
      0.985    22.2206   4.564676    31.4695       1468     6.1125  0.000e+00
      0.875    22.2207   4.564676    31.4695       1469     6.1167  0.000e+00
      0.668    22.2211   4.564970    31.4715       1470     6.1208  0.000e+00
      0.450    22.2220   4.565034    31.4714       1471     6.1250  0.000e+00
      0.231    22.2233   4.565156    31.4715       1472     6.1292  0.000e+00
      0.055    22.2249   4.564368    31.4643       1473     6.1333  0.000e+00
     -0.031    22.2238   1.291255     7.8841       1474     6.1375  0.000e+00
     -0.039    22.2122   0.551087     3.1611       1475     6.1417  0.000e+00
     -0.037    22.1794   0.391840     2.2007       1476     6.1458  0.000e+00
     -0.044    22.1337   0.298832     1.6533       1477     6.1500  0.000e+00
     -0.035    22.0796   0.256245     1.4072       1478     6.1542  0.000e+00
     -0.041    22.0335   0.223184     1.2179       1479     6.1583  0.000e+00
     -0.037    22.0110   0.187224     1.0130       1480     6.1625  0.000e+00
     -0.037    22.0022   0.167059     0.8990       1481     6.1667  0.000e+00
