HB2406/sbe003.cnv
* Sea-Bird SBE 19plus V2 Data File:
* FileName = C:\cruise\data\sbe003.hex
* Software Version Seasave V 7.26.7.121
* Temperature SN = 7037
* Conductivity SN = 7037
* System UpLoad Time = Feb 17 2024 09:50:02
* NMEA Latitude = 42 21.42 N
* NMEA Longitude = 070 28.53 W
* NMEA UTC (Time) = Feb 17 2024  09:50:18
** Cruise: HB2401
** Program: ECOMON
# nquan = 7
# nvalues = 2188                                  
# units = specified
# name 0 = depSM: Depth [salt water, m]
# name 1 = tv290C: Temperature [ITS-90, deg C]
# name 2 = c0S/m: Conductivity [S/m]
# name 3 = sal00: Salinity, Practical [PSU]
# name 4 = scan: Scan Count
# name 5 = timeM: Time, Elapsed [minutes]
# name 6 = flag:  0.000e+00
# span 0 =     -0.121,     82.917                 
# span 1 =     0.5615,     5.3039                 
# span 2 =  -0.000033,   3.060857                 
# span 3 =    -0.0015,    31.5011                 
# span 4 =         11,       2198                 
# span 5 =     0.0417,     9.1542                 
# span 6 = 0.0000e+00, 0.0000e+00                 
# interval = seconds: 0.25
# start_time = Feb 17 2024 09:50:18 [NMEA time, header]
# bad_flag = -9.990e-29
*END*
[from data line 2052]
      3.069     4.3270   2.945560    31.0214       2063     8.5917  0.000e+00
      3.018     4.3239   2.944950    31.0172       2064     8.5958  0.000e+00
      2.975     4.3178   2.944854    31.0220       2065     8.6000  0.000e+00
      2.932     4.3135   2.945351    31.0318       2066     8.6042  0.000e+00
      2.889     4.3132   2.945159    31.0299       2067     8.6083  0.000e+00
      2.844     4.3133   2.945159    31.0298       2068     8.6125  0.000e+00
      2.799     4.3131   2.945594    31.0351       2069     8.6167  0.000e+00
      2.752     4.3148   2.945532    31.0327       2070     8.6208  0.000e+00
      2.706     4.3162   2.945441    31.0304       2071     8.6250  0.000e+00
      2.652     4.3165   2.945616    31.0322       2072     8.6292  0.000e+00
      2.589     4.3171   2.945961    31.0356       2073     8.6333  0.000e+00
      2.535     4.3192   2.946057    31.0348       2074     8.6375  0.000e+00
      2.474     4.3216   2.945865    31.0303       2075     8.6417  0.000e+00
      2.415     4.3225   2.946017    31.0313       2076     8.6458  0.000e+00
      2.372     4.3225   2.945769    31.0284       2077     8.6500  0.000e+00
      2.334     4.3224   2.945933    31.0305       2078     8.6542  0.000e+00
      2.300     4.3223   2.945690    31.0277       2079     8.6583  0.000e+00
      2.269     4.3217   2.945825    31.0299       2080     8.6625  0.000e+00
      2.249     4.3212   2.946300    31.0359       2081     8.6667  0.000e+00
      2.215     4.3232   2.947255    31.0451       2082     8.6708  0.000e+00
      2.194     4.3294   2.947391    31.0409       2083     8.6750  0.000e+00
      2.176     4.3345   2.947046    31.0321       2084     8.6792  0.000e+00
      2.149     4.3353   2.946475    31.0247       2085     8.6833  0.000e+00
      2.125     4.3340   2.946532    31.0266       2086     8.6875  0.000e+00
      2.091     4.3317   2.945865    31.0210       2087     8.6917  0.000e+00
      2.048     4.3280   2.946492    31.0318       2088     8.6958  0.000e+00
      2.001     4.3277   2.946017    31.0266       2089     8.7000  0.000e+00
      1.953     4.3263   2.945803    31.0255       2090     8.7042  0.000e+00
      1.895     4.3244   2.945938    31.0289       2091     8.7083  0.000e+00
      1.829     4.3234   2.946611    31.0377       2092     8.7125  0.000e+00
      1.764     4.3260   2.947504    31.0456       2093     8.7167  0.000e+00
      1.696     4.3324   2.947379    31.0382       2094     8.7208  0.000e+00
      1.619     4.3367   2.947413    31.0345       2095     8.7250  0.000e+00
      1.547     4.3386   2.947125    31.0294       2096     8.7292  0.000e+00
      1.475     4.3391   2.947142    31.0292       2097     8.7333  0.000e+00
      1.405     4.3384   2.946876    31.0268       2098     8.7375  0.000e+00
      1.349     4.3370   2.946893    31.0283       2099     8.7417  0.000e+00
      1.317     4.3360   2.946819    31.0285       2100     8.7458  0.000e+00
      1.277     4.3352   2.946684    31.0276       2101     8.7500  0.000e+00
      1.243     4.3340   2.946639    31.0283       2102     8.7542  0.000e+00
      1.241     4.3330   2.946933    31.0326       2103     8.7583  0.000e+00
      1.231     4.3337   2.946588    31.0280       2104     8.7625  0.000e+00
      1.213     4.3339   2.947181    31.0347       2105     8.7667  0.000e+00
      1.202     4.3349   2.947000    31.0317       2106     8.7708  0.000e+00
      1.193     4.3362   2.946339    31.0227       2107     8.7750  0.000e+00
      1.184     4.3327   2.945463    31.0158       2108     8.7792  0.000e+00
      1.162     4.3265   2.945655    31.0240       2109     8.7833  0.000e+00
      1.128     4.3228   2.945819    31.0293       2110     8.7875  0.000e+00
      1.081     4.3221   2.945995    31.0321       2111     8.7917  0.000e+00
      1.006     4.3229   2.946130    31.0329       2112     8.7958  0.000e+00
      0.916     4.3237   2.944621    31.0147       2113     8.8000  0.000e+00
      0.853     4.3186   2.944226    31.0149       2114     8.8042  0.000e+00
      0.765     4.3111   2.944300    31.0229       2115     8.8083  0.000e+00
      0.677     4.3073   2.944870    31.0331       2116     8.8125  0.000e+00
      0.600     4.3081   2.945384    31.0384       2117     8.8167  0.000e+00
      0.542     4.3111   2.945277    31.0344       2118     8.8208  0.000e+00
      0.528     4.3145   2.944678    31.0242       2119     8.8250  0.000e+00
      0.526     4.3130   2.945136    31.0309       2120     8.8292  0.000e+00
      0.549     4.3131   2.945961    31.0405       2121     8.8333  0.000e+00
      0.562     4.3175   2.946187    31.0389       2122     8.8375  0.000e+00
      0.587     4.3221   2.946113    31.0337       2123     8.8417  0.000e+00
      0.601     4.3248   2.945768    31.0271       2124     8.8458  0.000e+00
      0.557     4.3244   2.945407    31.0234       2125     8.8500  0.000e+00
      0.535     4.3220   2.945260    31.0240       2126     8.8542  0.000e+00
      0.528     4.3194   2.945062    31.0241       2127     8.8583  0.000e+00
      0.524     4.3170   2.944243    31.0168       2128     8.8625  0.000e+00
      0.459     4.3117   2.944469    31.0245       2129     8.8667  0.000e+00
      0.343     4.3086   2.944751    31.0307       2130     8.8708  0.000e+00
      0.301     4.3087   2.944791    31.0311       2131     8.8750  0.000e+00
      0.269     4.3098   2.945136    31.0341       2132     8.8792  0.000e+00
      0.242     4.3119   2.945232    31.0332       2133     8.8833  0.000e+00
      0.251     4.3144   2.945441    31.0333       2134     8.8875  0.000e+00
      0.251     4.3167   2.945864    31.0361       2135     8.8917  0.000e+00
      0.255     4.3200   2.945192    31.0252       2136     8.8958  0.000e+00
      0.258     4.3194   2.945441    31.0286       2137     8.9000  0.000e+00
      0.282     4.3189   2.945350    31.0280       2138     8.9042  0.000e+00
      0.303     4.3188   2.945520    31.0301       2139     8.9083  0.000e+00
      0.332     4.3193   2.945441    31.0287       2140     8.9125  0.000e+00
      0.375     4.3197   2.945441    31.0283       2141     8.9167  0.000e+00
      0.434     4.3197   2.945712    31.0314       2142     8.9208  0.000e+00
      0.450     4.3208   2.945565    31.0286       2143     8.9250  0.000e+00
      0.465     4.3213   2.945328    31.0253       2144     8.9292  0.000e+00
      0.503     4.3202   2.945785    31.0317       2145     8.9333  0.000e+00
      0.553     4.3213   2.945864    31.0316       2146     8.9375  0.000e+00
      0.567     4.3229   2.946113    31.0329       2147     8.9417  0.000e+00
      0.600     4.3250   2.946130    31.0311       2148     8.9458  0.000e+00
      0.587     4.3267   2.946170    31.0300       2149     8.9500  0.000e+00
      0.569     4.3276   2.946209    31.0296       2150     8.9542  0.000e+00
      0.580     4.3283   2.946023    31.0268       2151     8.9583  0.000e+00
      0.605     4.3278   2.945311    31.0190       2152     8.9625  0.000e+00
      0.621     4.3242   2.944717    31.0155       2153     8.9667  0.000e+00
      0.616     4.3181   2.944604    31.0199       2154     8.9708  0.000e+00
      0.563     4.3135   2.944808    31.0266       2155     8.9750  0.000e+00
      0.456     4.3117   2.944260    31.0220       2156     8.9792  0.000e+00
      0.307     4.3093   2.945079    31.0339       2157     8.9833  0.000e+00
      0.210     4.3106   2.945480    31.0374       2158     8.9875  0.000e+00
      0.129     4.3145   2.945169    31.0301       2159     8.9917  0.000e+00
      0.039     4.3160   2.945192    31.0290       2160     8.9958  0.000e+00
     -0.094     4.3165   1.897675    19.1654       2161     9.0000  0.000e+00
     -0.112     4.3037   0.533057     4.8764       2162     9.0042  0.000e+00
     -0.107     4.2618   0.323820     2.8715       2163     9.0083  0.000e+00
     -0.110     4.1765   0.283317     2.4986       2164     9.0125  0.000e+00
     -0.108     4.1004   0.234869     2.0535       2165     9.0167  0.000e+00
     -0.108     4.0774   0.198675     1.7220       2166     9.0208  0.000e+00
     -0.110     4.0723   0.182818     1.5776       2167     9.0250  0.000e+00
     -0.107     4.0729   0.165912     1.4243       2168     9.0292  0.000e+00
     -0.108     4.0768   0.151308     1.2926       2169     9.0333  0.000e+00
     -0.110     4.0811   0.141290     1.2026       2170     9.0375  0.000e+00
     -0.108     4.0856   0.135104     1.1472       2171     9.0417  0.000e+00
     -0.105     4.0903   0.128105     1.0847       2172     9.0458  0.000e+00
     -0.103     4.0948   0.119566     1.0088       2173     9.0500  0.000e+00
     -0.105     4.0989   0.113505     0.9551       2174     9.0542  0.000e+00
     -0.103     4.1030   0.106888     0.8968       2175     9.0583  0.000e+00
     -0.100     4.1069   0.101099     0.8458       2176     9.0625  0.000e+00
     -0.100     4.1101   0.097807     0.8169       2177     9.0667  0.000e+00
     -0.098     4.1139   0.091925     0.7655       2178     9.0708  0.000e+00
     -0.105     4.1174   0.080189     0.6636       2179     9.0750  0.000e+00
     -0.103     4.1208   0.083167     0.6893       2180     9.0792  0.000e+00
     -0.094     4.1247   0.081489     0.6747       2181     9.0833  0.000e+00
     -0.094     4.1236   0.069805     0.5740       2182     9.0875  0.000e+00
     -0.091     4.1170   0.069631     0.5726       2183     9.0917  0.000e+00
     -0.101     4.1140   0.063067     0.5165       2184     9.0958  0.000e+00
     -0.100     4.1163   0.057550     0.4694       2185     9.1000  0.000e+00
     -0.092     4.1148   0.057151     0.4661       2186     9.1042  0.000e+00
     -0.098     4.1136   0.054245     0.4414       2187     9.1083  0.000e+00
     -0.096     4.1150   0.050890     0.4130       2188     9.1125  0.000e+00
     -0.101     4.1147   0.048785     0.3952       2189     9.1167  0.000e+00
     -0.092     4.1168   0.046583     0.3767       2190     9.1208  0.000e+00
     -0.094     4.1174   0.044055     0.3554       2191     9.1250  0.000e+00
     -0.094     4.1143   0.042067     0.3388       2192     9.1292  0.000e+00
     -0.099     4.1155   0.039431     0.3167       2193     9.1333  0.000e+00
     -0.096     4.1186   0.037419     0.2999       2194     9.1375  0.000e+00
     -0.094     4.1219   0.035963     0.2878       2195     9.1417  0.000e+00
     -0.094     4.1252   0.034331     0.2742       2196     9.1458  0.000e+00
     -0.096     4.1283   0.032718     0.2608       2197     9.1500  0.000e+00
     -0.101     4.1312   0.031171     0.2480       2198     9.1542  0.000e+00
