HB2406/sbe043.cnv
* Sea-Bird SBE 19plus V2 Data File:
* FileName = C:\cruise\data\sbe043.hex
* Software Version Seasave V 7.26.7.121
* Temperature SN = 7037
* Conductivity SN = 7037
* System UpLoad Time = Aug 15 2024 20:53:03
* NMEA Latitude = 42 40.57 N
* NMEA Longitude = 065 58.45 W
* NMEA UTC (Time) = Aug 15 2024  20:51:55
** Ship: Henry Bigelow
** Cruise:  HB2406
** Program:  ECOMON
# nquan = 7
# nvalues = 1743                                  
# units = specified
# name 0 = depSM: Depth [salt water, m]
# name 1 = tv290C: Temperature [ITS-90, deg C]
# name 2 = c0S/m: Conductivity [S/m]
# name 3 = sal00: Salinity, Practical [PSU]
# name 4 = scan: Scan Count
# name 5 = timeM: Time, Elapsed [minutes]
# name 6 = flag:  0.000e+00
# span 0 =     -0.008,     79.643                 
# span 1 =     7.5772,    17.3354                 
# span 2 =  -0.000033,   4.111738                 
# span 3 =     0.0000,    32.7318                 
# span 4 =         11,       1753                 
# span 5 =     0.0417,     7.3000                 
# span 6 = 0.0000e+00, 0.0000e+00                 
# interval = seconds: 0.25
# start_time = Aug 15 2024 20:51:55 [NMEA time, header]
# bad_flag = -9.990e-29
*END*
[from data line 821]
     52.761     7.6598   3.377912    32.6901        832     3.4625  0.000e+00
     52.651     7.6596   3.378263    32.6941        833     3.4667  0.000e+00
     52.535     7.6597   3.378314    32.6945        834     3.4708  0.000e+00
     52.430     7.6600   3.377838    32.6892        835     3.4750  0.000e+00
     52.325     7.6598   3.377504    32.6859        836     3.4792  0.000e+00
     52.224     7.6588   3.377362    32.6854        837     3.4833  0.000e+00
     52.128     7.6577   3.377283    32.6855        838     3.4875  0.000e+00
     52.038     7.6572   3.376512    32.6778        839     3.4917  0.000e+00
     51.955     7.6555   3.376138    32.6754        840     3.4958  0.000e+00
     51.877     7.6534   3.376025    32.6762        841     3.5000  0.000e+00
     51.810     7.6522   3.376943    32.6873        842     3.5042  0.000e+00
     51.756     7.6521   3.376206    32.6794        843     3.5083  0.000e+00
     51.692     7.6518   3.377135    32.6897        844     3.5125  0.000e+00
     51.636     7.6525   3.374665    32.6626        845     3.5167  0.000e+00
     51.586     7.6505   3.372292    32.6390        846     3.5208  0.000e+00
     51.539     7.6448   3.371788    32.6390        847     3.5250  0.000e+00
     51.486     7.6396   3.371612    32.6419        848     3.5292  0.000e+00
     51.432     7.6363   3.372252    32.6519        849     3.5333  0.000e+00
     51.372     7.6348   3.371193    32.6420        850     3.5375  0.000e+00
     51.311     7.6332   3.372133    32.6536        851     3.5417  0.000e+00
     51.247     7.6326   3.374037    32.6746        852     3.5458  0.000e+00
     51.177     7.6352   3.374405    32.6763        853     3.5500  0.000e+00
     51.095     7.6383   3.374393    32.6732        854     3.5542  0.000e+00
     51.010     7.6402   3.374099    32.6683        855     3.5583  0.000e+00
     50.916     7.6413   3.373493    32.6609        856     3.5625  0.000e+00
     50.826     7.6399   3.360860    32.5265        857     3.5667  0.000e+00
     50.719     7.6248   3.354850    32.4762        858     3.5708  0.000e+00
     50.613     7.6025   3.351680    32.4629        859     3.5750  0.000e+00
     50.504     7.5812   3.354398    32.5121        860     3.5792  0.000e+00
     50.397     7.5772   3.358496    32.5600        861     3.5833  0.000e+00
     50.289     7.6011   3.370299    32.6645        862     3.5875  0.000e+00
     50.182     7.6608   3.366953    32.5726        863     3.5917  0.000e+00
     50.079     7.7085   3.374732    32.6115        864     3.5958  0.000e+00
     49.980     7.7601   3.375655    32.5732        865     3.6000  0.000e+00
     49.889     7.8021   3.376142    32.5392        866     3.6042  0.000e+00
     49.801     7.8312   3.377048    32.5218        867     3.6083  0.000e+00
     49.716     7.8522   3.376815    32.4998        868     3.6125  0.000e+00
     49.647     7.8662   3.375200    32.4696        869     3.6167  0.000e+00
     49.576     7.8690   3.374623    32.4609        870     3.6208  0.000e+00
     49.506     7.8670   3.373863    32.4546        871     3.6250  0.000e+00
     49.446     7.8631   3.374764    32.4679        872     3.6292  0.000e+00
     49.386     7.8636   3.385307    32.5801        873     3.6333  0.000e+00
     49.332     7.8973   3.389602    32.5945        874     3.6375  0.000e+00
     49.278     7.9437   3.389056    32.5455        875     3.6417  0.000e+00
     49.224     7.9767   3.393392    32.5610        876     3.6458  0.000e+00
     49.160     8.0089   3.395021    32.5484        877     3.6500  0.000e+00
     49.097     8.0370   3.395209    32.5242        878     3.6542  0.000e+00
     49.028     8.0570   3.397372    32.5287        879     3.6583  0.000e+00
     48.956     8.0756   3.402320    32.5640        880     3.6625  0.000e+00
     48.873     8.1061   3.406026    32.5751        881     3.6667  0.000e+00
     48.788     8.1432   3.408607    32.5680        882     3.6708  0.000e+00
     48.692     8.1813   3.408715    32.5339        883     3.6750  0.000e+00
     48.596     8.2081   3.409062    32.5128        884     3.6792  0.000e+00
     48.486     8.2267   3.410216    32.5078        885     3.6833  0.000e+00
     48.377     8.2441   3.410313    32.4928        886     3.6875  0.000e+00
     48.258     8.2567   3.410477    32.4829        887     3.6917  0.000e+00
     48.142     8.2682   3.411552    32.4837        888     3.6958  0.000e+00
     48.017     8.2812   3.412445    32.4812        889     3.7000  0.000e+00
     47.896     8.2936   3.411524    32.4601        890     3.7042  0.000e+00
     47.780     8.3015   3.409248    32.4288        891     3.7083  0.000e+00
     47.668     8.3012   3.407087    32.4063        892     3.7125  0.000e+00
     47.558     8.2949   3.407081    32.4121        893     3.7167  0.000e+00
     47.453     8.2892   3.405592    32.4017        894     3.7208  0.000e+00
     47.352     8.2827   3.403829    32.3891        895     3.7250  0.000e+00
     47.269     8.2730   3.401590    32.3744        896     3.7292  0.000e+00
     47.194     8.2612   3.400579    32.3747        897     3.7333  0.000e+00
     47.127     8.2498   3.400386    32.3832        898     3.7375  0.000e+00
     47.066     8.2413   3.398716    32.3734        899     3.7417  0.000e+00
     47.008     8.2323   3.396330    32.3565        900     3.7458  0.000e+00
     46.965     8.2207   3.395893    32.3626        901     3.7500  0.000e+00
     46.929     8.2110   3.395410    32.3664        902     3.7542  0.000e+00
     46.896     8.2037   3.395144    32.3704        903     3.7583  0.000e+00
     46.862     8.1987   3.395183    32.3754        904     3.7625  0.000e+00
     46.829     8.1958   3.394564    32.3715        905     3.7667  0.000e+00
     46.796     8.1935   3.393656    32.3640        906     3.7708  0.000e+00
     46.760     8.1900   3.394224    32.3733        907     3.7750  0.000e+00
     46.715     8.1885   3.393929    32.3716        908     3.7792  0.000e+00
     46.661     8.1876   3.393531    32.3682        909     3.7833  0.000e+00
     46.599     8.1862   3.392197    32.3554        910     3.7875  0.000e+00
     46.522     8.1834   3.392186    32.3579        911     3.7917  0.000e+00
     46.447     8.1810   3.391431    32.3522        912     3.7958  0.000e+00
     46.348     8.1785   3.389995    32.3393        913     3.8000  0.000e+00
     46.243     8.1749   3.385547    32.2956        914     3.8042  0.000e+00
     46.134     8.1670   3.384067    32.2872        915     3.8083  0.000e+00
     46.015     8.1572   3.382598    32.2808        916     3.8125  0.000e+00
     45.894     8.1499   3.382065    32.2819        917     3.8167  0.000e+00
     45.767     8.1525   3.384362    32.3039        918     3.8208  0.000e+00
     45.643     8.1708   3.386301    32.3077        919     3.8250  0.000e+00
     45.516     8.1936   3.390494    32.3311        920     3.8292  0.000e+00
     45.391     8.2254   3.391470    32.3121        921     3.8333  0.000e+00
     45.268     8.2540   3.392213    32.2938        922     3.8375  0.000e+00
     45.154     8.2749   3.393206    32.2851        923     3.8417  0.000e+00
     45.048     8.2924   3.394097    32.2785        924     3.8458  0.000e+00
     44.943     8.3081   3.394262    32.2659        925     3.8500  0.000e+00
     44.847     8.3195   3.394114    32.2540        926     3.8542  0.000e+00
     44.764     8.3273   3.394159    32.2473        927     3.8583  0.000e+00
     44.686     8.3330   3.396448    32.2662        928     3.8625  0.000e+00
     44.619     8.3433   3.397862    32.2717        929     3.8667  0.000e+00
     44.548     8.3574   3.397856    32.2588        930     3.8708  0.000e+00
     44.494     8.3671   3.397538    32.2466        931     3.8750  0.000e+00
     44.453     8.3723   3.398594    32.2530        932     3.8792  0.000e+00
     44.413     8.3784   3.398838    32.2499        933     3.8833  0.000e+00
     44.364     8.3844   3.399594    32.2524        934     3.8875  0.000e+00
     44.322     8.3904   3.399986    32.2511        935     3.8917  0.000e+00
     44.275     8.3965   3.400684    32.2528        936     3.8958  0.000e+00
     44.235     8.4025   3.400349    32.2438        937     3.9000  0.000e+00
     44.179     8.4064   3.399451    32.2309        938     3.9042  0.000e+00
     44.132     8.4053   3.399400    32.2314        939     3.9083  0.000e+00
     44.080     8.4033   3.399474    32.2340        940     3.9125  0.000e+00
     44.024     8.4023   3.399957    32.2400        941     3.9167  0.000e+00
     43.962     8.4035   3.400127    32.2408        942     3.9208  0.000e+00
     43.899     8.4052   3.400144    32.2394        943     3.9250  0.000e+00
     43.832     8.4066   3.401264    32.2499        944     3.9292  0.000e+00
     43.767     8.4115   3.401497    32.2479        945     3.9333  0.000e+00
     43.694     8.4169   3.400815    32.2359        946     3.9375  0.000e+00
     43.613     8.4172   3.403236    32.2610        947     3.9417  0.000e+00
     43.530     8.4259   3.403542    32.2564        948     3.9458  0.000e+00
     43.445     8.4348   3.402229    32.2345        949     3.9500  0.000e+00
     43.356     8.4364   3.403520    32.2466        950     3.9542  0.000e+00
     43.262     8.4397   3.406822    32.2783        951     3.9583  0.000e+00
     43.165     8.4537   3.406572    32.2630        952     3.9625  0.000e+00
     43.069     8.4663   3.406964    32.2556        953     3.9667  0.000e+00
     42.969     8.4746   3.406714    32.2454        954     3.9708  0.000e+00
     42.863     8.4794   3.407351    32.2477        955     3.9750  0.000e+00
     42.758     8.4840   3.408107    32.2515        956     3.9792  0.000e+00
     42.651     8.4902   3.408380    32.2488        957     3.9833  0.000e+00
     42.541     8.4957   3.408397    32.2440        958     3.9875  0.000e+00
     42.443     8.4997   3.408368    32.2401        959     3.9917  0.000e+00
     42.338     8.5023   3.408317    32.2372        960     3.9958  0.000e+00
     42.237     8.5036   3.408317    32.2361        961     4.0000  0.000e+00
     42.141     8.5045   3.408175    32.2338        962     4.0042  0.000e+00
     42.045     8.5055   3.408112    32.2323        963     4.0083  0.000e+00
     41.949     8.5063   3.408106    32.2315        964     4.0125  0.000e+00
     41.868     8.5072   3.408129    32.2309        965     4.0167  0.000e+00
     41.776     8.5084   3.408072    32.2293        966     4.0208  0.000e+00
     41.694     8.5092   3.408277    32.2307        967     4.0250  0.000e+00
     41.608     8.5103   3.408419    32.2313        968     4.0292  0.000e+00
     41.530     8.5118   3.408345    32.2292        969     4.0333  0.000e+00
     41.443     8.5126   3.408396    32.2290        970     4.0375  0.000e+00
     41.363     8.5132   3.408584    32.2305        971     4.0417  0.000e+00
     41.284     8.5143   3.408840    32.2322        972     4.0458  0.000e+00
     41.208     8.5164   3.408851    32.2304        973     4.0500  0.000e+00
     41.125     8.5180   3.409403    32.2348        974     4.0542  0.000e+00
     41.042     8.5211   3.409954    32.2378        975     4.0583  0.000e+00
     40.957     8.5261   3.410262    32.2365        976     4.0625  0.000e+00
     40.881     8.5308   3.410728    32.2371        977     4.0667  0.000e+00
     40.788     8.5361   3.411063    32.2358        978     4.0708  0.000e+00
     40.700     8.5413   3.411228    32.2329        979     4.0750  0.000e+00
     40.618     8.5458   3.411524    32.2319        980     4.0792  0.000e+00
     40.524     8.5498   3.412503    32.2386        981     4.0833  0.000e+00
     40.441     8.5567   3.413322    32.2409        982     4.0875  0.000e+00
     40.354     8.5654   3.414215    32.2423        983     4.0917  0.000e+00
     40.269     8.5752   3.414966    32.2413        984     4.0958  0.000e+00
     40.186     8.5851   3.415421    32.2370        985     4.1000  0.000e+00
     40.103     8.5946   3.416531    32.2401        986     4.1042  0.000e+00
     40.029     8.6053   3.417698    32.2425        987     4.1083  0.000e+00
     39.953     8.6178   3.417875    32.2331        988     4.1125  0.000e+00
     39.880     8.6273   3.418091    32.2266        989     4.1167  0.000e+00
     39.806     8.6346   3.418193    32.2211        990     4.1208  0.000e+00
     39.750     8.6396   3.418153    32.2162        991     4.1250  0.000e+00
     39.687     8.6427   3.418176    32.2137        992     4.1292  0.000e+00
     39.625     8.6447   3.418256    32.2126        993     4.1333  0.000e+00
     39.560     8.6463   3.418694    32.2158        994     4.1375  0.000e+00
     39.504     8.6496   3.418893    32.2149        995     4.1417  0.000e+00
     39.444     8.6545   3.418665    32.2081        996     4.1458  0.000e+00
     39.377     8.6610   3.418329    32.1987        997     4.1500  0.000e+00
     39.318     8.6664   3.417680    32.1871        998     4.1542  0.000e+00
     39.253     8.6696   3.416838    32.1754        999     4.1583  0.000e+00
     39.175     8.6709   3.416263    32.1682       1000     4.1625  0.000e+00
     39.104     8.6726   3.416980    32.1741       1001     4.1667  0.000e+00
     39.023     8.6769   3.417617    32.1769       1002     4.1708  0.000e+00
     38.938     8.6829   3.417822    32.1737       1003     4.1750  0.000e+00
     38.849     8.6884   3.420128    32.1928       1004     4.1792  0.000e+00
     38.757     8.7001   3.425927    32.2428       1005     4.1833  0.000e+00
     38.659     8.7311   3.429740    32.2544       1006     4.1875  0.000e+00
     38.556     8.7733   3.433914    32.2596       1007     4.1917  0.000e+00
     38.455     8.8172   3.438335    32.2657       1008     4.1958  0.000e+00
     38.352     8.8650   3.443718    32.2783       1009     4.2000  0.000e+00
     38.251     8.9177   3.450218    32.2981       1010     4.2042  0.000e+00
     38.160     8.9787   3.454819    32.2905       1011     4.2083  0.000e+00
     38.064     9.0408   3.457495    32.2618       1012     4.2125  0.000e+00
     37.974     9.0955   3.459822    32.2364       1013     4.2167  0.000e+00
     37.891     9.1399   3.461933    32.2181       1014     4.2208  0.000e+00
     37.808     9.1771   3.463140    32.1971       1015     4.2250  0.000e+00
     37.732     9.2061   3.465126    32.1914       1016     4.2292  0.000e+00
     37.661     9.2333   3.466923    32.1855       1017     4.2333  0.000e+00
     37.600     9.2593   3.469941    32.1932       1018     4.2375  0.000e+00
     37.535     9.2891   3.474781    32.2162       1019     4.2417  0.000e+00
     37.484     9.3294   3.476604    32.1987       1020     4.2458  0.000e+00
     37.428     9.3682   3.477377    32.1717       1021     4.2500  0.000e+00
     37.379     9.3981   3.478707    32.1585       1022     4.2542  0.000e+00
     37.325     9.4225   3.480512    32.1551       1023     4.2583  0.000e+00
     37.276     9.4465   3.481711    32.1459       1024     4.2625  0.000e+00
     37.229     9.4691   3.481877    32.1273       1025     4.2667  0.000e+00
     37.176     9.4907   3.482525    32.1147       1026     4.2708  0.000e+00
     37.126     9.5108   3.483580    32.1075       1027     4.2750  0.000e+00
     37.077     9.5297   3.484526    32.1003       1028     4.2792  0.000e+00
     37.017     9.5483   3.486087    32.0996       1029     4.2833  0.000e+00
     36.959     9.5670   3.486505    32.0872       1030     4.2875  0.000e+00
     36.896     9.5825   3.486844    32.0768       1031     4.2917  0.000e+00
     36.833     9.5937   3.487395    32.0725       1032     4.2958  0.000e+00
     36.764     9.6033   3.487578    32.0658       1033     4.3000  0.000e+00
     36.688     9.6108   3.487624    32.0596       1034     4.3042  0.000e+00
     36.619     9.6161   3.488083    32.0596       1035     4.3083  0.000e+00
