HB2406/sbe037.cnv
* Sea-Bird SBE 19plus V2 Data File:
* FileName = C:\cruise\data\sbe037.hex
* Software Version Seasave V 7.26.7.121
* Temperature SN = 7037
* Conductivity SN = 7037
* System UpLoad Time = Aug 15 2024 05:45:18
* NMEA Latitude = 41 23.62 N
* NMEA Longitude = 066 01.59 W
* NMEA UTC (Time) = Aug 15 2024  05:44:09
** Ship: Henry Bigelow
** Cruise:  HB2406
** Program:  ECOMON
# nquan = 7
# nvalues = 2328                                  
# units = specified
# name 0 = depSM: Depth [salt water, m]
# name 1 = tv290C: Temperature [ITS-90, deg C]
# name 2 = c0S/m: Conductivity [S/m]
# name 3 = sal00: Salinity, Practical [PSU]
# name 4 = scan: Scan Count
# name 5 = timeM: Time, Elapsed [minutes]
# name 6 = flag:  0.000e+00
# span 0 =      0.638,    237.406                 
# span 1 =     9.0707,    20.3729                 
# span 2 =   3.563404,   4.478787                 
# span 3 =    31.9322,    35.5292                 
# span 4 =         11,       2338                 
# span 5 =     0.0417,     9.7375                 
# span 6 = 0.0000e+00, 0.0000e+00                 
# interval = seconds: 0.25
# start_time = Aug 15 2024 05:44:09 [NMEA time, header]
# bad_flag = -9.990e-29
*END*
[from data line 616]
    124.318    11.1372   3.900709    34.7800        627     2.6083  0.000e+00
    124.519    11.1387   3.901219    34.7836        628     2.6125  0.000e+00
    124.721    11.1404   3.901633    34.7860        629     2.6167  0.000e+00
    124.929    11.1422   3.901585    34.7838        630     2.6208  0.000e+00
    125.141    11.1436   3.901675    34.7833        631     2.6250  0.000e+00
    125.367    11.1447   3.902138    34.7867        632     2.6292  0.000e+00
    125.597    11.1458   3.902402    34.7882        633     2.6333  0.000e+00
    125.827    11.1471   3.902763    34.7905        634     2.6375  0.000e+00
    126.062    11.1486   3.902919    34.7905        635     2.6417  0.000e+00
    126.301    11.1501   3.904558    34.8053        636     2.6458  0.000e+00
    126.543    11.1530   3.904949    34.8063        637     2.6500  0.000e+00
    126.776    11.1563   3.905616    34.8097        638     2.6542  0.000e+00
    127.017    11.1595   3.906589    34.8163        639     2.6583  0.000e+00
    127.247    11.1632   3.906469    34.8115        640     2.6625  0.000e+00
    127.471    11.1661   3.906865    34.8126        641     2.6667  0.000e+00
    127.684    11.1682   3.906769    34.8095        642     2.6708  0.000e+00
    127.902    11.1697   3.907004    34.8103        643     2.6750  0.000e+00
    128.117    11.1710   3.907418    34.8132        644     2.6792  0.000e+00
    128.319    11.1721   3.907610    34.8139        645     2.6833  0.000e+00
    128.522    11.1733   3.907623    34.8128        646     2.6875  0.000e+00
    128.725    11.1742   3.907761    34.8133        647     2.6917  0.000e+00
    128.929    11.1751   3.907971    34.8144        648     2.6958  0.000e+00
    129.126    11.1759   3.908109    34.8149        649     2.7000  0.000e+00
    129.323    11.1768   3.908338    34.8163        650     2.7042  0.000e+00
    129.528    11.1775   3.908458    34.8167        651     2.7083  0.000e+00
    129.736    11.1783   3.908572    34.8170        652     2.7125  0.000e+00
    129.939    11.1793   3.908711    34.8173        653     2.7167  0.000e+00
    130.148    11.1802   3.908777    34.8171        654     2.7208  0.000e+00
    130.355    11.1809   3.908849    34.8170        655     2.7250  0.000e+00
    130.559    11.1813   3.908987    34.8179        656     2.7292  0.000e+00
    130.771    11.1815   3.909450    34.8222        657     2.7333  0.000e+00
    130.973    11.1824   3.911181    34.8385        658     2.7375  0.000e+00
    131.183    11.1846   3.911572    34.8402        659     2.7417  0.000e+00
    131.389    11.1871   3.911896    34.8409        660     2.7458  0.000e+00
    131.597    11.1892   3.912245    34.8424        661     2.7500  0.000e+00
    131.804    11.1909   3.913333    34.8515        662     2.7542  0.000e+00
    132.012    11.1932   3.913628    34.8521        663     2.7583  0.000e+00
    132.225    11.1956   3.913772    34.8512        664     2.7625  0.000e+00
    132.433    11.1975   3.914812    34.8597        665     2.7667  0.000e+00
    132.645    11.1996   3.916105    34.8703        666     2.7708  0.000e+00
    132.860    11.2022   3.916129    34.8681        667     2.7750  0.000e+00
    133.076    11.2042   3.916243    34.8672        668     2.7792  0.000e+00
    133.293    11.2056   3.916797    34.8713        669     2.7833  0.000e+00
    133.510    11.2069   3.916707    34.8690        670     2.7875  0.000e+00
    133.725    11.2079   3.917098    34.8719        671     2.7917  0.000e+00
    133.940    11.2087   3.917398    34.8740        672     2.7958  0.000e+00
    134.159    11.2095   3.917723    34.8764        673     2.8000  0.000e+00
    134.374    11.2104   3.917904    34.8773        674     2.8042  0.000e+00
    134.590    11.2112   3.918120    34.8786        675     2.8083  0.000e+00
    134.805    11.2117   3.918163    34.8784        676     2.8125  0.000e+00
    135.011    11.2121   3.918325    34.8796        677     2.8167  0.000e+00
    135.219    11.2121   3.918373    34.8800        678     2.8208  0.000e+00
    135.424    11.2121   3.918464    34.8807        679     2.8250  0.000e+00
    135.623    11.2123   3.918536    34.8812        680     2.8292  0.000e+00
    135.827    11.2125   3.918560    34.8811        681     2.8333  0.000e+00
    136.022    11.2125   3.918608    34.8815        682     2.8375  0.000e+00
    136.225    11.2122   3.918650    34.8821        683     2.8417  0.000e+00
    136.428    11.2118   3.918747    34.8834        684     2.8458  0.000e+00
    136.627    11.2110   3.918885    34.8854        685     2.8500  0.000e+00
    136.835    11.2102   3.919048    34.8877        686     2.8542  0.000e+00
    137.043    11.2091   3.919114    34.8893        687     2.8583  0.000e+00
    137.253    11.2089   3.919162    34.8899        688     2.8625  0.000e+00
    137.472    11.2089   3.919210    34.8903        689     2.8667  0.000e+00
    137.696    11.2091   3.919301    34.8909        690     2.8708  0.000e+00
    137.922    11.2091   3.919349    34.8913        691     2.8750  0.000e+00
    138.152    11.2088   3.919487    34.8928        692     2.8792  0.000e+00
    138.385    11.2082   3.919692    34.8953        693     2.8833  0.000e+00
    138.624    11.2069   3.919866    34.8981        694     2.8875  0.000e+00
    138.866    11.2055   3.919927    34.9000        695     2.8917  0.000e+00
    139.107    11.2040   3.919837    34.9004        696     2.8958  0.000e+00
    139.348    11.2026   3.919764    34.9009        697     2.9000  0.000e+00
    139.586    11.2003   3.919765    34.9030        698     2.9042  0.000e+00
    139.829    11.1977   3.919692    34.9046        699     2.9083  0.000e+00
    140.062    11.1949   3.919717    34.9074        700     2.9125  0.000e+00
    140.290    11.1926   3.919813    34.9104        701     2.9167  0.000e+00
    140.511    11.1914   3.919765    34.9110        702     2.9208  0.000e+00
    140.724    11.1898   3.919765    34.9124        703     2.9250  0.000e+00
    140.938    11.1877   3.919765    34.9143        704     2.9292  0.000e+00
    141.146    11.1854   3.919880    34.9175        705     2.9333  0.000e+00
    141.341    11.1842   3.919928    34.9191        706     2.9375  0.000e+00
    141.531    11.1834   3.919880    34.9193        707     2.9417  0.000e+00
    141.716    11.1825   3.919904    34.9203        708     2.9458  0.000e+00
    141.893    11.1809   3.920000    34.9227        709     2.9500  0.000e+00
    142.067    11.1800   3.920229    34.9258        710     2.9542  0.000e+00
    142.235    11.1795   3.920391    34.9278        711     2.9583  0.000e+00
    142.403    11.1792   3.920644    34.9305        712     2.9625  0.000e+00
    142.572    11.1791   3.920993    34.9339        713     2.9667  0.000e+00
    142.738    11.1796   3.921408    34.9375        714     2.9708  0.000e+00
    142.912    11.1801   3.921950    34.9424        715     2.9750  0.000e+00
    143.089    11.1815   3.922131    34.9427        716     2.9792  0.000e+00
    143.272    11.1834   3.922498    34.9445        717     2.9833  0.000e+00
    143.460    11.1852   3.922708    34.9448        718     2.9875  0.000e+00
    143.659    11.1867   3.922943    34.9457        719     2.9917  0.000e+00
    143.862    11.1876   3.923033    34.9456        720     2.9958  0.000e+00
    144.070    11.1882   3.923106    34.9456        721     3.0000  0.000e+00
    144.292    11.1884   3.923635    34.9507        722     3.0042  0.000e+00
    144.524    11.1888   3.924424    34.9580        723     3.0083  0.000e+00
    144.761    11.1899   3.925074    34.9633        724     3.0125  0.000e+00
    145.001    11.1916   3.925375    34.9645        725     3.0167  0.000e+00
    145.247    11.1932   3.925724    34.9664        726     3.0208  0.000e+00
    145.501    11.1952   3.925815    34.9653        727     3.0250  0.000e+00
    145.758    11.1966   3.926122    34.9669        728     3.0292  0.000e+00
    146.020    11.1983   3.926188    34.9659        729     3.0333  0.000e+00
    146.279    11.1991   3.926465    34.9677        730     3.0375  0.000e+00
    146.534    11.1998   3.926676    34.9690        731     3.0417  0.000e+00
    146.787    11.2007   3.927115    34.9724        732     3.0458  0.000e+00
    147.040    11.2014   3.927212    34.9726        733     3.0500  0.000e+00
    147.284    11.2020   3.927417    34.9739        734     3.0542  0.000e+00
    147.522    11.2027   3.927399    34.9730        735     3.0583  0.000e+00
    147.751    11.2034   3.927489    34.9731        736     3.0625  0.000e+00
    147.976    11.2037   3.927838    34.9762        737     3.0667  0.000e+00
    148.193    11.2042   3.928278    34.9800        738     3.0708  0.000e+00
    148.403    11.2050   3.927977    34.9761        739     3.0750  0.000e+00
    148.607    11.2056   3.928350    34.9792        740     3.0792  0.000e+00
    148.802    11.2061   3.929139    34.9865        741     3.0833  0.000e+00
    149.000    11.2078   3.930440    34.9978        742     3.0875  0.000e+00
    149.195    11.2111   3.931042    35.0005        743     3.0917  0.000e+00
    149.385    11.2147   3.931368    35.0002        744     3.0958  0.000e+00
    149.571    11.2178   3.932205    35.0055        745     3.1000  0.000e+00
    149.767    11.2210   3.931717    34.9975        746     3.1042  0.000e+00
    149.957    11.2232   3.931855    34.9968        747     3.1083  0.000e+00
    150.148    11.2241   3.932855    35.0057        748     3.1125  0.000e+00
    150.337    11.2260   3.933578    35.0110        749     3.1167  0.000e+00
    150.528    11.2292   3.934319    35.0152        750     3.1208  0.000e+00
    150.718    11.2325   3.935157    35.0203        751     3.1250  0.000e+00
    150.903    11.2361   3.935832    35.0236        752     3.1292  0.000e+00
    151.091    11.2398   3.936531    35.0269        753     3.1333  0.000e+00
    151.279    11.2430   3.937067    35.0291        754     3.1375  0.000e+00
    151.462    11.2462   3.937393    35.0292        755     3.1417  0.000e+00
    151.650    11.2489   3.937580    35.0284        756     3.1458  0.000e+00
    151.838    11.2510   3.937905    35.0296        757     3.1500  0.000e+00
    152.034    11.2525   3.938279    35.0318        758     3.1542  0.000e+00
    152.220    11.2537   3.938442    35.0322        759     3.1583  0.000e+00
    152.417    11.2545   3.938466    35.0316        760     3.1625  0.000e+00
    152.618    11.2549   3.938514    35.0316        761     3.1667  0.000e+00
    152.833    11.2552   3.938279    35.0289        762     3.1708  0.000e+00
    153.047    11.2542   3.938141    35.0283        763     3.1750  0.000e+00
    153.258    11.2527   3.937978    35.0280        764     3.1792  0.000e+00
    153.479    11.2507   3.937767    35.0278        765     3.1833  0.000e+00
    153.705    11.2487   3.937490    35.0268        766     3.1875  0.000e+00
    153.930    11.2457   3.937370    35.0283        767     3.1917  0.000e+00
    154.154    11.2430   3.937328    35.0304        768     3.1958  0.000e+00
    154.389    11.2407   3.937165    35.0308        769     3.2000  0.000e+00
    154.621    11.2385   3.936816    35.0294        770     3.2042  0.000e+00
    154.861    11.2356   3.936653    35.0304        771     3.2083  0.000e+00
    155.102    11.2325   3.936304    35.0298        772     3.2125  0.000e+00
    155.337    11.2290   3.936256    35.0326        773     3.2167  0.000e+00
    155.580    11.2262   3.936328    35.0358        774     3.2208  0.000e+00
    155.822    11.2243   3.936467    35.0389        775     3.2250  0.000e+00
    156.072    11.2232   3.936883    35.0440        776     3.2292  0.000e+00
    156.312    11.2228   3.937883    35.0542        777     3.2333  0.000e+00
    156.557    11.2236   3.938817    35.0626        778     3.2375  0.000e+00
    156.795    11.2259   3.939053    35.0626        779     3.2417  0.000e+00
    157.040    11.2286   3.940566    35.0750        780     3.2458  0.000e+00
    157.280    11.2328   3.941705    35.0822        781     3.2500  0.000e+00
    157.510    11.2385   3.943599    35.0955        782     3.2542  0.000e+00
    157.742    11.2466   3.945275    35.1043        783     3.2583  0.000e+00
    157.961    11.2558   3.945372    35.0964        784     3.2625  0.000e+00
    158.176    11.2632   3.945161    35.0872        785     3.2667  0.000e+00
    158.382    11.2671   3.946560    35.0973        786     3.2708  0.000e+00
    158.576    11.2719   3.953995    35.1664        787     3.2750  0.000e+00
    158.764    11.2926   3.955360    35.1601        788     3.2792  0.000e+00
    158.948    11.3166   3.956966    35.1531        789     3.2833  0.000e+00
    159.122    11.3341   3.957926    35.1460        790     3.2875  0.000e+00
    159.300    11.3477   3.959780    35.1513        791     3.2917  0.000e+00
    159.466    11.3593   3.961375    35.1560        792     3.2958  0.000e+00
    159.629    11.3706   3.965152    35.1826        793     3.3000  0.000e+00
    159.790    11.3876   3.967854    35.1931        794     3.3042  0.000e+00
    159.954    11.4073   3.968984    35.1854        795     3.3083  0.000e+00
    160.121    11.4237   3.971403    35.1936        796     3.3125  0.000e+00
    160.295    11.4376   3.974276    35.2088        797     3.3167  0.000e+00
    160.470    11.4562   3.973501    35.1833        798     3.3208  0.000e+00
    160.647    11.4694   3.979365    35.2287        799     3.3250  0.000e+00
    160.839    11.4894   3.989169    35.3064        800     3.3292  0.000e+00
    161.035    11.5285   3.993817    35.3150        801     3.3333  0.000e+00
    161.237    11.5709   3.993453    35.2709        802     3.3375  0.000e+00
    161.451    11.5997   3.994635    35.2551        803     3.3417  0.000e+00
    161.666    11.6200   3.997697    35.2659        804     3.3458  0.000e+00
    161.890    11.6398   4.000681    35.2762        805     3.3500  0.000e+00
    162.116    11.6616   4.001372    35.2623        806     3.3542  0.000e+00
    162.354    11.6789   4.001967    35.2516        807     3.3583  0.000e+00
    162.587    11.6910   4.002931    35.2494        808     3.3625  0.000e+00
    162.822    11.7014   4.004558    35.2555        809     3.3667  0.000e+00
    163.057    11.7122   4.005935    35.2587        810     3.3708  0.000e+00
    163.294    11.7233   4.006858    35.2571        811     3.3750  0.000e+00
    163.526    11.7330   4.007720    35.2563        812     3.3792  0.000e+00
    163.763    11.7420   4.009881    35.2688        813     3.3833  0.000e+00
    163.989    11.7527   4.012164    35.2810        814     3.3875  0.000e+00
    164.221    11.7661   4.013124    35.2776        815     3.3917  0.000e+00
    164.445    11.7783   4.014363    35.2781        816     3.3958  0.000e+00
    164.671    11.7891   4.017650    35.3000        817     3.4000  0.000e+00
    164.894    11.8045   4.019966    35.3081        818     3.4042  0.000e+00
    165.116    11.8222   4.025821    35.3485        819     3.4083  0.000e+00
    165.339    11.8452   4.029336    35.3611        820     3.4125  0.000e+00
    165.554    11.8751   4.033078    35.3692        821     3.4167  0.000e+00
    165.769    11.9058   4.038880    35.3968        822     3.4208  0.000e+00
    165.990    11.9403   4.043028    35.4045        823     3.4250  0.000e+00
    166.204    11.9734   4.044264    35.3850        824     3.4292  0.000e+00
    166.412    12.0010   4.046354    35.3793        825     3.4333  0.000e+00
    166.623    12.0243   4.051920    35.4114        826     3.4375  0.000e+00
    166.835    12.0526   4.059289    35.4564        827     3.4417  0.000e+00
    167.041    12.0906   4.066199    35.4877        828     3.4458  0.000e+00
    167.251    12.1357   4.072375    35.5049        829     3.4500  0.000e+00
    167.449    12.1828   4.077582    35.5108        830     3.4542  0.000e+00
