HB2406/sbe034.cnv
* Sea-Bird SBE 19plus V2 Data File:
* FileName = C:\cruise\data\sbe034.hex
* Software Version Seasave V 7.26.7.121
* Temperature SN = 7037
* Conductivity SN = 7037
* System UpLoad Time = Aug 15 2024 03:34:38
* NMEA Latitude = 41 24.68 N
* NMEA Longitude = 066 13.83 W
* NMEA UTC (Time) = Aug 15 2024  03:33:29
** Ship: Henry Bigelow
** Cruise:  HB2406
** Program:  ECOMON
# nquan = 7
# nvalues = 4471                                  
# units = specified
# name 0 = depSM: Depth [salt water, m]
# name 1 = tv290C: Temperature [ITS-90, deg C]
# name 2 = c0S/m: Conductivity [S/m]
# name 3 = sal00: Salinity, Practical [PSU]
# name 4 = scan: Scan Count
# name 5 = timeM: Time, Elapsed [minutes]
# name 6 = flag:  0.000e+00
# span 0 =     -0.018,    200.774                 
# span 1 =     9.2168,    18.8909                 
# span 2 =  -0.000084,   4.274626                 
# span 3 =     0.0000,    35.4516                 
# span 4 =         11,       4481                 
# span 5 =     0.0417,    18.6667                 
# span 6 = 0.0000e+00, 0.0000e+00                 
# interval = seconds: 0.25
# start_time = Aug 15 2024 03:33:29 [NMEA time, header]
# bad_flag = -9.990e-29
*END*
[from data line 2052]
    148.386    11.0348   3.903463    34.8937       2063     8.5917  0.000e+00
    148.337    11.0304   3.903163    34.8949       2064     8.5958  0.000e+00
    148.291    11.0270   3.903049    34.8970       2065     8.6000  0.000e+00
    148.246    11.0245   3.903001    34.8989       2066     8.6042  0.000e+00
    148.203    11.0230   3.902815    34.8986       2067     8.6083  0.000e+00
    148.150    11.0217   3.902310    34.8948       2068     8.6125  0.000e+00
    148.092    11.0199   3.902172    34.8951       2069     8.6167  0.000e+00
    148.034    11.0179   3.901986    34.8952       2070     8.6208  0.000e+00
    147.967    11.0164   3.901451    34.8913       2071     8.6250  0.000e+00
    147.893    11.0145   3.900419    34.8828       2072     8.6292  0.000e+00
    147.812    11.0110   3.899638    34.8784       2073     8.6333  0.000e+00
    147.723    11.0069   3.898786    34.8738       2074     8.6375  0.000e+00
    147.638    11.0020   3.897039    34.8611       2075     8.6417  0.000e+00
    147.542    10.9950   3.895797    34.8554       2076     8.6458  0.000e+00
    147.444    10.9868   3.887532    34.7807       2077     8.6500  0.000e+00
    147.352    10.9697   3.880478    34.7265       2078     8.6542  0.000e+00
    147.254    10.9424   3.876746    34.7151       2079     8.6583  0.000e+00
    147.167    10.9149   3.875016    34.7239       2080     8.6625  0.000e+00
    147.071    10.8925   3.872753    34.7225       2081     8.6667  0.000e+00
    146.979    10.8721   3.859724    34.6115       2082     8.6708  0.000e+00
    146.885    10.8385   3.854340    34.5894       2083     8.6750  0.000e+00
    146.793    10.8013   3.853408    34.6153       2084     8.6792  0.000e+00
    146.706    10.7732   3.852710    34.6350       2085     8.6833  0.000e+00
    146.619    10.7545   3.852752    34.6531       2086     8.6875  0.000e+00
    146.532    10.7424   3.852095    34.6580       2087     8.6917  0.000e+00
    146.449    10.7346   3.851665    34.6612       2088     8.6958  0.000e+00
    146.375    10.7288   3.851617    34.6662       2089     8.7000  0.000e+00
    146.295    10.7247   3.851617    34.6701       2090     8.7042  0.000e+00
    146.221    10.7223   3.851731    34.6735       2091     8.7083  0.000e+00
    146.157    10.7208   3.851641    34.6741       2092     8.7125  0.000e+00
    146.089    10.7199   3.851665    34.6752       2093     8.7167  0.000e+00
    146.027    10.7193   3.851193    34.6711       2094     8.7208  0.000e+00
    145.962    10.7183   3.851145    34.6715       2095     8.7250  0.000e+00
    145.908    10.7174   3.850984    34.6708       2096     8.7292  0.000e+00
    145.845    10.7163   3.850757    34.6696       2097     8.7333  0.000e+00
    145.785    10.7156   3.850978    34.6726       2098     8.7375  0.000e+00
    145.722    10.7152   3.850894    34.6721       2099     8.7417  0.000e+00
    145.656    10.7150   3.851032    34.6737       2100     8.7458  0.000e+00
    145.593    10.7150   3.850530    34.6687       2101     8.7500  0.000e+00
    145.533    10.7145   3.850440    34.6683       2102     8.7542  0.000e+00
    145.463    10.7138   3.850339    34.6680       2103     8.7583  0.000e+00
    145.392    10.7131   3.850303    34.6682       2104     8.7625  0.000e+00
    145.325    10.7127   3.850303    34.6687       2105     8.7667  0.000e+00
    145.253    10.7124   3.850124    34.6672       2106     8.7708  0.000e+00
    145.188    10.7121   3.850100    34.6673       2107     8.7750  0.000e+00
    145.119    10.7117   3.850166    34.6683       2108     8.7792  0.000e+00
    145.061    10.7116   3.850076    34.6676       2109     8.7833  0.000e+00
    144.996    10.7113   3.850058    34.6677       2110     8.7875  0.000e+00
    144.940    10.7111   3.850100    34.6683       2111     8.7917  0.000e+00
    144.882    10.7111   3.850058    34.6680       2112     8.7958  0.000e+00
    144.828    10.7111   3.849986    34.6673       2113     8.8000  0.000e+00
    144.766    10.7109   3.849962    34.6672       2114     8.8042  0.000e+00
    144.705    10.7109   3.849897    34.6666       2115     8.8083  0.000e+00
    144.641    10.7106   3.849724    34.6652       2116     8.8125  0.000e+00
    144.576    10.7101   3.849509    34.6635       2117     8.8167  0.000e+00
    144.502    10.7096   3.849305    34.6620       2118     8.8208  0.000e+00
    144.424    10.7087   3.849174    34.6616       2119     8.8250  0.000e+00
    144.341    10.7080   3.849317    34.6637       2120     8.8292  0.000e+00
    144.258    10.7074   3.849873    34.6699       2121     8.8333  0.000e+00
    144.165    10.7080   3.848607    34.6566       2122     8.8375  0.000e+00
    144.078    10.7072   3.845210    34.6233       2123     8.8417  0.000e+00
    143.988    10.7009   3.840704    34.5841       2124     8.8458  0.000e+00
    143.896    10.6884   3.840615    34.5951       2125     8.8500  0.000e+00
    143.801    10.6782   3.838587    34.5843       2126     8.8542  0.000e+00
    143.711    10.6687   3.836917    34.5766       2127     8.8583  0.000e+00
    143.622    10.6587   3.835868    34.5756       2128     8.8625  0.000e+00
    143.532    10.6499   3.835897    34.5843       2129     8.8667  0.000e+00
    143.447    10.6437   3.836011    34.5913       2130     8.8708  0.000e+00
    143.365    10.6404   3.835152    34.5859       2131     8.8750  0.000e+00
    143.288    10.6366   3.834663    34.5846       2132     8.8792  0.000e+00
    143.212    10.6326   3.834616    34.5879       2133     8.8833  0.000e+00
    143.143    10.6298   3.834544    34.5898       2134     8.8875  0.000e+00
    143.079    10.6282   3.834997    34.5960       2135     8.8917  0.000e+00
    143.020    10.6277   3.834806    34.5946       2136     8.8958  0.000e+00
    142.960    10.6274   3.835152    34.5983       2137     8.9000  0.000e+00
    142.908    10.6283   3.835492    34.6009       2138     8.9042  0.000e+00
    142.850    10.6293   3.835337    34.5985       2139     8.9083  0.000e+00
    142.806    10.6298   3.834806    34.5926       2140     8.9125  0.000e+00
    142.759    10.6290   3.834657    34.5920       2141     8.9167  0.000e+00
    142.710    10.6280   3.834705    34.5934       2142     8.9208  0.000e+00
    142.669    10.6271   3.834830    34.5955       2143     8.9250  0.000e+00
    142.622    10.6271   3.834973    34.5970       2144     8.9292  0.000e+00
    142.576    10.6273   3.834997    34.5970       2145     8.9333  0.000e+00
    142.531    10.6276   3.835039    34.5972       2146     8.9375  0.000e+00
    142.487    10.6279   3.834949    34.5961       2147     8.9417  0.000e+00
    142.442    10.6278   3.834884    34.5955       2148     8.9458  0.000e+00
    142.390    10.6275   3.834520    34.5921       2149     8.9500  0.000e+00
    142.339    10.6271   3.834478    34.5922       2150     8.9542  0.000e+00
    142.285    10.6263   3.834854    34.5967       2151     8.9583  0.000e+00
    142.234    10.6264   3.834723    34.5953       2152     8.9625  0.000e+00
    142.183    10.6267   3.834746    34.5953       2153     8.9667  0.000e+00
    142.131    10.6268   3.834746    34.5952       2154     8.9708  0.000e+00
    142.073    10.6269   3.834949    34.5972       2155     8.9750  0.000e+00
    142.019    10.6271   3.834794    34.5954       2156     8.9792  0.000e+00
    141.964    10.6269   3.833465    34.5823       2157     8.9833  0.000e+00
    141.908    10.6246   3.832606    34.5759       2158     8.9875  0.000e+00
    141.856    10.6207   3.831599    34.5694       2159     8.9917  0.000e+00
    141.791    10.6161   3.831706    34.5749       2160     8.9958  0.000e+00
    141.731    10.6127   3.833238    34.5936       2161     9.0000  0.000e+00
    141.668    10.6131   3.833012    34.5910       2162     9.0042  0.000e+00
    141.594    10.6142   3.833304    34.5929       2163     9.0083  0.000e+00
    141.529    10.6152   3.833554    34.5945       2164     9.0125  0.000e+00
    141.458    10.6165   3.833441    34.5922       2165     9.0167  0.000e+00
    141.380    10.6171   3.833345    34.5906       2166     9.0208  0.000e+00
    141.299    10.6173   3.833101    34.5880       2167     9.0250  0.000e+00
    141.225    10.6169   3.832129    34.5786       2168     9.0292  0.000e+00
    141.145    10.6150   3.831706    34.5762       2169     9.0333  0.000e+00
    141.065    10.6121   3.831575    34.5777       2170     9.0375  0.000e+00
    140.980    10.6102   3.831706    34.5808       2171     9.0417  0.000e+00
    140.908    10.6091   3.831682    34.5817       2172     9.0458  0.000e+00
    140.832    10.6084   3.832165    34.5872       2173     9.0500  0.000e+00
    140.754    10.6090   3.832469    34.5898       2174     9.0542  0.000e+00
    140.680    10.6100   3.832266    34.5868       2175     9.0583  0.000e+00
    140.609    10.6106   3.832355    34.5872       2176     9.0625  0.000e+00
    140.539    10.6107   3.832779    34.5914       2177     9.0667  0.000e+00
    140.470    10.6117   3.832469    34.5873       2178     9.0708  0.000e+00
    140.403    10.6123   3.832379    34.5860       2179     9.0750  0.000e+00
    140.340    10.6117   3.827224    34.5346       2180     9.0792  0.000e+00
    140.280    10.6040   3.824562    34.5152       2181     9.0833  0.000e+00
    140.218    10.5913   3.822073    34.5022       2182     9.0875  0.000e+00
    140.160    10.5781   3.822567    34.5197       2183     9.0917  0.000e+00
    140.104    10.5695   3.822895    34.5311       2184     9.0958  0.000e+00
    140.041    10.5649   3.822794    34.5344       2185     9.1000  0.000e+00
    139.979    10.5620   3.820972    34.5189       2186     9.1042  0.000e+00
    139.916    10.5577   3.821841    34.5317       2187     9.1083  0.000e+00
    139.849    10.5554   3.821692    34.5325       2188     9.1125  0.000e+00
    139.780    10.5544   3.820162    34.5180       2189     9.1167  0.000e+00
    139.706    10.5516   3.819376    34.5128       2190     9.1208  0.000e+00
    139.632    10.5479   3.819466    34.5172       2191     9.1250  0.000e+00
    139.561    10.5454   3.819626    34.5212       2192     9.1292  0.000e+00
    139.496    10.5439   3.819335    34.5198       2193     9.1333  0.000e+00
    139.420    10.5426   3.819704    34.5247       2194     9.1375  0.000e+00
    139.357    10.5423   3.819198    34.5199       2195     9.1417  0.000e+00
    139.293    10.5416   3.818412    34.5127       2196     9.1458  0.000e+00
    139.225    10.5398   3.818180    34.5121       2197     9.1500  0.000e+00
    139.170    10.5381   3.818727    34.5193       2198     9.1542  0.000e+00
    139.112    10.5376   3.819376    34.5263       2199     9.1583  0.000e+00
    139.056    10.5386   3.819400    34.5257       2200     9.1625  0.000e+00
    139.000    10.5396   3.819257    34.5233       2201     9.1667  0.000e+00
    138.950    10.5399   3.819156    34.5220       2202     9.1708  0.000e+00
    138.897    10.5402   3.820055    34.5308       2203     9.1750  0.000e+00
    138.843    10.5414   3.821156    34.5407       2204     9.1792  0.000e+00
    138.796    10.5444   3.821150    34.5379       2205     9.1833  0.000e+00
    138.741    10.5465   3.819043    34.5147       2206     9.1875  0.000e+00
    138.693    10.5449   3.819632    34.5221       2207     9.1917  0.000e+00
    138.629    10.5441   3.820072    34.5274       2208     9.1958  0.000e+00
    138.577    10.5445   3.821198    34.5384       2209     9.2000  0.000e+00
    138.524    10.5464   3.821531    34.5400       2210     9.2042  0.000e+00
    138.468    10.5489   3.821805    34.5404       2211     9.2083  0.000e+00
    138.412    10.5507   3.821829    34.5389       2212     9.2125  0.000e+00
    138.356    10.5518   3.818638    34.5057       2213     9.2167  0.000e+00
    138.291    10.5483   3.816959    34.4922       2214     9.2208  0.000e+00
    138.231    10.5416   3.815073    34.4796       2215     9.2250  0.000e+00
    138.164    10.5340   3.813794    34.4739       2216     9.2292  0.000e+00
    138.099    10.5260   3.812224    34.4657       2217     9.2333  0.000e+00
    138.038    10.5182   3.810523    34.4559       2218     9.2375  0.000e+00
    137.965    10.5100   3.809988    34.4583       2219     9.2417  0.000e+00
    137.897    10.5027   3.806658    34.4316       2220     9.2458  0.000e+00
    137.826    10.4932   3.804845    34.4223       2221     9.2500  0.000e+00
    137.754    10.4830   3.803591    34.4194       2222     9.2542  0.000e+00
    137.679    10.4739   3.803597    34.4281       2223     9.2583  0.000e+00
    137.598    10.4675   3.801292    34.4110       2224     9.2625  0.000e+00
    137.518    10.4604   3.800490    34.4095       2225     9.2667  0.000e+00
    137.437    10.4539   3.801964    34.4306       2226     9.2708  0.000e+00
    137.348    10.4510   3.800888    34.4226       2227     9.2750  0.000e+00
    137.265    10.4488   3.797188    34.3873       2228     9.2792  0.000e+00
    137.176    10.4420   3.794362    34.3653       2229     9.2833  0.000e+00
    137.086    10.4312   3.791150    34.3430       2230     9.2875  0.000e+00
    136.995    10.4181   3.794106    34.3853       2231     9.2917  0.000e+00
    136.914    10.4122   3.790616    34.3556       2232     9.2958  0.000e+00
    136.827    10.4051   3.790041    34.3566       2233     9.3000  0.000e+00
    136.745    10.3980   3.789543    34.3583       2234     9.3042  0.000e+00
    136.675    10.3928   3.788884    34.3566       2235     9.3083  0.000e+00
    136.599    10.3884   3.788267    34.3546       2236     9.3125  0.000e+00
    136.525    10.3840   3.785775    34.3336       2237     9.3167  0.000e+00
    136.458    10.3779   3.785396    34.3355       2238     9.3208  0.000e+00
    136.391    10.3719   3.785200    34.3393       2239     9.3250  0.000e+00
    136.333    10.3677   3.785283    34.3440       2240     9.3292  0.000e+00
    136.275    10.3653   3.785728    34.3508       2241     9.3333  0.000e+00
    136.215    10.3643   3.784643    34.3409       2242     9.3375  0.000e+00
    136.159    10.3625   3.784109    34.3371       2243     9.3417  0.000e+00
    136.101    10.3602   3.783902    34.3373       2244     9.3458  0.000e+00
    136.045    10.3580   3.783730    34.3377       2245     9.3500  0.000e+00
    135.998    10.3564   3.783599    34.3379       2246     9.3542  0.000e+00
    135.949    10.3550   3.782858    34.3317       2247     9.3583  0.000e+00
    135.904    10.3531   3.782775    34.3327       2248     9.3625  0.000e+00
    135.854    10.3512   3.782858    34.3353       2249     9.3667  0.000e+00
    135.807    10.3502   3.782822    34.3359       2250     9.3708  0.000e+00
    135.761    10.3497   3.782822    34.3364       2251     9.3750  0.000e+00
    135.720    10.3494   3.782834    34.3368       2252     9.3792  0.000e+00
    135.673    10.3492   3.782887    34.3376       2253     9.3833  0.000e+00
    135.624    10.3492   3.782555    34.3343       2254     9.3875  0.000e+00
    135.571    10.3487   3.782508    34.3343       2255     9.3917  0.000e+00
    135.515    10.3481   3.782490    34.3347       2256     9.3958  0.000e+00
    135.457    10.3475   3.782627    34.3366       2257     9.4000  0.000e+00
    135.405    10.3477   3.782798    34.3382       2258     9.4042  0.000e+00
    135.341    10.3480   3.782715    34.3372       2259     9.4083  0.000e+00
    135.269    10.3481   3.782911    34.3390       2260     9.4125  0.000e+00
    135.198    10.3486   3.783178    34.3413       2261     9.4167  0.000e+00
    135.117    10.3492   3.782674    34.3357       2262     9.4208  0.000e+00
    135.037    10.3490   3.782864    34.3378       2263     9.4250  0.000e+00
    134.954    10.3490   3.782858    34.3378       2264     9.4292  0.000e+00
    134.869    10.3490   3.782709    34.3363       2265     9.4333  0.000e+00
    134.777    10.3487   3.782555    34.3351       2266     9.4375  0.000e+00
