HB2406/sbe060.cnv
* Sea-Bird SBE 19plus V2 Data File:
* FileName = C:\cruise\data\sbe060.hex
* Software Version Seasave V 7.26.7.121
* Temperature SN = 7037
* Conductivity SN = 7037
* System UpLoad Time = Aug 17 2024 12:50:10
* NMEA Latitude = 43 03.45 N
* NMEA Longitude = 067 19.52 W
* NMEA UTC (Time) = Aug 17 2024  12:49:02
** Ship: Henry Bigelow
** Cruise:  HB2406
** Program:  ECOMON
# nquan = 7
# nvalues = 4843                                  
# units = specified
# name 0 = depSM: Depth [salt water, m]
# name 1 = tv290C: Temperature [ITS-90, deg C]
# name 2 = c0S/m: Conductivity [S/m]
# name 3 = sal00: Salinity, Practical [PSU]
# name 4 = scan: Scan Count
# name 5 = timeM: Time, Elapsed [minutes]
# name 6 = flag:  0.000e+00
# span 0 =      0.024,    195.893                 
# span 1 =     6.9540,    19.3427                 
# span 2 =  -0.000033,   4.325342                 
# span 3 =     0.0000,    35.2232                 
# span 4 =         11,       4853                 
# span 5 =     0.0417,    20.2167                 
# span 6 = 0.0000e+00, 0.0000e+00                 
# interval = seconds: 0.25
# start_time = Aug 17 2024 12:49:02 [NMEA time, header]
# bad_flag = -9.990e-29
*END*
[from data line 1026]
    135.557     8.2155   3.573894    34.2150       1037     4.3167  0.000e+00
    135.704     8.2155   3.573935    34.2155       1038     4.3208  0.000e+00
    135.856     8.2156   3.573941    34.2153       1039     4.3250  0.000e+00
    136.002     8.2158   3.573895    34.2146       1040     4.3292  0.000e+00
    136.152     8.2155   3.573941    34.2153       1041     4.3333  0.000e+00
    136.306     8.2153   3.573872    34.2147       1042     4.3375  0.000e+00
    136.460     8.2151   3.573895    34.2150       1043     4.3417  0.000e+00
    136.617     8.2147   3.573872    34.2151       1044     4.3458  0.000e+00
    136.775     8.2144   3.573872    34.2154       1045     4.3500  0.000e+00
    136.934     8.2139   3.573918    34.2162       1046     4.3542  0.000e+00
    137.097     8.2137   3.573918    34.2163       1047     4.3583  0.000e+00
    137.257     8.2136   3.573872    34.2159       1048     4.3625  0.000e+00
    137.418     8.2131   3.573872    34.2163       1049     4.3667  0.000e+00
    137.585     8.2126   3.573918    34.2172       1050     4.3708  0.000e+00
    137.749     8.2121   3.573942    34.2178       1051     4.3750  0.000e+00
    137.918     8.2119   3.573959    34.2182       1052     4.3792  0.000e+00
    138.095     8.2116   3.574046    34.2193       1053     4.3833  0.000e+00
    138.272     8.2115   3.574093    34.2198       1054     4.3875  0.000e+00
    138.449     8.2115   3.574098    34.2198       1055     4.3917  0.000e+00
    138.637     8.2112   3.573959    34.2184       1056     4.3958  0.000e+00
    138.820     8.2104   3.573983    34.2195       1057     4.4000  0.000e+00
    139.008     8.2095   3.574029    34.2207       1058     4.4042  0.000e+00
    139.194     8.2088   3.574029    34.2213       1059     4.4083  0.000e+00
    139.386     8.2081   3.574029    34.2219       1060     4.4125  0.000e+00
    139.572     8.2075   3.574006    34.2221       1061     4.4167  0.000e+00
    139.759     8.2067   3.574006    34.2228       1062     4.4208  0.000e+00
    139.943     8.2060   3.574006    34.2235       1063     4.4250  0.000e+00
    140.124     8.2052   3.574893    34.2336       1064     4.4292  0.000e+00
    140.294     8.2062   3.577021    34.2552       1065     4.4333  0.000e+00
    140.468     8.2117   3.580105    34.2826       1066     4.4375  0.000e+00
    140.634     8.2228   3.582408    34.2962       1067     4.4417  0.000e+00
    140.791     8.2356   3.582866    34.2885       1068     4.4458  0.000e+00
    140.949     8.2446   3.583475    34.2861       1069     4.4500  0.000e+00
    141.101     8.2501   3.585175    34.2988       1070     4.4542  0.000e+00
    141.249     8.2548   3.586411    34.3073       1071     4.4583  0.000e+00
    141.392     8.2605   3.587195    34.3100       1072     4.4625  0.000e+00
    141.529     8.2655   3.587787    34.3114       1073     4.4667  0.000e+00
    141.668     8.2690   3.588240    34.3127       1074     4.4708  0.000e+00
    141.802     8.2714   3.588524    34.3134       1075     4.4750  0.000e+00
    141.938     8.2724   3.588611    34.3133       1076     4.4792  0.000e+00
    142.074     8.2729   3.588983    34.3167       1077     4.4833  0.000e+00
    142.207     8.2728   3.589465    34.3218       1078     4.4875  0.000e+00
    142.343     8.2732   3.589749    34.3243       1079     4.4917  0.000e+00
    142.482     8.2744   3.590423    34.3303       1080     4.4958  0.000e+00
    142.627     8.2769   3.591224    34.3363       1081     4.5000  0.000e+00
    142.768     8.2805   3.592780    34.3493       1082     4.5042  0.000e+00
    142.913     8.2862   3.593477    34.3511       1083     4.5083  0.000e+00
    143.059     8.2924   3.594830    34.3594       1084     4.5125  0.000e+00
    143.211     8.2995   3.595591    34.3604       1085     4.5167  0.000e+00
    143.361     8.3062   3.596556    34.3640       1086     4.5208  0.000e+00
    143.513     8.3127   3.597561    34.3683       1087     4.5250  0.000e+00
    143.674     8.3191   3.597933    34.3660       1088     4.5292  0.000e+00
    143.833     8.3241   3.597427    34.3556       1089     4.5333  0.000e+00
    144.000     8.3265   3.597695    34.3560       1090     4.5375  0.000e+00
    144.168     8.3276   3.597689    34.3548       1091     4.5417  0.000e+00
    144.338     8.3282   3.597910    34.3565       1092     4.5458  0.000e+00
    144.510     8.3288   3.598044    34.3572       1093     4.5500  0.000e+00
    144.680     8.3293   3.598195    34.3583       1094     4.5542  0.000e+00
    144.857     8.3298   3.598282    34.3586       1095     4.5583  0.000e+00
    145.036     8.3301   3.598369    34.3592       1096     4.5625  0.000e+00
    145.208     8.3305   3.598718    34.3624       1097     4.5667  0.000e+00
    145.385     8.3311   3.599200    34.3668       1098     4.5708  0.000e+00
    145.564     8.3323   3.599659    34.3705       1099     4.5750  0.000e+00
    145.732     8.3336   3.600095    34.3737       1100     4.5792  0.000e+00
    145.904     8.3349   3.600729    34.3792       1101     4.5833  0.000e+00
    146.065     8.3366   3.601275    34.3833       1102     4.5875  0.000e+00
    146.222     8.3381   3.601630    34.3854       1103     4.5917  0.000e+00
    146.382     8.3394   3.601845    34.3864       1104     4.5958  0.000e+00
    146.541     8.3404   3.602089    34.3879       1105     4.6000  0.000e+00
    146.698     8.3405   3.602130    34.3882       1106     4.6042  0.000e+00
    146.850     8.3400   3.602090    34.3882       1107     4.6083  0.000e+00
    147.002     8.3386   3.601956    34.3881       1108     4.6125  0.000e+00
    147.161     8.3363   3.601805    34.3886       1109     4.6167  0.000e+00
    147.319     8.3330   3.601828    34.3920       1110     4.6208  0.000e+00
    147.470     8.3299   3.601933    34.3960       1111     4.6250  0.000e+00
    147.631     8.3278   3.601980    34.3986       1112     4.6292  0.000e+00
    147.785     8.3255   3.601985    34.4008       1113     4.6333  0.000e+00
    147.939     8.3233   3.602067    34.4038       1114     4.6375  0.000e+00
    148.101     8.3220   3.602090    34.4052       1115     4.6417  0.000e+00
    148.259     8.3213   3.602177    34.4067       1116     4.6458  0.000e+00
    148.416     8.3205   3.602131    34.4070       1117     4.6500  0.000e+00
    148.574     8.3197   3.602178    34.4081       1118     4.6542  0.000e+00
    148.727     8.3190   3.602218    34.4092       1119     4.6583  0.000e+00
    148.883     8.3181   3.602265    34.4105       1120     4.6625  0.000e+00
    149.035     8.3174   3.602364    34.4121       1121     4.6667  0.000e+00
    149.189     8.3168   3.602724    34.4165       1122     4.6708  0.000e+00
    149.349     8.3156   3.603161    34.4222       1123     4.6750  0.000e+00
    149.510     8.3150   3.603382    34.4251       1124     4.6792  0.000e+00
    149.673     8.3150   3.603905    34.4306       1125     4.6833  0.000e+00
    149.840     8.3153   3.604696    34.4386       1126     4.6875  0.000e+00
    150.006     8.3164   3.605068    34.4414       1127     4.6917  0.000e+00
    150.176     8.3176   3.605795    34.4478       1128     4.6958  0.000e+00
    150.346     8.3190   3.606231    34.4510       1129     4.7000  0.000e+00
    150.520     8.3201   3.606604    34.4539       1130     4.7042  0.000e+00
    150.697     8.3214   3.606732    34.4539       1131     4.7083  0.000e+00
    150.874     8.3226   3.606604    34.4513       1132     4.7125  0.000e+00
    151.057     8.3233   3.606668    34.4511       1133     4.7167  0.000e+00
    151.236     8.3238   3.606802    34.4520       1134     4.7208  0.000e+00
    151.420     8.3243   3.607058    34.4542       1135     4.7250  0.000e+00
    151.603     8.3246   3.607302    34.4563       1136     4.7292  0.000e+00
    151.784     8.3255   3.607436    34.4568       1137     4.7333  0.000e+00
    151.965     8.3261   3.607674    34.4586       1138     4.7375  0.000e+00
    152.137     8.3266   3.607808    34.4595       1139     4.7417  0.000e+00
    152.310     8.3271   3.608006    34.4610       1140     4.7458  0.000e+00
    152.473     8.3278   3.608047    34.4607       1141     4.7500  0.000e+00
    152.629     8.3283   3.608187    34.4617       1142     4.7542  0.000e+00
    152.784     8.3286   3.608268    34.4621       1143     4.7583  0.000e+00
    152.922     8.3291   3.608332    34.4623       1144     4.7625  0.000e+00
    153.059     8.3293   3.608379    34.4625       1145     4.7667  0.000e+00
    153.189     8.3296   3.608443    34.4628       1146     4.7708  0.000e+00
    153.316     8.3296   3.608577    34.4642       1147     4.7750  0.000e+00
    153.439     8.3298   3.608641    34.4646       1148     4.7792  0.000e+00
    153.565     8.3301   3.608757    34.4655       1149     4.7833  0.000e+00
    153.685     8.3304   3.608838    34.4660       1150     4.7875  0.000e+00
    153.808     8.3306   3.608926    34.4667       1151     4.7917  0.000e+00
    153.938     8.3306   3.609083    34.4683       1152     4.7958  0.000e+00
    154.066     8.3309   3.609455    34.4719       1153     4.8000  0.000e+00
    154.198     8.3310   3.609694    34.4743       1154     4.8042  0.000e+00
    154.334     8.3311   3.609933    34.4767       1155     4.8083  0.000e+00
    154.471     8.3312   3.610113    34.4784       1156     4.8125  0.000e+00
    154.611     8.3313   3.610177    34.4789       1157     4.8167  0.000e+00
    154.757     8.3315   3.610288    34.4798       1158     4.8208  0.000e+00
    154.907     8.3316   3.610352    34.4804       1159     4.8250  0.000e+00
    155.050     8.3317   3.610422    34.4809       1160     4.8292  0.000e+00
    155.202     8.3319   3.610509    34.4816       1161     4.8333  0.000e+00
    155.352     8.3319   3.610585    34.4823       1162     4.8375  0.000e+00
    155.510     8.3319   3.610637    34.4827       1163     4.8417  0.000e+00
    155.671     8.3320   3.610748    34.4838       1164     4.8458  0.000e+00
    155.828     8.3322   3.610858    34.4847       1165     4.8500  0.000e+00
    155.985     8.3322   3.610969    34.4858       1166     4.8542  0.000e+00
    156.150     8.3325   3.610992    34.4857       1167     4.8583  0.000e+00
    156.309     8.3329   3.611109    34.4864       1168     4.8625  0.000e+00
    156.474     8.3333   3.611167    34.4866       1169     4.8667  0.000e+00
    156.638     8.3334   3.611295    34.4878       1170     4.8708  0.000e+00
    156.808     8.3334   3.611365    34.4884       1171     4.8750  0.000e+00
    156.984     8.3338   3.611365    34.4879       1172     4.8792  0.000e+00
    157.157     8.3339   3.611429    34.4885       1173     4.8833  0.000e+00
    157.334     8.3340   3.611476    34.4888       1174     4.8875  0.000e+00
    157.508     8.3341   3.611505    34.4889       1175     4.8917  0.000e+00
    157.683     8.3341   3.611627    34.4901       1176     4.8958  0.000e+00
    157.864     8.3343   3.611650    34.4901       1177     4.9000  0.000e+00
    158.038     8.3344   3.611714    34.4906       1178     4.9042  0.000e+00
    158.213     8.3345   3.611715    34.4904       1179     4.9083  0.000e+00
    158.385     8.3346   3.611738    34.4905       1180     4.9125  0.000e+00
    158.552     8.3344   3.611715    34.4903       1181     4.9167  0.000e+00
    158.715     8.3343   3.611738    34.4906       1182     4.9208  0.000e+00
    158.879     8.3339   3.611779    34.4913       1183     4.9250  0.000e+00
    159.031     8.3338   3.611802    34.4916       1184     4.9292  0.000e+00
    159.185     8.3339   3.611779    34.4912       1185     4.9333  0.000e+00
    159.333     8.3338   3.611802    34.4915       1186     4.9375  0.000e+00
    159.480     8.3335   3.611802    34.4917       1187     4.9417  0.000e+00
    159.621     8.3333   3.611802    34.4918       1188     4.9458  0.000e+00
    159.765     8.3333   3.611762    34.4913       1189     4.9500  0.000e+00
    159.910     8.3331   3.611779    34.4917       1190     4.9542  0.000e+00
    160.048     8.3328   3.611779    34.4919       1191     4.9583  0.000e+00
    160.198     8.3326   3.611803    34.4922       1192     4.9625  0.000e+00
    160.344     8.3326   3.611803    34.4921       1193     4.9667  0.000e+00
    160.491     8.3327   3.611820    34.4922       1194     4.9708  0.000e+00
    160.644     8.3327   3.611849    34.4924       1195     4.9750  0.000e+00
    160.794     8.3327   3.611890    34.4928       1196     4.9792  0.000e+00
    160.954     8.3328   3.611873    34.4925       1197     4.9833  0.000e+00
    161.109     8.3328   3.611890    34.4925       1198     4.9875  0.000e+00
    161.266     8.3327   3.611890    34.4926       1199     4.9917  0.000e+00
    161.420     8.3326   3.611884    34.4926       1200     4.9958  0.000e+00
    161.578     8.3324   3.611890    34.4927       1201     5.0000  0.000e+00
    161.726     8.3322   3.611890    34.4928       1202     5.0042  0.000e+00
    161.874     8.3321   3.611914    34.4931       1203     5.0083  0.000e+00
    162.017     8.3319   3.611937    34.4934       1204     5.0125  0.000e+00
    162.156     8.3319   3.611914    34.4932       1205     5.0167  0.000e+00
    162.290     8.3317   3.611885    34.4930       1206     5.0208  0.000e+00
    162.429     8.3314   3.611937    34.4937       1207     5.0250  0.000e+00
    162.558     8.3313   3.611914    34.4936       1208     5.0292  0.000e+00
    162.692     8.3311   3.611914    34.4937       1209     5.0333  0.000e+00
    162.815     8.3309   3.611937    34.4940       1210     5.0375  0.000e+00
    162.934     8.3309   3.611914    34.4938       1211     5.0417  0.000e+00
    163.055     8.3307   3.611914    34.4939       1212     5.0458  0.000e+00
    163.173     8.3304   3.611908    34.4941       1213     5.0500  0.000e+00
    163.298     8.3303   3.611891    34.4940       1214     5.0542  0.000e+00
    163.417     8.3302   3.611891    34.4940       1215     5.0583  0.000e+00
    163.543     8.3301   3.611914    34.4942       1216     5.0625  0.000e+00
    163.668     8.3301   3.611914    34.4942       1217     5.0667  0.000e+00
    163.800     8.3301   3.611938    34.4944       1218     5.0708  0.000e+00
    163.934     8.3300   3.611990    34.4950       1219     5.0750  0.000e+00
    164.073     8.3299   3.612002    34.4951       1220     5.0792  0.000e+00
    164.216     8.3299   3.612048    34.4955       1221     5.0833  0.000e+00
    164.366     8.3299   3.612048    34.4955       1222     5.0875  0.000e+00
    164.517     8.3296   3.612136    34.4966       1223     5.0917  0.000e+00
    164.672     8.3294   3.612113    34.4965       1224     5.0958  0.000e+00
    164.829     8.3294   3.612223    34.4976       1225     5.1000  0.000e+00
    164.987     8.3292   3.612247    34.4980       1226     5.1042  0.000e+00
    165.148     8.3289   3.612334    34.4992       1227     5.1083  0.000e+00
    165.305     8.3289   3.612311    34.4988       1228     5.1125  0.000e+00
    165.468     8.3284   3.612357    34.4997       1229     5.1167  0.000e+00
    165.631     8.3283   3.612375    34.5000       1230     5.1208  0.000e+00
    165.788     8.3281   3.612422    34.5006       1231     5.1250  0.000e+00
    165.951     8.3279   3.612456    34.5011       1232     5.1292  0.000e+00
    166.108     8.3275   3.612550    34.5023       1233     5.1333  0.000e+00
    166.267     8.3275   3.612643    34.5032       1234     5.1375  0.000e+00
    166.421     8.3274   3.612794    34.5049       1235     5.1417  0.000e+00
    166.580     8.3273   3.612905    34.5061       1236     5.1458  0.000e+00
    166.741     8.3272   3.613126    34.5085       1237     5.1500  0.000e+00
    166.899     8.3271   3.613336    34.5107       1238     5.1542  0.000e+00
    167.063     8.3270   3.613452    34.5120       1239     5.1583  0.000e+00
    167.228     8.3269   3.613586    34.5134       1240     5.1625  0.000e+00
