HB2406/sbe066.cnv
* Sea-Bird SBE 19plus V2 Data File:
* FileName = C:\cruise\data\sbe066.hex
* Software Version Seasave V 7.26.7.121
* Temperature SN = 7037
* Conductivity SN = 7037
* System UpLoad Time = Aug 17 2024 19:54:58
* NMEA Latitude = 42 22.00 N
* NMEA Longitude = 067 02.75 W
* NMEA UTC (Time) = Aug 17 2024  19:53:51
** Ship: Henry Bigelow
** Cruise:  HB2406
** Program:  ECOMON
# nquan = 7
# nvalues = 5376                                  
# units = specified
# name 0 = depSM: Depth [salt water, m]
# name 1 = tv290C: Temperature [ITS-90, deg C]
# name 2 = c0S/m: Conductivity [S/m]
# name 3 = sal00: Salinity, Practical [PSU]
# name 4 = scan: Scan Count
# name 5 = timeM: Time, Elapsed [minutes]
# name 6 = flag:  0.000e+00
# span 0 =     -0.005,    200.688                 
# span 1 =     6.1474,    20.4149                 
# span 2 =  -0.000028,   4.385053                 
# span 3 =     0.0000,    34.9963                 
# span 4 =         11,       5386                 
# span 5 =     0.0417,    22.4375                 
# span 6 = 0.0000e+00, 0.0000e+00                 
# interval = seconds: 0.25
# start_time = Aug 17 2024 19:53:51 [NMEA time, header]
# bad_flag = -9.990e-29
*END*
[from data line 4103]
     56.648     6.4743   3.243304    32.3403       4114    17.1375  0.000e+00
     56.646     6.4733   3.243220    32.3403       4115    17.1417  0.000e+00
     56.654     6.4720   3.243176    32.3410       4116    17.1458  0.000e+00
     56.656     6.4710   3.243220    32.3425       4117    17.1500  0.000e+00
     56.666     6.4706   3.243075    32.3413       4118    17.1542  0.000e+00
     56.679     6.4697   3.243098    32.3424       4119    17.1583  0.000e+00
     56.683     6.4691   3.242897    32.3407       4120    17.1625  0.000e+00
     56.684     6.4682   3.242774    32.3402       4121    17.1667  0.000e+00
     56.686     6.4671   3.242752    32.3410       4122    17.1708  0.000e+00
     56.681     6.4661   3.242730    32.3417       4123    17.1750  0.000e+00
     56.682     6.4654   3.242668    32.3417       4124    17.1792  0.000e+00
     56.673     6.4648   3.242668    32.3422       4125    17.1833  0.000e+00
     56.655     6.4644   3.242451    32.3402       4126    17.1875  0.000e+00
     56.633     6.4634   3.242083    32.3371       4127    17.1917  0.000e+00
     56.603     6.4617   3.242367    32.3419       4128    17.1958  0.000e+00
     56.568     6.4608   3.242283    32.3418       4129    17.2000  0.000e+00
     56.523     6.4606   3.242328    32.3426       4130    17.2042  0.000e+00
     56.471     6.4604   3.242328    32.3428       4131    17.2083  0.000e+00
     56.411     6.4603   3.242395    32.3436       4132    17.2125  0.000e+00
     56.348     6.4605   3.242568    32.3453       4133    17.2167  0.000e+00
     56.275     6.4613   3.243605    32.3561       4134    17.2208  0.000e+00
     56.196     6.4649   3.243990    32.3570       4135    17.2250  0.000e+00
     56.115     6.4694   3.244821    32.3619       4136    17.2292  0.000e+00
     56.028     6.4753   3.245691    32.3660       4137    17.2333  0.000e+00
     55.937     6.4826   3.246383    32.3668       4138    17.2375  0.000e+00
     55.843     6.4900   3.246913    32.3657       4139    17.2417  0.000e+00
     55.748     6.4970   3.247259    32.3629       4140    17.2458  0.000e+00
     55.648     6.5031   3.247420    32.3590       4141    17.2500  0.000e+00
     55.550     6.5080   3.247599    32.3564       4142    17.2542  0.000e+00
     55.456     6.5121   3.247934    32.3562       4143    17.2583  0.000e+00
     55.350     6.5162   3.248168    32.3550       4144    17.2625  0.000e+00
     55.248     6.5203   3.248168    32.3511       4145    17.2667  0.000e+00
     55.162     6.5234   3.247582    32.3417       4146    17.2708  0.000e+00
     55.076     6.5234   3.245551    32.3193       4147    17.2750  0.000e+00
     54.988     6.5180   3.244050    32.3080       4148    17.2792  0.000e+00
     54.910     6.5087   3.242043    32.2946       4149    17.2833  0.000e+00
     54.830     6.4961   3.241335    32.2987       4150    17.2875  0.000e+00
     54.765     6.4848   3.240682    32.3023       4151    17.2917  0.000e+00
     54.706     6.4742   3.239651    32.3009       4152    17.2958  0.000e+00
     54.648     6.4656   3.240175    32.3149       4153    17.3000  0.000e+00
     54.599     6.4603   3.240259    32.3209       4154    17.3042  0.000e+00
     54.557     6.4576   3.239450    32.3145       4155    17.3083  0.000e+00
     54.526     6.4540   3.239228    32.3155       4156    17.3125  0.000e+00
     54.496     6.4501   3.239066    32.3174       4157    17.3167  0.000e+00
     54.472     6.4473   3.238559    32.3145       4158    17.3208  0.000e+00
     54.454     6.4444   3.239306    32.3255       4159    17.3250  0.000e+00
     54.443     6.4440   3.239005    32.3225       4160    17.3292  0.000e+00
     54.425     6.4435   3.240014    32.3341       4161    17.3333  0.000e+00
     54.419     6.4456   3.239612    32.3277       4162    17.3375  0.000e+00
     54.414     6.4474   3.240504    32.3359       4163    17.3417  0.000e+00
     54.407     6.4499   3.240560    32.3342       4164    17.3458  0.000e+00
     54.398     6.4529   3.239935    32.3244       4165    17.3500  0.000e+00
     54.387     6.4530   3.239751    32.3223       4166    17.3542  0.000e+00
     54.376     6.4518   3.239345    32.3189       4167    17.3583  0.000e+00
     54.356     6.4501   3.240225    32.3303       4168    17.3625  0.000e+00
     54.333     6.4503   3.240259    32.3305       4169    17.3667  0.000e+00
     54.307     6.4519   3.240158    32.3279       4170    17.3708  0.000e+00
     54.273     6.4525   3.239712    32.3224       4171    17.3750  0.000e+00
     54.237     6.4521   3.240158    32.3277       4172    17.3792  0.000e+00
     54.191     6.4523   3.239852    32.3242       4173    17.3833  0.000e+00
     54.146     6.4522   3.240069    32.3267       4174    17.3875  0.000e+00
     54.092     6.4523   3.239244    32.3175       4175    17.3917  0.000e+00
     54.039     6.4510   3.239551    32.3222       4176    17.3958  0.000e+00
     53.979     6.4494   3.238882    32.3163       4177    17.4000  0.000e+00
     53.922     6.4470   3.238820    32.3179       4178    17.4042  0.000e+00
     53.860     6.4450   3.236998    32.2997       4179    17.4083  0.000e+00
     53.791     6.4381   3.233025    32.2624       4180    17.4125  0.000e+00
     53.724     6.4217   3.233159    32.2794       4181    17.4167  0.000e+00
     53.656     6.4083   3.232998    32.2903       4182    17.4208  0.000e+00
     53.578     6.3997   3.232613    32.2942       4183    17.4250  0.000e+00
     53.498     6.3933   3.232736    32.3017       4184    17.4292  0.000e+00
     53.428     6.3891   3.228231    32.2558       4185    17.4333  0.000e+00
     53.361     6.3757   3.223534    32.2166       4186    17.4375  0.000e+00
     53.285     6.3502   3.222933    32.2340       4187    17.4417  0.000e+00
     53.206     6.3299   3.223206    32.2562       4188    17.4458  0.000e+00
     53.131     6.3171   3.222911    32.2652       4189    17.4500  0.000e+00
     53.068     6.3090   3.223034    32.2743       4190    17.4542  0.000e+00
     52.998     6.3044   3.223011    32.2784       4191    17.4583  0.000e+00
     52.931     6.3018   3.223195    32.2829       4192    17.4625  0.000e+00
     52.867     6.3011   3.223718    32.2894       4193    17.4667  0.000e+00
     52.802     6.3026   3.224486    32.2965       4194    17.4708  0.000e+00
     52.741     6.3067   3.225048    32.2990       4195    17.4750  0.000e+00
     52.692     6.3118   3.225549    32.2996       4196    17.4792  0.000e+00
     52.638     6.3171   3.226094    32.3007       4197    17.4833  0.000e+00
     52.589     6.3230   3.226500    32.2997       4198    17.4875  0.000e+00
     52.547     6.3284   3.226962    32.2997       4199    17.4917  0.000e+00
     52.502     6.3335   3.227508    32.3009       4200    17.4958  0.000e+00
     52.460     6.3389   3.227730    32.2982       4201    17.5000  0.000e+00
     52.424     6.3436   3.227970    32.2965       4202    17.5042  0.000e+00
     52.384     6.3476   3.228454    32.2981       4203    17.5083  0.000e+00
     52.350     6.3518   3.228916    32.2993       4204    17.5125  0.000e+00
     52.317     6.3566   3.229422    32.3003       4205    17.5167  0.000e+00
     52.285     6.3618   3.229968    32.3015       4206    17.5208  0.000e+00
     52.255     6.3672   3.230413    32.3013       4207    17.5250  0.000e+00
     52.219     6.3729   3.231015    32.3025       4208    17.5292  0.000e+00
     52.189     6.3788   3.231460    32.3019       4209    17.5333  0.000e+00
     52.151     6.3849   3.231761    32.2995       4210    17.5375  0.000e+00
     52.114     6.3903   3.231984    32.2968       4211    17.5417  0.000e+00
     52.076     6.3949   3.232145    32.2943       4212    17.5458  0.000e+00
     52.035     6.3987   3.232190    32.2912       4213    17.5500  0.000e+00
     51.988     6.4016   3.232006    32.2864       4214    17.5542  0.000e+00
     51.941     6.4036   3.231382    32.2777       4215    17.5583  0.000e+00
     51.888     6.4043   3.230914    32.2718       4216    17.5625  0.000e+00
     51.834     6.4039   3.230368    32.2663       4217    17.5667  0.000e+00
     51.785     6.4020   3.230029    32.2643       4218    17.5708  0.000e+00
     51.726     6.4000   3.230480    32.2712       4219    17.5750  0.000e+00
     51.673     6.4001   3.231220    32.2793       4220    17.5792  0.000e+00
     51.608     6.4031   3.231621    32.2810       4221    17.5833  0.000e+00
     51.550     6.4072   3.231705    32.2780       4222    17.5875  0.000e+00
     51.491     6.4106   3.232952    32.2886       4223    17.5917  0.000e+00
     51.436     6.4165   3.234367    32.2987       4224    17.5958  0.000e+00
     51.377     6.4261   3.236050    32.3083       4225    17.6000  0.000e+00
     51.319     6.4388   3.236418    32.3004       4226    17.6042  0.000e+00
     51.265     6.4501   3.236351    32.2890       4227    17.6083  0.000e+00
     51.203     6.4573   3.236389    32.2826       4228    17.6125  0.000e+00
     51.147     6.4620   3.236534    32.2798       4229    17.6167  0.000e+00
     51.100     6.4653   3.236612    32.2776       4230    17.6208  0.000e+00
     51.048     6.4677   3.236596    32.2751       4231    17.6250  0.000e+00
     51.001     6.4693   3.236478    32.2724       4232    17.6292  0.000e+00
     50.955     6.4701   3.236350    32.2702       4233    17.6333  0.000e+00
     50.908     6.4703   3.236389    32.2705       4234    17.6375  0.000e+00
     50.863     6.4705   3.236389    32.2703       4235    17.6417  0.000e+00
     50.821     6.4707   3.236372    32.2699       4236    17.6458  0.000e+00
     50.781     6.4707   3.236389    32.2701       4237    17.6500  0.000e+00
     50.734     6.4709   3.236489    32.2711       4238    17.6542  0.000e+00
     50.702     6.4712   3.236439    32.2702       4239    17.6583  0.000e+00
     50.665     6.4715   3.236512    32.2708       4240    17.6625  0.000e+00
     50.626     6.4718   3.236612    32.2716       4241    17.6667  0.000e+00
     50.588     6.4723   3.236612    32.2711       4242    17.6708  0.000e+00
     50.555     6.4730   3.236651    32.2709       4243    17.6750  0.000e+00
     50.517     6.4735   3.236651    32.2705       4244    17.6792  0.000e+00
     50.486     6.4738   3.236573    32.2694       4245    17.6833  0.000e+00
     50.459     6.4738   3.236512    32.2687       4246    17.6875  0.000e+00
     50.434     6.4736   3.236573    32.2696       4247    17.6917  0.000e+00
     50.396     6.4736   3.236796    32.2721       4248    17.6958  0.000e+00
     50.372     6.4743   3.236935    32.2730       4249    17.7000  0.000e+00
     50.341     6.4755   3.236857    32.2710       4250    17.7042  0.000e+00
     50.318     6.4762   3.236835    32.2701       4251    17.7083  0.000e+00
     50.289     6.4764   3.236863    32.2702       4252    17.7125  0.000e+00
     50.256     6.4768   3.236874    32.2699       4253    17.7167  0.000e+00
     50.226     6.4772   3.236857    32.2694       4254    17.7208  0.000e+00
     50.189     6.4773   3.236818    32.2689       4255    17.7250  0.000e+00
     50.155     6.4771   3.236835    32.2693       4256    17.7292  0.000e+00
     50.113     6.4772   3.237403    32.2755       4257    17.7333  0.000e+00
     50.075     6.4787   3.237849    32.2791       4258    17.7375  0.000e+00
     50.027     6.4819   3.238100    32.2788       4259    17.7417  0.000e+00
     49.978     6.4852   3.238250    32.2774       4260    17.7458  0.000e+00
     49.918     6.4880   3.238250    32.2748       4261    17.7500  0.000e+00
     49.857     6.4899   3.238250    32.2730       4262    17.7542  0.000e+00
     49.795     6.4911   3.238295    32.2724       4263    17.7583  0.000e+00
     49.727     6.4920   3.238735    32.2764       4264    17.7625  0.000e+00
     49.658     6.4939   3.238830    32.2757       4265    17.7667  0.000e+00
     49.591     6.4957   3.238980    32.2757       4266    17.7708  0.000e+00
     49.504     6.4983   3.241896    32.3055       4267    17.7750  0.000e+00
     49.424     6.5076   3.243234    32.3115       4268    17.7792  0.000e+00
     49.347     6.5218   3.246581    32.3350       4269    17.7833  0.000e+00
     49.258     6.5441   3.248210    32.3320       4270    17.7875  0.000e+00
     49.180     6.5668   3.249036    32.3196       4271    17.7917  0.000e+00
     49.095     6.5862   3.250420    32.3166       4272    17.7958  0.000e+00
     49.012     6.6033   3.251196    32.3091       4273    17.8000  0.000e+00
     48.938     6.6178   3.251458    32.2982       4274    17.8042  0.000e+00
     48.858     6.6289   3.251704    32.2905       4275    17.8083  0.000e+00
     48.790     6.6372   3.251888    32.2848       4276    17.8125  0.000e+00
     48.728     6.6435   3.252312    32.2835       4277    17.8167  0.000e+00
     48.663     6.6489   3.252758    32.2833       4278    17.8208  0.000e+00
     48.605     6.6546   3.253473    32.2858       4279    17.8250  0.000e+00
     48.549     6.6607   3.254227    32.2884       4280    17.8292  0.000e+00
     48.502     6.6677   3.254372    32.2834       4281    17.8333  0.000e+00
     48.459     6.6735   3.254472    32.2791       4282    17.8375  0.000e+00
     48.424     6.6777   3.254696    32.2776       4283    17.8417  0.000e+00
     48.392     6.6810   3.255081    32.2787       4284    17.8458  0.000e+00
     48.365     6.6844   3.255528    32.2804       4285    17.8500  0.000e+00
     48.341     6.6884   3.256008    32.2820       4286    17.8542  0.000e+00
     48.314     6.6928   3.256366    32.2818       4287    17.8583  0.000e+00
     48.298     6.6973   3.256628    32.2805       4288    17.8625  0.000e+00
     48.279     6.7013   3.256790    32.2784       4289    17.8667  0.000e+00
     48.270     6.7045   3.256852    32.2761       4290    17.8708  0.000e+00
     48.265     6.7070   3.256958    32.2750       4291    17.8750  0.000e+00
     48.256     6.7088   3.256997    32.2737       4292    17.8792  0.000e+00
     48.250     6.7102   3.257075    32.2732       4293    17.8833  0.000e+00
     48.243     6.7113   3.257120    32.2727       4294    17.8875  0.000e+00
     48.234     6.7121   3.257243    32.2732       4295    17.8917  0.000e+00
     48.227     6.7132   3.257326    32.2731       4296    17.8958  0.000e+00
     48.216     6.7141   3.257505    32.2743       4297    17.9000  0.000e+00
     48.203     6.7155   3.257650    32.2746       4298    17.9042  0.000e+00
     48.196     6.7168   3.257768    32.2746       4299    17.9083  0.000e+00
     48.176     6.7182   3.257913    32.2749       4300    17.9125  0.000e+00
     48.163     6.7197   3.258036    32.2749       4301    17.9167  0.000e+00
     48.143     6.7212   3.258136    32.2746       4302    17.9208  0.000e+00
     48.129     6.7226   3.258175    32.2737       4303    17.9250  0.000e+00
     48.109     6.7237   3.258075    32.2716       4304    17.9292  0.000e+00
     48.087     6.7245   3.257851    32.2683       4305    17.9333  0.000e+00
     48.067     6.7246   3.257589    32.2654       4306    17.9375  0.000e+00
     48.046     6.7237   3.257259    32.2626       4307    17.9417  0.000e+00
     48.022     6.7222   3.256589    32.2567       4308    17.9458  0.000e+00
     47.995     6.7190   3.255857    32.2517       4309    17.9500  0.000e+00
     47.966     6.7149   3.255829    32.2553       4310    17.9542  0.000e+00
     47.935     6.7120   3.256550    32.2659       4311    17.9583  0.000e+00
     47.908     6.7122   3.257421    32.2752       4312    17.9625  0.000e+00
     47.867     6.7163   3.258360    32.2818       4313    17.9667  0.000e+00
     47.821     6.7228   3.258812    32.2806       4314    17.9708  0.000e+00
     47.774     6.7296   3.258455    32.2703       4315    17.9750  0.000e+00
     47.718     6.7339   3.258298    32.2646       4316    17.9792  0.000e+00
     47.662     6.7364   3.258790    32.2676       4317    17.9833  0.000e+00
