HB2406/sbe081.cnv
* Sea-Bird SBE 19plus V2 Data File:
* FileName = C:\cruise\data\sbe081.hex
* Software Version Seasave V 7.26.7.121
* Temperature SN = 7037
* Conductivity SN = 7037
* System UpLoad Time = Aug 19 2024 01:11:37
* NMEA Latitude = 41 34.59 N
* NMEA Longitude = 069 40.93 W
* NMEA UTC (Time) = Aug 19 2024  01:10:30
** Ship: Henry Bigelow
** Cruise:  HB2406
** Program:  ECOMON
# nquan = 7
# nvalues = 1548                                  
# units = specified
# name 0 = depSM: Depth [salt water, m]
# name 1 = tv290C: Temperature [ITS-90, deg C]
# name 2 = c0S/m: Conductivity [S/m]
# name 3 = sal00: Salinity, Practical [PSU]
# name 4 = scan: Scan Count
# name 5 = timeM: Time, Elapsed [minutes]
# name 6 = flag:  0.000e+00
# span 0 =     -0.032,     30.538                 
# span 1 =     8.4737,    18.7620                 
# span 2 =  -0.000028,   4.172426                 
# span 3 =     0.0000,    32.4211                 
# span 4 =         11,       1558                 
# span 5 =     0.0417,     6.4875                 
# span 6 = 0.0000e+00, 0.0000e+00                 
# interval = seconds: 0.25
# start_time = Aug 19 2024 01:10:30 [NMEA time, header]
# bad_flag = -9.990e-29
*END*
     -0.021    18.6974  -0.000023     0.0000         11     0.0417  0.000e+00
     -0.017    18.6979  -0.000023     0.0000         12     0.0458  0.000e+00
     -0.023    18.6983  -0.000020     0.0000         13     0.0500  0.000e+00
     -0.023    18.6986  -0.000017     0.0000         14     0.0542  0.000e+00
     -0.023    18.6988  -0.000023     0.0000         15     0.0583  0.000e+00
     -0.023    18.6992  -0.000017     0.0000         16     0.0625  0.000e+00
     -0.025    18.6995  -0.000023     0.0000         17     0.0667  0.000e+00
     -0.025    18.7001  -0.000023     0.0000         18     0.0708  0.000e+00
     -0.019    18.7004  -0.000023     0.0000         19     0.0750  0.000e+00
     -0.021    18.7015  -0.000015     0.0000         20     0.0792  0.000e+00
     -0.025    18.7032  -0.000023     0.0000         21     0.0833  0.000e+00
     -0.023    18.7047  -0.000023     0.0000         22     0.0875  0.000e+00
     -0.023    18.7059  -0.000023     0.0000         23     0.0917  0.000e+00
     -0.025    18.7066  -0.000023     0.0000         24     0.0958  0.000e+00
     -0.023    18.7073  -0.000023     0.0000         25     0.1000  0.000e+00
     -0.021    18.7078  -0.000023     0.0000         26     0.1042  0.000e+00
     -0.021    18.7085  -0.000020     0.0000         27     0.1083  0.000e+00
     -0.025    18.7094  -0.000023     0.0000         28     0.1125  0.000e+00
     -0.025    18.7104  -0.000023     0.0000         29     0.1167  0.000e+00
     -0.019    18.7118  -0.000023     0.0000         30     0.1208  0.000e+00
     -0.023    18.7128  -0.000017     0.0000         31     0.1250  0.000e+00
     -0.027    18.7137  -0.000023     0.0000         32     0.1292  0.000e+00
     -0.027    18.7142  -0.000015     0.0000         33     0.1333  0.000e+00
     -0.030    18.7152  -0.000023     0.0000         34     0.1375  0.000e+00
     -0.027    18.7159  -0.000017     0.0000         35     0.1417  0.000e+00
     -0.025    18.7166  -0.000023     0.0000         36     0.1458  0.000e+00
     -0.028    18.7173  -0.000023     0.0000         37     0.1500  0.000e+00
     -0.028    18.7179  -0.000017     0.0000         38     0.1542  0.000e+00
     -0.027    18.7181  -0.000023     0.0000         39     0.1583  0.000e+00
     -0.025    18.7187  -0.000020     0.0000         40     0.1625  0.000e+00
     -0.028    18.7195  -0.000023     0.0000         41     0.1667  0.000e+00
     -0.025    18.7213  -0.000017     0.0000         42     0.1708  0.000e+00
     -0.027    18.7241  -0.000023     0.0000         43     0.1750  0.000e+00
     -0.025    18.7265  -0.000017     0.0000         44     0.1792  0.000e+00
     -0.021    18.7288  -0.000017     0.0000         45     0.1833  0.000e+00
     -0.027    18.7310  -0.000020     0.0000         46     0.1875  0.000e+00
     -0.023    18.7329  -0.000023     0.0000         47     0.1917  0.000e+00
     -0.019    18.7337  -0.000023     0.0000         48     0.1958  0.000e+00
     -0.025    18.7339  -0.000017     0.0000         49     0.2000  0.000e+00
     -0.023    18.7349  -0.000023     0.0000         50     0.2042  0.000e+00
     -0.023    18.7361  -0.000017     0.0000         51     0.2083  0.000e+00
     -0.019    18.7380  -0.000023     0.0000         52     0.2125  0.000e+00
     -0.021    18.7400  -0.000025     0.0000         53     0.2167  0.000e+00
     -0.019    18.7416  -0.000017     0.0000         54     0.2208  0.000e+00
     -0.023    18.7426  -0.000023     0.0000         55     0.2250  0.000e+00
     -0.021    18.7431  -0.000023     0.0000         56     0.2292  0.000e+00
     -0.028    18.7436  -0.000023     0.0000         57     0.2333  0.000e+00
     -0.025    18.7441  -0.000023     0.0000         58     0.2375  0.000e+00
     -0.032    18.7448  -0.000017     0.0000         59     0.2417  0.000e+00
     -0.027    18.7454  -0.000020     0.0000         60     0.2458  0.000e+00
     -0.025    18.7456  -0.000023     0.0000         61     0.2500  0.000e+00
     -0.019    18.7459  -0.000023     0.0000         62     0.2542  0.000e+00
     -0.026    18.7463  -0.000028     0.0000         63     0.2583  0.000e+00
     -0.028    18.7466  -0.000023     0.0000         64     0.2625  0.000e+00
     -0.028    18.7469  -0.000017     0.0000         65     0.2667  0.000e+00
     -0.021    18.7469  -0.000025     0.0000         66     0.2708  0.000e+00
     -0.023    18.7469  -0.000023     0.0000         67     0.2750  0.000e+00
     -0.023    18.7472  -0.000017     0.0000         68     0.2792  0.000e+00
     -0.025    18.7474  -0.000023     0.0000         69     0.2833  0.000e+00
     -0.025    18.7479  -0.000023     0.0000         70     0.2875  0.000e+00
     -0.019    18.7481  -0.000023     0.0000         71     0.2917  0.000e+00
     -0.021    18.7482  -0.000023     0.0000         72     0.2958  0.000e+00
     -0.021    18.7482  -0.000015     0.0000         73     0.3000  0.000e+00
     -0.021    18.7484  -0.000023     0.0000         74     0.3042  0.000e+00
     -0.017    18.7481  -0.000017     0.0000         75     0.3083  0.000e+00
     -0.017    18.7483  -0.000023     0.0000         76     0.3125  0.000e+00
     -0.023    18.7485  -0.000023     0.0000         77     0.3167  0.000e+00
     -0.025    18.7483  -0.000017     0.0000         78     0.3208  0.000e+00
     -0.021    18.7487  -0.000020     0.0000         79     0.3250  0.000e+00
     -0.019    18.7487  -0.000023     0.0000         80     0.3292  0.000e+00
     -0.021    18.7485  -0.000023     0.0000         81     0.3333  0.000e+00
     -0.027    18.7484  -0.000023     0.0000         82     0.3375  0.000e+00
     -0.025    18.7483  -0.000023     0.0000         83     0.3417  0.000e+00
     -0.021    18.7481  -0.000023     0.0000         84     0.3458  0.000e+00
     -0.021    18.7481  -0.000023     0.0000         85     0.3500  0.000e+00
     -0.025    18.7480  -0.000025     0.0000         86     0.3542  0.000e+00
     -0.021    18.7479  -0.000023     0.0000         87     0.3583  0.000e+00
     -0.025    18.7479  -0.000023     0.0000         88     0.3625  0.000e+00
     -0.021    18.7478  -0.000023     0.0000         89     0.3667  0.000e+00
     -0.027    18.7477  -0.000023     0.0000         90     0.3708  0.000e+00
     -0.025    18.7476  -0.000023     0.0000         91     0.3750  0.000e+00
     -0.023    18.7478  -0.000023     0.0000         92     0.3792  0.000e+00
     -0.021    18.7477  -0.000020     0.0000         93     0.3833  0.000e+00
     -0.019    18.7480  -0.000017     0.0000         94     0.3875  0.000e+00
      0.098    18.7501  -0.000023     0.0000         95     0.3917  0.000e+00
      0.324    18.7560  -0.000023     0.0000         96     0.3958  0.000e+00
      0.534    18.7620  -0.000028     0.0000         97     0.4000  0.000e+00
      0.745    18.6545  -0.000028     0.0000         98     0.4042  0.000e+00
      0.942    18.4046   0.421911     2.5984         99     0.4083  0.000e+00
      1.118    18.1808   3.065654    22.2564        100     0.4125  0.000e+00
      1.268    18.0047   2.008446    14.0609        101     0.4167  0.000e+00
      1.400    17.8815   2.906956    21.1440        102     0.4208  0.000e+00
      1.523    17.7908   4.015856    30.3016        103     0.4250  0.000e+00
      1.635    17.7091   4.015723    30.3613        104     0.4292  0.000e+00
      1.750    17.6279   3.385950    25.1746        105     0.4333  0.000e+00
      1.871    17.5372   3.494923    26.1310        106     0.4375  0.000e+00
      2.018    17.4426   2.692374    19.6439        107     0.4417  0.000e+00
      2.184    17.3586   3.336324    24.9311        108     0.4458  0.000e+00
      2.383    17.3475   4.054481    30.9620        109     0.4500  0.000e+00
      2.595    17.4417   3.330522    24.8323        110     0.4542  0.000e+00
      2.815    17.5627   4.092283    31.1183        111     0.4583  0.000e+00
      3.027    17.6668   4.153323    31.5554        112     0.4625  0.000e+00
      3.255    17.7441   2.638402    19.0706        113     0.4667  0.000e+00
      3.479    17.7913   1.925116    13.4957        114     0.4708  0.000e+00
      3.705    17.8334   4.162171    31.5011        115     0.4750  0.000e+00
      3.924    17.8693   4.163287    31.4828        116     0.4792  0.000e+00
      4.135    17.8701   4.165211    31.4983        117     0.4833  0.000e+00
      4.329    17.8420   4.167346    31.5379        118     0.4875  0.000e+00
      4.491    17.8097   4.169000    31.5768        119     0.4917  0.000e+00
      4.638    17.7933   4.170432    31.6016        120     0.4958  0.000e+00
      4.759    17.7921   4.168902    31.5896        121     0.5000  0.000e+00
      4.860    17.7981   4.167254    31.5709        122     0.5042  0.000e+00
      4.965    17.8002   4.166200    31.5603        123     0.5083  0.000e+00
      5.065    17.8000   4.164910    31.5496        124     0.5125  0.000e+00
      5.153    17.7966   4.163887    31.5435        125     0.5167  0.000e+00
      5.222    17.7886   4.163764    31.5487        126     0.5208  0.000e+00
      5.283    17.7813   4.163240    31.5499        127     0.5250  0.000e+00
      5.332    17.7757   4.162117    31.5447        128     0.5292  0.000e+00
      5.379    17.7678   4.163493    31.5624        129     0.5333  0.000e+00
      5.354    17.7583   4.169957    31.6245        130     0.5375  0.000e+00
      5.269    17.7675   4.172426    31.6382        131     0.5417  0.000e+00
      5.150    17.7639   4.161304    31.5470        132     0.5458  0.000e+00
      5.027    17.6800   4.146913    31.4901        133     0.5500  0.000e+00
      4.920    17.5038   4.131493    31.4959        134     0.5542  0.000e+00
      4.815    17.2789   4.115060    31.5307        135     0.5583  0.000e+00
      4.705    17.0679   4.100296    31.5691        136     0.5625  0.000e+00
      4.593    16.8997   4.092954    31.6379        137     0.5667  0.000e+00
      4.484    16.7747   4.105841    31.8480        138     0.5708  0.000e+00
      4.388    16.6979   4.135389    32.1654        139     0.5750  0.000e+00
      4.307    16.6250   4.151336    32.3626        140     0.5792  0.000e+00
      4.244    16.6542   4.160770    32.4211        141     0.5833  0.000e+00
      4.202    16.8304   4.157525    32.2510        142     0.5875  0.000e+00
      4.184    17.0511   4.154490    32.0485        143     0.5917  0.000e+00
      4.191    17.2273   4.160528    31.9605        144     0.5958  0.000e+00
      4.224    17.3694   4.160335    31.8469        145     0.6000  0.000e+00
      4.273    17.4960   4.157732    31.7254        146     0.6042  0.000e+00
      4.336    17.5713   4.155432    31.6471        147     0.6083  0.000e+00
      4.410    17.6096   4.153417    31.6001        148     0.6125  0.000e+00
      4.486    17.6237   4.152222    31.5790        149     0.6167  0.000e+00
      4.558    17.6269   4.152012    31.5747        150     0.6208  0.000e+00
      4.625    17.6294   4.151821    31.5711        151     0.6250  0.000e+00
      4.692    17.6344   4.151507    31.5646        152     0.6292  0.000e+00
      4.745    17.6344   4.150990    31.5602        153     0.6333  0.000e+00
      4.786    17.6332   4.149050    31.5446        154     0.6375  0.000e+00
      4.811    17.6295   4.147757    31.5365        155     0.6417  0.000e+00
      4.838    17.6193   4.146193    31.5311        156     0.6458  0.000e+00
      4.869    17.6070   4.145664    31.5362        157     0.6500  0.000e+00
      4.895    17.5932   4.145430    31.5449        158     0.6542  0.000e+00
      4.923    17.5827   4.144076    31.5416        159     0.6583  0.000e+00
      4.961    17.5751   4.143000    31.5383        160     0.6625  0.000e+00
      4.999    17.5618   4.141726    31.5378        161     0.6667  0.000e+00
      5.043    17.5486   4.140723    31.5395        162     0.6708  0.000e+00
      5.084    17.5357   4.140305    31.5459        163     0.6750  0.000e+00
      5.124    17.5238   4.138866    31.5430        164     0.6792  0.000e+00
      5.162    17.5124   4.137266    31.5382        165     0.6833  0.000e+00
      5.204    17.4970   4.135828    31.5379        166     0.6875  0.000e+00
      5.245    17.4811   4.135637    31.5486        167     0.6917  0.000e+00
      5.281    17.4660   4.133848    31.5452        168     0.6958  0.000e+00
      5.316    17.4562   4.132582    31.5419        169     0.7000  0.000e+00
      5.354    17.4422   4.131008    31.5394        170     0.7042  0.000e+00
      5.381    17.4292   4.129177    31.5340        171     0.7083  0.000e+00
      5.406    17.4200   4.127505    31.5268        172     0.7125  0.000e+00
      5.426    17.4074   4.126437    31.5275        173     0.7167  0.000e+00
      5.451    17.3942   4.124895    31.5246        174     0.7208  0.000e+00
      5.475    17.3795   4.122493    31.5156        175     0.7250  0.000e+00
      5.498    17.3626   4.120811    31.5144        176     0.7292  0.000e+00
      5.529    17.3441   4.119976    31.5217        177     0.7333  0.000e+00
      5.571    17.3220   4.118343    31.5249        178     0.7375  0.000e+00
      5.621    17.3002   4.115354    31.5163        179     0.7417  0.000e+00
      5.686    17.2783   4.111802    31.5030        180     0.7458  0.000e+00
      5.760    17.2476   4.109852    31.5103        181     0.7500  0.000e+00
      5.853    17.2163   4.105645    31.4987        182     0.7542  0.000e+00
      5.963    17.1891   4.102336    31.4915        183     0.7583  0.000e+00
      6.082    17.1509   4.102066    31.5189        184     0.7625  0.000e+00
      6.211    17.1182   4.099971    31.5264        185     0.7667  0.000e+00
      6.352    17.0967   4.098054    31.5268        186     0.7708  0.000e+00
      6.502    17.0709   4.096155    31.5306        187     0.7750  0.000e+00
      6.654    17.0481   4.093687    31.5272        188     0.7792  0.000e+00
      6.806    17.0251   4.092855    31.5379        189     0.7833  0.000e+00
      6.956    17.0033   4.091918    31.5469        190     0.7875  0.000e+00
      7.099    16.9871   4.089758    31.5409        191     0.7917  0.000e+00
      7.234    16.9664   4.086991    31.5333        192     0.7958  0.000e+00
      7.357    16.9446   4.084495    31.5289        193     0.8000  0.000e+00
      7.467    16.9191   4.081504    31.5231        194     0.8042  0.000e+00
      7.569    16.8924   4.078484    31.5179        195     0.8083  0.000e+00
      7.666    16.8662   4.076228    31.5190        196     0.8125  0.000e+00
      7.760    16.8432   4.075746    31.5328        197     0.8167  0.000e+00
      7.849    16.8181   4.072855    31.5275        198     0.8208  0.000e+00
      7.928    16.7963   4.069849    31.5187        199     0.8250  0.000e+00
      7.999    16.7729   4.067260    31.5147        200     0.8292  0.000e+00
      8.069    16.7506   4.065257    31.5148        201     0.8333  0.000e+00
      8.131    16.7272   4.064140    31.5236        202     0.8375  0.000e+00
      8.194    16.7050   4.062107    31.5233        203     0.8417  0.000e+00
      8.257    16.6853   4.060881    31.5282        204     0.8458  0.000e+00
      8.326    16.6618   4.059062    31.5309        205     0.8500  0.000e+00
      8.398    16.6420   4.056842    31.5273        206     0.8542  0.000e+00
      8.478    16.6241   4.055317    31.5281        207     0.8583  0.000e+00
      8.563    16.6057   4.052877    31.5214        208     0.8625  0.000e+00
      8.659    16.5893   4.051006    31.5180        209     0.8667  0.000e+00
      8.758    16.5664   4.049921    31.5266        210     0.8708  0.000e+00
      8.876    16.5467   4.048994    31.5340        211     0.8750  0.000e+00
      9.002    16.5321   4.047653    31.5339        212     0.8792  0.000e+00
      9.121    16.5194   4.046550    31.5343        213     0.8833  0.000e+00
      9.245    16.5047   4.046094    31.5418        214     0.8875  0.000e+00
      9.364    16.4916   4.044753    31.5404        215     0.8917  0.000e+00
