HB2406/sbe027.cnv
* Sea-Bird SBE 19plus V2 Data File:
* FileName = C:\cruise\data\sbe027.hex
* Software Version Seasave V 7.26.7.121
* Temperature SN = 7037
* Conductivity SN = 7037
* System UpLoad Time = Aug 14 2024 17:04:25
* NMEA Latitude = 41 24.71 N
* NMEA Longitude = 067 19.36 W
* NMEA UTC (Time) = Aug 14 2024  17:03:16
** Ship: Henry Bigelow
** Cruise:  HB2406
** Program:  ECOMON
# nquan = 7
# nvalues = 1314                                  
# units = specified
# name 0 = depSM: Depth [salt water, m]
# name 1 = tv290C: Temperature [ITS-90, deg C]
# name 2 = c0S/m: Conductivity [S/m]
# name 3 = sal00: Salinity, Practical [PSU]
# name 4 = scan: Scan Count
# name 5 = timeM: Time, Elapsed [minutes]
# name 6 = flag:  0.000e+00
# span 0 =     -0.001,     36.583                 
# span 1 =    16.8065,    19.1276                 
# span 2 =  -0.028347,   4.224073                 
# span 3 =     0.0000,    32.2292                 
# span 4 =         11,       1324                 
# span 5 =     0.0417,     5.5125                 
# span 6 = 0.0000e+00, 0.0000e+00                 
# interval = seconds: 0.25
# start_time = Aug 14 2024 17:03:16 [NMEA time, header]
# bad_flag = -9.990e-29
*END*
[from data line 1231]
      3.042    16.9673   4.104587    31.6855       1242     5.1708  0.000e+00
      2.993    16.9654   4.107573    31.7128       1243     5.1750  0.000e+00
      2.941    16.9749   4.107628    31.7058       1244     5.1792  0.000e+00
      2.878    16.9836   4.107407    31.6971       1245     5.1833  0.000e+00
      2.802    16.9890   4.107898    31.6971       1246     5.1875  0.000e+00
      2.718    16.9929   4.108241    31.6969       1247     5.1917  0.000e+00
      2.621    16.9972   4.108750    31.6980       1248     5.1958  0.000e+00
      2.521    17.0020   4.109412    31.7000       1249     5.2000  0.000e+00
      2.425    17.0076   4.109829    31.6992       1250     5.2042  0.000e+00
      2.350    17.0132   4.109829    31.6948       1251     5.2083  0.000e+00
      2.292    17.0168   4.109970    31.6931       1252     5.2125  0.000e+00
      2.256    17.0195   4.109976    31.6911       1253     5.2167  0.000e+00
      2.254    17.0213   4.109927    31.6893       1254     5.2208  0.000e+00
      2.257    17.0223   4.109896    31.6882       1255     5.2250  0.000e+00
      2.274    17.0228   4.110099    31.6896       1256     5.2292  0.000e+00
      2.299    17.0236   4.110013    31.6882       1257     5.2333  0.000e+00
      2.321    17.0241   4.109829    31.6862       1258     5.2375  0.000e+00
      2.342    17.0237   4.110136    31.6892       1259     5.2417  0.000e+00
      2.351    17.0243   4.109976    31.6873       1260     5.2458  0.000e+00
      2.364    17.0245   4.109682    31.6847       1261     5.2500  0.000e+00
      2.355    17.0231   4.109970    31.6882       1262     5.2542  0.000e+00
      2.333    17.0232   4.110172    31.6899       1263     5.2583  0.000e+00
      2.301    17.0242   4.109945    31.6871       1264     5.2625  0.000e+00
      2.256    17.0245   4.109706    31.6849       1265     5.2667  0.000e+00
      2.207    17.0235   4.109240    31.6817       1266     5.2708  0.000e+00
      2.154    17.0211   4.109583    31.6866       1267     5.2750  0.000e+00
      2.100    17.0200   4.110025    31.6912       1268     5.2792  0.000e+00
      2.037    17.0214   4.110154    31.6912       1269     5.2833  0.000e+00
      1.982    17.0232   4.110270    31.6908       1270     5.2875  0.000e+00
      1.928    17.0247   4.110252    31.6895       1271     5.2917  0.000e+00
      1.896    17.0259   4.110049    31.6869       1272     5.2958  0.000e+00
      1.849    17.0256   4.109994    31.6866       1273     5.3000  0.000e+00
      1.802    17.0253   4.110393    31.6903       1274     5.3042  0.000e+00
      1.747    17.0265   4.111792    31.7014       1275     5.3083  0.000e+00
      1.693    17.0322   4.112153    31.7001       1276     5.3125  0.000e+00
      1.621    17.0385   4.112847    31.7011       1277     5.3167  0.000e+00
      1.547    17.0449   4.113564    31.7022       1278     5.3208  0.000e+00
      1.483    17.0520   4.114546    31.7052       1279     5.3250  0.000e+00
      1.444    17.0602   4.114767    31.7006       1280     5.3292  0.000e+00
      1.427    17.0670   4.114840    31.6958       1281     5.3333  0.000e+00
      1.429    17.0717   4.114834    31.6921       1282     5.3375  0.000e+00
      1.442    17.0744   4.114718    31.6890       1283     5.3417  0.000e+00
      1.456    17.0758   4.114398    31.6851       1284     5.3458  0.000e+00
      1.471    17.0752   4.114012    31.6823       1285     5.3500  0.000e+00
      1.465    17.0733   4.113803    31.6820       1286     5.3542  0.000e+00
      1.453    17.0713   4.114343    31.6882       1287     5.3583  0.000e+00
      1.413    17.0714   4.114349    31.6882       1288     5.3625  0.000e+00
      1.355    17.0722   4.114601    31.6898       1289     5.3667  0.000e+00
      1.279    17.0732   4.115233    31.6945       1290     5.3708  0.000e+00
      1.189    17.0765   4.116037    31.6988       1291     5.3750  0.000e+00
      1.107    17.0817   4.116534    31.6990       1292     5.3792  0.000e+00
      1.060    17.0877   4.116829    31.6968       1293     5.3833  0.000e+00
      1.030    17.0929   4.119407    31.7149       1294     5.3875  0.000e+00
      1.004    17.1044   4.120592    31.7160       1295     5.3917  0.000e+00
      0.986    17.1184   4.119333    31.6942       1296     5.3958  0.000e+00
      0.954    17.1241   4.117859    31.6772       1297     5.4000  0.000e+00
      0.925    17.1212   4.119216    31.6910       1298     5.4042  0.000e+00
      0.894    17.1218   4.122016    31.7146       1299     5.4083  0.000e+00
      0.854    17.1338   4.125683    31.7367       1300     5.4125  0.000e+00
      0.820    17.1556   4.129480    31.7521       1301     5.4167  0.000e+00
      0.769    17.1855   4.138505    31.8060       1302     5.4208  0.000e+00
      0.720    17.2362   4.143944    31.8127       1303     5.4250  0.000e+00
      0.659    17.2981   4.157092    31.8765       1304     5.4292  0.000e+00
      0.599    17.3800   4.161924    31.8534       1305     5.4333  0.000e+00
      0.558    17.4603   4.164031    31.8083       1306     5.4375  0.000e+00
      0.549    17.5222   4.161798    31.7408       1307     5.4417  0.000e+00
      0.532    17.5546   4.160090    31.7010       1308     5.4458  0.000e+00
      0.514    17.5674   4.165862    31.7401       1309     5.4500  0.000e+00
      0.505    17.5897   4.166608    31.7290       1310     5.4542  0.000e+00
      0.520    17.6131   4.163887    31.6877       1311     5.4583  0.000e+00
      0.529    17.6195   4.161772    31.6647       1312     5.4625  0.000e+00
      0.516    17.6123   4.158252    31.6404       1313     5.4667  0.000e+00
      0.498    17.5949   4.163092    31.6951       1314     5.4708  0.000e+00
      0.485    17.5955   4.163740    31.7001       1315     5.4750  0.000e+00
      0.464    17.6011   4.164615    31.7032       1316     5.4792  0.000e+00
      0.411    17.6107   4.165368    31.7021       1317     5.4833  0.000e+00
      0.339    17.6174   4.168495    31.7235       1318     5.4875  0.000e+00
      0.247    17.6355   4.169451    31.7175       1319     5.4917  0.000e+00
      0.163    17.6516   4.166915    31.6835       1320     5.4958  0.000e+00
      0.120    17.6551   4.168229    31.6919       1321     5.5000  0.000e+00
      0.064    17.6580   4.168112    31.6886       1322     5.5042  0.000e+00
      0.012    17.6604   1.671861    11.6131       1323     5.5083  0.000e+00
     -0.001    17.6576   0.614997     3.9537       1324     5.5125  0.000e+00
