HB2406/sbe045.cnv
* Sea-Bird SBE 19plus V2 Data File:
* FileName = C:\cruise\data\sbe045.hex
* Software Version Seasave V 7.26.7.121
* Temperature SN = 7037
* Conductivity SN = 7037
* System UpLoad Time = Aug 16 2024 04:14:36
* NMEA Latitude = 43 18.17 N
* NMEA Longitude = 066 40.90 W
* NMEA UTC (Time) = Aug 16 2024  04:13:28
** Ship: Henry Bigelow
** Cruise:  HB2406
** Program:  ECOMON
# nquan = 7
# nvalues = 2483                                  
# units = specified
# name 0 = depSM: Depth [salt water, m]
# name 1 = tv290C: Temperature [ITS-90, deg C]
# name 2 = c0S/m: Conductivity [S/m]
# name 3 = sal00: Salinity, Practical [PSU]
# name 4 = scan: Scan Count
# name 5 = timeM: Time, Elapsed [minutes]
# name 6 = flag:  0.000e+00
# span 0 =      0.001,     95.239                 
# span 1 =     8.8787,    16.2831                 
# span 2 =  -0.000033,   4.077578                 
# span 3 =     0.0000,    33.5789                 
# span 4 =         11,       2493                 
# span 5 =     0.0417,    10.3833                 
# span 6 = 0.0000e+00, 0.0000e+00                 
# interval = seconds: 0.25
# start_time = Aug 16 2024 04:13:28 [NMEA time, header]
# bad_flag = -9.990e-29
*END*
      0.057    13.6102  -0.000007     0.0000         11     0.0417  0.000e+00
      0.057    13.6102  -0.000007     0.0000         12     0.0458  0.000e+00
      0.061    13.6105  -0.000007     0.0000         13     0.0500  0.000e+00
      0.059    13.6107  -0.000007     0.0000         14     0.0542  0.000e+00
      0.063    13.6108  -0.000007     0.0000         15     0.0583  0.000e+00
      0.061    13.6111  -0.000001     0.0000         16     0.0625  0.000e+00
      0.059    13.6113  -0.000001     0.0000         17     0.0667  0.000e+00
      0.063    13.6114  -0.000007     0.0000         18     0.0708  0.000e+00
      0.059    13.6114  -0.000007     0.0000         19     0.0750  0.000e+00
      0.061    13.6117  -0.000007     0.0000         20     0.0792  0.000e+00
      0.061    13.6119  -0.000007     0.0000         21     0.0833  0.000e+00
      0.061    13.6120  -0.000007     0.0000         22     0.0875  0.000e+00
      0.063    13.6122  -0.000007     0.0000         23     0.0917  0.000e+00
      0.061    13.6125  -0.000007     0.0000         24     0.0958  0.000e+00
      0.065    13.6127  -0.000007     0.0000         25     0.1000  0.000e+00
      0.061    13.6130  -0.000001     0.0000         26     0.1042  0.000e+00
      0.059    13.6131  -0.000007     0.0000         27     0.1083  0.000e+00
      0.061    13.6133  -0.000007     0.0000         28     0.1125  0.000e+00
      0.061    13.6133  -0.000007     0.0000         29     0.1167  0.000e+00
      0.061    13.6134  -0.000012     0.0000         30     0.1208  0.000e+00
      0.063    13.6134  -0.000007     0.0000         31     0.1250  0.000e+00
      0.065    13.6138  -0.000007     0.0000         32     0.1292  0.000e+00
      0.059    13.6139  -0.000007     0.0000         33     0.1333  0.000e+00
      0.061    13.6139  -0.000001     0.0000         34     0.1375  0.000e+00
      0.057    13.6142  -0.000007     0.0000         35     0.1417  0.000e+00
      0.068    13.6143  -0.000007     0.0000         36     0.1458  0.000e+00
      0.070    13.6145  -0.000007     0.0000         37     0.1500  0.000e+00
      0.061    13.6145  -0.000007     0.0000         38     0.1542  0.000e+00
      0.059    13.6148  -0.000007     0.0000         39     0.1583  0.000e+00
      0.063    13.6150  -0.000007     0.0000         40     0.1625  0.000e+00
      0.067    13.6150  -0.000007     0.0000         41     0.1667  0.000e+00
      0.063    13.6150  -0.000007     0.0000         42     0.1708  0.000e+00
      0.059    13.6150  -0.000007     0.0000         43     0.1750  0.000e+00
      0.061    13.6151  -0.000007     0.0000         44     0.1792  0.000e+00
      0.063    13.6149  -0.000001     0.0000         45     0.1833  0.000e+00
      0.065    13.6150  -0.000001     0.0000         46     0.1875  0.000e+00
      0.065    13.6150  -0.000001     0.0000         47     0.1917  0.000e+00
      0.065    13.6150  -0.000007     0.0000         48     0.1958  0.000e+00
      0.063    13.6148  -0.000001     0.0000         49     0.2000  0.000e+00
      0.059    13.6149  -0.000007     0.0000         50     0.2042  0.000e+00
      0.063    13.6149  -0.000001     0.0000         51     0.2083  0.000e+00
      0.063    13.6151  -0.000007     0.0000         52     0.2125  0.000e+00
      0.065    13.6152  -0.000001     0.0000         53     0.2167  0.000e+00
      0.059    13.6151  -0.000007     0.0000         54     0.2208  0.000e+00
      0.065    13.6151  -0.000001     0.0000         55     0.2250  0.000e+00
      0.067    13.6151  -0.000001     0.0000         56     0.2292  0.000e+00
      0.059    13.6152  -0.000001     0.0000         57     0.2333  0.000e+00
      0.061    13.6153  -0.000001     0.0000         58     0.2375  0.000e+00
      0.063    13.6153  -0.000007     0.0000         59     0.2417  0.000e+00
      0.060    13.6154  -0.000007     0.0000         60     0.2458  0.000e+00
      0.063    13.6155  -0.000007     0.0000         61     0.2500  0.000e+00
      0.063    13.6154  -0.000007     0.0000         62     0.2542  0.000e+00
      0.061    13.6155  -0.000007     0.0000         63     0.2583  0.000e+00
      0.059    13.6156  -0.000001     0.0000         64     0.2625  0.000e+00
      0.056    13.6156  -0.000007     0.0000         65     0.2667  0.000e+00
      0.059    13.6155  -0.000001     0.0000         66     0.2708  0.000e+00
      0.063    13.6155  -0.000001     0.0000         67     0.2750  0.000e+00
      0.061    13.6156  -0.000007     0.0000         68     0.2792  0.000e+00
      0.059    13.6156  -0.000007     0.0000         69     0.2833  0.000e+00
      0.061    13.6156  -0.000007     0.0000         70     0.2875  0.000e+00
      0.065    13.6156  -0.000007     0.0000         71     0.2917  0.000e+00
      0.061    13.6157  -0.000001     0.0000         72     0.2958  0.000e+00
      0.063    13.6157  -0.000007     0.0000         73     0.3000  0.000e+00
      0.059    13.6157  -0.000007     0.0000         74     0.3042  0.000e+00
      0.059    13.6158  -0.000007     0.0000         75     0.3083  0.000e+00
      0.061    13.6159  -0.000007     0.0000         76     0.3125  0.000e+00
      0.058    13.6158  -0.000007     0.0000         77     0.3167  0.000e+00
      0.061    13.6159  -0.000001     0.0000         78     0.3208  0.000e+00
      0.061    13.6159  -0.000007     0.0000         79     0.3250  0.000e+00
      0.061    13.6158  -0.000007     0.0000         80     0.3292  0.000e+00
      0.063    13.6158  -0.000007     0.0000         81     0.3333  0.000e+00
      0.060    13.6158  -0.000001     0.0000         82     0.3375  0.000e+00
      0.063    13.6158  -0.000001     0.0000         83     0.3417  0.000e+00
      0.061    13.6159  -0.000007     0.0000         84     0.3458  0.000e+00
      0.061    13.6159  -0.000007     0.0000         85     0.3500  0.000e+00
      0.065    13.6159  -0.000001     0.0000         86     0.3542  0.000e+00
      0.061    13.6159  -0.000001     0.0000         87     0.3583  0.000e+00
      0.061    13.6159  -0.000007     0.0000         88     0.3625  0.000e+00
      0.061    13.6159  -0.000007     0.0000         89     0.3667  0.000e+00
      0.063    13.6160  -0.000007     0.0000         90     0.3708  0.000e+00
      0.058    13.6161  -0.000001     0.0000         91     0.3750  0.000e+00
      0.061    13.6164  -0.000007     0.0000         92     0.3792  0.000e+00
      0.063    13.6166  -0.000007     0.0000         93     0.3833  0.000e+00
      0.061    13.6167  -0.000001     0.0000         94     0.3875  0.000e+00
      0.058    13.6169  -0.000007     0.0000         95     0.3917  0.000e+00
      0.060    13.6170  -0.000007     0.0000         96     0.3958  0.000e+00
      0.060    13.6173  -0.000007     0.0000         97     0.4000  0.000e+00
      0.058    13.6174  -0.000007     0.0000         98     0.4042  0.000e+00
      0.060    13.6176  -0.000007     0.0000         99     0.4083  0.000e+00
      0.060    13.6174  -0.000001     0.0000        100     0.4125  0.000e+00
      0.058    13.6173  -0.000007     0.0000        101     0.4167  0.000e+00
      0.061    13.6172  -0.000001     0.0000        102     0.4208  0.000e+00
      0.058    13.6172   0.000004     0.0072        103     0.4250  0.000e+00
      0.063    13.6170  -0.000001     0.0000        104     0.4292  0.000e+00
      0.061    13.6172  -0.000001     0.0000        105     0.4333  0.000e+00
      0.061    13.6170  -0.000001     0.0000        106     0.4375  0.000e+00
      0.056    13.6170  -0.000001     0.0000        107     0.4417  0.000e+00
      0.058    13.6169  -0.000007     0.0000        108     0.4458  0.000e+00
      0.061    13.6169  -0.000007     0.0000        109     0.4500  0.000e+00
      0.058    13.6170  -0.000007     0.0000        110     0.4542  0.000e+00
      0.058    13.6170  -0.000001     0.0000        111     0.4583  0.000e+00
      0.060    13.6173  -0.000007     0.0000        112     0.4625  0.000e+00
      0.060    13.6173  -0.000001     0.0000        113     0.4667  0.000e+00
      0.056    13.6174  -0.000001     0.0000        114     0.4708  0.000e+00
      0.061    13.6176  -0.000001     0.0000        115     0.4750  0.000e+00
      0.060    13.6175  -0.000001     0.0000        116     0.4792  0.000e+00
      0.060    13.6177  -0.000007     0.0000        117     0.4833  0.000e+00
      0.051    13.6178  -0.000001     0.0000        118     0.4875  0.000e+00
      0.056    13.6178  -0.000001     0.0000        119     0.4917  0.000e+00
      0.056    13.6175  -0.000007     0.0000        120     0.4958  0.000e+00
      0.065    13.6173  -0.000007     0.0000        121     0.5000  0.000e+00
      0.063    13.6170  -0.000007     0.0000        122     0.5042  0.000e+00
      0.060    13.6170  -0.000001     0.0000        123     0.5083  0.000e+00
      0.060    13.6169  -0.000001     0.0000        124     0.5125  0.000e+00
      0.063    13.6167  -0.000001     0.0000        125     0.5167  0.000e+00
      0.060    13.6167  -0.000001     0.0000        126     0.5208  0.000e+00
      0.061    13.6167  -0.000001     0.0000        127     0.5250  0.000e+00
      0.069    13.6168  -0.000007     0.0000        128     0.5292  0.000e+00
      0.069    13.6166  -0.000007     0.0000        129     0.5333  0.000e+00
      0.067    13.6168  -0.000001     0.0000        130     0.5375  0.000e+00
      0.058    13.6170  -0.000007     0.0000        131     0.5417  0.000e+00
      0.061    13.6173  -0.000001     0.0000        132     0.5458  0.000e+00
      0.063    13.6174  -0.000001     0.0000        133     0.5500  0.000e+00
      0.063    13.6173  -0.000001     0.0000        134     0.5542  0.000e+00
      0.059    13.6174  -0.000007     0.0000        135     0.5583  0.000e+00
      0.061    13.6178  -0.000001     0.0000        136     0.5625  0.000e+00
      0.063    13.6176  -0.000007     0.0000        137     0.5667  0.000e+00
      0.065    13.6179  -0.000001     0.0000        138     0.5708  0.000e+00
      0.052    13.6182  -0.000007     0.0000        139     0.5750  0.000e+00
      0.050    13.6184  -0.000001     0.0000        140     0.5792  0.000e+00
      0.056    13.6185  -0.000001     0.0000        141     0.5833  0.000e+00
      0.065    13.6185  -0.000001     0.0000        142     0.5875  0.000e+00
      0.065    13.6182  -0.000007     0.0000        143     0.5917  0.000e+00
      0.060    13.6182  -0.000001     0.0000        144     0.5958  0.000e+00
      0.060    13.6181  -0.000001     0.0000        145     0.6000  0.000e+00
      0.060    13.6182  -0.000007     0.0000        146     0.6042  0.000e+00
      0.065    13.6183  -0.000007     0.0000        147     0.6083  0.000e+00
      0.063    13.6182  -0.000001     0.0000        148     0.6125  0.000e+00
      0.060    13.6183  -0.000007     0.0000        149     0.6167  0.000e+00
      0.063    13.6184  -0.000001     0.0000        150     0.6208  0.000e+00
      0.060    13.6184  -0.000001     0.0000        151     0.6250  0.000e+00
      0.062    13.6185  -0.000007     0.0000        152     0.6292  0.000e+00
      0.060    13.6187  -0.000001     0.0000        153     0.6333  0.000e+00
      0.060    13.6187  -0.000001     0.0000        154     0.6375  0.000e+00
      0.058    13.6186  -0.000001     0.0000        155     0.6417  0.000e+00
      0.056    13.6186  -0.000007     0.0000        156     0.6458  0.000e+00
      0.060    13.6184  -0.000007     0.0000        157     0.6500  0.000e+00
      0.060    13.6183   0.000004     0.0072        158     0.6542  0.000e+00
      0.100    13.6179  -0.000012     0.0000        159     0.6583  0.000e+00
      0.210    13.6202  -0.000028     0.0000        160     0.6625  0.000e+00
      0.307    13.6471   0.441637     3.0703        161     0.6667  0.000e+00
      0.403    13.8123   1.361005    10.2336        162     0.6708  0.000e+00
      0.483    14.0588   2.194201    17.0947        163     0.6750  0.000e+00
      0.562    14.3597   2.581136    20.2649        164     0.6792  0.000e+00
      0.644    14.6459   2.066668    15.7725        165     0.6833  0.000e+00
      0.734    14.9054   1.792696    13.4187        166     0.6875  0.000e+00
      0.828    15.1325   0.677822     4.6704        167     0.6917  0.000e+00
      0.935    15.3112   0.343306     2.2518        168     0.6958  0.000e+00
      1.032    15.4307   0.870852     6.0654        169     0.7000  0.000e+00
      1.121    15.4775   1.962506    14.5955        170     0.7042  0.000e+00
      1.220    15.4526   2.674154    20.4888        171     0.7083  0.000e+00
      1.318    15.4242   3.209847    25.0712        172     0.7125  0.000e+00
      1.419    15.4230   3.614324    28.5927        173     0.7167  0.000e+00
      1.515    15.4355   3.841547    30.5871        174     0.7208  0.000e+00
      1.614    15.4624   3.814759    30.3292        175     0.7250  0.000e+00
      1.712    15.4956   3.772363    29.9293        176     0.7292  0.000e+00
      1.809    15.5325   3.786019    30.0217        177     0.7333  0.000e+00
      1.916    15.5694   3.796832    30.0888        178     0.7375  0.000e+00
      2.030    15.6104   3.756651    29.7041        179     0.7417  0.000e+00
      2.140    15.6525   3.662804    28.8502        180     0.7458  0.000e+00
      2.254    15.6872   3.505226    27.4525        181     0.7500  0.000e+00
      2.370    15.7143   3.284406    25.5272        182     0.7542  0.000e+00
      2.484    15.7307   3.166245    24.5043        183     0.7583  0.000e+00
      2.588    15.7361   3.133035    24.2174        184     0.7625  0.000e+00
      2.708    15.7372   3.149394    24.3563        185     0.7667  0.000e+00
      2.816    15.7382   3.090787    23.8559        186     0.7708  0.000e+00
      2.930    15.7402   3.161241    24.4556        187     0.7750  0.000e+00
      3.040    15.7439   3.072350    23.6955        188     0.7792  0.000e+00
      3.156    15.7488   3.071968    23.6893        189     0.7833  0.000e+00
      3.270    15.7523   2.969569    22.8183        190     0.7875  0.000e+00
      3.382    15.7545   3.099045    23.9163        191     0.7917  0.000e+00
      3.494    15.7547   3.605040    28.2720        192     0.7958  0.000e+00
      3.603    15.7549   3.620028    28.4023        193     0.8000  0.000e+00
      3.704    15.7582   3.608746    28.3017        194     0.8042  0.000e+00
      3.810    15.7638   3.565710    27.9236        195     0.8083  0.000e+00
      3.915    15.7678   3.214334    24.8920        196     0.8125  0.000e+00
      4.016    15.7672   3.070712    23.6674        197     0.8167  0.000e+00
      4.112    15.7624   3.085249    23.7939        198     0.8208  0.000e+00
      4.215    15.7585   3.026890    23.3003        199     0.8250  0.000e+00
      4.314    15.7580   2.976817    22.8761        200     0.8292  0.000e+00
      4.421    15.7573   3.007535    23.1367        201     0.8333  0.000e+00
      4.514    15.7535   3.005152    23.1187        202     0.8375  0.000e+00
      4.622    15.7466   2.984645    22.9489        203     0.8417  0.000e+00
      4.732    15.7386   2.993859    23.0316        204     0.8458  0.000e+00
      4.839    15.7305   3.003095    23.1146        205     0.8500  0.000e+00
      4.949    15.7230   3.061169    23.6124        206     0.8542  0.000e+00
      5.058    15.7162   3.041941    23.4528        207     0.8583  0.000e+00
      5.168    15.7104   3.028955    23.3458        208     0.8625  0.000e+00
      5.283    15.7050   3.024030    23.3071        209     0.8667  0.000e+00
      5.397    15.7003   3.054273    23.5670        210     0.8708  0.000e+00
      5.508    15.6960   3.079104    23.7810        211     0.8750  0.000e+00
      5.625    15.6926   3.061927    23.6367        212     0.8792  0.000e+00
      5.735    15.6897   3.060907    23.6297        213     0.8833  0.000e+00
      5.853    15.6868   3.069741    23.7067        214     0.8875  0.000e+00
      5.969    15.6835   3.072275    23.7302        215     0.8917  0.000e+00
