HB2406/sbe047.cnv
* Sea-Bird SBE 19plus V2 Data File:
* FileName = C:\cruise\data\sbe047.hex
* Software Version Seasave V 7.26.7.121
* Temperature SN = 7037
* Conductivity SN = 7037
* System UpLoad Time = Aug 16 2024 08:30:12
* NMEA Latitude = 43 52.76 N
* NMEA Longitude = 067 08.57 W
* NMEA UTC (Time) = Aug 16 2024  08:29:04
** Ship: Henry Bigelow
** Cruise:  HB2406
** Program:  ECOMON
# nquan = 7
# nvalues = 1516                                  
# units = specified
# name 0 = depSM: Depth [salt water, m]
# name 1 = tv290C: Temperature [ITS-90, deg C]
# name 2 = c0S/m: Conductivity [S/m]
# name 3 = sal00: Salinity, Practical [PSU]
# name 4 = scan: Scan Count
# name 5 = timeM: Time, Elapsed [minutes]
# name 6 = flag:  0.000e+00
# span 0 =      0.408,    141.245                 
# span 1 =     7.7827,    15.9700                 
# span 2 =   3.459871,   4.069106                 
# span 3 =    31.9688,    33.9851                 
# span 4 =         11,       1526                 
# span 5 =     0.0417,     6.3542                 
# span 6 = 0.0000e+00, 0.0000e+00                 
# interval = seconds: 0.25
# start_time = Aug 16 2024 08:29:04 [NMEA time, header]
# bad_flag = -9.990e-29
*END*
[from data line 1231]
     48.070     8.5834   3.460644    32.7093       1242     5.1708  0.000e+00
     47.877     8.5873   3.460935    32.7087       1243     5.1750  0.000e+00
     47.687     8.5917   3.461273    32.7083       1244     5.1792  0.000e+00
     47.497     8.5960   3.461542    32.7073       1245     5.1833  0.000e+00
     47.307     8.6004   3.462005    32.7082       1246     5.1875  0.000e+00
     47.114     8.6054   3.462526    32.7090       1247     5.1917  0.000e+00
     46.927     8.6112   3.464386    32.7233       1248     5.1958  0.000e+00
     46.736     8.6218   3.471606    32.7893       1249     5.2000  0.000e+00
     46.544     8.6541   3.476551    32.8113       1250     5.2042  0.000e+00
     46.354     8.7008   3.478695    32.7905       1251     5.2083  0.000e+00
     46.159     8.7431   3.479766    32.7626       1252     5.2125  0.000e+00
     45.966     8.7758   3.483236    32.7688       1253     5.2167  0.000e+00
     45.770     8.8080   3.486241    32.7704       1254     5.2208  0.000e+00
     45.575     8.8428   3.494175    32.8211       1255     5.2250  0.000e+00
     45.380     8.8886   3.497690    32.8156       1256     5.2292  0.000e+00
     45.190     8.9407   3.500959    32.8016       1257     5.2333  0.000e+00
     44.997     8.9883   3.503965    32.7890       1258     5.2375  0.000e+00
     44.803     9.0306   3.507674    32.7886       1259     5.2417  0.000e+00
     44.613     9.0721   3.512789    32.8036       1260     5.2458  0.000e+00
     44.427     9.1175   3.518339    32.8194       1261     5.2500  0.000e+00
     44.241     9.1695   3.525863    32.8495       1262     5.2542  0.000e+00
     44.051     9.2288   3.530901    32.8472       1263     5.2583  0.000e+00
     43.861     9.2915   3.533017    32.8114       1264     5.2625  0.000e+00
     43.673     9.3435   3.535475    32.7892       1265     5.2667  0.000e+00
     43.487     9.3836   3.538412    32.7827       1266     5.2708  0.000e+00
     43.306     9.4188   3.539375    32.7605       1267     5.2750  0.000e+00
     43.109     9.4470   3.540460    32.7459       1268     5.2792  0.000e+00
     42.914     9.4689   3.541303    32.7347       1269     5.2833  0.000e+00
     42.733     9.4865   3.541903    32.7249       1270     5.2875  0.000e+00
     42.543     9.4999   3.542140    32.7152       1271     5.2917  0.000e+00
     42.346     9.5093   3.542700    32.7124       1272     5.2958  0.000e+00
     42.151     9.5168   3.543000    32.7087       1273     5.3000  0.000e+00
     41.954     9.5234   3.543104    32.7038       1274     5.3042  0.000e+00
     41.758     9.5280   3.543063    32.6993       1275     5.3083  0.000e+00
     41.567     9.5310   3.543063    32.6967       1276     5.3125  0.000e+00
     41.370     9.5328   3.543877    32.7035       1277     5.3167  0.000e+00
     41.171     9.5354   3.544305    32.7055       1278     5.3208  0.000e+00
     40.983     9.5400   3.544073    32.6991       1279     5.3250  0.000e+00
     40.789     9.5428   3.543964    32.6955       1280     5.3292  0.000e+00
     40.598     9.5439   3.543640    32.6912       1281     5.3333  0.000e+00
     40.412     9.5439   3.545639    32.7119       1282     5.3375  0.000e+00
     40.227     9.5480   3.546153    32.7134       1283     5.3417  0.000e+00
     40.038     9.5553   3.545898    32.7043       1284     5.3458  0.000e+00
     39.857     9.5600   3.545378    32.6947       1285     5.3500  0.000e+00
     39.683     9.5605   3.546199    32.7028       1286     5.3542  0.000e+00
     39.495     9.5631   3.548949    32.7286       1287     5.3583  0.000e+00
     39.316     9.5721   3.551833    32.7501       1288     5.3625  0.000e+00
     39.135     9.5905   3.552712    32.7424       1289     5.3667  0.000e+00
     38.947     9.6079   3.552781    32.7273       1290     5.3708  0.000e+00
     38.763     9.6205   3.556464    32.7536       1291     5.3750  0.000e+00
     38.575     9.6424   3.560085    32.7708       1292     5.3792  0.000e+00
     38.378     9.6818   3.562718    32.7619       1293     5.3833  0.000e+00
     38.194     9.7233   3.567367    32.7716       1294     5.3875  0.000e+00
     37.998     9.7716   3.577054    32.8266       1295     5.3917  0.000e+00
     37.803     9.8460   3.578421    32.7729       1296     5.3958  0.000e+00
     37.602     9.9119   3.580201    32.7312       1297     5.4000  0.000e+00
     37.407     9.9604   3.582920    32.7149       1298     5.4042  0.000e+00
     37.205    10.0006   3.587452    32.7246       1299     5.4083  0.000e+00
     37.002    10.0436   3.591631    32.7281       1300     5.4125  0.000e+00
     36.805    10.0926   3.594685    32.7148       1301     5.4167  0.000e+00
     36.597    10.1420   3.597131    32.6950       1302     5.4208  0.000e+00
     36.404    10.1889   3.598966    32.6713       1303     5.4250  0.000e+00
     36.209    10.2283   3.600297    32.6493       1304     5.4292  0.000e+00
     36.010    10.2624   3.601197    32.6278       1305     5.4333  0.000e+00
     35.820    10.2912   3.601656    32.6066       1306     5.4375  0.000e+00
     35.635    10.3139   3.602255    32.5924       1307     5.4417  0.000e+00
     35.449    10.3314   3.603185    32.5861       1308     5.4458  0.000e+00
     35.270    10.3468   3.603818    32.5787       1309     5.4500  0.000e+00
     35.093    10.3611   3.604521    32.5731       1310     5.4542  0.000e+00
     34.912    10.3737   3.605091    32.5675       1311     5.4583  0.000e+00
     34.733    10.3853   3.605550    32.5618       1312     5.4625  0.000e+00
     34.558    10.3960   3.605969    32.5566       1313     5.4667  0.000e+00
     34.377    10.4060   3.606632    32.5544       1314     5.4708  0.000e+00
     34.207    10.4155   3.607237    32.5520       1315     5.4750  0.000e+00
     34.026    10.4250   3.607324    32.5444       1316     5.4792  0.000e+00
     33.849    10.4326   3.607498    32.5394       1317     5.4833  0.000e+00
     33.675    10.4382   3.608749    32.5470       1318     5.4875  0.000e+00
     33.489    10.4463   3.609650    32.5489       1319     5.4917  0.000e+00
     33.304    10.4569   3.609976    32.5428       1320     5.4958  0.000e+00
     33.122    10.4673   3.610808    32.5419       1321     5.5000  0.000e+00
     32.937    10.4781   3.611384    32.5381       1322     5.5042  0.000e+00
     32.753    10.4888   3.611756    32.5323       1323     5.5083  0.000e+00
     32.572    10.4980   3.612064    32.5273       1324     5.5125  0.000e+00
     32.386    10.5054   3.612769    32.5278       1325     5.5167  0.000e+00
     32.207    10.5132   3.613735    32.5307       1326     5.5208  0.000e+00
     32.025    10.5233   3.614421    32.5285       1327     5.5250  0.000e+00
     31.853    10.5343   3.615358    32.5282       1328     5.5292  0.000e+00
     31.677    10.5463   3.616104    32.5250       1329     5.5333  0.000e+00
     31.508    10.5583   3.616785    32.5212       1330     5.5375  0.000e+00
     31.332    10.5698   3.617664    32.5198       1331     5.5417  0.000e+00
     31.155    10.5820   3.618590    32.5182       1332     5.5458  0.000e+00
     30.987    10.5944   3.619655    32.5179       1333     5.5500  0.000e+00
     30.815    10.6073   3.621851    32.5284       1334     5.5542  0.000e+00
     30.633    10.6241   3.625837    32.5533       1335     5.5583  0.000e+00
     30.454    10.6517   3.630495    32.5752       1336     5.5625  0.000e+00
     30.278    10.6902   3.638126    32.6171       1337     5.5667  0.000e+00
     30.092    10.7498   3.645197    32.6344       1338     5.5708  0.000e+00
     29.906    10.8221   3.647153    32.5895       1339     5.5750  0.000e+00
     29.720    10.8843   3.648063    32.5433       1340     5.5792  0.000e+00
     29.521    10.9286   3.650593    32.5292       1341     5.5833  0.000e+00
     29.334    10.9660   3.654913    32.5389       1342     5.5875  0.000e+00
     29.145    11.0069   3.661710    32.5700       1343     5.5917  0.000e+00
     28.949    11.0587   3.669461    32.6007       1344     5.5958  0.000e+00
     28.760    11.1275   3.675682    32.6012       1345     5.6000  0.000e+00
     28.571    11.2025   3.681298    32.5903       1346     5.6042  0.000e+00
     28.380    11.2771   3.683273    32.5439       1347     5.6083  0.000e+00
     28.192    11.3385   3.684704    32.5038       1348     5.6125  0.000e+00
     27.998    11.3842   3.686822    32.4845       1349     5.6167  0.000e+00
     27.816    11.4211   3.690020    32.4834       1350     5.6208  0.000e+00
     27.640    11.4583   3.694846    32.4981       1351     5.6250  0.000e+00
     27.458    11.5009   3.696308    32.4750       1352     5.6292  0.000e+00
     27.281    11.5401   3.696442    32.4421       1353     5.6333  0.000e+00
     27.105    11.5666   3.697734    32.4315       1354     5.6375  0.000e+00
     26.930    11.5871   3.701483    32.4502       1355     5.6417  0.000e+00
     26.762    11.6127   3.705868    32.4707       1356     5.6458  0.000e+00
     26.585    11.6486   3.715187    32.5300       1357     5.6500  0.000e+00
     26.415    11.7060   3.719137    32.5183       1358     5.6542  0.000e+00
     26.238    11.7701   3.720626    32.4768       1359     5.6583  0.000e+00
     26.064    11.8210   3.723824    32.4634       1360     5.6625  0.000e+00
     25.892    11.8640   3.725762    32.4448       1361     5.6667  0.000e+00
     25.706    11.9019   3.728060    32.4340       1362     5.6708  0.000e+00
     25.522    11.9354   3.730318    32.4269       1363     5.6750  0.000e+00
     25.335    11.9661   3.732623    32.4225       1364     5.6792  0.000e+00
     25.151    11.9958   3.735778    32.4272       1365     5.6833  0.000e+00
     24.957    12.0271   3.739206    32.4332       1366     5.6875  0.000e+00
     24.764    12.0620   3.740462    32.4151       1367     5.6917  0.000e+00
     24.565    12.0928   3.741766    32.4010       1368     5.6958  0.000e+00
     24.372    12.1177   3.744334    32.4042       1369     5.7000  0.000e+00
     24.180    12.1429   3.755814    32.4930       1370     5.7042  0.000e+00
     23.983    12.1951   3.765384    32.5398       1371     5.7083  0.000e+00
     23.790    12.2763   3.770474    32.5182       1372     5.7125  0.000e+00
     23.596    12.3552   3.776213    32.5049       1373     5.7167  0.000e+00
     23.410    12.4307   3.778654    32.4630       1374     5.7208  0.000e+00
     23.226    12.4930   3.779868    32.4209       1375     5.7250  0.000e+00
     23.041    12.5390   3.782950    32.4107       1376     5.7292  0.000e+00
     22.857    12.5777   3.789082    32.4359       1377     5.7333  0.000e+00
     22.680    12.6230   3.796537    32.4679       1378     5.7375  0.000e+00
     22.499    12.6826   3.798858    32.4388       1379     5.7417  0.000e+00
     22.322    12.7375   3.801911    32.4206       1380     5.7458  0.000e+00
     22.150    12.7849   3.805197    32.4111       1381     5.7500  0.000e+00
     21.973    12.8283   3.808727    32.4074       1382     5.7542  0.000e+00
     21.794    12.8681   3.813930    32.4226       1383     5.7583  0.000e+00
     21.617    12.9138   3.817196    32.4145       1384     5.7625  0.000e+00
     21.439    12.9610   3.821059    32.4106       1385     5.7667  0.000e+00
     21.257    13.0081   3.826722    32.4238       1386     5.7708  0.000e+00
     21.072    13.0629   3.834785    32.4530       1387     5.7750  0.000e+00
     20.893    13.1290   3.847331    32.5147       1388     5.7792  0.000e+00
     20.704    13.2194   3.869074    32.6417       1389     5.7833  0.000e+00
     20.517    13.3593   3.880628    32.6303       1390     5.7875  0.000e+00
     20.320    13.5144   3.883388    32.5237       1391     5.7917  0.000e+00
     20.127    13.6360   3.888434    32.4673       1392     5.7958  0.000e+00
     19.930    13.7308   3.898175    32.4776       1393     5.8000  0.000e+00
     19.736    13.8244   3.910066    32.5085       1394     5.8042  0.000e+00
     19.545    13.9293   3.925804    32.5654       1395     5.8083  0.000e+00
     19.344    14.0575   3.928843    32.4852       1396     5.8125  0.000e+00
     19.152    14.1677   3.930166    32.4046       1397     5.8167  0.000e+00
     18.959    14.2443   3.931002    32.3481       1398     5.8208  0.000e+00
     18.771    14.2954   3.932050    32.3150       1399     5.8250  0.000e+00
     18.579    14.3305   3.934326    32.3066       1400     5.8292  0.000e+00
     18.388    14.3593   3.937049    32.3075       1401     5.8333  0.000e+00
     18.198    14.3881   3.938724    32.2989       1402     5.8375  0.000e+00
     18.014    14.4150   3.941521    32.3021       1403     5.8417  0.000e+00
     17.827    14.4421   3.947703    32.3360       1404     5.8458  0.000e+00
     17.634    14.4801   3.953550    32.3577       1405     5.8500  0.000e+00
     17.439    14.5294   3.956031    32.3392       1406     5.8542  0.000e+00
     17.254    14.5770   3.957715    32.3150       1407     5.8583  0.000e+00
     17.063    14.6143   3.958838    32.2942       1408     5.8625  0.000e+00
     16.862    14.6428   3.960245    32.2834       1409     5.8667  0.000e+00
     16.665    14.6656   3.961368    32.2748       1410     5.8708  0.000e+00
     16.464    14.6848   3.963175    32.2753       1411     5.8750  0.000e+00
     16.266    14.7035   3.965193    32.2782       1412     5.8792  0.000e+00
     16.065    14.7225   3.965712    32.2672       1413     5.8833  0.000e+00
     15.862    14.7389   3.966002    32.2563       1414     5.8875  0.000e+00
     15.658    14.7506   3.966437    32.2506       1415     5.8917  0.000e+00
     15.463    14.7601   3.967029    32.2482       1416     5.8958  0.000e+00
     15.269    14.7674   3.966932    32.2414       1417     5.9000  0.000e+00
     15.074    14.7722   3.968933    32.2556       1418     5.9042  0.000e+00
     14.877    14.7799   3.969780    32.2569       1419     5.9083  0.000e+00
     14.691    14.7908   3.972459    32.2723       1420     5.9125  0.000e+00
     14.503    14.8061   3.974364    32.2769       1421     5.9167  0.000e+00
     14.317    14.8257   3.976276    32.2780       1422     5.9208  0.000e+00
     14.134    14.8467   3.977237    32.2694       1423     5.9250  0.000e+00
     13.953    14.8656   3.978181    32.2624       1424     5.9292  0.000e+00
     13.760    14.8811   3.979077    32.2577       1425     5.9333  0.000e+00
     13.572    14.8940   3.979446    32.2504       1426     5.9375  0.000e+00
     13.389    14.9052   3.979548    32.2422       1427     5.9417  0.000e+00
     13.190    14.9125   3.979409    32.2349       1428     5.9458  0.000e+00
     12.986    14.9166   3.979596    32.2333       1429     5.9500  0.000e+00
     12.782    14.9186   3.980492    32.2399       1430     5.9542  0.000e+00
     12.574    14.9233   3.983961    32.2674       1431     5.9583  0.000e+00
     12.362    14.9385   3.991528    32.3232       1432     5.9625  0.000e+00
     12.147    14.9756   4.005616    32.4197       1433     5.9667  0.000e+00
     11.934    15.0506   4.019809    32.4855       1434     5.9708  0.000e+00
     11.717    15.1658   4.021534    32.4055       1435     5.9750  0.000e+00
     11.500    15.2614   4.022177    32.3325       1436     5.9792  0.000e+00
     11.289    15.3252   4.036041    32.4041       1437     5.9833  0.000e+00
     11.072    15.4013   4.050723    32.4728       1438     5.9875  0.000e+00
     10.866    15.5215   4.053185    32.3957       1439     5.9917  0.000e+00
     10.667    15.6231   4.055404    32.3321       1440     5.9958  0.000e+00
     10.468    15.6960   4.056056    32.2783       1441     6.0000  0.000e+00
     10.266    15.7468   4.056031    32.2366       1442     6.0042  0.000e+00
     10.079    15.7795   4.056030    32.2100       1443     6.0083  0.000e+00
      9.891    15.7980   4.055768    32.1928       1444     6.0125  0.000e+00
      9.711    15.8075   4.054785    32.1764       1445     6.0167  0.000e+00
