HB2406/sbe068.cnv
* Sea-Bird SBE 19plus V2 Data File:
* FileName = C:\cruise\data\sbe068.hex
* Software Version Seasave V 7.26.7.121
* Temperature SN = 7037
* Conductivity SN = 7037
* System UpLoad Time = Aug 18 2024 00:00:12
* NMEA Latitude = 42 09.49 N
* NMEA Longitude = 066 31.36 W
* NMEA UTC (Time) = Aug 17 2024  23:59:04
** Ship: Henry Bigelow
** Cruise:  HB2406
** Program:  ECOMON
# nquan = 7
# nvalues = 1606                                  
# units = specified
# name 0 = depSM: Depth [salt water, m]
# name 1 = tv290C: Temperature [ITS-90, deg C]
# name 2 = c0S/m: Conductivity [S/m]
# name 3 = sal00: Salinity, Practical [PSU]
# name 4 = scan: Scan Count
# name 5 = timeM: Time, Elapsed [minutes]
# name 6 = flag:  0.000e+00
# span 0 =      0.046,    138.954                 
# span 1 =     6.6033,    20.0103                 
# span 2 =   0.137343,   4.353370                 
# span 3 =     0.7685,    32.9895                 
# span 4 =         11,       1616                 
# span 5 =     0.0417,     6.7292                 
# span 6 = 0.0000e+00, 0.0000e+00                 
# interval = seconds: 0.25
# start_time = Aug 17 2024 23:59:04 [NMEA time, header]
# bad_flag = -9.990e-29
*END*
[from data line 1436]
     14.865    18.2584   4.200966    31.4962       1447     6.0250  0.000e+00
     14.623    18.3016   4.203924    31.4879       1448     6.0292  0.000e+00
     14.406    18.3424   4.208079    31.4914       1449     6.0333  0.000e+00
     14.212    18.3830   4.212446    31.4968       1450     6.0375  0.000e+00
     14.049    18.4284   4.215271    31.4857       1451     6.0417  0.000e+00
     13.907    18.4702   4.216269    31.4621       1452     6.0458  0.000e+00
     13.809    18.5023   4.218810    31.4588       1453     6.0500  0.000e+00
     13.713    18.5312   4.225130    31.4893       1454     6.0542  0.000e+00
     13.635    18.5723   4.235403    31.5434       1455     6.0583  0.000e+00
     13.556    18.6370   4.242528    31.5531       1456     6.0625  0.000e+00
     13.491    18.7107   4.247636    31.5393       1457     6.0667  0.000e+00
     13.409    18.7806   4.250104    31.5065       1458     6.0708  0.000e+00
     13.333    18.8371   4.254004    31.4957       1459     6.0750  0.000e+00
     13.237    18.8882   4.261883    31.5220       1460     6.0792  0.000e+00
     13.125    18.9482   4.266404    31.5137       1461     6.0833  0.000e+00
     12.995    19.0074   4.270733    31.5044       1462     6.0875  0.000e+00
     12.852    19.0654   4.280771    31.5431       1463     6.0917  0.000e+00
     12.691    19.1320   4.284208    31.5209       1464     6.0958  0.000e+00
     12.516    19.1974   4.286609    31.4911       1465     6.1000  0.000e+00
     12.321    19.2489   4.288462    31.4674       1466     6.1042  0.000e+00
     12.118    19.2893   4.290222    31.4514       1467     6.1083  0.000e+00
     11.903    19.3212   4.295324    31.4692       1468     6.1125  0.000e+00
     11.688    19.3561   4.299697    31.4787       1469     6.1167  0.000e+00
     11.462    19.3986   4.302578    31.4703       1470     6.1208  0.000e+00
     11.238    19.4375   4.304609    31.4576       1471     6.1250  0.000e+00
     11.008    19.4703   4.305309    31.4387       1472     6.1292  0.000e+00
     10.780    19.4960   4.311464    31.4697       1473     6.1333  0.000e+00
     10.552    19.5291   4.317997    31.4981       1474     6.1375  0.000e+00
     10.333    19.5800   4.327423    31.5365       1475     6.1417  0.000e+00
     10.106    19.6426   4.329672    31.5077       1476     6.1458  0.000e+00
      9.874    19.6965   4.342772    31.5737       1477     6.1500  0.000e+00
      9.646    19.7677   4.346926    31.5540       1478     6.1542  0.000e+00
      9.429    19.8382   4.347402    31.5049       1479     6.1583  0.000e+00
      9.209    19.8868   4.348255    31.4755       1480     6.1625  0.000e+00
      8.992    19.9196   4.348531    31.4533       1481     6.1667  0.000e+00
      8.789    19.9403   4.348681    31.4391       1482     6.1708  0.000e+00
      8.605    19.9542   4.348355    31.4262       1483     6.1750  0.000e+00
      8.430    19.9619   4.349240    31.4276       1484     6.1792  0.000e+00
      8.263    19.9686   4.349290    31.4231       1485     6.1833  0.000e+00
      8.108    19.9736   4.349265    31.4192       1486     6.1875  0.000e+00
      7.978    19.9765   4.349240    31.4169       1487     6.1917  0.000e+00
      7.864    19.9781   4.349158    31.4150       1488     6.1958  0.000e+00
      7.750    19.9793   4.349057    31.4134       1489     6.2000  0.000e+00
      7.654    19.9795   4.349007    31.4128       1490     6.2042  0.000e+00
      7.575    19.9791   4.348806    31.4116       1491     6.2083  0.000e+00
      7.488    19.9777   4.348454    31.4098       1492     6.2125  0.000e+00
      7.406    19.9759   4.348605    31.4124       1493     6.2167  0.000e+00
      7.323    19.9745   4.348856    31.4155       1494     6.2208  0.000e+00
      7.227    19.9742   4.349057    31.4174       1495     6.2250  0.000e+00
      7.130    19.9751   4.349340    31.4190       1496     6.2292  0.000e+00
      7.023    19.9762   4.349377    31.4185       1497     6.2333  0.000e+00
      6.913    19.9772   4.348555    31.4111       1498     6.2375  0.000e+00
      6.793    19.9758   4.348102    31.4086       1499     6.2417  0.000e+00
      6.658    19.9720   4.348354    31.4135       1500     6.2458  0.000e+00
      6.506    19.9698   4.347374    31.4073       1501     6.2500  0.000e+00
      6.348    19.9663   4.348027    31.4152       1502     6.2542  0.000e+00
      6.180    19.9650   4.346439    31.4034       1503     6.2583  0.000e+00
      6.012    19.9609   4.346213    31.4047       1504     6.2625  0.000e+00
      5.847    19.9561   4.349157    31.4321       1505     6.2667  0.000e+00
      5.674    19.9596   4.349641    31.4335       1506     6.2708  0.000e+00
      5.498    19.9672   4.349917    31.4300       1507     6.2750  0.000e+00
      5.318    19.9731   4.349892    31.4255       1508     6.2792  0.000e+00
      5.135    19.9769   4.349942    31.4232       1509     6.2833  0.000e+00
      4.952    19.9792   4.349766    31.4201       1510     6.2875  0.000e+00
      4.779    19.9801   4.348704    31.4109       1511     6.2917  0.000e+00
      4.614    19.9781   4.349489    31.4188       1512     6.2958  0.000e+00
      4.452    19.9776   4.348981    31.4151       1513     6.3000  0.000e+00
      4.269    19.9767   4.349364    31.4190       1514     6.3042  0.000e+00
      4.059    19.9759   4.350243    31.4267       1515     6.3083  0.000e+00
      3.842    19.9784   4.350293    31.4253       1516     6.3125  0.000e+00
      3.604    19.9809   4.350468    31.4249       1517     6.3167  0.000e+00
      3.329    19.9834   4.350745    31.4254       1518     6.3208  0.000e+00
      3.038    19.9857   4.350719    31.4235       1519     6.3250  0.000e+00
      2.754    19.9876   4.350317    31.4190       1520     6.3292  0.000e+00
      2.470    19.9874   4.349739    31.4146       1521     6.3333  0.000e+00
      2.461    19.9860   4.349940    31.4172       1522     6.3375  0.000e+00
      2.513    19.9850   4.349815    31.4169       1523     6.3417  0.000e+00
      2.600    19.9839   4.349865    31.4181       1524     6.3458  0.000e+00
      2.681    19.9830   4.350141    31.4210       1525     6.3500  0.000e+00
      2.754    19.9831   4.350167    31.4211       1526     6.3542  0.000e+00
      2.788    19.9833   4.349966    31.4194       1527     6.3583  0.000e+00
      2.822    19.9829   4.350167    31.4213       1528     6.3625  0.000e+00
      2.855    19.9829   4.350091    31.4206       1529     6.3667  0.000e+00
      2.871    19.9830   4.349991    31.4198       1530     6.3708  0.000e+00
      2.856    19.9826   4.349966    31.4198       1531     6.3750  0.000e+00
      2.835    19.9826   4.350142    31.4213       1532     6.3792  0.000e+00
      2.827    19.9826   4.350317    31.4227       1533     6.3833  0.000e+00
      2.860    19.9835   4.350292    31.4218       1534     6.3875  0.000e+00
      2.923    19.9838   4.350116    31.4201       1535     6.3917  0.000e+00
      3.008    19.9835   4.349413    31.4147       1536     6.3958  0.000e+00
      3.111    19.9812   4.349206    31.4147       1537     6.4000  0.000e+00
      3.227    19.9778   4.349438    31.4191       1538     6.4042  0.000e+00
      3.359    19.9763   4.349790    31.4230       1539     6.4083  0.000e+00
      3.487    19.9766   4.349439    31.4199       1540     6.4125  0.000e+00
      3.610    19.9761   4.348553    31.4130       1541     6.4167  0.000e+00
      3.747    19.9726   4.348629    31.4162       1542     6.4208  0.000e+00
      3.877    19.9695   4.347976    31.4132       1543     6.4250  0.000e+00
      3.982    19.9655   4.348227    31.4182       1544     6.4292  0.000e+00
      4.035    19.9628   4.349156    31.4277       1545     6.4333  0.000e+00
      4.060    19.9644   4.349263    31.4274       1546     6.4375  0.000e+00
      4.096    19.9672   4.349514    31.4273       1547     6.4417  0.000e+00
      4.152    19.9698   4.349715    31.4270       1548     6.4458  0.000e+00
      4.204    19.9722   4.349791    31.4258       1549     6.4500  0.000e+00
      4.241    19.9739   4.349816    31.4247       1550     6.4542  0.000e+00
      4.262    19.9748   4.349401    31.4206       1551     6.4583  0.000e+00
      4.288    19.9742   4.349364    31.4208       1552     6.4625  0.000e+00
      4.315    19.9734   4.349414    31.4218       1553     6.4667  0.000e+00
      4.334    19.9731   4.349464    31.4224       1554     6.4708  0.000e+00
      4.342    19.9729   4.349514    31.4229       1555     6.4750  0.000e+00
      4.318    19.9732   4.349565    31.4232       1556     6.4792  0.000e+00
      4.275    19.9730   4.349640    31.4239       1557     6.4833  0.000e+00
      4.215    19.9737   4.350142    31.4274       1558     6.4875  0.000e+00
      4.137    19.9757   4.350569    31.4295       1559     6.4917  0.000e+00
      4.034    19.9790   4.350670    31.4279       1560     6.4958  0.000e+00
      3.915    19.9815   4.350443    31.4242       1561     6.5000  0.000e+00
      3.779    19.9825   4.350343    31.4226       1562     6.5042  0.000e+00
      3.654    19.9828   4.350343    31.4225       1563     6.5083  0.000e+00
      3.544    19.9824   4.350242    31.4220       1564     6.5125  0.000e+00
      3.463    19.9824   4.350318    31.4227       1565     6.5167  0.000e+00
      3.406    19.9822   4.350318    31.4228       1566     6.5208  0.000e+00
      3.376    19.9823   4.350292    31.4226       1567     6.5250  0.000e+00
      3.365    19.9820   4.350267    31.4226       1568     6.5292  0.000e+00
      3.372    19.9819   4.350117    31.4214       1569     6.5333  0.000e+00
      3.392    19.9813   4.349865    31.4198       1570     6.5375  0.000e+00
      3.419    19.9798   4.349489    31.4179       1571     6.5417  0.000e+00
      3.437    19.9772   4.349690    31.4214       1572     6.5458  0.000e+00
      3.439    19.9758   4.349966    31.4248       1573     6.5500  0.000e+00
      3.426    19.9759   4.349665    31.4222       1574     6.5542  0.000e+00
      3.408    19.9756   4.349840    31.4239       1575     6.5583  0.000e+00
      3.384    19.9753   4.349891    31.4245       1576     6.5625  0.000e+00
      3.363    19.9755   4.349891    31.4244       1577     6.5667  0.000e+00
      3.341    19.9759   4.349916    31.4243       1578     6.5708  0.000e+00
      3.319    19.9763   4.349815    31.4232       1579     6.5750  0.000e+00
      3.337    19.9763   4.349866    31.4236       1580     6.5792  0.000e+00
      3.384    19.9764   4.349206    31.4182       1581     6.5833  0.000e+00
      3.455    19.9744   4.348905    31.4172       1582     6.5875  0.000e+00
      3.520    19.9710   4.348679    31.4179       1583     6.5917  0.000e+00
      3.580    19.9680   4.349081    31.4234       1584     6.5958  0.000e+00
      3.630    19.9670   4.349181    31.4249       1585     6.6000  0.000e+00
      3.679    19.9672   4.349206    31.4249       1586     6.6042  0.000e+00
      3.733    19.9678   4.349156    31.4241       1587     6.6083  0.000e+00
      3.762    19.9681   4.349514    31.4268       1588     6.6125  0.000e+00
      3.780    19.9690   4.349665    31.4273       1589     6.6167  0.000e+00
      3.795    19.9705   4.349966    31.4285       1590     6.6208  0.000e+00
      3.798    19.9726   4.349991    31.4272       1591     6.6250  0.000e+00
      3.818    19.9741   4.349790    31.4245       1592     6.6292  0.000e+00
      3.836    19.9742   4.349765    31.4242       1593     6.6333  0.000e+00
      3.854    19.9743   4.349740    31.4239       1594     6.6375  0.000e+00
      3.881    19.9742   4.349740    31.4240       1595     6.6417  0.000e+00
      3.910    19.9740   4.349715    31.4239       1596     6.6458  0.000e+00
      3.847    19.9740   4.351932    31.4418       1597     6.6500  0.000e+00
      3.675    19.9802   4.353370    31.4488       1598     6.6542  0.000e+00
      3.454    19.9917   4.353012    31.4374       1599     6.6583  0.000e+00
      3.237    19.9992   4.353295    31.4342       1600     6.6625  0.000e+00
      3.069    20.0043   4.353320    31.4307       1601     6.6667  0.000e+00
      2.930    20.0075   4.353345    31.4285       1602     6.6708  0.000e+00
      2.764    20.0097   4.353194    31.4257       1603     6.6750  0.000e+00
      2.567    20.0103   4.353087    31.4244       1604     6.6792  0.000e+00
      2.364    20.0101   4.352006    31.4159       1605     6.6833  0.000e+00
      2.167    20.0068   4.350794    31.4087       1606     6.6875  0.000e+00
      1.963    19.9999   4.350970    31.4154       1607     6.6917  0.000e+00
      1.746    19.9948   4.350920    31.4188       1608     6.6958  0.000e+00
      1.482    19.9919   4.350568    31.4182       1609     6.7000  0.000e+00
      1.216    19.9890   4.350467    31.4196       1610     6.7042  0.000e+00
      0.965    19.9866   4.350718    31.4236       1611     6.7083  0.000e+00
      0.844    19.9857   4.351120    31.4276       1612     6.7125  0.000e+00
      0.730    19.9868   4.350970    31.4255       1613     6.7167  0.000e+00
      0.592    19.9873   4.351020    31.4256       1614     6.7208  0.000e+00
      0.430    19.9876   4.350743    31.4232       1615     6.7250  0.000e+00
      0.267    19.9873   4.350794    31.4239       1616     6.7292  0.000e+00
