HB2406/sbe030.cnv
* Sea-Bird SBE 19plus V2 Data File:
* FileName = C:\cruise\data\sbe030.hex
* Software Version Seasave V 7.26.7.121
* Temperature SN = 7037
* Conductivity SN = 7037
* System UpLoad Time = Aug 14 2024 22:24:21
* NMEA Latitude = 41 43.03 N
* NMEA Longitude = 066 29.85 W
* NMEA UTC (Time) = Aug 14 2024  22:23:12
** Ship: Henry Bigelow
** Cruise:  HB2406
** Program:  ECOMON
# nquan = 7
# nvalues = 1872                                  
# units = specified
# name 0 = depSM: Depth [salt water, m]
# name 1 = tv290C: Temperature [ITS-90, deg C]
# name 2 = c0S/m: Conductivity [S/m]
# name 3 = sal00: Salinity, Practical [PSU]
# name 4 = scan: Scan Count
# name 5 = timeM: Time, Elapsed [minutes]
# name 6 = flag:  0.000e+00
# span 0 =      0.009,     71.141                 
# span 1 =     9.8400,    20.3414                 
# span 2 =   0.000009,   4.376389                 
# span 3 =     0.0097,    32.3988                 
# span 4 =         11,       1882                 
# span 5 =     0.0417,     7.8375                 
# span 6 = 0.0000e+00, 0.0000e+00                 
# interval = seconds: 0.25
# start_time = Aug 14 2024 22:23:12 [NMEA time, header]
# bad_flag = -9.990e-29
*END*
[from data line 206]
     24.816    16.7902   4.056291    31.4004        217     0.9000  0.000e+00
     24.969    16.5550   3.903461    30.2624        218     0.9042  0.000e+00
     25.127    15.8139   3.886987    30.6859        219     0.9083  0.000e+00
     25.280    15.1584   3.878756    31.1272        220     0.9125  0.000e+00
     25.429    14.7017   3.872522    31.4369        221     0.9167  0.000e+00
     25.577    14.3911   3.864323    31.6147        222     0.9208  0.000e+00
     25.727    14.1657   3.861300    31.7718        223     0.9250  0.000e+00
     25.873    14.0075   3.858301    31.8749        224     0.9292  0.000e+00
     26.014    13.8986   3.856324    31.9469        225     0.9333  0.000e+00
     26.154    13.8224   3.853881    31.9878        226     0.9375  0.000e+00
     26.297    13.7656   3.852084    32.0185        227     0.9417  0.000e+00
     26.438    13.7209   3.848681    32.0243        228     0.9458  0.000e+00
     26.579    13.6798   3.847391    32.0467        229     0.9500  0.000e+00
     26.723    13.6443   3.846347    32.0666        230     0.9542  0.000e+00
     26.861    13.6164   3.844652    32.0742        231     0.9583  0.000e+00
     27.004    13.5913   3.843656    32.0860        232     0.9625  0.000e+00
     27.148    13.5701   3.842934    32.0970        233     0.9667  0.000e+00
     27.293    13.5539   3.842797    32.1092        234     0.9708  0.000e+00
     27.438    13.5421   3.841807    32.1099        235     0.9750  0.000e+00
     27.582    13.5313   3.841103    32.1123        236     0.9792  0.000e+00
     27.727    13.5207   3.840447    32.1151        237     0.9833  0.000e+00
     27.873    13.5113   3.840179    32.1205        238     0.9875  0.000e+00
     28.020    13.5041   3.840537    32.1298        239     0.9917  0.000e+00
     28.166    13.5005   3.838801    32.1166        240     0.9958  0.000e+00
     28.306    13.4937   3.838712    32.1214        241     1.0000  0.000e+00
     28.443    13.4856   3.836929    32.1115        242     1.0042  0.000e+00
     28.588    13.4745   3.835814    32.1104        243     1.0083  0.000e+00
     28.732    13.4610   3.835098    32.1151        244     1.0125  0.000e+00
     28.872    13.4490   3.834019    32.1150        245     1.0167  0.000e+00
     29.009    13.4373   3.832017    32.1061        246     1.0208  0.000e+00
     29.146    13.4203   3.830479    32.1061        247     1.0250  0.000e+00
     29.286    13.4017   3.828114    32.0996        248     1.0292  0.000e+00
     29.423    13.3802   3.825660    32.0947        249     1.0333  0.000e+00
     29.564    13.3552   3.823010    32.0910        250     1.0375  0.000e+00
     29.700    13.3271   3.818361    32.0711        251     1.0417  0.000e+00
     29.846    13.2875   3.811186    32.0373        252     1.0458  0.000e+00
     29.993    13.2301   3.805996    32.0369        253     1.0500  0.000e+00
     30.143    13.1667   3.799681    32.0311        254     1.0542  0.000e+00
     30.298    13.0991   3.795845    32.0521        255     1.0583  0.000e+00
     30.448    13.0366   3.790658    32.0560        256     1.0625  0.000e+00
     30.602    12.9732   3.786660    32.0719        257     1.0667  0.000e+00
     30.768    12.9142   3.783600    32.0930        258     1.0708  0.000e+00
     30.929    12.8630   3.781840    32.1198        259     1.0750  0.000e+00
     31.096    12.8213   3.774948    32.0899        260     1.0792  0.000e+00
     31.264    12.7690   3.771578    32.1024        261     1.0833  0.000e+00
     31.435    12.7143   3.768009    32.1150        262     1.0875  0.000e+00
     31.609    12.6654   3.771396    32.1888        263     1.0917  0.000e+00
     31.782    12.6432   3.769401    32.1887        264     1.0958  0.000e+00
     31.954    12.6265   3.763891    32.1506        265     1.1000  0.000e+00
     32.128    12.5961   3.764631    32.1835        266     1.1042  0.000e+00
     32.298    12.5727   3.759496    32.1545        267     1.1083  0.000e+00
     32.466    12.5399   3.753235    32.1229        268     1.1125  0.000e+00
     32.634    12.4915   3.748260    32.1167        269     1.1167  0.000e+00
     32.793    12.4369   3.742108    32.1046        270     1.1208  0.000e+00
     32.954    12.3750   3.734313    32.0830        271     1.1250  0.000e+00
     33.108    12.3014   3.728718    32.0924        272     1.1292  0.000e+00
     33.261    12.2275   3.725825    32.1279        273     1.1333  0.000e+00
     33.411    12.1646   3.722909    32.1539        274     1.1375  0.000e+00
     33.560    12.1126   3.721567    32.1857        275     1.1417  0.000e+00
     33.706    12.0732   3.718711    32.1921        276     1.1458  0.000e+00
     33.851    12.0382   3.715980    32.1959        277     1.1500  0.000e+00
     33.994    12.0052   3.714085    32.2060        278     1.1542  0.000e+00
     34.137    11.9754   3.712690    32.2182        279     1.1583  0.000e+00
     34.278    11.9492   3.708814    32.2034        280     1.1625  0.000e+00
     34.413    11.9189   3.705650    32.1989        281     1.1667  0.000e+00
     34.558    11.8852   3.704692    32.2187        282     1.1708  0.000e+00
     34.699    11.8581   3.701994    32.2160        283     1.1750  0.000e+00
     34.842    11.8307   3.699720    32.2177        284     1.1792  0.000e+00
     34.979    11.8033   3.698974    32.2341        285     1.1833  0.000e+00
     35.122    11.7803   3.697694    32.2416        286     1.1875  0.000e+00
     35.271    11.7621   3.698252    32.2627        287     1.1917  0.000e+00
     35.423    11.7506   3.694305    32.2344        288     1.1958  0.000e+00
     35.573    11.7307   3.693107    32.2399        289     1.2000  0.000e+00
     35.725    11.7108   3.693465    32.2606        290     1.2042  0.000e+00
     35.876    11.6985   3.690278    32.2402        291     1.2083  0.000e+00
     36.032    11.6805   3.688646    32.2399        292     1.2125  0.000e+00
     36.184    11.6593   3.686534    32.2378        293     1.2167  0.000e+00
     36.339    11.6372   3.683800    32.2303        294     1.2208  0.000e+00
     36.486    11.6112   3.682797    32.2431        295     1.2250  0.000e+00
     36.636    11.5886   3.681067    32.2458        296     1.2292  0.000e+00
     36.777    11.5668   3.679115    32.2457        297     1.2333  0.000e+00
     36.920    11.5447   3.677861    32.2527        298     1.2375  0.000e+00
     37.057    11.5239   3.675733    32.2500        299     1.2417  0.000e+00
     37.193    11.5021   3.674098    32.2529        300     1.2458  0.000e+00
     37.332    11.4810   3.672189    32.2526        301     1.2500  0.000e+00
     37.471    11.4586   3.669149    32.2424        302     1.2542  0.000e+00
     37.607    11.4326   3.668253    32.2563        303     1.2583  0.000e+00
     37.751    11.4100   3.667849    32.2720        304     1.2625  0.000e+00
     37.891    11.3943   3.667246    32.2797        305     1.2667  0.000e+00
     38.037    11.3828   3.663763    32.2556        306     1.2708  0.000e+00
     38.180    11.3628   3.662487    32.2605        307     1.2750  0.000e+00
     38.328    11.3428   3.658989    32.2436        308     1.2792  0.000e+00
     38.480    11.3163   3.656088    32.2383        309     1.2833  0.000e+00
     38.628    11.2861   3.654000    32.2441        310     1.2875  0.000e+00
     38.784    11.2565   3.651218    32.2426        311     1.2917  0.000e+00
     38.949    11.2277   3.647619    32.2324        312     1.2958  0.000e+00
     39.108    11.1942   3.644727    32.2332        313     1.3000  0.000e+00
     39.271    11.1589   3.642374    32.2409        314     1.3042  0.000e+00
     39.433    11.1258   3.639630    32.2428        315     1.3083  0.000e+00
     39.596    11.0945   3.638609    32.2601        316     1.3125  0.000e+00
     39.759    11.0678   3.635534    32.2532        317     1.3167  0.000e+00
     39.923    11.0409   3.631555    32.2374        318     1.3208  0.000e+00
     40.081    11.0082   3.629147    32.2422        319     1.3250  0.000e+00
     40.231    10.9752   3.627340    32.2533        320     1.3292  0.000e+00
     40.372    10.9472   3.627096    32.2754        321     1.3333  0.000e+00
     40.498    10.9272   3.624712    32.2694        322     1.3375  0.000e+00
     40.627    10.9064   3.621997    32.2607        323     1.3417  0.000e+00
     40.744    10.8834   3.619847    32.2597        324     1.3458  0.000e+00
     40.862    10.8585   3.615754    32.2409        325     1.3500  0.000e+00
     40.981    10.8284   3.612174    32.2319        326     1.3542  0.000e+00
     41.095    10.7924   3.610196    32.2439        327     1.3583  0.000e+00
     41.211    10.7597   3.608881    32.2596        328     1.3625  0.000e+00
     41.327    10.7333   3.607829    32.2724        329     1.3667  0.000e+00
     41.444    10.7115   3.606823    32.2816        330     1.3708  0.000e+00
     41.567    10.6932   3.606142    32.2909        331     1.3750  0.000e+00
     41.695    10.6787   3.605509    32.2974        332     1.3792  0.000e+00
     41.820    10.6674   3.605683    32.3090        333     1.3833  0.000e+00
     41.954    10.6602   3.606184    32.3203        334     1.3875  0.000e+00
     42.099    10.6570   3.605067    32.3120        335     1.3917  0.000e+00
     42.240    10.6527   3.604759    32.3126        336     1.3958  0.000e+00
     42.391    10.6478   3.606382    32.3331        337     1.4000  0.000e+00
     42.541    10.6489   3.604846    32.3168        338     1.4042  0.000e+00
     42.690    10.6463   3.603143    32.3020        339     1.4083  0.000e+00
     42.842    10.6376   3.601742    32.2957        340     1.4125  0.000e+00
     42.995    10.6262   3.600207    32.2904        341     1.4167  0.000e+00
     43.140    10.6124   3.599138    32.2919        342     1.4208  0.000e+00
     43.283    10.5981   3.597651    32.2896        343     1.4250  0.000e+00
     43.420    10.5838   3.595484    32.2807        344     1.4292  0.000e+00
     43.556    10.5656   3.592086    32.2627        345     1.4333  0.000e+00
     43.686    10.5413   3.588969    32.2531        346     1.4375  0.000e+00
     43.807    10.5123   3.585852    32.2475        347     1.4417  0.000e+00
     43.923    10.4800   3.582806    32.2456        348     1.4458  0.000e+00
     44.042    10.4457   3.580829    32.2562        349     1.4500  0.000e+00
     44.156    10.4148   3.578631    32.2615        350     1.4542  0.000e+00
     44.267    10.3858   3.576788    32.2686        351     1.4583  0.000e+00
     44.373    10.3588   3.575229    32.2770        352     1.4625  0.000e+00
     44.486    10.3346   3.573641    32.2825        353     1.4667  0.000e+00
     44.596    10.3130   3.573450    32.2997        354     1.4708  0.000e+00
     44.712    10.2967   3.571475    32.2943        355     1.4750  0.000e+00
     44.827    10.2797   3.570722    32.3018        356     1.4792  0.000e+00
     44.948    10.2643   3.570392    32.3121        357     1.4833  0.000e+00
     45.071    10.2530   3.570328    32.3216        358     1.4875  0.000e+00
     45.200    10.2455   3.570896    32.3338        359     1.4917  0.000e+00
     45.328    10.2425   3.572148    32.3491        360     1.4958  0.000e+00
     45.467    10.2449   3.570415    32.3294        361     1.5000  0.000e+00
     45.601    10.2434   3.569182    32.3183        362     1.5042  0.000e+00
     45.739    10.2352   3.568035    32.3140        363     1.5083  0.000e+00
     45.881    10.2251   3.567624    32.3188        364     1.5125  0.000e+00
     46.014    10.2156   3.567213    32.3231        365     1.5167  0.000e+00
     46.153    10.2080   3.567103    32.3286        366     1.5208  0.000e+00
     46.288    10.2023   3.566044    32.3231        367     1.5250  0.000e+00
     46.419    10.1949   3.565806    32.3272        368     1.5292  0.000e+00
     46.551    10.1884   3.564857    32.3234        369     1.5333  0.000e+00
     46.679    10.1810   3.563948    32.3207        370     1.5375  0.000e+00
     46.802    10.1717   3.563688    32.3263        371     1.5417  0.000e+00
     46.925    10.1638   3.562652    32.3229        372     1.5458  0.000e+00
     47.042    10.1547   3.562264    32.3270        373     1.5500  0.000e+00
     47.165    10.1466   3.561940    32.3310        374     1.5542  0.000e+00
     47.288    10.1404   3.561767    32.3347        375     1.5583  0.000e+00
     47.408    10.1357   3.561813    32.3393        376     1.5625  0.000e+00
     47.531    10.1325   3.561657    32.3405        377     1.5667  0.000e+00
     47.654    10.1305   3.561726    32.3429        378     1.5708  0.000e+00
     47.777    10.1291   3.561680    32.3437        379     1.5750  0.000e+00
     47.905    10.1285   3.561790    32.3453        380     1.5792  0.000e+00
     48.035    10.1285   3.561813    32.3454        381     1.5833  0.000e+00
     48.163    10.1285   3.561617    32.3434        382     1.5875  0.000e+00
     48.295    10.1279   3.561379    32.3415        383     1.5917  0.000e+00
     48.433    10.1268   3.561252    32.3412        384     1.5958  0.000e+00
     48.563    10.1250   3.560535    32.3355        385     1.6000  0.000e+00
     48.695    10.1212   3.560170    32.3351        386     1.6042  0.000e+00
     48.838    10.1167   3.560060    32.3379        387     1.6083  0.000e+00
     48.968    10.1131   3.560280    32.3433        388     1.6125  0.000e+00
     49.100    10.1114   3.559760    32.3395        389     1.6167  0.000e+00
     49.238    10.1089   3.559331    32.3374        390     1.6208  0.000e+00
     49.371    10.1051   3.559170    32.3391        391     1.6250  0.000e+00
     49.502    10.1015   3.558875    32.3393        392     1.6292  0.000e+00
     49.630    10.0982   3.558747    32.3408        393     1.6333  0.000e+00
     49.757    10.0951   3.558273    32.3388        394     1.6375  0.000e+00
     49.878    10.0914   3.558227    32.3416        395     1.6417  0.000e+00
     49.993    10.0885   3.557712    32.3389        396     1.6458  0.000e+00
     50.109    10.0849   3.557191    32.3368        397     1.6500  0.000e+00
     50.230    10.0803   3.556937    32.3383        398     1.6542  0.000e+00
     50.348    10.0754   3.556804    32.3413        399     1.6583  0.000e+00
     50.466    10.0717   3.556700    32.3435        400     1.6625  0.000e+00
     50.585    10.0690   3.556654    32.3454        401     1.6667  0.000e+00
     50.702    10.0668   3.556313    32.3438        402     1.6708  0.000e+00
     50.816    10.0646   3.556567    32.3484        403     1.6750  0.000e+00
     50.930    10.0634   3.556290    32.3466        404     1.6792  0.000e+00
     51.046    10.0622   3.555920    32.3439        405     1.6833  0.000e+00
     51.164    10.0594   3.555665    32.3437        406     1.6875  0.000e+00
     51.279    10.0566   3.555578    32.3453        407     1.6917  0.000e+00
     51.390    10.0539   3.555382    32.3457        408     1.6958  0.000e+00
     51.507    10.0514   3.555191    32.3460        409     1.7000  0.000e+00
     51.616    10.0488   3.555191    32.3482        410     1.7042  0.000e+00
     51.726    10.0470   3.555191    32.3498        411     1.7083  0.000e+00
     51.835    10.0459   3.555232    32.3511        412     1.7125  0.000e+00
     51.949    10.0454   3.554972    32.3489        413     1.7167  0.000e+00
     52.057    10.0440   3.554781    32.3481        414     1.7208  0.000e+00
     52.169    10.0420   3.554717    32.3493        415     1.7250  0.000e+00
     52.283    10.0399   3.554544    32.3494        416     1.7292  0.000e+00
     52.395    10.0382   3.554434    32.3497        417     1.7333  0.000e+00
     52.513    10.0365   3.554307    32.3499        418     1.7375  0.000e+00
     52.627    10.0345   3.554197    32.3505        419     1.7417  0.000e+00
     52.743    10.0329   3.554029    32.3502        420     1.7458  0.000e+00
