HB2406/sbe039.cnv
* Sea-Bird SBE 19plus V2 Data File:
* FileName = C:\cruise\data\sbe039.hex
* Software Version Seasave V 7.26.7.121
* Temperature SN = 7037
* Conductivity SN = 7037
* System UpLoad Time = Aug 15 2024 12:59:00
* NMEA Latitude = 42 13.12 N
* NMEA Longitude = 065 45.56 W
* NMEA UTC (Time) = Aug 15 2024  12:57:51
** Ship: Henry Bigelow
** Cruise:  HB2406
** Program:  ECOMON
# nquan = 7
# nvalues = 4702                                  
# units = specified
# name 0 = depSM: Depth [salt water, m]
# name 1 = tv290C: Temperature [ITS-90, deg C]
# name 2 = c0S/m: Conductivity [S/m]
# name 3 = sal00: Salinity, Practical [PSU]
# name 4 = scan: Scan Count
# name 5 = timeM: Time, Elapsed [minutes]
# name 6 = flag:  0.000e+00
# span 0 =     -0.003,    200.140                 
# span 1 =     4.0037,    16.4974                 
# span 2 =  -0.000044,   4.084044                 
# span 3 =     0.0000,    35.4883                 
# span 4 =         11,       4712                 
# span 5 =     0.0417,    19.6292                 
# span 6 = 0.0000e+00, 0.0000e+00                 
# interval = seconds: 0.25
# start_time = Aug 15 2024 12:57:51 [NMEA time, header]
# bad_flag = -9.990e-29
*END*
[from data line 4513]
      4.193    15.8315   4.018611    31.8392       4524    18.8458  0.000e+00
      4.104    15.8978   4.020135    31.7994       4525    18.8500  0.000e+00
      4.019    15.9500   4.019752    31.7542       4526    18.8542  0.000e+00
      3.949    15.9827   4.026208    31.7849       4527    18.8583  0.000e+00
      3.882    16.0213   4.020255    31.7016       4528    18.8625  0.000e+00
      3.824    16.0379   4.018942    31.6769       4529    18.8667  0.000e+00
      3.777    16.0322   4.026183    31.7451       4530    18.8708  0.000e+00
      3.728    16.0524   4.029869    31.7613       4531    18.8750  0.000e+00
      3.694    16.0874   4.028476    31.7211       4532    18.8792  0.000e+00
      3.654    16.1056   4.024388    31.6708       4533    18.8833  0.000e+00
      3.614    16.1025   4.024139    31.6711       4534    18.8875  0.000e+00
      3.571    16.0954   4.021281    31.6517       4535    18.8917  0.000e+00
      3.529    16.0804   4.024936    31.6957       4536    18.8958  0.000e+00
      3.471    16.0792   4.026322    31.7089       4537    18.9000  0.000e+00
      3.404    16.0881   4.025155    31.6915       4538    18.9042  0.000e+00
      3.332    16.0916   4.031524    31.7447       4539    18.9083  0.000e+00
      3.244    16.1130   4.032357    31.7349       4540    18.9125  0.000e+00
      3.146    16.1384   4.029819    31.6924       4541    18.9167  0.000e+00
      3.050    16.1472   4.031328    31.6987       4542    18.9208  0.000e+00
      2.945    16.1513   4.037640    31.7508       4543    18.9250  0.000e+00
      2.846    16.1782   4.039217    31.7432       4544    18.9292  0.000e+00
      2.764    16.2087   4.040130    31.7269       4545    18.9333  0.000e+00
      2.690    16.2292   4.040587    31.7146       4546    18.9375  0.000e+00
      2.622    16.2482   4.040605    31.6996       4547    18.9417  0.000e+00
      2.564    16.2586   4.040227    31.6881       4548    18.9458  0.000e+00
      2.515    16.2647   4.039003    31.6726       4549    18.9500  0.000e+00
      2.475    16.2623   4.039746    31.6809       4550    18.9542  0.000e+00
      2.441    16.2617   4.043188    31.7115       4551    18.9583  0.000e+00
      2.412    16.2743   4.041622    31.6878       4552    18.9625  0.000e+00
      2.381    16.2816   4.042316    31.6881       4553    18.9667  0.000e+00
      2.350    16.2849   4.045612    31.7143       4554    18.9708  0.000e+00
      2.314    16.3000   4.045978    31.7055       4555    18.9750  0.000e+00
      2.265    16.3138   4.046788    31.7016       4556    18.9792  0.000e+00
      2.211    16.3257   4.045466    31.6806       4557    18.9833  0.000e+00
      2.151    16.3294   4.045563    31.6785       4558    18.9875  0.000e+00
      2.075    16.3300   4.045654    31.6789       4559    18.9917  0.000e+00
      1.999    16.3306   4.045295    31.6753       4560    18.9958  0.000e+00
      1.907    16.3303   4.046428    31.6855       4561    19.0000  0.000e+00
      1.808    16.3337   4.050360    31.7171       4562    19.0042  0.000e+00
      1.699    16.3499   4.047751    31.6815       4563    19.0083  0.000e+00
      1.582    16.3569   4.045800    31.6590       4564    19.0125  0.000e+00
      1.471    16.3506   4.046598    31.6710       4565    19.0167  0.000e+00
      1.354    16.3460   4.047909    31.6861       4566    19.0208  0.000e+00
      1.251    16.3487   4.047799    31.6831       4567    19.0250  0.000e+00
      1.153    16.3523   4.050378    31.7028       4568    19.0292  0.000e+00
      1.068    16.3631   4.051810    31.7067       4569    19.0333  0.000e+00
      0.994    16.3785   4.053127    31.7060       4570    19.0375  0.000e+00
      0.949    16.3937   4.056311    31.7216       4571    19.0417  0.000e+00
      0.895    16.4154   4.057006    31.7105       4572    19.0458  0.000e+00
      0.849    16.4343   4.057220    31.6974       4573    19.0500  0.000e+00
      0.763    16.4478   4.056963    31.6845       4574    19.0542  0.000e+00
      0.687    16.4559   4.058190    31.6888       4575    19.0583  0.000e+00
      0.627    16.4651   4.059306    31.6912       4576    19.0625  0.000e+00
      0.569    16.4747   4.058677    31.6781       4577    19.0667  0.000e+00
      0.491    16.4807   4.059397    31.6797       4578    19.0708  0.000e+00
      0.421    16.4853   4.059617    31.6780       4579    19.0750  0.000e+00
      0.365    16.4900   4.059928    31.6769       4580    19.0792  0.000e+00
      0.350    16.4942   4.059666    31.6714       4581    19.0833  0.000e+00
      0.350    16.4961   4.059641    31.6696       4582    19.0875  0.000e+00
      0.341    16.4965   4.059788    31.6706       4583    19.0917  0.000e+00
      0.330    16.4974   4.059422    31.6667       4584    19.0958  0.000e+00
      0.312    16.4966   4.059348    31.6667       4585    19.1000  0.000e+00
      0.269    16.4954   4.059348    31.6677       4586    19.1042  0.000e+00
      0.215    16.4946   4.059470    31.6694       4587    19.1083  0.000e+00
      0.139    16.4942   4.059037    31.6659       4588    19.1125  0.000e+00
      0.090    16.4929   4.058933    31.6661       4589    19.1167  0.000e+00
      0.030    16.4912   2.417876    17.8739       4590    19.1208  0.000e+00
      0.001    16.4891   0.733119     4.9105       4591    19.1250  0.000e+00
      0.003    16.4793   0.418084     2.6966       4592    19.1292  0.000e+00
     -0.000    16.4593   0.302598     1.9145       4593    19.1333  0.000e+00
     -0.002    16.4315   0.251529     1.5758       4594    19.1375  0.000e+00
     -0.002    16.4035   0.225297     1.4039       4595    19.1417  0.000e+00
     -0.000    16.3847   0.198563     1.2295       4596    19.1458  0.000e+00
     -0.000    16.3742   0.184597     1.1390       4597    19.1500  0.000e+00
     -0.000    16.3672   0.174849     1.0761       4598    19.1542  0.000e+00
      0.001    16.3621   0.161106     0.9876       4599    19.1583  0.000e+00
      0.001    16.3576   0.148921     0.9095       4600    19.1625  0.000e+00
     -0.001    16.3536   0.141089     0.8595       4601    19.1667  0.000e+00
      0.005    16.3491   0.132379     0.8041       4602    19.1708  0.000e+00
      0.001    16.3449   0.122941     0.7444       4603    19.1750  0.000e+00
      0.003    16.3402   0.115898     0.6999       4604    19.1792  0.000e+00
     -0.001    16.3350   0.110713     0.6674       4605    19.1833  0.000e+00
     -0.002    16.3296   0.103695     0.6234       4606    19.1875  0.000e+00
     -0.001    16.3238   0.097746     0.5862       4607    19.1917  0.000e+00
      0.005    16.3176   0.095692     0.5735       4608    19.1958  0.000e+00
      0.001    16.3113   0.093566     0.5603       4609    19.2000  0.000e+00
      0.001    16.3046   0.088859     0.5311       4610    19.2042  0.000e+00
     -0.003    16.2979   0.083864     0.5002       4611    19.2083  0.000e+00
      0.001    16.2912   0.081959     0.4885       4612    19.2125  0.000e+00
      0.005    16.2840   0.081737     0.4872       4613    19.2167  0.000e+00
      0.001    16.2772   0.078382     0.4665       4614    19.2208  0.000e+00
      0.001    16.2697   0.074522     0.4428       4615    19.2250  0.000e+00
     -0.001    16.2621   0.071632     0.4251       4616    19.2292  0.000e+00
      0.004    16.2550   0.070368     0.4174       4617    19.2333  0.000e+00
      0.004    16.2474   0.068616     0.4067       4618    19.2375  0.000e+00
      0.004    16.2401   0.065321     0.3866       4619    19.2417  0.000e+00
      0.006    16.2327   0.063061     0.3728       4620    19.2458  0.000e+00
      0.004    16.2251   0.061785     0.3651       4621    19.2500  0.000e+00
      0.004    16.2174   0.058831     0.3471       4622    19.2542  0.000e+00
      0.010    16.2098   0.055861     0.3291       4623    19.2583  0.000e+00
      0.006    16.2013   0.055054     0.3243       4624    19.2625  0.000e+00
      0.006    16.1931   0.051859     0.3050       4625    19.2667  0.000e+00
      0.004    16.1846   0.046509     0.2727       4626    19.2708  0.000e+00
      0.008    16.1759   0.024885     0.1444       4627    19.2750  0.000e+00
      0.011    16.1677   0.020914     0.1213       4628    19.2792  0.000e+00
      0.013    16.1599   0.019611     0.1138       4629    19.2833  0.000e+00
      0.013    16.1522   0.018034     0.1048       4630    19.2875  0.000e+00
      0.015    16.1451   0.016324     0.0950       4631    19.2917  0.000e+00
      0.017    16.1378   0.015239     0.0888       4632    19.2958  0.000e+00
      0.017    16.1307   0.014209     0.0830       4633    19.3000  0.000e+00
      0.017    16.1235   0.013292     0.0778       4634    19.3042  0.000e+00
      0.020    16.1165   0.012491     0.0733       4635    19.3083  0.000e+00
      0.020    16.1096   0.011712     0.0689       4636    19.3125  0.000e+00
      0.019    16.1027   0.010872     0.0642       4637    19.3167  0.000e+00
      0.024    16.0958   0.010233     0.0606       4638    19.3208  0.000e+00
      0.024    16.0891   0.009822     0.0584       4639    19.3250  0.000e+00
      0.022    16.0824   0.009312     0.0555       4640    19.3292  0.000e+00
      0.022    16.0755   0.008875     0.0531       4641    19.3333  0.000e+00
      0.026    16.0689   0.008454     0.0508       4642    19.3375  0.000e+00
      0.020    16.0622   0.008108     0.0489       4643    19.3417  0.000e+00
      0.026    16.0556   0.007773     0.0471       4644    19.3458  0.000e+00
      0.017    16.0492   0.007264     0.0443       4645    19.3500  0.000e+00
      0.018    16.0424   0.006693     0.0412       4646    19.3542  0.000e+00
      0.022    16.0360   0.005957     0.0372       4647    19.3583  0.000e+00
      0.022    16.0299   0.003941     0.0264       4648    19.3625  0.000e+00
      0.022    16.0234  -0.000007     0.0000       4649    19.3667  0.000e+00
      0.017    16.0170  -0.000028     0.0000       4650    19.3708  0.000e+00
      0.020    16.0107  -0.000033     0.0000       4651    19.3750  0.000e+00
      0.018    16.0046  -0.000039     0.0000       4652    19.3792  0.000e+00
      0.015    15.9981  -0.000039     0.0000       4653    19.3833  0.000e+00
      0.018    15.9920  -0.000017     0.0000       4654    19.3875  0.000e+00
      0.015    15.9858  -0.000028     0.0000       4655    19.3917  0.000e+00
      0.016    15.9800  -0.000039     0.0000       4656    19.3958  0.000e+00
      0.016    15.9740  -0.000039     0.0000       4657    19.4000  0.000e+00
      0.018    15.9684  -0.000033     0.0000       4658    19.4042  0.000e+00
      0.020    15.9627  -0.000039     0.0000       4659    19.4083  0.000e+00
      0.011    15.9569  -0.000044     0.0000       4660    19.4125  0.000e+00
      0.015    15.9514  -0.000044     0.0000       4661    19.4167  0.000e+00
      0.020    15.9458  -0.000044     0.0000       4662    19.4208  0.000e+00
      0.018    15.9403  -0.000044     0.0000       4663    19.4250  0.000e+00
      0.023    15.9348  -0.000033     0.0000       4664    19.4292  0.000e+00
      0.016    15.9291  -0.000039     0.0000       4665    19.4333  0.000e+00
      0.020    15.9232  -0.000039     0.0000       4666    19.4375  0.000e+00
      0.022    15.9176  -0.000039     0.0000       4667    19.4417  0.000e+00
      0.020    15.9122  -0.000044     0.0000       4668    19.4458  0.000e+00
      0.020    15.9073  -0.000039     0.0000       4669    19.4500  0.000e+00
      0.022    15.9024  -0.000039     0.0000       4670    19.4542  0.000e+00
      0.022    15.8973  -0.000044     0.0000       4671    19.4583  0.000e+00
      0.020    15.8926  -0.000039     0.0000       4672    19.4625  0.000e+00
      0.018    15.8881  -0.000044     0.0000       4673    19.4667  0.000e+00
      0.020    15.8834  -0.000039     0.0000       4674    19.4708  0.000e+00
      0.020    15.8788  -0.000033     0.0000       4675    19.4750  0.000e+00
      0.020    15.8744  -0.000033     0.0000       4676    19.4792  0.000e+00
      0.022    15.8696  -0.000039     0.0000       4677    19.4833  0.000e+00
      0.020    15.8652  -0.000039     0.0000       4678    19.4875  0.000e+00
      0.020    15.8605  -0.000039     0.0000       4679    19.4917  0.000e+00
      0.020    15.8565  -0.000033     0.0000       4680    19.4958  0.000e+00
      0.022    15.8521  -0.000039     0.0000       4681    19.5000  0.000e+00
      0.022    15.8478  -0.000044     0.0000       4682    19.5042  0.000e+00
      0.018    15.8435  -0.000039     0.0000       4683    19.5083  0.000e+00
      0.022    15.8394  -0.000028     0.0000       4684    19.5125  0.000e+00
      0.023    15.8355  -0.000039     0.0000       4685    19.5167  0.000e+00
      0.023    15.8313  -0.000033     0.0000       4686    19.5208  0.000e+00
      0.018    15.8274  -0.000039     0.0000       4687    19.5250  0.000e+00
      0.020    15.8234  -0.000039     0.0000       4688    19.5292  0.000e+00
      0.023    15.8194  -0.000028     0.0000       4689    19.5333  0.000e+00
      0.020    15.8155  -0.000039     0.0000       4690    19.5375  0.000e+00
      0.018    15.8116  -0.000039     0.0000       4691    19.5417  0.000e+00
      0.021    15.8077  -0.000033     0.0000       4692    19.5458  0.000e+00
      0.021    15.8041  -0.000033     0.0000       4693    19.5500  0.000e+00
      0.018    15.8005  -0.000039     0.0000       4694    19.5542  0.000e+00
      0.018    15.7968  -0.000033     0.0000       4695    19.5583  0.000e+00
      0.016    15.7932  -0.000039     0.0000       4696    19.5625  0.000e+00
      0.020    15.7899  -0.000028     0.0000       4697    19.5667  0.000e+00
      0.022    15.7864  -0.000033     0.0000       4698    19.5708  0.000e+00
      0.020    15.7829  -0.000039     0.0000       4699    19.5750  0.000e+00
      0.020    15.7796  -0.000033     0.0000       4700    19.5792  0.000e+00
      0.018    15.7764  -0.000039     0.0000       4701    19.5833  0.000e+00
      0.020    15.7729  -0.000039     0.0000       4702    19.5875  0.000e+00
      0.020    15.7697  -0.000039     0.0000       4703    19.5917  0.000e+00
      0.016    15.7668  -0.000039     0.0000       4704    19.5958  0.000e+00
      0.021    15.7637  -0.000039     0.0000       4705    19.6000  0.000e+00
      0.020    15.7604  -0.000044     0.0000       4706    19.6042  0.000e+00
      0.020    15.7574  -0.000044     0.0000       4707    19.6083  0.000e+00
      0.021    15.7543  -0.000044     0.0000       4708    19.6125  0.000e+00
      0.021    15.7514  -0.000044     0.0000       4709    19.6167  0.000e+00
      0.021    15.7483  -0.000044     0.0000       4710    19.6208  0.000e+00
      0.021    15.7455  -0.000039     0.0000       4711    19.6250  0.000e+00
      0.023    15.7427  -0.000044     0.0000       4712    19.6292  0.000e+00
