HB2406/sbe082.cnv
* Sea-Bird SBE 19plus V2 Data File:
* FileName = C:\cruise\data\sbe082.hex
* Software Version Seasave V 7.26.7.121
* Temperature SN = 7037
* Conductivity SN = 7037
* System UpLoad Time = Aug 19 2024 04:06:44
* NMEA Latitude = 42 02.90 N
* NMEA Longitude = 069 29.06 W
* NMEA UTC (Time) = Aug 19 2024  04:05:37
** Ship: Henry Bigelow
** Cruise:  HB2406
** Program:  ECOMON
# nquan = 7
# nvalues = 4773                                  
# units = specified
# name 0 = depSM: Depth [salt water, m]
# name 1 = tv290C: Temperature [ITS-90, deg C]
# name 2 = c0S/m: Conductivity [S/m]
# name 3 = sal00: Salinity, Practical [PSU]
# name 4 = scan: Scan Count
# name 5 = timeM: Time, Elapsed [minutes]
# name 6 = flag:  0.000e+00
# span 0 =     -0.070,    200.243                 
# span 1 =     5.9553,    20.6089                 
# span 2 =   0.000239,   4.389078                 
# span 3 =     0.0103,    34.0027                 
# span 4 =         11,       4783                 
# span 5 =     0.0417,    19.9250                 
# span 6 = 0.0000e+00, 0.0000e+00                 
# interval = seconds: 0.25
# start_time = Aug 19 2024 04:05:37 [NMEA time, header]
# bad_flag = -9.990e-29
*END*
[from data line 1026]
    141.664     7.5558   3.465998    33.6957       1037     4.3167  0.000e+00
    141.832     7.5545   3.466622    33.7036       1038     4.3208  0.000e+00
    142.012     7.5546   3.466937    33.7069       1039     4.3250  0.000e+00
    142.200     7.5558   3.467481    33.7116       1040     4.3292  0.000e+00
    142.397     7.5579   3.467962    33.7146       1041     4.3333  0.000e+00
    142.594     7.5608   3.470098    33.7347       1042     4.3375  0.000e+00
    142.795     7.5667   3.470705    33.7355       1043     4.3417  0.000e+00
    142.985     7.5732   3.471272    33.7353       1044     4.3458  0.000e+00
    143.178     7.5789   3.471324    33.7302       1045     4.3500  0.000e+00
    143.355     7.5829   3.471295    33.7259       1046     4.3542  0.000e+00
    143.533     7.5853   3.472991    33.7418       1047     4.3583  0.000e+00
    143.688     7.5896   3.473077    33.7384       1048     4.3625  0.000e+00
    143.840     7.5940   3.474355    33.7479       1049     4.3667  0.000e+00
    143.983     7.5991   3.474458    33.7440       1050     4.3708  0.000e+00
    144.122     7.6036   3.474750    33.7427       1051     4.3750  0.000e+00
    144.256     7.6070   3.475065    33.7427       1052     4.3792  0.000e+00
    144.392     7.6099   3.475295    33.7424       1053     4.3833  0.000e+00
    144.527     7.6124   3.475673    33.7440       1054     4.3875  0.000e+00
    144.659     7.6146   3.475971    33.7450       1055     4.3917  0.000e+00
    144.799     7.6167   3.476303    33.7465       1056     4.3958  0.000e+00
    144.938     7.6190   3.476556    33.7469       1057     4.4000  0.000e+00
    145.081     7.6210   3.476722    33.7467       1058     4.4042  0.000e+00
    145.220     7.6227   3.476883    33.7466       1059     4.4083  0.000e+00
    145.358     7.6243   3.477100    33.7474       1060     4.4125  0.000e+00
    145.493     7.6257   3.477186    33.7469       1061     4.4167  0.000e+00
    145.625     7.6268   3.477376    33.7478       1062     4.4208  0.000e+00
    145.752     7.6279   3.477525    33.7483       1063     4.4250  0.000e+00
    145.877     7.6289   3.477915    33.7515       1064     4.4292  0.000e+00
    146.000     7.6301   3.478195    33.7533       1065     4.4333  0.000e+00
    146.119     7.6316   3.478276    33.7526       1066     4.4375  0.000e+00
    146.244     7.6328   3.478511    33.7540       1067     4.4417  0.000e+00
    146.374     7.6340   3.478866    33.7566       1068     4.4458  0.000e+00
    146.499     7.6353   3.479038    33.7571       1069     4.4500  0.000e+00
    146.635     7.6366   3.479159    33.7571       1070     4.4542  0.000e+00
    146.770     7.6375   3.479348    33.7581       1071     4.4583  0.000e+00
    146.909     7.6386   3.479348    33.7570       1072     4.4625  0.000e+00
    147.051     7.6393   3.479222    33.7549       1073     4.4667  0.000e+00
    147.199     7.6396   3.479308    33.7556       1074     4.4708  0.000e+00
    147.349     7.6397   3.479434    33.7567       1075     4.4750  0.000e+00
    147.505     7.6400   3.479664    33.7588       1076     4.4792  0.000e+00
    147.664     7.6408   3.479939    33.7609       1077     4.4833  0.000e+00
    147.823     7.6418   3.480294    33.7637       1078     4.4875  0.000e+00
    147.984     7.6430   3.480633    33.7661       1079     4.4917  0.000e+00
    148.143     7.6445   3.480690    33.7652       1080     4.4958  0.000e+00
    148.302     7.6456   3.481011    33.7675       1081     4.5000  0.000e+00
    148.470     7.6467   3.481682    33.7737       1082     4.5042  0.000e+00
    148.633     7.6482   3.482021    33.7757       1083     4.5083  0.000e+00
    148.798     7.6502   3.482354    33.7773       1084     4.5125  0.000e+00
    148.964     7.6520   3.482514    33.7772       1085     4.5167  0.000e+00
    149.121     7.6535   3.482858    33.7794       1086     4.5208  0.000e+00
    149.279     7.6551   3.483174    33.7812       1087     4.5250  0.000e+00
    149.429     7.6567   3.483725    33.7854       1088     4.5292  0.000e+00
    149.575     7.6585   3.484103    33.7877       1089     4.5333  0.000e+00
    149.715     7.6602   3.484482    33.7901       1090     4.5375  0.000e+00
    149.854     7.6621   3.484723    33.7908       1091     4.5417  0.000e+00
    149.993     7.6638   3.484821    33.7901       1092     4.5458  0.000e+00
    150.131     7.6652   3.484901    33.7895       1093     4.5500  0.000e+00
    150.270     7.6660   3.485136    33.7912       1094     4.5542  0.000e+00
    150.415     7.6670   3.485406    33.7931       1095     4.5583  0.000e+00
    150.563     7.6682   3.485934    33.7975       1096     4.5625  0.000e+00
    150.713     7.6697   3.486416    33.8012       1097     4.5667  0.000e+00
    150.863     7.6719   3.486628    33.8013       1098     4.5708  0.000e+00
    151.017     7.6738   3.487242    33.8060       1099     4.5750  0.000e+00
    151.163     7.6761   3.487219    33.8035       1100     4.5792  0.000e+00
    151.312     7.6777   3.487242    33.8021       1101     4.5833  0.000e+00
    151.447     7.6788   3.487633    33.8052       1102     4.5875  0.000e+00
    151.588     7.6799   3.487725    33.8050       1103     4.5917  0.000e+00
    151.715     7.6811   3.488017    33.8070       1104     4.5958  0.000e+00
    151.833     7.6823   3.488591    33.8120       1105     4.6000  0.000e+00
    151.945     7.6840   3.489033    33.8150       1106     4.6042  0.000e+00
    152.050     7.6857   3.489366    33.8169       1107     4.6083  0.000e+00
    152.149     7.6877   3.489751    33.8190       1108     4.6125  0.000e+00
    152.245     7.6894   3.489958    33.8195       1109     4.6167  0.000e+00
    152.344     7.6909   3.490044    33.8190       1110     4.6208  0.000e+00
    152.447     7.6919   3.490170    33.8193       1111     4.6250  0.000e+00
    152.561     7.6926   3.490256    33.8195       1112     4.6292  0.000e+00
    152.683     7.6934   3.490509    33.8214       1113     4.6333  0.000e+00
    152.809     7.6941   3.490526    33.8208       1114     4.6375  0.000e+00
    152.945     7.6947   3.490526    33.8202       1115     4.6417  0.000e+00
    153.099     7.6953   3.490423    33.8184       1116     4.6458  0.000e+00
    153.256     7.6955   3.490572    33.8198       1117     4.6500  0.000e+00
    153.426     7.6959   3.490785    33.8216       1118     4.6542  0.000e+00
    153.607     7.6964   3.491077    33.8241       1119     4.6583  0.000e+00
    153.799     7.6975   3.491210    33.8245       1120     4.6625  0.000e+00
    153.998     7.6985   3.491370    33.8251       1121     4.6667  0.000e+00
    154.204     7.6993   3.491497    33.8256       1122     4.6708  0.000e+00
    154.414     7.6998   3.491606    33.8261       1123     4.6750  0.000e+00
    154.627     7.7003   3.491686    33.8264       1124     4.6792  0.000e+00
    154.846     7.7010   3.491755    33.8264       1125     4.6833  0.000e+00
    155.065     7.7013   3.491773    33.8262       1126     4.6875  0.000e+00
    155.280     7.7014   3.491830    33.8266       1127     4.6917  0.000e+00
    155.492     7.7016   3.491882    33.8269       1128     4.6958  0.000e+00
    155.703     7.7017   3.491945    33.8273       1129     4.7000  0.000e+00
    155.900     7.7019   3.491962    33.8273       1130     4.7042  0.000e+00
    156.092     7.7021   3.492008    33.8274       1131     4.7083  0.000e+00
    156.266     7.7023   3.492089    33.8281       1132     4.7125  0.000e+00
    156.423     7.7024   3.492118    33.8282       1133     4.7167  0.000e+00
    156.566     7.7025   3.492175    33.8286       1134     4.7208  0.000e+00
    156.687     7.7028   3.492278    33.8294       1135     4.7250  0.000e+00
    156.787     7.7032   3.492342    33.8297       1136     4.7292  0.000e+00
    156.868     7.7035   3.492468    33.8307       1137     4.7333  0.000e+00
    156.937     7.7039   3.492617    33.8318       1138     4.7375  0.000e+00
    156.995     7.7045   3.492784    33.8330       1139     4.7417  0.000e+00
    157.047     7.7051   3.492853    33.8332       1140     4.7458  0.000e+00
    157.085     7.7057   3.492916    33.8332       1141     4.7500  0.000e+00
    157.130     7.7063   3.492916    33.8327       1142     4.7542  0.000e+00
    157.186     7.7067   3.492979    33.8329       1143     4.7583  0.000e+00
    157.251     7.7068   3.493019    33.8332       1144     4.7625  0.000e+00
    157.331     7.7070   3.493083    33.8337       1145     4.7667  0.000e+00
    157.420     7.7074   3.493111    33.8336       1146     4.7708  0.000e+00
    157.519     7.7077   3.493146    33.8336       1147     4.7750  0.000e+00
    157.635     7.7081   3.493123    33.8329       1148     4.7792  0.000e+00
    157.769     7.7083   3.493123    33.8326       1149     4.7833  0.000e+00
    157.922     7.7088   3.493358    33.8346       1150     4.7875  0.000e+00
    158.087     7.7096   3.493313    33.8332       1151     4.7917  0.000e+00
    158.275     7.7101   3.493422    33.8338       1152     4.7958  0.000e+00
    158.470     7.7106   3.493445    33.8335       1153     4.8000  0.000e+00
    158.680     7.7109   3.493422    33.8329       1154     4.8042  0.000e+00
    158.905     7.7108   3.493525    33.8340       1155     4.8083  0.000e+00
    159.132     7.7109   3.493548    33.8340       1156     4.8125  0.000e+00
    159.368     7.7112   3.493589    33.8341       1157     4.8167  0.000e+00
    159.606     7.7111   3.493589    33.8340       1158     4.8208  0.000e+00
    159.845     7.7114   3.493537    33.8331       1159     4.8250  0.000e+00
    160.073     7.7111   3.493549    33.8334       1160     4.8292  0.000e+00
    160.290     7.7110   3.493572    33.8336       1161     4.8333  0.000e+00
    160.511     7.7106   3.493589    33.8341       1162     4.8375  0.000e+00
    160.719     7.7106   3.493652    33.8347       1163     4.8417  0.000e+00
    160.916     7.7104   3.493675    33.8350       1164     4.8458  0.000e+00
    161.099     7.7105   3.493733    33.8355       1165     4.8500  0.000e+00
    161.269     7.7105   3.493779    33.8359       1166     4.8542  0.000e+00
    161.419     7.7107   3.493888    33.8368       1167     4.8583  0.000e+00
    161.547     7.7110   3.494078    33.8385       1168     4.8625  0.000e+00
    161.665     7.7115   3.494181    33.8390       1169     4.8667  0.000e+00
    161.762     7.7120   3.494290    33.8397       1170     4.8708  0.000e+00
    161.853     7.7127   3.494353    33.8396       1171     4.8750  0.000e+00
    161.941     7.7131   3.494422    33.8399       1172     4.8792  0.000e+00
    162.028     7.7135   3.494560    33.8410       1173     4.8833  0.000e+00
    162.113     7.7141   3.494669    33.8415       1174     4.8875  0.000e+00
    162.200     7.7146   3.494606    33.8403       1175     4.8917  0.000e+00
    162.292     7.7150   3.494859    33.8426       1176     4.8958  0.000e+00
    162.383     7.7153   3.494945    33.8432       1177     4.9000  0.000e+00
    162.488     7.7161   3.494974    33.8427       1178     4.9042  0.000e+00
    162.594     7.7166   3.495049    33.8430       1179     4.9083  0.000e+00
    162.716     7.7170   3.495135    33.8435       1180     4.9125  0.000e+00
    162.848     7.7172   3.495215    33.8440       1181     4.9167  0.000e+00
    162.987     7.7180   3.495342    33.8446       1182     4.9208  0.000e+00
    163.137     7.7183   3.495428    33.8452       1183     4.9250  0.000e+00
    163.292     7.7189   3.495514    33.8454       1184     4.9292  0.000e+00
    163.464     7.7195   3.495681    33.8465       1185     4.9333  0.000e+00
    163.643     7.7200   3.495853    33.8478       1186     4.9375  0.000e+00
    163.828     7.7208   3.495997    33.8485       1187     4.9417  0.000e+00
    164.009     7.7216   3.496146    33.8493       1188     4.9458  0.000e+00
    164.191     7.7222   3.496359    33.8509       1189     4.9500  0.000e+00
    164.376     7.7231   3.496548    33.8519       1190     4.9542  0.000e+00
    164.551     7.7238   3.496715    33.8530       1191     4.9583  0.000e+00
    164.723     7.7248   3.496853    33.8534       1192     4.9625  0.000e+00
    164.893     7.7256   3.496910    33.8531       1193     4.9667  0.000e+00
    165.061     7.7261   3.497163    33.8553       1194     4.9708  0.000e+00
    165.230     7.7269   3.497416    33.8572       1195     4.9750  0.000e+00
    165.389     7.7280   3.497520    33.8572       1196     4.9792  0.000e+00
    165.548     7.7290   3.497629    33.8573       1197     4.9833  0.000e+00
    165.707     7.7299   3.497709    33.8572       1198     4.9875  0.000e+00
    165.859     7.7305   3.497807    33.8576       1199     4.9917  0.000e+00
    166.018     7.7310   3.497899    33.8580       1200     4.9958  0.000e+00
    166.167     7.7315   3.497945    33.8580       1201     5.0000  0.000e+00
    166.319     7.7320   3.497962    33.8576       1202     5.0042  0.000e+00
    166.460     7.7323   3.497962    33.8573       1203     5.0083  0.000e+00
    166.601     7.7324   3.497985    33.8573       1204     5.0125  0.000e+00
    166.727     7.7324   3.497985    33.8573       1205     5.0167  0.000e+00
    166.845     7.7321   3.498008    33.8577       1206     5.0208  0.000e+00
    166.952     7.7318   3.497986    33.8577       1207     5.0250  0.000e+00
    167.055     7.7317   3.498049    33.8585       1208     5.0292  0.000e+00
    167.147     7.7315   3.498428    33.8627       1209     5.0333  0.000e+00
    167.227     7.7318   3.498577    33.8640       1210     5.0375  0.000e+00
    167.297     7.7325   3.498830    33.8660       1211     5.0417  0.000e+00
    167.368     7.7332   3.499043    33.8675       1212     5.0458  0.000e+00
    167.445     7.7340   3.499181    33.8682       1213     5.0500  0.000e+00
    167.529     7.7349   3.499296    33.8686       1214     5.0542  0.000e+00
    167.624     7.7355   3.499342    33.8684       1215     5.0583  0.000e+00
    167.724     7.7361   3.499359    33.8680       1216     5.0625  0.000e+00
    167.840     7.7365   3.499066    33.8644       1217     5.0667  0.000e+00
    167.964     7.7364   3.498917    33.8628       1218     5.0708  0.000e+00
    168.104     7.7361   3.498790    33.8617       1219     5.0750  0.000e+00
    168.261     7.7359   3.498825    33.8621       1220     5.0792  0.000e+00
    168.433     7.7357   3.498940    33.8635       1221     5.0833  0.000e+00
    168.616     7.7359   3.499107    33.8650       1222     5.0875  0.000e+00
    168.809     7.7361   3.499319    33.8670       1223     5.0917  0.000e+00
    169.019     7.7367   3.499406    33.8672       1224     5.0958  0.000e+00
    169.238     7.7373   3.499595    33.8686       1225     5.1000  0.000e+00
    169.451     7.7377   3.499785    33.8702       1226     5.1042  0.000e+00
    169.668     7.7382   3.499871    33.8705       1227     5.1083  0.000e+00
    169.877     7.7387   3.499889    33.8701       1228     5.1125  0.000e+00
    170.077     7.7391   3.499952    33.8703       1229     5.1167  0.000e+00
    170.267     7.7392   3.500015    33.8708       1230     5.1208  0.000e+00
    170.448     7.7391   3.500084    33.8716       1231     5.1250  0.000e+00
    170.622     7.7390   3.500124    33.8720       1232     5.1292  0.000e+00
    170.794     7.7390   3.500188    33.8726       1233     5.1333  0.000e+00
    170.951     7.7389   3.500222    33.8730       1234     5.1375  0.000e+00
    171.099     7.7390   3.500314    33.8739       1235     5.1417  0.000e+00
    171.237     7.7391   3.500401    33.8746       1236     5.1458  0.000e+00
    171.369     7.7390   3.500464    33.8754       1237     5.1500  0.000e+00
    171.488     7.7391   3.500481    33.8753       1238     5.1542  0.000e+00
    171.609     7.7390   3.500590    33.8765       1239     5.1583  0.000e+00
    171.721     7.7391   3.500631    33.8769       1240     5.1625  0.000e+00
