HB2406/sbe025.cnv
* Sea-Bird SBE 19plus V2 Data File:
* FileName = C:\cruise\data\sbe025.hex
* Software Version Seasave V 7.26.7.121
* Temperature SN = 7037
* Conductivity SN = 7037
* System UpLoad Time = Aug 14 2024 14:41:48
* NMEA Latitude = 41 14.32 N
* NMEA Longitude = 066 56.77 W
* NMEA UTC (Time) = Aug 14 2024  14:40:39
** Ship: Henry Bigelow
** Cruise:  HB2406
** Program:  ECOMON
# nquan = 7
# nvalues = 1679                                  
# units = specified
# name 0 = depSM: Depth [salt water, m]
# name 1 = tv290C: Temperature [ITS-90, deg C]
# name 2 = c0S/m: Conductivity [S/m]
# name 3 = sal00: Salinity, Practical [PSU]
# name 4 = scan: Scan Count
# name 5 = timeM: Time, Elapsed [minutes]
# name 6 = flag:  0.000e+00
# span 0 =     -0.014,     65.516                 
# span 1 =    10.3867,    19.4227                 
# span 2 =  -0.000039,   4.281932                 
# span 3 =     0.0000,    32.4482                 
# span 4 =         11,       1689                 
# span 5 =     0.0417,     7.0333                 
# span 6 = 0.0000e+00, 0.0000e+00                 
# interval = seconds: 0.25
# start_time = Aug 14 2024 14:40:39 [NMEA time, header]
# bad_flag = -9.990e-29
*END*
[from data line 616]
     64.680    10.4029   3.595871    32.4360        627     2.6083  0.000e+00
     64.850    10.4029   3.595784    32.4351        628     2.6125  0.000e+00
     65.020    10.4026   3.595761    32.4350        629     2.6167  0.000e+00
     65.181    10.4022   3.595761    32.4353        630     2.6208  0.000e+00
     65.344    10.4020   3.595673    32.4346        631     2.6250  0.000e+00
     65.471    10.4016   3.595366    32.4318        632     2.6292  0.000e+00
     65.516    10.4000   3.595017    32.4297        633     2.6333  0.000e+00
     65.492    10.3976   3.594843    32.4300        634     2.6375  0.000e+00
     65.404    10.3952   3.594802    32.4319        635     2.6417  0.000e+00
     65.320    10.3935   3.594843    32.4338        636     2.6458  0.000e+00
     65.282    10.3925   3.594907    32.4353        637     2.6500  0.000e+00
     65.255    10.3923   3.595040    32.4369        638     2.6542  0.000e+00
     65.219    10.3927   3.595017    32.4363        639     2.6583  0.000e+00
     65.177    10.3932   3.595017    32.4359        640     2.6625  0.000e+00
     65.147    10.3936   3.594994    32.4353        641     2.6667  0.000e+00
     65.123    10.3936   3.594994    32.4353        642     2.6708  0.000e+00
     65.120    10.3938   3.595029    32.4355        643     2.6750  0.000e+00
     65.125    10.3939   3.594907    32.4342        644     2.6792  0.000e+00
     65.129    10.3935   3.594866    32.4341        645     2.6833  0.000e+00
     65.136    10.3930   3.594756    32.4335        646     2.6875  0.000e+00
     65.156    10.3922   3.594605    32.4327        647     2.6917  0.000e+00
     65.172    10.3910   3.594779    32.4354        648     2.6958  0.000e+00
     65.199    10.3907   3.594645    32.4344        649     2.7000  0.000e+00
     65.217    10.3903   3.594645    32.4347        650     2.7042  0.000e+00
     65.230    10.3899   3.594669    32.4353        651     2.7083  0.000e+00
     65.228    10.3900   3.594616    32.4347        652     2.7125  0.000e+00
     65.212    10.3896   3.594779    32.4366        653     2.7167  0.000e+00
     65.179    10.3902   3.594669    32.4350        654     2.7208  0.000e+00
     65.141    10.3903   3.594535    32.4336        655     2.7250  0.000e+00
     65.085    10.3897   3.594581    32.4347        656     2.7292  0.000e+00
     65.015    10.3892   3.594494    32.4343        657     2.7333  0.000e+00
     64.937    10.3889   3.594384    32.4335        658     2.7375  0.000e+00
     64.848    10.3882   3.594384    32.4341        659     2.7417  0.000e+00
     64.756    10.3876   3.594384    32.4347        660     2.7458  0.000e+00
     64.662    10.3874   3.594430    32.4354        661     2.7500  0.000e+00
     64.559    10.3872   3.594361    32.4349        662     2.7542  0.000e+00
     64.463    10.3871   3.594361    32.4350        663     2.7583  0.000e+00
     64.360    10.3870   3.594384    32.4354        664     2.7625  0.000e+00
     64.257    10.3870   3.594430    32.4359        665     2.7667  0.000e+00
     64.152    10.3872   3.594517    32.4366        666     2.7708  0.000e+00
     64.058    10.3878   3.594494    32.4359        667     2.7750  0.000e+00
     63.966    10.3882   3.594517    32.4358        668     2.7792  0.000e+00
     63.888    10.3885   3.594488    32.4353        669     2.7833  0.000e+00
     63.808    10.3888   3.594407    32.4343        670     2.7875  0.000e+00
     63.730    10.3886   3.594320    32.4336        671     2.7917  0.000e+00
     63.658    10.3879   3.594296    32.4340        672     2.7958  0.000e+00
     63.593    10.3875   3.594273    32.4342        673     2.8000  0.000e+00
     63.530    10.3869   3.594273    32.4347        674     2.8042  0.000e+00
     63.472    10.3867   3.594273    32.4349        675     2.8083  0.000e+00
     63.405    10.3867   3.594534    32.4376        676     2.8125  0.000e+00
     63.336    10.3876   3.594360    32.4351        677     2.8167  0.000e+00
     63.273    10.3880   3.594360    32.4348        678     2.8208  0.000e+00
     63.201    10.3878   3.594319    32.4345        679     2.8250  0.000e+00
     63.125    10.3879   3.594494    32.4362        680     2.8292  0.000e+00
     63.045    10.3884   3.594470    32.4356        681     2.8333  0.000e+00
     62.962    10.3890   3.594296    32.4334        682     2.8375  0.000e+00
     62.869    10.3885   3.594273    32.4336        683     2.8417  0.000e+00
     62.779    10.3882   3.594319    32.4344        684     2.8458  0.000e+00
     62.692    10.3878   3.594430    32.4358        685     2.8500  0.000e+00
     62.602    10.3882   3.594360    32.4349        686     2.8542  0.000e+00
     62.508    10.3883   3.594383    32.4350        687     2.8583  0.000e+00
     62.419    10.3884   3.594429    32.4355        688     2.8625  0.000e+00
     62.323    10.3886   3.594383    32.4348        689     2.8667  0.000e+00
     62.229    10.3888   3.594360    32.4345        690     2.8708  0.000e+00
     62.135    10.3888   3.594534    32.4362        691     2.8750  0.000e+00
     62.046    10.3895   3.594383    32.4342        692     2.8792  0.000e+00
     61.958    10.3895   3.594296    32.4333        693     2.8833  0.000e+00
     61.862    10.3891   3.594342    32.4342        694     2.8875  0.000e+00
     61.768    10.3888   3.594342    32.4345        695     2.8917  0.000e+00
     61.672    10.3888   3.594278    32.4339        696     2.8958  0.000e+00
     61.585    10.3886   3.594319    32.4346        697     2.9000  0.000e+00
     61.497    10.3884   3.594319    32.4347        698     2.9042  0.000e+00
     61.404    10.3886   3.594383    32.4352        699     2.9083  0.000e+00
     61.321    10.3888   3.594255    32.4338        700     2.9125  0.000e+00
     61.243    10.3888   3.594295    32.4343        701     2.9167  0.000e+00
     61.166    10.3886   3.594446    32.4360        702     2.9208  0.000e+00
     61.093    10.3892   3.594429    32.4353        703     2.9250  0.000e+00
     61.021    10.3898   3.594429    32.4348        704     2.9292  0.000e+00
     60.943    10.3900   3.594423    32.4346        705     2.9333  0.000e+00
     60.873    10.3900   3.594319    32.4336        706     2.9375  0.000e+00
     60.797    10.3898   3.594295    32.4335        707     2.9417  0.000e+00
     60.730    10.3894   3.594382    32.4348        708     2.9458  0.000e+00
     60.661    10.3897   3.594731    32.4381        709     2.9500  0.000e+00
     60.592    10.3913   3.595062    32.4400        710     2.9542  0.000e+00
     60.529    10.3940   3.594801    32.4350        711     2.9583  0.000e+00
     60.457    10.3958   3.595695    32.4424        712     2.9625  0.000e+00
     60.388    10.4000   3.595933    32.4410        713     2.9667  0.000e+00
     60.312    10.4048   3.596032    32.4378        714     2.9708  0.000e+00
     60.232    10.4088   3.595910    32.4331        715     2.9750  0.000e+00
     60.149    10.4108   3.595166    32.4239        716     2.9792  0.000e+00
     60.050    10.4086   3.594254    32.4167        717     2.9833  0.000e+00
     59.930    10.4023   3.594359    32.4234        718     2.9875  0.000e+00
     59.800    10.3974   3.594428    32.4285        719     2.9917  0.000e+00
     59.659    10.3952   3.594603    32.4324        720     2.9958  0.000e+00
     59.532    10.3944   3.594690    32.4340        721     3.0000  0.000e+00
     59.388    10.3949   3.594667    32.4333        722     3.0042  0.000e+00
     59.252    10.3950   3.594672    32.4333        723     3.0083  0.000e+00
     59.122    10.3952   3.594579    32.4323        724     3.0125  0.000e+00
     59.004    10.3954   3.594754    32.4340        725     3.0167  0.000e+00
     58.892    10.3956   3.594817    32.4344        726     3.0208  0.000e+00
     58.793    10.3964   3.594713    32.4328        727     3.0250  0.000e+00
     58.697    10.3966   3.594713    32.4326        728     3.0292  0.000e+00
     58.612    10.3966   3.594643    32.4320        729     3.0333  0.000e+00
     58.529    10.3962   3.594887    32.4348        730     3.0375  0.000e+00
     58.449    10.3971   3.595276    32.4379        731     3.0417  0.000e+00
     58.369    10.3997   3.595131    32.4342        732     3.0458  0.000e+00
     58.288    10.4011   3.596217    32.4439        733     3.0500  0.000e+00
     58.196    10.4063   3.596345    32.4405        734     3.0542  0.000e+00
     58.096    10.4123   3.597635    32.4482        735     3.0583  0.000e+00
     57.995    10.4215   3.598053    32.4442        736     3.0625  0.000e+00
     57.881    10.4316   3.598227    32.4370        737     3.0667  0.000e+00
     57.760    10.4391   3.598204    32.4301        738     3.0708  0.000e+00
     57.630    10.4436   3.598250    32.4266        739     3.0750  0.000e+00
     57.503    10.4468   3.598018    32.4215        740     3.0792  0.000e+00
     57.367    10.4480   3.598116    32.4215        741     3.0833  0.000e+00
     57.230    10.4484   3.598378    32.4238        742     3.0875  0.000e+00
     57.093    10.4504   3.598796    32.4263        743     3.0917  0.000e+00
     56.957    10.4538   3.599121    32.4265        744     3.0958  0.000e+00
     56.823    10.4584   3.599011    32.4214        745     3.1000  0.000e+00
     56.695    10.4609   3.599057    32.4197        746     3.1042  0.000e+00
     56.572    10.4626   3.598726    32.4150        747     3.1083  0.000e+00
     56.447    10.4626   3.598813    32.4159        748     3.1125  0.000e+00
     56.329    10.4619   3.599627    32.4247        749     3.1167  0.000e+00
     56.212    10.4659   3.600934    32.4343        750     3.1208  0.000e+00
     56.103    10.4753   3.601440    32.4310        751     3.1250  0.000e+00
     55.996    10.4858   3.600434    32.4117        752     3.1292  0.000e+00
     55.895    10.4892   3.601178    32.4161        753     3.1333  0.000e+00
     55.798    10.4924   3.602754    32.4291        754     3.1375  0.000e+00
     55.707    10.5027   3.603213    32.4245        755     3.1417  0.000e+00
     55.620    10.5145   3.604021    32.4222        756     3.1458  0.000e+00
     55.537    10.5259   3.604329    32.4151        757     3.1500  0.000e+00
     55.456    10.5356   3.605271    32.4160        758     3.1542  0.000e+00
     55.378    10.5465   3.605864    32.4122        759     3.1583  0.000e+00
     55.295    10.5596   3.606719    32.4092        760     3.1625  0.000e+00
     55.212    10.5722   3.607504    32.4058        761     3.1667  0.000e+00
     55.112    10.5852   3.607661    32.3959        762     3.1708  0.000e+00
     55.018    10.5956   3.608044    32.3906        763     3.1750  0.000e+00
     54.911    10.6039   3.608143    32.3842        764     3.1792  0.000e+00
     54.806    10.6111   3.608492    32.3813        765     3.1833  0.000e+00
     54.692    10.6178   3.608626    32.3768        766     3.1875  0.000e+00
     54.575    10.6244   3.608538    32.3701        767     3.1917  0.000e+00
     54.454    10.6296   3.608469    32.3648        768     3.1958  0.000e+00
     54.327    10.6329   3.608468    32.3620        769     3.2000  0.000e+00
     54.202    10.6353   3.608253    32.3578        770     3.2042  0.000e+00
     54.074    10.6367   3.608230    32.3564        771     3.2083  0.000e+00
     53.955    10.6386   3.608381    32.3563        772     3.2125  0.000e+00
     53.837    10.6430   3.608928    32.3578        773     3.2167  0.000e+00
     53.727    10.6516   3.609283    32.3538        774     3.2208  0.000e+00
     53.622    10.6610   3.609393    32.3466        775     3.2250  0.000e+00
     53.517    10.6689   3.609387    32.3396        776     3.2292  0.000e+00
     53.416    10.6763   3.609410    32.3333        777     3.2333  0.000e+00
     53.323    10.6823   3.609433    32.3282        778     3.2375  0.000e+00
     53.240    10.6874   3.609457    32.3241        779     3.2417  0.000e+00
     53.155    10.6909   3.609520    32.3216        780     3.2458  0.000e+00
     53.074    10.6938   3.609480    32.3186        781     3.2500  0.000e+00
     52.996    10.6969   3.609544    32.3166        782     3.2542  0.000e+00
     52.911    10.7017   3.609724    32.3142        783     3.2583  0.000e+00
     52.831    10.7080   3.610026    32.3117        784     3.2625  0.000e+00
     52.745    10.7154   3.610643    32.3113        785     3.2667  0.000e+00
     52.658    10.7256   3.611015    32.3060        786     3.2708  0.000e+00
     52.567    10.7366   3.611277    32.2990        787     3.2750  0.000e+00
     52.475    10.7457   3.611341    32.2916        788     3.2792  0.000e+00
     52.374    10.7531   3.611463    32.2863        789     3.2833  0.000e+00
     52.278    10.7596   3.611736    32.2833        790     3.2875  0.000e+00
     52.173    10.7661   3.612155    32.2818        791     3.2917  0.000e+00
     52.072    10.7733   3.612813    32.2821        792     3.2958  0.000e+00
     51.967    10.7816   3.613319    32.2798        793     3.3000  0.000e+00
     51.866    10.7907   3.614437    32.2829        794     3.3042  0.000e+00
     51.763    10.8038   3.615362    32.2806        795     3.3083  0.000e+00
     51.659    10.8189   3.615834    32.2720        796     3.3125  0.000e+00
     51.558    10.8318   3.615956    32.2619        797     3.3167  0.000e+00
     51.450    10.8414   3.616614    32.2600        798     3.3208  0.000e+00
     51.341    10.8501   3.617207    32.2583        799     3.3250  0.000e+00
     51.245    10.8600   3.617976    32.2572        800     3.3292  0.000e+00
     51.139    10.8706   3.618022    32.2484        801     3.3333  0.000e+00
     51.039    10.8784   3.618372    32.2450        802     3.3375  0.000e+00
     50.945    10.8853   3.619274    32.2479        803     3.3417  0.000e+00
     50.851    10.8943   3.619274    32.2401        804     3.3458  0.000e+00
     50.762    10.9013   3.619851    32.2397        805     3.3500  0.000e+00
     50.681    10.9086   3.620684    32.2415        806     3.3542  0.000e+00
     50.592    10.9182   3.621010    32.2364        807     3.3583  0.000e+00
     50.509    10.9271   3.621039    32.2289        808     3.3625  0.000e+00
     50.431    10.9333   3.621720    32.2302        809     3.3667  0.000e+00
     50.354    10.9398   3.623661    32.2438        810     3.3708  0.000e+00
     50.267    10.9558   3.625380    32.2467        811     3.3750  0.000e+00
     50.184    10.9775   3.625222    32.2261        812     3.3792  0.000e+00
     50.104    10.9935   3.625443    32.2143        813     3.3833  0.000e+00
     50.019    11.0041   3.626218    32.2127        814     3.3875  0.000e+00
     49.927    11.0141   3.627448    32.2161        815     3.3917  0.000e+00
     49.842    11.0277   3.628818    32.2177        816     3.3958  0.000e+00
     49.757    11.0439   3.630118    32.2164        817     3.4000  0.000e+00
     49.677    11.0623   3.631290    32.2119        818     3.4042  0.000e+00
     49.594    11.0819   3.631978    32.2015        819     3.4083  0.000e+00
     49.507    11.1000   3.632176    32.1877        820     3.4125  0.000e+00
     49.419    11.1135   3.632929    32.1834        821     3.4167  0.000e+00
     49.337    11.1261   3.634515    32.1879        822     3.4208  0.000e+00
     49.239    11.1432   3.636598    32.1936        823     3.4250  0.000e+00
     49.147    11.1670   3.637485    32.1815        824     3.4292  0.000e+00
     49.044    11.1903   3.638063    32.1669        825     3.4333  0.000e+00
     48.945    11.2091   3.638658    32.1563        826     3.4375  0.000e+00
     48.849    11.2253   3.639259    32.1482        827     3.4417  0.000e+00
     48.747    11.2392   3.639632    32.1397        828     3.4458  0.000e+00
     48.644    11.2502   3.640076    32.1346        829     3.4500  0.000e+00
     48.538    11.2598   3.640519    32.1306        830     3.4542  0.000e+00
