HB2406/sbe007.cnv
* Sea-Bird SBE 19plus V2 Data File:
* FileName = C:\cruise\data\sbe007.hex
* Software Version Seasave V 7.26.7.121
* Temperature SN = 7037
* Conductivity SN = 7037
* System UpLoad Time = Aug 13 2024 00:19:22
* NMEA Latitude = 40 43.68 N
* NMEA Longitude = 070 11.29 W
* NMEA UTC (Time) = Aug 13 2024  00:18:12
** Ship: Henry Bigelow
** Cruise:  HB2406
** Program:  ECOMON
# nquan = 7
# nvalues = 1370                                  
# units = specified
# name 0 = depSM: Depth [salt water, m]
# name 1 = tv290C: Temperature [ITS-90, deg C]
# name 2 = c0S/m: Conductivity [S/m]
# name 3 = sal00: Salinity, Practical [PSU]
# name 4 = scan: Scan Count
# name 5 = timeM: Time, Elapsed [minutes]
# name 6 = flag:  0.000e+00
# span 0 =     -0.038,     39.277                 
# span 1 =    11.7850,    21.4641                 
# span 2 =  -0.000044,   4.504721                 
# span 3 =     0.0000,    31.9192                 
# span 4 =         11,       1380                 
# span 5 =     0.0417,     5.7458                 
# span 6 = 0.0000e+00, 0.0000e+00                 
# interval = seconds: 0.25
# start_time = Aug 13 2024 00:18:12 [NMEA time, header]
# bad_flag = -9.990e-29
*END*
[from data line 411]
     38.799    11.7879   3.662237    31.8899        422     1.7542  0.000e+00
     38.796    11.7878   3.662354    31.8911        423     1.7583  0.000e+00
     38.798    11.7882   3.662284    31.8901        424     1.7625  0.000e+00
     38.792    11.7885   3.662330    31.8903        425     1.7667  0.000e+00
     38.790    11.7888   3.662219    31.8890        426     1.7708  0.000e+00
     38.792    11.7886   3.662219    31.8891        427     1.7750  0.000e+00
     38.790    11.7884   3.662307    31.8902        428     1.7792  0.000e+00
     38.790    11.7886   3.662237    31.8893        429     1.7833  0.000e+00
     38.794    11.7883   3.662196    31.8892        430     1.7875  0.000e+00
     38.790    11.7880   3.662219    31.8896        431     1.7917  0.000e+00
     38.792    11.7880   3.662219    31.8896        432     1.7958  0.000e+00
     38.785    11.7881   3.662354    31.8909        433     1.8000  0.000e+00
     38.772    11.7886   3.662371    31.8906        434     1.8042  0.000e+00
     38.756    11.7894   3.662395    31.8901        435     1.8083  0.000e+00
     38.725    11.7900   3.662442    31.8901        436     1.8125  0.000e+00
     38.696    11.7904   3.662529    31.8906        437     1.8167  0.000e+00
     38.664    11.7911   3.662576    31.8905        438     1.8208  0.000e+00
     38.628    11.7919   3.662799    31.8920        439     1.8250  0.000e+00
     38.588    11.7934   3.662933    31.8920        440     1.8292  0.000e+00
     38.552    11.7953   3.662997    31.8910        441     1.8333  0.000e+00
     38.516    11.7967   3.662945    31.8893        442     1.8375  0.000e+00
     38.478    11.7976   3.663021    31.8893        443     1.8417  0.000e+00
     38.438    11.7983   3.663109    31.8896        444     1.8458  0.000e+00
     38.396    11.7992   3.663138    31.8891        445     1.8500  0.000e+00
     38.351    11.8000   3.663155    31.8886        446     1.8542  0.000e+00
     38.311    11.8007   3.663243    31.8889        447     1.8583  0.000e+00
     38.262    11.8017   3.663331    31.8888        448     1.8625  0.000e+00
     38.215    11.8026   3.663313    31.8880        449     1.8667  0.000e+00
     38.172    11.8033   3.663378    31.8880        450     1.8708  0.000e+00
     38.132    11.8041   3.663465    31.8882        451     1.8750  0.000e+00
     38.090    11.8049   3.663547    31.8883        452     1.8792  0.000e+00
     38.058    11.8057   3.663577    31.8879        453     1.8833  0.000e+00
     38.027    11.8066   3.663647    31.8878        454     1.8875  0.000e+00
     37.989    11.8074   3.663600    31.8867        455     1.8917  0.000e+00
     37.957    11.8078   3.663565    31.8860        456     1.8958  0.000e+00
     37.924    11.8079   3.663600    31.8863        457     1.9000  0.000e+00
     37.891    11.8083   3.663957    31.8894        458     1.9042  0.000e+00
     37.861    11.8100   3.664039    31.8888        459     1.9083  0.000e+00
     37.826    11.8118   3.664203    31.8888        460     1.9125  0.000e+00
     37.781    11.8139   3.664425    31.8892        461     1.9167  0.000e+00
     37.727    11.8161   3.664466    31.8877        462     1.9208  0.000e+00
     37.667    11.8180   3.664560    31.8871        463     1.9250  0.000e+00
     37.599    11.8197   3.664607    31.8860        464     1.9292  0.000e+00
     37.526    11.8212   3.664694    31.8857        465     1.9333  0.000e+00
     37.438    11.8222   3.664741    31.8853        466     1.9375  0.000e+00
     37.360    11.8233   3.664782    31.8847        467     1.9417  0.000e+00
     37.277    11.8242   3.665098    31.8870        468     1.9458  0.000e+00
     37.195    11.8261   3.665274    31.8872        469     1.9500  0.000e+00
     37.119    11.8284   3.665408    31.8865        470     1.9542  0.000e+00
     37.047    11.8308   3.666193    31.8921        471     1.9583  0.000e+00
     36.977    11.8355   3.666843    31.8944        472     1.9625  0.000e+00
     36.915    11.8420   3.666854    31.8890        473     1.9667  0.000e+00
     36.852    11.8469   3.666995    31.8861        474     1.9708  0.000e+00
     36.794    11.8505   3.667041    31.8835        475     1.9750  0.000e+00
     36.734    11.8531   3.667071    31.8816        476     1.9792  0.000e+00
     36.678    11.8549   3.667088    31.8803        477     1.9833  0.000e+00
     36.624    11.8559   3.667129    31.8798        478     1.9875  0.000e+00
     36.561    11.8569   3.667158    31.8793        479     1.9917  0.000e+00
     36.501    11.8576   3.667240    31.8795        480     1.9958  0.000e+00
     36.438    11.8585   3.667445    31.8808        481     2.0000  0.000e+00
     36.374    11.8600   3.668054    31.8854        482     2.0042  0.000e+00
     36.309    11.8636   3.668318    31.8849        483     2.0083  0.000e+00
     36.235    11.8678   3.668628    31.8843        484     2.0125  0.000e+00
     36.170    11.8718   3.668921    31.8838        485     2.0167  0.000e+00
     36.099    11.8759   3.669038    31.8814        486     2.0208  0.000e+00
     36.025    11.8792   3.669301    31.8812        487     2.0250  0.000e+00
     35.945    11.8824   3.669565    31.8809        488     2.0292  0.000e+00
     35.868    11.8858   3.669852    31.8809        489     2.0333  0.000e+00
     35.783    11.8894   3.670238    31.8816        490     2.0375  0.000e+00
     35.701    11.8938   3.670841    31.8837        491     2.0417  0.000e+00
     35.620    11.8990   3.671433    31.8849        492     2.0458  0.000e+00
     35.535    11.9054   3.671626    31.8813        493     2.0500  0.000e+00
     35.452    11.9111   3.672007    31.8802        494     2.0542  0.000e+00
     35.374    11.9162   3.672505    31.8807        495     2.0583  0.000e+00
     35.296    11.9220   3.673015    31.8807        496     2.0625  0.000e+00
     35.220    11.9280   3.673442    31.8797        497     2.0667  0.000e+00
     35.146    11.9342   3.673858    31.8785        498     2.0708  0.000e+00
     35.070    11.9400   3.674245    31.8772        499     2.0750  0.000e+00
     35.003    11.9457   3.674696    31.8767        500     2.0792  0.000e+00
     34.926    11.9517   3.675364    31.8781        501     2.0833  0.000e+00
     34.852    11.9585   3.675803    31.8766        502     2.0875  0.000e+00
     34.777    11.9654   3.676243    31.8749        503     2.0917  0.000e+00
     34.701    11.9718   3.676577    31.8727        504     2.0958  0.000e+00
     34.627    11.9779   3.676794    31.8696        505     2.1000  0.000e+00
     34.544    11.9827   3.677497    31.8723        506     2.1042  0.000e+00
     34.464    11.9886   3.678236    31.8744        507     2.1083  0.000e+00
     34.394    11.9962   3.679279    31.8780        508     2.1125  0.000e+00
     34.320    12.0060   3.680299    31.8795        509     2.1167  0.000e+00
     34.251    12.0175   3.681044    31.8768        510     2.1208  0.000e+00
     34.182    12.0286   3.681431    31.8711        511     2.1250  0.000e+00
     34.124    12.0379   3.682052    31.8692        512     2.1292  0.000e+00
     34.063    12.0465   3.682815    31.8692        513     2.1333  0.000e+00
     34.000    12.0556   3.683618    31.8692        514     2.1375  0.000e+00
     33.940    12.0651   3.683964    31.8644        515     2.1417  0.000e+00
     33.880    12.0734   3.684410    31.8617        516     2.1458  0.000e+00
     33.819    12.0805   3.684973    31.8611        517     2.1500  0.000e+00
     33.757    12.0878   3.686346    31.8680        518     2.1542  0.000e+00
     33.696    12.0981   3.687707    31.8724        519     2.1583  0.000e+00
     33.638    12.1117   3.688751    31.8709        520     2.1625  0.000e+00
     33.580    12.1257   3.689362    31.8648        521     2.1667  0.000e+00
     33.520    12.1379   3.689514    31.8559        522     2.1708  0.000e+00
     33.463    12.1467   3.689790    31.8511        523     2.1750  0.000e+00
     33.406    12.1534   3.690506    31.8523        524     2.1792  0.000e+00
     33.349    12.1604   3.691111    31.8521        525     2.1833  0.000e+00
     33.293    12.1681   3.692132    31.8554        526     2.1875  0.000e+00
     33.229    12.1773   3.692672    31.8528        527     2.1917  0.000e+00
     33.159    12.1866   3.692983    31.8479        528     2.1958  0.000e+00
     33.094    12.1939   3.693347    31.8452        529     2.2000  0.000e+00
     33.020    12.2003   3.693975    31.8458        530     2.2042  0.000e+00
     32.940    12.2070   3.694586    31.8460        531     2.2083  0.000e+00
     32.851    12.2141   3.695285    31.8467        532     2.2125  0.000e+00
     32.770    12.2220   3.695766    31.8446        533     2.2167  0.000e+00
     32.689    12.2296   3.695984    31.8402        534     2.2208  0.000e+00
     32.609    12.2355   3.696213    31.8375        535     2.2250  0.000e+00
     32.535    12.2402   3.696606    31.8373        536     2.2292  0.000e+00
     32.472    12.2447   3.697000    31.8372        537     2.2333  0.000e+00
     32.403    12.2496   3.697170    31.8347        538     2.2375  0.000e+00
     32.354    12.2537   3.697411    31.8336        539     2.2417  0.000e+00
     32.307    12.2572   3.697546    31.8319        540     2.2458  0.000e+00
     32.269    12.2603   3.697710    31.8309        541     2.2500  0.000e+00
     32.235    12.2629   3.697904    31.8305        542     2.2542  0.000e+00
     32.198    12.2653   3.697951    31.8289        543     2.2583  0.000e+00
     32.164    12.2671   3.697969    31.8276        544     2.2625  0.000e+00
     32.132    12.2686   3.698039    31.8271        545     2.2667  0.000e+00
     32.103    12.2697   3.698397    31.8295        546     2.2708  0.000e+00
     32.063    12.2716   3.698674    31.8306        547     2.2750  0.000e+00
     32.019    12.2741   3.698562    31.8274        548     2.2792  0.000e+00
     31.973    12.2758   3.699114    31.8313        549     2.2833  0.000e+00
     31.922    12.2785   3.699778    31.8353        550     2.2875  0.000e+00
     31.866    12.2827   3.699631    31.8304        551     2.2917  0.000e+00
     31.801    12.2854   3.699690    31.8287        552     2.2958  0.000e+00
     31.739    12.2872   3.699643    31.8268        553     2.3000  0.000e+00
     31.669    12.2882   3.699525    31.8248        554     2.3042  0.000e+00
     31.596    12.2884   3.699484    31.8242        555     2.3083  0.000e+00
     31.517    12.2882   3.699696    31.8265        556     2.3125  0.000e+00
     31.443    12.2889   3.699848    31.8273        557     2.3167  0.000e+00
     31.365    12.2898   3.699913    31.8273        558     2.3208  0.000e+00
     31.289    12.2908   3.699978    31.8271        559     2.3250  0.000e+00
     31.216    12.2916   3.700025    31.8268        560     2.3292  0.000e+00
     31.149    12.2924   3.700142    31.8273        561     2.3333  0.000e+00
     31.084    12.2930   3.700236    31.8277        562     2.3375  0.000e+00
     31.028    12.2942   3.700277    31.8272        563     2.3417  0.000e+00
     30.972    12.2951   3.700389    31.8275        564     2.3458  0.000e+00
     30.923    12.2962   3.700730    31.8299        565     2.3500  0.000e+00
     30.869    12.2979   3.700659    31.8278        566     2.3542  0.000e+00
     30.817    12.2994   3.700671    31.8266        567     2.3583  0.000e+00
     30.764    12.3004   3.700682    31.8259        568     2.3625  0.000e+00
     30.706    12.3008   3.700818    31.8268        569     2.3667  0.000e+00
     30.647    12.3020   3.700953    31.8272        570     2.3708  0.000e+00
     30.591    12.3029   3.701335    31.8300        571     2.3750  0.000e+00
     30.527    12.3053   3.701341    31.8281        572     2.3792  0.000e+00
     30.468    12.3071   3.701405    31.8272        573     2.3833  0.000e+00
     30.393    12.3085   3.701552    31.8274        574     2.3875  0.000e+00
     30.327    12.3100   3.701476    31.8255        575     2.3917  0.000e+00
     30.269    12.3106   3.701611    31.8263        576     2.3958  0.000e+00
     30.202    12.3114   3.701511    31.8246        577     2.4000  0.000e+00
     30.133    12.3118   3.701587    31.8251        578     2.4042  0.000e+00
     30.068    12.3121   3.701452    31.8236        579     2.4083  0.000e+00
     30.006    12.3119   3.701617    31.8253        580     2.4125  0.000e+00
     29.945    12.3122   3.701811    31.8269        581     2.4167  0.000e+00
     29.894    12.3134   3.702010    31.8279        582     2.4208  0.000e+00
     29.844    12.3148   3.701881    31.8254        583     2.4250  0.000e+00
     29.797    12.3156   3.701904    31.8251        584     2.4292  0.000e+00
     29.761    12.3158   3.701987    31.8257        585     2.4333  0.000e+00
     29.726    12.3163   3.701993    31.8253        586     2.4375  0.000e+00
     29.701    12.3167   3.702204    31.8270        587     2.4417  0.000e+00
     29.672    12.3177   3.702357    31.8277        588     2.4458  0.000e+00
     29.650    12.3191   3.702357    31.8265        589     2.4500  0.000e+00
     29.629    12.3204   3.702422    31.8259        590     2.4542  0.000e+00
     29.594    12.3214   3.702375    31.8247        591     2.4583  0.000e+00
     29.567    12.3219   3.702680    31.8272        592     2.4625  0.000e+00
     29.533    12.3232   3.702962    31.8288        593     2.4667  0.000e+00
     29.493    12.3257   3.702945    31.8265        594     2.4708  0.000e+00
     29.444    12.3272   3.702851    31.8244        595     2.4750  0.000e+00
     29.390    12.3280   3.702921    31.8244        596     2.4792  0.000e+00
     29.332    12.3285   3.703045    31.8252        597     2.4833  0.000e+00
     29.261    12.3296   3.703803    31.8315        598     2.4875  0.000e+00
     29.194    12.3328   3.704344    31.8340        599     2.4917  0.000e+00
     29.113    12.3378   3.704279    31.8292        600     2.4958  0.000e+00
     29.039    12.3412   3.704343    31.8269        601     2.5000  0.000e+00
     28.959    12.3437   3.704520    31.8265        602     2.5042  0.000e+00
     28.880    12.3457   3.704455    31.8243        603     2.5083  0.000e+00
     28.802    12.3468   3.705067    31.8292        604     2.5125  0.000e+00
     28.730    12.3496   3.705731    31.8332        605     2.5167  0.000e+00
     28.657    12.3546   3.705496    31.8267        606     2.5208  0.000e+00
     28.588    12.3577   3.705537    31.8245        607     2.5250  0.000e+00
     28.532    12.3594   3.705860    31.8262        608     2.5292  0.000e+00
     28.471    12.3615   3.706107    31.8268        609     2.5333  0.000e+00
     28.420    12.3643   3.706336    31.8266        610     2.5375  0.000e+00
     28.375    12.3670   3.707036    31.8310        611     2.5417  0.000e+00
     28.326    12.3714   3.706983    31.8268        612     2.5458  0.000e+00
     28.292    12.3749   3.707289    31.8268        613     2.5500  0.000e+00
     28.250    12.3778   3.707059    31.8221        614     2.5542  0.000e+00
     28.216    12.3794   3.707636    31.8263        615     2.5583  0.000e+00
     28.182    12.3822   3.707671    31.8243        616     2.5625  0.000e+00
     28.147    12.3846   3.707636    31.8219        617     2.5667  0.000e+00
     28.111    12.3860   3.707783    31.8221        618     2.5708  0.000e+00
     28.073    12.3873   3.708330    31.8263        619     2.5750  0.000e+00
     28.035    12.3905   3.708806    31.8281        620     2.5792  0.000e+00
     27.986    12.3949   3.708847    31.8248        621     2.5833  0.000e+00
     27.936    12.3981   3.710541    31.8383        622     2.5875  0.000e+00
     27.870    12.4061   3.711659    31.8422        623     2.5917  0.000e+00
     27.807    12.4171   3.711182    31.8283        624     2.5958  0.000e+00
     27.740    12.4244   3.711994    31.8300        625     2.6000  0.000e+00
