HB2406/sbe033.cnv
* Sea-Bird SBE 19plus V2 Data File:
* FileName = C:\cruise\data\sbe033.hex
* Software Version Seasave V 7.26.7.121
* Temperature SN = 7037
* Conductivity SN = 7037
* System UpLoad Time = Aug 15 2024 01:24:40
* NMEA Latitude = 41 47.74 N
* NMEA Longitude = 066 08.91 W
* NMEA UTC (Time) = Aug 15 2024  01:23:31
** Ship: Henry Bigelow
** Cruise:  HB2406
** Program:  ECOMON
# nquan = 7
# nvalues = 1932                                  
# units = specified
# name 0 = depSM: Depth [salt water, m]
# name 1 = tv290C: Temperature [ITS-90, deg C]
# name 2 = c0S/m: Conductivity [S/m]
# name 3 = sal00: Salinity, Practical [PSU]
# name 4 = scan: Scan Count
# name 5 = timeM: Time, Elapsed [minutes]
# name 6 = flag:  0.000e+00
# span 0 =     -0.001,     84.492                 
# span 1 =     8.2735,    18.3876                 
# span 2 =  -0.000001,   4.225515                 
# span 3 =     0.0000,    33.0093                 
# span 4 =         11,       1942                 
# span 5 =     0.0417,     8.0875                 
# span 6 = 0.0000e+00, 0.0000e+00                 
# interval = seconds: 0.25
# start_time = Aug 15 2024 01:23:31 [NMEA time, header]
# bad_flag = -9.990e-29
*END*
[from data line 821]
     69.167     8.4629   3.469370    32.9033        832     3.4625  0.000e+00
     69.113     8.4621   3.469433    32.9047        833     3.4667  0.000e+00
     69.055     8.4617   3.469307    32.9038        834     3.4708  0.000e+00
     68.990     8.4614   3.469227    32.9033        835     3.4750  0.000e+00
     68.926     8.4607   3.469622    32.9081        836     3.4792  0.000e+00
     68.852     8.4612   3.469187    32.9031        837     3.4833  0.000e+00
     68.783     8.4607   3.469101    32.9027        838     3.4875  0.000e+00
     68.706     8.4599   3.469158    32.9040        839     3.4917  0.000e+00
     68.624     8.4597   3.469416    32.9070        840     3.4958  0.000e+00
     68.546     8.4600   3.469479    32.9074        841     3.5000  0.000e+00
     68.458     8.4608   3.469416    32.9061        842     3.5042  0.000e+00
     68.364     8.4610   3.469496    32.9068        843     3.5083  0.000e+00
     68.273     8.4610   3.469553    32.9074        844     3.5125  0.000e+00
     68.174     8.4614   3.469227    32.9037        845     3.5167  0.000e+00
     68.082     8.4609   3.468935    32.9010        846     3.5208  0.000e+00
     67.988     8.4598   3.468809    32.9008        847     3.5250  0.000e+00
     67.890     8.4585   3.468413    32.8979        848     3.5292  0.000e+00
     67.801     8.4568   3.468391    32.8993        849     3.5333  0.000e+00
     67.707     8.4553   3.468517    32.9020        850     3.5375  0.000e+00
     67.611     8.4547   3.468391    32.9013        851     3.5417  0.000e+00
     67.521     8.4543   3.468368    32.9015        852     3.5458  0.000e+00
     67.436     8.4538   3.468305    32.9014        853     3.5500  0.000e+00
     67.345     8.4533   3.468264    32.9014        854     3.5542  0.000e+00
     67.253     8.4528   3.468116    32.9003        855     3.5583  0.000e+00
     67.159     8.4524   3.468304    32.9028        856     3.5625  0.000e+00
     67.063     8.4523   3.468259    32.9025        857     3.5667  0.000e+00
     66.966     8.4522   3.468035    32.9002        858     3.5708  0.000e+00
     66.873     8.4519   3.468390    32.9043        859     3.5750  0.000e+00
     66.785     8.4521   3.468304    32.9033        860     3.5792  0.000e+00
     66.694     8.4525   3.468327    32.9032        861     3.5833  0.000e+00
     66.609     8.4525   3.468321    32.9031        862     3.5875  0.000e+00
     66.522     8.4525   3.468201    32.9019        863     3.5917  0.000e+00
     66.448     8.4524   3.468241    32.9024        864     3.5958  0.000e+00
     66.367     8.4524   3.468241    32.9025        865     3.6000  0.000e+00
     66.293     8.4524   3.468235    32.9025        866     3.6042  0.000e+00
     66.211     8.4522   3.468178    32.9021        867     3.6083  0.000e+00
     66.124     8.4521   3.468201    32.9024        868     3.6125  0.000e+00
     66.045     8.4520   3.467445    32.8947        869     3.6167  0.000e+00
     65.951     8.4503   3.467548    32.8973        870     3.6208  0.000e+00
     65.851     8.4489   3.468081    32.9043        871     3.6250  0.000e+00
     65.750     8.4495   3.468218    32.9053        872     3.6292  0.000e+00
     65.638     8.4504   3.468264    32.9049        873     3.6333  0.000e+00
     65.528     8.4511   3.468281    32.9045        874     3.6375  0.000e+00
     65.417     8.4518   3.468258    32.9037        875     3.6417  0.000e+00
     65.309     8.4521   3.468092    32.9016        876     3.6458  0.000e+00
     65.200     8.4518   3.467153    32.8921        877     3.6500  0.000e+00
     65.090     8.4498   3.467153    32.8941        878     3.6542  0.000e+00
     64.983     8.4479   3.467405    32.8985        879     3.6583  0.000e+00
     64.885     8.4470   3.466769    32.8927        880     3.6625  0.000e+00
     64.790     8.4454   3.467004    32.8967        881     3.6667  0.000e+00
     64.695     8.4445   3.466695    32.8943        882     3.6708  0.000e+00
     64.611     8.4434   3.466546    32.8939        883     3.6750  0.000e+00
     64.522     8.4422   3.466305    32.8925        884     3.6792  0.000e+00
     64.444     8.4409   3.466941    32.9004        885     3.6833  0.000e+00
     64.372     8.4415   3.467004    32.9005        886     3.6875  0.000e+00
     64.303     8.4424   3.467405    32.9040        887     3.6917  0.000e+00
     64.240     8.4439   3.467364    32.9022        888     3.6958  0.000e+00
     64.175     8.4449   3.466855    32.8959        889     3.7000  0.000e+00
     64.115     8.4446   3.467364    32.9016        890     3.7042  0.000e+00
     64.046     8.4449   3.466861    32.8960        891     3.7083  0.000e+00
     63.977     8.4446   3.466460    32.8921        892     3.7125  0.000e+00
     63.903     8.4428   3.466414    32.8933        893     3.7167  0.000e+00
     63.829     8.4414   3.466420    32.8947        894     3.7208  0.000e+00
     63.742     8.4407   3.466420    32.8954        895     3.7250  0.000e+00
     63.653     8.4401   3.466294    32.8947        896     3.7292  0.000e+00
     63.556     8.4394   3.465206    32.8839        897     3.7333  0.000e+00
     63.458     8.4366   3.464599    32.8802        898     3.7375  0.000e+00
     63.349     8.4328   3.464662    32.8844        899     3.7417  0.000e+00
     63.244     8.4303   3.464645    32.8866        900     3.7458  0.000e+00
     63.138     8.4289   3.464771    32.8893        901     3.7500  0.000e+00
     63.035     8.4281   3.464839    32.8909        902     3.7542  0.000e+00
     62.933     8.4280   3.464662    32.8892        903     3.7583  0.000e+00
     62.839     8.4275   3.465876    32.9025        904     3.7625  0.000e+00
     62.742     8.4296   3.466797    32.9102        905     3.7667  0.000e+00
     62.664     8.4340   3.465646    32.8940        906     3.7708  0.000e+00
     62.586     8.4349   3.465417    32.8908        907     3.7750  0.000e+00
     62.514     8.4338   3.464977    32.8872        908     3.7792  0.000e+00
     62.449     8.4322   3.464708    32.8859        909     3.7833  0.000e+00
     62.385     8.4305   3.464519    32.8856        910     3.7875  0.000e+00
     62.327     8.4287   3.464421    32.8862        911     3.7917  0.000e+00
     62.270     8.4271   3.464456    32.8880        912     3.7958  0.000e+00
     62.219     8.4265   3.464393    32.8880        913     3.8000  0.000e+00
     62.168     8.4258   3.464393    32.8887        914     3.8042  0.000e+00
     62.110     8.4254   3.464381    32.8890        915     3.8083  0.000e+00
     62.045     8.4251   3.464370    32.8891        916     3.8125  0.000e+00
     61.978     8.4251   3.464456    32.8901        917     3.8167  0.000e+00
     61.908     8.4251   3.464410    32.8896        918     3.8208  0.000e+00
     61.830     8.4252   3.464335    32.8888        919     3.8250  0.000e+00
     61.756     8.4250   3.464370    32.8894        920     3.8292  0.000e+00
     61.671     8.4250   3.464410    32.8898        921     3.8333  0.000e+00
     61.586     8.4253   3.464267    32.8881        922     3.8375  0.000e+00
     61.495     8.4250   3.464118    32.8868        923     3.8417  0.000e+00
     61.407     8.4245   3.464095    32.8871        924     3.8458  0.000e+00
     61.313     8.4239   3.464101    32.8878        925     3.8500  0.000e+00
     61.217     8.4238   3.464078    32.8877        926     3.8542  0.000e+00
     61.115     8.4235   3.464078    32.8880        927     3.8583  0.000e+00
     61.014     8.4234   3.464072    32.8881        928     3.8625  0.000e+00
     60.916     8.4234   3.464037    32.8878        929     3.8667  0.000e+00
     60.815     8.4232   3.463929    32.8868        930     3.8708  0.000e+00
     60.719     8.4232   3.463911    32.8867        931     3.8750  0.000e+00
     60.622     8.4231   3.463894    32.8867        932     3.8792  0.000e+00
     60.522     8.4231   3.463889    32.8867        933     3.8833  0.000e+00
     60.434     8.4231   3.463871    32.8865        934     3.8875  0.000e+00
     60.345     8.4231   3.463848    32.8863        935     3.8917  0.000e+00
     60.255     8.4233   3.463831    32.8860        936     3.8958  0.000e+00
     60.173     8.4233   3.463848    32.8862        937     3.9000  0.000e+00
     60.088     8.4231   3.463808    32.8860        938     3.9042  0.000e+00
     60.005     8.4231   3.463785    32.8858        939     3.9083  0.000e+00
     59.925     8.4230   3.463745    32.8855        940     3.9125  0.000e+00
     59.848     8.4229   3.463762    32.8858        941     3.9167  0.000e+00
     59.766     8.4229   3.463745    32.8856        942     3.9208  0.000e+00
     59.683     8.4228   3.463722    32.8855        943     3.9250  0.000e+00
     59.598     8.4228   3.463699    32.8853        944     3.9292  0.000e+00
     59.509     8.4228   3.463699    32.8854        945     3.9333  0.000e+00
     59.428     8.4228   3.463699    32.8855        946     3.9375  0.000e+00
     59.341     8.4229   3.463619    32.8846        947     3.9417  0.000e+00
     59.249     8.4226   3.463573    32.8844        948     3.9458  0.000e+00
     59.175     8.4225   3.463568    32.8844        949     3.9500  0.000e+00
     59.091     8.4224   3.463573    32.8847        950     3.9542  0.000e+00
     59.005     8.4222   3.463619    32.8854        951     3.9583  0.000e+00
     58.929     8.4224   3.463636    32.8854        952     3.9625  0.000e+00
     58.847     8.4224   3.463653    32.8856        953     3.9667  0.000e+00
     58.768     8.4223   3.463596    32.8851        954     3.9708  0.000e+00
     58.688     8.4224   3.463556    32.8846        955     3.9750  0.000e+00
     58.608     8.4223   3.463533    32.8845        956     3.9792  0.000e+00
     58.523     8.4221   3.463493    32.8843        957     3.9833  0.000e+00
     58.436     8.4224   3.463481    32.8840        958     3.9875  0.000e+00
     58.353     8.4222   3.463447    32.8838        959     3.9917  0.000e+00
     58.259     8.4222   3.463493    32.8844        960     3.9958  0.000e+00
     58.174     8.4221   3.463493    32.8845        961     4.0000  0.000e+00
     58.089     8.4221   3.463567    32.8853        962     4.0042  0.000e+00
     58.000     8.4222   3.463533    32.8849        963     4.0083  0.000e+00
     57.923     8.4223   3.463344    32.8829        964     4.0125  0.000e+00
     57.836     8.4222   3.463407    32.8837        965     4.0167  0.000e+00
     57.751     8.4222   3.463458    32.8842        966     4.0208  0.000e+00
     57.668     8.4222   3.463304    32.8827        967     4.0250  0.000e+00
     57.583     8.4221   3.463407    32.8838        968     4.0292  0.000e+00
     57.496     8.4222   3.463367    32.8834        969     4.0333  0.000e+00
     57.414     8.4223   3.463349    32.8832        970     4.0375  0.000e+00
     57.320     8.4223   3.463367    32.8834        971     4.0417  0.000e+00
     57.239     8.4223   3.463344    32.8832        972     4.0458  0.000e+00
     57.141     8.4224   3.463218    32.8818        973     4.0500  0.000e+00
     57.056     8.4224   3.463218    32.8819        974     4.0542  0.000e+00
     56.968     8.4223   3.463218    32.8820        975     4.0583  0.000e+00
     56.879     8.4221   3.463201    32.8820        976     4.0625  0.000e+00
     56.794     8.4220   3.463218    32.8823        977     4.0667  0.000e+00
     56.705     8.4221   3.463344    32.8836        978     4.0708  0.000e+00
     56.627     8.4223   3.463349    32.8836        979     4.0750  0.000e+00
     56.548     8.4226   3.463263    32.8823        980     4.0792  0.000e+00
     56.463     8.4226   3.463218    32.8819        981     4.0833  0.000e+00
     56.385     8.4225   3.463137    32.8812        982     4.0875  0.000e+00
     56.311     8.4223   3.463132    32.8814        983     4.0917  0.000e+00
     56.233     8.4221   3.463092    32.8811        984     4.0958  0.000e+00
     56.152     8.4219   3.463114    32.8816        985     4.1000  0.000e+00
     56.074     8.4219   3.463137    32.8819        986     4.1042  0.000e+00
     55.994     8.4220   3.463109    32.8815        987     4.1083  0.000e+00
     55.913     8.4220   3.463091    32.8814        988     4.1125  0.000e+00
     55.823     8.4220   3.463177    32.8823        989     4.1167  0.000e+00
     55.739     8.4223   3.463217    32.8825        990     4.1208  0.000e+00
     55.651     8.4228   3.463217    32.8821        991     4.1250  0.000e+00
     55.557     8.4231   3.463240    32.8821        992     4.1292  0.000e+00
     55.461     8.4235   3.463217    32.8815        993     4.1333  0.000e+00
     55.361     8.4238   3.463263    32.8818        994     4.1375  0.000e+00
     55.262     8.4240   3.463217    32.8812        995     4.1417  0.000e+00
     55.159     8.4241   3.463194    32.8809        996     4.1458  0.000e+00
     55.057     8.4245   3.463240    32.8811        997     4.1500  0.000e+00
     54.954     8.4248   3.463240    32.8808        998     4.1542  0.000e+00
     54.858     8.4253   3.463303    32.8811        999     4.1583  0.000e+00
     54.764     8.4259   3.463280    32.8803       1000     4.1625  0.000e+00
     54.668     8.4263   3.463326    32.8805       1001     4.1667  0.000e+00
     54.580     8.4268   3.463366    32.8804       1002     4.1708  0.000e+00
     54.493     8.4269   3.463326    32.8800       1003     4.1750  0.000e+00
     54.415     8.4271   3.463326    32.8798       1004     4.1792  0.000e+00
     54.339     8.4274   3.463366    32.8800       1005     4.1833  0.000e+00
     54.260     8.4277   3.463343    32.8795       1006     4.1875  0.000e+00
     54.193     8.4278   3.463366    32.8796       1007     4.1917  0.000e+00
     54.124     8.4279   3.463388    32.8799       1008     4.1958  0.000e+00
     54.052     8.4282   3.463388    32.8796       1009     4.2000  0.000e+00
     53.992     8.4284   3.463428    32.8799       1010     4.2042  0.000e+00
     53.916     8.4286   3.463446    32.8799       1011     4.2083  0.000e+00
     53.840     8.4288   3.463468    32.8800       1012     4.2125  0.000e+00
     53.762     8.4292   3.463457    32.8795       1013     4.2167  0.000e+00
     53.670     8.4293   3.463445    32.8793       1014     4.2208  0.000e+00
     53.579     8.4293   3.463491    32.8799       1015     4.2250  0.000e+00
     53.483     8.4295   3.463468    32.8795       1016     4.2292  0.000e+00
     53.384     8.4297   3.463480    32.8795       1017     4.2333  0.000e+00
     53.283     8.4297   3.463491    32.8796       1018     4.2375  0.000e+00
     53.180     8.4297   3.463428    32.8790       1019     4.2417  0.000e+00
     53.078     8.4296   3.463428    32.8791       1020     4.2458  0.000e+00
     52.972     8.4296   3.463411    32.8790       1021     4.2500  0.000e+00
     52.874     8.4296   3.463388    32.8789       1022     4.2542  0.000e+00
     52.778     8.4295   3.463365    32.8788       1023     4.2583  0.000e+00
     52.684     8.4295   3.463342    32.8785       1024     4.2625  0.000e+00
     52.593     8.4295   3.463325    32.8784       1025     4.2667  0.000e+00
     52.499     8.4293   3.463256    32.8779       1026     4.2708  0.000e+00
     52.409     8.4292   3.463216    32.8776       1027     4.2750  0.000e+00
     52.322     8.4291   3.463090    32.8764       1028     4.2792  0.000e+00
     52.237     8.4290   3.463050    32.8762       1029     4.2833  0.000e+00
     52.152     8.4288   3.463170    32.8776       1030     4.2875  0.000e+00
     52.073     8.4288   3.463027    32.8762       1031     4.2917  0.000e+00
     51.989     8.4288   3.463010    32.8760       1032     4.2958  0.000e+00
     51.910     8.4289   3.462987    32.8757       1033     4.3000  0.000e+00
     51.830     8.4288   3.462998    32.8759       1034     4.3042  0.000e+00
     51.752     8.4290   3.462970    32.8756       1035     4.3083  0.000e+00
