HB2406/sbe004.cnv
* Sea-Bird SBE 19plus V2 Data File:
* FileName = C:\cruise\data\sbe004.hex
* Software Version Seasave V 7.26.7.121
* Temperature SN = 7037
* Conductivity SN = 7037
* System UpLoad Time = Aug 12 2024 21:47:44
* NMEA Latitude = 40 58.92 N
* NMEA Longitude = 070 30.55 W
* NMEA UTC (Time) = Aug 12 2024  21:46:34
** Ship: Henry Bigelow
** Cruise:  HB2406
** Program:  ECOMON
# nquan = 7
# nvalues = 1386                                  
# units = specified
# name 0 = depSM: Depth [salt water, m]
# name 1 = tv290C: Temperature [ITS-90, deg C]
# name 2 = c0S/m: Conductivity [S/m]
# name 3 = sal00: Salinity, Practical [PSU]
# name 4 = scan: Scan Count
# name 5 = timeM: Time, Elapsed [minutes]
# name 6 = flag:  0.000e+00
# span 0 =     -0.056,     40.882                 
# span 1 =    10.1394,    23.7226                 
# span 2 =  -0.000044,   4.633177                 
# span 3 =     0.0000,    32.0624                 
# span 4 =         11,       1396                 
# span 5 =     0.0417,     5.8125                 
# span 6 = 0.0000e+00, 0.0000e+00                 
# interval = seconds: 0.25
# start_time = Aug 12 2024 21:46:34 [NMEA time, header]
# bad_flag = -9.990e-29
*END*
[from data line 1231]
      6.828    21.7623   4.525322    31.4956       1242     5.1708  0.000e+00
      6.757    21.7661   4.525539    31.4945       1243     5.1750  0.000e+00
      6.703    21.7707   4.525321    31.4895       1244     5.1792  0.000e+00
      6.668    21.7732   4.525717    31.4908       1245     5.1833  0.000e+00
      6.636    21.7754   4.525692    31.4890       1246     5.1875  0.000e+00
      6.618    21.7768   4.525615    31.4874       1247     5.1917  0.000e+00
      6.607    21.7781   4.526087    31.4901       1248     5.1958  0.000e+00
      6.596    21.7798   4.526330    31.4908       1249     5.2000  0.000e+00
      6.587    21.7829   4.527729    31.4994       1250     5.2042  0.000e+00
      6.578    21.7885   4.528367    31.5003       1251     5.2083  0.000e+00
      6.565    21.7955   4.529376    31.5030       1252     5.2125  0.000e+00
      6.554    21.8034   4.530564    31.5065       1253     5.2167  0.000e+00
      6.542    21.8131   4.531235    31.5047       1254     5.2208  0.000e+00
      6.524    21.8220   4.529555    31.4851       1255     5.2250  0.000e+00
      6.504    21.8234   4.527166    31.4656       1256     5.2292  0.000e+00
      6.478    21.8136   4.526010    31.4637       1257     5.2333  0.000e+00
      6.449    21.8021   4.525008    31.4643       1258     5.2375  0.000e+00
      6.422    21.7914   4.524900    31.4713       1259     5.2417  0.000e+00
      6.384    21.7833   4.524632    31.4751       1260     5.2458  0.000e+00
      6.341    21.7780   4.524881    31.4809       1261     5.2500  0.000e+00
      6.294    21.7744   4.524849    31.4833       1262     5.2542  0.000e+00
      6.232    21.7733   4.526732    31.4988       1263     5.2583  0.000e+00
      6.174    21.7781   4.529185    31.5143       1264     5.2625  0.000e+00
      6.109    21.7911   4.530417    31.5145       1265     5.2667  0.000e+00
      6.048    21.8056   4.531279    31.5106       1266     5.2708  0.000e+00
      5.977    21.8174   4.531586    31.5044       1267     5.2750  0.000e+00
      5.916    21.8268   4.530774    31.4913       1268     5.2792  0.000e+00
      5.852    21.8301   4.529957    31.4825       1269     5.2833  0.000e+00
      5.789    21.8289   4.529707    31.4815       1270     5.2875  0.000e+00
      5.731    21.8269   4.531228    31.4948       1271     5.2917  0.000e+00
      5.675    21.8297   4.531234    31.4929       1272     5.2958  0.000e+00
      5.624    21.8331   4.530218    31.4825       1273     5.3000  0.000e+00
      5.592    21.8322   4.530748    31.4873       1274     5.3042  0.000e+00
      5.556    21.8319   4.530800    31.4879       1275     5.3083  0.000e+00
      5.534    21.8322   4.530065    31.4820       1276     5.3125  0.000e+00
      5.512    21.8315   4.531355    31.4925       1277     5.3167  0.000e+00
      5.494    21.8336   4.530442    31.4839       1278     5.3208  0.000e+00
      5.471    21.8336   4.530563    31.4849       1279     5.3250  0.000e+00
      5.440    21.8324   4.531330    31.4917       1280     5.3292  0.000e+00
      5.404    21.8348   4.531866    31.4941       1281     5.3333  0.000e+00
      5.366    21.8386   4.532020    31.4925       1282     5.3375  0.000e+00
      5.322    21.8417   4.532377    31.4931       1283     5.3417  0.000e+00
      5.273    21.8449   4.532473    31.4915       1284     5.3458  0.000e+00
      5.235    21.8474   4.532173    31.4874       1285     5.3500  0.000e+00
      5.205    21.8482   4.531911    31.4848       1286     5.3542  0.000e+00
      5.188    21.8474   4.531840    31.4848       1287     5.3583  0.000e+00
      5.178    21.8465   4.531540    31.4832       1288     5.3625  0.000e+00
      5.179    21.8448   4.531336    31.4828       1289     5.3667  0.000e+00
      5.170    21.8430   4.531042    31.4818       1290     5.3708  0.000e+00
      5.168    21.8407   4.530493    31.4792       1291     5.3750  0.000e+00
      5.149    21.8373   4.530429    31.4812       1292     5.3792  0.000e+00
      5.123    21.8342   4.530563    31.4845       1293     5.3833  0.000e+00
      5.089    21.8331   4.531713    31.4943       1294     5.3875  0.000e+00
      5.042    21.8359   4.532313    31.4969       1295     5.3917  0.000e+00
      4.982    21.8404   4.531055    31.4839       1296     5.3958  0.000e+00
      4.912    21.8400   4.530429    31.4793       1297     5.4000  0.000e+00
      4.841    21.8369   4.530090    31.4790       1298     5.4042  0.000e+00
      4.776    21.8331   4.530141    31.4822       1299     5.4083  0.000e+00
      4.713    21.8306   4.530723    31.4885       1300     5.4125  0.000e+00
      4.658    21.8315   4.530959    31.4897       1301     5.4167  0.000e+00
      4.611    21.8332   4.530646    31.4861       1302     5.4208  0.000e+00
      4.548    21.8327   4.529764    31.4796       1303     5.4250  0.000e+00
      4.526    21.8300   4.529451    31.4792       1304     5.4292  0.000e+00
      4.503    21.8263   4.528845    31.4771       1305     5.4333  0.000e+00
      4.481    21.8215   4.528762    31.4800       1306     5.4375  0.000e+00
      4.470    21.8182   4.529860    31.4909       1307     5.4417  0.000e+00
      4.454    21.8194   4.531195    31.5004       1308     5.4458  0.000e+00
      4.439    21.8254   4.530774    31.4928       1309     5.4500  0.000e+00
      4.425    21.8297   4.530959    31.4911       1310     5.4542  0.000e+00
      4.423    21.8319   4.530850    31.4887       1311     5.4583  0.000e+00
      4.425    21.8332   4.530058    31.4816       1312     5.4625  0.000e+00
      4.446    21.8312   4.529707    31.4803       1313     5.4667  0.000e+00
      4.475    21.8281   4.530167    31.4861       1314     5.4708  0.000e+00
      4.517    21.8273   4.530984    31.4930       1315     5.4750  0.000e+00
      4.564    21.8295   4.530952    31.4912       1316     5.4792  0.000e+00
      4.616    21.8319   4.531329    31.4923       1317     5.4833  0.000e+00
      4.674    21.8343   4.532454    31.4993       1318     5.4875  0.000e+00
      4.734    21.8395   4.532971    31.4995       1319     5.4917  0.000e+00
      4.786    21.8462   4.533393    31.4979       1320     5.4958  0.000e+00
      4.835    21.8514   4.533291    31.4933       1321     5.5000  0.000e+00
      4.880    21.8552   4.533495    31.4921       1322     5.5042  0.000e+00
      4.906    21.8577   4.533374    31.4893       1323     5.5083  0.000e+00
      4.895    21.8590   4.532223    31.4795       1324     5.5125  0.000e+00
      4.833    21.8561   4.530824    31.4707       1325     5.5167  0.000e+00
      4.726    21.8498   4.532179    31.4859       1326     5.5208  0.000e+00
      4.607    21.8487   4.532479    31.4890       1327     5.5250  0.000e+00
      4.488    21.8490   4.532364    31.4879       1328     5.5292  0.000e+00
      4.359    21.8496   4.532837    31.4912       1329     5.5333  0.000e+00
      4.218    21.8511   4.532255    31.4857       1330     5.5375  0.000e+00
      4.077    21.8513   4.532479    31.4873       1331     5.5417  0.000e+00
      3.936    21.8517   4.535942    31.5139       1332     5.5458  0.000e+00
      3.790    21.8621   4.536830    31.5133       1333     5.5500  0.000e+00
      3.647    21.8745   4.536606    31.5026       1334     5.5542  0.000e+00
      3.497    21.8830   4.535941    31.4913       1335     5.5583  0.000e+00
      3.352    21.8855   4.535807    31.4885       1336     5.5625  0.000e+00
      3.231    21.8873   4.536753    31.4946       1337     5.5667  0.000e+00
      3.110    21.8897   4.537162    31.4960       1338     5.5708  0.000e+00
      3.001    21.8941   4.537187    31.4931       1339     5.5750  0.000e+00
      2.900    21.8969   4.537028    31.4898       1340     5.5792  0.000e+00
      2.808    21.8983   4.536976    31.4884       1341     5.5833  0.000e+00
      2.739    21.8989   4.536829    31.4869       1342     5.5875  0.000e+00
      2.687    21.8988   4.536817    31.4869       1343     5.5917  0.000e+00
      2.645    21.8985   4.536829    31.4872       1344     5.5958  0.000e+00
      2.600    21.8983   4.536446    31.4844       1345     5.6000  0.000e+00
      2.569    21.8970   4.536171    31.4832       1346     5.6042  0.000e+00
      2.535    21.8952   4.536631    31.4881       1347     5.6083  0.000e+00
      2.498    21.8950   4.536548    31.4876       1348     5.6125  0.000e+00
      2.459    21.8951   4.536529    31.4874       1349     5.6167  0.000e+00
      2.424    21.8949   4.536778    31.4895       1350     5.6208  0.000e+00
      2.390    21.8958   4.536580    31.4873       1351     5.6250  0.000e+00
      2.355    21.8960   4.536727    31.4883       1352     5.6292  0.000e+00
      2.305    21.8960   4.536740    31.4884       1353     5.6333  0.000e+00
      2.245    21.8965   4.536829    31.4888       1354     5.6375  0.000e+00
      2.153    21.8971   4.536951    31.4893       1355     5.6417  0.000e+00
      2.028    21.8978   4.536548    31.4857       1356     5.6458  0.000e+00
      1.880    21.8970   4.536765    31.4880       1357     5.6500  0.000e+00
      1.728    21.8967   4.537161    31.4913       1358     5.6542  0.000e+00
      1.590    21.8984   4.537315    31.4914       1359     5.6583  0.000e+00
      1.471    21.9002   4.537295    31.4900       1360     5.6625  0.000e+00
      1.364    21.9015   4.537289    31.4889       1361     5.6667  0.000e+00
      1.258    21.9023   4.537295    31.4885       1362     5.6708  0.000e+00
      1.156    21.9027   4.536931    31.4854       1363     5.6750  0.000e+00
      1.057    21.9023   4.536841    31.4850       1364     5.6792  0.000e+00
      0.983    21.9011   4.524213    31.3880       1365     5.6833  0.000e+00
      0.891    21.9000   4.537161    31.4892       1366     5.6875  0.000e+00
      0.834    21.9008   4.535966    31.4794       1367     5.6917  0.000e+00
      0.804    21.9013   4.537186    31.4885       1368     5.6958  0.000e+00
      0.760    21.9017   4.536880    31.4858       1369     5.7000  0.000e+00
      0.688    21.9011   4.536841    31.4860       1370     5.7042  0.000e+00
      0.494    21.9004   4.536777    31.4861       1371     5.7083  0.000e+00
      0.178    21.8998   4.536681    31.4859       1372     5.7125  0.000e+00
      0.008    21.8991   4.536764    31.4871       1373     5.7167  0.000e+00
      0.051    21.8988   4.536803    31.4876       1374     5.7208  0.000e+00
      0.151    21.8987   4.536790    31.4875       1375     5.7250  0.000e+00
      0.234    21.8986   4.536803    31.4877       1376     5.7292  0.000e+00
      0.292    21.8985   4.536790    31.4876       1377     5.7333  0.000e+00
      0.303    21.8986   4.536675    31.4867       1378     5.7375  0.000e+00
      0.243    21.8980   4.536873    31.4886       1379     5.7417  0.000e+00
      0.147    21.8984   4.537263    31.4914       1380     5.7458  0.000e+00
      0.033    21.9003   4.537346    31.4907       1381     5.7500  0.000e+00
      0.020    21.9021   4.537339    31.4893       1382     5.7542  0.000e+00
     -0.028    21.9034   3.590801    24.2736       1383     5.7583  0.000e+00
     -0.050    21.9008   0.890387     5.3206       1384     5.7625  0.000e+00
     -0.050    21.8836   0.451365     2.5747       1385     5.7667  0.000e+00
     -0.052    21.8478   0.331360     1.8562       1386     5.7708  0.000e+00
     -0.047    21.7989   0.244942     1.3504       1387     5.7750  0.000e+00
     -0.052    21.7423   0.221726     1.2174       1388     5.7792  0.000e+00
     -0.048    21.7058   0.197945     1.0814       1389     5.7833  0.000e+00
     -0.052    21.6908   0.174367     0.9469       1390     5.7875  0.000e+00
     -0.056    21.6865   0.153883     0.8307       1391     5.7917  0.000e+00
     -0.052    21.6871   0.145187     0.7817       1392     5.7958  0.000e+00
     -0.050    21.6897   0.137348     0.7375       1393     5.8000  0.000e+00
     -0.047    21.6929   0.125204     0.6695       1394     5.8042  0.000e+00
     -0.043    21.6955   0.112323     0.5979       1395     5.8083  0.000e+00
     -0.047    21.6982   0.100399     0.5319       1396     5.8125  0.000e+00
