HB2406/sbe073.cnv
* Sea-Bird SBE 19plus V2 Data File:
* FileName = C:\cruise\data\sbe073.hex
* Software Version Seasave V 7.26.7.121
* Temperature SN = 7037
* Conductivity SN = 7037
* System UpLoad Time = Aug 18 2024 10:15:56
* NMEA Latitude = 41 44.65 N
* NMEA Longitude = 067 54.54 W
* NMEA UTC (Time) = Aug 18 2024  10:14:49
** Ship: Henry Bigelow
** Cruise:  HB2406
** Program:  ECOMON
# nquan = 7
# nvalues = 1455                                  
# units = specified
# name 0 = depSM: Depth [salt water, m]
# name 1 = tv290C: Temperature [ITS-90, deg C]
# name 2 = c0S/m: Conductivity [S/m]
# name 3 = sal00: Salinity, Practical [PSU]
# name 4 = scan: Scan Count
# name 5 = timeM: Time, Elapsed [minutes]
# name 6 = flag:  0.000e+00
# span 0 =     -0.021,     25.115                 
# span 1 =    16.7449,    18.1726                 
# span 2 =  -0.106951,   4.120751                 
# span 3 =     0.0000,    31.7375                 
# span 4 =         11,       1465                 
# span 5 =     0.0417,     6.1000                 
# span 6 = 0.0000e+00, 0.0000e+00                 
# interval = seconds: 0.25
# start_time = Aug 18 2024 10:14:49 [NMEA time, header]
# bad_flag = -9.990e-29
*END*
[from data line 821]
     14.576    16.7716   4.080329    31.6262        832     3.4625  0.000e+00
     14.505    16.7693   4.080292    31.6277        833     3.4667  0.000e+00
     14.438    16.7675   4.080390    31.6300        834     3.4708  0.000e+00
     14.375    16.7667   4.080347    31.6303        835     3.4750  0.000e+00
     14.322    16.7664   4.080194    31.6293        836     3.4792  0.000e+00
     14.275    16.7655   4.080194    31.6300        837     3.4833  0.000e+00
     14.241    16.7649   4.080139    31.6300        838     3.4875  0.000e+00
     14.217    16.7642   4.080170    31.6309        839     3.4917  0.000e+00
     14.190    16.7641   4.080115    31.6305        840     3.4958  0.000e+00
     14.169    16.7639   4.079998    31.6296        841     3.5000  0.000e+00
     14.145    16.7630   4.079711    31.6278        842     3.5042  0.000e+00
     14.123    16.7617   4.079650    31.6283        843     3.5083  0.000e+00
     14.098    16.7601   4.079711    31.6301        844     3.5125  0.000e+00
     14.069    16.7594   4.079711    31.6307        845     3.5167  0.000e+00
     14.040    16.7592   4.079931    31.6327        846     3.5208  0.000e+00
     13.999    16.7596   4.080610    31.6384        847     3.5250  0.000e+00
     13.953    16.7625   4.080971    31.6392        848     3.5292  0.000e+00
     13.903    16.7662   4.081117    31.6376        849     3.5333  0.000e+00
     13.841    16.7695   4.081289    31.6365        850     3.5375  0.000e+00
     13.776    16.7724   4.081460    31.6357        851     3.5417  0.000e+00
     13.708    16.7748   4.081515    31.6343        852     3.5458  0.000e+00
     13.641    16.7765   4.081435    31.6323        853     3.5500  0.000e+00
     13.570    16.7774   4.081423    31.6315        854     3.5542  0.000e+00
     13.500    16.7778   4.081533    31.6322        855     3.5583  0.000e+00
     13.438    16.7784   4.081460    31.6311        856     3.5625  0.000e+00
     13.377    16.7785   4.081423    31.6307        857     3.5667  0.000e+00
     13.324    16.7786   4.081435    31.6307        858     3.5708  0.000e+00
     13.274    16.7785   4.081631    31.6325        859     3.5750  0.000e+00
     13.241    16.7790   4.081563    31.6316        860     3.5792  0.000e+00
     13.209    16.7794   4.081508    31.6308        861     3.5833  0.000e+00
     13.187    16.7798   4.082236    31.6367        862     3.5875  0.000e+00
     13.171    16.7823   4.082328    31.6356        863     3.5917  0.000e+00
     13.158    16.7848   4.081875    31.6297        864     3.5958  0.000e+00
     13.145    16.7853   4.081802    31.6287        865     3.6000  0.000e+00
     13.136    16.7839   4.080952    31.6224        866     3.6042  0.000e+00
     13.124    16.7805   4.081239    31.6276        867     3.6083  0.000e+00
     13.106    16.7786   4.080933    31.6265        868     3.6125  0.000e+00
     13.095    16.7765   4.080903    31.6279        869     3.6167  0.000e+00
     13.071    16.7749   4.080756    31.6279        870     3.6208  0.000e+00
     13.042    16.7734   4.081001    31.6312        871     3.6250  0.000e+00
     13.004    16.7733   4.081044    31.6317        872     3.6292  0.000e+00
     12.956    16.7733   4.080927    31.6306        873     3.6333  0.000e+00
     12.901    16.7731   4.080701    31.6289        874     3.6375  0.000e+00
     12.834    16.7724   4.080903    31.6312        875     3.6417  0.000e+00
     12.751    16.7722   4.080781    31.6303        876     3.6458  0.000e+00
     12.659    16.7720   4.080487    31.6280        877     3.6500  0.000e+00
     12.551    16.7706   4.080658    31.6306        878     3.6542  0.000e+00
     12.429    16.7700   4.080970    31.6338        879     3.6583  0.000e+00
     12.306    16.7710   4.081679    31.6392        880     3.6625  0.000e+00
     12.185    16.7745   4.081410    31.6342        881     3.6667  0.000e+00
     12.066    16.7764   4.080487    31.6247        882     3.6708  0.000e+00
     11.948    16.7743   4.080731    31.6285        883     3.6750  0.000e+00
     11.836    16.7727   4.080609    31.6288        884     3.6792  0.000e+00
     11.735    16.7715   4.080584    31.6296        885     3.6833  0.000e+00
     11.648    16.7707   4.081435    31.6375        886     3.6875  0.000e+00
     11.579    16.7733   4.082358    31.6435        887     3.6917  0.000e+00
     11.520    16.7785   4.082444    31.6402        888     3.6958  0.000e+00
     11.475    16.7833   4.082749    31.6391        889     3.7000  0.000e+00
     11.444    16.7872   4.082749    31.6360        890     3.7042  0.000e+00
     11.428    16.7903   4.082890    31.6348        891     3.7083  0.000e+00
     11.417    16.7924   4.082749    31.6319        892     3.7125  0.000e+00
     11.409    16.7934   4.082657    31.6303        893     3.7167  0.000e+00
     11.408    16.7935   4.083379    31.6364        894     3.7208  0.000e+00
     11.399    16.7958   4.083502    31.6358        895     3.7250  0.000e+00
     11.390    16.7989   4.083960    31.6373        896     3.7292  0.000e+00
     11.368    16.8019   4.084597    31.6404        897     3.7333  0.000e+00
     11.350    16.8068   4.084450    31.6353        898     3.7375  0.000e+00
     11.321    16.8091   4.083777    31.6277        899     3.7417  0.000e+00
     11.285    16.8092   4.083966    31.6292        900     3.7458  0.000e+00
     11.245    16.8088   4.084401    31.6333        901     3.7500  0.000e+00
     11.200    16.8103   4.084309    31.6314        902     3.7542  0.000e+00
     11.144    16.8111   4.083966    31.6278        903     3.7583  0.000e+00
     11.098    16.8104   4.083936    31.6281        904     3.7625  0.000e+00
     11.051    16.8097   4.082896    31.6197        905     3.7667  0.000e+00
     11.003    16.8060   4.082504    31.6193        906     3.7708  0.000e+00
     10.959    16.8007   4.082235    31.6211        907     3.7750  0.000e+00
     10.927    16.7964   4.083795    31.6379        908     3.7792  0.000e+00
     10.894    16.7979   4.084303    31.6412        909     3.7833  0.000e+00
     10.863    16.8030   4.084193    31.6362        910     3.7875  0.000e+00
     10.838    16.8064   4.083550    31.6280        911     3.7917  0.000e+00
     10.811    16.8058   4.081850    31.6138        912     3.7958  0.000e+00
     10.786    16.7994   4.082516    31.6246        913     3.8000  0.000e+00
     10.762    16.7955   4.082871    31.6307        914     3.8042  0.000e+00
     10.737    16.7951   4.083073    31.6328        915     3.8083  0.000e+00
     10.713    16.7965   4.083673    31.6369        916     3.8125  0.000e+00
     10.683    16.7993   4.083403    31.6324        917     3.8167  0.000e+00
     10.647    16.8007   4.083844    31.6351        918     3.8208  0.000e+00
     10.607    16.8023   4.082626    31.6233        919     3.8250  0.000e+00
     10.563    16.8008   4.084040    31.6368        920     3.8292  0.000e+00
     10.516    16.8019   4.085055    31.6446        921     3.8333  0.000e+00
     10.457    16.8087   4.084645    31.6358        922     3.8375  0.000e+00
     10.397    16.8124   4.084816    31.6343        923     3.8417  0.000e+00
     10.337    16.8143   4.082559    31.6134        924     3.8458  0.000e+00
     10.276    16.8088   4.083648    31.6271        925     3.8500  0.000e+00
     10.220    16.8060   4.085079    31.6418        926     3.8542  0.000e+00
     10.160    16.8107   4.084816    31.6358        927     3.8583  0.000e+00
     10.104    16.8146   4.085348    31.6374        928     3.8625  0.000e+00
     10.046    16.8179   4.084963    31.6315        929     3.8667  0.000e+00
      9.996    16.8192   4.084425    31.6258        930     3.8708  0.000e+00
      9.947    16.8177   4.084376    31.6266        931     3.8750  0.000e+00
      9.898    16.8161   4.084333    31.6275        932     3.8792  0.000e+00
      9.849    16.8147   4.083941    31.6252        933     3.8833  0.000e+00
      9.808    16.8129   4.082773    31.6165        934     3.8875  0.000e+00
      9.757    16.8076   4.084033    31.6316        935     3.8917  0.000e+00
      9.714    16.8063   4.084596    31.6375        936     3.8958  0.000e+00
      9.670    16.8095   4.084706    31.6360        937     3.9000  0.000e+00
      9.627    16.8124   4.084596    31.6327        938     3.9042  0.000e+00
      9.580    16.8142   4.084498    31.6305        939     3.9083  0.000e+00
      9.538    16.8148   4.084522    31.6302        940     3.9125  0.000e+00
      9.489    16.8151   4.084449    31.6294        941     3.9167  0.000e+00
      9.446    16.8149   4.084522    31.6302        942     3.9208  0.000e+00
      9.397    16.8149   4.084798    31.6326        943     3.9250  0.000e+00
      9.350    16.8160   4.084767    31.6315        944     3.9292  0.000e+00
      9.292    16.8170   4.084669    31.6299        945     3.9333  0.000e+00
      9.236    16.8174   4.084614    31.6291        946     3.9375  0.000e+00
      9.173    16.8172   4.084620    31.6293        947     3.9417  0.000e+00
      9.108    16.8169   4.084706    31.6303        948     3.9458  0.000e+00
      9.039    16.8171   4.084767    31.6307        949     3.9500  0.000e+00
      8.958    16.8175   4.084669    31.6296        950     3.9542  0.000e+00
      8.884    16.8176   4.084730    31.6301        951     3.9583  0.000e+00
      8.795    16.8177   4.084693    31.6297        952     3.9625  0.000e+00
      8.715    16.8176   4.084669    31.6296        953     3.9667  0.000e+00
      8.631    16.8177   4.084663    31.6295        954     3.9708  0.000e+00
      8.556    16.8176   4.084693    31.6299        955     3.9750  0.000e+00
      8.491    16.8177   4.084663    31.6295        956     3.9792  0.000e+00
      8.435    16.8176   4.084473    31.6280        957     3.9833  0.000e+00
      8.396    16.8171   4.084350    31.6273        958     3.9875  0.000e+00
      8.361    16.8161   4.084308    31.6278        959     3.9917  0.000e+00
      8.352    16.8150   4.084351    31.6290        960     3.9958  0.000e+00
      8.354    16.8146   4.084399    31.6298        961     4.0000  0.000e+00
      8.374    16.8147   4.084522    31.6307        962     4.0042  0.000e+00
      8.403    16.8151   4.084424    31.6296        963     4.0083  0.000e+00
      8.439    16.8151   4.084546    31.6306        964     4.0125  0.000e+00
      8.475    16.8153   4.084730    31.6320        965     4.0167  0.000e+00
      8.506    16.8163   4.084644    31.6305        966     4.0208  0.000e+00
      8.544    16.8166   4.084589    31.6298        967     4.0250  0.000e+00
      8.562    16.8166   4.084546    31.6294        968     4.0292  0.000e+00
      8.575    16.8165   4.084522    31.6293        969     4.0333  0.000e+00
      8.571    16.8161   4.084473    31.6292        970     4.0375  0.000e+00
      8.551    16.8159   4.084448    31.6291        971     4.0417  0.000e+00
      8.513    16.8156   4.084497    31.6298        972     4.0458  0.000e+00
      8.470    16.8154   4.084448    31.6295        973     4.0500  0.000e+00
      8.417    16.8152   4.084326    31.6286        974     4.0542  0.000e+00
      8.360    16.8149   4.083990    31.6260        975     4.0583  0.000e+00
      8.295    16.8130   4.083543    31.6236        976     4.0625  0.000e+00
      8.229    16.8102   4.083500    31.6255        977     4.0667  0.000e+00
      8.172    16.8079   4.083445    31.6269        978     4.0708  0.000e+00
      8.119    16.8064   4.083427    31.6279        979     4.0750  0.000e+00
      8.065    16.8051   4.083280    31.6277        980     4.0792  0.000e+00
      8.020    16.8038   4.082956    31.6259        981     4.0833  0.000e+00
      7.978    16.8019   4.083402    31.6313        982     4.0875  0.000e+00
      7.935    16.8018   4.083843    31.6352        983     4.0917  0.000e+00
      7.895    16.8041   4.083775    31.6328        984     4.0958  0.000e+00
      7.855    16.8054   4.083696    31.6311        985     4.1000  0.000e+00
      7.812    16.8063   4.083573    31.6294        986     4.1042  0.000e+00
      7.772    16.8059   4.084124    31.6345        987     4.1083  0.000e+00
      7.727    16.8074   4.084326    31.6351        988     4.1125  0.000e+00
      7.680    16.8098   4.084564    31.6352        989     4.1167  0.000e+00
      7.624    16.8121   4.084424    31.6322        990     4.1208  0.000e+00
      7.569    16.8135   4.084522    31.6320        991     4.1250  0.000e+00
      7.513    16.8146   4.084473    31.6307        992     4.1292  0.000e+00
      7.457    16.8150   4.084350    31.6294        993     4.1333  0.000e+00
      7.407    16.8149   4.084326    31.6292        994     4.1375  0.000e+00
      7.358    16.8146   4.084167    31.6281        995     4.1417  0.000e+00
      7.313    16.8138   4.084154    31.6286        996     4.1458  0.000e+00
      7.275    16.8131   4.083965    31.6276        997     4.1500  0.000e+00
      7.235    16.8122   4.083445    31.6238        998     4.1542  0.000e+00
      7.201    16.8097   4.083059    31.6225        999     4.1583  0.000e+00
      7.164    16.8060   4.083096    31.6257       1000     4.1625  0.000e+00
      7.116    16.8036   4.083133    31.6280       1001     4.1667  0.000e+00
      7.072    16.8023   4.083377    31.6311       1002     4.1708  0.000e+00
      7.021    16.8026   4.084264    31.6385       1003     4.1750  0.000e+00
      6.976    16.8058   4.085207    31.6442       1004     4.1792  0.000e+00
      6.926    16.8120   4.084570    31.6338       1005     4.1833  0.000e+00
      6.873    16.8148   4.084264    31.6290       1006     4.1875  0.000e+00
      6.831    16.8147   4.084374    31.6300       1007     4.1917  0.000e+00
      6.797    16.8145   4.083958    31.6266       1008     4.1958  0.000e+00
      6.763    16.8134   4.083793    31.6261       1009     4.2000  0.000e+00
      6.739    16.8116   4.084717    31.6354       1010     4.2042  0.000e+00
      6.716    16.8131   4.084564    31.6330       1011     4.2083  0.000e+00
      6.705    16.8150   4.084595    31.6317       1012     4.2125  0.000e+00
      6.707    16.8157   4.084986    31.6345       1013     4.2167  0.000e+00
      6.710    16.8175   4.085268    31.6355       1014     4.2208  0.000e+00
      6.714    16.8203   4.085108    31.6320       1015     4.2250  0.000e+00
      6.727    16.8213   4.084325    31.6244       1016     4.2292  0.000e+00
      6.734    16.8203   4.085592    31.6362       1017     4.2333  0.000e+00
      6.748    16.8219   4.086106    31.6393       1018     4.2375  0.000e+00
      6.768    16.8264   4.086155    31.6362       1019     4.2417  0.000e+00
      6.788    16.8301   4.086081    31.6326       1020     4.2458  0.000e+00
      6.806    16.8319   4.085983    31.6304       1021     4.2500  0.000e+00
      6.824    16.8327   4.085898    31.6290       1022     4.2542  0.000e+00
      6.844    16.8330   4.085763    31.6276       1023     4.2583  0.000e+00
      6.857    16.8323   4.085861    31.6290       1024     4.2625  0.000e+00
      6.864    16.8323   4.085451    31.6254       1025     4.2667  0.000e+00
      6.861    16.8305   4.085592    31.6281       1026     4.2708  0.000e+00
      6.846    16.8298   4.085739    31.6299       1027     4.2750  0.000e+00
      6.826    16.8301   4.085965    31.6316       1028     4.2792  0.000e+00
      6.803    16.8312   4.086081    31.6318       1029     4.2833  0.000e+00
      6.777    16.8323   4.086271    31.6325       1030     4.2875  0.000e+00
      6.756    16.8338   4.086253    31.6312       1031     4.2917  0.000e+00
      6.734    16.8345   4.086081    31.6292       1032     4.2958  0.000e+00
      6.707    16.8347   4.086038    31.6287       1033     4.3000  0.000e+00
      6.683    16.8346   4.085861    31.6273       1034     4.3042  0.000e+00
      6.660    16.8336   4.085959    31.6289       1035     4.3083  0.000e+00
