HB2406/sbe098.cnv
* Sea-Bird SBE 19plus V2 Data File:
* FileName = C:\cruise\data\sbe098.hex
* Software Version Seasave V 7.26.7.121
* Temperature SN = 7037
* Conductivity SN = 7037
* System UpLoad Time = Aug 20 2024 20:50:28
* NMEA Latitude = 42 21.25 N
* NMEA Longitude = 070 27.91 W
* NMEA UTC (Time) = Aug 20 2024  20:49:23
** Ship: Henry Bigelow
** Cruise:  HB2406
** Program:  ECOMON
# nquan = 7
# nvalues = 1711                                  
# units = specified
# name 0 = depSM: Depth [salt water, m]
# name 1 = tv290C: Temperature [ITS-90, deg C]
# name 2 = c0S/m: Conductivity [S/m]
# name 3 = sal00: Salinity, Practical [PSU]
# name 4 = scan: Scan Count
# name 5 = timeM: Time, Elapsed [minutes]
# name 6 = flag:  0.000e+00
# span 0 =     -0.066,     70.404                 
# span 1 =     5.8486,    18.9283                 
# span 2 =  -0.000017,   4.209305                 
# span 3 =     0.0000,    32.9153                 
# span 4 =         11,       1721                 
# span 5 =     0.0417,     7.1667                 
# span 6 = 0.0000e+00, 0.0000e+00                 
# interval = seconds: 0.25
# start_time = Aug 20 2024 20:49:23 [NMEA time, header]
# bad_flag = -9.990e-29
*END*
[from data line 616]
     65.864     5.8512   3.149730    31.8837        627     2.6083  0.000e+00
     65.786     5.8512   3.149691    31.8834        628     2.6125  0.000e+00
     65.705     5.8509   3.149669    31.8834        629     2.6167  0.000e+00
     65.609     5.8508   3.149691    31.8838        630     2.6208  0.000e+00
     65.513     5.8506   3.149669    31.8838        631     2.6250  0.000e+00
     65.415     5.8506   3.149674    31.8838        632     2.6292  0.000e+00
     65.314     5.8505   3.149669    31.8839        633     2.6333  0.000e+00
     65.211     5.8505   3.149630    31.8836        634     2.6375  0.000e+00
     65.097     5.8505   3.149614    31.8835        635     2.6417  0.000e+00
     64.999     5.8503   3.149614    31.8837        636     2.6458  0.000e+00
     64.898     5.8502   3.149592    31.8836        637     2.6500  0.000e+00
     64.797     5.8501   3.149570    31.8835        638     2.6542  0.000e+00
     64.699     5.8500   3.149569    31.8837        639     2.6583  0.000e+00
     64.603     5.8500   3.149553    31.8835        640     2.6625  0.000e+00
     64.511     5.8499   3.149569    31.8838        641     2.6667  0.000e+00
     64.413     5.8498   3.149553    31.8837        642     2.6708  0.000e+00
     64.321     5.8499   3.149553    31.8837        643     2.6750  0.000e+00
     64.229     5.8498   3.149553    31.8838        644     2.6792  0.000e+00
     64.135     5.8500   3.149569    31.8839        645     2.6833  0.000e+00
     64.043     5.8499   3.149553    31.8839        646     2.6875  0.000e+00
     63.949     5.8498   3.149553    31.8840        647     2.6917  0.000e+00
     63.869     5.8497   3.149531    31.8839        648     2.6958  0.000e+00
     63.784     5.8498   3.149492    31.8834        649     2.7000  0.000e+00
     63.705     5.8499   3.149492    31.8833        650     2.7042  0.000e+00
     63.625     5.8499   3.149492    31.8834        651     2.7083  0.000e+00
     63.554     5.8499   3.149492    31.8834        652     2.7125  0.000e+00
     63.477     5.8498   3.149475    31.8833        653     2.7167  0.000e+00
     63.397     5.8499   3.149453    31.8831        654     2.7208  0.000e+00
     63.321     5.8498   3.149470    31.8834        655     2.7250  0.000e+00
     63.245     5.8498   3.149475    31.8835        656     2.7292  0.000e+00
     63.169     5.8498   3.149475    31.8835        657     2.7333  0.000e+00
     63.095     5.8498   3.149453    31.8833        658     2.7375  0.000e+00
     63.017     5.8498   3.149453    31.8834        659     2.7417  0.000e+00
     62.941     5.8497   3.149453    31.8834        660     2.7458  0.000e+00
     62.869     5.8498   3.149437    31.8832        661     2.7500  0.000e+00
     62.797     5.8497   3.149453    31.8836        662     2.7542  0.000e+00
     62.728     5.8497   3.149437    31.8834        663     2.7583  0.000e+00
     62.652     5.8498   3.149437    31.8833        664     2.7625  0.000e+00
     62.579     5.8497   3.149437    31.8835        665     2.7667  0.000e+00
     62.511     5.8497   3.149403    31.8831        666     2.7708  0.000e+00
     62.435     5.8495   3.149414    31.8834        667     2.7750  0.000e+00
     62.353     5.8495   3.149414    31.8835        668     2.7792  0.000e+00
     62.276     5.8495   3.149392    31.8832        669     2.7833  0.000e+00
     62.196     5.8494   3.149392    31.8834        670     2.7875  0.000e+00
     62.113     5.8495   3.149392    31.8833        671     2.7917  0.000e+00
     62.033     5.8494   3.149392    31.8835        672     2.7958  0.000e+00
     61.943     5.8494   3.149376    31.8833        673     2.8000  0.000e+00
     61.849     5.8494   3.149354    31.8832        674     2.8042  0.000e+00
     61.751     5.8494   3.149376    31.8834        675     2.8083  0.000e+00
     61.648     5.8492   3.149354    31.8834        676     2.8125  0.000e+00
     61.543     5.8491   3.149337    31.8834        677     2.8167  0.000e+00
     61.427     5.8490   3.149342    31.8836        678     2.8208  0.000e+00
     61.319     5.8490   3.149337    31.8836        679     2.8250  0.000e+00
     61.199     5.8490   3.149337    31.8837        680     2.8292  0.000e+00
     61.093     5.8489   3.149315    31.8836        681     2.8333  0.000e+00
     60.988     5.8488   3.149315    31.8837        682     2.8375  0.000e+00
     60.881     5.8486   3.149298    31.8837        683     2.8417  0.000e+00
     60.789     5.8487   3.149298    31.8837        684     2.8458  0.000e+00
     60.700     5.8487   3.149298    31.8838        685     2.8500  0.000e+00
     60.606     5.8486   3.149276    31.8836        686     2.8542  0.000e+00
     60.494     5.8488   3.149298    31.8838        687     2.8583  0.000e+00
     60.384     5.8487   3.149298    31.8839        688     2.8625  0.000e+00
     60.261     5.8487   3.149281    31.8837        689     2.8667  0.000e+00
     60.136     5.8489   3.149276    31.8836        690     2.8708  0.000e+00
     60.015     5.8489   3.149259    31.8835        691     2.8750  0.000e+00
     59.888     5.8489   3.149237    31.8833        692     2.8792  0.000e+00
     59.764     5.8489   3.149237    31.8833        693     2.8833  0.000e+00
     59.651     5.8489   3.149259    31.8836        694     2.8875  0.000e+00
     59.539     5.8489   3.149215    31.8832        695     2.8917  0.000e+00
     59.433     5.8489   3.149237    31.8835        696     2.8958  0.000e+00
     59.329     5.8489   3.149215    31.8833        697     2.9000  0.000e+00
     59.234     5.8490   3.149215    31.8833        698     2.9042  0.000e+00
     59.143     5.8490   3.149237    31.8836        699     2.9083  0.000e+00
     59.055     5.8491   3.149198    31.8830        700     2.9125  0.000e+00
     58.960     5.8491   3.149215    31.8832        701     2.9167  0.000e+00
     58.866     5.8490   3.149176    31.8830        702     2.9208  0.000e+00
     58.769     5.8490   3.149176    31.8831        703     2.9250  0.000e+00
     58.662     5.8490   3.149198    31.8834        704     2.9292  0.000e+00
     58.550     5.8489   3.149198    31.8835        705     2.9333  0.000e+00
     58.434     5.8490   3.149176    31.8832        706     2.9375  0.000e+00
     58.311     5.8489   3.149176    31.8833        707     2.9417  0.000e+00
     58.192     5.8489   3.149159    31.8833        708     2.9458  0.000e+00
     58.067     5.8489   3.149159    31.8833        709     2.9500  0.000e+00
     57.940     5.8488   3.149176    31.8836        710     2.9542  0.000e+00
     57.810     5.8487   3.149137    31.8833        711     2.9583  0.000e+00
     57.682     5.8490   3.149159    31.8834        712     2.9625  0.000e+00
     57.548     5.8491   3.149159    31.8834        713     2.9667  0.000e+00
     57.414     5.8491   3.149137    31.8832        714     2.9708  0.000e+00
     57.284     5.8492   3.149137    31.8831        715     2.9750  0.000e+00
     57.146     5.8491   3.149121    31.8831        716     2.9792  0.000e+00
     57.013     5.8490   3.149121    31.8832        717     2.9833  0.000e+00
     56.870     5.8491   3.149098    31.8830        718     2.9875  0.000e+00
     56.732     5.8490   3.149098    31.8831        719     2.9917  0.000e+00
     56.600     5.8490   3.149098    31.8832        720     2.9958  0.000e+00
     56.464     5.8491   3.149098    31.8832        721     3.0000  0.000e+00
     56.338     5.8493   3.149082    31.8829        722     3.0042  0.000e+00
     56.217     5.8491   3.149076    31.8830        723     3.0083  0.000e+00
     56.101     5.8491   3.149060    31.8829        724     3.0125  0.000e+00
     55.989     5.8490   3.149060    31.8831        725     3.0167  0.000e+00
     55.875     5.8490   3.149098    31.8835        726     3.0208  0.000e+00
     55.761     5.8493   3.149120    31.8836        727     3.0250  0.000e+00
     55.654     5.8496   3.149098    31.8831        728     3.0292  0.000e+00
     55.549     5.8500   3.149081    31.8826        729     3.0333  0.000e+00
     55.444     5.8501   3.149098    31.8828        730     3.0375  0.000e+00
     55.334     5.8501   3.149098    31.8828        731     3.0417  0.000e+00
     55.226     5.8502   3.149081    31.8826        732     3.0458  0.000e+00
     55.121     5.8504   3.149081    31.8825        733     3.0500  0.000e+00
     55.010     5.8505   3.149092    31.8825        734     3.0542  0.000e+00
     54.907     5.8505   3.149120    31.8828        735     3.0583  0.000e+00
     54.801     5.8506   3.149098    31.8825        736     3.0625  0.000e+00
     54.698     5.8507   3.149098    31.8825        737     3.0667  0.000e+00
     54.598     5.8509   3.149098    31.8824        738     3.0708  0.000e+00
     54.510     5.8509   3.149098    31.8824        739     3.0750  0.000e+00
     54.412     5.8510   3.149120    31.8826        740     3.0792  0.000e+00
     54.320     5.8512   3.149120    31.8825        741     3.0833  0.000e+00
     54.226     5.8512   3.149098    31.8823        742     3.0875  0.000e+00
     54.142     5.8514   3.149098    31.8821        743     3.0917  0.000e+00
     54.057     5.8514   3.149098    31.8822        744     3.0958  0.000e+00
     53.974     5.8515   3.149092    31.8821        745     3.1000  0.000e+00
     53.895     5.8516   3.149098    31.8821        746     3.1042  0.000e+00
     53.813     5.8515   3.149081    31.8820        747     3.1083  0.000e+00
     53.730     5.8515   3.149081    31.8821        748     3.1125  0.000e+00
     53.649     5.8516   3.149097    31.8822        749     3.1167  0.000e+00
     53.562     5.8516   3.149136    31.8827        750     3.1208  0.000e+00
     53.480     5.8516   3.149136    31.8827        751     3.1250  0.000e+00
     53.399     5.8519   3.149119    31.8823        752     3.1292  0.000e+00
     53.314     5.8519   3.149119    31.8823        753     3.1333  0.000e+00
     53.231     5.8521   3.149119    31.8822        754     3.1375  0.000e+00
     53.151     5.8520   3.149119    31.8823        755     3.1417  0.000e+00
     53.072     5.8523   3.149097    31.8818        756     3.1458  0.000e+00
     52.994     5.8522   3.149136    31.8824        757     3.1500  0.000e+00
     52.909     5.8524   3.149158    31.8824        758     3.1542  0.000e+00
     52.833     5.8526   3.149136    31.8821        759     3.1583  0.000e+00
     52.744     5.8526   3.149119    31.8820        760     3.1625  0.000e+00
     52.665     5.8527   3.149136    31.8821        761     3.1667  0.000e+00
     52.576     5.8528   3.149174    31.8824        762     3.1708  0.000e+00
     52.491     5.8529   3.149136    31.8819        763     3.1750  0.000e+00
     52.411     5.8531   3.149119    31.8816        764     3.1792  0.000e+00
     52.326     5.8531   3.149136    31.8818        765     3.1833  0.000e+00
     52.241     5.8532   3.149119    31.8816        766     3.1875  0.000e+00
     52.165     5.8533   3.149119    31.8816        767     3.1917  0.000e+00
     52.086     5.8532   3.149091    31.8814        768     3.1958  0.000e+00
     52.004     5.8531   3.149097    31.8816        769     3.2000  0.000e+00
     51.921     5.8531   3.149097    31.8816        770     3.2042  0.000e+00
     51.838     5.8531   3.149080    31.8814        771     3.2083  0.000e+00
     51.749     5.8532   3.149080    31.8814        772     3.2125  0.000e+00
     51.662     5.8531   3.149080    31.8816        773     3.2167  0.000e+00
     51.576     5.8530   3.149058    31.8815        774     3.2208  0.000e+00
     51.487     5.8529   3.149036    31.8813        775     3.2250  0.000e+00
     51.398     5.8530   3.149058    31.8816        776     3.2292  0.000e+00
     51.315     5.8530   3.149058    31.8816        777     3.2333  0.000e+00
     51.234     5.8530   3.149036    31.8813        778     3.2375  0.000e+00
     51.158     5.8530   3.149053    31.8816        779     3.2417  0.000e+00
     51.084     5.8530   3.149058    31.8816        780     3.2458  0.000e+00
     51.013     5.8530   3.148705    31.8777        781     3.2500  0.000e+00
     50.944     5.8531   3.149058    31.8817        782     3.2542  0.000e+00
     50.876     5.8530   3.149036    31.8816        783     3.2583  0.000e+00
     50.805     5.8530   3.149080    31.8820        784     3.2625  0.000e+00
     50.738     5.8532   3.149080    31.8819        785     3.2667  0.000e+00
     50.671     5.8533   3.149080    31.8819        786     3.2708  0.000e+00
     50.610     5.8534   3.149058    31.8815        787     3.2750  0.000e+00
     50.537     5.8533   3.149058    31.8816        788     3.2792  0.000e+00
     50.476     5.8534   3.149080    31.8818        789     3.2833  0.000e+00
     50.416     5.8534   3.149058    31.8816        790     3.2875  0.000e+00
     50.358     5.8535   3.149074    31.8817        791     3.2917  0.000e+00
     50.300     5.8535   3.149080    31.8818        792     3.2958  0.000e+00
     50.246     5.8537   3.149058    31.8814        793     3.3000  0.000e+00
     50.199     5.8537   3.149058    31.8814        794     3.3042  0.000e+00
     50.145     5.8538   3.149058    31.8814        795     3.3083  0.000e+00
     50.100     5.8537   3.149080    31.8817        796     3.3125  0.000e+00
     50.053     5.8538   3.149058    31.8814        797     3.3167  0.000e+00
     50.004     5.8538   3.149118    31.8821        798     3.3208  0.000e+00
     49.953     5.8541   3.149234    31.8832        799     3.3250  0.000e+00
     49.899     5.8545   3.149256    31.8831        800     3.3292  0.000e+00
     49.837     5.8552   3.149273    31.8826        801     3.3333  0.000e+00
     49.776     5.8556   3.149278    31.8823        802     3.3375  0.000e+00
     49.712     5.8558   3.149295    31.8823        803     3.3417  0.000e+00
     49.642     5.8562   3.149295    31.8820        804     3.3458  0.000e+00
     49.566     5.8564   3.149311    31.8820        805     3.3500  0.000e+00
     49.486     5.8566   3.149333    31.8822        806     3.3542  0.000e+00
     49.403     5.8567   3.149372    31.8825        807     3.3583  0.000e+00
     49.322     5.8571   3.149449    31.8830        808     3.3625  0.000e+00
     49.237     5.8576   3.149647    31.8848        809     3.3667  0.000e+00
     49.157     5.8586   3.149802    31.8856        810     3.3708  0.000e+00
     49.078     5.8602   3.149862    31.8849        811     3.3750  0.000e+00
     49.000     5.8615   3.149917    31.8842        812     3.3792  0.000e+00
     48.922     5.8625   3.149956    31.8838        813     3.3833  0.000e+00
     48.840     5.8635   3.149962    31.8830        814     3.3875  0.000e+00
     48.761     5.8640   3.150039    31.8834        815     3.3917  0.000e+00
     48.674     5.8647   3.150138    31.8839        816     3.3958  0.000e+00
     48.587     5.8655   3.150215    31.8840        817     3.4000  0.000e+00
     48.500     5.8667   3.150232    31.8831        818     3.4042  0.000e+00
     48.413     5.8676   3.150254    31.8826        819     3.4083  0.000e+00
     48.325     5.8685   3.150138    31.8805        820     3.4125  0.000e+00
     48.249     5.8689   3.149939    31.8780        821     3.4167  0.000e+00
     48.173     5.8689   3.149823    31.8766        822     3.4208  0.000e+00
     48.101     5.8689   3.149823    31.8767        823     3.4250  0.000e+00
     48.041     5.8691   3.149840    31.8767        824     3.4292  0.000e+00
     47.994     5.8694   3.149812    31.8762        825     3.4333  0.000e+00
     47.940     5.8695   3.149823    31.8762        826     3.4375  0.000e+00
     47.900     5.8698   3.149823    31.8760        827     3.4417  0.000e+00
     47.856     5.8700   3.149840    31.8760        828     3.4458  0.000e+00
     47.813     5.8698   3.149840    31.8761        829     3.4500  0.000e+00
     47.766     5.8700   3.149823    31.8758        830     3.4542  0.000e+00
