HB2406/sbe054.cnv
* Sea-Bird SBE 19plus V2 Data File:
* FileName = C:\cruise\data\sbe054.hex
* Software Version Seasave V 7.26.7.121
* Temperature SN = 7037
* Conductivity SN = 7037
* System UpLoad Time = Aug 16 2024 23:55:48
* NMEA Latitude = 43 32.03 N
* NMEA Longitude = 067 56.21 W
* NMEA UTC (Time) = Aug 16 2024  23:54:40
** Ship: Henry Bigelow
** Cruise:  HB2406
** Program:  ECOMON
# nquan = 7
# nvalues = 2886                                  
# units = specified
# name 0 = depSM: Depth [salt water, m]
# name 1 = tv290C: Temperature [ITS-90, deg C]
# name 2 = c0S/m: Conductivity [S/m]
# name 3 = sal00: Salinity, Practical [PSU]
# name 4 = scan: Scan Count
# name 5 = timeM: Time, Elapsed [minutes]
# name 6 = flag:  0.000e+00
# span 0 =      0.070,    248.079                 
# span 1 =     6.3410,    20.5492                 
# span 2 =   3.129868,   4.466206                 
# span 3 =    21.6270,    34.1403                 
# span 4 =         11,       2896                 
# span 5 =     0.0417,    12.0625                 
# span 6 = 0.0000e+00, 0.0000e+00                 
# interval = seconds: 0.25
# start_time = Aug 16 2024 23:54:40 [NMEA time, header]
# bad_flag = -9.990e-29
*END*
[from data line 616]
     89.035     7.4721   3.417852    33.2813        627     2.6083  0.000e+00
     89.243     7.4707   3.417966    33.2839        628     2.6125  0.000e+00
     89.442     7.4688   3.418120    33.2872        629     2.6167  0.000e+00
     89.634     7.4663   3.418325    33.2917        630     2.6208  0.000e+00
     89.827     7.4634   3.418593    33.2974        631     2.6250  0.000e+00
     90.012     7.4614   3.419726    33.3114        632     2.6292  0.000e+00
     90.193     7.4600   3.420364    33.3196        633     2.6333  0.000e+00
     90.386     7.4587   3.420085    33.3177        634     2.6375  0.000e+00
     90.569     7.4576   3.420404    33.3221        635     2.6417  0.000e+00
     90.755     7.4567   3.420860    33.3278        636     2.6458  0.000e+00
     90.947     7.4560   3.421270    33.3329        637     2.6500  0.000e+00
     91.144     7.4552   3.421435    33.3354        638     2.6542  0.000e+00
     91.343     7.4547   3.421595    33.3374        639     2.6583  0.000e+00
     91.544     7.4547   3.421931    33.3410        640     2.6625  0.000e+00
     91.750     7.4544   3.422284    33.3450        641     2.6667  0.000e+00
     91.958     7.4542   3.422455    33.3469        642     2.6708  0.000e+00
     92.173     7.4549   3.422444    33.3461        643     2.6750  0.000e+00
     92.394     7.4555   3.422694    33.3481        644     2.6792  0.000e+00
     92.605     7.4555   3.423344    33.3550        645     2.6833  0.000e+00
     92.820     7.4554   3.423270    33.3542        646     2.6875  0.000e+00
     93.034     7.4549   3.423395    33.3560        647     2.6917  0.000e+00
     93.236     7.4530   3.423600    33.3598        648     2.6958  0.000e+00
     93.439     7.4514   3.423663    33.3620        649     2.7000  0.000e+00
     93.634     7.4507   3.423766    33.3637        650     2.7042  0.000e+00
     93.828     7.4499   3.423777    33.3645        651     2.7083  0.000e+00
     94.016     7.4491   3.423726    33.3646        652     2.7125  0.000e+00
     94.204     7.4481   3.423578    33.3639        653     2.7167  0.000e+00
     94.388     7.4460   3.423709    33.3673        654     2.7208  0.000e+00
     94.571     7.4446   3.423664    33.3680        655     2.7250  0.000e+00
     94.754     7.4435   3.423766    33.3701        656     2.7292  0.000e+00
     94.938     7.4434   3.423624    33.3685        657     2.7333  0.000e+00
     95.126     7.4424   3.423664    33.3699        658     2.7375  0.000e+00
     95.318     7.4414   3.423664    33.3707        659     2.7417  0.000e+00
     95.511     7.4409   3.423624    33.3707        660     2.7458  0.000e+00
     95.708     7.4403   3.423727    33.3723        661     2.7500  0.000e+00
     95.909     7.4398   3.423955    33.3751        662     2.7542  0.000e+00
     96.121     7.4404   3.424468    33.3800        663     2.7583  0.000e+00
     96.336     7.4424   3.424445    33.3777        664     2.7625  0.000e+00
     96.553     7.4445   3.424160    33.3725        665     2.7667  0.000e+00
     96.776     7.4447   3.424188    33.3725        666     2.7708  0.000e+00
     96.995     7.4443   3.424160    33.3725        667     2.7750  0.000e+00
     97.226     7.4442   3.424405    33.3751        668     2.7792  0.000e+00
     97.447     7.4449   3.424274    33.3729        669     2.7833  0.000e+00
     97.675     7.4449   3.424177    33.3718        670     2.7875  0.000e+00
     97.901     7.4444   3.424058    33.3709        671     2.7917  0.000e+00
     98.125     7.4434   3.423995    33.3710        672     2.7958  0.000e+00
     98.340     7.4424   3.423995    33.3719        673     2.8000  0.000e+00
     98.563     7.4416   3.424012    33.3727        674     2.8042  0.000e+00
     98.763     7.4409   3.423956    33.3727        675     2.8083  0.000e+00
     98.971     7.4403   3.423870    33.3722        676     2.8125  0.000e+00
     99.172     7.4387   3.423927    33.3743        677     2.8167  0.000e+00
     99.367     7.4371   3.423973    33.3763        678     2.8208  0.000e+00
     99.552     7.4356   3.423973    33.3776        679     2.8250  0.000e+00
     99.742     7.4339   3.423990    33.3793        680     2.8292  0.000e+00
     99.933     7.4330   3.424013    33.3803        681     2.8333  0.000e+00
    100.120     7.4326   3.424036    33.3809        682     2.8375  0.000e+00
    100.313     7.4321   3.424059    33.3816        683     2.8417  0.000e+00
    100.499     7.4314   3.424121    33.3828        684     2.8458  0.000e+00
    100.686     7.4310   3.424122    33.3831        685     2.8500  0.000e+00
    100.883     7.4305   3.424190    33.3842        686     2.8542  0.000e+00
    101.078     7.4301   3.424532    33.3882        687     2.8583  0.000e+00
    101.272     7.4310   3.424800    33.3901        688     2.8625  0.000e+00
    101.467     7.4324   3.424709    33.3877        689     2.8667  0.000e+00
    101.666     7.4326   3.424635    33.3866        690     2.8708  0.000e+00
    101.867     7.4319   3.424715    33.3881        691     2.8750  0.000e+00
    102.073     7.4318   3.424686    33.3878        692     2.8792  0.000e+00
    102.279     7.4316   3.424658    33.3876        693     2.8833  0.000e+00
    102.476     7.4311   3.424532    33.3865        694     2.8875  0.000e+00
    102.677     7.4302   3.424470    33.3866        695     2.8917  0.000e+00
    102.874     7.4287   3.424447    33.3878        696     2.8958  0.000e+00
    103.071     7.4272   3.424510    33.3898        697     2.9000  0.000e+00
    103.263     7.4257   3.424493    33.3909        698     2.9042  0.000e+00
    103.453     7.4245   3.424390    33.3909        699     2.9083  0.000e+00
    103.641     7.4225   3.424328    33.3921        700     2.9125  0.000e+00
    103.833     7.4201   3.424254    33.3935        701     2.9167  0.000e+00
    104.023     7.4173   3.424077    33.3942        702     2.9208  0.000e+00
    104.207     7.4133   3.424163    33.3989        703     2.9250  0.000e+00
    104.397     7.4102   3.424100    33.4011        704     2.9292  0.000e+00
    104.587     7.4075   3.424243    33.4052        705     2.9333  0.000e+00
    104.786     7.4050   3.424203    33.4070        706     2.9375  0.000e+00
    104.988     7.4030   3.424209    33.4089        707     2.9417  0.000e+00
    105.193     7.4016   3.424283    33.4110        708     2.9458  0.000e+00
    105.408     7.4008   3.424596    33.4151        709     2.9500  0.000e+00
    105.625     7.4017   3.424534    33.4134        710     2.9542  0.000e+00
    105.855     7.4021   3.424431    33.4118        711     2.9583  0.000e+00
    106.077     7.4013   3.424699    33.4153        712     2.9625  0.000e+00
    106.309     7.4019   3.424232    33.4096        713     2.9667  0.000e+00
    106.542     7.4007   3.423998    33.4082        714     2.9708  0.000e+00
    106.777     7.3977   3.423583    33.4064        715     2.9750  0.000e+00
    107.010     7.3942   3.423412    33.4078        716     2.9792  0.000e+00
    107.240     7.3906   3.423070    33.4074        717     2.9833  0.000e+00
    107.466     7.3871   3.422717    33.4069        718     2.9875  0.000e+00
    107.683     7.3831   3.422484    33.4082        719     2.9917  0.000e+00
    107.895     7.3792   3.422370    33.4105        720     2.9958  0.000e+00
    108.097     7.3763   3.422245    33.4119        721     3.0000  0.000e+00
    108.296     7.3736   3.422205    33.4139        722     3.0042  0.000e+00
    108.492     7.3716   3.421857    33.4120        723     3.0083  0.000e+00
    108.680     7.3687   3.419551    33.3897        724     3.0125  0.000e+00
    108.868     7.3590   3.419608    33.3996        725     3.0167  0.000e+00
    109.052     7.3494   3.419301    33.4054        726     3.0208  0.000e+00
    109.240     7.3422   3.419141    33.4105        727     3.0250  0.000e+00
    109.432     7.3368   3.419199    33.4162        728     3.0292  0.000e+00
    109.629     7.3339   3.418271    33.4089        729     3.0333  0.000e+00
    109.824     7.3285   3.416859    33.3987        730     3.0375  0.000e+00
    110.025     7.3197   3.416193    33.3999        731     3.0417  0.000e+00
    110.224     7.3097   3.416176    33.4093        732     3.0458  0.000e+00
    110.430     7.3028   3.415971    33.4136        733     3.0500  0.000e+00
    110.633     7.2974   3.415374    33.4122        734     3.0542  0.000e+00
    110.845     7.2917   3.414634    33.4095        735     3.0583  0.000e+00
    111.058     7.2856   3.414059    33.4091        736     3.0625  0.000e+00
    111.264     7.2789   3.413132    33.4054        737     3.0667  0.000e+00
    111.470     7.2701   3.412102    33.4026        738     3.0708  0.000e+00
    111.675     7.2605   3.410834    33.3980        739     3.0750  0.000e+00
    111.877     7.2489   3.410322    33.4036        740     3.0792  0.000e+00
    112.074     7.2381   3.409457    33.4045        741     3.0833  0.000e+00
    112.266     7.2280   3.409094    33.4102        742     3.0875  0.000e+00
    112.458     7.2190   3.408889    33.4166        743     3.0917  0.000e+00
    112.646     7.2122   3.408639    33.4203        744     3.0958  0.000e+00
    112.838     7.2068   3.408434    33.4232        745     3.1000  0.000e+00
    113.029     7.2025   3.408230    33.4251        746     3.1042  0.000e+00
    113.223     7.1983   3.408252    33.4293        747     3.1083  0.000e+00
    113.416     7.1948   3.408599    33.4364        748     3.1125  0.000e+00
    113.624     7.1924   3.408725    33.4400        749     3.1167  0.000e+00
    113.823     7.1904   3.409214    33.4471        750     3.1208  0.000e+00
    114.040     7.1884   3.409498    33.4520        751     3.1250  0.000e+00
    114.253     7.1879   3.409709    33.4547        752     3.1292  0.000e+00
    114.474     7.1885   3.409993    33.4571        753     3.1333  0.000e+00
    114.693     7.1893   3.410124    33.4576        754     3.1375  0.000e+00
    114.910     7.1898   3.410198    33.4579        755     3.1417  0.000e+00
    115.131     7.1897   3.410511    33.4613        756     3.1458  0.000e+00
    115.344     7.1889   3.410727    33.4643        757     3.1500  0.000e+00
    115.568     7.1876   3.410773    33.4659        758     3.1542  0.000e+00
    115.787     7.1874   3.410898    33.4674        759     3.1583  0.000e+00
    116.004     7.1875   3.411245    33.4710        760     3.1625  0.000e+00
    116.220     7.1877   3.411496    33.4734        761     3.1667  0.000e+00
    116.435     7.1881   3.411911    33.4775        762     3.1708  0.000e+00
    116.646     7.1884   3.412338    33.4817        763     3.1750  0.000e+00
    116.860     7.1890   3.412810    33.4862        764     3.1792  0.000e+00
    117.077     7.1894   3.413004    33.4878        765     3.1833  0.000e+00
    117.285     7.1898   3.413260    33.4901        766     3.1875  0.000e+00
    117.496     7.1904   3.413414    33.4911        767     3.1917  0.000e+00
    117.712     7.1907   3.413550    33.4921        768     3.1958  0.000e+00
    117.925     7.1908   3.413630    33.4928        769     3.2000  0.000e+00
    118.133     7.1912   3.413846    33.4947        770     3.2042  0.000e+00
    118.345     7.1918   3.414085    33.4966        771     3.2083  0.000e+00
    118.555     7.1923   3.414165    33.4969        772     3.2125  0.000e+00
    118.764     7.1930   3.414342    33.4980        773     3.2167  0.000e+00
    118.965     7.1936   3.414535    33.4995        774     3.2208  0.000e+00
    119.166     7.1948   3.414558    33.4984        775     3.2250  0.000e+00
    119.363     7.1952   3.414683    33.4993        776     3.2292  0.000e+00
    119.558     7.1955   3.414638    33.4984        777     3.2333  0.000e+00
    119.748     7.1959   3.414644    33.4981        778     3.2375  0.000e+00
    119.940     7.1959   3.414763    33.4993        779     3.2417  0.000e+00
    120.123     7.1960   3.414780    33.4993        780     3.2458  0.000e+00
    120.316     7.1961   3.414968    33.5011        781     3.2500  0.000e+00
    120.506     7.1959   3.414945    33.5010        782     3.2542  0.000e+00
    120.692     7.1959   3.415071    33.5023        783     3.2583  0.000e+00
    120.889     7.1957   3.415116    33.5029        784     3.2625  0.000e+00
    121.079     7.1958   3.415276    33.5044        785     3.2667  0.000e+00
    121.273     7.1963   3.415503    33.5063        786     3.2708  0.000e+00
    121.473     7.1967   3.415526    33.5061        787     3.2750  0.000e+00
    121.678     7.1969   3.415771    33.5084        788     3.2792  0.000e+00
    121.873     7.1975   3.415976    33.5100        789     3.2833  0.000e+00
    122.081     7.1987   3.416118    33.5102        790     3.2875  0.000e+00
    122.282     7.2002   3.416323    33.5110        791     3.2917  0.000e+00
    122.497     7.2012   3.416369    33.5104        792     3.2958  0.000e+00
    122.709     7.2017   3.416409    33.5102        793     3.3000  0.000e+00
    122.922     7.2020   3.416551    33.5114        794     3.3042  0.000e+00
    123.136     7.2030   3.416904    33.5142        795     3.3083  0.000e+00
    123.349     7.2036   3.416882    33.5132        796     3.3125  0.000e+00
    123.564     7.2038   3.417992    33.5250        797     3.3167  0.000e+00
    123.781     7.2050   3.418846    33.5331        798     3.3208  0.000e+00
    123.996     7.2074   3.418914    33.5313        799     3.3250  0.000e+00
    124.217     7.2092   3.419085    33.5314        800     3.3292  0.000e+00
    124.434     7.2108   3.419450    33.5337        801     3.3333  0.000e+00
    124.653     7.2123   3.420093    33.5392        802     3.3375  0.000e+00
    124.870     7.2141   3.420378    33.5404        803     3.3417  0.000e+00
    125.093     7.2160   3.420748    33.5424        804     3.3458  0.000e+00
    125.319     7.2178   3.421534    33.5492        805     3.3500  0.000e+00
    125.543     7.2201   3.422150    33.5536        806     3.3542  0.000e+00
    125.765     7.2229   3.422338    33.5528        807     3.3583  0.000e+00
    125.988     7.2251   3.422788    33.5554        808     3.3625  0.000e+00
    126.210     7.2274   3.423397    33.5597        809     3.3667  0.000e+00
    126.438     7.2303   3.424605    33.5699        810     3.3708  0.000e+00
    126.657     7.2339   3.424315    33.5631        811     3.3750  0.000e+00
    126.874     7.2363   3.424936    33.5675        812     3.3792  0.000e+00
    127.086     7.2384   3.425802    33.5748        813     3.3833  0.000e+00
    127.297     7.2414   3.426212    33.5763        814     3.3875  0.000e+00
    127.505     7.2440   3.426794    33.5799        815     3.3917  0.000e+00
    127.708     7.2469   3.427141    33.5808        816     3.3958  0.000e+00
    127.905     7.2496   3.427512    33.5821        817     3.4000  0.000e+00
    128.099     7.2519   3.427700    33.5818        818     3.4042  0.000e+00
    128.298     7.2539   3.427968    33.5827        819     3.4083  0.000e+00
    128.484     7.2556   3.428424    33.5859        820     3.4125  0.000e+00
    128.676     7.2576   3.429256    33.5930        821     3.4167  0.000e+00
    128.860     7.2601   3.429764    33.5960        822     3.4208  0.000e+00
    129.041     7.2623   3.429764    33.5937        823     3.4250  0.000e+00
    129.233     7.2642   3.430015    33.5946        824     3.4292  0.000e+00
    129.415     7.2659   3.430465    33.5977        825     3.4333  0.000e+00
    129.603     7.2674   3.430716    33.5989        826     3.4375  0.000e+00
    129.790     7.2689   3.431207    33.6027        827     3.4417  0.000e+00
    129.980     7.2706   3.431668    33.6059        828     3.4458  0.000e+00
    130.171     7.2730   3.432016    33.6073        829     3.4500  0.000e+00
    130.365     7.2752   3.432530    33.6107        830     3.4542  0.000e+00
