HB2406/sbe099.cnv
* Sea-Bird SBE 19plus V2 Data File:
* FileName = C:\cruise\data\sbe099.hex
* Software Version Seasave V 7.26.7.121
* Temperature SN = 7037
* Conductivity SN = 7037
* System UpLoad Time = Aug 20 2024 21:51:01
* NMEA Latitude = 42 19.13 N
* NMEA Longitude = 070 17.04 W
* NMEA UTC (Time) = Aug 20 2024  21:49:56
** Ship: Henry Bigelow
** Cruise:  HB2406
** Program:  ECOMON
# nquan = 7
# nvalues = 1631                                  
# units = specified
# name 0 = depSM: Depth [salt water, m]
# name 1 = tv290C: Temperature [ITS-90, deg C]
# name 2 = c0S/m: Conductivity [S/m]
# name 3 = sal00: Salinity, Practical [PSU]
# name 4 = scan: Scan Count
# name 5 = timeM: Time, Elapsed [minutes]
# name 6 = flag:  0.000e+00
# span 0 =     -0.035,     26.482                 
# span 1 =     6.5712,    17.2278                 
# span 2 =  -0.059169,   4.082397                 
# span 3 =     0.0000,    32.4508                 
# span 4 =         11,       1641                 
# span 5 =     0.0417,     6.8333                 
# span 6 = 0.0000e+00, 0.0000e+00                 
# interval = seconds: 0.25
# start_time = Aug 20 2024 21:49:56 [NMEA time, header]
# bad_flag = -9.990e-29
*END*
[from data line 411]
      1.758    17.1890   4.077218    31.2781        422     1.7542  0.000e+00
      1.686    17.1809   4.073019    31.2485        423     1.7583  0.000e+00
      1.597    17.1753   4.073868    31.2601        424     1.7625  0.000e+00
      1.500    17.1715   4.077499    31.2942        425     1.7667  0.000e+00
      1.400    17.1689   4.078166    31.3019        426     1.7708  0.000e+00
      1.324    17.1675   4.078777    31.3082        427     1.7750  0.000e+00
      1.292    17.1669   4.066947    31.2075        428     1.7792  0.000e+00
      1.305    17.1667   4.027195    30.8679        429     1.7833  0.000e+00
      1.341    17.1667   4.044827    31.0185        430     1.7875  0.000e+00
      1.391    17.1667   4.064974    31.1908        431     1.7917  0.000e+00
      1.440    17.1674   4.069152    31.2260        432     1.7958  0.000e+00
      1.469    17.1680   4.073337    31.2613        433     1.8000  0.000e+00
      1.493    17.1675   4.073869    31.2662        434     1.8042  0.000e+00
      1.489    17.1674   4.074400    31.2708        435     1.8083  0.000e+00
      1.453    17.1683   4.076393    31.2872        436     1.8125  0.000e+00
      1.380    17.1695   4.063594    31.1768        437     1.8167  0.000e+00
      1.277    17.1706   4.079175    31.3093        438     1.8208  0.000e+00
      1.147    17.1714   4.079138    31.3084        439     1.8250  0.000e+00
      1.046    17.1716   4.079113    31.3080        440     1.8292  0.000e+00
      0.970    17.1713   4.079150    31.3086        441     1.8333  0.000e+00
      0.918    17.1711   4.079113    31.3085        442     1.8375  0.000e+00
      0.905    17.1702   4.078875    31.3071        443     1.8417  0.000e+00
      0.925    17.1690   4.074614    31.2716        444     1.8458  0.000e+00
      0.977    17.1681   4.053160    31.0888        445     1.8500  0.000e+00
      1.082    17.1679   4.047380    31.0395        446     1.8542  0.000e+00
      1.155    17.1678   4.024173    30.8413        447     1.8583  0.000e+00
      1.241    17.1679   4.051885    31.0780        448     1.8625  0.000e+00
      1.326    17.1677   4.052751    31.0855        449     1.8667  0.000e+00
      1.404    17.1677   4.076729    31.2905        450     1.8708  0.000e+00
      1.467    17.1677   4.078239    31.3034        451     1.8750  0.000e+00
      1.502    17.1673   4.078068    31.3023        452     1.8792  0.000e+00
      1.518    17.1667   4.077426    31.2972        453     1.8833  0.000e+00
      1.538    17.1656   4.076564    31.2907        454     1.8875  0.000e+00
      1.576    17.1638   4.076589    31.2923        455     1.8917  0.000e+00
      1.614    17.1607   4.077310    31.3009        456     1.8958  0.000e+00
      1.648    17.1576   4.076931    31.3000        457     1.9000  0.000e+00
      1.684    17.1565   4.077316    31.3042        458     1.9042  0.000e+00
      1.728    17.1558   4.077243    31.3040        459     1.9083  0.000e+00
      1.757    17.1543   4.077145    31.3044        460     1.9125  0.000e+00
      1.786    17.1522   4.075207    31.2894        461     1.9167  0.000e+00
      1.793    17.1494   4.075611    31.2950        462     1.9208  0.000e+00
      1.780    17.1464   4.076516    31.3051        463     1.9250  0.000e+00
      1.755    17.1446   4.076711    31.3082        464     1.9292  0.000e+00
      1.719    17.1446   4.077775    31.3173        465     1.9333  0.000e+00
      1.686    17.1450   4.077806    31.3173        466     1.9375  0.000e+00
      1.670    17.1462   4.078044    31.3184        467     1.9417  0.000e+00
      1.672    17.1482   4.077640    31.3133        468     1.9458  0.000e+00
      1.688    17.1510   4.077414    31.3093        469     1.9500  0.000e+00
      1.720    17.1535   4.078068    31.3129        470     1.9542  0.000e+00
      1.773    17.1554   4.078380    31.3141        471     1.9583  0.000e+00
      1.823    17.1565   4.075886    31.2919        472     1.9625  0.000e+00
      1.865    17.1569   4.074168    31.2768        473     1.9667  0.000e+00
      1.899    17.1572   4.075134    31.2848        474     1.9708  0.000e+00
      1.909    17.1574   4.073722    31.2726        475     1.9750  0.000e+00
      1.896    17.1580   4.077475    31.3043        476     1.9792  0.000e+00
      1.858    17.1572   4.077805    31.3077        477     1.9833  0.000e+00
      1.775    17.1554   4.078460    31.3148        478     1.9875  0.000e+00
      1.679    17.1544   4.078686    31.3175        479     1.9917  0.000e+00
      1.594    17.1546   4.078680    31.3174        480     1.9958  0.000e+00
      1.493    17.1546   4.078631    31.3169        481     2.0000  0.000e+00
      1.384    17.1546   4.078735    31.3178        482     2.0042  0.000e+00
      1.303    17.1549   4.078777    31.3180        483     2.0083  0.000e+00
      1.245    17.1554   4.078900    31.3187        484     2.0125  0.000e+00
      1.227    17.1567   4.079059    31.3191        485     2.0167  0.000e+00
      1.238    17.1578   4.079138    31.3189        486     2.0208  0.000e+00
      1.274    17.1586   4.074547    31.2789        487     2.0250  0.000e+00
      1.339    17.1596   4.071565    31.2527        488     2.0292  0.000e+00
      1.404    17.1604   4.072121    31.2568        489     2.0333  0.000e+00
      1.455    17.1615   4.074669    31.2777        490     2.0375  0.000e+00
      1.485    17.1628   4.077127    31.2977        491     2.0417  0.000e+00
      1.478    17.1639   4.077004    31.2958        492     2.0458  0.000e+00
      1.451    17.1607   4.076784    31.2964        493     2.0500  0.000e+00
      1.391    17.1509   4.076265    31.2996        494     2.0542  0.000e+00
      1.296    17.1414   4.076736    31.3110        495     2.0583  0.000e+00
      1.214    17.1366   4.076418    31.3120        496     2.0625  0.000e+00
      1.137    17.1335   4.076870    31.3183        497     2.0667  0.000e+00
      1.081    17.1332   4.077512    31.3241        498     2.0708  0.000e+00
      1.048    17.1359   4.070636    31.2631        499     2.0750  0.000e+00
      1.055    17.1389   4.062532    31.1915        500     2.0792  0.000e+00
      1.073    17.1412   4.071614    31.2674        501     2.0833  0.000e+00
      1.102    17.1435   4.075708    31.3007        502     2.0875  0.000e+00
      1.137    17.1448   4.076393    31.3056        503     2.0917  0.000e+00
      1.158    17.1453   4.076564    31.3066        504     2.0958  0.000e+00
      1.160    17.1461   4.076821    31.3082        505     2.1000  0.000e+00
      1.167    17.1486   4.077029    31.3080        506     2.1042  0.000e+00
      1.176    17.1518   4.076760    31.3032        507     2.1083  0.000e+00
      1.205    17.1547   4.076332    31.2973        508     2.1125  0.000e+00
      1.247    17.1571   4.077536    31.3057        509     2.1167  0.000e+00
      1.305    17.1590   4.077756    31.3061        510     2.1208  0.000e+00
      1.343    17.1611   4.078196    31.3083        511     2.1250  0.000e+00
      1.364    17.1621   4.078631    31.3112        512     2.1292  0.000e+00
      1.346    17.1600   4.078337    31.3103        513     2.1333  0.000e+00
      1.297    17.1578   4.078967    31.3174        514     2.1375  0.000e+00
      1.221    17.1584   4.079652    31.3228        515     2.1417  0.000e+00
      1.138    17.1612   4.079964    31.3233        516     2.1458  0.000e+00
      1.050    17.1645   4.080153    31.3225        517     2.1500  0.000e+00
      0.972    17.1674   4.080061    31.3195        518     2.1542  0.000e+00
      0.918    17.1692   4.080330    31.3204        519     2.1583  0.000e+00
      0.873    17.1712   4.080410    31.3195        520     2.1625  0.000e+00
      0.836    17.1726   4.079963    31.3146        521     2.1667  0.000e+00
      0.809    17.1705   4.078826    31.3066        522     2.1708  0.000e+00
      0.806    17.1646   4.078606    31.3092        523     2.1750  0.000e+00
      0.818    17.1612   4.079162    31.3166        524     2.1792  0.000e+00
      0.835    17.1608   4.079407    31.3190        525     2.1833  0.000e+00
      0.871    17.1617   4.079676    31.3206        526     2.1875  0.000e+00
      0.911    17.1631   4.079774    31.3203        527     2.1917  0.000e+00
      0.952    17.1646   4.075451    31.2822        528     2.1958  0.000e+00
      1.012    17.1659   4.063863    31.1820        529     2.2000  0.000e+00
      1.084    17.1668   4.036275    30.9455        530     2.2042  0.000e+00
      1.155    17.1676   4.057460    31.1259        531     2.2083  0.000e+00
      1.227    17.1680   4.046978    31.0359        532     2.2125  0.000e+00
      1.308    17.1685   4.079774    31.3160        533     2.2167  0.000e+00
      1.390    17.1690   4.079847    31.3163        534     2.2208  0.000e+00
      1.459    17.1692   4.079945    31.3169        535     2.2250  0.000e+00
      1.525    17.1692   4.080013    31.3174        536     2.2292  0.000e+00
      1.578    17.1696   4.080129    31.3181        537     2.2333  0.000e+00
      1.627    17.1698   4.080135    31.3180        538     2.2375  0.000e+00
      1.674    17.1700   4.080061    31.3172        539     2.2417  0.000e+00
      1.724    17.1696   4.080013    31.3170        540     2.2458  0.000e+00
      1.791    17.1690   4.080037    31.3177        541     2.2500  0.000e+00
      1.865    17.1688   4.080037    31.3179        542     2.2542  0.000e+00
      1.948    17.1689   4.080037    31.3178        543     2.2583  0.000e+00
      2.030    17.1690   4.080062    31.3178        544     2.2625  0.000e+00
      2.124    17.1690   4.080086    31.3180        545     2.2667  0.000e+00
      2.211    17.1694   4.080129    31.3181        546     2.2708  0.000e+00
      2.297    17.1691   4.080135    31.3183        547     2.2750  0.000e+00
      2.388    17.1684   4.080160    31.3190        548     2.2792  0.000e+00
      2.480    17.1675   4.080086    31.3190        549     2.2833  0.000e+00
      2.570    17.1660   4.079964    31.3191        550     2.2875  0.000e+00
      2.666    17.1650   4.079830    31.3188        551     2.2917  0.000e+00
      2.764    17.1637   4.079750    31.3190        552     2.2958  0.000e+00
      2.858    17.1615   4.079579    31.3193        553     2.3000  0.000e+00
      2.950    17.1576   4.079341    31.3202        554     2.3042  0.000e+00
      3.037    17.1527   4.079041    31.3214        555     2.3083  0.000e+00
      3.133    17.1475   4.078968    31.3248        556     2.3125  0.000e+00
      3.227    17.1429   4.079200    31.3303        557     2.3167  0.000e+00
      3.315    17.1399   4.079555    31.3356        558     2.3208  0.000e+00
      3.416    17.1370   4.066771    31.2284        559     2.3250  0.000e+00
      3.528    17.1366   4.072476    31.2775        560     2.3292  0.000e+00
      3.651    17.1405   4.069360    31.2477        561     2.3333  0.000e+00
      3.778    17.1448   4.080160    31.3369        562     2.3375  0.000e+00
      3.899    17.1489   4.080179    31.3338        563     2.3417  0.000e+00
      4.033    17.1511   4.080087    31.3313        564     2.3458  0.000e+00
      4.158    17.1522   4.079751    31.3275        565     2.3500  0.000e+00
      4.280    17.1519   4.074872    31.2859        566     2.3542  0.000e+00
      4.398    17.1366   4.068365    31.2420        567     2.3583  0.000e+00
      4.512    17.0989   4.065294    31.2448        568     2.3625  0.000e+00
      4.629    17.0583   4.061637    31.2449        569     2.3667  0.000e+00
      4.736    17.0160   4.056811    31.2362        570     2.3708  0.000e+00
      4.843    16.9703   4.053743    31.2453        571     2.3750  0.000e+00
      4.942    16.9268   4.052664    31.2698        572     2.3792  0.000e+00
      5.040    16.8941   4.051311    31.2835        573     2.3833  0.000e+00
      5.132    16.8687   4.049434    31.2870        574     2.3875  0.000e+00
      5.221    16.8448   4.049050    31.3023        575     2.3917  0.000e+00
      5.304    16.8263   4.047167    31.3005        576     2.3958  0.000e+00
      5.392    16.8078   4.045680    31.3020        577     2.4000  0.000e+00
      5.485    16.7891   4.043919    31.3014        578     2.4042  0.000e+00
      5.575    16.7701   4.041038    31.2913        579     2.4083  0.000e+00
      5.667    16.7454   4.035564    31.2633        580     2.4125  0.000e+00
      5.767    16.7086   4.032782    31.2678        581     2.4167  0.000e+00
      5.868    16.6712   4.029978    31.2728        582     2.4208  0.000e+00
      5.971    16.6355   4.027539    31.2794        583     2.4250  0.000e+00
      6.083    16.6024   4.025946    31.2914        584     2.4292  0.000e+00
      6.199    16.5739   4.025313    31.3082        585     2.4333  0.000e+00
      6.316    16.5528   4.024572    31.3182        586     2.4375  0.000e+00
      6.444    16.5371   4.024286    31.3280        587     2.4417  0.000e+00
      6.567    16.5256   4.022949    31.3254        588     2.4458  0.000e+00
      6.692    16.5137   4.022651    31.3321        589     2.4500  0.000e+00
      6.813    16.5042   4.022183    31.3354        590     2.4542  0.000e+00
      6.940    16.4961   4.021971    31.3399        591     2.4583  0.000e+00
      7.066    16.4903   4.021825    31.3431        592     2.4625  0.000e+00
      7.182    16.4859   4.021527    31.3440        593     2.4667  0.000e+00
      7.303    16.4822   4.020992    31.3421        594     2.4708  0.000e+00
      7.414    16.4777   4.019941    31.3365        595     2.4750  0.000e+00
      7.526    16.4707   4.018962    31.3335        596     2.4792  0.000e+00
      7.632    16.4623   4.018197    31.3333        597     2.4833  0.000e+00
      7.737    16.4529   4.017844    31.3376        598     2.4875  0.000e+00
      7.844    16.4456   4.018726    31.3509        599     2.4917  0.000e+00
      7.940    16.4435   4.018914    31.3542        600     2.4958  0.000e+00
      8.034    16.4437   4.017577    31.3424        601     2.5000  0.000e+00
      8.129    16.4400   4.018197    31.3507        602     2.5042  0.000e+00
      8.222    16.4382   4.017869    31.3492        603     2.5083  0.000e+00
      8.314    16.4362   4.013713    31.3145        604     2.5125  0.000e+00
      8.415    16.4211   4.009238    31.2875        605     2.5167  0.000e+00
      8.509    16.3905   4.004103    31.2667        606     2.5208  0.000e+00
      8.610    16.3506   4.001349    31.2739        607     2.5250  0.000e+00
      8.717    16.3103   3.999663    31.2909        608     2.5292  0.000e+00
      8.825    16.2767   3.991764    31.2483        609     2.5333  0.000e+00
      8.939    16.2274   3.981037    31.1933        610     2.5375  0.000e+00
      9.055    16.1515   3.979107    31.2359        611     2.5417  0.000e+00
      9.171    16.0854   3.981160    31.3058        612     2.5458  0.000e+00
      9.290    16.0501   3.980567    31.3284        613     2.5500  0.000e+00
      9.408    16.0297   3.976845    31.3118        614     2.5542  0.000e+00
      9.523    16.0011   3.972441    31.2957        615     2.5583  0.000e+00
      9.641    15.9677   3.972653    31.3239        616     2.5625  0.000e+00
      9.755    15.9421   3.969666    31.3178        617     2.5667  0.000e+00
      9.871    15.9169   3.964685    31.2938        618     2.5708  0.000e+00
      9.990    15.8795   3.959900    31.2812        619     2.5750  0.000e+00
     10.109    15.8358   3.955051    31.2730        620     2.5792  0.000e+00
     10.232    15.7868   3.951261    31.2783        621     2.5833  0.000e+00
     10.357    15.7370   3.942852    31.2434        622     2.5875  0.000e+00
     10.480    15.6744   3.937054    31.2417        623     2.5917  0.000e+00
     10.603    15.6036   3.929729    31.2328        624     2.5958  0.000e+00
     10.726    15.5307   3.926804    31.2646        625     2.6000  0.000e+00
