HB2406/sbe086.cnv
* Sea-Bird SBE 19plus V2 Data File:
* FileName = C:\cruise\data\sbe086.hex
* Software Version Seasave V 7.26.7.121
* Temperature SN = 7037
* Conductivity SN = 7037
* System UpLoad Time = Aug 19 2024 12:16:22
* NMEA Latitude = 42 28.63 N
* NMEA Longitude = 068 36.38 W
* NMEA UTC (Time) = Aug 19 2024  12:15:16
** Ship: Henry Bigelow
** Cruise:  HB2406
** Program:  ECOMON
# nquan = 7
# nvalues = 5319                                  
# units = specified
# name 0 = depSM: Depth [salt water, m]
# name 1 = tv290C: Temperature [ITS-90, deg C]
# name 2 = c0S/m: Conductivity [S/m]
# name 3 = sal00: Salinity, Practical [PSU]
# name 4 = scan: Scan Count
# name 5 = timeM: Time, Elapsed [minutes]
# name 6 = flag:  0.000e+00
# span 0 =     -0.097,    186.369                 
# span 1 =     6.3508,    21.1360                 
# span 2 =   0.001813,   4.444491                 
# span 3 =     0.0163,    34.7203                 
# span 4 =         11,       5329                 
# span 5 =     0.0417,    22.2000                 
# span 6 = 0.0000e+00, 0.0000e+00                 
# interval = seconds: 0.25
# start_time = Aug 19 2024 12:15:16 [NMEA time, header]
# bad_flag = -9.990e-29
*END*
[from data line 1231]
    146.867     7.5645   3.477291    33.8068       1242     5.1708  0.000e+00
    146.988     7.5666   3.477967    33.8120       1243     5.1750  0.000e+00
    147.095     7.5690   3.478426    33.8146       1244     5.1792  0.000e+00
    147.194     7.5714   3.478489    33.8128       1245     5.1833  0.000e+00
    147.283     7.5732   3.478237    33.8084       1246     5.1875  0.000e+00
    147.366     7.5739   3.477566    33.8004       1247     5.1917  0.000e+00
    147.449     7.5734   3.477606    33.8013       1248     5.1958  0.000e+00
    147.523     7.5729   3.478093    33.8070       1249     5.2000  0.000e+00
    147.605     7.5730   3.478466    33.8109       1250     5.2042  0.000e+00
    147.691     7.5738   3.478655    33.8121       1251     5.2083  0.000e+00
    147.784     7.5749   3.478638    33.8108       1252     5.2125  0.000e+00
    147.879     7.5756   3.478764    33.8115       1253     5.2167  0.000e+00
    147.982     7.5761   3.478827    33.8116       1254     5.2208  0.000e+00
    148.098     7.5768   3.478931    33.8120       1255     5.2250  0.000e+00
    148.225     7.5772   3.478994    33.8122       1256     5.2292  0.000e+00
    148.353     7.5777   3.479120    33.8130       1257     5.2333  0.000e+00
    148.489     7.5782   3.479286    33.8142       1258     5.2375  0.000e+00
    148.633     7.5790   3.479332    33.8140       1259     5.2417  0.000e+00
    148.787     7.5795   3.479476    33.8149       1260     5.2458  0.000e+00
    148.943     7.5802   3.479602    33.8155       1261     5.2500  0.000e+00
    149.109     7.5808   3.479728    33.8162       1262     5.2542  0.000e+00
    149.272     7.5816   3.479877    33.8170       1263     5.2583  0.000e+00
    149.444     7.5822   3.479940    33.8170       1264     5.2625  0.000e+00
    149.619     7.5827   3.480026    33.8174       1265     5.2667  0.000e+00
    149.780     7.5832   3.480158    33.8182       1266     5.2708  0.000e+00
    149.952     7.5836   3.480256    33.8188       1267     5.2750  0.000e+00
    150.116     7.5839   3.480359    33.8195       1268     5.2792  0.000e+00
    150.277     7.5844   3.480485    33.8203       1269     5.2833  0.000e+00
    150.438     7.5849   3.480611    33.8211       1270     5.2875  0.000e+00
    150.590     7.5855   3.480623    33.8205       1271     5.2917  0.000e+00
    150.739     7.5860   3.480634    33.8202       1272     5.2958  0.000e+00
    150.872     7.5862   3.480675    33.8203       1273     5.3000  0.000e+00
    151.001     7.5864   3.480698    33.8203       1274     5.3042  0.000e+00
    151.113     7.5864   3.480721    33.8205       1275     5.3083  0.000e+00
    151.209     7.5863   3.480732    33.8207       1276     5.3125  0.000e+00
    151.297     7.5863   3.480721    33.8205       1277     5.3167  0.000e+00
    151.381     7.5864   3.480738    33.8206       1278     5.3208  0.000e+00
    151.460     7.5863   3.480801    33.8213       1279     5.3250  0.000e+00
    151.527     7.5865   3.480887    33.8221       1280     5.3292  0.000e+00
    151.603     7.5867   3.480973    33.8227       1281     5.3333  0.000e+00
    151.675     7.5869   3.481019    33.8229       1282     5.3375  0.000e+00
    151.759     7.5872   3.481013    33.8226       1283     5.3417  0.000e+00
    151.834     7.5874   3.481076    33.8230       1284     5.3458  0.000e+00
    151.912     7.5877   3.481036    33.8222       1285     5.3500  0.000e+00
    151.999     7.5877   3.481053    33.8224       1286     5.3542  0.000e+00
    152.091     7.5877   3.481111    33.8230       1287     5.3583  0.000e+00
    152.187     7.5878   3.481226    33.8241       1288     5.3625  0.000e+00
    152.296     7.5881   3.481266    33.8242       1289     5.3667  0.000e+00
    152.399     7.5885   3.481329    33.8245       1290     5.3708  0.000e+00
    152.520     7.5889   3.481392    33.8247       1291     5.3750  0.000e+00
    152.641     7.5893   3.481329    33.8235       1292     5.3792  0.000e+00
    152.775     7.5894   3.481495    33.8252       1293     5.3833  0.000e+00
    152.912     7.5898   3.481897    33.8291       1294     5.3875  0.000e+00
    153.057     7.5910   3.481960    33.8285       1295     5.3917  0.000e+00
    153.216     7.5921   3.482023    33.8280       1296     5.3958  0.000e+00
    153.375     7.5930   3.482149    33.8284       1297     5.4000  0.000e+00
    153.549     7.5940   3.482344    33.8295       1298     5.4042  0.000e+00
    153.715     7.5949   3.482402    33.8291       1299     5.4083  0.000e+00
    153.891     7.5958   3.482465    33.8289       1300     5.4125  0.000e+00
    154.072     7.5964   3.481960    33.8228       1301     5.4167  0.000e+00
    154.247     7.5969   3.482591    33.8290       1302     5.4208  0.000e+00
    154.428     7.5974   3.482631    33.8289       1303     5.4250  0.000e+00
    154.594     7.5977   3.482672    33.8289       1304     5.4292  0.000e+00
    154.770     7.5981   3.482758    33.8294       1305     5.4333  0.000e+00
    154.934     7.5986   3.482947    33.8309       1306     5.4375  0.000e+00
    155.088     7.5989   3.483010    33.8312       1307     5.4417  0.000e+00
    155.244     7.5993   3.483114    33.8318       1308     5.4458  0.000e+00
    155.377     7.5998   3.483200    33.8322       1309     5.4500  0.000e+00
    155.499     7.6001   3.483286    33.8327       1310     5.4542  0.000e+00
    155.613     7.6005   3.483349    33.8330       1311     5.4583  0.000e+00
    155.714     7.6008   3.483326    33.8324       1312     5.4625  0.000e+00
    155.801     7.6011   3.483452    33.8335       1313     5.4667  0.000e+00
    155.880     7.6012   3.483601    33.8349       1314     5.4708  0.000e+00
    155.960     7.6018   3.483641    33.8347       1315     5.4750  0.000e+00
    156.038     7.6022   3.483664    33.8346       1316     5.4792  0.000e+00
    156.108     7.6027   3.483687    33.8343       1317     5.4833  0.000e+00
    156.191     7.6029   3.483728    33.8345       1318     5.4875  0.000e+00
    156.273     7.6031   3.483888    33.8360       1319     5.4917  0.000e+00
    156.354     7.6035   3.484066    33.8375       1320     5.4958  0.000e+00
    156.433     7.6040   3.484146    33.8378       1321     5.5000  0.000e+00
    156.522     7.6046   3.484571    33.8418       1322     5.5042  0.000e+00
    156.616     7.6058   3.484990    33.8451       1323     5.5083  0.000e+00
    156.708     7.6074   3.485369    33.8476       1324     5.5125  0.000e+00
    156.817     7.6090   3.485759    33.8502       1325     5.5167  0.000e+00
    156.929     7.6108   3.486212    33.8532       1326     5.5208  0.000e+00
    157.043     7.6129   3.486717    33.8566       1327     5.5250  0.000e+00
    157.166     7.6152   3.486906    33.8564       1328     5.5292  0.000e+00
    157.294     7.6171   3.486993    33.8554       1329     5.5333  0.000e+00
    157.426     7.6184   3.487348    33.8579       1330     5.5375  0.000e+00
    157.560     7.6198   3.487549    33.8586       1331     5.5417  0.000e+00
    157.701     7.6211   3.487624    33.8581       1332     5.5458  0.000e+00
    157.839     7.6223   3.487877    33.8596       1333     5.5500  0.000e+00
    157.983     7.6233   3.487813    33.8579       1334     5.5542  0.000e+00
    158.131     7.6241   3.488003    33.8591       1335     5.5583  0.000e+00
    158.276     7.6248   3.488083    33.8592       1336     5.5625  0.000e+00
    158.423     7.6255   3.488078    33.8584       1337     5.5667  0.000e+00
    158.575     7.6260   3.488256    33.8598       1338     5.5708  0.000e+00
    158.723     7.6265   3.488359    33.8603       1339     5.5750  0.000e+00
    158.871     7.6271   3.488445    33.8606       1340     5.5792  0.000e+00
    159.016     7.6277   3.488738    33.8631       1341     5.5833  0.000e+00
    159.164     7.6285   3.488738    33.8622       1342     5.5875  0.000e+00
    159.305     7.6293   3.488629    33.8602       1343     5.5917  0.000e+00
    159.446     7.6297   3.488927    33.8630       1344     5.5958  0.000e+00
    159.582     7.6301   3.489289    33.8664       1345     5.6000  0.000e+00
    159.714     7.6311   3.489519    33.8679       1346     5.6042  0.000e+00
    159.846     7.6323   3.490133    33.8732       1347     5.6083  0.000e+00
    159.976     7.6339   3.490765    33.8785       1348     5.6125  0.000e+00
    160.097     7.6361   3.491080    33.8797       1349     5.6167  0.000e+00
    160.215     7.6381   3.491230    33.8793       1350     5.6208  0.000e+00
    160.329     7.6399   3.491184    33.8770       1351     5.6250  0.000e+00
    160.443     7.6410   3.491247    33.8766       1352     5.6292  0.000e+00
    160.542     7.6415   3.491356    33.8772       1353     5.6333  0.000e+00
    160.636     7.6424   3.491419    33.8770       1354     5.6375  0.000e+00
    160.729     7.6428   3.491436    33.8767       1355     5.6417  0.000e+00
    160.805     7.6430   3.491482    33.8769       1356     5.6458  0.000e+00
    160.875     7.6435   3.491775    33.8796       1357     5.6500  0.000e+00
    160.938     7.6440   3.491821    33.8795       1358     5.6542  0.000e+00
    161.000     7.6448   3.491988    33.8806       1359     5.6583  0.000e+00
    161.063     7.6452   3.492051    33.8808       1360     5.6625  0.000e+00
    161.126     7.6457   3.492057    33.8804       1361     5.6667  0.000e+00
    161.201     7.6460   3.492051    33.8799       1362     5.6708  0.000e+00
    161.278     7.6463   3.492051    33.8797       1363     5.6750  0.000e+00
    161.365     7.6463   3.492051    33.8796       1364     5.6792  0.000e+00
    161.459     7.6463   3.491821    33.8771       1365     5.6833  0.000e+00
    161.564     7.6461   3.491925    33.8783       1366     5.6875  0.000e+00
    161.683     7.6461   3.492275    33.8821       1367     5.6917  0.000e+00
    161.812     7.6466   3.492390    33.8828       1368     5.6958  0.000e+00
    161.955     7.6474   3.492516    33.8833       1369     5.7000  0.000e+00
    162.101     7.6478   3.492597    33.8837       1370     5.7042  0.000e+00
    162.257     7.6485   3.492792    33.8850       1371     5.7083  0.000e+00
    162.416     7.6492   3.492895    33.8854       1372     5.7125  0.000e+00
    162.580     7.6499   3.492936    33.8851       1373     5.7167  0.000e+00
    162.745     7.6503   3.492959    33.8848       1374     5.7208  0.000e+00
    162.911     7.6506   3.492982    33.8847       1375     5.7250  0.000e+00
    163.072     7.6507   3.492999    33.8847       1376     5.7292  0.000e+00
    163.232     7.6506   3.493045    33.8853       1377     5.7333  0.000e+00
    163.387     7.6506   3.493171    33.8866       1378     5.7375  0.000e+00
    163.541     7.6507   3.493235    33.8870       1379     5.7417  0.000e+00
    163.693     7.6507   3.493229    33.8869       1380     5.7458  0.000e+00
    163.847     7.6509   3.493298    33.8874       1381     5.7500  0.000e+00
    163.997     7.6509   3.493424    33.8887       1382     5.7542  0.000e+00
    164.141     7.6512   3.493528    33.8894       1383     5.7583  0.000e+00
    164.281     7.6514   3.493763    33.8917       1384     5.7625  0.000e+00
    164.411     7.6520   3.493970    33.8933       1385     5.7667  0.000e+00
    164.541     7.6529   3.494269    33.8956       1386     5.7708  0.000e+00
    164.659     7.6537   3.494378    33.8959       1387     5.7750  0.000e+00
    164.765     7.6545   3.494522    33.8966       1388     5.7792  0.000e+00
    164.868     7.6554   3.494608    33.8966       1389     5.7833  0.000e+00
    164.957     7.6559   3.494688    33.8969       1390     5.7875  0.000e+00
    165.038     7.6564   3.494815    33.8978       1391     5.7917  0.000e+00
    165.118     7.6569   3.494964    33.8989       1392     5.7958  0.000e+00
    165.192     7.6576   3.495062    33.8992       1393     5.8000  0.000e+00
    165.259     7.6581   3.495199    33.9002       1394     5.8042  0.000e+00
    165.328     7.6586   3.495240    33.9001       1395     5.8083  0.000e+00
    165.400     7.6590   3.495263    33.8999       1396     5.8125  0.000e+00
    165.472     7.6594   3.495366    33.9006       1397     5.8167  0.000e+00
    165.543     7.6597   3.495452    33.9012       1398     5.8208  0.000e+00
    165.615     7.6599   3.495492    33.9014       1399     5.8250  0.000e+00
    165.693     7.6604   3.495573    33.9018       1400     5.8292  0.000e+00
    165.776     7.6607   3.495791    33.9038       1401     5.8333  0.000e+00
    165.867     7.6613   3.496211    33.9077       1402     5.8375  0.000e+00
    165.962     7.6623   3.496613    33.9110       1403     5.8417  0.000e+00
    166.067     7.6639   3.496889    33.9124       1404     5.8458  0.000e+00
    166.179     7.6653   3.497078    33.9130       1405     5.8500  0.000e+00
    166.297     7.6667   3.497394    33.9150       1406     5.8542  0.000e+00
    166.427     7.6681   3.497498    33.9147       1407     5.8583  0.000e+00
    166.568     7.6694   3.497693    33.9155       1408     5.8625  0.000e+00
    166.718     7.6705   3.498113    33.9189       1409     5.8667  0.000e+00
    166.876     7.6717   3.498348    33.9201       1410     5.8708  0.000e+00
    167.038     7.6734   3.498624    33.9214       1411     5.8750  0.000e+00
    167.198     7.6749   3.498940    33.9232       1412     5.8792  0.000e+00
    167.366     7.6764   3.499193    33.9244       1413     5.8833  0.000e+00
    167.536     7.6779   3.499383    33.9250       1414     5.8875  0.000e+00
    167.699     7.6790   3.499572    33.9258       1415     5.8917  0.000e+00
    167.870     7.6802   3.499636    33.9253       1416     5.8958  0.000e+00
    168.035     7.6812   3.499998    33.9281       1417     5.9000  0.000e+00
    168.198     7.6824   3.500314    33.9303       1418     5.9042  0.000e+00
    168.353     7.6836   3.500377    33.9297       1419     5.9083  0.000e+00
    168.514     7.6848   3.500418    33.9289       1420     5.9125  0.000e+00
    168.673     7.6855   3.500780    33.9320       1421     5.9167  0.000e+00
    168.825     7.6866   3.501119    33.9345       1422     5.9208  0.000e+00
    168.974     7.6878   3.501395    33.9362       1423     5.9250  0.000e+00
    169.118     7.6893   3.501671    33.9377       1424     5.9292  0.000e+00
    169.247     7.6908   3.501837    33.9380       1425     5.9333  0.000e+00
    169.364     7.6920   3.502010    33.9386       1426     5.9375  0.000e+00
    169.471     7.6933   3.502154    33.9389       1427     5.9417  0.000e+00
    169.560     7.6942   3.502430    33.9409       1428     5.9458  0.000e+00
    169.641     7.6952   3.502596    33.9417       1429     5.9500  0.000e+00
    169.708     7.6963   3.502878    33.9436       1430     5.9542  0.000e+00
    169.755     7.6975   3.502982    33.9435       1431     5.9583  0.000e+00
    169.806     7.6986   3.503344    33.9464       1432     5.9625  0.000e+00
    169.849     7.7000   3.504356    33.9559       1433     5.9667  0.000e+00
    169.894     7.7022   3.504781    33.9583       1434     5.9708  0.000e+00
    169.938     7.7050   3.504845    33.9562       1435     5.9750  0.000e+00
    169.992     7.7070   3.505080    33.9568       1436     5.9792  0.000e+00
    170.051     7.7085   3.505420    33.9589       1437     5.9833  0.000e+00
    170.122     7.7103   3.505523    33.9583       1438     5.9875  0.000e+00
    170.202     7.7115   3.505822    33.9602       1439     5.9917  0.000e+00
    170.294     7.7130   3.505972    33.9604       1440     5.9958  0.000e+00
    170.393     7.7142   3.506179    33.9614       1441     6.0000  0.000e+00
    170.498     7.7155   3.506881    33.9677       1442     6.0042  0.000e+00
    170.612     7.7174   3.507473    33.9722       1443     6.0083  0.000e+00
    170.731     7.7199   3.508664    33.9825       1444     6.0125  0.000e+00
    170.854     7.7237   3.509504    33.9878       1445     6.0167  0.000e+00
