HB2406/sbe042.cnv
* Sea-Bird SBE 19plus V2 Data File:
* FileName = C:\cruise\data\sbe042.hex
* Software Version Seasave V 7.26.7.121
* Temperature SN = 7037
* Conductivity SN = 7037
* System UpLoad Time = Aug 15 2024 19:35:36
* NMEA Latitude = 42 33.66 N
* NMEA Longitude = 065 44.92 W
* NMEA UTC (Time) = Aug 15 2024  19:34:28
** Ship: Henry Bigelow
** Cruise:  HB2406
** Program:  ECOMON
# nquan = 7
# nvalues = 2238                                  
# units = specified
# name 0 = depSM: Depth [salt water, m]
# name 1 = tv290C: Temperature [ITS-90, deg C]
# name 2 = c0S/m: Conductivity [S/m]
# name 3 = sal00: Salinity, Practical [PSU]
# name 4 = scan: Scan Count
# name 5 = timeM: Time, Elapsed [minutes]
# name 6 = flag:  0.000e+00
# span 0 =      0.001,     88.308                 
# span 1 =     7.9750,    17.2473                 
# span 2 =  -0.000033,   4.094466                 
# span 3 =     0.0000,    32.9262                 
# span 4 =         11,       2248                 
# span 5 =     0.0417,     9.3625                 
# span 6 = 0.0000e+00, 0.0000e+00                 
# interval = seconds: 0.25
# start_time = Aug 15 2024 19:34:28 [NMEA time, header]
# bad_flag = -9.990e-29
*END*
[from data line 1847]
     19.978    13.9302   3.811555    31.5108       1858     7.7375  0.000e+00
     19.937    13.9490   3.812768    31.5065       1859     7.7417  0.000e+00
     19.888    13.9673   3.813280    31.4963       1860     7.7458  0.000e+00
     19.844    13.9811   3.813803    31.4898       1861     7.7500  0.000e+00
     19.797    13.9927   3.814445    31.4862       1862     7.7542  0.000e+00
     19.754    14.0024   3.815522    31.4882       1863     7.7583  0.000e+00
     19.705    14.0131   3.818372    31.5056       1864     7.7625  0.000e+00
     19.666    14.0311   3.820414    31.5097       1865     7.7667  0.000e+00
     19.620    14.0527   3.822033    31.5068       1866     7.7708  0.000e+00
     19.584    14.0745   3.824337    31.5102       1867     7.7750  0.000e+00
     19.542    14.0973   3.826934    31.5154       1868     7.7792  0.000e+00
     19.508    14.1235   3.829722    31.5195       1869     7.7833  0.000e+00
     19.474    14.1521   3.832225    31.5191       1870     7.7875  0.000e+00
     19.439    14.1816   3.834078    31.5120       1871     7.7917  0.000e+00
     19.403    14.2100   3.835855    31.5051       1872     7.7958  0.000e+00
     19.376    14.2352   3.836349    31.4890       1873     7.8000  0.000e+00
     19.340    14.2542   3.836892    31.4786       1874     7.8042  0.000e+00
     19.313    14.2678   3.837238    31.4706       1875     7.8083  0.000e+00
     19.280    14.2779   3.837840    31.4679       1876     7.8125  0.000e+00
     19.248    14.2866   3.838514    31.4670       1877     7.8167  0.000e+00
     19.208    14.2949   3.838716    31.4621       1878     7.8208  0.000e+00
     19.175    14.3015   3.839152    31.4607       1879     7.8250  0.000e+00
     19.132    14.3073   3.839778    31.4618       1880     7.8292  0.000e+00
     19.088    14.3138   3.839987    31.4583       1881     7.8333  0.000e+00
     19.043    14.3194   3.839987    31.4539       1882     7.8375  0.000e+00
     18.996    14.3231   3.840022    31.4511       1883     7.8417  0.000e+00
     18.942    14.3257   3.840028    31.4491       1884     7.8458  0.000e+00
     18.893    14.3273   3.840052    31.4481       1885     7.8500  0.000e+00
     18.839    14.3284   3.840141    31.4480       1886     7.8542  0.000e+00
     18.790    14.3295   3.840452    31.4500       1887     7.8583  0.000e+00
     18.730    14.3318   3.840839    31.4517       1888     7.8625  0.000e+00
     18.674    14.3346   3.841364    31.4541       1889     7.8667  0.000e+00
     18.615    14.3389   3.842289    31.4591       1890     7.8708  0.000e+00
     18.557    14.3456   3.842766    31.4580       1891     7.8750  0.000e+00
     18.492    14.3524   3.842856    31.4533       1892     7.8792  0.000e+00
     18.434    14.3576   3.842987    31.4504       1893     7.8833  0.000e+00
     18.367    14.3614   3.843148    31.4488       1894     7.8875  0.000e+00
     18.304    14.3645   3.843428    31.4488       1895     7.8917  0.000e+00
     18.242    14.3677   3.844031    31.4518       1896     7.8958  0.000e+00
     18.188    14.3721   3.844753    31.4547       1897     7.9000  0.000e+00
     18.130    14.3782   3.845069    31.4527       1898     7.9042  0.000e+00
     18.070    14.3840   3.845439    31.4514       1899     7.9083  0.000e+00
     18.023    14.3894   3.845929    31.4515       1900     7.9125  0.000e+00
     17.980    14.3949   3.846496    31.4521       1901     7.9167  0.000e+00
     17.938    14.4011   3.846997    31.4517       1902     7.9208  0.000e+00
     17.904    14.4071   3.847451    31.4510       1903     7.9250  0.000e+00
     17.878    14.4131   3.847857    31.4499       1904     7.9292  0.000e+00
     17.853    14.4187   3.848125    31.4478       1905     7.9333  0.000e+00
     17.835    14.4234   3.848263    31.4452       1906     7.9375  0.000e+00
     17.819    14.4271   3.848376    31.4432       1907     7.9417  0.000e+00
     17.808    14.4296   3.848418    31.4416       1908     7.9458  0.000e+00
     17.804    14.4317   3.848513    31.4408       1909     7.9500  0.000e+00
     17.790    14.4331   3.848555    31.4400       1910     7.9542  0.000e+00
     17.782    14.4341   3.848603    31.4396       1911     7.9583  0.000e+00
     17.770    14.4349   3.848680    31.4397       1912     7.9625  0.000e+00
     17.752    14.4358   3.848854    31.4406       1913     7.9667  0.000e+00
     17.734    14.4370   3.849122    31.4420       1914     7.9708  0.000e+00
     17.705    14.4389   3.849415    31.4431       1915     7.9750  0.000e+00
     17.667    14.4414   3.849606    31.4429       1916     7.9792  0.000e+00
     17.629    14.4440   3.849827    31.4428       1917     7.9833  0.000e+00
     17.569    14.4465   3.850006    31.4424       1918     7.9875  0.000e+00
     17.507    14.4490   3.850119    31.4414       1919     7.9917  0.000e+00
     17.441    14.4511   3.850257    31.4410       1920     7.9958  0.000e+00
     17.361    14.4527   3.850316    31.4403       1921     8.0000  0.000e+00
     17.280    14.4541   3.850370    31.4397       1922     8.0042  0.000e+00
     17.187    14.4552   3.850848    31.4431       1923     8.0083  0.000e+00
     17.104    14.4573   3.851295    31.4455       1924     8.0125  0.000e+00
     17.016    14.4611   3.853422    31.4618       1925     8.0167  0.000e+00
     16.940    14.4713   3.857587    31.4914       1926     8.0208  0.000e+00
     16.867    14.4948   3.861292    31.5060       1927     8.0250  0.000e+00
     16.808    14.5265   3.865113    31.5150       1928     8.0292  0.000e+00
     16.755    14.5637   3.868894    31.5191       1929     8.0333  0.000e+00
     16.710    14.6054   3.872233    31.5155       1930     8.0375  0.000e+00
     16.663    14.6470   3.874322    31.5008       1931     8.0417  0.000e+00
     16.634    14.6832   3.875602    31.4831       1932     8.0458  0.000e+00
     16.610    14.7118   3.876357    31.4668       1933     8.0500  0.000e+00
     16.580    14.7327   3.876949    31.4552       1934     8.0542  0.000e+00
     16.556    14.7480   3.877680    31.4494       1935     8.0583  0.000e+00
     16.533    14.7602   3.878620    31.4481       1936     8.0625  0.000e+00
     16.498    14.7715   3.879758    31.4493       1937     8.0667  0.000e+00
     16.464    14.7833   3.881980    31.4598       1938     8.0708  0.000e+00
     16.426    14.7993   3.884683    31.4713       1939     8.0750  0.000e+00
     16.384    14.8203   3.886265    31.4686       1940     8.0792  0.000e+00
     16.334    14.8414   3.887434    31.4621       1941     8.0833  0.000e+00
     16.281    14.8602   3.888399    31.4557       1942     8.0875  0.000e+00
     16.229    14.8762   3.888741    31.4459       1943     8.0917  0.000e+00
     16.169    14.8883   3.889334    31.4415       1944     8.0958  0.000e+00
     16.108    14.8980   3.890899    31.4478       1945     8.1000  0.000e+00
     16.046    14.9089   3.891241    31.4421       1946     8.1042  0.000e+00
     15.987    14.9192   3.891241    31.4339       1947     8.1083  0.000e+00
     15.921    14.9266   3.891289    31.4283       1948     8.1125  0.000e+00
     15.862    14.9312   3.891288    31.4246       1949     8.1167  0.000e+00
     15.809    14.9342   3.891354    31.4228       1950     8.1208  0.000e+00
     15.761    14.9363   3.891468    31.4222       1951     8.1250  0.000e+00
     15.708    14.9377   3.891684    31.4230       1952     8.1292  0.000e+00
     15.657    14.9397   3.891768    31.4222       1953     8.1333  0.000e+00
     15.612    14.9413   3.891744    31.4208       1954     8.1375  0.000e+00
     15.562    14.9423   3.891678    31.4194       1955     8.1417  0.000e+00
     15.518    14.9427   3.891792    31.4200       1956     8.1458  0.000e+00
     15.469    14.9433   3.891906    31.4207       1957     8.1500  0.000e+00
     15.431    14.9441   3.891930    31.4202       1958     8.1542  0.000e+00
     15.386    14.9446   3.891996    31.4204       1959     8.1583  0.000e+00
     15.341    14.9452   3.892068    31.4206       1960     8.1625  0.000e+00
     15.303    14.9457   3.892074    31.4202       1961     8.1667  0.000e+00
     15.256    14.9464   3.892044    31.4194       1962     8.1708  0.000e+00
     15.211    14.9467   3.892092    31.4196       1963     8.1750  0.000e+00
     15.162    14.9473   3.893099    31.4283       1964     8.1792  0.000e+00
     15.111    14.9514   3.894593    31.4384       1965     8.1833  0.000e+00
     15.061    14.9611   3.896891    31.4513       1966     8.1875  0.000e+00
     15.003    14.9763   3.899862    31.4657       1967     8.1917  0.000e+00
     14.948    15.0004   3.902510    31.4701       1968     8.1958  0.000e+00
     14.887    15.0299   3.904791    31.4669       1969     8.2000  0.000e+00
     14.827    15.0587   3.906143    31.4558       1970     8.2042  0.000e+00
     14.762    15.0829   3.906677    31.4412       1971     8.2083  0.000e+00
     14.697    15.1013   3.907512    31.4340       1972     8.2125  0.000e+00
     14.632    15.1160   3.908593    31.4319       1973     8.2167  0.000e+00
     14.563    15.1289   3.909584    31.4304       1974     8.2208  0.000e+00
     14.491    15.1409   3.910720    31.4310       1975     8.2250  0.000e+00
     14.428    15.1524   3.911874    31.4321       1976     8.2292  0.000e+00
     14.363    15.1641   3.913905    31.4409       1977     8.2333  0.000e+00
     14.299    15.1781   3.915661    31.4454       1978     8.2375  0.000e+00
     14.240    15.1941   3.916845    31.4432       1979     8.2417  0.000e+00
     14.185    15.2091   3.917952    31.4411       1980     8.2458  0.000e+00
     14.129    15.2227   3.919666    31.4456       1981     8.2500  0.000e+00
     14.068    15.2374   3.921452    31.4497       1982     8.2542  0.000e+00
     14.019    15.2530   3.922469    31.4463       1983     8.2583  0.000e+00
     13.966    15.2672   3.922980    31.4395       1984     8.2625  0.000e+00
     13.921    15.2783   3.923648    31.4366       1985     8.2667  0.000e+00
     13.876    15.2876   3.924021    31.4325       1986     8.2708  0.000e+00
     13.838    15.2948   3.924460    31.4306       1987     8.2750  0.000e+00
     13.798    15.3012   3.925484    31.4347       1988     8.2792  0.000e+00
     13.767    15.3084   3.926362    31.4368       1989     8.2833  0.000e+00
     13.744    15.3169   3.927458    31.4397       1990     8.2875  0.000e+00
     13.713    15.3261   3.928313    31.4400       1991     8.2917  0.000e+00
     13.682    15.3356   3.929150    31.4399       1992     8.2958  0.000e+00
     13.655    15.3452   3.930125    31.4409       1993     8.3000  0.000e+00
     13.621    15.3547   3.931149    31.4424       1994     8.3042  0.000e+00
     13.588    15.3650   3.931823    31.4402       1995     8.3083  0.000e+00
     13.547    15.3739   3.932727    31.4412       1996     8.3125  0.000e+00
     13.498    15.3829   3.933588    31.4416       1997     8.3167  0.000e+00
     13.442    15.3922   3.934311    31.4407       1998     8.3208  0.000e+00
     13.388    15.4005   3.934889    31.4392       1999     8.3250  0.000e+00
     13.321    15.4078   3.934798    31.4326       2000     8.3292  0.000e+00
     13.252    15.4127   3.935009    31.4306       2001     8.3333  0.000e+00
     13.178    15.4160   3.935545    31.4327       2002     8.3375  0.000e+00
     13.102    15.4200   3.936473    31.4378       2003     8.3417  0.000e+00
     13.024    15.4254   3.937359    31.4414       2004     8.3458  0.000e+00
     12.948    15.4323   3.938733    31.4481       2005     8.3500  0.000e+00
     12.878    15.4415   3.938872    31.4421       2006     8.3542  0.000e+00
     12.809    15.4497   3.939293    31.4393       2007     8.3583  0.000e+00
     12.744    15.4570   3.940831    31.4471       2008     8.3625  0.000e+00
     12.692    15.4671   3.941807    31.4478       2009     8.3667  0.000e+00
     12.639    15.4783   3.943091    31.4503       2010     8.3708  0.000e+00
     12.581    15.4903   3.944002    31.4488       2011     8.3750  0.000e+00
     12.540    15.5019   3.944912    31.4476       2012     8.3792  0.000e+00
     12.502    15.5132   3.946010    31.4484       2013     8.3833  0.000e+00
     12.466    15.5248   3.946897    31.4470       2014     8.3875  0.000e+00
     12.428    15.5358   3.948012    31.4481       2015     8.3917  0.000e+00
     12.388    15.5472   3.948646    31.4447       2016     8.3958  0.000e+00
     12.341    15.5577   3.949394    31.4430       2017     8.4000  0.000e+00
     12.296    15.5675   3.950890    31.4484       2018     8.4042  0.000e+00
     12.254    15.5795   3.952526    31.4533       2019     8.4083  0.000e+00
     12.207    15.5935   3.953648    31.4522       2020     8.4125  0.000e+00
     12.151    15.6080   3.956124    31.4625       2021     8.4167  0.000e+00
     12.093    15.6254   3.957675    31.4625       2022     8.4208  0.000e+00
     12.031    15.6439   3.959010    31.4595       2023     8.4250  0.000e+00
     11.970    15.6611   3.960556    31.4595       2024     8.4292  0.000e+00
     11.905    15.6784   3.963094    31.4682       2025     8.4333  0.000e+00
     11.825    15.7004   3.963794    31.4569       2026     8.4375  0.000e+00
     11.758    15.7202   3.964151    31.4443       2027     8.4417  0.000e+00
     11.692    15.7346   3.964851    31.4391       2028     8.4458  0.000e+00
     11.621    15.7468   3.966828    31.4469       2029     8.4500  0.000e+00
     11.552    15.7618   3.969766    31.4609       2030     8.4542  0.000e+00
     11.494    15.7835   3.973128    31.4733       2031     8.4583  0.000e+00
     11.438    15.8138   3.975645    31.4715       2032     8.4625  0.000e+00
     11.388    15.8455   3.976848    31.4569       2033     8.4667  0.000e+00
     11.339    15.8720   3.977223    31.4392       2034     8.4708  0.000e+00
     11.292    15.8908   3.977398    31.4258       2035     8.4750  0.000e+00
     11.254    15.9030   3.977556    31.4175       2036     8.4792  0.000e+00
     11.212    15.9115   3.977646    31.4116       2037     8.4833  0.000e+00
     11.174    15.9167   3.977743    31.4083       2038     8.4875  0.000e+00
     11.140    15.9207   3.977840    31.4060       2039     8.4917  0.000e+00
     11.111    15.9235   3.977979    31.4051       2040     8.4958  0.000e+00
     11.084    15.9259   3.978239    31.4055       2041     8.5000  0.000e+00
     11.042    15.9284   3.978711    31.4076       2042     8.5042  0.000e+00
     11.010    15.9324   3.978971    31.4068       2043     8.5083  0.000e+00
     10.970    15.9368   3.979322    31.4064       2044     8.5125  0.000e+00
     10.926    15.9419   3.981598    31.4224       2045     8.5167  0.000e+00
     10.878    15.9532   3.983403    31.4293       2046     8.5208  0.000e+00
     10.816    15.9701   3.984020    31.4214       2047     8.5250  0.000e+00
     10.755    15.9848   3.984159    31.4110       2048     8.5292  0.000e+00
     10.688    15.9948   3.984347    31.4047       2049     8.5333  0.000e+00
     10.617    16.0017   3.984964    31.4047       2050     8.5375  0.000e+00
     10.549    16.0084   3.985976    31.4083       2051     8.5417  0.000e+00
     10.476    16.0177   3.986642    31.4068       2052     8.5458  0.000e+00
     10.397    16.0300   3.988095    31.4099       2053     8.5500  0.000e+00
     10.332    16.0448   3.988816    31.4046       2054     8.5542  0.000e+00
     10.258    16.0579   3.989052    31.3963       2055     8.5583  0.000e+00
     10.194    16.0675   3.989143    31.3895       2056     8.5625  0.000e+00
     10.127    16.0738   3.989167    31.3848       2057     8.5667  0.000e+00
     10.071    16.0776   3.989052    31.3808       2058     8.5708  0.000e+00
     10.015    16.0800   3.989428    31.3822       2059     8.5750  0.000e+00
      9.957    16.0825   3.989761    31.3832       2060     8.5792  0.000e+00
      9.918    16.0859   3.990615    31.3880       2061     8.5833  0.000e+00
