HB2406/sbe092.cnv
* Sea-Bird SBE 19plus V2 Data File:
* FileName = C:\cruise\data\sbe092.hex
* Software Version Seasave V 7.26.7.121
* Temperature SN = 7037
* Conductivity SN = 7037
* System UpLoad Time = Aug 20 2024 04:12:05
* NMEA Latitude = 43 16.57 N
* NMEA Longitude = 069 42.42 W
* NMEA UTC (Time) = Aug 20 2024  04:10:59
** Ship: Henry Bigelow
** Cruise:  HB2406
** Program:  ECOMON
# nquan = 7
# nvalues = 3583                                  
# units = specified
# name 0 = depSM: Depth [salt water, m]
# name 1 = tv290C: Temperature [ITS-90, deg C]
# name 2 = c0S/m: Conductivity [S/m]
# name 3 = sal00: Salinity, Practical [PSU]
# name 4 = scan: Scan Count
# name 5 = timeM: Time, Elapsed [minutes]
# name 6 = flag:  0.000e+00
# span 0 =     -0.148,    150.881                 
# span 1 =     6.0293,    20.6617                 
# span 2 =   0.000343,   4.395244                 
# span 3 =     0.0103,    34.9350                 
# span 4 =         11,       3593                 
# span 5 =     0.0417,    14.9667                 
# span 6 = 0.0000e+00, 0.0000e+00                 
# interval = seconds: 0.25
# start_time = Aug 20 2024 04:10:59 [NMEA time, header]
# bad_flag = -9.990e-29
*END*
[from data line 2052]
     78.452     6.3943   3.264823    32.6441       2063     8.5917  0.000e+00
     78.432     6.3944   3.264806    32.6438       2064     8.5958  0.000e+00
     78.407     6.3943   3.264823    32.6441       2065     8.6000  0.000e+00
     78.383     6.3944   3.264801    32.6437       2066     8.6042  0.000e+00
     78.356     6.3944   3.264806    32.6438       2067     8.6083  0.000e+00
     78.327     6.3944   3.264806    32.6439       2068     8.6125  0.000e+00
     78.286     6.3944   3.264806    32.6439       2069     8.6167  0.000e+00
     78.248     6.3944   3.264801    32.6438       2070     8.6208  0.000e+00
     78.193     6.3945   3.264806    32.6438       2071     8.6250  0.000e+00
     78.143     6.3946   3.264806    32.6437       2072     8.6292  0.000e+00
     78.081     6.3947   3.264784    32.6434       2073     8.6333  0.000e+00
     78.011     6.3947   3.264784    32.6435       2074     8.6375  0.000e+00
     77.931     6.3949   3.264784    32.6433       2075     8.6417  0.000e+00
     77.850     6.3950   3.264806    32.6435       2076     8.6458  0.000e+00
     77.763     6.3952   3.264806    32.6433       2077     8.6500  0.000e+00
     77.670     6.3955   3.264823    32.6433       2078     8.6542  0.000e+00
     77.575     6.3958   3.264879    32.6437       2079     8.6583  0.000e+00
     77.479     6.3966   3.264907    32.6433       2080     8.6625  0.000e+00
     77.379     6.3982   3.265030    32.6432       2081     8.6667  0.000e+00
     77.278     6.4004   3.265091    32.6417       2082     8.6708  0.000e+00
     77.177     6.4027   3.265046    32.6391       2083     8.6750  0.000e+00
     77.081     6.4044   3.264979    32.6368       2084     8.6792  0.000e+00
     76.992     6.4056   3.264862    32.6344       2085     8.6833  0.000e+00
     76.898     6.4063   3.264845    32.6335       2086     8.6875  0.000e+00
     76.806     6.4070   3.264683    32.6312       2087     8.6917  0.000e+00
     76.721     6.4075   3.264588    32.6296       2088     8.6958  0.000e+00
     76.634     6.4082   3.264599    32.6292       2089     8.7000  0.000e+00
     76.551     6.4089   3.264621    32.6288       2090     8.7042  0.000e+00
     76.468     6.4096   3.264621    32.6282       2091     8.7083  0.000e+00
     76.395     6.4101   3.264627    32.6278       2092     8.7125  0.000e+00
     76.319     6.4105   3.264621    32.6274       2093     8.7167  0.000e+00
     76.254     6.4106   3.264638    32.6274       2094     8.7208  0.000e+00
     76.189     6.4111   3.264660    32.6273       2095     8.7250  0.000e+00
     76.126     6.4115   3.264682    32.6271       2096     8.7292  0.000e+00
     76.073     6.4118   3.264666    32.6267       2097     8.7333  0.000e+00
     76.026     6.4121   3.264660    32.6264       2098     8.7375  0.000e+00
     75.984     6.4122   3.264682    32.6265       2099     8.7417  0.000e+00
     75.947     6.4124   3.264682    32.6264       2100     8.7458  0.000e+00
     75.910     6.4124   3.264666    32.6262       2101     8.7500  0.000e+00
     75.883     6.4124   3.264660    32.6262       2102     8.7542  0.000e+00
     75.851     6.4124   3.264660    32.6262       2103     8.7583  0.000e+00
     75.823     6.4124   3.264638    32.6260       2104     8.7625  0.000e+00
     75.794     6.4123   3.264666    32.6264       2105     8.7667  0.000e+00
     75.767     6.4122   3.264638    32.6262       2106     8.7708  0.000e+00
     75.733     6.4122   3.264638    32.6262       2107     8.7750  0.000e+00
     75.697     6.4121   3.264638    32.6264       2108     8.7792  0.000e+00
     75.659     6.4120   3.264638    32.6264       2109     8.7833  0.000e+00
     75.615     6.4120   3.264626    32.6263       2110     8.7875  0.000e+00
     75.575     6.4121   3.264638    32.6264       2111     8.7917  0.000e+00
     75.532     6.4122   3.264621    32.6261       2112     8.7958  0.000e+00
     75.487     6.4122   3.264598    32.6259       2113     8.8000  0.000e+00
     75.443     6.4123   3.264587    32.6257       2114     8.8042  0.000e+00
     75.398     6.4126   3.264559    32.6251       2115     8.8083  0.000e+00
     75.344     6.4129   3.264559    32.6249       2116     8.8125  0.000e+00
     75.295     6.4132   3.264514    32.6241       2117     8.8167  0.000e+00
     75.240     6.4135   3.264514    32.6239       2118     8.8208  0.000e+00
     75.186     6.4136   3.264447    32.6230       2119     8.8250  0.000e+00
     75.119     6.4138   3.264375    32.6221       2120     8.8292  0.000e+00
     75.054     6.4138   3.264313    32.6214       2121     8.8333  0.000e+00
     74.982     6.4136   3.264291    32.6213       2122     8.8375  0.000e+00
     74.898     6.4138   3.264274    32.6210       2123     8.8417  0.000e+00
     74.812     6.4138   3.264313    32.6215       2124     8.8458  0.000e+00
     74.732     6.4141   3.264291    32.6211       2125     8.8500  0.000e+00
     74.649     6.4142   3.264291    32.6210       2126     8.8542  0.000e+00
     74.567     6.4143   3.264235    32.6203       2127     8.8583  0.000e+00
     74.490     6.4144   3.264190    32.6197       2128     8.8625  0.000e+00
     74.419     6.4144   3.264274    32.6207       2129     8.8667  0.000e+00
     74.352     6.4149   3.264352    32.6211       2130     8.8708  0.000e+00
     74.294     6.4157   3.264391    32.6208       2131     8.8750  0.000e+00
     74.227     6.4164   3.264408    32.6204       2132     8.8792  0.000e+00
     74.180     6.4171   3.264436    32.6200       2133     8.8833  0.000e+00
     74.126     6.4175   3.264436    32.6196       2134     8.8875  0.000e+00
     74.077     6.4180   3.264452    32.6195       2135     8.8917  0.000e+00
     74.034     6.4182   3.264486    32.6196       2136     8.8958  0.000e+00
     73.981     6.4185   3.264514    32.6197       2137     8.9000  0.000e+00
     73.934     6.4189   3.264536    32.6195       2138     8.9042  0.000e+00
     73.880     6.4192   3.264514    32.6190       2139     8.9083  0.000e+00
     73.820     6.4197   3.264486    32.6183       2140     8.9125  0.000e+00
     73.753     6.4198   3.264413    32.6174       2141     8.9167  0.000e+00
     73.685     6.4197   3.264329    32.6166       2142     8.9208  0.000e+00
     73.605     6.4195   3.264313    32.6166       2143     8.9250  0.000e+00
     73.523     6.4194   3.264273    32.6163       2144     8.9292  0.000e+00
     73.435     6.4191   3.264257    32.6165       2145     8.9333  0.000e+00
     73.341     6.4190   3.264212    32.6162       2146     8.9375  0.000e+00
     73.263     6.4189   3.264189    32.6160       2147     8.9417  0.000e+00
     73.176     6.4188   3.264128    32.6155       2148     8.9458  0.000e+00
     73.098     6.4188   3.264117    32.6154       2149     8.9500  0.000e+00
     73.021     6.4185   3.264105    32.6156       2150     8.9542  0.000e+00
     72.946     6.4186   3.264089    32.6154       2151     8.9583  0.000e+00
     72.887     6.4186   3.264105    32.6156       2152     8.9625  0.000e+00
     72.832     6.4186   3.264066    32.6152       2153     8.9667  0.000e+00
     72.789     6.4186   3.264022    32.6147       2154     8.9708  0.000e+00
     72.753     6.4187   3.264005    32.6144       2155     8.9750  0.000e+00
     72.718     6.4188   3.264005    32.6144       2156     8.9792  0.000e+00
     72.693     6.4188   3.263982    32.6141       2157     8.9833  0.000e+00
     72.673     6.4188   3.263999    32.6143       2158     8.9875  0.000e+00
     72.649     6.4187   3.263966    32.6140       2159     8.9917  0.000e+00
     72.631     6.4187   3.263966    32.6140       2160     8.9958  0.000e+00
     72.606     6.4188   3.263921    32.6135       2161     9.0000  0.000e+00
     72.577     6.4186   3.263882    32.6132       2162     9.0042  0.000e+00
     72.543     6.4185   3.263882    32.6133       2163     9.0083  0.000e+00
     72.508     6.4185   3.263843    32.6130       2164     9.0125  0.000e+00
     72.463     6.4185   3.263882    32.6134       2165     9.0167  0.000e+00
     72.418     6.4188   3.264027    32.6147       2166     9.0208  0.000e+00
     72.363     6.4197   3.264156    32.6154       2167     9.0250  0.000e+00
     72.306     6.4209   3.264228    32.6150       2168     9.0292  0.000e+00
     72.249     6.4224   3.264329    32.6147       2169     9.0333  0.000e+00
     72.193     6.4238   3.264312    32.6132       2170     9.0375  0.000e+00
     72.134     6.4247   3.264116    32.6102       2171     9.0417  0.000e+00
     72.068     6.4250   3.263943    32.6080       2172     9.0458  0.000e+00
     72.009     6.4248   3.263596    32.6044       2173     9.0500  0.000e+00
     71.953     6.4240   3.263104    32.5998       2174     9.0542  0.000e+00
     71.888     6.4230   3.262780    32.5972       2175     9.0583  0.000e+00
     71.822     6.4219   3.262635    32.5966       2176     9.0625  0.000e+00
     71.759     6.4211   3.262389    32.5947       2177     9.0667  0.000e+00
     71.696     6.4200   3.262064    32.5922       2178     9.0708  0.000e+00
     71.631     6.4185   3.261902    32.5918       2179     9.0750  0.000e+00
     71.567     6.4175   3.261561    32.5891       2180     9.0792  0.000e+00
     71.500     6.4161   3.261332    32.5879       2181     9.0833  0.000e+00
     71.435     6.4147   3.261187    32.5877       2182     9.0875  0.000e+00
     71.366     6.4135   3.261103    32.5879       2183     9.0917  0.000e+00
     71.301     6.4125   3.261064    32.5885       2184     9.0958  0.000e+00
     71.229     6.4116   3.261075    32.5895       2185     9.1000  0.000e+00
     71.155     6.4112   3.261042    32.5895       2186     9.1042  0.000e+00
     71.088     6.4109   3.260980    32.5891       2187     9.1083  0.000e+00
     71.021     6.4107   3.260511    32.5842       2188     9.1125  0.000e+00
     70.952     6.4098   3.259985    32.5793       2189     9.1167  0.000e+00
     70.880     6.4078   3.259678    32.5778       2190     9.1208  0.000e+00
     70.816     6.4056   3.259471    32.5777       2191     9.1250  0.000e+00
     70.746     6.4039   3.259309    32.5775       2192     9.1292  0.000e+00
     70.682     6.4025   3.259125    32.5768       2193     9.1333  0.000e+00
     70.621     6.4013   3.258700    32.5733       2194     9.1375  0.000e+00
     70.566     6.3998   3.258292    32.5703       2195     9.1417  0.000e+00
     70.518     6.3980   3.258046    32.5692       2196     9.1458  0.000e+00
     70.472     6.3963   3.257599    32.5660       2197     9.1500  0.000e+00
     70.429     6.3943   3.257493    32.5667       2198     9.1542  0.000e+00
     70.393     6.3927   3.257454    32.5679       2199     9.1583  0.000e+00
     70.358     6.3915   3.257577    32.5704       2200     9.1625  0.000e+00
     70.331     6.3910   3.257616    32.5713       2201     9.1667  0.000e+00
     70.297     6.3908   3.257353    32.5686       2202     9.1708  0.000e+00
     70.261     6.3903   3.257437    32.5701       2203     9.1750  0.000e+00
     70.228     6.3900   3.257253    32.5683       2204     9.1792  0.000e+00
     70.179     6.3896   3.257108    32.5671       2205     9.1833  0.000e+00
     70.132     6.3890   3.256515    32.5611       2206     9.1875  0.000e+00
     70.074     6.3874   3.255823    32.5549       2207     9.1917  0.000e+00
     70.013     6.3851   3.255314    32.5515       2208     9.1958  0.000e+00
     69.937     6.3824   3.254197    32.5418       2209     9.2000  0.000e+00
     69.866     6.3786   3.253544    32.5382       2210     9.2042  0.000e+00
     69.785     6.3737   3.252813    32.5349       2211     9.2083  0.000e+00
     69.707     6.3684   3.251690    32.5275       2212     9.2125  0.000e+00
     69.626     6.3615   3.249452    32.5093       2213     9.2167  0.000e+00
     69.544     6.3508   3.248743    32.5117       2214     9.2208  0.000e+00
     69.474     6.3402   3.247203    32.5047       2215     9.2250  0.000e+00
     69.400     6.3297   3.243588    32.4747       2216     9.2292  0.000e+00
     69.334     6.3128   3.243003    32.4844       2217     9.2333  0.000e+00
     69.266     6.2976   3.242841    32.4971       2218     9.2375  0.000e+00
     69.208     6.2872   3.242880    32.5075       2219     9.2417  0.000e+00
     69.150     6.2805   3.241665    32.5004       2220     9.2458  0.000e+00
     69.103     6.2740   3.238766    32.4744       2221     9.2500  0.000e+00
     69.050     6.2616   3.236659    32.4628       2222     9.2542  0.000e+00
     69.012     6.2469   3.237935    32.4911       2223     9.2583  0.000e+00
     68.978     6.2383   3.237267    32.4919       2224     9.2625  0.000e+00
     68.940     6.2323   3.235835    32.4817       2225     9.2667  0.000e+00
     68.905     6.2252   3.235578    32.4857       2226     9.2708  0.000e+00
     68.880     6.2188   3.235551    32.4915       2227     9.2750  0.000e+00
     68.853     6.2146   3.235612    32.4962       2228     9.2792  0.000e+00
     68.824     6.2123   3.235389    32.4960       2229     9.2833  0.000e+00
     68.790     6.2103   3.235350    32.4974       2230     9.2875  0.000e+00
     68.751     6.2089   3.235289    32.4981       2231     9.2917  0.000e+00
     68.712     6.2078   3.235227    32.4985       2232     9.2958  0.000e+00
     68.665     6.2068   3.235166    32.4988       2233     9.3000  0.000e+00
     68.607     6.2061   3.235083    32.4985       2234     9.3042  0.000e+00
     68.547     6.2054   3.234882    32.4970       2235     9.3083  0.000e+00
     68.487     6.2045   3.234759    32.4965       2236     9.3125  0.000e+00
     68.419     6.2037   3.234659    32.4963       2237     9.3167  0.000e+00
     68.348     6.2027   3.234497    32.4954       2238     9.3208  0.000e+00
     68.277     6.2017   3.234458    32.4960       2239     9.3250  0.000e+00
     68.216     6.2007   3.234397    32.4963       2240     9.3292  0.000e+00
     68.151     6.2003   3.234375    32.4965       2241     9.3333  0.000e+00
     68.089     6.1997   3.234336    32.4966       2242     9.3375  0.000e+00
     68.026     6.1995   3.234375    32.4973       2243     9.3417  0.000e+00
     67.972     6.1993   3.234336    32.4970       2244     9.3458  0.000e+00
     67.914     6.1992   3.234313    32.4969       2245     9.3500  0.000e+00
     67.860     6.1992   3.234286    32.4967       2246     9.3542  0.000e+00
     67.802     6.1990   3.234235    32.4963       2247     9.3583  0.000e+00
     67.749     6.1988   3.234213    32.4963       2248     9.3625  0.000e+00
     67.695     6.1985   3.234235    32.4968       2249     9.3667  0.000e+00
     67.637     6.1983   3.234213    32.4968       2250     9.3708  0.000e+00
     67.581     6.1982   3.234258    32.4974       2251     9.3750  0.000e+00
     67.523     6.1982   3.234213    32.4969       2252     9.3792  0.000e+00
     67.471     6.1984   3.234208    32.4967       2253     9.3833  0.000e+00
     67.411     6.1984   3.234174    32.4964       2254     9.3875  0.000e+00
     67.355     6.1987   3.234096    32.4953       2255     9.3917  0.000e+00
     67.295     6.1986   3.234135    32.4959       2256     9.3958  0.000e+00
     67.237     6.1987   3.233934    32.4935       2257     9.4000  0.000e+00
     67.181     6.1983   3.233650    32.4907       2258     9.4042  0.000e+00
     67.123     6.1974   3.233567    32.4907       2259     9.4083  0.000e+00
     67.069     6.1965   3.233494    32.4908       2260     9.4125  0.000e+00
     67.006     6.1956   3.233427    32.4910       2261     9.4167  0.000e+00
     66.953     6.1949   3.233466    32.4920       2262     9.4208  0.000e+00
     66.895     6.1944   3.233606    32.4941       2263     9.4250  0.000e+00
     66.836     6.1949   3.233589    32.4935       2264     9.4292  0.000e+00
     66.779     6.1952   3.233528    32.4925       2265     9.4333  0.000e+00
     66.730     6.1952   3.233427    32.4914       2266     9.4375  0.000e+00
