HB2406/sbe041.cnv
* Sea-Bird SBE 19plus V2 Data File:
* FileName = C:\cruise\data\sbe041.hex
* Software Version Seasave V 7.26.7.121
* Temperature SN = 7037
* Conductivity SN = 7037
* System UpLoad Time = Aug 15 2024 16:59:36
* NMEA Latitude = 42 24.19 N
* NMEA Longitude = 066 16.06 W
* NMEA UTC (Time) = Aug 15 2024  16:58:28
** Ship: Henry Bigelow
** Cruise:  HB2406
** Program:  ECOMON
# nquan = 7
# nvalues = 2845                                  
# units = specified
# name 0 = depSM: Depth [salt water, m]
# name 1 = tv290C: Temperature [ITS-90, deg C]
# name 2 = c0S/m: Conductivity [S/m]
# name 3 = sal00: Salinity, Practical [PSU]
# name 4 = scan: Scan Count
# name 5 = timeM: Time, Elapsed [minutes]
# name 6 = flag:  0.000e+00
# span 0 =      0.032,    242.321                 
# span 1 =     7.6446,    17.8650                 
# span 2 =   0.174610,   4.189800                 
# span 3 =     1.0427,    35.1230                 
# span 4 =         11,       2855                 
# span 5 =     0.0417,    11.8917                 
# span 6 = 0.0000e+00, 0.0000e+00                 
# interval = seconds: 0.25
# start_time = Aug 15 2024 16:58:28 [NMEA time, header]
# bad_flag = -9.990e-29
*END*
[from data line 2052]
    113.318     9.6893   3.740411    34.5431       2063     8.5917  0.000e+00
    113.116     9.6990   3.742447    34.5548       2064     8.5958  0.000e+00
    112.904     9.7140   3.738646    34.5015       2065     8.6000  0.000e+00
    112.696     9.7188   3.737235    34.4824       2066     8.6042  0.000e+00
    112.483     9.7152   3.735424    34.4674       2067     8.6083  0.000e+00
    112.275     9.7080   3.732387    34.4432       2068     8.6125  0.000e+00
    112.058     9.6934   3.732039    34.4537       2069     8.6167  0.000e+00
    111.846     9.6816   3.723857    34.3809       2070     8.6208  0.000e+00
    111.625     9.6564   3.716896    34.3334       2071     8.6250  0.000e+00
    111.406     9.6143   3.715742    34.3619       2072     8.6292  0.000e+00
    111.182     9.5807   3.712341    34.3591       2073     8.6333  0.000e+00
    110.965     9.5516   3.712312    34.3868       2074     8.6375  0.000e+00
    110.744     9.5310   3.714442    34.4287       2075     8.6417  0.000e+00
    110.513     9.5253   3.720424    34.4960       2076     8.6458  0.000e+00
    110.294     9.5410   3.724224    34.5202       2077     8.6500  0.000e+00
    110.066     9.5668   3.728808    34.5428       2078     8.6542  0.000e+00
    109.844     9.5988   3.732753    34.5529       2079     8.6583  0.000e+00
    109.617     9.6335   3.736580    34.5590       2080     8.6625  0.000e+00
    109.404     9.6681   3.741254    34.5740       2081     8.6667  0.000e+00
    109.189     9.7058   3.744701    34.5733       2082     8.6708  0.000e+00
    108.979     9.7428   3.746709    34.5585       2083     8.6750  0.000e+00
    108.765     9.7735   3.748628    34.5488       2084     8.6792  0.000e+00
    108.561     9.7998   3.750034    34.5381       2085     8.6833  0.000e+00
    108.351     9.8223   3.753816    34.5555       2086     8.6875  0.000e+00
    108.149     9.8470   3.755021    34.5443       2087     8.6917  0.000e+00
    107.953     9.8694   3.755175    34.5245       2088     8.6958  0.000e+00
    107.758     9.8855   3.755500    34.5124       2089     8.7000  0.000e+00
    107.561     9.8977   3.755553    34.5014       2090     8.7042  0.000e+00
    107.365     9.9068   3.755789    34.4952       2091     8.7083  0.000e+00
    107.175     9.9139   3.756516    34.4960       2092     8.7125  0.000e+00
    106.978     9.9214   3.757332    34.4973       2093     8.7167  0.000e+00
    106.779     9.9300   3.757870    34.4947       2094     8.7208  0.000e+00
    106.584     9.9391   3.758343    34.4909       2095     8.7250  0.000e+00
    106.383     9.9472   3.758721    34.4871       2096     8.7292  0.000e+00
    106.181     9.9546   3.757946    34.4722       2097     8.7333  0.000e+00
    105.982     9.9598   3.756373    34.4512       2098     8.7375  0.000e+00
    105.777     9.9607   3.754605    34.4324       2099     8.7417  0.000e+00
    105.567     9.9579   3.753062    34.4194       2100     8.7458  0.000e+00
    105.370     9.9526   3.752448    34.4182       2101     8.7500  0.000e+00
    105.159     9.9483   3.751248    34.4102       2102     8.7542  0.000e+00
    104.949     9.9441   3.748341    34.3845       2103     8.7583  0.000e+00
    104.735     9.9363   3.744024    34.3480       2104     8.7625  0.000e+00
    104.520     9.9211   3.740340    34.3249       2105     8.7667  0.000e+00
    104.307     9.9010   3.738021    34.3204       2106     8.7708  0.000e+00
    104.095     9.8807   3.735767    34.3167       2107     8.7750  0.000e+00
    103.880     9.8626   3.733567    34.3115       2108     8.7792  0.000e+00
    103.672     9.8455   3.730000    34.2914       2109     8.7833  0.000e+00
    103.467     9.8262   3.723010    34.2382       2110     8.7875  0.000e+00
    103.267     9.7966   3.715372    34.1882       2111     8.7917  0.000e+00
    103.066     9.7586   3.707641    34.1450       2112     8.7958  0.000e+00
    102.867     9.7154   3.702979    34.1383       2113     8.8000  0.000e+00
    102.675     9.6736   3.699970    34.1471       2114     8.8042  0.000e+00
    102.482     9.6395   3.698231    34.1617       2115     8.8083  0.000e+00
    102.292     9.6133   3.695652    34.1602       2116     8.8125  0.000e+00
    102.102     9.5918   3.692387    34.1472       2117     8.8167  0.000e+00
    101.903     9.5708   3.688900    34.1312       2118     8.8208  0.000e+00
    101.709     9.5499   3.685866    34.1200       2119     8.8250  0.000e+00
    101.512     9.5288   3.683250    34.1131       2120     8.8292  0.000e+00
    101.333     9.5101   3.681749    34.1156       2121     8.8333  0.000e+00
    101.150     9.4953   3.681010    34.1221       2122     8.8375  0.000e+00
    100.966     9.4845   3.677978    34.1012       2123     8.8417  0.000e+00
    100.776     9.4728   3.675956    34.0915       2124     8.8458  0.000e+00
    100.600     9.4608   3.675153    34.0947       2125     8.8500  0.000e+00
    100.427     9.4507   3.674837    34.1011       2126     8.8542  0.000e+00
    100.246     9.4437   3.674257    34.1019       2127     8.8583  0.000e+00
    100.070     9.4383   3.673694    34.1013       2128     8.8625  0.000e+00
     99.889     9.4337   3.672868    34.0972       2129     8.8667  0.000e+00
     99.712     9.4297   3.671901    34.0911       2130     8.8708  0.000e+00
     99.524     9.4256   3.670782    34.0835       2131     8.8750  0.000e+00
     99.330     9.4208   3.668925    34.0690       2132     8.8792  0.000e+00
     99.139     9.4147   3.666776    34.0526       2133     8.8833  0.000e+00
     98.942     9.4077   3.664405    34.0349       2134     8.8875  0.000e+00
     98.746     9.3993   3.662667    34.0251       2135     8.8917  0.000e+00
     98.549     9.3908   3.660613    34.0119       2136     8.8958  0.000e+00
     98.354     9.3826   3.659700    34.0104       2137     8.9000  0.000e+00
     98.156     9.3761   3.659776    34.0175       2138     8.9042  0.000e+00
     97.961     9.3734   3.659367    34.0159       2139     8.9083  0.000e+00
     97.757     9.3728   3.659232    34.0151       2140     8.9125  0.000e+00
     97.567     9.3746   3.659519    34.0165       2141     8.9167  0.000e+00
     97.371     9.3780   3.660683    34.0254       2142     8.9208  0.000e+00
     97.171     9.3843   3.661642    34.0294       2143     8.9250  0.000e+00
     96.975     9.3936   3.662286    34.0273       2144     8.9292  0.000e+00
     96.778     9.4045   3.663210    34.0266       2145     8.9333  0.000e+00
     96.579     9.4180   3.664340    34.0256       2146     8.9375  0.000e+00
     96.373     9.4342   3.664433    34.0112       2147     8.9417  0.000e+00
     96.178     9.4487   3.664041    33.9934       2148     8.9458  0.000e+00
     95.966     9.4594   3.662402    33.9665       2149     8.9500  0.000e+00
     95.758     9.4631   3.661173    33.9504       2150     8.9542  0.000e+00
     95.555     9.4617   3.661553    33.9558       2151     8.9583  0.000e+00
     95.347     9.4619   3.663636    33.9772       2152     8.9625  0.000e+00
     95.147     9.4698   3.663982    33.9734       2153     8.9667  0.000e+00
     94.942     9.4804   3.664210    33.9657       2154     8.9708  0.000e+00
     94.736     9.4890   3.664087    33.9564       2155     8.9750  0.000e+00
     94.528     9.4953   3.663179    33.9412       2156     8.9792  0.000e+00
     94.320     9.4975   3.662957    33.9369       2157     8.9833  0.000e+00
     94.112     9.4979   3.662886    33.9359       2158     8.9875  0.000e+00
     93.901     9.4986   3.663530    33.9419       2159     8.9917  0.000e+00
     93.696     9.5012   3.663717    33.9416       2160     8.9958  0.000e+00
     93.475     9.5045   3.663179    33.9329       2161     9.0000  0.000e+00
     93.275     9.5063   3.663056    33.9300       2162     9.0042  0.000e+00
     93.070     9.5075   3.663266    33.9312       2163     9.0083  0.000e+00
     92.866     9.5096   3.663536    33.9321       2164     9.0125  0.000e+00
     92.671     9.5130   3.663764    33.9313       2165     9.0167  0.000e+00
     92.486     9.5168   3.663828    33.9284       2166     9.0208  0.000e+00
     92.293     9.5201   3.663845    33.9256       2167     9.0250  0.000e+00
     92.106     9.5226   3.663869    33.9236       2168     9.0292  0.000e+00
     91.927     9.5243   3.663933    33.9227       2169     9.0333  0.000e+00
     91.755     9.5256   3.663980    33.9221       2170     9.0375  0.000e+00
     91.578     9.5269   3.663939    33.9204       2171     9.0417  0.000e+00
     91.406     9.5281   3.663868    33.9187       2172     9.0458  0.000e+00
     91.240     9.5299   3.664073    33.9192       2173     9.0500  0.000e+00
     91.068     9.5326   3.664138    33.9174       2174     9.0542  0.000e+00
     90.900     9.5351   3.664208    33.9158       2175     9.0583  0.000e+00
     90.732     9.5372   3.664295    33.9148       2176     9.0625  0.000e+00
     90.551     9.5391   3.664225    33.9124       2177     9.0667  0.000e+00
     90.372     9.5407   3.663962    33.9082       2178     9.0708  0.000e+00
     90.187     9.5417   3.663569    33.9033       2179     9.0750  0.000e+00
     90.003     9.5421   3.663288    33.9001       2180     9.0792  0.000e+00
     89.802     9.5422   3.663335    33.9006       2181     9.0833  0.000e+00
     89.597     9.5430   3.663335    33.8999       2182     9.0875  0.000e+00
     89.389     9.5439   3.663376    33.8996       2183     9.0917  0.000e+00
     89.171     9.5447   3.663645    33.9017       2184     9.0958  0.000e+00
     88.945     9.5463   3.664002    33.9040       2185     9.1000  0.000e+00
     88.724     9.5496   3.664037    33.9014       2186     9.1042  0.000e+00
     88.491     9.5533   3.663803    33.8955       2187     9.1083  0.000e+00
     88.252     9.5567   3.662866    33.8828       2188     9.1125  0.000e+00
     88.022     9.5585   3.660496    33.8568       2189     9.1167  0.000e+00
     87.791     9.5562   3.659987    33.8538       2190     9.1208  0.000e+00
     87.559     9.5533   3.661549    33.8728       2191     9.1250  0.000e+00
     87.326     9.5555   3.662819    33.8838       2192     9.1292  0.000e+00
     87.094     9.5630   3.663053    33.8793       2193     9.1333  0.000e+00
     86.861     9.5695   3.662397    33.8665       2194     9.1375  0.000e+00
     86.637     9.5732   3.658266    33.8206       2195     9.1417  0.000e+00
     86.423     9.5667   3.658061    33.8247       2196     9.1458  0.000e+00
     86.201     9.5592   3.656798    33.8189       2197     9.1500  0.000e+00
     86.002     9.5514   3.656775    33.8261       2198     9.1542  0.000e+00
     85.808     9.5454   3.656974    33.8339       2199     9.1583  0.000e+00
     85.624     9.5422   3.657126    33.8385       2200     9.1625  0.000e+00
     85.443     9.5410   3.657757    33.8463       2201     9.1667  0.000e+00
     85.275     9.5419   3.657178    33.8395       2202     9.1708  0.000e+00
     85.105     9.5418   3.656593    33.8337       2203     9.1750  0.000e+00
     84.956     9.5395   3.656909    33.8392       2204     9.1792  0.000e+00
     84.806     9.5382   3.657020    33.8416       2205     9.1833  0.000e+00
     84.658     9.5387   3.656353    33.8343       2206     9.1875  0.000e+00
     84.520     9.5369   3.656014    33.8326       2207     9.1917  0.000e+00
     84.374     9.5347   3.655482    33.8293       2208     9.1958  0.000e+00
     84.235     9.5319   3.655751    33.8348       2209     9.2000  0.000e+00
     84.090     9.5299   3.655458    33.8337       2210     9.2042  0.000e+00
     83.942     9.5286   3.655248    33.8329       2211     9.2083  0.000e+00
     83.786     9.5271   3.654125    33.8227       2212     9.2125  0.000e+00
     83.620     9.5231   3.653587    33.8210       2213     9.2167  0.000e+00
     83.448     9.5183   3.653856    33.8284       2214     9.2208  0.000e+00
     83.258     9.5155   3.653821    33.8308       2215     9.2250  0.000e+00
     83.057     9.5138   3.652991    33.8239       2216     9.2292  0.000e+00
     82.849     9.5111   3.652698    33.8235       2217     9.2333  0.000e+00
     82.632     9.5087   3.652733    33.8262       2218     9.2375  0.000e+00
     82.408     9.5075   3.652786    33.8281       2219     9.2417  0.000e+00
     82.166     9.5075   3.651278    33.8126       2220     9.2458  0.000e+00
     81.934     9.5063   3.644634    33.7454       2221     9.2500  0.000e+00
     81.699     9.4954   3.641095    33.7193       2222     9.2542  0.000e+00
     81.467     9.4789   3.639618    33.7196       2223     9.2583  0.000e+00
     81.229     9.4632   3.635836    33.6955       2224     9.2625  0.000e+00
     81.006     9.4461   3.633245    33.6850       2225     9.2667  0.000e+00
     80.789     9.4275   3.629798    33.6671       2226     9.2708  0.000e+00
     80.579     9.4073   3.626603    33.6531       2227     9.2750  0.000e+00
     80.371     9.3866   3.627192    33.6788       2228     9.2792  0.000e+00
     80.178     9.3727   3.629181    33.7126       2229     9.2833  0.000e+00
     79.977     9.3675   3.618796    33.6102       2230     9.2875  0.000e+00
     79.791     9.3473   3.615389    33.5940       2231     9.2917  0.000e+00
     79.601     9.3203   3.615739    33.6232       2232     9.2958  0.000e+00
     79.426     9.3013   3.615040    33.6338       2233     9.3000  0.000e+00
     79.245     9.2890   3.612095    33.6151       2234     9.3042  0.000e+00
     79.075     9.2757   3.609174    33.5973       2235     9.3083  0.000e+00
     78.903     9.2590   3.609372    33.6152       2236     9.3125  0.000e+00
     78.744     9.2466   3.605492    33.5868       2237     9.3167  0.000e+00
     78.574     9.2322   3.605294    33.5984       2238     9.3208  0.000e+00
     78.407     9.2200   3.606079    33.6180       2239     9.3250  0.000e+00
     78.248     9.2139   3.606172    33.6248       2240     9.3292  0.000e+00
     78.082     9.2116   3.605207    33.6170       2241     9.3333  0.000e+00
     77.919     9.2080   3.605254    33.6210       2242     9.3375  0.000e+00
     77.754     9.2054   3.604178    33.6124       2243     9.3417  0.000e+00
     77.593     9.2017   3.604201    33.6162       2244     9.3458  0.000e+00
     77.432     9.1987   3.604503    33.6223       2245     9.3500  0.000e+00
     77.273     9.1979   3.604567    33.6237       2246     9.3542  0.000e+00
     77.120     9.1972   3.602427    33.6023       2247     9.3583  0.000e+00
     76.951     9.1931   3.603584    33.6181       2248     9.3625  0.000e+00
     76.792     9.1910   3.603980    33.6244       2249     9.3667  0.000e+00
     76.624     9.1914   3.604329    33.6276       2250     9.3708  0.000e+00
     76.463     9.1933   3.603869    33.6211       2251     9.3750  0.000e+00
     76.291     9.1940   3.603520    33.6170       2252     9.3792  0.000e+00
     76.139     9.1936   3.601485    33.5963       2253     9.3833  0.000e+00
     75.967     9.1899   3.600695    33.5916       2254     9.3875  0.000e+00
     75.797     9.1824   3.596673    33.5571       2255     9.3917  0.000e+00
     75.620     9.1729   3.589535    33.4920       2256     9.3958  0.000e+00
     75.445     9.1527   3.594448    33.5621       2257     9.4000  0.000e+00
     75.273     9.1424   3.580443    33.4264       2258     9.4042  0.000e+00
     75.106     9.1156   3.578965    33.4363       2259     9.4083  0.000e+00
     74.931     9.0875   3.578965    33.4628       2260     9.4125  0.000e+00
     74.748     9.0691   3.579986    33.4907       2261     9.4167  0.000e+00
     74.582     9.0593   3.579661    33.4967       2262     9.4208  0.000e+00
     74.407     9.0540   3.579116    33.4961       2263     9.4250  0.000e+00
     74.237     9.0504   3.577075    33.4783       2264     9.4292  0.000e+00
     74.054     9.0446   3.576599    33.4789       2265     9.4333  0.000e+00
     73.878     9.0398   3.575979    33.4770       2266     9.4375  0.000e+00
