HB2406/sbe064.cnv
* Sea-Bird SBE 19plus V2 Data File:
* FileName = C:\cruise\data\sbe064.hex
* Software Version Seasave V 7.26.7.121
* Temperature SN = 7037
* Conductivity SN = 7037
* System UpLoad Time = Aug 17 2024 17:59:19
* NMEA Latitude = 42 33.19 N
* NMEA Longitude = 066 59.47 W
* NMEA UTC (Time) = Aug 17 2024  17:58:12
** Ship: Henry Bigelow
** Cruise:  HB2406
** Program:  ECOMON
# nquan = 7
# nvalues = 3265                                  
# units = specified
# name 0 = depSM: Depth [salt water, m]
# name 1 = tv290C: Temperature [ITS-90, deg C]
# name 2 = c0S/m: Conductivity [S/m]
# name 3 = sal00: Salinity, Practical [PSU]
# name 4 = scan: Scan Count
# name 5 = timeM: Time, Elapsed [minutes]
# name 6 = flag:  0.000e+00
# span 0 =      0.069,    307.666                 
# span 1 =     6.5049,    19.6776                 
# span 2 =  -0.000033,   4.341589                 
# span 3 =     0.0000,    35.4340                 
# span 4 =         11,       3275                 
# span 5 =     0.0417,    13.6417                 
# span 6 = 0.0000e+00, 0.0000e+00                 
# interval = seconds: 0.25
# start_time = Aug 17 2024 17:58:12 [NMEA time, header]
# bad_flag = -9.990e-29
*END*
[from data line 2052]
    223.665     8.8086   3.705067    34.9804       2063     8.5917  0.000e+00
    223.482     8.8126   3.707596    35.0031       2064     8.5958  0.000e+00
    223.294     8.8220   3.709619    35.0153       2065     8.6000  0.000e+00
    223.107     8.8358   3.711260    35.0190       2066     8.6042  0.000e+00
    222.923     8.8510   3.711566    35.0073       2067     8.6083  0.000e+00
    222.729     8.8631   3.712384    35.0041       2068     8.6125  0.000e+00
    222.536     8.8727   3.713602    35.0075       2069     8.6167  0.000e+00
    222.336     8.8830   3.714879    35.0108       2070     8.6208  0.000e+00
    222.128     8.8943   3.715120    35.0024       2071     8.6250  0.000e+00
    221.920     8.9026   3.715744    35.0008       2072     8.6292  0.000e+00
    221.699     8.9097   3.715773    34.9943       2073     8.6333  0.000e+00
    221.468     8.9149   3.715767    34.9891       2074     8.6375  0.000e+00
    221.234     8.9182   3.717674    35.0061       2075     8.6417  0.000e+00
    220.986     8.9253   3.720925    35.0333       2076     8.6458  0.000e+00
    220.753     8.9405   3.722792    35.0381       2077     8.6500  0.000e+00
    220.501     8.9582   3.723970    35.0330       2078     8.6542  0.000e+00
    220.257     8.9741   3.724064    35.0185       2079     8.6583  0.000e+00
    220.014     8.9852   3.724388    35.0111       2080     8.6625  0.000e+00
    219.765     8.9929   3.724541    35.0052       2081     8.6667  0.000e+00
    219.537     8.9985   3.725236    35.0071       2082     8.6708  0.000e+00
    219.303     9.0038   3.725955    35.0095       2083     8.6750  0.000e+00
    219.079     9.0097   3.726503    35.0096       2084     8.6792  0.000e+00
    218.862     9.0155   3.726673    35.0058       2085     8.6833  0.000e+00
    218.652     9.0206   3.728801    35.0232       2086     8.6875  0.000e+00
    218.453     9.0293   3.730334    35.0307       2087     8.6917  0.000e+00
    218.252     9.0410   3.730858    35.0248       2088     8.6958  0.000e+00
    218.062     9.0510   3.730988    35.0164       2089     8.7000  0.000e+00
    217.875     9.0580   3.731017    35.0099       2090     8.7042  0.000e+00
    217.692     9.0626   3.731206    35.0075       2091     8.7083  0.000e+00
    217.517     9.0658   3.731542    35.0080       2092     8.7125  0.000e+00
    217.350     9.0689   3.731559    35.0052       2093     8.7167  0.000e+00
    217.180     9.0712   3.732497    35.0127       2094     8.7208  0.000e+00
    217.014     9.0754   3.733564    35.0199       2095     8.7250  0.000e+00
    216.849     9.0817   3.736360    35.0430       2096     8.7292  0.000e+00
    216.690     9.0937   3.737894    35.0473       2097     8.7333  0.000e+00
    216.525     9.1082   3.739375    35.0486       2098     8.7375  0.000e+00
    216.371     9.1233   3.739534    35.0355       2099     8.7417  0.000e+00
    216.212     9.1343   3.739676    35.0263       2100     8.7458  0.000e+00
    216.056     9.1416   3.740478    35.0275       2101     8.7500  0.000e+00
    215.893     9.1483   3.741688    35.0337       2102     8.7542  0.000e+00
    215.734     9.1566   3.745514    35.0655       2103     8.7583  0.000e+00
    215.564     9.1728   3.749023    35.0863       2104     8.7625  0.000e+00
    215.399     9.1969   3.750452    35.0776       2105     8.7667  0.000e+00
    215.224     9.2186   3.750239    35.0541       2106     8.7708  0.000e+00
    215.038     9.2330   3.752384    35.0625       2107     8.7750  0.000e+00
    214.847     9.2469   3.753022    35.0556       2108     8.7792  0.000e+00
    214.652     9.2595   3.753572    35.0490       2109     8.7833  0.000e+00
    214.442     9.2696   3.754470    35.0486       2110     8.7875  0.000e+00
    214.229     9.2784   3.756101    35.0570       2111     8.7917  0.000e+00
    214.002     9.2889   3.758815    35.0750       2112     8.7958  0.000e+00
    213.778     9.3048   3.759803    35.0698       2113     8.8000  0.000e+00
    213.553     9.3198   3.761974    35.0778       2114     8.8042  0.000e+00
    213.325     9.3355   3.762624    35.0693       2115     8.8083  0.000e+00
    213.088     9.3493   3.763375    35.0637       2116     8.8125  0.000e+00
    212.853     9.3598   3.763280    35.0525       2117     8.8167  0.000e+00
    212.609     9.3679   3.765535    35.0681       2118     8.8208  0.000e+00
    212.377     9.3775   3.766168    35.0654       2119     8.8250  0.000e+00
    212.129     9.3876   3.767517    35.0697       2120     8.8292  0.000e+00
    211.896     9.3983   3.768103    35.0654       2121     8.8333  0.000e+00
    211.651     9.4076   3.769376    35.0695       2122     8.8375  0.000e+00
    211.414     9.4175   3.769583    35.0622       2123     8.8417  0.000e+00
    211.172     9.4253   3.769902    35.0580       2124     8.8458  0.000e+00
    210.931     9.4311   3.770234    35.0558       2125     8.8500  0.000e+00
    210.694     9.4361   3.770648    35.0553       2126     8.8542  0.000e+00
    210.437     9.4407   3.771430    35.0591       2127     8.8583  0.000e+00
    210.198     9.4453   3.771524    35.0556       2128     8.8625  0.000e+00
    209.947     9.4496   3.773461    35.0716       2129     8.8667  0.000e+00
    209.709     9.4571   3.775457    35.0851       2130     8.8708  0.000e+00
    209.469     9.4697   3.776121    35.0798       2131     8.8750  0.000e+00
    209.232     9.4803   3.775741    35.0656       2132     8.8792  0.000e+00
    209.002     9.4870   3.776636    35.0683       2133     8.8833  0.000e+00
    208.779     9.4928   3.777424    35.0710       2134     8.8875  0.000e+00
    208.568     9.4995   3.779160    35.0825       2135     8.8917  0.000e+00
    208.358     9.5086   3.780992    35.0927       2136     8.8958  0.000e+00
    208.160     9.5211   3.784211    35.1138       2137     8.9000  0.000e+00
    207.969     9.5397   3.785213    35.1061       2138     8.9042  0.000e+00
    207.782     9.5563   3.785254    35.0904       2139     8.9083  0.000e+00
    207.605     9.5680   3.786494    35.0919       2140     8.9125  0.000e+00
    207.431     9.5785   3.789187    35.1095       2141     8.9167  0.000e+00
    207.252     9.5933   3.790967    35.1135       2142     8.9208  0.000e+00
    207.077     9.6104   3.794142    35.1297       2143     8.9250  0.000e+00
    206.890     9.6304   3.795620    35.1255       2144     8.9292  0.000e+00
    206.709     9.6503   3.797069    35.1210       2145     8.9333  0.000e+00
    206.517     9.6684   3.799777    35.1315       2146     8.9375  0.000e+00
    206.326     9.6872   3.799854    35.1139       2147     8.9417  0.000e+00
    206.123     9.7030   3.801648    35.1171       2148     8.9458  0.000e+00
    205.916     9.7170   3.802420    35.1115       2149     8.9500  0.000e+00
    205.706     9.7297   3.802509    35.1001       2150     8.9542  0.000e+00
    205.488     9.7383   3.802532    35.0920       2151     8.9583  0.000e+00
    205.272     9.7436   3.802621    35.0880       2152     8.9625  0.000e+00
    205.055     9.7470   3.803025    35.0889       2153     8.9667  0.000e+00
    204.838     9.7507   3.802977    35.0849       2154     8.9708  0.000e+00
    204.628     9.7531   3.802936    35.0822       2155     8.9750  0.000e+00
    204.425     9.7542   3.803090    35.0828       2156     8.9792  0.000e+00
    204.224     9.7555   3.802930    35.0800       2157     8.9833  0.000e+00
    204.022     9.7558   3.802799    35.0784       2158     8.9875  0.000e+00
    203.832     9.7559   3.805348    35.1047       2159     8.9917  0.000e+00
    203.642     9.7618   3.806691    35.1128       2160     8.9958  0.000e+00
    203.450     9.7728   3.806507    35.1003       2161     9.0000  0.000e+00
    203.256     9.7802   3.805770    35.0856       2162     9.0042  0.000e+00
    203.070     9.7829   3.805942    35.0849       2163     9.0083  0.000e+00
    202.878     9.7837   3.806061    35.0854       2164     9.0125  0.000e+00
    202.681     9.7848   3.805972    35.0835       2165     9.0167  0.000e+00
    202.482     9.7856   3.806429    35.0875       2166     9.0208  0.000e+00
    202.272     9.7871   3.806643    35.0883       2167     9.0250  0.000e+00
    202.058     9.7891   3.806483    35.0848       2168     9.0292  0.000e+00
    201.845     9.7903   3.806732    35.0864       2169     9.0333  0.000e+00
    201.631     9.7914   3.806393    35.0819       2170     9.0375  0.000e+00
    201.409     9.7917   3.806506    35.0829       2171     9.0417  0.000e+00
    201.184     9.7916   3.806779    35.0859       2172     9.0458  0.000e+00
    200.964     9.7926   3.807041    35.0877       2173     9.0500  0.000e+00
    200.750     9.7941   3.807130    35.0872       2174     9.0542  0.000e+00
    200.526     9.7958   3.807082    35.0852       2175     9.0583  0.000e+00
    200.312     9.7969   3.807760    35.0912       2176     9.0625  0.000e+00
    200.091     9.7991   3.808051    35.0921       2177     9.0667  0.000e+00
    199.874     9.8020   3.807998    35.0889       2178     9.0708  0.000e+00
    199.666     9.8041   3.808253    35.0895       2179     9.0750  0.000e+00
    199.460     9.8058   3.808295    35.0884       2180     9.0792  0.000e+00
    199.253     9.8073   3.808794    35.0922       2181     9.0833  0.000e+00
    199.053     9.8096   3.808788    35.0900       2182     9.0875  0.000e+00
    198.863     9.8115   3.809323    35.0937       2183     9.0917  0.000e+00
    198.687     9.8144   3.809608    35.0939       2184     9.0958  0.000e+00
    198.504     9.8174   3.810108    35.0962       2185     9.1000  0.000e+00
    198.327     9.8209   3.810173    35.0936       2186     9.1042  0.000e+00
    198.155     9.8243   3.812207    35.1113       2187     9.1083  0.000e+00
    197.978     9.8311   3.812635    35.1091       2188     9.1125  0.000e+00
    197.804     9.8381   3.812908    35.1051       2189     9.1167  0.000e+00
    197.628     9.8441   3.812486    35.0951       2190     9.1208  0.000e+00
    197.455     9.8472   3.813378    35.1013       2191     9.1250  0.000e+00
    197.277     9.8510   3.813087    35.0947       2192     9.1292  0.000e+00
    197.104     9.8533   3.813473    35.0965       2193     9.1333  0.000e+00
    196.928     9.8555   3.813420    35.0939       2194     9.1375  0.000e+00
    196.749     9.8566   3.813556    35.0943       2195     9.1417  0.000e+00
    196.570     9.8583   3.817102    35.1291       2196     9.1458  0.000e+00
    196.385     9.8677   3.819251    35.1422       2197     9.1500  0.000e+00
    196.210     9.8843   3.821251    35.1466       2198     9.1542  0.000e+00
    196.027     9.9021   3.824097    35.1585       2199     9.1583  0.000e+00
    195.839     9.9225   3.830406    35.2034       2200     9.1625  0.000e+00
    195.645     9.9535   3.833648    35.2066       2201     9.1667  0.000e+00
    195.448     9.9880   3.834458    35.1813       2202     9.1708  0.000e+00
    195.242    10.0147   3.838376    35.1955       2203     9.1750  0.000e+00
    195.024    10.0419   3.847320    35.2606       2204     9.1792  0.000e+00
    194.796    10.0880   3.851966    35.2633       2205     9.1833  0.000e+00
    194.563    10.1365   3.853094    35.2277       2206     9.1875  0.000e+00
    194.317    10.1726   3.853482    35.1967       2207     9.1917  0.000e+00
    194.073    10.1976   3.854491    35.1828       2208     9.1958  0.000e+00
    193.812    10.2156   3.855184    35.1725       2209     9.2000  0.000e+00
    193.551    10.2297   3.859678    35.2048       2210     9.2042  0.000e+00
    193.275    10.2507   3.863343    35.2218       2211     9.2083  0.000e+00
    193.018    10.2782   3.865825    35.2205       2212     9.2125  0.000e+00
    192.737    10.3047   3.868469    35.2218       2213     9.2167  0.000e+00
    192.468    10.3310   3.872137    35.2336       2214     9.2208  0.000e+00
    192.196    10.3600   3.878693    35.2723       2215     9.2250  0.000e+00
    191.925    10.3990   3.890950    35.3588       2216     9.2292  0.000e+00
    191.664    10.4621   3.904406    35.4340       2217     9.2333  0.000e+00
    191.414    10.5476   3.912480    35.4327       2218     9.2375  0.000e+00
    191.176    10.6380   3.917451    35.3953       2219     9.2417  0.000e+00
    190.951    10.7160   3.919790    35.3434       2220     9.2458  0.000e+00
    190.738    10.7743   3.928113    35.3709       2221     9.2500  0.000e+00
    190.535    10.8328   3.935436    35.3881       2222     9.2542  0.000e+00
    190.352    10.9001   3.935851    35.3274       2223     9.2583  0.000e+00
    190.171    10.9495   3.936785    35.2893       2224     9.2625  0.000e+00
    190.003    10.9822   3.937320    35.2633       2225     9.2667  0.000e+00
    189.842    11.0047   3.937368    35.2423       2226     9.2708  0.000e+00
    189.688    11.0191   3.937483    35.2296       2227     9.2750  0.000e+00
    189.543    11.0280   3.937482    35.2211       2228     9.2792  0.000e+00
    189.400    11.0335   3.937597    35.2171       2229     9.2833  0.000e+00
    189.263    11.0370   3.937597    35.2138       2230     9.2875  0.000e+00
    189.123    11.0396   3.938061    35.2160       2231     9.2917  0.000e+00
    188.979    11.0424   3.939670    35.2295       2232     9.2958  0.000e+00
    188.821    11.0492   3.941207    35.2384       2233     9.3000  0.000e+00
    188.653    11.0593   3.942027    35.2369       2234     9.3042  0.000e+00
    188.470    11.0702   3.942793    35.2342       2235     9.3083  0.000e+00
    188.266    11.0794   3.943631    35.2339       2236     9.3125  0.000e+00
    188.052    11.0883   3.944264    35.2317       2237     9.3167  0.000e+00
    187.817    11.0965   3.945126    35.2326       2238     9.3208  0.000e+00
    187.571    11.1047   3.945614    35.2297       2239     9.3250  0.000e+00
    187.328    11.1122   3.945590    35.2224       2240     9.3292  0.000e+00
    187.080    11.1175   3.947786    35.2393       2241     9.3333  0.000e+00
    186.834    11.1263   3.949119    35.2444       2242     9.3375  0.000e+00
    186.592    11.1382   3.948908    35.2309       2243     9.3417  0.000e+00
    186.355    11.1461   3.949046    35.2248       2244     9.3458  0.000e+00
    186.123    11.1510   3.949233    35.2221       2245     9.3500  0.000e+00
    185.901    11.1546   3.949191    35.2183       2246     9.3542  0.000e+00
    185.689    11.1570   3.949402    35.2182       2247     9.3583  0.000e+00
    185.490    11.1591   3.950941    35.2316       2248     9.3625  0.000e+00
    185.302    11.1647   3.951453    35.2315       2249     9.3667  0.000e+00
    185.113    11.1718   3.951103    35.2213       2250     9.3708  0.000e+00
    184.940    11.1753   3.950801    35.2151       2251     9.3750  0.000e+00
    184.771    11.1765   3.950427    35.2103       2252     9.3792  0.000e+00
    184.601    11.1755   3.949914    35.2062       2253     9.3833  0.000e+00
    184.431    11.1731   3.950518    35.2145       2254     9.3875  0.000e+00
    184.256    11.1726   3.950216    35.2121       2255     9.3917  0.000e+00
    184.084    11.1721   3.950216    35.2126       2256     9.3958  0.000e+00
    183.898    11.1717   3.951525    35.2262       2257     9.4000  0.000e+00
    183.709    11.1748   3.950143    35.2095       2258     9.4042  0.000e+00
    183.518    11.1744   3.950125    35.2098       2259     9.4083  0.000e+00
    183.326    11.1733   3.953885    35.2484       2260     9.4125  0.000e+00
    183.129    11.1826   3.955714    35.2578       2261     9.4167  0.000e+00
    182.933    11.1981   3.956699    35.2529       2262     9.4208  0.000e+00
    182.745    11.2123   3.956813    35.2405       2263     9.4250  0.000e+00
    182.555    11.2225   3.956559    35.2282       2264     9.4292  0.000e+00
    182.370    11.2285   3.956299    35.2201       2265     9.4333  0.000e+00
    182.186    11.2307   3.956203    35.2171       2266     9.4375  0.000e+00
