HB2406/sbe057.cnv
* Sea-Bird SBE 19plus V2 Data File:
* FileName = C:\cruise\data\sbe057.hex
* Software Version Seasave V 7.26.7.121
* Temperature SN = 7037
* Conductivity SN = 7037
* System UpLoad Time = Aug 17 2024 06:01:31
* NMEA Latitude = 42 54.30 N
* NMEA Longitude = 068 06.00 W
* NMEA UTC (Time) = Aug 17 2024  06:00:24
** Ship: Henry Bigelow
** Cruise:  HB2406
** Program:  ECOMON
# nquan = 7
# nvalues = 2071                                  
# units = specified
# name 0 = depSM: Depth [salt water, m]
# name 1 = tv290C: Temperature [ITS-90, deg C]
# name 2 = c0S/m: Conductivity [S/m]
# name 3 = sal00: Salinity, Practical [PSU]
# name 4 = scan: Scan Count
# name 5 = timeM: Time, Elapsed [minutes]
# name 6 = flag:  0.000e+00
# span 0 =      0.044,    200.020                 
# span 1 =     6.3999,    20.4229                 
# span 2 =   0.586143,   4.380933                 
# span 3 =     3.5208,    34.4976                 
# span 4 =         11,       2081                 
# span 5 =     0.0417,     8.6667                 
# span 6 = 0.0000e+00, 0.0000e+00                 
# interval = seconds: 0.25
# start_time = Aug 17 2024 06:00:24 [NMEA time, header]
# bad_flag = -9.990e-29
*END*
[from data line 616]
    125.793     7.5002   3.456346    33.6529        627     2.6083  0.000e+00
    126.021     7.5159   3.459869    33.6757        628     2.6125  0.000e+00
    126.253     7.5321   3.462164    33.6847        629     2.6167  0.000e+00
    126.479     7.5485   3.464504    33.6940        630     2.6208  0.000e+00
    126.707     7.5634   3.466995    33.7064        631     2.6250  0.000e+00
    126.926     7.5775   3.468168    33.7053        632     2.6292  0.000e+00
    127.146     7.5896   3.469382    33.7066        633     2.6333  0.000e+00
    127.360     7.5996   3.470155    33.7050        634     2.6375  0.000e+00
    127.570     7.6074   3.470963    33.7061        635     2.6417  0.000e+00
    127.772     7.6136   3.472000    33.7112        636     2.6458  0.000e+00
    127.973     7.6196   3.472418    33.7098        637     2.6500  0.000e+00
    128.165     7.6246   3.473129    33.7125        638     2.6542  0.000e+00
    128.356     7.6289   3.474034    33.7180        639     2.6583  0.000e+00
    128.552     7.6333   3.474366    33.7173        640     2.6625  0.000e+00
    128.731     7.6368   3.474854    33.7191        641     2.6667  0.000e+00
    128.908     7.6396   3.476407    33.7331        642     2.6708  0.000e+00
    129.087     7.6428   3.477788    33.7447        643     2.6750  0.000e+00
    129.266     7.6460   3.478023    33.7440        644     2.6792  0.000e+00
    129.443     7.6487   3.478064    33.7418        645     2.6833  0.000e+00
    129.619     7.6505   3.478316    33.7427        646     2.6875  0.000e+00
    129.800     7.6521   3.479262    33.7513        647     2.6917  0.000e+00
    129.984     7.6539   3.480604    33.7639        648     2.6958  0.000e+00
    130.176     7.6565   3.481361    33.7694        649     2.7000  0.000e+00
    130.369     7.6594   3.482600    33.7799        650     2.7042  0.000e+00
    130.570     7.6626   3.484011    33.7919        651     2.7083  0.000e+00
    130.776     7.6664   3.485359    33.8027        652     2.7125  0.000e+00
    130.984     7.6711   3.486220    33.8073        653     2.7167  0.000e+00
    131.202     7.6760   3.486369    33.8040        654     2.7208  0.000e+00
    131.420     7.6802   3.487425    33.8112        655     2.7250  0.000e+00
    131.637     7.6842   3.487672    33.8099        656     2.7292  0.000e+00
    131.856     7.6878   3.487379    33.8031        657     2.7333  0.000e+00
    132.082     7.6900   3.487947    33.8070        658     2.7375  0.000e+00
    132.300     7.6923   3.488223    33.8076        659     2.7417  0.000e+00
    132.527     7.6941   3.489360    33.8180        660     2.7458  0.000e+00
    132.741     7.6970   3.489721    33.8190        661     2.7500  0.000e+00
    132.958     7.6997   3.490387    33.8234        662     2.7542  0.000e+00
    133.175     7.7024   3.490881    33.8261        663     2.7583  0.000e+00
    133.383     7.7052   3.491363    33.8284        664     2.7625  0.000e+00
    133.591     7.7077   3.491490    33.8272        665     2.7667  0.000e+00
    133.792     7.7100   3.491702    33.8273        666     2.7708  0.000e+00
    133.991     7.7116   3.492041    33.8292        667     2.7750  0.000e+00
    134.177     7.7131   3.492202    33.8294        668     2.7792  0.000e+00
    134.372     7.7145   3.492294    33.8289        669     2.7833  0.000e+00
    134.553     7.7156   3.492420    33.8291        670     2.7875  0.000e+00
    134.732     7.7163   3.492570    33.8300        671     2.7917  0.000e+00
    134.904     7.7172   3.492799    33.8315        672     2.7958  0.000e+00
    135.078     7.7182   3.493161    33.8344        673     2.8000  0.000e+00
    135.250     7.7194   3.493592    33.8377        674     2.8042  0.000e+00
    135.421     7.7209   3.494298    33.8438        675     2.8083  0.000e+00
    135.595     7.7233   3.494551    33.8441        676     2.8125  0.000e+00
    135.769     7.7255   3.494976    33.8465        677     2.8167  0.000e+00
    135.942     7.7276   3.495780    33.8530        678     2.8208  0.000e+00
    136.125     7.7301   3.496751    33.8610        679     2.8250  0.000e+00
    136.313     7.7340   3.497682    33.8671        680     2.8292  0.000e+00
    136.501     7.7383   3.498728    33.8740        681     2.8333  0.000e+00
    136.698     7.7433   3.499285    33.8751        682     2.8375  0.000e+00
    136.899     7.7480   3.499688    33.8748        683     2.8417  0.000e+00
    137.104     7.7516   3.499877    33.8732        684     2.8458  0.000e+00
    137.312     7.7546   3.500199    33.8737        685     2.8500  0.000e+00
    137.527     7.7571   3.500153    33.8706        686     2.8542  0.000e+00
    137.739     7.7591   3.500389    33.8712        687     2.8583  0.000e+00
    137.959     7.7604   3.500722    33.8733        688     2.8625  0.000e+00
    138.182     7.7619   3.501171    33.8766        689     2.8667  0.000e+00
    138.401     7.7635   3.501573    33.8793        690     2.8708  0.000e+00
    138.625     7.7652   3.502125    33.8835        691     2.8750  0.000e+00
    138.849     7.7675   3.503206    33.8928        692     2.8792  0.000e+00
    139.070     7.7706   3.504028    33.8985        693     2.8833  0.000e+00
    139.294     7.7744   3.504138    33.8958        694     2.8875  0.000e+00
    139.511     7.7776   3.504793    33.8997        695     2.8917  0.000e+00
    139.726     7.7805   3.505604    33.9055        696     2.8958  0.000e+00
    139.943     7.7838   3.506381    33.9105        697     2.9000  0.000e+00
    140.153     7.7875   3.506766    33.9110        698     2.9042  0.000e+00
    140.368     7.7907   3.507123    33.9116        699     2.9083  0.000e+00
    140.571     7.7935   3.508037    33.9186        700     2.9125  0.000e+00
    140.768     7.7968   3.508526    33.9206        701     2.9167  0.000e+00
    140.973     7.8001   3.509079    33.9232        702     2.9208  0.000e+00
    141.175     7.8035   3.509418    33.9234        703     2.9250  0.000e+00
    141.371     7.8064   3.510310    33.9301        704     2.9292  0.000e+00
    141.568     7.8099   3.511248    33.9366        705     2.9333  0.000e+00
    141.767     7.8139   3.512433    33.9454        706     2.9375  0.000e+00
    141.966     7.8187   3.513452    33.9517        707     2.9417  0.000e+00
    142.166     7.8236   3.514154    33.9543        708     2.9458  0.000e+00
    142.362     7.8285   3.515790    33.9670        709     2.9500  0.000e+00
    142.566     7.8341   3.517707    33.9821        710     2.9542  0.000e+00
    142.769     7.8411   3.518450    33.9831        711     2.9583  0.000e+00
    142.968     7.8479   3.519683    33.9897        712     2.9625  0.000e+00
    143.167     7.8543   3.522091    34.0091        713     2.9667  0.000e+00
    143.366     7.8633   3.523497    34.0154        714     2.9708  0.000e+00
    143.563     7.8722   3.524286    34.0151        715     2.9750  0.000e+00
    143.758     7.8793   3.525946    34.0260        716     2.9792  0.000e+00
    143.955     7.8870   3.529261    34.0539        717     2.9833  0.000e+00
    144.140     7.8977   3.530714    34.0590        718     2.9875  0.000e+00
    144.332     7.9082   3.531291    34.0549        719     2.9917  0.000e+00
    144.518     7.9163   3.532444    34.0593        720     2.9958  0.000e+00
    144.706     7.9231   3.533667    34.0656        721     3.0000  0.000e+00
    144.894     7.9295   3.534417    34.0673        722     3.0042  0.000e+00
    145.081     7.9357   3.535872    34.0768        723     3.0083  0.000e+00
    145.270     7.9419   3.536622    34.0788        724     3.0125  0.000e+00
    145.460     7.9477   3.537349    34.0808        725     3.0167  0.000e+00
    145.652     7.9526   3.537822    34.0810        726     3.0208  0.000e+00
    145.842     7.9568   3.538400    34.0830        727     3.0250  0.000e+00
    146.037     7.9604   3.538804    34.0837        728     3.0292  0.000e+00
    146.235     7.9638   3.539514    34.0879        729     3.0333  0.000e+00
    146.439     7.9671   3.540305    34.0931        730     3.0375  0.000e+00
    146.638     7.9708   3.541078    34.0977        731     3.0417  0.000e+00
    146.846     7.9746   3.541829    34.1019        732     3.0458  0.000e+00
    147.047     7.9783   3.542153    34.1017        733     3.0500  0.000e+00
    147.257     7.9816   3.542539    34.1025        734     3.0542  0.000e+00
    147.461     7.9845   3.542771    34.1021        735     3.0583  0.000e+00
    147.667     7.9869   3.542921    34.1012        736     3.0625  0.000e+00
    147.870     7.9888   3.543331    34.1036        737     3.0667  0.000e+00
    148.071     7.9907   3.543741    34.1061        738     3.0708  0.000e+00
    148.279     7.9927   3.545116    34.1188        739     3.0750  0.000e+00
    148.485     7.9961   3.545734    34.1220        740     3.0792  0.000e+00
    148.686     8.0002   3.545844    34.1190        741     3.0833  0.000e+00
    148.881     8.0033   3.546728    34.1254        742     3.0875  0.000e+00
    149.087     8.0067   3.548571    34.1417        743     3.0917  0.000e+00
    149.286     8.0116   3.549756    34.1496        744     3.0958  0.000e+00
    149.485     8.0174   3.548831    34.1339        745     3.1000  0.000e+00
    149.681     8.0205   3.550143    34.1448        746     3.1042  0.000e+00
    149.872     8.0236   3.551889    34.1604        747     3.1083  0.000e+00
    150.069     8.0281   3.552918    34.1669        748     3.1125  0.000e+00
    150.267     8.0337   3.554167    34.1747        749     3.1167  0.000e+00
    150.457     8.0396   3.556087    34.1893        750     3.1208  0.000e+00
    150.648     8.0473   3.557319    34.1949        751     3.1250  0.000e+00
    150.845     8.0548   3.558354    34.1986        752     3.1292  0.000e+00
    151.039     8.0618   3.559969    34.2089        753     3.1333  0.000e+00
    151.236     8.0688   3.561074    34.2138        754     3.1375  0.000e+00
    151.435     8.0761   3.562324    34.2200        755     3.1417  0.000e+00
    151.636     8.0829   3.563812    34.2291        756     3.1458  0.000e+00
    151.844     8.0898   3.563812    34.2223        757     3.1500  0.000e+00
    152.046     8.0950   3.565218    34.2322        758     3.1542  0.000e+00
    152.258     8.1000   3.566000    34.2355        759     3.1583  0.000e+00
    152.470     8.1054   3.567251    34.2435        760     3.1625  0.000e+00
    152.687     8.1109   3.568595    34.2523        761     3.1667  0.000e+00
    152.900     8.1170   3.569046    34.2511        762     3.1708  0.000e+00
    153.115     8.1224   3.570373    34.2599        763     3.1750  0.000e+00
    153.340     8.1279   3.570697    34.2579        764     3.1792  0.000e+00
    153.557     8.1328   3.571758    34.2643        765     3.1833  0.000e+00
    153.774     8.1370   3.574099    34.2851        766     3.1875  0.000e+00
    153.996     8.1439   3.575571    34.2939        767     3.1917  0.000e+00
    154.215     8.1516   3.575982    34.2908        768     3.1958  0.000e+00
    154.431     8.1575   3.577287    34.2987        769     3.2000  0.000e+00
    154.642     8.1632   3.578046    34.3012        770     3.2042  0.000e+00
    154.849     8.1686   3.578528    34.3010        771     3.2083  0.000e+00
    155.060     8.1731   3.579339    34.3051        772     3.2125  0.000e+00
    155.263     8.1775   3.579351    34.3009        773     3.2167  0.000e+00
    155.464     8.1808   3.579960    34.3040        774     3.2208  0.000e+00
    155.659     8.1838   3.580436    34.3061        775     3.2250  0.000e+00
    155.851     8.1866   3.580760    34.3067        776     3.2292  0.000e+00
    156.048     8.1892   3.581219    34.3090        777     3.2333  0.000e+00
    156.243     8.1918   3.582129    34.3161        778     3.2375  0.000e+00
    156.428     8.1948   3.582564    34.3176        779     3.2417  0.000e+00
    156.620     8.1977   3.582959    34.3189        780     3.2458  0.000e+00
    156.810     8.2002   3.583197    34.3189        781     3.2500  0.000e+00
    156.999     8.2025   3.583481    34.3196        782     3.2542  0.000e+00
    157.188     8.2042   3.583719    34.3204        783     3.2583  0.000e+00
    157.376     8.2058   3.584218    34.3241        784     3.2625  0.000e+00
    157.560     8.2075   3.584375    34.3240        785     3.2667  0.000e+00
    157.752     8.2092   3.584549    34.3241        786     3.2708  0.000e+00
    157.940     8.2107   3.584828    34.3255        787     3.2750  0.000e+00
    158.132     8.2121   3.585112    34.3271        788     3.2792  0.000e+00
    158.322     8.2134   3.585332    34.3281        789     3.2833  0.000e+00
    158.515     8.2148   3.585507    34.3285        790     3.2875  0.000e+00
    158.705     8.2158   3.585808    34.3306        791     3.2917  0.000e+00
    158.901     8.2169   3.586006    34.3315        792     3.2958  0.000e+00
    159.100     8.2181   3.586267    34.3331        793     3.3000  0.000e+00
    159.295     8.2193   3.586418    34.3334        794     3.3042  0.000e+00
    159.492     8.2203   3.586551    34.3338        795     3.3083  0.000e+00
    159.691     8.2211   3.586662    34.3340        796     3.3125  0.000e+00
    159.894     8.2221   3.586749    34.3339        797     3.3167  0.000e+00
    160.100     8.2229   3.586900    34.3346        798     3.3208  0.000e+00
    160.299     8.2240   3.587028    34.3348        799     3.3250  0.000e+00
    160.501     8.2250   3.586941    34.3328        800     3.3292  0.000e+00
    160.706     8.2254   3.587010    34.3330        801     3.3333  0.000e+00
    160.908     8.2254   3.587097    34.3339        802     3.3375  0.000e+00
    161.115     8.2258   3.587248    34.3350        803     3.3417  0.000e+00
    161.314     8.2261   3.587312    34.3354        804     3.3458  0.000e+00
    161.511     8.2266   3.587359    34.3353        805     3.3500  0.000e+00
    161.712     8.2269   3.587400    34.3353        806     3.3542  0.000e+00
    161.912     8.2271   3.587458    34.3356        807     3.3583  0.000e+00
    162.113     8.2274   3.587620    34.3370        808     3.3625  0.000e+00
    162.310     8.2279   3.587684    34.3371        809     3.3667  0.000e+00
    162.511     8.2284   3.587707    34.3367        810     3.3708  0.000e+00
    162.710     8.2286   3.587812    34.3375        811     3.3750  0.000e+00
    162.915     8.2290   3.587922    34.3382        812     3.3792  0.000e+00
    163.119     8.2297   3.587882    34.3370        813     3.3833  0.000e+00
    163.325     8.2300   3.587882    34.3366        814     3.3875  0.000e+00
    163.537     8.2299   3.588010    34.3380        815     3.3917  0.000e+00
    163.745     8.2303   3.588056    34.3380        816     3.3958  0.000e+00
    163.962     8.2307   3.588079    34.3378        817     3.4000  0.000e+00
    164.170     8.2308   3.588143    34.3382        818     3.4042  0.000e+00
    164.387     8.2310   3.588207    34.3385        819     3.4083  0.000e+00
    164.604     8.2312   3.588271    34.3389        820     3.4125  0.000e+00
    164.818     8.2313   3.588358    34.3397        821     3.4167  0.000e+00
    165.035     8.2317   3.588405    34.3397        822     3.4208  0.000e+00
    165.254     8.2317   3.588469    34.3403        823     3.4250  0.000e+00
    165.465     8.2320   3.588533    34.3406        824     3.4292  0.000e+00
    165.675     8.2321   3.588620    34.3413        825     3.4333  0.000e+00
    165.883     8.2324   3.588690    34.3417        826     3.4375  0.000e+00
    166.086     8.2327   3.588730    34.3417        827     3.4417  0.000e+00
    166.285     8.2330   3.588771    34.3418        828     3.4458  0.000e+00
    166.487     8.2332   3.588864    34.3424        829     3.4500  0.000e+00
    166.684     8.2335   3.588881    34.3422        830     3.4542  0.000e+00
