HB2406/sbe069.cnv
* Sea-Bird SBE 19plus V2 Data File:
* FileName = C:\cruise\data\sbe069.hex
* Software Version Seasave V 7.26.7.121
* Temperature SN = 7037
* Conductivity SN = 7037
* System UpLoad Time = Aug 18 2024 01:08:45
* NMEA Latitude = 42 04.92 N
* NMEA Longitude = 066 39.78 W
* NMEA UTC (Time) = Aug 18 2024  01:07:38
** Ship: Henry Bigelow
** Cruise:  HB2406
** Program:  ECOMON
# nquan = 7
# nvalues = 2094                                  
# units = specified
# name 0 = depSM: Depth [salt water, m]
# name 1 = tv290C: Temperature [ITS-90, deg C]
# name 2 = c0S/m: Conductivity [S/m]
# name 3 = sal00: Salinity, Practical [PSU]
# name 4 = scan: Scan Count
# name 5 = timeM: Time, Elapsed [minutes]
# name 6 = flag:  0.000e+00
# span 0 =      0.028,     69.877                 
# span 1 =     7.4432,    19.0470                 
# span 2 =  -0.000020,   4.267650                 
# span 3 =     0.0000,    33.7860                 
# span 4 =         11,       2104                 
# span 5 =     0.0417,     8.7625                 
# span 6 = 0.0000e+00, 0.0000e+00                 
# interval = seconds: 0.25
# start_time = Aug 18 2024 01:07:38 [NMEA time, header]
# bad_flag = -9.990e-29
*END*
[from data line 1231]
     28.919     9.9130   3.507233    31.9937       1242     5.1708  0.000e+00
     28.852     9.9336   3.509120    31.9945       1243     5.1750  0.000e+00
     28.788     9.9563   3.510731    31.9907       1244     5.1792  0.000e+00
     28.727     9.9784   3.511668    31.9807       1245     5.1833  0.000e+00
     28.671     9.9985   3.512923    31.9756       1246     5.1875  0.000e+00
     28.618    10.0163   3.514149    31.9723       1247     5.1917  0.000e+00
     28.578    10.0338   3.514724    31.9626       1248     5.1958  0.000e+00
     28.539    10.0488   3.515962    31.9619       1249     5.2000  0.000e+00
     28.502    10.0630   3.516791    31.9578       1250     5.2042  0.000e+00
     28.473    10.0771   3.517810    31.9556       1251     5.2083  0.000e+00
     28.448    10.0903   3.518535    31.9512       1252     5.2125  0.000e+00
     28.421    10.1025   3.519958    31.9549       1253     5.2167  0.000e+00
     28.396    10.1163   3.521496    31.9581       1254     5.2208  0.000e+00
     28.370    10.1324   3.522285    31.9519       1255     5.2250  0.000e+00
     28.341    10.1480   3.522965    31.9451       1256     5.2292  0.000e+00
     28.309    10.1616   3.523201    31.9354       1257     5.2333  0.000e+00
     28.278    10.1716   3.523540    31.9301       1258     5.2375  0.000e+00
     28.245    10.1792   3.524140    31.9294       1259     5.2417  0.000e+00
     28.207    10.1860   3.524647    31.9285       1260     5.2458  0.000e+00
     28.171    10.1931   3.525206    31.9279       1261     5.2500  0.000e+00
     28.130    10.2004   3.526076    31.9302       1262     5.2542  0.000e+00
     28.092    10.2092   3.526929    31.9311       1263     5.2583  0.000e+00
     28.052    10.2188   3.527165    31.9251       1264     5.2625  0.000e+00
     28.017    10.2268   3.527978    31.9262       1265     5.2667  0.000e+00
     27.977    10.2354   3.528791    31.9268       1266     5.2708  0.000e+00
     27.943    10.2447   3.529241    31.9232       1267     5.2750  0.000e+00
     27.911    10.2536   3.530071    31.9237       1268     5.2792  0.000e+00
     27.882    10.2624   3.530134    31.9166       1269     5.2833  0.000e+00
     27.856    10.2697   3.530261    31.9115       1270     5.2875  0.000e+00
     27.829    10.2748   3.530734    31.9117       1271     5.2917  0.000e+00
     27.804    10.2799   3.530820    31.9081       1272     5.2958  0.000e+00
     27.779    10.2839   3.530987    31.9063       1273     5.3000  0.000e+00
     27.757    10.2871   3.531224    31.9058       1274     5.3042  0.000e+00
     27.735    10.2899   3.531339    31.9046       1275     5.3083  0.000e+00
     27.711    10.2930   3.531397    31.9025       1276     5.3125  0.000e+00
     27.691    10.2948   3.531633    31.9032       1277     5.3167  0.000e+00
     27.677    10.2969   3.531697    31.9021       1278     5.3208  0.000e+00
     27.653    10.2989   3.531847    31.9018       1279     5.3250  0.000e+00
     27.630    10.3006   3.531973    31.9016       1280     5.3292  0.000e+00
     27.610    10.3025   3.532100    31.9012       1281     5.3333  0.000e+00
     27.585    10.3042   3.532441    31.9031       1282     5.3375  0.000e+00
     27.561    10.3063   3.532937    31.9063       1283     5.3417  0.000e+00
     27.539    10.3101   3.533173    31.9053       1284     5.3458  0.000e+00
     27.512    10.3140   3.533450    31.9047       1285     5.3500  0.000e+00
     27.487    10.3179   3.533917    31.9060       1286     5.3542  0.000e+00
     27.454    10.3221   3.534304    31.9061       1287     5.3583  0.000e+00
     27.423    10.3272   3.534644    31.9051       1288     5.3625  0.000e+00
     27.389    10.3320   3.535054    31.9050       1289     5.3667  0.000e+00
     27.357    10.3369   3.535481    31.9050       1290     5.3708  0.000e+00
     27.322    10.3423   3.536190    31.9074       1291     5.3750  0.000e+00
     27.286    10.3482   3.536444    31.9048       1292     5.3792  0.000e+00
     27.250    10.3548   3.536681    31.9013       1293     5.3833  0.000e+00
     27.215    10.3602   3.537171    31.9016       1294     5.3875  0.000e+00
     27.188    10.3651   3.537968    31.9052       1295     5.3917  0.000e+00
     27.159    10.3713   3.538424    31.9043       1296     5.3958  0.000e+00
     27.127    10.3788   3.538672    31.9003       1297     5.4000  0.000e+00
     27.094    10.3848   3.538931    31.8977       1298     5.4042  0.000e+00
     27.065    10.3898   3.539249    31.8965       1299     5.4083  0.000e+00
     27.042    10.3948   3.539895    31.8985       1300     5.4125  0.000e+00
     27.013    10.4001   3.540109    31.8960       1301     5.4167  0.000e+00
     26.982    10.4053   3.540559    31.8960       1302     5.4208  0.000e+00
     26.951    10.4106   3.540750    31.8933       1303     5.4250  0.000e+00
     26.928    10.4152   3.540819    31.8900       1304     5.4292  0.000e+00
     26.902    10.4190   3.541333    31.8917       1305     5.4333  0.000e+00
     26.884    10.4228   3.541610    31.8913       1306     5.4375  0.000e+00
     26.870    10.4270   3.541333    31.8848       1307     5.4417  0.000e+00
     26.857    10.4292   3.541760    31.8872       1308     5.4458  0.000e+00
     26.851    10.4314   3.542060    31.8882       1309     5.4500  0.000e+00
     26.850    10.4344   3.541719    31.8821       1310     5.4542  0.000e+00
     26.850    10.4358   3.541887    31.8826       1311     5.4583  0.000e+00
     26.849    10.4366   3.541523    31.8783       1312     5.4625  0.000e+00
     26.855    10.4361   3.541419    31.8777       1313     5.4667  0.000e+00
     26.858    10.4348   3.541332    31.8780       1314     5.4708  0.000e+00
     26.860    10.4335   3.541246    31.8782       1315     5.4750  0.000e+00
     26.860    10.4322   3.541073    31.8777       1316     5.4792  0.000e+00
     26.853    10.4306   3.540796    31.8762       1317     5.4833  0.000e+00
     26.847    10.4282   3.540686    31.8773       1318     5.4875  0.000e+00
     26.835    10.4260   3.540645    31.8788       1319     5.4917  0.000e+00
     26.813    10.4241   3.540622    31.8802       1320     5.4958  0.000e+00
     26.789    10.4229   3.540646    31.8815       1321     5.5000  0.000e+00
     26.762    10.4222   3.540836    31.8841       1322     5.5042  0.000e+00
     26.726    10.4224   3.541009    31.8856       1323     5.5083  0.000e+00
     26.693    10.4236   3.541546    31.8899       1324     5.5125  0.000e+00
     26.657    10.4261   3.541933    31.8917       1325     5.5167  0.000e+00
     26.617    10.4303   3.542788    31.8965       1326     5.5208  0.000e+00
     26.585    10.4362   3.542874    31.8922       1327     5.5250  0.000e+00
     26.540    10.4422   3.543348    31.8918       1328     5.5292  0.000e+00
     26.503    10.4474   3.543688    31.8906       1329     5.5333  0.000e+00
     26.462    10.4524   3.543948    31.8889       1330     5.5375  0.000e+00
     26.416    10.4570   3.544249    31.8879       1331     5.5417  0.000e+00
     26.362    10.4614   3.544607    31.8876       1332     5.5458  0.000e+00
     26.319    10.4659   3.545046    31.8881       1333     5.5500  0.000e+00
     26.275    10.4704   3.545560    31.8893       1334     5.5542  0.000e+00
     26.236    10.4761   3.545710    31.8858       1335     5.5583  0.000e+00
     26.198    10.4808   3.545900    31.8836       1336     5.5625  0.000e+00
     26.169    10.4848   3.546033    31.8814       1337     5.5667  0.000e+00
     26.140    10.4881   3.546351    31.8817       1338     5.5708  0.000e+00
     26.122    10.4914   3.546270    31.8780       1339     5.5750  0.000e+00
     26.113    10.4940   3.546310    31.8761       1340     5.5792  0.000e+00
     26.118    10.4954   3.546420    31.8760       1341     5.5833  0.000e+00
     26.118    10.4966   3.546247    31.8732       1342     5.5875  0.000e+00
     26.123    10.4969   3.546120    31.8717       1343     5.5917  0.000e+00
     26.136    10.4962   3.545686    31.8680       1344     5.5958  0.000e+00
     26.147    10.4943   3.545496    31.8678       1345     5.6000  0.000e+00
     26.163    10.4914   3.544872    31.8640       1346     5.6042  0.000e+00
     26.170    10.4870   3.544572    31.8649       1347     5.6083  0.000e+00
     26.181    10.4821   3.544058    31.8640       1348     5.6125  0.000e+00
     26.183    10.4770   3.543734    31.8653       1349     5.6167  0.000e+00
     26.186    10.4717   3.543521    31.8678       1350     5.6208  0.000e+00
     26.186    10.4670   3.543434    31.8710       1351     5.6250  0.000e+00
     26.179    10.4634   3.543498    31.8748       1352     5.6292  0.000e+00
     26.173    10.4613   3.543561    31.8773       1353     5.6333  0.000e+00
     26.168    10.4609   3.543607    31.8781       1354     5.6375  0.000e+00
     26.166    10.4605   3.543671    31.8791       1355     5.6417  0.000e+00
     26.163    10.4604   3.543688    31.8793       1356     5.6458  0.000e+00
     26.163    10.4607   3.543798    31.8802       1357     5.6500  0.000e+00
     26.157    10.4615   3.543821    31.8797       1358     5.6542  0.000e+00
     26.153    10.4622   3.544098    31.8818       1359     5.6583  0.000e+00
     26.150    10.4634   3.544075    31.8806       1360     5.6625  0.000e+00
     26.144    10.4649   3.544445    31.8830       1361     5.6667  0.000e+00
     26.139    10.4670   3.544676    31.8835       1362     5.6708  0.000e+00
     26.132    10.4699   3.545196    31.8862       1363     5.6750  0.000e+00
     26.124    10.4739   3.545450    31.8851       1364     5.6792  0.000e+00
     26.115    10.4781   3.545583    31.8828       1365     5.6833  0.000e+00
     26.104    10.4815   3.545860    31.8826       1366     5.6875  0.000e+00
     26.086    10.4845   3.546097    31.8823       1367     5.6917  0.000e+00
     26.068    10.4879   3.546570    31.8841       1368     5.6958  0.000e+00
     26.047    10.4924   3.546888    31.8833       1369     5.7000  0.000e+00
     26.030    10.4970   3.547732    31.8877       1370     5.7042  0.000e+00
     26.003    10.5039   3.548934    31.8937       1371     5.7083  0.000e+00
     25.980    10.5143   3.549621    31.8915       1372     5.7125  0.000e+00
     25.951    10.5252   3.550199    31.8878       1373     5.7167  0.000e+00
     25.932    10.5351   3.550286    31.8800       1374     5.7208  0.000e+00
     25.911    10.5417   3.550823    31.8796       1375     5.7250  0.000e+00
     25.869    10.5481   3.551297    31.8787       1376     5.7292  0.000e+00
     25.842    10.5550   3.551881    31.8785       1377     5.7333  0.000e+00
     25.811    10.5621   3.551944    31.8729       1378     5.7375  0.000e+00
     25.773    10.5675   3.552118    31.8700       1379     5.7417  0.000e+00
     25.741    10.5712   3.552245    31.8680       1380     5.7458  0.000e+00
     25.701    10.5741   3.552395    31.8670       1381     5.7500  0.000e+00
     25.661    10.5766   3.552678    31.8677       1382     5.7542  0.000e+00
     25.630    10.5792   3.552805    31.8667       1383     5.7583  0.000e+00
     25.596    10.5817   3.552869    31.8651       1384     5.7625  0.000e+00
     25.567    10.5834   3.553019    31.8651       1385     5.7667  0.000e+00
     25.547    10.5853   3.553233    31.8656       1386     5.7708  0.000e+00
     25.530    10.5874   3.553493    31.8664       1387     5.7750  0.000e+00
     25.514    10.5899   3.553493    31.8642       1388     5.7792  0.000e+00
     25.509    10.5917   3.553430    31.8621       1389     5.7833  0.000e+00
     25.503    10.5927   3.553302    31.8599       1390     5.7875  0.000e+00
     25.505    10.5927   3.553169    31.8585       1391     5.7917  0.000e+00
     25.514    10.5921   3.553233    31.8597       1392     5.7958  0.000e+00
     25.527    10.5916   3.553216    31.8600       1393     5.8000  0.000e+00
     25.541    10.5913   3.553106    31.8591       1394     5.8042  0.000e+00
     25.552    10.5910   3.553152    31.8599       1395     5.8083  0.000e+00
     25.565    10.5908   3.553169    31.8602       1396     5.8125  0.000e+00
     25.583    10.5908   3.553193    31.8604       1397     5.8167  0.000e+00
     25.590    10.5909   3.553129    31.8597       1398     5.8208  0.000e+00
     25.595    10.5909   3.552979    31.8582       1399     5.8250  0.000e+00
     25.599    10.5901   3.552915    31.8583       1400     5.8292  0.000e+00
     25.601    10.5894   3.552805    31.8578       1401     5.8333  0.000e+00
     25.600    10.5881   3.552695    31.8579       1402     5.8375  0.000e+00
     25.600    10.5868   3.552482    31.8568       1403     5.8417  0.000e+00
     25.595    10.5850   3.552221    31.8558       1404     5.8458  0.000e+00
     25.588    10.5826   3.552007    31.8558       1405     5.8500  0.000e+00
     25.584    10.5799   3.552268    31.8607       1406     5.8542  0.000e+00
     25.573    10.5788   3.552071    31.8597       1407     5.8583  0.000e+00
     25.566    10.5779   3.551666    31.8565       1408     5.8625  0.000e+00
     25.555    10.5755   3.551557    31.8575       1409     5.8667  0.000e+00
     25.544    10.5728   3.551620    31.8605       1410     5.8708  0.000e+00
     25.531    10.5712   3.551667    31.8623       1411     5.8750  0.000e+00
     25.517    10.5704   3.551730    31.8637       1412     5.8792  0.000e+00
     25.497    10.5704   3.551817    31.8646       1413     5.8833  0.000e+00
     25.490    10.5712   3.552071    31.8664       1414     5.8875  0.000e+00
     25.475    10.5724   3.552094    31.8656       1415     5.8917  0.000e+00
     25.461    10.5740   3.551967    31.8629       1416     5.8958  0.000e+00
     25.450    10.5742   3.552031    31.8634       1417     5.9000  0.000e+00
     25.435    10.5743   3.552031    31.8633       1418     5.9042  0.000e+00
     25.412    10.5745   3.552054    31.8634       1419     5.9083  0.000e+00
     25.394    10.5746   3.552204    31.8648       1420     5.9125  0.000e+00
     25.368    10.5753   3.552441    31.8665       1421     5.9167  0.000e+00
     25.343    10.5769   3.552742    31.8681       1422     5.9208  0.000e+00
     25.314    10.5793   3.553019    31.8688       1423     5.9250  0.000e+00
     25.283    10.5826   3.553320    31.8690       1424     5.9292  0.000e+00
     25.249    10.5862   3.553603    31.8687       1425     5.9333  0.000e+00
     25.215    10.5898   3.553881    31.8683       1426     5.9375  0.000e+00
     25.177    10.5935   3.554355    31.8698       1427     5.9417  0.000e+00
     25.137    10.5980   3.554441    31.8667       1428     5.9458  0.000e+00
     25.097    10.6019   3.554702    31.8659       1429     5.9500  0.000e+00
     25.059    10.6052   3.554829    31.8644       1430     5.9542  0.000e+00
     25.023    10.6082   3.555152    31.8650       1431     5.9583  0.000e+00
     24.997    10.6114   3.555303    31.8637       1432     5.9625  0.000e+00
     24.969    10.6146   3.555737    31.8652       1433     5.9667  0.000e+00
     24.941    10.6182   3.555864    31.8633       1434     5.9708  0.000e+00
     24.921    10.6214   3.555927    31.8612       1435     5.9750  0.000e+00
     24.911    10.6241   3.556014    31.8598       1436     5.9792  0.000e+00
     24.903    10.6261   3.556078    31.8586       1437     5.9833  0.000e+00
     24.896    10.6277   3.556274    31.8592       1438     5.9875  0.000e+00
     24.896    10.6292   3.556448    31.8596       1439     5.9917  0.000e+00
     24.900    10.6311   3.556598    31.8594       1440     5.9958  0.000e+00
     24.896    10.6331   3.556615    31.8579       1441     6.0000  0.000e+00
     24.907    10.6347   3.556615    31.8564       1442     6.0042  0.000e+00
     24.908    10.6358   3.556748    31.8568       1443     6.0083  0.000e+00
     24.916    10.6367   3.556662    31.8551       1444     6.0125  0.000e+00
     24.910    10.6373   3.556378    31.8518       1445     6.0167  0.000e+00
