HB2406/sbe018.cnv
* Sea-Bird SBE 19plus V2 Data File:
* FileName = C:\cruise\data\sbe018.hex
* Software Version Seasave V 7.26.7.121
* Temperature SN = 7037
* Conductivity SN = 7037
* System UpLoad Time = Aug 14 2024 01:02:18
* NMEA Latitude = 40 32.30 N
* NMEA Longitude = 067 36.98 W
* NMEA UTC (Time) = Aug 14 2024  01:01:09
** Ship: Henry Bigelow
** Cruise:  HB2406
** Program:  ECOMON
# nquan = 7
# nvalues = 2588                                  
# units = specified
# name 0 = depSM: Depth [salt water, m]
# name 1 = tv290C: Temperature [ITS-90, deg C]
# name 2 = c0S/m: Conductivity [S/m]
# name 3 = sal00: Salinity, Practical [PSU]
# name 4 = scan: Scan Count
# name 5 = timeM: Time, Elapsed [minutes]
# name 6 = flag:  0.000e+00
# span 0 =     -0.017,    120.472                 
# span 1 =    12.2728,    23.2919                 
# span 2 =   0.000025,   4.929502                 
# span 3 =     0.0100,    35.6751                 
# span 4 =         11,       2598                 
# span 5 =     0.0417,    10.8208                 
# span 6 = 0.0000e+00, 0.0000e+00                 
# interval = seconds: 0.25
# start_time = Aug 14 2024 01:01:09 [NMEA time, header]
# bad_flag = -9.990e-29
*END*
[from data line 616]
     83.376    13.8485   4.230889    35.4511        627     2.6083  0.000e+00
     83.587    13.8372   4.229722    35.4505        628     2.6125  0.000e+00
     83.801    13.8265   4.227916    35.4434        629     2.6167  0.000e+00
     84.014    13.8154   4.226483    35.4401        630     2.6208  0.000e+00
     84.219    13.8032   4.223790    35.4261        631     2.6250  0.000e+00
     84.425    13.7876   4.221210    35.4162        632     2.6292  0.000e+00
     84.615    13.7703   4.217217    35.3947        633     2.6333  0.000e+00
     84.790    13.7478   4.213691    35.3823        634     2.6375  0.000e+00
     84.948    13.7224   4.212142    35.3911        635     2.6417  0.000e+00
     85.098    13.7010   4.210971    35.3998        636     2.6458  0.000e+00
     85.235    13.6841   4.208029    35.3877        637     2.6500  0.000e+00
     85.353    13.6656   4.204741    35.3738        638     2.6542  0.000e+00
     85.476    13.6430   4.201968    35.3686        639     2.6583  0.000e+00
     85.590    13.6203   4.199505    35.3663        640     2.6625  0.000e+00
     85.711    13.5983   4.198174    35.3741        641     2.6667  0.000e+00
     85.836    13.5794   4.196783    35.3785        642     2.6708  0.000e+00
     85.966    13.5637   4.196777    35.3929        643     2.6750  0.000e+00
     86.102    13.5530   4.195886    35.3944        644     2.6792  0.000e+00
     86.248    13.5449   4.194018    35.3841        645     2.6833  0.000e+00
     86.406    13.5349   4.191452    35.3691        646     2.6875  0.000e+00
     86.577    13.5211   4.188793    35.3567        647     2.6917  0.000e+00
     86.755    13.5044   4.187508    35.3600        648     2.6958  0.000e+00
     86.948    13.4892   4.187075    35.3700        649     2.7000  0.000e+00
     87.154    13.4773   4.185907    35.3699        650     2.7042  0.000e+00
     87.370    13.4671   4.184097    35.3621        651     2.7083  0.000e+00
     87.600    13.4556   4.182917    35.3616        652     2.7125  0.000e+00
     87.837    13.4434   4.178791    35.3338        653     2.7167  0.000e+00
     88.070    13.4249   4.175697    35.3215        654     2.7208  0.000e+00
     88.310    13.4025   4.162142    35.2139        655     2.7250  0.000e+00
     88.547    13.3561   4.157057    35.2086        656     2.7292  0.000e+00
     88.779    13.2960   4.145072    35.1506        657     2.7333  0.000e+00
     89.001    13.2233   4.138711    35.1573        658     2.7375  0.000e+00
     89.213    13.1503   4.133644    35.1767        659     2.7417  0.000e+00
     89.408    13.0843   4.131137    35.2140        660     2.7458  0.000e+00
     89.587    13.0328   4.131402    35.2643        661     2.7500  0.000e+00
     89.754    12.9988   4.129411    35.2770        662     2.7542  0.000e+00
     89.904    12.9732   4.127378    35.2813        663     2.7583  0.000e+00
     90.042    12.9488   4.123981    35.2716        664     2.7625  0.000e+00
     90.177    12.9215   4.119130    35.2506        665     2.7667  0.000e+00
     90.311    12.8864   4.116012    35.2534        666     2.7708  0.000e+00
     90.448    12.8499   4.114687    35.2747        667     2.7750  0.000e+00
     90.590    12.8217   4.115080    35.3048        668     2.7792  0.000e+00
     90.740    12.8049   4.113847    35.3086        669     2.7833  0.000e+00
     90.890    12.7908   4.112350    35.3073        670     2.7875  0.000e+00
     91.047    12.7755   4.111780    35.3161        671     2.7917  0.000e+00
     91.214    12.7633   4.109093    35.3017        672     2.7958  0.000e+00
     91.384    12.7489   4.108278    35.3073        673     2.8000  0.000e+00
     91.559    12.7349   4.107106    35.3091        674     2.8042  0.000e+00
     91.744    12.7219   4.106794    35.3182        675     2.8083  0.000e+00
     91.935    12.7120   4.106101    35.3207        676     2.8125  0.000e+00
     92.133    12.7039   4.104360    35.3114        677     2.8167  0.000e+00
     92.330    12.6940   4.103110    35.3087        678     2.8208  0.000e+00
     92.530    12.6822   4.101817    35.3072        679     2.8250  0.000e+00
     92.726    12.6703   4.100230    35.3029        680     2.8292  0.000e+00
     92.919    12.6576   4.099152    35.3044        681     2.8333  0.000e+00
     93.098    12.6455   4.097614    35.3009        682     2.8375  0.000e+00
     93.270    12.6336   4.095568    35.2922        683     2.8417  0.000e+00
     93.431    12.6207   4.094289    35.2920        684     2.8458  0.000e+00
     93.587    12.6067   4.091827    35.2813        685     2.8500  0.000e+00
     93.737    12.5905   4.090119    35.2799        686     2.8542  0.000e+00
     93.876    12.5743   4.088436    35.2789        687     2.8583  0.000e+00
     94.012    12.5590   4.086803    35.2774        688     2.8625  0.000e+00
     94.148    12.5440   4.082936    35.2541        689     2.8667  0.000e+00
     94.283    12.5246   4.081841    35.2617        690     2.8708  0.000e+00
     94.415    12.5062   4.081279    35.2735        691     2.8750  0.000e+00
     94.554    12.4926   4.080576    35.2794        692     2.8792  0.000e+00
     94.699    12.4828   4.078607    35.2695        693     2.8833  0.000e+00
     94.849    12.4713   4.077549    35.2700        694     2.8875  0.000e+00
     95.005    12.4602   4.076639    35.2715        695     2.8917  0.000e+00
     95.175    12.4504   4.075814    35.2727        696     2.8958  0.000e+00
     95.347    12.4417   4.074921    35.2722        697     2.9000  0.000e+00
     95.531    12.4334   4.074262    35.2735        698     2.9042  0.000e+00
     95.723    12.4258   4.073877    35.2769        699     2.9083  0.000e+00
     95.924    12.4200   4.074066    35.2841        700     2.9125  0.000e+00
     96.128    12.4164   4.073168    35.2787        701     2.9167  0.000e+00
     96.333    12.4122   4.072435    35.2755        702     2.9208  0.000e+00
     96.541    12.4070   4.071256    35.2688        703     2.9250  0.000e+00
     96.742    12.4003   4.070645    35.2691        704     2.9292  0.000e+00
     96.941    12.3934   4.069649    35.2659        705     2.9333  0.000e+00
     97.131    12.3858   4.068709    35.2639        706     2.9375  0.000e+00
     97.311    12.3779   4.067622    35.2607        707     2.9417  0.000e+00
     97.487    12.3699   4.067475    35.2667        708     2.9458  0.000e+00
     97.650    12.3636   4.067139    35.2693        709     2.9500  0.000e+00
     97.811    12.3587   4.066993    35.2724        710     2.9542  0.000e+00
     97.961    12.3551   4.066529    35.2712        711     2.9583  0.000e+00
     98.111    12.3515   4.066120    35.2706        712     2.9625  0.000e+00
     98.254    12.3477   4.066096    35.2739        713     2.9667  0.000e+00
     98.400    12.3450   4.066700    35.2822        714     2.9708  0.000e+00
     98.547    12.3450   4.066816    35.2832        715     2.9750  0.000e+00
     98.688    12.3461   4.066798    35.2820        716     2.9792  0.000e+00
     98.831    12.3467   4.066871    35.2821        717     2.9833  0.000e+00
     98.978    12.3473   4.066609    35.2789        718     2.9875  0.000e+00
     99.120    12.3469   4.066340    35.2766        719     2.9917  0.000e+00
     99.274    12.3457   4.066383    35.2781        720     2.9958  0.000e+00
     99.419    12.3446   4.066212    35.2774        721     3.0000  0.000e+00
     99.576    12.3437   4.066267    35.2787        722     3.0042  0.000e+00
     99.739    12.3429   4.066292    35.2796        723     3.0083  0.000e+00
     99.895    12.3425   4.066396    35.2810        724     3.0125  0.000e+00
    100.067    12.3426   4.066145    35.2784        725     3.0167  0.000e+00
    100.238    12.3421   4.066267    35.2800        726     3.0208  0.000e+00
    100.414    12.3418   4.066493    35.2823        727     3.0250  0.000e+00
    100.591    12.3422   4.066506    35.2820        728     3.0292  0.000e+00
    100.778    12.3428   4.066555    35.2819        729     3.0333  0.000e+00
    100.960    12.3433   4.066512    35.2808        730     3.0375  0.000e+00
    101.146    12.3434   4.066555    35.2811        731     3.0417  0.000e+00
    101.329    12.3435   4.066482    35.2802        732     3.0458  0.000e+00
    101.508    12.3433   4.066329    35.2788        733     3.0500  0.000e+00
    101.686    12.3426   4.066408    35.2802        734     3.0542  0.000e+00
    101.859    12.3421   4.066341    35.2799        735     3.0583  0.000e+00
    102.027    12.3418   4.066122    35.2780        736     3.0625  0.000e+00
    102.188    12.3407   4.065682    35.2747        737     3.0667  0.000e+00
    102.353    12.3389   4.065664    35.2762        738     3.0708  0.000e+00
    102.516    12.3374   4.065126    35.2723        739     3.0750  0.000e+00
    102.669    12.3350   4.064009    35.2637        740     3.0792  0.000e+00
    102.829    12.3302   4.064400    35.2719        741     3.0833  0.000e+00
    102.986    12.3266   4.064620    35.2773        742     3.0875  0.000e+00
    103.147    12.3255   4.063545    35.2679        743     3.0917  0.000e+00
    103.313    12.3221   4.063485    35.2704        744     3.0958  0.000e+00
    103.476    12.3189   4.063460    35.2732        745     3.1000  0.000e+00
    103.635    12.3175   4.063314    35.2729        746     3.1042  0.000e+00
    103.804    12.3156   4.062978    35.2714        747     3.1083  0.000e+00
    103.965    12.3138   4.062661    35.2700        748     3.1125  0.000e+00
    104.127    12.3115   4.062716    35.2726        749     3.1167  0.000e+00
    104.288    12.3098   4.062563    35.2726        750     3.1208  0.000e+00
    104.449    12.3085   4.062637    35.2745        751     3.1250  0.000e+00
    104.609    12.3076   4.062563    35.2746        752     3.1292  0.000e+00
    104.759    12.3069   4.062411    35.2737        753     3.1333  0.000e+00
    104.905    12.3059   4.062515    35.2756        754     3.1375  0.000e+00
    105.054    12.3055   4.062515    35.2759        755     3.1417  0.000e+00
    105.188    12.3055   4.062460    35.2753        756     3.1458  0.000e+00
    105.323    12.3051   4.062130    35.2724        757     3.1500  0.000e+00
    105.461    12.3042   4.061813    35.2701        758     3.1542  0.000e+00
    105.593    12.3025   4.061715    35.2707        759     3.1583  0.000e+00
    105.727    12.3005   4.061673    35.2721        760     3.1625  0.000e+00
    105.873    12.2992   4.061746    35.2740        761     3.1667  0.000e+00
    106.025    12.2988   4.061972    35.2765        762     3.1708  0.000e+00
    106.181    12.2990   4.061771    35.2743        763     3.1750  0.000e+00
    106.345    12.2990   4.061838    35.2749        764     3.1792  0.000e+00
    106.515    12.2991   4.061948    35.2758        765     3.1833  0.000e+00
    106.693    12.3000   4.061746    35.2729        766     3.1875  0.000e+00
    106.879    12.2997   4.061478    35.2705        767     3.1917  0.000e+00
    107.067    12.2985   4.061307    35.2699        768     3.1958  0.000e+00
    107.255    12.2971   4.061185    35.2699        769     3.2000  0.000e+00
    107.443    12.2959   4.060971    35.2689        770     3.2042  0.000e+00
    107.635    12.2942   4.060898    35.2697        771     3.2083  0.000e+00
    107.814    12.2928   4.060789    35.2699        772     3.2125  0.000e+00
    107.993    12.2915   4.060728    35.2705        773     3.2167  0.000e+00
    108.171    12.2906   4.060587    35.2698        774     3.2208  0.000e+00
    108.341    12.2894   4.060581    35.2708        775     3.2250  0.000e+00
    108.509    12.2886   4.060514    35.2709        776     3.2292  0.000e+00
    108.674    12.2879   4.060563    35.2720        777     3.2333  0.000e+00
    108.831    12.2874   4.060679    35.2735        778     3.2375  0.000e+00
    108.992    12.2875   4.060875    35.2752        779     3.2417  0.000e+00
    109.147    12.2882   4.060972    35.2754        780     3.2458  0.000e+00
    109.305    12.2889   4.061070    35.2756        781     3.2500  0.000e+00
    109.459    12.2901   4.061235    35.2761        782     3.2542  0.000e+00
    109.612    12.2911   4.061168    35.2744        783     3.2583  0.000e+00
    109.763    12.2915   4.061406    35.2763        784     3.2625  0.000e+00
    109.909    12.2923   4.061351    35.2749        785     3.2667  0.000e+00
    110.066    12.2930   4.061284    35.2735        786     3.2708  0.000e+00
    110.220    12.2933   4.061552    35.2758        787     3.2750  0.000e+00
    110.374    12.2942   4.061418    35.2735        788     3.2792  0.000e+00
    110.524    12.2945   4.061260    35.2716        789     3.2833  0.000e+00
    110.682    12.2942   4.061119    35.2705        790     3.2875  0.000e+00
    110.839    12.2933   4.061138    35.2714        791     3.2917  0.000e+00
    110.996    12.2928   4.060948    35.2701        792     3.2958  0.000e+00
    111.156    12.2920   4.060900    35.2702        793     3.3000  0.000e+00
    111.320    12.2911   4.060729    35.2694        794     3.3042  0.000e+00
    111.481    12.2899   4.060839    35.2715        795     3.3083  0.000e+00
    111.649    12.2894   4.060851    35.2720        796     3.3125  0.000e+00
    111.821    12.2893   4.060802    35.2716        797     3.3167  0.000e+00
    111.999    12.2888   4.060815    35.2721        798     3.3208  0.000e+00
    112.172    12.2885   4.060949    35.2736        799     3.3250  0.000e+00
    112.351    12.2889   4.060900    35.2727        800     3.3292  0.000e+00
    112.531    12.2890   4.060888    35.2723        801     3.3333  0.000e+00
    112.708    12.2891   4.060852    35.2718        802     3.3375  0.000e+00
    112.880    12.2890   4.060827    35.2716        803     3.3417  0.000e+00
    113.048    12.2887   4.060901    35.2725        804     3.3458  0.000e+00
    113.209    12.2889   4.060699    35.2703        805     3.3500  0.000e+00
    113.368    12.2884   4.060754    35.2713        806     3.3542  0.000e+00
    113.520    12.2880   4.060657    35.2706        807     3.3583  0.000e+00
    113.663    12.2876   4.060449    35.2689        808     3.3625  0.000e+00
    113.800    12.2864   4.060345    35.2690        809     3.3667  0.000e+00
    113.934    12.2855   4.060345    35.2697        810     3.3708  0.000e+00
    114.065    12.2845   4.060376    35.2709        811     3.3750  0.000e+00
    114.195    12.2841   4.060517    35.2726        812     3.3792  0.000e+00
    114.327    12.2841   4.060394    35.2714        813     3.3833  0.000e+00
    114.466    12.2841   4.060334    35.2708        814     3.3875  0.000e+00
    114.611    12.2838   4.060321    35.2708        815     3.3917  0.000e+00
    114.765    12.2835   4.060541    35.2732        816     3.3958  0.000e+00
    114.924    12.2840   4.060517    35.2724        817     3.4000  0.000e+00
    115.092    12.2843   4.060541    35.2723        818     3.4042  0.000e+00
    115.267    12.2845   4.060517    35.2717        819     3.4083  0.000e+00
    115.450    12.2848   4.060828    35.2745        820     3.4125  0.000e+00
    115.631    12.2856   4.060956    35.2748        821     3.4167  0.000e+00
    115.819    12.2868   4.060902    35.2731        822     3.4208  0.000e+00
    116.016    12.2875   4.060877    35.2721        823     3.4250  0.000e+00
    116.208    12.2877   4.060816    35.2713        824     3.4292  0.000e+00
    116.407    12.2876   4.060731    35.2704        825     3.4333  0.000e+00
    116.602    12.2872   4.060566    35.2692        826     3.4375  0.000e+00
    116.805    12.2863   4.060633    35.2705        827     3.4417  0.000e+00
    117.004    12.2859   4.060609    35.2706        828     3.4458  0.000e+00
    117.200    12.2855   4.060609    35.2709        829     3.4500  0.000e+00
    117.397    12.2850   4.060396    35.2692        830     3.4542  0.000e+00
