HB2406/sbe001.cnv
* Sea-Bird SBE 19plus V2 Data File:
* FileName = C:\cruise\data\sbe001.hex
* Software Version Seasave V 7.26.7.121
* Temperature SN = 7037
* Conductivity SN = 7037
* System UpLoad Time = Aug 12 2024 17:49:13
* NMEA Latitude = 41 08.17 N
* NMEA Longitude = 070 59.44 W
* NMEA UTC (Time) = Aug 12 2024  17:48:03
** Ship: Henry Bigelow
** Cruise:  HB2406
** Program:  ECOMON
# nquan = 7
# nvalues = 443                                   
# units = specified
# name 0 = depSM: Depth [salt water, m]
# name 1 = tv290C: Temperature [ITS-90, deg C]
# name 2 = c0S/m: Conductivity [S/m]
# name 3 = sal00: Salinity, Practical [PSU]
# name 4 = scan: Scan Count
# name 5 = timeM: Time, Elapsed [minutes]
# name 6 = flag:  0.000e+00
# span 0 =     -0.061,      8.217                 
# span 1 =    20.5139,    23.4802                 
# span 2 =  -0.000111,   4.462619                 
# span 3 =     0.0000,    31.2922                 
# span 4 =         11,        453                 
# span 5 =     0.0417,     1.8833                 
# span 6 = 0.0000e+00, 0.0000e+00                 
# interval = seconds: 0.25
# start_time = Aug 12 2024 17:48:03 [NMEA time, header]
# bad_flag = -9.990e-29
*END*
[from data line 206]
      8.132    20.5559   4.383070    31.2587        217     0.9000  0.000e+00
      8.143    20.5512   4.382711    31.2593        218     0.9042  0.000e+00
      8.154    20.5457   4.381948    31.2573        219     0.9083  0.000e+00
      8.149    20.5396   4.381287    31.2565        220     0.9125  0.000e+00
      8.143    20.5326   4.380122    31.2524        221     0.9167  0.000e+00
      8.122    20.5261   4.379077    31.2488        222     0.9208  0.000e+00
      8.087    20.5215   4.378164    31.2449        223     0.9250  0.000e+00
      8.049    20.5189   4.377578    31.2422        224     0.9292  0.000e+00
      8.000    20.5179   4.376999    31.2384        225     0.9333  0.000e+00
      7.953    20.5173   4.376438    31.2343        226     0.9375  0.000e+00
      7.888    20.5165   4.375903    31.2307        227     0.9417  0.000e+00
      7.810    20.5148   4.375828    31.2314        228     0.9458  0.000e+00
      7.706    20.5139   4.376130    31.2345        229     0.9500  0.000e+00
      7.556    20.5154   4.376155    31.2336        230     0.9542  0.000e+00
      7.387    20.5183   4.376287    31.2326        231     0.9583  0.000e+00
      7.226    20.5214   4.377225    31.2379        232     0.9625  0.000e+00
      7.064    20.5278   4.379486    31.2512        233     0.9667  0.000e+00
      6.926    20.5412   4.382458    31.2650        234     0.9708  0.000e+00
      6.785    20.5634   4.386963    31.2847        235     0.9750  0.000e+00
      6.668    20.5956   4.390644    31.2903        236     0.9792  0.000e+00
      6.552    20.6328   4.393506    31.2857        237     0.9833  0.000e+00
      6.451    20.6685   4.395138    31.2725        238     0.9875  0.000e+00
      6.350    20.6986   4.396343    31.2600        239     0.9917  0.000e+00
      6.261    20.7228   4.397383    31.2505        240     0.9958  0.000e+00
      6.190    20.7427   4.398127    31.2419        241     1.0000  0.000e+00
      6.113    20.7592   4.399048    31.2370        242     1.0042  0.000e+00
      6.042    20.7734   4.400026    31.2344        243     1.0083  0.000e+00
      5.972    20.7859   4.400884    31.2321        244     1.0125  0.000e+00
      5.901    20.7976   4.401628    31.2294        245     1.0167  0.000e+00
      5.827    20.8079   4.402291    31.2272        246     1.0208  0.000e+00
      5.747    20.8171   4.402953    31.2257        247     1.0250  0.000e+00
      5.670    20.8253   4.403262    31.2222        248     1.0292  0.000e+00
      5.565    20.8324   4.404083    31.2235        249     1.0333  0.000e+00
      5.467    20.8393   4.404790    31.2241        250     1.0375  0.000e+00
      5.342    20.8471   4.406128    31.2290        251     1.0417  0.000e+00
      5.234    20.8572   4.407252    31.2306        252     1.0458  0.000e+00
      5.118    20.8678   4.408199    31.2303        253     1.0500  0.000e+00
      4.992    20.8786   4.409228    31.2306        254     1.0542  0.000e+00
      4.856    20.8898   4.410124    31.2296        255     1.0583  0.000e+00
      4.726    20.9005   4.411204    31.2303        256     1.0625  0.000e+00
      4.585    20.9114   4.412404    31.2318        257     1.0667  0.000e+00
      4.444    20.9234   4.414375    31.2387        258     1.0708  0.000e+00
      4.295    20.9382   4.416688    31.2462        259     1.0750  0.000e+00
      4.138    20.9562   4.419741    31.2572        260     1.0792  0.000e+00
      3.990    20.9813   4.425988    31.2882        261     1.0833  0.000e+00
      3.833    21.0192   4.429999    31.2922        262     1.0875  0.000e+00
      3.692    21.0610   4.431840    31.2762        263     1.0917  0.000e+00
      3.560    21.0971   4.435270    31.2769        264     1.0958  0.000e+00
      3.437    21.1323   4.437954    31.2724        265     1.1000  0.000e+00
      3.323    21.1659   4.438967    31.2559        266     1.1042  0.000e+00
      3.231    21.1918   4.439346    31.2400        267     1.1083  0.000e+00
      3.147    21.2093   4.438516    31.2208        268     1.1125  0.000e+00
      3.073    21.2173   4.438314    31.2134        269     1.1167  0.000e+00
      3.006    21.2213   4.439137    31.2169        270     1.1208  0.000e+00
      2.936    21.2254   4.438598    31.2097        271     1.1250  0.000e+00
      2.876    21.2294   4.436300    31.1888        272     1.1292  0.000e+00
      2.816    21.2340   4.440479    31.2183        273     1.1333  0.000e+00
      2.766    21.2373   4.440562    31.2166        274     1.1375  0.000e+00
      2.675    21.2396   4.442880    31.2331        275     1.1417  0.000e+00
      2.565    21.2423   4.441486    31.2203        276     1.1458  0.000e+00
      2.466    21.2446   4.444616    31.2432        277     1.1500  0.000e+00
      2.404    21.2474   4.444774    31.2424        278     1.1542  0.000e+00
      2.368    21.2503   4.444844    31.2409        279     1.1583  0.000e+00
      2.317    21.2522   4.444356    31.2356        280     1.1625  0.000e+00
      2.236    21.2519   4.444413    31.2363        281     1.1667  0.000e+00
      2.162    21.2515   4.444876    31.2403        282     1.1708  0.000e+00
      2.100    21.2523   4.444743    31.2387        283     1.1750  0.000e+00
      2.019    21.2531   4.444331    31.2349        284     1.1792  0.000e+00
      1.910    21.2526   4.444825    31.2392        285     1.1833  0.000e+00
      1.753    21.2530   4.444825    31.2389        286     1.1875  0.000e+00
      1.598    21.2537   4.442385    31.2194        287     1.1917  0.000e+00
      1.476    21.2540   4.444565    31.2363        288     1.1958  0.000e+00
      1.426    21.2536   4.444774    31.2382        289     1.2000  0.000e+00
      1.388    21.2534   4.444799    31.2386        290     1.2042  0.000e+00
      1.316    21.2539   4.444596    31.2367        291     1.2083  0.000e+00
      1.227    21.2533   4.444178    31.2338        292     1.2125  0.000e+00
      1.104    21.2519   4.443994    31.2334        293     1.2167  0.000e+00
      0.979    21.2516   4.444666    31.2390        294     1.2208  0.000e+00
      0.892    21.2517   4.444793    31.2399        295     1.2250  0.000e+00
      0.822    21.2527   4.445236    31.2427        296     1.2292  0.000e+00
      0.760    21.2546   4.445059    31.2399        297     1.2333  0.000e+00
      0.704    21.2560   4.444824    31.2371        298     1.2375  0.000e+00
      0.666    21.2559   4.444945    31.2381        299     1.2417  0.000e+00
      0.657    21.2558   4.444926    31.2381        300     1.2458  0.000e+00
      0.625    21.2559   4.444723    31.2364        301     1.2500  0.000e+00
      0.601    21.2555   4.444590    31.2357        302     1.2542  0.000e+00
      0.596    21.2540   4.444172    31.2335        303     1.2583  0.000e+00
      0.574    21.2522   4.444045    31.2338        304     1.2625  0.000e+00
      0.558    21.2504   4.442315    31.2215        305     1.2667  0.000e+00
      0.458    21.2488   4.444020    31.2361        306     1.2708  0.000e+00
      0.409    21.2478   4.443703    31.2343        307     1.2750  0.000e+00
      0.426    21.2465   4.443532    31.2340        308     1.2792  0.000e+00
      0.404    21.2448   4.443709    31.2366        309     1.2833  0.000e+00
      0.277    21.2437   4.443506    31.2358        310     1.2875  0.000e+00
      0.169    21.2433   4.442537    31.2285        311     1.2917  0.000e+00
      0.093    21.2432   4.443817    31.2387        312     1.2958  0.000e+00
      0.088    21.2433   4.443658    31.2374        313     1.3000  0.000e+00
      0.039    21.2434   4.443842    31.2387        314     1.3042  0.000e+00
     -0.019    21.2430   3.292908    22.3961        315     1.3083  0.000e+00
     -0.037    21.2399   0.883276     5.3553        316     1.3125  0.000e+00
     -0.039    21.2208   0.491074     2.8593        317     1.3167  0.000e+00
     -0.039    21.1769   0.358417     2.0482        318     1.3208  0.000e+00
     -0.041    21.1116   0.242871     1.3594        319     1.3250  0.000e+00
     -0.042    21.0319   0.215700     1.2018        320     1.3292  0.000e+00
     -0.041    20.9829   0.171051     0.9430        321     1.3333  0.000e+00
     -0.039    20.9670   0.089979     0.4826        322     1.3375  0.000e+00
     -0.042    20.9632   0.000592     0.0116        323     1.3417  0.000e+00
     -0.044    20.9665  -0.000111     0.0000        324     1.3458  0.000e+00
     -0.042    20.9728  -0.000111     0.0000        325     1.3500  0.000e+00
     -0.044    20.9791  -0.000100     0.0000        326     1.3542  0.000e+00
     -0.044    20.9872  -0.000089     0.0000        327     1.3583  0.000e+00
     -0.042    20.9956  -0.000095     0.0000        328     1.3625  0.000e+00
     -0.041    21.0037  -0.000095     0.0000        329     1.3667  0.000e+00
     -0.041    21.0116  -0.000073     0.0000        330     1.3708  0.000e+00
     -0.042    21.0187  -0.000079     0.0000        331     1.3750  0.000e+00
     -0.043    21.0253  -0.000084     0.0000        332     1.3792  0.000e+00
     -0.042    21.0327  -0.000084     0.0000        333     1.3833  0.000e+00
     -0.042    21.0399  -0.000084     0.0000        334     1.3875  0.000e+00
     -0.041    21.0446  -0.000081     0.0000        335     1.3917  0.000e+00
     -0.044    21.0490  -0.000084     0.0000        336     1.3958  0.000e+00
     -0.046    21.0564  -0.000079     0.0000        337     1.4000  0.000e+00
     -0.051    21.0640  -0.000079     0.0000        338     1.4042  0.000e+00
     -0.048    21.0709  -0.000073     0.0000        339     1.4083  0.000e+00
     -0.041    21.0678  -0.000079     0.0000        340     1.4125  0.000e+00
     -0.043    21.0531  -0.000087     0.0000        341     1.4167  0.000e+00
     -0.042    21.0416  -0.000079     0.0000        342     1.4208  0.000e+00
     -0.041    21.0410  -0.000079     0.0000        343     1.4250  0.000e+00
     -0.043    21.0415  -0.000071     0.0000        344     1.4292  0.000e+00
     -0.046    21.0374  -0.000060     0.0000        345     1.4333  0.000e+00
     -0.044    21.0403  -0.000060     0.0000        346     1.4375  0.000e+00
     -0.044    21.0456  -0.000049     0.0000        347     1.4417  0.000e+00
     -0.039    21.0465  -0.000039     0.0000        348     1.4458  0.000e+00
     -0.041    21.0487  -0.000007     0.0000        349     1.4500  0.000e+00
     -0.048    21.0510  -0.000012     0.0000        350     1.4542  0.000e+00
     -0.044    21.0547  -0.000023     0.0000        351     1.4583  0.000e+00
     -0.041    21.0605  -0.000028     0.0000        352     1.4625  0.000e+00
     -0.043    21.0582  -0.000028     0.0000        353     1.4667  0.000e+00
     -0.043    21.0506  -0.000023     0.0000        354     1.4708  0.000e+00
     -0.041    21.0441  -0.000025     0.0000        355     1.4750  0.000e+00
     -0.044    21.0467  -0.000023     0.0000        356     1.4792  0.000e+00
     -0.044    21.0461  -0.000023     0.0000        357     1.4833  0.000e+00
     -0.046    21.0374  -0.000028     0.0000        358     1.4875  0.000e+00
     -0.043    21.0345  -0.000023     0.0000        359     1.4917  0.000e+00
     -0.044    21.0386  -0.000023     0.0000        360     1.4958  0.000e+00
     -0.044    21.0440  -0.000025     0.0000        361     1.5000  0.000e+00
     -0.043    21.0465  -0.000023     0.0000        362     1.5042  0.000e+00
     -0.041    21.0482  -0.000023     0.0000        363     1.5083  0.000e+00
     -0.044    21.0517  -0.000023     0.0000        364     1.5125  0.000e+00
     -0.043    21.0546  -0.000023     0.0000        365     1.5167  0.000e+00
     -0.046    21.0581  -0.000023     0.0000        366     1.5208  0.000e+00
     -0.043    21.0626  -0.000017     0.0000        367     1.5250  0.000e+00
     -0.044    21.0636  -0.000020     0.0000        368     1.5292  0.000e+00
     -0.043    21.0625  -0.000017     0.0000        369     1.5333  0.000e+00
     -0.043    21.0649  -0.000023     0.0000        370     1.5375  0.000e+00
     -0.044    21.0683  -0.000023     0.0000        371     1.5417  0.000e+00
     -0.041    21.0724  -0.000023     0.0000        372     1.5458  0.000e+00
     -0.045    21.0772  -0.000017     0.0000        373     1.5500  0.000e+00
     -0.045    21.0845  -0.000020     0.0000        374     1.5542  0.000e+00
     -0.041    21.0919  -0.000028     0.0000        375     1.5583  0.000e+00
     -0.039    21.0931  -0.000023     0.0000        376     1.5625  0.000e+00
     -0.041    21.0869  -0.000023     0.0000        377     1.5667  0.000e+00
     -0.041    21.0852  -0.000023     0.0000        378     1.5708  0.000e+00
     -0.041    21.0878  -0.000023     0.0000        379     1.5750  0.000e+00
     -0.037    21.0937  -0.000017     0.0000        380     1.5792  0.000e+00
     -0.041    21.1057  -0.000025     0.0000        381     1.5833  0.000e+00
     -0.041    21.1213  -0.000023     0.0000        382     1.5875  0.000e+00
     -0.041    21.1372  -0.000017     0.0000        383     1.5917  0.000e+00
     -0.037    21.1505  -0.000023     0.0000        384     1.5958  0.000e+00
     -0.041    21.1627  -0.000017     0.0000        385     1.6000  0.000e+00
     -0.041    21.1706  -0.000023     0.0000        386     1.6042  0.000e+00
     -0.043    21.1801  -0.000023     0.0000        387     1.6083  0.000e+00
     -0.039    21.1853  -0.000020     0.0000        388     1.6125  0.000e+00
     -0.041    21.1901  -0.000028     0.0000        389     1.6167  0.000e+00
     -0.043    21.1957  -0.000017     0.0000        390     1.6208  0.000e+00
     -0.039    21.2031  -0.000023     0.0000        391     1.6250  0.000e+00
     -0.041    21.2114  -0.000023     0.0000        392     1.6292  0.000e+00
     -0.043    21.2130  -0.000017     0.0000        393     1.6333  0.000e+00
     -0.041    21.2155  -0.000020     0.0000        394     1.6375  0.000e+00
     -0.045    21.2208  -0.000023     0.0000        395     1.6417  0.000e+00
     -0.041    21.2252  -0.000023     0.0000        396     1.6458  0.000e+00
     -0.037    21.2319  -0.000023     0.0000        397     1.6500  0.000e+00
     -0.043    21.2396  -0.000023     0.0000        398     1.6542  0.000e+00
     -0.043    21.2479  -0.000023     0.0000        399     1.6583  0.000e+00
     -0.041    21.2549  -0.000023     0.0000        400     1.6625  0.000e+00
     -0.043    21.2594  -0.000020     0.0000        401     1.6667  0.000e+00
     -0.045    21.2646  -0.000023     0.0000        402     1.6708  0.000e+00
     -0.045    21.2704  -0.000023     0.0000        403     1.6750  0.000e+00
     -0.041    21.2765  -0.000023     0.0000        404     1.6792  0.000e+00
     -0.045    21.2788  -0.000023     0.0000        405     1.6833  0.000e+00
     -0.043    21.2763  -0.000017     0.0000        406     1.6875  0.000e+00
     -0.039    21.2764  -0.000020     0.0000        407     1.6917  0.000e+00
     -0.041    21.2789  -0.000017     0.0000        408     1.6958  0.000e+00
     -0.039    21.2815  -0.000023     0.0000        409     1.7000  0.000e+00
     -0.043    21.2802  -0.000023     0.0000        410     1.7042  0.000e+00
     -0.043    21.2744  -0.000023     0.0000        411     1.7083  0.000e+00
     -0.039    21.2723  -0.000017     0.0000        412     1.7125  0.000e+00
     -0.039    21.2718  -0.000023     0.0000        413     1.7167  0.000e+00
     -0.043    21.2726  -0.000025     0.0000        414     1.7208  0.000e+00
     -0.043    21.2745  -0.000023     0.0000        415     1.7250  0.000e+00
     -0.043    21.2768  -0.000017     0.0000        416     1.7292  0.000e+00
     -0.043    21.2801  -0.000023     0.0000        417     1.7333  0.000e+00
     -0.041    21.2832  -0.000017     0.0000        418     1.7375  0.000e+00
     -0.047    21.2860  -0.000017     0.0000        419     1.7417  0.000e+00
     -0.041    21.2896  -0.000025     0.0000        420     1.7458  0.000e+00
