HB2406/sbe071.cnv
* Sea-Bird SBE 19plus V2 Data File:
* FileName = C:\cruise\data\sbe071.hex
* Software Version Seasave V 7.26.7.121
* Temperature SN = 7037
* Conductivity SN = 7037
* System UpLoad Time = Aug 18 2024 04:21:49
* NMEA Latitude = 41 51.61 N
* NMEA Longitude = 067 01.54 W
* NMEA UTC (Time) = Aug 18 2024  04:20:42
** Ship: Henry Bigelow
** Cruise:  HB2406
** Program:  ECOMON
# nquan = 7
# nvalues = 1455                                  
# units = specified
# name 0 = depSM: Depth [salt water, m]
# name 1 = tv290C: Temperature [ITS-90, deg C]
# name 2 = c0S/m: Conductivity [S/m]
# name 3 = sal00: Salinity, Practical [PSU]
# name 4 = scan: Scan Count
# name 5 = timeM: Time, Elapsed [minutes]
# name 6 = flag:  0.000e+00
# span 0 =     -0.013,     56.421                 
# span 1 =    15.2165,    17.6948                 
# span 2 =  -0.000023,   4.057153                 
# span 3 =     0.0000,    31.7758                 
# span 4 =         11,       1465                 
# span 5 =     0.0417,     6.1000                 
# span 6 = 0.0000e+00, 0.0000e+00                 
# interval = seconds: 0.25
# start_time = Aug 18 2024 04:20:42 [NMEA time, header]
# bad_flag = -9.990e-29
*END*
[from data line 206]
      5.709    16.3037   4.048350    31.7220        217     0.9000  0.000e+00
      5.808    16.3030   4.048137    31.7207        218     0.9042  0.000e+00
      5.922    16.3033   4.048119    31.7202        219     0.9083  0.000e+00
      6.038    16.3024   4.048143    31.7212        220     0.9125  0.000e+00
      6.168    16.3023   4.048045    31.7203        221     0.9167  0.000e+00
      6.298    16.3020   4.047997    31.7200        222     0.9208  0.000e+00
      6.427    16.3008   4.047924    31.7203        223     0.9250  0.000e+00
      6.557    16.3000   4.047845    31.7202        224     0.9292  0.000e+00
      6.691    16.3001   4.047729    31.7191        225     0.9333  0.000e+00
      6.819    16.3014   4.047589    31.7168        226     0.9375  0.000e+00
      6.947    16.3007   4.047467    31.7163        227     0.9417  0.000e+00
      7.068    16.2991   4.047174    31.7150        228     0.9458  0.000e+00
      7.193    16.2975   4.047034    31.7149        229     0.9500  0.000e+00
      7.321    16.2963   4.046888    31.7145        230     0.9542  0.000e+00
      7.461    16.2952   4.046669    31.7135        231     0.9583  0.000e+00
      7.594    16.2939   4.046407    31.7122        232     0.9625  0.000e+00
      7.734    16.2921   4.046193    31.7117        233     0.9667  0.000e+00
      7.875    16.2907   4.045998    31.7111        234     0.9708  0.000e+00
      8.017    16.2897   4.045767    31.7098        235     0.9750  0.000e+00
      8.168    16.2884   4.045590    31.7092        236     0.9792  0.000e+00
      8.314    16.2861   4.045347    31.7088        237     0.9833  0.000e+00
      8.460    16.2837   4.044938    31.7071        238     0.9875  0.000e+00
      8.603    16.2798   4.044804    31.7090        239     0.9917  0.000e+00
      8.746    16.2756   4.044506    31.7097        240     0.9958  0.000e+00
      8.878    16.2734   4.044098    31.7078        241     1.0000  0.000e+00
      9.010    16.2715   4.043519    31.7042        242     1.0042  0.000e+00
      9.137    16.2698   4.043233    31.7030        243     1.0083  0.000e+00
      9.265    16.2661   4.043062    31.7044        244     1.0125  0.000e+00
      9.388    16.2617   4.042538    31.7033        245     1.0167  0.000e+00
      9.518    16.2576   4.042313    31.7045        246     1.0208  0.000e+00
      9.648    16.2539   4.042057    31.7052        247     1.0250  0.000e+00
      9.782    16.2503   4.041789    31.7057        248     1.0292  0.000e+00
      9.927    16.2473   4.041528    31.7057        249     1.0333  0.000e+00
     10.068    16.2446   4.041162    31.7047        250     1.0375  0.000e+00
     10.223    16.2422   4.041022    31.7052        251     1.0417  0.000e+00
     10.382    16.2389   4.040876    31.7065        252     1.0458  0.000e+00
     10.540    16.2359   4.040687    31.7072        253     1.0500  0.000e+00
     10.704    16.2336   4.040493    31.7073        254     1.0542  0.000e+00
     10.865    16.2316   4.040328    31.7074        255     1.0583  0.000e+00
     11.030    16.2302   4.040231    31.7076        256     1.0625  0.000e+00
     11.181    16.2284   4.039896    31.7061        257     1.0667  0.000e+00
     11.333    16.2271   4.039506    31.7036        258     1.0708  0.000e+00
     11.480    16.2244   4.039171    31.7028        259     1.0750  0.000e+00
     11.628    16.2214   4.039031    31.7039        260     1.0792  0.000e+00
     11.773    16.2181   4.039007    31.7063        261     1.0833  0.000e+00
     11.915    16.2162   4.038794    31.7059        262     1.0875  0.000e+00
     12.069    16.2158   4.038526    31.7038        263     1.0917  0.000e+00
     12.219    16.2143   4.038240    31.7024        264     1.0958  0.000e+00
     12.375    16.2115   4.037997    31.7024        265     1.1000  0.000e+00
     12.530    16.2087   4.037851    31.7033        266     1.1042  0.000e+00
     12.689    16.2053   4.037540    31.7033        267     1.1083  0.000e+00
     12.852    16.2022   4.037278    31.7034        268     1.1125  0.000e+00
     13.020    16.1986   4.036992    31.7037        269     1.1167  0.000e+00
     13.190    16.1953   4.036791    31.7045        270     1.1208  0.000e+00
     13.367    16.1916   4.036560    31.7054        271     1.1250  0.000e+00
     13.546    16.1875   4.036463    31.7078        272     1.1292  0.000e+00
     13.727    16.1847   4.036341    31.7088        273     1.1333  0.000e+00
     13.904    16.1825   4.036122    31.7086        274     1.1375  0.000e+00
     14.087    16.1799   4.036104    31.7105        275     1.1417  0.000e+00
     14.266    16.1772   4.035909    31.7109        276     1.1458  0.000e+00
     14.439    16.1759   4.035575    31.7088        277     1.1500  0.000e+00
     14.615    16.1748   4.035368    31.7078        278     1.1542  0.000e+00
     14.783    16.1726   4.035167    31.7078        279     1.1583  0.000e+00
     14.942    16.1709   4.034856    31.7064        280     1.1625  0.000e+00
     15.099    16.1690   4.034589    31.7055        281     1.1667  0.000e+00
     15.248    16.1667   4.034309    31.7048        282     1.1708  0.000e+00
     15.381    16.1644   4.034181    31.7055        283     1.1750  0.000e+00
     15.521    16.1622   4.033871    31.7045        284     1.1792  0.000e+00
     15.654    16.1607   4.033347    31.7011        285     1.1833  0.000e+00
     15.779    16.1586   4.033031    31.6999        286     1.1875  0.000e+00
     15.908    16.1556   4.032818    31.7004        287     1.1917  0.000e+00
     16.038    16.1530   4.032483    31.6994        288     1.1958  0.000e+00
     16.162    16.1505   4.032197    31.6989        289     1.2000  0.000e+00
     16.289    16.1471   4.031954    31.6994        290     1.2042  0.000e+00
     16.419    16.1435   4.031577    31.6990        291     1.2083  0.000e+00
     16.549    16.1393   4.031334    31.7001        292     1.2125  0.000e+00
     16.681    16.1355   4.030877    31.6991        293     1.2167  0.000e+00
     16.821    16.1315   4.030616    31.6999        294     1.2208  0.000e+00
     16.960    16.1270   4.030129    31.6992        295     1.2250  0.000e+00
     17.094    16.1223   4.029630    31.6985        296     1.2292  0.000e+00
     17.236    16.1172   4.029442    31.7009        297     1.2333  0.000e+00
     17.381    16.1129   4.029059    31.7009        298     1.2375  0.000e+00
     17.527    16.1096   4.028554    31.6990        299     1.2417  0.000e+00
     17.678    16.1061   4.028158    31.6983        300     1.2458  0.000e+00
     17.831    16.1008   4.027812    31.6994        301     1.2500  0.000e+00
     17.976    16.0954   4.027477    31.7007        302     1.2542  0.000e+00
     18.137    16.0903   4.027094    31.7014        303     1.2583  0.000e+00
     18.294    16.0852   4.026784    31.7027        304     1.2625  0.000e+00
     18.457    16.0809   4.026450    31.7031        305     1.2667  0.000e+00
     18.614    16.0774   4.026261    31.7042        306     1.2708  0.000e+00
     18.775    16.0741   4.026018    31.7047        307     1.2750  0.000e+00
     18.934    16.0711   4.025708    31.7043        308     1.2792  0.000e+00
     19.106    16.0687   4.025222    31.7019        309     1.2833  0.000e+00
     19.274    16.0658   4.025064    31.7028        310     1.2875  0.000e+00
     19.448    16.0623   4.024967    31.7046        311     1.2917  0.000e+00
     19.621    16.0586   4.024778    31.7058        312     1.2958  0.000e+00
     19.798    16.0551   4.024377    31.7050        313     1.3000  0.000e+00
     19.977    16.0509   4.024134    31.7062        314     1.3042  0.000e+00
     20.160    16.0467   4.023891    31.7074        315     1.3083  0.000e+00
     20.341    16.0433   4.023532    31.7068        316     1.3125  0.000e+00
     20.523    16.0411   4.023271    31.7063        317     1.3167  0.000e+00
     20.702    16.0376   4.023070    31.7072        318     1.3208  0.000e+00
     20.881    16.0339   4.022815    31.7079        319     1.3250  0.000e+00
     21.057    16.0305   4.022481    31.7076        320     1.3292  0.000e+00
     21.230    16.0273   4.022292    31.7084        321     1.3333  0.000e+00
     21.400    16.0238   4.021934    31.7080        322     1.3375  0.000e+00
     21.570    16.0206   4.021563    31.7072        323     1.3417  0.000e+00
     21.738    16.0166   4.021387    31.7088        324     1.3458  0.000e+00
     21.898    16.0123   4.021119    31.7099        325     1.3500  0.000e+00
     22.064    16.0091   4.020743    31.7090        326     1.3542  0.000e+00
     22.227    16.0063   4.020463    31.7088        327     1.3583  0.000e+00
     22.389    16.0030   4.020026    31.7075        328     1.3625  0.000e+00
     22.550    15.9995   4.019831    31.7085        329     1.3667  0.000e+00
     22.708    15.9958   4.020476    31.7171        330     1.3708  0.000e+00
     22.863    15.9934   4.014581    31.6671        331     1.3750  0.000e+00
     23.024    15.9733   3.997344    31.5315        332     1.3792  0.000e+00
     23.176    15.9017   3.996181    31.5782        333     1.3833  0.000e+00
     23.331    15.8407   3.995855    31.6240        334     1.3875  0.000e+00
     23.485    15.8006   3.995643    31.6541        335     1.3917  0.000e+00
     23.637    15.7752   3.995498    31.6731        336     1.3958  0.000e+00
     23.785    15.7593   3.995334    31.6843        337     1.4000  0.000e+00
     23.932    15.7491   3.995171    31.6910        338     1.4042  0.000e+00
     24.087    15.7421   3.994862    31.6938        339     1.4083  0.000e+00
     24.242    15.7370   3.994595    31.6954        340     1.4125  0.000e+00
     24.398    15.7325   3.994219    31.6957        341     1.4167  0.000e+00
     24.561    15.7284   3.993844    31.6956        342     1.4208  0.000e+00
     24.720    15.7239   3.993632    31.6972        343     1.4250  0.000e+00
     24.879    15.7202   3.993438    31.6985        344     1.4292  0.000e+00
     25.045    15.7170   3.993420    31.7008        345     1.4333  0.000e+00
     25.208    15.7147   3.993250    31.7011        346     1.4375  0.000e+00
     25.371    15.7126   3.993099    31.7014        347     1.4417  0.000e+00
     25.535    15.7106   3.992941    31.7015        348     1.4458  0.000e+00
     25.700    15.7088   3.992875    31.7023        349     1.4500  0.000e+00
     25.859    15.7073   3.992638    31.7014        350     1.4542  0.000e+00
     26.014    15.7054   3.992469    31.7013        351     1.4583  0.000e+00
     26.174    15.7035   3.992354    31.7018        352     1.4625  0.000e+00
     26.331    15.7016   3.992232    31.7022        353     1.4667  0.000e+00
     26.486    15.7001   3.992051    31.7017        354     1.4708  0.000e+00
     26.642    15.6984   3.992020    31.7027        355     1.4750  0.000e+00
     26.799    15.6970   3.991924    31.7030        356     1.4792  0.000e+00
     26.958    15.6959   3.991833    31.7030        357     1.4833  0.000e+00
     27.119    15.6947   3.991736    31.7030        358     1.4875  0.000e+00
     27.280    15.6935   3.991663    31.7033        359     1.4917  0.000e+00
     27.445    15.6925   3.991548    31.7030        360     1.4958  0.000e+00
     27.609    15.6912   3.991403    31.7027        361     1.5000  0.000e+00
     27.777    15.6900   3.991306    31.7028        362     1.5042  0.000e+00
     27.949    15.6885   3.991124    31.7023        363     1.5083  0.000e+00
     28.117    15.6871   3.990930    31.7016        364     1.5125  0.000e+00
     28.293    15.6850   3.990694    31.7012        365     1.5167  0.000e+00
     28.474    15.6831   3.990391    31.7000        366     1.5208  0.000e+00
     28.654    15.6801   3.990197    31.7005        367     1.5250  0.000e+00
     28.835    15.6774   3.989798    31.6991        368     1.5292  0.000e+00
     29.018    15.6740   3.989719    31.7010        369     1.5333  0.000e+00
     29.200    15.6714   3.989440    31.7007        370     1.5375  0.000e+00
     29.388    15.6688   3.989325    31.7016        371     1.5417  0.000e+00
     29.575    15.6662   3.989041    31.7011        372     1.5458  0.000e+00
     29.761    15.6636   3.989041    31.7031        373     1.5500  0.000e+00
     29.951    15.6616   3.988708    31.7018        374     1.5542  0.000e+00
     30.135    15.6591   3.988520    31.7020        375     1.5583  0.000e+00
     30.323    15.6566   3.988259    31.7017        376     1.5625  0.000e+00
     30.504    15.6542   3.988132    31.7024        377     1.5667  0.000e+00
     30.688    15.6518   3.987860    31.7018        378     1.5708  0.000e+00
     30.869    15.6491   3.987690    31.7024        379     1.5750  0.000e+00
     31.052    15.6463   3.987412    31.7021        380     1.5792  0.000e+00
     31.231    15.6436   3.987242    31.7027        381     1.5833  0.000e+00
     31.404    15.6410   3.987079    31.7033        382     1.5875  0.000e+00
     31.580    15.6387   3.986843    31.7030        383     1.5917  0.000e+00
     31.755    15.6361   3.986703    31.7038        384     1.5958  0.000e+00
     31.927    15.6339   3.986510    31.7038        385     1.6000  0.000e+00
     32.092    15.6315   3.986431    31.7049        386     1.6042  0.000e+00
     32.260    15.6296   3.986249    31.7048        387     1.6083  0.000e+00
     32.419    15.6276   3.986062    31.7047        388     1.6125  0.000e+00
     32.576    15.6255   3.986037    31.7061        389     1.6167  0.000e+00
     32.733    15.6239   3.985826    31.7054        390     1.6208  0.000e+00
     32.887    15.6218   3.985589    31.7050        391     1.6250  0.000e+00
     33.043    15.6197   3.985499    31.7058        392     1.6292  0.000e+00
     33.200    15.6176   3.985329    31.7059        393     1.6333  0.000e+00
     33.346    15.6157   3.984827    31.7029        394     1.6375  0.000e+00
     33.502    15.6126   3.984009    31.6982        395     1.6417  0.000e+00
     33.659    15.6070   3.983349    31.6967        396     1.6458  0.000e+00
     33.811    15.6002   3.982756    31.6969        397     1.6500  0.000e+00
     33.972    15.5931   3.982072    31.6964        398     1.6542  0.000e+00
     34.129    15.5860   3.981551    31.6975        399     1.6583  0.000e+00
     34.294    15.5786   3.981152    31.6998        400     1.6625  0.000e+00
     34.464    15.5723   3.980843    31.7021        401     1.6667  0.000e+00
     34.630    15.5668   3.980583    31.7041        402     1.6708  0.000e+00
     34.798    15.5622   3.980414    31.7063        403     1.6750  0.000e+00
     34.974    15.5584   3.980468    31.7098        404     1.6792  0.000e+00
     35.153    15.5561   3.980801    31.7145        405     1.6833  0.000e+00
     35.335    15.5559   3.980820    31.7147        406     1.6875  0.000e+00
     35.520    15.5563   3.980541    31.7119        407     1.6917  0.000e+00
     35.710    15.5557   3.980208    31.7093        408     1.6958  0.000e+00
     35.903    15.5537   3.979948    31.7085        409     1.7000  0.000e+00
     36.093    15.5512   3.979882    31.7099        410     1.7042  0.000e+00
     36.290    15.5491   3.980354    31.7157        411     1.7083  0.000e+00
     36.485    15.5493   3.980778    31.7192        412     1.7125  0.000e+00
     36.681    15.5515   3.980802    31.7176        413     1.7167  0.000e+00
     36.867    15.5534   3.980729    31.7154        414     1.7208  0.000e+00
     37.055    15.5544   3.980681    31.7141        415     1.7250  0.000e+00
     37.239    15.5545   3.980608    31.7133        416     1.7292  0.000e+00
     37.420    15.5545   3.980705    31.7141        417     1.7333  0.000e+00
     37.597    15.5547   3.981014    31.7166        418     1.7375  0.000e+00
     37.778    15.5559   3.981154    31.7168        419     1.7417  0.000e+00
     37.954    15.5573   3.980566    31.7104        420     1.7458  0.000e+00
