HB2406/sbe079.cnv
* Sea-Bird SBE 19plus V2 Data File:
* FileName = C:\cruise\data\sbe079.hex
* Software Version Seasave V 7.26.7.121
* Temperature SN = 7037
* Conductivity SN = 7037
* System UpLoad Time = Aug 18 2024 21:56:51
* NMEA Latitude = 41 47.00 N
* NMEA Longitude = 069 12.03 W
* NMEA UTC (Time) = Aug 18 2024  21:55:44
** Ship: Henry Bigelow
** Cruise:  HB2406
** Program:  ECOMON
# nquan = 7
# nvalues = 4541                                  
# units = specified
# name 0 = depSM: Depth [salt water, m]
# name 1 = tv290C: Temperature [ITS-90, deg C]
# name 2 = c0S/m: Conductivity [S/m]
# name 3 = sal00: Salinity, Practical [PSU]
# name 4 = scan: Scan Count
# name 5 = timeM: Time, Elapsed [minutes]
# name 6 = flag:  0.000e+00
# span 0 =     -0.060,    186.069                 
# span 1 =     5.7879,    21.1393                 
# span 2 =  -0.000033,   4.447957                 
# span 3 =     0.0000,    34.8026                 
# span 4 =         11,       4551                 
# span 5 =     0.0417,    18.9583                 
# span 6 = 0.0000e+00, 0.0000e+00                 
# interval = seconds: 0.25
# start_time = Aug 18 2024 21:55:44 [NMEA time, header]
# bad_flag = -9.990e-29
*END*
[from data line 1642]
    157.544     7.7724   3.507278    33.9228       1653     6.8833  0.000e+00
    157.463     7.7718   3.507129    33.9218       1654     6.8875  0.000e+00
    157.380     7.7713   3.507025    33.9212       1655     6.8917  0.000e+00
    157.295     7.7707   3.506875    33.9202       1656     6.8958  0.000e+00
    157.202     7.7701   3.506634    33.9182       1657     6.9000  0.000e+00
    157.101     7.7693   3.506473    33.9174       1658     6.9042  0.000e+00
    156.992     7.7684   3.506156    33.9149       1659     6.9083  0.000e+00
    156.889     7.7675   3.505857    33.9125       1660     6.9125  0.000e+00
    156.779     7.7662   3.505754    33.9128       1661     6.9167  0.000e+00
    156.663     7.7652   3.504966    33.9053       1662     6.9208  0.000e+00
    156.558     7.7635   3.503804    33.8946       1663     6.9250  0.000e+00
    156.455     7.7604   3.502764    33.8865       1664     6.9292  0.000e+00
    156.357     7.7564   3.501131    33.8728       1665     6.9333  0.000e+00
    156.261     7.7516   3.500269    33.8682       1666     6.9375  0.000e+00
    156.178     7.7463   3.499694    33.8672       1667     6.9417  0.000e+00
    156.095     7.7420   3.499211    33.8663       1668     6.9458  0.000e+00
    156.022     7.7383   3.498700    33.8643       1669     6.9500  0.000e+00
    155.957     7.7350   3.498510    33.8655       1670     6.9542  0.000e+00
    155.894     7.7326   3.498235    33.8650       1671     6.9583  0.000e+00
    155.839     7.7304   3.497896    33.8635       1672     6.9625  0.000e+00
    155.789     7.7288   3.497769    33.8637       1673     6.9667  0.000e+00
    155.740     7.7272   3.497689    33.8644       1674     6.9708  0.000e+00
    155.691     7.7257   3.497580    33.8647       1675     6.9750  0.000e+00
    155.637     7.7249   3.497476    33.8644       1676     6.9792  0.000e+00
    155.584     7.7242   3.497436    33.8646       1677     6.9833  0.000e+00
    155.528     7.7236   3.497327    33.8641       1678     6.9875  0.000e+00
    155.472     7.7231   3.497051    33.8617       1679     6.9917  0.000e+00
    155.414     7.7223   3.496884    33.8606       1680     6.9958  0.000e+00
    155.354     7.7214   3.496695    33.8595       1681     7.0000  0.000e+00
    155.296     7.7204   3.496545    33.8589       1682     7.0042  0.000e+00
    155.226     7.7195   3.496419    33.8585       1683     7.0083  0.000e+00
    155.153     7.7186   3.496270    33.8578       1684     7.0125  0.000e+00
    155.075     7.7179   3.495890    33.8544       1685     7.0167  0.000e+00
    154.992     7.7168   3.495368    33.8499       1686     7.0208  0.000e+00
    154.905     7.7149   3.494644    33.8440       1687     7.0250  0.000e+00
    154.811     7.7125   3.494202    33.8416       1688     7.0292  0.000e+00
    154.711     7.7099   3.493082    33.8321       1689     7.0333  0.000e+00
    154.605     7.7064   3.491543    33.8190       1690     7.0375  0.000e+00
    154.494     7.7008   3.490234    33.8104       1691     7.0417  0.000e+00
    154.373     7.6943   3.488804    33.8014       1692     7.0458  0.000e+00
    154.263     7.6877   3.485556    33.7729       1693     7.0500  0.000e+00
    154.154     7.6783   3.484294    33.7683       1694     7.0542  0.000e+00
    154.045     7.6689   3.483623    33.7703       1695     7.0583  0.000e+00
    153.949     7.6615   3.482946    33.7702       1696     7.0625  0.000e+00
    153.859     7.6559   3.482631    33.7723       1697     7.0667  0.000e+00
    153.779     7.6517   3.482430    33.7742       1698     7.0708  0.000e+00
    153.710     7.6486   3.482378    33.7767       1699     7.0750  0.000e+00
    153.645     7.6464   3.482212    33.7771       1700     7.0792  0.000e+00
    153.580     7.6449   3.481937    33.7756       1701     7.0833  0.000e+00
    153.520     7.6434   3.482000    33.7778       1702     7.0875  0.000e+00
    153.462     7.6424   3.481770    33.7763       1703     7.0917  0.000e+00
    153.403     7.6415   3.481724    33.7768       1704     7.0958  0.000e+00
    153.337     7.6405   3.481392    33.7741       1705     7.1000  0.000e+00
    153.270     7.6394   3.481202    33.7732       1706     7.1042  0.000e+00
    153.189     7.6380   3.481139    33.7740       1707     7.1083  0.000e+00
    153.115     7.6369   3.480382    33.7669       1708     7.1125  0.000e+00
    153.019     7.6349   3.480153    33.7664       1709     7.1167  0.000e+00
    152.918     7.6327   3.479602    33.7626       1710     7.1208  0.000e+00
    152.816     7.6303   3.479247    33.7612       1711     7.1250  0.000e+00
    152.699     7.6278   3.478324    33.7537       1712     7.1292  0.000e+00
    152.572     7.6243   3.478003    33.7537       1713     7.1333  0.000e+00
    152.438     7.6210   3.477441    33.7509       1714     7.1375  0.000e+00
    152.297     7.6173   3.476644    33.7459       1715     7.1417  0.000e+00
    152.152     7.6135   3.474799    33.7298       1716     7.1458  0.000e+00
    151.995     7.6077   3.473767    33.7244       1717     7.1500  0.000e+00
    151.839     7.6011   3.473607    33.7292       1718     7.1542  0.000e+00
    151.683     7.5960   3.473452    33.7324       1719     7.1583  0.000e+00
    151.531     7.5926   3.472931    33.7302       1720     7.1625  0.000e+00
    151.385     7.5896   3.472512    33.7287       1721     7.1667  0.000e+00
    151.236     7.5871   3.472237    33.7282       1722     7.1708  0.000e+00
    151.099     7.5848   3.471962    33.7276       1723     7.1750  0.000e+00
    150.967     7.5829   3.471361    33.7230       1724     7.1792  0.000e+00
    150.833     7.5808   3.470897    33.7200       1725     7.1833  0.000e+00
    150.717     7.5787   3.470015    33.7126       1726     7.1875  0.000e+00
    150.601     7.5761   3.469138    33.7057       1727     7.1917  0.000e+00
    150.505     7.5730   3.468955    33.7067       1728     7.1958  0.000e+00
    150.406     7.5708   3.468697    33.7062       1729     7.2000  0.000e+00
    150.328     7.5688   3.467483    33.6951       1730     7.2042  0.000e+00
    150.259     7.5658   3.466962    33.6924       1731     7.2083  0.000e+00
    150.203     7.5622   3.466785    33.6939       1732     7.2125  0.000e+00
    150.159     7.5593   3.466733    33.6962       1733     7.2167  0.000e+00
    150.132     7.5572   3.466750    33.6985       1734     7.2208  0.000e+00
    150.110     7.5560   3.466710    33.6992       1735     7.2250  0.000e+00
    150.103     7.5550   3.466378    33.6965       1736     7.2292  0.000e+00
    150.094     7.5540   3.466195    33.6956       1737     7.2333  0.000e+00
    150.094     7.5528   3.466144    33.6962       1738     7.2375  0.000e+00
    150.094     7.5519   3.466167    33.6973       1739     7.2417  0.000e+00
    150.098     7.5513   3.466126    33.6974       1740     7.2458  0.000e+00
    150.107     7.5508   3.466018    33.6968       1741     7.2500  0.000e+00
    150.116     7.5503   3.466001    33.6970       1742     7.2542  0.000e+00
    150.121     7.5499   3.465978    33.6972       1743     7.2583  0.000e+00
    150.115     7.5498   3.465955    33.6970       1744     7.2625  0.000e+00
    150.103     7.5495   3.465932    33.6971       1745     7.2667  0.000e+00
    150.076     7.5493   3.465812    33.6960       1746     7.2708  0.000e+00
    150.032     7.5490   3.465772    33.6959       1747     7.2750  0.000e+00
    149.980     7.5488   3.465663    33.6949       1748     7.2792  0.000e+00
    149.913     7.5485   3.465623    33.6948       1749     7.2833  0.000e+00
    149.824     7.5484   3.465537    33.6940       1750     7.2875  0.000e+00
    149.717     7.5480   3.465497    33.6941       1751     7.2917  0.000e+00
    149.587     7.5481   3.465434    33.6933       1752     7.2958  0.000e+00
    149.440     7.5484   3.464913    33.6874       1753     7.3000  0.000e+00
    149.279     7.5485   3.464134    33.6790       1754     7.3042  0.000e+00
    149.109     7.5476   3.463762    33.6760       1755     7.3083  0.000e+00
    148.915     7.5464   3.463178    33.6709       1756     7.3125  0.000e+00
    148.713     7.5445   3.462131    33.6615       1757     7.3167  0.000e+00
    148.503     7.5420   3.460346    33.6447       1758     7.3208  0.000e+00
    148.286     7.5383   3.459459    33.6388       1759     7.3250  0.000e+00
    148.061     7.5347   3.458812    33.6354       1760     7.3292  0.000e+00
    147.835     7.5319   3.458292    33.6326       1761     7.3333  0.000e+00
    147.627     7.5297   3.457439    33.6257       1762     7.3375  0.000e+00
    147.414     7.5270   3.456662    33.6200       1763     7.3417  0.000e+00
    147.222     7.5238   3.455312    33.6086       1764     7.3458  0.000e+00
    147.028     7.5197   3.454060    33.5991       1765     7.3500  0.000e+00
    146.860     7.5148   3.452836    33.5907       1766     7.3542  0.000e+00
    146.704     7.5096   3.452082    33.5877       1767     7.3583  0.000e+00
    146.577     7.5048   3.451727    33.5886       1768     7.3625  0.000e+00
    146.463     7.5010   3.451499    33.5898       1769     7.3667  0.000e+00
    146.375     7.4984   3.451419    33.5915       1770     7.3708  0.000e+00
    146.317     7.4963   3.451373    33.5930       1771     7.3750  0.000e+00
    146.275     7.4950   3.451287    33.5934       1772     7.3792  0.000e+00
    146.259     7.4940   3.451167    33.5931       1773     7.3833  0.000e+00
    146.262     7.4932   3.451110    33.5932       1774     7.3875  0.000e+00
    146.282     7.4923   3.451122    33.5942       1775     7.3917  0.000e+00
    146.317     7.4918   3.451122    33.5947       1776     7.3958  0.000e+00
    146.360     7.4916   3.451305    33.5968       1777     7.4000  0.000e+00
    146.411     7.4918   3.451350    33.5971       1778     7.4042  0.000e+00
    146.459     7.4921   3.451333    33.5966       1779     7.4083  0.000e+00
    146.510     7.4924   3.451396    33.5970       1780     7.4125  0.000e+00
    146.557     7.4926   3.451396    33.5967       1781     7.4167  0.000e+00
    146.595     7.4929   3.451396    33.5965       1782     7.4208  0.000e+00
    146.611     7.4931   3.451413    33.5965       1783     7.4250  0.000e+00
    146.622     7.4932   3.451396    33.5961       1784     7.4292  0.000e+00
    146.607     7.4932   3.451373    33.5959       1785     7.4333  0.000e+00
    146.577     7.4931   3.451350    33.5957       1786     7.4375  0.000e+00
    146.513     7.4931   3.451247    33.5947       1787     7.4417  0.000e+00
    146.443     7.4928   3.451082    33.5932       1788     7.4458  0.000e+00
    146.345     7.4922   3.450739    33.5901       1789     7.4500  0.000e+00
    146.244     7.4913   3.450104    33.5842       1790     7.4542  0.000e+00
    146.115     7.4892   3.449979    33.5849       1791     7.4583  0.000e+00
    145.983     7.4875   3.449584    33.5824       1792     7.4625  0.000e+00
    145.835     7.4855   3.449379    33.5821       1793     7.4667  0.000e+00
    145.668     7.4837   3.448899    33.5787       1794     7.4708  0.000e+00
    145.498     7.4814   3.448401    33.5757       1795     7.4750  0.000e+00
    145.315     7.4787   3.447539    33.5691       1796     7.4792  0.000e+00
    145.131     7.4753   3.446945    33.5660       1797     7.4833  0.000e+00
    144.944     7.4714   3.446630    33.5665       1798     7.4875  0.000e+00
    144.751     7.4679   3.446425    33.5677       1799     7.4917  0.000e+00
    144.573     7.4653   3.446316    33.5692       1800     7.4958  0.000e+00
    144.392     7.4633   3.446156    33.5694       1801     7.5000  0.000e+00
    144.226     7.4617   3.446048    33.5699       1802     7.5042  0.000e+00
    144.078     7.4605   3.446059    33.5712       1803     7.5083  0.000e+00
    143.933     7.4598   3.445928    33.5706       1804     7.5125  0.000e+00
    143.817     7.4592   3.445739    33.5691       1805     7.5167  0.000e+00
    143.710     7.4584   3.445905    33.5718       1806     7.5208  0.000e+00
    143.621     7.4583   3.445819    33.5710       1807     7.5250  0.000e+00
    143.549     7.4581   3.445819    33.5712       1808     7.5292  0.000e+00
    143.487     7.4580   3.445762    33.5707       1809     7.5333  0.000e+00
    143.440     7.4577   3.445796    33.5714       1810     7.5375  0.000e+00
    143.408     7.4576   3.445905    33.5727       1811     7.5417  0.000e+00
    143.381     7.4579   3.445905    33.5724       1812     7.5458  0.000e+00
    143.361     7.4582   3.445716    33.5701       1813     7.5500  0.000e+00
    143.344     7.4581   3.445882    33.5720       1814     7.5542  0.000e+00
    143.332     7.4583   3.445779    33.5707       1815     7.5583  0.000e+00
    143.317     7.4584   3.445819    33.5711       1816     7.5625  0.000e+00
    143.301     7.4584   3.445316    33.5656       1817     7.5667  0.000e+00
    143.270     7.4577   3.442501    33.5358       1818     7.5708  0.000e+00
    143.243     7.4538   3.441068    33.5242       1819     7.5750  0.000e+00
    143.199     7.4479   3.441005    33.5291       1820     7.5792  0.000e+00
    143.158     7.4433   3.441097    33.5346       1821     7.5833  0.000e+00
    143.105     7.4410   3.441108    33.5370       1822     7.5875  0.000e+00
    143.040     7.4398   3.441256    33.5398       1823     7.5917  0.000e+00
    142.968     7.4395   3.441188    33.5393       1824     7.5958  0.000e+00
    142.892     7.4397   3.441091    33.5381       1825     7.6000  0.000e+00
    142.803     7.4397   3.441068    33.5379       1826     7.6042  0.000e+00
    142.714     7.4399   3.441068    33.5378       1827     7.6083  0.000e+00
    142.611     7.4399   3.441079    33.5380       1828     7.6125  0.000e+00
    142.510     7.4401   3.441233    33.5395       1829     7.6167  0.000e+00
    142.408     7.4408   3.441256    33.5391       1830     7.6208  0.000e+00
    142.303     7.4415   3.441142    33.5372       1831     7.6250  0.000e+00
    142.206     7.4420   3.440965    33.5349       1832     7.6292  0.000e+00
    142.102     7.4419   3.440839    33.5337       1833     7.6333  0.000e+00
    142.006     7.4413   3.440577    33.5315       1834     7.6375  0.000e+00
    141.914     7.4403   3.440508    33.5317       1835     7.6417  0.000e+00
    141.824     7.4397   3.440508    33.5323       1836     7.6458  0.000e+00
    141.737     7.4394   3.440029    33.5275       1837     7.6500  0.000e+00
    141.654     7.4388   3.439709    33.5247       1838     7.6542  0.000e+00
    141.570     7.4375   3.439287    33.5214       1839     7.6583  0.000e+00
    141.485     7.4355   3.439075    33.5210       1840     7.6625  0.000e+00
    141.402     7.4338   3.438927    33.5212       1841     7.6667  0.000e+00
    141.306     7.4322   3.438870    33.5221       1842     7.6708  0.000e+00
    141.210     7.4309   3.438727    33.5219       1843     7.6750  0.000e+00
    141.112     7.4298   3.438602    33.5216       1844     7.6792  0.000e+00
    141.000     7.4287   3.438539    33.5220       1845     7.6833  0.000e+00
    140.884     7.4279   3.438459    33.5220       1846     7.6875  0.000e+00
    140.767     7.4271   3.438185    33.5199       1847     7.6917  0.000e+00
    140.642     7.4259   3.437363    33.5122       1848     7.6958  0.000e+00
    140.513     7.4238   3.437049    33.5109       1849     7.7000  0.000e+00
    140.392     7.4217   3.437232    33.5149       1850     7.7042  0.000e+00
    140.267     7.4217   3.437449    33.5174       1851     7.7083  0.000e+00
    140.144     7.4226   3.437335    33.5153       1852     7.7125  0.000e+00
    140.021     7.4239   3.437277    33.5135       1853     7.7167  0.000e+00
    139.903     7.4243   3.437123    33.5115       1854     7.7208  0.000e+00
    139.793     7.4246   3.436924    33.5091       1855     7.7250  0.000e+00
    139.688     7.4242   3.436570    33.5057       1856     7.7292  0.000e+00
