HB2406/sbe049.cnv
* Sea-Bird SBE 19plus V2 Data File:
* FileName = C:\cruise\data\sbe049.hex
* Software Version Seasave V 7.26.7.121
* Temperature SN = 7037
* Conductivity SN = 7037
* System UpLoad Time = Aug 16 2024 17:12:38
* NMEA Latitude = 44 16.59 N
* NMEA Longitude = 067 48.12 W
* NMEA UTC (Time) = Aug 16 2024  17:11:30
** Ship: Henry Bigelow
** Cruise:  HB2406
** Program:  ECOMON
# nquan = 7
# nvalues = 1805                                  
# units = specified
# name 0 = depSM: Depth [salt water, m]
# name 1 = tv290C: Temperature [ITS-90, deg C]
# name 2 = c0S/m: Conductivity [S/m]
# name 3 = sal00: Salinity, Practical [PSU]
# name 4 = scan: Scan Count
# name 5 = timeM: Time, Elapsed [minutes]
# name 6 = flag:  0.000e+00
# span 0 =      0.039,     71.052                 
# span 1 =     9.8122,    17.7199                 
# span 2 =  -0.000049,   4.276001                 
# span 3 =     0.0000,    34.2029                 
# span 4 =         11,       1815                 
# span 5 =     0.0417,     7.5583                 
# span 6 = 0.0000e+00, 0.0000e+00                 
# interval = seconds: 0.25
# start_time = Aug 16 2024 17:11:30 [NMEA time, header]
# bad_flag = -9.990e-29
*END*
[from data line 411]
     23.565    11.1219   3.627420    32.1326        422     1.7542  0.000e+00
     23.719    11.1138   3.626756    32.1331        423     1.7583  0.000e+00
     23.872    11.1059   3.626185    32.1343        424     1.7625  0.000e+00
     24.024    11.0985   3.625742    32.1364        425     1.7667  0.000e+00
     24.174    11.0925   3.625742    32.1416        426     1.7708  0.000e+00
     24.321    11.0880   3.625013    32.1382        427     1.7750  0.000e+00
     24.467    11.0831   3.624285    32.1353        428     1.7792  0.000e+00
     24.606    11.0774   3.623778    32.1352        429     1.7833  0.000e+00
     24.749    11.0717   3.623452    32.1369        430     1.7875  0.000e+00
     24.888    11.0669   3.623382    32.1403        431     1.7917  0.000e+00
     25.027    11.0634   3.623341    32.1429        432     1.7958  0.000e+00
     25.167    11.0609   3.622963    32.1413        433     1.8000  0.000e+00
     25.306    11.0582   3.622642    32.1405        434     1.8042  0.000e+00
     25.447    11.0549   3.622526    32.1422        435     1.8083  0.000e+00
     25.590    11.0523   3.622305    32.1422        436     1.8125  0.000e+00
     25.727    11.0491   3.621710    32.1391        437     1.8167  0.000e+00
     25.881    11.0448   3.621291    32.1386        438     1.8208  0.000e+00
     26.036    11.0399   3.620609    32.1361        439     1.8250  0.000e+00
     26.190    11.0342   3.620091    32.1359        440     1.8292  0.000e+00
     26.351    11.0280   3.619882    32.1392        441     1.8333  0.000e+00
     26.515    11.0224   3.618717    32.1325        442     1.8375  0.000e+00
     26.687    11.0148   3.617331    32.1254        443     1.8417  0.000e+00
     26.857    11.0028   3.617046    32.1330        444     1.8458  0.000e+00
     27.029    10.9922   3.616475    32.1366        445     1.8500  0.000e+00
     27.202    10.9832   3.616341    32.1431        446     1.8542  0.000e+00
     27.370    10.9763   3.616144    32.1471        447     1.8583  0.000e+00
     27.528    10.9710   3.615899    32.1493        448     1.8625  0.000e+00
     27.692    10.9666   3.614892    32.1431        449     1.8667  0.000e+00
     27.844    10.9596   3.614648    32.1468        450     1.8708  0.000e+00
     27.990    10.9522   3.613577    32.1426        451     1.8750  0.000e+00
     28.131    10.9431   3.612517    32.1400        452     1.8792  0.000e+00
     28.272    10.9314   3.612407    32.1491        453     1.8833  0.000e+00
     28.399    10.9223   3.612081    32.1538        454     1.8875  0.000e+00
     28.525    10.9150   3.611901    32.1584        455     1.8917  0.000e+00
     28.650    10.9095   3.611703    32.1612        456     1.8958  0.000e+00
     28.766    10.9051   3.611377    32.1618        457     1.9000  0.000e+00
     28.883    10.9006   3.611284    32.1648        458     1.9042  0.000e+00
     28.999    10.8972   3.611244    32.1673        459     1.9083  0.000e+00
     29.116    10.8950   3.611244    32.1692        460     1.9125  0.000e+00
     29.238    10.8936   3.611267    32.1706        461     1.9167  0.000e+00
     29.355    10.8930   3.611203    32.1704        462     1.9208  0.000e+00
     29.485    10.8924   3.611221    32.1711        463     1.9250  0.000e+00
     29.612    10.8921   3.611203    32.1711        464     1.9292  0.000e+00
     29.753    10.8917   3.611093    32.1703        465     1.9333  0.000e+00
     29.892    10.8913   3.611093    32.1706        466     1.9375  0.000e+00
     30.029    10.8909   3.611267    32.1726        467     1.9417  0.000e+00
     30.183    10.8910   3.611331    32.1731        468     1.9458  0.000e+00
     30.337    10.8915   3.611506    32.1744        469     1.9500  0.000e+00
     30.494    10.8921   3.611687    32.1755        470     1.9542  0.000e+00
     30.657    10.8932   3.611727    32.1749        471     1.9583  0.000e+00
     30.828    10.8941   3.611925    32.1760        472     1.9625  0.000e+00
     31.002    10.8953   3.612013    32.1758        473     1.9667  0.000e+00
     31.172    10.8967   3.614626    32.2003        474     1.9708  0.000e+00
     31.347    10.9039   3.618452    32.2318        475     1.9750  0.000e+00
     31.526    10.9196   3.623275    32.2657        476     1.9792  0.000e+00
     31.696    10.9423   3.624336    32.2561        477     1.9833  0.000e+00
     31.868    10.9631   3.625437    32.2486        478     1.9875  0.000e+00
     32.043    10.9794   3.626585    32.2457        479     1.9917  0.000e+00
     32.217    10.9929   3.627442    32.2422        480     1.9958  0.000e+00
     32.385    11.0037   3.628393    32.2420        481     2.0000  0.000e+00
     32.548    11.0136   3.628935    32.2386        482     2.0042  0.000e+00
     32.708    11.0217   3.631308    32.2548        483     2.0083  0.000e+00
     32.871    11.0322   3.633542    32.2676        484     2.0125  0.000e+00
     33.032    11.0459   3.634627    32.2663        485     2.0167  0.000e+00
     33.184    11.0593   3.637434    32.2821        486     2.0208  0.000e+00
     33.332    11.0744   3.638922    32.2835        487     2.0250  0.000e+00
     33.484    11.0892   3.639693    32.2780        488     2.0292  0.000e+00
     33.625    11.1017   3.640872    32.2786        489     2.0333  0.000e+00
     33.764    11.1121   3.641689    32.2775        490     2.0375  0.000e+00
     33.902    11.1215   3.641993    32.2722        491     2.0417  0.000e+00
     34.037    11.1283   3.642086    32.2671        492     2.0458  0.000e+00
     34.173    11.1327   3.642156    32.2638        493     2.0500  0.000e+00
     34.307    11.1344   3.639605    32.2372        494     2.0542  0.000e+00
     34.437    11.1246   3.632970    32.1803        495     2.0583  0.000e+00
     34.572    11.0944   3.628281    32.1605        496     2.0625  0.000e+00
     34.702    11.0510   3.626230    32.1782        497     2.0667  0.000e+00
     34.838    11.0105   3.624995    32.2014        498     2.0708  0.000e+00
     34.975    10.9790   3.624645    32.2256        499     2.0750  0.000e+00
     35.116    10.9564   3.624523    32.2442        500     2.0792  0.000e+00
     35.261    10.9417   3.624733    32.2591        501     2.0833  0.000e+00
     35.407    10.9334   3.624005    32.2591        502     2.0875  0.000e+00
     35.561    10.9257   3.623982    32.2656        503     2.0917  0.000e+00
     35.713    10.9199   3.624180    32.2726        504     2.0958  0.000e+00
     35.881    10.9173   3.624291    32.2759        505     2.1000  0.000e+00
     36.044    10.9165   3.625393    32.2875        506     2.1042  0.000e+00
     36.217    10.9197   3.624647    32.2772        507     2.1083  0.000e+00
     36.393    10.9199   3.624513    32.2756        508     2.1125  0.000e+00
     36.570    10.9186   3.624338    32.2750        509     2.1167  0.000e+00
     36.754    10.9169   3.623720    32.2703        510     2.1208  0.000e+00
     36.939    10.9127   3.623918    32.2758        511     2.1250  0.000e+00
     37.120    10.9101   3.623563    32.2745        512     2.1292  0.000e+00
     37.304    10.9073   3.623214    32.2734        513     2.1333  0.000e+00
     37.490    10.9037   3.622771    32.2722        514     2.1375  0.000e+00
     37.667    10.8992   3.622311    32.2715        515     2.1417  0.000e+00
     37.848    10.8937   3.622311    32.2762        516     2.1458  0.000e+00
     38.022    10.8897   3.622002    32.2767        517     2.1500  0.000e+00
     38.190    10.8862   3.621827    32.2779        518     2.1542  0.000e+00
     38.358    10.8827   3.621559    32.2782        519     2.1583  0.000e+00
     38.522    10.8792   3.621559    32.2812        520     2.1625  0.000e+00
     38.681    10.8763   3.621513    32.2833        521     2.1667  0.000e+00
     38.839    10.8742   3.621542    32.2854        522     2.1708  0.000e+00
     38.996    10.8728   3.621362    32.2847        523     2.1750  0.000e+00
     39.146    10.8713   3.621251    32.2849        524     2.1792  0.000e+00
     39.300    10.8698   3.621298    32.2866        525     2.1833  0.000e+00
     39.444    10.8686   3.621146    32.2861        526     2.1875  0.000e+00
     39.592    10.8671   3.621047    32.2864        527     2.1917  0.000e+00
     39.744    10.8654   3.620948    32.2869        528     2.1958  0.000e+00
     39.889    10.8633   3.620680    32.2859        529     2.2000  0.000e+00
     40.035    10.8610   3.620657    32.2877        530     2.2042  0.000e+00
     40.182    10.8587   3.620547    32.2885        531     2.2083  0.000e+00
     40.332    10.8567   3.620459    32.2894        532     2.2125  0.000e+00
     40.480    10.8546   3.620349    32.2901        533     2.2167  0.000e+00
     40.630    10.8523   3.619650    32.2852        534     2.2208  0.000e+00
     40.786    10.8481   3.618240    32.2748        535     2.2250  0.000e+00
     40.939    10.8394   3.617227    32.2724        536     2.2292  0.000e+00
     41.091    10.8286   3.616459    32.2742        537     2.2333  0.000e+00
     41.248    10.8177   3.615533    32.2745        538     2.2375  0.000e+00
     41.413    10.8068   3.615312    32.2819        539     2.2417  0.000e+00
     41.574    10.7978   3.615493    32.2915        540     2.2458  0.000e+00
     41.735    10.7925   3.615114    32.2924        541     2.2500  0.000e+00
     41.899    10.7883   3.614631    32.2912        542     2.2542  0.000e+00
     42.062    10.7833   3.614480    32.2941        543     2.2583  0.000e+00
     42.230    10.7791   3.614294    32.2959        544     2.2625  0.000e+00
     42.396    10.7754   3.614632    32.3024        545     2.2667  0.000e+00
     42.557    10.7740   3.614812    32.3054        546     2.2708  0.000e+00
     42.718    10.7739   3.614789    32.3051        547     2.2750  0.000e+00
     42.886    10.7740   3.614702    32.3041        548     2.2792  0.000e+00
     43.049    10.7737   3.614544    32.3028        549     2.2833  0.000e+00
     43.215    10.7727   3.614067    32.2988        550     2.2875  0.000e+00
     43.382    10.7704   3.613514    32.2953        551     2.2917  0.000e+00
     43.548    10.7665   3.613293    32.2964        552     2.2958  0.000e+00
     43.716    10.7630   3.613381    32.3004        553     2.3000  0.000e+00
     43.883    10.7607   3.613381    32.3023        554     2.3042  0.000e+00
     44.051    10.7594   3.613096    32.3005        555     2.3083  0.000e+00
     44.219    10.7576   3.612886    32.3000        556     2.3125  0.000e+00
     44.385    10.7554   3.612636    32.2994        557     2.3167  0.000e+00
     44.548    10.7529   3.612723    32.3023        558     2.3208  0.000e+00
     44.714    10.7514   3.612636    32.3028        559     2.3250  0.000e+00
     44.875    10.7502   3.612351    32.3009        560     2.3292  0.000e+00
     45.032    10.7484   3.611647    32.2954        561     2.3333  0.000e+00
     45.191    10.7448   3.611077    32.2929        562     2.3375  0.000e+00
     45.347    10.7395   3.610792    32.2946        563     2.3417  0.000e+00
     45.497    10.7348   3.610728    32.2981        564     2.3458  0.000e+00
     45.649    10.7310   3.610419    32.2983        565     2.3500  0.000e+00
     45.799    10.7277   3.610396    32.3010        566     2.3542  0.000e+00
     45.952    10.7251   3.610198    32.3013        567     2.3583  0.000e+00
     46.106    10.7225   3.610111    32.3026        568     2.3625  0.000e+00
     46.256    10.7204   3.610158    32.3048        569     2.3667  0.000e+00
     46.408    10.7190   3.609937    32.3038        570     2.3708  0.000e+00
     46.567    10.7171   3.609960    32.3057        571     2.3750  0.000e+00
     46.726    10.7151   3.609605    32.3038        572     2.3792  0.000e+00
     46.885    10.7128   3.609693    32.3066        573     2.3833  0.000e+00
     47.052    10.7111   3.609390    32.3051        574     2.3875  0.000e+00
     47.220    10.7092   3.609303    32.3058        575     2.3917  0.000e+00
     47.388    10.7074   3.608814    32.3025        576     2.3958  0.000e+00
     47.556    10.7047   3.608006    32.2968        577     2.4000  0.000e+00
     47.724    10.7000   3.607325    32.2941        578     2.4042  0.000e+00
     47.892    10.6938   3.606470    32.2909        579     2.4083  0.000e+00
     48.059    10.6861   3.605860    32.2916        580     2.4125  0.000e+00
     48.218    10.6774   3.605575    32.2963        581     2.4167  0.000e+00
     48.380    10.6690   3.605028    32.2983        582     2.4208  0.000e+00
     48.536    10.6604   3.604581    32.3013        583     2.4250  0.000e+00
     48.688    10.6525   3.604017    32.3027        584     2.4292  0.000e+00
     48.832    10.6443   3.603889    32.3086        585     2.4333  0.000e+00
     48.977    10.6378   3.603517    32.3106        586     2.4375  0.000e+00
     49.120    10.6316   3.602901    32.3099        587     2.4417  0.000e+00
     49.261    10.6238   3.602727    32.3150        588     2.4458  0.000e+00
     49.398    10.6157   3.602686    32.3217        589     2.4500  0.000e+00
     49.541    10.6095   3.601861    32.3189        590     2.4542  0.000e+00
     49.680    10.6013   3.601372    32.3212        591     2.4583  0.000e+00
     49.821    10.5921   3.601285    32.3284        592     2.4625  0.000e+00
     49.962    10.5846   3.601286    32.3350        593     2.4667  0.000e+00
     50.109    10.5791   3.601198    32.3389        594     2.4708  0.000e+00
     50.264    10.5750   3.600978    32.3403        595     2.4750  0.000e+00
     50.414    10.5708   3.601175    32.3460        596     2.4792  0.000e+00
     50.573    10.5684   3.601065    32.3469        597     2.4833  0.000e+00
     50.738    10.5662   3.600879    32.3469        598     2.4875  0.000e+00
     50.906    10.5636   3.600368    32.3441        599     2.4917  0.000e+00
     51.078    10.5588   3.600124    32.3458        600     2.4958  0.000e+00
     51.257    10.5530   3.600037    32.3500        601     2.5000  0.000e+00
     51.443    10.5478   3.600170    32.3559        602     2.5042  0.000e+00
     51.631    10.5449   3.600037    32.3571        603     2.5083  0.000e+00
     51.819    10.5428   3.599775    32.3562        604     2.5125  0.000e+00
     52.007    10.5396   3.599467    32.3558        605     2.5167  0.000e+00
     52.191    10.5357   3.599497    32.3596        606     2.5208  0.000e+00
     52.374    10.5327   3.599317    32.3604        607     2.5250  0.000e+00
     52.548    10.5297   3.598904    32.3588        608     2.5292  0.000e+00
     52.717    10.5255   3.598637    32.3598        609     2.5333  0.000e+00
     52.884    10.5206   3.598660    32.3643        610     2.5375  0.000e+00
     53.039    10.5168   3.598422    32.3652        611     2.5417  0.000e+00
     53.191    10.5130   3.598027    32.3646        612     2.5458  0.000e+00
     53.334    10.5078   3.597678    32.3657        613     2.5500  0.000e+00
     53.475    10.5014   3.597452    32.3690        614     2.5542  0.000e+00
     53.611    10.4952   3.597243    32.3724        615     2.5583  0.000e+00
     53.735    10.4894   3.596981    32.3749        616     2.5625  0.000e+00
     53.871    10.4838   3.596476    32.3747        617     2.5667  0.000e+00
     53.994    10.4753   3.595384    32.3713        618     2.5708  0.000e+00
     54.122    10.4603   3.594798    32.3787        619     2.5750  0.000e+00
     54.254    10.4442   3.594490    32.3899        620     2.5792  0.000e+00
     54.388    10.4301   3.594467    32.4022        621     2.5833  0.000e+00
     54.523    10.4203   3.594002    32.4062        622     2.5875  0.000e+00
     54.663    10.4108   3.593660    32.4111        623     2.5917  0.000e+00
     54.809    10.4009   3.593660    32.4199        624     2.5958  0.000e+00
     54.961    10.3937   3.593881    32.4284        625     2.6000  0.000e+00
