HB2406/sbe097.cnv
* Sea-Bird SBE 19plus V2 Data File:
* FileName = C:\cruise\data\sbe097.hex
* Software Version Seasave V 7.26.7.121
* Temperature SN = 7037
* Conductivity SN = 7037
* System UpLoad Time = Aug 20 2024 18:58:03
* NMEA Latitude = 42 25.07 N
* NMEA Longitude = 070 36.83 W
* NMEA UTC (Time) = Aug 20 2024  18:56:57
** Ship: Henry Bigelow
** Cruise:  HB2406
** Program:  ECOMON
# nquan = 7
# nvalues = 2087                                  
# units = specified
# name 0 = depSM: Depth [salt water, m]
# name 1 = tv290C: Temperature [ITS-90, deg C]
# name 2 = c0S/m: Conductivity [S/m]
# name 3 = sal00: Salinity, Practical [PSU]
# name 4 = scan: Scan Count
# name 5 = timeM: Time, Elapsed [minutes]
# name 6 = flag:  0.000e+00
# span 0 =     -0.053,     79.984                 
# span 1 =     6.4022,    19.8336                 
# span 2 =  -0.000012,   4.199516                 
# span 3 =     0.0000,    32.0655                 
# span 4 =         11,       2097                 
# span 5 =     0.0417,     8.7333                 
# span 6 = 0.0000e+00, 0.0000e+00                 
# interval = seconds: 0.25
# start_time = Aug 20 2024 18:56:57 [NMEA time, header]
# bad_flag = -9.990e-29
*END*
[from data line 1642]
     23.918     9.2741   3.444411    31.9231       1653     6.8833  0.000e+00
     23.855     9.2808   3.445576    31.9291       1654     6.8875  0.000e+00
     23.788     9.2878   3.445867    31.9260       1655     6.8917  0.000e+00
     23.730     9.2952   3.446844    31.9294       1656     6.8958  0.000e+00
     23.669     9.3029   3.446655    31.9206       1657     6.9000  0.000e+00
     23.607     9.3084   3.446781    31.9170       1658     6.9042  0.000e+00
     23.545     9.3118   3.447421    31.9205       1659     6.9083  0.000e+00
     23.493     9.3160   3.447443    31.9171       1660     6.9125  0.000e+00
     23.433     9.3196   3.447963    31.9193       1661     6.9167  0.000e+00
     23.375     9.3232   3.448346    31.9199       1662     6.9208  0.000e+00
     23.317     9.3273   3.448569    31.9186       1663     6.9250  0.000e+00
     23.263     9.3313   3.448586    31.9152       1664     6.9292  0.000e+00
     23.205     9.3339   3.448740    31.9145       1665     6.9333  0.000e+00
     23.156     9.3357   3.449106    31.9167       1666     6.9375  0.000e+00
     23.109     9.3382   3.449397    31.9175       1667     6.9417  0.000e+00
     23.059     9.3412   3.449666    31.9176       1668     6.9458  0.000e+00
     23.012     9.3444   3.450940    31.9278       1669     6.9500  0.000e+00
     22.970     9.3502   3.451271    31.9261       1670     6.9542  0.000e+00
     22.932     9.3562   3.451808    31.9262       1671     6.9583  0.000e+00
     22.896     9.3621   3.452769    31.9309       1672     6.9625  0.000e+00
     22.860     9.3696   3.453140    31.9280       1673     6.9667  0.000e+00
     22.825     9.3763   3.453477    31.9255       1674     6.9708  0.000e+00
     22.789     9.3820   3.453872    31.9245       1675     6.9750  0.000e+00
     22.755     9.3868   3.453975    31.9213       1676     6.9792  0.000e+00
     22.731     9.3907   3.453860    31.9166       1677     6.9833  0.000e+00
     22.695     9.3929   3.453746    31.9135       1678     6.9875  0.000e+00
     22.661     9.3938   3.453934    31.9147       1679     6.9917  0.000e+00
     22.630     9.3947   3.454369    31.9183       1680     6.9958  0.000e+00
     22.581     9.3969   3.454649    31.9193       1681     7.0000  0.000e+00
     22.538     9.3994   3.455015    31.9208       1682     7.0042  0.000e+00
     22.485     9.4026   3.455935    31.9274       1683     7.0083  0.000e+00
     22.431     9.4079   3.457485    31.9386       1684     7.0125  0.000e+00
     22.369     9.4173   3.459687    31.9528       1685     7.0167  0.000e+00
     22.306     9.4316   3.461838    31.9621       1686     7.0208  0.000e+00
     22.237     9.4499   3.463383    31.9617       1687     7.0250  0.000e+00
     22.163     9.4678   3.463532    31.9472       1688     7.0292  0.000e+00
     22.089     9.4817   3.462885    31.9283       1689     7.0333  0.000e+00
     22.020     9.4898   3.462713    31.9193       1690     7.0375  0.000e+00
     21.946     9.4939   3.462673    31.9153       1691     7.0417  0.000e+00
     21.872     9.4964   3.462776    31.9141       1692     7.0458  0.000e+00
     21.800     9.4986   3.462953    31.9141       1693     7.0500  0.000e+00
     21.724     9.5010   3.462948    31.9119       1694     7.0542  0.000e+00
     21.655     9.5031   3.463280    31.9134       1695     7.0583  0.000e+00
     21.579     9.5056   3.463365    31.9122       1696     7.0625  0.000e+00
     21.510     9.5080   3.463520    31.9116       1697     7.0667  0.000e+00
     21.445     9.5102   3.463531    31.9098       1698     7.0708  0.000e+00
     21.373     9.5118   3.463697    31.9101       1699     7.0750  0.000e+00
     21.309     9.5138   3.464304    31.9146       1700     7.0792  0.000e+00
     21.239     9.5170   3.464441    31.9131       1701     7.0833  0.000e+00
     21.179     9.5203   3.464865    31.9145       1702     7.0875  0.000e+00
     21.116     9.5240   3.464699    31.9096       1703     7.0917  0.000e+00
     21.060     9.5260   3.464825    31.9091       1704     7.0958  0.000e+00
     21.007     9.5278   3.466124    31.9209       1705     7.1000  0.000e+00
     20.953     9.5328   3.466891    31.9242       1706     7.1042  0.000e+00
     20.911     9.5398   3.467292    31.9222       1707     7.1083  0.000e+00
     20.870     9.5470   3.467063    31.9134       1708     7.1125  0.000e+00
     20.835     9.5519   3.467103    31.9095       1709     7.1167  0.000e+00
     20.799     9.5553   3.467137    31.9068       1710     7.1208  0.000e+00
     20.763     9.5575   3.467252    31.9061       1711     7.1250  0.000e+00
     20.732     9.5592   3.467355    31.9056       1712     7.1292  0.000e+00
     20.703     9.5609   3.467755    31.9082       1713     7.1333  0.000e+00
     20.672     9.5633   3.467709    31.9056       1714     7.1375  0.000e+00
     20.642     9.5651   3.467750    31.9044       1715     7.1417  0.000e+00
     20.613     9.5660   3.467795    31.9041       1716     7.1458  0.000e+00
     20.586     9.5665   3.468173    31.9075       1717     7.1500  0.000e+00
     20.553     9.5677   3.467944    31.9042       1718     7.1542  0.000e+00
     20.515     9.5684   3.467990    31.9040       1719     7.1583  0.000e+00
     20.481     9.5684   3.468236    31.9065       1720     7.1625  0.000e+00
     20.437     9.5697   3.468379    31.9069       1721     7.1667  0.000e+00
     20.394     9.5710   3.467583    31.8976       1722     7.1708  0.000e+00
     20.350     9.5704   3.467417    31.8965       1723     7.1750  0.000e+00
     20.296     9.5689   3.465602    31.8793       1724     7.1792  0.000e+00
     20.244     9.5647   3.464532    31.8721       1725     7.1833  0.000e+00
     20.184     9.5581   3.463467    31.8671       1726     7.1875  0.000e+00
     20.122     9.5514   3.462506    31.8632       1727     7.1917  0.000e+00
     20.066     9.5452   3.462798    31.8718       1728     7.1958  0.000e+00
     19.998     9.5412   3.462254    31.8698       1729     7.2000  0.000e+00
     19.929     9.5381   3.462025    31.8703       1730     7.2042  0.000e+00
     19.858     9.5358   3.462048    31.8726       1731     7.2083  0.000e+00
     19.782     9.5343   3.462008    31.8736       1732     7.2125  0.000e+00
     19.701     9.5332   3.461962    31.8740       1733     7.2167  0.000e+00
     19.623     9.5324   3.461836    31.8735       1734     7.2208  0.000e+00
     19.549     9.5319   3.461773    31.8734       1735     7.2250  0.000e+00
     19.466     9.5315   3.461728    31.8733       1736     7.2292  0.000e+00
     19.392     9.5312   3.461670    31.8730       1737     7.2333  0.000e+00
     19.319     9.5310   3.461585    31.8724       1738     7.2375  0.000e+00
     19.245     9.5308   3.461607    31.8728       1739     7.2417  0.000e+00
     19.171     9.5309   3.461613    31.8728       1740     7.2458  0.000e+00
     19.100     9.5312   3.461630    31.8727       1741     7.2500  0.000e+00
     19.030     9.5323   3.461630    31.8717       1742     7.2542  0.000e+00
     18.963     9.5342   3.461647    31.8703       1743     7.2583  0.000e+00
     18.899     9.5371   3.461836    31.8696       1744     7.2625  0.000e+00
     18.832     9.5415   3.462054    31.8680       1745     7.2667  0.000e+00
     18.769     9.5466   3.461899    31.8619       1746     7.2708  0.000e+00
     18.709     9.5513   3.461710    31.8559       1747     7.2750  0.000e+00
     18.648     9.5546   3.461630    31.8521       1748     7.2792  0.000e+00
     18.588     9.5570   3.461487    31.8486       1749     7.2833  0.000e+00
     18.532     9.5586   3.461355    31.8458       1750     7.2875  0.000e+00
     18.476     9.5600   3.461292    31.8439       1751     7.2917  0.000e+00
     18.422     9.5614   3.461212    31.8419       1752     7.2958  0.000e+00
     18.375     9.5628   3.460983    31.8384       1753     7.3000  0.000e+00
     18.328     9.5639   3.460623    31.8337       1754     7.3042  0.000e+00
     18.283     9.5644   3.460417    31.8312       1755     7.3083  0.000e+00
     18.236     9.5645   3.460085    31.8278       1756     7.3125  0.000e+00
     18.205     9.5640   3.460108    31.8284       1757     7.3167  0.000e+00
     18.165     9.5631   3.459604    31.8241       1758     7.3208  0.000e+00
     18.122     9.5621   3.459267    31.8216       1759     7.3250  0.000e+00
     18.085     9.5603   3.459061    31.8211       1760     7.3292  0.000e+00
     18.035     9.5584   3.458992    31.8221       1761     7.3333  0.000e+00
     17.991     9.5566   3.457894    31.8124       1762     7.3375  0.000e+00
     17.942     9.5533   3.456578    31.8020       1763     7.3417  0.000e+00
     17.890     9.5474   3.455618    31.7975       1764     7.3458  0.000e+00
     17.830     9.5401   3.455298    31.8007       1765     7.3500  0.000e+00
     17.769     9.5340   3.454932    31.8024       1766     7.3542  0.000e+00
     17.704     9.5288   3.454932    31.8070       1767     7.3583  0.000e+00
     17.639     9.5256   3.454640    31.8069       1768     7.3625  0.000e+00
     17.566     9.5229   3.454600    31.8089       1769     7.3667  0.000e+00
     17.496     9.5212   3.454600    31.8105       1770     7.3708  0.000e+00
     17.423     9.5199   3.454640    31.8121       1771     7.3750  0.000e+00
     17.346     9.5194   3.454474    31.8108       1772     7.3792  0.000e+00
     17.262     9.5186   3.454406    31.8109       1773     7.3833  0.000e+00
     17.188     9.5178   3.454160    31.8091       1774     7.3875  0.000e+00
     17.101     9.5168   3.453600    31.8043       1775     7.3917  0.000e+00
     17.018     9.5148   3.453451    31.8046       1776     7.3958  0.000e+00
     16.935     9.5127   3.452788    31.7997       1777     7.4000  0.000e+00
     16.841     9.5102   3.452096    31.7949       1778     7.4042  0.000e+00
     16.756     9.5069   3.452891    31.8060       1779     7.4083  0.000e+00
     16.667     9.5072   3.453325    31.8102       1780     7.4125  0.000e+00
     16.577     9.5104   3.453771    31.8119       1781     7.4167  0.000e+00
     16.488     9.5140   3.455658    31.8280       1782     7.4208  0.000e+00
     16.405     9.5232   3.458288    31.8469       1783     7.4250  0.000e+00
     16.322     9.5400   3.461572    31.8655       1784     7.4292  0.000e+00
     16.251     9.5668   3.461669    31.8427       1785     7.4333  0.000e+00
     16.175     9.5910   3.460456    31.8090       1786     7.4375  0.000e+00
     16.108     9.6066   3.459620    31.7866       1787     7.4417  0.000e+00
     16.051     9.6165   3.458076    31.7621       1788     7.4458  0.000e+00
     16.000     9.6233   3.460610    31.7820       1789     7.4500  0.000e+00
     15.951     9.6358   3.461628    31.7813       1790     7.4542  0.000e+00
     15.908     9.6508   3.462526    31.7773       1791     7.4583  0.000e+00
     15.873     9.6640   3.463110    31.7715       1792     7.4625  0.000e+00
     15.835     9.6749   3.463299    31.7638       1793     7.4667  0.000e+00
     15.808     9.6827   3.463339    31.7573       1794     7.4708  0.000e+00
     15.775     9.6882   3.463253    31.7516       1795     7.4750  0.000e+00
     15.748     9.6914   3.463298    31.7493       1796     7.4792  0.000e+00
     15.714     9.6932   3.460494    31.7192       1797     7.4833  0.000e+00
     15.680     9.6900   3.455135    31.6675       1798     7.4875  0.000e+00
     15.636     9.6758   3.453369    31.6620       1799     7.4917  0.000e+00
     15.589     9.6598   3.449768    31.6395       1800     7.4958  0.000e+00
     15.535     9.6408   3.449105    31.6495       1801     7.5000  0.000e+00
     15.479     9.6250   3.451557    31.6884       1802     7.5042  0.000e+00
     15.417     9.6226   3.456451    31.7405       1803     7.5083  0.000e+00
     15.350     9.6402   3.460518    31.7664       1804     7.5125  0.000e+00
     15.274     9.6700   3.465617    31.7920       1805     7.5167  0.000e+00
     15.193     9.7094   3.472151    31.8237       1806     7.5208  0.000e+00
     15.108     9.7589   3.478208    31.8415       1807     7.5250  0.000e+00
     15.014     9.8155   3.484562    31.8561       1808     7.5292  0.000e+00
     14.920     9.8745   3.489846    31.8575       1809     7.5333  0.000e+00
     14.822     9.9336   3.496140    31.8692       1810     7.5375  0.000e+00
     14.719     9.9947   3.501018    31.8646       1811     7.5417  0.000e+00
     14.618    10.0556   3.504363    31.8448       1812     7.5458  0.000e+00
     14.518    10.1097   3.506651    31.8204       1813     7.5500  0.000e+00
     14.424    10.1569   3.507329    31.7858       1814     7.5542  0.000e+00
     14.325    10.1921   3.507202    31.7536       1815     7.5583  0.000e+00
     14.231    10.2154   3.505994    31.7212       1816     7.5625  0.000e+00
     14.148    10.2286   3.504953    31.6992       1817     7.5667  0.000e+00
     14.068    10.2358   3.505488    31.6983       1818     7.5708  0.000e+00
     13.989    10.2447   3.509301    31.7289       1819     7.5750  0.000e+00
     13.918    10.2665   3.515614    31.7732       1820     7.5792  0.000e+00
     13.853    10.3066   3.519294    31.7751       1821     7.5833  0.000e+00
     13.795    10.3518   3.521891    31.7616       1822     7.5875  0.000e+00
     13.757    10.3920   3.523810    31.7457       1823     7.5917  0.000e+00
     13.715    10.4266   3.524916    31.7266       1824     7.5958  0.000e+00
     13.695    10.4538   3.526305    31.7168       1825     7.6000  0.000e+00
     13.672    10.4766   3.527671    31.7105       1826     7.6042  0.000e+00
     13.652    10.4969   3.528737    31.7035       1827     7.6083  0.000e+00
     13.635    10.5152   3.529550    31.6957       1828     7.6125  0.000e+00
     13.612    10.5305   3.530236    31.6893       1829     7.6167  0.000e+00
     13.594    10.5427   3.530830    31.6846       1830     7.6208  0.000e+00
     13.570    10.5533   3.531245    31.6795       1831     7.6250  0.000e+00
     13.536    10.5615   3.531556    31.6755       1832     7.6292  0.000e+00
     13.498    10.5680   3.532092    31.6752       1833     7.6333  0.000e+00
     13.458    10.5740   3.533033    31.6794       1834     7.6375  0.000e+00
     13.411    10.5812   3.534319    31.6860       1835     7.6417  0.000e+00
     13.358    10.5909   3.535583    31.6902       1836     7.6458  0.000e+00
     13.301    10.6029   3.536864    31.6925       1837     7.6500  0.000e+00
     13.239    10.6163   3.539461    31.7067       1838     7.6542  0.000e+00
     13.176    10.6347   3.542914    31.7251       1839     7.6583  0.000e+00
     13.103    10.6596   3.545507    31.7293       1840     7.6625  0.000e+00
     13.029    10.6866   3.548690    31.7375       1841     7.6667  0.000e+00
     12.953    10.7147   3.551123    31.7373       1842     7.6708  0.000e+00
     12.881    10.7434   3.555234    31.7532       1843     7.6750  0.000e+00
     12.803    10.7752   3.558964    31.7627       1844     7.6792  0.000e+00
     12.724    10.8100   3.559311    31.7359       1845     7.6833  0.000e+00
     12.657    10.8362   3.559565    31.7157       1846     7.6875  0.000e+00
     12.579    10.8528   3.561874    31.7243       1847     7.6917  0.000e+00
     12.512    10.8695   3.563928    31.7302       1848     7.6958  0.000e+00
     12.450    10.8869   3.565613    31.7317       1849     7.7000  0.000e+00
     12.385    10.9056   3.568276    31.7419       1850     7.7042  0.000e+00
     12.333    10.9255   3.570031    31.7421       1851     7.7083  0.000e+00
     12.282    10.9450   3.574214    31.7665       1852     7.7125  0.000e+00
     12.239    10.9698   3.575791    31.7607       1853     7.7167  0.000e+00
     12.197    10.9941   3.577616    31.7577       1854     7.7208  0.000e+00
     12.159    11.0159   3.580399    31.7663       1855     7.7250  0.000e+00
     12.116    11.0392   3.584941    31.7909       1856     7.7292  0.000e+00
