HB2406/sbe035.cnv
* Sea-Bird SBE 19plus V2 Data File:
* FileName = C:\cruise\data\sbe035.hex
* Software Version Seasave V 7.26.7.121
* Temperature SN = 7037
* Conductivity SN = 7037
* System UpLoad Time = Aug 15 2024 04:03:01
* NMEA Latitude = 41 24.48 N
* NMEA Longitude = 066 14.50 W
* NMEA UTC (Time) = Aug 15 2024  04:01:52
** Ship: Henry Bigelow
** Cruise:  HB2406
** Program:  ECOMON
# nquan = 7
# nvalues = 1661                                  
# units = specified
# name 0 = depSM: Depth [salt water, m]
# name 1 = tv290C: Temperature [ITS-90, deg C]
# name 2 = c0S/m: Conductivity [S/m]
# name 3 = sal00: Salinity, Practical [PSU]
# name 4 = scan: Scan Count
# name 5 = timeM: Time, Elapsed [minutes]
# name 6 = flag:  0.000e+00
# span 0 =      0.024,    160.382                 
# span 1 =     9.2230,    18.8749                 
# span 2 =  -0.000028,   4.271964                 
# span 3 =     0.0000,    35.4633                 
# span 4 =         11,       1671                 
# span 5 =     0.0417,     6.9583                 
# span 6 = 0.0000e+00, 0.0000e+00                 
# interval = seconds: 0.25
# start_time = Aug 15 2024 04:01:52 [NMEA time, header]
# bad_flag = -9.990e-29
*END*
[from data line 616]
    111.017     9.7262   3.667585    33.7613        627     2.6083  0.000e+00
    111.232     9.7308   3.668481    33.7661        628     2.6125  0.000e+00
    111.440     9.7351   3.669260    33.7699        629     2.6167  0.000e+00
    111.656     9.7397   3.669775    33.7708        630     2.6208  0.000e+00
    111.871     9.7436   3.670226    33.7716        631     2.6250  0.000e+00
    112.088     9.7469   3.671445    33.7810        632     2.6292  0.000e+00
    112.314     9.7510   3.672576    33.7886        633     2.6333  0.000e+00
    112.540     9.7559   3.673068    33.7889        634     2.6375  0.000e+00
    112.766     9.7605   3.673695    33.7909        635     2.6417  0.000e+00
    113.001     9.7647   3.674503    33.7952        636     2.6458  0.000e+00
    113.237     9.7687   3.675711    33.8037        637     2.6500  0.000e+00
    113.474     9.7741   3.676332    33.8049        638     2.6542  0.000e+00
    113.703     9.7788   3.677258    33.8098        639     2.6583  0.000e+00
    113.935     9.7835   3.677528    33.8080        640     2.6625  0.000e+00
    114.157     9.7874   3.677727    33.8063        641     2.6667  0.000e+00
    114.374     9.7903   3.677886    33.8052        642     2.6708  0.000e+00
    114.590     9.7925   3.678607    33.8104        643     2.6750  0.000e+00
    114.790     9.7951   3.678970    33.8115        644     2.6792  0.000e+00
    114.989     9.7978   3.679434    33.8136        645     2.6833  0.000e+00
    115.179     9.8005   3.680313    33.8201        646     2.6875  0.000e+00
    115.360     9.8035   3.680624    33.8203        647     2.6917  0.000e+00
    115.539     9.8063   3.682894    33.8408        648     2.6958  0.000e+00
    115.711     9.8112   3.682982    33.8371        649     2.7000  0.000e+00
    115.883     9.8163   3.684020    33.8428        650     2.7042  0.000e+00
    116.051     9.8210   3.684489    33.8431        651     2.7083  0.000e+00
    116.218     9.8252   3.684560    33.8398        652     2.7125  0.000e+00
    116.395     9.8282   3.684965    33.8411        653     2.7167  0.000e+00
    116.569     9.8305   3.685434    33.8436        654     2.7208  0.000e+00
    116.751     9.8331   3.685815    33.8450        655     2.7250  0.000e+00
    116.934     9.8356   3.685933    33.8437        656     2.7292  0.000e+00
    117.124     9.8376   3.685909    33.8415        657     2.7333  0.000e+00
    117.319     9.8388   3.686332    33.8446        658     2.7375  0.000e+00
    117.518     9.8398   3.686772    33.8481        659     2.7417  0.000e+00
    117.721     9.8415   3.687236    33.8511        660     2.7458  0.000e+00
    117.934     9.8435   3.687259    33.8494        661     2.7500  0.000e+00
    118.148     9.8453   3.687248    33.8475        662     2.7542  0.000e+00
    118.369     9.8471   3.687594    33.8493        663     2.7583  0.000e+00
    118.591     9.8489   3.687958    33.8512        664     2.7625  0.000e+00
    118.817     9.8502   3.688245    33.8528        665     2.7667  0.000e+00
    119.047     9.8519   3.688697    33.8557        666     2.7708  0.000e+00
    119.278     9.8538   3.689079    33.8577        667     2.7750  0.000e+00
    119.508     9.8557   3.689420    33.8594        668     2.7792  0.000e+00
    119.738     9.8575   3.689754    33.8610        669     2.7833  0.000e+00
    119.964     9.8589   3.689789    33.8599        670     2.7875  0.000e+00
    120.197     9.8599   3.690500    33.8661        671     2.7917  0.000e+00
    120.418     9.8616   3.690840    33.8679        672     2.7958  0.000e+00
    120.639     9.8629   3.690846    33.8666        673     2.8000  0.000e+00
    120.850     9.8643   3.690993    33.8668        674     2.8042  0.000e+00
    121.060     9.8654   3.691105    33.8668        675     2.8083  0.000e+00
    121.270     9.8661   3.691357    33.8686        676     2.8125  0.000e+00
    121.473     9.8670   3.691627    33.8704        677     2.8167  0.000e+00
    121.666     9.8683   3.692244    33.8754        678     2.8208  0.000e+00
    121.858     9.8698   3.692620    33.8777        679     2.8250  0.000e+00
    122.048     9.8714   3.693072    33.8808        680     2.8292  0.000e+00
    122.232     9.8730   3.693260    33.8811        681     2.8333  0.000e+00
    122.412     9.8750   3.694153    33.8883        682     2.8375  0.000e+00
    122.592     9.8774   3.694311    33.8876        683     2.8417  0.000e+00
    122.770     9.8797   3.694423    33.8865        684     2.8458  0.000e+00
    122.945     9.8814   3.694828    33.8890        685     2.8500  0.000e+00
    123.128     9.8827   3.695093    33.8903        686     2.8542  0.000e+00
    123.307     9.8844   3.695098    33.8887        687     2.8583  0.000e+00
    123.490     9.8856   3.695439    33.8909        688     2.8625  0.000e+00
    123.685     9.8867   3.695610    33.8916        689     2.8667  0.000e+00
    123.871     9.8880   3.695709    33.8913        690     2.8708  0.000e+00
    124.067     9.8888   3.695980    33.8933        691     2.8750  0.000e+00
    124.271     9.8899   3.696585    33.8982        692     2.8792  0.000e+00
    124.474     9.8918   3.697877    33.9096        693     2.8833  0.000e+00
    124.684     9.8951   3.698265    33.9104        694     2.8875  0.000e+00
    124.890     9.8983   3.698236    33.9070        695     2.8917  0.000e+00
    125.103     9.9004   3.698688    33.9095        696     2.8958  0.000e+00
    125.308     9.9024   3.699393    33.9147        697     2.9000  0.000e+00
    125.512     9.9048   3.699617    33.9146        698     2.9042  0.000e+00
    125.718     9.9071   3.700669    33.9232        699     2.9083  0.000e+00
    125.926     9.9099   3.701468    33.9285        700     2.9125  0.000e+00
    126.136     9.9138   3.701809    33.9283        701     2.9167  0.000e+00
    126.339     9.9172   3.702503    33.9321        702     2.9208  0.000e+00
    126.547     9.9201   3.703279    33.9372        703     2.9250  0.000e+00
    126.760     9.9237   3.703502    33.9360        704     2.9292  0.000e+00
    126.972     9.9265   3.704637    33.9448        705     2.9333  0.000e+00
    127.189     9.9298   3.705607    33.9516        706     2.9375  0.000e+00
    127.399     9.9342   3.707048    33.9620        707     2.9417  0.000e+00
    127.620     9.9389   3.708077    33.9679        708     2.9458  0.000e+00
    127.846     9.9439   3.709301    33.9756        709     2.9500  0.000e+00
    128.065     9.9490   3.709818    33.9760        710     2.9542  0.000e+00
    128.285     9.9535   3.710389    33.9776        711     2.9583  0.000e+00
    128.506     9.9575   3.710889    33.9787        712     2.9625  0.000e+00
    128.721     9.9609   3.711542    33.9821        713     2.9667  0.000e+00
    128.938     9.9643   3.712190    33.9854        714     2.9708  0.000e+00
    129.141     9.9675   3.712908    33.9896        715     2.9750  0.000e+00
    129.333     9.9709   3.713384    33.9913        716     2.9792  0.000e+00
    129.526     9.9736   3.714079    33.9957        717     2.9833  0.000e+00
    129.711     9.9767   3.714903    34.0011        718     2.9875  0.000e+00
    129.885     9.9799   3.715468    34.0038        719     2.9917  0.000e+00
    130.064     9.9831   3.715857    34.0046        720     2.9958  0.000e+00
    130.230     9.9859   3.716316    34.0066        721     3.0000  0.000e+00
    130.400     9.9885   3.716381    34.0047        722     3.0042  0.000e+00
    130.576     9.9900   3.716492    34.0044        723     3.0083  0.000e+00
    130.755     9.9914   3.716551    34.0036        724     3.0125  0.000e+00
    130.930     9.9921   3.716675    34.0041        725     3.0167  0.000e+00
    131.115     9.9929   3.716769    34.0042        726     3.0208  0.000e+00
    131.312     9.9937   3.716899    34.0047        727     3.0250  0.000e+00
    131.505     9.9944   3.716769    34.0026        728     3.0292  0.000e+00
    131.712     9.9948   3.716970    34.0042        729     3.0333  0.000e+00
    131.923     9.9951   3.717129    34.0055        730     3.0375  0.000e+00
    132.139     9.9958   3.717682    34.0103        731     3.0417  0.000e+00
    132.363     9.9969   3.718265    34.0151        732     3.0458  0.000e+00
    132.585     9.9986   3.718401    34.0149        733     3.0500  0.000e+00
    132.811    10.0003   3.718607    34.0153        734     3.0542  0.000e+00
    133.039    10.0018   3.719096    34.0186        735     3.0583  0.000e+00
    133.258    10.0034   3.719537    34.0216        736     3.0625  0.000e+00
    133.474    10.0051   3.720073    34.0254        737     3.0667  0.000e+00
    133.680    10.0070   3.720085    34.0236        738     3.0708  0.000e+00
    133.872    10.0084   3.720333    34.0247        739     3.0750  0.000e+00
    134.060    10.0096   3.720533    34.0255        740     3.0792  0.000e+00
    134.232    10.0105   3.720721    34.0265        741     3.0833  0.000e+00
    134.407    10.0114   3.720969    34.0281        742     3.0875  0.000e+00
    134.575    10.0125   3.721334    34.0307        743     3.0917  0.000e+00
    134.731    10.0135   3.721705    34.0335        744     3.0958  0.000e+00
    134.892    10.0149   3.721811    34.0331        745     3.1000  0.000e+00
    135.053    10.0160   3.721752    34.0315        746     3.1042  0.000e+00
    135.225    10.0167   3.721970    34.0329        747     3.1083  0.000e+00
    135.399    10.0174   3.722041    34.0329        748     3.1125  0.000e+00
    135.585    10.0180   3.722819    34.0402        749     3.1167  0.000e+00
    135.771    10.0193   3.722931    34.0400        750     3.1208  0.000e+00
    135.974    10.0211   3.723273    34.0417        751     3.1250  0.000e+00
    136.191    10.0226   3.723632    34.0439        752     3.1292  0.000e+00
    136.415    10.0247   3.725347    34.0592        753     3.1333  0.000e+00
    136.645    10.0284   3.724475    34.0468        754     3.1375  0.000e+00
    136.880    10.0307   3.730994    34.1109        755     3.1417  0.000e+00
    137.123    10.0410   3.740138    34.1942        756     3.1458  0.000e+00
    137.360    10.0638   3.741643    34.1879        757     3.1500  0.000e+00
    137.604    10.0855   3.750431    34.2567        758     3.1542  0.000e+00
    137.839    10.1118   3.756152    34.2899        759     3.1583  0.000e+00
    138.070    10.1394   3.760853    34.3115        760     3.1625  0.000e+00
    138.293    10.1674   3.769914    34.3770        761     3.1667  0.000e+00
    138.510    10.2007   3.777994    34.4274        762     3.1708  0.000e+00
    138.720    10.2379   3.777194    34.3838        763     3.1750  0.000e+00
    138.917    10.2639   3.779333    34.3808        764     3.1792  0.000e+00
    139.107    10.2831   3.781733    34.3868        765     3.1833  0.000e+00
    139.292    10.2993   3.783399    34.3883        766     3.1875  0.000e+00
    139.465    10.3123   3.784573    34.3878        767     3.1917  0.000e+00
    139.641    10.3240   3.784662    34.3775        768     3.1958  0.000e+00
    139.807    10.3318   3.782694    34.3502        769     3.2000  0.000e+00
    139.972    10.3342   3.782866    34.3496        770     3.2042  0.000e+00
    140.133    10.3345   3.782379    34.3443        771     3.2083  0.000e+00
    140.299    10.3340   3.781259    34.3334        772     3.2125  0.000e+00
    140.469    10.3316   3.781182    34.3348        773     3.2167  0.000e+00
    140.637    10.3294   3.781164    34.3366        774     3.2208  0.000e+00
    140.809    10.3283   3.779564    34.3214        775     3.2250  0.000e+00
    140.983    10.3253   3.779961    34.3281        776     3.2292  0.000e+00
    141.160    10.3231   3.779635    34.3269        777     3.2333  0.000e+00
    141.341    10.3211   3.778811    34.3203        778     3.2375  0.000e+00
    141.527    10.3187   3.779078    34.3252        779     3.2417  0.000e+00
    141.716    10.3174   3.779671    34.3323        780     3.2458  0.000e+00
    141.909    10.3176   3.779363    34.3290        781     3.2500  0.000e+00
    142.103    10.3175   3.779268    34.3280        782     3.2542  0.000e+00
    142.298    10.3171   3.778918    34.3247        783     3.2583  0.000e+00
    142.497    10.3163   3.778249    34.3186        784     3.2625  0.000e+00
    142.700    10.3145   3.778101    34.3187        785     3.2667  0.000e+00
    142.895    10.3128   3.777147    34.3107        786     3.2708  0.000e+00
    143.091    10.3106   3.777319    34.3143        787     3.2750  0.000e+00
    143.293    10.3088   3.776507    34.3077        788     3.2792  0.000e+00
    143.489    10.3064   3.776442    34.3092        789     3.2833  0.000e+00
    143.693    10.3047   3.776661    34.3130        790     3.2875  0.000e+00
    143.894    10.3039   3.776815    34.3152        791     3.2917  0.000e+00
    144.100    10.3037   3.776744    34.3146        792     3.2958  0.000e+00
    144.308    10.3037   3.776839    34.3155        793     3.3000  0.000e+00
    144.518    10.3035   3.777272    34.3200        794     3.3042  0.000e+00
    144.739    10.3041   3.778433    34.3310        795     3.3083  0.000e+00
    144.963    10.3060   3.779198    34.3368        796     3.3125  0.000e+00
    145.176    10.3096   3.780253    34.3441        797     3.3167  0.000e+00
    145.399    10.3138   3.780828    34.3458        798     3.3208  0.000e+00
    145.620    10.3179   3.781421    34.3479        799     3.3250  0.000e+00
    145.835    10.3216   3.781492    34.3450        800     3.3292  0.000e+00
    146.043    10.3243   3.781492    34.3423        801     3.3333  0.000e+00
    146.253    10.3257   3.781249    34.3384        802     3.3375  0.000e+00
    146.445    10.3263   3.781783    34.3432        803     3.3417  0.000e+00
    146.635    10.3274   3.783212    34.3565        804     3.3458  0.000e+00
    146.823    10.3304   3.784024    34.3619        805     3.3500  0.000e+00
    147.002    10.3341   3.785276    34.3709        806     3.3542  0.000e+00
    147.176    10.3385   3.785798    34.3720        807     3.3583  0.000e+00
    147.346    10.3431   3.786023    34.3698        808     3.3625  0.000e+00
    147.509    10.3463   3.787061    34.3772        809     3.3667  0.000e+00
    147.671    10.3499   3.787886    34.3821        810     3.3708  0.000e+00
    147.836    10.3538   3.788598    34.3855        811     3.3750  0.000e+00
    147.999    10.3576   3.789013    34.3860        812     3.3792  0.000e+00
    148.162    10.3614   3.788912    34.3814        813     3.3833  0.000e+00
    148.332    10.3636   3.789434    34.3845        814     3.3875  0.000e+00
    148.503    10.3657   3.795073    34.4394        815     3.3917  0.000e+00
    148.684    10.3755   3.803264    34.5130        816     3.3958  0.000e+00
    148.871    10.3959   3.802575    34.4865        817     3.4000  0.000e+00
    149.062    10.4122   3.812164    34.5679        818     3.4042  0.000e+00
    149.263    10.4346   3.806348    34.4879        819     3.4083  0.000e+00
    149.471    10.4456   3.807103    34.4849        820     3.4125  0.000e+00
    149.681    10.4520   3.828422    34.6941        821     3.4167  0.000e+00
    149.898    10.4857   3.840101    34.7799        822     3.4208  0.000e+00
    150.110    10.5327   3.842725    34.7614        823     3.4250  0.000e+00
    150.320    10.5708   3.845345    34.7515        824     3.4292  0.000e+00
    150.526    10.6023   3.842474    34.6925        825     3.4333  0.000e+00
    150.727    10.6188   3.844485    34.6969        826     3.4375  0.000e+00
    150.920    10.6312   3.856412    34.8051        827     3.4417  0.000e+00
    151.107    10.6590   3.870759    34.9229        828     3.4458  0.000e+00
    151.284    10.7032   3.878057    34.9540        829     3.4500  0.000e+00
    151.451    10.7529   3.894284    35.0695        830     3.4542  0.000e+00
