HB2406/sbe063.cnv
* Sea-Bird SBE 19plus V2 Data File:
* FileName = C:\cruise\data\sbe063.hex
* Software Version Seasave V 7.26.7.121
* Temperature SN = 7037
* Conductivity SN = 7037
* System UpLoad Time = Aug 17 2024 17:31:20
* NMEA Latitude = 42 32.92 N
* NMEA Longitude = 066 59.01 W
* NMEA UTC (Time) = Aug 17 2024  17:30:13
** Ship: Henry Bigelow
** Cruise:  HB2406
** Program:  ECOMON
# nquan = 7
# nvalues = 4661                                  
# units = specified
# name 0 = depSM: Depth [salt water, m]
# name 1 = tv290C: Temperature [ITS-90, deg C]
# name 2 = c0S/m: Conductivity [S/m]
# name 3 = sal00: Salinity, Practical [PSU]
# name 4 = scan: Scan Count
# name 5 = timeM: Time, Elapsed [minutes]
# name 6 = flag:  0.000e+00
# span 0 =      0.030,    199.889                 
# span 1 =     6.5843,    19.6559                 
# span 2 =  -0.000031,   4.337894                 
# span 3 =     0.0000,    35.3414                 
# span 4 =         11,       4671                 
# span 5 =     0.0417,    19.4583                 
# span 6 = 0.0000e+00, 0.0000e+00                 
# interval = seconds: 0.25
# start_time = Aug 17 2024 17:30:13 [NMEA time, header]
# bad_flag = -9.990e-29
*END*
[from data line 4308]
     15.382    14.5249   3.881456    31.6652       4319    17.9917  0.000e+00
     15.384    14.5255   3.881552    31.6656       4320    17.9958  0.000e+00
     15.393    14.5262   3.881390    31.6636       4321    18.0000  0.000e+00
     15.405    14.5260   3.881480    31.6646       4322    18.0042  0.000e+00
     15.418    14.5260   3.881504    31.6648       4323    18.0083  0.000e+00
     15.434    14.5259   3.881318    31.6631       4324    18.0125  0.000e+00
     15.448    14.5253   3.880929    31.6601       4325    18.0167  0.000e+00
     15.459    14.5233   3.880815    31.6607       4326    18.0208  0.000e+00
     15.472    14.5212   3.880863    31.6628       4327    18.0250  0.000e+00
     15.481    14.5198   3.880863    31.6640       4328    18.0292  0.000e+00
     15.474    14.5191   3.880887    31.6648       4329    18.0333  0.000e+00
     15.452    14.5184   3.880743    31.6641       4330    18.0375  0.000e+00
     15.441    14.5179   3.880749    31.6645       4331    18.0417  0.000e+00
     15.425    14.5174   3.881432    31.6711       4332    18.0458  0.000e+00
     15.405    14.5194   3.882283    31.6773       4333    18.0500  0.000e+00
     15.371    14.5242   3.882786    31.6779       4334    18.0542  0.000e+00
     15.338    14.5297   3.883793    31.6825       4335    18.0583  0.000e+00
     15.304    14.5365   3.884272    31.6814       4336    18.0625  0.000e+00
     15.267    14.5437   3.884692    31.6794       4337    18.0667  0.000e+00
     15.222    14.5498   3.885099    31.6780       4338    18.0708  0.000e+00
     15.173    14.5555   3.885465    31.6768       4339    18.0750  0.000e+00
     15.130    14.5605   3.886058    31.6781       4340    18.0792  0.000e+00
     15.068    14.5660   3.886933    31.6816       4341    18.0833  0.000e+00
     15.016    14.5726   3.887347    31.6799       4342    18.0875  0.000e+00
     14.947    14.5792   3.887850    31.6792       4343    18.0917  0.000e+00
     14.884    14.5850   3.888240    31.6780       4344    18.0958  0.000e+00
     14.819    14.5907   3.888642    31.6770       4345    18.1000  0.000e+00
     14.746    14.5957   3.888995    31.6762       4346    18.1042  0.000e+00
     14.667    14.6004   3.889457    31.6765       4347    18.1083  0.000e+00
     14.584    14.6053   3.889751    31.6753       4348    18.1125  0.000e+00
     14.502    14.6098   3.890003    31.6739       4349    18.1167  0.000e+00
     14.416    14.6135   3.890374    31.6742       4350    18.1208  0.000e+00
     14.329    14.6175   3.890626    31.6733       4351    18.1250  0.000e+00
     14.240    14.6211   3.891106    31.6748       4352    18.1292  0.000e+00
     14.152    14.6252   3.891376    31.6740       4353    18.1333  0.000e+00
     14.070    14.6294   3.891448    31.6712       4354    18.1375  0.000e+00
     13.987    14.6322   3.892047    31.6744       4355    18.1417  0.000e+00
     13.902    14.6360   3.892551    31.6759       4356    18.1458  0.000e+00
     13.824    14.6408   3.893175    31.6776       4357    18.1500  0.000e+00
     13.747    14.6462   3.893517    31.6763       4358    18.1542  0.000e+00
     13.676    14.6515   3.893817    31.6748       4359    18.1583  0.000e+00
     13.611    14.6561   3.893906    31.6719       4360    18.1625  0.000e+00
     13.549    14.6596   3.894332    31.6729       4361    18.1667  0.000e+00
     13.490    14.6630   3.894962    31.6759       4362    18.1708  0.000e+00
     13.439    14.6676   3.895514    31.6772       4363    18.1750  0.000e+00
     13.389    14.6730   3.896414    31.6809       4364    18.1792  0.000e+00
     13.349    14.6801   3.897242    31.6827       4365    18.1833  0.000e+00
     13.311    14.6879   3.897698    31.6805       4366    18.1875  0.000e+00
     13.278    14.6950   3.897836    31.6759       4367    18.1917  0.000e+00
     13.255    14.7002   3.898022    31.6734       4368    18.1958  0.000e+00
     13.242    14.7043   3.898136    31.6710       4369    18.2000  0.000e+00
     13.231    14.7072   3.898226    31.6696       4370    18.2042  0.000e+00
     13.237    14.7093   3.898298    31.6685       4371    18.2083  0.000e+00
     13.257    14.7108   3.898274    31.6670       4372    18.2125  0.000e+00
     13.275    14.7118   3.898184    31.6654       4373    18.2167  0.000e+00
     13.307    14.7118   3.898112    31.6648       4374    18.2208  0.000e+00
     13.340    14.7113   3.898022    31.6643       4375    18.2250  0.000e+00
     13.372    14.7108   3.897698    31.6618       4376    18.2292  0.000e+00
     13.419    14.7095   3.897170    31.6581       4377    18.2333  0.000e+00
     13.462    14.7064   3.896432    31.6539       4378    18.2375  0.000e+00
     13.506    14.7016   3.895862    31.6525       4379    18.2417  0.000e+00
     13.542    14.6960   3.895580    31.6546       4380    18.2458  0.000e+00
     13.567    14.6908   3.895448    31.6576       4381    18.2500  0.000e+00
     13.582    14.6869   3.895310    31.6595       4382    18.2542  0.000e+00
     13.596    14.6836   3.895238    31.6616       4383    18.2583  0.000e+00
     13.593    14.6812   3.895100    31.6623       4384    18.2625  0.000e+00
     13.582    14.6794   3.895076    31.6635       4385    18.2667  0.000e+00
     13.558    14.6780   3.895172    31.6655       4386    18.2708  0.000e+00
     13.533    14.6773   3.895376    31.6680       4387    18.2750  0.000e+00
     13.495    14.6777   3.895490    31.6687       4388    18.2792  0.000e+00
     13.441    14.6788   3.895868    31.6712       4389    18.2833  0.000e+00
     13.394    14.6807   3.896732    31.6775       4390    18.2875  0.000e+00
     13.343    14.6854   3.897698    31.6824       4391    18.2917  0.000e+00
     13.271    14.6920   3.898184    31.6815       4392    18.2958  0.000e+00
     13.224    14.6987   3.898388    31.6779       4393    18.3000  0.000e+00
     13.159    14.7044   3.898622    31.6754       4394    18.3042  0.000e+00
     13.097    14.7087   3.898688    31.6725       4395    18.3083  0.000e+00
     13.034    14.7117   3.898778    31.6709       4396    18.3125  0.000e+00
     12.971    14.7142   3.899150    31.6723       4397    18.3167  0.000e+00
     12.914    14.7167   3.899565    31.6740       4398    18.3208  0.000e+00
     12.858    14.7200   3.899859    31.6740       4399    18.3250  0.000e+00
     12.806    14.7235   3.900483    31.6768       4400    18.3292  0.000e+00
     12.745    14.7282   3.901936    31.6861       4401    18.3333  0.000e+00
     12.679    14.7374   3.903960    31.6970       4402    18.3375  0.000e+00
     12.632    14.7512   3.906476    31.7085       4403    18.3417  0.000e+00
     12.571    14.7704   3.909011    31.7158       4404    18.3458  0.000e+00
     12.513    14.7935   3.911439    31.7190       4405    18.3500  0.000e+00
     12.452    14.8184   3.914210    31.7237       4406    18.3542  0.000e+00
     12.390    14.8461   3.917150    31.7277       4407    18.3583  0.000e+00
     12.323    14.8762   3.920458    31.7331       4408    18.3625  0.000e+00
     12.258    14.9088   3.923189    31.7312       4409    18.3667  0.000e+00
     12.196    14.9423   3.925999    31.7294       4410    18.3708  0.000e+00
     12.139    14.9754   3.928780    31.7275       4411    18.3750  0.000e+00
     12.075    15.0083   3.931038    31.7211       4412    18.3792  0.000e+00
     12.023    15.0386   3.932989    31.7141       4413    18.3833  0.000e+00
     11.970    15.0660   3.934893    31.7090       4414    18.3875  0.000e+00
     11.927    15.0915   3.936453    31.7024       4415    18.3917  0.000e+00
     11.891    15.1141   3.937574    31.6941       4416    18.3958  0.000e+00
     11.853    15.1335   3.938291    31.6849       4417    18.4000  0.000e+00
     11.817    15.1487   3.938736    31.6766       4418    18.4042  0.000e+00
     11.788    15.1604   3.939249    31.6718       4419    18.4083  0.000e+00
     11.766    15.1696   3.939809    31.6694       4420    18.4125  0.000e+00
     11.739    15.1774   3.940297    31.6674       4421    18.4167  0.000e+00
     11.717    15.1846   3.940671    31.6649       4422    18.4208  0.000e+00
     11.703    15.1908   3.940761    31.6607       4423    18.4250  0.000e+00
     11.683    15.1952   3.940924    31.6586       4424    18.4292  0.000e+00
     11.667    15.1983   3.941322    31.6597       4425    18.4333  0.000e+00
     11.656    15.2015   3.941533    31.6590       4426    18.4375  0.000e+00
     11.639    15.2047   3.941744    31.6583       4427    18.4417  0.000e+00
     11.614    15.2079   3.941949    31.6576       4428    18.4458  0.000e+00
     11.598    15.2103   3.942274    31.6586       4429    18.4500  0.000e+00
     11.582    15.2133   3.942745    31.6604       4430    18.4542  0.000e+00
     11.547    15.2169   3.943209    31.6616       4431    18.4583  0.000e+00
     11.522    15.2211   3.943818    31.6637       4432    18.4625  0.000e+00
     11.495    15.2262   3.944445    31.6652       4433    18.4667  0.000e+00
     11.460    15.2322   3.945102    31.6663       4434    18.4708  0.000e+00
     11.430    15.2386   3.945826    31.6675       4435    18.4750  0.000e+00
     11.388    15.2454   3.946640    31.6693       4436    18.4792  0.000e+00
     11.350    15.2531   3.947811    31.6737       4437    18.4833  0.000e+00
     11.307    15.2623   3.948697    31.6742       4438    18.4875  0.000e+00
     11.278    15.2726   3.949584    31.6737       4439    18.4917  0.000e+00
     11.250    15.2828   3.950236    31.6714       4440    18.4958  0.000e+00
     11.212    15.2922   3.950869    31.6694       4441    18.5000  0.000e+00
     11.191    15.3005   3.951358    31.6671       4442    18.5042  0.000e+00
     11.176    15.3081   3.951732    31.6643       4443    18.5083  0.000e+00
     11.155    15.3145   3.952130    31.6627       4444    18.5125  0.000e+00
     11.140    15.3203   3.952529    31.6616       4445    18.5167  0.000e+00
     11.125    15.3252   3.952879    31.6608       4446    18.5208  0.000e+00
     11.109    15.3298   3.953416    31.6619       4447    18.5250  0.000e+00
     11.097    15.3345   3.954002    31.6633       4448    18.5292  0.000e+00
     11.078    15.3402   3.954563    31.6638       4449    18.5333  0.000e+00
     11.060    15.3463   3.955269    31.6652       4450    18.5375  0.000e+00
     11.039    15.3529   3.956133    31.6675       4451    18.5417  0.000e+00
     11.020    15.3604   3.956857    31.6679       4452    18.5458  0.000e+00
     10.991    15.3684   3.957401    31.6664       4453    18.5500  0.000e+00
     10.963    15.3758   3.957986    31.6657       4454    18.5542  0.000e+00
     10.926    15.3831   3.958759    31.6666       4455    18.5583  0.000e+00
     10.881    15.3911   3.960009    31.6714       4456    18.5625  0.000e+00
     10.840    15.4013   3.961737    31.6785       4457    18.5667  0.000e+00
     10.803    15.4150   3.963798    31.6859       4458    18.5708  0.000e+00
     10.753    15.4324   3.965725    31.6891       4459    18.5750  0.000e+00
     10.709    15.4516   3.967369    31.6882       4460    18.5792  0.000e+00
     10.670    15.4714   3.969533    31.6916       4461    18.5833  0.000e+00
     10.624    15.4923   3.971789    31.6948       4462    18.5875  0.000e+00
     10.586    15.5146   3.973222    31.6897       4463    18.5917  0.000e+00
     10.547    15.5358   3.974069    31.6801       4464    18.5958  0.000e+00
     10.507    15.5540   3.974776    31.6718       4465    18.6000  0.000e+00
     10.476    15.5683   3.975557    31.6673       4466    18.6042  0.000e+00
     10.442    15.5803   3.976264    31.6639       4467    18.6083  0.000e+00
     10.400    15.5909   3.977130    31.6631       4468    18.6125  0.000e+00
     10.355    15.6006   3.978927    31.6713       4469    18.6167  0.000e+00
     10.319    15.6130   3.981754    31.6864       4470    18.6208  0.000e+00
     10.277    15.6318   3.986029    31.7092       4471    18.6250  0.000e+00
     10.237    15.6602   3.991918    31.7386       4472    18.6292  0.000e+00
     10.187    15.7016   3.998410    31.7628       4473    18.6333  0.000e+00
     10.129    15.7549   4.002043    31.7521       4474    18.6375  0.000e+00
     10.071    15.8065   4.003851    31.7267       4475    18.6417  0.000e+00
     10.013    15.8487   4.005185    31.7047       4476    18.6458  0.000e+00
      9.955    15.8809   4.007509    31.6994       4477    18.6500  0.000e+00
      9.897    15.9094   4.010314    31.7014       4478    18.6542  0.000e+00
      9.834    15.9395   4.012718    31.6985       4479    18.6583  0.000e+00
      9.764    15.9709   4.014151    31.6860       4480    18.6625  0.000e+00
      9.693    15.9979   4.014698    31.6693       4481    18.6667  0.000e+00
      9.626    16.0184   4.016484    31.6687       4482    18.6708  0.000e+00
      9.556    16.0376   4.017559    31.6629       4483    18.6750  0.000e+00
      9.501    16.0556   4.018659    31.6582       4484    18.6792  0.000e+00
      9.451    16.0713   4.019327    31.6516       4485    18.6833  0.000e+00
      9.400    16.0846   4.019910    31.6461       4486    18.6875  0.000e+00
      9.377    16.0956   4.020378    31.6415       4487    18.6917  0.000e+00
      9.349    16.1048   4.020755    31.6374       4488    18.6958  0.000e+00
      9.322    16.1121   4.021113    31.6348       4489    18.7000  0.000e+00
      9.306    16.1187   4.021666    31.6344       4490    18.7042  0.000e+00
      9.286    16.1248   4.021830    31.6310       4491    18.7083  0.000e+00
      9.273    16.1298   4.021903    31.6277       4492    18.7125  0.000e+00
      9.259    16.1337   4.021976    31.6252       4493    18.7167  0.000e+00
      9.239    16.1362   4.021976    31.6232       4494    18.7208  0.000e+00
      9.221    16.1378   4.022073    31.6228       4495    18.7250  0.000e+00
      9.194    16.1390   4.022377    31.6245       4496    18.7292  0.000e+00
      9.172    16.1410   4.022979    31.6282       4497    18.7333  0.000e+00
      9.149    16.1443   4.023648    31.6314       4498    18.7375  0.000e+00
      9.118    16.1490   4.024292    31.6334       4499    18.7417  0.000e+00
      9.087    16.1547   4.024864    31.6339       4500    18.7458  0.000e+00
      9.053    16.1607   4.025496    31.6346       4501    18.7500  0.000e+00
      9.031    16.1677   4.026323    31.6363       4502    18.7542  0.000e+00
      8.999    16.1755   4.027309    31.6387       4503    18.7583  0.000e+00
      8.962    16.1848   4.028549    31.6423       4504    18.7625  0.000e+00
      8.939    16.1959   4.030034    31.6464       4505    18.7667  0.000e+00
      8.912    16.2099   4.031184    31.6454       4506    18.7708  0.000e+00
      8.881    16.2245   4.033271    31.6520       4507    18.7750  0.000e+00
      8.848    16.2413   4.035809    31.6609       4508    18.7792  0.000e+00
      8.812    16.2630   4.039066    31.6722       4509    18.7833  0.000e+00
      8.769    16.2903   4.043379    31.6881       4510    18.7875  0.000e+00
      8.731    16.3259   4.047345    31.6945       4511    18.7917  0.000e+00
      8.687    16.3655   4.049948    31.6857       4512    18.7958  0.000e+00
      8.633    16.4044   4.058639    31.7306       4513    18.8000  0.000e+00
      8.586    16.4570   4.068816    31.7775       4514    18.8042  0.000e+00
      8.523    16.5297   4.075726    31.7799       4515    18.8083  0.000e+00
      8.467    16.6046   4.081166    31.7677       4516    18.8125  0.000e+00
      8.405    16.6742   4.084230    31.7392       4517    18.8167  0.000e+00
      8.348    16.7313   4.089590    31.7404       4518    18.8208  0.000e+00
      8.282    16.7854   4.098169    31.7718       4519    18.8250  0.000e+00
      8.216    16.8470   4.102758    31.7628       4520    18.8292  0.000e+00
      8.159    16.9068   4.105840    31.7422       4521    18.8333  0.000e+00
      8.103    16.9574   4.108317    31.7237       4522    18.8375  0.000e+00
