HB2406/sbe053.cnv
* Sea-Bird SBE 19plus V2 Data File:
* FileName = C:\cruise\data\sbe053.hex
* Software Version Seasave V 7.26.7.121
* Temperature SN = 7037
* Conductivity SN = 7037
* System UpLoad Time = Aug 16 2024 23:26:27
* NMEA Latitude = 43 32.62 N
* NMEA Longitude = 067 56.13 W
* NMEA UTC (Time) = Aug 16 2024  23:25:19
** Ship: Henry Bigelow
** Cruise:  HB2406
** Program:  ECOMON
# nquan = 7
# nvalues = 5004                                  
# units = specified
# name 0 = depSM: Depth [salt water, m]
# name 1 = tv290C: Temperature [ITS-90, deg C]
# name 2 = c0S/m: Conductivity [S/m]
# name 3 = sal00: Salinity, Practical [PSU]
# name 4 = scan: Scan Count
# name 5 = timeM: Time, Elapsed [minutes]
# name 6 = flag:  0.000e+00
# span 0 =      0.009,    199.506                 
# span 1 =     6.3077,    20.4567                 
# span 2 =  -0.000044,   4.457669                 
# span 3 =     0.0000,    34.1270                 
# span 4 =         11,       5014                 
# span 5 =     0.0417,    20.8875                 
# span 6 = 0.0000e+00, 0.0000e+00                 
# interval = seconds: 0.25
# start_time = Aug 16 2024 23:25:19 [NMEA time, header]
# bad_flag = -9.990e-29
*END*
[from data line 3898]
     51.005     6.5224   3.259626    32.4777       3909    16.2833  0.000e+00
     50.973     6.5223   3.259609    32.4776       3910    16.2875  0.000e+00
     50.942     6.5224   3.259570    32.4771       3911    16.2917  0.000e+00
     50.902     6.5223   3.259357    32.4748       3912    16.2958  0.000e+00
     50.857     6.5218   3.259201    32.4736       3913    16.3000  0.000e+00
     50.810     6.5211   3.259139    32.4736       3914    16.3042  0.000e+00
     50.759     6.5206   3.259056    32.4732       3915    16.3083  0.000e+00
     50.714     6.5201   3.259044    32.4735       3916    16.3125  0.000e+00
     50.658     6.5198   3.258977    32.4731       3917    16.3167  0.000e+00
     50.604     6.5198   3.258916    32.4725       3918    16.3208  0.000e+00
     50.555     6.5201   3.258854    32.4716       3919    16.3250  0.000e+00
     50.508     6.5202   3.258754    32.4704       3920    16.3292  0.000e+00
     50.463     6.5202   3.258676    32.4695       3921    16.3333  0.000e+00
     50.428     6.5204   3.258631    32.4689       3922    16.3375  0.000e+00
     50.396     6.5203   3.258608    32.4688       3923    16.3417  0.000e+00
     50.376     6.5204   3.258608    32.4686       3924    16.3458  0.000e+00
     50.347     6.5204   3.258608    32.4686       3925    16.3500  0.000e+00
     50.325     6.5208   3.258636    32.4686       3926    16.3542  0.000e+00
     50.302     6.5210   3.258631    32.4683       3927    16.3583  0.000e+00
     50.280     6.5213   3.258608    32.4679       3928    16.3625  0.000e+00
     50.264     6.5213   3.258586    32.4676       3929    16.3667  0.000e+00
     50.240     6.5213   3.258480    32.4665       3930    16.3708  0.000e+00
     50.208     6.5211   3.258346    32.4651       3931    16.3750  0.000e+00
     50.173     6.5206   3.258201    32.4640       3932    16.3792  0.000e+00
     50.142     6.5197   3.257955    32.4622       3933    16.3833  0.000e+00
     50.101     6.5185   3.257692    32.4604       3934    16.3875  0.000e+00
     50.052     6.5171   3.257508    32.4598       3935    16.3917  0.000e+00
     50.003     6.5155   3.257245    32.4584       3936    16.3958  0.000e+00
     49.951     6.5140   3.256876    32.4558       3937    16.4000  0.000e+00
     49.891     6.5120   3.256184    32.4500       3938    16.4042  0.000e+00
     49.828     6.5088   3.255513    32.4458       3939    16.4083  0.000e+00
     49.770     6.5041   3.254726    32.4416       3940    16.4125  0.000e+00
     49.705     6.4989   3.253330    32.4311       3941    16.4167  0.000e+00
     49.639     6.4923   3.252029    32.4230       3942    16.4208  0.000e+00
     49.582     6.4840   3.251398    32.4240       3943    16.4250  0.000e+00
     49.527     6.4767   3.251298    32.4298       3944    16.4292  0.000e+00
     49.468     6.4713   3.251309    32.4350       3945    16.4333  0.000e+00
     49.422     6.4680   3.251337    32.4385       3946    16.4375  0.000e+00
     49.377     6.4663   3.251382    32.4407       3947    16.4417  0.000e+00
     49.334     6.4654   3.251382    32.4416       3948    16.4458  0.000e+00
     49.298     6.4648   3.251382    32.4421       3949    16.4500  0.000e+00
     49.269     6.4647   3.251348    32.4419       3950    16.4542  0.000e+00
     49.240     6.4646   3.251359    32.4421       3951    16.4583  0.000e+00
     49.216     6.4647   3.251382    32.4423       3952    16.4625  0.000e+00
     49.194     6.4647   3.251382    32.4423       3953    16.4667  0.000e+00
     49.176     6.4647   3.251359    32.4420       3954    16.4708  0.000e+00
     49.155     6.4647   3.251348    32.4420       3955    16.4750  0.000e+00
     49.135     6.4647   3.251337    32.4418       3956    16.4792  0.000e+00
     49.115     6.4648   3.251298    32.4413       3957    16.4833  0.000e+00
     49.087     6.4647   3.251275    32.4412       3958    16.4875  0.000e+00
     49.062     6.4645   3.251220    32.4407       3959    16.4917  0.000e+00
     49.026     6.4643   3.251197    32.4407       3960    16.4958  0.000e+00
     48.990     6.4642   3.251231    32.4412       3961    16.5000  0.000e+00
     48.945     6.4644   3.251381    32.4427       3962    16.5042  0.000e+00
     48.896     6.4651   3.251683    32.4454       3963    16.5083  0.000e+00
     48.852     6.4669   3.252051    32.4478       3964    16.5125  0.000e+00
     48.802     6.4697   3.252336    32.4483       3965    16.5167  0.000e+00
     48.744     6.4730   3.252353    32.4454       3966    16.5208  0.000e+00
     48.682     6.4760   3.251990    32.4385       3967    16.5250  0.000e+00
     48.628     6.4774   3.251013    32.4264       3968    16.5292  0.000e+00
     48.568     6.4763   3.250097    32.4174       3969    16.5333  0.000e+00
     48.519     6.4730   3.249589    32.4149       3970    16.5375  0.000e+00
     48.462     6.4693   3.249310    32.4153       3971    16.5417  0.000e+00
     48.407     6.4657   3.249003    32.4154       3972    16.5458  0.000e+00
     48.358     6.4627   3.248736    32.4153       3973    16.5500  0.000e+00
     48.313     6.4599   3.248574    32.4162       3974    16.5542  0.000e+00
     48.271     6.4576   3.248390    32.4164       3975    16.5583  0.000e+00
     48.230     6.4555   3.248144    32.4157       3976    16.5625  0.000e+00
     48.187     6.4535   3.247988    32.4159       3977    16.5667  0.000e+00
     48.139     6.4519   3.247882    32.4163       3978    16.5708  0.000e+00
     48.105     6.4506   3.247904    32.4178       3979    16.5750  0.000e+00
     48.058     6.4496   3.247926    32.4190       3980    16.5792  0.000e+00
     48.007     6.4491   3.247965    32.4199       3981    16.5833  0.000e+00
     47.959     6.4489   3.248010    32.4207       3982    16.5875  0.000e+00
     47.915     6.4489   3.248150    32.4222       3983    16.5917  0.000e+00
     47.864     6.4494   3.248350    32.4240       3984    16.5958  0.000e+00
     47.814     6.4504   3.248328    32.4227       3985    16.6000  0.000e+00
     47.765     6.4513   3.248495    32.4238       3986    16.6042  0.000e+00
     47.720     6.4524   3.248434    32.4221       3987    16.6083  0.000e+00
     47.675     6.4529   3.248613    32.4237       3988    16.6125  0.000e+00
     47.635     6.4537   3.248635    32.4231       3989    16.6167  0.000e+00
     47.597     6.4546   3.248657    32.4225       3990    16.6208  0.000e+00
     47.561     6.4551   3.248635    32.4218       3991    16.6250  0.000e+00
     47.524     6.4554   3.248674    32.4220       3992    16.6292  0.000e+00
     47.499     6.4556   3.248763    32.4228       3993    16.6333  0.000e+00
     47.470     6.4562   3.248780    32.4225       3994    16.6375  0.000e+00
     47.445     6.4566   3.248797    32.4222       3995    16.6417  0.000e+00
     47.423     6.4569   3.248797    32.4220       3996    16.6458  0.000e+00
     47.392     6.4571   3.248819    32.4220       3997    16.6500  0.000e+00
     47.371     6.4574   3.248825    32.4218       3998    16.6542  0.000e+00
     47.349     6.4577   3.248836    32.4217       3999    16.6583  0.000e+00
     47.324     6.4578   3.248858    32.4219       4000    16.6625  0.000e+00
     47.295     6.4578   3.248858    32.4218       4001    16.6667  0.000e+00
     47.271     6.4582   3.248836    32.4213       4002    16.6708  0.000e+00
     47.229     6.4584   3.248825    32.4210       4003    16.6750  0.000e+00
     47.195     6.4586   3.248612    32.4184       4004    16.6792  0.000e+00
     47.152     6.4584   3.248166    32.4137       4005    16.6833  0.000e+00
     47.108     6.4573   3.247580    32.4082       4006    16.6875  0.000e+00
     47.061     6.4555   3.247234    32.4062       4007    16.6917  0.000e+00
     47.018     6.4533   3.247089    32.4067       4008    16.6958  0.000e+00
     46.967     6.4515   3.246983    32.4073       4009    16.7000  0.000e+00
     46.909     6.4502   3.246804    32.4065       4010    16.7042  0.000e+00
     46.859     6.4492   3.246464    32.4038       4011    16.7083  0.000e+00
     46.801     6.4479   3.245912    32.3989       4012    16.7125  0.000e+00
     46.743     6.4463   3.245510    32.3960       4013    16.7167  0.000e+00
     46.689     6.4441   3.244673    32.3889       4014    16.7208  0.000e+00
     46.631     6.4408   3.243920    32.3837       4015    16.7250  0.000e+00
     46.571     6.4367   3.243418    32.3821       4016    16.7292  0.000e+00
     46.518     6.4336   3.243234    32.3830       4017    16.7333  0.000e+00
     46.459     6.4316   3.243335    32.3861       4018    16.7375  0.000e+00
     46.401     6.4309   3.243095    32.3841       4019    16.7417  0.000e+00
     46.347     6.4309   3.242331    32.3757       4020    16.7458  0.000e+00
     46.296     6.4295   3.241896    32.3722       4021    16.7500  0.000e+00
     46.244     6.4274   3.241896    32.3742       4022    16.7542  0.000e+00
     46.197     6.4260   3.241996    32.3767       4023    16.7583  0.000e+00
     46.146     6.4260   3.242219    32.3792       4024    16.7625  0.000e+00
     46.110     6.4271   3.242387    32.3800       4025    16.7667  0.000e+00
     46.068     6.4292   3.242543    32.3798       4026    16.7708  0.000e+00
     46.032     6.4313   3.242810    32.3807       4027    16.7750  0.000e+00
     45.994     6.4339   3.243033    32.3808       4028    16.7792  0.000e+00
     45.956     6.4368   3.243156    32.3794       4029    16.7833  0.000e+00
     45.920     6.4393   3.243217    32.3777       4030    16.7875  0.000e+00
     45.884     6.4414   3.243396    32.3777       4031    16.7917  0.000e+00
     45.847     6.4435   3.243747    32.3796       4032    16.7958  0.000e+00
     45.808     6.4468   3.244004    32.3793       4033    16.8000  0.000e+00
     45.770     6.4503   3.244149    32.3776       4034    16.8042  0.000e+00
     45.724     6.4533   3.244288    32.3763       4035    16.8083  0.000e+00
     45.675     6.4559   3.244349    32.3746       4036    16.8125  0.000e+00
     45.634     6.4579   3.244533    32.3748       4037    16.8167  0.000e+00
     45.585     6.4598   3.244790    32.3758       4038    16.8208  0.000e+00
     45.533     6.4622   3.245164    32.3776       4039    16.8250  0.000e+00
     45.485     6.4653   3.245487    32.3783       4040    16.8292  0.000e+00
     45.438     6.4687   3.246095    32.3819       4041    16.8333  0.000e+00
     45.393     6.4730   3.246642    32.3838       4042    16.8375  0.000e+00
     45.348     6.4781   3.247027    32.3833       4043    16.8417  0.000e+00
     45.301     6.4832   3.247233    32.3807       4044    16.8458  0.000e+00
     45.261     6.4876   3.247233    32.3766       4045    16.8500  0.000e+00
     45.227     6.4911   3.247255    32.3736       4046    16.8542  0.000e+00
     45.191     6.4933   3.247233    32.3712       4047    16.8583  0.000e+00
     45.154     6.4948   3.247110    32.3684       4048    16.8625  0.000e+00
     45.124     6.4958   3.246904    32.3652       4049    16.8667  0.000e+00
     45.091     6.4963   3.246848    32.3642       4050    16.8708  0.000e+00
     45.062     6.4970   3.246848    32.3636       4051    16.8750  0.000e+00
     45.031     6.4980   3.246826    32.3623       4052    16.8792  0.000e+00
     44.997     6.4990   3.246826    32.3614       4053    16.8833  0.000e+00
     44.961     6.4998   3.246865    32.3611       4054    16.8875  0.000e+00
     44.923     6.5008   3.246920    32.3608       4055    16.8917  0.000e+00
     44.887     6.5018   3.247049    32.3613       4056    16.8958  0.000e+00
     44.838     6.5035   3.247255    32.3620       4057    16.9000  0.000e+00
     44.787     6.5061   3.247718    32.3647       4058    16.9042  0.000e+00
     44.737     6.5098   3.248226    32.3668       4059    16.9083  0.000e+00
     44.686     6.5143   3.248589    32.3666       4060    16.9125  0.000e+00
     44.624     6.5194   3.248957    32.3658       4061    16.9167  0.000e+00
     44.563     6.5242   3.249202    32.3640       4062    16.9208  0.000e+00
     44.500     6.5289   3.249426    32.3620       4063    16.9250  0.000e+00
     44.433     6.5331   3.249571    32.3596       4064    16.9292  0.000e+00
     44.377     6.5374   3.249677    32.3568       4065    16.9333  0.000e+00
     44.317     6.5407   3.249872    32.3559       4066    16.9375  0.000e+00
     44.257     6.5437   3.249933    32.3537       4067    16.9417  0.000e+00
     44.198     6.5460   3.249933    32.3515       4068    16.9458  0.000e+00
     44.141     6.5476   3.250095    32.3518       4069    16.9500  0.000e+00
     44.091     6.5493   3.250157    32.3510       4070    16.9542  0.000e+00
     44.040     6.5508   3.250196    32.3500       4071    16.9583  0.000e+00
     43.997     6.5519   3.250318    32.3503       4072    16.9625  0.000e+00
     43.959     6.5531   3.250380    32.3499       4073    16.9667  0.000e+00
     43.917     6.5545   3.250318    32.3479       4074    16.9708  0.000e+00
     43.886     6.5551   3.250363    32.3479       4075    16.9750  0.000e+00
     43.854     6.5555   3.250469    32.3487       4076    16.9792  0.000e+00
     43.819     6.5563   3.250463    32.3479       4077    16.9833  0.000e+00
     43.790     6.5568   3.250586    32.3487       4078    16.9875  0.000e+00
     43.763     6.5576   3.250648    32.3487       4079    16.9917  0.000e+00
     43.734     6.5585   3.250648    32.3479       4080    16.9958  0.000e+00
     43.705     6.5592   3.250664    32.3474       4081    17.0000  0.000e+00
     43.673     6.5596   3.250664    32.3470       4082    17.0042  0.000e+00
     43.637     6.5600   3.250726    32.3473       4083    17.0083  0.000e+00
     43.597     6.5604   3.250726    32.3470       4084    17.0125  0.000e+00
     43.548     6.5607   3.250748    32.3469       4085    17.0167  0.000e+00
     43.501     6.5611   3.250809    32.3473       4086    17.0208  0.000e+00
     43.452     6.5613   3.250860    32.3477       4087    17.0250  0.000e+00
     43.387     6.5621   3.250887    32.3473       4088    17.0292  0.000e+00
     43.329     6.5627   3.250910    32.3470       4089    17.0333  0.000e+00
     43.259     6.5633   3.250910    32.3465       4090    17.0375  0.000e+00
     43.195     6.5637   3.250910    32.3461       4091    17.0417  0.000e+00
     43.127     6.5642   3.250915    32.3457       4092    17.0458  0.000e+00
     43.054     6.5646   3.250887    32.3451       4093    17.0500  0.000e+00
     42.989     6.5650   3.250887    32.3447       4094    17.0542  0.000e+00
     42.920     6.5652   3.250871    32.3443       4095    17.0583  0.000e+00
     42.852     6.5655   3.250887    32.3443       4096    17.0625  0.000e+00
     42.792     6.5656   3.250837    32.3436       4097    17.0667  0.000e+00
     42.734     6.5658   3.250870    32.3439       4098    17.0708  0.000e+00
     42.676     6.5658   3.250848    32.3437       4099    17.0750  0.000e+00
     42.626     6.5659   3.250848    32.3436       4100    17.0792  0.000e+00
     42.577     6.5660   3.250870    32.3437       4101    17.0833  0.000e+00
     42.532     6.5663   3.250898    32.3438       4102    17.0875  0.000e+00
     42.488     6.5665   3.250909    32.3438       4103    17.0917  0.000e+00
     42.448     6.5671   3.250887    32.3430       4104    17.0958  0.000e+00
     42.412     6.5673   3.250870    32.3426       4105    17.1000  0.000e+00
     42.376     6.5674   3.250870    32.3426       4106    17.1042  0.000e+00
     42.338     6.5673   3.250898    32.3430       4107    17.1083  0.000e+00
     42.307     6.5676   3.250948    32.3433       4108    17.1125  0.000e+00
     42.268     6.5681   3.250948    32.3428       4109    17.1167  0.000e+00
     42.239     6.5685   3.250948    32.3425       4110    17.1208  0.000e+00
     42.206     6.5688   3.251071    32.3435       4111    17.1250  0.000e+00
     42.172     6.5695   3.251255    32.3449       4112    17.1292  0.000e+00
