HB2406/sbe059.cnv
* Sea-Bird SBE 19plus V2 Data File:
* FileName = C:\cruise\data\sbe059.hex
* Software Version Seasave V 7.26.7.121
* Temperature SN = 7037
* Conductivity SN = 7037
* System UpLoad Time = Aug 17 2024 08:36:53
* NMEA Latitude = 42 36.65 N
* NMEA Longitude = 067 53.49 W
* NMEA UTC (Time) = Aug 17 2024  08:35:45
** Ship: Henry Bigelow
** Cruise:  HB2406
** Program:  ECOMON
# nquan = 7
# nvalues = 2019                                  
# units = specified
# name 0 = depSM: Depth [salt water, m]
# name 1 = tv290C: Temperature [ITS-90, deg C]
# name 2 = c0S/m: Conductivity [S/m]
# name 3 = sal00: Salinity, Practical [PSU]
# name 4 = scan: Scan Count
# name 5 = timeM: Time, Elapsed [minutes]
# name 6 = flag:  0.000e+00
# span 0 =      0.214,    200.749                 
# span 1 =     6.5613,    19.8625                 
# span 2 =   3.241994,   4.343671                 
# span 3 =    31.0275,    34.8286                 
# span 4 =         11,       2029                 
# span 5 =     0.0417,     8.4500                 
# span 6 = 0.0000e+00, 0.0000e+00                 
# interval = seconds: 0.25
# start_time = Aug 17 2024 08:35:45 [NMEA time, header]
# bad_flag = -9.990e-29
*END*
[from data line 821]
    166.552     9.1693   3.707700    34.6820        832     3.4625  0.000e+00
    166.726     9.1687   3.707848    34.6841        833     3.4667  0.000e+00
    166.907     9.1666   3.707877    34.6863        834     3.4708  0.000e+00
    167.090     9.1637   3.707536    34.6854        835     3.4750  0.000e+00
    167.285     9.1587   3.707377    34.6886        836     3.4792  0.000e+00
    167.486     9.1523   3.707313    34.6940        837     3.4833  0.000e+00
    167.694     9.1476   3.707378    34.6992        838     3.4875  0.000e+00
    167.911     9.1454   3.707572    34.7033        839     3.4917  0.000e+00
    168.135     9.1448   3.707831    34.7064        840     3.4958  0.000e+00
    168.360     9.1447   3.708007    34.7083        841     3.5000  0.000e+00
    168.600     9.1446   3.708613    34.7146        842     3.5042  0.000e+00
    168.844     9.1450   3.709301    34.7212        843     3.5083  0.000e+00
    169.096     9.1466   3.709196    34.7184        844     3.5125  0.000e+00
    169.346     9.1478   3.709596    34.7214        845     3.5167  0.000e+00
    169.597     9.1489   3.709825    34.7225        846     3.5208  0.000e+00
    169.843     9.1501   3.710219    34.7253        847     3.5250  0.000e+00
    170.087     9.1517   3.710914    34.7309        848     3.5292  0.000e+00
    170.328     9.1542   3.711496    34.7344        849     3.5333  0.000e+00
    170.559     9.1572   3.711749    34.7340        850     3.5375  0.000e+00
    170.784     9.1598   3.711885    34.7328        851     3.5417  0.000e+00
    170.994     9.1619   3.712409    34.7362        852     3.5458  0.000e+00
    171.202     9.1642   3.712885    34.7388        853     3.5500  0.000e+00
    171.401     9.1670   3.713409    34.7414        854     3.5542  0.000e+00
    171.594     9.1701   3.714268    34.7473        855     3.5583  0.000e+00
    171.783     9.1740   3.715404    34.7552        856     3.5625  0.000e+00
    171.967     9.1794   3.716335    34.7596        857     3.5667  0.000e+00
    172.144     9.1848   3.717188    34.7631        858     3.5708  0.000e+00
    172.323     9.1906   3.717883    34.7647        859     3.5750  0.000e+00
    172.495     9.1962   3.719155    34.7723        860     3.5792  0.000e+00
    172.682     9.2026   3.720515    34.7802        861     3.5833  0.000e+00
    172.862     9.2101   3.721905    34.7873        862     3.5875  0.000e+00
    173.049     9.2185   3.721034    34.7700        863     3.5917  0.000e+00
    173.237     9.2229   3.723178    34.7879        864     3.5958  0.000e+00
    173.433     9.2283   3.724887    34.8003        865     3.6000  0.000e+00
    173.633     9.2363   3.725364    34.7974        866     3.6042  0.000e+00
    173.831     9.2439   3.725152    34.7877        867     3.6083  0.000e+00
    174.031     9.2484   3.724910    34.7808        868     3.6125  0.000e+00
    174.236     9.2505   3.725983    34.7897        869     3.6167  0.000e+00
    174.449     9.2533   3.725888    34.7859        870     3.6208  0.000e+00
    174.654     9.2554   3.726048    34.7855        871     3.6250  0.000e+00
    174.858     9.2566   3.726065    34.7844        872     3.6292  0.000e+00
    175.064     9.2576   3.726413    34.7869        873     3.6333  0.000e+00
    175.272     9.2585   3.726390    34.7857        874     3.6375  0.000e+00
    175.473     9.2586   3.726254    34.7841        875     3.6417  0.000e+00
    175.678     9.2577   3.726348    34.7859        876     3.6458  0.000e+00
    175.876     9.2567   3.726166    34.7848        877     3.6500  0.000e+00
    176.079     9.2552   3.725565    34.7800        878     3.6542  0.000e+00
    176.283     9.2517   3.725141    34.7789        879     3.6583  0.000e+00
    176.488     9.2470   3.724887    34.7807        880     3.6625  0.000e+00
    176.696     9.2430   3.724475    34.7802        881     3.6667  0.000e+00
    176.906     9.2388   3.724092    34.7802        882     3.6708  0.000e+00
    177.127     9.2346   3.723603    34.7791        883     3.6750  0.000e+00
    177.347     9.2299   3.723385    34.7814        884     3.6792  0.000e+00
    177.572     9.2256   3.723014    34.7815        885     3.6833  0.000e+00
    177.805     9.2216   3.722272    34.7776        886     3.6875  0.000e+00
    178.040     9.2159   3.721230    34.7721        887     3.6917  0.000e+00
    178.279     9.2080   3.720882    34.7761        888     3.6958  0.000e+00
    178.524     9.2005   3.720247    34.7767        889     3.7000  0.000e+00
    178.753     9.1933   3.719905    34.7801        890     3.7042  0.000e+00
    178.983     9.1868   3.719723    34.7844        891     3.7083  0.000e+00
    179.213     9.1818   3.718887    34.7804        892     3.7125  0.000e+00
    179.437     9.1756   3.718045    34.7776        893     3.7167  0.000e+00
    179.656     9.1683   3.717821    34.7823        894     3.7208  0.000e+00
    179.866     9.1619   3.717521    34.7853        895     3.7250  0.000e+00
    180.065     9.1565   3.717056    34.7856        896     3.7292  0.000e+00
    180.266     9.1510   3.717180    34.7921        897     3.7333  0.000e+00
    180.463     9.1471   3.716727    34.7911        898     3.7375  0.000e+00
    180.654     9.1433   3.716126    34.7885        899     3.7417  0.000e+00
    180.841     9.1385   3.715432    34.7858        900     3.7458  0.000e+00
    181.023     9.1326   3.715167    34.7887        901     3.7500  0.000e+00
    181.212     9.1270   3.714955    34.7920        902     3.7542  0.000e+00
    181.403     9.1228   3.714649    34.7927        903     3.7583  0.000e+00
    181.595     9.1185   3.714502    34.7953        904     3.7625  0.000e+00
    181.785     9.1151   3.714161    34.7950        905     3.7667  0.000e+00
    181.980     9.1115   3.713608    34.7927        906     3.7708  0.000e+00
    182.178     9.1069   3.713343    34.7943        907     3.7750  0.000e+00
    182.380     9.1026   3.713414    34.7991        908     3.7792  0.000e+00
    182.577     9.0998   3.713549    34.8031        909     3.7833  0.000e+00
    182.778     9.0985   3.713455    34.8034        910     3.7875  0.000e+00
    182.981     9.0976   3.713455    34.8041        911     3.7917  0.000e+00
    183.189     9.0969   3.713296    34.8030        912     3.7958  0.000e+00
    183.392     9.0961   3.713238    34.8032        913     3.8000  0.000e+00
    183.600     9.0950   3.713097    34.8027        914     3.8042  0.000e+00
    183.804     9.0938   3.713067    34.8034        915     3.8083  0.000e+00
    184.007     9.0929   3.713003    34.8035        916     3.8125  0.000e+00
    184.209     9.0920   3.712938    34.8037        917     3.8167  0.000e+00
    184.416     9.0911   3.712979    34.8048        918     3.8208  0.000e+00
    184.616     9.0904   3.712867    34.8042        919     3.8250  0.000e+00
    184.821     9.0899   3.712826    34.8042        920     3.8292  0.000e+00
    185.027     9.0891   3.712732    34.8039        921     3.8333  0.000e+00
    185.231     9.0884   3.712303    34.8000        922     3.8375  0.000e+00
    185.445     9.0865   3.712120    34.7999        923     3.8417  0.000e+00
    185.659     9.0842   3.711985    34.8006        924     3.8458  0.000e+00
    185.879     9.0820   3.712003    34.8028        925     3.8500  0.000e+00
    186.104     9.0807   3.711938    34.8033        926     3.8542  0.000e+00
    186.332     9.0797   3.711850    34.8033        927     3.8583  0.000e+00
    186.559     9.0785   3.711597    34.8017        928     3.8625  0.000e+00
    186.791     9.0768   3.711303    34.8001        929     3.8667  0.000e+00
    187.028     9.0743   3.711180    34.8012        930     3.8708  0.000e+00
    187.265     9.0719   3.711233    34.8040        931     3.8750  0.000e+00
    187.497     9.0704   3.711221    34.8053        932     3.8792  0.000e+00
    187.734     9.0694   3.711215    34.8060        933     3.8833  0.000e+00
    187.962     9.0688   3.711198    34.8064        934     3.8875  0.000e+00
    188.190     9.0681   3.711192    34.8068        935     3.8917  0.000e+00
    188.419     9.0675   3.711168    34.8070        936     3.8958  0.000e+00
    188.635     9.0674   3.711157    34.8069        937     3.9000  0.000e+00
    188.856     9.0668   3.711098    34.8068        938     3.9042  0.000e+00
    189.065     9.0662   3.711092    34.8072        939     3.9083  0.000e+00
    189.277     9.0657   3.711098    34.8077        940     3.9125  0.000e+00
    189.480     9.0654   3.711098    34.8078        941     3.9167  0.000e+00
    189.675     9.0651   3.711092    34.8080        942     3.9208  0.000e+00
    189.867     9.0650   3.711098    34.8081        943     3.9250  0.000e+00
    190.057     9.0648   3.711069    34.8079        944     3.9292  0.000e+00
    190.241     9.0646   3.711057    34.8079        945     3.9333  0.000e+00
    190.430     9.0641   3.711069    34.8084        946     3.9375  0.000e+00
    190.611     9.0640   3.711099    34.8088        947     3.9417  0.000e+00
    190.791     9.0640   3.711122    34.8089        948     3.9458  0.000e+00
    190.971     9.0640   3.711116    34.8088        949     3.9500  0.000e+00
    191.162     9.0639   3.711099    34.8086        950     3.9542  0.000e+00
    191.352     9.0639   3.711134    34.8088        951     3.9583  0.000e+00
    191.540     9.0638   3.711146    34.8090        952     3.9625  0.000e+00
    191.739     9.0638   3.711282    34.8103        953     3.9667  0.000e+00
    191.938     9.0641   3.711311    34.8102        954     3.9708  0.000e+00
    192.145     9.0645   3.711329    34.8099        955     3.9750  0.000e+00
    192.353     9.0650   3.711335    34.8094        956     3.9792  0.000e+00
    192.568     9.0652   3.711305    34.8088        957     3.9833  0.000e+00
    192.785     9.0652   3.711270    34.8083        958     3.9875  0.000e+00
    193.002     9.0650   3.711258    34.8082        959     3.9917  0.000e+00
    193.228     9.0649   3.711282    34.8085        960     3.9958  0.000e+00
    193.454     9.0647   3.711223    34.8080        961     4.0000  0.000e+00
    193.677     9.0645   3.711217    34.8080        962     4.0042  0.000e+00
    193.907     9.0640   3.711271    34.8089        963     4.0083  0.000e+00
    194.131     9.0640   3.711235    34.8085        964     4.0125  0.000e+00
    194.354     9.0639   3.711306    34.8092        965     4.0167  0.000e+00
    194.576     9.0638   3.711288    34.8090        966     4.0208  0.000e+00
    194.799     9.0637   3.711306    34.8092        967     4.0250  0.000e+00
    195.008     9.0636   3.711289    34.8090        968     4.0292  0.000e+00
    195.220     9.0635   3.711306    34.8092        969     4.0333  0.000e+00
    195.432     9.0634   3.711271    34.8088        970     4.0375  0.000e+00
    195.640     9.0631   3.711236    34.8086        971     4.0417  0.000e+00
    195.842     9.0627   3.711218    34.8087        972     4.0458  0.000e+00
    196.047     9.0621   3.711224    34.8093        973     4.0500  0.000e+00
    196.248     9.0617   3.711195    34.8093        974     4.0542  0.000e+00
    196.447     9.0612   3.711118    34.8089        975     4.0583  0.000e+00
    196.658     9.0606   3.711124    34.8095        976     4.0625  0.000e+00
    196.865     9.0599   3.711060    34.8093        977     4.0667  0.000e+00
    197.080     9.0590   3.711054    34.8100        978     4.0708  0.000e+00
    197.301     9.0583   3.711101    34.8111        979     4.0750  0.000e+00
    197.527     9.0578   3.711160    34.8121        980     4.0792  0.000e+00
    197.758     9.0578   3.711172    34.8121        981     4.0833  0.000e+00
    197.995     9.0578   3.711096    34.8112        982     4.0875  0.000e+00
    198.236     9.0573   3.711060    34.8112        983     4.0917  0.000e+00
    198.479     9.0568   3.711037    34.8114        984     4.0958  0.000e+00
    198.723     9.0561   3.711008    34.8116        985     4.1000  0.000e+00
    198.956     9.0556   3.710966    34.8116        986     4.1042  0.000e+00
    199.186     9.0550   3.710943    34.8118        987     4.1083  0.000e+00
    199.414     9.0543   3.710743    34.8103        988     4.1125  0.000e+00
    199.633     9.0531   3.710696    34.8109        989     4.1167  0.000e+00
    199.843     9.0518   3.710708    34.8122        990     4.1208  0.000e+00
    200.047     9.0508   3.710696    34.8129        991     4.1250  0.000e+00
    200.244     9.0500   3.710620    34.8128        992     4.1292  0.000e+00
    200.438     9.0492   3.710608    34.8134        993     4.1333  0.000e+00
    200.646     9.0484   3.710579    34.8138        994     4.1375  0.000e+00
    200.737     9.0479   3.710379    34.8122        995     4.1417  0.000e+00
    200.711     9.0464   3.709949    34.8091        996     4.1458  0.000e+00
    200.673     9.0433   3.710014    34.8129        997     4.1500  0.000e+00
    200.642     9.0410   3.709879    34.8137        998     4.1542  0.000e+00
    200.649     9.0394   3.709797    34.8144        999     4.1583  0.000e+00
    200.686     9.0375   3.709838    34.8166       1000     4.1625  0.000e+00
    200.673     9.0364   3.709879    34.8181       1001     4.1667  0.000e+00
    200.678     9.0362   3.709861    34.8182       1002     4.1708  0.000e+00
    200.695     9.0361   3.709879    34.8185       1003     4.1750  0.000e+00
    200.733     9.0359   3.709861    34.8185       1004     4.1792  0.000e+00
    200.738     9.0358   3.709855    34.8185       1005     4.1833  0.000e+00
    200.747     9.0355   3.709879    34.8190       1006     4.1875  0.000e+00
    200.749     9.0357   3.709755    34.8176       1007     4.1917  0.000e+00
    200.747     9.0352   3.709744    34.8179       1008     4.1958  0.000e+00
    200.716     9.0346   3.709755    34.8186       1009     4.2000  0.000e+00
    200.691     9.0340   3.709655    34.8182       1010     4.2042  0.000e+00
    200.606     9.0336   3.709797    34.8201       1011     4.2083  0.000e+00
    200.512     9.0334   3.709767    34.8200       1012     4.2125  0.000e+00
    200.392     9.0338   3.709879    34.8209       1013     4.2167  0.000e+00
    200.260     9.0345   3.709949    34.8209       1014     4.2208  0.000e+00
    200.110     9.0357   3.709838    34.8187       1015     4.2250  0.000e+00
    199.954     9.0359   3.709796    34.8181       1016     4.2292  0.000e+00
    199.804     9.0357   3.709767    34.8181       1017     4.2333  0.000e+00
    199.634     9.0354   3.709767    34.8185       1018     4.2375  0.000e+00
    199.473     9.0355   3.709861    34.8195       1019     4.2417  0.000e+00
    199.326     9.0357   3.709814    34.8188       1020     4.2458  0.000e+00
    199.181     9.0361   3.709925    34.8196       1021     4.2500  0.000e+00
    199.028     9.0366   3.709902    34.8190       1022     4.2542  0.000e+00
    198.899     9.0372   3.710172    34.8213       1023     4.2583  0.000e+00
    198.763     9.0387   3.710096    34.8191       1024     4.2625  0.000e+00
    198.642     9.0397   3.710172    34.8190       1025     4.2667  0.000e+00
    198.519     9.0406   3.710078    34.8172       1026     4.2708  0.000e+00
    198.403     9.0412   3.709996    34.8158       1027     4.2750  0.000e+00
    198.280     9.0407   3.710296    34.8194       1028     4.2792  0.000e+00
    198.152     9.0420   3.710172    34.8170       1029     4.2833  0.000e+00
    198.014     9.0429   3.710331    34.8178       1030     4.2875  0.000e+00
    197.859     9.0440   3.710466    34.8182       1031     4.2917  0.000e+00
    197.698     9.0454   3.710584    34.8181       1032     4.2958  0.000e+00
    197.520     9.0472   3.710660    34.8173       1033     4.3000  0.000e+00
    197.336     9.0488   3.710784    34.8171       1034     4.3042  0.000e+00
    197.137     9.0506   3.710742    34.8150       1035     4.3083  0.000e+00
