HB2406/sbe093.cnv
* Sea-Bird SBE 19plus V2 Data File:
* FileName = C:\cruise\data\sbe093.hex
* Software Version Seasave V 7.26.7.121
* Temperature SN = 7037
* Conductivity SN = 7037
* System UpLoad Time = Aug 20 2024 07:06:15
* NMEA Latitude = 43 13.57 N
* NMEA Longitude = 070 20.58 W
* NMEA UTC (Time) = Aug 20 2024  07:05:10
** Ship: Henry Bigelow
** Cruise:  HB2406
** Program:  ECOMON
# nquan = 7
# nvalues = 2013                                  
# units = specified
# name 0 = depSM: Depth [salt water, m]
# name 1 = tv290C: Temperature [ITS-90, deg C]
# name 2 = c0S/m: Conductivity [S/m]
# name 3 = sal00: Salinity, Practical [PSU]
# name 4 = scan: Scan Count
# name 5 = timeM: Time, Elapsed [minutes]
# name 6 = flag:  0.000e+00
# span 0 =     -0.154,     82.191                 
# span 1 =     7.0895,    19.9877                 
# span 2 =  -0.000893,   4.223339                 
# span 3 =     0.0000,    35.8649                 
# span 4 =         11,       2023                 
# span 5 =     0.0417,     8.4250                 
# span 6 = 0.0000e+00, 0.0000e+00                 
# interval = seconds: 0.25
# start_time = Aug 20 2024 07:05:10 [NMEA time, header]
# bad_flag = -9.990e-29
*END*
[from data line 1847]
      3.668    19.9796   4.199156    30.2087       1858     7.7375  0.000e+00
      3.591    19.9793   4.198803    30.2061       1859     7.7417  0.000e+00
      3.506    19.9795   4.198778    30.2058       1860     7.7458  0.000e+00
      3.410    19.9793   4.198023    30.1999       1861     7.7500  0.000e+00
      3.316    19.9791   4.200127    30.2170       1862     7.7542  0.000e+00
      3.207    19.9791   4.198128    30.2010       1863     7.7583  0.000e+00
      3.101    19.9798   4.196563    30.1880       1864     7.7625  0.000e+00
      2.998    19.9793   4.196439    30.1874       1865     7.7667  0.000e+00
      2.915    19.9789   4.196507    30.1883       1866     7.7708  0.000e+00
      2.833    19.9784   4.195523    30.1807       1867     7.7750  0.000e+00
      2.763    19.9769   4.194150    30.1708       1868     7.7792  0.000e+00
      2.699    19.9745   4.193494    30.1673       1869     7.7833  0.000e+00
      2.634    19.9717   4.193934    30.1728       1870     7.7875  0.000e+00
      2.587    19.9703   4.193958    30.1741       1871     7.7917  0.000e+00
      2.537    19.9696   4.193117    30.1678       1872     7.7958  0.000e+00
      2.491    19.9683   4.193327    30.1705       1873     7.8000  0.000e+00
      2.466    19.9673   4.193476    30.1724       1874     7.8042  0.000e+00
      2.424    19.9673   4.193569    30.1731       1875     7.8083  0.000e+00
      2.388    19.9676   4.193476    30.1722       1876     7.8125  0.000e+00
      2.385    19.9672   4.193451    30.1722       1877     7.8167  0.000e+00
      2.383    19.9670   4.193494    30.1728       1878     7.8208  0.000e+00
      2.394    19.9667   4.193668    30.1744       1879     7.8250  0.000e+00
      2.395    19.9669   4.193544    30.1732       1880     7.8292  0.000e+00
      2.390    19.9670   4.193692    30.1744       1881     7.8333  0.000e+00
      2.390    19.9673   4.195424    30.1880       1882     7.8375  0.000e+00
      2.395    19.9682   4.195455    30.1877       1883     7.8417  0.000e+00
      2.408    19.9691   4.194942    30.1829       1884     7.8458  0.000e+00
      2.430    19.9691   4.194175    30.1767       1885     7.8500  0.000e+00
      2.455    19.9685   4.194546    30.1801       1886     7.8542  0.000e+00
      2.487    19.9679   4.193934    30.1756       1887     7.8583  0.000e+00
      2.518    19.9673   4.193835    30.1752       1888     7.8625  0.000e+00
      2.552    19.9670   4.193470    30.1725       1889     7.8667  0.000e+00
      2.603    19.9668   4.193235    30.1708       1890     7.8708  0.000e+00
      2.648    19.9659   4.193290    30.1719       1891     7.8750  0.000e+00
      2.699    19.9657   4.193810    30.1761       1892     7.8792  0.000e+00
      2.742    19.9663   4.194243    30.1791       1893     7.8833  0.000e+00
      2.784    19.9680   4.194596    30.1808       1894     7.8875  0.000e+00
      2.813    19.9701   4.194750    30.1805       1895     7.8917  0.000e+00
      2.849    19.9718   4.194243    30.1752       1896     7.8958  0.000e+00
      2.887    19.9719   4.193767    30.1713       1897     7.9000  0.000e+00
      2.923    19.9711   4.194750    30.1797       1898     7.9042  0.000e+00
      2.941    19.9716   4.195548    30.1857       1899     7.9083  0.000e+00
      2.950    19.9736   4.196080    30.1886       1900     7.9125  0.000e+00
      2.953    19.9757   4.197021    30.1947       1901     7.9167  0.000e+00
      2.924    19.9773   4.197417    30.1967       1902     7.9208  0.000e+00
      2.894    19.9783   4.195548    30.1810       1903     7.9250  0.000e+00
      2.845    19.9777   4.196148    30.1863       1904     7.9292  0.000e+00
      2.776    19.9774   4.197064    30.1938       1905     7.9333  0.000e+00
      2.704    19.9780   4.196921    30.1923       1906     7.9375  0.000e+00
      2.633    19.9783   4.197064    30.1932       1907     7.9417  0.000e+00
      2.543    19.9789   4.197491    30.1963       1908     7.9458  0.000e+00
      2.440    19.9793   4.197887    30.1991       1909     7.9500  0.000e+00
      2.326    19.9801   4.198920    30.2069       1910     7.9542  0.000e+00
      2.234    19.9812   4.199050    30.2072       1911     7.9583  0.000e+00
      2.160    19.9819   4.198054    30.1987       1912     7.9625  0.000e+00
      2.087    19.9820   4.195839    30.1809       1913     7.9667  0.000e+00
      2.009    19.9818   4.195579    30.1790       1914     7.9708  0.000e+00
      1.926    19.9812   4.196315    30.1854       1915     7.9750  0.000e+00
      1.850    19.9820   4.196098    30.1831       1916     7.9792  0.000e+00
      1.794    19.9828   4.196408    30.1850       1917     7.9833  0.000e+00
      1.749    19.9834   4.196655    30.1866       1918     7.9875  0.000e+00
      1.711    19.9839   4.196785    30.1873       1919     7.9917  0.000e+00
      1.666    19.9846   4.197305    30.1909       1920     7.9958  0.000e+00
      1.626    19.9854   4.195981    30.1798       1921     8.0000  0.000e+00
      1.595    19.9849   4.195981    30.1801       1922     8.0042  0.000e+00
      1.537    19.9846   4.195857    30.1793       1923     8.0083  0.000e+00
      1.465    19.9839   4.195956    30.1807       1924     8.0125  0.000e+00
      1.409    19.9835   4.196079    30.1820       1925     8.0167  0.000e+00
      1.366    19.9838   4.196296    30.1835       1926     8.0208  0.000e+00
      1.322    19.9842   4.196729    30.1867       1927     8.0250  0.000e+00
      1.270    19.9848   4.196686    30.1859       1928     8.0292  0.000e+00
      1.217    19.9854   4.196871    30.1871       1929     8.0333  0.000e+00
      1.168    19.9861   4.197020    30.1877       1930     8.0375  0.000e+00
      1.130    19.9866   4.197391    30.1904       1931     8.0417  0.000e+00
      1.098    19.9869   4.197187    30.1885       1932     8.0458  0.000e+00
      1.062    19.9875   4.196915    30.1859       1933     8.0500  0.000e+00
      1.009    19.9877   4.196704    30.1841       1934     8.0542  0.000e+00
      0.946    19.9875   4.196704    30.1843       1935     8.0583  0.000e+00
      0.863    19.9876   4.196859    30.1855       1936     8.0625  0.000e+00
      0.785    19.9873   4.196729    30.1847       1937     8.0667  0.000e+00
      0.716    19.9872   4.196921    30.1863       1938     8.0708  0.000e+00
      0.666    19.9873   4.196685    30.1844       1939     8.0750  0.000e+00
      0.613    19.9873   4.196822    30.1855       1940     8.0792  0.000e+00
      0.543    19.9873   4.196364    30.1818       1941     8.0833  0.000e+00
      0.476    19.9866   4.196209    30.1811       1942     8.0875  0.000e+00
      0.420    19.9855   4.196778    30.1865       1943     8.0917  0.000e+00
      0.340    19.9853   4.196314    30.1829       1944     8.0958  0.000e+00
      0.255    19.9849   4.196159    30.1820       1945     8.1000  0.000e+00
      0.109    19.9847   4.195714    30.1786       1946     8.1042  0.000e+00
     -0.036    19.9824   4.195299    30.1770       1947     8.1083  0.000e+00
     -0.076    19.9800   4.195398    30.1795       1948     8.1125  0.000e+00
     -0.119    19.9777   2.368053    16.0571       1949     8.1167  0.000e+00
     -0.139    19.9742   0.655120     4.0031       1950     8.1208  0.000e+00
     -0.141    19.9595   0.401246     2.3746       1951     8.1250  0.000e+00
     -0.139    19.9313   0.305405     1.7792       1952     8.1292  0.000e+00
     -0.143    19.8908   0.249120     1.4361       1953     8.1333  0.000e+00
     -0.137    19.8464   0.230591     1.3250       1954     8.1375  0.000e+00
     -0.138    19.8191   0.205954     1.1772       1955     8.1417  0.000e+00
     -0.138    19.8040   0.193125     1.1006       1956     8.1458  0.000e+00
     -0.141    19.7954   0.180545     1.0256       1957     8.1500  0.000e+00
     -0.141    19.7900   0.166844     0.9442       1958     8.1542  0.000e+00
     -0.150    19.7857   0.161447     0.9123       1959     8.1583  0.000e+00
     -0.148    19.7811   0.152503     0.8595       1960     8.1625  0.000e+00
     -0.138    19.7755   0.140890     0.7912       1961     8.1667  0.000e+00
     -0.134    19.7690   0.135516     0.7598       1962     8.1708  0.000e+00
     -0.136    19.7621   0.135735     0.7612       1963     8.1750  0.000e+00
     -0.141    19.7554   0.126921     0.7097       1964     8.1792  0.000e+00
     -0.149    19.7486   0.115902     0.6456       1965     8.1833  0.000e+00
     -0.154    19.7420   0.109315     0.6075       1966     8.1875  0.000e+00
     -0.145    19.7357   0.109886     0.6109       1967     8.1917  0.000e+00
     -0.132    19.7296   0.105604     0.5862       1968     8.1958  0.000e+00
     -0.134    19.7218   0.105840     0.5877       1969     8.2000  0.000e+00
     -0.140    19.7124   0.102582     0.5690       1970     8.2042  0.000e+00
     -0.142    19.7038   0.089045     0.4913       1971     8.2083  0.000e+00
     -0.143    19.6947   0.082659     0.4549       1972     8.2125  0.000e+00
     -0.142    19.6864   0.077316     0.4245       1973     8.2167  0.000e+00
     -0.136    19.6791   0.071095     0.3893       1974     8.2208  0.000e+00
     -0.134    19.6722   0.059548     0.3243       1975     8.2250  0.000e+00
     -0.134    19.6654   0.045487     0.2461       1976     8.2292  0.000e+00
     -0.136    19.6582   0.045088     0.2439       1977     8.2333  0.000e+00
     -0.134    19.6513   0.043232     0.2337       1978     8.2375  0.000e+00
     -0.138    19.6447   0.037894     0.2044       1979     8.2417  0.000e+00
     -0.142    19.6376   0.029906     0.1610       1980     8.2458  0.000e+00
     -0.131    19.6290   0.023133     0.1246       1981     8.2500  0.000e+00
     -0.131    19.6204   0.012905     0.0708       1982     8.2542  0.000e+00
     -0.131    19.6124   0.004749     0.0298       1983     8.2583  0.000e+00
     -0.136    19.6049   0.004353     0.0279       1984     8.2625  0.000e+00
     -0.131    19.5976   0.004032     0.0264       1985     8.2667  0.000e+00
     -0.129    19.5906   0.003783     0.0252       1986     8.2708  0.000e+00
     -0.126    19.5839   0.003604     0.0243       1987     8.2750  0.000e+00
     -0.129    19.5773   0.003489     0.0238       1988     8.2792  0.000e+00
     -0.131    19.5690   0.003377     0.0233       1989     8.2833  0.000e+00
     -0.126    19.5611   0.003256     0.0227       1990     8.2875  0.000e+00
     -0.122    19.5538   0.003149     0.0222       1991     8.2917  0.000e+00
     -0.124    19.5462   0.003023     0.0216       1992     8.2958  0.000e+00
     -0.126    19.5390   0.002938     0.0212       1993     8.3000  0.000e+00
     -0.128    19.5305   0.002839     0.0208       1994     8.3042  0.000e+00
     -0.124    19.5227   0.002786     0.0205       1995     8.3083  0.000e+00
     -0.120    19.5150   0.002954     0.0213       1996     8.3125  0.000e+00
     -0.122    19.5071   0.003077     0.0219       1997     8.3167  0.000e+00
     -0.126    19.4990   0.003018     0.0216       1998     8.3208  0.000e+00
     -0.131    19.4912   0.003018     0.0216       1999     8.3250  0.000e+00
     -0.126    19.4826   0.003024     0.0216       2000     8.3292  0.000e+00
     -0.126    19.4735   0.003056     0.0218       2001     8.3333  0.000e+00
     -0.124    19.4661   0.003056     0.0218       2002     8.3375  0.000e+00
     -0.124    19.4591   0.003018     0.0216       2003     8.3417  0.000e+00
     -0.124    19.4525   0.003029     0.0216       2004     8.3458  0.000e+00
     -0.126    19.4452   0.003029     0.0216       2005     8.3500  0.000e+00
     -0.124    19.4363   0.003018     0.0216       2006     8.3542  0.000e+00
     -0.126    19.4292   0.002997     0.0215       2007     8.3583  0.000e+00
     -0.128    19.4229   0.002965     0.0214       2008     8.3625  0.000e+00
     -0.124    19.4172   0.002965     0.0214       2009     8.3667  0.000e+00
     -0.122    19.4114   0.002927     0.0212       2010     8.3708  0.000e+00
     -0.130    19.4060   0.002887     0.0210       2011     8.3750  0.000e+00
     -0.128    19.4006   0.002844     0.0208       2012     8.3792  0.000e+00
     -0.130    19.3945   0.002780     0.0205       2013     8.3833  0.000e+00
     -0.126    19.3881   0.002697     0.0201       2014     8.3875  0.000e+00
     -0.132    19.3821   0.002628     0.0198       2015     8.3917  0.000e+00
     -0.126    19.3760   0.002590     0.0196       2016     8.3958  0.000e+00
     -0.128    19.3697   0.002569     0.0195       2017     8.4000  0.000e+00
     -0.126    19.3638   0.002478     0.0191       2018     8.4042  0.000e+00
     -0.124    19.3587   0.002443     0.0189       2019     8.4083  0.000e+00
     -0.128    19.3525   0.002406     0.0188       2020     8.4125  0.000e+00
     -0.126    19.3452   0.002390     0.0187       2021     8.4167  0.000e+00
     -0.126    19.3387   0.002379     0.0186       2022     8.4208  0.000e+00
     -0.125    19.3326   0.002374     0.0186       2023     8.4250  0.000e+00
