HB2406/sbe085.cnv
* Sea-Bird SBE 19plus V2 Data File:
* FileName = C:\cruise\data\sbe085.hex
* Software Version Seasave V 7.26.7.121
* Temperature SN = 7037
* Conductivity SN = 7037
* System UpLoad Time = Aug 19 2024 10:01:29
* NMEA Latitude = 42 14.12 N
* NMEA Longitude = 068 15.50 W
* NMEA UTC (Time) = Aug 19 2024  10:00:23
** Ship: Henry Bigelow
** Cruise:  HB2406
** Program:  ECOMON
# nquan = 7
# nvalues = 1901                                  
# units = specified
# name 0 = depSM: Depth [salt water, m]
# name 1 = tv290C: Temperature [ITS-90, deg C]
# name 2 = c0S/m: Conductivity [S/m]
# name 3 = sal00: Salinity, Practical [PSU]
# name 4 = scan: Scan Count
# name 5 = timeM: Time, Elapsed [minutes]
# name 6 = flag:  0.000e+00
# span 0 =      1.161,    191.359                 
# span 1 =     5.8424,    20.3845                 
# span 2 =   3.170963,   4.379814                 
# span 3 =    31.1301,    34.6246                 
# span 4 =         11,       1911                 
# span 5 =     0.0417,     7.9583                 
# span 6 = 0.0000e+00, 0.0000e+00                 
# interval = seconds: 0.25
# start_time = Aug 19 2024 10:00:23 [NMEA time, header]
# bad_flag = -9.990e-29
*END*
[from data line 411]
     81.795     6.0150   3.208171    32.3745        422     1.7542  0.000e+00
     81.960     6.0165   3.208987    32.3821        423     1.7583  0.000e+00
     82.132     6.0201   3.209309    32.3822        424     1.7625  0.000e+00
     82.313     6.0246   3.209509    32.3801        425     1.7667  0.000e+00
     82.501     6.0280   3.209587    32.3776        426     1.7708  0.000e+00
     82.702     6.0298   3.209832    32.3785        427     1.7750  0.000e+00
     82.908     6.0309   3.209909    32.3783        428     1.7792  0.000e+00
     83.119     6.0315   3.210148    32.3802        429     1.7833  0.000e+00
     83.340     6.0320   3.210432    32.3829        430     1.7875  0.000e+00
     83.566     6.0326   3.210554    32.3836        431     1.7917  0.000e+00
     83.803     6.0335   3.210671    32.3839        432     1.7958  0.000e+00
     84.038     6.0340   3.210693    32.3835        433     1.8000  0.000e+00
     84.282     6.0341   3.210793    32.3844        434     1.8042  0.000e+00
     84.532     6.0342   3.211293    32.3898        435     1.8083  0.000e+00
     84.782     6.0355   3.211354    32.3891        436     1.8125  0.000e+00
     85.031     6.0369   3.211493    32.3892        437     1.8167  0.000e+00
     85.281     6.0379   3.211677    32.3901        438     1.8208  0.000e+00
     85.527     6.0393   3.211654    32.3885        439     1.8250  0.000e+00
     85.764     6.0398   3.211593    32.3872        440     1.8292  0.000e+00
     85.999     6.0396   3.211894    32.3906        441     1.8333  0.000e+00
     86.225     6.0401   3.212116    32.3925        442     1.8375  0.000e+00
     86.438     6.0399   3.212455    32.3964        443     1.8417  0.000e+00
     86.652     6.0399   3.212477    32.3965        444     1.8458  0.000e+00
     86.856     6.0401   3.212638    32.3980        445     1.8500  0.000e+00
     87.053     6.0409   3.212977    32.4009        446     1.8542  0.000e+00
     87.256     6.0421   3.213539    32.4060        447     1.8583  0.000e+00
     87.460     6.0436   3.213783    32.4072        448     1.8625  0.000e+00
     87.661     6.0454   3.214122    32.4092        449     1.8667  0.000e+00
     87.871     6.0475   3.214406    32.4102        450     1.8708  0.000e+00
     88.088     6.0500   3.214867    32.4129        451     1.8750  0.000e+00
     88.310     6.0524   3.215490    32.4174        452     1.8792  0.000e+00
     88.536     6.0546   3.216051    32.4214        453     1.8833  0.000e+00
     88.773     6.0578   3.216691    32.4254        454     1.8875  0.000e+00
     89.016     6.0610   3.217297    32.4290        455     1.8917  0.000e+00
     89.264     6.0637   3.217819    32.4322        456     1.8958  0.000e+00
     89.509     6.0664   3.218420    32.4362        457     1.9000  0.000e+00
     89.761     6.0693   3.218842    32.4380        458     1.9042  0.000e+00
     90.009     6.0717   3.219265    32.4403        459     1.9083  0.000e+00
     90.249     6.0733   3.219788    32.4445        460     1.9125  0.000e+00
     90.477     6.0747   3.220011    32.4456        461     1.9167  0.000e+00
     90.707     6.0755   3.220172    32.4464        462     1.9208  0.000e+00
     90.918     6.0767   3.220411    32.4479        463     1.9250  0.000e+00
     91.126     6.0776   3.220912    32.4525        464     1.9292  0.000e+00
     91.327     6.0783   3.221218    32.4552        465     1.9333  0.000e+00
     91.513     6.0786   3.221607    32.4592        466     1.9375  0.000e+00
     91.698     6.0786   3.221780    32.4610        467     1.9417  0.000e+00
     91.873     6.0793   3.222603    32.4694        468     1.9458  0.000e+00
     92.047     6.0808   3.223271    32.4753        469     1.9500  0.000e+00
     92.217     6.0840   3.224717    32.4883        470     1.9542  0.000e+00
     92.383     6.0911   3.225869    32.4943        471     1.9583  0.000e+00
     92.548     6.0979   3.226092    32.4902        472     1.9625  0.000e+00
     92.707     6.1034   3.226292    32.4871        473     1.9667  0.000e+00
     92.867     6.1069   3.226632    32.4874        474     1.9708  0.000e+00
     93.031     6.1097   3.228124    32.5014        475     1.9750  0.000e+00
     93.199     6.1144   3.230384    32.5220        476     1.9792  0.000e+00
     93.358     6.1221   3.231721    32.5295        477     1.9833  0.000e+00
     93.518     6.1307   3.233375    32.5396        478     1.9875  0.000e+00
     93.680     6.1404   3.234266    32.5401        479     1.9917  0.000e+00
     93.854     6.1496   3.236306    32.5540        480     1.9958  0.000e+00
     94.031     6.1585   3.238005    32.5642        481     2.0000  0.000e+00
     94.200     6.1683   3.240280    32.5801        482     2.0042  0.000e+00
     94.386     6.1786   3.241467    32.5835        483     2.0083  0.000e+00
     94.579     6.1884   3.241791    32.5775        484     2.0125  0.000e+00
     94.787     6.1959   3.244674    32.6024        485     2.0167  0.000e+00
     95.003     6.2052   3.246459    32.6132        486     2.0208  0.000e+00
     95.230     6.2168   3.249791    32.6390        487     2.0250  0.000e+00
     95.469     6.2303   3.251091    32.6404        488     2.0292  0.000e+00
     95.721     6.2432   3.253046    32.6497        489     2.0333  0.000e+00
     95.983     6.2547   3.255078    32.6612        490     2.0375  0.000e+00
     96.251     6.2658   3.256017    32.6608        491     2.0417  0.000e+00
     96.522     6.2755   3.257715    32.6702        492     2.0458  0.000e+00
     96.797     6.2849   3.259827    32.6845        493     2.0500  0.000e+00
     97.075     6.2945   3.261973    32.6990        494     2.0542  0.000e+00
     97.341     6.3051   3.263729    32.7083        495     2.0583  0.000e+00
     97.611     6.3155   3.264399    32.7056        496     2.0625  0.000e+00
     97.871     6.3241   3.265026    32.7042        497     2.0667  0.000e+00
     98.123     6.3311   3.265523    32.7029        498     2.0708  0.000e+00
     98.369     6.3365   3.266116    32.7041        499     2.0750  0.000e+00
     98.616     6.3410   3.266855    32.7079        500     2.0792  0.000e+00
     98.846     6.3452   3.267168    32.7072        501     2.0833  0.000e+00
     99.076     6.3489   3.267571    32.7080        502     2.0875  0.000e+00
     99.297     6.3521   3.267733    32.7066        503     2.0917  0.000e+00
     99.521     6.3545   3.268018    32.7074        504     2.0958  0.000e+00
     99.743     6.3565   3.268007    32.7052        505     2.1000  0.000e+00
     99.964     6.3581   3.267325    32.6961        506     2.1042  0.000e+00
    100.183     6.3594   3.268264    32.7051        507     2.1083  0.000e+00
    100.407     6.3601   3.268348    32.7052        508     2.1125  0.000e+00
    100.628     6.3605   3.268511    32.7065        509     2.1167  0.000e+00
    100.847     6.3611   3.268634    32.7072        510     2.1208  0.000e+00
    101.062     6.3619   3.268695    32.7070        511     2.1250  0.000e+00
    101.281     6.3628   3.268634    32.7054        512     2.1292  0.000e+00
    101.492     6.3628   3.268679    32.7058        513     2.1333  0.000e+00
    101.700     6.3625   3.268830    32.7077        514     2.1375  0.000e+00
    101.901     6.3629   3.269065    32.7098        515     2.1417  0.000e+00
    102.098     6.3639   3.269065    32.7087        516     2.1458  0.000e+00
    102.283     6.3645   3.269065    32.7080        517     2.1500  0.000e+00
    102.455     6.3648   3.269104    32.7082        518     2.1542  0.000e+00
    102.623     6.3648   3.269272    32.7099        519     2.1583  0.000e+00
    102.779     6.3653   3.269597    32.7130        520     2.1625  0.000e+00
    102.925     6.3663   3.269820    32.7144        521     2.1667  0.000e+00
    103.064     6.3679   3.270022    32.7150        522     2.1708  0.000e+00
    103.198     6.3697   3.270190    32.7151        523     2.1750  0.000e+00
    103.321     6.3712   3.270251    32.7142        524     2.1792  0.000e+00
    103.441     6.3724   3.270721    32.7183        525     2.1833  0.000e+00
    103.558     6.3741   3.271566    32.7260        526     2.1875  0.000e+00
    103.683     6.3778   3.274164    32.7511        527     2.1917  0.000e+00
    103.813     6.3874   3.276319    32.7657        528     2.1958  0.000e+00
    103.951     6.4012   3.277528    32.7658        529     2.2000  0.000e+00
    104.099     6.4151   3.279416    32.7733        530     2.2042  0.000e+00
    104.269     6.4289   3.281102    32.7787        531     2.2083  0.000e+00
    104.452     6.4428   3.281763    32.7726        532     2.2125  0.000e+00
    104.664     6.4546   3.282727    32.7718        533     2.2167  0.000e+00
    104.890     6.4647   3.283988    32.7760        534     2.2208  0.000e+00
    105.134     6.4743   3.285692    32.7855        535     2.2250  0.000e+00
    105.394     6.4855   3.288450    32.8052        536     2.2292  0.000e+00
    105.667     6.4996   3.290553    32.8148        537     2.2333  0.000e+00
    105.946     6.5160   3.291854    32.8132        538     2.2375  0.000e+00
    106.235     6.5304   3.292864    32.8104        539     2.2417  0.000e+00
    106.534     6.5427   3.293846    32.8093        540     2.2458  0.000e+00
    106.825     6.5533   3.295052    32.8124        541     2.2500  0.000e+00
    107.114     6.5635   3.296540    32.8188        542     2.2542  0.000e+00
    107.397     6.5740   3.299509    32.8414        543     2.2583  0.000e+00
    107.662     6.5885   3.301172    32.8457        544     2.2625  0.000e+00
    107.916     6.6035   3.301340    32.8330        545     2.2667  0.000e+00
    108.151     6.6148   3.303182    32.8424        546     2.2708  0.000e+00
    108.377     6.6259   3.304053    32.8412        547     2.2750  0.000e+00
    108.583     6.6363   3.305418    32.8462        548     2.2792  0.000e+00
    108.788     6.6477   3.311837    32.9059        549     2.2833  0.000e+00
    108.996     6.6714   3.318531    32.9568        550     2.2875  0.000e+00
    109.193     6.7044   3.317985    32.9190        551     2.2917  0.000e+00
    109.399     6.7302   3.315965    32.8719        552     2.2958  0.000e+00
    109.602     6.7426   3.320467    32.9094        553     2.3000  0.000e+00
    109.813     6.7560   3.320630    32.8982        554     2.3042  0.000e+00
    110.027     6.7692   3.322049    32.9011        555     2.3083  0.000e+00
    110.255     6.7797   3.325157    32.9250        556     2.3125  0.000e+00
    110.484     6.7948   3.326610    32.9264        557     2.3167  0.000e+00
    110.716     6.8075   3.325866    32.9059        558     2.3208  0.000e+00
    110.951     6.8128   3.325286    32.8944        559     2.3250  0.000e+00
    111.186     6.8133   3.323839    32.8780        560     2.3292  0.000e+00
    111.416     6.8070   3.324261    32.8884        561     2.3333  0.000e+00
    111.644     6.8005   3.325771    32.9111        562     2.3375  0.000e+00
    111.861     6.8004   3.325951    32.9132        563     2.3417  0.000e+00
    112.065     6.8024   3.326515    32.9173        564     2.3458  0.000e+00
    112.266     6.8039   3.326808    32.9189        565     2.3500  0.000e+00
    112.452     6.8042   3.329484    32.9480        566     2.3542  0.000e+00
    112.626     6.8072   3.330002    32.9507        567     2.3583  0.000e+00
    112.789     6.8118   3.331637    32.9642        568     2.3625  0.000e+00
    112.952     6.8171   3.332076    32.9639        569     2.3667  0.000e+00
    113.109     6.8223   3.333756    32.9772        570     2.3708  0.000e+00
    113.268     6.8283   3.333519    32.9687        571     2.3750  0.000e+00
    113.426     6.8332   3.333294    32.9615        572     2.3792  0.000e+00
    113.587     6.8369   3.334692    32.9732        573     2.3833  0.000e+00
    113.757     6.8420   3.336265    32.9856        574     2.3875  0.000e+00
    113.937     6.8489   3.338798    33.0065        575     2.3917  0.000e+00
    114.122     6.8604   3.346445    33.0793        576     2.3958  0.000e+00
    114.315     6.8858   3.351313    33.1082        577     2.4000  0.000e+00
    114.513     6.9196   3.350782    33.0697        578     2.4042  0.000e+00
    114.712     6.9433   3.354330    33.0857        579     2.4083  0.000e+00
    114.912     6.9655   3.362047    33.1487        580     2.4125  0.000e+00
    115.119     7.0005   3.364615    33.1430        581     2.4167  0.000e+00
    115.325     7.0363   3.367065    33.1353        582     2.4208  0.000e+00
    115.527     7.0648   3.369426    33.1336        583     2.4250  0.000e+00
    115.732     7.0909   3.372681    33.1439        584     2.4292  0.000e+00
    115.938     7.1167   3.374550    33.1394        585     2.4333  0.000e+00
    116.144     7.1408   3.378012    33.1539        586     2.4375  0.000e+00
    116.349     7.1644   3.377734    33.1281        587     2.4417  0.000e+00
    116.566     7.1828   3.382246    33.1594        588     2.4458  0.000e+00
    116.781     7.2032   3.388060    33.2031        589     2.4500  0.000e+00
    117.005     7.2328   3.389489    33.1900        590     2.4542  0.000e+00
    117.228     7.2601   3.391055    33.1807        591     2.4583  0.000e+00
    117.456     7.2805   3.394257    33.1958        592     2.4625  0.000e+00
    117.689     7.3031   3.402221    33.2605        593     2.4667  0.000e+00
    117.919     7.3353   3.403352    33.2417        594     2.4708  0.000e+00
    118.152     7.3647   3.406427    33.2468        595     2.4750  0.000e+00
    118.385     7.3907   3.408724    33.2466        596     2.4792  0.000e+00
    118.601     7.4136   3.411101    33.2503        597     2.4833  0.000e+00
    118.820     7.4343   3.412529    33.2458        598     2.4875  0.000e+00
    119.024     7.4529   3.416405    33.2698        599     2.4917  0.000e+00
    119.228     7.4735   3.417452    33.2613        600     2.4958  0.000e+00
    119.418     7.4916   3.418756    33.2579        601     2.5000  0.000e+00
    119.617     7.5062   3.421774    33.2764        602     2.5042  0.000e+00
    119.816     7.5233   3.423483    33.2784        603     2.5083  0.000e+00
    120.024     7.5394   3.425660    33.2864        604     2.5125  0.000e+00
    120.238     7.5555   3.426742    33.2826        605     2.5167  0.000e+00
    120.462     7.5697   3.428127    33.2838        606     2.5208  0.000e+00
    120.697     7.5818   3.430596    33.2987        607     2.5250  0.000e+00
    120.951     7.5951   3.432529    33.3067        608     2.5292  0.000e+00
    121.216     7.6088   3.433726    33.3063        609     2.5333  0.000e+00
    121.486     7.6215   3.434861    33.3063        610     2.5375  0.000e+00
    121.761     7.6325   3.436151    33.3095        611     2.5417  0.000e+00
    122.048     7.6429   3.438325    33.3228        612     2.5458  0.000e+00
    122.334     7.6536   3.439894    33.3294        613     2.5500  0.000e+00
    122.622     7.6643   3.441887    33.3404        614     2.5542  0.000e+00
    122.900     7.6761   3.443485    33.3462        615     2.5583  0.000e+00
    123.166     7.6881   3.445501    33.3563        616     2.5625  0.000e+00
    123.420     7.7009   3.447855    33.3692        617     2.5667  0.000e+00
    123.647     7.7150   3.450260    33.3814        618     2.5708  0.000e+00
    123.855     7.7304   3.451695    33.3819        619     2.5750  0.000e+00
    124.040     7.7445   3.452798    33.3803        620     2.5792  0.000e+00
    124.196     7.7567   3.454701    33.3889        621     2.5833  0.000e+00
    124.340     7.7685   3.455302    33.3840        622     2.5875  0.000e+00
    124.463     7.7783   3.458447    33.4083        623     2.5917  0.000e+00
    124.574     7.7896   3.461914    33.4347        624     2.5958  0.000e+00
    124.677     7.8058   3.464758    33.4496        625     2.6000  0.000e+00
