HB2406/sbe006.cnv
* Sea-Bird SBE 19plus V2 Data File:
* FileName = C:\cruise\data\sbe006.hex
* Software Version Seasave V 7.26.7.121
* Temperature SN = 7037
* Conductivity SN = 7037
* System UpLoad Time = Aug 12 2024 23:22:11
* NMEA Latitude = 40 49.83 N
* NMEA Longitude = 070 18.39 W
* NMEA UTC (Time) = Aug 12 2024  23:21:01
** Ship: Henry Bigelow
** Cruise:  HB2406
** Program:  ECOMON
# nquan = 7
# nvalues = 1560                                  
# units = specified
# name 0 = depSM: Depth [salt water, m]
# name 1 = tv290C: Temperature [ITS-90, deg C]
# name 2 = c0S/m: Conductivity [S/m]
# name 3 = sal00: Salinity, Practical [PSU]
# name 4 = scan: Scan Count
# name 5 = timeM: Time, Elapsed [minutes]
# name 6 = flag:  0.000e+00
# span 0 =     -0.027,     41.822                 
# span 1 =    11.6159,    22.2517                 
# span 2 =  -0.063680,   4.624826                 
# span 3 =     0.0000,    32.1020                 
# span 4 =         11,       1570                 
# span 5 =     0.0417,     6.5375                 
# span 6 = 0.0000e+00, 0.0000e+00                 
# interval = seconds: 0.25
# start_time = Aug 12 2024 23:21:01 [NMEA time, header]
# bad_flag = -9.990e-29
*END*
[from data line 1026]
     17.799    14.1689   3.882606    31.9675       1037     4.3167  0.000e+00
     17.781    14.2300   3.885368    31.9423       1038     4.3208  0.000e+00
     17.772    14.2807   3.886938    31.9148       1039     4.3250  0.000e+00
     17.757    14.3196   3.888538    31.8973       1040     4.3292  0.000e+00
     17.746    14.3502   3.890031    31.8857       1041     4.3333  0.000e+00
     17.737    14.3752   3.891848    31.8817       1042     4.3375  0.000e+00
     17.725    14.3978   3.894649    31.8886       1043     4.3417  0.000e+00
     17.697    14.4233   3.898166    31.8997       1044     4.3458  0.000e+00
     17.677    14.4533   3.901803    31.9082       1045     4.3500  0.000e+00
     17.645    14.4867   3.905394    31.9133       1046     4.3542  0.000e+00
     17.609    14.5228   3.909389    31.9200       1047     4.3583  0.000e+00
     17.567    14.5617   3.914359    31.9333       1048     4.3625  0.000e+00
     17.518    14.6054   3.920000    31.9486       1049     4.3667  0.000e+00
     17.467    14.6577   3.926679    31.9662       1050     4.3708  0.000e+00
     17.406    14.7198   3.931556    31.9593       1051     4.3750  0.000e+00
     17.344    14.7849   3.934181    31.9297       1052     4.3792  0.000e+00
     17.285    14.8433   3.936784    31.9054       1053     4.3833  0.000e+00
     17.222    14.8930   3.941491    31.9072       1054     4.3875  0.000e+00
     17.160    14.9444   3.947817    31.9223       1055     4.3917  0.000e+00
     17.102    15.0035   3.956327    31.9506       1056     4.3958  0.000e+00
     17.050    15.0740   3.960354    31.9293       1057     4.4000  0.000e+00
     17.001    15.1402   3.965731    31.9235       1058     4.4042  0.000e+00
     16.950    15.2029   3.970241    31.9129       1059     4.4083  0.000e+00
     16.916    15.2630   3.973724    31.8952       1060     4.4125  0.000e+00
     16.872    15.3182   3.977329    31.8826       1061     4.4167  0.000e+00
     16.836    15.3692   3.980960    31.8737       1062     4.4208  0.000e+00
     16.796    15.4172   3.982661    31.8499       1063     4.4250  0.000e+00
     16.762    15.4570   3.983720    31.8272       1064     4.4292  0.000e+00
     16.729    15.4868   3.985397    31.8180       1065     4.4333  0.000e+00
     16.697    15.5114   3.986766    31.8104       1066     4.4375  0.000e+00
     16.666    15.5326   3.988141    31.8055       1067     4.4417  0.000e+00
     16.635    15.5515   3.989558    31.8028       1068     4.4458  0.000e+00
     16.592    15.5696   3.991164    31.8025       1069     4.4500  0.000e+00
     16.552    15.5886   3.994006    31.8125       1070     4.4542  0.000e+00
     16.510    15.6119   3.999578    31.8431       1071     4.4583  0.000e+00
     16.460    15.6502   4.007230    31.8800       1072     4.4625  0.000e+00
     16.415    15.7078   4.013131    31.8858       1073     4.4667  0.000e+00
     16.364    15.7737   4.017559    31.8719       1074     4.4708  0.000e+00
     16.302    15.8375   4.023752    31.8753       1075     4.4750  0.000e+00
     16.245    15.9037   4.034428    31.9162       1076     4.4792  0.000e+00
     16.187    15.9902   4.053809    32.0173       1077     4.4833  0.000e+00
     16.125    16.1189   4.075239    32.1020       1078     4.4875  0.000e+00
     16.065    16.2922   4.087793    32.0723       1079     4.4917  0.000e+00
     16.011    16.4664   4.095236    31.9975       1080     4.4958  0.000e+00
     15.951    16.6121   4.102513    31.9444       1081     4.5000  0.000e+00
     15.897    16.7326   4.110034    31.9137       1082     4.5042  0.000e+00
     15.848    16.8391   4.116469    31.8847       1083     4.5083  0.000e+00
     15.800    16.9339   4.122982    31.8658       1084     4.5125  0.000e+00
     15.752    17.0205   4.130772    31.8644       1085     4.5167  0.000e+00
     15.713    17.1073   4.137319    31.8521       1086     4.5208  0.000e+00
     15.675    17.1899   4.141403    31.8220       1087     4.5250  0.000e+00
     15.646    17.2618   4.145710    31.8024       1088     4.5292  0.000e+00
     15.613    17.3249   4.151097    31.7988       1089     4.5333  0.000e+00
     15.581    17.3861   4.156185    31.7943       1090     4.5375  0.000e+00
     15.555    17.4458   4.163298    31.8081       1091     4.5417  0.000e+00
     15.532    17.5096   4.167984    31.7980       1092     4.5458  0.000e+00
     15.501    17.5730   4.171494    31.7783       1093     4.5500  0.000e+00
     15.474    17.6280   4.174364    31.7597       1094     4.5542  0.000e+00
     15.445    17.6732   4.175931    31.7378       1095     4.5583  0.000e+00
     15.414    17.7085   4.177098    31.7201       1096     4.5625  0.000e+00
     15.376    17.7357   4.178104    31.7075       1097     4.5667  0.000e+00
     15.338    17.7565   4.180624    31.7126       1098     4.5708  0.000e+00
     15.298    17.7782   4.185449    31.7366       1099     4.5750  0.000e+00
     15.249    17.8080   4.190660    31.7575       1100     4.5792  0.000e+00
     15.204    17.8475   4.197531    31.7848       1101     4.5833  0.000e+00
     15.159    17.8992   4.204438    31.8029       1102     4.5875  0.000e+00
     15.117    17.9602   4.213946    31.8356       1103     4.5917  0.000e+00
     15.065    18.0359   4.228004    31.8951       1104     4.5958  0.000e+00
     15.016    18.1351   4.239360    31.9134       1105     4.6000  0.000e+00
     14.963    18.2467   4.246207    31.8841       1106     4.6042  0.000e+00
     14.907    18.3492   4.250677    31.8420       1107     4.6083  0.000e+00
     14.864    18.4341   4.252175    31.7888       1108     4.6125  0.000e+00
     14.813    18.4944   4.253275    31.7515       1109     4.6167  0.000e+00
     14.763    18.5361   4.254376    31.7286       1110     4.6208  0.000e+00
     14.708    18.5656   4.255222    31.7129       1111     4.6250  0.000e+00
     14.656    18.5871   4.256659    31.7084       1112     4.6292  0.000e+00
     14.600    18.6053   4.259304    31.7164       1113     4.6333  0.000e+00
     14.542    18.6258   4.262423    31.7266       1114     4.6375  0.000e+00
     14.479    18.6508   4.264783    31.7270       1115     4.6417  0.000e+00
     14.419    18.6765   4.266938    31.7252       1116     4.6458  0.000e+00
     14.350    18.7019   4.270345    31.7340       1117     4.6500  0.000e+00
     14.285    18.7297   4.274191    31.7445       1118     4.6542  0.000e+00
     14.218    18.7626   4.277987    31.7508       1119     4.6583  0.000e+00
     14.158    18.7978   4.281499    31.7529       1120     4.6625  0.000e+00
     14.102    18.8343   4.284955    31.7535       1121     4.6667  0.000e+00
     14.059    18.8709   4.287301    31.7449       1122     4.6708  0.000e+00
     14.017    18.9039   4.289061    31.7342       1123     4.6750  0.000e+00
     13.997    18.9322   4.289754    31.7182       1124     4.6792  0.000e+00
     13.983    18.9547   4.291439    31.7150       1125     4.6833  0.000e+00
     13.974    18.9735   4.292975    31.7132       1126     4.6875  0.000e+00
     13.972    18.9914   4.293225    31.7016       1127     4.6917  0.000e+00
     13.972    19.0045   4.292850    31.6885       1128     4.6958  0.000e+00
     13.970    19.0114   4.292875    31.6835       1129     4.7000  0.000e+00
     13.968    19.0147   4.292494    31.6778       1130     4.7042  0.000e+00
     13.963    19.0155   4.291120    31.6659       1131     4.7083  0.000e+00
     13.961    19.0113   4.290102    31.6607       1132     4.7125  0.000e+00
     13.948    19.0040   4.291264    31.6759       1133     4.7167  0.000e+00
     13.934    19.0016   4.292706    31.6896       1134     4.7208  0.000e+00
     13.899    19.0059   4.293399    31.6920       1135     4.7250  0.000e+00
     13.863    19.0122   4.294243    31.6942       1136     4.7292  0.000e+00
     13.825    19.0191   4.295504    31.6993       1137     4.7333  0.000e+00
     13.776    19.0291   4.301115    31.7379       1138     4.7375  0.000e+00
     13.724    19.0524   4.306329    31.7631       1139     4.7417  0.000e+00
     13.670    19.0888   4.316508    31.8191       1140     4.7458  0.000e+00
     13.614    19.1459   4.326954    31.8614       1141     4.7500  0.000e+00
     13.559    19.2218   4.338257    31.8961       1142     4.7542  0.000e+00
     13.503    19.3096   4.345949    31.8920       1143     4.7583  0.000e+00
     13.444    19.3955   4.352949    31.8837       1144     4.7625  0.000e+00
     13.388    19.4740   4.355197    31.8422       1145     4.7667  0.000e+00
     13.330    19.5348   4.358477    31.8227       1146     4.7708  0.000e+00
     13.283    19.5829   4.361059    31.8072       1147     4.7750  0.000e+00
     13.237    19.6226   4.362216    31.7866       1148     4.7792  0.000e+00
     13.188    19.6528   4.364366    31.7811       1149     4.7833  0.000e+00
     13.149    19.6786   4.366868    31.7819       1150     4.7875  0.000e+00
     13.127    19.7035   4.367830    31.7709       1151     4.7917  0.000e+00
     13.109    19.7231   4.367503    31.7534       1152     4.7958  0.000e+00
     13.094    19.7352   4.366566    31.7366       1153     4.8000  0.000e+00
     13.083    19.7399   4.365955    31.7282       1154     4.8042  0.000e+00
     13.085    19.7405   4.365327    31.7226       1155     4.8083  0.000e+00
     13.087    19.7381   4.364591    31.7184       1156     4.8125  0.000e+00
     13.089    19.7336   4.363654    31.7142       1157     4.8167  0.000e+00
     13.089    19.7275   4.363201    31.7151       1158     4.8208  0.000e+00
     13.085    19.7213   4.362893    31.7174       1159     4.8250  0.000e+00
     13.071    19.7159   4.362818    31.7208       1160     4.8292  0.000e+00
     13.054    19.7120   4.362843    31.7240       1161     4.8333  0.000e+00
     13.031    19.7097   4.363478    31.7309       1162     4.8375  0.000e+00
     12.993    19.7104   4.365019    31.7429       1163     4.8417  0.000e+00
     12.948    19.7159   4.368289    31.7653       1164     4.8458  0.000e+00
     12.899    19.7303   4.372750    31.7906       1165     4.8500  0.000e+00
     12.844    19.7541   4.377667    31.8125       1166     4.8542  0.000e+00
     12.794    19.7865   4.383284    31.8336       1167     4.8583  0.000e+00
     12.738    19.8260   4.388936    31.8495       1168     4.8625  0.000e+00
     12.680    19.8711   4.392403    31.8435       1169     4.8667  0.000e+00
     12.629    19.9139   4.394641    31.8292       1170     4.8708  0.000e+00
     12.584    19.9492   4.397069    31.8221       1171     4.8750  0.000e+00
     12.544    19.9795   4.400437    31.8265       1172     4.8792  0.000e+00
     12.508    20.0097   4.403378    31.8275       1173     4.8833  0.000e+00
     12.483    20.0395   4.405581    31.8227       1174     4.8875  0.000e+00
     12.466    20.0667   4.407474    31.8175       1175     4.8917  0.000e+00
     12.450    20.0905   4.408346    31.8066       1176     4.8958  0.000e+00
     12.435    20.1094   4.409293    31.7999       1177     4.9000  0.000e+00
     12.428    20.1247   4.409753    31.7921       1178     4.9042  0.000e+00
     12.425    20.1356   4.409779    31.7841       1179     4.9083  0.000e+00
     12.424    20.1428   4.409153    31.7737       1180     4.9125  0.000e+00
     12.421    20.1455   4.408111    31.7632       1181     4.9167  0.000e+00
     12.423    20.1432   4.406526    31.7522       1182     4.9208  0.000e+00
     12.421    20.1367   4.405807    31.7513       1183     4.9250  0.000e+00
     12.417    20.1286   4.405756    31.7570       1184     4.9292  0.000e+00
     12.408    20.1231   4.406628    31.7681       1185     4.9333  0.000e+00
     12.388    20.1222   4.408705    31.7856       1186     4.9375  0.000e+00
     12.366    20.1286   4.412337    31.8100       1187     4.9417  0.000e+00
     12.321    20.1447   4.417676    31.8409       1188     4.9458  0.000e+00
     12.285    20.1733   4.424593    31.8751       1189     4.9500  0.000e+00
     12.242    20.2153   4.431001    31.8950       1190     4.9542  0.000e+00
     12.191    20.2655   4.436229    31.8991       1191     4.9583  0.000e+00
     12.144    20.3166   4.440832    31.8975       1192     4.9625  0.000e+00
     12.091    20.3660   4.444918    31.8931       1193     4.9667  0.000e+00
     12.044    20.4117   4.450204    31.9011       1194     4.9708  0.000e+00
     11.996    20.4583   4.454261    31.8985       1195     4.9750  0.000e+00
     11.945    20.5034   4.456373    31.8815       1196     4.9792  0.000e+00
     11.900    20.5406   4.455878    31.8497       1197     4.9833  0.000e+00
     11.856    20.5702   4.459722    31.8582       1198     4.9875  0.000e+00
     11.815    20.5945   4.461289    31.8525       1199     4.9917  0.000e+00
     11.769    20.6157   4.462292    31.8446       1200     4.9958  0.000e+00
     11.739    20.6328   4.463307    31.8399       1201     5.0000  0.000e+00
     11.701    20.6474   4.465135    31.8435       1202     5.0042  0.000e+00
     11.672    20.6624   4.467395    31.8504       1203     5.0083  0.000e+00
     11.650    20.6797   4.468799    31.8486       1204     5.0125  0.000e+00
     11.621    20.6967   4.470805    31.8519       1205     5.0167  0.000e+00
     11.603    20.7139   4.473696    31.8620       1206     5.0208  0.000e+00
     11.576    20.7347   4.475500    31.8608       1207     5.0250  0.000e+00
     11.563    20.7544   4.476644    31.8552       1208     5.0292  0.000e+00
     11.547    20.7717   4.477845    31.8518       1209     5.0333  0.000e+00
     11.536    20.7872   4.479828    31.8560       1210     5.0375  0.000e+00
     11.523    20.8027   4.481869    31.8606       1211     5.0417  0.000e+00
     11.516    20.8198   4.485774    31.8789       1212     5.0458  0.000e+00
     11.494    20.8427   4.488910    31.8866       1213     5.0500  0.000e+00
     11.472    20.8693   4.490322    31.8780       1214     5.0542  0.000e+00
     11.453    20.8932   4.491003    31.8656       1215     5.0583  0.000e+00
     11.433    20.9106   4.492053    31.8609       1216     5.0625  0.000e+00
     11.407    20.9250   4.492886    31.8568       1217     5.0667  0.000e+00
     11.375    20.9374   4.497451    31.8837       1218     5.0708  0.000e+00
     11.340    20.9577   4.502470    31.9083       1219     5.0750  0.000e+00
     11.302    20.9892   4.506580    31.9174       1220     5.0792  0.000e+00
     11.259    21.0251   4.509231    31.9116       1221     5.0833  0.000e+00
     11.212    21.0593   4.516826    31.9461       1222     5.0875  0.000e+00
     11.161    21.1024   4.523590    31.9674       1223     5.0917  0.000e+00
     11.111    21.1558   4.529260    31.9724       1224     5.0958  0.000e+00
     11.051    21.2099   4.537546    31.9973       1225     5.1000  0.000e+00
     10.998    21.2715   4.545359    32.0130       1226     5.1042  0.000e+00
     10.951    21.3387   4.549600    31.9963       1227     5.1083  0.000e+00
     10.901    21.3984   4.553958    31.9861       1228     5.1125  0.000e+00
     10.866    21.4518   4.561405    32.0049       1229     5.1167  0.000e+00
     10.848    21.5083   4.567902    32.0138       1230     5.1208  0.000e+00
     10.832    21.5665   4.569638    31.9842       1231     5.1250  0.000e+00
     10.834    21.6132   4.570650    31.9575       1232     5.1292  0.000e+00
     10.830    21.6464   4.571330    31.9382       1233     5.1333  0.000e+00
     10.823    21.6686   4.570983    31.9190       1234     5.1375  0.000e+00
     10.819    21.6822   4.571489    31.9129       1235     5.1417  0.000e+00
     10.808    21.6914   4.572393    31.9132       1236     5.1458  0.000e+00
     10.788    21.7000   4.573252    31.9136       1237     5.1500  0.000e+00
     10.767    21.7082   4.574375    31.9163       1238     5.1542  0.000e+00
     10.732    21.7174   4.575792    31.9205       1239     5.1583  0.000e+00
     10.696    21.7278   4.579263    31.9400       1240     5.1625  0.000e+00
