HB2406/sbe087.cnv
* Sea-Bird SBE 19plus V2 Data File:
* FileName = C:\cruise\data\sbe087.hex
* Software Version Seasave V 7.26.7.121
* Temperature SN = 7037
* Conductivity SN = 7037
* System UpLoad Time = Aug 19 2024 17:53:02
* NMEA Latitude = 43 16.35 N
* NMEA Longitude = 068 50.82 W
* NMEA UTC (Time) = Aug 19 2024  17:51:55
** Ship: Henry Bigelow
** Cruise:  HB2406
** Program:  ECOMON
# nquan = 7
# nvalues = 2882                                  
# units = specified
# name 0 = depSM: Depth [salt water, m]
# name 1 = tv290C: Temperature [ITS-90, deg C]
# name 2 = c0S/m: Conductivity [S/m]
# name 3 = sal00: Salinity, Practical [PSU]
# name 4 = scan: Scan Count
# name 5 = timeM: Time, Elapsed [minutes]
# name 6 = flag:  0.000e+00
# span 0 =     -0.124,    128.368                 
# span 1 =     7.1548,    20.5598                 
# span 2 =   0.000640,   4.254467                 
# span 3 =     0.0116,    33.3860                 
# span 4 =         11,       2892                 
# span 5 =     0.0417,    12.0458                 
# span 6 = 0.0000e+00, 0.0000e+00                 
# interval = seconds: 0.25
# start_time = Aug 19 2024 17:51:55 [NMEA time, header]
# bad_flag = -9.990e-29
*END*
[from data line 411]
     40.573     9.7845   3.548196    32.5196        422     1.7542  0.000e+00
     40.768     9.7555   3.547635    32.5400        423     1.7583  0.000e+00
     40.954     9.7319   3.546757    32.5523        424     1.7625  0.000e+00
     41.149     9.7138   3.546365    32.5646        425     1.7667  0.000e+00
     41.336     9.6981   3.544990    32.5647        426     1.7708  0.000e+00
     41.522     9.6828   3.543535    32.5636        427     1.7750  0.000e+00
     41.708     9.6663   3.543189    32.5749        428     1.7792  0.000e+00
     41.887     9.6523   3.541474    32.5700        429     1.7833  0.000e+00
     42.066     9.6367   3.540550    32.5746        430     1.7875  0.000e+00
     42.243     9.6205   3.539973    32.5833        431     1.7917  0.000e+00
     42.410     9.6068   3.539309    32.5889        432     1.7958  0.000e+00
     42.565     9.5949   3.538132    32.5876        433     1.8000  0.000e+00
     42.721     9.5814   3.536995    32.5881        434     1.8042  0.000e+00
     42.865     9.5672   3.536222    32.5930        435     1.8083  0.000e+00
     43.012     9.5546   3.536072    32.6029        436     1.8125  0.000e+00
     43.151     9.5446   3.534941    32.6003        437     1.8167  0.000e+00
     43.286     9.5343   3.534491    32.6050        438     1.8208  0.000e+00
     43.422     9.5247   3.534468    32.6135        439     1.8250  0.000e+00
     43.556     9.5177   3.534509    32.6201        440     1.8292  0.000e+00
     43.697     9.5137   3.534469    32.6234        441     1.8333  0.000e+00
     43.843     9.5108   3.534255    32.6237        442     1.8375  0.000e+00
     43.997     9.5080   3.534215    32.6258        443     1.8417  0.000e+00
     44.163     9.5055   3.534319    32.6291        444     1.8458  0.000e+00
     44.331     9.5047   3.534255    32.6291        445     1.8500  0.000e+00
     44.510     9.5039   3.534642    32.6336        446     1.8542  0.000e+00
     44.700     9.5045   3.534746    32.6341        447     1.8583  0.000e+00
     44.888     9.5052   3.534469    32.6306        448     1.8625  0.000e+00
     45.085     9.5051   3.534342    32.6292        449     1.8667  0.000e+00
     45.284     9.5039   3.533396    32.6206        450     1.8708  0.000e+00
     45.479     9.4985   3.532479    32.6160        451     1.8750  0.000e+00
     45.673     9.4903   3.532675    32.6253        452     1.8792  0.000e+00
     45.859     9.4835   3.531580    32.6202        453     1.8833  0.000e+00
     46.041     9.4761   3.530939    32.6203        454     1.8875  0.000e+00
     46.213     9.4667   3.530063    32.6198        455     1.8917  0.000e+00
     46.380     9.4566   3.528870    32.6167        456     1.8958  0.000e+00
     46.539     9.4438   3.528380    32.6232        457     1.9000  0.000e+00
     46.683     9.4326   3.528530    32.6349        458     1.9042  0.000e+00
     46.823     9.4256   3.528167    32.6375        459     1.9083  0.000e+00
     46.958     9.4204   3.527884    32.6392        460     1.9125  0.000e+00
     47.079     9.4147   3.526051    32.6255        461     1.9167  0.000e+00
     47.202     9.4032   3.525388    32.6291        462     1.9208  0.000e+00
     47.327     9.3898   3.524599    32.6332        463     1.9250  0.000e+00
     47.463     9.3781   3.524726    32.6451        464     1.9292  0.000e+00
     47.609     9.3691   3.524386    32.6498        465     1.9333  0.000e+00
     47.754     9.3623   3.524513    32.6571        466     1.9375  0.000e+00
     47.917     9.3578   3.524663    32.6627        467     1.9417  0.000e+00
     48.092     9.3550   3.523833    32.6567        468     1.9458  0.000e+00
     48.280     9.3501   3.523067    32.6532        469     1.9500  0.000e+00
     48.484     9.3416   3.522381    32.6538        470     1.9542  0.000e+00
     48.703     9.3315   3.522001    32.6590        471     1.9583  0.000e+00
     48.938     9.3218   3.520936    32.6568        472     1.9625  0.000e+00
     49.184     9.3105   3.519910    32.6564        473     1.9667  0.000e+00
     49.453     9.2970   3.518356    32.6526        474     1.9708  0.000e+00
     49.730     9.2819   3.518315    32.6659        475     1.9750  0.000e+00
     50.005     9.2674   3.516657    32.6619        476     1.9792  0.000e+00
     50.274     9.2526   3.515552    32.6639        477     1.9833  0.000e+00
     50.527     9.2364   3.515190    32.6749        478     1.9875  0.000e+00
     50.772     9.2229   3.515103    32.6862        479     1.9917  0.000e+00
     51.009     9.2143   3.514384    32.6866        480     1.9958  0.000e+00
     51.243     9.2051   3.512301    32.6734        481     2.0000  0.000e+00
     51.459     9.1905   3.511938    32.6829        482     2.0042  0.000e+00
     51.688     9.1769   3.513003    32.7063        483     2.0083  0.000e+00
     51.907     9.1711   3.512808    32.7095        484     2.0125  0.000e+00
     52.106     9.1663   3.512278    32.7083        485     2.0167  0.000e+00
     52.269     9.1622   3.510960    32.6983        486     2.0208  0.000e+00
     52.399     9.1540   3.509965    32.6955        487     2.0250  0.000e+00
     52.502     9.1424   3.508981    32.6959        488     2.0292  0.000e+00
     52.581     9.1306   3.508694    32.7037        489     2.0333  0.000e+00
     52.657     9.1204   3.508545    32.7116        490     2.0375  0.000e+00
     52.728     9.1130   3.508562    32.7185        491     2.0417  0.000e+00
     52.800     9.1083   3.508585    32.7230        492     2.0458  0.000e+00
     52.869     9.1054   3.508522    32.7250        493     2.0500  0.000e+00
     52.943     9.1037   3.508372    32.7250        494     2.0542  0.000e+00
     53.026     9.1019   3.508355    32.7264        495     2.0583  0.000e+00
     53.124     9.1007   3.508470    32.7286        496     2.0625  0.000e+00
     53.229     9.1003   3.508562    32.7299        497     2.0667  0.000e+00
     53.352     9.1007   3.508562    32.7295        498     2.0708  0.000e+00
     53.487     9.1010   3.508649    32.7300        499     2.0750  0.000e+00
     53.632     9.1016   3.508545    32.7283        500     2.0792  0.000e+00
     53.796     9.1013   3.508396    32.7270        501     2.0833  0.000e+00
     53.984     9.1000   3.508373    32.7279        502     2.0875  0.000e+00
     54.185     9.0994   3.508079    32.7253        503     2.0917  0.000e+00
     54.397     9.0978   3.508695    32.7330        504     2.0958  0.000e+00
     54.619     9.0976   3.508873    32.7349        505     2.1000  0.000e+00
     54.850     9.0990   3.508839    32.7332        506     2.1042  0.000e+00
     55.087     9.1001   3.507930    32.7227        507     2.1083  0.000e+00
     55.321     9.0973   3.507165    32.7172        508     2.1125  0.000e+00
     55.554     9.0899   3.506084    32.7127        509     2.1167  0.000e+00
     55.778     9.0805   3.505130    32.7114        510     2.1208  0.000e+00
     55.995     9.0688   3.503054    32.7005        511     2.1250  0.000e+00
     56.208     9.0516   3.500749    32.6923        512     2.1292  0.000e+00
     56.416     9.0286   3.499152    32.6967        513     2.1333  0.000e+00
     56.615     9.0051   3.499204    32.7188        514     2.1375  0.000e+00
     56.807     8.9880   3.498865    32.7310        515     2.1417  0.000e+00
     56.989     8.9768   3.497681    32.7288        516     2.1458  0.000e+00
     57.167     8.9653   3.497176    32.7341        517     2.1500  0.000e+00
     57.346     8.9532   3.496728    32.7405        518     2.1542  0.000e+00
     57.527     8.9431   3.496309    32.7454        519     2.1583  0.000e+00
     57.715     8.9341   3.496648    32.7571        520     2.1625  0.000e+00
     57.910     8.9282   3.497217    32.7683        521     2.1667  0.000e+00
     58.100     8.9265   3.496665    32.7641        522     2.1708  0.000e+00
     58.304     8.9241   3.496499    32.7645        523     2.1750  0.000e+00
     58.510     8.9197   3.494827    32.7511        524     2.1792  0.000e+00
     58.738     8.9120   3.493587    32.7452        525     2.1833  0.000e+00
     58.949     8.8994   3.493076    32.7513        526     2.1875  0.000e+00
     59.186     8.8869   3.490240    32.7332        527     2.1917  0.000e+00
     59.411     8.8700   3.491538    32.7623        528     2.1958  0.000e+00
     59.646     8.8591   3.490022    32.7564        529     2.2000  0.000e+00
     59.870     8.8488   3.489156    32.7567        530     2.2042  0.000e+00
     60.094     8.8382   3.488863    32.7634        531     2.2083  0.000e+00
     60.311     8.8289   3.488083    32.7638        532     2.2125  0.000e+00
     60.519     8.8199   3.486992    32.7606        533     2.2167  0.000e+00
     60.718     8.8105   3.486206    32.7610        534     2.2208  0.000e+00
     60.908     8.8005   3.485552    32.7633        535     2.2250  0.000e+00
     61.076     8.7909   3.483722    32.7530        536     2.2292  0.000e+00
     61.231     8.7791   3.482042    32.7463        537     2.2333  0.000e+00
     61.376     8.7638   3.479920    32.7382        538     2.2375  0.000e+00
     61.497     8.7456   3.477484    32.7295        539     2.2417  0.000e+00
     61.608     8.7226   3.475529    32.7302        540     2.2458  0.000e+00
     61.716     8.6994   3.473220    32.7275        541     2.2500  0.000e+00
     61.823     8.6744   3.472407    32.7420        542     2.2542  0.000e+00
     61.933     8.6535   3.471983    32.7569        543     2.2583  0.000e+00
     62.038     8.6384   3.471754    32.7685        544     2.2625  0.000e+00
     62.150     8.6277   3.471904    32.7798        545     2.2667  0.000e+00
     62.275     8.6216   3.472116    32.7877        546     2.2708  0.000e+00
     62.400     8.6185   3.471486    32.7839        547     2.2750  0.000e+00
     62.539     8.6147   3.470798    32.7802        548     2.2792  0.000e+00
     62.680     8.6085   3.470100    32.7785        549     2.2833  0.000e+00
     62.837     8.6014   3.470060    32.7846        550     2.2875  0.000e+00
     62.998     8.5956   3.470226    32.7917        551     2.2917  0.000e+00
     63.175     8.5926   3.469390    32.7855        552     2.2958  0.000e+00
     63.361     8.5878   3.468147    32.7769        553     2.3000  0.000e+00
     63.559     8.5792   3.467443    32.7774        554     2.3042  0.000e+00
     63.761     8.5697   3.467672    32.7885        555     2.3083  0.000e+00
     63.969     8.5631   3.466962    32.7871        556     2.3125  0.000e+00
     64.181     8.5576   3.467380    32.7965        557     2.3167  0.000e+00
     64.385     8.5543   3.466396    32.7891        558     2.3208  0.000e+00
     64.604     8.5498   3.465543    32.7842        559     2.3250  0.000e+00
     64.801     8.5419   3.463723    32.7723        560     2.3292  0.000e+00
     65.005     8.5309   3.463545    32.7807        561     2.3333  0.000e+00
     65.199     8.5204   3.462739    32.7818        562     2.3375  0.000e+00
     65.394     8.5116   3.462281    32.7851        563     2.3417  0.000e+00
     65.573     8.5033   3.461360    32.7830        564     2.3458  0.000e+00
     65.746     8.4949   3.461240    32.7895        565     2.3500  0.000e+00
     65.911     8.4880   3.460897    32.7922        566     2.3542  0.000e+00
     66.063     8.4827   3.460382    32.7916        567     2.3583  0.000e+00
     66.222     8.4771   3.459632    32.7889        568     2.3625  0.000e+00
     66.368     8.4708   3.459484    32.7931        569     2.3667  0.000e+00
     66.555     8.4653   3.458912    32.7922        570     2.3708  0.000e+00
     66.706     8.4607   3.457482    32.7812        571     2.3750  0.000e+00
     66.893     8.4528   3.457150    32.7851        572     2.3792  0.000e+00
     67.074     8.4446   3.455521    32.7754        573     2.3833  0.000e+00
     67.240     8.4346   3.454846    32.7775        574     2.3875  0.000e+00
     67.433     8.4244   3.453646    32.7743        575     2.3917  0.000e+00
     67.632     8.4140   3.454000    32.7876        576     2.3958  0.000e+00
     67.824     8.4064   3.453166    32.7858        577     2.4000  0.000e+00
     68.043     8.3998   3.452463    32.7844        578     2.4042  0.000e+00
     68.240     8.3932   3.450857    32.7735        579     2.4083  0.000e+00
     68.457     8.3832   3.449383    32.7672        580     2.4125  0.000e+00
     68.667     8.3714   3.449092    32.7749        581     2.4167  0.000e+00
     68.873     8.3628   3.448486    32.7765        582     2.4208  0.000e+00
     69.068     8.3532   3.446470    32.7641        583     2.4250  0.000e+00
     69.261     8.3412   3.445247    32.7623        584     2.4292  0.000e+00
     69.442     8.3282   3.443911    32.7602        585     2.4333  0.000e+00
     69.611     8.3150   3.442798    32.7606        586     2.4375  0.000e+00
     69.777     8.3018   3.442341    32.7680        587     2.4417  0.000e+00
     69.923     8.2912   3.440937    32.7630        588     2.4458  0.000e+00
     70.061     8.2800   3.439396    32.7571        589     2.4500  0.000e+00
     70.187     8.2669   3.436292    32.7364        590     2.4542  0.000e+00
     70.300     8.2480   3.432299    32.7116        591     2.4583  0.000e+00
     70.415     8.2218   3.430167    32.7134        592     2.4625  0.000e+00
     70.526     8.1954   3.429175    32.7275        593     2.4667  0.000e+00
     70.645     8.1740   3.428064    32.7356        594     2.4708  0.000e+00
     70.766     8.1568   3.427973    32.7506        595     2.4750  0.000e+00
     70.902     8.1449   3.427814    32.7599        596     2.4792  0.000e+00
     71.052     8.1374   3.427420    32.7627        597     2.4833  0.000e+00
     71.213     8.1315   3.426805    32.7616        598     2.4875  0.000e+00
     71.384     8.1257   3.426805    32.7669        599     2.4917  0.000e+00
     71.574     8.1215   3.426435    32.7668        600     2.4958  0.000e+00
     71.782     8.1179   3.425728    32.7626        601     2.5000  0.000e+00
     71.997     8.1136   3.424885    32.7576        602     2.5042  0.000e+00
     72.232     8.1075   3.424184    32.7557        603     2.5083  0.000e+00
     72.473     8.0999   3.422658    32.7465        604     2.5125  0.000e+00
     72.758     8.0905   3.420391    32.7311        605     2.5167  0.000e+00
     73.028     8.0764   3.417180    32.7100        606     2.5208  0.000e+00
     73.312     8.0542   3.414431    32.7014        607     2.5250  0.000e+00
     73.589     8.0274   3.412764    32.7085        608     2.5292  0.000e+00
     73.862     8.0026   3.411712    32.7203        609     2.5333  0.000e+00
     74.107     7.9834   3.411593    32.7369        610     2.5375  0.000e+00
     74.359     7.9691   3.410899    32.7428        611     2.5417  0.000e+00
     74.603     7.9575   3.410319    32.7473        612     2.5458  0.000e+00
     74.852     7.9478   3.409562    32.7483        613     2.5500  0.000e+00
     75.064     7.9390   3.408294    32.7429        614     2.5542  0.000e+00
     75.268     7.9285   3.408681    32.7567        615     2.5583  0.000e+00
     75.489     7.9196   3.405855    32.7349        616     2.5625  0.000e+00
     75.666     7.9051   3.405634    32.7460        617     2.5667  0.000e+00
     75.800     7.8925   3.404008    32.7404        618     2.5708  0.000e+00
     75.894     7.8780   3.402025    32.7327        619     2.5750  0.000e+00
     75.964     7.8584   3.402138    32.7523        620     2.5792  0.000e+00
     76.030     7.8440   3.401883    32.7630        621     2.5833  0.000e+00
     76.102     7.8334   3.401838    32.7724        622     2.5875  0.000e+00
     76.174     7.8262   3.401758    32.7784        623     2.5917  0.000e+00
     76.246     7.8212   3.401923    32.7848        624     2.5958  0.000e+00
     76.306     7.8179   3.401946    32.7881        625     2.6000  0.000e+00
