HB2406/sbe015.cnv
* Sea-Bird SBE 19plus V2 Data File:
* FileName = C:\cruise\data\sbe015.hex
* Software Version Seasave V 7.26.7.121
* Temperature SN = 7037
* Conductivity SN = 7037
* System UpLoad Time = Aug 13 2024 15:44:01
* NMEA Latitude = 40 44.96 N
* NMEA Longitude = 068 26.82 W
* NMEA UTC (Time) = Aug 13 2024  15:42:51
** Ship: Henry Bigelow
** Cruise:  HB2406
** Program:  ECOMON
# nquan = 7
# nvalues = 1288                                  
# units = specified
# name 0 = depSM: Depth [salt water, m]
# name 1 = tv290C: Temperature [ITS-90, deg C]
# name 2 = c0S/m: Conductivity [S/m]
# name 3 = sal00: Salinity, Practical [PSU]
# name 4 = scan: Scan Count
# name 5 = timeM: Time, Elapsed [minutes]
# name 6 = flag:  0.000e+00
# span 0 =     -0.014,     51.628                 
# span 1 =    11.9303,    24.5299                 
# span 2 =  -0.000007,   4.423220                 
# span 3 =     0.0000,    32.9789                 
# span 4 =         11,       1298                 
# span 5 =     0.0417,     5.4042                 
# span 6 = 0.0000e+00, 0.0000e+00                 
# interval = seconds: 0.25
# start_time = Aug 13 2024 15:42:51 [NMEA time, header]
# bad_flag = -9.990e-29
*END*
     -0.005    24.4293   0.000004     0.0119         11     0.0417  0.000e+00
     -0.002    24.4342   0.000004     0.0119         12     0.0458  0.000e+00
      0.000    24.4474   0.000009     0.0119         13     0.0500  0.000e+00
      0.000    24.4624   0.000004     0.0119         14     0.0542  0.000e+00
     -0.004    24.4598   0.000009     0.0119         15     0.0583  0.000e+00
      0.000    24.4326   0.000004     0.0119         16     0.0625  0.000e+00
     -0.002    24.4063   0.000004     0.0119         17     0.0667  0.000e+00
      0.000    24.4020   0.000004     0.0119         18     0.0708  0.000e+00
     -0.002    24.4134   0.000009     0.0118         19     0.0750  0.000e+00
     -0.004    24.4280  -0.000001     0.0000         20     0.0792  0.000e+00
     -0.002    24.4456   0.000004     0.0119         21     0.0833  0.000e+00
      0.000    24.4636   0.000004     0.0119         22     0.0875  0.000e+00
      0.002    24.4726  -0.000001     0.0000         23     0.0917  0.000e+00
      0.000    24.4640   0.000009     0.0119         24     0.0958  0.000e+00
     -0.004    24.4501   0.000009     0.0119         25     0.1000  0.000e+00
      0.002    24.4498   0.000004     0.0119         26     0.1042  0.000e+00
     -0.002    24.4618  -0.000001     0.0000         27     0.1083  0.000e+00
      0.000    24.4771   0.000004     0.0119         28     0.1125  0.000e+00
      0.000    24.4929   0.000004     0.0119         29     0.1167  0.000e+00
     -0.002    24.5022   0.000004     0.0119         30     0.1208  0.000e+00
     -0.002    24.4882   0.000009     0.0119         31     0.1250  0.000e+00
     -0.002    24.4522   0.000004     0.0119         32     0.1292  0.000e+00
     -0.003    24.4282   0.000004     0.0119         33     0.1333  0.000e+00
     -0.002    24.4188   0.000004     0.0119         34     0.1375  0.000e+00
     -0.003    24.4230   0.000009     0.0118         35     0.1417  0.000e+00
      0.000    24.4357   0.000004     0.0119         36     0.1458  0.000e+00
     -0.002    24.4494   0.000004     0.0119         37     0.1500  0.000e+00
      0.000    24.4621   0.000009     0.0119         38     0.1542  0.000e+00
     -0.002    24.4668   0.000004     0.0119         39     0.1583  0.000e+00
     -0.002    24.4645   0.000004     0.0119         40     0.1625  0.000e+00
     -0.004    24.4399   0.000004     0.0119         41     0.1667  0.000e+00
     -0.004    24.4237   0.000009     0.0118         42     0.1708  0.000e+00
      0.000    24.4250   0.000004     0.0119         43     0.1750  0.000e+00
     -0.004    24.4353   0.000004     0.0119         44     0.1792  0.000e+00
     -0.004    24.4474   0.000004     0.0119         45     0.1833  0.000e+00
      0.000    24.4583   0.000004     0.0119         46     0.1875  0.000e+00
     -0.004    24.4683   0.000004     0.0119         47     0.1917  0.000e+00
     -0.007    24.4778  -0.000001     0.0000         48     0.1958  0.000e+00
     -0.005    24.4879   0.000004     0.0119         49     0.2000  0.000e+00
     -0.004    24.4900   0.000004     0.0119         50     0.2042  0.000e+00
     -0.003    24.4923   0.000009     0.0119         51     0.2083  0.000e+00
      0.000    24.5007  -0.000001     0.0000         52     0.2125  0.000e+00
      0.000    24.5084   0.000004     0.0120         53     0.2167  0.000e+00
     -0.003    24.5164   0.000004     0.0120         54     0.2208  0.000e+00
     -0.003    24.5248   0.000004     0.0120         55     0.2250  0.000e+00
     -0.011    24.5299   0.000004     0.0120         56     0.2292  0.000e+00
     -0.014    24.5167   0.000004     0.0120         57     0.2333  0.000e+00
     -0.007    24.4896   0.000004     0.0119         58     0.2375  0.000e+00
      0.004    24.4754   0.000004     0.0119         59     0.2417  0.000e+00
      0.004    24.4747   0.000004     0.0119         60     0.2458  0.000e+00
     -0.002    24.4782  -0.000001     0.0000         61     0.2500  0.000e+00
     -0.007    24.4813   0.000004     0.0119         62     0.2542  0.000e+00
     -0.004    24.4859   0.000004     0.0119         63     0.2583  0.000e+00
     -0.002    24.4959   0.000004     0.0119         64     0.2625  0.000e+00
      0.000    24.5055   0.000004     0.0119         65     0.2667  0.000e+00
      0.000    24.5128   0.000004     0.0120         66     0.2708  0.000e+00
     -0.004    24.5178   0.000004     0.0120         67     0.2750  0.000e+00
      0.033    24.5143  -0.000001     0.0000         68     0.2792  0.000e+00
      0.260    24.4920  -0.000001     0.0000         69     0.2833  0.000e+00
      0.364    24.4670   0.000004     0.0119         70     0.2875  0.000e+00
      0.436    24.4416  -0.000007     0.0000         71     0.2917  0.000e+00
      0.541    24.4135   0.976118     5.5528         72     0.2958  0.000e+00
      0.694    23.9531   2.448201    15.2050         73     0.3000  0.000e+00
      0.875    22.9077   2.971564    19.2519         74     0.3042  0.000e+00
      1.062    22.0526   2.342760    15.1236         75     0.3083  0.000e+00
      1.233    21.4625   2.704583    17.9420         76     0.3125  0.000e+00
      1.376    21.0543   2.797190    18.7945         77     0.3167  0.000e+00
      1.523    20.7849   3.235984    22.2041         78     0.3208  0.000e+00
      1.680    20.6091   3.367904    23.3014         79     0.3250  0.000e+00
      1.855    20.4939   3.112444    21.4162         80     0.3292  0.000e+00
      2.034    20.4225   2.710219    18.4230         81     0.3333  0.000e+00
      2.221    20.3642   2.592910    17.5738         82     0.3375  0.000e+00
      2.402    20.3322   3.805411    26.8503         83     0.3417  0.000e+00
      2.582    20.3272   4.385232    31.4469         84     0.3458  0.000e+00
      2.760    20.3346   4.402037    31.5759         85     0.3500  0.000e+00
      2.946    20.3511   4.416133    31.6766         86     0.3542  0.000e+00
      3.125    20.3766   4.423220    31.7142         87     0.3583  0.000e+00
      3.302    20.4247   4.410206    31.5740         88     0.3625  0.000e+00
      3.459    20.4536   4.382584    31.3318         89     0.3667  0.000e+00
      3.604    20.4541   4.362175    31.1684         90     0.3708  0.000e+00
      3.731    20.4390   4.350939    31.0899         91     0.3750  0.000e+00
      3.848    20.4077   4.347367    31.0843         92     0.3792  0.000e+00
      3.958    20.3103   4.344976    31.1366         93     0.3833  0.000e+00
      4.069    20.1374   4.348928    31.2960         94     0.3875  0.000e+00
      4.179    19.9614   4.364357    31.5514         95     0.3917  0.000e+00
      4.293    19.8334   4.383103    31.7994         96     0.3958  0.000e+00
      4.405    19.7522   4.389999    31.9169         97     0.4000  0.000e+00
      4.523    19.7007   4.394868    31.9958         98     0.4042  0.000e+00
      4.644    19.6703   4.399063    32.0531         99     0.4083  0.000e+00
      4.781    19.6551   4.402667    32.0940        100     0.4125  0.000e+00
      4.928    19.6476   4.405097    32.1195        101     0.4167  0.000e+00
      5.079    19.6480   4.399827    32.0762        102     0.4208  0.000e+00
      5.235    19.6533   4.388961    31.9836        103     0.4250  0.000e+00
      5.383    19.6550   4.383970    31.9416        104     0.4292  0.000e+00
      5.540    19.6478   4.378452    31.9021        105     0.4333  0.000e+00
      5.685    19.6324   4.372164    31.8626        106     0.4375  0.000e+00
      5.830    19.6077   4.367653    31.8446        107     0.4417  0.000e+00
      5.971    19.5818   4.365068    31.8432        108     0.4458  0.000e+00
      6.112    19.5565   4.364943    31.8614        109     0.4500  0.000e+00
      6.258    19.5409   4.367276    31.8923        110     0.4542  0.000e+00
      6.401    19.5388   4.374217    31.9504        111     0.4583  0.000e+00
      6.555    19.5532   4.388502    32.0559        112     0.4625  0.000e+00
      6.712    19.5687   4.402183    32.1557        113     0.4667  0.000e+00
      6.871    19.5584   4.407505    32.2070        114     0.4708  0.000e+00
      7.032    19.5339   4.407631    32.2268        115     0.4750  0.000e+00
      7.199    19.5096   4.408863    32.2556        116     0.4792  0.000e+00
      7.361    19.5027   4.410733    32.2762        117     0.4833  0.000e+00
      7.526    19.5262   4.413139    32.2777        118     0.4875  0.000e+00
      7.692    19.5618   4.414630    32.2623        119     0.4917  0.000e+00
      7.860    19.5925   4.413625    32.2304        120     0.4958  0.000e+00
      8.027    19.6095   4.401974    32.1222        121     0.5000  0.000e+00
      8.184    19.6090   4.389902    32.0241        122     0.5042  0.000e+00
      8.338    19.5939   4.374878    31.9131        123     0.5083  0.000e+00
      8.481    19.5651   4.361938    31.8296        124     0.5125  0.000e+00
      8.625    19.5323   4.351256    31.7673        125     0.5167  0.000e+00
      8.761    19.5003   4.343452    31.7279        126     0.5208  0.000e+00
      8.898    19.4668   4.338101    31.7096        127     0.5250  0.000e+00
      9.036    19.4304   4.334589    31.7085        128     0.5292  0.000e+00
      9.170    19.3924   4.332082    31.7168        129     0.5333  0.000e+00
      9.311    19.3568   4.330753    31.7330        130     0.5375  0.000e+00
      9.450    19.3253   4.329525    31.7468        131     0.5417  0.000e+00
      9.595    19.2965   4.327978    31.7561        132     0.5458  0.000e+00
      9.737    19.2727   4.327803    31.7727        133     0.5500  0.000e+00
      9.888    19.2533   4.327997    31.7890        134     0.5542  0.000e+00
     10.038    19.2378   4.328424    31.8043        135     0.5583  0.000e+00
     10.198    19.2258   4.329352    31.8210        136     0.5625  0.000e+00
     10.359    19.2163   4.330681    31.8392        137     0.5667  0.000e+00
     10.526    19.2097   4.332361    31.8579        138     0.5708  0.000e+00
     10.694    19.2041   4.334568    31.8803        139     0.5750  0.000e+00
     10.866    19.1995   4.336249    31.8976        140     0.5792  0.000e+00
     11.030    19.1949   4.337277    31.9096        141     0.5833  0.000e+00
     11.197    19.1909   4.336600    31.9069        142     0.5875  0.000e+00
     11.359    19.1884   4.334443    31.8911        143     0.5917  0.000e+00
     11.517    19.1863   4.332061    31.8731        144     0.5958  0.000e+00
     11.672    19.1821   4.330356    31.8622        145     0.6000  0.000e+00
     11.824    19.1685   4.329804    31.8681        146     0.6042  0.000e+00
     11.969    19.1432   4.328276    31.8748        147     0.6083  0.000e+00
     12.111    19.1085   4.323652    31.8633        148     0.6125  0.000e+00
     12.251    19.0621   4.316258    31.8379        149     0.6167  0.000e+00
     12.392    19.0175   4.307955    31.8036        150     0.6208  0.000e+00
     12.527    18.9748   4.302410    31.7906        151     0.6250  0.000e+00
     12.661    18.9308   4.298810    31.7945        152     0.6292  0.000e+00
     12.793    18.8853   4.297567    31.8192        153     0.6333  0.000e+00
     12.929    18.8414   4.298137    31.8575        154     0.6375  0.000e+00
     13.066    18.8010   4.300106    31.9050        155     0.6417  0.000e+00
     13.196    18.7657   4.302738    31.9539        156     0.6458  0.000e+00
     13.339    18.7366   4.306046    32.0039        157     0.6500  0.000e+00
     13.482    18.7143   4.308954    32.0453        158     0.6542  0.000e+00
     13.630    18.6982   4.311226    32.0765        159     0.6583  0.000e+00
     13.779    18.6853   4.313022    32.1014        160     0.6625  0.000e+00
     13.929    18.6706   4.316239    32.1396        161     0.6667  0.000e+00
     14.084    18.6567   4.318931    32.1727        162     0.6708  0.000e+00
     14.242    18.6480   4.320409    32.1918        163     0.6750  0.000e+00
     14.399    18.6389   4.321706    32.2096        164     0.6792  0.000e+00
     14.560    18.6225   4.321681    32.2221        165     0.6833  0.000e+00
     14.715    18.5953   4.314043    32.1797        166     0.6875  0.000e+00
     14.867    18.5656   4.299660    32.0830        167     0.6917  0.000e+00
     15.017    18.5087   4.288518    32.0342        168     0.6958  0.000e+00
     15.164    18.3981   4.282022    32.0661        169     0.7000  0.000e+00
     15.307    18.2810   4.274540    32.0947        170     0.7042  0.000e+00
     15.446    18.1755   4.265581    32.1021        171     0.7083  0.000e+00
     15.583    18.0556   4.258826    32.1392        172     0.7125  0.000e+00
     15.715    17.9489   4.250907    32.1562        173     0.7167  0.000e+00
     15.847    17.8367   4.239302    32.1464        174     0.7208  0.000e+00
     15.979    17.6953   4.231833    32.1947        175     0.7250  0.000e+00
     16.117    17.5468   4.230078    32.2974        176     0.7292  0.000e+00
     16.247    17.4154   4.232979    32.4270        177     0.7333  0.000e+00
     16.388    17.3236   4.238241    32.5457        178     0.7375  0.000e+00
     16.531    17.2887   4.243940    32.6227        179     0.7417  0.000e+00
     16.672    17.2898   4.248683    32.6625        180     0.7458  0.000e+00
     16.817    17.3002   4.244822    32.6208        181     0.7500  0.000e+00
     16.959    17.2947   4.243592    32.6147        182     0.7542  0.000e+00
     17.119    17.2658   4.243748    32.6393        183     0.7583  0.000e+00
     17.270    17.2148   4.238249    32.6332        184     0.7625  0.000e+00
     17.424    17.1463   4.230941    32.6255        185     0.7667  0.000e+00
     17.580    17.0782   4.223073    32.6127        186     0.7708  0.000e+00
     17.739    17.0154   4.217431    32.6148        187     0.7750  0.000e+00
     17.894    16.9472   4.213620    32.6371        188     0.7792  0.000e+00
     18.052    16.8660   4.209792    32.6699        189     0.7833  0.000e+00
     18.209    16.7841   4.205080    32.6956        190     0.7875  0.000e+00
     18.354    16.6957   4.197963    32.7057        191     0.7917  0.000e+00
     18.498    16.5938   4.188699    32.7082        192     0.7958  0.000e+00
     18.639    16.4889   4.177307    32.6946        193     0.8000  0.000e+00
     18.779    16.3887   4.166853    32.6851        194     0.8042  0.000e+00
     18.911    16.2934   4.157612    32.6821        195     0.8083  0.000e+00
     19.041    16.2012   4.146366    32.6590        196     0.8125  0.000e+00
     19.166    16.1088   4.134167    32.6274        197     0.8167  0.000e+00
     19.292    16.0318   4.126694    32.6248        198     0.8208  0.000e+00
     19.421    15.9712   4.123058    32.6425        199     0.8250  0.000e+00
     19.549    15.9087   4.122212    32.6864        200     0.8292  0.000e+00
     19.674    15.8389   4.118700    32.7130        201     0.8333  0.000e+00
     19.808    15.7795   4.115994    32.7381        202     0.8375  0.000e+00
     19.940    15.7356   4.112135    32.7401        203     0.8417  0.000e+00
     20.068    15.7086   4.109535    32.7393        204     0.8458  0.000e+00
     20.200    15.6876   4.107548    32.7391        205     0.8500  0.000e+00
     20.330    15.6677   4.104905    32.7320        206     0.8542  0.000e+00
     20.458    15.6477   4.103293    32.7342        207     0.8583  0.000e+00
     20.590    15.6148   4.100628    32.7377        208     0.8625  0.000e+00
     20.728    15.5696   4.096861    32.7416        209     0.8667  0.000e+00
     20.860    15.5299   4.093444    32.7441        210     0.8708  0.000e+00
     20.997    15.4996   4.090707    32.7448        211     0.8750  0.000e+00
     21.142    15.4639   4.088198    32.7520        212     0.8792  0.000e+00
     21.294    15.4267   4.087183    32.7739        213     0.8833  0.000e+00
     21.449    15.3993   4.087544    32.7999        214     0.8875  0.000e+00
     21.608    15.3790   4.091444    32.8517        215     0.8917  0.000e+00
