HB2406/sbe055.cnv
* Sea-Bird SBE 19plus V2 Data File:
* FileName = C:\cruise\data\sbe055.hex
* Software Version Seasave V 7.26.7.121
* Temperature SN = 7037
* Conductivity SN = 7037
* System UpLoad Time = Aug 17 2024 01:26:30
* NMEA Latitude = 43 24.09 N
* NMEA Longitude = 067 41.64 W
* NMEA UTC (Time) = Aug 17 2024  01:25:22
** Ship: Henry Bigelow
** Cruise:  HB2406
** Program:  ECOMON
# nquan = 7
# nvalues = 5030                                  
# units = specified
# name 0 = depSM: Depth [salt water, m]
# name 1 = tv290C: Temperature [ITS-90, deg C]
# name 2 = c0S/m: Conductivity [S/m]
# name 3 = sal00: Salinity, Practical [PSU]
# name 4 = scan: Scan Count
# name 5 = timeM: Time, Elapsed [minutes]
# name 6 = flag:  0.000e+00
# span 0 =      0.011,    200.480                 
# span 1 =     6.7274,    19.5317                 
# span 2 =  -0.000033,   4.351962                 
# span 3 =     0.0000,    34.1932                 
# span 4 =         11,       5040                 
# span 5 =     0.0417,    20.9958                 
# span 6 = 0.0000e+00, 0.0000e+00                 
# interval = seconds: 0.25
# start_time = Aug 17 2024 01:25:22 [NMEA time, header]
# bad_flag = -9.990e-29
*END*
[from data line 4718]
     11.071    17.2194   4.144275    31.8251       4729    19.7000  0.000e+00
     11.029    17.2278   4.144816    31.8232       4730    19.7042  0.000e+00
     10.979    17.2357   4.145296    31.8210       4731    19.7083  0.000e+00
     10.932    17.2418   4.145684    31.8195       4732    19.7125  0.000e+00
     10.887    17.2474   4.145911    31.8171       4733    19.7167  0.000e+00
     10.832    17.2519   4.146428    31.8180       4734    19.7208  0.000e+00
     10.780    17.2577   4.147980    31.8268       4735    19.7250  0.000e+00
     10.724    17.2664   4.149667    31.8344       4736    19.7292  0.000e+00
     10.673    17.2795   4.151835    31.8426       4737    19.7333  0.000e+00
     10.624    17.2961   4.152851    31.8383       4738    19.7375  0.000e+00
     10.577    17.3130   4.153922    31.8342       4739    19.7417  0.000e+00
     10.529    17.3282   4.155543    31.8361       4740    19.7458  0.000e+00
     10.482    17.3442   4.156904    31.8352       4741    19.7500  0.000e+00
     10.440    17.3603   4.158377    31.8351       4742    19.7542  0.000e+00
     10.402    17.3763   4.160189    31.8380       4743    19.7583  0.000e+00
     10.362    17.3936   4.161767    31.8379       4744    19.7625  0.000e+00
     10.326    17.4111   4.162624    31.8314       4745    19.7667  0.000e+00
     10.286    17.4270   4.163487    31.8264       4746    19.7708  0.000e+00
     10.250    17.4396   4.163844    31.8195       4747    19.7750  0.000e+00
     10.223    17.4495   4.164695    31.8190       4748    19.7792  0.000e+00
     10.189    17.4587   4.166330    31.8257       4749    19.7833  0.000e+00
     10.156    17.4706   4.168359    31.8337       4750    19.7875  0.000e+00
     10.120    17.4861   4.169889    31.8346       4751    19.7917  0.000e+00
     10.082    17.5036   4.170808    31.8288       4752    19.7958  0.000e+00
     10.048    17.5185   4.171493    31.8229       4753    19.8000  0.000e+00
     10.015    17.5309   4.172807    31.8244       4754    19.8042  0.000e+00
      9.970    17.5435   4.175202    31.8349       4755    19.8083  0.000e+00
      9.934    17.5603   4.177530    31.8415       4756    19.8125  0.000e+00
      9.890    17.5810   4.179629    31.8432       4757    19.8167  0.000e+00
      9.852    17.6029   4.180549    31.8339       4758    19.8208  0.000e+00
      9.811    17.6210   4.180932    31.8229       4759    19.8250  0.000e+00
      9.767    17.6342   4.182186    31.8233       4760    19.8292  0.000e+00
      9.726    17.6465   4.183959    31.8288       4761    19.8333  0.000e+00
      9.673    17.6618   4.185294    31.8281       4762    19.8375  0.000e+00
      9.626    17.6779   4.186962    31.8297       4763    19.8417  0.000e+00
      9.574    17.6949   4.188792    31.8319       4764    19.8458  0.000e+00
      9.521    17.7138   4.190337    31.8302       4765    19.8500  0.000e+00
      9.471    17.7327   4.191437    31.8248       4766    19.8542  0.000e+00
      9.415    17.7499   4.193101    31.8255       4767    19.8583  0.000e+00
      9.359    17.7670   4.194758    31.8262       4768    19.8625  0.000e+00
      9.295    17.7854   4.195915    31.8217       4769    19.8667  0.000e+00
      9.241    17.8024   4.196762    31.8156       4770    19.8708  0.000e+00
      9.185    17.8172   4.198080    31.8152       4771    19.8750  0.000e+00
      9.131    17.8320   4.199701    31.8174       4772    19.8792  0.000e+00
      9.071    17.8486   4.200870    31.8143       4773    19.8833  0.000e+00
      9.026    17.8650   4.201464    31.8066       4774    19.8875  0.000e+00
      8.976    17.8791   4.201922    31.7995       4775    19.8917  0.000e+00
      8.927    17.8898   4.203036    31.8006       4776    19.8958  0.000e+00
      8.876    17.9010   4.204534    31.8045       4777    19.9000  0.000e+00
      8.844    17.9149   4.205259    31.7998       4778    19.9042  0.000e+00
      8.800    17.9273   4.205562    31.7928       4779    19.9083  0.000e+00
      8.766    17.9366   4.206032    31.7894       4780    19.9125  0.000e+00
      8.739    17.9440   4.206850    31.7906       4781    19.9167  0.000e+00
      8.711    17.9515   4.207729    31.7922       4782    19.9208  0.000e+00
      8.684    17.9601   4.209104    31.7971       4783    19.9250  0.000e+00
      8.657    17.9710   4.210430    31.7998       4784    19.9292  0.000e+00
      8.636    17.9829   4.211365    31.7985       4785    19.9333  0.000e+00
      8.612    17.9948   4.212635    31.7999       4786    19.9375  0.000e+00
      8.588    18.0081   4.214333    31.8039       4787    19.9417  0.000e+00
      8.569    18.0241   4.215492    31.8013       4788    19.9458  0.000e+00
      8.545    18.0402   4.216421    31.7966       4789    19.9500  0.000e+00
      8.523    18.0538   4.217165    31.7922       4790    19.9542  0.000e+00
      8.503    18.0655   4.217797    31.7885       4791    19.9583  0.000e+00
      8.480    18.0756   4.218646    31.7878       4792    19.9625  0.000e+00
      8.456    18.0852   4.219521    31.7877       4793    19.9667  0.000e+00
      8.431    18.0951   4.220785    31.7906       4794    19.9708  0.000e+00
      8.402    18.1062   4.221889    31.7913       4795    19.9750  0.000e+00
      8.361    18.1187   4.222968    31.7907       4796    19.9792  0.000e+00
      8.324    18.1310   4.224035    31.7901       4797    19.9833  0.000e+00
      8.288    18.1434   4.225059    31.7892       4798    19.9875  0.000e+00
      8.247    18.1553   4.225846    31.7865       4799    19.9917  0.000e+00
      8.200    18.1659   4.226640    31.7850       4800    19.9958  0.000e+00
      8.158    18.1755   4.227608    31.7857       4801    20.0000  0.000e+00
      8.106    18.1849   4.228868    31.7890       4802    20.0042  0.000e+00
      8.061    18.1957   4.230190    31.7917       4803    20.0083  0.000e+00
      8.012    18.2081   4.231214    31.7907       4804    20.0125  0.000e+00
      7.959    18.2208   4.232307    31.7901       4805    20.0167  0.000e+00
      7.909    18.2333   4.233157    31.7875       4806    20.0208  0.000e+00
      7.853    18.2452   4.233504    31.7812       4807    20.0250  0.000e+00
      7.800    18.2544   4.233647    31.7753       4808    20.0292  0.000e+00
      7.748    18.2608   4.233889    31.7724       4809    20.0333  0.000e+00
      7.703    18.2661   4.234380    31.7724       4810    20.0375  0.000e+00
      7.647    18.2717   4.235137    31.7745       4811    20.0417  0.000e+00
      7.600    18.2787   4.236379    31.7795       4812    20.0458  0.000e+00
      7.549    18.2884   4.237770    31.7836       4813    20.0500  0.000e+00
      7.504    18.3003   4.238578    31.7812       4814    20.0542  0.000e+00
      7.455    18.3114   4.239062    31.7767       4815    20.0583  0.000e+00
      7.415    18.3202   4.239429    31.7729       4816    20.0625  0.000e+00
      7.370    18.3271   4.239721    31.7700       4817    20.0667  0.000e+00
      7.330    18.3324   4.240261    31.7705       4818    20.0708  0.000e+00
      7.292    18.3377   4.240845    31.7713       4819    20.0750  0.000e+00
      7.254    18.3428   4.241162    31.7700       4820    20.0792  0.000e+00
      7.227    18.3475   4.241504    31.7692       4821    20.0833  0.000e+00
      7.196    18.3514   4.241789    31.7686       4822    20.0875  0.000e+00
      7.164    18.3556   4.242287    31.7696       4823    20.0917  0.000e+00
      7.137    18.3598   4.243070    31.7728       4824    20.0958  0.000e+00
      7.109    18.3656   4.244020    31.7764       4825    20.1000  0.000e+00
      7.086    18.3728   4.244667    31.7762       4826    20.1042  0.000e+00
      7.064    18.3804   4.245046    31.7735       4827    20.1083  0.000e+00
      7.041    18.3872   4.245288    31.7702       4828    20.1125  0.000e+00
      7.014    18.3928   4.245412    31.7670       4829    20.1167  0.000e+00
      6.992    18.3970   4.245487    31.7644       4830    20.1208  0.000e+00
      6.976    18.4000   4.245586    31.7629       4831    20.1250  0.000e+00
      6.961    18.4022   4.245804    31.7630       4832    20.1292  0.000e+00
      6.939    18.4046   4.246096    31.7636       4833    20.1333  0.000e+00
      6.923    18.4075   4.246482    31.7646       4834    20.1375  0.000e+00
      6.903    18.4116   4.247271    31.7680       4835    20.1417  0.000e+00
      6.878    18.4167   4.247955    31.7698       4836    20.1458  0.000e+00
      6.858    18.4229   4.248664    31.7709       4837    20.1500  0.000e+00
      6.835    18.4297   4.249304    31.7711       4838    20.1542  0.000e+00
      6.806    18.4362   4.249802    31.7702       4839    20.1583  0.000e+00
      6.777    18.4426   4.250355    31.7699       4840    20.1625  0.000e+00
      6.741    18.4495   4.251288    31.7724       4841    20.1667  0.000e+00
      6.703    18.4578   4.252240    31.7739       4842    20.1708  0.000e+00
      6.656    18.4677   4.253197    31.7742       4843    20.1750  0.000e+00
      6.610    18.4784   4.254081    31.7734       4844    20.1792  0.000e+00
      6.565    18.4893   4.254765    31.7707       4845    20.1833  0.000e+00
      6.511    18.4990   4.254889    31.7643       4846    20.1875  0.000e+00
      6.451    18.5066   4.254914    31.7587       4847    20.1917  0.000e+00
      6.395    18.5119   4.255144    31.7565       4848    20.1958  0.000e+00
      6.330    18.5160   4.255405    31.7555       4849    20.2000  0.000e+00
      6.272    18.5200   4.255866    31.7563       4850    20.2042  0.000e+00
      6.206    18.5240   4.256040    31.7547       4851    20.2083  0.000e+00
      6.144    18.5274   4.256507    31.7560       4852    20.2125  0.000e+00
      6.084    18.5310   4.257397    31.7606       4853    20.2167  0.000e+00
      6.030    18.5364   4.258249    31.7636       4854    20.2208  0.000e+00
      5.974    18.5438   4.258766    31.7623       4855    20.2250  0.000e+00
      5.918    18.5507   4.259183    31.7604       4856    20.2292  0.000e+00
      5.875    18.5569   4.259450    31.7578       4857    20.2333  0.000e+00
      5.837    18.5618   4.259805    31.7571       4858    20.2375  0.000e+00
      5.797    18.5670   4.260166    31.7560       4859    20.2417  0.000e+00
      5.766    18.5725   4.260359    31.7534       4860    20.2458  0.000e+00
      5.739    18.5780   4.260583    31.7511       4861    20.2500  0.000e+00
      5.712    18.5826   4.260726    31.7488       4862    20.2542  0.000e+00
      5.692    18.5862   4.260907    31.7475       4863    20.2583  0.000e+00
      5.670    18.5892   4.261143    31.7471       4864    20.2625  0.000e+00
      5.652    18.5920   4.261367    31.7469       4865    20.2667  0.000e+00
      5.640    18.5945   4.261585    31.7468       4866    20.2708  0.000e+00
      5.623    18.5970   4.261834    31.7469       4867    20.2750  0.000e+00
      5.603    18.6000   4.262158    31.7473       4868    20.2792  0.000e+00
      5.591    18.6029   4.262419    31.7472       4869    20.2833  0.000e+00
      5.574    18.6062   4.262619    31.7463       4870    20.2875  0.000e+00
      5.560    18.6092   4.262911    31.7465       4871    20.2917  0.000e+00
      5.542    18.6123   4.263135    31.7460       4872    20.2958  0.000e+00
      5.513    18.6149   4.263416    31.7463       4873    20.3000  0.000e+00
      5.493    18.6177   4.263627    31.7459       4874    20.3042  0.000e+00
      5.471    18.6201   4.263752    31.7451       4875    20.3083  0.000e+00
      5.439    18.6229   4.264244    31.7471       4876    20.3125  0.000e+00
      5.405    18.6257   4.264954    31.7508       4877    20.3167  0.000e+00
      5.366    18.6304   4.266187    31.7575       4878    20.3208  0.000e+00
      5.325    18.6382   4.266847    31.7570       4879    20.3250  0.000e+00
      5.280    18.6464   4.267538    31.7565       4880    20.3292  0.000e+00
      5.233    18.6543   4.267906    31.7534       4881    20.3333  0.000e+00
      5.177    18.6613   4.268741    31.7550       4882    20.3375  0.000e+00
      5.124    18.6680   4.269725    31.7580       4883    20.3417  0.000e+00
      5.068    18.6763   4.270653    31.7594       4884    20.3458  0.000e+00
      5.017    18.6857   4.271133    31.7562       4885    20.3500  0.000e+00
      4.965    18.6942   4.271476    31.7525       4886    20.3542  0.000e+00
      4.914    18.7012   4.271819    31.7500       4887    20.3583  0.000e+00
      4.864    18.7066   4.272043    31.7477       4888    20.3625  0.000e+00
      4.817    18.7110   4.272329    31.7467       4889    20.3667  0.000e+00
      4.763    18.7150   4.272734    31.7470       4890    20.3708  0.000e+00
      4.721    18.7192   4.273127    31.7471       4891    20.3750  0.000e+00
      4.679    18.7233   4.273937    31.7507       4892    20.3792  0.000e+00
      4.645    18.7289   4.275247    31.7572       4893    20.3833  0.000e+00
      4.607    18.7374   4.275739    31.7548       4894    20.3875  0.000e+00
      4.582    18.7453   4.275764    31.7489       4895    20.3917  0.000e+00
      4.555    18.7510   4.275876    31.7455       4896    20.3958  0.000e+00
      4.526    18.7548   4.276156    31.7449       4897    20.4000  0.000e+00
      4.502    18.7581   4.276481    31.7451       4898    20.4042  0.000e+00
      4.479    18.7614   4.276749    31.7448       4899    20.4083  0.000e+00
      4.452    18.7648   4.276998    31.7442       4900    20.4125  0.000e+00
      4.421    18.7678   4.277247    31.7440       4901    20.4167  0.000e+00
      4.387    18.7711   4.277447    31.7432       4902    20.4208  0.000e+00
      4.347    18.7736   4.277565    31.7422       4903    20.4250  0.000e+00
      4.305    18.7758   4.277958    31.7438       4904    20.4292  0.000e+00
      4.262    18.7787   4.278576    31.7467       4905    20.4333  0.000e+00
      4.224    18.7829   4.279243    31.7490       4906    20.4375  0.000e+00
      4.188    18.7884   4.279567    31.7475       4907    20.4417  0.000e+00
      4.143    18.7937   4.281027    31.7556       4908    20.4458  0.000e+00
      4.101    18.8017   4.283865    31.7730       4909    20.4500  0.000e+00
      4.067    18.8170   4.285076    31.7712       4910    20.4542  0.000e+00
      4.038    18.8323   4.283865    31.7495       4911    20.4583  0.000e+00
      4.001    18.8407   4.287154    31.7703       4912    20.4625  0.000e+00
      3.974    18.8526   4.287821    31.7666       4913    20.4667  0.000e+00
      3.949    18.8654   4.288096    31.7591       4914    20.4708  0.000e+00
      3.924    18.8746   4.287871    31.7502       4915    20.4750  0.000e+00
      3.906    18.8800   4.287478    31.7429       4916    20.4792  0.000e+00
      3.882    18.8815   4.287353    31.7407       4917    20.4833  0.000e+00
      3.861    18.8818   4.287428    31.7410       4918    20.4875  0.000e+00
      3.841    18.8820   4.287596    31.7423       4919    20.4917  0.000e+00
      3.821    18.8829   4.287796    31.7433       4920    20.4958  0.000e+00
      3.799    18.8841   4.287896    31.7432       4921    20.5000  0.000e+00
      3.788    18.8853   4.288389    31.7463       4922    20.5042  0.000e+00
      3.765    18.8878   4.289157    31.7508       4923    20.5083  0.000e+00
      3.745    18.8920   4.290274    31.7568       4924    20.5125  0.000e+00
      3.718    18.8986   4.290818    31.7563       4925    20.5167  0.000e+00
      3.691    18.9055   4.291361    31.7555       4926    20.5208  0.000e+00
      3.656    18.9115   4.292129    31.7572       4927    20.5250  0.000e+00
      3.607    18.9181   4.293022    31.7596       4928    20.5292  0.000e+00
      3.562    18.9254   4.295776    31.7767       4929    20.5333  0.000e+00
      3.519    18.9391   4.300594    31.8060       4930    20.5375  0.000e+00
      3.466    18.9658   4.294957    31.7390       4931    20.5417  0.000e+00
      3.412    18.9694   4.300468    31.7818       4932    20.5458  0.000e+00
      3.358    18.9814   4.305163    31.8114       4933    20.5500  0.000e+00
