HB2406/sbe062.cnv
* Sea-Bird SBE 19plus V2 Data File:
* FileName = C:\cruise\data\sbe062.hex
* Software Version Seasave V 7.26.7.121
* Temperature SN = 7037
* Conductivity SN = 7037
* System UpLoad Time = Aug 17 2024 16:04:09
* NMEA Latitude = 42 45.98 N
* NMEA Longitude = 066 56.08 W
* NMEA UTC (Time) = Aug 17 2024  16:03:01
** Ship: Henry Bigelow
** Cruise:  HB2406
** Program:  ECOMON
# nquan = 7
# nvalues = 1901                                  
# units = specified
# name 0 = depSM: Depth [salt water, m]
# name 1 = tv290C: Temperature [ITS-90, deg C]
# name 2 = c0S/m: Conductivity [S/m]
# name 3 = sal00: Salinity, Practical [PSU]
# name 4 = scan: Scan Count
# name 5 = timeM: Time, Elapsed [minutes]
# name 6 = flag:  0.000e+00
# span 0 =      0.200,    175.724                 
# span 1 =     7.0822,    19.1460                 
# span 2 =   3.310518,   4.304391                 
# span 3 =    30.8181,    34.8314                 
# span 4 =         11,       1911                 
# span 5 =     0.0417,     7.9583                 
# span 6 = 0.0000e+00, 0.0000e+00                 
# interval = seconds: 0.25
# start_time = Aug 17 2024 16:03:01 [NMEA time, header]
# bad_flag = -9.990e-29
*END*
[from data line 1436]
     75.812     7.3392   3.391024    33.1245       1447     6.0250  0.000e+00
     75.606     7.3418   3.390825    33.1200       1448     6.0292  0.000e+00
     75.396     7.3435   3.390797    33.1181       1449     6.0333  0.000e+00
     75.203     7.3448   3.390887    33.1180       1450     6.0375  0.000e+00
     75.009     7.3462   3.391120    33.1193       1451     6.0417  0.000e+00
     74.828     7.3485   3.391228    33.1183       1452     6.0458  0.000e+00
     74.653     7.3512   3.391182    33.1153       1453     6.0500  0.000e+00
     74.481     7.3528   3.391591    33.1182       1454     6.0542  0.000e+00
     74.315     7.3553   3.391892    33.1192       1455     6.0583  0.000e+00
     74.145     7.3585   3.392062    33.1181       1456     6.0625  0.000e+00
     73.985     7.3615   3.391937    33.1140       1457     6.0667  0.000e+00
     73.821     7.3638   3.393651    33.1305       1458     6.0708  0.000e+00
     73.665     7.3693   3.392896    33.1171       1459     6.0750  0.000e+00
     73.504     7.3736   3.397876    33.1669       1460     6.0792  0.000e+00
     73.340     7.3914   3.398512    33.1569       1461     6.0833  0.000e+00
     73.181     7.4103   3.398563    33.1394       1462     6.0875  0.000e+00
     73.016     7.4232   3.398370    33.1251       1463     6.0917  0.000e+00
     72.855     7.4308   3.398245    33.1166       1464     6.0958  0.000e+00
     72.687     7.4355   3.397960    33.1091       1465     6.1000  0.000e+00
     72.510     7.4376   3.397387    33.1009       1466     6.1042  0.000e+00
     72.329     7.4378   3.397086    33.0976       1467     6.1083  0.000e+00
     72.150     7.4370   3.396711    33.0944       1468     6.1125  0.000e+00
     71.971     7.4360   3.396126    33.0891       1469     6.1167  0.000e+00
     71.777     7.4345   3.395546    33.0843       1470     6.1208  0.000e+00
     71.587     7.4324   3.394967    33.0802       1471     6.1250  0.000e+00
     71.388     7.4298   3.394814    33.0811       1472     6.1292  0.000e+00
     71.186     7.4276   3.394587    33.0808       1473     6.1333  0.000e+00
     70.978     7.4265   3.392872    33.0634       1474     6.1375  0.000e+00
     70.766     7.4221   3.388961    33.0255       1475     6.1417  0.000e+00
     70.544     7.4107   3.389563    33.0430       1476     6.1458  0.000e+00
     70.327     7.4016   3.388025    33.0351       1477     6.1500  0.000e+00
     70.102     7.3929   3.385172    33.0126       1478     6.1542  0.000e+00
     69.880     7.3817   3.382552    32.9950       1479     6.1583  0.000e+00
     69.654     7.3665   3.380902    32.9917       1480     6.1625  0.000e+00
     69.434     7.3514   3.379015    32.9858       1481     6.1667  0.000e+00
     69.209     7.3361   3.378567    32.9956       1482     6.1708  0.000e+00
     68.994     7.3241   3.378017    33.0012       1483     6.1750  0.000e+00
     68.781     7.3150   3.376827    32.9970       1484     6.1792  0.000e+00
     68.573     7.3060   3.375638    32.9928       1485     6.1833  0.000e+00
     68.366     7.2968   3.374737    32.9919       1486     6.1875  0.000e+00
     68.162     7.2871   3.373066    32.9832       1487     6.1917  0.000e+00
     67.965     7.2770   3.372732    32.9893       1488     6.1958  0.000e+00
     67.770     7.2681   3.370053    32.9687       1489     6.2000  0.000e+00
     67.574     7.2576   3.365706    32.9316       1490     6.2042  0.000e+00
     67.384     7.2423   3.365395    32.9429       1491     6.2083  0.000e+00
     67.189     7.2307   3.365791    32.9583       1492     6.2125  0.000e+00
     66.985     7.2251   3.366114    32.9674       1493     6.2167  0.000e+00
     66.779     7.2250   3.366272    32.9692       1494     6.2208  0.000e+00
     66.571     7.2275   3.366408    32.9685       1495     6.2250  0.000e+00
     66.346     7.2336   3.366114    32.9595       1496     6.2292  0.000e+00
     66.122     7.2405   3.364716    32.9378       1497     6.2333  0.000e+00
     65.894     7.2429   3.365021    32.9390       1498     6.2375  0.000e+00
     65.659     7.2442   3.366221    32.9509       1499     6.2417  0.000e+00
     65.419     7.2488   3.365972    32.9439       1500     6.2458  0.000e+00
     65.183     7.2527   3.366198    32.9428       1501     6.2500  0.000e+00
     64.936     7.2556   3.366458    32.9430       1502     6.2542  0.000e+00
     64.692     7.2587   3.365202    32.9265       1503     6.2583  0.000e+00
     64.447     7.2573   3.363929    32.9142       1504     6.2625  0.000e+00
     64.212     7.2515   3.363069    32.9104       1505     6.2667  0.000e+00
     63.975     7.2460   3.363629    32.9218       1506     6.2708  0.000e+00
     63.746     7.2435   3.363787    32.9261       1507     6.2750  0.000e+00
     63.512     7.2439   3.364777    32.9366       1508     6.2792  0.000e+00
     63.292     7.2478   3.366367    32.9502       1509     6.2833  0.000e+00
     63.077     7.2568   3.369123    32.9716       1510     6.2875  0.000e+00
     62.871     7.2738   3.385273    33.1309       1511     6.2917  0.000e+00
     62.668     7.3343   3.403521    33.2711       1512     6.2958  0.000e+00
     62.466     7.4485   3.409296    33.2242       1513     6.3000  0.000e+00
     62.281     7.5583   3.414211    33.1724       1514     6.3042  0.000e+00
     62.095     7.6499   3.418211    33.1282       1515     6.3083  0.000e+00
     61.916     7.7269   3.420209    33.0765       1516     6.3125  0.000e+00
     61.739     7.7869   3.424367    33.0643       1517     6.3167  0.000e+00
     61.565     7.8391   3.425586    33.0280       1518     6.3208  0.000e+00
     61.390     7.8810   3.427774    33.0119       1519     6.3250  0.000e+00
     61.216     7.9163   3.427887    32.9798       1520     6.3292  0.000e+00
     61.046     7.9433   3.426222    32.9367       1521     6.3333  0.000e+00
     60.876     7.9564   3.423174    32.8919       1522     6.3375  0.000e+00
     60.699     7.9559   3.421277    32.8723       1523     6.3417  0.000e+00
     60.527     7.9477   3.421459    32.8820       1524     6.3458  0.000e+00
     60.346     7.9414   3.421585    32.8893       1525     6.3500  0.000e+00
     60.163     7.9386   3.421966    32.8961       1526     6.3542  0.000e+00
     59.981     7.9365   3.420269    32.8801       1527     6.3583  0.000e+00
     59.802     7.9324   3.418384    32.8639       1528     6.3625  0.000e+00
     59.615     7.9238   3.412783    32.8123       1529     6.3667  0.000e+00
     59.431     7.9020   3.412556    32.8304       1530     6.3708  0.000e+00
     59.241     7.8839   3.412806    32.8502       1531     6.3750  0.000e+00
     59.049     7.8734   3.408534    32.8145       1532     6.3792  0.000e+00
     58.852     7.8583   3.404435    32.7849       1533     6.3833  0.000e+00
     58.661     7.8333   3.405822    32.8234       1534     6.3875  0.000e+00
     58.460     7.8179   3.405356    32.8329       1535     6.3917  0.000e+00
     58.256     7.8090   3.404083    32.8278       1536     6.3958  0.000e+00
     58.046     7.7998   3.407693    32.8752       1537     6.4000  0.000e+00
     57.840     7.8026   3.406300    32.8577       1538     6.4042  0.000e+00
     57.632     7.8056   3.407801    32.8711       1539     6.4083  0.000e+00
     57.417     7.8057   3.397662    32.7626       1540     6.4125  0.000e+00
     57.192     7.7859   3.398213    32.7872       1541     6.4167  0.000e+00
     56.975     7.7608   3.399997    32.8300       1542     6.4208  0.000e+00
     56.753     7.7520   3.395089    32.7858       1543     6.4250  0.000e+00
     56.527     7.7352   3.395044    32.8012       1544     6.4292  0.000e+00
     56.305     7.7190   3.393869    32.8040       1545     6.4333  0.000e+00
     56.080     7.7060   3.394533    32.8234       1546     6.4375  0.000e+00
     55.863     7.6985   3.394090    32.8259       1547     6.4417  0.000e+00
     55.646     7.6948   3.394317    32.8319       1548     6.4458  0.000e+00
     55.431     7.6923   3.396191    32.8545       1549     6.4500  0.000e+00
     55.216     7.6973   3.390196    32.7855       1550     6.4542  0.000e+00
     55.001     7.6862   3.379199    32.6780       1551     6.4583  0.000e+00
     54.795     7.6454   3.384370    32.7720       1552     6.4625  0.000e+00
     54.585     7.6183   3.376819    32.7164       1553     6.4667  0.000e+00
     54.370     7.5899   3.376372    32.7385       1554     6.4708  0.000e+00
     54.149     7.5638   3.377670    32.7772       1555     6.4750  0.000e+00
     53.936     7.5505   3.379007    32.8043       1556     6.4792  0.000e+00
     53.715     7.5466   3.380096    32.8197       1557     6.4833  0.000e+00
     53.491     7.5505   3.382930    32.8467       1558     6.4875  0.000e+00
     53.258     7.5595   3.383662    32.8462       1559     6.4917  0.000e+00
     53.017     7.5700   3.381711    32.8154       1560     6.4958  0.000e+00
     52.764     7.5708   3.369219    32.6802       1561     6.5000  0.000e+00
     52.525     7.5419   3.370555    32.7220       1562     6.5042  0.000e+00
     52.270     7.5065   3.359323    32.6344       1563     6.5083  0.000e+00
     52.019     7.4646   3.355474    32.6324       1564     6.5125  0.000e+00
     51.755     7.4125   3.356983    32.6979       1565     6.5167  0.000e+00
     51.504     7.3837   3.356424    32.7191       1566     6.5208  0.000e+00
     51.256     7.3676   3.356944    32.7401       1567     6.5250  0.000e+00
     51.010     7.3587   3.356995    32.7492       1568     6.5292  0.000e+00
     50.769     7.3534   3.356639    32.7504       1569     6.5333  0.000e+00
     50.547     7.3494   3.355373    32.7406       1570     6.5375  0.000e+00
     50.334     7.3439   3.355328    32.7454       1571     6.5417  0.000e+00
     50.131     7.3391   3.355678    32.7539       1572     6.5458  0.000e+00
     49.936     7.3365   3.354909    32.7481       1573     6.5500  0.000e+00
     49.764     7.3331   3.350423    32.7028       1574     6.5542  0.000e+00
     49.599     7.3207   3.348858    32.6976       1575     6.5583  0.000e+00
     49.451     7.3035   3.349903    32.7253       1576     6.5625  0.000e+00
     49.303     7.2946   3.349853    32.7333       1577     6.5667  0.000e+00
     49.166     7.2911   3.345623    32.6908       1578     6.5708  0.000e+00
     49.035     7.2804   3.343563    32.6786       1579     6.5750  0.000e+00
     48.902     7.2656   3.339032    32.6435       1580     6.5792  0.000e+00
     48.769     7.2477   3.337204    32.6406       1581     6.5833  0.000e+00
     48.630     7.2320   3.335338    32.6353       1582     6.5875  0.000e+00
     48.487     7.2197   3.332513    32.6163       1583     6.5917  0.000e+00
     48.339     7.2068   3.331149    32.6138       1584     6.5958  0.000e+00
     48.180     7.1950   3.330456    32.6174       1585     6.6000  0.000e+00
     48.005     7.1854   3.328957    32.6104       1586     6.6042  0.000e+00
     47.822     7.1757   3.327763    32.6066       1587     6.6083  0.000e+00
     47.629     7.1661   3.327583    32.6138       1588     6.6125  0.000e+00
     47.426     7.1597   3.327786    32.6221       1589     6.6167  0.000e+00
     47.218     7.1572   3.327859    32.6254       1590     6.6208  0.000e+00
     47.008     7.1565   3.327493    32.6222       1591     6.6250  0.000e+00
     46.788     7.1555   3.327053    32.6185       1592     6.6292  0.000e+00
     46.571     7.1540   3.327042    32.6198       1593     6.6333  0.000e+00
     46.357     7.1528   3.327183    32.6226       1594     6.6375  0.000e+00
     46.151     7.1529   3.326422    32.6144       1595     6.6417  0.000e+00
     45.940     7.1524   3.325971    32.6100       1596     6.6458  0.000e+00
     45.735     7.1508   3.325763    32.6093       1597     6.6500  0.000e+00
     45.542     7.1489   3.325171    32.6048       1598     6.6542  0.000e+00
     45.350     7.1461   3.322609    32.5797       1599     6.6583  0.000e+00
     45.168     7.1389   3.321607    32.5757       1600     6.6625  0.000e+00
     44.992     7.1299   3.318860    32.5544       1601     6.6667  0.000e+00
     44.809     7.1191   3.318253    32.5580       1602     6.6708  0.000e+00
     44.630     7.1099   3.317966    32.5637       1603     6.6750  0.000e+00
     44.457     7.1035   3.317504    32.5648       1604     6.6792  0.000e+00
     44.272     7.0990   3.317403    32.5681       1605     6.6833  0.000e+00
     44.084     7.0960   3.317307    32.5699       1606     6.6875  0.000e+00
     43.891     7.0945   3.317403    32.5724       1607     6.6917  0.000e+00
     43.688     7.0946   3.317605    32.5746       1608     6.6958  0.000e+00
     43.482     7.0969   3.317588    32.5724       1609     6.7000  0.000e+00
     43.271     7.1000   3.317194    32.5653       1610     6.7042  0.000e+00
     43.050     7.1020   3.316018    32.5507       1611     6.7083  0.000e+00
     42.822     7.1005   3.313948    32.5297       1612     6.7125  0.000e+00
     42.583     7.0936   3.310518    32.4990       1613     6.7167  0.000e+00
     42.352     7.0822   3.325689    32.6751       1614     6.7208  0.000e+00
     42.104     7.1143   3.332219    32.7159       1615     6.7250  0.000e+00
     41.851     7.1863   3.324990    32.5693       1616     6.7292  0.000e+00
     41.596     7.2301   3.322022    32.4960       1617     6.7333  0.000e+00
     41.341     7.2489   3.320147    32.4581       1618     6.7375  0.000e+00
     41.086     7.2561   3.318976    32.4387       1619     6.7417  0.000e+00
     40.824     7.2579   3.317231    32.4183       1620     6.7458  0.000e+00
     40.566     7.2553   3.315859    32.4060       1621     6.7500  0.000e+00
     40.300     7.2495   3.315060    32.4028       1622     6.7542  0.000e+00
     40.039     7.2435   3.314711    32.4048       1623     6.7583  0.000e+00
     39.783     7.2390   3.314981    32.4121       1624     6.7625  0.000e+00
     39.528     7.2417   3.313738    32.3962       1625     6.7667  0.000e+00
     39.271     7.2564   3.313985    32.3852       1626     6.7708  0.000e+00
     39.021     7.2752   3.315104    32.3799       1627     6.7750  0.000e+00
     38.775     7.2949   3.316583    32.3775       1628     6.7792  0.000e+00
     38.537     7.3147   3.318232    32.3769       1629     6.7833  0.000e+00
     38.305     7.3356   3.318856    32.3643       1630     6.7875  0.000e+00
     38.072     7.3553   3.319289    32.3507       1631     6.7917  0.000e+00
     37.861     7.3710   3.319891    32.3426       1632     6.7958  0.000e+00
     37.651     7.3855   3.320600    32.3368       1633     6.8000  0.000e+00
     37.447     7.3993   3.320954    32.3279       1634     6.8042  0.000e+00
     37.246     7.4127   3.321061    32.3166       1635     6.8083  0.000e+00
     37.060     7.4222   3.321500    32.3126       1636     6.8125  0.000e+00
     36.879     7.4300   3.321663    32.3072       1637     6.8167  0.000e+00
     36.703     7.4371   3.322913    32.3141       1638     6.8208  0.000e+00
     36.537     7.4469   3.324377    32.3209       1639     6.8250  0.000e+00
     36.378     7.4625   3.325024    32.3134       1640     6.8292  0.000e+00
     36.219     7.4777   3.325109    32.3002       1641     6.8333  0.000e+00
     36.076     7.4895   3.325294    32.2912       1642     6.8375  0.000e+00
     35.930     7.4971   3.324545    32.2762       1643     6.8417  0.000e+00
     35.790     7.4986   3.324106    32.2701       1644     6.8458  0.000e+00
     35.647     7.4965   3.324387    32.2752       1645     6.8500  0.000e+00
     35.508     7.4948   3.323999    32.2727       1646     6.8542  0.000e+00
     35.362     7.4936   3.326651    32.3024       1647     6.8583  0.000e+00
     35.215     7.5026   3.327874    32.3072       1648     6.8625  0.000e+00
     35.058     7.5199   3.329074    32.3042       1649     6.8667  0.000e+00
     34.890     7.5381   3.332522    32.3244       1650     6.8708  0.000e+00
     34.722     7.5645   3.334326    32.3193       1651     6.8750  0.000e+00
