HB2406/sbe096.cnv
* Sea-Bird SBE 19plus V2 Data File:
* FileName = C:\cruise\data\sbe096.hex
* Software Version Seasave V 7.26.7.121
* Temperature SN = 7037
* Conductivity SN = 7037
* System UpLoad Time = Aug 20 2024 14:14:07
* NMEA Latitude = 42 29.82 N
* NMEA Longitude = 069 40.05 W
* NMEA UTC (Time) = Aug 20 2024  14:13:02
** Ship: Henry Bigelow
** Cruise:  HB2406
** Program:  ECOMON
# nquan = 7
# nvalues = 4571                                  
# units = specified
# name 0 = depSM: Depth [salt water, m]
# name 1 = tv290C: Temperature [ITS-90, deg C]
# name 2 = c0S/m: Conductivity [S/m]
# name 3 = sal00: Salinity, Practical [PSU]
# name 4 = scan: Scan Count
# name 5 = timeM: Time, Elapsed [minutes]
# name 6 = flag:  0.000e+00
# span 0 =     -0.099,    200.239                 
# span 1 =     5.7299,    21.0317                 
# span 2 =   0.000025,   4.435544                 
# span 3 =     0.0092,    37.2105                 
# span 4 =         11,       4581                 
# span 5 =     0.0417,    19.0833                 
# span 6 = 0.0000e+00, 0.0000e+00                 
# interval = seconds: 0.25
# start_time = Aug 20 2024 14:13:02 [NMEA time, header]
# bad_flag = -9.990e-29
*END*
[from data line 2667]
     87.196     6.2109   3.248058    32.6293       2678    11.1542  0.000e+00
     87.118     6.2103   3.247043    32.6187       2679    11.1583  0.000e+00
     87.033     6.2087   3.248042    32.6314       2680    11.1625  0.000e+00
     86.948     6.2091   3.248002    32.6306       2681    11.1667  0.000e+00
     86.870     6.2097   3.247673    32.6264       2682    11.1708  0.000e+00
     86.789     6.2095   3.246903    32.6180       2683    11.1750  0.000e+00
     86.708     6.2079   3.245748    32.6068       2684    11.1792  0.000e+00
     86.624     6.2052   3.246803    32.6211       2685    11.1833  0.000e+00
     86.541     6.2035   3.247774    32.6336       2686    11.1875  0.000e+00
     86.458     6.2050   3.247595    32.6302       2687    11.1917  0.000e+00
     86.378     6.2061   3.247461    32.6277       2688    11.1958  0.000e+00
     86.304     6.2069   3.246819    32.6198       2689    11.2000  0.000e+00
     86.230     6.2059   3.246864    32.6213       2690    11.2042  0.000e+00
     86.172     6.2047   3.246658    32.6202       2691    11.2083  0.000e+00
     86.116     6.2034   3.244995    32.6030       2692    11.2125  0.000e+00
     86.069     6.1999   3.244688    32.6029       2693    11.2167  0.000e+00
     86.029     6.1960   3.244856    32.6086       2694    11.2208  0.000e+00
     85.997     6.1937   3.244080    32.6022       2695    11.2250  0.000e+00
     85.978     6.1912   3.244303    32.6070       2696    11.2292  0.000e+00
     85.962     6.1894   3.245542    32.6225       2697    11.2333  0.000e+00
     85.953     6.1906   3.245280    32.6185       2698    11.2375  0.000e+00
     85.942     6.1921   3.245346    32.6178       2699    11.2417  0.000e+00
     85.937     6.1921   3.244019    32.6030       2700    11.2458  0.000e+00
     85.926     6.1904   3.243918    32.6036       2701    11.2500  0.000e+00
     85.906     6.1879   3.243333    32.5994       2702    11.2542  0.000e+00
     85.884     6.1852   3.244409    32.6140       2703    11.2583  0.000e+00
     85.848     6.1853   3.246719    32.6397       2704    11.2625  0.000e+00
     85.806     6.1906   3.244571    32.6107       2705    11.2667  0.000e+00
     85.761     6.1911   3.242987    32.5926       2706    11.2708  0.000e+00
     85.710     6.1870   3.242948    32.5961       2707    11.2750  0.000e+00
     85.651     6.1833   3.243071    32.6010       2708    11.2792  0.000e+00
     85.600     6.1812   3.243126    32.6037       2709    11.2833  0.000e+00
     85.544     6.1803   3.243026    32.6035       2710    11.2875  0.000e+00
     85.493     6.1794   3.243026    32.6043       2711    11.2917  0.000e+00
     85.446     6.1788   3.243126    32.6060       2712    11.2958  0.000e+00
     85.397     6.1787   3.243048    32.6053       2713    11.3000  0.000e+00
     85.349     6.1787   3.242680    32.6013       2714    11.3042  0.000e+00
     85.298     6.1779   3.242033    32.5948       2715    11.3083  0.000e+00
     85.244     6.1757   3.242279    32.5997       2716    11.3125  0.000e+00
     85.188     6.1745   3.244030    32.6204       2717    11.3167  0.000e+00
     85.124     6.1778   3.242256    32.5975       2718    11.3208  0.000e+00
     85.052     6.1769   3.241994    32.5955       2719    11.3250  0.000e+00
     84.974     6.1747   3.241955    32.5971       2720    11.3292  0.000e+00
     84.885     6.1730   3.242117    32.6007       2721    11.3333  0.000e+00
     84.802     6.1723   3.242479    32.6054       2722    11.3375  0.000e+00
     84.710     6.1726   3.242485    32.6052       2723    11.3417  0.000e+00
     84.632     6.1737   3.244509    32.6268       2724    11.3458  0.000e+00
     84.552     6.1778   3.245402    32.6328       2725    11.3500  0.000e+00
     84.484     6.1838   3.245195    32.6248       2726    11.3542  0.000e+00
     84.422     6.1875   3.244002    32.6080       2727    11.3583  0.000e+00
     84.368     6.1877   3.243143    32.5983       2728    11.3625  0.000e+00
     84.319     6.1856   3.243310    32.6021       2729    11.3667  0.000e+00
     84.272     6.1838   3.243555    32.6066       2730    11.3708  0.000e+00
     84.232     6.1831   3.243232    32.6037       2731    11.3750  0.000e+00
     84.194     6.1822   3.243349    32.6059       2732    11.3792  0.000e+00
     84.151     6.1820   3.244649    32.6206       2733    11.3833  0.000e+00
     84.104     6.1836   3.244303    32.6153       2734    11.3875  0.000e+00
     84.057     6.1852   3.243371    32.6033       2735    11.3917  0.000e+00
     84.006     6.1845   3.243087    32.6009       2736    11.3958  0.000e+00
     83.946     6.1825   3.243533    32.6078       2737    11.4000  0.000e+00
     83.888     6.1822   3.243472    32.6074       2738    11.4042  0.000e+00
     83.829     6.1821   3.242947    32.6017       2739    11.4083  0.000e+00
     83.765     6.1808   3.242886    32.6023       2740    11.4125  0.000e+00
     83.706     6.1798   3.242702    32.6012       2741    11.4167  0.000e+00
     83.651     6.1785   3.242518    32.6005       2742    11.4208  0.000e+00
     83.603     6.1772   3.242540    32.6020       2743    11.4250  0.000e+00
     83.554     6.1764   3.242602    32.6035       2744    11.4292  0.000e+00
     83.510     6.1760   3.242379    32.6014       2745    11.4333  0.000e+00
     83.470     6.1755   3.242886    32.6075       2746    11.4375  0.000e+00
     83.434     6.1761   3.243293    32.6115       2747    11.4417  0.000e+00
     83.394     6.1774   3.243070    32.6078       2748    11.4458  0.000e+00
     83.364     6.1784   3.242802    32.6039       2749    11.4500  0.000e+00
     83.329     6.1782   3.242724    32.6032       2750    11.4542  0.000e+00
     83.288     6.1778   3.242986    32.6065       2751    11.4583  0.000e+00
     83.251     6.1778   3.242328    32.5992       2752    11.4625  0.000e+00
     83.204     6.1769   3.241771    32.5939       2753    11.4667  0.000e+00
     83.163     6.1744   3.241709    32.5956       2754    11.4708  0.000e+00
     83.107     6.1725   3.241587    32.5961       2755    11.4750  0.000e+00
     83.049     6.1711   3.241687    32.5986       2756    11.4792  0.000e+00
     82.993     6.1702   3.241509    32.5975       2757    11.4833  0.000e+00
     82.931     6.1693   3.242016    32.6040       2758    11.4875  0.000e+00
     82.871     6.1695   3.241486    32.5979       2759    11.4917  0.000e+00
     82.819     6.1694   3.242194    32.6060       2760    11.4958  0.000e+00
     82.763     6.1699   3.242440    32.6083       2761    11.5000  0.000e+00
     82.714     6.1717   3.242155    32.6034       2762    11.5042  0.000e+00
     82.674     6.1724   3.242317    32.6046       2763    11.5083  0.000e+00
     82.643     6.1729   3.241168    32.5913       2764    11.5125  0.000e+00
     82.600     6.1707   3.241202    32.5938       2765    11.5167  0.000e+00
     82.571     6.1687   3.240756    32.5908       2766    11.5208  0.000e+00
     82.535     6.1664   3.240655    32.5918       2767    11.5250  0.000e+00
     82.502     6.1646   3.240795    32.5952       2768    11.5292  0.000e+00
     82.471     6.1635   3.240917    32.5976       2769    11.5333  0.000e+00
     82.433     6.1633   3.241012    32.5988       2770    11.5375  0.000e+00
     82.406     6.1635   3.241040    32.5990       2771    11.5417  0.000e+00
     82.366     6.1637   3.240839    32.5965       2772    11.5458  0.000e+00
     82.323     6.1635   3.240516    32.5932       2773    11.5500  0.000e+00
     82.280     6.1625   3.240901    32.5984       2774    11.5542  0.000e+00
     82.236     6.1625   3.241079    32.6005       2775    11.5583  0.000e+00
     82.189     6.1632   3.240973    32.5987       2776    11.5625  0.000e+00
     82.140     6.1635   3.240271    32.5906       2777    11.5667  0.000e+00
     82.082     6.1622   3.240109    32.5901       2778    11.5708  0.000e+00
     82.033     6.1606   3.240187    32.5925       2779    11.5750  0.000e+00
     81.977     6.1594   3.240070    32.5924       2780    11.5792  0.000e+00
     81.920     6.1584   3.239540    32.5874       2781    11.5833  0.000e+00
     81.865     6.1566   3.238091    32.5730       2782    11.5875  0.000e+00
     81.811     6.1522   3.238509    32.5819       2783    11.5917  0.000e+00
     81.760     6.1492   3.237394    32.5724       2784    11.5958  0.000e+00
     81.708     6.1457   3.238710    32.5904       2785    11.6000  0.000e+00
     81.655     6.1450   3.239763    32.6029       2786    11.6042  0.000e+00
     81.607     6.1476   3.239847    32.6013       2787    11.6083  0.000e+00
     81.559     6.1504   3.238994    32.5892       2788    11.6125  0.000e+00
     81.518     6.1508   3.239562    32.5951       2789    11.6167  0.000e+00
     81.465     6.1513   3.239278    32.5915       2790    11.6208  0.000e+00
     81.409     6.1513   3.238631    32.5843       2791    11.6250  0.000e+00
     81.353     6.1500   3.238225    32.5811       2792    11.6292  0.000e+00
     81.293     6.1482   3.237940    32.5797       2793    11.6333  0.000e+00
     81.237     6.1456   3.237171    32.5736       2794    11.6375  0.000e+00
     81.179     6.1425   3.236564    32.5699       2795    11.6417  0.000e+00
     81.120     6.1381   3.236831    32.5771       2796    11.6458  0.000e+00
     81.064     6.1361   3.236664    32.5772       2797    11.6500  0.000e+00
     81.004     6.1343   3.236079    32.5723       2798    11.6542  0.000e+00
     80.957     6.1321   3.234625    32.5583       2799    11.6583  0.000e+00
     80.908     6.1270   3.233733    32.5532       2800    11.6625  0.000e+00
     80.863     6.1213   3.232625    32.5464       2801    11.6667  0.000e+00
     80.827     6.1153   3.232358    32.5492       2802    11.6708  0.000e+00
     80.796     6.1103   3.231918    32.5491       2803    11.6750  0.000e+00
     80.772     6.1057   3.231918    32.5535       2804    11.6792  0.000e+00
     80.756     6.1026   3.231879    32.5560       2805    11.6833  0.000e+00
     80.736     6.1006   3.231934    32.5586       2806    11.6875  0.000e+00
     80.722     6.0995   3.231979    32.5601       2807    11.6917  0.000e+00
     80.712     6.0988   3.232040    32.5615       2808    11.6958  0.000e+00
     80.700     6.0988   3.232090    32.5621       2809    11.7000  0.000e+00
     80.687     6.0990   3.232302    32.5643       2810    11.7042  0.000e+00
     80.671     6.0998   3.232241    32.5628       2811    11.7083  0.000e+00
     80.651     6.1006   3.232502    32.5649       2812    11.7125  0.000e+00
     80.631     6.1014   3.233210    32.5721       2813    11.7167  0.000e+00
     80.598     6.1033   3.233394    32.5724       2814    11.7208  0.000e+00
     80.566     6.1052   3.232965    32.5657       2815    11.7250  0.000e+00
     80.524     6.1059   3.231801    32.5521       2816    11.7292  0.000e+00
     80.481     6.1034   3.230804    32.5434       2817    11.7333  0.000e+00
     80.435     6.0985   3.229618    32.5349       2818    11.7375  0.000e+00
     80.378     6.0924   3.229250    32.5367       2819    11.7417  0.000e+00
     80.316     6.0865   3.229273    32.5426       2820    11.7458  0.000e+00
     80.256     6.0825   3.228849    32.5417       2821    11.7500  0.000e+00
     80.197     6.0791   3.227257    32.5273       2822    11.7542  0.000e+00
     80.139     6.0744   3.226189    32.5198       2823    11.7583  0.000e+00
     80.079     6.0691   3.225910    32.5219       2824    11.7625  0.000e+00
     80.019     6.0646   3.225766    32.5246       2825    11.7667  0.000e+00
     79.967     6.0612   3.225604    32.5261       2826    11.7708  0.000e+00
     79.911     6.0587   3.225398    32.5262       2827    11.7750  0.000e+00
     79.860     6.0567   3.225298    32.5270       2828    11.7792  0.000e+00
     79.808     6.0549   3.225220    32.5279       2829    11.7833  0.000e+00
     79.759     6.0537   3.225081    32.5276       2830    11.7875  0.000e+00
     79.704     6.0524   3.224936    32.5271       2831    11.7917  0.000e+00
     79.655     6.0516   3.224814    32.5266       2832    11.7958  0.000e+00
     79.608     6.0505   3.224736    32.5268       2833    11.8000  0.000e+00
     79.567     6.0496   3.224575    32.5259       2834    11.8042  0.000e+00
     79.529     6.0485   3.224436    32.5254       2835    11.8083  0.000e+00
     79.502     6.0474   3.224313    32.5251       2836    11.8125  0.000e+00
     79.471     6.0464   3.224130    32.5240       2837    11.8167  0.000e+00
     79.445     6.0453   3.224052    32.5242       2838    11.8208  0.000e+00
     79.418     6.0444   3.224029    32.5249       2839    11.8250  0.000e+00
     79.388     6.0438   3.224024    32.5254       2840    11.8292  0.000e+00
     79.355     6.0433   3.223968    32.5252       2841    11.8333  0.000e+00
     79.313     6.0430   3.223890    32.5247       2842    11.8375  0.000e+00
     79.257     6.0425   3.223807    32.5242       2843    11.8417  0.000e+00
     79.199     6.0419   3.223729    32.5240       2844    11.8458  0.000e+00
     79.131     6.0413   3.223590    32.5231       2845    11.8500  0.000e+00
     79.053     6.0408   3.223445    32.5219       2846    11.8542  0.000e+00
     78.973     6.0400   3.223284    32.5210       2847    11.8583  0.000e+00
     78.888     6.0390   3.223106    32.5200       2848    11.8625  0.000e+00
     78.802     6.0380   3.222872    32.5183       2849    11.8667  0.000e+00
     78.718     6.0367   3.222661    32.5172       2850    11.8708  0.000e+00
     78.633     6.0354   3.222483    32.5166       2851    11.8750  0.000e+00
     78.563     6.0338   3.222338    32.5165       2852    11.8792  0.000e+00
     78.497     6.0326   3.222221    32.5164       2853    11.8833  0.000e+00
     78.443     6.0315   3.222138    32.5165       2854    11.8875  0.000e+00
     78.407     6.0306   3.222015    32.5160       2855    11.8917  0.000e+00
     78.371     6.0296   3.221837    32.5150       2856    11.8958  0.000e+00
     78.349     6.0285   3.221698    32.5145       2857    11.9000  0.000e+00
     78.335     6.0274   3.221542    32.5139       2858    11.9042  0.000e+00
     78.335     6.0261   3.221376    32.5132       2859    11.9083  0.000e+00
     78.331     6.0250   3.221231    32.5127       2860    11.9125  0.000e+00
     78.325     6.0238   3.221114    32.5125       2861    11.9167  0.000e+00
     78.324     6.0229   3.221031    32.5124       2862    11.9208  0.000e+00
     78.313     6.0222   3.220970    32.5125       2863    11.9250  0.000e+00
     78.304     6.0215   3.220953    32.5129       2864    11.9292  0.000e+00
     78.287     6.0213   3.220931    32.5130       2865    11.9333  0.000e+00
     78.269     6.0207   3.220869    32.5128       2866    11.9375  0.000e+00
     78.238     6.0203   3.220797    32.5124       2867    11.9417  0.000e+00
     78.215     6.0199   3.220691    32.5116       2868    11.9458  0.000e+00
     78.184     6.0196   3.220630    32.5112       2869    11.9500  0.000e+00
     78.146     6.0191   3.220508    32.5104       2870    11.9542  0.000e+00
     78.105     6.0185   3.220330    32.5090       2871    11.9583  0.000e+00
     78.065     6.0179   3.220246    32.5086       2872    11.9625  0.000e+00
     78.021     6.0173   3.220207    32.5088       2873    11.9667  0.000e+00
     77.974     6.0170   3.220124    32.5082       2874    11.9708  0.000e+00
     77.927     6.0168   3.219907    32.5060       2875    11.9750  0.000e+00
     77.867     6.0161   3.219607    32.5033       2876    11.9792  0.000e+00
     77.819     6.0150   3.219184    32.4996       2877    11.9833  0.000e+00
     77.757     6.0134   3.218761    32.4964       2878    11.9875  0.000e+00
     77.703     6.0113   3.218378    32.4942       2879    11.9917  0.000e+00
     77.641     6.0088   3.218033    32.4928       2880    11.9958  0.000e+00
     77.582     6.0060   3.217733    32.4921       2881    12.0000  0.000e+00
