HB2406/sbe055.cnv
* Sea-Bird SBE 19plus V2 Data File:
* FileName = C:\cruise\data\sbe055.hex
* Software Version Seasave V 7.26.7.121
* Temperature SN = 7037
* Conductivity SN = 7037
* System UpLoad Time = Aug 17 2024 01:26:30
* NMEA Latitude = 43 24.09 N
* NMEA Longitude = 067 41.64 W
* NMEA UTC (Time) = Aug 17 2024  01:25:22
** Ship: Henry Bigelow
** Cruise:  HB2406
** Program:  ECOMON
# nquan = 7
# nvalues = 5030                                  
# units = specified
# name 0 = depSM: Depth [salt water, m]
# name 1 = tv290C: Temperature [ITS-90, deg C]
# name 2 = c0S/m: Conductivity [S/m]
# name 3 = sal00: Salinity, Practical [PSU]
# name 4 = scan: Scan Count
# name 5 = timeM: Time, Elapsed [minutes]
# name 6 = flag:  0.000e+00
# span 0 =      0.011,    200.480                 
# span 1 =     6.7274,    19.5317                 
# span 2 =  -0.000033,   4.351962                 
# span 3 =     0.0000,    34.1932                 
# span 4 =         11,       5040                 
# span 5 =     0.0417,    20.9958                 
# span 6 = 0.0000e+00, 0.0000e+00                 
# interval = seconds: 0.25
# start_time = Aug 17 2024 01:25:22 [NMEA time, header]
# bad_flag = -9.990e-29
*END*
[from data line 1436]
    188.807     8.0001   3.553018    34.1766       1447     6.0250  0.000e+00
    188.952     8.0012   3.553105    34.1765       1448     6.0292  0.000e+00
    189.102     8.0022   3.553215    34.1766       1449     6.0333  0.000e+00
    189.247     8.0031   3.553319    34.1767       1450     6.0375  0.000e+00
    189.392     8.0041   3.553429    34.1768       1451     6.0417  0.000e+00
    189.535     8.0051   3.553516    34.1768       1452     6.0458  0.000e+00
    189.683     8.0059   3.553643    34.1773       1453     6.0500  0.000e+00
    189.831     8.0066   3.553776    34.1779       1454     6.0542  0.000e+00
    189.978     8.0074   3.553863    34.1780       1455     6.0583  0.000e+00
    190.124     8.0082   3.553926    34.1778       1456     6.0625  0.000e+00
    190.273     8.0089   3.553944    34.1773       1457     6.0667  0.000e+00
    190.419     8.0095   3.553990    34.1772       1458     6.0708  0.000e+00
    190.571     8.0098   3.554013    34.1770       1459     6.0750  0.000e+00
    190.718     8.0101   3.554117    34.1777       1460     6.0792  0.000e+00
    190.868     8.0106   3.554181    34.1778       1461     6.0833  0.000e+00
    191.022     8.0111   3.554227    34.1778       1462     6.0875  0.000e+00
    191.173     8.0115   3.554314    34.1783       1463     6.0917  0.000e+00
    191.324     8.0120   3.554418    34.1788       1464     6.0958  0.000e+00
    191.481     8.0124   3.554465    34.1788       1465     6.1000  0.000e+00
    191.638     8.0130   3.554528    34.1788       1466     6.1042  0.000e+00
    191.790     8.0135   3.554592    34.1790       1467     6.1083  0.000e+00
    191.949     8.0140   3.554725    34.1799       1468     6.1125  0.000e+00
    192.110     8.0146   3.554789    34.1799       1469     6.1167  0.000e+00
    192.271     8.0151   3.554812    34.1796       1470     6.1208  0.000e+00
    192.432     8.0156   3.554916    34.1801       1471     6.1250  0.000e+00
    192.586     8.0161   3.554980    34.1802       1472     6.1292  0.000e+00
    192.747     8.0164   3.555043    34.1805       1473     6.1333  0.000e+00
    192.913     8.0169   3.555090    34.1804       1474     6.1375  0.000e+00
    193.071     8.0176   3.555176    34.1807       1475     6.1417  0.000e+00
    193.226     8.0180   3.555200    34.1804       1476     6.1458  0.000e+00
    193.380     8.0185   3.555240    34.1803       1477     6.1500  0.000e+00
    193.532     8.0189   3.555263    34.1801       1478     6.1542  0.000e+00
    193.680     8.0192   3.555327    34.1804       1479     6.1583  0.000e+00
    193.831     8.0195   3.555368    34.1805       1480     6.1625  0.000e+00
    193.975     8.0198   3.555437    34.1809       1481     6.1667  0.000e+00
    194.122     8.0202   3.555501    34.1811       1482     6.1708  0.000e+00
    194.263     8.0206   3.555518    34.1808       1483     6.1750  0.000e+00
    194.406     8.0208   3.555588    34.1812       1484     6.1792  0.000e+00
    194.551     8.0213   3.555651    34.1814       1485     6.1833  0.000e+00
    194.686     8.0216   3.555674    34.1813       1486     6.1875  0.000e+00
    194.835     8.0219   3.555651    34.1806       1487     6.1917  0.000e+00
    194.981     8.0221   3.555651    34.1804       1488     6.1958  0.000e+00
    195.122     8.0220   3.555565    34.1795       1489     6.2000  0.000e+00
    195.265     8.0218   3.555328    34.1771       1490     6.2042  0.000e+00
    195.410     8.0209   3.555177    34.1763       1491     6.2083  0.000e+00
    195.549     8.0197   3.554981    34.1753       1492     6.2125  0.000e+00
    195.697     8.0184   3.554744    34.1740       1493     6.2167  0.000e+00
    195.835     8.0167   3.554403    34.1719       1494     6.2208  0.000e+00
    195.978     8.0143   3.554015    34.1701       1495     6.2250  0.000e+00
    196.115     8.0116   3.553992    34.1724       1496     6.2292  0.000e+00
    196.251     8.0094   3.553929    34.1738       1497     6.2333  0.000e+00
    196.395     8.0078   3.553778    34.1737       1498     6.2375  0.000e+00
    196.527     8.0063   3.553281    34.1697       1499     6.2417  0.000e+00
    196.667     8.0039   3.552934    34.1683       1500     6.2458  0.000e+00
    196.806     8.0009   3.552593    34.1675       1501     6.2500  0.000e+00
    196.938     7.9977   3.552073    34.1650       1502     6.2542  0.000e+00
    197.077     7.9939   3.551882    34.1665       1503     6.2583  0.000e+00
    197.215     7.9904   3.551668    34.1676       1504     6.2625  0.000e+00
    197.349     7.9874   3.551449    34.1682       1505     6.2667  0.000e+00
    197.483     7.9848   3.551368    34.1698       1506     6.2708  0.000e+00
    197.615     7.9827   3.551495    34.1731       1507     6.2750  0.000e+00
    197.752     7.9816   3.551559    34.1748       1508     6.2792  0.000e+00
    197.886     7.9812   3.551755    34.1772       1509     6.2833  0.000e+00
    198.022     7.9812   3.551796    34.1776       1510     6.2875  0.000e+00
    198.166     7.9815   3.551993    34.1793       1511     6.2917  0.000e+00
    198.311     7.9823   3.552143    34.1801       1512     6.2958  0.000e+00
    198.459     7.9832   3.552230    34.1801       1513     6.3000  0.000e+00
    198.602     7.9839   3.552311    34.1802       1514     6.3042  0.000e+00
    198.752     7.9850   3.552421    34.1803       1515     6.3083  0.000e+00
    198.904     7.9856   3.552530    34.1807       1516     6.3125  0.000e+00
    199.054     7.9865   3.552594    34.1805       1517     6.3167  0.000e+00
    199.199     7.9870   3.552658    34.1806       1518     6.3208  0.000e+00
    199.353     7.9876   3.552698    34.1804       1519     6.3250  0.000e+00
    199.503     7.9882   3.552745    34.1802       1520     6.3292  0.000e+00
    199.652     7.9886   3.552808    34.1805       1521     6.3333  0.000e+00
    199.800     7.9890   3.552959    34.1816       1522     6.3375  0.000e+00
    199.946     7.9897   3.553173    34.1831       1523     6.3417  0.000e+00
    200.095     7.9906   3.553323    34.1838       1524     6.3458  0.000e+00
    200.247     7.9918   3.553560    34.1850       1525     6.3500  0.000e+00
    200.400     7.9931   3.553797    34.1862       1526     6.3542  0.000e+00
    200.473     7.9945   3.554017    34.1872       1527     6.3583  0.000e+00
    200.480     7.9962   3.554231    34.1879       1528     6.3625  0.000e+00
    200.417     7.9979   3.554341    34.1874       1529     6.3667  0.000e+00
    200.335     7.9994   3.554294    34.1855       1530     6.3708  0.000e+00
    200.308     8.0002   3.554208    34.1837       1531     6.3750  0.000e+00
    200.293     8.0005   3.554231    34.1837       1532     6.3792  0.000e+00
    200.281     8.0005   3.554208    34.1834       1533     6.3833  0.000e+00
    200.261     8.0009   3.554208    34.1832       1534     6.3875  0.000e+00
    200.228     8.0007   3.554167    34.1829       1535     6.3917  0.000e+00
    200.197     8.0007   3.554144    34.1827       1536     6.3958  0.000e+00
    200.163     8.0005   3.554144    34.1829       1537     6.4000  0.000e+00
    200.141     8.0005   3.554103    34.1825       1538     6.4042  0.000e+00
    200.119     8.0002   3.554080    34.1825       1539     6.4083  0.000e+00
    200.092     8.0001   3.554103    34.1829       1540     6.4125  0.000e+00
    200.065     8.0001   3.554103    34.1829       1541     6.4167  0.000e+00
    200.036     8.0000   3.554103    34.1830       1542     6.4208  0.000e+00
    200.009     8.0001   3.554121    34.1831       1543     6.4250  0.000e+00
    199.982     8.0000   3.554103    34.1830       1544     6.4292  0.000e+00
    199.938     8.0001   3.554103    34.1829       1545     6.4333  0.000e+00
    199.913     7.9998   3.554103    34.1832       1546     6.4375  0.000e+00
    199.884     7.9999   3.554080    34.1829       1547     6.4417  0.000e+00
    199.851     7.9999   3.554057    34.1826       1548     6.4458  0.000e+00
    199.821     7.9997   3.554017    34.1824       1549     6.4500  0.000e+00
    199.793     7.9996   3.553970    34.1820       1550     6.4542  0.000e+00
    199.757     7.9994   3.553970    34.1823       1551     6.4583  0.000e+00
    199.726     7.9992   3.553947    34.1822       1552     6.4625  0.000e+00
    199.688     7.9990   3.553930    34.1823       1553     6.4667  0.000e+00
    199.645     7.9989   3.553930    34.1823       1554     6.4708  0.000e+00
    199.609     7.9988   3.553843    34.1816       1555     6.4750  0.000e+00
    199.565     7.9985   3.553756    34.1809       1556     6.4792  0.000e+00
    199.524     7.9980   3.553606    34.1798       1557     6.4833  0.000e+00
    199.480     7.9973   3.553560    34.1801       1558     6.4875  0.000e+00
    199.437     7.9967   3.553496    34.1800       1559     6.4917  0.000e+00
    199.397     7.9960   3.553479    34.1805       1560     6.4958  0.000e+00
    199.352     7.9956   3.553519    34.1813       1561     6.5000  0.000e+00
    199.319     7.9954   3.553479    34.1811       1562     6.5042  0.000e+00
    199.277     7.9954   3.553346    34.1798       1563     6.5083  0.000e+00
    199.236     7.9949   3.553259    34.1793       1564     6.5125  0.000e+00
    199.196     7.9942   3.553155    34.1789       1565     6.5167  0.000e+00
    199.154     7.9936   3.553172    34.1797       1566     6.5208  0.000e+00
    199.112     7.9931   3.553219    34.1807       1567     6.5250  0.000e+00
    199.064     7.9931   3.553172    34.1802       1568     6.5292  0.000e+00
    199.015     7.9929   3.553109    34.1797       1569     6.5333  0.000e+00
    198.955     7.9926   3.553045    34.1794       1570     6.5375  0.000e+00
    198.901     7.9923   3.552958    34.1788       1571     6.5417  0.000e+00
    198.839     7.9917   3.552918    34.1790       1572     6.5458  0.000e+00
    198.774     7.9914   3.552895    34.1790       1573     6.5500  0.000e+00
    198.703     7.9910   3.552871    34.1793       1574     6.5542  0.000e+00
    198.631     7.9907   3.552854    34.1793       1575     6.5583  0.000e+00
    198.548     7.9905   3.552808    34.1791       1576     6.5625  0.000e+00
    198.468     7.9901   3.552785    34.1793       1577     6.5667  0.000e+00
    198.376     7.9900   3.552767    34.1793       1578     6.5708  0.000e+00
    198.285     7.9899   3.552744    34.1791       1579     6.5750  0.000e+00
    198.186     7.9897   3.552721    34.1792       1580     6.5792  0.000e+00
    198.090     7.9896   3.552530    34.1772       1581     6.5833  0.000e+00
    197.979     7.9890   3.552380    34.1762       1582     6.5875  0.000e+00
    197.878     7.9882   3.552380    34.1771       1583     6.5917  0.000e+00
    197.773     7.9876   3.552334    34.1773       1584     6.5958  0.000e+00
    197.668     7.9871   3.552333    34.1778       1585     6.6000  0.000e+00
    197.558     7.9869   3.552333    34.1780       1586     6.6042  0.000e+00
    197.453     7.9867   3.552310    34.1780       1587     6.6083  0.000e+00
    197.348     7.9865   3.552033    34.1753       1588     6.6125  0.000e+00
    197.241     7.9856   3.551859    34.1743       1589     6.6167  0.000e+00
    197.138     7.9845   3.551709    34.1738       1590     6.6208  0.000e+00
    197.034     7.9834   3.551472    34.1724       1591     6.6250  0.000e+00
    196.937     7.9819   3.551345    34.1726       1592     6.6292  0.000e+00
    196.837     7.9805   3.551171    34.1721       1593     6.6333  0.000e+00
    196.741     7.9792   3.551061    34.1723       1594     6.6375  0.000e+00
    196.649     7.9779   3.550934    34.1722       1595     6.6417  0.000e+00
    196.558     7.9768   3.550894    34.1729       1596     6.6458  0.000e+00
    196.470     7.9761   3.550911    34.1739       1597     6.6500  0.000e+00
    196.381     7.9756   3.550980    34.1751       1598     6.6542  0.000e+00
    196.296     7.9756   3.551061    34.1760       1599     6.6583  0.000e+00
    196.209     7.9758   3.551171    34.1770       1600     6.6625  0.000e+00
    196.126     7.9765   3.551345    34.1783       1601     6.6667  0.000e+00
    196.039     7.9775   3.551622    34.1803       1602     6.6708  0.000e+00
    195.957     7.9792   3.551923    34.1819       1603     6.6750  0.000e+00
    195.870     7.9814   3.552206    34.1828       1604     6.6792  0.000e+00
    195.780     7.9839   3.552506    34.1837       1605     6.6833  0.000e+00
    195.687     7.9866   3.552853    34.1848       1606     6.6875  0.000e+00
    195.597     7.9894   3.553067    34.1843       1607     6.6917  0.000e+00
    195.503     7.9922   3.553240    34.1835       1608     6.6958  0.000e+00
    195.411     7.9945   3.553558    34.1847       1609     6.7000  0.000e+00
    195.317     7.9971   3.554293    34.1901       1610     6.7042  0.000e+00
    195.222     8.0009   3.554530    34.1890       1611     6.7083  0.000e+00
    195.116     8.0046   3.555177    34.1924       1612     6.7125  0.000e+00
    195.016     8.0090   3.555651    34.1932       1613     6.7167  0.000e+00
    194.917     8.0135   3.555779    34.1902       1614     6.7208  0.000e+00
    194.812     8.0171   3.555888    34.1879       1615     6.7250  0.000e+00
    194.690     8.0198   3.555912    34.1856       1616     6.7292  0.000e+00
    194.553     8.0215   3.555929    34.1841       1617     6.7333  0.000e+00
    194.410     8.0227   3.555888    34.1826       1618     6.7375  0.000e+00
    194.272     8.0233   3.555842    34.1816       1619     6.7417  0.000e+00
    194.128     8.0237   3.555738    34.1802       1620     6.7458  0.000e+00
    193.988     8.0236   3.555651    34.1795       1621     6.7500  0.000e+00
    193.847     8.0231   3.555541    34.1788       1622     6.7542  0.000e+00
    193.706     8.0226   3.555454    34.1784       1623     6.7583  0.000e+00
    193.567     8.0221   3.555367    34.1781       1624     6.7625  0.000e+00
    193.434     8.0214   3.555327    34.1784       1625     6.7667  0.000e+00
    193.299     8.0211   3.555327    34.1787       1626     6.7708  0.000e+00
    193.174     8.0206   3.555281    34.1788       1627     6.7750  0.000e+00
    193.047     8.0203   3.555263    34.1790       1628     6.7792  0.000e+00
    192.924     8.0201   3.555176    34.1783       1629     6.7833  0.000e+00
    192.803     8.0197   3.555153    34.1785       1630     6.7875  0.000e+00
    192.689     8.0193   3.555090    34.1782       1631     6.7917  0.000e+00
    192.571     8.0190   3.555026    34.1779       1632     6.7958  0.000e+00
    192.459     8.0185   3.554980    34.1779       1633     6.8000  0.000e+00
    192.345     8.0182   3.554939    34.1778       1634     6.8042  0.000e+00
    192.236     8.0178   3.554875    34.1776       1635     6.8083  0.000e+00
    192.124     8.0175   3.554812    34.1773       1636     6.8125  0.000e+00
    192.007     8.0171   3.554812    34.1778       1637     6.8167  0.000e+00
    191.893     8.0167   3.554742    34.1774       1638     6.8208  0.000e+00
    191.769     8.0164   3.554615    34.1764       1639     6.8250  0.000e+00
    191.652     8.0159   3.554551    34.1762       1640     6.8292  0.000e+00
    191.525     8.0154   3.554528    34.1766       1641     6.8333  0.000e+00
    191.397     8.0148   3.554488    34.1768       1642     6.8375  0.000e+00
    191.261     8.0145   3.554488    34.1772       1643     6.8417  0.000e+00
    191.122     8.0143   3.554528    34.1778       1644     6.8458  0.000e+00
    190.995     8.0142   3.554505    34.1777       1645     6.8500  0.000e+00
    190.845     8.0141   3.554488    34.1778       1646     6.8542  0.000e+00
    190.702     8.0141   3.554464    34.1776       1647     6.8583  0.000e+00
    190.550     8.0142   3.554441    34.1773       1648     6.8625  0.000e+00
    190.396     8.0142   3.554418    34.1772       1649     6.8667  0.000e+00
    190.237     8.0140   3.554354    34.1767       1650     6.8708  0.000e+00
    190.081     8.0138   3.554314    34.1765       1651     6.8750  0.000e+00
