HB2406/sbe051.cnv
* Sea-Bird SBE 19plus V2 Data File:
* FileName = C:\cruise\data\sbe051.hex
* Software Version Seasave V 7.26.7.121
* Temperature SN = 7037
* Conductivity SN = 7037
* System UpLoad Time = Aug 16 2024 20:32:47
* NMEA Latitude = 43 54.90 N
* NMEA Longitude = 067 46.56 W
* NMEA UTC (Time) = Aug 16 2024  20:31:39
** Ship: Henry Bigelow
** Cruise:  HB2406
** Program:  ECOMON
# nquan = 7
# nvalues = 4374                                  
# units = specified
# name 0 = depSM: Depth [salt water, m]
# name 1 = tv290C: Temperature [ITS-90, deg C]
# name 2 = c0S/m: Conductivity [S/m]
# name 3 = sal00: Salinity, Practical [PSU]
# name 4 = scan: Scan Count
# name 5 = timeM: Time, Elapsed [minutes]
# name 6 = flag:  0.000e+00
# span 0 =      0.009,    200.240                 
# span 1 =     7.0704,    20.8455                 
# span 2 =  -0.000060,   4.473408                 
# span 3 =     0.0000,    34.1507                 
# span 4 =         11,       4384                 
# span 5 =     0.0417,    18.2625                 
# span 6 = 0.0000e+00, 0.0000e+00                 
# interval = seconds: 0.25
# start_time = Aug 16 2024 20:31:39 [NMEA time, header]
# bad_flag = -9.990e-29
*END*
[from data line 3693]
     26.683    10.4238   3.580104    32.2758       3704    15.4292  0.000e+00
     26.645    10.4291   3.579739    32.2675       3705    15.4333  0.000e+00
     26.614    10.4319   3.581867    32.2863       3706    15.4375  0.000e+00
     26.580    10.4403   3.584431    32.3046       3707    15.4417  0.000e+00
     26.543    10.4582   3.587240    32.3168       3708    15.4458  0.000e+00
     26.513    10.4825   3.588876    32.3116       3709    15.4500  0.000e+00
     26.475    10.5062   3.590072    32.3026       3710    15.4542  0.000e+00
     26.435    10.5277   3.591883    32.3016       3711    15.4583  0.000e+00
     26.404    10.5487   3.594171    32.3059       3712    15.4625  0.000e+00
     26.368    10.5713   3.596988    32.3140       3713    15.4667  0.000e+00
     26.335    10.5980   3.596860    32.2892       3714    15.4708  0.000e+00
     26.301    10.6176   3.598214    32.2853       3715    15.4750  0.000e+00
     26.268    10.6347   3.599742    32.2855       3716    15.4792  0.000e+00
     26.239    10.6508   3.601364    32.2873       3717    15.4833  0.000e+00
     26.214    10.6699   3.605963    32.3163       3718    15.4875  0.000e+00
     26.189    10.6988   3.608097    32.3120       3719    15.4917  0.000e+00
     26.167    10.7315   3.611006    32.3121       3720    15.4958  0.000e+00
     26.135    10.7636   3.611134    32.2850       3721    15.5000  0.000e+00
     26.111    10.7868   3.612187    32.2750       3722    15.5042  0.000e+00
     26.091    10.8057   3.614428    32.2806       3723    15.5083  0.000e+00
     26.068    10.8264   3.615108    32.2691       3724    15.5125  0.000e+00
     26.046    10.8437   3.614893    32.2518       3725    15.5167  0.000e+00
     26.015    10.8553   3.616412    32.2566       3726    15.5208  0.000e+00
     25.986    10.8668   3.617530    32.2576       3727    15.5250  0.000e+00
     25.965    10.8790   3.617553    32.2471       3728    15.5292  0.000e+00
     25.936    10.8880   3.618805    32.2516       3729    15.5333  0.000e+00
     25.907    10.8974   3.619044    32.2457       3730    15.5375  0.000e+00
     25.872    10.9054   3.619108    32.2393       3731    15.5417  0.000e+00
     25.843    10.9106   3.620500    32.2486       3732    15.5458  0.000e+00
     25.811    10.9184   3.624620    32.2825       3733    15.5500  0.000e+00
     25.780    10.9409   3.632724    32.3429       3734    15.5542  0.000e+00
     25.748    10.9865   3.635419    32.3294       3735    15.5583  0.000e+00
     25.721    11.0358   3.635909    32.2909       3736    15.5625  0.000e+00
     25.688    11.0700   3.636258    32.2643       3737    15.5667  0.000e+00
     25.661    11.0927   3.638587    32.2674       3738    15.5708  0.000e+00
     25.634    11.1140   3.640980    32.2723       3739    15.5750  0.000e+00
     25.596    11.1375   3.644016    32.2816       3740    15.5792  0.000e+00
     25.567    11.1648   3.647784    32.2947       3741    15.5833  0.000e+00
     25.539    11.1989   3.654839    32.3343       3742    15.5875  0.000e+00
     25.509    11.2468   3.661326    32.3561       3743    15.5917  0.000e+00
     25.480    11.3050   3.666558    32.3563       3744    15.5958  0.000e+00
     25.449    11.3656   3.673709    32.3734       3745    15.6000  0.000e+00
     25.418    11.4321   3.685066    32.4263       3746    15.6042  0.000e+00
     25.389    11.5192   3.695232    32.4493       3747    15.6083  0.000e+00
     25.358    11.6202   3.698021    32.3882       3748    15.6125  0.000e+00
     25.337    11.7038   3.698925    32.3241       3749    15.6167  0.000e+00
     25.311    11.7639   3.699788    32.2802       3750    15.6208  0.000e+00
     25.284    11.8110   3.704125    32.2814       3751    15.6250  0.000e+00
     25.266    11.8578   3.705083    32.2501       3752    15.6292  0.000e+00
     25.243    11.8966   3.704712    32.2130       3753    15.6333  0.000e+00
     25.221    11.9247   3.704553    32.1871       3754    15.6375  0.000e+00
     25.199    11.9469   3.704800    32.1703       3755    15.6417  0.000e+00
     25.186    11.9634   3.705411    32.1620       3756    15.6458  0.000e+00
     25.159    11.9775   3.706428    32.1597       3757    15.6500  0.000e+00
     25.143    11.9911   3.707945    32.1626       3758    15.6542  0.000e+00
     25.127    12.0056   3.710098    32.1708       3759    15.6583  0.000e+00
     25.116    12.0235   3.712840    32.1819       3760    15.6625  0.000e+00
     25.107    12.0457   3.716795    32.2009       3761    15.6667  0.000e+00
     25.091    12.0752   3.720905    32.2150       3762    15.6708  0.000e+00
     25.081    12.1134   3.724162    32.2134       3763    15.6750  0.000e+00
     25.072    12.1531   3.726719    32.2038       3764    15.6792  0.000e+00
     25.056    12.1897   3.729400    32.1981       3765    15.6833  0.000e+00
     25.045    12.2245   3.733109    32.2037       3766    15.6875  0.000e+00
     25.033    12.2636   3.737303    32.2104       3767    15.6917  0.000e+00
     25.020    12.3062   3.739450    32.1944       3768    15.6958  0.000e+00
     25.005    12.3436   3.741144    32.1785       3769    15.7000  0.000e+00
     24.991    12.3749   3.742625    32.1658       3770    15.7042  0.000e+00
     24.976    12.4010   3.744603    32.1623       3771    15.7083  0.000e+00
     24.958    12.4254   3.747774    32.1718       3772    15.7125  0.000e+00
     24.942    12.4541   3.752707    32.1943       3773    15.7167  0.000e+00
     24.915    12.4923   3.757578    32.2080       3774    15.7208  0.000e+00
     24.897    12.5380   3.761221    32.2036       3775    15.7250  0.000e+00
     24.870    12.5832   3.764433    32.1955       3776    15.7292  0.000e+00
     24.844    12.6259   3.766131    32.1752       3777    15.7333  0.000e+00
     24.821    12.6619   3.767563    32.1581       3778    15.7375  0.000e+00
     24.790    12.6902   3.769197    32.1495       3779    15.7417  0.000e+00
     24.763    12.7143   3.770238    32.1389       3780    15.7458  0.000e+00
     24.731    12.7345   3.771387    32.1326       3781    15.7500  0.000e+00
     24.705    12.7520   3.772317    32.1265       3782    15.7542  0.000e+00
     24.680    12.7667   3.773021    32.1207       3783    15.7583  0.000e+00
     24.647    12.7788   3.773566    32.1155       3784    15.7625  0.000e+00
     24.620    12.7889   3.774662    32.1174       3785    15.7667  0.000e+00
     24.599    12.7993   3.775325    32.1148       3786    15.7708  0.000e+00
     24.571    12.8089   3.775769    32.1109       3787    15.7750  0.000e+00
     24.551    12.8167   3.776741    32.1135       3788    15.7792  0.000e+00
     24.533    12.8252   3.778104    32.1191       3789    15.7833  0.000e+00
     24.515    12.8358   3.778803    32.1168       3790    15.7875  0.000e+00
     24.501    12.8463   3.779704    32.1163       3791    15.7917  0.000e+00
     24.494    12.8567   3.780972    32.1195       3792    15.7958  0.000e+00
     24.481    12.8685   3.781974    32.1190       3793    15.8000  0.000e+00
     24.477    12.8799   3.782436    32.1136       3794    15.8042  0.000e+00
     24.466    12.8898   3.782662    32.1073       3795    15.8083  0.000e+00
     24.466    12.8970   3.782833    32.1028       3796    15.8125  0.000e+00
     24.458    12.9022   3.782993    32.0999       3797    15.8167  0.000e+00
     24.450    12.9060   3.783171    32.0984       3798    15.8208  0.000e+00
     24.448    12.9089   3.783272    32.0969       3799    15.8250  0.000e+00
     24.443    12.9113   3.783325    32.0954       3800    15.8292  0.000e+00
     24.441    12.9131   3.783479    32.0953       3801    15.8333  0.000e+00
     24.425    12.9145   3.783859    32.0977       3802    15.8375  0.000e+00
     24.419    12.9170   3.784725    32.1037       3803    15.8417  0.000e+00
     24.403    12.9221   3.785591    32.1076       3804    15.8458  0.000e+00
     24.387    12.9290   3.787257    32.1175       3805    15.8500  0.000e+00
     24.365    12.9397   3.789357    32.1282       3806    15.8542  0.000e+00
     24.340    12.9556   3.790437    32.1249       3807    15.8583  0.000e+00
     24.313    12.9718   3.791927    32.1253       3808    15.8625  0.000e+00
     24.285    12.9882   3.796058    32.1503       3809    15.8667  0.000e+00
     24.255    13.0136   3.801599    32.1810       3810    15.8708  0.000e+00
     24.226    13.0541   3.808903    32.2155       3811    15.8750  0.000e+00
     24.190    13.1095   3.816999    32.2446       3812    15.8792  0.000e+00
     24.159    13.1795   3.822153    32.2336       3813    15.8833  0.000e+00
     24.132    13.2484   3.829556    32.2446       3814    15.8875  0.000e+00
     24.104    13.3224   3.834800    32.2311       3815    15.8917  0.000e+00
     24.083    13.3933   3.836612    32.1881       3816    15.8958  0.000e+00
     24.057    13.4476   3.838484    32.1598       3817    15.9000  0.000e+00
     24.036    13.4887   3.841824    32.1563       3818    15.9042  0.000e+00
     24.018    13.5272   3.849805    32.1982       3819    15.9083  0.000e+00
     24.001    13.5800   3.852444    32.1783       3820    15.9125  0.000e+00
     23.983    13.6312   3.853327    32.1435       3821    15.9167  0.000e+00
     23.972    13.6683   3.853488    32.1139       3822    15.9208  0.000e+00
     23.958    13.6922   3.854444    32.1027       3823    15.9250  0.000e+00
     23.951    13.7104   3.856947    32.1107       3824    15.9292  0.000e+00
     23.940    13.7297   3.857126    32.0961       3825    15.9333  0.000e+00
     23.932    13.7468   3.855925    32.0707       3826    15.9375  0.000e+00
     23.923    13.7527   3.856803    32.0739       3827    15.9417  0.000e+00
     23.914    13.7572   3.856779    32.0699       3828    15.9458  0.000e+00
     23.914    13.7622   3.859003    32.0864       3829    15.9500  0.000e+00
     23.907    13.7708   3.857867    32.0686       3830    15.9542  0.000e+00
     23.898    13.7756   3.856367    32.0507       3831    15.9583  0.000e+00
     23.893    13.7710   3.858082    32.0705       3832    15.9625  0.000e+00
     23.885    13.7731   3.860640    32.0923       3833    15.9667  0.000e+00
     23.878    13.7854   3.860300    32.0789       3834    15.9708  0.000e+00
     23.871    13.7958   3.861985    32.0858       3835    15.9750  0.000e+00
     23.858    13.8078   3.863325    32.0882       3836    15.9792  0.000e+00
     23.845    13.8190   3.864910    32.0935       3837    15.9833  0.000e+00
     23.833    13.8334   3.865262    32.0847       3838    15.9875  0.000e+00
     23.815    13.8450   3.866034    32.0822       3839    15.9917  0.000e+00
     23.800    13.8564   3.865400    32.0668       3840    15.9958  0.000e+00
     23.777    13.8616   3.869887    32.1039       3841    16.0000  0.000e+00
     23.757    13.8781   3.870413    32.0950       3842    16.0042  0.000e+00
     23.730    13.8960   3.873448    32.1080       3843    16.0083  0.000e+00
     23.704    13.9176   3.875022    32.1046       3844    16.0125  0.000e+00
     23.677    13.9407   3.875201    32.0870       3845    16.0167  0.000e+00
     23.648    13.9543   3.876093    32.0838       3846    16.0208  0.000e+00
     23.619    13.9664   3.877147    32.0834       3847    16.0250  0.000e+00
     23.596    13.9798   3.878015    32.0803       3848    16.0292  0.000e+00
     23.565    13.9909   3.879531    32.0850       3849    16.0333  0.000e+00
     23.538    14.0039   3.879543    32.0743       3850    16.0375  0.000e+00
     23.511    14.0138   3.880782    32.0775       3851    16.0417  0.000e+00
     23.483    14.0237   3.881310    32.0741       3852    16.0458  0.000e+00
     23.458    14.0328   3.882316    32.0758       3853    16.0500  0.000e+00
     23.429    14.0424   3.882843    32.0726       3854    16.0542  0.000e+00
     23.409    14.0513   3.883167    32.0682       3855    16.0583  0.000e+00
     23.389    14.0586   3.883640    32.0665       3856    16.0625  0.000e+00
     23.368    14.0646   3.883778    32.0628       3857    16.0667  0.000e+00
     23.349    14.0693   3.883940    32.0603       3858    16.0708  0.000e+00
     23.331    14.0729   3.884467    32.0622       3859    16.0750  0.000e+00
     23.313    14.0771   3.884970    32.0633       3860    16.0792  0.000e+00
     23.292    14.0819   3.884832    32.0581       3861    16.0833  0.000e+00
     23.279    14.0848   3.885060    32.0578       3862    16.0875  0.000e+00
     23.264    14.0869   3.885468    32.0598       3863    16.0917  0.000e+00
     23.246    14.0897   3.884742    32.0508       3864    16.0958  0.000e+00
     23.227    14.0899   3.884443    32.0479       3865    16.1000  0.000e+00
     23.207    14.0885   3.885270    32.0566       3866    16.1042  0.000e+00
     23.190    14.0892   3.886025    32.0630       3867    16.1083  0.000e+00
     23.170    14.0936   3.887146    32.0697       3868    16.1125  0.000e+00
     23.152    14.1010   3.887560    32.0673       3869    16.1167  0.000e+00
     23.140    14.1085   3.888027    32.0654       3870    16.1208  0.000e+00
     23.127    14.1150   3.888501    32.0644       3871    16.1250  0.000e+00
     23.107    14.1208   3.888981    32.0639       3872    16.1292  0.000e+00
     23.085    14.1268   3.889394    32.0628       3873    16.1333  0.000e+00
     23.062    14.1322   3.889394    32.0583       3874    16.1375  0.000e+00
     23.046    14.1360   3.889442    32.0556       3875    16.1417  0.000e+00
     23.026    14.1383   3.889874    32.0577       3876    16.1458  0.000e+00
     23.015    14.1411   3.890174    32.0580       3877    16.1500  0.000e+00
     22.993    14.1448   3.890162    32.0549       3878    16.1542  0.000e+00
     22.977    14.1470   3.890725    32.0582       3879    16.1583  0.000e+00
     22.957    14.1503   3.891343    32.0612       3880    16.1625  0.000e+00
     22.939    14.1549   3.892561    32.0685       3881    16.1667  0.000e+00
     22.919    14.1631   3.893616    32.0713       3882    16.1708  0.000e+00
     22.904    14.1728   3.894540    32.0718       3883    16.1750  0.000e+00
     22.877    14.1830   3.896514    32.0814       3884    16.1792  0.000e+00
     22.855    14.1972   3.898609    32.0888       3885    16.1833  0.000e+00
     22.828    14.2150   3.900193    32.0886       3886    16.1875  0.000e+00
     22.805    14.2329   3.900787    32.0792       3887    16.1917  0.000e+00
     22.779    14.2482   3.901183    32.0701       3888    16.1958  0.000e+00
     22.751    14.2592   3.901531    32.0642       3889    16.2000  0.000e+00
     22.723    14.2675   3.902264    32.0640       3890    16.2042  0.000e+00
     22.693    14.2752   3.902312    32.0581       3891    16.2083  0.000e+00
     22.669    14.2816   3.906924    32.0949       3892    16.2125  0.000e+00
     22.628    14.2997   3.908558    32.0949       3893    16.2167  0.000e+00
     22.600    14.3238   3.910385    32.0916       3894    16.2208  0.000e+00
     22.568    14.3456   3.911863    32.0870       3895    16.2250  0.000e+00
     22.535    14.3670   3.913089    32.0806       3896    16.2292  0.000e+00
     22.501    14.3855   3.913918    32.0728       3897    16.2333  0.000e+00
     22.477    14.4007   3.913155    32.0532       3898    16.2375  0.000e+00
     22.448    14.4083   3.910336    32.0213       3899    16.2417  0.000e+00
     22.414    14.4033   3.907265    31.9974       3900    16.2458  0.000e+00
     22.383    14.3882   3.906094    31.9992       3901    16.2500  0.000e+00
     22.360    14.3686   3.907103    32.0246       3902    16.2542  0.000e+00
     22.334    14.3577   3.907752    32.0396       3903    16.2583  0.000e+00
     22.307    14.3570   3.911009    32.0699       3904    16.2625  0.000e+00
     22.280    14.3681   3.915632    32.1029       3905    16.2667  0.000e+00
     22.258    14.3947   3.918128    32.1037       3906    16.2708  0.000e+00
     22.237    14.4246   3.920955    32.1047       3907    16.2750  0.000e+00
