HB2406/sbe012.cnv
* Sea-Bird SBE 19plus V2 Data File:
* FileName = C:\cruise\data\sbe012.hex
* Software Version Seasave V 7.26.7.121
* Temperature SN = 7037
* Conductivity SN = 7037
* System UpLoad Time = Aug 13 2024 11:35:13
* NMEA Latitude = 40 23.63 N
* NMEA Longitude = 068 42.96 W
* NMEA UTC (Time) = Aug 13 2024  11:34:03
** Ship: Henry Bigelow
** Cruise:  HB2406
** Program:  ECOMON
# nquan = 7
# nvalues = 2423                                  
# units = specified
# name 0 = depSM: Depth [salt water, m]
# name 1 = tv290C: Temperature [ITS-90, deg C]
# name 2 = c0S/m: Conductivity [S/m]
# name 3 = sal00: Salinity, Practical [PSU]
# name 4 = scan: Scan Count
# name 5 = timeM: Time, Elapsed [minutes]
# name 6 = flag:  0.000e+00
# span 0 =     -0.034,     80.911                 
# span 1 =    12.3661,    24.6607                 
# span 2 =  -0.000044,   5.129247                 
# span 3 =     0.0000,    35.4359                 
# span 4 =         11,       2433                 
# span 5 =     0.0417,    10.1333                 
# span 6 = 0.0000e+00, 0.0000e+00                 
# interval = seconds: 0.25
# start_time = Aug 13 2024 11:34:03 [NMEA time, header]
# bad_flag = -9.990e-29
*END*
[from data line 2052]
     11.781    23.1622   5.066726    34.6171       2063     8.5917  0.000e+00
     11.725    23.1641   5.067188    34.6192       2064     8.5958  0.000e+00
     11.667    23.1659   5.067268    34.6184       2065     8.6000  0.000e+00
     11.598    23.1678   5.067925    34.6219       2066     8.6042  0.000e+00
     11.539    23.1702   5.067831    34.6194       2067     8.6083  0.000e+00
     11.472    23.1719   5.067750    34.6174       2068     8.6125  0.000e+00
     11.408    23.1729   5.068246    34.6205       2069     8.6167  0.000e+00
     11.343    23.1751   5.068253    34.6188       2070     8.6208  0.000e+00
     11.284    23.1773   5.068280    34.6173       2071     8.6250  0.000e+00
     11.233    23.1791   5.069070    34.6220       2072     8.6292  0.000e+00
     11.184    23.1838   5.069539    34.6219       2073     8.6333  0.000e+00
     11.146    23.1899   5.069800    34.6191       2074     8.6375  0.000e+00
     11.105    23.1968   5.069773    34.6135       2075     8.6417  0.000e+00
     11.070    23.2026   5.069914    34.6100       2076     8.6458  0.000e+00
     11.052    23.2069   5.070001    34.6073       2077     8.6500  0.000e+00
     11.022    23.2101   5.070363    34.6076       2078     8.6542  0.000e+00
     11.005    23.2131   5.071093    34.6108       2079     8.6583  0.000e+00
     10.982    23.2168   5.071790    34.6133       2080     8.6625  0.000e+00
     10.955    23.2228   5.072420    34.6134       2081     8.6667  0.000e+00
     10.926    23.2301   5.072648    34.6095       2082     8.6708  0.000e+00
     10.895    23.2356   5.073546    34.6120       2083     8.6750  0.000e+00
     10.853    23.2437   5.076221    34.6261       2084     8.6792  0.000e+00
     10.799    23.2577   5.077943    34.6284       2085     8.6833  0.000e+00
     10.747    23.2735   5.078929    34.6235       2086     8.6875  0.000e+00
     10.692    23.2875   5.079090    34.6138       2087     8.6917  0.000e+00
     10.631    23.2977   5.080002    34.6128       2088     8.6958  0.000e+00
     10.569    23.3067   5.081470    34.6170       2089     8.7000  0.000e+00
     10.506    23.3182   5.082993    34.6196       2090     8.7042  0.000e+00
     10.446    23.3326   5.084287    34.6182       2091     8.7083  0.000e+00
     10.398    23.3480   5.084743    34.6097       2092     8.7125  0.000e+00
     10.334    23.3602   5.085199    34.6036       2093     8.7167  0.000e+00
     10.282    23.3695   5.086018    34.6026       2094     8.7208  0.000e+00
     10.235    23.3778   5.086722    34.6015       2095     8.7250  0.000e+00
     10.184    23.3855   5.086950    34.5972       2096     8.7292  0.000e+00
     10.141    23.3914   5.087628    34.5978       2097     8.7333  0.000e+00
     10.105    23.3971   5.087883    34.5953       2098     8.7375  0.000e+00
     10.065    23.4019   5.088339    34.5950       2099     8.7417  0.000e+00
     10.025    23.4056   5.088815    34.5957       2100     8.7458  0.000e+00
      9.991    23.4095   5.089440    34.5975       2101     8.7500  0.000e+00
      9.945    23.4140   5.090198    34.5998       2102     8.7542  0.000e+00
      9.909    23.4199   5.091050    34.6017       2103     8.7583  0.000e+00
      9.864    23.4262   5.091789    34.6024       2104     8.7625  0.000e+00
      9.826    23.4333   5.092467    34.6020       2105     8.7667  0.000e+00
      9.781    23.4409   5.093487    34.6039       2106     8.7708  0.000e+00
      9.729    23.4495   5.093782    34.5994       2107     8.7750  0.000e+00
      9.683    23.4569   5.093822    34.5939       2108     8.7792  0.000e+00
      9.629    23.4621   5.093735    34.5892       2109     8.7833  0.000e+00
      9.577    23.4661   5.093822    34.5868       2110     8.7875  0.000e+00
      9.522    23.4692   5.093903    34.5850       2111     8.7917  0.000e+00
      9.470    23.4721   5.094104    34.5843       2112     8.7958  0.000e+00
      9.427    23.4748   5.094500    34.5852       2113     8.8000  0.000e+00
      9.380    23.4792   5.095407    34.5886       2114     8.8042  0.000e+00
      9.315    23.4876   5.096145    34.5877       2115     8.8083  0.000e+00
      9.278    23.4982   5.097199    34.5875       2116     8.8125  0.000e+00
      9.231    23.5104   5.097562    34.5807       2117     8.8167  0.000e+00
      9.201    23.5208   5.097535    34.5724       2118     8.8208  0.000e+00
      9.166    23.5284   5.097589    34.5669       2119     8.8250  0.000e+00
      9.128    23.5346   5.097763    34.5634       2120     8.8292  0.000e+00
      9.103    23.5397   5.098018    34.5613       2121     8.8333  0.000e+00
      9.074    23.5443   5.098240    34.5595       2122     8.8375  0.000e+00
      9.058    23.5489   5.098414    34.5572       2123     8.8417  0.000e+00
      9.025    23.5529   5.098669    34.5560       2124     8.8458  0.000e+00
      8.998    23.5563   5.098884    34.5550       2125     8.8500  0.000e+00
      8.973    23.5600   5.099180    34.5544       2126     8.8542  0.000e+00
      8.940    23.5637   5.099543    34.5543       2127     8.8583  0.000e+00
      8.902    23.5679   5.099717    34.5524       2128     8.8625  0.000e+00
      8.857    23.5717   5.100295    34.5538       2129     8.8667  0.000e+00
      8.812    23.5767   5.101047    34.5556       2130     8.8708  0.000e+00
      8.750    23.5837   5.101927    34.5569       2131     8.8750  0.000e+00
      8.698    23.5948   5.105307    34.5740       2132     8.8792  0.000e+00
      8.640    23.6201   5.108291    34.5769       2133     8.8833  0.000e+00
      8.580    23.6558   5.110308    34.5644       2134     8.8875  0.000e+00
      8.521    23.6912   5.111383    34.5451       2135     8.8917  0.000e+00
      8.468    23.7203   5.111645    34.5244       2136     8.8958  0.000e+00
      8.419    23.7428   5.112862    34.5161       2137     8.9000  0.000e+00
      8.374    23.7625   5.114973    34.5169       2138     8.9042  0.000e+00
      8.329    23.7830   5.115632    34.5059       2139     8.9083  0.000e+00
      8.280    23.8012   5.115854    34.4935       2140     8.9125  0.000e+00
      8.240    23.8168   5.116082    34.4831       2141     8.9167  0.000e+00
      8.195    23.8301   5.116338    34.4747       2142     8.9208  0.000e+00
      8.157    23.8400   5.116391    34.4675       2143     8.9250  0.000e+00
      8.121    23.8472   5.116479    34.4626       2144     8.9292  0.000e+00
      8.096    23.8526   5.115954    34.4544       2145     8.9333  0.000e+00
      8.067    23.8584   5.116081    34.4509       2146     8.9375  0.000e+00
      8.050    23.8659   5.116048    34.4449       2147     8.9417  0.000e+00
      8.027    23.8756   5.116249    34.4388       2148     8.9458  0.000e+00
      7.996    23.8877   5.116592    34.4321       2149     8.9500  0.000e+00
      7.964    23.9018   5.117406    34.4274       2150     8.9542  0.000e+00
      7.935    23.9156   5.118159    34.4223       2151     8.9583  0.000e+00
      7.906    23.9313   5.118240    34.4108       2152     8.9625  0.000e+00
      7.868    23.9496   5.118583    34.3993       2153     8.9667  0.000e+00
      7.832    23.9670   5.118925    34.3885       2154     8.9708  0.000e+00
      7.797    23.9808   5.118979    34.3782       2155     8.9750  0.000e+00
      7.765    23.9913   5.118918    34.3697       2156     8.9792  0.000e+00
      7.740    23.9989   5.118784    34.3628       2157     8.9833  0.000e+00
      7.711    24.0046   5.118494    34.3562       2158     8.9875  0.000e+00
      7.689    24.0083   5.118299    34.3519       2159     8.9917  0.000e+00
      7.664    24.0117   5.118211    34.3487       2160     8.9958  0.000e+00
      7.637    24.0156   5.118494    34.3478       2161     9.0000  0.000e+00
      7.600    24.0201   5.118736    34.3461       2162     9.0042  0.000e+00
      7.557    24.0246   5.119409    34.3477       2163     9.0083  0.000e+00
      7.521    24.0318   5.119981    34.3465       2164     9.0125  0.000e+00
      7.472    24.0402   5.120351    34.3429       2165     9.0167  0.000e+00
      7.411    24.0501   5.121178    34.3415       2166     9.0208  0.000e+00
      7.353    24.0715   5.123157    34.3399       2167     9.0250  0.000e+00
      7.289    24.1155   5.124684    34.3176       2168     9.0292  0.000e+00
      7.241    24.1731   5.126824    34.2895       2169     9.0333  0.000e+00
      7.195    24.2377   5.129247    34.2581       2170     9.0375  0.000e+00
      7.152    24.2986   5.127563    34.1988       2171     9.0417  0.000e+00
      7.121    24.3526   5.127649    34.1583       2172     9.0458  0.000e+00
      7.092    24.4013   5.127049    34.1167       2173     9.0500  0.000e+00
      7.071    24.4469   5.125816    34.0728       2174     9.0542  0.000e+00
      7.053    24.4881   5.124476    34.0315       2175     9.0583  0.000e+00
      7.038    24.5233   5.123075    33.9944       2176     9.0625  0.000e+00
      7.022    24.5522   5.122563    33.9687       2177     9.0667  0.000e+00
      7.002    24.5730   5.122138    33.9498       2178     9.0708  0.000e+00
      6.987    24.5892   5.121963    33.9363       2179     9.0750  0.000e+00
      6.968    24.6009   5.121781    33.9261       2180     9.0792  0.000e+00
      6.951    24.6095   5.121505    33.9176       2181     9.0833  0.000e+00
      6.933    24.6158   5.121478    33.9126       2182     9.0875  0.000e+00
      6.910    24.6208   5.121397    33.9083       2183     9.0917  0.000e+00
      6.888    24.6246   5.121364    33.9052       2184     9.0958  0.000e+00
      6.866    24.6269   5.120966    33.9004       2185     9.1000  0.000e+00
      6.846    24.6288   5.120596    33.8963       2186     9.1042  0.000e+00
      6.819    24.6302   5.120764    33.8965       2187     9.1083  0.000e+00
      6.803    24.6319   5.121054    33.8974       2188     9.1125  0.000e+00
      6.778    24.6338   5.121424    33.8987       2189     9.1167  0.000e+00
      6.750    24.6373   5.121619    33.8975       2190     9.1208  0.000e+00
      6.714    24.6410   5.121989    33.8975       2191     9.1250  0.000e+00
      6.682    24.6449   5.122420    33.8977       2192     9.1292  0.000e+00
      6.631    24.6490   5.122622    33.8962       2193     9.1333  0.000e+00
      6.566    24.6526   5.122393    33.8918       2194     9.1375  0.000e+00
      6.496    24.6551   5.122164    33.8882       2195     9.1417  0.000e+00
      6.423    24.6567   5.122076    33.8864       2196     9.1458  0.000e+00
      6.349    24.6583   5.122433    33.8879       2197     9.1500  0.000e+00
      6.282    24.6604   5.121565    33.8799       2198     9.1542  0.000e+00
      6.230    24.6607   5.121107    33.8762       2199     9.1583  0.000e+00
      6.186    24.6602   5.121221    33.8775       2200     9.1625  0.000e+00
      6.145    24.6592   5.120138    33.8702       2201     9.1667  0.000e+00
      6.109    24.6565   5.118482    33.8600       2202     9.1708  0.000e+00
      6.083    24.6522   5.118341    33.8622       2203     9.1750  0.000e+00
      6.056    24.6480   5.117345    33.8579       2204     9.1792  0.000e+00
      6.031    24.6439   5.116693    33.8562       2205     9.1833  0.000e+00
      6.007    24.6391   5.114756    33.8454       2206     9.1875  0.000e+00
      5.982    24.6321   5.114588    33.8494       2207     9.1917  0.000e+00
      5.955    24.6274   5.115893    33.8627       2208     9.1958  0.000e+00
      5.930    24.6268   5.115940    33.8634       2209     9.2000  0.000e+00
      5.912    24.6270   5.115698    33.8615       2210     9.2042  0.000e+00
      5.892    24.6261   5.114272    33.8516       2211     9.2083  0.000e+00
      5.886    24.6226   5.113216    33.8464       2212     9.2125  0.000e+00
      5.883    24.6179   5.112220    33.8425       2213     9.2167  0.000e+00
      5.886    24.6125   5.110734    33.8355       2214     9.2208  0.000e+00
      5.895    24.6053   5.109464    33.8315       2215     9.2250  0.000e+00
      5.892    24.5984   5.110829    33.8469       2216     9.2292  0.000e+00
      5.892    24.5955   5.111340    33.8529       2217     9.2333  0.000e+00
      5.888    24.5953   5.112907    33.8647       2218     9.2375  0.000e+00
      5.877    24.5995   5.113841    33.8685       2219     9.2417  0.000e+00
      5.848    24.6029   5.111736    33.8502       2220     9.2458  0.000e+00
      5.816    24.6015   5.109833    33.8371       2221     9.2500  0.000e+00
      5.763    24.5958   5.107501    33.8241       2222     9.2542  0.000e+00
      5.696    24.5858   5.100095    33.7766       2223     9.2583  0.000e+00
      5.628    24.5636   5.092614    33.7376       2224     9.2625  0.000e+00
      5.557    24.5334   5.088936    33.7329       2225     9.2667  0.000e+00
      5.492    24.5038   5.085829    33.7321       2226     9.2708  0.000e+00
      5.414    24.4782   5.084360    33.7404       2227     9.2750  0.000e+00
      5.355    24.4574   5.073965    33.6786       2228     9.2792  0.000e+00
      5.291    24.4156   5.052113    33.5471       2229     9.2833  0.000e+00
      5.228    24.3520   5.057134    33.6322       2230     9.2875  0.000e+00
      5.165    24.3067   5.044998    33.5756       2231     9.2917  0.000e+00
      5.116    24.2600   5.026665    33.4736       2232     9.2958  0.000e+00
      5.063    24.1595   4.939406    32.8963       2233     9.3000  0.000e+00
      5.035    23.9203   4.876294    32.5997       2234     9.3042  0.000e+00
      5.016    23.6330   4.835868    32.5063       2235     9.3083  0.000e+00
      5.002    23.3588   4.811863    32.5264       2236     9.3125  0.000e+00
      4.997    23.1284   4.792291    32.5477       2237     9.3167  0.000e+00
      4.997    22.9381   4.777833    32.5783       2238     9.3208  0.000e+00
      4.998    22.7842   4.763217    32.5808       2239     9.3250  0.000e+00
      5.004    22.6695   4.758783    32.6322       2240     9.3292  0.000e+00
      4.998    22.5845   4.742817    32.5728       2241     9.3333  0.000e+00
      4.982    22.4965   4.720775    32.4687       2242     9.3375  0.000e+00
      4.942    22.3962   4.707337    32.4396       2243     9.3417  0.000e+00
      4.884    22.3002   4.694556    32.4124       2244     9.3458  0.000e+00
      4.823    22.2063   4.683442    32.3964       2245     9.3500  0.000e+00
      4.756    22.1174   4.656082    32.2506       2246     9.3542  0.000e+00
      4.700    22.0231   4.674334    32.4626       2247     9.3583  0.000e+00
      4.651    21.9865   4.673331    32.4823       2248     9.3625  0.000e+00
      4.613    21.9479   4.617091    32.0736       2249     9.3667  0.000e+00
      4.579    21.8154   4.574550    31.8405       2250     9.3708  0.000e+00
      4.554    21.6254   4.546477    31.7615       2251     9.3750  0.000e+00
      4.528    21.4427   4.535578    31.8110       2252     9.3792  0.000e+00
      4.498    21.2984   4.526464    31.8463       2253     9.3833  0.000e+00
      4.443    21.1900   4.526236    31.9252       2254     9.3875  0.000e+00
      4.376    21.1184   4.523345    31.9557       2255     9.3917  0.000e+00
      4.301    21.0702   4.521973    31.9809       2256     9.3958  0.000e+00
      4.237    21.0374   4.521022    31.9979       2257     9.4000  0.000e+00
      4.181    21.0151   4.521055    32.0149       2258     9.4042  0.000e+00
      4.147    20.9996   4.520334    32.0208       2259     9.4083  0.000e+00
      4.129    20.9888   4.519096    32.0191       2260     9.4125  0.000e+00
      4.118    20.9781   4.520040    32.0346       2261     9.4167  0.000e+00
      4.112    20.9743   4.522000    32.0530       2262     9.4208  0.000e+00
      4.096    20.9762   4.520347    32.0385       2263     9.4250  0.000e+00
      4.087    20.9767   4.520864    32.0422       2264     9.4292  0.000e+00
      4.087    20.9783   4.518445    32.0219       2265     9.4333  0.000e+00
      4.053    20.9761   4.517590    32.0167       2266     9.4375  0.000e+00
