HB2406/sbe088.cnv
* Sea-Bird SBE 19plus V2 Data File:
* FileName = C:\cruise\data\sbe088.hex
* Software Version Seasave V 7.26.7.121
* Temperature SN = 7037
* Conductivity SN = 7037
* System UpLoad Time = Aug 19 2024 18:11:16
* NMEA Latitude = 43 16.15 N
* NMEA Longitude = 068 50.22 W
* NMEA UTC (Time) = Aug 19 2024  18:10:09
** Ship: Henry Bigelow
** Cruise:  HB2406
** Program:  ECOMON
# nquan = 7
# nvalues = 1537                                  
# units = specified
# name 0 = depSM: Depth [salt water, m]
# name 1 = tv290C: Temperature [ITS-90, deg C]
# name 2 = c0S/m: Conductivity [S/m]
# name 3 = sal00: Salinity, Practical [PSU]
# name 4 = scan: Scan Count
# name 5 = timeM: Time, Elapsed [minutes]
# name 6 = flag:  0.000e+00
# span 0 =     -0.077,    140.111                 
# span 1 =     7.1292,    18.1652                 
# span 2 =   0.185184,   4.236521                 
# span 3 =     1.0945,    33.5727                 
# span 4 =         11,       1547                 
# span 5 =     0.0417,     6.4417                 
# span 6 = 0.0000e+00, 0.0000e+00                 
# interval = seconds: 0.25
# start_time = Aug 19 2024 18:10:09 [NMEA time, header]
# bad_flag = -9.990e-29
*END*
[from data line 411]
     69.239     7.9553   3.409907    32.7475        422     1.7542  0.000e+00
     69.438     7.9334   3.410300    32.7722        423     1.7583  0.000e+00
     69.631     7.9186   3.408014    32.7616        424     1.7625  0.000e+00
     69.825     7.9021   3.405382    32.7488        425     1.7667  0.000e+00
     70.009     7.8808   3.405098    32.7657        426     1.7708  0.000e+00
     70.190     7.8640   3.405769    32.7885        427     1.7750  0.000e+00
     70.362     7.8551   3.404359    32.7817        428     1.7792  0.000e+00
     70.526     7.8467   3.403035    32.7754        429     1.7833  0.000e+00
     70.684     7.8348   3.401694    32.7721        430     1.7875  0.000e+00
     70.830     7.8207   3.401472    32.7830        431     1.7917  0.000e+00
     70.980     7.8091   3.401779    32.7970        432     1.7958  0.000e+00
     71.112     7.8010   3.401961    32.8066        433     1.8000  0.000e+00
     71.259     7.7967   3.402223    32.8134        434     1.8042  0.000e+00
     71.402     7.7959   3.401655    32.8080        435     1.8083  0.000e+00
     71.555     7.7940   3.400382    32.7960        436     1.8125  0.000e+00
     71.725     7.7878   3.399797    32.7955        437     1.8167  0.000e+00
     71.904     7.7801   3.399854    32.8033        438     1.8208  0.000e+00
     72.096     7.7745   3.400104    32.8111        439     1.8250  0.000e+00
     72.308     7.7725   3.399956    32.8113        440     1.8292  0.000e+00
     72.541     7.7707   3.399547    32.8085        441     1.8333  0.000e+00
     72.798     7.7673   3.398610    32.8016        442     1.8375  0.000e+00
     73.069     7.7610   3.397974    32.8005        443     1.8417  0.000e+00
     73.353     7.7534   3.397361    32.8010        444     1.8458  0.000e+00
     73.659     7.7458   3.396810    32.8022        445     1.8500  0.000e+00
     73.964     7.7382   3.396293    32.8036        446     1.8542  0.000e+00
     74.273     7.7307   3.395464    32.8016        447     1.8583  0.000e+00
     74.577     7.7226   3.394857    32.8026        448     1.8625  0.000e+00
     74.874     7.7141   3.394607    32.8078        449     1.8667  0.000e+00
     75.161     7.7071   3.394221    32.8101        450     1.8708  0.000e+00
     75.432     7.7001   3.393705    32.8110        451     1.8750  0.000e+00
     75.689     7.6932   3.392831    32.8080        452     1.8792  0.000e+00
     75.917     7.6841   3.391866    32.8061        453     1.8833  0.000e+00
     76.125     7.6725   3.390345    32.8006        454     1.8875  0.000e+00
     76.320     7.6575   3.388983    32.8000        455     1.8917  0.000e+00
     76.494     7.6410   3.387820    32.8030        456     1.8958  0.000e+00
     76.660     7.6253   3.388042    32.8202        457     1.9000  0.000e+00
     76.821     7.6155   3.386556    32.8133        458     1.9042  0.000e+00
     76.975     7.6048   3.385966    32.8170        459     1.9083  0.000e+00
     77.127     7.5942   3.385081    32.8174        460     1.9125  0.000e+00
     77.277     7.5835   3.385013    32.8267        461     1.9167  0.000e+00
     77.433     7.5753   3.384701    32.8310        462     1.9208  0.000e+00
     77.599     7.5692   3.384628    32.8359        463     1.9250  0.000e+00
     77.763     7.5645   3.384787    32.8419        464     1.9292  0.000e+00
     77.930     7.5612   3.384849    32.8457        465     1.9333  0.000e+00
     78.105     7.5592   3.385195    32.8512        466     1.9375  0.000e+00
     78.273     7.5589   3.385490    32.8546        467     1.9417  0.000e+00
     78.447     7.5591   3.385825    32.8580        468     1.9458  0.000e+00
     78.615     7.5595   3.386194    32.8615        469     1.9500  0.000e+00
     78.774     7.5602   3.386682    32.8659        470     1.9542  0.000e+00
     78.933     7.5620   3.387368    32.8716        471     1.9583  0.000e+00
     79.085     7.5650   3.387901    32.8744        472     1.9625  0.000e+00
     79.233     7.5686   3.387822    32.8701        473     1.9667  0.000e+00
     79.391     7.5715   3.387748    32.8665        474     1.9708  0.000e+00
     79.550     7.5730   3.388146    32.8693        475     1.9750  0.000e+00
     79.716     7.5743   3.388242    32.8690        476     1.9792  0.000e+00
     79.892     7.5755   3.388656    32.8722        477     1.9833  0.000e+00
     80.085     7.5777   3.388452    32.8679        478     1.9875  0.000e+00
     80.290     7.5783   3.388350    32.8661        479     1.9917  0.000e+00
     80.512     7.5771   3.388282    32.8664        480     1.9958  0.000e+00
     80.747     7.5749   3.388577    32.8716        481     2.0000  0.000e+00
     81.002     7.5738   3.388617    32.8729        482     2.0042  0.000e+00
     81.261     7.5730   3.388452    32.8718        483     2.0083  0.000e+00
     81.532     7.5713   3.388004    32.8684        484     2.0125  0.000e+00
     81.811     7.5681   3.387987    32.8711        485     2.0167  0.000e+00
     82.093     7.5652   3.387415    32.8675        486     2.0208  0.000e+00
     82.375     7.5609   3.387046    32.8675        487     2.0250  0.000e+00
     82.653     7.5560   3.386904    32.8705        488     2.0292  0.000e+00
     82.932     7.5519   3.386723    32.8723        489     2.0333  0.000e+00
     83.207     7.5482   3.385980    32.8677        490     2.0375  0.000e+00
     83.474     7.5427   3.385623    32.8689        491     2.0417  0.000e+00
     83.727     7.5370   3.385084    32.8683        492     2.0458  0.000e+00
     83.973     7.5307   3.383428    32.8563        493     2.0500  0.000e+00
     84.210     7.5194   3.383020    32.8625        494     2.0542  0.000e+00
     84.436     7.5084   3.381682    32.8584        495     2.0583  0.000e+00
     84.648     7.4959   3.381507    32.8683        496     2.0625  0.000e+00
     84.852     7.4853   3.381195    32.8748        497     2.0667  0.000e+00
     85.036     7.4772   3.379744    32.8668        498     2.0708  0.000e+00
     85.214     7.4655   3.378372    32.8629        499     2.0750  0.000e+00
     85.380     7.4509   3.377455    32.8668        500     2.0792  0.000e+00
     85.535     7.4361   3.376044    32.8655        501     2.0833  0.000e+00
     85.675     7.4205   3.374803    32.8668        502     2.0875  0.000e+00
     85.812     7.4047   3.374560    32.8791        503     2.0917  0.000e+00
     85.942     7.3919   3.373546    32.8802        504     2.0958  0.000e+00
     86.069     7.3798   3.373496    32.8910        505     2.1000  0.000e+00
     86.195     7.3701   3.371802    32.8819        506     2.1042  0.000e+00
     86.322     7.3582   3.370953    32.8839        507     2.1083  0.000e+00
     86.452     7.3451   3.370404    32.8904        508     2.1125  0.000e+00
     86.590     7.3335   3.370297    32.9001        509     2.1167  0.000e+00
     86.735     7.3260   3.370568    32.9101        510     2.1208  0.000e+00
     86.892     7.3215   3.370059    32.9088        511     2.1250  0.000e+00
     87.067     7.3175   3.370206    32.9142        512     2.1292  0.000e+00
     87.254     7.3147   3.369997    32.9144        513     2.1333  0.000e+00
     87.458     7.3120   3.369193    32.9082        514     2.1375  0.000e+00
     87.677     7.3072   3.367665    32.8961        515     2.1417  0.000e+00
     87.910     7.2970   3.365814    32.8856        516     2.1458  0.000e+00
     88.160     7.2820   3.365464    32.8960        517     2.1500  0.000e+00
     88.424     7.2691   3.364383    32.8964        518     2.1542  0.000e+00
     88.693     7.2576   3.362754    32.8895        519     2.1583  0.000e+00
     88.973     7.2426   3.362081    32.8963        520     2.1625  0.000e+00
     89.246     7.2289   3.360894    32.8964        521     2.1667  0.000e+00
     89.523     7.2156   3.360102    32.9003        522     2.1708  0.000e+00
     89.800     7.2026   3.359565    32.9067        523     2.1750  0.000e+00
     90.064     7.1914   3.360227    32.9244        524     2.1792  0.000e+00
     90.332     7.1850   3.360368    32.9319        525     2.1833  0.000e+00
     90.579     7.1806   3.360165    32.9337        526     2.1875  0.000e+00
     90.827     7.1765   3.360453    32.9407        527     2.1917  0.000e+00
     91.066     7.1727   3.360369    32.9433        528     2.1958  0.000e+00
     91.296     7.1683   3.360770    32.9518        529     2.2000  0.000e+00
     91.529     7.1635   3.361438    32.9635        530     2.2042  0.000e+00
     91.748     7.1602   3.363565    32.9897        531     2.2083  0.000e+00
     91.965     7.1596   3.364912    33.0048        532     2.2125  0.000e+00
     92.173     7.1628   3.366208    33.0158        533     2.2167  0.000e+00
     92.372     7.1687   3.369236    33.0430        534     2.2208  0.000e+00
     92.565     7.1798   3.371954    33.0618        535     2.2250  0.000e+00
     92.744     7.1957   3.375131    33.0811        536     2.2292  0.000e+00
     92.914     7.2132   3.376774    33.0822        537     2.2333  0.000e+00
     93.069     7.2279   3.377199    33.0726        538     2.2375  0.000e+00
     93.212     7.2361   3.375709    33.0485        539     2.2417  0.000e+00
     93.344     7.2381   3.376593    33.0561        540     2.2458  0.000e+00
     93.460     7.2386   3.376111    33.0504        541     2.2500  0.000e+00
     93.572     7.2388   3.377018    33.0599        542     2.2542  0.000e+00
     93.681     7.2405   3.377930    33.0683        543     2.2583  0.000e+00
     93.787     7.2430   3.378814    33.0754        544     2.2625  0.000e+00
     93.896     7.2453   3.379919    33.0851        545     2.2667  0.000e+00
     94.013     7.2473   3.380112    33.0853        546     2.2708  0.000e+00
     94.140     7.2497   3.380713    33.0894        547     2.2750  0.000e+00
     94.283     7.2529   3.380962    33.0890        548     2.2792  0.000e+00
     94.451     7.2552   3.381280    33.0902        549     2.2833  0.000e+00
     94.637     7.2570   3.381240    33.0879        550     2.2875  0.000e+00
     94.847     7.2587   3.381359    33.0875        551     2.2917  0.000e+00
     95.071     7.2602   3.381581    33.0883        552     2.2958  0.000e+00
     95.326     7.2614   3.381626    33.0876        553     2.3000  0.000e+00
     95.605     7.2614   3.381847    33.0898        554     2.3042  0.000e+00
     95.900     7.2610   3.382301    33.0950        555     2.3083  0.000e+00
     96.218     7.2610   3.383497    33.1079        556     2.3125  0.000e+00
     96.549     7.2626   3.384371    33.1156        557     2.3167  0.000e+00
     96.896     7.2652   3.385227    33.1223        558     2.3208  0.000e+00
     97.254     7.2677   3.385670    33.1245        559     2.3250  0.000e+00
     97.603     7.2700   3.386078    33.1267        560     2.3292  0.000e+00
     97.949     7.2714   3.386436    33.1290        561     2.3333  0.000e+00
     98.283     7.2727   3.386652    33.1299        562     2.3375  0.000e+00
     98.600     7.2735   3.386896    33.1316        563     2.3417  0.000e+00
     98.895     7.2736   3.387054    33.1332        564     2.3458  0.000e+00
     99.164     7.2741   3.387038    33.1323        565     2.3500  0.000e+00
     99.423     7.2743   3.387038    33.1321        566     2.3542  0.000e+00
     99.653     7.2738   3.386953    33.1315        567     2.3583  0.000e+00
     99.853     7.2730   3.387100    33.1337        568     2.3625  0.000e+00
    100.005     7.2714   3.387038    33.1346        569     2.3667  0.000e+00
    100.112     7.2700   3.387123    33.1368        570     2.3708  0.000e+00
    100.193     7.2689   3.387219    33.1388        571     2.3750  0.000e+00
    100.282     7.2680   3.387424    33.1419        572     2.3792  0.000e+00
    100.349     7.2678   3.387741    33.1454        573     2.3833  0.000e+00
    100.385     7.2690   3.387668    33.1435        574     2.3875  0.000e+00
    100.399     7.2696   3.387293    33.1389        575     2.3917  0.000e+00
    100.421     7.2684   3.387259    33.1396        576     2.3958  0.000e+00
    100.464     7.2670   3.387356    33.1420        577     2.4000  0.000e+00
    100.524     7.2665   3.387566    33.1448        578     2.4042  0.000e+00
    100.591     7.2667   3.387912    33.1483        579     2.4083  0.000e+00
    100.678     7.2683   3.387895    33.1465        580     2.4125  0.000e+00
    100.794     7.2697   3.387668    33.1426        581     2.4167  0.000e+00
    100.960     7.2695   3.387588    33.1419        582     2.4208  0.000e+00
    101.152     7.2689   3.387833    33.1450        583     2.4250  0.000e+00
    101.369     7.2691   3.388122    33.1479        584     2.4292  0.000e+00
    101.609     7.2705   3.388258    33.1479        585     2.4333  0.000e+00
    101.879     7.2720   3.388167    33.1453        586     2.4375  0.000e+00
    102.177     7.2724   3.388094    33.1440        587     2.4417  0.000e+00
    102.492     7.2721   3.388258    33.1460        588     2.4458  0.000e+00
    102.824     7.2716   3.388293    33.1466        589     2.4500  0.000e+00
    103.161     7.2701   3.388321    33.1482        590     2.4542  0.000e+00
    103.508     7.2671   3.388338    33.1511        591     2.4583  0.000e+00
    103.857     7.2639   3.388384    33.1545        592     2.4625  0.000e+00
    104.197     7.2607   3.388594    33.1597        593     2.4667  0.000e+00
    104.526     7.2585   3.388668    33.1625        594     2.4708  0.000e+00
    104.832     7.2564   3.389076    33.1688        595     2.4750  0.000e+00
    105.134     7.2554   3.389321    33.1722        596     2.4792  0.000e+00
    105.425     7.2555   3.389729    33.1764        597     2.4833  0.000e+00
    105.696     7.2561   3.391006    33.1896        598     2.4875  0.000e+00
    105.937     7.2589   3.391336    33.1904        599     2.4917  0.000e+00
    106.147     7.2623   3.391500    33.1887        600     2.4958  0.000e+00
    106.338     7.2647   3.392232    33.1943        601     2.5000  0.000e+00
    106.497     7.2679   3.393419    33.2041        602     2.5042  0.000e+00
    106.640     7.2729   3.393765    33.2030        603     2.5083  0.000e+00
    106.781     7.2776   3.394747    33.2090        604     2.5125  0.000e+00
    106.910     7.2835   3.396587    33.2234        605     2.5167  0.000e+00
    107.022     7.2922   3.398030    33.2306        606     2.5208  0.000e+00
    107.130     7.3025   3.397825    33.2185        607     2.5250  0.000e+00
    107.243     7.3094   3.397502    33.2082        608     2.5292  0.000e+00
    107.362     7.3125   3.398257    33.2134        609     2.5333  0.000e+00
    107.494     7.3156   3.397723    33.2045        610     2.5375  0.000e+00
    107.639     7.3171   3.397808    33.2040        611     2.5417  0.000e+00
    107.796     7.3175   3.398428    33.2102        612     2.5458  0.000e+00
    107.968     7.3193   3.398746    33.2119        613     2.5500  0.000e+00
    108.156     7.3213   3.398996    33.2126        614     2.5542  0.000e+00
    108.360     7.3234   3.398939    33.2099        615     2.5583  0.000e+00
    108.577     7.3243   3.398894    33.2084        616     2.5625  0.000e+00
    108.800     7.3241   3.398899    33.2085        617     2.5667  0.000e+00
    109.037     7.3226   3.399257    33.2138        618     2.5708  0.000e+00
    109.283     7.3216   3.399524    33.2175        619     2.5750  0.000e+00
    109.536     7.3213   3.399434    33.2166        620     2.5792  0.000e+00
    109.787     7.3201   3.399201    33.2152        621     2.5833  0.000e+00
    110.037     7.3174   3.398746    33.2127        622     2.5875  0.000e+00
    110.286     7.3131   3.398093    33.2096        623     2.5917  0.000e+00
    110.531     7.3072   3.396503    33.1980        624     2.5958  0.000e+00
    110.773     7.2980   3.395583    33.1967        625     2.6000  0.000e+00
