HB2406/sbe095.cnv
* Sea-Bird SBE 19plus V2 Data File:
* FileName = C:\cruise\data\sbe095.hex
* Software Version Seasave V 7.26.7.121
* Temperature SN = 7037
* Conductivity SN = 7037
* System UpLoad Time = Aug 20 2024 11:20:54
* NMEA Latitude = 42 55.48 N
* NMEA Longitude = 069 58.35 W
* NMEA UTC (Time) = Aug 20 2024  11:19:49
** Ship: Henry Bigelow
** Cruise:  HB2406
** Program:  ECOMON
# nquan = 7
# nvalues = 2600                                  
# units = specified
# name 0 = depSM: Depth [salt water, m]
# name 1 = tv290C: Temperature [ITS-90, deg C]
# name 2 = c0S/m: Conductivity [S/m]
# name 3 = sal00: Salinity, Practical [PSU]
# name 4 = scan: Scan Count
# name 5 = timeM: Time, Elapsed [minutes]
# name 6 = flag:  0.000e+00
# span 0 =      0.113,    166.027                 
# span 1 =     5.8345,    20.2335                 
# span 2 =   0.465331,   4.338440                 
# span 3 =     2.7626,    33.9595                 
# span 4 =         11,       2610                 
# span 5 =     0.0417,    10.8708                 
# span 6 = 0.0000e+00, 0.0000e+00                 
# interval = seconds: 0.25
# start_time = Aug 20 2024 11:19:49 [NMEA time, header]
# bad_flag = -9.990e-29
*END*
[from data line 616]
    125.004     6.6437   3.326036    33.0584        627     2.6083  0.000e+00
    125.209     6.6530   3.326836    33.0581        628     2.6125  0.000e+00
    125.415     6.6617   3.328368    33.0666        629     2.6167  0.000e+00
    125.625     6.6703   3.328841    33.0634        630     2.6208  0.000e+00
    125.840     6.6779   3.329258    33.0605        631     2.6250  0.000e+00
    126.057     6.6837   3.329749    33.0602        632     2.6292  0.000e+00
    126.285     6.6886   3.330053    33.0588        633     2.6333  0.000e+00
    126.509     6.6925   3.330724    33.0622        634     2.6375  0.000e+00
    126.741     6.6964   3.331327    33.0650        635     2.6417  0.000e+00
    126.967     6.7004   3.331873    33.0671        636     2.6458  0.000e+00
    127.193     6.7045   3.332623    33.0713        637     2.6500  0.000e+00
    127.424     6.7087   3.333717    33.0791        638     2.6542  0.000e+00
    127.654     6.7138   3.334281    33.0803        639     2.6583  0.000e+00
    127.875     6.7182   3.335329    33.0875        640     2.6625  0.000e+00
    128.092     6.7231   3.335747    33.0873        641     2.6667  0.000e+00
    128.309     6.7278   3.336102    33.0865        642     2.6708  0.000e+00
    128.528     6.7315   3.336649    33.0889        643     2.6750  0.000e+00
    128.741     6.7349   3.337642    33.0964        644     2.6792  0.000e+00
    128.955     6.7385   3.338302    33.1001        645     2.6833  0.000e+00
    129.162     6.7427   3.338539    33.0986        646     2.6875  0.000e+00
    129.372     6.7462   3.339120    33.1015        647     2.6917  0.000e+00
    129.593     6.7494   3.339627    33.1039        648     2.6958  0.000e+00
    129.805     6.7524   3.340705    33.1128        649     2.7000  0.000e+00
    130.029     6.7565   3.342082    33.1239        650     2.7042  0.000e+00
    130.241     6.7617   3.342607    33.1245        651     2.7083  0.000e+00
    130.463     6.7668   3.343465    33.1289        652     2.7125  0.000e+00
    130.680     6.7715   3.343950    33.1295        653     2.7167  0.000e+00
    130.893     6.7756   3.344413    33.1306        654     2.7208  0.000e+00
    131.112     6.7794   3.344995    33.1332        655     2.7250  0.000e+00
    131.331     6.7827   3.345209    33.1322        656     2.7292  0.000e+00
    131.543     6.7861   3.346327    33.1412        657     2.7333  0.000e+00
    131.751     6.7895   3.346824    33.1432        658     2.7375  0.000e+00
    131.961     6.7930   3.347253    33.1445        659     2.7417  0.000e+00
    132.163     6.7960   3.347727    33.1467        660     2.7458  0.000e+00
    132.366     6.7988   3.348134    33.1484        661     2.7500  0.000e+00
    132.559     6.8013   3.348609    33.1511        662     2.7542  0.000e+00
    132.751     6.8041   3.349106    33.1538        663     2.7583  0.000e+00
    132.937     6.8067   3.349213    33.1523        664     2.7625  0.000e+00
    133.124     6.8090   3.350032    33.1591        665     2.7667  0.000e+00
    133.310     6.8116   3.350399    33.1604        666     2.7708  0.000e+00
    133.494     6.8144   3.350936    33.1636        667     2.7750  0.000e+00
    133.677     6.8171   3.351405    33.1660        668     2.7792  0.000e+00
    133.851     6.8198   3.351653    33.1660        669     2.7833  0.000e+00
    134.028     6.8224   3.351823    33.1653        670     2.7875  0.000e+00
    134.211     6.8245   3.352168    33.1670        671     2.7917  0.000e+00
    134.390     6.8266   3.352557    33.1691        672     2.7958  0.000e+00
    134.571     6.8286   3.353009    33.1720        673     2.8000  0.000e+00
    134.751     6.8309   3.353190    33.1718        674     2.8042  0.000e+00
    134.941     6.8327   3.353699    33.1755        675     2.8083  0.000e+00
    135.140     6.8347   3.354202    33.1790        676     2.8125  0.000e+00
    135.341     6.8372   3.354564    33.1805        677     2.8167  0.000e+00
    135.551     6.8396   3.354643    33.1790        678     2.8208  0.000e+00
    135.762     6.8416   3.354982    33.1806        679     2.8250  0.000e+00
    135.981     6.8434   3.355299    33.1822        680     2.8292  0.000e+00
    136.215     6.8452   3.355530    33.1830        681     2.8333  0.000e+00
    136.446     6.8470   3.355994    33.1861        682     2.8375  0.000e+00
    136.685     6.8491   3.356435    33.1889        683     2.8417  0.000e+00
    136.914     6.8515   3.357322    33.1962        684     2.8458  0.000e+00
    137.157     6.8547   3.359539    33.2173        685     2.8500  0.000e+00
    137.401     6.8607   3.361869    33.2369        686     2.8542  0.000e+00
    137.643     6.8692   3.363736    33.2491        687     2.8583  0.000e+00
    137.884     6.8798   3.365863    33.2620        688     2.8625  0.000e+00
    138.126     6.8912   3.367516    33.2691        689     2.8667  0.000e+00
    138.369     6.9018   3.368303    33.2673        690     2.8708  0.000e+00
    138.611     6.9110   3.369922    33.2761        691     2.8750  0.000e+00
    138.854     6.9196   3.371077    33.2803        692     2.8792  0.000e+00
    139.094     6.9282   3.372759    33.2903        693     2.8833  0.000e+00
    139.322     6.9375   3.374135    33.2962        694     2.8875  0.000e+00
    139.554     6.9460   3.374741    33.2945        695     2.8917  0.000e+00
    139.774     6.9535   3.375687    33.2976        696     2.8958  0.000e+00
    139.986     6.9601   3.376163    33.2962        697     2.9000  0.000e+00
    140.187     6.9655   3.376577    33.2955        698     2.9042  0.000e+00
    140.382     6.9696   3.377399    33.3004        699     2.9083  0.000e+00
    140.561     6.9740   3.377682    33.2991        700     2.9125  0.000e+00
    140.733     6.9777   3.377824    33.2971        701     2.9167  0.000e+00
    140.900     6.9803   3.378470    33.3015        702     2.9208  0.000e+00
    141.061     6.9832   3.378759    33.3018        703     2.9250  0.000e+00
    141.223     6.9859   3.379853    33.3111        704     2.9292  0.000e+00
    141.384     6.9893   3.380403    33.3137        705     2.9333  0.000e+00
    141.544     6.9931   3.380590    33.3120        706     2.9375  0.000e+00
    141.703     6.9963   3.380788    33.3110        707     2.9417  0.000e+00
    141.871     6.9987   3.381055    33.3116        708     2.9458  0.000e+00
    142.054     7.0008   3.381344    33.3126        709     2.9500  0.000e+00
    142.233     7.0028   3.381542    33.3128        710     2.9542  0.000e+00
    142.419     7.0046   3.381724    33.3129        711     2.9583  0.000e+00
    142.604     7.0063   3.381848    33.3125        712     2.9625  0.000e+00
    142.801     7.0079   3.382002    33.3126        713     2.9667  0.000e+00
    143.007     7.0091   3.382211    33.3136        714     2.9708  0.000e+00
    143.217     7.0104   3.382427    33.3146        715     2.9750  0.000e+00
    143.427     7.0114   3.382761    33.3172        716     2.9792  0.000e+00
    143.637     7.0126   3.383272    33.3215        717     2.9833  0.000e+00
    143.861     7.0144   3.383709    33.3244        718     2.9875  0.000e+00
    144.091     7.0164   3.384264    33.3285        719     2.9917  0.000e+00
    144.320     7.0185   3.384877    33.3331        720     2.9958  0.000e+00
    144.548     7.0211   3.385467    33.3369        721     3.0000  0.000e+00
    144.780     7.0241   3.386199    33.3418        722     3.0042  0.000e+00
    145.026     7.0274   3.386828    33.3454        723     3.0083  0.000e+00
    145.275     7.0310   3.387350    33.3475        724     3.0125  0.000e+00
    145.529     7.0342   3.388417    33.3560        725     3.0167  0.000e+00
    145.771     7.0380   3.389399    33.3629        726     3.0208  0.000e+00
    146.019     7.0424   3.390721    33.3730        727     3.0250  0.000e+00
    146.265     7.0483   3.392435    33.3859        728     3.0292  0.000e+00
    146.509     7.0553   3.393009    33.3852        729     3.0333  0.000e+00
    146.739     7.0616   3.393497    33.3844        730     3.0375  0.000e+00
    146.967     7.0670   3.394246    33.3872        731     3.0417  0.000e+00
    147.175     7.0717   3.395149    33.3924        732     3.0458  0.000e+00
    147.383     7.0764   3.395819    33.3951        733     3.0500  0.000e+00
    147.574     7.0809   3.396904    33.4025        734     3.0542  0.000e+00
    147.755     7.0856   3.397353    33.4027        735     3.0583  0.000e+00
    147.933     7.0901   3.398080    33.4063        736     3.0625  0.000e+00
    148.103     7.0942   3.399477    33.4174        737     3.0667  0.000e+00
    148.275     7.0995   3.401483    33.4341        738     3.0708  0.000e+00
    148.441     7.1070   3.402279    33.4354        739     3.0750  0.000e+00
    148.609     7.1140   3.404984    33.4582        740     3.0792  0.000e+00
    148.776     7.1230   3.406292    33.4635        741     3.0833  0.000e+00
    148.940     7.1329   3.409886    33.4932        742     3.0875  0.000e+00
    149.114     7.1456   3.412019    33.5040        743     3.0917  0.000e+00
    149.288     7.1582   3.415405    33.5286        744     3.0958  0.000e+00
    149.467     7.1729   3.418080    33.5434        745     3.1000  0.000e+00
    149.651     7.1882   3.419379    33.5426        746     3.1042  0.000e+00
    149.841     7.2015   3.419737    33.5335        747     3.1083  0.000e+00
    150.038     7.2114   3.422465    33.5535        748     3.1125  0.000e+00
    150.235     7.2222   3.425496    33.5760        749     3.1167  0.000e+00
    150.442     7.2355   3.427081    33.5802        750     3.1208  0.000e+00
    150.657     7.2482   3.432212    33.6236        751     3.1250  0.000e+00
    150.874     7.2652   3.435520    33.6430        752     3.1292  0.000e+00
    151.096     7.2844   3.439086    33.6630        753     3.1333  0.000e+00
    151.326     7.3033   3.443065    33.6877        754     3.1375  0.000e+00
    151.554     7.3246   3.449171    33.7333        755     3.1417  0.000e+00
    151.789     7.3487   3.454646    33.7692        756     3.1458  0.000e+00
    152.025     7.3756   3.456768    33.7659        757     3.1500  0.000e+00
    152.260     7.3996   3.459628    33.7735        758     3.1542  0.000e+00
    152.493     7.4192   3.460549    33.7642        759     3.1583  0.000e+00
    152.724     7.4347   3.462826    33.7737        760     3.1625  0.000e+00
    152.954     7.4490   3.463827    33.7705        761     3.1667  0.000e+00
    153.193     7.4613   3.466020    33.7822        762     3.1708  0.000e+00
    153.406     7.4726   3.466735    33.7789        763     3.1750  0.000e+00
    153.620     7.4819   3.468321    33.7868        764     3.1792  0.000e+00
    153.824     7.4898   3.469507    33.7919        765     3.1833  0.000e+00
    154.034     7.4988   3.472096    33.8111        766     3.1875  0.000e+00
    154.242     7.5092   3.473185    33.8126        767     3.1917  0.000e+00
    154.439     7.5184   3.473918    33.8115        768     3.1958  0.000e+00
    154.631     7.5264   3.475093    33.8164        769     3.2000  0.000e+00
    154.823     7.5337   3.475964    33.8186        770     3.2042  0.000e+00
    155.025     7.5401   3.477191    33.8255        771     3.2083  0.000e+00
    155.222     7.5465   3.477844    33.8263        772     3.2125  0.000e+00
    155.416     7.5521   3.479289    33.8363        773     3.2167  0.000e+00
    155.609     7.5584   3.481290    33.8518        774     3.2208  0.000e+00
    155.810     7.5660   3.482254    33.8547        775     3.2250  0.000e+00
    156.020     7.5736   3.483160    33.8570        776     3.2292  0.000e+00
    156.221     7.5806   3.484824    33.8680        777     3.2333  0.000e+00
    156.431     7.5880   3.485598    33.8691        778     3.2375  0.000e+00
    156.639     7.5948   3.486086    33.8676        779     3.2417  0.000e+00
    156.852     7.6000   3.487222    33.8747        780     3.2458  0.000e+00
    157.069     7.6054   3.487635    33.8738        781     3.2500  0.000e+00
    157.288     7.6097   3.488106    33.8746        782     3.2542  0.000e+00
    157.507     7.6135   3.488548    33.8756        783     3.2583  0.000e+00
    157.721     7.6167   3.489053    33.8778        784     3.2625  0.000e+00
    157.939     7.6199   3.489455    33.8789        785     3.2667  0.000e+00
    158.169     7.6228   3.489880    33.8806        786     3.2708  0.000e+00
    158.392     7.6254   3.490288    33.8824        787     3.2750  0.000e+00
    158.609     7.6278   3.490741    33.8848        788     3.2792  0.000e+00
    158.820     7.6303   3.491103    33.8862        789     3.2833  0.000e+00
    159.041     7.6325   3.491436    33.8875        790     3.2875  0.000e+00
    159.251     7.6348   3.491987    33.8911        791     3.2917  0.000e+00
    159.455     7.6369   3.492429    33.8937        792     3.2958  0.000e+00
    159.658     7.6394   3.492826    33.8955        793     3.3000  0.000e+00
    159.853     7.6416   3.493107    33.8963        794     3.3042  0.000e+00
    160.047     7.6437   3.493526    33.8987        795     3.3083  0.000e+00
    160.229     7.6457   3.493802    33.8996        796     3.3125  0.000e+00
    160.407     7.6476   3.495152    33.9122        797     3.3167  0.000e+00
    160.577     7.6506   3.495531    33.9133        798     3.3208  0.000e+00
    160.752     7.6539   3.496301    33.9184        799     3.3250  0.000e+00
    160.924     7.6570   3.496611    33.9186        800     3.3292  0.000e+00
    161.089     7.6598   3.496973    33.9197        801     3.3333  0.000e+00
    161.255     7.6622   3.497036    33.9179        802     3.3375  0.000e+00
    161.431     7.6640   3.497628    33.9225        803     3.3417  0.000e+00
    161.617     7.6659   3.498007    33.9247        804     3.3458  0.000e+00
    161.807     7.6679   3.497921    33.9217        805     3.3500  0.000e+00
    162.007     7.6691   3.498249    33.9239        806     3.3542  0.000e+00
    162.212     7.6705   3.498559    33.9259        807     3.3583  0.000e+00
    162.434     7.6717   3.498829    33.9274        808     3.3625  0.000e+00
    162.666     7.6731   3.498852    33.9262        809     3.3667  0.000e+00
    162.898     7.6739   3.498956    33.9265        810     3.3708  0.000e+00
    163.129     7.6747   3.499065    33.9268        811     3.3750  0.000e+00
    163.364     7.6752   3.499192    33.9275        812     3.3792  0.000e+00
    163.603     7.6759   3.499312    33.9280        813     3.3833  0.000e+00
    163.844     7.6765   3.499617    33.9306        814     3.3875  0.000e+00
    164.086     7.6773   3.500037    33.9342        815     3.3917  0.000e+00
    164.320     7.6786   3.500462    33.9374        816     3.3958  0.000e+00
    164.549     7.6802   3.500715    33.9385        817     3.4000  0.000e+00
    164.783     7.6818   3.501204    33.9421        818     3.4042  0.000e+00
    165.014     7.6837   3.501796    33.9465        819     3.4083  0.000e+00
    165.250     7.6858   3.502072    33.9473        820     3.4125  0.000e+00
    165.472     7.6881   3.502440    33.9489        821     3.4167  0.000e+00
    165.713     7.6901   3.502279    33.9451        822     3.4208  0.000e+00
    165.892     7.6913   3.502555    33.9469        823     3.4250  0.000e+00
    165.921     7.6923   3.502980    33.9504        824     3.4292  0.000e+00
    165.892     7.6935   3.503343    33.9532        825     3.4333  0.000e+00
    165.901     7.6951   3.503849    33.9570        826     3.4375  0.000e+00
    165.912     7.6973   3.503998    33.9565        827     3.4417  0.000e+00
    165.964     7.6988   3.504084    33.9560        828     3.4458  0.000e+00
    165.979     7.7002   3.504262    33.9566        829     3.4500  0.000e+00
    165.943     7.7011   3.504504    33.9582        830     3.4542  0.000e+00
