HB2406/sbe011.cnv
* Sea-Bird SBE 19plus V2 Data File:
* FileName = C:\cruise\data\sbe011.hex
* Software Version Seasave V 7.26.7.121
* Temperature SN = 7037
* Conductivity SN = 7037
* System UpLoad Time = Aug 13 2024 09:36:51
* NMEA Latitude = 40 22.55 N
* NMEA Longitude = 069 04.26 W
* NMEA UTC (Time) = Aug 13 2024  09:35:41
** Ship: Henry Bigelow
** Cruise:  HB2406
** Program:  ECOMON
# nquan = 7
# nvalues = 2836                                  
# units = specified
# name 0 = depSM: Depth [salt water, m]
# name 1 = tv290C: Temperature [ITS-90, deg C]
# name 2 = c0S/m: Conductivity [S/m]
# name 3 = sal00: Salinity, Practical [PSU]
# name 4 = scan: Scan Count
# name 5 = timeM: Time, Elapsed [minutes]
# name 6 = flag:  0.000e+00
# span 0 =     -0.044,     80.420                 
# span 1 =    12.5248,    24.3927                 
# span 2 =  -0.000044,   5.119265                 
# span 3 =     0.0000,    35.3812                 
# span 4 =         11,       2846                 
# span 5 =     0.0417,    11.8542                 
# span 6 = 0.0000e+00, 0.0000e+00                 
# interval = seconds: 0.25
# start_time = Aug 13 2024 09:35:41 [NMEA time, header]
# bad_flag = -9.990e-29
*END*
[from data line 411]
     31.918    21.6332   4.723798    33.1362        422     1.7542  0.000e+00
     32.050    21.6382   4.723615    33.1308        423     1.7583  0.000e+00
     32.190    21.6442   4.728089    33.1614        424     1.7625  0.000e+00
     32.327    21.6486   4.731739    33.1866        425     1.7667  0.000e+00
     32.468    21.6509   4.733053    33.1951        426     1.7708  0.000e+00
     32.605    21.6527   4.736463    33.2205        427     1.7750  0.000e+00
     32.745    21.6544   4.736223    33.2173        428     1.7792  0.000e+00
     32.882    21.6557   4.734667    33.2040        429     1.7833  0.000e+00
     33.018    21.6567   4.736249    33.2156        430     1.7875  0.000e+00
     33.148    21.6576   4.739263    33.2386        431     1.7917  0.000e+00
     33.278    21.6580   4.739087    33.2368        432     1.7958  0.000e+00
     33.405    21.6594   4.743164    33.2677        433     1.8000  0.000e+00
     33.530    21.6621   4.745802    33.2863        434     1.8042  0.000e+00
     33.649    21.6646   4.747098    33.2946        435     1.8083  0.000e+00
     33.765    21.6676   4.748825    33.3058        436     1.8125  0.000e+00
     33.877    21.6713   4.750715    33.3177        437     1.8167  0.000e+00
     33.982    21.6757   4.755460    33.3516        438     1.8208  0.000e+00
     34.085    21.6803   4.760384    33.3867        439     1.8250  0.000e+00
     34.181    21.6854   4.763926    33.4105        440     1.8292  0.000e+00
     34.276    21.6926   4.768802    33.4432        441     1.8333  0.000e+00
     34.369    21.7017   4.774227    33.4788        442     1.8375  0.000e+00
     34.459    21.7102   4.775991    33.4860        443     1.8417  0.000e+00
     34.548    21.7185   4.777702    33.4930        444     1.8458  0.000e+00
     34.640    21.7239   4.779773    33.5051        445     1.8500  0.000e+00
     34.737    21.7255   4.780669    33.5108        446     1.8542  0.000e+00
     34.839    21.7226   4.786356    33.5578        447     1.8583  0.000e+00
     34.947    21.7136   4.792680    33.6144        448     1.8625  0.000e+00
     35.063    21.7036   4.796802    33.6546        449     1.8667  0.000e+00
     35.181    21.6956   4.800409    33.6893        450     1.8708  0.000e+00
     35.300    21.6897   4.800324    33.6931        451     1.8750  0.000e+00
     35.423    21.6859   4.801064    33.7018        452     1.8792  0.000e+00
     35.550    21.6828   4.801777    33.7099        453     1.8833  0.000e+00
     35.669    21.6813   4.803689    33.7261        454     1.8875  0.000e+00
     35.792    21.6796   4.805824    33.7441        455     1.8917  0.000e+00
     35.915    21.6783   4.809846    33.7768        456     1.8958  0.000e+00
     36.031    21.6773   4.813464    33.8060        457     1.9000  0.000e+00
     36.148    21.6759   4.815771    33.8252        458     1.9042  0.000e+00
     36.258    21.6749   4.818767    33.8497        459     1.9083  0.000e+00
     36.371    21.6747   4.822394    33.8783        460     1.9125  0.000e+00
     36.474    21.6729   4.826271    33.9102        461     1.9167  0.000e+00
     36.586    21.6688   4.828968    33.9347        462     1.9208  0.000e+00
     36.696    21.6648   4.830563    33.9503        463     1.9250  0.000e+00
     36.801    21.6605   4.832795    33.9713        464     1.9292  0.000e+00
     36.917    21.6577   4.837267    34.0088        465     1.9333  0.000e+00
     37.027    21.6523   4.839835    34.0332        466     1.9375  0.000e+00
     37.139    21.6460   4.840137    34.0405        467     1.9417  0.000e+00
     37.251    21.6389   4.841353    34.0557        468     1.9458  0.000e+00
     37.369    21.6290   4.841990    34.0685        469     1.9500  0.000e+00
     37.481    21.6148   4.839612    34.0610        470     1.9542  0.000e+00
     37.595    21.5988   4.838069    34.0614        471     1.9583  0.000e+00
     37.702    21.5852   4.839009    34.0795        472     1.9625  0.000e+00
     37.810    21.5728   4.839061    34.0897        473     1.9667  0.000e+00
     37.913    21.5481   4.839423    34.1121        474     1.9708  0.000e+00
     38.024    21.5248   4.842426    34.1543        475     1.9750  0.000e+00
     38.127    21.4896   4.840718    34.1688        476     1.9792  0.000e+00
     38.228    21.4470   4.839504    34.1930        477     1.9833  0.000e+00
     38.335    21.4223   4.838762    34.2067        478     1.9875  0.000e+00
     38.441    21.4006   4.835728    34.1999        479     1.9917  0.000e+00
     38.544    21.3790   4.834927    34.2107        480     1.9958  0.000e+00
     38.646    21.3469   4.835105    34.2377        481     2.0000  0.000e+00
     38.761    21.3051   4.833852    34.2611        482     2.0042  0.000e+00
     38.873    21.2678   4.832940    34.2836        483     2.0083  0.000e+00
     38.987    21.2254   4.831949    34.3096        484     2.0125  0.000e+00
     39.112    21.1933   4.831044    34.3281        485     2.0167  0.000e+00
     39.231    21.1733   4.831287    34.3461        486     2.0208  0.000e+00
     39.360    21.1656   4.830572    34.3465        487     2.0250  0.000e+00
     39.485    21.1527   4.830296    34.3546        488     2.0292  0.000e+00
     39.608    21.1473   4.829306    34.3510        489     2.0333  0.000e+00
     39.732    21.1317   4.828479    34.3569        490     2.0375  0.000e+00
     39.850    21.1123   4.827351    34.3634        491     2.0417  0.000e+00
     39.960    21.0984   4.827797    34.3781        492     2.0458  0.000e+00
     40.063    21.0932   4.827613    34.3808        493     2.0500  0.000e+00
     40.168    21.0914   4.827738    34.3833        494     2.0542  0.000e+00
     40.257    21.0970   4.827823    34.3794        495     2.0583  0.000e+00
     40.345    21.0854   4.826833    34.3808        496     2.0625  0.000e+00
     40.430    21.0603   4.823940    34.3778        497     2.0667  0.000e+00
     40.515    21.0306   4.819599    34.3670        498     2.0708  0.000e+00
     40.599    20.9915   4.815266    34.3637        499     2.0750  0.000e+00
     40.684    20.9438   4.811924    34.3754        500     2.0792  0.000e+00
     40.778    20.8983   4.809396    34.3918        501     2.0833  0.000e+00
     40.879    20.8486   4.808355    34.4235        502     2.0875  0.000e+00
     40.986    20.8024   4.807648    34.4552        503     2.0917  0.000e+00
     41.098    20.7709   4.805618    34.4643        504     2.0958  0.000e+00
     41.212    20.7579   4.804911    34.4691        505     2.1000  0.000e+00
     41.335    20.7580   4.805730    34.4756        506     2.1042  0.000e+00
     41.461    20.7493   4.806116    34.4857        507     2.1083  0.000e+00
     41.588    20.7363   4.804663    34.4845        508     2.1125  0.000e+00
     41.722    20.7238   4.803714    34.4870        509     2.1167  0.000e+00
     41.852    20.7042   4.803459    34.5007        510     2.1208  0.000e+00
     41.984    20.6764   4.803053    34.5200        511     2.1250  0.000e+00
     42.111    20.6534   4.803623    34.5433        512     2.1292  0.000e+00
     42.244    20.6417   4.804200    34.5574        513     2.1333  0.000e+00
     42.371    20.6399   4.805542    34.5697        514     2.1375  0.000e+00
     42.489    20.6531   4.806688    34.5681        515     2.1417  0.000e+00
     42.606    20.6719   4.807487    34.5592        516     2.1458  0.000e+00
     42.720    20.6898   4.808692    34.5544        517     2.1500  0.000e+00
     42.832    20.7082   4.808744    34.5398        518     2.1542  0.000e+00
     42.937    20.7318   4.805083    34.4911        519     2.1583  0.000e+00
     43.028    20.7445   4.802994    34.4639        520     2.1625  0.000e+00
     43.122    20.7268   4.801462    34.4659        521     2.1667  0.000e+00
     43.209    20.6741   4.799878    34.4959        522     2.1708  0.000e+00
     43.303    20.6092   4.795841    34.5160        523     2.1750  0.000e+00
     43.389    20.5494   4.792290    34.5360        524     2.1792  0.000e+00
     43.483    20.4911   4.790740    34.5709        525     2.1833  0.000e+00
     43.576    20.4323   4.789623    34.6099        526     2.1875  0.000e+00
     43.675    20.3779   4.789323    34.6520        527     2.1917  0.000e+00
     43.775    20.3332   4.788042    34.6781        528     2.1958  0.000e+00
     43.883    20.3032   4.786029    34.6864        529     2.2000  0.000e+00
     43.995    20.2813   4.784473    34.6917        530     2.2042  0.000e+00
     44.115    20.2693   4.783990    34.6975        531     2.2083  0.000e+00
     44.230    20.2408   4.783363    34.7159        532     2.2125  0.000e+00
     44.350    20.2207   4.783023    34.7296        533     2.2167  0.000e+00
     44.467    20.2117   4.782925    34.7361        534     2.2208  0.000e+00
     44.585    20.2012   4.781919    34.7365        535     2.2250  0.000e+00
     44.706    20.1894   4.780449    34.7342        536     2.2292  0.000e+00
     44.818    20.1676   4.779992    34.7484        537     2.2333  0.000e+00
     44.932    20.1458   4.779607    34.7632        538     2.2375  0.000e+00
     45.041    20.1143   4.778170    34.7775        539     2.2417  0.000e+00
     45.156    20.0830   4.776700    34.7913        540     2.2458  0.000e+00
     45.267    20.0617   4.776485    34.8071        541     2.2500  0.000e+00
     45.377    20.0281   4.775402    34.8260        542     2.2542  0.000e+00
     45.489    19.9919   4.773175    34.8377        543     2.2583  0.000e+00
     45.601    19.9645   4.771928    34.8502        544     2.2625  0.000e+00
     45.713    19.9284   4.772007    34.8807        545     2.2667  0.000e+00
     45.836    19.8955   4.772360    34.9110        546     2.2708  0.000e+00
     45.950    19.8839   4.772256    34.9196        547     2.2750  0.000e+00
     46.073    19.8741   4.771682    34.9231        548     2.2792  0.000e+00
     46.194    19.8682   4.770846    34.9211        549     2.2833  0.000e+00
     46.317    19.8618   4.770435    34.9230        550     2.2875  0.000e+00
     46.437    19.8594   4.770004    34.9214        551     2.2917  0.000e+00
     46.551    19.8489   4.768862    34.9207        552     2.2958  0.000e+00
     46.652    19.8405   4.768457    34.9243        553     2.3000  0.000e+00
     46.750    19.8347   4.768947    34.9332        554     2.3042  0.000e+00
     46.842    19.8296   4.768595    34.9345        555     2.3083  0.000e+00
     46.930    19.8235   4.766428    34.9217        556     2.3125  0.000e+00
     47.012    19.8069   4.765749    34.9299        557     2.3167  0.000e+00
     47.095    19.7851   4.764203    34.9353        558     2.3208  0.000e+00
     47.182    19.7615   4.761581    34.9334        559     2.3250  0.000e+00
     47.267    19.7403   4.758933    34.9292        560     2.3292  0.000e+00
     47.364    19.7165   4.756149    34.9261        561     2.3333  0.000e+00
     47.460    19.6961   4.753906    34.9246        562     2.3375  0.000e+00
     47.578    19.6663   4.752446    34.9374        563     2.3417  0.000e+00
     47.692    19.6220   4.750883    34.9615        564     2.3458  0.000e+00
     47.811    19.5887   4.749560    34.9783        565     2.3500  0.000e+00
     47.936    19.5688   4.748675    34.9877        566     2.3542  0.000e+00
     48.066    19.5490   4.747678    34.9960        567     2.3583  0.000e+00
     48.187    19.5311   4.747001    35.0053        568     2.3625  0.000e+00
     48.310    19.5145   4.746408    35.0143        569     2.3667  0.000e+00
     48.433    19.5071   4.746897    35.0245        570     2.3708  0.000e+00
     48.553    19.5102   4.747972    35.0307        571     2.3750  0.000e+00
     48.665    19.5151   4.748865    35.0340        572     2.3792  0.000e+00
     48.773    19.5270   4.749028    35.0253        573     2.3833  0.000e+00
     48.873    19.5494   4.745092    34.9739        574     2.3875  0.000e+00
     48.960    19.5885   4.741132    34.9085        575     2.3917  0.000e+00
     49.048    19.5662   4.739491    34.9135        576     2.3958  0.000e+00
     49.123    19.5107   4.736589    34.9359        577     2.4000  0.000e+00
     49.199    19.4589   4.730193    34.9263        578     2.4042  0.000e+00
     49.282    19.4124   4.724145    34.9151        579     2.4083  0.000e+00
     49.360    19.3675   4.717444    34.8971        580     2.4125  0.000e+00
     49.445    19.3088   4.716724    34.9403        581     2.4167  0.000e+00
     49.531    19.2475   4.715738    34.9836        582     2.4208  0.000e+00
     49.611    19.2213   4.707191    34.9345        583     2.4250  0.000e+00
     49.712    19.1989   4.701701    34.9075        584     2.4292  0.000e+00
     49.815    19.1548   4.700079    34.9311        585     2.4333  0.000e+00
     49.931    19.1214   4.696220    34.9269        586     2.4375  0.000e+00
     50.052    19.0810   4.688318    34.8949        587     2.4417  0.000e+00
     50.177    19.0472   4.682844    34.8775        588     2.4458  0.000e+00
     50.298    18.9928   4.677683    34.8802        589     2.4500  0.000e+00
     50.428    18.9439   4.673741    34.8883        590     2.4542  0.000e+00
     50.564    18.9007   4.672817    34.9170        591     2.4583  0.000e+00
     50.689    18.8717   4.673425    34.9465        592     2.4625  0.000e+00
     50.814    18.8603   4.673607    34.9576        593     2.4667  0.000e+00
     50.935    18.8620   4.674507    34.9637        594     2.4708  0.000e+00
     51.042    18.8804   4.675037    34.9525        595     2.4750  0.000e+00
     51.150    18.8893   4.673399    34.9312        596     2.4792  0.000e+00
     51.255    18.9160   4.665202    34.8400        597     2.4833  0.000e+00
     51.351    18.9623   4.653075    34.6996        598     2.4875  0.000e+00
     51.445    18.9316   4.647347    34.6774        599     2.4917  0.000e+00
     51.530    18.8026   4.635552    34.6867        600     2.4958  0.000e+00
     51.618    18.6743   4.624517    34.7018        601     2.5000  0.000e+00
     51.707    18.5371   4.608262    34.6804        602     2.5042  0.000e+00
     51.798    18.4205   4.600276    34.7113        603     2.5083  0.000e+00
     51.892    18.2971   4.590330    34.7314        604     2.5125  0.000e+00
     51.984    18.1740   4.586953    34.8071        605     2.5167  0.000e+00
     52.085    18.0822   4.586403    34.8806        606     2.5208  0.000e+00
     52.188    18.0234   4.586230    34.9293        607     2.5250  0.000e+00
     52.298    17.9933   4.581326    34.9131        608     2.5292  0.000e+00
     52.411    17.9659   4.572730    34.8631        609     2.5333  0.000e+00
     52.526    17.9394   4.562731    34.8002        610     2.5375  0.000e+00
     52.633    17.9057   4.550456    34.7240        611     2.5417  0.000e+00
     52.749    17.8783   4.536553    34.6283        612     2.5458  0.000e+00
     52.859    17.8201   4.520274    34.5384        613     2.5500  0.000e+00
     52.973    17.7429   4.508271    34.5010        614     2.5542  0.000e+00
     53.076    17.6401   4.497817    34.4985        615     2.5583  0.000e+00
     53.187    17.5413   4.484421    34.4672        616     2.5625  0.000e+00
     53.288    17.4252   4.470115    34.4426        617     2.5667  0.000e+00
     53.389    17.2889   4.460980    34.4797        618     2.5708  0.000e+00
     53.492    17.1310   4.458540    34.5936        619     2.5750  0.000e+00
     53.590    17.0235   4.456340    34.6669        620     2.5792  0.000e+00
     53.682    16.9491   4.456823    34.7352        621     2.5833  0.000e+00
     53.773    16.8730   4.453976    34.7762        622     2.5875  0.000e+00
     53.858    16.8220   4.437854    34.6793        623     2.5917  0.000e+00
     53.948    16.7861   4.431739    34.6567        624     2.5958  0.000e+00
     54.035    16.7096   4.423035    34.6465        625     2.6000  0.000e+00
