HB2406/sbe022.cnv
* Sea-Bird SBE 19plus V2 Data File:
* FileName = C:\cruise\data\sbe022.hex
* Software Version Seasave V 7.26.7.121
* Temperature SN = 7037
* Conductivity SN = 7037
* System UpLoad Time = Aug 14 2024 07:13:54
* NMEA Latitude = 40 52.97 N
* NMEA Longitude = 067 50.40 W
* NMEA UTC (Time) = Aug 14 2024  07:12:45
** Ship: Henry Bigelow
** Cruise:  HB2406
** Program:  ECOMON
# nquan = 7
# nvalues = 1662                                  
# units = specified
# name 0 = depSM: Depth [salt water, m]
# name 1 = tv290C: Temperature [ITS-90, deg C]
# name 2 = c0S/m: Conductivity [S/m]
# name 3 = sal00: Salinity, Practical [PSU]
# name 4 = scan: Scan Count
# name 5 = timeM: Time, Elapsed [minutes]
# name 6 = flag:  0.000e+00
# span 0 =     -0.027,     61.128                 
# span 1 =    10.3447,    18.4124                 
# span 2 =  -0.000047,   4.228558                 
# span 3 =     0.0000,    32.2947                 
# span 4 =         11,       1672                 
# span 5 =     0.0417,     6.9625                 
# span 6 = 0.0000e+00, 0.0000e+00                 
# interval = seconds: 0.25
# start_time = Aug 14 2024 07:12:45 [NMEA time, header]
# bad_flag = -9.990e-29
*END*
[from data line 1026]
     24.902    12.5906   3.740627    31.9628       1037     4.3167  0.000e+00
     24.838    12.5952   3.741188    31.9642       1038     4.3208  0.000e+00
     24.784    12.6008   3.741371    31.9612       1039     4.3250  0.000e+00
     24.726    12.6050   3.741601    31.9599       1040     4.3292  0.000e+00
     24.676    12.6091   3.743561    31.9750       1041     4.3333  0.000e+00
     24.625    12.6184   3.744281    31.9740       1042     4.3375  0.000e+00
     24.572    12.6291   3.744328    31.9654       1043     4.3417  0.000e+00
     24.523    12.6371   3.745037    31.9654       1044     4.3458  0.000e+00
     24.467    12.6444   3.746566    31.9737       1045     4.3500  0.000e+00
     24.402    12.6548   3.749118    31.9891       1046     4.3542  0.000e+00
     24.341    12.6718   3.749838    31.9816       1047     4.3583  0.000e+00
     24.270    12.6880   3.750358    31.9728       1048     4.3625  0.000e+00
     24.198    12.7013   3.752143    31.9785       1049     4.3667  0.000e+00
     24.111    12.7166   3.754838    31.9911       1050     4.3708  0.000e+00
     24.021    12.7376   3.759095    32.0137       1051     4.3750  0.000e+00
     23.921    12.7688   3.761720    32.0121       1052     4.3792  0.000e+00
     23.827    12.8034   3.763394    31.9987       1053     4.3833  0.000e+00
     23.739    12.8332   3.765572    31.9941       1054     4.3875  0.000e+00
     23.645    12.8611   3.767057    31.9845       1055     4.3917  0.000e+00
     23.563    12.8865   3.768318    31.9750       1056     4.3958  0.000e+00
     23.475    12.9079   3.769176    31.9650       1057     4.4000  0.000e+00
     23.388    12.9255   3.769548    31.9538       1058     4.4042  0.000e+00
     23.312    12.9392   3.770330    31.9496       1059     4.4083  0.000e+00
     23.236    12.9500   3.770567    31.9428       1060     4.4125  0.000e+00
     23.163    12.9590   3.771597    31.9449       1061     4.4167  0.000e+00
     23.095    12.9685   3.772912    31.9493       1062     4.4208  0.000e+00
     23.022    12.9796   3.774884    31.9586       1063     4.4250  0.000e+00
     22.957    12.9957   3.777603    31.9706       1064     4.4292  0.000e+00
     22.887    13.0177   3.779067    31.9659       1065     4.4333  0.000e+00
     22.822    13.0394   3.780975    31.9655       1066     4.4375  0.000e+00
     22.758    13.0618   3.781989    31.9562       1067     4.4417  0.000e+00
     22.684    13.0812   3.783085    31.9502       1068     4.4458  0.000e+00
     22.621    13.0981   3.785256    31.9565       1069     4.4500  0.000e+00
     22.548    13.1173   3.788186    31.9679       1070     4.4542  0.000e+00
     22.481    13.1426   3.790749    31.9706       1071     4.4583  0.000e+00
     22.414    13.1705   3.793259    31.9707       1072     4.4625  0.000e+00
     22.351    13.2000   3.795799    31.9698       1073     4.4667  0.000e+00
     22.290    13.2304   3.798079    31.9656       1074     4.4708  0.000e+00
     22.230    13.2599   3.799700    31.9560       1075     4.4750  0.000e+00
     22.170    13.2870   3.800811    31.9437       1076     4.4792  0.000e+00
     22.122    13.3097   3.802956    31.9447       1077     4.4833  0.000e+00
     22.058    13.3323   3.805124    31.9460       1078     4.4875  0.000e+00
     21.997    13.3566   3.808001    31.9525       1079     4.4917  0.000e+00
     21.935    13.3848   3.809214    31.9403       1080     4.4958  0.000e+00
     21.867    13.4100   3.811836    31.9437       1081     4.5000  0.000e+00
     21.796    13.4358   3.815577    31.9569       1082     4.5042  0.000e+00
     21.720    13.4683   3.821993    31.9896       1083     4.5083  0.000e+00
     21.646    13.5154   3.828878    32.0142       1084     4.5125  0.000e+00
     21.568    13.5767   3.831464    31.9870       1085     4.5167  0.000e+00
     21.481    13.6331   3.832435    31.9489       1086     4.5208  0.000e+00
     21.396    13.6741   3.833245    31.9223       1087     4.5250  0.000e+00
     21.315    13.7031   3.834306    31.9079       1088     4.5292  0.000e+00
     21.232    13.7254   3.835343    31.8990       1089     4.5333  0.000e+00
     21.148    13.7438   3.836183    31.8915       1090     4.5375  0.000e+00
     21.071    13.7594   3.836469    31.8812       1091     4.5417  0.000e+00
     20.998    13.7708   3.837215    31.8786       1092     4.5458  0.000e+00
     20.924    13.7809   3.837912    31.8768       1093     4.5500  0.000e+00
     20.857    13.7904   3.839087    31.8797       1094     4.5542  0.000e+00
     20.787    13.8012   3.841169    31.8900       1095     4.5583  0.000e+00
     20.716    13.8168   3.842022    31.8850       1096     4.5625  0.000e+00
     20.658    13.8319   3.843519    31.8863       1097     4.5667  0.000e+00
     20.597    13.8473   3.844450    31.8821       1098     4.5708  0.000e+00
     20.537    13.8622   3.845847    31.8827       1099     4.5750  0.000e+00
     20.472    13.8774   3.847930    31.8893       1100     4.5792  0.000e+00
     20.414    13.8958   3.849423    31.8878       1101     4.5833  0.000e+00
     20.351    13.9150   3.850181    31.8789       1102     4.5875  0.000e+00
     20.299    13.9312   3.851739    31.8799       1103     4.5917  0.000e+00
     20.239    13.9472   3.853095    31.8791       1104     4.5958  0.000e+00
     20.183    13.9638   3.855228    31.8850       1105     4.6000  0.000e+00
     20.137    13.9837   3.856751    31.8826       1106     4.6042  0.000e+00
     20.085    14.0035   3.857223    31.8705       1107     4.6083  0.000e+00
     20.047    14.0211   3.857797    31.8613       1108     4.6125  0.000e+00
     20.005    14.0331   3.858591    31.8586       1109     4.6167  0.000e+00
     19.978    14.0440   3.858681    31.8505       1110     4.6208  0.000e+00
     19.944    14.0518   3.860546    31.8611       1111     4.6250  0.000e+00
     19.908    14.0623   3.859697    31.8447       1112     4.6292  0.000e+00
     19.875    14.0686   3.860522    31.8471       1113     4.6333  0.000e+00
     19.837    14.0747   3.861729    31.8531       1114     4.6375  0.000e+00
     19.810    14.0832   3.861909    31.8478       1115     4.6417  0.000e+00
     19.770    14.0906   3.862160    31.8439       1116     4.6458  0.000e+00
     19.729    14.0960   3.862381    31.8415       1117     4.6500  0.000e+00
     19.674    14.1005   3.862614    31.8400       1118     4.6542  0.000e+00
     19.620    14.1041   3.862889    31.8396       1119     4.6583  0.000e+00
     19.555    14.1074   3.863595    31.8433       1120     4.6625  0.000e+00
     19.484    14.1125   3.865664    31.8582       1121     4.6667  0.000e+00
     19.414    14.1225   3.867668    31.8683       1122     4.6708  0.000e+00
     19.338    14.1395   3.871683    31.8911       1123     4.6750  0.000e+00
     19.267    14.1665   3.873826    31.8885       1124     4.6792  0.000e+00
     19.186    14.1971   3.877119    31.8934       1125     4.6833  0.000e+00
     19.115    14.2299   3.881946    31.9106       1126     4.6875  0.000e+00
     19.045    14.2702   3.884625    31.9017       1127     4.6917  0.000e+00
     18.971    14.3118   3.889246    31.9097       1128     4.6958  0.000e+00
     18.907    14.3560   3.891867    31.8972       1129     4.7000  0.000e+00
     18.851    14.4007   3.896420    31.9020       1130     4.7042  0.000e+00
     18.791    14.4450   3.897842    31.8785       1131     4.7083  0.000e+00
     18.741    14.4841   3.900164    31.8675       1132     4.7125  0.000e+00
     18.692    14.5182   3.902559    31.8613       1133     4.7167  0.000e+00
     18.645    14.5501   3.903249    31.8414       1134     4.7208  0.000e+00
     18.603    14.5756   3.904264    31.8297       1135     4.7250  0.000e+00
     18.563    14.5943   3.905189    31.8228       1136     4.7292  0.000e+00
     18.531    14.6113   3.907495    31.8299       1137     4.7333  0.000e+00
     18.506    14.6312   3.909802    31.8345       1138     4.7375  0.000e+00
     18.478    14.6529   3.909766    31.8164       1139     4.7417  0.000e+00
     18.451    14.6713   3.911419    31.8163       1140     4.7458  0.000e+00
     18.426    14.6872   3.914653    31.8326       1141     4.7500  0.000e+00
     18.408    14.7120   3.917569    31.8387       1142     4.7542  0.000e+00
     18.373    14.7401   3.917196    31.8123       1143     4.7583  0.000e+00
     18.350    14.7605   3.919926    31.8204       1144     4.7625  0.000e+00
     18.321    14.7829   3.921502    31.8163       1145     4.7667  0.000e+00
     18.288    14.8045   3.922615    31.8088       1146     4.7708  0.000e+00
     18.251    14.8232   3.922404    31.7916       1147     4.7750  0.000e+00
     18.220    14.8368   3.926280    31.8155       1148     4.7792  0.000e+00
     18.180    14.8576   3.927905    31.8133       1149     4.7833  0.000e+00
     18.144    14.8809   3.928928    31.8035       1150     4.7875  0.000e+00
     18.097    14.9021   3.929295    31.7896       1151     4.7917  0.000e+00
     18.048    14.9169   3.930807    31.7912       1152     4.7958  0.000e+00
     18.008    14.9317   3.931246    31.7831       1153     4.8000  0.000e+00
     17.963    14.9448   3.933107    31.7892       1154     4.8042  0.000e+00
     17.916    14.9595   3.935270    31.7967       1155     4.8083  0.000e+00
     17.867    14.9786   3.936668    31.7937       1156     4.8125  0.000e+00
     17.825    14.9982   3.936878    31.7797       1157     4.8167  0.000e+00
     17.778    15.0124   3.937065    31.7698       1158     4.8208  0.000e+00
     17.735    15.0223   3.937227    31.7633       1159     4.8250  0.000e+00
     17.690    15.0285   3.937294    31.7589       1160     4.8292  0.000e+00
     17.643    15.0330   3.936854    31.7512       1161     4.8333  0.000e+00
     17.596    15.0357   3.937342    31.7535       1162     4.8375  0.000e+00
     17.558    15.0374   3.937293    31.7516       1163     4.8417  0.000e+00
     17.525    15.0385   3.937577    31.7533       1164     4.8458  0.000e+00
     17.491    15.0400   3.937456    31.7511       1165     4.8500  0.000e+00
     17.462    15.0411   3.938203    31.7569       1166     4.8542  0.000e+00
     17.436    15.0441   3.939692    31.7678       1167     4.8583  0.000e+00
     17.408    15.0521   3.939789    31.7622       1168     4.8625  0.000e+00
     17.371    15.0588   3.939999    31.7587       1169     4.8667  0.000e+00
     17.344    15.0642   3.941675    31.7694       1170     4.8708  0.000e+00
     17.304    15.0744   3.943147    31.7743       1171     4.8750  0.000e+00
     17.265    15.0868   3.947019    31.7990       1172     4.8792  0.000e+00
     17.219    15.1095   3.951647    31.8221       1173     4.8833  0.000e+00
     17.174    15.1445   3.953469    31.8100       1174     4.8875  0.000e+00
     17.125    15.1787   3.955274    31.7985       1175     4.8917  0.000e+00
     17.078    15.2078   3.957592    31.7957       1176     4.8958  0.000e+00
     17.033    15.2357   3.960376    31.7980       1177     4.9000  0.000e+00
     16.991    15.2663   3.961246    31.7809       1178     4.9042  0.000e+00
     16.955    15.2917   3.961668    31.7642       1179     4.9083  0.000e+00
     16.928    15.3094   3.961928    31.7522       1180     4.9125  0.000e+00
     16.901    15.3216   3.962115    31.7440       1181     4.9167  0.000e+00
     16.890    15.3298   3.962417    31.7400       1182     4.9208  0.000e+00
     16.876    15.3359   3.962653    31.7373       1183     4.9250  0.000e+00
     16.876    15.3404   3.962689    31.7339       1184     4.9292  0.000e+00
     16.881    15.3435   3.962556    31.7303       1185     4.9333  0.000e+00
     16.888    15.3452   3.962369    31.7272       1186     4.9375  0.000e+00
     16.892    15.3452   3.962091    31.7247       1187     4.9417  0.000e+00
     16.892    15.3443   3.961807    31.7229       1188     4.9458  0.000e+00
     16.894    15.3424   3.961740    31.7238       1189     4.9500  0.000e+00
     16.883    15.3406   3.961855    31.7263       1190     4.9542  0.000e+00
     16.870    15.3400   3.961946    31.7276       1191     4.9583  0.000e+00
     16.848    15.3399   3.962042    31.7286       1192     4.9625  0.000e+00
     16.814    15.3402   3.962344    31.7310       1193     4.9667  0.000e+00
     16.776    15.3415   3.962604    31.7323       1194     4.9708  0.000e+00
     16.720    15.3434   3.962840    31.7329       1195     4.9750  0.000e+00
     16.662    15.3456   3.963263    31.7350       1196     4.9792  0.000e+00
     16.602    15.3485   3.963613    31.7358       1197     4.9833  0.000e+00
     16.532    15.3519   3.964199    31.7383       1198     4.9875  0.000e+00
     16.463    15.3564   3.964955    31.7413       1199     4.9917  0.000e+00
     16.400    15.3629   3.966103    31.7464       1200     4.9958  0.000e+00
     16.329    15.3730   3.967191    31.7479       1201     5.0000  0.000e+00
     16.280    15.3849   3.967795    31.7438       1202     5.0042  0.000e+00
     16.230    15.3955   3.968146    31.7384       1203     5.0083  0.000e+00
     16.195    15.4042   3.968291    31.7327       1204     5.0125  0.000e+00
     16.172    15.4102   3.968381    31.7286       1205     5.0167  0.000e+00
     16.157    15.4146   3.968478    31.7259       1206     5.0208  0.000e+00
     16.148    15.4174   3.968520    31.7240       1207     5.0250  0.000e+00
     16.145    15.4196   3.968520    31.7223       1208     5.0292  0.000e+00
     16.147    15.4211   3.968478    31.7207       1209     5.0333  0.000e+00
     16.154    15.4216   3.968406    31.7196       1210     5.0375  0.000e+00
     16.157    15.4213   3.968266    31.7186       1211     5.0417  0.000e+00
     16.155    15.4206   3.968146    31.7181       1212     5.0458  0.000e+00
     16.159    15.4196   3.968006    31.7177       1213     5.0500  0.000e+00
     16.148    15.4180   3.967819    31.7173       1214     5.0542  0.000e+00
     16.132    15.4163   3.967771    31.7183       1215     5.0583  0.000e+00
     16.117    15.4148   3.967886    31.7205       1216     5.0625  0.000e+00
     16.088    15.4143   3.968031    31.7222       1217     5.0667  0.000e+00
     16.056    15.4144   3.968333    31.7248       1218     5.0708  0.000e+00
     16.023    15.4159   3.968641    31.7264       1219     5.0750  0.000e+00
     15.978    15.4183   3.968925    31.7270       1220     5.0792  0.000e+00
     15.936    15.4211   3.969536    31.7302       1221     5.0833  0.000e+00
     15.893    15.4260   3.971719    31.7457       1222     5.0875  0.000e+00
     15.853    15.4368   3.972499    31.7440       1223     5.0917  0.000e+00
     15.806    15.4490   3.972451    31.7337       1224     5.0958  0.000e+00
     15.768    15.4573   3.972971    31.7317       1225     5.1000  0.000e+00
     15.739    15.4643   3.974308    31.7379       1226     5.1042  0.000e+00
     15.706    15.4736   3.975578    31.7417       1227     5.1083  0.000e+00
     15.674    15.4851   3.976171    31.7377       1228     5.1125  0.000e+00
     15.639    15.4959   3.976407    31.7311       1229     5.1167  0.000e+00
     15.612    15.5039   3.976570    31.7262       1230     5.1208  0.000e+00
     15.581    15.5097   3.977490    31.7297       1231     5.1250  0.000e+00
     15.542    15.5172   3.979426    31.7409       1232     5.1292  0.000e+00
     15.504    15.5299   3.981333    31.7476       1233     5.1333  0.000e+00
     15.464    15.5477   3.982538    31.7440       1234     5.1375  0.000e+00
     15.421    15.5654   3.983978    31.7425       1235     5.1417  0.000e+00
     15.374    15.5825   3.984239    31.7311       1236     5.1458  0.000e+00
     15.325    15.5958   3.984232    31.7203       1237     5.1500  0.000e+00
     15.281    15.6041   3.984287    31.7142       1238     5.1542  0.000e+00
     15.231    15.6091   3.984378    31.7110       1239     5.1583  0.000e+00
     15.191    15.6125   3.985231    31.7158       1240     5.1625  0.000e+00
