HB2406/sbe094.cnv
* Sea-Bird SBE 19plus V2 Data File:
* FileName = C:\cruise\data\sbe094.hex
* Software Version Seasave V 7.26.7.121
* Temperature SN = 7037
* Conductivity SN = 7037
* System UpLoad Time = Aug 20 2024 10:52:36
* NMEA Latitude = 42 55.84 N
* NMEA Longitude = 069 57.49 W
* NMEA UTC (Time) = Aug 20 2024  10:51:31
** Ship: Henry Bigelow
** Cruise:  HB2406
** Program:  ECOMON
# nquan = 7
# nvalues = 4723                                  
# units = specified
# name 0 = depSM: Depth [salt water, m]
# name 1 = tv290C: Temperature [ITS-90, deg C]
# name 2 = c0S/m: Conductivity [S/m]
# name 3 = sal00: Salinity, Practical [PSU]
# name 4 = scan: Scan Count
# name 5 = timeM: Time, Elapsed [minutes]
# name 6 = flag:  0.000e+00
# span 0 =     -0.109,    194.423                 
# span 1 =     5.7994,    20.2888                 
# span 2 =   0.000004,   4.346408                 
# span 3 =     0.0090,    34.9828                 
# span 4 =         11,       4733                 
# span 5 =     0.0417,    19.7167                 
# span 6 = 0.0000e+00, 0.0000e+00                 
# interval = seconds: 0.25
# start_time = Aug 20 2024 10:51:31 [NMEA time, header]
# bad_flag = -9.990e-29
*END*
[from data line 1026]
    129.385     6.8693   3.360441    33.2169       1037     4.3167  0.000e+00
    129.524     6.8728   3.360701    33.2162       1038     4.3208  0.000e+00
    129.675     6.8757   3.361329    33.2203       1039     4.3250  0.000e+00
    129.823     6.8786   3.361442    33.2186       1040     4.3292  0.000e+00
    129.975     6.8812   3.361878    33.2208       1041     4.3333  0.000e+00
    130.137     6.8835   3.362879    33.2296       1042     4.3375  0.000e+00
    130.304     6.8869   3.363773    33.2359       1043     4.3417  0.000e+00
    130.470     6.8911   3.364633    33.2413       1044     4.3458  0.000e+00
    130.640     6.8958   3.365974    33.2513       1045     4.3500  0.000e+00
    130.812     6.9013   3.366223    33.2486       1046     4.3542  0.000e+00
    130.982     6.9062   3.365855    33.2398       1047     4.3583  0.000e+00
    131.157     6.9090   3.366138    33.2401       1048     4.3625  0.000e+00
    131.325     6.9110   3.364927    33.2248       1049     4.3667  0.000e+00
    131.499     6.9099   3.366817    33.2465       1050     4.3708  0.000e+00
    131.669     6.9119   3.368708    33.2653       1051     4.3750  0.000e+00
    131.834     6.9174   3.369953    33.2735       1052     4.3792  0.000e+00
    132.002     6.9241   3.372309    33.2927       1053     4.3833  0.000e+00
    132.170     6.9334   3.372689    33.2878       1054     4.3875  0.000e+00
    132.327     6.9413   3.373283    33.2867       1055     4.3917  0.000e+00
    132.497     6.9472   3.373770    33.2862       1056     4.3958  0.000e+00
    132.664     6.9523   3.374337    33.2873       1057     4.4000  0.000e+00
    132.834     6.9567   3.374427    33.2840       1058     4.4042  0.000e+00
    132.998     6.9598   3.374943    33.2866       1059     4.4083  0.000e+00
    133.172     6.9628   3.375362    33.2882       1060     4.4125  0.000e+00
    133.346     6.9656   3.374966    33.2811       1061     4.4167  0.000e+00
    133.523     6.9672   3.376512    33.2963       1062     4.4208  0.000e+00
    133.704     6.9702   3.375997    33.2877       1063     4.4250  0.000e+00
    133.885     6.9722   3.376087    33.2867       1064     4.4292  0.000e+00
    134.062     6.9739   3.379165    33.3186       1065     4.4333  0.000e+00
    134.232     6.9794   3.379204    33.3137       1066     4.4375  0.000e+00
    134.396     6.9849   3.379550    33.3120       1067     4.4417  0.000e+00
    134.557     6.9891   3.379669    33.3093       1068     4.4458  0.000e+00
    134.711     6.9921   3.380933    33.3201       1069     4.4500  0.000e+00
    134.859     6.9956   3.382923    33.3384       1070     4.4542  0.000e+00
    135.013     7.0021   3.383706    33.3406       1071     4.4583  0.000e+00
    135.161     7.0078   3.384590    33.3446       1072     4.4625  0.000e+00
    135.302     7.0135   3.385322    33.3471       1073     4.4667  0.000e+00
    135.442     7.0191   3.386031    33.3494       1074     4.4708  0.000e+00
    135.579     7.0239   3.386604    33.3510       1075     4.4750  0.000e+00
    135.713     7.0281   3.386791    33.3488       1076     4.4792  0.000e+00
    135.847     7.0314   3.386871    33.3464       1077     4.4833  0.000e+00
    135.977     7.0338   3.387200    33.3476       1078     4.4875  0.000e+00
    136.116     7.0358   3.387580    33.3498       1079     4.4917  0.000e+00
    136.248     7.0380   3.387966    33.3519       1080     4.4958  0.000e+00
    136.397     7.0400   3.388091    33.3512       1081     4.5000  0.000e+00
    136.536     7.0418   3.388329    33.3520       1082     4.5042  0.000e+00
    136.688     7.0435   3.388658    33.3539       1083     4.5083  0.000e+00
    136.842     7.0454   3.389067    33.3564       1084     4.5125  0.000e+00
    137.001     7.0474   3.389804    33.3625       1085     4.5167  0.000e+00
    137.165     7.0503   3.390514    33.3674       1086     4.5208  0.000e+00
    137.332     7.0537   3.391104    33.3704       1087     4.5250  0.000e+00
    137.507     7.0572   3.390883    33.3645       1088     4.5292  0.000e+00
    137.683     7.0595   3.391274    33.3665       1089     4.5333  0.000e+00
    137.856     7.0614   3.390537    33.3565       1090     4.5375  0.000e+00
    138.035     7.0616   3.390537    33.3563       1091     4.5417  0.000e+00
    138.214     7.0609   3.391042    33.3623       1092     4.5458  0.000e+00
    138.393     7.0618   3.392149    33.3735       1093     4.5500  0.000e+00
    138.571     7.0645   3.393733    33.3881       1094     4.5542  0.000e+00
    138.746     7.0691   3.393227    33.3780       1095     4.5583  0.000e+00
    138.923     7.0725   3.392836    33.3704       1096     4.5625  0.000e+00
    139.099     7.0734   3.393801    33.3800       1097     4.5667  0.000e+00
    139.274     7.0752   3.394556    33.3864       1098     4.5708  0.000e+00
    139.448     7.0786   3.395164    33.3897       1099     4.5750  0.000e+00
    139.621     7.0820   3.396186    33.3974       1100     4.5792  0.000e+00
    139.793     7.0861   3.396237    33.3939       1101     4.5833  0.000e+00
    139.958     7.0894   3.396879    33.3977       1102     4.5875  0.000e+00
    140.122     7.0927   3.397185    33.3977       1103     4.5917  0.000e+00
    140.285     7.0955   3.398140    33.4053       1104     4.5958  0.000e+00
    140.446     7.0993   3.398679    33.4075       1105     4.6000  0.000e+00
    140.605     7.1028   3.399083    33.4084       1106     4.6042  0.000e+00
    140.757     7.1062   3.399560    33.4103       1107     4.6083  0.000e+00
    140.907     7.1094   3.399384    33.4052       1108     4.6125  0.000e+00
    141.052     7.1114   3.399827    33.4081       1109     4.6167  0.000e+00
    141.191     7.1131   3.399969    33.4078       1110     4.6208  0.000e+00
    141.328     7.1148   3.400151    33.4081       1111     4.6250  0.000e+00
    141.462     7.1162   3.400253    33.4078       1112     4.6292  0.000e+00
    141.587     7.1174   3.400242    33.4064       1113     4.6333  0.000e+00
    141.712     7.1182   3.400338    33.4067       1114     4.6375  0.000e+00
    141.831     7.1188   3.400293    33.4056       1115     4.6417  0.000e+00
    141.939     7.1191   3.400304    33.4054       1116     4.6458  0.000e+00
    142.053     7.1191   3.400339    33.4056       1117     4.6500  0.000e+00
    142.169     7.1194   3.400537    33.4075       1118     4.6542  0.000e+00
    142.285     7.1199   3.400645    33.4082       1119     4.6583  0.000e+00
    142.402     7.1206   3.400827    33.4093       1120     4.6625  0.000e+00
    142.523     7.1213   3.400969    33.4102       1121     4.6667  0.000e+00
    142.652     7.1221   3.401009    33.4098       1122     4.6708  0.000e+00
    142.778     7.1229   3.401117    33.4102       1123     4.6750  0.000e+00
    142.918     7.1235   3.401134    33.4097       1124     4.6792  0.000e+00
    143.062     7.1238   3.401112    33.4091       1125     4.6833  0.000e+00
    143.222     7.1241   3.401078    33.4084       1126     4.6875  0.000e+00
    143.384     7.1243   3.401072    33.4080       1127     4.6917  0.000e+00
    143.554     7.1241   3.401078    33.4081       1128     4.6958  0.000e+00
    143.735     7.1243   3.401072    33.4079       1129     4.7000  0.000e+00
    143.914     7.1241   3.401010    33.4073       1130     4.7042  0.000e+00
    144.106     7.1239   3.401032    33.4076       1131     4.7083  0.000e+00
    144.294     7.1238   3.401055    33.4079       1132     4.7125  0.000e+00
    144.486     7.1238   3.401078    33.4080       1133     4.7167  0.000e+00
    144.672     7.1240   3.401072    33.4077       1134     4.7208  0.000e+00
    144.857     7.1241   3.401158    33.4084       1135     4.7250  0.000e+00
    145.038     7.1243   3.401271    33.4094       1136     4.7292  0.000e+00
    145.213     7.1244   3.401300    33.4095       1137     4.7333  0.000e+00
    145.390     7.1248   3.401419    33.4103       1138     4.7375  0.000e+00
    145.562     7.1250   3.401584    33.4119       1139     4.7417  0.000e+00
    145.736     7.1254   3.402056    33.4165       1140     4.7458  0.000e+00
    145.906     7.1264   3.402147    33.4164       1141     4.7500  0.000e+00
    146.070     7.1278   3.402590    33.4199       1142     4.7542  0.000e+00
    146.239     7.1292   3.403539    33.4287       1143     4.7583  0.000e+00
    146.398     7.1318   3.403795    33.4289       1144     4.7625  0.000e+00
    146.559     7.1350   3.404961    33.4385       1145     4.7667  0.000e+00
    146.714     7.1388   3.406416    33.4507       1146     4.7708  0.000e+00
    146.870     7.1436   3.407462    33.4573       1147     4.7750  0.000e+00
    147.016     7.1497   3.408759    33.4655       1148     4.7792  0.000e+00
    147.159     7.1562   3.409578    33.4681       1149     4.7833  0.000e+00
    147.296     7.1627   3.410562    33.4724       1150     4.7875  0.000e+00
    147.430     7.1686   3.411080    33.4723       1151     4.7917  0.000e+00
    147.551     7.1736   3.411813    33.4754       1152     4.7958  0.000e+00
    147.674     7.1782   3.412491    33.4782       1153     4.8000  0.000e+00
    147.795     7.1827   3.412673    33.4758       1154     4.8042  0.000e+00
    147.922     7.1864   3.412940    33.4751       1155     4.8083  0.000e+00
    148.054     7.1893   3.413276    33.4759       1156     4.8125  0.000e+00
    148.182     7.1918   3.413765    33.4787       1157     4.8167  0.000e+00
    148.318     7.1944   3.414152    33.4803       1158     4.8208  0.000e+00
    148.453     7.1971   3.414653    33.4831       1159     4.8250  0.000e+00
    148.600     7.1997   3.414995    33.4842       1160     4.8292  0.000e+00
    148.747     7.2022   3.415325    33.4853       1161     4.8333  0.000e+00
    148.897     7.2041   3.415666    33.4871       1162     4.8375  0.000e+00
    149.050     7.2060   3.415735    33.4860       1163     4.8417  0.000e+00
    149.202     7.2074   3.416087    33.4883       1164     4.8458  0.000e+00
    149.352     7.2088   3.416270    33.4889       1165     4.8500  0.000e+00
    149.495     7.2101   3.417010    33.4957       1166     4.8542  0.000e+00
    149.635     7.2118   3.417693    33.5014       1167     4.8583  0.000e+00
    149.770     7.2147   3.418530    33.5076       1168     4.8625  0.000e+00
    149.888     7.2184   3.419788    33.5177       1169     4.8667  0.000e+00
    150.004     7.2226   3.420665    33.5230       1170     4.8708  0.000e+00
    150.116     7.2272   3.421440    33.5270       1171     4.8750  0.000e+00
    150.222     7.2316   3.422716    33.5366       1172     4.8792  0.000e+00
    150.336     7.2368   3.423946    33.5449       1173     4.8833  0.000e+00
    150.445     7.2427   3.425684    33.5580       1174     4.8875  0.000e+00
    150.561     7.2497   3.427291    33.5687       1175     4.8917  0.000e+00
    150.682     7.2570   3.428962    33.5797       1176     4.8958  0.000e+00
    150.810     7.2652   3.430638    33.5899       1177     4.9000  0.000e+00
    150.946     7.2738   3.431858    33.5948       1178     4.9042  0.000e+00
    151.085     7.2819   3.433272    33.6022       1179     4.9083  0.000e+00
    151.234     7.2902   3.434322    33.6055       1180     4.9125  0.000e+00
    151.393     7.2977   3.434424    33.5992       1181     4.9167  0.000e+00
    151.561     7.3037   3.435748    33.6078       1182     4.9208  0.000e+00
    151.738     7.3093   3.435913    33.6040       1183     4.9250  0.000e+00
    151.924     7.3138   3.435873    33.5991       1184     4.9292  0.000e+00
    152.116     7.3169   3.437009    33.6083       1185     4.9333  0.000e+00
    152.310     7.3203   3.436763    33.6023       1186     4.9375  0.000e+00
    152.501     7.3221   3.436450    33.5970       1187     4.9417  0.000e+00
    152.697     7.3235   3.438173    33.6143       1188     4.9458  0.000e+00
    152.881     7.3260   3.440582    33.6379       1189     4.9500  0.000e+00
    153.071     7.3324   3.442797    33.6557       1190     4.9542  0.000e+00
    153.257     7.3418   3.444561    33.6656       1191     4.9583  0.000e+00
    153.436     7.3519   3.445367    33.6644       1192     4.9625  0.000e+00
    153.617     7.3604   3.446412    33.6675       1193     4.9667  0.000e+00
    153.796     7.3678   3.448320    33.6809       1194     4.9708  0.000e+00
    153.970     7.3760   3.448817    33.6782       1195     4.9750  0.000e+00
    154.140     7.3831   3.449108    33.6744       1196     4.9792  0.000e+00
    154.306     7.3883   3.450565    33.6851       1197     4.9833  0.000e+00
    154.474     7.3941   3.452394    33.6992       1198     4.9875  0.000e+00
    154.632     7.4008   3.452229    33.6909       1199     4.9917  0.000e+00
    154.787     7.4059   3.454258    33.7079       1200     4.9958  0.000e+00
    154.937     7.4124   3.456128    33.7217       1201     5.0000  0.000e+00
    155.084     7.4203   3.457586    33.7297       1202     5.0042  0.000e+00
    155.218     7.4288   3.459256    33.7395       1203     5.0083  0.000e+00
    155.348     7.4380   3.460767    33.7469       1204     5.0125  0.000e+00
    155.477     7.4469   3.463325    33.7659       1205     5.0167  0.000e+00
    155.596     7.4575   3.465231    33.7762       1206     5.0208  0.000e+00
    155.710     7.4684   3.466627    33.7806       1207     5.0250  0.000e+00
    155.822     7.4780   3.467377    33.7794       1208     5.0292  0.000e+00
    155.938     7.4858   3.467549    33.7736       1209     5.0333  0.000e+00
    156.052     7.4915   3.468053    33.7734       1210     5.0375  0.000e+00
    156.158     7.4959   3.468385    33.7728       1211     5.0417  0.000e+00
    156.274     7.4995   3.469038    33.7762       1212     5.0458  0.000e+00
    156.386     7.5030   3.469198    33.7745       1213     5.0500  0.000e+00
    156.502     7.5058   3.469748    33.7777       1214     5.0542  0.000e+00
    156.618     7.5086   3.469811    33.7756       1215     5.0583  0.000e+00
    156.735     7.5107   3.470143    33.7771       1216     5.0625  0.000e+00
    156.855     7.5126   3.470516    33.7792       1217     5.0667  0.000e+00
    156.974     7.5146   3.470733    33.7795       1218     5.0708  0.000e+00
    157.097     7.5167   3.471238    33.7829       1219     5.0750  0.000e+00
    157.220     7.5188   3.471530    33.7840       1220     5.0792  0.000e+00
    157.343     7.5210   3.472515    33.7925       1221     5.0833  0.000e+00
    157.477     7.5236   3.473524    33.8007       1222     5.0875  0.000e+00
    157.614     7.5276   3.474211    33.8042       1223     5.0917  0.000e+00
    157.757     7.5317   3.474693    33.8053       1224     5.0958  0.000e+00
    157.907     7.5354   3.475260    33.8078       1225     5.1000  0.000e+00
    158.066     7.5388   3.475535    33.8074       1226     5.1042  0.000e+00
    158.238     7.5415   3.475082    33.7998       1227     5.1083  0.000e+00
    158.412     7.5428   3.474819    33.7956       1228     5.1125  0.000e+00
    158.592     7.5428   3.474504    33.7921       1229     5.1167  0.000e+00
    158.784     7.5417   3.473959    33.7872       1230     5.1208  0.000e+00
    158.970     7.5402   3.474693    33.7965       1231     5.1250  0.000e+00
    159.164     7.5400   3.476097    33.8118       1232     5.1292  0.000e+00
    159.354     7.5426   3.476814    33.8169       1233     5.1333  0.000e+00
    159.540     7.5461   3.477278    33.8184       1234     5.1375  0.000e+00
    159.723     7.5494   3.477530    33.8179       1235     5.1417  0.000e+00
    159.900     7.5522   3.477800    33.8180       1236     5.1458  0.000e+00
    160.067     7.5541   3.477719    33.8152       1237     5.1500  0.000e+00
    160.231     7.5556   3.478453    33.8215       1238     5.1542  0.000e+00
    160.390     7.5575   3.478786    33.8233       1239     5.1583  0.000e+00
    160.550     7.5596   3.478660    33.8198       1240     5.1625  0.000e+00
