HB2406/sbe029.cnv
* Sea-Bird SBE 19plus V2 Data File:
* FileName = C:\cruise\data\sbe029.hex
* Software Version Seasave V 7.26.7.121
* Temperature SN = 7037
* Conductivity SN = 7037
* System UpLoad Time = Aug 14 2024 21:33:54
* NMEA Latitude = 41 38.65 N
* NMEA Longitude = 066 36.05 W
* NMEA UTC (Time) = Aug 14 2024  21:32:45
** Ship: Henry Bigelow
** Cruise:  HB2406
** Program:  ECOMON
# nquan = 7
# nvalues = 1457                                  
# units = specified
# name 0 = depSM: Depth [salt water, m]
# name 1 = tv290C: Temperature [ITS-90, deg C]
# name 2 = c0S/m: Conductivity [S/m]
# name 3 = sal00: Salinity, Practical [PSU]
# name 4 = scan: Scan Count
# name 5 = timeM: Time, Elapsed [minutes]
# name 6 = flag:  0.000e+00
# span 0 =     -0.003,     65.267                 
# span 1 =    10.6901,    20.2653                 
# span 2 =  -0.000049,   4.365542                 
# span 3 =     0.0000,    33.2897                 
# span 4 =         11,       1467                 
# span 5 =     0.0417,     6.1083                 
# span 6 = 0.0000e+00, 0.0000e+00                 
# interval = seconds: 0.25
# start_time = Aug 14 2024 21:32:45 [NMEA time, header]
# bad_flag = -9.990e-29
*END*
[from data line 821]
     38.949    10.9375   3.611928    32.1346        832     3.4625  0.000e+00
     38.868    10.9432   3.610868    32.1191        833     3.4667  0.000e+00
     38.790    10.9419   3.609757    32.1092        834     3.4708  0.000e+00
     38.705    10.9363   3.611706    32.1335        835     3.4750  0.000e+00
     38.631    10.9378   3.610019    32.1155        836     3.4792  0.000e+00
     38.555    10.9359   3.609623    32.1133        837     3.4833  0.000e+00
     38.477    10.9297   3.609646    32.1190        838     3.4875  0.000e+00
     38.405    10.9254   3.609984    32.1261        839     3.4917  0.000e+00
     38.340    10.9243   3.610065    32.1279        840     3.4958  0.000e+00
     38.284    10.9247   3.610455    32.1314        841     3.5000  0.000e+00
     38.220    10.9272   3.612696    32.1514        842     3.5042  0.000e+00
     38.173    10.9389   3.613860    32.1528        843     3.5083  0.000e+00
     38.128    10.9549   3.614343    32.1435        844     3.5125  0.000e+00
     38.085    10.9686   3.614878    32.1368        845     3.5167  0.000e+00
     38.043    10.9796   3.615157    32.1299        846     3.5208  0.000e+00
     37.994    10.9882   3.615157    32.1225        847     3.5250  0.000e+00
     37.947    10.9937   3.615134    32.1175        848     3.5292  0.000e+00
     37.895    10.9968   3.615111    32.1145        849     3.5333  0.000e+00
     37.844    10.9988   3.615332    32.1150        850     3.5375  0.000e+00
     37.784    11.0005   3.615448    32.1146        851     3.5417  0.000e+00
     37.721    11.0024   3.615506    32.1136        852     3.5458  0.000e+00
     37.661    11.0040   3.615664    32.1138        853     3.5500  0.000e+00
     37.598    11.0056   3.615576    32.1115        854     3.5542  0.000e+00
     37.531    11.0064   3.615553    32.1106        855     3.5583  0.000e+00
     37.468    11.0067   3.615576    32.1106        856     3.5625  0.000e+00
     37.401    11.0069   3.615530    32.1101        857     3.5667  0.000e+00
     37.330    11.0074   3.618191    32.1359        858     3.5708  0.000e+00
     37.267    11.0179   3.619647    32.1412        859     3.5750  0.000e+00
     37.209    11.0346   3.619996    32.1299        860     3.5792  0.000e+00
     37.149    11.0489   3.620654    32.1240        861     3.5833  0.000e+00
     37.093    11.0608   3.620986    32.1169        862     3.5875  0.000e+00
     37.039    11.0701   3.621423    32.1131        863     3.5917  0.000e+00
     36.985    11.0778   3.621516    32.1073        864     3.5958  0.000e+00
     36.931    11.0840   3.623211    32.1186        865     3.6000  0.000e+00
     36.876    11.0944   3.624930    32.1265        866     3.6042  0.000e+00
     36.820    11.1105   3.625921    32.1222        867     3.6083  0.000e+00
     36.759    11.1268   3.626375    32.1125        868     3.6125  0.000e+00
     36.701    11.1396   3.626539    32.1029        869     3.6167  0.000e+00
     36.628    11.1488   3.626626    32.0959        870     3.6208  0.000e+00
     36.558    11.1546   3.626783    32.0923        871     3.6250  0.000e+00
     36.484    11.1592   3.627401    32.0944        872     3.6292  0.000e+00
     36.406    11.1644   3.627937    32.0952        873     3.6333  0.000e+00
     36.332    11.1704   3.628281    32.0934        874     3.6375  0.000e+00
     36.251    11.1762   3.628194    32.0875        875     3.6417  0.000e+00
     36.173    11.1797   3.627885    32.0815        876     3.6458  0.000e+00
     36.095    11.1806   3.627663    32.0786        877     3.6500  0.000e+00
     36.021    11.1800   3.627599    32.0785        878     3.6542  0.000e+00
     35.954    11.1789   3.627861    32.0820        879     3.6583  0.000e+00
     35.874    11.1796   3.629517    32.0978        880     3.6625  0.000e+00
     35.795    11.1867   3.630007    32.0964        881     3.6667  0.000e+00
     35.726    11.1951   3.630292    32.0920        882     3.6708  0.000e+00
     35.659    11.2018   3.630537    32.0885        883     3.6750  0.000e+00
     35.585    11.2074   3.630934    32.0875        884     3.6792  0.000e+00
     35.520    11.2125   3.630578    32.0797        885     3.6833  0.000e+00
     35.453    11.2152   3.631085    32.0824        886     3.6875  0.000e+00
     35.395    11.2182   3.631284    32.0817        887     3.6917  0.000e+00
     35.333    11.2213   3.631318    32.0793        888     3.6958  0.000e+00
     35.275    11.2239   3.631173    32.0757        889     3.7000  0.000e+00
     35.223    11.2247   3.631108    32.0744        890     3.7042  0.000e+00
     35.162    11.2247   3.630863    32.0720        891     3.7083  0.000e+00
     35.100    11.2238   3.631353    32.0776        892     3.7125  0.000e+00
     35.040    11.2245   3.631528    32.0787        893     3.7167  0.000e+00
     34.981    11.2263   3.630997    32.0720        894     3.7208  0.000e+00
     34.917    11.2259   3.631394    32.0763        895     3.7250  0.000e+00
     34.858    11.2263   3.631616    32.0781        896     3.7292  0.000e+00
     34.800    11.2276   3.631067    32.0716        897     3.7333  0.000e+00
     34.738    11.2268   3.630875    32.0705        898     3.7375  0.000e+00
     34.673    11.2249   3.631394    32.0773        899     3.7417  0.000e+00
     34.612    11.2254   3.631773    32.0805        900     3.7458  0.000e+00
     34.547    11.2278   3.631773    32.0785        901     3.7500  0.000e+00
     34.478    11.2300   3.632076    32.0796        902     3.7542  0.000e+00
     34.415    11.2327   3.631575    32.0724        903     3.7583  0.000e+00
     34.351    11.2326   3.631464    32.0714        904     3.7625  0.000e+00
     34.292    11.2310   3.630711    32.0654        905     3.7667  0.000e+00
     34.221    11.2273   3.630624    32.0678        906     3.7708  0.000e+00
     34.151    11.2236   3.631464    32.0793        907     3.7750  0.000e+00
     34.080    11.2248   3.631703    32.0806        908     3.7792  0.000e+00
     34.001    11.2273   3.631703    32.0784        909     3.7833  0.000e+00
     33.932    11.2294   3.631749    32.0771        910     3.7875  0.000e+00
     33.847    11.2310   3.633167    32.0897        911     3.7917  0.000e+00
     33.765    11.2369   3.633138    32.0843        912     3.7958  0.000e+00
     33.680    11.2425   3.633254    32.0806        913     3.8000  0.000e+00
     33.597    11.2470   3.634824    32.0921        914     3.8042  0.000e+00
     33.501    11.2559   3.637303    32.1087        915     3.8083  0.000e+00
     33.411    11.2724   3.637210    32.0935        916     3.8125  0.000e+00
     33.317    11.2857   3.638237    32.0920        917     3.8167  0.000e+00
     33.225    11.2970   3.638896    32.0888        918     3.8208  0.000e+00
     33.130    11.3078   3.640227    32.0924        919     3.8250  0.000e+00
     33.047    11.3216   3.641640    32.0943        920     3.8292  0.000e+00
     32.962    11.3373   3.641838    32.0826        921     3.8333  0.000e+00
     32.886    11.3491   3.643286    32.0866        922     3.8375  0.000e+00
     32.808    11.3628   3.647656    32.1175        923     3.8417  0.000e+00
     32.741    11.3904   3.648900    32.1057        924     3.8458  0.000e+00
     32.685    11.4171   3.650548    32.0986        925     3.8500  0.000e+00
     32.633    11.4410   3.650658    32.0790        926     3.8542  0.000e+00
     32.580    11.4579   3.650232    32.0602        927     3.8583  0.000e+00
     32.537    11.4666   3.650389    32.0542        928     3.8625  0.000e+00
     32.495    11.4720   3.650524    32.0509        929     3.8667  0.000e+00
     32.454    11.4759   3.650524    32.0475        930     3.8708  0.000e+00
     32.407    11.4784   3.650325    32.0435        931     3.8750  0.000e+00
     32.363    11.4789   3.650079    32.0406        932     3.8792  0.000e+00
     32.311    11.4777   3.649267    32.0337        933     3.8833  0.000e+00
     32.257    11.4739   3.648788    32.0324        934     3.8875  0.000e+00
     32.197    11.4686   3.648431    32.0335        935     3.8917  0.000e+00
     32.134    11.4631   3.647765    32.0318        936     3.8958  0.000e+00
     32.065    11.4565   3.646994    32.0301        937     3.9000  0.000e+00
     31.991    11.4493   3.647321    32.0395        938     3.9042  0.000e+00
     31.904    11.4450   3.648186    32.0517        939     3.9083  0.000e+00
     31.824    11.4463   3.649390    32.0623        940     3.9125  0.000e+00
     31.730    11.4529   3.650015    32.0628        941     3.9167  0.000e+00
     31.640    11.4609   3.650436    32.0600        942     3.9208  0.000e+00
     31.549    11.4684   3.651125    32.0602        943     3.9250  0.000e+00
     31.459    11.4760   3.651628    32.0586        944     3.9292  0.000e+00
     31.367    11.4833   3.651809    32.0541        945     3.9333  0.000e+00
     31.278    11.4894   3.651990    32.0506        946     3.9375  0.000e+00
     31.198    11.4941   3.652101    32.0477        947     3.9417  0.000e+00
     31.113    11.4976   3.653335    32.0567        948     3.9458  0.000e+00
     31.036    11.5037   3.654662    32.0644        949     3.9500  0.000e+00
     30.962    11.5150   3.655170    32.0596        950     3.9542  0.000e+00
     30.889    11.5250   3.659920    32.0973        951     3.9583  0.000e+00
     30.820    11.5533   3.673797    32.2081        952     3.9625  0.000e+00
     30.754    11.6281   3.675882    32.1635        953     3.9667  0.000e+00
     30.685    11.6973   3.672301    32.0688        954     3.9708  0.000e+00
     30.623    11.7301   3.670619    32.0242        955     3.9750  0.000e+00
     30.564    11.7382   3.670666    32.0177        956     3.9792  0.000e+00
     30.504    11.7413   3.671691    32.0250        957     3.9833  0.000e+00
     30.437    11.7465   3.670496    32.0089        958     3.9875  0.000e+00
     30.379    11.7461   3.666033    31.9660        959     3.9917  0.000e+00
     30.323    11.7297   3.669904    32.0177        960     3.9958  0.000e+00
     30.258    11.7262   3.671755    32.0388        961     4.0000  0.000e+00
     30.195    11.7364   3.676578    32.0768        962     4.0042  0.000e+00
     30.133    11.7637   3.678618    32.0730        963     4.0083  0.000e+00
     30.066    11.7951   3.679714    32.0566        964     4.0125  0.000e+00
     29.990    11.8199   3.681314    32.0508        965     4.0167  0.000e+00
     29.920    11.8437   3.683736    32.0537        966     4.0208  0.000e+00
     29.849    11.8688   3.685537    32.0495        967     4.0250  0.000e+00
     29.770    11.8951   3.686141    32.0328        968     4.0292  0.000e+00
     29.681    11.9138   3.686346    32.0187        969     4.0333  0.000e+00
     29.598    11.9279   3.687643    32.0191        970     4.0375  0.000e+00
     29.507    11.9421   3.687473    32.0053        971     4.0417  0.000e+00
     29.422    11.9508   3.687426    31.9975        972     4.0458  0.000e+00
     29.334    11.9564   3.688247    32.0006        973     4.0500  0.000e+00
     29.249    11.9627   3.689227    32.0047        974     4.0542  0.000e+00
     29.153    11.9707   3.688845    31.9942        975     4.0583  0.000e+00
     29.066    11.9759   3.688804    31.9894        976     4.0625  0.000e+00
     28.976    11.9786   3.689855    31.9972        977     4.0667  0.000e+00
     28.892    11.9840   3.691593    32.0094        978     4.0708  0.000e+00
     28.807    11.9962   3.694928    32.0311        979     4.0750  0.000e+00
     28.724    12.0180   3.698129    32.0433        980     4.0792  0.000e+00
     28.646    12.0476   3.701643    32.0518        981     4.0833  0.000e+00
     28.572    12.0842   3.702512    32.0288        982     4.0875  0.000e+00
     28.498    12.1143   3.704887    32.0258        983     4.0917  0.000e+00
     28.433    12.1434   3.709239    32.0427        984     4.0958  0.000e+00
     28.366    12.1803   3.711050    32.0286        985     4.1000  0.000e+00
     28.299    12.2154   3.712321    32.0108        986     4.1042  0.000e+00
     28.237    12.2438   3.712773    31.9908        987     4.1083  0.000e+00
     28.171    12.2647   3.713903    31.9839        988     4.1125  0.000e+00
     28.102    12.2819   3.713520    31.9655        989     4.1167  0.000e+00
     28.037    12.2918   3.715816    31.9791        990     4.1208  0.000e+00
     27.968    12.3061   3.716751    31.9759        991     4.1250  0.000e+00
     27.897    12.3216   3.717016    31.9652        992     4.1292  0.000e+00
     27.830    12.3332   3.717140    31.9566        993     4.1333  0.000e+00
     27.762    12.3411   3.717198    31.9504        994     4.1375  0.000e+00
     27.697    12.3460   3.717334    31.9475        995     4.1417  0.000e+00
     27.630    12.3500   3.718129    31.9518        996     4.1458  0.000e+00
     27.563    12.3554   3.719088    31.9564        997     4.1500  0.000e+00
     27.496    12.3631   3.720207    31.9605        998     4.1542  0.000e+00
     27.431    12.3730   3.720401    31.9540        999     4.1583  0.000e+00
     27.366    12.3816   3.720919    31.9517       1000     4.1625  0.000e+00
     27.286    12.3892   3.721544    31.9512       1001     4.1667  0.000e+00
     27.219    12.3963   3.722315    31.9525       1002     4.1708  0.000e+00
     27.149    12.4048   3.723865    31.9601       1003     4.1750  0.000e+00
     27.071    12.4167   3.726911    31.9791       1004     4.1792  0.000e+00
     26.989    12.4370   3.729858    31.9899       1005     4.1833  0.000e+00
     26.906    12.4632   3.731408    31.9825       1006     4.1875  0.000e+00
     26.818    12.4888   3.734044    31.9859       1007     4.1917  0.000e+00
     26.734    12.5157   3.739200    32.0121       1008     4.1958  0.000e+00
     26.646    12.5537   3.740805    31.9951       1009     4.2000  0.000e+00
     26.557    12.5883   3.742357    31.9805       1010     4.2042  0.000e+00
     26.474    12.6165   3.743632    31.9687       1011     4.2083  0.000e+00
     26.385    12.6412   3.744878    31.9596       1012     4.2125  0.000e+00
     26.304    12.6628   3.746372    31.9555       1013     4.2167  0.000e+00
     26.221    12.6826   3.746619    31.9412       1014     4.2208  0.000e+00
     26.147    12.6975   3.746696    31.9293       1015     4.2250  0.000e+00
     26.076    12.7072   3.746779    31.9219       1016     4.2292  0.000e+00
     26.011    12.7135   3.747334    31.9219       1017     4.2333  0.000e+00
     25.951    12.7201   3.750311    31.9445       1018     4.2375  0.000e+00
     25.897    12.7359   3.752320    31.9502       1019     4.2417  0.000e+00
     25.841    12.7572   3.753177    31.9403       1020     4.2458  0.000e+00
     25.783    12.7757   3.753507    31.9278       1021     4.2500  0.000e+00
     25.727    12.7894   3.753750    31.9185       1022     4.2542  0.000e+00
     25.676    12.7988   3.754358    31.9163       1023     4.2583  0.000e+00
     25.618    12.8074   3.754760    31.9129       1024     4.2625  0.000e+00
     25.562    12.8148   3.755576    31.9144       1025     4.2667  0.000e+00
     25.504    12.8229   3.756321    31.9147       1026     4.2708  0.000e+00
     25.436    12.8317   3.756977    31.9134       1027     4.2750  0.000e+00
     25.372    12.8407   3.757509    31.9109       1028     4.2792  0.000e+00
     25.304    12.8489   3.757692    31.9057       1029     4.2833  0.000e+00
     25.231    12.8556   3.757929    31.9024       1030     4.2875  0.000e+00
     25.157    12.8608   3.758656    31.9049       1031     4.2917  0.000e+00
     25.085    12.8665   3.758875    31.9021       1032     4.2958  0.000e+00
     25.016    12.8722   3.759046    31.8990       1033     4.3000  0.000e+00
     24.938    12.8765   3.759247    31.8973       1034     4.3042  0.000e+00
     24.862    12.8804   3.759821    31.8995       1035     4.3083  0.000e+00
