HB2406/sbe023.cnv
* Sea-Bird SBE 19plus V2 Data File:
* FileName = C:\cruise\data\sbe023.hex
* Software Version Seasave V 7.26.7.121
* Temperature SN = 7037
* Conductivity SN = 7037
* System UpLoad Time = Aug 14 2024 10:34:59
* NMEA Latitude = 40 54.91 N
* NMEA Longitude = 067 12.84 W
* NMEA UTC (Time) = Aug 14 2024  10:33:50
** Ship: Henry Bigelow
** Cruise:  HB2406
** Program:  ECOMON
# nquan = 7
# nvalues = 2335                                  
# units = specified
# name 0 = depSM: Depth [salt water, m]
# name 1 = tv290C: Temperature [ITS-90, deg C]
# name 2 = c0S/m: Conductivity [S/m]
# name 3 = sal00: Salinity, Practical [PSU]
# name 4 = scan: Scan Count
# name 5 = timeM: Time, Elapsed [minutes]
# name 6 = flag:  0.000e+00
# span 0 =     -0.021,     79.848                 
# span 1 =     9.7344,    18.6466                 
# span 2 =  -0.029894,   4.273597                 
# span 3 =     0.0000,    32.8957                 
# span 4 =         11,       2345                 
# span 5 =     0.0417,     9.7667                 
# span 6 = 0.0000e+00, 0.0000e+00                 
# interval = seconds: 0.25
# start_time = Aug 14 2024 10:33:50 [NMEA time, header]
# bad_flag = -9.990e-29
*END*
[from data line 821]
     69.403     9.8037   3.586258    32.8772        832     3.4625  0.000e+00
     69.561     9.8036   3.586217    32.8768        833     3.4667  0.000e+00
     69.709     9.8033   3.586218    32.8770        834     3.4708  0.000e+00
     69.857     9.8030   3.586264    32.8777        835     3.4750  0.000e+00
     70.000     9.8030   3.586194    32.8769        836     3.4792  0.000e+00
     70.145     9.8030   3.586194    32.8768        837     3.4833  0.000e+00
     70.288     9.8028   3.586328    32.8783        838     3.4875  0.000e+00
     70.434     9.8028   3.586456    32.8796        839     3.4917  0.000e+00
     70.586     9.8029   3.586612    32.8810        840     3.4958  0.000e+00
     70.745     9.8031   3.586700    32.8816        841     3.5000  0.000e+00
     70.905     9.8034   3.586804    32.8824        842     3.5042  0.000e+00
     71.071     9.8033   3.586903    32.8833        843     3.5083  0.000e+00
     71.237     9.8033   3.587002    32.8843        844     3.5125  0.000e+00
     71.411     9.8031   3.587089    32.8853        845     3.5167  0.000e+00
     71.590     9.8035   3.587066    32.8847        846     3.5208  0.000e+00
     71.771     9.8035   3.587135    32.8852        847     3.5250  0.000e+00
     71.952     9.8035   3.587176    32.8856        848     3.5292  0.000e+00
     72.134     9.8037   3.587176    32.8854        849     3.5333  0.000e+00
     72.315     9.8036   3.587199    32.8856        850     3.5375  0.000e+00
     72.487     9.8036   3.587240    32.8859        851     3.5417  0.000e+00
     72.659     9.8035   3.587437    32.8880        852     3.5458  0.000e+00
     72.823     9.8036   3.587548    32.8889        853     3.5500  0.000e+00
     72.977     9.8036   3.587699    32.8904        854     3.5542  0.000e+00
     73.127     9.8042   3.587763    32.8904        855     3.5583  0.000e+00
     73.266     9.8045   3.587850    32.8909        856     3.5625  0.000e+00
     73.397     9.8046   3.587896    32.8913        857     3.5667  0.000e+00
     73.523     9.8048   3.587896    32.8910        858     3.5708  0.000e+00
     73.643     9.8048   3.587832    32.8903        859     3.5750  0.000e+00
     73.767     9.8046   3.587873    32.8908        860     3.5792  0.000e+00
     73.894     9.8044   3.587960    32.8919        861     3.5833  0.000e+00
     74.022     9.8048   3.588024    32.8922        862     3.5875  0.000e+00
     74.153     9.8049   3.588007    32.8918        863     3.5917  0.000e+00
     74.286     9.8050   3.588053    32.8922        864     3.5958  0.000e+00
     74.438     9.8054   3.588024    32.8914        865     3.6000  0.000e+00
     74.594     9.8055   3.588071    32.8917        866     3.6042  0.000e+00
     74.762     9.8057   3.588071    32.8914        867     3.6083  0.000e+00
     74.938     9.8060   3.588024    32.8906        868     3.6125  0.000e+00
     75.122     9.8059   3.588071    32.8911        869     3.6167  0.000e+00
     75.312     9.8058   3.588135    32.8918        870     3.6208  0.000e+00
     75.507     9.8059   3.588112    32.8913        871     3.6250  0.000e+00
     75.705     9.8063   3.588094    32.8907        872     3.6292  0.000e+00
     75.907     9.8061   3.588071    32.8906        873     3.6333  0.000e+00
     76.104     9.8059   3.588025    32.8902        874     3.6375  0.000e+00
     76.292     9.8056   3.587973    32.8899        875     3.6417  0.000e+00
     76.469     9.8050   3.588025    32.8908        876     3.6458  0.000e+00
     76.636     9.8049   3.588048    32.8911        877     3.6500  0.000e+00
     76.791     9.8048   3.588048    32.8911        878     3.6542  0.000e+00
     76.933     9.8046   3.588095    32.8917        879     3.6583  0.000e+00
     77.066     9.8046   3.588135    32.8921        880     3.6625  0.000e+00
     77.200     9.8048   3.588199    32.8925        881     3.6667  0.000e+00
     77.330     9.8051   3.588182    32.8920        882     3.6708  0.000e+00
     77.461     9.8051   3.588223    32.8923        883     3.6750  0.000e+00
     77.593     9.8054   3.588310    32.8929        884     3.6792  0.000e+00
     77.727     9.8056   3.588385    32.8934        885     3.6833  0.000e+00
     77.866     9.8061   3.588397    32.8930        886     3.6875  0.000e+00
     78.009     9.8067   3.588420    32.8927        887     3.6917  0.000e+00
     78.157     9.8069   3.588484    32.8930        888     3.6958  0.000e+00
     78.316     9.8072   3.588507    32.8930        889     3.7000  0.000e+00
     78.482     9.8075   3.588484    32.8923        890     3.7042  0.000e+00
     78.654     9.8078   3.588484    32.8920        891     3.7083  0.000e+00
     78.835     9.8076   3.588507    32.8923        892     3.7125  0.000e+00
     79.020     9.8076   3.588484    32.8921        893     3.7167  0.000e+00
     79.204     9.8074   3.588571    32.8930        894     3.7208  0.000e+00
     79.394     9.8074   3.588682    32.8941        895     3.7250  0.000e+00
     79.578     9.8077   3.588682    32.8937        896     3.7292  0.000e+00
     79.741     9.8082   3.588618    32.8926        897     3.7333  0.000e+00
     79.830     9.8078   3.588531    32.8920        898     3.7375  0.000e+00
     79.848     9.8073   3.588508    32.8922        899     3.7417  0.000e+00
     79.803     9.8067   3.588444    32.8921        900     3.7458  0.000e+00
     79.752     9.8062   3.588421    32.8923        901     3.7500  0.000e+00
     79.737     9.8059   3.588380    32.8922        902     3.7542  0.000e+00
     79.728     9.8053   3.588287    32.8918        903     3.7583  0.000e+00
     79.719     9.8048   3.588444    32.8938        904     3.7625  0.000e+00
     79.694     9.8050   3.588508    32.8944        905     3.7667  0.000e+00
     79.663     9.8052   3.588514    32.8943        906     3.7708  0.000e+00
     79.636     9.8052   3.588554    32.8946        907     3.7750  0.000e+00
     79.607     9.8055   3.588618    32.8951        908     3.7792  0.000e+00
     79.573     9.8056   3.588618    32.8950        909     3.7833  0.000e+00
     79.535     9.8058   3.588641    32.8950        910     3.7875  0.000e+00
     79.500     9.8060   3.588641    32.8949        911     3.7917  0.000e+00
     79.455     9.8061   3.588682    32.8952        912     3.7958  0.000e+00
     79.426     9.8063   3.588682    32.8950        913     3.8000  0.000e+00
     79.387     9.8062   3.588682    32.8952        914     3.8042  0.000e+00
     79.338     9.8064   3.588421    32.8923        915     3.8083  0.000e+00
     79.289     9.8060   3.588270    32.8912        916     3.8125  0.000e+00
     79.235     9.8053   3.588328    32.8924        917     3.8167  0.000e+00
     79.180     9.8051   3.588200    32.8914        918     3.8208  0.000e+00
     79.126     9.8046   3.588270    32.8925        919     3.8250  0.000e+00
     79.070     9.8044   3.588246    32.8925        920     3.8292  0.000e+00
     79.016     9.8041   3.588183    32.8921        921     3.8333  0.000e+00
     78.958     9.8042   3.588182    32.8921        922     3.8375  0.000e+00
     78.900     9.8039   3.588223    32.8928        923     3.8417  0.000e+00
     78.853     9.8039   3.588200    32.8926        924     3.8458  0.000e+00
     78.793     9.8038   3.588136    32.8921        925     3.8500  0.000e+00
     78.746     9.8037   3.588113    32.8919        926     3.8542  0.000e+00
     78.699     9.8035   3.588223    32.8932        927     3.8583  0.000e+00
     78.658     9.8037   3.588182    32.8927        928     3.8625  0.000e+00
     78.607     9.8037   3.588159    32.8925        929     3.8667  0.000e+00
     78.556     9.8037   3.588223    32.8932        930     3.8708  0.000e+00
     78.507     9.8037   3.588269    32.8936        931     3.8750  0.000e+00
     78.453     9.8038   3.588310    32.8940        932     3.8792  0.000e+00
     78.391     9.8040   3.588310    32.8938        933     3.8833  0.000e+00
     78.314     9.8042   3.588287    32.8934        934     3.8875  0.000e+00
     78.231     9.8044   3.588397    32.8944        935     3.8917  0.000e+00
     78.136     9.8046   3.588356    32.8938        936     3.8958  0.000e+00
     78.032     9.8046   3.588310    32.8934        937     3.9000  0.000e+00
     77.921     9.8046   3.588304    32.8934        938     3.9042  0.000e+00
     77.809     9.8046   3.588287    32.8933        939     3.9083  0.000e+00
     77.690     9.8046   3.588333    32.8938        940     3.9125  0.000e+00
     77.576     9.8044   3.588286    32.8935        941     3.9167  0.000e+00
     77.453     9.8044   3.588246    32.8932        942     3.9208  0.000e+00
     77.335     9.8042   3.588269    32.8937        943     3.9250  0.000e+00
     77.230     9.8042   3.588269    32.8937        944     3.9292  0.000e+00
     77.127     9.8042   3.588246    32.8935        945     3.9333  0.000e+00
     77.030     9.8043   3.588286    32.8939        946     3.9375  0.000e+00
     76.943     9.8044   3.588309    32.8941        947     3.9417  0.000e+00
     76.860     9.8047   3.588304    32.8938        948     3.9458  0.000e+00
     76.793     9.8046   3.588269    32.8936        949     3.9500  0.000e+00
     76.724     9.8046   3.588246    32.8934        950     3.9542  0.000e+00
     76.663     9.8046   3.588269    32.8936        951     3.9583  0.000e+00
     76.610     9.8044   3.588222    32.8934        952     3.9625  0.000e+00
     76.559     9.8044   3.588199    32.8932        953     3.9667  0.000e+00
     76.511     9.8043   3.588199    32.8932        954     3.9708  0.000e+00
     76.473     9.8042   3.588182    32.8931        955     3.9750  0.000e+00
     76.433     9.8040   3.588222    32.8938        956     3.9792  0.000e+00
     76.389     9.8041   3.588222    32.8937        957     3.9833  0.000e+00
     76.344     9.8042   3.588240    32.8939        958     3.9875  0.000e+00
     76.290     9.8044   3.588245    32.8938        959     3.9917  0.000e+00
     76.241     9.8044   3.588286    32.8942        960     3.9958  0.000e+00
     76.180     9.8045   3.588356    32.8948        961     4.0000  0.000e+00
     76.113     9.8048   3.588379    32.8948        962     4.0042  0.000e+00
     76.049     9.8048   3.588286    32.8939        963     4.0083  0.000e+00
     75.961     9.8049   3.588245    32.8934        964     4.0125  0.000e+00
     75.870     9.8048   3.588286    32.8940        965     4.0167  0.000e+00
     75.763     9.8047   3.588379    32.8951        966     4.0208  0.000e+00
     75.664     9.8048   3.588286    32.8940        967     4.0250  0.000e+00
     75.548     9.8048   3.588245    32.8937        968     4.0292  0.000e+00
     75.429     9.8046   3.588326    32.8947        969     4.0333  0.000e+00
     75.324     9.8048   3.588309    32.8945        970     4.0375  0.000e+00
     75.199     9.8046   3.588286    32.8944        971     4.0417  0.000e+00
     75.101     9.8045   3.588309    32.8948        972     4.0458  0.000e+00
     74.994     9.8048   3.588286    32.8944        973     4.0500  0.000e+00
     74.895     9.8046   3.588286    32.8946        974     4.0542  0.000e+00
     74.797     9.8047   3.588268    32.8944        975     4.0583  0.000e+00
     74.720     9.8048   3.588309    32.8947        976     4.0625  0.000e+00
     74.638     9.8050   3.588285    32.8944        977     4.0667  0.000e+00
     74.569     9.8049   3.588268    32.8943        978     4.0708  0.000e+00
     74.508     9.8046   3.588326    32.8951        979     4.0750  0.000e+00
     74.448     9.8046   3.588378    32.8957        980     4.0792  0.000e+00
     74.389     9.8048   3.588309    32.8948        981     4.0833  0.000e+00
     74.340     9.8050   3.588268    32.8943        982     4.0875  0.000e+00
     74.271     9.8048   3.588198    32.8938        983     4.0917  0.000e+00
     74.195     9.8046   3.587960    32.8916        984     4.0958  0.000e+00
     74.115     9.8042   3.587374    32.8860        985     4.1000  0.000e+00
     74.036     9.8031   3.587589    32.8892        986     4.1042  0.000e+00
     73.958     9.8025   3.587571    32.8897        987     4.1083  0.000e+00
     73.871     9.8020   3.587635    32.8908        988     4.1125  0.000e+00
     73.783     9.8018   3.587589    32.8906        989     4.1167  0.000e+00
     73.681     9.8018   3.587658    32.8913        990     4.1208  0.000e+00
     73.582     9.8018   3.587699    32.8918        991     4.1250  0.000e+00
     73.477     9.8017   3.587699    32.8919        992     4.1292  0.000e+00
     73.368     9.8020   3.587414    32.8887        993     4.1333  0.000e+00
     73.254     9.8019   3.587223    32.8870        994     4.1375  0.000e+00
     73.135     9.8016   3.587438    32.8894        995     4.1417  0.000e+00
     73.016     9.8017   3.587588    32.8910        996     4.1458  0.000e+00
     72.891     9.8018   3.587745    32.8926        997     4.1500  0.000e+00
     72.762     9.8021   3.587699    32.8918        998     4.1542  0.000e+00
     72.647     9.8023   3.587762    32.8923        999     4.1583  0.000e+00
     72.522     9.8025   3.587896    32.8936       1000     4.1625  0.000e+00
     72.404     9.8027   3.587803    32.8925       1001     4.1667  0.000e+00
     72.277     9.8029   3.587809    32.8925       1002     4.1708  0.000e+00
     72.160     9.8029   3.587675    32.8911       1003     4.1750  0.000e+00
     72.046     9.8027   3.587762    32.8923       1004     4.1792  0.000e+00
     71.925     9.8025   3.587501    32.8898       1005     4.1833  0.000e+00
     71.814     9.8022   3.587222    32.8873       1006     4.1875  0.000e+00
     71.691     9.8013   3.586979    32.8857       1007     4.1917  0.000e+00
     71.588     9.8007   3.586978    32.8863       1008     4.1958  0.000e+00
     71.471     9.8004   3.587025    32.8871       1009     4.2000  0.000e+00
     71.366     9.8000   3.587112    32.8884       1010     4.2042  0.000e+00
     71.255     9.8001   3.587094    32.8881       1011     4.2083  0.000e+00
     71.152     9.7997   3.586915    32.8867       1012     4.2125  0.000e+00
     71.055     9.7995   3.586938    32.8872       1013     4.2167  0.000e+00
     70.968     9.7996   3.586874    32.8865       1014     4.2208  0.000e+00
     70.877     9.7995   3.586891    32.8868       1015     4.2250  0.000e+00
     70.787     9.7995   3.586938    32.8873       1016     4.2292  0.000e+00
     70.687     9.7995   3.586938    32.8873       1017     4.2333  0.000e+00
     70.602     9.7995   3.586787    32.8858       1018     4.2375  0.000e+00
     70.499     9.7993   3.586717    32.8853       1019     4.2417  0.000e+00
     70.405     9.7993   3.586850    32.8868       1020     4.2458  0.000e+00
     70.313     9.7993   3.586914    32.8875       1021     4.2500  0.000e+00
     70.210     9.7994   3.586862    32.8869       1022     4.2542  0.000e+00
     70.103     9.7993   3.586914    32.8876       1023     4.2583  0.000e+00
     69.998     9.7993   3.586873    32.8872       1024     4.2625  0.000e+00
     69.882     9.7993   3.586786    32.8864       1025     4.2667  0.000e+00
     69.769     9.7992   3.586804    32.8867       1026     4.2708  0.000e+00
     69.658     9.7992   3.586850    32.8872       1027     4.2750  0.000e+00
     69.544     9.7992   3.586891    32.8877       1028     4.2792  0.000e+00
     69.428     9.7993   3.586914    32.8878       1029     4.2833  0.000e+00
     69.311     9.7993   3.586850    32.8873       1030     4.2875  0.000e+00
     69.190     9.7993   3.586827    32.8871       1031     4.2917  0.000e+00
     69.083     9.7993   3.586804    32.8869       1032     4.2958  0.000e+00
     68.978     9.7992   3.586676    32.8857       1033     4.3000  0.000e+00
     68.882     9.7991   3.586676    32.8859       1034     4.3042  0.000e+00
     68.788     9.7991   3.586763    32.8868       1035     4.3083  0.000e+00
