HB2406/sbe040.cnv
* Sea-Bird SBE 19plus V2 Data File:
* FileName = C:\cruise\data\sbe040.hex
* Software Version Seasave V 7.26.7.121
* Temperature SN = 7037
* Conductivity SN = 7037
* System UpLoad Time = Aug 15 2024 16:25:58
* NMEA Latitude = 42 24.57 N
* NMEA Longitude = 066 16.07 W
* NMEA UTC (Time) = Aug 15 2024  16:24:50
** Ship: Henry Bigelow
** Cruise:  HB2406
** Program:  ECOMON
# nquan = 7
# nvalues = 4276                                  
# units = specified
# name 0 = depSM: Depth [salt water, m]
# name 1 = tv290C: Temperature [ITS-90, deg C]
# name 2 = c0S/m: Conductivity [S/m]
# name 3 = sal00: Salinity, Practical [PSU]
# name 4 = scan: Scan Count
# name 5 = timeM: Time, Elapsed [minutes]
# name 6 = flag:  0.000e+00
# span 0 =      0.033,    201.092                 
# span 1 =     8.0260,    17.9883                 
# span 2 =  -0.000044,   4.201317                 
# span 3 =     0.0000,    35.0298                 
# span 4 =         11,       4286                 
# span 5 =     0.0417,    17.8542                 
# span 6 = 0.0000e+00, 0.0000e+00                 
# interval = seconds: 0.25
# start_time = Aug 15 2024 16:24:50 [NMEA time, header]
# bad_flag = -9.990e-29
*END*
      0.053    16.0388   0.000025     0.0082         11     0.0417  0.000e+00
      0.051    16.0353   0.000020     0.0083         12     0.0458  0.000e+00
      0.054    16.0319   0.000015     0.0083         13     0.0500  0.000e+00
      0.051    16.0298   0.000015     0.0083         14     0.0542  0.000e+00
      0.053    16.0286   0.000020     0.0082         15     0.0583  0.000e+00
      0.053    16.0271   0.000020     0.0082         16     0.0625  0.000e+00
      0.054    16.0260   0.000020     0.0082         17     0.0667  0.000e+00
      0.054    16.0252   0.000020     0.0082         18     0.0708  0.000e+00
      0.054    16.0248   0.000020     0.0082         19     0.0750  0.000e+00
      0.056    16.0241   0.000017     0.0083         20     0.0792  0.000e+00
      0.056    16.0236   0.000020     0.0082         21     0.0833  0.000e+00
      0.055    16.0238   0.000020     0.0082         22     0.0875  0.000e+00
      0.055    16.0248   0.000020     0.0082         23     0.0917  0.000e+00
      0.053    16.0258   0.000015     0.0083         24     0.0958  0.000e+00
      0.056    16.0268   0.000020     0.0082         25     0.1000  0.000e+00
      0.053    16.0280   0.000020     0.0082         26     0.1042  0.000e+00
      0.055    16.0274   0.000015     0.0083         27     0.1083  0.000e+00
      0.051    16.0262   0.000020     0.0082         28     0.1125  0.000e+00
      0.053    16.0255   0.000020     0.0082         29     0.1167  0.000e+00
      0.055    16.0256   0.000020     0.0082         30     0.1208  0.000e+00
      0.053    16.0253   0.000015     0.0083         31     0.1250  0.000e+00
      0.051    16.0248   0.000020     0.0082         32     0.1292  0.000e+00
      0.051    16.0250   0.000017     0.0083         33     0.1333  0.000e+00
      0.053    16.0264   0.000020     0.0082         34     0.1375  0.000e+00
      0.053    16.0280   0.000015     0.0083         35     0.1417  0.000e+00
      0.051    16.0292   0.000015     0.0083         36     0.1458  0.000e+00
      0.051    16.0299   0.000009     0.0083         37     0.1500  0.000e+00
      0.049    16.0296   0.000015     0.0083         38     0.1542  0.000e+00
      0.053    16.0295   0.000015     0.0083         39     0.1583  0.000e+00
      0.055    16.0296   0.000017     0.0083         40     0.1625  0.000e+00
      0.053    16.0288   0.000020     0.0082         41     0.1667  0.000e+00
      0.049    16.0279   0.000015     0.0083         42     0.1708  0.000e+00
      0.051    16.0280   0.000015     0.0083         43     0.1750  0.000e+00
      0.053    16.0288   0.000015     0.0083         44     0.1792  0.000e+00
      0.053    16.0300   0.000015     0.0083         45     0.1833  0.000e+00
      0.053    16.0312   0.000015     0.0083         46     0.1875  0.000e+00
      0.051    16.0320   0.000020     0.0083         47     0.1917  0.000e+00
      0.047    16.0315   0.000020     0.0083         48     0.1958  0.000e+00
      0.051    16.0317   0.000015     0.0083         49     0.2000  0.000e+00
      0.051    16.0332   0.000015     0.0083         50     0.2042  0.000e+00
      0.044    16.0338   0.000020     0.0083         51     0.2083  0.000e+00
      0.047    16.0336   0.000015     0.0083         52     0.2125  0.000e+00
      0.055    16.0341   0.000015     0.0083         53     0.2167  0.000e+00
      0.053    16.0355   0.000020     0.0083         54     0.2208  0.000e+00
      0.056    16.0376   0.000020     0.0083         55     0.2250  0.000e+00
      0.051    16.0407   0.000020     0.0083         56     0.2292  0.000e+00
      0.053    16.0445   0.000020     0.0083         57     0.2333  0.000e+00
      0.058    16.0481   0.000009     0.0083         58     0.2375  0.000e+00
      0.046    16.0515   0.000020     0.0083         59     0.2417  0.000e+00
      0.040    16.0553   0.000017     0.0083         60     0.2458  0.000e+00
      0.051    16.0586   0.000020     0.0083         61     0.2500  0.000e+00
      0.057    16.0620   0.000015     0.0083         62     0.2542  0.000e+00
      0.057    16.0658   0.000025     0.0083         63     0.2583  0.000e+00
      0.057    16.0693   0.000020     0.0083         64     0.2625  0.000e+00
      0.048    16.0728   0.000020     0.0083         65     0.2667  0.000e+00
      0.051    16.0761   0.000017     0.0083         66     0.2708  0.000e+00
      0.066    16.0793   0.000015     0.0083         67     0.2750  0.000e+00
      0.187    16.0838   0.000009     0.0083         68     0.2792  0.000e+00
      0.277    16.0906  -0.000044     0.0000         69     0.2833  0.000e+00
      0.351    16.1304  -0.000039     0.0000         70     0.2875  0.000e+00
      0.407    16.4169   2.600119    19.3920         71     0.2917  0.000e+00
      0.503    16.7643   3.176014    23.9607         72     0.2958  0.000e+00
      0.623    16.9793   3.467579    26.2639         73     0.3000  0.000e+00
      0.753    17.1254   3.699010    28.1124         74     0.3042  0.000e+00
      0.885    17.2293   3.817201    29.0372         75     0.3083  0.000e+00
      0.999    17.3056   3.324197    24.8637         76     0.3125  0.000e+00
      1.096    17.3558   3.492180    26.2252         77     0.3167  0.000e+00
      1.165    17.3914   3.536164    26.5681         78     0.3208  0.000e+00
      1.225    17.4124   3.160671    23.4544         79     0.3250  0.000e+00
      1.273    17.4181   3.123971    23.1508         80     0.3292  0.000e+00
      1.331    17.4243   3.749973    28.3329         81     0.3333  0.000e+00
      1.396    17.4200   4.146595    31.6909         82     0.3375  0.000e+00
      1.476    17.4121   4.154589    31.7652         83     0.3417  0.000e+00
      1.552    17.4293   4.155969    31.7635         84     0.3458  0.000e+00
      1.635    17.4632   4.156733    31.7435         85     0.3500  0.000e+00
      1.725    17.5004   4.156874    31.7156         86     0.3542  0.000e+00
      1.808    17.5315   4.157564    31.6971         87     0.3583  0.000e+00
      1.897    17.5562   4.158389    31.6848         88     0.3625  0.000e+00
      1.994    17.5779   4.158543    31.6692         89     0.3667  0.000e+00
      2.098    17.5964   4.158142    31.6513         90     0.3708  0.000e+00
      2.202    17.6090   4.157705    31.6377         91     0.3750  0.000e+00
      2.309    17.6174   4.157341    31.6281         92     0.3792  0.000e+00
      2.409    17.6219   4.155659    31.6103         93     0.3833  0.000e+00
      2.461    17.6204   4.151999    31.5804         94     0.3875  0.000e+00
      2.470    17.6072   4.142604    31.5109         95     0.3917  0.000e+00
      2.436    17.5889   4.139485    31.4986         96     0.3958  0.000e+00
      2.378    17.5755   4.141891    31.5295         97     0.4000  0.000e+00
      2.325    17.5795   4.151655    31.6093         98     0.4042  0.000e+00
      2.271    17.6054   4.161520    31.6729         99     0.4083  0.000e+00
      2.199    17.6473   4.173741    31.7440        100     0.4125  0.000e+00
      2.099    17.6977   4.178575    31.7457        101     0.4167  0.000e+00
      2.002    17.7511   4.180711    31.7223        102     0.4208  0.000e+00
      1.893    17.7946   4.178975    31.6737        103     0.4250  0.000e+00
      1.770    17.8250   4.179246    31.6525        104     0.4292  0.000e+00
      1.656    17.8482   4.182439    31.6615        105     0.4333  0.000e+00
      1.495    17.8665   4.186518    31.6818        106     0.4375  0.000e+00
      1.322    17.8865   4.189868    31.6946        107     0.4417  0.000e+00
      1.139    17.9071   4.190850    31.6870        108     0.4458  0.000e+00
      0.944    17.9218   4.190504    31.6727        109     0.4500  0.000e+00
      0.769    17.9302   4.185132    31.6210        110     0.4542  0.000e+00
      0.633    17.9350   4.177972    31.5570        111     0.4583  0.000e+00
      0.528    17.9235   4.177231    31.5597        112     0.4625  0.000e+00
      0.468    17.8841   4.171817    31.5445        113     0.4667  0.000e+00
      0.431    17.8329   4.167974    31.5516        114     0.4708  0.000e+00
      0.427    17.7860   4.163546    31.5505        115     0.4750  0.000e+00
      0.423    17.7376   4.160328    31.5608        116     0.4792  0.000e+00
      0.376    17.6895   4.158467    31.5823        117     0.4833  0.000e+00
      0.313    17.6547   4.160280    31.6248        118     0.4875  0.000e+00
      0.221    17.6344   4.162333    31.6579        119     0.4917  0.000e+00
      0.125    17.6343   4.171475    31.7357        120     0.4958  0.000e+00
      0.064    17.6758   4.184505    31.8138        121     0.5000  0.000e+00
      0.039    17.7459   3.759415    28.1890        122     0.5042  0.000e+00
      0.035    17.8082   0.721318     4.6725        123     0.5083  0.000e+00
      0.035    17.8381   0.383950     2.3830        124     0.5125  0.000e+00
      0.033    17.8491   0.301811     1.8458        125     0.5167  0.000e+00
      0.037    17.8513   0.251420     1.5216        126     0.5208  0.000e+00
      0.033    17.8470   0.222640     1.3387        127     0.5250  0.000e+00
      0.035    17.8395   0.210297     1.2608        128     0.5292  0.000e+00
      0.035    17.8335   0.186597     1.1120        129     0.5333  0.000e+00
      0.037    17.8281   0.166521     0.9868        130     0.5375  0.000e+00
      0.037    17.8222   0.152946     0.9027        131     0.5417  0.000e+00
      0.035    17.8162   0.139152     0.8178        132     0.5458  0.000e+00
      0.039    17.8100   0.132216     0.7753        133     0.5500  0.000e+00
      0.035    17.8031   0.126564     0.7408        134     0.5542  0.000e+00
      0.039    17.7953   0.118435     0.6913        135     0.5583  0.000e+00
      0.039    17.7870   0.106282     0.6176        136     0.5625  0.000e+00
      0.037    17.7788   0.093977     0.5434        137     0.5667  0.000e+00
      0.042    17.7709   0.085846     0.4947        138     0.5708  0.000e+00
      0.046    17.7629   0.080556     0.4632        139     0.5750  0.000e+00
      0.044    17.7546   0.076886     0.4414        140     0.5792  0.000e+00
      0.042    17.7463   0.074749     0.4288        141     0.5833  0.000e+00
      0.040    17.7356   0.074674     0.4285        142     0.5875  0.000e+00
      0.038    17.7223   0.072321     0.4146        143     0.5917  0.000e+00
      0.044    17.7113   0.069732     0.3994        144     0.5958  0.000e+00
      0.049    17.7024   0.066656     0.3812        145     0.6000  0.000e+00
      0.049    17.6934   0.061650     0.3518        146     0.6042  0.000e+00
      0.049    17.6845   0.057223     0.3258        147     0.6083  0.000e+00
      0.048    17.6759   0.052662     0.2992        148     0.6125  0.000e+00
      0.046    17.6667   0.034362     0.1934        149     0.6167  0.000e+00
      0.048    17.6570   0.031357     0.1764        150     0.6208  0.000e+00
      0.044    17.6485   0.027747     0.1559        151     0.6250  0.000e+00
      0.049    17.6410   0.021759     0.1223        152     0.6292  0.000e+00
      0.048    17.6337   0.010872     0.0625        153     0.6333  0.000e+00
      0.044    17.6260  -0.000033     0.0000        154     0.6375  0.000e+00
      0.037    17.6187  -0.000023     0.0000        155     0.6417  0.000e+00
      0.042    17.6111  -0.000023     0.0000        156     0.6458  0.000e+00
      0.046    17.6034  -0.000025     0.0000        157     0.6500  0.000e+00
      0.048    17.5962  -0.000028     0.0000        158     0.6542  0.000e+00
      0.046    17.5891  -0.000028     0.0000        159     0.6583  0.000e+00
      0.048    17.5818  -0.000028     0.0000        160     0.6625  0.000e+00
      0.048    17.5742  -0.000023     0.0000        161     0.6667  0.000e+00
      0.048    17.5670  -0.000023     0.0000        162     0.6708  0.000e+00
      0.044    17.5600  -0.000028     0.0000        163     0.6750  0.000e+00
      0.051    17.5532  -0.000023     0.0000        164     0.6792  0.000e+00
      0.049    17.5460  -0.000023     0.0000        165     0.6833  0.000e+00
      0.051    17.5388  -0.000028     0.0000        166     0.6875  0.000e+00
      0.048    17.5315  -0.000023     0.0000        167     0.6917  0.000e+00
      0.046    17.5248  -0.000033     0.0000        168     0.6958  0.000e+00
      0.053    17.5184  -0.000028     0.0000        169     0.7000  0.000e+00
      0.048    17.5121  -0.000025     0.0000        170     0.7042  0.000e+00
      0.051    17.5061  -0.000028     0.0000        171     0.7083  0.000e+00
      0.049    17.4999  -0.000023     0.0000        172     0.7125  0.000e+00
      0.050    17.4941  -0.000028     0.0000        173     0.7167  0.000e+00
      0.051    17.4880  -0.000023     0.0000        174     0.7208  0.000e+00
      0.053    17.4819  -0.000023     0.0000        175     0.7250  0.000e+00
      0.051    17.4761  -0.000023     0.0000        176     0.7292  0.000e+00
      0.055    17.4704  -0.000025     0.0000        177     0.7333  0.000e+00
      0.053    17.4647  -0.000023     0.0000        178     0.7375  0.000e+00
      0.048    17.4592  -0.000017     0.0000        179     0.7417  0.000e+00
      0.051    17.4538  -0.000023     0.0000        180     0.7458  0.000e+00
      0.049    17.4483  -0.000023     0.0000        181     0.7500  0.000e+00
      0.053    17.4429  -0.000023     0.0000        182     0.7542  0.000e+00
      0.051    17.4379  -0.000020     0.0000        183     0.7583  0.000e+00
      0.051    17.4327  -0.000023     0.0000        184     0.7625  0.000e+00
      0.051    17.4278  -0.000028     0.0000        185     0.7667  0.000e+00
      0.051    17.4226  -0.000028     0.0000        186     0.7708  0.000e+00
      0.049    17.4179  -0.000028     0.0000        187     0.7750  0.000e+00
      0.051    17.4132  -0.000028     0.0000        188     0.7792  0.000e+00
      0.051    17.4080  -0.000028     0.0000        189     0.7833  0.000e+00
      0.051    17.4032  -0.000028     0.0000        190     0.7875  0.000e+00
      0.049    17.3984  -0.000028     0.0000        191     0.7917  0.000e+00
      0.049    17.3937  -0.000028     0.0000        192     0.7958  0.000e+00
      0.047    17.3891  -0.000028     0.0000        193     0.8000  0.000e+00
      0.049    17.3846  -0.000028     0.0000        194     0.8042  0.000e+00
      0.049    17.3794  -0.000033     0.0000        195     0.8083  0.000e+00
      0.047    17.3742  -0.000028     0.0000        196     0.8125  0.000e+00
      0.049    17.3698  -0.000023     0.0000        197     0.8167  0.000e+00
      0.051    17.3657  -0.000023     0.0000        198     0.8208  0.000e+00
      0.051    17.3614  -0.000023     0.0000        199     0.8250  0.000e+00
      0.049    17.3573  -0.000023     0.0000        200     0.8292  0.000e+00
      0.051    17.3534  -0.000028     0.0000        201     0.8333  0.000e+00
      0.051    17.3485  -0.000028     0.0000        202     0.8375  0.000e+00
      0.049    17.3418  -0.000025     0.0000        203     0.8417  0.000e+00
      0.049    17.3365  -0.000028     0.0000        204     0.8458  0.000e+00
      0.051    17.3311  -0.000028     0.0000        205     0.8500  0.000e+00
      0.053    17.3240  -0.000023     0.0000        206     0.8542  0.000e+00
      0.051    17.3178  -0.000028     0.0000        207     0.8583  0.000e+00
      0.049    17.3109  -0.000028     0.0000        208     0.8625  0.000e+00
      0.048    17.3053  -0.000020     0.0000        209     0.8667  0.000e+00
      0.051    17.3013  -0.000017     0.0000        210     0.8708  0.000e+00
      0.049    17.2962  -0.000023     0.0000        211     0.8750  0.000e+00
      0.046    17.2914  -0.000017     0.0000        212     0.8792  0.000e+00
      0.049    17.2874  -0.000028     0.0000        213     0.8833  0.000e+00
      0.049    17.2842  -0.000017     0.0000        214     0.8875  0.000e+00
      0.051    17.2817  -0.000023     0.0000        215     0.8917  0.000e+00
