HB2406/sbe038.cnv
* Sea-Bird SBE 19plus V2 Data File:
* FileName = C:\cruise\data\sbe038.hex
* Software Version Seasave V 7.26.7.121
* Temperature SN = 7037
* Conductivity SN = 7037
* System UpLoad Time = Aug 15 2024 06:05:07
* NMEA Latitude = 41 23.42 N
* NMEA Longitude = 066 01.93 W
* NMEA UTC (Time) = Aug 15 2024  06:03:58
** Ship: Henry Bigelow
** Cruise:  HB2406
** Program:  ECOMON
# nquan = 7
# nvalues = 3260                                  
# units = specified
# name 0 = depSM: Depth [salt water, m]
# name 1 = tv290C: Temperature [ITS-90, deg C]
# name 2 = c0S/m: Conductivity [S/m]
# name 3 = sal00: Salinity, Practical [PSU]
# name 4 = scan: Scan Count
# name 5 = timeM: Time, Elapsed [minutes]
# name 6 = flag:  0.000e+00
# span 0 =      0.039,    230.919                 
# span 1 =     9.0647,    20.3317                 
# span 2 =   1.774374,   4.473462                 
# span 3 =    11.6349,    35.6177                 
# span 4 =         11,       3270                 
# span 5 =     0.0417,    13.6208                 
# span 6 = 0.0000e+00, 0.0000e+00                 
# interval = seconds: 0.25
# start_time = Aug 15 2024 06:03:58 [NMEA time, header]
# bad_flag = -9.990e-29
*END*
[from data line 2257]
    204.294    11.3306   3.984627    35.3938       2268     9.4458  0.000e+00
    204.098    11.3339   3.984954    35.3940       2269     9.4500  0.000e+00
    203.898    11.3366   3.984978    35.3917       2270     9.4542  0.000e+00
    203.702    11.3389   3.985220    35.3920       2271     9.4583  0.000e+00
    203.510    11.3406   3.985638    35.3945       2272     9.4625  0.000e+00
    203.306    11.3434   3.987697    35.4124       2273     9.4667  0.000e+00
    203.107    11.3504   3.989066    35.4194       2274     9.4708  0.000e+00
    202.908    11.3597   3.990036    35.4201       2275     9.4750  0.000e+00
    202.707    11.3691   3.990084    35.4118       2276     9.4792  0.000e+00
    202.504    11.3760   3.990229    35.4066       2277     9.4833  0.000e+00
    202.287    11.3808   3.990344    35.4033       2278     9.4875  0.000e+00
    202.069    11.3841   3.990429    35.4010       2279     9.4917  0.000e+00
    201.852    11.3865   3.990605    35.4006       2280     9.4958  0.000e+00
    201.631    11.3885   3.990580    35.3986       2281     9.5000  0.000e+00
    201.407    11.3900   3.990532    35.3968       2282     9.5042  0.000e+00
    201.174    11.3907   3.990962    35.4005       2283     9.5083  0.000e+00
    200.940    11.3918   3.990816    35.3980       2284     9.5125  0.000e+00
    200.710    11.3928   3.990913    35.3981       2285     9.5167  0.000e+00
    200.484    11.3933   3.991313    35.4017       2286     9.5208  0.000e+00
    200.256    11.3949   3.992610    35.4131       2287     9.5250  0.000e+00
    200.024    11.3999   3.993755    35.4198       2288     9.5292  0.000e+00
    199.807    11.4079   3.998849    35.4627       2289     9.5333  0.000e+00
    199.588    11.4264   3.999892    35.4554       2290     9.5375  0.000e+00
    199.369    11.4472   3.999727    35.4339       2291     9.5417  0.000e+00
    199.147    11.4606   3.998278    35.4069       2292     9.5458  0.000e+00
    198.937    11.4648   3.999891    35.4189       2293     9.5500  0.000e+00
    198.729    11.4695   4.000691    35.4223       2294     9.5542  0.000e+00
    198.515    11.4766   4.000036    35.4092       2295     9.5583  0.000e+00
    198.292    11.4802   3.999630    35.4019       2296     9.5625  0.000e+00
    198.079    11.4808   4.000272    35.4077       2297     9.5667  0.000e+00
    197.856    11.4822   4.000369    35.4074       2298     9.5708  0.000e+00
    197.630    11.4840   4.001200    35.4140       2299     9.5750  0.000e+00
    197.407    11.4879   4.003354    35.4317       2300     9.5792  0.000e+00
    197.178    11.4975   4.006449    35.4532       2301     9.5833  0.000e+00
    196.937    11.5136   4.008519    35.4583       2302     9.5875  0.000e+00
    196.703    11.5316   4.009065    35.4466       2303     9.5917  0.000e+00
    196.477    11.5472   4.011779    35.4586       2304     9.5958  0.000e+00
    196.251    11.5648   4.010376    35.4280       2305     9.6000  0.000e+00
    196.018    11.5737   4.010740    35.4232       2306     9.6042  0.000e+00
    195.795    11.5787   4.011541    35.4264       2307     9.6083  0.000e+00
    195.578    11.5845   4.013685    35.4421       2308     9.6125  0.000e+00
    195.364    11.5948   4.015015    35.4456       2309     9.6167  0.000e+00
    195.162    11.6067   4.016115    35.4451       2310     9.6208  0.000e+00
    194.953    11.6181   4.017293    35.4459       2311     9.6250  0.000e+00
    194.754    11.6296   4.020460    35.4662       2312     9.6292  0.000e+00
    194.557    11.6456   4.019621    35.4427       2313     9.6333  0.000e+00
    194.367    11.6569   4.019645    35.4323       2314     9.6375  0.000e+00
    194.179    11.6629   4.021772    35.4476       2315     9.6417  0.000e+00
    193.985    11.6716   4.025213    35.4732       2316     9.6458  0.000e+00
    193.795    11.6885   4.025979    35.4647       2317     9.6500  0.000e+00
    193.605    11.7048   4.028680    35.4758       2318     9.6542  0.000e+00
    193.415    11.7226   4.029927    35.4711       2319     9.6583  0.000e+00
    193.227    11.7393   4.030486    35.4608       2320     9.6625  0.000e+00
    193.024    11.7526   4.030930    35.4526       2321     9.6667  0.000e+00
    192.823    11.7627   4.031052    35.4442       2322     9.6708  0.000e+00
    192.628    11.7694   4.031052    35.4379       2323     9.6750  0.000e+00
    192.425    11.7738   4.030930    35.4326       2324     9.6792  0.000e+00
    192.214    11.7762   4.030485    35.4261       2325     9.6833  0.000e+00
    192.007    11.7765   4.030431    35.4253       2326     9.6875  0.000e+00
    191.795    11.7758   4.030954    35.4312       2327     9.6917  0.000e+00
    191.580    11.7769   4.031361    35.4342       2328     9.6958  0.000e+00
    191.363    11.7795   4.031860    35.4368       2329     9.7000  0.000e+00
    191.142    11.7828   4.032511    35.4401       2330     9.7042  0.000e+00
    190.920    11.7871   4.033400    35.4448       2331     9.7083  0.000e+00
    190.706    11.7927   4.033448    35.4400       2332     9.7125  0.000e+00
    190.483    11.7971   4.033448    35.4360       2333     9.7167  0.000e+00
    190.268    11.7999   4.033472    35.4337       2334     9.7208  0.000e+00
    190.038    11.8019   4.033831    35.4354       2335     9.7250  0.000e+00
    189.830    11.8040   4.033807    35.4332       2336     9.7292  0.000e+00
    189.617    11.8058   4.034020    35.4337       2337     9.7333  0.000e+00
    189.398    11.8077   4.034117    35.4330       2338     9.7375  0.000e+00
    189.182    11.8093   4.033588    35.4263       2339     9.7417  0.000e+00
    188.971    11.8095   4.033539    35.4258       2340     9.7458  0.000e+00
    188.757    11.8095   4.033563    35.4260       2341     9.7500  0.000e+00
    188.547    11.8099   4.033831    35.4284       2342     9.7542  0.000e+00
    188.334    11.8111   4.034403    35.4330       2343     9.7583  0.000e+00
    188.120    11.8140   4.035529    35.4414       2344     9.7625  0.000e+00
    187.906    11.8195   4.036899    35.4497       2345     9.7667  0.000e+00
    187.693    11.8281   4.037355    35.4460       2346     9.7708  0.000e+00
    187.472    11.8364   4.037665    35.4413       2347     9.7750  0.000e+00
    187.258    11.8428   4.038408    35.4426       2348     9.7792  0.000e+00
    187.039    11.8490   4.039443    35.4469       2349     9.7833  0.000e+00
    186.829    11.8564   4.039997    35.4454       2350     9.7875  0.000e+00
    186.623    11.8632   4.040716    35.4460       2351     9.7917  0.000e+00
    186.410    11.8702   4.041940    35.4515       2352     9.7958  0.000e+00
    186.194    11.8781   4.042415    35.4487       2353     9.8000  0.000e+00
    185.982    11.8853   4.042567    35.4434       2354     9.8042  0.000e+00
    185.783    11.8909   4.043213    35.4445       2355     9.8083  0.000e+00
    185.577    11.8959   4.044011    35.4477       2356     9.8125  0.000e+00
    185.367    11.9017   4.044443    35.4465       2357     9.8167  0.000e+00
    185.166    11.9072   4.044925    35.4460       2358     9.8208  0.000e+00
    184.967    11.9125   4.045766    35.4493       2359     9.8250  0.000e+00
    184.766    11.9181   4.045863    35.4450       2360     9.8292  0.000e+00
    184.564    11.9229   4.045802    35.4400       2361     9.8333  0.000e+00
    184.359    11.9258   4.045905    35.4383       2362     9.8375  0.000e+00
    184.158    11.9280   4.047014    35.4471       2363     9.8417  0.000e+00
    183.961    11.9325   4.047471    35.4474       2364     9.8458  0.000e+00
    183.758    11.9382   4.047069    35.4381       2365     9.8500  0.000e+00
    183.561    11.9422   4.046941    35.4332       2366     9.8542  0.000e+00
    183.360    11.9442   4.046843    35.4305       2367     9.8583  0.000e+00
    183.174    11.9454   4.046636    35.4274       2368     9.8625  0.000e+00
    182.980    11.9456   4.046557    35.4265       2369     9.8667  0.000e+00
    182.785    11.9456   4.046989    35.4307       2370     9.8708  0.000e+00
    182.582    11.9476   4.054025    35.4978       2371     9.8750  0.000e+00
    182.388    11.9662   4.062238    35.5606       2372     9.8792  0.000e+00
    182.198    12.0028   4.065064    35.5534       2373     9.8833  0.000e+00
    181.996    12.0406   4.062744    35.4948       2374     9.8875  0.000e+00
    181.793    12.0625   4.061980    35.4667       2375     9.8917  0.000e+00
    181.589    12.0720   4.059771    35.4361       2376     9.8958  0.000e+00
    181.377    12.0738   4.056512    35.4028       2377     9.9000  0.000e+00
    181.172    12.0658   4.054828    35.3940       2378     9.9042  0.000e+00
    180.959    12.0550   4.054432    35.4004       2379     9.9083  0.000e+00
    180.740    12.0464   4.054048    35.4049       2380     9.9125  0.000e+00
    180.525    12.0398   4.052334    35.3945       2381     9.9167  0.000e+00
    180.302    12.0319   4.051273    35.3918       2382     9.9208  0.000e+00
    180.085    12.0231   4.047737    35.3657       2383     9.9250  0.000e+00
    179.866    12.0102   4.046219    35.3633       2384     9.9292  0.000e+00
    179.643    11.9956   4.044726    35.3626       2385     9.9333  0.000e+00
    179.415    11.9823   4.044117    35.3694       2386     9.9375  0.000e+00
    179.196    11.9713   4.040907    35.3485       2387     9.9417  0.000e+00
    178.986    11.9582   4.040712    35.3591       2388     9.9458  0.000e+00
    178.762    11.9482   4.043636    35.3973       2389     9.9500  0.000e+00
    178.543    11.9496   4.045738    35.4166       2390     9.9542  0.000e+00
    178.340    11.9576   4.047737    35.4287       2391     9.9583  0.000e+00
    178.134    11.9703   4.051901    35.4574       2392     9.9625  0.000e+00
    177.946    11.9899   4.055871    35.4777       2393     9.9667  0.000e+00
    177.750    12.0144   4.058080    35.4761       2394     9.9708  0.000e+00
    177.557    12.0381   4.057573    35.4487       2395     9.9750  0.000e+00
    177.367    12.0542   4.057212    35.4299       2396     9.9792  0.000e+00
    177.182    12.0630   4.060807    35.4568       2397     9.9833  0.000e+00
    176.999    12.0757   4.064243    35.4783       2398     9.9875  0.000e+00
    176.800    12.0949   4.066514    35.4823       2399     9.9917  0.000e+00
    176.601    12.1149   4.068267    35.4805       2400     9.9958  0.000e+00
    176.404    12.1336   4.069641    35.4762       2401    10.0000  0.000e+00
    176.194    12.1505   4.071553    35.4788       2402    10.0042  0.000e+00
    175.981    12.1659   4.075238    35.5002       2403    10.0083  0.000e+00
    175.762    12.1862   4.082435    35.5511       2404    10.0125  0.000e+00
    175.543    12.2181   4.090016    35.5947       2405    10.0167  0.000e+00
    175.326    12.2633   4.096794    35.6177       2406    10.0208  0.000e+00
    175.105    12.3128   4.098797    35.5902       2407    10.0250  0.000e+00
    174.888    12.3544   4.102209    35.5839       2408    10.0292  0.000e+00
    174.669    12.3903   4.103662    35.5641       2409    10.0333  0.000e+00
    174.459    12.4197   4.104158    35.5411       2410    10.0375  0.000e+00
    174.256    12.4404   4.104764    35.5275       2411    10.0417  0.000e+00
    174.059    12.4550   4.105353    35.5195       2412    10.0458  0.000e+00
    173.869    12.4661   4.107394    35.5287       2413    10.0500  0.000e+00
    173.682    12.4782   4.109491    35.5377       2414    10.0542  0.000e+00
    173.507    12.4935   4.108737    35.5160       2415    10.0583  0.000e+00
    173.326    12.5043   4.110889    35.5267       2416    10.0625  0.000e+00
    173.148    12.5162   4.114448    35.5500       2417    10.0667  0.000e+00
    172.962    12.5347   4.116467    35.5520       2418    10.0708  0.000e+00
    172.785    12.5547   4.117301    35.5412       2419    10.0750  0.000e+00
    172.604    12.5714   4.116613    35.5189       2420    10.0792  0.000e+00
    172.410    12.5814   4.114330    35.4875       2421    10.0833  0.000e+00
    172.213    12.5829   4.112164    35.4653       2422    10.0875  0.000e+00
    172.012    12.5771   4.107778    35.4286       2423    10.0917  0.000e+00
    171.806    12.5634   4.104247    35.4075       2424    10.0958  0.000e+00
    171.594    12.5435   4.103199    35.4162       2425    10.1000  0.000e+00
    171.375    12.5266   4.100306    35.4043       2426    10.1042  0.000e+00
    171.158    12.5085   4.089545    35.3175       2427    10.1083  0.000e+00
    170.932    12.4726   4.088174    35.3382       2428    10.1125  0.000e+00
    170.706    12.4384   4.088187    35.3705       2429    10.1167  0.000e+00
    170.478    12.4163   4.088591    35.3954       2430    10.1208  0.000e+00
    170.250    12.4038   4.088689    35.4082       2431    10.1250  0.000e+00
    170.023    12.3972   4.089497    35.4224       2432    10.1292  0.000e+00
    169.796    12.3950   4.090930    35.4384       2433    10.1333  0.000e+00
    169.582    12.3978   4.093519    35.4610       2434    10.1375  0.000e+00
    169.365    12.4062   4.094432    35.4619       2435    10.1417  0.000e+00
    169.146    12.4163   4.095571    35.4635       2436    10.1458  0.000e+00
    168.941    12.4257   4.093752    35.4372       2437    10.1500  0.000e+00
    168.741    12.4282   4.085763    35.3575       2438    10.1542  0.000e+00
    168.547    12.4116   4.083377    35.3502       2439    10.1583  0.000e+00
    168.353    12.3892   4.082447    35.3624       2440    10.1625  0.000e+00
    168.162    12.3715   4.081383    35.3689       2441    10.1667  0.000e+00
    167.970    12.3577   4.081188    35.3801       2442    10.1708  0.000e+00
    167.785    12.3476   4.078931    35.3678       2443    10.1750  0.000e+00
    167.604    12.3371   4.078106    35.3698       2444    10.1792  0.000e+00
    167.421    12.3272   4.077886    35.3770       2445    10.1833  0.000e+00
    167.237    12.3195   4.077299    35.3787       2446    10.1875  0.000e+00
    167.065    12.3139   4.076963    35.3809       2447    10.1917  0.000e+00
    166.888    12.3090   4.076559    35.3816       2448    10.1958  0.000e+00
    166.717    12.3050   4.075385    35.3741       2449    10.2000  0.000e+00
    166.542    12.2998   4.074945    35.3748       2450    10.2042  0.000e+00
    166.363    12.2945   4.074090    35.3716       2451    10.2083  0.000e+00
    166.193    12.2894   4.072543    35.3615       2452    10.2125  0.000e+00
    166.019    12.2821   4.071499    35.3582       2453    10.2167  0.000e+00
    165.838    12.2734   4.069837    35.3505       2454    10.2208  0.000e+00
    165.650    12.2643   4.068010    35.3414       2455    10.2250  0.000e+00
    165.460    12.2536   4.068059    35.3521       2456    10.2292  0.000e+00
    165.265    12.2452   4.067583    35.3555       2457    10.2333  0.000e+00
    165.071    12.2387   4.065781    35.3442       2458    10.2375  0.000e+00
    164.854    12.2312   4.060610    35.3010       2459    10.2417  0.000e+00
    164.633    12.2144   4.053582    35.2488       2460    10.2458  0.000e+00
    164.407    12.1826   4.048515    35.2295       2461    10.2500  0.000e+00
    164.175    12.1467   4.041977    35.1999       2462    10.2542  0.000e+00
    163.933    12.1071   4.039309    35.2113       2463    10.2583  0.000e+00
    163.690    12.0715   4.034658    35.1997       2464    10.2625  0.000e+00
    163.448    12.0368   4.027283    35.1606       2465    10.2667  0.000e+00
    163.211    11.9961   4.014360    35.0728       2466    10.2708  0.000e+00
    162.972    11.9344   4.004409    35.0337       2467    10.2750  0.000e+00
    162.738    11.8642   4.002583    35.0821       2468    10.2792  0.000e+00
    162.512    11.8100   4.001844    35.1261       2469    10.2833  0.000e+00
    162.293    11.7728   4.001881    35.1617       2470    10.2875  0.000e+00
    162.089    11.7495   4.001086    35.1761       2471    10.2917  0.000e+00
