HB2406/sbe011.cnv
* Sea-Bird SBE 19plus V2 Data File:
* FileName = C:\cruise\data\sbe011.hex
* Software Version Seasave V 7.26.7.121
* Temperature SN = 7037
* Conductivity SN = 7037
* System UpLoad Time = Aug 13 2024 09:36:51
* NMEA Latitude = 40 22.55 N
* NMEA Longitude = 069 04.26 W
* NMEA UTC (Time) = Aug 13 2024  09:35:41
** Ship: Henry Bigelow
** Cruise:  HB2406
** Program:  ECOMON
# nquan = 7
# nvalues = 2836                                  
# units = specified
# name 0 = depSM: Depth [salt water, m]
# name 1 = tv290C: Temperature [ITS-90, deg C]
# name 2 = c0S/m: Conductivity [S/m]
# name 3 = sal00: Salinity, Practical [PSU]
# name 4 = scan: Scan Count
# name 5 = timeM: Time, Elapsed [minutes]
# name 6 = flag:  0.000e+00
# span 0 =     -0.044,     80.420                 
# span 1 =    12.5248,    24.3927                 
# span 2 =  -0.000044,   5.119265                 
# span 3 =     0.0000,    35.3812                 
# span 4 =         11,       2846                 
# span 5 =     0.0417,    11.8542                 
# span 6 = 0.0000e+00, 0.0000e+00                 
# interval = seconds: 0.25
# start_time = Aug 13 2024 09:35:41 [NMEA time, header]
# bad_flag = -9.990e-29
*END*
[from data line 1231]
     52.827    13.2732   4.068435    34.4609       1242     5.1708  0.000e+00
     52.765    13.2837   4.069687    34.4633       1243     5.1750  0.000e+00
     52.709    13.2944   4.071587    34.4716       1244     5.1792  0.000e+00
     52.651    13.3065   4.073286    34.4767       1245     5.1833  0.000e+00
     52.597    13.3201   4.074312    34.4741       1246     5.1875  0.000e+00
     52.539    13.3321   4.074453    34.4645       1247     5.1917  0.000e+00
     52.485    13.3407   4.073841    34.4510       1248     5.1958  0.000e+00
     52.416    13.3445   4.072356    34.4336       1249     5.2000  0.000e+00
     52.356    13.3430   4.071275    34.4247       1250     5.2042  0.000e+00
     52.286    13.3387   4.071250    34.4284       1251     5.2083  0.000e+00
     52.223    13.3355   4.071403    34.4328       1252     5.2125  0.000e+00
     52.166    13.3333   4.070713    34.4283       1253     5.2167  0.000e+00
     52.109    13.3303   4.069045    34.4153       1254     5.2208  0.000e+00
     52.045    13.3243   4.068642    34.4169       1255     5.2250  0.000e+00
     51.995    13.3186   4.068343    34.4193       1256     5.2292  0.000e+00
     51.948    13.3139   4.068318    34.4233       1257     5.2333  0.000e+00
     51.899    13.3107   4.068666    34.4296       1258     5.2375  0.000e+00
     51.855    13.3096   4.068605    34.4300       1259     5.2417  0.000e+00
     51.812    13.3091   4.068874    34.4330       1260     5.2458  0.000e+00
     51.777    13.3090   4.068801    34.4324       1261     5.2500  0.000e+00
     51.738    13.3086   4.068630    34.4311       1262     5.2542  0.000e+00
     51.701    13.3085   4.069186    34.4365       1263     5.2583  0.000e+00
     51.665    13.3085   4.066852    34.4145       1264     5.2625  0.000e+00
     51.620    13.3028   4.063427    34.3872       1265     5.2667  0.000e+00
     51.580    13.2909   4.060308    34.3685       1266     5.2708  0.000e+00
     51.540    13.2744   4.057586    34.3578       1267     5.2750  0.000e+00
     51.490    13.2550   4.056104    34.3613       1268     5.2792  0.000e+00
     51.446    13.2365   4.053884    34.3570       1269     5.2833  0.000e+00
     51.407    13.2208   4.053597    34.3685       1270     5.2875  0.000e+00
     51.359    13.2078   4.049957    34.3459       1271     5.2917  0.000e+00
     51.318    13.1916   4.049549    34.3566       1272     5.2958  0.000e+00
     51.278    13.1784   4.048318    34.3570       1273     5.3000  0.000e+00
     51.231    13.1672   4.048086    34.3649       1274     5.3042  0.000e+00
     51.186    13.1590   4.048178    34.3732       1275     5.3083  0.000e+00
     51.141    13.1541   4.048178    34.3777       1276     5.3125  0.000e+00
     51.101    13.1514   4.048562    34.3838       1277     5.3167  0.000e+00
     51.050    13.1507   4.048690    34.3857       1278     5.3208  0.000e+00
     51.008    13.1512   4.048702    34.3853       1279     5.3250  0.000e+00
     50.961    13.1517   4.049257    34.3901       1280     5.3292  0.000e+00
     50.913    13.1533   4.049378    34.3899       1281     5.3333  0.000e+00
     50.864    13.1550   4.049208    34.3868       1282     5.3375  0.000e+00
     50.818    13.1557   4.049159    34.3856       1283     5.3417  0.000e+00
     50.777    13.1560   4.049116    34.3851       1284     5.3458  0.000e+00
     50.728    13.1562   4.049378    34.3874       1285     5.3500  0.000e+00
     50.683    13.1568   4.049067    34.3839       1286     5.3542  0.000e+00
     50.623    13.1565   4.048750    34.3812       1287     5.3583  0.000e+00
     50.571    13.1557   4.049043    34.3847       1288     5.3625  0.000e+00
     50.518    13.1555   4.049287    34.3872       1289     5.3667  0.000e+00
     50.460    13.1554   4.047763    34.3728       1290     5.3708  0.000e+00
     50.404    13.1525   4.046513    34.3636       1291     5.3750  0.000e+00
     50.346    13.1462   4.043083    34.3369       1292     5.3792  0.000e+00
     50.290    13.1322   4.038125    34.3026       1293     5.3833  0.000e+00
     50.240    13.1097   4.038076    34.3225       1294     5.3875  0.000e+00
     50.193    13.0923   4.037023    34.3282       1295     5.3917  0.000e+00
     50.153    13.0795   4.038454    34.3535       1296     5.3958  0.000e+00
     50.115    13.0746   4.041414    34.3860       1297     5.4000  0.000e+00
     50.088    13.0785   4.036707    34.3377       1298     5.4042  0.000e+00
     50.055    13.0721   4.030620    34.2858       1299     5.4083  0.000e+00
     50.039    13.0513   4.029428    34.2933       1300     5.4125  0.000e+00
     50.010    13.0317   4.028826    34.3053       1301     5.4167  0.000e+00
     49.985    13.0172   4.028777    34.3180       1302     5.4208  0.000e+00
     49.959    13.0080   4.028345    34.3223       1303     5.4250  0.000e+00
     49.928    13.0014   4.028491    34.3296       1304     5.4292  0.000e+00
     49.885    12.9969   4.027962    34.3287       1305     5.4333  0.000e+00
     49.838    12.9936   4.028534    34.3371       1306     5.4375  0.000e+00
     49.787    12.9928   4.028777    34.3402       1307     5.4417  0.000e+00
     49.738    12.9938   4.028777    34.3393       1308     5.4458  0.000e+00
     49.675    12.9944   4.028966    34.3406       1309     5.4500  0.000e+00
     49.623    12.9962   4.031868    34.3666       1310     5.4542  0.000e+00
     49.557    13.0056   4.037164    34.4085       1311     5.4583  0.000e+00
     49.509    13.0275   4.039685    34.4126       1312     5.4625  0.000e+00
     49.454    13.0520   4.040872    34.4017       1313     5.4667  0.000e+00
     49.413    13.0724   4.042352    34.3972       1314     5.4708  0.000e+00
     49.373    13.0897   4.043071    34.3883       1315     5.4750  0.000e+00
     49.329    13.1035   4.043698    34.3818       1316     5.4792  0.000e+00
     49.293    13.1138   4.043869    34.3741       1317     5.4833  0.000e+00
     49.257    13.1213   4.043820    34.3668       1318     5.4875  0.000e+00
     49.212    13.1257   4.043893    34.3636       1319     5.4917  0.000e+00
     49.176    13.1287   4.043960    34.3615       1320     5.4958  0.000e+00
     49.139    13.1306   4.043984    34.3600       1321     5.5000  0.000e+00
     49.094    13.1321   4.043868    34.3576       1322     5.5042  0.000e+00
     49.051    13.1324   4.043527    34.3541       1323     5.5083  0.000e+00
     49.009    13.1314   4.041438    34.3352       1324     5.5125  0.000e+00
     48.958    13.1268   4.041334    34.3384       1325     5.5167  0.000e+00
     48.911    13.1213   4.036395    34.2966       1326     5.5208  0.000e+00
     48.866    13.1078   4.036444    34.3093       1327     5.5250  0.000e+00
     48.819    13.0955   4.035774    34.3141       1328     5.5292  0.000e+00
     48.776    13.0862   4.035306    34.3181       1329     5.5333  0.000e+00
     48.731    13.0786   4.034667    34.3189       1330     5.5375  0.000e+00
     48.689    13.0725   4.034022    34.3183       1331     5.5417  0.000e+00
     48.653    13.0652   4.029159    34.2787       1332     5.5458  0.000e+00
     48.615    13.0518   4.032111    34.3190       1333     5.5500  0.000e+00
     48.579    13.0462   4.033042    34.3328       1334     5.5542  0.000e+00
     48.542    13.0465   4.032701    34.3293       1335     5.5583  0.000e+00
     48.503    13.0471   4.033760    34.3389       1336     5.5625  0.000e+00
     48.470    13.0493   4.035811    34.3564       1337     5.5667  0.000e+00
     48.434    13.0562   4.033687    34.3300       1338     5.5708  0.000e+00
     48.394    13.0578   4.031794    34.3105       1339     5.5750  0.000e+00
     48.358    13.0520   4.029926    34.2980       1340     5.5792  0.000e+00
     48.316    13.0417   4.025388    34.2643       1341     5.5833  0.000e+00
     48.276    13.0238   4.021813    34.2466       1342     5.5875  0.000e+00
     48.231    13.0014   4.017352    34.2244       1343     5.5917  0.000e+00
     48.190    12.9751   4.014035    34.2166       1344     5.5958  0.000e+00
     48.152    12.9480   4.009894    34.2017       1345     5.6000  0.000e+00
     48.105    12.9196   4.008516    34.2143       1346     5.6042  0.000e+00
     48.063    12.8970   4.007703    34.2270       1347     5.6083  0.000e+00
     48.018    12.8800   4.005900    34.2252       1348     5.6125  0.000e+00
     47.983    12.8648   4.004498    34.2257       1349     5.6167  0.000e+00
     47.947    12.8511   4.003879    34.2322       1350     5.6208  0.000e+00
     47.904    12.8395   4.002593    34.2305       1351     5.6250  0.000e+00
     47.873    12.8290   4.001835    34.2328       1352     5.6292  0.000e+00
     47.838    12.8203   4.000870    34.2314       1353     5.6333  0.000e+00
     47.806    12.8120   3.999032    34.2214       1354     5.6375  0.000e+00
     47.775    12.8022   3.998820    34.2283       1355     5.6417  0.000e+00
     47.744    12.7944   3.999033    34.2374       1356     5.6458  0.000e+00
     47.712    12.7899   3.998748    34.2388       1357     5.6500  0.000e+00
     47.685    12.7865   3.998893    34.2433       1358     5.6542  0.000e+00
     47.663    12.7848   3.999160    34.2474       1359     5.6583  0.000e+00
     47.625    12.7848   3.999033    34.2462       1360     5.6625  0.000e+00
     47.585    12.7847   3.998942    34.2454       1361     5.6667  0.000e+00
     47.556    12.7846   3.998560    34.2419       1362     5.6708  0.000e+00
     47.518    12.7834   3.998202    34.2396       1363     5.6750  0.000e+00
     47.482    12.7816   3.998632    34.2454       1364     5.6792  0.000e+00
     47.444    12.7816   3.998820    34.2471       1365     5.6833  0.000e+00
     47.404    12.7824   3.999209    34.2501       1366     5.6875  0.000e+00
     47.359    12.7840   3.998917    34.2459       1367     5.6917  0.000e+00
     47.321    12.7842   3.998226    34.2391       1368     5.6958  0.000e+00
     47.276    12.7824   3.992751    34.1885       1369     5.7000  0.000e+00
     47.227    12.7683   3.980509    34.0842       1370     5.7042  0.000e+00
     47.176    12.7326   3.977562    34.0884       1371     5.7083  0.000e+00
     47.126    12.6966   3.971603    34.0639       1372     5.7125  0.000e+00
     47.073    12.6615   3.971912    34.0987       1373     5.7167  0.000e+00
     47.026    12.6353   3.969699    34.1012       1374     5.7208  0.000e+00
     46.984    12.6138   3.965479    34.0803       1375     5.7250  0.000e+00
     46.947    12.5904   3.964579    34.0929       1376     5.7292  0.000e+00
     46.903    12.5702   3.963546    34.1012       1377     5.7333  0.000e+00
     46.872    12.5553   3.963359    34.1130       1378     5.7375  0.000e+00
     46.849    12.5450   3.963782    34.1264       1379     5.7417  0.000e+00
     46.823    12.5390   3.963172    34.1260       1380     5.7458  0.000e+00
     46.802    12.5347   3.963027    34.1285       1381     5.7500  0.000e+00
     46.784    12.5314   3.962797    34.1293       1382     5.7542  0.000e+00
     46.771    12.5290   3.962652    34.1301       1383     5.7583  0.000e+00
     46.755    12.5273   3.962749    34.1326       1384     5.7625  0.000e+00
     46.738    12.5263   3.962465    34.1307       1385     5.7667  0.000e+00
     46.720    12.5257   3.962700    34.1336       1386     5.7708  0.000e+00
     46.704    12.5260   3.963002    34.1362       1387     5.7750  0.000e+00
     46.680    12.5271   3.962374    34.1292       1388     5.7792  0.000e+00
     46.666    12.5266   3.962416    34.1301       1389     5.7833  0.000e+00
     46.639    12.5258   3.962700    34.1335       1390     5.7875  0.000e+00
     46.617    12.5261   3.962555    34.1318       1391     5.7917  0.000e+00
     46.597    12.5259   3.962253    34.1291       1392     5.7958  0.000e+00
     46.575    12.5253   3.962301    34.1302       1393     5.8000  0.000e+00
     46.561    12.5251   3.962253    34.1299       1394     5.8042  0.000e+00
     46.539    12.5248   3.962652    34.1340       1395     5.8083  0.000e+00
     46.523    12.5252   3.962489    34.1321       1396     5.8125  0.000e+00
     46.508    12.5259   3.962676    34.1332       1397     5.8167  0.000e+00
     46.487    12.5266   3.962773    34.1335       1398     5.8208  0.000e+00
     46.465    12.5278   3.963709    34.1415       1399     5.8250  0.000e+00
     46.436    12.5311   3.963969    34.1410       1400     5.8292  0.000e+00
     46.405    12.5353   3.966290    34.1595       1401     5.8333  0.000e+00
     46.376    12.5430   3.967185    34.1611       1402     5.8375  0.000e+00
     46.335    12.5520   3.967535    34.1564       1403     5.8417  0.000e+00
     46.289    12.5595   3.967608    34.1502       1404     5.8458  0.000e+00
     46.246    12.5661   3.970244    34.1696       1405     5.8500  0.000e+00
     46.199    12.5774   3.974199    34.1973       1406     5.8542  0.000e+00
     46.152    12.5957   3.978792    34.2248       1407     5.8583  0.000e+00
     46.101    12.6212   3.979451    34.2079       1408     5.8625  0.000e+00
     46.060    12.6429   3.980583    34.1991       1409     5.8667  0.000e+00
     46.018    12.6604   3.986602    34.2409       1410     5.8708  0.000e+00
     45.976    12.6878   3.991146    34.2595       1411     5.8750  0.000e+00
     45.944    12.7211   3.999057    34.3050       1412     5.8792  0.000e+00
     45.917    12.7641   4.006993    34.3419       1413     5.8833  0.000e+00
     45.889    12.8175   4.006786    34.2913       1414     5.8875  0.000e+00
     45.864    12.8565   4.010440    34.2908       1415     5.8917  0.000e+00
     45.841    12.8877   4.015682    34.3125       1416     5.8958  0.000e+00
     45.812    12.9251   4.018379    34.3043       1417     5.9000  0.000e+00
     45.781    12.9586   4.022652    34.3146       1418     5.9042  0.000e+00
     45.752    12.9909   4.023880    34.2971       1419     5.9083  0.000e+00
     45.721    13.0191   4.029207    34.3221       1420     5.9125  0.000e+00
     45.689    13.0490   4.031434    34.3163       1421     5.9167  0.000e+00
     45.661    13.0756   4.031793    34.2956       1422     5.9208  0.000e+00
     45.622    13.0960   4.033661    34.2949       1423     5.9250  0.000e+00
     45.587    13.1127   4.032845    34.2720       1424     5.9292  0.000e+00
     45.557    13.1218   4.033947    34.2743       1425     5.9333  0.000e+00
     45.520    13.1287   4.033058    34.2597       1426     5.9375  0.000e+00
     45.493    13.1322   4.033180    34.2576       1427     5.9417  0.000e+00
     45.466    13.1338   4.034318    34.2671       1428     5.9458  0.000e+00
     45.446    13.1383   4.035292    34.2722       1429     5.9500  0.000e+00
     45.426    13.1437   4.035389    34.2682       1430     5.9542  0.000e+00
     45.410    13.1474   4.035340    34.2645       1431     5.9583  0.000e+00
     45.395    13.1500   4.035462    34.2633       1432     5.9625  0.000e+00
     45.377    13.1513   4.034597    34.2539       1433     5.9667  0.000e+00
     45.359    13.1469   4.028147    34.1968       1434     5.9708  0.000e+00
     45.348    13.1307   4.029394    34.2232       1435     5.9750  0.000e+00
     45.338    13.1191   4.030873    34.2477       1436     5.9792  0.000e+00
     45.325    13.1154   4.027551    34.2195       1437     5.9833  0.000e+00
     45.310    13.1090   4.029900    34.2475       1438     5.9875  0.000e+00
     45.296    13.1099   4.036564    34.3100       1439     5.9917  0.000e+00
     45.281    13.1257   4.032431    34.2565       1440     5.9958  0.000e+00
     45.271    13.1293   4.029802    34.2283       1441     6.0000  0.000e+00
     45.260    13.1221   4.029443    34.2315       1442     6.0042  0.000e+00
     45.249    13.1154   4.032078    34.2625       1443     6.0083  0.000e+00
     45.238    13.1192   4.038409    34.3191       1444     6.0125  0.000e+00
     45.232    13.1308   4.026925    34.1997       1445     6.0167  0.000e+00
