HB2406/sbe099.cnv
* Sea-Bird SBE 19plus V2 Data File:
* FileName = C:\cruise\data\sbe099.hex
* Software Version Seasave V 7.26.7.121
* Temperature SN = 7037
* Conductivity SN = 7037
* System UpLoad Time = Aug 20 2024 21:51:01
* NMEA Latitude = 42 19.13 N
* NMEA Longitude = 070 17.04 W
* NMEA UTC (Time) = Aug 20 2024  21:49:56
** Ship: Henry Bigelow
** Cruise:  HB2406
** Program:  ECOMON
# nquan = 7
# nvalues = 1631                                  
# units = specified
# name 0 = depSM: Depth [salt water, m]
# name 1 = tv290C: Temperature [ITS-90, deg C]
# name 2 = c0S/m: Conductivity [S/m]
# name 3 = sal00: Salinity, Practical [PSU]
# name 4 = scan: Scan Count
# name 5 = timeM: Time, Elapsed [minutes]
# name 6 = flag:  0.000e+00
# span 0 =     -0.035,     26.482                 
# span 1 =     6.5712,    17.2278                 
# span 2 =  -0.059169,   4.082397                 
# span 3 =     0.0000,    32.4508                 
# span 4 =         11,       1641                 
# span 5 =     0.0417,     6.8333                 
# span 6 = 0.0000e+00, 0.0000e+00                 
# interval = seconds: 0.25
# start_time = Aug 20 2024 21:49:56 [NMEA time, header]
# bad_flag = -9.990e-29
*END*
[from data line 1436]
      5.135    16.5741   4.028859    31.3392       1447     6.0250  0.000e+00
      5.147    16.5691   4.028762    31.3423       1448     6.0292  0.000e+00
      5.173    16.5647   4.027728    31.3367       1449     6.0333  0.000e+00
      5.189    16.5590   4.027156    31.3362       1450     6.0375  0.000e+00
      5.209    16.5519   4.027229    31.3424       1451     6.0417  0.000e+00
      5.230    16.5473   4.027162    31.3454       1452     6.0458  0.000e+00
      5.254    16.5440   4.026536    31.3426       1453     6.0500  0.000e+00
      5.275    16.5396   4.024839    31.3313       1454     6.0542  0.000e+00
      5.295    16.5317   4.024858    31.3376       1455     6.0583  0.000e+00
      5.310    16.5244   4.024687    31.3418       1456     6.0625  0.000e+00
      5.311    16.5192   4.025241    31.3507       1457     6.0667  0.000e+00
      5.311    16.5179   4.025746    31.3561       1458     6.0708  0.000e+00
      5.304    16.5189   4.025934    31.3570       1459     6.0750  0.000e+00
      5.295    16.5208   4.026080    31.3568       1460     6.0792  0.000e+00
      5.281    16.5226   4.025715    31.3522       1461     6.0833  0.000e+00
      5.259    16.5228   4.025697    31.3519       1462     6.0875  0.000e+00
      5.233    16.5222   4.024955    31.3459       1463     6.0917  0.000e+00
      5.206    16.5199   4.025289    31.3506       1464     6.0958  0.000e+00
      5.188    16.5189   4.026202    31.3594       1465     6.1000  0.000e+00
      5.181    16.5218   4.027205    31.3658       1466     6.1042  0.000e+00
      5.179    16.5285   4.027205    31.3605       1467     6.1083  0.000e+00
      5.188    16.5335   4.027181    31.3564       1468     6.1125  0.000e+00
      5.195    16.5366   4.026390    31.3471       1469     6.1167  0.000e+00
      5.210    16.5359   4.024894    31.3347       1470     6.1208  0.000e+00
      5.228    16.5296   4.024906    31.3398       1471     6.1250  0.000e+00
      5.257    16.5243   4.024669    31.3418       1472     6.1292  0.000e+00
      5.278    16.5196   4.025363    31.3515       1473     6.1333  0.000e+00
      5.314    16.5194   4.026488    31.3614       1474     6.1375  0.000e+00
      5.347    16.5232   4.025606    31.3508       1475     6.1417  0.000e+00
      5.372    16.5248   4.025362    31.3474       1476     6.1458  0.000e+00
      5.383    16.5233   4.023593    31.3332       1477     6.1500  0.000e+00
      5.354    16.5170   4.023642    31.3386       1478     6.1542  0.000e+00
      5.298    16.5102   4.025375    31.3590       1479     6.1583  0.000e+00
      5.229    16.5126   4.026251    31.3647       1480     6.1625  0.000e+00
      5.161    16.5187   4.027996    31.3751       1481     6.1667  0.000e+00
      5.103    16.5290   4.027850    31.3658       1482     6.1708  0.000e+00
      5.041    16.5386   4.029383    31.3716       1483     6.1750  0.000e+00
      4.965    16.5481   4.030119    31.3705       1484     6.1792  0.000e+00
      4.895    16.5585   4.030654    31.3671       1485     6.1833  0.000e+00
      4.823    16.5668   4.030891    31.3626       1486     6.1875  0.000e+00
      4.750    16.5734   4.031250    31.3606       1487     6.1917  0.000e+00
      4.689    16.5782   4.031542    31.3594       1488     6.1958  0.000e+00
      4.616    16.5828   4.031755    31.3577       1489     6.2000  0.000e+00
      4.548    16.5864   4.031487    31.3525       1490     6.2042  0.000e+00
      4.486    16.5884   4.031585    31.3518       1491     6.2083  0.000e+00
      4.419    16.5897   4.031658    31.3515       1492     6.2125  0.000e+00
      4.381    16.5920   4.033386    31.3647       1493     6.2167  0.000e+00
      4.354    16.5994   4.035133    31.3740       1494     6.2208  0.000e+00
      4.352    16.6115   4.036210    31.3739       1495     6.2250  0.000e+00
      4.369    16.6254   4.034341    31.3468       1496     6.2292  0.000e+00
      4.383    16.6286   4.032485    31.3282       1497     6.2333  0.000e+00
      4.408    16.6208   4.032254    31.3323       1498     6.2375  0.000e+00
      4.421    16.6130   4.030769    31.3256       1499     6.2417  0.000e+00
      4.446    16.6041   4.032351    31.3462       1500     6.2458  0.000e+00
      4.468    16.6005   4.032004    31.3460       1501     6.2500  0.000e+00
      4.491    16.5988   4.028208    31.3145       1502     6.2542  0.000e+00
      4.510    16.5864   4.027034    31.3140       1503     6.2583  0.000e+00
      4.519    16.5694   4.026773    31.3250       1504     6.2625  0.000e+00
      4.520    16.5572   4.026383    31.3311       1505     6.2667  0.000e+00
      4.515    16.5479   4.026292    31.3377       1506     6.2708  0.000e+00
      4.510    16.5417   4.026274    31.3424       1507     6.2750  0.000e+00
      4.504    16.5378   4.025842    31.3417       1508     6.2792  0.000e+00
      4.499    16.5335   4.025915    31.3456       1509     6.2833  0.000e+00
      4.493    16.5310   4.026384    31.3517       1510     6.2875  0.000e+00
      4.488    16.5308   4.026749    31.3550       1511     6.2917  0.000e+00
      4.488    16.5326   4.026584    31.3522       1512     6.2958  0.000e+00
      4.495    16.5340   4.026895    31.3538       1513     6.3000  0.000e+00
      4.499    16.5355   4.027095    31.3543       1514     6.3042  0.000e+00
      4.509    16.5373   4.026749    31.3499       1515     6.3083  0.000e+00
      4.520    16.5375   4.027229    31.3539       1516     6.3125  0.000e+00
      4.527    16.5388   4.027515    31.3554       1517     6.3167  0.000e+00
      4.526    16.5412   4.027661    31.3548       1518     6.3208  0.000e+00
      4.536    16.5435   4.028421    31.3596       1519     6.3250  0.000e+00
      4.536    16.5476   4.028999    31.3614       1520     6.3292  0.000e+00
      4.536    16.5529   4.028975    31.3570       1521     6.3333  0.000e+00
      4.533    16.5571   4.029358    31.3571       1522     6.3375  0.000e+00
      4.531    16.5611   4.030307    31.3622       1523     6.3417  0.000e+00
      4.527    16.5669   4.030867    31.3624       1524     6.3458  0.000e+00
      4.529    16.5735   4.031250    31.3606       1525     6.3500  0.000e+00
      4.538    16.5794   4.031609    31.3591       1526     6.3542  0.000e+00
      4.542    16.5848   4.032552    31.3630       1527     6.3583  0.000e+00
      4.547    16.5915   4.033313    31.3644       1528     6.3625  0.000e+00
      4.558    16.5996   4.034055    31.3645       1529     6.3667  0.000e+00
      4.567    16.6077   4.035157    31.3676       1530     6.3708  0.000e+00
      4.565    16.6172   4.035370    31.3621       1531     6.3750  0.000e+00
      4.571    16.6251   4.035906    31.3605       1532     6.3792  0.000e+00
      4.567    16.6314   4.036502    31.3607       1533     6.3833  0.000e+00
      4.554    16.6380   4.036983    31.3597       1534     6.3875  0.000e+00
      4.542    16.6443   4.037823    31.3621       1535     6.3917  0.000e+00
      4.520    16.6514   4.038183    31.3596       1536     6.3958  0.000e+00
      4.502    16.6576   4.037001    31.3446       1537     6.4000  0.000e+00
      4.482    16.6587   4.037318    31.3465       1538     6.4042  0.000e+00
      4.460    16.6585   4.038323    31.3554       1539     6.4083  0.000e+00
      4.429    16.6618   4.038414    31.3535       1540     6.4125  0.000e+00
      4.402    16.6655   4.038925    31.3551       1541     6.4167  0.000e+00
      4.375    16.6696   4.039431    31.3563       1542     6.4208  0.000e+00
      4.363    16.6747   4.040777    31.3640       1543     6.4250  0.000e+00
      4.341    16.6829   4.042513    31.3725       1544     6.4292  0.000e+00
      4.319    16.6960   4.043225    31.3685       1545     6.4333  0.000e+00
      4.303    16.7082   4.043225    31.3590       1546     6.4375  0.000e+00
      4.285    16.7163   4.043457    31.3546       1547     6.4417  0.000e+00
      4.270    16.7222   4.044017    31.3548       1548     6.4458  0.000e+00
      4.256    16.7282   4.044090    31.3508       1549     6.4500  0.000e+00
      4.254    16.7334   4.045290    31.3571       1550     6.4542  0.000e+00
      4.250    16.7404   4.045461    31.3531       1551     6.4583  0.000e+00
      4.261    16.7476   4.045077    31.3442       1552     6.4625  0.000e+00
      4.261    16.7503   4.045223    31.3433       1553     6.4667  0.000e+00
      4.256    16.7522   4.045461    31.3439       1554     6.4708  0.000e+00
      4.248    16.7544   4.045784    31.3450       1555     6.4750  0.000e+00
      4.232    16.7572   4.047149    31.3546       1556     6.4792  0.000e+00
      4.221    16.7632   4.047411    31.3522       1557     6.4833  0.000e+00
      4.203    16.7697   4.047124    31.3447       1558     6.4875  0.000e+00
      4.176    16.7733   4.048343    31.3523       1559     6.4917  0.000e+00
      4.140    16.7791   4.050300    31.3647       1560     6.4958  0.000e+00
      4.096    16.7903   4.051794    31.3689       1561     6.5000  0.000e+00
      4.031    16.8039   4.052617    31.3654       1562     6.5042  0.000e+00
      3.946    16.8161   4.052903    31.3583       1563     6.5083  0.000e+00
      3.843    16.8256   4.053165    31.3532       1564     6.5125  0.000e+00
      3.737    16.8326   4.054324    31.3578       1565     6.5167  0.000e+00
      3.614    16.8401   4.054422    31.3529       1566     6.5208  0.000e+00
      3.483    16.8467   4.054617    31.3495       1567     6.5250  0.000e+00
      3.357    16.8518   4.056135    31.3585       1568     6.5292  0.000e+00
      3.243    16.8602   4.061804    31.4009       1569     6.5333  0.000e+00
      3.149    16.8864   4.068661    31.4396       1570     6.5375  0.000e+00
      3.069    16.9349   4.070359    31.4163       1571     6.5417  0.000e+00
      3.026    16.9775   4.070987    31.3885       1572     6.5458  0.000e+00
      3.001    17.0087   4.071421    31.3679       1573     6.5500  0.000e+00
      3.001    17.0294   4.071714    31.3543       1574     6.5542  0.000e+00
      3.004    17.0435   4.072147    31.3471       1575     6.5583  0.000e+00
      3.017    17.0538   4.071542    31.3339       1576     6.5625  0.000e+00
      3.047    17.0588   4.071762    31.3319       1577     6.5667  0.000e+00
      3.071    17.0608   4.070546    31.3199       1578     6.5708  0.000e+00
      3.080    17.0593   4.071616    31.3302       1579     6.5750  0.000e+00
      3.067    17.0591   4.071665    31.3308       1580     6.5792  0.000e+00
      3.037    17.0610   4.071451    31.3275       1581     6.5833  0.000e+00
      2.981    17.0614   4.072367    31.3351       1582     6.5875  0.000e+00
      2.921    17.0650   4.073699    31.3438       1583     6.5917  0.000e+00
      2.836    17.0733   4.076101    31.3579       1584     6.5958  0.000e+00
      2.776    17.0873   4.079531    31.3765       1585     6.6000  0.000e+00
      2.706    17.1099   4.079922    31.3622       1586     6.6042  0.000e+00
      2.650    17.1293   4.076033    31.3139       1587     6.6083  0.000e+00
      2.603    17.1291   4.077293    31.3249       1588     6.6125  0.000e+00
      2.552    17.1262   4.077513    31.3290       1589     6.6167  0.000e+00
      2.509    17.1288   4.078754    31.3377       1590     6.6208  0.000e+00
      2.476    17.1349   4.079041    31.3354       1591     6.6250  0.000e+00
      2.456    17.1404   4.077879    31.3212       1592     6.6292  0.000e+00
      2.435    17.1405   4.078802    31.3290       1593     6.6333  0.000e+00
      2.409    17.1428   4.080013    31.3376       1594     6.6375  0.000e+00
      2.375    17.1486   4.080319    31.3358       1595     6.6417  0.000e+00
      2.326    17.1549   4.080625    31.3335       1596     6.6458  0.000e+00
      2.257    17.1600   4.080600    31.3294       1597     6.6500  0.000e+00
      2.156    17.1630   4.080013    31.3221       1598     6.6542  0.000e+00
      2.044    17.1638   4.080160    31.3227       1599     6.6583  0.000e+00
      1.961    17.1640   4.080282    31.3237       1600     6.6625  0.000e+00
      1.869    17.1640   4.078753    31.3106       1601     6.6667  0.000e+00
      1.807    17.1592   4.078337    31.3107       1602     6.6708  0.000e+00
      1.756    17.1534   4.078967    31.3207       1603     6.6750  0.000e+00
      1.726    17.1511   4.078753    31.3206       1604     6.6792  0.000e+00
      1.713    17.1498   4.078802    31.3220       1605     6.6833  0.000e+00
      1.727    17.1492   4.080306    31.3354       1606     6.6875  0.000e+00
      1.740    17.1535   4.080105    31.3303       1607     6.6917  0.000e+00
      1.751    17.1575   4.079872    31.3253       1608     6.6958  0.000e+00
      1.754    17.1587   4.079285    31.3193       1609     6.7000  0.000e+00
      1.742    17.1574   4.079340    31.3208       1610     6.7042  0.000e+00
      1.718    17.1557   4.078631    31.3160       1611     6.7083  0.000e+00
      1.689    17.1523   4.079358    31.3249       1612     6.7125  0.000e+00
      1.646    17.1516   4.080600    31.3361       1613     6.7167  0.000e+00
      1.584    17.1567   4.081132    31.3367       1614     6.7208  0.000e+00
      1.505    17.1632   4.081181    31.3321       1615     6.7250  0.000e+00
      1.400    17.1679   4.081230    31.3289       1616     6.7292  0.000e+00
      1.293    17.1713   4.081450    31.3282       1617     6.7333  0.000e+00
      1.190    17.1741   4.081505    31.3265       1618     6.7375  0.000e+00
      1.089    17.1761   4.081156    31.3220       1619     6.7417  0.000e+00
      1.017    17.1762   4.081229    31.3226       1620     6.7458  0.000e+00
      1.009    17.1763   4.081388    31.3239       1621     6.7500  0.000e+00
      1.033    17.1769   4.081670    31.3259       1622     6.7542  0.000e+00
      1.051    17.1784   4.081694    31.3248       1623     6.7583  0.000e+00
      1.056    17.1800   4.081786    31.3244       1624     6.7625  0.000e+00
      1.089    17.1809   4.081596    31.3220       1625     6.7667  0.000e+00
      1.109    17.1811   4.081688    31.3227       1626     6.7708  0.000e+00
      1.085    17.1811   4.081719    31.3230       1627     6.7750  0.000e+00
      0.991    17.1814   4.081957    31.3248       1628     6.7792  0.000e+00
      0.888    17.1826   4.081853    31.3230       1629     6.7833  0.000e+00
      0.808    17.1833   4.081841    31.3224       1630     6.7875  0.000e+00
      0.747    17.1833   4.081596    31.3204       1631     6.7917  0.000e+00
      0.709    17.1826   4.081364    31.3189       1632     6.7958  0.000e+00
      0.689    17.1811   4.081743    31.3233       1633     6.8000  0.000e+00
      0.675    17.1812   4.081865    31.3243       1634     6.8042  0.000e+00
      0.669    17.1823   4.081994    31.3246       1635     6.8083  0.000e+00
      0.648    17.1835   4.082055    31.3241       1636     6.8125  0.000e+00
      0.608    17.1845   4.082159    31.3243       1637     6.8167  0.000e+00
      0.581    17.1854   4.082128    31.3233       1638     6.8208  0.000e+00
      0.570    17.1861   4.082153    31.3230       1639     6.8250  0.000e+00
      0.562    17.1866   4.082299    31.3239       1640     6.8292  0.000e+00
      0.541    17.1875   4.082397    31.3240       1641     6.8333  0.000e+00
