HB2406/sbe031.cnv
* Sea-Bird SBE 19plus V2 Data File:
* FileName = C:\cruise\data\sbe031.hex
* Software Version Seasave V 7.26.7.121
* Temperature SN = 7037
* Conductivity SN = 7037
* System UpLoad Time = Aug 14 2024 23:23:44
* NMEA Latitude = 41 37.31 N
* NMEA Longitude = 066 24.87 W
* NMEA UTC (Time) = Aug 14 2024  23:22:36
** Ship: Henry Bigelow
** Cruise:  HB2406
** Program:  ECOMON
# nquan = 7
# nvalues = 2069                                  
# units = specified
# name 0 = depSM: Depth [salt water, m]
# name 1 = tv290C: Temperature [ITS-90, deg C]
# name 2 = c0S/m: Conductivity [S/m]
# name 3 = sal00: Salinity, Practical [PSU]
# name 4 = scan: Scan Count
# name 5 = timeM: Time, Elapsed [minutes]
# name 6 = flag:  0.000e+00
# span 0 =     -0.002,     79.127                 
# span 1 =     9.5657,    19.5079                 
# span 2 =  -0.000044,   4.313274                 
# span 3 =     0.0000,    32.5766                 
# span 4 =         11,       2079                 
# span 5 =     0.0417,     8.6583                 
# span 6 = 0.0000e+00, 0.0000e+00                 
# interval = seconds: 0.25
# start_time = Aug 14 2024 23:22:36 [NMEA time, header]
# bad_flag = -9.990e-29
*END*
[from data line 1436]
     25.274    13.1017   3.807363    32.1601       1447     6.0250  0.000e+00
     25.214    13.1139   3.807750    32.1535       1448     6.0292  0.000e+00
     25.162    13.1285   3.809355    32.1562       1449     6.0333  0.000e+00
     25.113    13.1423   3.809711    32.1479       1450     6.0375  0.000e+00
     25.059    13.1555   3.808873    32.1289       1451     6.0417  0.000e+00
     25.015    13.1603   3.810407    32.1393       1452     6.0458  0.000e+00
     24.979    13.1691   3.813089    32.1570       1453     6.0500  0.000e+00
     24.938    13.1854   3.814207    32.1537       1454     6.0542  0.000e+00
     24.909    13.2035   3.815290    32.1485       1455     6.0583  0.000e+00
     24.880    13.2193   3.815581    32.1380       1456     6.0625  0.000e+00
     24.845    13.2315   3.820473    32.1735       1457     6.0667  0.000e+00
     24.816    13.2572   3.829473    32.2362       1458     6.0708  0.000e+00
     24.791    13.3130   3.834944    32.2401       1459     6.0750  0.000e+00
     24.757    13.3799   3.841307    32.2430       1460     6.0792  0.000e+00
     24.726    13.4503   3.844499    32.2134       1461     6.0833  0.000e+00
     24.691    13.5117   3.846253    32.1779       1462     6.0875  0.000e+00
     24.657    13.5611   3.848885    32.1609       1463     6.0917  0.000e+00
     24.612    13.6025   3.849249    32.1295       1464     6.0958  0.000e+00
     24.568    13.6322   3.849427    32.1062       1465     6.1000  0.000e+00
     24.518    13.6510   3.850353    32.0991       1466     6.1042  0.000e+00
     24.472    13.6656   3.851266    32.0953       1467     6.1083  0.000e+00
     24.418    13.6793   3.852329    32.0937       1468     6.1125  0.000e+00
     24.364    13.6922   3.853309    32.0920       1469     6.1167  0.000e+00
     24.304    13.7045   3.853643    32.0848       1470     6.1208  0.000e+00
     24.239    13.7143   3.853942    32.0794       1471     6.1250  0.000e+00
     24.181    13.7217   3.854169    32.0753       1472     6.1292  0.000e+00
     24.120    13.7274   3.854575    32.0743       1473     6.1333  0.000e+00
     24.055    13.7325   3.855441    32.0782       1474     6.1375  0.000e+00
     23.980    13.7393   3.857156    32.0884       1475     6.1417  0.000e+00
     23.908    13.7514   3.866220    32.1622       1476     6.1458  0.000e+00
     23.828    13.7928   3.879366    32.2492       1477     6.1500  0.000e+00
     23.747    13.8798   3.889601    32.2708       1478     6.1542  0.000e+00
     23.675    13.9886   3.897573    32.2531       1479     6.1583  0.000e+00
     23.590    14.0961   3.902801    32.2113       1480     6.1625  0.000e+00
     23.521    14.1914   3.906812    32.1687       1481     6.1667  0.000e+00
     23.443    14.2712   3.908817    32.1206       1482     6.1708  0.000e+00
     23.373    14.3321   3.910637    32.0868       1483     6.1750  0.000e+00
     23.311    14.3793   3.919373    32.1274       1484     6.1792  0.000e+00
     23.262    14.4420   3.924800    32.1250       1485     6.1833  0.000e+00
     23.201    14.5121   3.927026    32.0872       1486     6.1875  0.000e+00
     23.156    14.5697   3.928001    32.0485       1487     6.1917  0.000e+00
     23.112    14.6111   3.928446    32.0184       1488     6.1958  0.000e+00
     23.067    14.6388   3.928861    31.9993       1489     6.2000  0.000e+00
     23.033    14.6577   3.929511    31.9897       1490     6.2042  0.000e+00
     22.996    14.6720   3.929836    31.9809       1491     6.2083  0.000e+00
     22.964    14.6830   3.932390    31.9950       1492     6.2125  0.000e+00
     22.924    14.7004   3.938095    32.0324       1493     6.2167  0.000e+00
     22.886    14.7372   3.942803    32.0448       1494     6.2208  0.000e+00
     22.841    14.7831   3.947139    32.0463       1495     6.2250  0.000e+00
     22.797    14.8348   3.954646    32.0716       1496     6.2292  0.000e+00
     22.741    14.9001   3.966347    32.1237       1497     6.2333  0.000e+00
     22.680    14.9939   3.982723    32.1941       1498     6.2375  0.000e+00
     22.618    15.1281   3.986918    32.1215       1499     6.2417  0.000e+00
     22.557    15.2446   3.988734    32.0424       1500     6.2458  0.000e+00
     22.490    15.3263   3.990369    31.9904       1501     6.2500  0.000e+00
     22.423    15.3850   3.997873    32.0097       1502     6.2542  0.000e+00
     22.359    15.4493   4.007684    32.0448       1503     6.2583  0.000e+00
     22.291    15.5395   4.023588    32.1131       1504     6.2625  0.000e+00
     22.224    15.6608   4.027454    32.0487       1505     6.2667  0.000e+00
     22.173    15.7735   4.032132    31.9989       1506     6.2708  0.000e+00
     22.110    15.8627   4.035965    31.9607       1507     6.2750  0.000e+00
     22.050    15.9374   4.039831    31.9346       1508     6.2792  0.000e+00
     21.990    16.0024   4.041700    31.8987       1509     6.2833  0.000e+00
     21.940    16.0533   4.044685    31.8841       1510     6.2875  0.000e+00
     21.887    16.0977   4.047713    31.8751       1511     6.2917  0.000e+00
     21.833    16.1402   4.053279    31.8899       1512     6.2958  0.000e+00
     21.781    16.1908   4.059898    31.9074       1513     6.3000  0.000e+00
     21.728    16.2539   4.068408    31.9313       1514     6.3042  0.000e+00
     21.674    16.3324   4.077023    31.9438       1515     6.3083  0.000e+00
     21.612    16.4237   4.083853    31.9304       1516     6.3125  0.000e+00
     21.562    16.5138   4.087529    31.8905       1517     6.3167  0.000e+00
     21.500    16.5917   4.089267    31.8436       1518     6.3208  0.000e+00
     21.435    16.6507   4.091084    31.8125       1519     6.3250  0.000e+00
     21.377    16.6946   4.093624    31.7997       1520     6.3292  0.000e+00
     21.309    16.7335   4.095951    31.7891       1521     6.3333  0.000e+00
     21.240    16.7684   4.096673    31.7677       1522     6.3375  0.000e+00
     21.175    16.7954   4.097028    31.7494       1523     6.3417  0.000e+00
     21.102    16.8137   4.098137    31.7446       1524     6.3458  0.000e+00
     21.030    16.8285   4.098774    31.7384       1525     6.3500  0.000e+00
     20.959    16.8419   4.099110    31.7308       1526     6.3542  0.000e+00
     20.892    16.8518   4.099827    31.7291       1527     6.3583  0.000e+00
     20.818    16.8607   4.101831    31.7394       1528     6.3625  0.000e+00
     20.751    16.8751   4.105993    31.7640       1529     6.3667  0.000e+00
     20.677    16.9005   4.111040    31.7875       1530     6.3708  0.000e+00
     20.607    16.9406   4.113457    31.7767       1531     6.3750  0.000e+00
     20.536    16.9804   4.115365    31.7618       1532     6.3792  0.000e+00
     20.467    17.0154   4.116702    31.7457       1533     6.3833  0.000e+00
     20.404    17.0448   4.117500    31.7295       1534     6.3875  0.000e+00
     20.341    17.0671   4.123376    31.7624       1535     6.3917  0.000e+00
     20.274    17.1005   4.128480    31.7800       1536     6.3958  0.000e+00
     20.214    17.1497   4.129684    31.7516       1537     6.4000  0.000e+00
     20.160    17.1898   4.129290    31.7167       1538     6.4042  0.000e+00
     20.098    17.2142   4.128688    31.6925       1539     6.4083  0.000e+00
     20.039    17.2260   4.128036    31.6776       1540     6.4125  0.000e+00
     19.983    17.2300   4.128110    31.6752       1541     6.4167  0.000e+00
     19.923    17.2318   4.128571    31.6777       1542     6.4208  0.000e+00
     19.863    17.2343   4.128134    31.6720       1543     6.4250  0.000e+00
     19.809    17.2353   4.127575    31.6665       1544     6.4292  0.000e+00
     19.748    17.2337   4.129935    31.6880       1545     6.4333  0.000e+00
     19.682    17.2386   4.130107    31.6856       1546     6.4375  0.000e+00
     19.623    17.2461   4.132424    31.6996       1547     6.4417  0.000e+00
     19.563    17.2599   4.135830    31.7179       1548     6.4458  0.000e+00
     19.509    17.2837   4.137220    31.7112       1549     6.4500  0.000e+00
     19.442    17.3078   4.138038    31.6993       1550     6.4542  0.000e+00
     19.384    17.3306   4.150101    31.7846       1551     6.4583  0.000e+00
     19.324    17.3838   4.158023    31.8104       1552     6.4625  0.000e+00
     19.252    17.4651   4.161757    31.7786       1553     6.4667  0.000e+00
     19.196    17.5401   4.169226    31.7834       1554     6.4708  0.000e+00
     19.131    17.6153   4.170199    31.7330       1555     6.4750  0.000e+00
     19.058    17.6761   4.174254    31.7200       1556     6.4792  0.000e+00
     18.993    17.7351   4.181225    31.7331       1557     6.4833  0.000e+00
     18.928    17.7962   4.185092    31.7183       1558     6.4875  0.000e+00
     18.858    17.8557   4.180741    31.6353       1559     6.4917  0.000e+00
     18.801    17.8829   4.178270    31.5935       1560     6.4958  0.000e+00
     18.745    17.8803   4.186772    31.6672       1561     6.5000  0.000e+00
     18.682    17.9113   4.188527    31.6580       1562     6.5042  0.000e+00
     18.622    17.9445   4.181679    31.5746       1563     6.5083  0.000e+00
     18.559    17.9457   4.182309    31.5790       1564     6.5125  0.000e+00
     18.499    17.9365   4.186845    31.6244       1565     6.5167  0.000e+00
     18.430    17.9483   4.188402    31.6284       1566     6.5208  0.000e+00
     18.367    17.9689   4.190547    31.6306       1567     6.5250  0.000e+00
     18.304    17.9895   4.191388    31.6217       1568     6.5292  0.000e+00
     18.239    18.0098   4.193676    31.6253       1569     6.5333  0.000e+00
     18.175    18.0324   4.199968    31.6608       1570     6.5375  0.000e+00
     18.107    18.0729   4.203805    31.6617       1571     6.5417  0.000e+00
     18.042    18.1186   4.203972    31.6279       1572     6.5458  0.000e+00
     17.973    18.1542   4.211013    31.6595       1573     6.5500  0.000e+00
     17.902    18.1997   4.213243    31.6431       1574     6.5542  0.000e+00
     17.836    18.2468   4.214550    31.6178       1575     6.5583  0.000e+00
     17.767    18.2834   4.215157    31.5947       1576     6.5625  0.000e+00
     17.698    18.3097   4.216923    31.5893       1577     6.5667  0.000e+00
     17.631    18.3322   4.216929    31.5720       1578     6.5708  0.000e+00
     17.568    18.3478   4.216898    31.5598       1579     6.5750  0.000e+00
     17.501    18.3576   4.216030    31.5451       1580     6.5792  0.000e+00
     17.441    18.3581   4.212906    31.5186       1581     6.5833  0.000e+00
     17.380    18.3450   4.206947    31.4789       1582     6.5875  0.000e+00
     17.318    18.3146   4.207721    31.5088       1583     6.5917  0.000e+00
     17.266    18.2877   4.211643    31.5622       1584     6.5958  0.000e+00
     17.211    18.2887   4.214890    31.5886       1585     6.6000  0.000e+00
     17.157    18.3066   4.216340    31.5870       1586     6.6042  0.000e+00
     17.106    18.3278   4.216030    31.5681       1587     6.6083  0.000e+00
     17.052    18.3414   4.215255    31.5512       1588     6.6125  0.000e+00
     16.993    18.3454   4.216340    31.5572       1589     6.6167  0.000e+00
     16.936    18.3506   4.216222    31.5523       1590     6.6208  0.000e+00
     16.879    18.3553   4.215912    31.5461       1591     6.6250  0.000e+00
     16.826    18.3565   4.215881    31.5449       1592     6.6292  0.000e+00
     16.763    18.3568   4.216563    31.5504       1593     6.6333  0.000e+00
     16.703    18.3584   4.215837    31.5432       1594     6.6375  0.000e+00
     16.645    18.3590   4.215373    31.5388       1595     6.6417  0.000e+00
     16.591    18.3559   4.214982    31.5380       1596     6.6458  0.000e+00
     16.528    18.3521   4.216569    31.5542       1597     6.6500  0.000e+00
     16.472    18.3573   4.224575    31.6170       1598     6.6542  0.000e+00
     16.410    18.3883   4.225933    31.6046       1599     6.6583  0.000e+00
     16.354    18.4219   4.220418    31.5328       1600     6.6625  0.000e+00
     16.289    18.4282   4.219606    31.5212       1601     6.6667  0.000e+00
     16.226    18.4199   4.219711    31.5285       1602     6.6708  0.000e+00
     16.173    18.4134   4.219011    31.5276       1603     6.6750  0.000e+00
     16.113    18.4074   4.217076    31.5162       1604     6.6792  0.000e+00
     16.054    18.3956   4.218236    31.5349       1605     6.6833  0.000e+00
     15.994    18.3898   4.218837    31.5444       1606     6.6875  0.000e+00
     15.945    18.3902   4.217480    31.5327       1607     6.6917  0.000e+00
     15.885    18.3861   4.218236    31.5422       1608     6.6958  0.000e+00
     15.840    18.3847   4.219377    31.5528       1609     6.7000  0.000e+00
     15.797    18.3896   4.220294    31.5567       1610     6.7042  0.000e+00
     15.737    18.3978   4.228483    31.6188       1611     6.7083  0.000e+00
     15.690    18.4297   4.234648    31.6457       1612     6.7125  0.000e+00
     15.632    18.4867   4.238597    31.6349       1613     6.7167  0.000e+00
     15.578    18.5450   4.237820    31.5837       1614     6.7208  0.000e+00
     15.522    18.5821   4.237409    31.5519       1615     6.7250  0.000e+00
     15.455    18.5996   4.230771    31.4834       1616     6.7292  0.000e+00
     15.399    18.5880   4.231355    31.4971       1617     6.7333  0.000e+00
     15.341    18.5750   4.241659    31.5927       1618     6.7375  0.000e+00
     15.292    18.6023   4.244779    31.5977       1619     6.7417  0.000e+00
     15.242    18.6412   4.232211    31.4637       1620     6.7458  0.000e+00
     15.195    18.6313   4.232304    31.4720       1621     6.7500  0.000e+00
     15.149    18.6047   4.232677    31.4955       1622     6.7542  0.000e+00
     15.124    18.5879   4.232938    31.5104       1623     6.7583  0.000e+00
     15.082    18.5826   4.233646    31.5204       1624     6.7625  0.000e+00
     15.044    18.5805   4.235720    31.5393       1625     6.7667  0.000e+00
     15.005    18.5870   4.242554    31.5911       1626     6.7708  0.000e+00
     14.968    18.6187   4.244921    31.5865       1627     6.7750  0.000e+00
     14.932    18.6553   4.241478    31.5300       1628     6.7792  0.000e+00
     14.883    18.6705   4.236203    31.4746       1629     6.7833  0.000e+00
     14.842    18.6583   4.232875    31.4563       1630     6.7875  0.000e+00
     14.786    18.6255   4.229212    31.4510       1631     6.7917  0.000e+00
     14.738    18.5907   4.230504    31.4882       1632     6.7958  0.000e+00
     14.684    18.5690   4.234720    31.5399       1633     6.8000  0.000e+00
     14.630    18.5703   4.236819    31.5563       1634     6.8042  0.000e+00
     14.577    18.5871   4.234720    31.5260       1635     6.8083  0.000e+00
     14.516    18.5923   4.230696    31.4887       1636     6.8125  0.000e+00
     14.464    18.5772   4.231379    31.5059       1637     6.8167  0.000e+00
     14.406    18.5661   4.231808    31.5180       1638     6.8208  0.000e+00
     14.357    18.5618   4.232162    31.5242       1639     6.8250  0.000e+00
     14.292    18.5610   4.232404    31.5268       1640     6.8292  0.000e+00
     14.236    18.5614   4.233968    31.5396       1641     6.8333  0.000e+00
     14.181    18.5680   4.234645    31.5402       1642     6.8375  0.000e+00
     14.134    18.5768   4.235185    31.5379       1643     6.8417  0.000e+00
     14.078    18.5849   4.235477    31.5342       1644     6.8458  0.000e+00
     14.028    18.5932   4.236210    31.5339       1645     6.8500  0.000e+00
     13.984    18.5993   4.237502    31.5400       1646     6.8542  0.000e+00
     13.939    18.6090   4.238377    31.5400       1647     6.8583  0.000e+00
     13.906    18.6204   4.238110    31.5290       1648     6.8625  0.000e+00
     13.868    18.6266   4.237713    31.5210       1649     6.8667  0.000e+00
     13.847    18.6297   4.241285    31.5483       1650     6.8708  0.000e+00
     13.814    18.6416   4.242478    31.5491       1651     6.8750  0.000e+00
