HB2406/sbe067.cnv
* Sea-Bird SBE 19plus V2 Data File:
* FileName = C:\cruise\data\sbe067.hex
* Software Version Seasave V 7.26.7.121
* Temperature SN = 7037
* Conductivity SN = 7037
* System UpLoad Time = Aug 17 2024 23:30:09
* NMEA Latitude = 42 09.31 N
* NMEA Longitude = 066 31.86 W
* NMEA UTC (Time) = Aug 17 2024  23:29:02
** Ship: Henry Bigelow
** Cruise:  HB2406
** Program:  ECOMON
# nquan = 7
# nvalues = 3579                                  
# units = specified
# name 0 = depSM: Depth [salt water, m]
# name 1 = tv290C: Temperature [ITS-90, deg C]
# name 2 = c0S/m: Conductivity [S/m]
# name 3 = sal00: Salinity, Practical [PSU]
# name 4 = scan: Scan Count
# name 5 = timeM: Time, Elapsed [minutes]
# name 6 = flag:  0.000e+00
# span 0 =     -0.000,    136.214                 
# span 1 =     6.5963,    20.0423                 
# span 2 =  -0.000033,   4.352157                 
# span 3 =     0.0000,    33.1100                 
# span 4 =         11,       3589                 
# span 5 =     0.0417,    14.9500                 
# span 6 = 0.0000e+00, 0.0000e+00                 
# interval = seconds: 0.25
# start_time = Aug 17 2024 23:29:02 [NMEA time, header]
# bad_flag = -9.990e-29
*END*
[from data line 2257]
     68.479     6.9327   3.277870    32.2821       2268     9.4458  0.000e+00
     68.399     6.9550   3.280861    32.2939       2269     9.4500  0.000e+00
     68.325     6.9859   3.281947    32.2767       2270     9.4542  0.000e+00
     68.260     7.0162   3.282199    32.2511       2271     9.4583  0.000e+00
     68.207     7.0379   3.282362    32.2327       2272     9.4625  0.000e+00
     68.155     7.0520   3.282401    32.2199       2273     9.4667  0.000e+00
     68.117     7.0611   3.282423    32.2116       2274     9.4708  0.000e+00
     68.088     7.0668   3.281969    32.2014       2275     9.4750  0.000e+00
     68.062     7.0681   3.281229    32.1922       2276     9.4792  0.000e+00
     68.050     7.0650   3.280983    32.1924       2277     9.4833  0.000e+00
     68.039     7.0610   3.281022    32.1965       2278     9.4875  0.000e+00
     68.043     7.0582   3.281185    32.2010       2279     9.4917  0.000e+00
     68.041     7.0569   3.281454    32.2051       2280     9.4958  0.000e+00
     68.048     7.0575   3.281145    32.2011       2281     9.5000  0.000e+00
     68.057     7.0570   3.280714    32.1969       2282     9.5042  0.000e+00
     68.062     7.0545   3.280753    32.1997       2283     9.5083  0.000e+00
     68.057     7.0524   3.280428    32.1980       2284     9.5125  0.000e+00
     68.057     7.0499   3.279913    32.1948       2285     9.5167  0.000e+00
     68.039     7.0460   3.280462    32.2045       2286     9.5208  0.000e+00
     68.012     7.0443   3.279280    32.1932       2287     9.5250  0.000e+00
     67.973     7.0386   3.279073    32.1962       2288     9.5292  0.000e+00
     67.930     7.0312   3.279527    32.2081       2289     9.5333  0.000e+00
     67.870     7.0290   3.279084    32.2054       2290     9.5375  0.000e+00
     67.807     7.0245   3.276978    32.1868       2291     9.5417  0.000e+00
     67.724     7.0113   3.275931    32.1877       2292     9.5458  0.000e+00
     67.642     6.9923   3.275932    32.2055       2293     9.5500  0.000e+00
     67.557     6.9770   3.275187    32.2117       2294     9.5542  0.000e+00
     67.469     6.9643   3.276033    32.2329       2295     9.5583  0.000e+00
     67.382     6.9615   3.279236    32.2705       2296     9.5625  0.000e+00
     67.300     6.9794   3.279689    32.2587       2297     9.5667  0.000e+00
     67.215     6.9978   3.279476    32.2392       2298     9.5708  0.000e+00
     67.138     7.0101   3.279258    32.2253       2299     9.5750  0.000e+00
     67.060     7.0161   3.278434    32.2108       2300     9.5792  0.000e+00
     66.984     7.0147   3.278535    32.2132       2301     9.5833  0.000e+00
     66.908     7.0124   3.278087    32.2105       2302     9.5875  0.000e+00
     66.828     7.0087   3.278457    32.2181       2303     9.5917  0.000e+00
     66.749     7.0067   3.279134    32.2273       2304     9.5958  0.000e+00
     66.662     7.0107   3.278653    32.2184       2305     9.6000  0.000e+00
     66.582     7.0114   3.278210    32.2130       2306     9.6042  0.000e+00
     66.495     7.0080   3.277572    32.2092       2307     9.6083  0.000e+00
     66.410     7.0017   3.276877    32.2076       2308     9.6125  0.000e+00
     66.320     6.9918   3.278950    32.2395       2309     9.6167  0.000e+00
     66.229     6.9963   3.279543    32.2418       2310     9.6208  0.000e+00
     66.143     7.0068   3.279381    32.2302       2311     9.6250  0.000e+00
     66.054     7.0149   3.279750    32.2267       2312     9.6292  0.000e+00
     65.978     7.0219   3.279868    32.2214       2313     9.6333  0.000e+00
     65.897     7.0273   3.279957    32.2174       2314     9.6375  0.000e+00
     65.812     7.0309   3.280120    32.2159       2315     9.6417  0.000e+00
     65.730     7.0341   3.280439    32.2164       2316     9.6458  0.000e+00
     65.647     7.0374   3.280467    32.2137       2317     9.6500  0.000e+00
     65.565     7.0402   3.280652    32.2131       2318     9.6542  0.000e+00
     65.480     7.0427   3.280881    32.2133       2319     9.6583  0.000e+00
     65.388     7.0457   3.281694    32.2194       2320     9.6625  0.000e+00
     65.298     7.0507   3.283924    32.2390       2321     9.6667  0.000e+00
     65.205     7.0634   3.284602    32.2345       2322     9.6708  0.000e+00
     65.119     7.0777   3.284271    32.2177       2323     9.6750  0.000e+00
     65.033     7.0859   3.284540    32.2129       2324     9.6792  0.000e+00
     64.954     7.0912   3.287236    32.2373       2325     9.6833  0.000e+00
     64.878     7.1051   3.288083    32.2336       2326     9.6875  0.000e+00
     64.811     7.1210   3.287668    32.2143       2327     9.6917  0.000e+00
     64.755     7.1307   3.287174    32.1999       2328     9.6958  0.000e+00
     64.706     7.1341   3.286227    32.1864       2329     9.7000  0.000e+00
     64.659     7.1318   3.286266    32.1890       2330     9.7042  0.000e+00
     64.610     7.1286   3.286406    32.1935       2331     9.7083  0.000e+00
     64.568     7.1271   3.284764    32.1771       2332     9.7125  0.000e+00
     64.534     7.1210   3.285442    32.1902       2333     9.7167  0.000e+00
     64.489     7.1165   3.287331    32.2150       2334     9.7208  0.000e+00
     64.442     7.1224   3.288514    32.2223       2335     9.7250  0.000e+00
     64.395     7.1328   3.288823    32.2160       2336     9.7292  0.000e+00
     64.344     7.1421   3.288963    32.2089       2337     9.7333  0.000e+00
     64.275     7.1492   3.289047    32.2032       2338     9.7375  0.000e+00
     64.214     7.1537   3.288906    32.1975       2339     9.7417  0.000e+00
     64.136     7.1562   3.288822    32.1942       2340     9.7458  0.000e+00
     64.053     7.1570   3.288822    32.1936       2341     9.7500  0.000e+00
     63.960     7.1578   3.289153    32.1965       2342     9.7542  0.000e+00
     63.883     7.1593   3.289854    32.2027       2343     9.7583  0.000e+00
     63.799     7.1638   3.292586    32.2282       2344     9.7625  0.000e+00
     63.727     7.1770   3.294617    32.2380       2345     9.7667  0.000e+00
     63.656     7.1983   3.295980    32.2329       2346     9.7708  0.000e+00
     63.595     7.2208   3.299073    32.2455       2347     9.7750  0.000e+00
     63.533     7.2488   3.301089    32.2412       2348     9.7792  0.000e+00
     63.486     7.2765   3.302183    32.2273       2349     9.7833  0.000e+00
     63.439     7.3012   3.303043    32.2136       2350     9.7875  0.000e+00
     63.394     7.3213   3.305295    32.2192       2351     9.7917  0.000e+00
     63.352     7.3438   3.305480    32.2004       2352     9.7958  0.000e+00
     63.309     7.3618   3.306087    32.1902       2353     9.8000  0.000e+00
     63.266     7.3752   3.306621    32.1835       2354     9.8042  0.000e+00
     63.213     7.3859   3.306598    32.1733       2355     9.8083  0.000e+00
     63.164     7.3936   3.306126    32.1611       2356     9.8125  0.000e+00
     63.099     7.3962   3.307553    32.1742       2357     9.8167  0.000e+00
     63.034     7.4021   3.307801    32.1713       2358     9.8208  0.000e+00
     62.963     7.4110   3.310111    32.1881       2359     9.8250  0.000e+00
     62.885     7.4249   3.312371    32.1996       2360     9.8292  0.000e+00
     62.791     7.4471   3.312725    32.1828       2361     9.8333  0.000e+00
     62.696     7.4661   3.312922    32.1673       2362     9.8375  0.000e+00
     62.601     7.4792   3.312848    32.1545       2363     9.8417  0.000e+00
     62.500     7.4873   3.311684    32.1345       2364     9.8458  0.000e+00
     62.383     7.4868   3.312426    32.1430       2365     9.8500  0.000e+00
     62.269     7.4870   3.313180    32.1509       2366     9.8542  0.000e+00
     62.155     7.4919   3.312707    32.1414       2367     9.8583  0.000e+00
     62.053     7.4945   3.312139    32.1329       2368     9.8625  0.000e+00
     61.954     7.4932   3.313866    32.1527       2369     9.8667  0.000e+00
     61.843     7.4980   3.313241    32.1416       2370     9.8708  0.000e+00
     61.735     7.5022   3.311183    32.1157       2371     9.8750  0.000e+00
     61.637     7.4948   3.311515    32.1261       2372     9.8792  0.000e+00
     61.554     7.4879   3.313123    32.1499       2373     9.8833  0.000e+00
     61.476     7.4904   3.317213    32.1915       2374     9.8875  0.000e+00
     61.400     7.5121   3.321693    32.2197       2375     9.8917  0.000e+00
     61.321     7.5544   3.322779    32.1921       2376     9.8958  0.000e+00
     61.252     7.5927   3.324130    32.1712       2377     9.9000  0.000e+00
     61.174     7.6199   3.325126    32.1569       2378     9.9042  0.000e+00
     61.096     7.6446   3.330377    32.1903       2379     9.9083  0.000e+00
     61.020     7.6856   3.329351    32.1415       2380     9.9125  0.000e+00
     60.939     7.7144   3.327981    32.1003       2381     9.9167  0.000e+00
     60.856     7.7223   3.331695    32.1328       2382     9.9208  0.000e+00
     60.767     7.7410   3.330871    32.1068       2383     9.9250  0.000e+00
     60.675     7.7557   3.330020    32.0842       2384     9.9292  0.000e+00
     60.575     7.7601   3.330792    32.0885       2385     9.9333  0.000e+00
     60.489     7.7636   3.331012    32.0876       2386     9.9375  0.000e+00
     60.396     7.7683   3.330437    32.0772       2387     9.9417  0.000e+00
     60.320     7.7692   3.330471    32.0768       2388     9.9458  0.000e+00
     60.241     7.7690   3.330375    32.0760       2389     9.9500  0.000e+00
     60.167     7.7682   3.330274    32.0757       2390     9.9542  0.000e+00
     60.100     7.7670   3.330014    32.0740       2391     9.9583  0.000e+00
     60.038     7.7650   3.330020    32.0760       2392     9.9625  0.000e+00
     59.978     7.7636   3.330612    32.0836       2393     9.9667  0.000e+00
     59.926     7.7652   3.330290    32.0787       2394     9.9708  0.000e+00
     59.863     7.7657   3.330093    32.0762       2395     9.9750  0.000e+00
     59.814     7.7648   3.329873    32.0747       2396     9.9792  0.000e+00
     59.758     7.7630   3.330713    32.0853       2397     9.9833  0.000e+00
     59.696     7.7650   3.331671    32.0937       2398     9.9875  0.000e+00
     59.638     7.7720   3.330645    32.0764       2399     9.9917  0.000e+00
     59.577     7.7736   3.331310    32.0820       2400     9.9958  0.000e+00
     59.513     7.7753   3.331586    32.0835       2401    10.0000  0.000e+00
     59.452     7.7781   3.330859    32.0731       2402    10.0042  0.000e+00
     59.381     7.7776   3.331152    32.0768       2403    10.0083  0.000e+00
     59.312     7.7770   3.330938    32.0750       2404    10.0125  0.000e+00
     59.253     7.7764   3.332347    32.0907       2405    10.0167  0.000e+00
     59.179     7.7818   3.334856    32.1125       2406    10.0208  0.000e+00
     59.095     7.7995   3.336322    32.1119       2407    10.0250  0.000e+00
     59.014     7.8197   3.337247    32.1032       2408    10.0292  0.000e+00
     58.931     7.8382   3.336885    32.0825       2409    10.0333  0.000e+00
     58.842     7.8486   3.337528    32.0798       2410    10.0375  0.000e+00
     58.744     7.8574   3.337618    32.0727       2411    10.0417  0.000e+00
     58.643     7.8645   3.337584    32.0658       2412    10.0458  0.000e+00
     58.545     7.8690   3.337618    32.0621       2413    10.0500  0.000e+00
     58.457     7.8719   3.337956    32.0631       2414    10.0542  0.000e+00
     58.354     7.8756   3.338729    32.0679       2415    10.0583  0.000e+00
     58.274     7.8826   3.339045    32.0650       2416    10.0625  0.000e+00
     58.204     7.8897   3.339005    32.0581       2417    10.0667  0.000e+00
     58.131     7.8944   3.339547    32.0595       2418    10.0708  0.000e+00
     58.068     7.9023   3.346483    32.1262       2419    10.0750  0.000e+00
     57.997     7.9344   3.341623    32.0450       2420    10.0792  0.000e+00
     57.939     7.9477   3.340133    32.0170       2421    10.0833  0.000e+00
     57.865     7.9412   3.347284    32.0991       2422    10.0875  0.000e+00
     57.806     7.9646   3.347216    32.0769       2423    10.0917  0.000e+00
     57.737     7.9905   3.348611    32.0680       2424    10.0958  0.000e+00
     57.657     8.0118   3.348791    32.0505       2425    10.1000  0.000e+00
     57.590     8.0295   3.350378    32.0511       2426    10.1042  0.000e+00
     57.514     8.0475   3.350581    32.0368       2427    10.1083  0.000e+00
     57.435     8.0620   3.351830    32.0369       2428    10.1125  0.000e+00
     57.360     8.0761   3.352960    32.0360       2429    10.1167  0.000e+00
     57.290     8.0917   3.352191    32.0136       2430    10.1208  0.000e+00
     57.216     8.1004   3.352456    32.0086       2431    10.1250  0.000e+00
     57.151     8.1063   3.353756    32.0170       2432    10.1292  0.000e+00
     57.080     8.1151   3.353908    32.0106       2433    10.1333  0.000e+00
     57.015     8.1233   3.354666    32.0111       2434    10.1375  0.000e+00
     56.943     8.1322   3.355406    32.0109       2435    10.1417  0.000e+00
     56.876     8.1417   3.355745    32.0058       2436    10.1458  0.000e+00
     56.792     8.1495   3.355909    32.0005       2437    10.1500  0.000e+00
     56.711     8.1560   3.357684    32.0133       2438    10.1542  0.000e+00
     56.626     8.1673   3.357864    32.0049       2439    10.1583  0.000e+00
     56.530     8.1782   3.357983    31.9964       2440    10.1625  0.000e+00
     56.440     8.1864   3.359900    32.0092       2441    10.1667  0.000e+00
     56.345     8.1981   3.359883    31.9984       2442    10.1708  0.000e+00
     56.232     8.2077   3.358045    31.9703       2443    10.1750  0.000e+00
     56.130     8.2069   3.359504    31.9865       2444    10.1792  0.000e+00
     56.029     8.2087   3.361698    32.0080       2445    10.1833  0.000e+00
     55.917     8.2229   3.362037    31.9987       2446    10.1875  0.000e+00
     55.823     8.2356   3.361958    31.9864       2447    10.1917  0.000e+00
     55.721     8.2440   3.362585    31.9854       2448    10.1958  0.000e+00
     55.618     8.2517   3.365171    32.0057       2449    10.2000  0.000e+00
     55.531     8.2667   3.365250    31.9929       2450    10.2042  0.000e+00
     55.455     8.2810   3.365895    31.9867       2451    10.2083  0.000e+00
     55.378     8.2922   3.365612    31.9736       2452    10.2125  0.000e+00
     55.298     8.2989   3.366398    31.9758       2453    10.2167  0.000e+00
     55.226     8.3051   3.366585    31.9722       2454    10.2208  0.000e+00
     55.144     8.3108   3.367292    31.9745       2455    10.2250  0.000e+00
     55.079     8.3176   3.368685    31.9831       2456    10.2292  0.000e+00
     55.008     8.3285   3.369375    31.9804       2457    10.2333  0.000e+00
     54.945     8.3399   3.369975    31.9764       2458    10.2375  0.000e+00
     54.887     8.3504   3.369958    31.9668       2459    10.2417  0.000e+00
     54.826     8.3576   3.370400    31.9648       2460    10.2458  0.000e+00
     54.773     8.3640   3.371153    31.9670       2461    10.2500  0.000e+00
     54.724     8.3706   3.371056    31.9600       2462    10.2542  0.000e+00
     54.672     8.3758   3.371175    31.9566       2463    10.2583  0.000e+00
     54.625     8.3791   3.371520    31.9572       2464    10.2625  0.000e+00
     54.572     8.3827   3.371356    31.9523       2465    10.2667  0.000e+00
     54.522     8.3846   3.371781    31.9550       2466    10.2708  0.000e+00
     54.471     8.3871   3.371928    31.9543       2467    10.2750  0.000e+00
     54.415     8.3898   3.372002    31.9527       2468    10.2792  0.000e+00
     54.350     8.3917   3.372098    31.9520       2469    10.2833  0.000e+00
     54.274     8.3933   3.372205    31.9517       2470    10.2875  0.000e+00
     54.189     8.3949   3.372268    31.9510       2471    10.2917  0.000e+00
