HB2406/sbe019.cnv
* Sea-Bird SBE 19plus V2 Data File:
* FileName = C:\cruise\data\sbe019.hex
* Software Version Seasave V 7.26.7.121
* Temperature SN = 7037
* Conductivity SN = 7037
* System UpLoad Time = Aug 14 2024 03:53:05
* NMEA Latitude = 40 44.77 N
* NMEA Longitude = 068 10.17 W
* NMEA UTC (Time) = Aug 14 2024  03:51:55
** Ship: Henry Bigelow
** Cruise:  HB2406
** Program:  ECOMON
# nquan = 7
# nvalues = 1586                                  
# units = specified
# name 0 = depSM: Depth [salt water, m]
# name 1 = tv290C: Temperature [ITS-90, deg C]
# name 2 = c0S/m: Conductivity [S/m]
# name 3 = sal00: Salinity, Practical [PSU]
# name 4 = scan: Scan Count
# name 5 = timeM: Time, Elapsed [minutes]
# name 6 = flag:  0.000e+00
# span 0 =     -0.015,     62.843                 
# span 1 =    10.3117,    19.0968                 
# span 2 =  -0.000001,   4.296743                 
# span 3 =     0.0000,    32.2571                 
# span 4 =         11,       1596                 
# span 5 =     0.0417,     6.6458                 
# span 6 = 0.0000e+00, 0.0000e+00                 
# interval = seconds: 0.25
# start_time = Aug 14 2024 03:51:55 [NMEA time, header]
# bad_flag = -9.990e-29
*END*
[from data line 206]
     10.136    19.0618   4.287178    31.5995        217     0.9000  0.000e+00
     10.297    19.0627   4.287028    31.5975        218     0.9042  0.000e+00
     10.458    19.0631   4.286954    31.5965        219     0.9083  0.000e+00
     10.633    19.0631   4.286885    31.5959        220     0.9125  0.000e+00
     10.801    19.0636   4.286785    31.5947        221     0.9167  0.000e+00
     10.968    19.0636   4.286635    31.5934        222     0.9208  0.000e+00
     11.141    19.0632   4.286486    31.5924        223     0.9250  0.000e+00
     11.308    19.0627   4.286311    31.5913        224     0.9292  0.000e+00
     11.476    19.0617   4.286118    31.5904        225     0.9333  0.000e+00
     11.629    19.0609   4.285918    31.5893        226     0.9375  0.000e+00
     11.787    19.0594   4.285619    31.5879        227     0.9417  0.000e+00
     11.937    19.0580   4.285400    31.5871        228     0.9458  0.000e+00
     12.085    19.0563   4.285250    31.5871        229     0.9500  0.000e+00
     12.228    19.0549   4.285026    31.5863        230     0.9542  0.000e+00
     12.371    19.0532   4.284758    31.5854        231     0.9583  0.000e+00
     12.512    19.0513   4.284433    31.5840        232     0.9625  0.000e+00
     12.657    19.0494   4.284184    31.5834        233     0.9667  0.000e+00
     12.816    19.0470   4.283759    31.5817        234     0.9708  0.000e+00
     12.986    19.0440   4.283373    31.5807        235     0.9750  0.000e+00
     13.156    19.0407   4.283023    31.5803        236     0.9792  0.000e+00
     13.333    19.0370   4.282531    31.5790        237     0.9833  0.000e+00
     13.512    19.0333   4.282063    31.5779        238     0.9875  0.000e+00
     13.687    19.0291   4.281639    31.5775        239     0.9917  0.000e+00
     13.872    19.0243   4.281171    31.5773        240     0.9958  0.000e+00
     14.047    19.0201   4.280485    31.5748        241     1.0000  0.000e+00
     14.240    19.0150   4.279961    31.5743        242     1.0042  0.000e+00
     14.418    19.0088   4.279219    31.5728        243     1.0083  0.000e+00
     14.600    19.0035   4.278801    31.5733        244     1.0125  0.000e+00
     14.781    18.9964   4.278234    31.5740        245     1.0167  0.000e+00
     14.957    18.9908   4.277617    31.5731        246     1.0208  0.000e+00
     15.145    18.9852   4.277293    31.5746        247     1.0250  0.000e+00
     15.327    18.9786   4.276906    31.5764        248     1.0292  0.000e+00
     15.508    18.9728   4.276233    31.5752        249     1.0333  0.000e+00
     15.696    18.9676   4.275547    31.5735        250     1.0375  0.000e+00
     15.886    18.9615   4.274830    31.5721        251     1.0417  0.000e+00
     16.074    18.9542   4.274163    31.5721        252     1.0458  0.000e+00
     16.260    18.9466   4.273671    31.5737        253     1.0500  0.000e+00
     16.436    18.9384   4.273254    31.5765        254     1.0542  0.000e+00
     16.607    18.9307   4.272487    31.5760        255     1.0583  0.000e+00
     16.781    18.9234   4.271702    31.5750        256     1.0625  0.000e+00
     16.947    18.9164   4.271185    31.5760        257     1.0667  0.000e+00
     17.114    18.9076   4.270693    31.5786        258     1.0708  0.000e+00
     17.284    18.8990   4.270026    31.5796        259     1.0750  0.000e+00
     17.448    18.8926   4.268861    31.5748        260     1.0792  0.000e+00
     17.613    18.8828   4.267833    31.5737        261     1.0833  0.000e+00
     17.785    18.8704   4.266924    31.5756        262     1.0875  0.000e+00
     17.949    18.8551   4.266282    31.5819        263     1.0917  0.000e+00
     18.114    18.8400   4.265274    31.5850        264     1.0958  0.000e+00
     18.284    18.8271   4.264445    31.5880        265     1.1000  0.000e+00
     18.452    18.8146   4.263779    31.5919        266     1.1042  0.000e+00
     18.622    18.8016   4.263188    31.5969        267     1.1083  0.000e+00
     18.790    18.7878   4.262597    31.6025        268     1.1125  0.000e+00
     18.967    18.7742   4.261395    31.6028        269     1.1167  0.000e+00
     19.141    18.7599   4.260007    31.6022        270     1.1208  0.000e+00
     19.314    18.7420   4.258644    31.6046        271     1.1250  0.000e+00
     19.488    18.7212   4.257076    31.6074        272     1.1292  0.000e+00
     19.670    18.7020   4.255701    31.6106        273     1.1333  0.000e+00
     19.849    18.6835   4.254892    31.6180        274     1.1375  0.000e+00
     20.037    18.6640   4.253891    31.6246        275     1.1417  0.000e+00
     20.224    18.6466   4.252466    31.6260        276     1.1458  0.000e+00
     20.412    18.6306   4.251758    31.6323        277     1.1500  0.000e+00
     20.603    18.6161   4.251434    31.6407        278     1.1542  0.000e+00
     20.793    18.5991   4.251292    31.6525        279     1.1583  0.000e+00
     20.983    18.5814   4.250751    31.6614        280     1.1625  0.000e+00
     21.178    18.5689   4.250117    31.6657        281     1.1667  0.000e+00
     21.370    18.5619   4.249551    31.6663        282     1.1708  0.000e+00
     21.566    18.5582   4.248867    31.6634        283     1.1750  0.000e+00
     21.759    18.5549   4.248500    31.6628        284     1.1792  0.000e+00
     21.952    18.5461   4.248208    31.6671        285     1.1833  0.000e+00
     22.142    18.5324   4.247984    31.6757        286     1.1875  0.000e+00
     22.330    18.5209   4.248159    31.6859        287     1.1917  0.000e+00
     22.522    18.5140   4.248706    31.6957        288     1.1958  0.000e+00
     22.706    18.5128   4.251412    31.7191        289     1.2000  0.000e+00
     22.889    18.5195   4.254186    31.7370        290     1.2042  0.000e+00
     23.070    18.5282   4.254697    31.7345        291     1.2083  0.000e+00
     23.249    18.5332   4.254821    31.7316        292     1.2125  0.000e+00
     23.433    18.5154   4.101859    30.4749        293     1.2167  0.000e+00
     23.618    17.9456   3.876019    29.0125        294     1.2208  0.000e+00
     23.793    16.6865   3.853498    29.7344        295     1.2250  0.000e+00
     23.985    15.6560   3.847623    30.4620        296     1.2292  0.000e+00
     24.162    14.9684   3.841788    30.9474        297     1.2333  0.000e+00
     24.354    14.5255   3.838811    31.2743        298     1.2375  0.000e+00
     24.542    14.2410   3.835809    31.4774        299     1.2417  0.000e+00
     24.737    14.0572   3.834344    31.6142        300     1.2458  0.000e+00
     24.932    13.9384   3.833177    31.7011        301     1.2500  0.000e+00
     25.126    13.8600   3.831396    31.7493        302     1.2542  0.000e+00
     25.318    13.8069   3.830700    31.7868        303     1.2583  0.000e+00
     25.508    13.7703   3.828316    31.7951        304     1.2625  0.000e+00
     25.694    13.7402   3.827233    31.8099        305     1.2667  0.000e+00
     25.877    13.7170   3.826536    31.8227        306     1.2708  0.000e+00
     26.059    13.6995   3.825351    31.8261        307     1.2750  0.000e+00
     26.234    13.6847   3.824333    31.8289        308     1.2792  0.000e+00
     26.406    13.6719   3.822981    31.8270        309     1.2833  0.000e+00
     26.574    13.6579   3.822422    31.8334        310     1.2875  0.000e+00
     26.737    13.6458   3.820606    31.8265        311     1.2917  0.000e+00
     26.900    13.6328   3.819029    31.8226        312     1.2958  0.000e+00
     27.061    13.6178   3.817214    31.8182        313     1.3000  0.000e+00
     27.229    13.6011   3.816036    31.8211        314     1.3042  0.000e+00
     27.392    13.5837   3.816250    31.8375        315     1.3083  0.000e+00
     27.560    13.5711   3.815304    31.8391        316     1.3125  0.000e+00
     27.730    13.5601   3.814370    31.8396        317     1.3167  0.000e+00
     27.900    13.5489   3.813401    31.8398        318     1.3208  0.000e+00
     28.075    13.5382   3.812705    31.8422        319     1.3250  0.000e+00
     28.252    13.5291   3.812919    31.8517        320     1.3292  0.000e+00
     28.433    13.5234   3.812705    31.8544        321     1.3333  0.000e+00
     28.618    13.5182   3.810582    31.8389        322     1.3375  0.000e+00
     28.804    13.5063   3.806486    31.8107        323     1.3417  0.000e+00
     28.987    13.4828   3.802534    31.7934        324     1.3458  0.000e+00
     29.182    13.4498   3.801103    31.8075        325     1.3500  0.000e+00
     29.375    13.4193   3.799036    31.8135        326     1.3542  0.000e+00
     29.565    13.3907   3.798716    31.8343        327     1.3583  0.000e+00
     29.759    13.3703   3.796887    31.8342        328     1.3625  0.000e+00
     29.952    13.3523   3.796614    31.8467        329     1.3667  0.000e+00
     30.142    13.3377   3.795777    31.8509        330     1.3708  0.000e+00
     30.332    13.3262   3.794014    31.8441        331     1.3750  0.000e+00
     30.516    13.3129   3.793100    31.8466        332     1.3792  0.000e+00
     30.701    13.3003   3.793640    31.8621        333     1.3833  0.000e+00
     30.878    13.2924   3.792590    31.8588        334     1.3875  0.000e+00
     31.050    13.2857   3.790453    31.8443        335     1.3917  0.000e+00
     31.207    13.2737   3.788300    31.8342        336     1.3958  0.000e+00
     31.374    13.2563   3.786680    31.8336        337     1.4000  0.000e+00
     31.533    13.2382   3.785767    31.8401        338     1.4042  0.000e+00
     31.694    13.2223   3.785014    31.8463        339     1.4083  0.000e+00
     31.855    13.2088   3.783479    31.8431        340     1.4125  0.000e+00
     32.008    13.1948   3.781836    31.8394        341     1.4167  0.000e+00
     32.173    13.1785   3.780764    31.8430        342     1.4208  0.000e+00
     32.341    13.1623   3.779531    31.8449        343     1.4250  0.000e+00
     32.511    13.1461   3.778381    31.8477        344     1.4292  0.000e+00
     32.690    13.1297   3.776651    31.8451        345     1.4333  0.000e+00
     32.875    13.1126   3.775567    31.8492        346     1.4375  0.000e+00
     33.065    13.0955   3.772943    31.8388        347     1.4417  0.000e+00
     33.254    13.0756   3.771960    31.8462        348     1.4458  0.000e+00
     33.450    13.0560   3.770794    31.8516        349     1.4500  0.000e+00
     33.645    13.0385   3.768823    31.8477        350     1.4542  0.000e+00
     33.837    13.0196   3.767301    31.8492        351     1.4583  0.000e+00
     34.028    13.0007   3.764419    31.8378        352     1.4625  0.000e+00
     34.215    12.9773   3.763396    31.8478        353     1.4667  0.000e+00
     34.394    12.9544   3.762112    31.8549        354     1.4708  0.000e+00
     34.567    12.9345   3.761651    31.8673        355     1.4750  0.000e+00
     34.741    12.9176   3.759510    31.8612        356     1.4792  0.000e+00
     34.909    12.8965   3.756607    31.8516        357     1.4833  0.000e+00
     35.086    12.8686   3.753510    31.8457        358     1.4875  0.000e+00
     35.258    12.8353   3.748718    31.8284        359     1.4917  0.000e+00
     35.435    12.7900   3.746072    31.8415        360     1.4958  0.000e+00
     35.614    12.7453   3.745777    31.8764        361     1.5000  0.000e+00
     35.800    12.7120   3.742519    31.8736        362     1.5042  0.000e+00
     35.987    12.6767   3.739733    31.8769        363     1.5083  0.000e+00
     36.177    12.6392   3.738423    31.8961        364     1.5125  0.000e+00
     36.361    12.6055   3.736736    31.9086        365     1.5167  0.000e+00
     36.545    12.5749   3.733097    31.8998        366     1.5208  0.000e+00
     36.733    12.5381   3.727373    31.8765        367     1.5250  0.000e+00
     36.918    12.4871   3.721770    31.8663        368     1.5292  0.000e+00
     37.097    12.4226   3.715988    31.8658        369     1.5333  0.000e+00
     37.276    12.3581   3.715365    31.9145        370     1.5375  0.000e+00
     37.450    12.3044   3.704006    31.8516        371     1.5417  0.000e+00
     37.618    12.2328   3.699957    31.8736        372     1.5458  0.000e+00
     37.777    12.1593   3.692627    31.8658        373     1.5500  0.000e+00
     37.933    12.0780   3.685215    31.8639        374     1.5542  0.000e+00
     38.084    11.9923   3.679069    31.8778        375     1.5583  0.000e+00
     38.236    11.9072   3.675975    31.9207        376     1.5625  0.000e+00
     38.381    11.8360   3.671054    31.9342        377     1.5667  0.000e+00
     38.537    11.7690   3.665368    31.9365        378     1.5708  0.000e+00
     38.690    11.7018   3.663244    31.9737        379     1.5750  0.000e+00
     38.851    11.6448   3.660811    31.9991        380     1.5792  0.000e+00
     39.012    11.6000   3.661478    32.0442        381     1.5833  0.000e+00
     39.184    11.5679   3.659097    32.0487        382     1.5875  0.000e+00
     39.363    11.5423   3.655062    32.0314        383     1.5917  0.000e+00
     39.546    11.5112   3.655823    32.0657        384     1.5958  0.000e+00
     39.737    11.4863   3.652420    32.0540        385     1.6000  0.000e+00
     39.933    11.4594   3.650328    32.0568        386     1.6042  0.000e+00
     40.133    11.4301   3.646839    32.0480        387     1.6083  0.000e+00
     40.336    11.3972   3.644071    32.0494        388     1.6125  0.000e+00
     40.540    11.3630   3.641642    32.0552        389     1.6167  0.000e+00
     40.743    11.3264   3.635951    32.0312        390     1.6208  0.000e+00
     40.947    11.2835   3.632766    32.0371        391     1.6250  0.000e+00
     41.148    11.2385   3.632854    32.0770        392     1.6292  0.000e+00
     41.336    11.2044   3.631659    32.0949        393     1.6333  0.000e+00
     41.524    11.1821   3.629303    32.0911        394     1.6375  0.000e+00
     41.694    11.1585   3.627467    32.0936        395     1.6417  0.000e+00
     41.859    11.1327   3.624052    32.0823        396     1.6458  0.000e+00
     42.021    11.1020   3.620440    32.0735        397     1.6500  0.000e+00
     42.184    11.0661   3.618564    32.0863        398     1.6542  0.000e+00
     42.338    11.0318   3.617359    32.1043        399     1.6583  0.000e+00
     42.488    11.0040   3.614652    32.1018        400     1.6625  0.000e+00
     42.643    10.9763   3.612609    32.1057        401     1.6667  0.000e+00
     42.794    10.9470   3.611906    32.1243        402     1.6708  0.000e+00
     42.949    10.9226   3.609933    32.1262        403     1.6750  0.000e+00
     43.105    10.9012   3.608834    32.1339        404     1.6792  0.000e+00
     43.260    10.8807   3.607019    32.1339        405     1.6833  0.000e+00
     43.414    10.8604   3.605856    32.1401        406     1.6875  0.000e+00
     43.571    10.8419   3.604891    32.1467        407     1.6917  0.000e+00
     43.723    10.8244   3.602699    32.1402        408     1.6958  0.000e+00
     43.877    10.8045   3.601914    32.1499        409     1.7000  0.000e+00
     44.025    10.7868   3.600363    32.1499        410     1.7042  0.000e+00
     44.172    10.7699   3.599910    32.1603        411     1.7083  0.000e+00
     44.320    10.7552   3.598718    32.1613        412     1.7125  0.000e+00
     44.463    10.7412   3.597626    32.1627        413     1.7167  0.000e+00
     44.602    10.7274   3.597080    32.1693        414     1.7208  0.000e+00
     44.745    10.7155   3.596952    32.1785        415     1.7250  0.000e+00
     44.886    10.7072   3.595512    32.1714        416     1.7292  0.000e+00
     45.033    10.6969   3.593653    32.1619        417     1.7333  0.000e+00
     45.181    10.6813   3.593218    32.1713        418     1.7375  0.000e+00
     45.333    10.6679   3.591604    32.1669        419     1.7417  0.000e+00
     45.488    10.6535   3.591737    32.1808        420     1.7458  0.000e+00
