HB2406/sbe059.cnv
* Sea-Bird SBE 19plus V2 Data File:
* FileName = C:\cruise\data\sbe059.hex
* Software Version Seasave V 7.26.7.121
* Temperature SN = 7037
* Conductivity SN = 7037
* System UpLoad Time = Aug 17 2024 08:36:53
* NMEA Latitude = 42 36.65 N
* NMEA Longitude = 067 53.49 W
* NMEA UTC (Time) = Aug 17 2024  08:35:45
** Ship: Henry Bigelow
** Cruise:  HB2406
** Program:  ECOMON
# nquan = 7
# nvalues = 2019                                  
# units = specified
# name 0 = depSM: Depth [salt water, m]
# name 1 = tv290C: Temperature [ITS-90, deg C]
# name 2 = c0S/m: Conductivity [S/m]
# name 3 = sal00: Salinity, Practical [PSU]
# name 4 = scan: Scan Count
# name 5 = timeM: Time, Elapsed [minutes]
# name 6 = flag:  0.000e+00
# span 0 =      0.214,    200.749                 
# span 1 =     6.5613,    19.8625                 
# span 2 =   3.241994,   4.343671                 
# span 3 =    31.0275,    34.8286                 
# span 4 =         11,       2029                 
# span 5 =     0.0417,     8.4500                 
# span 6 = 0.0000e+00, 0.0000e+00                 
# interval = seconds: 0.25
# start_time = Aug 17 2024 08:35:45 [NMEA time, header]
# bad_flag = -9.990e-29
*END*
[from data line 1436]
    109.428     7.0940   3.378730    33.2099       1447     6.0250  0.000e+00
    109.169     7.0881   3.376883    33.1955       1448     6.0292  0.000e+00
    108.907     7.0813   3.376271    33.1956       1449     6.0333  0.000e+00
    108.650     7.0747   3.376089    33.2000       1450     6.0375  0.000e+00
    108.397     7.0702   3.375908    33.2026       1451     6.0417  0.000e+00
    108.147     7.0670   3.375806    33.2046       1452     6.0458  0.000e+00
    107.896     7.0649   3.375715    33.2057       1453     6.0500  0.000e+00
    107.659     7.0633   3.375602    33.2062       1454     6.0542  0.000e+00
    107.427     7.0622   3.375591    33.2073       1455     6.0583  0.000e+00
    107.203     7.0613   3.375421    33.2064       1456     6.0625  0.000e+00
    106.984     7.0607   3.375268    33.2054       1457     6.0667  0.000e+00
    106.774     7.0599   3.375098    33.2044       1458     6.0708  0.000e+00
    106.575     7.0590   3.374950    33.2037       1459     6.0750  0.000e+00
    106.373     7.0583   3.374910    33.2041       1460     6.0792  0.000e+00
    106.174     7.0575   3.374718    33.2028       1461     6.0833  0.000e+00
    105.977     7.0569   3.374610    33.2023       1462     6.0875  0.000e+00
    105.781     7.0561   3.374525    33.2023       1463     6.0917  0.000e+00
    105.595     7.0556   3.374383    33.2013       1464     6.0958  0.000e+00
    105.409     7.0548   3.374264    33.2008       1465     6.1000  0.000e+00
    105.219     7.0542   3.374038    33.1991       1466     6.1042  0.000e+00
    105.027     7.0533   3.373941    33.1989       1467     6.1083  0.000e+00
    104.843     7.0527   3.373675    33.1967       1468     6.1125  0.000e+00
    104.654     7.0515   3.373533    33.1964       1469     6.1167  0.000e+00
    104.457     7.0506   3.373482    33.1968       1470     6.1208  0.000e+00
    104.255     7.0499   3.373392    33.1966       1471     6.1250  0.000e+00
    104.061     7.0493   3.373227    33.1955       1472     6.1292  0.000e+00
    103.848     7.0485   3.373069    33.1946       1473     6.1333  0.000e+00
    103.632     7.0478   3.372893    33.1935       1474     6.1375  0.000e+00
    103.415     7.0469   3.372661    33.1920       1475     6.1417  0.000e+00
    103.198     7.0460   3.372468    33.1908       1476     6.1458  0.000e+00
    102.985     7.0449   3.371993    33.1868       1477     6.1500  0.000e+00
    102.775     7.0434   3.371364    33.1814       1478     6.1542  0.000e+00
    102.556     7.0412   3.370939    33.1790       1479     6.1583  0.000e+00
    102.352     7.0388   3.370724    33.1791       1480     6.1625  0.000e+00
    102.144     7.0365   3.370577    33.1797       1481     6.1667  0.000e+00
    101.941     7.0348   3.370005    33.1752       1482     6.1708  0.000e+00
    101.739     7.0327   3.369648    33.1734       1483     6.1750  0.000e+00
    101.525     7.0306   3.369348    33.1723       1484     6.1792  0.000e+00
    101.314     7.0285   3.368431    33.1644       1485     6.1833  0.000e+00
    101.100     7.0256   3.367672    33.1590       1486     6.1875  0.000e+00
    100.883     7.0219   3.366999    33.1553       1487     6.1917  0.000e+00
    100.662     7.0181   3.366342    33.1519       1488     6.1958  0.000e+00
    100.429     7.0141   3.365986    33.1520       1489     6.2000  0.000e+00
    100.192     7.0108   3.365578    33.1508       1490     6.2042  0.000e+00
     99.955     7.0078   3.365159    33.1493       1491     6.2083  0.000e+00
     99.713     7.0050   3.364984    33.1502       1492     6.2125  0.000e+00
     99.465     7.0030   3.364854    33.1508       1493     6.2167  0.000e+00
     99.214     7.0014   3.363733    33.1402       1494     6.2208  0.000e+00
     98.966     6.9988   3.362189    33.1259       1495     6.2250  0.000e+00
     98.711     6.9942   3.361029    33.1178       1496     6.2292  0.000e+00
     98.481     6.9885   3.358196    33.0924       1497     6.2333  0.000e+00
     98.242     6.9801   3.357309    33.0908       1498     6.2375  0.000e+00
     98.011     6.9719   3.355737    33.0816       1499     6.2417  0.000e+00
     97.787     6.9640   3.354629    33.0772       1500     6.2458  0.000e+00
     97.570     6.9565   3.353702    33.0744       1501     6.2500  0.000e+00
     97.358     6.9497   3.352691    33.0700       1502     6.2542  0.000e+00
     97.157     6.9436   3.351691    33.0649       1503     6.2583  0.000e+00
     96.962     6.9377   3.350877    33.0619       1504     6.2625  0.000e+00
     96.769     6.9320   3.348313    33.0393       1505     6.2667  0.000e+00
     96.582     6.9247   3.345744    33.0183       1506     6.2708  0.000e+00
     96.403     6.9144   3.343740    33.0064       1507     6.2750  0.000e+00
     96.222     6.9031   3.342007    32.9983       1508     6.2792  0.000e+00
     96.051     6.8924   3.340828    32.9957       1509     6.2833  0.000e+00
     95.877     6.8830   3.340270    32.9987       1510     6.2875  0.000e+00
     95.698     6.8756   3.339801    33.0008       1511     6.2917  0.000e+00
     95.519     6.8700   3.339491    33.0029       1512     6.2958  0.000e+00
     95.342     6.8657   3.339107    33.0028       1513     6.3000  0.000e+00
     95.163     6.8625   3.338972    33.0045       1514     6.3042  0.000e+00
     94.967     6.8599   3.338837    33.0056       1515     6.3083  0.000e+00
     94.779     6.8581   3.338983    33.0091       1516     6.3125  0.000e+00
     94.584     6.8573   3.338848    33.0084       1517     6.3167  0.000e+00
     94.385     6.8565   3.338419    33.0046       1518     6.3208  0.000e+00
     94.180     6.8553   3.338267    33.0041       1519     6.3250  0.000e+00
     93.976     6.8541   3.338188    33.0045       1520     6.3292  0.000e+00
     93.772     6.8532   3.338210    33.0057       1521     6.3333  0.000e+00
     93.563     6.8526   3.338188    33.0062       1522     6.3375  0.000e+00
     93.356     6.8522   3.338103    33.0057       1523     6.3417  0.000e+00
     93.144     6.8519   3.337928    33.0042       1524     6.3458  0.000e+00
     92.939     6.8514   3.338041    33.0060       1525     6.3500  0.000e+00
     92.722     6.8511   3.338046    33.0064       1526     6.3542  0.000e+00
     92.515     6.8511   3.337995    33.0060       1527     6.3583  0.000e+00
     92.310     6.8509   3.337589    33.0019       1528     6.3625  0.000e+00
     92.100     6.8504   3.337324    32.9995       1529     6.3667  0.000e+00
     91.892     6.8495   3.337138    32.9984       1530     6.3708  0.000e+00
     91.690     6.8486   3.336946    32.9973       1531     6.3750  0.000e+00
     91.482     6.8476   3.336720    32.9959       1532     6.3792  0.000e+00
     91.263     6.8466   3.336670    32.9964       1533     6.3833  0.000e+00
     91.057     6.8458   3.336359    32.9938       1534     6.3875  0.000e+00
     90.843     6.8449   3.335626    32.9868       1535     6.3917  0.000e+00
     90.626     6.8428   3.332300    32.9524       1536     6.3958  0.000e+00
     90.402     6.8372   3.331821    32.9526       1537     6.4000  0.000e+00
     90.178     6.8313   3.331731    32.9575       1538     6.4042  0.000e+00
     89.944     6.8274   3.331567    32.9595       1539     6.4083  0.000e+00
     89.724     6.8251   3.331612    32.9623       1540     6.4125  0.000e+00
     89.480     6.8239   3.331167    32.9587       1541     6.4167  0.000e+00
     89.241     6.8230   3.328451    32.9299       1542     6.4208  0.000e+00
     88.998     6.8184   3.327780    32.9270       1543     6.4250  0.000e+00
     88.751     6.8128   3.327572    32.9302       1544     6.4292  0.000e+00
     88.499     6.8086   3.325544    32.9121       1545     6.4333  0.000e+00
     88.250     6.8035   3.324085    32.9011       1546     6.4375  0.000e+00
     87.998     6.7972   3.320499    32.8679       1547     6.4417  0.000e+00
     87.752     6.7873   3.319632    32.8680       1548     6.4458  0.000e+00
     87.510     6.7772   3.319373    32.8749       1549     6.4500  0.000e+00
     87.266     6.7699   3.319215    32.8803       1550     6.4542  0.000e+00
     87.029     6.7649   3.319148    32.8844       1551     6.4583  0.000e+00
     86.810     6.7617   3.318540    32.8809       1552     6.4625  0.000e+00
     86.599     6.7589   3.317702    32.8745       1553     6.4667  0.000e+00
     86.398     6.7551   3.317212    32.8728       1554     6.4708  0.000e+00
     86.204     6.7515   3.316751    32.8713       1555     6.4750  0.000e+00
     86.012     6.7479   3.316475    32.8718       1556     6.4792  0.000e+00
     85.835     6.7450   3.316480    32.8748       1557     6.4833  0.000e+00
     85.658     6.7431   3.316430    32.8762       1558     6.4875  0.000e+00
     85.482     6.7418   3.316480    32.8781       1559     6.4917  0.000e+00
     85.303     6.7413   3.316379    32.8775       1560     6.4958  0.000e+00
     85.133     6.7407   3.316193    32.8760       1561     6.5000  0.000e+00
     84.962     6.7401   3.315856    32.8730       1562     6.5042  0.000e+00
     84.790     6.7391   3.315625    32.8715       1563     6.5083  0.000e+00
     84.611     6.7379   3.315102    32.8670       1564     6.5125  0.000e+00
     84.433     6.7363   3.314236    32.8591       1565     6.5167  0.000e+00
     84.251     6.7344   3.313651    32.8546       1566     6.5208  0.000e+00
     84.070     6.7327   3.313015    32.8493       1567     6.5250  0.000e+00
     83.886     6.7312   3.312841    32.8490       1568     6.5292  0.000e+00
     83.694     6.7299   3.311885    32.8397       1569     6.5333  0.000e+00
     83.500     6.7282   3.311491    32.8372       1570     6.5375  0.000e+00
     83.316     6.7260   3.310906    32.8329       1571     6.5417  0.000e+00
     83.124     6.7240   3.308916    32.8131       1572     6.5458  0.000e+00
     82.932     6.7187   3.305825    32.7842       1573     6.5500  0.000e+00
     82.735     6.7093   3.304269    32.7762       1574     6.5542  0.000e+00
     82.535     6.6995   3.303707    32.7794       1575     6.5583  0.000e+00
     82.334     6.6925   3.302926    32.7777       1576     6.5625  0.000e+00
     82.128     6.6863   3.302780    32.7821       1577     6.5667  0.000e+00
     81.916     6.6820   3.302639    32.7847       1578     6.5708  0.000e+00
     81.708     6.6790   3.302280    32.7838       1579     6.5750  0.000e+00
     81.502     6.6762   3.302033    32.7838       1580     6.5792  0.000e+00
     81.289     6.6737   3.301988    32.7858       1581     6.5833  0.000e+00
     81.079     6.6720   3.302010    32.7878       1582     6.5875  0.000e+00
     80.865     6.6710   3.301971    32.7884       1583     6.5917  0.000e+00
     80.652     6.6705   3.301870    32.7879       1584     6.5958  0.000e+00
     80.440     6.6701   3.301308    32.7822       1585     6.6000  0.000e+00
     80.227     6.6690   3.300937    32.7793       1586     6.6042  0.000e+00
     80.013     6.6671   3.300842    32.7801       1587     6.6083  0.000e+00
     79.805     6.6656   3.300668    32.7797       1588     6.6125  0.000e+00
     79.592     6.6648   3.300398    32.7777       1589     6.6167  0.000e+00
     79.384     6.6638   3.300465    32.7795       1590     6.6208  0.000e+00
     79.169     6.6632   3.300437    32.7798       1591     6.6250  0.000e+00
     78.961     6.6634   3.300044    32.7754       1592     6.6292  0.000e+00
     78.744     6.6628   3.299774    32.7731       1593     6.6333  0.000e+00
     78.521     6.6614   3.299505    32.7715       1594     6.6375  0.000e+00
     78.297     6.6604   3.299342    32.7709       1595     6.6417  0.000e+00
     78.069     6.6597   3.299499    32.7734       1596     6.6458  0.000e+00
     77.838     6.6600   3.299673    32.7751       1597     6.6500  0.000e+00
     77.612     6.6616   3.300105    32.7785       1598     6.6542  0.000e+00
     77.387     6.6655   3.300313    32.7771       1599     6.6583  0.000e+00
     77.169     6.6704   3.300448    32.7740       1600     6.6625  0.000e+00
     76.953     6.6744   3.300088    32.7663       1601     6.6667  0.000e+00
     76.740     6.6769   3.299527    32.7578       1602     6.6708  0.000e+00
     76.534     6.6793   3.299122    32.7512       1603     6.6750  0.000e+00
     76.339     6.6830   3.298061    32.7361       1604     6.6792  0.000e+00
     76.141     6.6848   3.296282    32.7149       1605     6.6833  0.000e+00
     75.937     6.6838   3.295434    32.7066       1606     6.6875  0.000e+00
     75.740     6.6816   3.294300    32.6963       1607     6.6917  0.000e+00
     75.545     6.6780   3.294070    32.6973       1608     6.6958  0.000e+00
     75.347     6.6747   3.293498    32.6942       1609     6.7000  0.000e+00
     75.141     6.6715   3.293161    32.6937       1610     6.7042  0.000e+00
     74.935     6.6685   3.292729    32.6920       1611     6.7083  0.000e+00
     74.725     6.6656   3.292219    32.6892       1612     6.7125  0.000e+00
     74.514     6.6626   3.292028    32.6901       1613     6.7167  0.000e+00
     74.293     6.6600   3.291534    32.6872       1614     6.7208  0.000e+00
     74.078     6.6573   3.291018    32.6842       1615     6.7250  0.000e+00
     73.856     6.6540   3.289089    32.6662       1616     6.7292  0.000e+00
     73.633     6.6486   3.287737    32.6566       1617     6.7333  0.000e+00
     73.412     6.6417   3.286397    32.6485       1618     6.7375  0.000e+00
     73.195     6.6346   3.283645    32.6250       1619     6.7417  0.000e+00
     72.978     6.6255   3.283068    32.6275       1620     6.7458  0.000e+00
     72.763     6.6180   3.282900    32.6329       1621     6.7500  0.000e+00
     72.557     6.6133   3.282636    32.6345       1622     6.7542  0.000e+00
     72.349     6.6115   3.282037    32.6298       1623     6.7583  0.000e+00
     72.143     6.6108   3.281011    32.6193       1624     6.7625  0.000e+00
     71.948     6.6085   3.280210    32.6127       1625     6.7667  0.000e+00
     71.751     6.6049   3.279796    32.6117       1626     6.7708  0.000e+00
     71.557     6.6012   3.279079    32.6074       1627     6.7750  0.000e+00
     71.369     6.5975   3.278995    32.6100       1628     6.7792  0.000e+00
     71.181     6.5947   3.278894    32.6117       1629     6.7833  0.000e+00
     70.998     6.5926   3.278748    32.6122       1630     6.7875  0.000e+00
     70.816     6.5913   3.278524    32.6111       1631     6.7917  0.000e+00
     70.635     6.5909   3.278278    32.6088       1632     6.7958  0.000e+00
     70.454     6.5910   3.277947    32.6051       1633     6.8000  0.000e+00
     70.279     6.5910   3.277544    32.6007       1634     6.8042  0.000e+00
     70.094     6.5906   3.277068    32.5960       1635     6.8083  0.000e+00
     69.913     6.5896   3.276821    32.5943       1636     6.8125  0.000e+00
     69.725     6.5886   3.276552    32.5924       1637     6.8167  0.000e+00
     69.535     6.5877   3.276368    32.5913       1638     6.8208  0.000e+00
     69.342     6.5872   3.276099    32.5889       1639     6.8250  0.000e+00
     69.143     6.5867   3.275875    32.5870       1640     6.8292  0.000e+00
     68.935     6.5864   3.275427    32.5825       1641     6.8333  0.000e+00
     68.725     6.5861   3.274643    32.5742       1642     6.8375  0.000e+00
     68.506     6.5854   3.273786    32.5655       1643     6.8417  0.000e+00
     68.286     6.5844   3.273417    32.5625       1644     6.8458  0.000e+00
     68.067     6.5830   3.272510    32.5539       1645     6.8500  0.000e+00
     67.832     6.5814   3.272146    32.5515       1646     6.8542  0.000e+00
     67.604     6.5798   3.271715    32.5484       1647     6.8583  0.000e+00
     67.383     6.5787   3.271407    32.5463       1648     6.8625  0.000e+00
     67.161     6.5785   3.271497    32.5475       1649     6.8667  0.000e+00
     66.942     6.5810   3.271670    32.5472       1650     6.8708  0.000e+00
     66.732     6.5853   3.271653    32.5430       1651     6.8750  0.000e+00
