HB2406/sbe070.cnv
* Sea-Bird SBE 19plus V2 Data File:
* FileName = C:\cruise\data\sbe070.hex
* Software Version Seasave V 7.26.7.121
* Temperature SN = 7037
* Conductivity SN = 7037
* System UpLoad Time = Aug 18 2024 03:26:24
* NMEA Latitude = 42 00.45 N
* NMEA Longitude = 067 04.62 W
* NMEA UTC (Time) = Aug 18 2024  03:25:16
** Ship: Henry Bigelow
** Cruise:  HB2406
** Program:  ECOMON
# nquan = 7
# nvalues = 1383                                  
# units = specified
# name 0 = depSM: Depth [salt water, m]
# name 1 = tv290C: Temperature [ITS-90, deg C]
# name 2 = c0S/m: Conductivity [S/m]
# name 3 = sal00: Salinity, Practical [PSU]
# name 4 = scan: Scan Count
# name 5 = timeM: Time, Elapsed [minutes]
# name 6 = flag:  0.000e+00
# span 0 =     -0.002,     51.657                 
# span 1 =    14.3634,    17.9605                 
# span 2 =  -0.000033,   4.126109                 
# span 3 =     0.0000,    31.9373                 
# span 4 =         11,       1393                 
# span 5 =     0.0417,     5.8000                 
# span 6 = 0.0000e+00, 0.0000e+00                 
# interval = seconds: 0.25
# start_time = Aug 18 2024 03:25:16 [NMEA time, header]
# bad_flag = -9.990e-29
*END*
[from data line 206]
     17.676    16.5609   4.065886    31.6663        217     0.9000  0.000e+00
     17.830    16.5462   4.064409    31.6651        218     0.9042  0.000e+00
     17.987    16.5311   4.063029    31.6650        219     0.9083  0.000e+00
     18.141    16.5158   4.061815    31.6665        220     0.9125  0.000e+00
     18.300    16.5003   4.061101    31.6725        221     0.9167  0.000e+00
     18.466    16.4858   4.059746    31.6722        222     0.9208  0.000e+00
     18.633    16.4736   4.058666    31.6724        223     0.9250  0.000e+00
     18.803    16.4608   4.057111    31.6689        224     0.9292  0.000e+00
     18.978    16.4465   4.056244    31.6726        225     0.9333  0.000e+00
     19.157    16.4318   4.055006    31.6734        226     0.9375  0.000e+00
     19.332    16.4185   4.053951    31.6748        227     0.9417  0.000e+00
     19.513    16.4040   4.053061    31.6784        228     0.9458  0.000e+00
     19.698    16.3911   4.051805    31.6777        229     0.9500  0.000e+00
     19.877    16.3791   4.050482    31.6756        230     0.9542  0.000e+00
     20.056    16.3662   4.049568    31.6778        231     0.9583  0.000e+00
     20.226    16.3519   4.048696    31.6815        232     0.9625  0.000e+00
     20.392    16.3384   4.047965    31.6857        233     0.9667  0.000e+00
     20.555    16.3262   4.046844    31.6856        234     0.9708  0.000e+00
     20.710    16.3183   4.045595    31.6809        235     0.9750  0.000e+00
     20.862    16.3071   4.045138    31.6858        236     0.9792  0.000e+00
     21.010    16.2937   4.043974    31.6862        237     0.9833  0.000e+00
     21.159    16.2846   4.043189    31.6865        238     0.9875  0.000e+00
     21.305    16.2756   4.042348    31.6862        239     0.9917  0.000e+00
     21.444    16.2653   4.041532    31.6873        240     0.9958  0.000e+00
     21.591    16.2549   4.040959    31.6905        241     1.0000  0.000e+00
     21.739    16.2450   4.039729    31.6876        242     1.0042  0.000e+00
     21.880    16.2363   4.038627    31.6848        243     1.0083  0.000e+00
     22.021    16.2261   4.037087    31.6794        244     1.0125  0.000e+00
     22.169    16.2139   4.036125    31.6806        245     1.0167  0.000e+00
     22.314    16.2035   4.035364    31.6822        246     1.0208  0.000e+00
     22.460    16.1913   4.034549    31.6847        247     1.0250  0.000e+00
     22.598    16.1775   4.033660    31.6879        248     1.0292  0.000e+00
     22.744    16.1666   4.032175    31.6835        249     1.0333  0.000e+00
     22.887    16.1546   4.031500    31.6870        250     1.0375  0.000e+00
     23.032    16.1407   4.030709    31.6911        251     1.0417  0.000e+00
     23.173    16.1286   4.029827    31.6930        252     1.0458  0.000e+00
     23.314    16.1169   4.028964    31.6947        253     1.0500  0.000e+00
     23.453    16.1053   4.028033    31.6957        254     1.0542  0.000e+00
     23.596    16.0941   4.026689    31.6929        255     1.0583  0.000e+00
     23.737    16.0853   4.026306    31.6964        256     1.0625  0.000e+00
     23.889    16.0756   4.025570    31.6976        257     1.0667  0.000e+00
     24.041    16.0682   4.023989    31.6897        258     1.0708  0.000e+00
     24.200    16.0575   4.023296    31.6920        259     1.0750  0.000e+00
     24.362    16.0459   4.024202    31.7092        260     1.0792  0.000e+00
     24.529    16.0370   4.013871    31.6255        261     1.0833  0.000e+00
     24.700    15.9912   3.975175    31.3220        262     1.0875  0.000e+00
     24.867    15.8365   3.972800    31.4234        263     1.0917  0.000e+00
     25.046    15.6984   3.970250    31.5107        264     1.0958  0.000e+00
     25.218    15.6023   3.965070    31.5416        265     1.1000  0.000e+00
     25.400    15.5243   3.964176    31.5960        266     1.1042  0.000e+00
     25.583    15.4668   3.963029    31.6319        267     1.1083  0.000e+00
     25.769    15.4271   3.963054    31.6640        268     1.1125  0.000e+00
     25.952    15.4010   3.961743    31.6732        269     1.1167  0.000e+00
     26.142    15.3811   3.960589    31.6789        270     1.1208  0.000e+00
     26.337    15.3647   3.960964    31.6954        271     1.1250  0.000e+00
     26.530    15.3543   3.959768    31.6931        272     1.1292  0.000e+00
     26.733    15.3452   3.957993    31.6845        273     1.1333  0.000e+00
     26.935    15.3318   3.957637    31.6921        274     1.1375  0.000e+00
     27.141    15.3205   3.958084    31.7051        275     1.1417  0.000e+00
     27.340    15.3152   3.956701    31.6969        276     1.1458  0.000e+00
     27.543    15.3069   3.954105    31.6804        277     1.1500  0.000e+00
     27.740    15.2913   3.952185    31.6758        278     1.1542  0.000e+00
     27.932    15.2728   3.948305    31.6560        279     1.1583  0.000e+00
     28.120    15.2469   3.945899    31.6553        280     1.1625  0.000e+00
     28.300    15.2172   3.942799    31.6515        281     1.1667  0.000e+00
     28.476    15.1858   3.941654    31.6665        282     1.1708  0.000e+00
     28.648    15.1588   3.940467    31.6776        283     1.1750  0.000e+00
     28.810    15.1366   3.938556    31.6784        284     1.1792  0.000e+00
     28.968    15.1158   3.937417    31.6849        285     1.1833  0.000e+00
     29.121    15.0970   3.936158    31.6888        286     1.1875  0.000e+00
     29.273    15.0801   3.934947    31.6916        287     1.1917  0.000e+00
     29.418    15.0639   3.934273    31.6986        288     1.1958  0.000e+00
     29.568    15.0505   3.933622    31.7035        289     1.2000  0.000e+00
     29.711    15.0390   3.932508    31.7028        290     1.2042  0.000e+00
     29.861    15.0273   3.931719    31.7052        291     1.2083  0.000e+00
     30.011    15.0166   3.931647    31.7131        292     1.2125  0.000e+00
     30.166    15.0085   3.930810    31.7121        293     1.2167  0.000e+00
     30.324    15.0014   3.930557    31.7156        294     1.2208  0.000e+00
     30.486    14.9949   3.930485    31.7202        295     1.2250  0.000e+00
     30.649    14.9905   3.930395    31.7228        296     1.2292  0.000e+00
     30.817    14.9872   3.930509    31.7265        297     1.2333  0.000e+00
     30.985    14.9854   3.930371    31.7266        298     1.2375  0.000e+00
     31.170    14.9844   3.930233    31.7262        299     1.2417  0.000e+00
     31.343    14.9831   3.930070    31.7256        300     1.2458  0.000e+00
     31.522    14.9816   3.929787    31.7243        301     1.2500  0.000e+00
     31.696    14.9799   3.929625    31.7241        302     1.2542  0.000e+00
     31.873    14.9774   3.928812    31.7188        303     1.2583  0.000e+00
     32.045    14.9730   3.927837    31.7135        304     1.2625  0.000e+00
     32.217    14.9661   3.926910    31.7107        305     1.2667  0.000e+00
     32.387    14.9576   3.925748    31.7071        306     1.2708  0.000e+00
     32.560    14.9473   3.924009    31.6997        307     1.2750  0.000e+00
     32.732    14.9338   3.923293    31.7042        308     1.2792  0.000e+00
     32.904    14.9203   3.922270    31.7058        309     1.2833  0.000e+00
     33.076    14.9083   3.921717    31.7106        310     1.2875  0.000e+00
     33.253    14.8984   3.921602    31.7176        311     1.2917  0.000e+00
     33.432    14.8905   3.921230    31.7205        312     1.2958  0.000e+00
     33.609    14.8840   3.920604    31.7201        313     1.3000  0.000e+00
     33.793    14.8779   3.920231    31.7217        314     1.3042  0.000e+00
     33.981    14.8723   3.919924    31.7233        315     1.3083  0.000e+00
     34.164    14.8676   3.919768    31.7257        316     1.3125  0.000e+00
     34.354    14.8632   3.919149    31.7236        317     1.3167  0.000e+00
     34.542    14.8584   3.918842    31.7247        318     1.3208  0.000e+00
     34.732    14.8525   3.916112    31.7048        319     1.3250  0.000e+00
     34.922    14.8407   3.914242    31.6974        320     1.3292  0.000e+00
     35.101    14.8234   3.911651    31.6881        321     1.3333  0.000e+00
     35.289    14.8035   3.911471    31.7026        322     1.3375  0.000e+00
     35.479    14.7865   3.910107    31.7039        323     1.3417  0.000e+00
     35.663    14.7706   3.909873    31.7148        324     1.3458  0.000e+00
     35.860    14.7583   3.909393    31.7203        325     1.3500  0.000e+00
     36.055    14.7489   3.906371    31.7006        326     1.3542  0.000e+00
     36.258    14.7332   3.903992    31.6918        327     1.3583  0.000e+00
     36.460    14.7108   3.903693    31.7072        328     1.3625  0.000e+00
     36.667    14.6929   3.901873    31.7053        329     1.3667  0.000e+00
     36.878    14.6756   3.901051    31.7119        330     1.3708  0.000e+00
     37.091    14.6598   3.900541    31.7201        331     1.3750  0.000e+00
     37.312    14.6477   3.900127    31.7261        332     1.3792  0.000e+00
     37.531    14.6379   3.899413    31.7275        333     1.3833  0.000e+00
     37.751    14.6292   3.898285    31.7243        334     1.3875  0.000e+00
     37.968    14.6194   3.897733    31.7272        335     1.3917  0.000e+00
     38.184    14.6100   3.897157    31.7296        336     1.3958  0.000e+00
     38.392    14.6019   3.896263    31.7280        337     1.4000  0.000e+00
     38.596    14.5931   3.895597    31.7291        338     1.4042  0.000e+00
     38.795    14.5842   3.895183    31.7326        339     1.4083  0.000e+00
     38.985    14.5765   3.894697    31.7344        340     1.4125  0.000e+00
     39.169    14.5698   3.894541    31.7383        341     1.4167  0.000e+00
     39.348    14.5647   3.894517    31.7422        342     1.4208  0.000e+00
     39.520    14.5613   3.894331    31.7433        343     1.4250  0.000e+00
     39.683    14.5586   3.894217    31.7444        344     1.4292  0.000e+00
     39.854    14.5565   3.894104    31.7450        345     1.4333  0.000e+00
     40.017    14.5543   3.893990    31.7457        346     1.4375  0.000e+00
     40.176    14.5524   3.893714    31.7447        347     1.4417  0.000e+00
     40.334    14.5508   3.893480    31.7438        348     1.4458  0.000e+00
     40.494    14.5481   3.892676    31.7387        349     1.4500  0.000e+00
     40.661    14.5436   3.892424    31.7400        350     1.4542  0.000e+00
     40.824    14.5393   3.891621    31.7361        351     1.4583  0.000e+00
     40.988    14.5335   3.890541    31.7310        352     1.4625  0.000e+00
     41.162    14.5256   3.890038    31.7328        353     1.4667  0.000e+00
     41.332    14.5175   3.889330    31.7329        354     1.4708  0.000e+00
     41.513    14.5095   3.889210    31.7384        355     1.4750  0.000e+00
     41.693    14.5033   3.888965    31.7411        356     1.4792  0.000e+00
     41.874    14.4984   3.889259    31.7477        357     1.4833  0.000e+00
     42.060    14.4962   3.889738    31.7539        358     1.4875  0.000e+00
     42.250    14.4968   3.889810    31.7539        359     1.4917  0.000e+00
     42.435    14.4980   3.889031    31.7458        360     1.4958  0.000e+00
     42.625    14.4963   3.887886    31.7367        361     1.5000  0.000e+00
     42.805    14.4907   3.886735    31.7307        362     1.5042  0.000e+00
     42.997    14.4819   3.885938    31.7306        363     1.5083  0.000e+00
     43.190    14.4723   3.885422    31.7337        364     1.5125  0.000e+00
     43.384    14.4632   3.885249    31.7395        365     1.5167  0.000e+00
     43.581    14.4562   3.885387    31.7464        366     1.5208  0.000e+00
     43.784    14.4524   3.885591    31.7513        367     1.5250  0.000e+00
     43.988    14.4512   3.885777    31.7539        368     1.5292  0.000e+00
     44.198    14.4512   3.885753    31.7536        369     1.5333  0.000e+00
     44.407    14.4512   3.885939    31.7552        370     1.5375  0.000e+00
     44.626    14.4519   3.885549    31.7510        371     1.5417  0.000e+00
     44.838    14.4515   3.885735    31.7530        372     1.5458  0.000e+00
     45.055    14.4507   3.885615    31.7524        373     1.5500  0.000e+00
     45.261    14.4503   3.885202    31.7489        374     1.5542  0.000e+00
     45.469    14.4487   3.885178    31.7500        375     1.5583  0.000e+00
     45.677    14.4471   3.884902    31.7486        376     1.5625  0.000e+00
     45.876    14.4453   3.884699    31.7482        377     1.5667  0.000e+00
     46.075    14.4432   3.884585    31.7488        378     1.5708  0.000e+00
     46.273    14.4410   3.884489    31.7497        379     1.5750  0.000e+00
     46.467    14.4394   3.884309    31.7493        380     1.5792  0.000e+00
     46.655    14.4375   3.883968    31.7476        381     1.5833  0.000e+00
     46.843    14.4350   3.883740    31.7475        382     1.5875  0.000e+00
     47.024    14.4323   3.882434    31.7378        383     1.5917  0.000e+00
     47.205    14.4263   3.882020    31.7388        384     1.5958  0.000e+00
     47.386    14.4194   3.881607    31.7407        385     1.6000  0.000e+00
     47.570    14.4134   3.881020    31.7402        386     1.6042  0.000e+00
     47.751    14.4069   3.880811    31.7435        387     1.6083  0.000e+00
     47.939    14.4015   3.880283    31.7431        388     1.6125  0.000e+00
     48.129    14.3965   3.880439    31.7485        389     1.6167  0.000e+00
     48.311    14.3928   3.880308    31.7503        390     1.6208  0.000e+00
     48.492    14.3903   3.879894    31.7485        391     1.6250  0.000e+00
     48.680    14.3870   3.879709    31.7494        392     1.6292  0.000e+00
     48.863    14.3839   3.879679    31.7516        393     1.6333  0.000e+00
     49.042    14.3820   3.879733    31.7536        394     1.6375  0.000e+00
     49.225    14.3808   3.879847    31.7556        395     1.6417  0.000e+00
     49.405    14.3804   3.879985    31.7571        396     1.6458  0.000e+00
     49.590    14.3808   3.879895    31.7559        397     1.6500  0.000e+00
     49.772    14.3809   3.879961    31.7563        398     1.6542  0.000e+00
     49.960    14.3812   3.879943    31.7558        399     1.6583  0.000e+00
     50.145    14.3814   3.879847    31.7548        400     1.6625  0.000e+00
     50.344    14.3811   3.879805    31.7546        401     1.6667  0.000e+00
     50.537    14.3809   3.879734    31.7540        402     1.6708  0.000e+00
     50.740    14.3802   3.879782    31.7549        403     1.6750  0.000e+00
     50.950    14.3798   3.875757    31.7185        404     1.6792  0.000e+00
     51.096    14.3798   3.880099    31.7580        405     1.6833  0.000e+00
     51.197    14.3808   3.880279    31.7587        406     1.6875  0.000e+00
     51.221    14.3824   3.879596    31.7513        407     1.6917  0.000e+00
     51.194    14.3814   3.879548    31.7516        408     1.6958  0.000e+00
     51.185    14.3799   3.879710    31.7544        409     1.7000  0.000e+00
     51.226    14.3793   3.880147    31.7588        410     1.7042  0.000e+00
     51.273    14.3804   3.880423    31.7604        411     1.7083  0.000e+00
     51.308    14.3828   3.880261    31.7569        412     1.7125  0.000e+00
     51.319    14.3842   3.879872    31.7522        413     1.7167  0.000e+00
     51.328    14.3836   3.879848    31.7525        414     1.7208  0.000e+00
     51.342    14.3826   3.880327    31.7577        415     1.7250  0.000e+00
     51.366    14.3835   3.880375    31.7574        416     1.7292  0.000e+00
     51.389    14.3848   3.879896    31.7519        417     1.7333  0.000e+00
     51.422    14.3839   3.879117    31.7455        418     1.7375  0.000e+00
     51.452    14.3801   3.878602    31.7440        419     1.7417  0.000e+00
     51.483    14.3753   3.878548    31.7474        420     1.7458  0.000e+00
