HB2406/sbe118.cnv
* Sea-Bird SBE 19plus V2 Data File:
* FileName = C:\cruise\data\sbe118.hex
* Software Version Seasave V 7.26.7.121
* Temperature SN = 7037
* Conductivity SN = 7037
* System UpLoad Time = Aug 22 2024 12:02:30
* NMEA Latitude = 40 22.14 N
* NMEA Longitude = 070 08.71 W
* NMEA UTC (Time) = Aug 22 2024  12:01:25
** Ship: Henry Bigelow
** Cruise:  HB2406
** Program:  ECOMON
# nquan = 7
# nvalues = 1866                                  
# units = specified
# name 0 = depSM: Depth [salt water, m]
# name 1 = tv290C: Temperature [ITS-90, deg C]
# name 2 = c0S/m: Conductivity [S/m]
# name 3 = sal00: Salinity, Practical [PSU]
# name 4 = scan: Scan Count
# name 5 = timeM: Time, Elapsed [minutes]
# name 6 = flag:  0.000e+00
# span 0 =      0.012,     74.593                 
# span 1 =     9.3733,    21.6562                 
# span 2 =  -0.000023,   4.711173                 
# span 3 =     0.0000,    34.8497                 
# span 4 =         11,       1876                 
# span 5 =     0.0417,     7.8125                 
# span 6 = 0.0000e+00, 0.0000e+00                 
# interval = seconds: 0.25
# start_time = Aug 22 2024 12:01:25 [NMEA time, header]
# bad_flag = -9.990e-29
*END*
[from data line 1436]
     15.435    16.5128   4.263511    33.4303       1447     6.0250  0.000e+00
     15.397    16.5401   4.266264    33.4316       1448     6.0292  0.000e+00
     15.366    16.5677   4.270450    33.4452       1449     6.0333  0.000e+00
     15.341    16.5983   4.276465    33.4722       1450     6.0375  0.000e+00
     15.307    16.6387   4.280419    33.4730       1451     6.0417  0.000e+00
     15.276    16.6806   4.284074    33.4699       1452     6.0458  0.000e+00
     15.245    16.7213   4.287606    33.4667       1453     6.0500  0.000e+00
     15.214    16.7597   4.290602    33.4608       1454     6.0542  0.000e+00
     15.182    16.7955   4.294374    33.4639       1455     6.0583  0.000e+00
     15.146    16.8323   4.297672    33.4619       1456     6.0625  0.000e+00
     15.109    16.8684   4.300502    33.4565       1457     6.0667  0.000e+00
     15.075    16.9027   4.304978    33.4668       1458     6.0708  0.000e+00
     15.037    16.9401   4.319331    33.5604       1459     6.0750  0.000e+00
     14.992    17.0083   4.340026    33.6831       1460     6.0792  0.000e+00
     14.946    17.1227   4.359215    33.7537       1461     6.0833  0.000e+00
     14.905    17.2704   4.367488    33.7018       1462     6.0875  0.000e+00
     14.861    17.4059   4.373212    33.6383       1463     6.0917  0.000e+00
     14.820    17.5160   4.384489    33.6438       1464     6.0958  0.000e+00
     14.778    17.6203   4.391900    33.6210       1465     6.1000  0.000e+00
     14.746    17.7176   4.398174    33.5942       1466     6.1042  0.000e+00
     14.709    17.8025   4.403998    33.5739       1467     6.1083  0.000e+00
     14.675    17.8757   4.409193    33.5579       1468     6.1125  0.000e+00
     14.641    17.9396   4.415263    33.5569       1469     6.1167  0.000e+00
     14.612    17.9991   4.419560    33.5446       1470     6.1208  0.000e+00
     14.576    18.0523   4.421614    33.5183       1471     6.1250  0.000e+00
     14.534    18.0945   4.427502    33.5337       1472     6.1292  0.000e+00
     14.492    18.1367   4.434773    33.5607       1473     6.1333  0.000e+00
     14.451    18.1889   4.448570    33.6347       1474     6.1375  0.000e+00
     14.400    18.2628   4.455499    33.6326       1475     6.1417  0.000e+00
     14.360    18.3412   4.458067    33.5901       1476     6.1458  0.000e+00
     14.315    18.4021   4.459856    33.5554       1477     6.1500  0.000e+00
     14.273    18.4467   4.463943    33.5534       1478     6.1542  0.000e+00
     14.232    18.4857   4.470966    33.5807       1479     6.1583  0.000e+00
     14.194    18.5305   4.477593    33.5998       1480     6.1625  0.000e+00
     14.152    18.5795   4.484224    33.6154       1481     6.1667  0.000e+00
     14.114    18.6315   4.492978    33.6464       1482     6.1708  0.000e+00
     14.078    18.6884   4.498301    33.6446       1483     6.1750  0.000e+00
     14.042    18.7452   4.505677    33.6600       1484     6.1792  0.000e+00
     14.004    18.8030   4.513588    33.6791       1485     6.1833  0.000e+00
     13.958    18.8639   4.524927    33.7241       1486     6.1875  0.000e+00
     13.915    18.9361   4.536999    33.7660       1487     6.1917  0.000e+00
     13.862    19.0186   4.540930    33.7315       1488     6.1958  0.000e+00
     13.810    19.0887   4.541805    33.6819       1489     6.2000  0.000e+00
     13.756    19.1377   4.549531    33.7063       1490     6.2042  0.000e+00
     13.700    19.1855   4.557488    33.7335       1491     6.2083  0.000e+00
     13.642    19.2423   4.560286    33.7106       1492     6.2125  0.000e+00
     13.591    19.2906   4.561034    33.6777       1493     6.2167  0.000e+00
     13.540    19.3249   4.564186    33.6761       1494     6.2208  0.000e+00
     13.493    19.3534   4.568178    33.6859       1495     6.2250  0.000e+00
     13.439    19.3839   4.573333    33.7039       1496     6.2292  0.000e+00
     13.396    19.4187   4.576296    33.7002       1497     6.2333  0.000e+00
     13.345    19.4522   4.580004    33.7037       1498     6.2375  0.000e+00
     13.303    19.4853   4.582320    33.6961       1499     6.2417  0.000e+00
     13.264    19.5157   4.584592    33.6903       1500     6.2458  0.000e+00
     13.226    19.5434   4.590711    33.7183       1501     6.2500  0.000e+00
     13.188    19.5783   4.597085    33.7426       1502     6.2542  0.000e+00
     13.146    19.6235   4.601584    33.7431       1503     6.2583  0.000e+00
     13.113    19.6687   4.606851    33.7499       1504     6.2625  0.000e+00
     13.075    19.7154   4.613169    33.7641       1505     6.2667  0.000e+00
     13.030    19.7670   4.623479    33.8071       1506     6.2708  0.000e+00
     12.974    19.8353   4.631753    33.8197       1507     6.2750  0.000e+00
     12.920    19.9146   4.639569    33.8197       1508     6.2792  0.000e+00
     12.858    19.9946   4.643092    33.7842       1509     6.2833  0.000e+00
     12.788    20.0648   4.645137    33.7445       1510     6.2875  0.000e+00
     12.712    20.1187   4.647860    33.7236       1511     6.2917  0.000e+00
     12.639    20.1661   4.649565    33.6996       1512     6.2958  0.000e+00
     12.563    20.2136   4.652277    33.6836       1513     6.3000  0.000e+00
     12.496    20.2674   4.648962    33.6139       1514     6.3042  0.000e+00
     12.428    20.3118   4.645920    33.5540       1515     6.3083  0.000e+00
     12.366    20.3432   4.645810    33.5283       1516     6.3125  0.000e+00
     12.314    20.3652   4.646572    33.5170       1517     6.3167  0.000e+00
     12.261    20.3817   4.646520    33.5035       1518     6.3208  0.000e+00
     12.220    20.3926   4.646881    33.4978       1519     6.3250  0.000e+00
     12.176    20.4016   4.647856    33.4986       1520     6.3292  0.000e+00
     12.147    20.4137   4.648275    33.4924       1521     6.3333  0.000e+00
     12.113    20.4312   4.648617    33.4813       1522     6.3375  0.000e+00
     12.078    20.4526   4.650354    33.4784       1523     6.3417  0.000e+00
     12.040    20.4801   4.655108    33.4950       1524     6.3458  0.000e+00
     12.001    20.5152   4.658817    33.4972       1525     6.3500  0.000e+00
     11.950    20.5511   4.660924    33.4858       1526     6.3542  0.000e+00
     11.890    20.5818   4.661693    33.4678       1527     6.3583  0.000e+00
     11.825    20.6069   4.660555    33.4389       1528     6.3625  0.000e+00
     11.755    20.6242   4.659372    33.4158       1529     6.3667  0.000e+00
     11.680    20.6355   4.658557    33.4003       1530     6.3708  0.000e+00
     11.594    20.6454   4.659307    33.3986       1531     6.3750  0.000e+00
     11.516    20.6570   4.659610    33.3920       1532     6.3792  0.000e+00
     11.440    20.6671   4.662610    33.4081       1533     6.3833  0.000e+00
     11.368    20.6838   4.665539    33.4186       1534     6.3875  0.000e+00
     11.301    20.7074   4.666528    33.4079       1535     6.3917  0.000e+00
     11.228    20.7305   4.667989    33.4015       1536     6.3958  0.000e+00
     11.172    20.7512   4.670234    33.4033       1537     6.4000  0.000e+00
     11.118    20.7742   4.673748    33.4134       1538     6.4042  0.000e+00
     11.064    20.8075   4.675229    33.3991       1539     6.4083  0.000e+00
     11.018    20.8396   4.677372    33.3911       1540     6.4125  0.000e+00
     10.977    20.8700   4.680071    33.3889       1541     6.4167  0.000e+00
     10.935    20.9028   4.681023    33.3708       1542     6.4208  0.000e+00
     10.892    20.9347   4.682162    33.3550       1543     6.4250  0.000e+00
     10.852    20.9601   4.684228    33.3516       1544     6.4292  0.000e+00
     10.812    20.9854   4.685815    33.3445       1545     6.4333  0.000e+00
     10.770    21.0110   4.686061    33.3265       1546     6.4375  0.000e+00
     10.738    21.0316   4.686164    33.3113       1547     6.4417  0.000e+00
     10.696    21.0463   4.686955    33.3062       1548     6.4458  0.000e+00
     10.655    21.0599   4.690117    33.3207       1549     6.4500  0.000e+00
     10.617    21.0822   4.692243    33.3202       1550     6.4542  0.000e+00
     10.577    21.1097   4.693514    33.3089       1551     6.4583  0.000e+00
     10.541    21.1349   4.695601    33.3059       1552     6.4625  0.000e+00
     10.495    21.1588   4.696308    33.2930       1553     6.4667  0.000e+00
     10.459    21.1796   4.697209    33.2840       1554     6.4708  0.000e+00
     10.416    21.1966   4.698966    33.2847       1555     6.4750  0.000e+00
     10.369    21.2143   4.700426    33.2826       1556     6.4792  0.000e+00
     10.313    21.2322   4.702210    33.2828       1557     6.4833  0.000e+00
     10.258    21.2520   4.704001    33.2816       1558     6.4875  0.000e+00
     10.191    21.2723   4.705169    33.2751       1559     6.4917  0.000e+00
     10.123    21.2936   4.709037    33.2893       1560     6.4958  0.000e+00
     10.050    21.3201   4.709732    33.2743       1561     6.5000  0.000e+00
      9.976    21.3456   4.710264    33.2587       1562     6.5042  0.000e+00
      9.895    21.3699   4.711173    33.2471       1563     6.5083  0.000e+00
      9.819    21.3945   4.709971    33.2186       1564     6.5125  0.000e+00
      9.748    21.4145   4.708315    33.1901       1565     6.5167  0.000e+00
      9.690    21.4272   4.707912    33.1771       1566     6.5208  0.000e+00
      9.632    21.4343   4.707801    33.1708       1567     6.5250  0.000e+00
      9.584    21.4398   4.707671    33.1655       1568     6.5292  0.000e+00
      9.542    21.4438   4.707619    33.1621       1569     6.5333  0.000e+00
      9.506    21.4465   4.706925    33.1545       1570     6.5375  0.000e+00
      9.475    21.4481   4.705406    33.1413       1571     6.5417  0.000e+00
      9.446    21.4468   4.703673    33.1286       1572     6.5458  0.000e+00
      9.422    21.4447   4.702317    33.1195       1573     6.5500  0.000e+00
      9.404    21.4451   4.702609    33.1215       1574     6.5542  0.000e+00
      9.381    21.4495   4.703277    33.1235       1575     6.5583  0.000e+00
      9.361    21.4586   4.704127    33.1231       1576     6.5625  0.000e+00
      9.337    21.4702   4.703646    33.1104       1577     6.5667  0.000e+00
      9.310    21.4781   4.704555    33.1115       1578     6.5708  0.000e+00
      9.283    21.4867   4.705593    33.1131       1579     6.5750  0.000e+00
      9.256    21.5035   4.705996    33.1033       1580     6.5792  0.000e+00
      9.227    21.5212   4.705995    33.0897       1581     6.5833  0.000e+00
      9.198    21.5348   4.705554    33.0758       1582     6.5875  0.000e+00
      9.167    21.5438   4.705138    33.0656       1583     6.5917  0.000e+00
      9.129    21.5487   4.704554    33.0573       1584     6.5958  0.000e+00
      9.088    21.5515   4.702393    33.0381       1585     6.6000  0.000e+00
      9.044    21.5546   4.701543    33.0291       1586     6.6042  0.000e+00
      8.988    21.5578   4.700874    33.0214       1587     6.6083  0.000e+00
      8.943    21.5630   4.700660    33.0158       1588     6.6125  0.000e+00
      8.889    21.5690   4.700751    33.0118       1589     6.6167  0.000e+00
      8.836    21.5751   4.700822    33.0077       1590     6.6208  0.000e+00
      8.787    21.5828   4.700452    32.9990       1591     6.6250  0.000e+00
      8.746    21.5921   4.699089    32.9811       1592     6.6292  0.000e+00
      8.708    21.6041   4.693025    32.9243       1593     6.6333  0.000e+00
      8.675    21.6178   4.691035    32.8982       1594     6.6375  0.000e+00
      8.635    21.6287   4.690983    32.8895       1595     6.6417  0.000e+00
      8.604    21.6362   4.687761    32.8585       1596     6.6458  0.000e+00
      8.561    21.6415   4.687372    32.8514       1597     6.6500  0.000e+00
      8.514    21.6452   4.691462    32.8807       1598     6.6542  0.000e+00
      8.465    21.6471   4.692123    32.8845       1599     6.6583  0.000e+00
      8.420    21.6481   4.688675    32.8567       1600     6.6625  0.000e+00
      8.380    21.6490   4.680007    32.7880       1601     6.6667  0.000e+00
      8.338    21.6510   4.676271    32.7572       1602     6.6708  0.000e+00
      8.304    21.6536   4.675215    32.7469       1603     6.6750  0.000e+00
      8.273    21.6553   4.673972    32.7359       1604     6.6792  0.000e+00
      8.237    21.6562   4.672018    32.7199       1605     6.6833  0.000e+00
      8.212    21.6561   4.670665    32.7094       1606     6.6875  0.000e+00
      8.179    21.6555   4.667288    32.6833       1607     6.6917  0.000e+00
      8.154    21.6546   4.666499    32.6779       1608     6.6958  0.000e+00
      8.129    21.6535   4.665180    32.6684       1609     6.7000  0.000e+00
      8.098    21.6523   4.664701    32.6655       1610     6.7042  0.000e+00
      8.063    21.6516   4.664811    32.6669       1611     6.7083  0.000e+00
      8.029    21.6513   4.664779    32.6669       1612     6.7125  0.000e+00
      7.996    21.6511   4.664837    32.6676       1613     6.7167  0.000e+00
      7.964    21.6511   4.664624    32.6659       1614     6.7208  0.000e+00
      7.942    21.6512   4.664559    32.6653       1615     6.7250  0.000e+00
      7.920    21.6510   4.664572    32.6656       1616     6.7292  0.000e+00
      7.901    21.6510   4.665781    32.6751       1617     6.7333  0.000e+00
      7.882    21.6512   4.665257    32.6708       1618     6.7375  0.000e+00
      7.866    21.6512   4.664281    32.6632       1619     6.7417  0.000e+00
      7.839    21.6514   4.663569    32.6575       1620     6.7458  0.000e+00
      7.819    21.6508   4.663304    32.6558       1621     6.7500  0.000e+00
      7.788    21.6503   4.662490    32.6498       1622     6.7542  0.000e+00
      7.763    21.6499   4.662781    32.6524       1623     6.7583  0.000e+00
      7.730    21.6500   4.662444    32.6497       1624     6.7625  0.000e+00
      7.703    21.6501   4.662567    32.6506       1625     6.7667  0.000e+00
      7.676    21.6502   4.662593    32.6507       1626     6.7708  0.000e+00
      7.651    21.6504   4.662541    32.6502       1627     6.7750  0.000e+00
      7.614    21.6510   4.662502    32.6495       1628     6.7792  0.000e+00
      7.584    21.6515   4.662464    32.6487       1629     6.7833  0.000e+00
      7.553    21.6517   4.662515    32.6490       1630     6.7875  0.000e+00
      7.517    21.6516   4.662593    32.6497       1631     6.7917  0.000e+00
      7.479    21.6513   4.662671    32.6506       1632     6.7958  0.000e+00
      7.439    21.6514   4.662586    32.6499       1633     6.8000  0.000e+00
      7.395    21.6514   4.662438    32.6487       1634     6.8042  0.000e+00
      7.358    21.6511   4.662069    32.6461       1635     6.8083  0.000e+00
      7.319    21.6508   4.662069    32.6463       1636     6.8125  0.000e+00
      7.289    21.6507   4.662444    32.6493       1637     6.8167  0.000e+00
      7.251    21.6505   4.662593    32.6507       1638     6.8208  0.000e+00
      7.215    21.6503   4.662095    32.6469       1639     6.8250  0.000e+00
      7.182    21.6504   4.661642    32.6433       1640     6.8292  0.000e+00
      7.158    21.6504   4.661623    32.6432       1641     6.8333  0.000e+00
      7.128    21.6505   4.661642    32.6432       1642     6.8375  0.000e+00
      7.111    21.6503   4.661617    32.6432       1643     6.8417  0.000e+00
      7.099    21.6506   4.661616    32.6430       1644     6.8458  0.000e+00
      7.086    21.6502   4.661623    32.6433       1645     6.8500  0.000e+00
      7.079    21.6503   4.661726    32.6441       1646     6.8542  0.000e+00
      7.070    21.6502   4.661701    32.6439       1647     6.8583  0.000e+00
      7.048    21.6507   4.661726    32.6438       1648     6.8625  0.000e+00
      7.017    21.6508   4.661726    32.6437       1649     6.8667  0.000e+00
      6.977    21.6510   4.661733    32.6436       1650     6.8708  0.000e+00
      6.918    21.6512   4.661726    32.6435       1651     6.8750  0.000e+00
