HB2406/sbe103.cnv
* Sea-Bird SBE 19plus V2 Data File:
* FileName = C:\cruise\data\sbe103.hex
* Software Version Seasave V 7.26.7.121
* Temperature SN = 7037
* Conductivity SN = 7037
* System UpLoad Time = Aug 21 2024 12:55:01
* NMEA Latitude = 40 35.43 N
* NMEA Longitude = 072 17.85 W
* NMEA UTC (Time) = Aug 21 2024  12:53:56
** Ship: Henry Bigelow
** Cruise:  HB2406
** Program:  ECOMON
# nquan = 7
# nvalues = 1383                                  
# units = specified
# name 0 = depSM: Depth [salt water, m]
# name 1 = tv290C: Temperature [ITS-90, deg C]
# name 2 = c0S/m: Conductivity [S/m]
# name 3 = sal00: Salinity, Practical [PSU]
# name 4 = scan: Scan Count
# name 5 = timeM: Time, Elapsed [minutes]
# name 6 = flag:  0.000e+00
# span 0 =     -0.003,     44.495                 
# span 1 =     9.8228,    22.0685                 
# span 2 =  -0.000028,   4.573647                 
# span 3 =     0.0000,    32.3842                 
# span 4 =         11,       1393                 
# span 5 =     0.0417,     5.8000                 
# span 6 = 0.0000e+00, 0.0000e+00                 
# interval = seconds: 0.25
# start_time = Aug 21 2024 12:53:56 [NMEA time, header]
# bad_flag = -9.990e-29
*END*
[from data line 616]
     32.583    11.0436   3.601821    31.9448        627     2.6083  0.000e+00
     32.512    11.0949   3.604663    31.9283        628     2.6125  0.000e+00
     32.442    11.1398   3.607030    31.9126        629     2.6167  0.000e+00
     32.375    11.1792   3.608449    31.8925        630     2.6208  0.000e+00
     32.301    11.2119   3.608152    31.8613        631     2.6250  0.000e+00
     32.229    11.2375   3.605673    31.8149        632     2.6292  0.000e+00
     32.156    11.2554   3.605167    31.7946        633     2.6333  0.000e+00
     32.080    11.2666   3.605231    31.7855        634     2.6375  0.000e+00
     32.010    11.2751   3.606394    31.7897        635     2.6417  0.000e+00
     31.934    11.2860   3.608587    31.8018        636     2.6458  0.000e+00
     31.867    11.3016   3.613318    31.8347        637     2.6500  0.000e+00
     31.796    11.3277   3.619350    31.8712        638     2.6542  0.000e+00
     31.733    11.3678   3.622874    31.8711        639     2.6583  0.000e+00
     31.666    11.4109   3.625257    31.8573        640     2.6625  0.000e+00
     31.607    11.4491   3.626160    31.8332        641     2.6667  0.000e+00
     31.540    11.4784   3.626539    31.8117        642     2.6708  0.000e+00
     31.480    11.4986   3.628544    31.8139        643     2.6750  0.000e+00
     31.420    11.5182   3.631080    31.8218        644     2.6792  0.000e+00
     31.361    11.5410   3.633180    31.8228        645     2.6833  0.000e+00
     31.301    11.5651   3.634177    31.8118        646     2.6875  0.000e+00
     31.241    11.5866   3.634784    31.7993        647     2.6917  0.000e+00
     31.181    11.6042   3.635064    31.7869        648     2.6958  0.000e+00
     31.116    11.6178   3.635303    31.7776        649     2.7000  0.000e+00
     31.062    11.6291   3.635594    31.7708        650     2.7042  0.000e+00
     30.995    11.6387   3.635967    31.7662        651     2.7083  0.000e+00
     30.930    11.6476   3.636341    31.7622        652     2.7125  0.000e+00
     30.860    11.6559   3.636720    31.7589        653     2.7167  0.000e+00
     30.789    11.6632   3.637140    31.7567        654     2.7208  0.000e+00
     30.720    11.6700   3.637560    31.7550        655     2.7250  0.000e+00
     30.641    11.6764   3.637869    31.7526        656     2.7292  0.000e+00
     30.565    11.6822   3.638138    31.7502        657     2.7333  0.000e+00
     30.485    11.6869   3.638272    31.7476        658     2.7375  0.000e+00
     30.402    11.6912   3.638360    31.7448        659     2.7417  0.000e+00
     30.323    11.6949   3.638675    31.7447        660     2.7458  0.000e+00
     30.239    11.6986   3.639025    31.7449        661     2.7500  0.000e+00
     30.167    11.7026   3.639334    31.7446        662     2.7542  0.000e+00
     30.089    11.7064   3.639573    31.7436        663     2.7583  0.000e+00
     30.017    11.7103   3.639754    31.7421        664     2.7625  0.000e+00
     29.946    11.7136   3.639988    31.7416        665     2.7667  0.000e+00
     29.883    11.7169   3.640239    31.7412        666     2.7708  0.000e+00
     29.818    11.7199   3.640531    31.7415        667     2.7750  0.000e+00
     29.760    11.7233   3.640770    31.7410        668     2.7792  0.000e+00
     29.708    11.7265   3.640898    31.7395        669     2.7833  0.000e+00
     29.659    11.7295   3.640992    31.7378        670     2.7875  0.000e+00
     29.614    11.7320   3.641085    31.7366        671     2.7917  0.000e+00
     29.568    11.7338   3.641149    31.7357        672     2.7958  0.000e+00
     29.530    11.7351   3.641283    31.7359        673     2.8000  0.000e+00
     29.496    11.7367   3.641435    31.7361        674     2.8042  0.000e+00
     29.460    11.7381   3.641593    31.7364        675     2.8083  0.000e+00
     29.422    11.7397   3.641704    31.7362        676     2.8125  0.000e+00
     29.380    11.7411   3.641838    31.7362        677     2.8167  0.000e+00
     29.341    11.7425   3.641937    31.7360        678     2.8208  0.000e+00
     29.299    11.7439   3.642077    31.7362        679     2.8250  0.000e+00
     29.250    11.7455   3.642282    31.7368        680     2.8292  0.000e+00
     29.199    11.7469   3.642457    31.7374        681     2.8333  0.000e+00
     29.147    11.7487   3.642679    31.7380        682     2.8375  0.000e+00
     29.091    11.7505   3.642901    31.7386        683     2.8417  0.000e+00
     29.040    11.7527   3.643035    31.7381        684     2.8458  0.000e+00
     28.986    11.7547   3.643210    31.7381        685     2.8500  0.000e+00
     28.930    11.7569   3.643379    31.7379        686     2.8542  0.000e+00
     28.883    11.7591   3.643520    31.7374        687     2.8583  0.000e+00
     28.832    11.7614   3.643654    31.7368        688     2.8625  0.000e+00
     28.775    11.7637   3.643741    31.7357        689     2.8667  0.000e+00
     28.722    11.7655   3.643829    31.7349        690     2.8708  0.000e+00
     28.668    11.7673   3.643940    31.7345        691     2.8750  0.000e+00
     28.617    11.7687   3.644033    31.7343        692     2.8792  0.000e+00
     28.559    11.7699   3.644051    31.7334        693     2.8833  0.000e+00
     28.503    11.7709   3.644168    31.7337        694     2.8875  0.000e+00
     28.449    11.7720   3.644232    31.7334        695     2.8917  0.000e+00
     28.391    11.7730   3.644384    31.7340        696     2.8958  0.000e+00
     28.340    11.7741   3.644495    31.7342        697     2.9000  0.000e+00
     28.293    11.7753   3.644506    31.7333        698     2.9042  0.000e+00
     28.248    11.7762   3.644518    31.7326        699     2.9083  0.000e+00
     28.203    11.7768   3.644518    31.7322        700     2.9125  0.000e+00
     28.160    11.7773   3.644494    31.7316        701     2.9167  0.000e+00
     28.122    11.7775   3.644529    31.7317        702     2.9208  0.000e+00
     28.084    11.7778   3.644588    31.7320        703     2.9250  0.000e+00
     28.051    11.7783   3.644588    31.7317        704     2.9292  0.000e+00
     28.018    11.7788   3.644629    31.7317        705     2.9333  0.000e+00
     27.979    11.7790   3.644629    31.7315        706     2.9375  0.000e+00
     27.943    11.7793   3.644763    31.7325        707     2.9417  0.000e+00
     27.899    11.7798   3.644810    31.7326        708     2.9458  0.000e+00
     27.859    11.7805   3.644827    31.7322        709     2.9500  0.000e+00
     27.809    11.7812   3.644897    31.7323        710     2.9542  0.000e+00
     27.765    11.7818   3.645014    31.7329        711     2.9583  0.000e+00
     27.716    11.7827   3.645143    31.7334        712     2.9625  0.000e+00
     27.668    11.7837   3.645254    31.7336        713     2.9667  0.000e+00
     27.615    11.7851   3.645405    31.7339        714     2.9708  0.000e+00
     27.568    11.7865   3.645610    31.7348        715     2.9750  0.000e+00
     27.523    11.7883   3.645738    31.7345        716     2.9792  0.000e+00
     27.478    11.7900   3.645873    31.7343        717     2.9833  0.000e+00
     27.431    11.7916   3.645960    31.7338        718     2.9875  0.000e+00
     27.387    11.7933   3.646100    31.7338        719     2.9917  0.000e+00
     27.339    11.7948   3.646229    31.7337        720     2.9958  0.000e+00
     27.288    11.7964   3.646340    31.7334        721     3.0000  0.000e+00
     27.241    11.7980   3.646427    31.7329        722     3.0042  0.000e+00
     27.190    11.7992   3.646544    31.7331        723     3.0083  0.000e+00
     27.143    11.8006   3.646673    31.7332        724     3.0125  0.000e+00
     27.087    11.8021   3.646784    31.7330        725     3.0167  0.000e+00
     27.027    11.8036   3.646918    31.7330        726     3.0208  0.000e+00
     26.973    11.8049   3.647012    31.7329        727     3.0250  0.000e+00
     26.914    11.8062   3.647093    31.7326        728     3.0292  0.000e+00
     26.857    11.8075   3.647163    31.7321        729     3.0333  0.000e+00
     26.801    11.8086   3.647228    31.7319        730     3.0375  0.000e+00
     26.747    11.8095   3.647286    31.7317        731     3.0417  0.000e+00
     26.686    11.8103   3.647315    31.7313        732     3.0458  0.000e+00
     26.633    11.8111   3.647385    31.7313        733     3.0500  0.000e+00
     26.581    11.8118   3.647385    31.7307        734     3.0542  0.000e+00
     26.530    11.8125   3.647438    31.7307        735     3.0583  0.000e+00
     26.483    11.8128   3.647449    31.7305        736     3.0625  0.000e+00
     26.431    11.8134   3.647496    31.7305        737     3.0667  0.000e+00
     26.387    11.8138   3.647514    31.7304        738     3.0708  0.000e+00
     26.348    11.8143   3.647519    31.7300        739     3.0750  0.000e+00
     26.310    11.8147   3.647537    31.7298        740     3.0792  0.000e+00
     26.273    11.8150   3.647560    31.7298        741     3.0833  0.000e+00
     26.237    11.8157   3.647560    31.7293        742     3.0875  0.000e+00
     26.203    11.8158   3.647584    31.7294        743     3.0917  0.000e+00
     26.177    11.8163   3.647607    31.7292        744     3.0958  0.000e+00
     26.152    11.8165   3.647607    31.7290        745     3.1000  0.000e+00
     26.121    11.8169   3.647607    31.7288        746     3.1042  0.000e+00
     26.094    11.8172   3.647607    31.7285        747     3.1083  0.000e+00
     26.067    11.8175   3.647607    31.7282        748     3.1125  0.000e+00
     26.040    11.8179   3.647607    31.7279        749     3.1167  0.000e+00
     26.007    11.8183   3.647624    31.7277        750     3.1208  0.000e+00
     25.980    11.8187   3.647648    31.7276        751     3.1250  0.000e+00
     25.948    11.8191   3.647671    31.7275        752     3.1292  0.000e+00
     25.913    11.8196   3.647718    31.7275        753     3.1333  0.000e+00
     25.877    11.8201   3.647735    31.7273        754     3.1375  0.000e+00
     25.837    11.8205   3.647817    31.7278        755     3.1417  0.000e+00
     25.792    11.8212   3.647870    31.7277        756     3.1458  0.000e+00
     25.738    11.8219   3.647893    31.7273        757     3.1500  0.000e+00
     25.680    11.8226   3.647870    31.7265        758     3.1542  0.000e+00
     25.611    11.8233   3.647881    31.7261        759     3.1583  0.000e+00
     25.539    11.8240   3.648138    31.7280        760     3.1625  0.000e+00
     25.459    11.8256   3.648647    31.7317        761     3.1667  0.000e+00
     25.382    11.8286   3.649313    31.7356        762     3.1708  0.000e+00
     25.300    11.8327   3.650306    31.7417        763     3.1750  0.000e+00
     25.215    11.8390   3.651183    31.7448        764     3.1792  0.000e+00
     25.143    11.8464   3.651604    31.7426        765     3.1833  0.000e+00
     25.071    11.8530   3.651732    31.7382        766     3.1875  0.000e+00
     25.007    11.8580   3.651738    31.7341        767     3.1917  0.000e+00
     24.949    11.8615   3.651802    31.7317        768     3.1958  0.000e+00
     24.906    11.8638   3.651983    31.7315        769     3.2000  0.000e+00
     24.866    11.8661   3.652176    31.7314        770     3.2042  0.000e+00
     24.837    11.8681   3.652317    31.7311        771     3.2083  0.000e+00
     24.812    11.8701   3.652381    31.7300        772     3.2125  0.000e+00
     24.788    11.8717   3.652474    31.7296        773     3.2167  0.000e+00
     24.772    11.8729   3.652474    31.7286        774     3.2208  0.000e+00
     24.756    11.8739   3.652492    31.7279        775     3.2250  0.000e+00
     24.732    11.8747   3.652539    31.7277        776     3.2292  0.000e+00
     24.723    11.8753   3.652562    31.7274        777     3.2333  0.000e+00
     24.705    11.8760   3.652620    31.7274        778     3.2375  0.000e+00
     24.689    11.8769   3.652761    31.7280        779     3.2417  0.000e+00
     24.665    11.8776   3.652761    31.7274        780     3.2458  0.000e+00
     24.644    11.8785   3.652784    31.7268        781     3.2500  0.000e+00
     24.618    11.8792   3.652749    31.7260        782     3.2542  0.000e+00
     24.590    11.8798   3.652761    31.7255        783     3.2583  0.000e+00
     24.553    11.8801   3.652737    31.7251        784     3.2625  0.000e+00
     24.514    11.8805   3.652796    31.7253        785     3.2667  0.000e+00
     24.474    11.8809   3.652942    31.7264        786     3.2708  0.000e+00
     24.423    11.8817   3.653141    31.7277        787     3.2750  0.000e+00
     24.372    11.8833   3.653474    31.7295        788     3.2792  0.000e+00
     24.320    11.8862   3.654094    31.7330        789     3.2833  0.000e+00
     24.266    11.8910   3.655052    31.7382        790     3.2875  0.000e+00
     24.204    11.8985   3.656210    31.7431        791     3.2917  0.000e+00
     24.141    11.9081   3.657637    31.7487        792     3.2958  0.000e+00
     24.083    11.9200   3.658994    31.7517        793     3.3000  0.000e+00
     24.016    11.9329   3.660135    31.7517        794     3.3042  0.000e+00
     23.949    11.9459   3.661317    31.7520        795     3.3083  0.000e+00
     23.882    11.9589   3.662686    31.7542        796     3.3125  0.000e+00
     23.815    11.9722   3.663997    31.7555        797     3.3167  0.000e+00
     23.749    11.9858   3.664641    31.7501        798     3.3208  0.000e+00
     23.683    11.9978   3.665267    31.7461        799     3.3250  0.000e+00
     23.622    12.0078   3.665975    31.7444        800     3.3292  0.000e+00
     23.557    12.0174   3.666496    31.7412        801     3.3333  0.000e+00
     23.502    12.0257   3.666162    31.7310        802     3.3375  0.000e+00
     23.450    12.0326   3.667193    31.7350        803     3.3417  0.000e+00
     23.399    12.0387   3.667526    31.7331        804     3.3458  0.000e+00
     23.358    12.0440   3.667819    31.7314        805     3.3500  0.000e+00
     23.322    12.0486   3.668112    31.7303        806     3.3542  0.000e+00
     23.293    12.0529   3.668399    31.7295        807     3.3583  0.000e+00
     23.264    12.0569   3.668709    31.7291        808     3.3625  0.000e+00
     23.247    12.0604   3.669025    31.7291        809     3.3667  0.000e+00
     23.233    12.0640   3.669248    31.7282        810     3.3708  0.000e+00
     23.218    12.0672   3.669470    31.7276        811     3.3750  0.000e+00
     23.209    12.0703   3.669628    31.7266        812     3.3792  0.000e+00
     23.202    12.0727   3.669716    31.7253        813     3.3833  0.000e+00
     23.191    12.0749   3.669874    31.7250        814     3.3875  0.000e+00
     23.180    12.0767   3.670032    31.7250        815     3.3917  0.000e+00
     23.166    12.0785   3.670249    31.7256        816     3.3958  0.000e+00
     23.146    12.0807   3.670636    31.7275        817     3.4000  0.000e+00
     23.121    12.0834   3.671169    31.7303        818     3.4042  0.000e+00
     23.092    12.0873   3.671965    31.7346        819     3.4083  0.000e+00
     23.052    12.0929   3.673166    31.7414        820     3.4125  0.000e+00
     23.003    12.1006   3.674555    31.7482        821     3.4167  0.000e+00
     22.944    12.1110   3.676424    31.7573        822     3.4208  0.000e+00
     22.886    12.1247   3.678300    31.7638        823     3.4250  0.000e+00
     22.812    12.1410   3.680252    31.7687        824     3.4292  0.000e+00
     22.736    12.1594   3.682088    31.7707        825     3.4333  0.000e+00
     22.656    12.1796   3.684111    31.7730        826     3.4375  0.000e+00
     22.575    12.2005   3.685865    31.7721        827     3.4417  0.000e+00
     22.501    12.2217   3.686886    31.7639        828     3.4458  0.000e+00
     22.426    12.2400   3.687578    31.7551        829     3.4500  0.000e+00
     22.356    12.2544   3.688141    31.7483        830     3.4542  0.000e+00
