HB2406/sbe111.cnv
* Sea-Bird SBE 19plus V2 Data File:
* FileName = C:\cruise\data\sbe111.hex
* Software Version Seasave V 7.26.7.121
* Temperature SN = 7037
* Conductivity SN = 7037
* System UpLoad Time = Aug 22 2024 01:38:27
* NMEA Latitude = 40 13.73 N
* NMEA Longitude = 070 31.99 W
* NMEA UTC (Time) = Aug 22 2024  01:37:22
** Ship: Henry Bigelow
** Cruise:  HB2406
** Program:  ECOMON
# nquan = 7
# nvalues = 3849                                  
# units = specified
# name 0 = depSM: Depth [salt water, m]
# name 1 = tv290C: Temperature [ITS-90, deg C]
# name 2 = c0S/m: Conductivity [S/m]
# name 3 = sal00: Salinity, Practical [PSU]
# name 4 = scan: Scan Count
# name 5 = timeM: Time, Elapsed [minutes]
# name 6 = flag:  0.000e+00
# span 0 =      0.003,    112.017                 
# span 1 =    10.2434,    22.7061                 
# span 2 =   0.000017,   4.765262                 
# span 3 =     0.0094,    35.0998                 
# span 4 =         11,       3859                 
# span 5 =     0.0417,    16.0750                 
# span 6 = 0.0000e+00, 0.0000e+00                 
# interval = seconds: 0.25
# start_time = Aug 22 2024 01:37:22 [NMEA time, header]
# bad_flag = -9.990e-29
*END*
[from data line 1436]
     89.034    11.1147   3.793172    33.7487       1447     6.0250  0.000e+00
     88.978    11.1122   3.791985    33.7392       1448     6.0292  0.000e+00
     88.915    11.1091   3.790305    33.7255       1449     6.0333  0.000e+00
     88.852    11.1045   3.788970    33.7164       1450     6.0375  0.000e+00
     88.790    11.0989   3.786965    33.7017       1451     6.0417  0.000e+00
     88.720    11.0908   3.785346    33.6932       1452     6.0458  0.000e+00
     88.660    11.0808   3.784872    33.6977       1453     6.0500  0.000e+00
     88.595    11.0725   3.784569    33.7023       1454     6.0542  0.000e+00
     88.524    11.0667   3.784480    33.7068       1455     6.0583  0.000e+00
     88.456    11.0632   3.784385    33.7090       1456     6.0625  0.000e+00
     88.392    11.0614   3.784326    33.7102       1457     6.0667  0.000e+00
     88.331    11.0612   3.784326    33.7104       1458     6.0708  0.000e+00
     88.276    11.0614   3.784338    33.7103       1459     6.0750  0.000e+00
     88.215    11.0620   3.784439    33.7108       1460     6.0792  0.000e+00
     88.153    11.0625   3.784504    33.7110       1461     6.0833  0.000e+00
     88.104    11.0634   3.784658    33.7117       1462     6.0875  0.000e+00
     88.059    11.0646   3.784658    33.7106       1463     6.0917  0.000e+00
     87.996    11.0658   3.784848    33.7115       1464     6.0958  0.000e+00
     87.942    11.0676   3.784925    33.7106       1465     6.1000  0.000e+00
     87.884    11.0693   3.784895    33.7087       1466     6.1042  0.000e+00
     87.820    11.0710   3.784350    33.7018       1467     6.1083  0.000e+00
     87.744    11.0717   3.784124    33.6990       1468     6.1125  0.000e+00
     87.679    11.0716   3.783804    33.6959       1469     6.1167  0.000e+00
     87.610    11.0712   3.783501    33.6933       1470     6.1208  0.000e+00
     87.536    11.0701   3.782831    33.6877       1471     6.1250  0.000e+00
     87.466    11.0687   3.782351    33.6842       1472     6.1292  0.000e+00
     87.386    11.0671   3.781308    33.6754       1473     6.1333  0.000e+00
     87.319    11.0655   3.777775    33.6418       1474     6.1375  0.000e+00
     87.258    11.0599   3.776809    33.6374       1475     6.1417  0.000e+00
     87.194    11.0538   3.776620    33.6411       1476     6.1458  0.000e+00
     87.138    11.0494   3.776454    33.6435       1477     6.1500  0.000e+00
     87.084    11.0464   3.776276    33.6445       1478     6.1542  0.000e+00
     87.024    11.0443   3.776157    33.6453       1479     6.1583  0.000e+00
     86.970    11.0428   3.776146    33.6466       1480     6.1625  0.000e+00
     86.924    11.0420   3.776086    33.6468       1481     6.1667  0.000e+00
     86.868    11.0414   3.776074    33.6472       1482     6.1708  0.000e+00
     86.830    11.0412   3.776063    33.6473       1483     6.1750  0.000e+00
     86.780    11.0410   3.776057    33.6475       1484     6.1792  0.000e+00
     86.731    11.0409   3.776033    33.6473       1485     6.1833  0.000e+00
     86.695    11.0408   3.776039    33.6475       1486     6.1875  0.000e+00
     86.648    11.0408   3.776009    33.6472       1487     6.1917  0.000e+00
     86.597    11.0406   3.775968    33.6470       1488     6.1958  0.000e+00
     86.539    11.0406   3.775944    33.6468       1489     6.2000  0.000e+00
     86.486    11.0405   3.775944    33.6469       1490     6.2042  0.000e+00
     86.430    11.0404   3.775902    33.6467       1491     6.2083  0.000e+00
     86.353    11.0404   3.775855    33.6462       1492     6.2125  0.000e+00
     86.278    11.0401   3.775760    33.6455       1493     6.2167  0.000e+00
     86.197    11.0398   3.775701    33.6453       1494     6.2208  0.000e+00
     86.123    11.0395   3.775648    33.6450       1495     6.2250  0.000e+00
     86.032    11.0395   3.775547    33.6441       1496     6.2292  0.000e+00
     85.953    11.0393   3.775434    33.6432       1497     6.2333  0.000e+00
     85.875    11.0392   3.775298    33.6420       1498     6.2375  0.000e+00
     85.801    11.0391   3.775168    33.6408       1499     6.2417  0.000e+00
     85.728    11.0390   3.775091    33.6402       1500     6.2458  0.000e+00
     85.665    11.0388   3.775079    33.6403       1501     6.2500  0.000e+00
     85.622    11.0388   3.774901    33.6385       1502     6.2542  0.000e+00
     85.564    11.0387   3.774699    33.6367       1503     6.2583  0.000e+00
     85.528    11.0382   3.774504    33.6352       1504     6.2625  0.000e+00
     85.508    11.0376   3.774374    33.6344       1505     6.2667  0.000e+00
     85.486    11.0368   3.774285    33.6343       1506     6.2708  0.000e+00
     85.462    11.0362   3.774190    33.6339       1507     6.2750  0.000e+00
     85.446    11.0355   3.774107    33.6338       1508     6.2792  0.000e+00
     85.422    11.0348   3.774060    33.6339       1509     6.2833  0.000e+00
     85.393    11.0343   3.774024    33.6340       1510     6.2875  0.000e+00
     85.357    11.0340   3.773864    33.6328       1511     6.2917  0.000e+00
     85.310    11.0335   3.773681    33.6314       1512     6.2958  0.000e+00
     85.251    11.0327   3.773444    33.6297       1513     6.3000  0.000e+00
     85.193    11.0316   3.773147    33.6279       1514     6.3042  0.000e+00
     85.117    11.0305   3.772976    33.6272       1515     6.3083  0.000e+00
     85.039    11.0292   3.772822    33.6269       1516     6.3125  0.000e+00
     84.966    11.0282   3.772336    33.6230       1517     6.3167  0.000e+00
     84.883    11.0268   3.771809    33.6191       1518     6.3208  0.000e+00
     84.798    11.0247   3.771181    33.6148       1519     6.3250  0.000e+00
     84.717    11.0219   3.770234    33.6080       1520     6.3292  0.000e+00
     84.648    11.0184   3.770074    33.6097       1521     6.3333  0.000e+00
     84.574    11.0153   3.769570    33.6076       1522     6.3375  0.000e+00
     84.518    11.0126   3.768842    33.6028       1523     6.3417  0.000e+00
     84.467    11.0092   3.768594    33.6034       1524     6.3458  0.000e+00
     84.418    11.0063   3.767759    33.5978       1525     6.3500  0.000e+00
     84.376    11.0029   3.766468    33.5882       1526     6.3542  0.000e+00
     84.329    10.9984   3.765598    33.5837       1527     6.3583  0.000e+00
     84.288    10.9934   3.764119    33.5735       1528     6.3625  0.000e+00
     84.239    10.9874   3.762906    33.5670       1529     6.3667  0.000e+00
     84.201    10.9811   3.763060    33.5744       1530     6.3708  0.000e+00
     84.150    10.9769   3.761948    33.5671       1531     6.3750  0.000e+00
     84.100    10.9726   3.761628    33.5679       1532     6.3792  0.000e+00
     84.051    10.9688   3.760800    33.5632       1533     6.3833  0.000e+00
     83.998    10.9653   3.760149    33.5599       1534     6.3875  0.000e+00
     83.939    10.9615   3.758493    33.5469       1535     6.3917  0.000e+00
     83.884    10.9568   3.758062    33.5470       1536     6.3958  0.000e+00
     83.837    10.9524   3.756122    33.5318       1537     6.4000  0.000e+00
     83.787    10.9463   3.752251    33.4988       1538     6.4042  0.000e+00
     83.736    10.9362   3.747347    33.4594       1539     6.4083  0.000e+00
     83.691    10.9225   3.743189    33.4305       1540     6.4125  0.000e+00
     83.642    10.9068   3.739240    33.4056       1541     6.4167  0.000e+00
     83.595    10.8896   3.738285    33.4117       1542     6.4208  0.000e+00
     83.553    10.8769   3.738167    33.4222       1543     6.4250  0.000e+00
     83.517    10.8688   3.738196    33.4299       1544     6.4292  0.000e+00
     83.474    10.8639   3.738096    33.4334       1545     6.4333  0.000e+00
     83.439    10.8608   3.738090    33.4362       1546     6.4375  0.000e+00
     83.403    10.8585   3.737984    33.4371       1547     6.4417  0.000e+00
     83.372    10.8573   3.737954    33.4380       1548     6.4458  0.000e+00
     83.340    10.8562   3.737937    33.4389       1549     6.4500  0.000e+00
     83.302    10.8553   3.737453    33.4349       1550     6.4542  0.000e+00
     83.263    10.8541   3.736721    33.4287       1551     6.4583  0.000e+00
     83.216    10.8514   3.735117    33.4151       1552     6.4625  0.000e+00
     83.164    10.8466   3.733341    33.4019       1553     6.4667  0.000e+00
     83.122    10.8398   3.731902    33.3938       1554     6.4708  0.000e+00
     83.064    10.8328   3.731330    33.3945       1555     6.4750  0.000e+00
     82.999    10.8280   3.730505    33.3907       1556     6.4792  0.000e+00
     82.936    10.8242   3.730122    33.3904       1557     6.4833  0.000e+00
     82.876    10.8204   3.730033    33.3929       1558     6.4875  0.000e+00
     82.800    10.8179   3.730069    33.3956       1559     6.4917  0.000e+00
     82.741    10.8165   3.730098    33.3973       1560     6.4958  0.000e+00
     82.675    10.8158   3.730027    33.3972       1561     6.5000  0.000e+00
     82.614    10.8152   3.729986    33.3973       1562     6.5042  0.000e+00
     82.563    10.8149   3.729438    33.3922       1563     6.5083  0.000e+00
     82.505    10.8138   3.729119    33.3900       1564     6.5125  0.000e+00
     82.445    10.8121   3.729066    33.3910       1565     6.5167  0.000e+00
     82.409    10.8107   3.729031    33.3920       1566     6.5208  0.000e+00
     82.373    10.8098   3.729019    33.3927       1567     6.5250  0.000e+00
     82.340    10.8092   3.728913    33.3923       1568     6.5292  0.000e+00
     82.312    10.8086   3.728937    33.3931       1569     6.5333  0.000e+00
     82.279    10.8083   3.728825    33.3922       1570     6.5375  0.000e+00
     82.261    10.8078   3.728689    33.3913       1571     6.5417  0.000e+00
     82.232    10.8071   3.728719    33.3923       1572     6.5458  0.000e+00
     82.212    10.8067   3.728801    33.3934       1573     6.5500  0.000e+00
     82.185    10.8066   3.728825    33.3938       1574     6.5542  0.000e+00
     82.161    10.8069   3.728730    33.3926       1575     6.5583  0.000e+00
     82.127    10.8066   3.728412    33.3897       1576     6.5625  0.000e+00
     82.098    10.8059   3.728754    33.3937       1577     6.5667  0.000e+00
     82.045    10.8061   3.728630    33.3924       1578     6.5708  0.000e+00
     82.002    10.8059   3.728412    33.3904       1579     6.5750  0.000e+00
     81.955    10.8054   3.728324    33.3900       1580     6.5792  0.000e+00
     81.901    10.8049   3.728548    33.3927       1581     6.5833  0.000e+00
     81.855    10.8047   3.727887    33.3863       1582     6.5875  0.000e+00
     81.796    10.8037   3.727410    33.3825       1583     6.5917  0.000e+00
     81.743    10.8015   3.726885    33.3793       1584     6.5958  0.000e+00
     81.682    10.7986   3.726691    33.3800       1585     6.6000  0.000e+00
     81.636    10.7961   3.726202    33.3775       1586     6.6042  0.000e+00
     81.588    10.7938   3.725972    33.3773       1587     6.6083  0.000e+00
     81.533    10.7914   3.725789    33.3776       1588     6.6125  0.000e+00
     81.494    10.7895   3.725618    33.3777       1589     6.6167  0.000e+00
     81.443    10.7879   3.725383    33.3768       1590     6.6208  0.000e+00
     81.405    10.7862   3.725165    33.3762       1591     6.6250  0.000e+00
     81.369    10.7847   3.724905    33.3750       1592     6.6292  0.000e+00
     81.327    10.7831   3.724793    33.3754       1593     6.6333  0.000e+00
     81.289    10.7818   3.724564    33.3743       1594     6.6375  0.000e+00
     81.244    10.7804   3.724334    33.3733       1595     6.6417  0.000e+00
     81.209    10.7790   3.724245    33.3738       1596     6.6458  0.000e+00
     81.161    10.7777   3.724245    33.3750       1597     6.6500  0.000e+00
     81.128    10.7769   3.724116    33.3744       1598     6.6542  0.000e+00
     81.083    10.7762   3.724086    33.3748       1599     6.6583  0.000e+00
     81.043    10.7755   3.724033    33.3749       1600     6.6625  0.000e+00
     80.998    10.7750   3.724016    33.3752       1601     6.6667  0.000e+00
     80.956    10.7748   3.723986    33.3751       1602     6.6708  0.000e+00
     80.904    10.7744   3.723968    33.3753       1603     6.6750  0.000e+00
     80.860    10.7743   3.723945    33.3752       1604     6.6792  0.000e+00
     80.818    10.7741   3.723721    33.3731       1605     6.6833  0.000e+00
     80.766    10.7738   3.723627    33.3725       1606     6.6875  0.000e+00
     80.726    10.7732   3.723114    33.3679       1607     6.6917  0.000e+00
     80.674    10.7719   3.722625    33.3643       1608     6.6958  0.000e+00
     80.621    10.7700   3.722484    33.3646       1609     6.7000  0.000e+00
     80.567    10.7681   3.721900    33.3605       1610     6.7042  0.000e+00
     80.520    10.7661   3.720958    33.3529       1611     6.7083  0.000e+00
     80.469    10.7630   3.720581    33.3521       1612     6.7125  0.000e+00
     80.411    10.7599   3.720069    33.3498       1613     6.7167  0.000e+00
     80.362    10.7564   3.719486    33.3472       1614     6.7208  0.000e+00
     80.306    10.7531   3.719009    33.3454       1615     6.7250  0.000e+00
     80.259    10.7501   3.718915    33.3473       1616     6.7292  0.000e+00
     80.198    10.7476   3.718920    33.3496       1617     6.7333  0.000e+00
     80.152    10.7461   3.718832    33.3501       1618     6.7375  0.000e+00
     80.105    10.7451   3.718785    33.3507       1619     6.7417  0.000e+00
     80.055    10.7442   3.718785    33.3514       1620     6.7458  0.000e+00
     80.022    10.7436   3.718873    33.3529       1621     6.7500  0.000e+00
     79.979    10.7437   3.718850    33.3526       1622     6.7542  0.000e+00
     79.937    10.7436   3.718243    33.3467       1623     6.7583  0.000e+00
     79.904    10.7426   3.717466    33.3398       1624     6.7625  0.000e+00
     79.865    10.7400   3.716241    33.3300       1625     6.7667  0.000e+00
     79.832    10.7356   3.713946    33.3111       1626     6.7708  0.000e+00
     79.796    10.7279   3.712940    33.3081       1627     6.7750  0.000e+00
     79.758    10.7193   3.712604    33.3125       1628     6.7792  0.000e+00
     79.716    10.7125   3.712151    33.3143       1629     6.7833  0.000e+00
     79.675    10.7073   3.711292    33.3104       1630     6.7875  0.000e+00
     79.646    10.7025   3.710427    33.3062       1631     6.7917  0.000e+00
     79.591    10.6979   3.709580    33.3019       1632     6.7958  0.000e+00
     79.557    10.6930   3.709180    33.3024       1633     6.8000  0.000e+00
     79.510    10.6889   3.708951    33.3038       1634     6.8042  0.000e+00
     79.474    10.6856   3.708774    33.3051       1635     6.8083  0.000e+00
     79.427    10.6834   3.708504    33.3045       1636     6.8125  0.000e+00
     79.383    10.6814   3.708345    33.3047       1637     6.8167  0.000e+00
     79.349    10.6799   3.708298    33.3057       1638     6.8208  0.000e+00
     79.294    10.6787   3.707845    33.3023       1639     6.8250  0.000e+00
     79.253    10.6770   3.706034    33.2856       1640     6.8292  0.000e+00
     79.208    10.6731   3.705334    33.2822       1641     6.8333  0.000e+00
     79.150    10.6686   3.705205    33.2850       1642     6.8375  0.000e+00
     79.097    10.6648   3.704358    33.2801       1643     6.8417  0.000e+00
     79.036    10.6617   3.703735    33.2767       1644     6.8458  0.000e+00
     78.987    10.6580   3.703453    33.2773       1645     6.8500  0.000e+00
     78.925    10.6547   3.702912    33.2749       1646     6.8542  0.000e+00
     78.880    10.6516   3.702112    33.2697       1647     6.8583  0.000e+00
     78.813    10.6480   3.700220    33.2541       1648     6.8625  0.000e+00
     78.761    10.6423   3.699991    33.2570       1649     6.8667  0.000e+00
     78.706    10.6373   3.699750    33.2592       1650     6.8708  0.000e+00
     78.676    10.6338   3.699885    33.2638       1651     6.8750  0.000e+00
