HB2406/sbe105.cnv
* Sea-Bird SBE 19plus V2 Data File:
* FileName = C:\cruise\data\sbe105.hex
* Software Version Seasave V 7.26.7.121
* Temperature SN = 7037
* Conductivity SN = 7037
* System UpLoad Time = Aug 21 2024 17:02:44
* NMEA Latitude = 40 02.42 N
* NMEA Longitude = 072 05.94 W
* NMEA UTC (Time) = Aug 21 2024  17:01:39
** Ship: Henry Bigelow
** Cruise:  HB2406
** Program:  ECOMON
# nquan = 7
# nvalues = 1485                                  
# units = specified
# name 0 = depSM: Depth [salt water, m]
# name 1 = tv290C: Temperature [ITS-90, deg C]
# name 2 = c0S/m: Conductivity [S/m]
# name 3 = sal00: Salinity, Practical [PSU]
# name 4 = scan: Scan Count
# name 5 = timeM: Time, Elapsed [minutes]
# name 6 = flag:  0.000e+00
# span 0 =     -0.008,     72.353                 
# span 1 =     7.7618,    22.1745                 
# span 2 =  -0.000039,   4.567349                 
# span 3 =     0.0000,    33.8086                 
# span 4 =         11,       1495                 
# span 5 =     0.0417,     6.2250                 
# span 6 = 0.0000e+00, 0.0000e+00                 
# interval = seconds: 0.25
# start_time = Aug 21 2024 17:01:39 [NMEA time, header]
# bad_flag = -9.990e-29
*END*
[from data line 206]
     25.015    21.6233   4.508929    31.4635        217     0.9000  0.000e+00
     25.194    21.5994   4.507731    31.4715        218     0.9042  0.000e+00
     25.373    21.5727   4.505889    31.4765        219     0.9083  0.000e+00
     25.552    21.5544   4.503449    31.4708        220     0.9125  0.000e+00
     25.733    21.5420   4.501417    31.4640        221     0.9167  0.000e+00
     25.903    21.5208   4.499812    31.4668        222     0.9208  0.000e+00
     26.080    21.4912   4.499055    31.4824        223     0.9250  0.000e+00
     26.244    21.4484   4.060190    28.1056        224     0.9292  0.000e+00
     26.407    19.9802   3.577650    25.2769        225     0.9333  0.000e+00
     26.570    16.6941   3.555146    27.1834        226     0.9375  0.000e+00
     26.729    14.1623   3.546505    28.9086        227     0.9417  0.000e+00
     26.894    12.5355   3.541799    30.1237        228     0.9458  0.000e+00
     27.046    11.5249   3.539455    30.9272        229     0.9500  0.000e+00
     27.210    10.9047   3.538666    31.4441        230     0.9542  0.000e+00
     27.369    10.5234   3.536488    31.7520        231     0.9583  0.000e+00
     27.530    10.2830   3.534604    31.9435        232     0.9625  0.000e+00
     27.695    10.1310   3.532229    32.0537        233     0.9667  0.000e+00
     27.865    10.0294   3.530990    32.1312        234     0.9708  0.000e+00
     28.037     9.9610   3.527981    32.1616        235     0.9750  0.000e+00
     28.216     9.9113   3.528535    32.2114        236     0.9792  0.000e+00
     28.398     9.8775   3.524374    32.1992        237     0.9833  0.000e+00
     28.583     9.8457   3.523181    32.2154        238     0.9875  0.000e+00
     28.769     9.8193   3.523844    32.2457        239     0.9917  0.000e+00
     28.961     9.8034   3.522606    32.2473        240     0.9958  0.000e+00
     29.152     9.7917   3.521373    32.2451        241     1.0000  0.000e+00
     29.344     9.7822   3.520636    32.2461        242     1.0042  0.000e+00
     29.530     9.7717   3.516218    32.2104        243     1.0083  0.000e+00
     29.724     9.7527   3.512690    32.1914        244     1.0125  0.000e+00
     29.919     9.7255   3.506833    32.1560        245     1.0167  0.000e+00
     30.102     9.6896   3.504159    32.1608        246     1.0208  0.000e+00
     30.285     9.6529   3.500348    32.1546        247     1.0250  0.000e+00
     30.467     9.6164   3.494477    32.1273        248     1.0292  0.000e+00
     30.646     9.5760   3.490888    32.1267        249     1.0333  0.000e+00
     30.827     9.5323   3.490533    32.1621        250     1.0375  0.000e+00
     30.997     9.5004   3.488972    32.1747        251     1.0417  0.000e+00
     31.174     9.4767   3.487537    32.1812        252     1.0458  0.000e+00
     31.343     9.4553   3.484697    32.1712        253     1.0500  0.000e+00
     31.514     9.4319   3.477947    32.1230        254     1.0542  0.000e+00
     31.677     9.3965   3.476073    32.1354        255     1.0583  0.000e+00
     31.844     9.3600   3.473289    32.1395        256     1.0625  0.000e+00
     32.014     9.3283   3.466485    32.0980        257     1.0667  0.000e+00
     32.184     9.2873   3.462261    32.0913        258     1.0708  0.000e+00
     32.354     9.2423   3.458297    32.0909        259     1.0750  0.000e+00
     32.525     9.2016   3.453780    32.0808        260     1.0792  0.000e+00
     32.704     9.1600   3.454484    32.1254        261     1.0833  0.000e+00
     32.880     9.1302   3.450631    32.1124        262     1.0875  0.000e+00
     33.066     9.1049   3.445107    32.0780        263     1.0917  0.000e+00
     33.243     9.0663   3.432215    31.9794        264     1.0958  0.000e+00
     33.435     9.0040   3.428122    31.9929        265     1.1000  0.000e+00
     33.614     8.9377   3.428060    32.0520        266     1.1042  0.000e+00
     33.800     8.8905   3.422403    32.0357        267     1.1083  0.000e+00
     33.985     8.8491   3.419322    32.0409        268     1.1125  0.000e+00
     34.169     8.8046   3.416254    32.0491        269     1.1167  0.000e+00
     34.359     8.7634   3.415412    32.0775        270     1.1208  0.000e+00
     34.540     8.7299   3.412208    32.0744        271     1.1250  0.000e+00
     34.724     8.6992   3.408961    32.0682        272     1.1292  0.000e+00
     34.909     8.6631   3.406260    32.0727        273     1.1333  0.000e+00
     35.090     8.6275   3.404788    32.0895        274     1.1375  0.000e+00
     35.269     8.5956   3.406085    32.1320        275     1.1417  0.000e+00
     35.450     8.5780   3.405300    32.1397        276     1.1458  0.000e+00
     35.629     8.5608   3.405312    32.1554        277     1.1500  0.000e+00
     35.808     8.5472   3.405938    32.1742        278     1.1542  0.000e+00
     35.985     8.5407   3.405955    32.1803        279     1.1583  0.000e+00
     36.162     8.5357   3.405784    32.1830        280     1.1625  0.000e+00
     36.345     8.5306   3.406285    32.1928        281     1.1667  0.000e+00
     36.519     8.5248   3.408104    32.2171        282     1.1708  0.000e+00
     36.701     8.5217   3.410181    32.2416        283     1.1750  0.000e+00
     36.884     8.5238   3.410732    32.2454        284     1.1792  0.000e+00
     37.074     8.5293   3.412661    32.2605        285     1.1833  0.000e+00
     37.255     8.5350   3.413463    32.2636        286     1.1875  0.000e+00
     37.443     8.5388   3.413406    32.2595        287     1.1917  0.000e+00
     37.631     8.5380   3.414641    32.2731        288     1.1958  0.000e+00
     37.812     8.5397   3.415296    32.2784        289     1.2000  0.000e+00
     37.996     8.5382   3.416856    32.2960        290     1.2042  0.000e+00
     38.175     8.5366   3.418006    32.3094        291     1.2083  0.000e+00
     38.356     8.5368   3.418399    32.3132        292     1.2125  0.000e+00
     38.532     8.5360   3.418046    32.3102        293     1.2167  0.000e+00
     38.702     8.5306   3.417494    32.3093        294     1.2208  0.000e+00
     38.877     8.5229   3.417084    32.3120        295     1.2250  0.000e+00
     39.052     8.5143   3.416390    32.3124        296     1.2292  0.000e+00
     39.226     8.5047   3.416424    32.3215        297     1.2333  0.000e+00
     39.407     8.4989   3.415627    32.3184        298     1.2375  0.000e+00
     39.588     8.4917   3.414665    32.3148        299     1.2417  0.000e+00
     39.761     8.4805   3.411741    32.2943        300     1.2458  0.000e+00
     39.939     8.4616   3.409466    32.2876        301     1.2500  0.000e+00
     40.116     8.4387   3.406304    32.2753        302     1.2542  0.000e+00
     40.295     8.4112   3.405406    32.2909        303     1.2583  0.000e+00
     40.478     8.3846   3.401325    32.2722        304     1.2625  0.000e+00
     40.662     8.3564   3.398082    32.2638        305     1.2667  0.000e+00
     40.843     8.3255   3.397327    32.2841        306     1.2708  0.000e+00
     41.036     8.2977   3.394737    32.2823        307     1.2750  0.000e+00
     41.224     8.2707   3.392285    32.2811        308     1.2792  0.000e+00
     41.416     8.2445   3.393131    32.3140        309     1.2833  0.000e+00
     41.608     8.2271   3.391327    32.3108        310     1.2875  0.000e+00
     41.803     8.2107   3.389885    32.3106        311     1.2917  0.000e+00
     41.995     8.1940   3.389800    32.3250        312     1.2958  0.000e+00
     42.176     8.1819   3.386379    32.2999        313     1.3000  0.000e+00
     42.360     8.1639   3.382149    32.2716        314     1.3042  0.000e+00
     42.536     8.1363   3.379870    32.2727        315     1.3083  0.000e+00
     42.700     8.1077   3.378148    32.2807        316     1.3125  0.000e+00
     42.859     8.0819   3.377763    32.3003        317     1.3167  0.000e+00
     43.017     8.0631   3.374726    32.2854        318     1.3208  0.000e+00
     43.176     8.0422   3.373361    32.2900        319     1.3250  0.000e+00
     43.333     8.0215   3.370864    32.2825        320     1.3292  0.000e+00
     43.496     7.9994   3.367654    32.2688        321     1.3333  0.000e+00
     43.670     7.9742   3.366438    32.2790        322     1.3375  0.000e+00
     43.843     7.9518   3.367474    32.3106        323     1.3417  0.000e+00
     44.022     7.9406   3.368702    32.3340        324     1.3458  0.000e+00
     44.209     7.9380   3.366868    32.3168        325     1.3500  0.000e+00
     44.399     7.9328   3.364916    32.3007        326     1.3542  0.000e+00
     44.592     7.9229   3.363915    32.2990        327     1.3583  0.000e+00
     44.791     7.9108   3.363519    32.3059        328     1.3625  0.000e+00
     44.990     7.9015   3.362546    32.3041        329     1.3667  0.000e+00
     45.185     7.8927   3.361658    32.3027        330     1.3708  0.000e+00
     45.388     7.8829   3.361353    32.3084        331     1.3750  0.000e+00
     45.580     7.8745   3.361444    32.3170        332     1.3792  0.000e+00
     45.768     7.8692   3.361031    32.3174        333     1.3833  0.000e+00
     45.956     7.8652   3.361404    32.3250        334     1.3875  0.000e+00
     46.137     7.8633   3.360567    32.3177        335     1.3917  0.000e+00
     46.323     7.8596   3.360200    32.3172        336     1.3958  0.000e+00
     46.502     7.8548   3.360041    32.3198        337     1.4000  0.000e+00
     46.678     7.8511   3.359906    32.3218        338     1.4042  0.000e+00
     46.855     7.8480   3.359861    32.3241        339     1.4083  0.000e+00
     47.030     7.8454   3.360370    32.3319        340     1.4125  0.000e+00
     47.206     7.8447   3.359640    32.3246        341     1.4167  0.000e+00
     47.377     7.8427   3.359420    32.3240        342     1.4208  0.000e+00
     47.546     7.8406   3.359437    32.3261        343     1.4250  0.000e+00
     47.717     7.8385   3.359567    32.3294        344     1.4292  0.000e+00
     47.886     7.8374   3.359782    32.3325        345     1.4333  0.000e+00
     48.059     7.8376   3.359505    32.3293        346     1.4375  0.000e+00
     48.229     7.8369   3.359618    32.3311        347     1.4417  0.000e+00
     48.405     7.8360   3.359946    32.3354        348     1.4458  0.000e+00
     48.582     7.8369   3.360506    32.3405        349     1.4500  0.000e+00
     48.766     7.8389   3.360942    32.3431        350     1.4542  0.000e+00
     48.953     7.8423   3.361377    32.3446        351     1.4583  0.000e+00
     49.145     7.8457   3.360580    32.3328        352     1.4625  0.000e+00
     49.343     7.8455   3.360732    32.3345        353     1.4667  0.000e+00
     49.537     7.8449   3.360795    32.3357        354     1.4708  0.000e+00
     49.736     7.8445   3.360795    32.3359        355     1.4750  0.000e+00
     49.939     7.8435   3.360970    32.3386        356     1.4792  0.000e+00
     50.138     7.8427   3.360557    32.3349        357     1.4833  0.000e+00
     50.333     7.8408   3.360710    32.3382        358     1.4875  0.000e+00
     50.521     7.8386   3.360326    32.3360        359     1.4917  0.000e+00
     50.711     7.8351   3.359885    32.3345        360     1.4958  0.000e+00
     50.894     7.8302   3.359777    32.3378        361     1.5000  0.000e+00
     51.073     7.8258   3.359823    32.3423        362     1.5042  0.000e+00
     51.248     7.8225   3.359800    32.3450        363     1.5083  0.000e+00
     51.424     7.8198   3.359942    32.3489        364     1.5125  0.000e+00
     51.592     7.8179   3.359738    32.3485        365     1.5167  0.000e+00
     51.765     7.8163   3.359258    32.3447        366     1.5208  0.000e+00
     51.939     7.8131   3.358975    32.3445        367     1.5250  0.000e+00
     52.105     7.8086   3.359320    32.3523        368     1.5292  0.000e+00
     52.279     7.8063   3.359230    32.3534        369     1.5333  0.000e+00
     52.458     7.8042   3.359218    32.3552        370     1.5375  0.000e+00
     52.633     7.8024   3.359631    32.3612        371     1.5417  0.000e+00
     52.809     7.8021   3.360027    32.3656        372     1.5458  0.000e+00
     52.993     7.8025   3.360310    32.3682        373     1.5500  0.000e+00
     53.172     7.8032   3.360548    32.3700        374     1.5542  0.000e+00
     53.361     7.8044   3.360350    32.3667        375     1.5583  0.000e+00
     53.552     7.8035   3.360734    32.3715        376     1.5625  0.000e+00
     53.746     7.8021   3.360814    32.3736        377     1.5667  0.000e+00
     53.939     7.8005   3.361113    32.3782        378     1.5708  0.000e+00
     54.137     7.8002   3.361153    32.3788        379     1.5750  0.000e+00
     54.335     7.8002   3.361419    32.3816        380     1.5792  0.000e+00
     54.536     7.7997   3.361515    32.3830        381     1.5833  0.000e+00
     54.735     7.7990   3.362104    32.3898        382     1.5875  0.000e+00
     54.934     7.7993   3.362420    32.3928        383     1.5917  0.000e+00
     55.137     7.7999   3.362748    32.3956        384     1.5958  0.000e+00
     55.332     7.8006   3.363331    32.4012        385     1.6000  0.000e+00
     55.527     7.8023   3.363863    32.4052        386     1.6042  0.000e+00
     55.710     7.8036   3.364033    32.4057        387     1.6083  0.000e+00
     55.902     7.8042   3.365051    32.4159        388     1.6125  0.000e+00
     56.086     7.8048   3.365895    32.4243        389     1.6167  0.000e+00
     56.267     7.8070   3.367983    32.4445        390     1.6208  0.000e+00
     56.444     7.8115   3.368730    32.4482        391     1.6250  0.000e+00
     56.623     7.8164   3.368996    32.4464        392     1.6292  0.000e+00
     56.801     7.8197   3.370197    32.4561        393     1.6333  0.000e+00
     56.980     7.8230   3.370389    32.4550        394     1.6375  0.000e+00
     57.159     7.8259   3.370916    32.4579        395     1.6417  0.000e+00
     57.343     7.8286   3.372275    32.4697        396     1.6458  0.000e+00
     57.526     7.8339   3.373481    32.4777        397     1.6500  0.000e+00
     57.712     7.8421   3.376897    32.5064        398     1.6542  0.000e+00
     57.895     7.8558   3.377985    32.5052        399     1.6583  0.000e+00
     58.089     7.8706   3.382378    32.5382        400     1.6625  0.000e+00
     58.277     7.8920   3.387761    32.5756        401     1.6667  0.000e+00
     58.465     7.9219   3.389968    32.5712        402     1.6708  0.000e+00
     58.651     7.9511   3.392414    32.5700        403     1.6750  0.000e+00
     58.839     7.9771   3.394105    32.5637        404     1.6792  0.000e+00
     59.022     7.9997   3.395417    32.5565        405     1.6833  0.000e+00
     59.203     8.0185   3.396285    32.5482        406     1.6875  0.000e+00
     59.380     8.0336   3.399665    32.5701        407     1.6917  0.000e+00
     59.554     8.0524   3.400869    32.5653        408     1.6958  0.000e+00
     59.726     8.0701   3.403120    32.5726        409     1.7000  0.000e+00
     59.903     8.0867   3.402284    32.5483        410     1.7042  0.000e+00
     60.078     8.0973   3.401273    32.5277        411     1.7083  0.000e+00
     60.254     8.0987   3.400238    32.5153        412     1.7125  0.000e+00
     60.436     8.0948   3.397784    32.4927        413     1.7167  0.000e+00
     60.617     8.0844   3.395127    32.4741        414     1.7208  0.000e+00
     60.805     8.0663   3.394843    32.4878        415     1.7250  0.000e+00
     60.995     8.0513   3.393310    32.4853        416     1.7292  0.000e+00
     61.182     8.0364   3.393719    32.5034        417     1.7333  0.000e+00
     61.372     8.0250   3.396496    32.5434        418     1.7375  0.000e+00
     61.567     8.0232   3.400035    32.5826        419     1.7417  0.000e+00
     61.757     8.0329   3.405764    32.6344        420     1.7458  0.000e+00
