HB2406/sbe114.cnv
* Sea-Bird SBE 19plus V2 Data File:
* FileName = C:\cruise\data\sbe114.hex
* Software Version Seasave V 7.26.7.121
* Temperature SN = 7037
* Conductivity SN = 7037
* System UpLoad Time = Aug 22 2024 05:18:44
* NMEA Latitude = 39 50.26 N
* NMEA Longitude = 070 37.26 W
* NMEA UTC (Time) = Aug 22 2024  05:17:39
** Ship: Henry Bigelow
** Cruise:  HB2406
** Program:  ECOMON
# nquan = 7
# nvalues = 2542                                  
# units = specified
# name 0 = depSM: Depth [salt water, m]
# name 1 = tv290C: Temperature [ITS-90, deg C]
# name 2 = c0S/m: Conductivity [S/m]
# name 3 = sal00: Salinity, Practical [PSU]
# name 4 = scan: Scan Count
# name 5 = timeM: Time, Elapsed [minutes]
# name 6 = flag:  0.000e+00
# span 0 =      0.015,     20.045                 
# span 1 =    14.8202,    24.5509                 
# span 2 =  -0.000015,   4.966883                 
# span 3 =     0.0000,    34.3560                 
# span 4 =         11,       2552                 
# span 5 =     0.0417,    10.6292                 
# span 6 = 0.0000e+00, 0.0000e+00                 
# interval = seconds: 0.25
# start_time = Aug 22 2024 05:17:39 [NMEA time, header]
# bad_flag = -9.990e-29
*END*
[from data line 2257]
      4.335    24.5396   4.964694    32.8061       2268     9.4458  0.000e+00
      4.295    24.5396   4.964707    32.8062       2269     9.4500  0.000e+00
      4.270    24.5397   4.964694    32.8060       2270     9.4542  0.000e+00
      4.254    24.5398   4.964707    32.8060       2271     9.4583  0.000e+00
      4.241    24.5399   4.964721    32.8061       2272     9.4625  0.000e+00
      4.234    24.5399   4.964707    32.8060       2273     9.4667  0.000e+00
      4.223    24.5399   4.964694    32.8059       2274     9.4708  0.000e+00
      4.217    24.5400   4.964654    32.8055       2275     9.4750  0.000e+00
      4.210    24.5399   4.964641    32.8055       2276     9.4792  0.000e+00
      4.199    24.5397   4.964628    32.8055       2277     9.4833  0.000e+00
      4.197    24.5394   4.964608    32.8055       2278     9.4875  0.000e+00
      4.201    24.5392   4.964628    32.8058       2279     9.4917  0.000e+00
      4.196    24.5393   4.964694    32.8063       2280     9.4958  0.000e+00
      4.183    24.5396   4.964734    32.8064       2281     9.5000  0.000e+00
      4.156    24.5398   4.964840    32.8070       2282     9.5042  0.000e+00
      4.127    24.5404   4.964926    32.8072       2283     9.5083  0.000e+00
      4.087    24.5413   4.964986    32.8070       2284     9.5125  0.000e+00
      4.035    24.5420   4.964893    32.8058       2285     9.5167  0.000e+00
      3.979    24.5421   4.964767    32.8048       2286     9.5208  0.000e+00
      3.928    24.5418   4.964694    32.8045       2287     9.5250  0.000e+00
      3.874    24.5412   4.964820    32.8060       2288     9.5292  0.000e+00
      3.812    24.5413   4.964807    32.8058       2289     9.5333  0.000e+00
      3.746    24.5415   4.964767    32.8054       2290     9.5375  0.000e+00
      3.684    24.5416   4.964840    32.8059       2291     9.5417  0.000e+00
      3.637    24.5415   4.964986    32.8070       2292     9.5458  0.000e+00
      3.594    24.5425   4.964866    32.8054       2293     9.5500  0.000e+00
      3.565    24.5426   4.964926    32.8058       2294     9.5542  0.000e+00
      3.540    24.5428   4.964893    32.8054       2295     9.5583  0.000e+00
      3.529    24.5429   4.964953    32.8058       2296     9.5625  0.000e+00
      3.529    24.5431   4.964979    32.8058       2297     9.5667  0.000e+00
      3.547    24.5431   4.965012    32.8061       2298     9.5708  0.000e+00
      3.578    24.5435   4.965039    32.8059       2299     9.5750  0.000e+00
      3.617    24.5440   4.965092    32.8060       2300     9.5792  0.000e+00
      3.654    24.5441   4.965092    32.8059       2301     9.5833  0.000e+00
      3.670    24.5443   4.965092    32.8058       2302     9.5875  0.000e+00
      3.670    24.5445   4.965092    32.8056       2303     9.5917  0.000e+00
      3.650    24.5449   4.965092    32.8053       2304     9.5958  0.000e+00
      3.587    24.5447   4.965039    32.8051       2305     9.6000  0.000e+00
      3.485    24.5446   4.965066    32.8054       2306     9.6042  0.000e+00
      3.360    24.5444   4.965039    32.8054       2307     9.6083  0.000e+00
      3.225    24.5442   4.965065    32.8058       2308     9.6125  0.000e+00
      3.093    24.5443   4.965065    32.8057       2309     9.6167  0.000e+00
      2.999    24.5444   4.965092    32.8059       2310     9.6208  0.000e+00
      2.943    24.5445   4.965065    32.8056       2311     9.6250  0.000e+00
      2.928    24.5446   4.965092    32.8058       2312     9.6292  0.000e+00
      2.944    24.5447   4.965118    32.8059       2313     9.6333  0.000e+00
      2.973    24.5449   4.965178    32.8061       2314     9.6375  0.000e+00
      3.008    24.5453   4.965258    32.8065       2315     9.6417  0.000e+00
      3.024    24.5456   4.965324    32.8067       2316     9.6458  0.000e+00
      3.031    24.5461   4.965311    32.8062       2317     9.6500  0.000e+00
      3.017    24.5465   4.965291    32.8058       2318     9.6542  0.000e+00
      2.990    24.5468   4.965178    32.8048       2319     9.6583  0.000e+00
      2.955    24.5463   4.965145    32.8049       2320     9.6625  0.000e+00
      2.903    24.5458   4.965092    32.8049       2321     9.6667  0.000e+00
      2.843    24.5455   4.965065    32.8050       2322     9.6708  0.000e+00
      2.786    24.5451   4.964952    32.8044       2323     9.6750  0.000e+00
      2.735    24.5444   4.964899    32.8045       2324     9.6792  0.000e+00
      2.683    24.5435   4.964952    32.8056       2325     9.6833  0.000e+00
      2.645    24.5434   4.965178    32.8073       2326     9.6875  0.000e+00
      2.619    24.5443   4.965351    32.8080       2327     9.6917  0.000e+00
      2.609    24.5453   4.965065    32.8052       2328     9.6958  0.000e+00
      2.600    24.5451   4.964839    32.8036       2329     9.7000  0.000e+00
      2.600    24.5442   4.964793    32.8040       2330     9.7042  0.000e+00
      2.614    24.5431   4.964720    32.8042       2331     9.7083  0.000e+00
      2.637    24.5422   4.964653    32.8043       2332     9.7125  0.000e+00
      2.650    24.5412   4.964640    32.8050       2333     9.7167  0.000e+00
      2.648    24.5407   4.964766    32.8063       2334     9.7208  0.000e+00
      2.632    24.5406   4.964839    32.8069       2335     9.7250  0.000e+00
      2.601    24.5411   4.964806    32.8063       2336     9.7292  0.000e+00
      2.563    24.5413   4.964819    32.8063       2337     9.7333  0.000e+00
      2.500    24.5414   4.964780    32.8059       2338     9.7375  0.000e+00
      2.437    24.5415   4.964985    32.8074       2339     9.7417  0.000e+00
      2.354    24.5421   4.965005    32.8071       2340     9.7458  0.000e+00
      2.263    24.5430   4.964819    32.8051       2341     9.7500  0.000e+00
      2.171    24.5431   4.964753    32.8046       2342     9.7542  0.000e+00
      2.102    24.5424   4.964846    32.8058       2343     9.7583  0.000e+00
      2.050    24.5424   4.964779    32.8054       2344     9.7625  0.000e+00
      2.012    24.5421   4.964733    32.8052       2345     9.7667  0.000e+00
      2.010    24.5420   4.964806    32.8058       2346     9.7708  0.000e+00
      2.023    24.5417   4.964766    32.8057       2347     9.7750  0.000e+00
      2.030    24.5419   4.964693    32.8050       2348     9.7792  0.000e+00
      2.005    24.5416   4.964627    32.8048       2349     9.7833  0.000e+00
      1.967    24.5413   4.964580    32.8047       2350     9.7875  0.000e+00
      1.950    24.5408   4.964573    32.8050       2351     9.7917  0.000e+00
      1.945    24.5404   4.964640    32.8058       2352     9.7958  0.000e+00
      1.941    24.5404   4.964653    32.8059       2353     9.8000  0.000e+00
      1.934    24.5404   4.964666    32.8060       2354     9.8042  0.000e+00
      1.925    24.5404   4.964693    32.8062       2355     9.8083  0.000e+00
      1.887    24.5408   4.964872    32.8072       2356     9.8125  0.000e+00
      1.802    24.5414   4.964494    32.8040       2357     9.8167  0.000e+00
      1.683    24.5408   4.964328    32.8032       2358     9.8208  0.000e+00
      1.600    24.5400   4.964181    32.8028       2359     9.8250  0.000e+00
      1.578    24.5389   4.964733    32.8077       2360     9.8292  0.000e+00
      1.607    24.5392   4.964806    32.8080       2361     9.8333  0.000e+00
      1.661    24.5406   4.964792    32.8068       2362     9.8375  0.000e+00
      1.708    24.5414   4.964607    32.8049       2363     9.8417  0.000e+00
      1.761    24.5411   4.964241    32.8024       2364     9.8458  0.000e+00
      1.799    24.5394   4.964035    32.8020       2365     9.8500  0.000e+00
      1.793    24.5381   4.963943    32.8024       2366     9.8542  0.000e+00
      1.741    24.5359   4.963836    32.8032       2367     9.8583  0.000e+00
      1.660    24.5346   4.964733    32.8108       2368     9.8625  0.000e+00
      1.555    24.5364   4.964719    32.8094       2369     9.8667  0.000e+00
      1.424    24.5385   4.964268    32.8046       2370     9.8708  0.000e+00
      1.272    24.5384   4.964208    32.8043       2371     9.8750  0.000e+00
      1.126    24.5374   4.964294    32.8056       2372     9.8792  0.000e+00
      1.003    24.5372   4.964075    32.8042       2373     9.8833  0.000e+00
      0.920    24.5362   4.963696    32.8021       2374     9.8875  0.000e+00
      0.882    24.5345   4.963803    32.8042       2375     9.8917  0.000e+00
      0.864    24.5332   4.963584    32.8035       2376     9.8958  0.000e+00
      0.848    24.5319   4.963391    32.8030       2377     9.9000  0.000e+00
      0.853    24.5304   4.963039    32.8015       2378     9.9042  0.000e+00
      0.891    24.5283   4.962820    32.8015       2379     9.9083  0.000e+00
      0.962    24.5257   4.962727    32.8026       2380     9.9125  0.000e+00
      1.079    24.5233   4.962707    32.8042       2381     9.9167  0.000e+00
      1.213    24.5222   4.962502    32.8035       2382     9.9208  0.000e+00
      1.320    24.5207   4.962435    32.8040       2383     9.9250  0.000e+00
      1.387    24.5193   4.962442    32.8051       2384     9.9292  0.000e+00
      1.381    24.5182   4.962103    32.8034       2385     9.9333  0.000e+00
      1.305    24.5168   4.962641    32.8084       2386     9.9375  0.000e+00
      1.155    24.5172   4.962555    32.8075       2387     9.9417  0.000e+00
      0.969    24.5179   4.962375    32.8057       2388     9.9458  0.000e+00
      0.841    24.5174   4.962130    32.8043       2389     9.9500  0.000e+00
      0.790    24.5168   4.963557    32.8153       2390     9.9542  0.000e+00
      0.761    24.5198   4.963810    32.8150       2391     9.9583  0.000e+00
      0.741    24.5246   4.963803    32.8115       2392     9.9625  0.000e+00
      0.723    24.5278   4.963896    32.8098       2393     9.9667  0.000e+00
      0.685    24.5297   4.963829    32.8080       2394     9.9708  0.000e+00
      0.658    24.5310   4.963896    32.8075       2395     9.9750  0.000e+00
      0.640    24.5320   4.963969    32.8073       2396     9.9792  0.000e+00
      0.606    24.5327   4.964095    32.8078       2397     9.9833  0.000e+00
      0.577    24.5335   4.964241    32.8082       2398     9.9875  0.000e+00
      0.575    24.5347   4.964208    32.8071       2399     9.9917  0.000e+00
      0.593    24.5356   4.964241    32.8068       2400     9.9958  0.000e+00
      0.620    24.5360   4.964208    32.8062       2401    10.0000  0.000e+00
      0.643    24.5363   4.964267    32.8064       2402    10.0042  0.000e+00
      0.660    24.5365   4.964380    32.8071       2403    10.0083  0.000e+00
      0.633    24.5371   4.964208    32.8054       2404    10.0125  0.000e+00
      0.568    24.5369   4.964022    32.8042       2405    10.0167  0.000e+00
      0.553    24.5363   4.964035    32.8047       2406    10.0208  0.000e+00
      0.606    24.5357   4.964048    32.8052       2407    10.0250  0.000e+00
      0.667    24.5356   4.964121    32.8058       2408    10.0292  0.000e+00
      0.712    24.5356   4.964161    32.8061       2409    10.0333  0.000e+00
      0.707    24.5356   4.964008    32.8050       2410    10.0375  0.000e+00
      0.667    24.5353   4.963776    32.8035       2411    10.0417  0.000e+00
      0.600    24.5344   4.963955    32.8055       2412    10.0458  0.000e+00
      0.484    24.5339   4.963696    32.8040       2413    10.0500  0.000e+00
      0.295    24.5331   4.963982    32.8067       2414    10.0542  0.000e+00
      0.145    24.5328   4.964214    32.8087       2415    10.0583  0.000e+00
      0.089    24.5344   4.964154    32.8071       2416    10.0625  0.000e+00
      0.049    24.5352   4.961691    32.7883       2417    10.0667  0.000e+00
      0.054    24.5281   4.959905    32.7803       2418    10.0708  0.000e+00
      0.121    24.5145   4.961226    32.7999       2419    10.0750  0.000e+00
      0.186    24.5093   4.961904    32.8088       2420    10.0792  0.000e+00
      0.246    24.5092   4.962355    32.8122       2421    10.0833  0.000e+00
      0.255    24.5117   4.963039    32.8154       2422    10.0875  0.000e+00
      0.311    24.5159   4.963723    32.8174       2423    10.0917  0.000e+00
      0.411    24.5217   4.964135    32.8161       2424    10.0958  0.000e+00
      0.503    24.5272   4.964520    32.8150       2425    10.1000  0.000e+00
      0.541    24.5320   4.964626    32.8122       2426    10.1042  0.000e+00
      0.534    24.5358   4.964666    32.8098       2427    10.1083  0.000e+00
      0.476    24.5383   4.964599    32.8075       2428    10.1125  0.000e+00
      0.336    24.5391   4.963696    32.8002       2429    10.1167  0.000e+00
      0.181    24.5375   4.964241    32.8055       2430    10.1208  0.000e+00
      0.132    24.5368   4.964440    32.8075       2431    10.1250  0.000e+00
      0.125    24.5373   4.962627    32.7937       2432    10.1292  0.000e+00
      0.035    24.5327   2.362919    14.4404       2433    10.1333  0.000e+00
      0.020    24.5179   0.688479     3.8096       2434    10.1375  0.000e+00
      0.024    24.4666   0.444755     2.3933       2435    10.1417  0.000e+00
      0.024    24.3805   0.345567     1.8346       2436    10.1458  0.000e+00
      0.024    24.2721   0.293891     1.5494       2437    10.1500  0.000e+00
      0.020    24.1665   0.279694     1.4739       2438    10.1542  0.000e+00
      0.058    24.1169   0.293501     1.5525       2439    10.1583  0.000e+00
      0.174    24.1024   1.179486     6.8554       2440    10.1625  0.000e+00
      0.290    24.1061   1.873303    11.3156       2441    10.1667  0.000e+00
      0.335    24.1171   3.417661    21.8608       2442    10.1708  0.000e+00
      0.264    24.1580   4.114377    26.8264       2443    10.1750  0.000e+00
      0.084    24.2533   2.568835    15.9212       2444    10.1792  0.000e+00
      0.026    24.3411   3.272652    20.7360       2445    10.1833  0.000e+00
      0.024    24.4019   4.959854    32.8721       2446    10.1875  0.000e+00
      0.022    24.4411   3.587253    22.8979       2447    10.1917  0.000e+00
      0.026    24.4590   4.241168    27.5628       2448    10.1958  0.000e+00
      0.024    24.4674   2.763867    17.1701       2449    10.2000  0.000e+00
      0.024    24.4722   0.832641     4.6750       2450    10.2042  0.000e+00
      0.027    24.4787   0.763513     4.2595       2451    10.2083  0.000e+00
      0.022    24.4828   1.112579     6.3834       2452    10.2125  0.000e+00
      0.020    24.4822   1.100145     6.3066       2453    10.2167  0.000e+00
      0.015    24.4801   0.551300     3.0072       2454    10.2208  0.000e+00
      0.047    24.4784   0.909085     5.1366       2455    10.2250  0.000e+00
      0.051    24.4768   0.913109     5.1613       2456    10.2292  0.000e+00
      0.029    24.4734   0.925497     5.2369       2457    10.2333  0.000e+00
      0.022    24.4689   1.988402    11.9784       2458    10.2375  0.000e+00
      0.026    24.4633   0.838159     4.7091       2459    10.2417  0.000e+00
      0.026    24.4517   0.513525     2.7899       2460    10.2458  0.000e+00
      0.024    24.4365   0.415619     2.2286       2461    10.2500  0.000e+00
      0.028    24.4254   0.352917     1.8742       2462    10.2542  0.000e+00
      0.024    24.4201   0.305633     1.6097       2463    10.2583  0.000e+00
      0.026    24.4179   0.273342     1.4307       2464    10.2625  0.000e+00
      0.024    24.4167   0.245343     1.2766       2465    10.2667  0.000e+00
      0.022    24.4129   0.230389     1.1949       2466    10.2708  0.000e+00
      0.026    24.4068   0.216627     1.1201       2467    10.2750  0.000e+00
      0.028    24.4027   0.205064     1.0574       2468    10.2792  0.000e+00
      0.024    24.4010   0.193481     0.9948       2469    10.2833  0.000e+00
      0.028    24.4003   0.182959     0.9381       2470    10.2875  0.000e+00
      0.030    24.3953   0.175766     0.8996       2471    10.2917  0.000e+00
