HB2406/sbe101.cnv
* Sea-Bird SBE 19plus V2 Data File:
* FileName = C:\cruise\data\sbe101.hex
* Software Version Seasave V 7.26.7.121
* Temperature SN = 7037
* Conductivity SN = 7037
* System UpLoad Time = Aug 21 2024 07:22:14
* NMEA Latitude = 41 12.28 N
* NMEA Longitude = 071 22.85 W
* NMEA UTC (Time) = Aug 21 2024  07:21:09
** Ship: Henry Bigelow
** Cruise:  HB2406
** Program:  ECOMON
# nquan = 7
# nvalues = 1385                                  
# units = specified
# name 0 = depSM: Depth [salt water, m]
# name 1 = tv290C: Temperature [ITS-90, deg C]
# name 2 = c0S/m: Conductivity [S/m]
# name 3 = sal00: Salinity, Practical [PSU]
# name 4 = scan: Scan Count
# name 5 = timeM: Time, Elapsed [minutes]
# name 6 = flag:  0.000e+00
# span 0 =     -0.041,     27.335                 
# span 1 =    14.2930,    21.7482                 
# span 2 =  -0.000012,   4.463265                 
# span 3 =     0.0000,    31.9128                 
# span 4 =         11,       1395                 
# span 5 =     0.0417,     5.8083                 
# span 6 = 0.0000e+00, 0.0000e+00                 
# interval = seconds: 0.25
# start_time = Aug 21 2024 07:21:09 [NMEA time, header]
# bad_flag = -9.990e-29
*END*
[from data line 616]
     18.551    17.7091   4.143939    31.4378        627     2.6083  0.000e+00
     18.491    17.7436   4.148531    31.4500        628     2.6125  0.000e+00
     18.437    17.7840   4.152324    31.4509        629     2.6167  0.000e+00
     18.379    17.8269   4.154362    31.4351        630     2.6208  0.000e+00
     18.316    17.8647   4.158090    31.4374        631     2.6250  0.000e+00
     18.258    17.9034   4.165241    31.4679        632     2.6292  0.000e+00
     18.202    17.9560   4.171657    31.4815        633     2.6333  0.000e+00
     18.137    18.0187   4.175347    31.4643        634     2.6375  0.000e+00
     18.076    18.0763   4.179027    31.4510        635     2.6417  0.000e+00
     18.021    18.1278   4.182133    31.4375        636     2.6458  0.000e+00
     17.964    18.1742   4.185642    31.4314        637     2.6500  0.000e+00
     17.898    18.2172   4.189245    31.4286        638     2.6542  0.000e+00
     17.846    18.2598   4.191941    31.4186        639     2.6583  0.000e+00
     17.786    18.2991   4.193245    31.3995        640     2.6625  0.000e+00
     17.730    18.3296   4.193962    31.3822        641     2.6667  0.000e+00
     17.674    18.3522   4.195236    31.3756        642     2.6708  0.000e+00
     17.622    18.3709   4.196312    31.3703        643     2.6750  0.000e+00
     17.569    18.3875   4.198224    31.3736        644     2.6792  0.000e+00
     17.528    18.4050   4.199653    31.3722        645     2.6833  0.000e+00
     17.486    18.4230   4.200816    31.3682        646     2.6875  0.000e+00
     17.450    18.4395   4.202401    31.3688        647     2.6917  0.000e+00
     17.416    18.4565   4.203558    31.3655        648     2.6958  0.000e+00
     17.385    18.4723   4.204140    31.3583        649     2.7000  0.000e+00
     17.356    18.4851   4.204598    31.3525        650     2.7042  0.000e+00
     17.318    18.4951   4.205130    31.3493        651     2.7083  0.000e+00
     17.293    18.5033   4.206109    31.3512        652     2.7125  0.000e+00
     17.253    18.5121   4.207793    31.3585        653     2.7167  0.000e+00
     17.219    18.5245   4.210308    31.3700        654     2.7208  0.000e+00
     17.181    18.5425   4.212470    31.3743        655     2.7250  0.000e+00
     17.135    18.5642   4.214979    31.3787        656     2.7292  0.000e+00
     17.087    18.5882   4.217769    31.3836        657     2.7333  0.000e+00
     17.041    18.6148   4.221073    31.3908        658     2.7375  0.000e+00
     16.987    18.6459   4.223281    31.3854        659     2.7417  0.000e+00
     16.938    18.6752   4.224714    31.3751        660     2.7458  0.000e+00
     16.891    18.7000   4.225768    31.3651        661     2.7500  0.000e+00
     16.850    18.7201   4.227288    31.3624        662     2.7542  0.000e+00
     16.803    18.7375   4.228020    31.3553        663     2.7583  0.000e+00
     16.756    18.7519   4.229211    31.3542        664     2.7625  0.000e+00
     16.716    18.7653   4.231303    31.3614        665     2.7667  0.000e+00
     16.678    18.7804   4.232135    31.3568        666     2.7708  0.000e+00
     16.636    18.7955   4.235792    31.3756        667     2.7750  0.000e+00
     16.597    18.8184   4.243384    31.4211        668     2.7792  0.000e+00
     16.561    18.8587   4.245659    31.4093        669     2.7833  0.000e+00
     16.524    18.9001   4.246193    31.3823        670     2.7875  0.000e+00
     16.495    18.9289   4.246385    31.3622        671     2.7917  0.000e+00
     16.467    18.9474   4.247143    31.3544        672     2.7958  0.000e+00
     16.427    18.9609   4.247958    31.3510        673     2.8000  0.000e+00
     16.392    18.9727   4.249742    31.3567        674     2.8042  0.000e+00
     16.360    18.9865   4.251552    31.3612        675     2.8083  0.000e+00
     16.316    19.0024   4.253194    31.3627        676     2.8125  0.000e+00
     16.284    19.0199   4.256012    31.3727        677     2.8167  0.000e+00
     16.235    19.0411   4.256703    31.3624        678     2.8208  0.000e+00
     16.188    19.0593   4.257537    31.3555        679     2.8250  0.000e+00
     16.132    19.0736   4.257997    31.3486        680     2.8292  0.000e+00
     16.087    19.0854   4.260649    31.3615        681     2.8333  0.000e+00
     16.031    19.1018   4.262491    31.3642        682     2.8375  0.000e+00
     15.984    19.1209   4.264054    31.3626        683     2.8417  0.000e+00
     15.933    19.1400   4.266203    31.3659        684     2.8458  0.000e+00
     15.884    19.1602   4.267610    31.3623        685     2.8500  0.000e+00
     15.839    19.1793   4.271816    31.3823        686     2.8542  0.000e+00
     15.788    19.2057   4.273000    31.3722        687     2.8583  0.000e+00
     15.749    19.2308   4.274409    31.3649        688     2.8625  0.000e+00
     15.709    19.2507   4.276079    31.3636        689     2.8667  0.000e+00
     15.680    19.2696   4.276553    31.3533        690     2.8708  0.000e+00
     15.655    19.2843   4.276303    31.3401        691     2.8750  0.000e+00
     15.620    19.2931   4.277663    31.3447        692     2.8792  0.000e+00
     15.608    19.3020   4.278330    31.3434        693     2.8833  0.000e+00
     15.591    19.3112   4.278205    31.3355        694     2.8875  0.000e+00
     15.581    19.3170   4.278498    31.3336        695     2.8917  0.000e+00
     15.572    19.3214   4.279683    31.3400        696     2.8958  0.000e+00
     15.564    19.3280   4.280232    31.3395        697     2.9000  0.000e+00
     15.552    19.3349   4.281043    31.3409        698     2.9042  0.000e+00
     15.537    19.3425   4.281192    31.3364        699     2.9083  0.000e+00
     15.521    19.3481   4.281267    31.3329        700     2.9125  0.000e+00
     15.494    19.3520   4.281392    31.3309        701     2.9167  0.000e+00
     15.460    19.3547   4.281491    31.3297        702     2.9208  0.000e+00
     15.429    19.3569   4.282377    31.3353        703     2.9250  0.000e+00
     15.384    19.3607   4.282352    31.3323        704     2.9292  0.000e+00
     15.344    19.3643   4.282502    31.3308        705     2.9333  0.000e+00
     15.302    19.3671   4.283637    31.3380        706     2.9375  0.000e+00
     15.259    19.3726   4.285023    31.3452        707     2.9417  0.000e+00
     15.206    19.3811   4.285865    31.3457        708     2.9458  0.000e+00
     15.167    19.3908   4.286495    31.3436        709     2.9500  0.000e+00
     15.116    19.3997   4.286826    31.3397        710     2.9542  0.000e+00
     15.071    19.4069   4.286951    31.3353        711     2.9583  0.000e+00
     15.029    19.4121   4.287175    31.3332        712     2.9625  0.000e+00
     14.995    19.4160   4.287400    31.3321        713     2.9667  0.000e+00
     14.960    19.4191   4.287593    31.3314        714     2.9708  0.000e+00
     14.928    19.4219   4.287200    31.3261        715     2.9750  0.000e+00
     14.903    19.4225   4.287007    31.3241        716     2.9792  0.000e+00
     14.879    19.4217   4.286851    31.3234        717     2.9833  0.000e+00
     14.856    19.4205   4.287000    31.3256        718     2.9875  0.000e+00
     14.834    19.4202   4.287500    31.3298        719     2.9917  0.000e+00
     14.812    19.4215   4.287743    31.3309        720     2.9958  0.000e+00
     14.787    19.4237   4.287968    31.3310        721     3.0000  0.000e+00
     14.758    19.4262   4.288336    31.3322        722     3.0042  0.000e+00
     14.725    19.4290   4.289628    31.3406        723     3.0083  0.000e+00
     14.695    19.4353   4.291476    31.3510        724     3.0125  0.000e+00
     14.648    19.4466   4.293987    31.3630        725     3.0167  0.000e+00
     14.599    19.4637   4.296367    31.3696        726     3.0208  0.000e+00
     14.555    19.4852   4.296766    31.3568        727     3.0250  0.000e+00
     14.503    19.5021   4.295698    31.3354        728     3.0292  0.000e+00
     14.445    19.5090   4.297684    31.3465        729     3.0333  0.000e+00
     14.391    19.5182   4.298653    31.3474        730     3.0375  0.000e+00
     14.337    19.5292   4.298828    31.3406        731     3.0417  0.000e+00
     14.290    19.5380   4.301609    31.3567        732     3.0458  0.000e+00
     14.226    19.5528   4.308561    31.4022        733     3.0500  0.000e+00
     14.178    19.5876   4.313009    31.4122        734     3.0542  0.000e+00
     14.132    19.6320   4.315149    31.3964        735     3.0583  0.000e+00
     14.091    19.6715   4.318892    31.3973        736     3.0625  0.000e+00
     14.057    19.7094   4.319818    31.3764        737     3.0667  0.000e+00
     14.031    19.7401   4.321439    31.3666        738     3.0708  0.000e+00
     14.004    19.7661   4.324615    31.3729        739     3.0750  0.000e+00
     13.983    19.7942   4.326820    31.3698        740     3.0792  0.000e+00
     13.955    19.8224   4.329395    31.3696        741     3.0833  0.000e+00
     13.936    19.8521   4.331801    31.3669        742     3.0875  0.000e+00
     13.914    19.8816   4.333055    31.3550        743     3.0917  0.000e+00
     13.903    19.9065   4.333556    31.3405        744     3.0958  0.000e+00
     13.890    19.9241   4.333807    31.3294        745     3.1000  0.000e+00
     13.890    19.9363   4.333706    31.3195        746     3.1042  0.000e+00
     13.865    19.9438   4.333706    31.3140        747     3.1083  0.000e+00
     13.849    19.9476   4.333129    31.3065        748     3.1125  0.000e+00
     13.834    19.9485   4.334383    31.3160        749     3.1167  0.000e+00
     13.813    19.9523   4.334835    31.3168        750     3.1208  0.000e+00
     13.789    19.9574   4.335211    31.3160        751     3.1250  0.000e+00
     13.753    19.9621   4.335537    31.3152        752     3.1292  0.000e+00
     13.713    19.9665   4.335988    31.3155        753     3.1333  0.000e+00
     13.670    19.9710   4.336314    31.3148        754     3.1375  0.000e+00
     13.619    19.9752   4.337544    31.3216        755     3.1417  0.000e+00
     13.558    19.9822   4.338346    31.3230        756     3.1458  0.000e+00
     13.502    19.9909   4.340260    31.3319        757     3.1500  0.000e+00
     13.446    20.0035   4.341414    31.3318        758     3.1542  0.000e+00
     13.390    20.0189   4.343070    31.3338        759     3.1583  0.000e+00
     13.326    20.0332   4.344206    31.3324        760     3.1625  0.000e+00
     13.274    20.0475   4.345938    31.3357        761     3.1667  0.000e+00
     13.234    20.0634   4.348456    31.3441        762     3.1708  0.000e+00
     13.189    20.0832   4.349793    31.3402        763     3.1750  0.000e+00
     13.155    20.1030   4.350521    31.3314        764     3.1792  0.000e+00
     13.124    20.1191   4.351507    31.3273        765     3.1833  0.000e+00
     13.093    20.1325   4.352361    31.3242        766     3.1875  0.000e+00
     13.064    20.1450   4.353271    31.3223        767     3.1917  0.000e+00
     13.044    20.1563   4.354327    31.3224        768     3.1958  0.000e+00
     13.015    20.1675   4.355263    31.3216        769     3.2000  0.000e+00
     12.992    20.1785   4.356092    31.3201        770     3.2042  0.000e+00
     12.965    20.1892   4.357455    31.3232        771     3.2083  0.000e+00
     12.932    20.2018   4.359378    31.3293        772     3.2125  0.000e+00
     12.903    20.2168   4.360484    31.3270        773     3.2167  0.000e+00
     12.871    20.2310   4.360968    31.3205        774     3.2208  0.000e+00
     12.838    20.2427   4.362182    31.3215        775     3.2250  0.000e+00
     12.811    20.2541   4.363697    31.3252        776     3.2292  0.000e+00
     12.780    20.2670   4.365621    31.3311        777     3.2333  0.000e+00
     12.751    20.2831   4.367212    31.3319        778     3.2375  0.000e+00
     12.719    20.3004   4.367621    31.3224        779     3.2417  0.000e+00
     12.690    20.3147   4.369722    31.3286        780     3.2458  0.000e+00
     12.648    20.3314   4.373195    31.3441        781     3.2500  0.000e+00
     12.617    20.3570   4.377733    31.3615        782     3.2542  0.000e+00
     12.569    20.3918   4.381266    31.3640        783     3.2583  0.000e+00
     12.520    20.4318   4.384421    31.3596        784     3.2625  0.000e+00
     12.478    20.4715   4.387679    31.3563        785     3.2667  0.000e+00
     12.437    20.5123   4.390527    31.3489        786     3.2708  0.000e+00
     12.397    20.5531   4.393030    31.3388        787     3.2750  0.000e+00
     12.355    20.5913   4.395754    31.3323        788     3.2792  0.000e+00
     12.323    20.6272   4.397627    31.3208        789     3.2833  0.000e+00
     12.281    20.6597   4.401608    31.3285        790     3.2875  0.000e+00
     12.247    20.6959   4.404801    31.3273        791     3.2917  0.000e+00
     12.216    20.7354   4.408361    31.3265        792     3.2958  0.000e+00
     12.191    20.7760   4.410944    31.3171        793     3.3000  0.000e+00
     12.164    20.8146   4.412870    31.3040        794     3.3042  0.000e+00
     12.147    20.8491   4.414336    31.2903        795     3.3083  0.000e+00
     12.129    20.8793   4.415972    31.2812        796     3.3125  0.000e+00
     12.122    20.9058   4.417077    31.2705        797     3.3167  0.000e+00
     12.097    20.9280   4.418537    31.2658        798     3.3208  0.000e+00
     12.086    20.9472   4.420237    31.2652        799     3.3250  0.000e+00
     12.071    20.9678   4.421388    31.2592        800     3.3292  0.000e+00
     12.050    20.9871   4.423379    31.2608        801     3.3333  0.000e+00
     12.041    21.0087   4.426073    31.2663        802     3.3375  0.000e+00
     12.012    21.0335   4.426870    31.2544        803     3.3417  0.000e+00
     11.994    21.0564   4.428388    31.2498        804     3.3458  0.000e+00
     11.966    21.0781   4.430318    31.2491        805     3.3500  0.000e+00
     11.934    21.0998   4.432475    31.2502        806     3.3542  0.000e+00
     11.905    21.1214   4.434108    31.2474        807     3.3583  0.000e+00
     11.874    21.1429   4.436197    31.2481        808     3.3625  0.000e+00
     11.842    21.1666   4.438445    31.2486        809     3.3667  0.000e+00
     11.804    21.1934   4.440281    31.2435        810     3.3708  0.000e+00
     11.762    21.2203   4.442631    31.2424        811     3.3750  0.000e+00
     11.724    21.2473   4.444645    31.2386        812     3.3792  0.000e+00
     11.681    21.2749   4.446540    31.2333        813     3.3833  0.000e+00
     11.645    21.3024   4.448777    31.2309        814     3.3875  0.000e+00
     11.609    21.3308   4.450602    31.2245        815     3.3917  0.000e+00
     11.567    21.3590   4.451172    31.2086        816     3.3958  0.000e+00
     11.542    21.3814   4.451768    31.1970        817     3.4000  0.000e+00
     11.513    21.3984   4.452307    31.1889        818     3.4042  0.000e+00
     11.491    21.4120   4.452598    31.1813        819     3.4083  0.000e+00
     11.468    21.4223   4.452440    31.1726        820     3.4125  0.000e+00
     11.448    21.4303   4.452262    31.1654        821     3.4167  0.000e+00
     11.424    21.4366   4.452852    31.1655        822     3.4208  0.000e+00
     11.404    21.4428   4.454152    31.1712        823     3.4250  0.000e+00
     11.383    21.4515   4.455687    31.1769        824     3.4292  0.000e+00
     11.361    21.4648   4.456289    31.1720        825     3.4333  0.000e+00
     11.327    21.4776   4.456746    31.1663        826     3.4375  0.000e+00
     11.296    21.4880   4.457164    31.1620        827     3.4417  0.000e+00
     11.269    21.4975   4.457316    31.1563        828     3.4458  0.000e+00
     11.242    21.5052   4.457659    31.1534        829     3.4500  0.000e+00
     11.207    21.5119   4.457995    31.1512        830     3.4542  0.000e+00
