HB2406/sbe109.cnv
* Sea-Bird SBE 19plus V2 Data File:
* FileName = C:\cruise\data\sbe109.hex
* Software Version Seasave V 7.26.7.121
* Temperature SN = 7037
* Conductivity SN = 7037
* System UpLoad Time = Aug 21 2024 22:34:50
* NMEA Latitude = 40 16.82 N
* NMEA Longitude = 071 07.05 W
* NMEA UTC (Time) = Aug 21 2024  22:33:44
** Ship: Henry Bigelow
** Cruise:  HB2406
** Program:  ECOMON
# nquan = 7
# nvalues = 2318                                  
# units = specified
# name 0 = depSM: Depth [salt water, m]
# name 1 = tv290C: Temperature [ITS-90, deg C]
# name 2 = c0S/m: Conductivity [S/m]
# name 3 = sal00: Salinity, Practical [PSU]
# name 4 = scan: Scan Count
# name 5 = timeM: Time, Elapsed [minutes]
# name 6 = flag:  0.000e+00
# span 0 =      0.010,     93.368                 
# span 1 =    11.6554,    22.7485                 
# span 2 =   0.000036,   4.738640                 
# span 3 =     0.0091,    34.5790                 
# span 4 =         11,       2328                 
# span 5 =     0.0417,     9.6958                 
# span 6 = 0.0000e+00, 0.0000e+00                 
# interval = seconds: 0.25
# start_time = Aug 21 2024 22:33:44 [NMEA time, header]
# bad_flag = -9.990e-29
*END*
[from data line 821]
     88.444    11.9889   3.958833    34.5708        832     3.4625  0.000e+00
     88.326    11.9896   3.958832    34.5703        833     3.4667  0.000e+00
     88.216    11.9900   3.958808    34.5696        834     3.4708  0.000e+00
     88.104    11.9904   3.958784    34.5691        835     3.4750  0.000e+00
     88.001    11.9907   3.958784    34.5689        836     3.4792  0.000e+00
     87.894    11.9907   3.958784    34.5689        837     3.4833  0.000e+00
     87.802    11.9909   3.958784    34.5688        838     3.4875  0.000e+00
     87.706    11.9910   3.958808    34.5689        839     3.4917  0.000e+00
     87.619    11.9912   3.958784    34.5685        840     3.4958  0.000e+00
     87.527    11.9915   3.958784    34.5683        841     3.5000  0.000e+00
     87.436    11.9917   3.958760    34.5680        842     3.5042  0.000e+00
     87.339    11.9920   3.958760    34.5677        843     3.5083  0.000e+00
     87.241    11.9922   3.958760    34.5675        844     3.5125  0.000e+00
     87.129    11.9925   3.958784    34.5676        845     3.5167  0.000e+00
     87.026    11.9928   3.958784    34.5673        846     3.5208  0.000e+00
     86.899    11.9934   3.958759    34.5666        847     3.5250  0.000e+00
     86.774    11.9938   3.958759    34.5663        848     3.5292  0.000e+00
     86.646    11.9942   3.958783    34.5662        849     3.5333  0.000e+00
     86.517    11.9945   3.958783    34.5660        850     3.5375  0.000e+00
     86.387    11.9950   3.958783    34.5656        851     3.5417  0.000e+00
     86.255    11.9954   3.958807    34.5655        852     3.5458  0.000e+00
     86.138    11.9958   3.958832    34.5654        853     3.5500  0.000e+00
     86.020    11.9961   3.958807    34.5649        854     3.5542  0.000e+00
     85.910    11.9971   3.958783    34.5639        855     3.5583  0.000e+00
     85.807    11.9990   3.958783    34.5621        856     3.5625  0.000e+00
     85.703    12.0011   3.958807    34.5604        857     3.5667  0.000e+00
     85.608    12.0032   3.958807    34.5586        858     3.5708  0.000e+00
     85.521    12.0053   3.958783    34.5564        859     3.5750  0.000e+00
     85.428    12.0068   3.958807    34.5553        860     3.5792  0.000e+00
     85.338    12.0084   3.958831    34.5541        861     3.5833  0.000e+00
     85.253    12.0097   3.958849    34.5530        862     3.5875  0.000e+00
     85.162    12.0110   3.958783    34.5513        863     3.5917  0.000e+00
     85.072    12.0122   3.958734    34.5497        864     3.5958  0.000e+00
     84.971    12.0132   3.958734    34.5489        865     3.6000  0.000e+00
     84.878    12.0140   3.958710    34.5479        866     3.6042  0.000e+00
     84.773    12.0151   3.958758    34.5474        867     3.6083  0.000e+00
     84.670    12.0160   3.958686    34.5459        868     3.6125  0.000e+00
     84.565    12.0168   3.958662    34.5450        869     3.6167  0.000e+00
     84.464    12.0175   3.958595    34.5438        870     3.6208  0.000e+00
     84.347    12.0180   3.958619    34.5436        871     3.6250  0.000e+00
     84.243    12.0188   3.958643    34.5431        872     3.6292  0.000e+00
     84.135    12.0195   3.958595    34.5420        873     3.6333  0.000e+00
     84.030    12.0203   3.958595    34.5414        874     3.6375  0.000e+00
     83.927    12.0207   3.958510    34.5402        875     3.6417  0.000e+00
     83.824    12.0209   3.958383    34.5388        876     3.6458  0.000e+00
     83.722    12.0213   3.958311    34.5378        877     3.6500  0.000e+00
     83.614    12.0212   3.958075    34.5356        878     3.6542  0.000e+00
     83.513    12.0209   3.958057    34.5358        879     3.6583  0.000e+00
     83.402    12.0207   3.958009    34.5355        880     3.6625  0.000e+00
     83.294    12.0204   3.958033    34.5361        881     3.6667  0.000e+00
     83.183    12.0201   3.958033    34.5364        882     3.6708  0.000e+00
     83.060    12.0200   3.958009    34.5363        883     3.6750  0.000e+00
     82.934    12.0201   3.958009    34.5363        884     3.6792  0.000e+00
     82.814    12.0200   3.957960    34.5360        885     3.6833  0.000e+00
     82.693    12.0200   3.957984    34.5362        886     3.6875  0.000e+00
     82.583    12.0199   3.957960    34.5361        887     3.6917  0.000e+00
     82.474    12.0201   3.957936    34.5358        888     3.6958  0.000e+00
     82.375    12.0198   3.957960    34.5363        889     3.7000  0.000e+00
     82.272    12.0198   3.957960    34.5363        890     3.7042  0.000e+00
     82.176    12.0200   3.957936    34.5360        891     3.7083  0.000e+00
     82.100    12.0201   3.957887    34.5355        892     3.7125  0.000e+00
     82.009    12.0197   3.957887    34.5359        893     3.7167  0.000e+00
     81.930    12.0196   3.957797    34.5351        894     3.7208  0.000e+00
     81.846    12.0196   3.957791    34.5351        895     3.7250  0.000e+00
     81.758    12.0194   3.957748    34.5349        896     3.7292  0.000e+00
     81.666    12.0192   3.957748    34.5351        897     3.7333  0.000e+00
     81.566    12.0193   3.957700    34.5346        898     3.7375  0.000e+00
     81.470    12.0193   3.957658    34.5343        899     3.7417  0.000e+00
     81.367    12.0192   3.957658    34.5344        900     3.7458  0.000e+00
     81.258    12.0192   3.957609    34.5339        901     3.7500  0.000e+00
     81.154    12.0194   3.957609    34.5339        902     3.7542  0.000e+00
     81.043    12.0196   3.957609    34.5337        903     3.7583  0.000e+00
     80.929    12.0197   3.957561    34.5332        904     3.7625  0.000e+00
     80.826    12.0196   3.957537    34.5331        905     3.7667  0.000e+00
     80.727    12.0194   3.957513    34.5331        906     3.7708  0.000e+00
     80.622    12.0196   3.957488    34.5326        907     3.7750  0.000e+00
     80.506    12.0199   3.957488    34.5324        908     3.7792  0.000e+00
     80.403    12.0204   3.957488    34.5320        909     3.7833  0.000e+00
     80.307    12.0207   3.957488    34.5318        910     3.7875  0.000e+00
     80.206    12.0208   3.957446    34.5313        911     3.7917  0.000e+00
     80.104    12.0210   3.957373    34.5305        912     3.7958  0.000e+00
     80.014    12.0212   3.957301    34.5297        913     3.8000  0.000e+00
     79.913    12.0211   3.957234    34.5291        914     3.8042  0.000e+00
     79.815    12.0210   3.957138    34.5284        915     3.8083  0.000e+00
     79.726    12.0208   3.957089    34.5281        916     3.8125  0.000e+00
     79.623    12.0206   3.957138    34.5288        917     3.8167  0.000e+00
     79.524    12.0208   3.957301    34.5303        918     3.8208  0.000e+00
     79.424    12.0215   3.957373    34.5304        919     3.8250  0.000e+00
     79.319    12.0222   3.957089    34.5269        920     3.8292  0.000e+00
     79.211    12.0223   3.956950    34.5256        921     3.8333  0.000e+00
     79.109    12.0218   3.956902    34.5256        922     3.8375  0.000e+00
     78.999    12.0213   3.956860    34.5257        923     3.8417  0.000e+00
     78.889    12.0208   3.956860    34.5262        924     3.8458  0.000e+00
     78.793    12.0206   3.956835    34.5262        925     3.8500  0.000e+00
     78.695    12.0206   3.956835    34.5262        926     3.8542  0.000e+00
     78.605    12.0205   3.956787    34.5259        927     3.8583  0.000e+00
     78.520    12.0205   3.956714    34.5253        928     3.8625  0.000e+00
     78.435    12.0207   3.956509    34.5231        929     3.8667  0.000e+00
     78.359    12.0207   3.956437    34.5224        930     3.8708  0.000e+00
     78.279    12.0208   3.956624    34.5241        931     3.8750  0.000e+00
     78.201    12.0215   3.956527    34.5226        932     3.8792  0.000e+00
     78.120    12.0223   3.956038    34.5171        933     3.8833  0.000e+00
     78.037    12.0228   3.956086    34.5172        934     3.8875  0.000e+00
     77.941    12.0240   3.956316    34.5184        935     3.8917  0.000e+00
     77.850    12.0262   3.956509    34.5183        936     3.8958  0.000e+00
     77.738    12.0288   3.956883    34.5195        937     3.9000  0.000e+00
     77.633    12.0321   3.958073    34.5281        938     3.9042  0.000e+00
     77.514    12.0382   3.958979    34.5314        939     3.9083  0.000e+00
     77.391    12.0462   3.959413    34.5282        940     3.9125  0.000e+00
     77.257    12.0532   3.960374    34.5311        941     3.9167  0.000e+00
     77.145    12.0601   3.960464    34.5257        942     3.9208  0.000e+00
     77.020    12.0659   3.960887    34.5245        943     3.9250  0.000e+00
     76.908    12.0705   3.961123    34.5225        944     3.9292  0.000e+00
     76.798    12.0748   3.961237    34.5198        945     3.9333  0.000e+00
     76.696    12.0778   3.960863    34.5133        946     3.9375  0.000e+00
     76.604    12.0791   3.960440    34.5081        947     3.9417  0.000e+00
     76.530    12.0791   3.959787    34.5018        948     3.9458  0.000e+00
     76.457    12.0768   3.956997    34.4768        949     3.9500  0.000e+00
     76.390    12.0696   3.956387    34.4776        950     3.9542  0.000e+00
     76.331    12.0621   3.955566    34.4765        951     3.9583  0.000e+00
     76.278    12.0550   3.953694    34.4649        952     3.9625  0.000e+00
     76.210    12.0467   3.953066    34.4665        953     3.9667  0.000e+00
     76.143    12.0389   3.951847    34.4618        954     3.9708  0.000e+00
     76.076    12.0314   3.950821    34.4589        955     3.9750  0.000e+00
     76.001    12.0237   3.950586    34.4637        956     3.9792  0.000e+00
     75.924    12.0177   3.949952    34.4631        957     3.9833  0.000e+00
     75.840    12.0132   3.949741    34.4653        958     3.9875  0.000e+00
     75.761    12.0098   3.949723    34.4682        959     3.9917  0.000e+00
     75.670    12.0079   3.949675    34.4696        960     3.9958  0.000e+00
     75.575    12.0071   3.949367    34.4674        961     4.0000  0.000e+00
     75.477    12.0063   3.949017    34.4647        962     4.0042  0.000e+00
     75.381    12.0051   3.948818    34.4639        963     4.0083  0.000e+00
     75.280    12.0042   3.948854    34.4652        964     4.0125  0.000e+00
     75.186    12.0034   3.949089    34.4682        965     4.0167  0.000e+00
     75.084    12.0042   3.949415    34.4707        966     4.0208  0.000e+00
     74.981    12.0060   3.949578    34.4707        967     4.0250  0.000e+00
     74.882    12.0081   3.949554    34.4685        968     4.0292  0.000e+00
     74.786    12.0097   3.949602    34.4676        969     4.0333  0.000e+00
     74.686    12.0111   3.949674    34.4671        970     4.0375  0.000e+00
     74.596    12.0126   3.949723    34.4661        971     4.0417  0.000e+00
     74.516    12.0140   3.949837    34.4661        972     4.0458  0.000e+00
     74.429    12.0154   3.950024    34.4666        973     4.0500  0.000e+00
     74.353    12.0169   3.950048    34.4655        974     4.0542  0.000e+00
     74.274    12.0183   3.950465    34.4683        975     4.0583  0.000e+00
     74.211    12.0203   3.950447    34.4663        976     4.0625  0.000e+00
     74.151    12.0221   3.950724    34.4673        977     4.0667  0.000e+00
     74.095    12.0240   3.950887    34.4672        978     4.0708  0.000e+00
     74.039    12.0260   3.950887    34.4653        979     4.0750  0.000e+00
     73.988    12.0274   3.951026    34.4655        980     4.0792  0.000e+00
     73.934    12.0285   3.951195    34.4661        981     4.0833  0.000e+00
     73.878    12.0299   3.951261    34.4655        982     4.0875  0.000e+00
     73.804    12.0314   3.951635    34.4678        983     4.0917  0.000e+00
     73.737    12.0335   3.951569    34.4652        984     4.0958  0.000e+00
     73.661    12.0349   3.951961    34.4677        985     4.1000  0.000e+00
     73.576    12.0372   3.951895    34.4650        986     4.1042  0.000e+00
     73.482    12.0386   3.952033    34.4651        987     4.1083  0.000e+00
     73.384    12.0399   3.952383    34.4673        988     4.1125  0.000e+00
     73.281    12.0419   3.952522    34.4669        989     4.1167  0.000e+00
     73.174    12.0439   3.952546    34.4653        990     4.1208  0.000e+00
     73.065    12.0455   3.952733    34.4657        991     4.1250  0.000e+00
     72.966    12.0469   3.953107    34.4681        992     4.1292  0.000e+00
     72.866    12.0494   3.953669    34.4713        993     4.1333  0.000e+00
     72.771    12.0529   3.954043    34.4718        994     4.1375  0.000e+00
     72.666    12.0570   3.954194    34.4695        995     4.1417  0.000e+00
     72.577    12.0608   3.954230    34.4664        996     4.1458  0.000e+00
     72.488    12.0634   3.954139    34.4631        997     4.1500  0.000e+00
     72.402    12.0648   3.953765    34.4582        998     4.1542  0.000e+00
     72.327    12.0654   3.953415    34.4543        999     4.1583  0.000e+00
     72.244    12.0648   3.952805    34.4489       1000     4.1625  0.000e+00
     72.165    12.0631   3.952570    34.4483       1001     4.1667  0.000e+00
     72.087    12.0614   3.952008    34.4444       1002     4.1708  0.000e+00
     72.009    12.0592   3.951260    34.4392       1003     4.1750  0.000e+00
     71.944    12.0562   3.950512    34.4347       1004     4.1792  0.000e+00
     71.886    12.0527   3.949673    34.4298       1005     4.1833  0.000e+00
     71.819    12.0488   3.949112    34.4280       1006     4.1875  0.000e+00
     71.756    12.0447   3.948689    34.4277       1007     4.1917  0.000e+00
     71.689    12.0410   3.948201    34.4263       1008     4.1958  0.000e+00
     71.618    12.0376   3.948014    34.4277       1009     4.2000  0.000e+00
     71.555    12.0349   3.947452    34.4248       1010     4.2042  0.000e+00
     71.481    12.0318   3.946940    34.4227       1011     4.2083  0.000e+00
     71.405    12.0285   3.946590    34.4224       1012     4.2125  0.000e+00
     71.321    12.0253   3.946379    34.4233       1013     4.2167  0.000e+00
     71.236    12.0227   3.946240    34.4244       1014     4.2208  0.000e+00
     71.142    12.0205   3.946005    34.4242       1015     4.2250  0.000e+00
     71.048    12.0187   3.945769    34.4236       1016     4.2292  0.000e+00
     70.956    12.0166   3.945794    34.4258       1017     4.2333  0.000e+00
     70.860    12.0156   3.945866    34.4274       1018     4.2375  0.000e+00
     70.775    12.0149   3.945516    34.4247       1019     4.2417  0.000e+00
     70.685    12.0138   3.945679    34.4274       1020     4.2458  0.000e+00
     70.598    12.0135   3.945419    34.4252       1021     4.2500  0.000e+00
     70.509    12.0125   3.945094    34.4230       1022     4.2542  0.000e+00
     70.439    12.0114   3.945232    34.4254       1023     4.2583  0.000e+00
     70.370    12.0102   3.944955    34.4238       1024     4.2625  0.000e+00
     70.301    12.0093   3.944460    34.4198       1025     4.2667  0.000e+00
     70.238    12.0073   3.944255    34.4197       1026     4.2708  0.000e+00
     70.178    12.0055   3.944255    34.4214       1027     4.2750  0.000e+00
     70.124    12.0039   3.943598    34.4165       1028     4.2792  0.000e+00
     70.070    12.0016   3.943321    34.4159       1029     4.2833  0.000e+00
     70.010    11.9992   3.943224    34.4173       1030     4.2875  0.000e+00
     69.943    11.9972   3.943061    34.4175       1031     4.2917  0.000e+00
     69.881    11.9953   3.942874    34.4175       1032     4.2958  0.000e+00
     69.811    11.9940   3.942410    34.4142       1033     4.3000  0.000e+00
     69.746    11.9920   3.942084    34.4129       1034     4.3042  0.000e+00
     69.666    11.9896   3.941825    34.4126       1035     4.3083  0.000e+00
