HB2406/sbe108.cnv
* Sea-Bird SBE 19plus V2 Data File:
* FileName = C:\cruise\data\sbe108.hex
* Software Version Seasave V 7.26.7.121
* Temperature SN = 7037
* Conductivity SN = 7037
* System UpLoad Time = Aug 21 2024 21:54:23
* NMEA Latitude = 40 19.21 N
* NMEA Longitude = 071 11.83 W
* NMEA UTC (Time) = Aug 21 2024  21:53:18
** Ship: Henry Bigelow
** Cruise:  HB2406
** Program:  ECOMON
# nquan = 7
# nvalues = 1929                                  
# units = specified
# name 0 = depSM: Depth [salt water, m]
# name 1 = tv290C: Temperature [ITS-90, deg C]
# name 2 = c0S/m: Conductivity [S/m]
# name 3 = sal00: Salinity, Practical [PSU]
# name 4 = scan: Scan Count
# name 5 = timeM: Time, Elapsed [minutes]
# name 6 = flag:  0.000e+00
# span 0 =      0.020,     82.902                 
# span 1 =    10.8925,    23.0625                 
# span 2 =   0.000036,   4.777540                 
# span 3 =     0.0093,    34.1827                 
# span 4 =         11,       1939                 
# span 5 =     0.0417,     8.0750                 
# span 6 = 0.0000e+00, 0.0000e+00                 
# interval = seconds: 0.25
# start_time = Aug 21 2024 21:53:18 [NMEA time, header]
# bad_flag = -9.990e-29
*END*
[from data line 1231]
     37.052    12.3567   3.868792    33.3868       1242     5.1708  0.000e+00
     37.003    12.3760   3.868905    33.3707       1243     5.1750  0.000e+00
     36.950    12.3883   3.868653    33.3574       1244     5.1792  0.000e+00
     36.898    12.3957   3.868085    33.3454       1245     5.1833  0.000e+00
     36.838    12.3984   3.863646    33.3003       1246     5.1875  0.000e+00
     36.778    12.3912   3.857686    33.2495       1247     5.1917  0.000e+00
     36.710    12.3740   3.855893    33.2475       1248     5.1958  0.000e+00
     36.634    12.3557   3.852261    33.2289       1249     5.2000  0.000e+00
     36.554    12.3370   3.849520    33.2191       1250     5.2042  0.000e+00
     36.469    12.3161   3.844965    33.1939       1251     5.2083  0.000e+00
     36.386    12.2916   3.843610    33.2027       1252     5.2125  0.000e+00
     36.303    12.2700   3.840579    33.1926       1253     5.2167  0.000e+00
     36.227    12.2500   3.838265    33.1881       1254     5.2208  0.000e+00
     36.154    12.2295   3.833763    33.1629       1255     5.2250  0.000e+00
     36.091    12.2078   3.831397    33.1594       1256     5.2292  0.000e+00
     36.039    12.1859   3.827637    33.1425       1257     5.2333  0.000e+00
     35.983    12.1663   3.824105    33.1259       1258     5.2375  0.000e+00
     35.945    12.1461   3.822152    33.1249       1259     5.2417  0.000e+00
     35.912    12.1274   3.821634    33.1365       1260     5.2458  0.000e+00
     35.878    12.1134   3.820092    33.1340       1261     5.2500  0.000e+00
     35.852    12.1018   3.818938    33.1332       1262     5.2542  0.000e+00
     35.818    12.0923   3.817974    33.1323       1263     5.2583  0.000e+00
     35.793    12.0844   3.817010    33.1300       1264     5.2625  0.000e+00
     35.758    12.0781   3.816385    33.1296       1265     5.2667  0.000e+00
     35.718    12.0735   3.815956    33.1295       1266     5.2708  0.000e+00
     35.668    12.0703   3.815463    33.1276       1267     5.2750  0.000e+00
     35.613    12.0680   3.813832    33.1139       1268     5.2792  0.000e+00
     35.554    12.0657   3.813000    33.1079       1269     5.2833  0.000e+00
     35.487    12.0632   3.812863    33.1088       1270     5.2875  0.000e+00
     35.409    12.0620   3.814160    33.1224       1271     5.2917  0.000e+00
     35.337    12.0653   3.816718    33.1444       1272     5.2958  0.000e+00
     35.259    12.0764   3.816385    33.1313       1273     5.3000  0.000e+00
     35.187    12.0868   3.815165    33.1102       1274     5.3042  0.000e+00
     35.111    12.0923   3.814272    33.0969       1275     5.3083  0.000e+00
     35.038    12.0950   3.816384    33.1149       1276     5.3125  0.000e+00
     34.968    12.1032   3.816616    33.1098       1277     5.3167  0.000e+00
     34.901    12.1136   3.815890    33.0936       1278     5.3208  0.000e+00
     34.832    12.1196   3.814926    33.0791       1279     5.3250  0.000e+00
     34.758    12.1207   3.814670    33.0757       1280     5.3292  0.000e+00
     34.685    12.1205   3.814789    33.0770       1281     5.3333  0.000e+00
     34.611    12.1204   3.813915    33.0687       1282     5.3375  0.000e+00
     34.542    12.1190   3.812999    33.0611       1283     5.3417  0.000e+00
     34.474    12.1151   3.812588    33.0606       1284     5.3458  0.000e+00
     34.409    12.1115   3.812279    33.0609       1285     5.3500  0.000e+00
     34.344    12.1081   3.811339    33.0548       1286     5.3542  0.000e+00
     34.284    12.1032   3.810316    33.0493       1287     5.3583  0.000e+00
     34.233    12.0973   3.809169    33.0434       1288     5.3625  0.000e+00
     34.179    12.0904   3.808431    33.0425       1289     5.3667  0.000e+00
     34.132    12.0840   3.807135    33.0356       1290     5.3708  0.000e+00
     34.101    12.0763   3.805858    33.0301       1291     5.3750  0.000e+00
     34.076    12.0686   3.805501    33.0335       1292     5.3792  0.000e+00
     34.045    12.0622   3.804752    33.0319       1293     5.3833  0.000e+00
     34.023    12.0566   3.803890    33.0285       1294     5.3875  0.000e+00
     34.005    12.0510   3.803623    33.0309       1295     5.3917  0.000e+00
     33.982    12.0466   3.803653    33.0351       1296     5.3958  0.000e+00
     33.951    12.0438   3.803671    33.0377       1297     5.4000  0.000e+00
     33.915    12.0422   3.803724    33.0397       1298     5.4042  0.000e+00
     33.871    12.0413   3.803825    33.0415       1299     5.4083  0.000e+00
     33.813    12.0413   3.804247    33.0456       1300     5.4125  0.000e+00
     33.737    12.0425   3.803795    33.0402       1301     5.4167  0.000e+00
     33.663    12.0435   3.799429    32.9971       1302     5.4208  0.000e+00
     33.582    12.0398   3.796905    32.9760       1303     5.4250  0.000e+00
     33.488    12.0340   3.798122    32.9930       1304     5.4292  0.000e+00
     33.399    12.0385   3.801009    33.0169       1305     5.4333  0.000e+00
     33.311    12.0555   3.804651    33.0371       1306     5.4375  0.000e+00
     33.224    12.0791   3.810620    33.0740       1307     5.4417  0.000e+00
     33.142    12.1148   3.820377    33.1367       1308     5.4458  0.000e+00
     33.068    12.1696   3.833155    33.2114       1309     5.4500  0.000e+00
     33.005    12.2461   3.849746    33.3035       1310     5.4542  0.000e+00
     32.942    12.3518   3.868192    33.3871       1311     5.4583  0.000e+00
     32.889    12.4817   3.886870    33.4508       1312     5.4625  0.000e+00
     32.838    12.6284   3.904805    33.4921       1313     5.4667  0.000e+00
     32.793    12.7844   3.920468    33.5030       1314     5.4708  0.000e+00
     32.750    12.9405   3.938586    33.5369       1315     5.4750  0.000e+00
     32.714    13.0988   3.955584    33.5578       1316     5.4792  0.000e+00
     32.681    13.2588   3.965218    33.5075       1317     5.4833  0.000e+00
     32.641    13.4000   3.971377    33.4413       1318     5.4875  0.000e+00
     32.600    13.5093   3.973117    33.3619       1319     5.4917  0.000e+00
     32.554    13.5853   3.974084    33.3046       1320     5.4958  0.000e+00
     32.507    13.6357   3.978247    33.2996       1321     5.5000  0.000e+00
     32.453    13.6775   3.981152    33.2904       1322     5.5042  0.000e+00
     32.395    13.7138   3.982307    33.2696       1323     5.5083  0.000e+00
     32.335    13.7415   3.983633    33.2579       1324     5.5125  0.000e+00
     32.270    13.7630   3.983397    33.2371       1325     5.5167  0.000e+00
     32.203    13.7775   3.983512    33.2256       1326     5.5208  0.000e+00
     32.138    13.7867   3.984789    33.2295       1327     5.5250  0.000e+00
     32.078    13.7963   3.985825    33.2309       1328     5.5292  0.000e+00
     32.017    13.8062   3.987551    33.2384       1329     5.5333  0.000e+00
     31.957    13.8177   3.988363    33.2360       1330     5.5375  0.000e+00
     31.898    13.8288   3.988593    33.2285       1331     5.5417  0.000e+00
     31.849    13.8368   3.988405    33.2199       1332     5.5458  0.000e+00
     31.796    13.8416   3.987502    33.2074       1333     5.5500  0.000e+00
     31.744    13.8423   3.984716    33.1809       1334     5.5542  0.000e+00
     31.693    13.8361   3.983178    33.1720       1335     5.5583  0.000e+00
     31.644    13.8267   3.981979    33.1690       1336     5.5625  0.000e+00
     31.592    13.8177   3.981719    33.1744       1337     5.5667  0.000e+00
     31.547    13.8119   3.982227    33.1842       1338     5.5708  0.000e+00
     31.489    13.8105   3.982070    33.1839       1339     5.5750  0.000e+00
     31.436    13.8107   3.980605    33.1702       1340     5.5792  0.000e+00
     31.376    13.8079   3.977966    33.1481       1341     5.5833  0.000e+00
     31.311    13.7991   3.973797    33.1170       1342     5.5875  0.000e+00
     31.254    13.7827   3.975418    33.1462       1343     5.5917  0.000e+00
     31.192    13.7750   3.978341    33.1801       1344     5.5958  0.000e+00
     31.127    13.7820   3.978601    33.1765       1345     5.6000  0.000e+00
     31.065    13.7919   3.978250    33.1647       1346     5.6042  0.000e+00
     31.004    13.7983   3.978153    33.1583       1347     5.6083  0.000e+00
     30.946    13.8021   3.979103    33.1639       1348     5.6125  0.000e+00
     30.884    13.8067   3.978086    33.1504       1349     5.6167  0.000e+00
     30.825    13.8086   3.977941    33.1475       1350     5.6208  0.000e+00
     30.769    13.8087   3.977917    33.1471       1351     5.6250  0.000e+00
     30.707    13.8087   3.978625    33.1538       1352     5.6292  0.000e+00
     30.655    13.8107   3.979430    33.1596       1353     5.6333  0.000e+00
     30.597    13.8147   3.979993    33.1614       1354     5.6375  0.000e+00
     30.533    13.8199   3.981385    33.1698       1355     5.6417  0.000e+00
     30.476    13.8278   3.984007    33.1874       1356     5.6458  0.000e+00
     30.419    13.8409   3.988380    33.2167       1357     5.6500  0.000e+00
     30.358    13.8635   3.996368    33.2713       1358     5.6542  0.000e+00
     30.291    13.9026   4.007330    33.3392       1359     5.6583  0.000e+00
     30.226    13.9629   4.015400    33.3617       1360     5.6625  0.000e+00
     30.161    14.0339   4.019313    33.3365       1361     5.6667  0.000e+00
     30.101    14.0966   4.020364    33.2919       1362     5.6708  0.000e+00
     30.045    14.1431   4.021518    33.2625       1363     5.6750  0.000e+00
     29.983    14.1761   4.020551    33.2251       1364     5.6792  0.000e+00
     29.929    14.1965   4.019742    33.2001       1365     5.6833  0.000e+00
     29.882    14.2061   4.020411    33.1980       1366     5.6875  0.000e+00
     29.831    14.2131   4.020909    33.1966       1367     5.6917  0.000e+00
     29.784    14.2196   4.020350    33.1859       1368     5.6958  0.000e+00
     29.734    14.2226   4.019286    33.1736       1369     5.7000  0.000e+00
     29.685    14.2220   4.017973    33.1620       1370     5.7042  0.000e+00
     29.638    14.2181   4.016114    33.1482       1371     5.7083  0.000e+00
     29.580    14.2101   4.015780    33.1520       1372     5.7125  0.000e+00
     29.529    14.2048   4.019323    33.1893       1373     5.7167  0.000e+00
     29.471    14.2117   4.023371    33.2206       1374     5.7208  0.000e+00
     29.412    14.2318   4.025907    33.2267       1375     5.7250  0.000e+00
     29.359    14.2558   4.026478    33.2113       1376     5.7292  0.000e+00
     29.298    14.2770   4.028485    33.2116       1377     5.7333  0.000e+00
     29.245    14.2982   4.031363    33.2199       1378     5.7375  0.000e+00
     29.191    14.3245   4.039349    33.2707       1379     5.7417  0.000e+00
     29.139    14.3684   4.040817    33.2464       1380     5.7458  0.000e+00
     29.084    14.4105   4.043381    33.2338       1381     5.7500  0.000e+00
     29.032    14.4449   4.045214    33.2211       1382     5.7542  0.000e+00
     28.983    14.4747   4.045311    33.1964       1383     5.7583  0.000e+00
     28.925    14.4943   4.045214    33.1788       1384     5.7625  0.000e+00
     28.869    14.5064   4.045341    33.1696       1385     5.7667  0.000e+00
     28.817    14.5140   4.046176    33.1708       1386     5.7708  0.000e+00
     28.759    14.5206   4.046560    33.1687       1387     5.7750  0.000e+00
     28.701    14.5263   4.047066    33.1684       1388     5.7792  0.000e+00
     28.643    14.5313   4.047486    33.1680       1389     5.7833  0.000e+00
     28.581    14.5362   4.048291    33.1712       1390     5.7875  0.000e+00
     28.520    14.5412   4.048413    33.1681       1391     5.7917  0.000e+00
     28.457    14.5456   4.050095    33.1797       1392     5.7958  0.000e+00
     28.399    14.5519   4.050101    33.1744       1393     5.8000  0.000e+00
     28.337    14.5581   4.050845    33.1760       1394     5.8042  0.000e+00
     28.279    14.5639   4.051522    33.1771       1395     5.8083  0.000e+00
     28.225    14.5700   4.047925    33.1391       1396     5.8125  0.000e+00
     28.171    14.5708   4.046389    33.1244       1397     5.8167  0.000e+00
     28.111    14.5771   4.047644    33.1305       1398     5.8208  0.000e+00
     28.060    14.5945   4.048650    33.1249       1399     5.8250  0.000e+00
     28.010    14.6123   4.049466    33.1172       1400     5.8292  0.000e+00
     27.954    14.6278   4.049204    33.1016       1401     5.8333  0.000e+00
     27.898    14.6392   4.049228    33.0921       1402     5.8375  0.000e+00
     27.832    14.6462   4.046997    33.0658       1403     5.8417  0.000e+00
     27.767    14.6474   4.042421    33.0231       1404     5.8458  0.000e+00
     27.690    14.6401   4.040039    33.0077       1405     5.8500  0.000e+00
     27.614    14.6292   4.039753    33.0143       1406     5.8542  0.000e+00
     27.534    14.6209   4.039302    33.0173       1407     5.8583  0.000e+00
     27.453    14.6151   4.039059    33.0201       1408     5.8625  0.000e+00
     27.378    14.6109   4.037159    33.0063       1409     5.8667  0.000e+00
     27.306    14.6057   4.034328    32.9850       1410     5.8708  0.000e+00
     27.243    14.5967   4.032770    32.9784       1411     5.8750  0.000e+00
     27.190    14.5863   4.030713    32.9685       1412     5.8792  0.000e+00
     27.140    14.5737   4.026017    32.9364       1413     5.8833  0.000e+00
     27.089    14.5548   4.017798    32.8774       1414     5.8875  0.000e+00
     27.044    14.5247   4.010223    32.8338       1415     5.8917  0.000e+00
     26.999    14.4853   4.009610    32.8616       1416     5.8958  0.000e+00
     26.948    14.4543   4.009629    32.8881       1417     5.9000  0.000e+00
     26.901    14.4348   4.009678    32.9051       1418     5.9042  0.000e+00
     26.850    14.4232   4.009368    32.9121       1419     5.9083  0.000e+00
     26.798    14.4154   4.009223    32.9174       1420     5.9125  0.000e+00
     26.729    14.4089   3.998506    32.8249       1421     5.9167  0.000e+00
     26.657    14.3868   3.992116    32.7851       1422     5.9208  0.000e+00
     26.579    14.3541   3.988226    32.7772       1423     5.9250  0.000e+00
     26.492    14.3256   3.985083    32.7726       1424     5.9292  0.000e+00
     26.411    14.3086   3.989293    32.8257       1425     5.9333  0.000e+00
     26.326    14.3116   3.994214    32.8683       1426     5.9375  0.000e+00
     26.242    14.3315   3.994172    32.8511       1427     5.9417  0.000e+00
     26.165    14.3510   3.990286    32.7989       1428     5.9458  0.000e+00
     26.092    14.3571   3.985579    32.7506       1429     5.9500  0.000e+00
     26.024    14.3567   3.987196    32.7658       1430     5.9542  0.000e+00
     25.955    14.3708   3.996299    32.8373       1431     5.9583  0.000e+00
     25.897    14.4111   4.002115    32.8564       1432     5.9625  0.000e+00
     25.832    14.4628   4.005846    32.8467       1433     5.9667  0.000e+00
     25.765    14.5109   4.008365    32.8290       1434     5.9708  0.000e+00
     25.698    14.5513   4.009840    32.8083       1435     5.9750  0.000e+00
     25.622    14.5819   4.010204    32.7857       1436     5.9792  0.000e+00
     25.546    14.6032   4.010246    32.7682       1437     5.9833  0.000e+00
     25.459    14.6163   4.010173    32.7565       1438     5.9875  0.000e+00
     25.372    14.6242   4.010124    32.7495       1439     5.9917  0.000e+00
     25.285    14.6288   4.010197    32.7462       1440     5.9958  0.000e+00
     25.200    14.6319   4.010361    32.7452       1441     6.0000  0.000e+00
     25.112    14.6344   4.010385    32.7433       1442     6.0042  0.000e+00
     25.034    14.6362   4.010531    32.7431       1443     6.0083  0.000e+00
     24.960    14.6380   4.011933    32.7545       1444     6.0125  0.000e+00
     24.888    14.6438   4.014314    32.7713       1445     6.0167  0.000e+00
