HB2406/sbe102.cnv
* Sea-Bird SBE 19plus V2 Data File:
* FileName = C:\cruise\data\sbe102.hex
* Software Version Seasave V 7.26.7.121
* Temperature SN = 7037
* Conductivity SN = 7037
* System UpLoad Time = Aug 21 2024 11:37:49
* NMEA Latitude = 40 35.37 N
* NMEA Longitude = 072 02.27 W
* NMEA UTC (Time) = Aug 21 2024  11:36:44
** Ship: Henry Bigelow
** Cruise:  HB2406
** Program:  ECOMON
# nquan = 7
# nvalues = 1426                                  
# units = specified
# name 0 = depSM: Depth [salt water, m]
# name 1 = tv290C: Temperature [ITS-90, deg C]
# name 2 = c0S/m: Conductivity [S/m]
# name 3 = sal00: Salinity, Practical [PSU]
# name 4 = scan: Scan Count
# name 5 = timeM: Time, Elapsed [minutes]
# name 6 = flag:  0.000e+00
# span 0 =     -0.012,     50.471                 
# span 1 =     8.4553,    22.5101                 
# span 2 =  -0.000033,   4.627087                 
# span 3 =     0.0000,    35.3743                 
# span 4 =         11,       1436                 
# span 5 =     0.0417,     5.9792                 
# span 6 = 0.0000e+00, 0.0000e+00                 
# interval = seconds: 0.25
# start_time = Aug 21 2024 11:36:44 [NMEA time, header]
# bad_flag = -9.990e-29
*END*
[from data line 411]
     47.694     8.4833   3.394386    32.1059        422     1.7542  0.000e+00
     47.862     8.4817   3.394266    32.1060        423     1.7583  0.000e+00
     48.019     8.4797   3.394221    32.1073        424     1.7625  0.000e+00
     48.171     8.4782   3.394113    32.1074        425     1.7667  0.000e+00
     48.316     8.4769   3.394244    32.1099        426     1.7708  0.000e+00
     48.457     8.4762   3.393903    32.1070        427     1.7750  0.000e+00
     48.596     8.4750   3.393733    32.1061        428     1.7792  0.000e+00
     48.730     8.4735   3.393671    32.1069        429     1.7833  0.000e+00
     48.860     8.4723   3.393773    32.1090        430     1.7875  0.000e+00
     48.994     8.4721   3.393710    32.1084        431     1.7917  0.000e+00
     49.122     8.4720   3.393835    32.1098        432     1.7958  0.000e+00
     49.256     8.4718   3.393858    32.1101        433     1.8000  0.000e+00
     49.399     8.4717   3.393796    32.1095        434     1.8042  0.000e+00
     49.538     8.4716   3.393654    32.1080        435     1.8083  0.000e+00
     49.685     8.4709   3.393756    32.1097        436     1.8125  0.000e+00
     49.837     8.4708   3.393881    32.1110        437     1.8167  0.000e+00
     49.996     8.4710   3.393836    32.1103        438     1.8208  0.000e+00
     50.162     8.4711   3.393836    32.1101        439     1.8250  0.000e+00
     50.327     8.4713   3.393756    32.1090        440     1.8292  0.000e+00
     50.426     8.4709   3.393467    32.1063        441     1.8333  0.000e+00
     50.471     8.4696   3.392984    32.1023        442     1.8375  0.000e+00
     50.443     8.4673   3.392570    32.1001        443     1.8417  0.000e+00
     50.381     8.4635   3.392598    32.1039        444     1.8458  0.000e+00
     50.363     8.4610   3.392610    32.1063        445     1.8500  0.000e+00
     50.376     8.4595   3.392661    32.1082        446     1.8542  0.000e+00
     50.392     8.4588   3.392655    32.1088        447     1.8583  0.000e+00
     50.394     8.4585   3.392593    32.1084        448     1.8625  0.000e+00
     50.390     8.4580   3.392559    32.1085        449     1.8667  0.000e+00
     50.386     8.4575   3.392490    32.1082        450     1.8708  0.000e+00
     50.374     8.4572   3.392490    32.1085        451     1.8750  0.000e+00
     50.367     8.4570   3.392490    32.1087        452     1.8792  0.000e+00
     50.357     8.4570   3.392473    32.1086        453     1.8833  0.000e+00
     50.350     8.4568   3.392286    32.1067        454     1.8875  0.000e+00
     50.338     8.4568   3.392451    32.1084        455     1.8917  0.000e+00
     50.329     8.4567   3.392343    32.1075        456     1.8958  0.000e+00
     50.312     8.4562   3.392349    32.1080        457     1.9000  0.000e+00
     50.287     8.4556   3.392343    32.1085        458     1.9042  0.000e+00
     50.267     8.4554   3.392349    32.1087        459     1.9083  0.000e+00
     50.238     8.4553   3.392320    32.1086        460     1.9125  0.000e+00
     50.202     8.4553   3.392326    32.1086        461     1.9167  0.000e+00
     50.160     8.4553   3.392326    32.1086        462     1.9208  0.000e+00
     50.113     8.4554   3.392320    32.1085        463     1.9250  0.000e+00
     50.052     8.4553   3.392326    32.1086        464     1.9292  0.000e+00
     49.983     8.4554   3.392320    32.1086        465     1.9333  0.000e+00
     49.909     8.4555   3.392286    32.1081        466     1.9375  0.000e+00
     49.824     8.4555   3.392280    32.1081        467     1.9417  0.000e+00
     49.728     8.4553   3.392263    32.1081        468     1.9458  0.000e+00
     49.643     8.4554   3.392246    32.1079        469     1.9500  0.000e+00
     49.551     8.4554   3.392235    32.1079        470     1.9542  0.000e+00
     49.448     8.4554   3.392246    32.1080        471     1.9583  0.000e+00
     49.345     8.4555   3.392212    32.1076        472     1.9625  0.000e+00
     49.247     8.4553   3.392223    32.1079        473     1.9667  0.000e+00
     49.151     8.4553   3.392257    32.1083        474     1.9708  0.000e+00
     49.063     8.4555   3.392303    32.1087        475     1.9750  0.000e+00
     48.974     8.4558   3.392286    32.1083        476     1.9792  0.000e+00
     48.891     8.4562   3.392280    32.1079        477     1.9833  0.000e+00
     48.815     8.4564   3.392388    32.1089        478     1.9875  0.000e+00
     48.746     8.4570   3.392450    32.1091        479     1.9917  0.000e+00
     48.688     8.4577   3.392388    32.1078        480     1.9958  0.000e+00
     48.632     8.4581   3.392405    32.1076        481     2.0000  0.000e+00
     48.582     8.4581   3.392382    32.1074        482     2.0042  0.000e+00
     48.538     8.4584   3.392450    32.1079        483     2.0083  0.000e+00
     48.497     8.4587   3.392450    32.1076        484     2.0125  0.000e+00
     48.459     8.4591   3.392427    32.1070        485     2.0167  0.000e+00
     48.421     8.4592   3.392405    32.1067        486     2.0208  0.000e+00
     48.377     8.4595   3.392427    32.1066        487     2.0250  0.000e+00
     48.338     8.4595   3.392450    32.1069        488     2.0292  0.000e+00
     48.292     8.4597   3.392365    32.1059        489     2.0333  0.000e+00
     48.247     8.4595   3.392405    32.1065        490     2.0375  0.000e+00
     48.193     8.4595   3.392405    32.1065        491     2.0417  0.000e+00
     48.133     8.4595   3.392388    32.1063        492     2.0458  0.000e+00
     48.068     8.4596   3.392535    32.1079        493     2.0500  0.000e+00
     48.001     8.4602   3.392490    32.1069        494     2.0542  0.000e+00
     47.927     8.4607   3.392387    32.1053        495     2.0583  0.000e+00
     47.847     8.4605   3.392490    32.1066        496     2.0625  0.000e+00
     47.768     8.4605   3.392404    32.1058        497     2.0667  0.000e+00
     47.681     8.4605   3.392490    32.1067        498     2.0708  0.000e+00
     47.594     8.4606   3.392609    32.1079        499     2.0750  0.000e+00
     47.502     8.4614   3.392745    32.1087        500     2.0792  0.000e+00
     47.411     8.4627   3.392796    32.1080        501     2.0833  0.000e+00
     47.321     8.4639   3.392694    32.1059        502     2.0875  0.000e+00
     47.225     8.4642   3.392512    32.1038        503     2.0917  0.000e+00
     47.133     8.4638   3.392552    32.1046        504     2.0958  0.000e+00
     47.046     8.4634   3.392574    32.1053        505     2.1000  0.000e+00
     46.954     8.4631   3.392733    32.1073        506     2.1042  0.000e+00
     46.873     8.4636   3.392728    32.1068        507     2.1083  0.000e+00
     46.788     8.4644   3.392711    32.1059        508     2.1125  0.000e+00
     46.712     8.4649   3.392466    32.1030        509     2.1167  0.000e+00
     46.643     8.4641   3.392557    32.1047        510     2.1208  0.000e+00
     46.569     8.4638   3.392852    32.1080        511     2.1250  0.000e+00
     46.500     8.4651   3.392597    32.1042        512     2.1292  0.000e+00
     46.433     8.4650   3.392569    32.1040        513     2.1333  0.000e+00
     46.372     8.4646   3.392659    32.1054        514     2.1375  0.000e+00
     46.308     8.4646   3.392654    32.1053        515     2.1417  0.000e+00
     46.245     8.4648   3.392569    32.1043        516     2.1458  0.000e+00
     46.185     8.4648   3.392813    32.1069        517     2.1500  0.000e+00
     46.126     8.4655   3.392875    32.1069        518     2.1542  0.000e+00
     46.071     8.4665   3.392920    32.1065        519     2.1583  0.000e+00
     46.019     8.4677   3.392875    32.1050        520     2.1625  0.000e+00
     45.967     8.4683   3.392937    32.1051        521     2.1667  0.000e+00
     45.923     8.4687   3.393023    32.1057        522     2.1708  0.000e+00
     45.883     8.4695   3.393017    32.1049        523     2.1750  0.000e+00
     45.842     8.4701   3.393091    32.1052        524     2.1792  0.000e+00
     45.800     8.4707   3.393057    32.1042        525     2.1833  0.000e+00
     45.753     8.4712   3.393284    32.1062        526     2.1875  0.000e+00
     45.704     8.4723   3.393403    32.1064        527     2.1917  0.000e+00
     45.648     8.4740   3.393465    32.1056        528     2.1958  0.000e+00
     45.585     8.4755   3.393516    32.1048        529     2.2000  0.000e+00
     45.513     8.4767   3.393505    32.1037        530     2.2042  0.000e+00
     45.435     8.4774   3.393516    32.1032        531     2.2083  0.000e+00
     45.355     8.4780   3.393527    32.1028        532     2.2125  0.000e+00
     45.270     8.4782   3.393516    32.1025        533     2.2167  0.000e+00
     45.191     8.4785   3.393448    32.1015        534     2.2208  0.000e+00
     45.100     8.4784   3.393607    32.1034        535     2.2250  0.000e+00
     45.021     8.4788   3.393368    32.1005        536     2.2292  0.000e+00
     44.941     8.4784   3.393607    32.1034        537     2.2333  0.000e+00
     44.860     8.4790   3.393578    32.1026        538     2.2375  0.000e+00
     44.786     8.4795   3.393607    32.1025        539     2.2417  0.000e+00
     44.724     8.4802   3.393754    32.1034        540     2.2458  0.000e+00
     44.657     8.4809   3.393794    32.1032        541     2.2500  0.000e+00
     44.594     8.4818   3.393794    32.1024        542     2.2542  0.000e+00
     44.534     8.4824   3.393771    32.1017        543     2.2583  0.000e+00
     44.478     8.4828   3.393732    32.1010        544     2.2625  0.000e+00
     44.422     8.4828   3.393709    32.1008        545     2.2667  0.000e+00
     44.372     8.4828   3.393709    32.1008        546     2.2708  0.000e+00
     44.319     8.4828   3.393504    32.0987        547     2.2750  0.000e+00
     44.272     8.4818   3.393198    32.0963        548     2.2792  0.000e+00
     44.218     8.4796   3.393731    32.1040        549     2.2833  0.000e+00
     44.169     8.4801   3.393748    32.1037        550     2.2875  0.000e+00
     44.113     8.4811   3.393709    32.1024        551     2.2917  0.000e+00
     44.060     8.4819   3.393748    32.1021        552     2.2958  0.000e+00
     44.006     8.4825   3.393771    32.1018        553     2.3000  0.000e+00
     43.948     8.4829   3.393794    32.1017        554     2.3042  0.000e+00
     43.890     8.4833   3.393601    32.0994        555     2.3083  0.000e+00
     43.829     8.4831   3.393873    32.1025        556     2.3125  0.000e+00
     43.753     8.4836   3.393879    32.1021        557     2.3167  0.000e+00
     43.666     8.4842   3.394078    32.1037        558     2.3208  0.000e+00
     43.572     8.4856   3.394157    32.1032        559     2.3250  0.000e+00
     43.478     8.4871   3.394219    32.1025        560     2.3292  0.000e+00
     43.381     8.4884   3.394202    32.1013        561     2.3333  0.000e+00
     43.285     8.4892   3.394134    32.0999        562     2.3375  0.000e+00
     43.184     8.4895   3.394282    32.1012        563     2.3417  0.000e+00
     43.086     8.4902   3.394583    32.1038        564     2.3458  0.000e+00
     42.985     8.4918   3.394974    32.1065        565     2.3500  0.000e+00
     42.887     8.4952   3.395366    32.1075        566     2.3542  0.000e+00
     42.793     8.4996   3.395588    32.1059        567     2.3583  0.000e+00
     42.702     8.5037   3.395525    32.1016        568     2.3625  0.000e+00
     42.614     8.5064   3.395633    32.1003        569     2.3667  0.000e+00
     42.534     8.5086   3.396485    32.1073        570     2.3708  0.000e+00
     42.457     8.5135   3.397513    32.1136        571     2.3750  0.000e+00
     42.377     8.5218   3.397325    32.1041        572     2.3792  0.000e+00
     42.310     8.5278   3.397813    32.1038        573     2.3833  0.000e+00
     42.243     8.5332   3.397899    32.0998        574     2.3875  0.000e+00
     42.172     8.5379   3.398285    32.0996        575     2.3917  0.000e+00
     42.104     8.5421   3.398500    32.0981        576     2.3958  0.000e+00
     42.030     8.5464   3.399489    32.1046        577     2.4000  0.000e+00
     41.954     8.5532   3.399512    32.0986        578     2.4042  0.000e+00
     41.878     8.5593   3.400063    32.0989        579     2.4083  0.000e+00
     41.789     8.5652   3.400432    32.0974        580     2.4125  0.000e+00
     41.701     8.5714   3.400511    32.0927        581     2.4167  0.000e+00
     41.616     8.5756   3.400676    32.0906        582     2.4208  0.000e+00
     41.530     8.5789   3.400903    32.0901        583     2.4250  0.000e+00
     41.442     8.5822   3.401432    32.0926        584     2.4292  0.000e+00
     41.360     8.5870   3.402824    32.1029        585     2.4333  0.000e+00
     41.281     8.5961   3.403534    32.1021        586     2.4375  0.000e+00
     41.203     8.6067   3.403784    32.0951        587     2.4417  0.000e+00
     41.133     8.6157   3.403807    32.0872        588     2.4458  0.000e+00
     41.066     8.6213   3.403835    32.0824        589     2.4500  0.000e+00
     40.992     8.6251   3.403971    32.0805        590     2.4542  0.000e+00
     40.930     8.6278   3.404091    32.0793        591     2.4583  0.000e+00
     40.863     8.6300   3.404216    32.0786        592     2.4625  0.000e+00
     40.794     8.6322   3.404500    32.0796        593     2.4667  0.000e+00
     40.724     8.6350   3.404733    32.0796        594     2.4708  0.000e+00
     40.646     8.6381   3.405176    32.0814        595     2.4750  0.000e+00
     40.566     8.6423   3.405853    32.0848        596     2.4792  0.000e+00
     40.485     8.6481   3.406654    32.0879        597     2.4833  0.000e+00
     40.407     8.6562   3.407513    32.0895        598     2.4875  0.000e+00
     40.321     8.6661   3.407825    32.0839        599     2.4917  0.000e+00
     40.236     8.6747   3.408149    32.0795        600     2.4958  0.000e+00
     40.149     8.6816   3.408747    32.0795        601     2.5000  0.000e+00
     40.064     8.6887   3.409821    32.0844        602     2.5042  0.000e+00
     39.975     8.6984   3.410572    32.0834        603     2.5083  0.000e+00
     39.885     8.7090   3.410794    32.0762        604     2.5125  0.000e+00
     39.794     8.7175   3.411408    32.0750        605     2.5167  0.000e+00
     39.704     8.7256   3.412091    32.0748        606     2.5208  0.000e+00
     39.617     8.7345   3.412574    32.0718        607     2.5250  0.000e+00
     39.530     8.7431   3.413320    32.0718        608     2.5292  0.000e+00
     39.449     8.7519   3.414759    32.0789        609     2.5333  0.000e+00
     39.366     8.7645   3.415590    32.0761        610     2.5375  0.000e+00
     39.283     8.7783   3.416074    32.0688        611     2.5417  0.000e+00
     39.199     8.7899   3.416301    32.0607        612     2.5458  0.000e+00
     39.125     8.7985   3.416534    32.0553        613     2.5500  0.000e+00
     39.047     8.8051   3.416734    32.0515        614     2.5542  0.000e+00
     38.973     8.8101   3.416904    32.0488        615     2.5583  0.000e+00
     38.905     8.8142   3.417058    32.0467        616     2.5625  0.000e+00
     38.832     8.8175   3.417206    32.0453        617     2.5667  0.000e+00
     38.771     8.8202   3.417331    32.0442        618     2.5708  0.000e+00
     38.706     8.8226   3.417536    32.0442        619     2.5750  0.000e+00
     38.644     8.8249   3.417638    32.0432        620     2.5792  0.000e+00
     38.584     8.8271   3.417764    32.0425        621     2.5833  0.000e+00
     38.528     8.8293   3.417946    32.0424        622     2.5875  0.000e+00
     38.478     8.8318   3.418111    32.0420        623     2.5917  0.000e+00
     38.420     8.8340   3.418219    32.0412        624     2.5958  0.000e+00
     38.368     8.8362   3.418276    32.0398        625     2.6000  0.000e+00
