HB2406/sbe112.cnv
* Sea-Bird SBE 19plus V2 Data File:
* FileName = C:\cruise\data\sbe112.hex
* Software Version Seasave V 7.26.7.121
* Temperature SN = 7037
* Conductivity SN = 7037
* System UpLoad Time = Aug 22 2024 03:05:00
* NMEA Latitude = 40 02.64 N
* NMEA Longitude = 070 36.15 W
* NMEA UTC (Time) = Aug 22 2024  03:03:55
** Ship: Henry Bigelow
** Cruise:  HB2406
** Program:  ECOMON
# nquan = 7
# nvalues = 3434                                  
# units = specified
# name 0 = depSM: Depth [salt water, m]
# name 1 = tv290C: Temperature [ITS-90, deg C]
# name 2 = c0S/m: Conductivity [S/m]
# name 3 = sal00: Salinity, Practical [PSU]
# name 4 = scan: Scan Count
# name 5 = timeM: Time, Elapsed [minutes]
# name 6 = flag:  0.000e+00
# span 0 =     -0.001,    145.211                 
# span 1 =    10.8009,    23.2592                 
# span 2 =  -0.000017,   4.916375                 
# span 3 =     0.0000,    35.1609                 
# span 4 =         11,       3444                 
# span 5 =     0.0417,    14.3458                 
# span 6 = 0.0000e+00, 0.0000e+00                 
# interval = seconds: 0.25
# start_time = Aug 22 2024 03:03:55 [NMEA time, header]
# bad_flag = -9.990e-29
*END*
[from data line 1231]
    130.239    11.0780   3.926810    35.0936       1242     5.1708  0.000e+00
    130.128    11.0778   3.926882    35.0946       1243     5.1750  0.000e+00
    130.009    11.0780   3.926972    35.0954       1244     5.1792  0.000e+00
    129.904    11.0784   3.926972    35.0950       1245     5.1833  0.000e+00
    129.799    11.0787   3.927110    35.0962       1246     5.1875  0.000e+00
    129.699    11.0793   3.927135    35.0960       1247     5.1917  0.000e+00
    129.593    11.0801   3.926894    35.0928       1248     5.1958  0.000e+00
    129.495    11.0801   3.926833    35.0923       1249     5.2000  0.000e+00
    129.399    11.0794   3.926882    35.0934       1250     5.2042  0.000e+00
    129.294    11.0792   3.926972    35.0946       1251     5.2083  0.000e+00
    129.196    11.0793   3.927044    35.0953       1252     5.2125  0.000e+00
    129.088    11.0799   3.927249    35.0967       1253     5.2167  0.000e+00
    128.981    11.0810   3.927249    35.0957       1254     5.2208  0.000e+00
    128.872    11.0820   3.927297    35.0954       1255     5.2250  0.000e+00
    128.769    11.0828   3.927345    35.0951       1256     5.2292  0.000e+00
    128.666    11.0834   3.927248    35.0936       1257     5.2333  0.000e+00
    128.558    11.0837   3.927272    35.0936       1258     5.2375  0.000e+00
    128.460    11.0838   3.927182    35.0926       1259     5.2417  0.000e+00
    128.373    11.0837   3.927345    35.0944       1260     5.2458  0.000e+00
    128.277    11.0838   3.927555    35.0964       1261     5.2500  0.000e+00
    128.192    11.0849   3.927483    35.0947       1262     5.2542  0.000e+00
    128.107    11.0855   3.927110    35.0905       1263     5.2583  0.000e+00
    128.020    11.0847   3.927110    35.0913       1264     5.2625  0.000e+00
    127.935    11.0839   3.927110    35.0921       1265     5.2667  0.000e+00
    127.852    11.0834   3.927296    35.0944       1266     5.2708  0.000e+00
    127.761    11.0834   3.927248    35.0940       1267     5.2750  0.000e+00
    127.673    11.0839   3.927320    35.0943       1268     5.2792  0.000e+00
    127.584    11.0843   3.927344    35.0942       1269     5.2833  0.000e+00
    127.490    11.0846   3.927344    35.0940       1270     5.2875  0.000e+00
    127.398    11.0848   3.927435    35.0947       1271     5.2917  0.000e+00
    127.303    11.0852   3.927435    35.0944       1272     5.2958  0.000e+00
    127.207    11.0857   3.927459    35.0942       1273     5.3000  0.000e+00
    127.115    11.0858   3.927434    35.0939       1274     5.3042  0.000e+00
    127.021    11.0861   3.927507    35.0944       1275     5.3083  0.000e+00
    126.920    11.0863   3.927621    35.0953       1276     5.3125  0.000e+00
    126.822    11.0870   3.927483    35.0934       1277     5.3167  0.000e+00
    126.715    11.0871   3.927507    35.0935       1278     5.3208  0.000e+00
    126.616    11.0870   3.927434    35.0930       1279     5.3250  0.000e+00
    126.512    11.0868   3.927458    35.0934       1280     5.3292  0.000e+00
    126.406    11.0868   3.927410    35.0931       1281     5.3333  0.000e+00
    126.304    11.0865   3.927524    35.0944       1282     5.3375  0.000e+00
    126.199    11.0867   3.927669    35.0958       1283     5.3417  0.000e+00
    126.100    11.0874   3.927856    35.0970       1284     5.3458  0.000e+00
    126.007    11.0887   3.927898    35.0963       1285     5.3500  0.000e+00
    125.912    11.0896   3.927994    35.0964       1286     5.3542  0.000e+00
    125.818    11.0907   3.927994    35.0954       1287     5.3583  0.000e+00
    125.727    11.0913   3.927693    35.0918       1288     5.3625  0.000e+00
    125.635    11.0912   3.928132    35.0964       1289     5.3667  0.000e+00
    125.542    11.0917   3.928319    35.0978       1290     5.3708  0.000e+00
    125.447    11.0932   3.928385    35.0971       1291     5.3750  0.000e+00
    125.352    11.0946   3.928385    35.0958       1292     5.3792  0.000e+00
    125.253    11.0955   3.928385    35.0949       1293     5.3833  0.000e+00
    125.153    11.0962   3.928385    35.0943       1294     5.3875  0.000e+00
    125.052    11.0965   3.928547    35.0957       1295     5.3917  0.000e+00
    124.952    11.0972   3.928529    35.0949       1296     5.3958  0.000e+00
    124.853    11.0976   3.928644    35.0957       1297     5.4000  0.000e+00
    124.748    11.0985   3.928710    35.0956       1298     5.4042  0.000e+00
    124.648    11.0991   3.928710    35.0950       1299     5.4083  0.000e+00
    124.543    11.1000   3.928644    35.0935       1300     5.4125  0.000e+00
    124.448    11.1002   3.928505    35.0921       1301     5.4167  0.000e+00
    124.355    11.0998   3.928547    35.0929       1302     5.4208  0.000e+00
    124.268    11.0996   3.928571    35.0933       1303     5.4250  0.000e+00
    124.182    11.0996   3.928529    35.0929       1304     5.4292  0.000e+00
    124.100    11.0994   3.928529    35.0932       1305     5.4333  0.000e+00
    124.013    11.0994   3.928595    35.0939       1306     5.4375  0.000e+00
    123.930    11.0996   3.928595    35.0937       1307     5.4417  0.000e+00
    123.838    11.0998   3.928571    35.0933       1308     5.4458  0.000e+00
    123.745    11.0998   3.928571    35.0934       1309     5.4500  0.000e+00
    123.644    11.0998   3.928571    35.0935       1310     5.4542  0.000e+00
    123.539    11.0997   3.928547    35.0933       1311     5.4583  0.000e+00
    123.432    11.0996   3.928505    35.0931       1312     5.4625  0.000e+00
    123.329    11.0996   3.928480    35.0928       1313     5.4667  0.000e+00
    123.219    11.0993   3.928595    35.0943       1314     5.4708  0.000e+00
    123.110    11.0996   3.928529    35.0934       1315     5.4750  0.000e+00
    123.011    11.0995   3.928408    35.0924       1316     5.4792  0.000e+00
    122.911    11.0991   3.928366    35.0923       1317     5.4833  0.000e+00
    122.824    11.0988   3.928408    35.0931       1318     5.4875  0.000e+00
    122.736    11.0985   3.928444    35.0938       1319     5.4917  0.000e+00
    122.656    11.0986   3.928595    35.0953       1320     5.4958  0.000e+00
    122.575    11.0991   3.928571    35.0945       1321     5.5000  0.000e+00
    122.502    11.0996   3.928619    35.0946       1322     5.5042  0.000e+00
    122.424    11.1000   3.928595    35.0941       1323     5.5083  0.000e+00
    122.339    11.1004   3.928619    35.0939       1324     5.5125  0.000e+00
    122.247    11.1006   3.928968    35.0972       1325     5.5167  0.000e+00
    122.153    11.1017   3.929359    35.1001       1326     5.5208  0.000e+00
    122.050    11.1044   3.929293    35.0970       1327     5.5250  0.000e+00
    121.945    11.1061   3.929221    35.0947       1328     5.5292  0.000e+00
    121.833    11.1068   3.929293    35.0948       1329     5.5333  0.000e+00
    121.719    11.1073   3.929196    35.0934       1330     5.5375  0.000e+00
    121.597    11.1077   3.929244    35.0936       1331     5.5417  0.000e+00
    121.483    11.1079   3.929178    35.0927       1332     5.5458  0.000e+00
    121.369    11.1079   3.929220    35.0932       1333     5.5500  0.000e+00
    121.259    11.1080   3.929383    35.0948       1334     5.5542  0.000e+00
    121.156    11.1085   3.929642    35.0969       1335     5.5583  0.000e+00
    121.053    11.1100   3.929780    35.0969       1336     5.5625  0.000e+00
    120.958    11.1116   3.929756    35.0952       1337     5.5667  0.000e+00
    120.872    11.1127   3.929991    35.0965       1338     5.5708  0.000e+00
    120.786    11.1141   3.930081    35.0962       1339     5.5750  0.000e+00
    120.707    11.1154   3.930129    35.0954       1340     5.5792  0.000e+00
    120.629    11.1166   3.930129    35.0943       1341     5.5833  0.000e+00
    120.551    11.1173   3.930171    35.0940       1342     5.5875  0.000e+00
    120.468    11.1179   3.930195    35.0938       1343     5.5917  0.000e+00
    120.392    11.1184   3.930219    35.0936       1344     5.5958  0.000e+00
    120.311    11.1189   3.930219    35.0931       1345     5.6000  0.000e+00
    120.233    11.1192   3.930195    35.0926       1346     5.6042  0.000e+00
    120.149    11.1193   3.930243    35.0931       1347     5.6083  0.000e+00
    120.068    11.1194   3.930243    35.0930       1348     5.6125  0.000e+00
    119.979    11.1198   3.930243    35.0927       1349     5.6167  0.000e+00
    119.892    11.1202   3.930334    35.0932       1350     5.6208  0.000e+00
    119.795    11.1205   3.930358    35.0932       1351     5.6250  0.000e+00
    119.702    11.1210   3.930358    35.0928       1352     5.6292  0.000e+00
    119.603    11.1214   3.930382    35.0927       1353     5.6333  0.000e+00
    119.502    11.1218   3.930333    35.0919       1354     5.6375  0.000e+00
    119.400    11.1219   3.930382    35.0923       1355     5.6417  0.000e+00
    119.290    11.1220   3.930291    35.0914       1356     5.6458  0.000e+00
    119.185    11.1219   3.930382    35.0924       1357     5.6500  0.000e+00
    119.078    11.1221   3.930406    35.0925       1358     5.6542  0.000e+00
    118.973    11.1223   3.930406    35.0923       1359     5.6583  0.000e+00
    118.866    11.1225   3.930406    35.0922       1360     5.6625  0.000e+00
    118.769    11.1229   3.930430    35.0921       1361     5.6667  0.000e+00
    118.669    11.1228   3.930436    35.0923       1362     5.6708  0.000e+00
    118.573    11.1230   3.930454    35.0923       1363     5.6750  0.000e+00
    118.477    11.1231   3.930454    35.0923       1364     5.6792  0.000e+00
    118.381    11.1232   3.930478    35.0925       1365     5.6833  0.000e+00
    118.285    11.1235   3.930496    35.0924       1366     5.6875  0.000e+00
    118.195    11.1236   3.930496    35.0924       1367     5.6917  0.000e+00
    118.099    11.1239   3.930429    35.0915       1368     5.6958  0.000e+00
    118.007    11.1239   3.930520    35.0924       1369     5.7000  0.000e+00
    117.916    11.1238   3.930477    35.0921       1370     5.7042  0.000e+00
    117.831    11.1239   3.930429    35.0915       1371     5.7083  0.000e+00
    117.744    11.1239   3.930429    35.0916       1372     5.7125  0.000e+00
    117.663    11.1237   3.930453    35.0920       1373     5.7167  0.000e+00
    117.583    11.1238   3.930453    35.0920       1374     5.7208  0.000e+00
    117.507    11.1239   3.930453    35.0920       1375     5.7250  0.000e+00
    117.433    11.1239   3.930477    35.0923       1376     5.7292  0.000e+00
    117.366    11.1239   3.930495    35.0925       1377     5.7333  0.000e+00
    117.297    11.1241   3.930315    35.0905       1378     5.7375  0.000e+00
    117.232    11.1237   3.930357    35.0913       1379     5.7417  0.000e+00
    117.160    11.1235   3.930477    35.0927       1380     5.7458  0.000e+00
    117.093    11.1237   3.930477    35.0925       1381     5.7500  0.000e+00
    117.019    11.1243   3.930453    35.0918       1382     5.7542  0.000e+00
    116.937    11.1242   3.930453    35.0919       1383     5.7583  0.000e+00
    116.845    11.1242   3.930429    35.0917       1384     5.7625  0.000e+00
    116.751    11.1240   3.930405    35.0917       1385     5.7667  0.000e+00
    116.651    11.1240   3.930477    35.0925       1386     5.7708  0.000e+00
    116.543    11.1239   3.930495    35.0928       1387     5.7750  0.000e+00
    116.438    11.1241   3.930495    35.0927       1388     5.7792  0.000e+00
    116.327    11.1242   3.930495    35.0926       1389     5.7833  0.000e+00
    116.221    11.1243   3.930495    35.0926       1390     5.7875  0.000e+00
    116.119    11.1244   3.930477    35.0923       1391     5.7917  0.000e+00
    116.022    11.1244   3.930477    35.0924       1392     5.7958  0.000e+00
    115.926    11.1243   3.930495    35.0927       1393     5.8000  0.000e+00
    115.844    11.1247   3.930404    35.0915       1394     5.8042  0.000e+00
    115.761    11.1246   3.930314    35.0907       1395     5.8083  0.000e+00
    115.685    11.1241   3.930314    35.0912       1396     5.8125  0.000e+00
    115.611    11.1239   3.930380    35.0921       1397     5.8167  0.000e+00
    115.535    11.1238   3.930657    35.0950       1398     5.8208  0.000e+00
    115.453    11.1251   3.930681    35.0940       1399     5.8250  0.000e+00
    115.372    11.1261   3.930476    35.0911       1400     5.8292  0.000e+00
    115.288    11.1261   3.930380    35.0901       1401     5.8333  0.000e+00
    115.205    11.1257   3.930729    35.0940       1402     5.8375  0.000e+00
    115.122    11.1262   3.930615    35.0925       1403     5.8417  0.000e+00
    115.040    11.1269   3.930681    35.0925       1404     5.8458  0.000e+00
    114.964    11.1271   3.930639    35.0919       1405     5.8500  0.000e+00
    114.890    11.1274   3.930705    35.0923       1406     5.8542  0.000e+00
    114.820    11.1275   3.930657    35.0918       1407     5.8583  0.000e+00
    114.749    11.1276   3.930657    35.0917       1408     5.8625  0.000e+00
    114.691    11.1278   3.930651    35.0915       1409     5.8667  0.000e+00
    114.631    11.1279   3.930916    35.0941       1410     5.8708  0.000e+00
    114.572    11.1287   3.930964    35.0938       1411     5.8750  0.000e+00
    114.514    11.1295   3.930940    35.0928       1412     5.8792  0.000e+00
    114.447    11.1301   3.931078    35.0937       1413     5.8833  0.000e+00
    114.385    11.1306   3.930892    35.0913       1414     5.8875  0.000e+00
    114.315    11.1308   3.930867    35.0909       1415     5.8917  0.000e+00
    114.239    11.1308   3.930729    35.0896       1416     5.8958  0.000e+00
    114.150    11.1302   3.931355    35.0965       1417     5.9000  0.000e+00
    114.061    11.1317   3.931452    35.0961       1418     5.9042  0.000e+00
    113.960    11.1330   3.930656    35.0869       1419     5.9083  0.000e+00
    113.859    11.1320   3.931168    35.0930       1420     5.9125  0.000e+00
    113.752    11.1319   3.931217    35.0937       1421     5.9167  0.000e+00
    113.643    11.1325   3.931241    35.0933       1422     5.9208  0.000e+00
    113.531    11.1331   3.931078    35.0912       1423     5.9250  0.000e+00
    113.426    11.1330   3.932078    35.1013       1424     5.9292  0.000e+00
    113.329    11.1355   3.933981    35.1179       1425     5.9333  0.000e+00
    113.236    11.1443   3.934168    35.1115       1426     5.9375  0.000e+00
    113.155    11.1522   3.934565    35.1079       1427     5.9417  0.000e+00
    113.075    11.1582   3.934541    35.1020       1428     5.9458  0.000e+00
    113.015    11.1619   3.934963    35.1027       1429     5.9500  0.000e+00
    112.950    11.1657   3.935818    35.1076       1430     5.9542  0.000e+00
    112.896    11.1707   3.935818    35.1029       1431     5.9583  0.000e+00
    112.851    11.1747   3.935842    35.0993       1432     5.9625  0.000e+00
    112.804    11.1773   3.936240    35.1008       1433     5.9667  0.000e+00
    112.757    11.1800   3.936704    35.1029       1434     5.9708  0.000e+00
    112.709    11.1832   3.936427    35.0970       1435     5.9750  0.000e+00
    112.655    11.1852   3.936776    35.0986       1436     5.9792  0.000e+00
    112.597    11.1871   3.936987    35.0990       1437     5.9833  0.000e+00
    112.538    11.1893   3.937216    35.0992       1438     5.9875  0.000e+00
    112.476    11.1912   3.937192    35.0972       1439     5.9917  0.000e+00
    112.414    11.1927   3.937077    35.0946       1440     5.9958  0.000e+00
    112.346    11.1931   3.937264    35.0961       1441     6.0000  0.000e+00
    112.273    11.1939   3.937614    35.0989       1442     6.0042  0.000e+00
    112.201    11.1956   3.937776    35.0989       1443     6.0083  0.000e+00
    112.127    11.1973   3.938054    35.1001       1444     6.0125  0.000e+00
    112.049    11.1995   3.938078    35.0982       1445     6.0167  0.000e+00
