HB2406/sbe116.cnv
* Sea-Bird SBE 19plus V2 Data File:
* FileName = C:\cruise\data\sbe116.hex
* Software Version Seasave V 7.26.7.121
* Temperature SN = 7037
* Conductivity SN = 7037
* System UpLoad Time = Aug 22 2024 08:57:25
* NMEA Latitude = 39 59.57 N
* NMEA Longitude = 070 05.45 W
* NMEA UTC (Time) = Aug 22 2024  08:56:20
** Ship: Henry Bigelow
** Cruise:  HB2406
** Program:  ECOMON
# nquan = 7
# nvalues = 2682                                  
# units = specified
# name 0 = depSM: Depth [salt water, m]
# name 1 = tv290C: Temperature [ITS-90, deg C]
# name 2 = c0S/m: Conductivity [S/m]
# name 3 = sal00: Salinity, Practical [PSU]
# name 4 = scan: Scan Count
# name 5 = timeM: Time, Elapsed [minutes]
# name 6 = flag:  0.000e+00
# span 0 =      0.032,    180.437                 
# span 1 =    10.2490,    23.3852                 
# span 2 =   0.301421,   4.922774                 
# span 3 =     1.6371,    35.2130                 
# span 4 =         11,       2692                 
# span 5 =     0.0417,    11.2125                 
# span 6 = 0.0000e+00, 0.0000e+00                 
# interval = seconds: 0.25
# start_time = Aug 22 2024 08:56:20 [NMEA time, header]
# bad_flag = -9.990e-29
*END*
[from data line 1642]
    168.514    10.5623   3.880766    35.1087       1653     6.8833  0.000e+00
    168.529    10.5624   3.880671    35.1076       1654     6.8875  0.000e+00
    168.561    10.5623   3.880653    35.1075       1655     6.8917  0.000e+00
    168.592    10.5620   3.880719    35.1084       1656     6.8958  0.000e+00
    168.632    10.5620   3.880779    35.1090       1657     6.9000  0.000e+00
    168.668    10.5621   3.880695    35.1080       1658     6.9042  0.000e+00
    168.699    10.5623   3.880695    35.1079       1659     6.9083  0.000e+00
    168.726    10.5621   3.880719    35.1083       1660     6.9125  0.000e+00
    168.747    10.5621   3.880653    35.1076       1661     6.9167  0.000e+00
    168.758    10.5619   3.880629    35.1075       1662     6.9208  0.000e+00
    168.762    10.5615   3.880419    35.1057       1663     6.9250  0.000e+00
    168.758    10.5607   3.880419    35.1065       1664     6.9292  0.000e+00
    168.755    10.5598   3.880401    35.1072       1665     6.9333  0.000e+00
    168.742    10.5592   3.880533    35.1091       1666     6.9375  0.000e+00
    168.735    10.5595   3.880605    35.1096       1667     6.9417  0.000e+00
    168.722    10.5599   3.880719    35.1104       1668     6.9458  0.000e+00
    168.707    10.5607   3.880785    35.1103       1669     6.9500  0.000e+00
    168.698    10.5613   3.880779    35.1097       1670     6.9542  0.000e+00
    168.695    10.5618   3.880785    35.1092       1671     6.9583  0.000e+00
    168.687    10.5621   3.880785    35.1090       1672     6.9625  0.000e+00
    168.682    10.5624   3.880767    35.1085       1673     6.9667  0.000e+00
    168.684    10.5625   3.880671    35.1074       1674     6.9708  0.000e+00
    168.675    10.5621   3.880515    35.1062       1675     6.9750  0.000e+00
    168.667    10.5614   3.880515    35.1069       1676     6.9792  0.000e+00
    168.660    10.5607   3.880539    35.1078       1677     6.9833  0.000e+00
    168.642    10.5605   3.880605    35.1087       1678     6.9875  0.000e+00
    168.622    10.5605   3.880785    35.1105       1679     6.9917  0.000e+00
    168.599    10.5614   3.880904    35.1109       1680     6.9958  0.000e+00
    168.573    10.5623   3.880946    35.1104       1681     7.0000  0.000e+00
    168.546    10.5631   3.880808    35.1083       1682     7.0042  0.000e+00
    168.524    10.5633   3.880766    35.1076       1683     7.0083  0.000e+00
    168.512    10.5633   3.880826    35.1082       1684     7.0125  0.000e+00
    168.504    10.5633   3.880808    35.1081       1685     7.0167  0.000e+00
    168.513    10.5633   3.880880    35.1088       1686     7.0208  0.000e+00
    168.528    10.5637   3.880856    35.1082       1687     7.0250  0.000e+00
    168.553    10.5638   3.880922    35.1087       1688     7.0292  0.000e+00
    168.584    10.5641   3.881036    35.1096       1689     7.0333  0.000e+00
    168.617    10.5645   3.880994    35.1088       1690     7.0375  0.000e+00
    168.656    10.5650   3.881018    35.1085       1691     7.0417  0.000e+00
    168.685    10.5651   3.881060    35.1088       1692     7.0458  0.000e+00
    168.712    10.5656   3.881084    35.1086       1693     7.0500  0.000e+00
    168.725    10.5658   3.881060    35.1081       1694     7.0542  0.000e+00
    168.725    10.5658   3.881018    35.1077       1695     7.0583  0.000e+00
    168.711    10.5657   3.880653    35.1041       1696     7.0625  0.000e+00
    168.700    10.5647   3.880395    35.1025       1697     7.0667  0.000e+00
    168.674    10.5625   3.880281    35.1034       1698     7.0708  0.000e+00
    168.644    10.5608   3.880281    35.1051       1699     7.0750  0.000e+00
    168.600    10.5594   3.880353    35.1072       1700     7.0792  0.000e+00
    168.566    10.5588   3.880467    35.1089       1701     7.0833  0.000e+00
    168.528    10.5590   3.880467    35.1087       1702     7.0875  0.000e+00
    168.491    10.5593   3.880581    35.1096       1703     7.0917  0.000e+00
    168.461    10.5599   3.880539    35.1087       1704     7.0958  0.000e+00
    168.433    10.5600   3.880401    35.1072       1705     7.1000  0.000e+00
    168.412    10.5598   3.880377    35.1072       1706     7.1042  0.000e+00
    168.386    10.5594   3.880401    35.1077       1707     7.1083  0.000e+00
    168.430    10.5591   3.880419    35.1082       1708     7.1125  0.000e+00
    168.401    10.5590   3.880353    35.1076       1709     7.1167  0.000e+00
    168.426    10.5588   3.880353    35.1078       1710     7.1208  0.000e+00
    168.413    10.5586   3.880299    35.1075       1711     7.1250  0.000e+00
    168.420    10.5582   3.880329    35.1082       1712     7.1292  0.000e+00
    168.419    10.5582   3.880191    35.1068       1713     7.1333  0.000e+00
    168.413    10.5576   3.880167    35.1071       1714     7.1375  0.000e+00
    168.413    10.5570   3.880215    35.1082       1715     7.1417  0.000e+00
    168.404    10.5567   3.879964    35.1060       1716     7.1458  0.000e+00
    168.399    10.5559   3.879988    35.1070       1717     7.1500  0.000e+00
    168.388    10.5552   3.880149    35.1093       1718     7.1542  0.000e+00
    168.379    10.5553   3.880030    35.1080       1719     7.1583  0.000e+00
    168.368    10.5552   3.880102    35.1088       1720     7.1625  0.000e+00
    168.366    10.5553   3.880167    35.1094       1721     7.1667  0.000e+00
    168.368    10.5556   3.880281    35.1102       1722     7.1708  0.000e+00
    168.368    10.5564   3.880215    35.1088       1723     7.1750  0.000e+00
    168.377    10.5566   3.880299    35.1094       1724     7.1792  0.000e+00
    168.389    10.5569   3.880377    35.1099       1725     7.1833  0.000e+00
    168.406    10.5576   3.880467    35.1102       1726     7.1875  0.000e+00
    168.417    10.5581   3.880581    35.1108       1727     7.1917  0.000e+00
    168.427    10.5591   3.880653    35.1106       1728     7.1958  0.000e+00
    168.440    10.5601   3.880695    35.1101       1729     7.2000  0.000e+00
    168.435    10.5607   3.880766    35.1102       1730     7.2042  0.000e+00
    168.424    10.5615   3.880778    35.1095       1731     7.2083  0.000e+00
    168.404    10.5621   3.880808    35.1093       1732     7.2125  0.000e+00
    168.368    10.5625   3.880808    35.1090       1733     7.2167  0.000e+00
    168.326    10.5629   3.880832    35.1088       1734     7.2208  0.000e+00
    168.277    10.5633   3.880832    35.1085       1735     7.2250  0.000e+00
    168.226    10.5635   3.880742    35.1073       1736     7.2292  0.000e+00
    168.176    10.5631   3.880670    35.1070       1737     7.2333  0.000e+00
    168.132    10.5628   3.880826    35.1089       1738     7.2375  0.000e+00
    168.094    10.5629   3.880904    35.1097       1739     7.2417  0.000e+00
    168.062    10.5635   3.880670    35.1067       1740     7.2458  0.000e+00
    168.045    10.5631   3.880628    35.1066       1741     7.2500  0.000e+00
    168.040    10.5625   3.880766    35.1087       1742     7.2542  0.000e+00
    168.043    10.5624   3.880904    35.1101       1743     7.2583  0.000e+00
    168.063    10.5631   3.880826    35.1086       1744     7.2625  0.000e+00
    168.076    10.5635   3.880742    35.1074       1745     7.2667  0.000e+00
    168.094    10.5634   3.880766    35.1078       1746     7.2708  0.000e+00
    168.113    10.5634   3.880832    35.1084       1747     7.2750  0.000e+00
    168.121    10.5635   3.880808    35.1081       1748     7.2792  0.000e+00
    168.126    10.5635   3.880808    35.1081       1749     7.2833  0.000e+00
    168.123    10.5636   3.880832    35.1082       1750     7.2875  0.000e+00
    168.108    10.5636   3.880778    35.1077       1751     7.2917  0.000e+00
    168.086    10.5637   3.880832    35.1082       1752     7.2958  0.000e+00
    168.050    10.5639   3.880880    35.1085       1753     7.3000  0.000e+00
    168.019    10.5642   3.880856    35.1079       1754     7.3042  0.000e+00
    167.978    10.5642   3.880856    35.1079       1755     7.3083  0.000e+00
    167.943    10.5643   3.880922    35.1085       1756     7.3125  0.000e+00
    167.916    10.5647   3.880922    35.1081       1757     7.3167  0.000e+00
    167.893    10.5652   3.880922    35.1077       1758     7.3208  0.000e+00
    167.873    10.5654   3.880880    35.1071       1759     7.3250  0.000e+00
    167.865    10.5654   3.880946    35.1077       1760     7.3292  0.000e+00
    167.869    10.5655   3.881018    35.1083       1761     7.3333  0.000e+00
    167.878    10.5659   3.881036    35.1081       1762     7.3375  0.000e+00
    167.885    10.5665   3.881060    35.1078       1763     7.3417  0.000e+00
    167.896    10.5667   3.881060    35.1076       1764     7.3458  0.000e+00
    167.909    10.5671   3.881018    35.1068       1765     7.3500  0.000e+00
    167.921    10.5672   3.881018    35.1068       1766     7.3542  0.000e+00
    167.929    10.5670   3.880970    35.1064       1767     7.3583  0.000e+00
    167.932    10.5669   3.880946    35.1062       1768     7.3625  0.000e+00
    167.938    10.5667   3.881036    35.1073       1769     7.3667  0.000e+00
    167.936    10.5668   3.881132    35.1082       1770     7.3708  0.000e+00
    167.930    10.5673   3.881066    35.1071       1771     7.3750  0.000e+00
    167.914    10.5674   3.880880    35.1051       1772     7.3792  0.000e+00
    167.898    10.5669   3.880856    35.1053       1773     7.3833  0.000e+00
    167.867    10.5664   3.880856    35.1059       1774     7.3875  0.000e+00
    167.834    10.5660   3.880970    35.1074       1775     7.3917  0.000e+00
    167.793    10.5660   3.880970    35.1074       1776     7.3958  0.000e+00
    167.749    10.5665   3.880970    35.1069       1777     7.4000  0.000e+00
    167.695    10.5665   3.880946    35.1068       1778     7.4042  0.000e+00
    167.653    10.5665   3.880970    35.1070       1779     7.4083  0.000e+00
    167.592    10.5668   3.881036    35.1074       1780     7.4125  0.000e+00
    167.487    10.5671   3.881173    35.1086       1781     7.4167  0.000e+00
    167.422    10.5677   3.881108    35.1074       1782     7.4208  0.000e+00
    167.346    10.5682   3.881197    35.1079       1783     7.4250  0.000e+00
    167.275    10.5686   3.881245    35.1079       1784     7.4292  0.000e+00
    167.159    10.5692   3.881233    35.1074       1785     7.4333  0.000e+00
    167.072    10.5698   3.881269    35.1071       1786     7.4375  0.000e+00
    166.989    10.5702   3.881335    35.1075       1787     7.4417  0.000e+00
    166.922    10.5708   3.881359    35.1072       1788     7.4458  0.000e+00
    166.862    10.5714   3.881521    35.1082       1789     7.4500  0.000e+00
    166.797    10.5724   3.881634    35.1085       1790     7.4542  0.000e+00
    166.739    10.5739   3.881610    35.1068       1791     7.4583  0.000e+00
    166.676    10.5750   3.881563    35.1053       1792     7.4625  0.000e+00
    166.601    10.5755   3.881562    35.1049       1793     7.4667  0.000e+00
    166.518    10.5758   3.881538    35.1043       1794     7.4708  0.000e+00
    166.404    10.5760   3.881700    35.1058       1795     7.4750  0.000e+00
    166.288    10.5765   3.881724    35.1056       1796     7.4792  0.000e+00
    166.147    10.5772   3.881772    35.1055       1797     7.4833  0.000e+00
    165.992    10.5779   3.881976    35.1070       1798     7.4875  0.000e+00
    165.821    10.5794   3.882137    35.1072       1799     7.4917  0.000e+00
    165.639    10.5814   3.882503    35.1091       1800     7.4958  0.000e+00
    165.463    10.5839   3.882682    35.1086       1801     7.5000  0.000e+00
    165.300    10.5874   3.882730    35.1058       1802     7.5042  0.000e+00
    165.139    10.5902   3.882778    35.1036       1803     7.5083  0.000e+00
    164.991    10.5921   3.882754    35.1016       1804     7.5125  0.000e+00
    164.862    10.5933   3.882778    35.1007       1805     7.5167  0.000e+00
    164.750    10.5944   3.882808    35.1001       1806     7.5208  0.000e+00
    164.647    10.5952   3.882802    35.0993       1807     7.5250  0.000e+00
    164.565    10.5958   3.882802    35.0987       1808     7.5292  0.000e+00
    164.491    10.5962   3.882754    35.0979       1809     7.5333  0.000e+00
    164.424    10.5967   3.882730    35.0972       1810     7.5375  0.000e+00
    164.361    10.5968   3.882706    35.0969       1811     7.5417  0.000e+00
    164.297    10.5968   3.882664    35.0965       1812     7.5458  0.000e+00
    164.229    10.5969   3.882544    35.0952       1813     7.5500  0.000e+00
    164.154    10.5968   3.882502    35.0950       1814     7.5542  0.000e+00
    164.073    10.5968   3.882502    35.0950       1815     7.5583  0.000e+00
    163.979    10.5967   3.882502    35.0951       1816     7.5625  0.000e+00
    163.877    10.5967   3.882526    35.0954       1817     7.5667  0.000e+00
    163.772    10.5968   3.882754    35.0976       1818     7.5708  0.000e+00
    163.655    10.5978   3.882867    35.0979       1819     7.5750  0.000e+00
    163.532    10.5990   3.882927    35.0974       1820     7.5792  0.000e+00
    163.401    10.6002   3.883371    35.1008       1821     7.5833  0.000e+00
    163.267    10.6026   3.883964    35.1045       1822     7.5875  0.000e+00
    163.135    10.6065   3.884222    35.1034       1823     7.5917  0.000e+00
    162.992    10.6104   3.884287    35.1004       1824     7.5958  0.000e+00
    162.847    10.6134   3.884425    35.0990       1825     7.6000  0.000e+00
    162.708    10.6159   3.884587    35.0983       1826     7.6042  0.000e+00
    162.569    10.6184   3.884892    35.0990       1827     7.6083  0.000e+00
    162.426    10.6212   3.884814    35.0955       1828     7.6125  0.000e+00
    162.290    10.6237   3.884724    35.0923       1829     7.6167  0.000e+00
    162.153    10.6251   3.884449    35.0883       1830     7.6208  0.000e+00
    162.026    10.6254   3.883987    35.0834       1831     7.6250  0.000e+00
    161.897    10.6245   3.883256    35.0770       1832     7.6292  0.000e+00
    161.785    10.6222   3.882980    35.0764       1833     7.6333  0.000e+00
    161.676    10.6202   3.882926    35.0778       1834     7.6375  0.000e+00
    161.577    10.6186   3.882914    35.0793       1835     7.6417  0.000e+00
    161.486    10.6176   3.882914    35.0804       1836     7.6458  0.000e+00
    161.401    10.6169   3.882914    35.0810       1837     7.6500  0.000e+00
    161.334    10.6166   3.882914    35.0813       1838     7.6542  0.000e+00
    161.264    10.6164   3.882938    35.0818       1839     7.6583  0.000e+00
    161.193    10.6163   3.882938    35.0819       1840     7.6625  0.000e+00
    161.126    10.6163   3.882974    35.0823       1841     7.6667  0.000e+00
    161.056    10.6167   3.882980    35.0821       1842     7.6708  0.000e+00
    160.976    10.6167   3.882956    35.0818       1843     7.6750  0.000e+00
    160.889    10.6167   3.882938    35.0816       1844     7.6792  0.000e+00
    160.791    10.6167   3.882938    35.0818       1845     7.6833  0.000e+00
    160.687    10.6167   3.882956    35.0819       1846     7.6875  0.000e+00
    160.571    10.6168   3.882980    35.0821       1847     7.6917  0.000e+00
    160.444    10.6169   3.883022    35.0826       1848     7.6958  0.000e+00
    160.308    10.6173   3.883070    35.0827       1849     7.7000  0.000e+00
    160.169    10.6178   3.883118    35.0828       1850     7.7042  0.000e+00
    160.017    10.6182   3.883207    35.0833       1851     7.7083  0.000e+00
    159.876    10.6188   3.883207    35.0829       1852     7.7125  0.000e+00
    159.734    10.6193   3.883279    35.0832       1853     7.7167  0.000e+00
    159.611    10.6198   3.883231    35.0822       1854     7.7208  0.000e+00
    159.494    10.6202   3.883213    35.0817       1855     7.7250  0.000e+00
    159.358    10.6203   3.883189    35.0815       1856     7.7292  0.000e+00
