HB2406/sbe121.cnv
* Sea-Bird SBE 19plus V2 Data File:
* FileName = C:\cruise\data\sbe121.hex
* Software Version Seasave V 7.26.7.121
* Temperature SN = 7037
* Conductivity SN = 7037
* System UpLoad Time = Aug 22 2024 20:52:58
* NMEA Latitude = 40 53.77 N
* NMEA Longitude = 070 39.98 W
* NMEA UTC (Time) = Aug 22 2024  20:51:53
** Ship: Henry Bigelow
** Cruise:  HB2406
** Program:  ECOMON
# nquan = 7
# nvalues = 1463                                  
# units = specified
# name 0 = depSM: Depth [salt water, m]
# name 1 = tv290C: Temperature [ITS-90, deg C]
# name 2 = c0S/m: Conductivity [S/m]
# name 3 = sal00: Salinity, Practical [PSU]
# name 4 = scan: Scan Count
# name 5 = timeM: Time, Elapsed [minutes]
# name 6 = flag:  0.000e+00
# span 0 =      0.050,     46.835                 
# span 1 =    10.5623,    21.5708                 
# span 2 =  -0.020134,   4.530726                 
# span 3 =     0.0000,    35.9887                 
# span 4 =         11,       1473                 
# span 5 =     0.0417,     6.1333                 
# span 6 = 0.0000e+00, 0.0000e+00                 
# interval = seconds: 0.25
# start_time = Aug 22 2024 20:51:53 [NMEA time, header]
# bad_flag = -9.990e-29
*END*
[from data line 1231]
      9.793    18.5834   4.313866    32.1892       1242     5.1708  0.000e+00
      9.731    18.6028   4.315362    32.1865       1243     5.1750  0.000e+00
      9.661    18.6228   4.318235    32.1949       1244     5.1792  0.000e+00
      9.608    18.6455   4.318385    32.1785       1245     5.1833  0.000e+00
      9.567    18.6636   4.318209    32.1629       1246     5.1875  0.000e+00
      9.523    18.6742   4.318559    32.1576       1247     5.1917  0.000e+00
      9.487    18.6811   4.319931    32.1636       1248     5.1958  0.000e+00
      9.456    18.6884   4.320632    32.1638       1249     5.2000  0.000e+00
      9.438    18.6958   4.321058    32.1616       1250     5.2042  0.000e+00
      9.420    18.7023   4.321064    32.1566       1251     5.2083  0.000e+00
      9.402    18.7070   4.321602    32.1574       1252     5.2125  0.000e+00
      9.387    18.7111   4.321552    32.1538       1253     5.2167  0.000e+00
      9.351    18.7141   4.321752    32.1532       1254     5.2208  0.000e+00
      9.322    18.7165   4.321101    32.1458       1255     5.2250  0.000e+00
      9.275    18.7163   4.320707    32.1428       1256     5.2292  0.000e+00
      9.246    18.7143   4.320381    32.1417       1257     5.2333  0.000e+00
      9.214    18.7116   4.320256    32.1427       1258     5.2375  0.000e+00
      9.176    18.7093   4.320456    32.1462       1259     5.2417  0.000e+00
      9.136    18.7080   4.320256    32.1456       1260     5.2458  0.000e+00
      9.094    18.7069   4.320181    32.1458       1261     5.2500  0.000e+00
      9.045    18.7057   4.320331    32.1480       1262     5.2542  0.000e+00
      8.989    18.7056   4.320531    32.1497       1263     5.2583  0.000e+00
      8.940    18.7062   4.320807    32.1516       1264     5.2625  0.000e+00
      8.892    18.7072   4.321627    32.1577       1265     5.2667  0.000e+00
      8.839    18.7107   4.322178    32.1595       1266     5.2708  0.000e+00
      8.778    18.7159   4.322429    32.1575       1267     5.2750  0.000e+00
      8.734    18.7209   4.324677    32.1724       1268     5.2792  0.000e+00
      8.691    18.7298   4.324602    32.1648       1269     5.2833  0.000e+00
      8.651    18.7389   4.323606    32.1495       1270     5.2875  0.000e+00
      8.618    18.7405   4.323330    32.1460       1271     5.2917  0.000e+00
      8.582    18.7401   4.322929    32.1430       1272     5.2958  0.000e+00
      8.550    18.7381   4.322754    32.1431       1273     5.3000  0.000e+00
      8.515    18.7359   4.323055    32.1473       1274     5.3042  0.000e+00
      8.476    18.7349   4.322604    32.1444       1275     5.3083  0.000e+00
      8.439    18.7338   4.323982    32.1566       1276     5.3125  0.000e+00
      8.390    18.7362   4.324802    32.1616       1277     5.3167  0.000e+00
      8.327    18.7413   4.324802    32.1577       1278     5.3208  0.000e+00
      8.260    18.7457   4.325328    32.1587       1279     5.3250  0.000e+00
      8.190    18.7497   4.325905    32.1603       1280     5.3292  0.000e+00
      8.114    18.7546   4.325955    32.1570       1281     5.3333  0.000e+00
      8.047    18.7580   4.326606    32.1598       1282     5.3375  0.000e+00
      7.983    18.7638   4.328430    32.1704       1283     5.3417  0.000e+00
      7.922    18.7738   4.328110    32.1600       1284     5.3458  0.000e+00
      7.875    18.7790   4.327483    32.1508       1285     5.3500  0.000e+00
      7.851    18.7801   4.327709    32.1518       1286     5.3542  0.000e+00
      7.839    18.7809   4.328354    32.1565       1287     5.3583  0.000e+00
      7.822    18.7835   4.328530    32.1560       1288     5.3625  0.000e+00
      7.812    18.7864   4.329231    32.1595       1289     5.3667  0.000e+00
      7.795    18.7908   4.331739    32.1769       1290     5.3708  0.000e+00
      7.773    18.8022   4.333970    32.1866       1291     5.3750  0.000e+00
      7.748    18.8187   4.335300    32.1848       1292     5.3792  0.000e+00
      7.725    18.8354   4.334948    32.1689       1293     5.3833  0.000e+00
      7.687    18.8473   4.339113    32.1942       1294     5.3875  0.000e+00
      7.636    18.8639   4.334546    32.1435       1295     5.3917  0.000e+00
      7.565    18.8666   4.343787    32.2179       1296     5.3958  0.000e+00
      7.480    18.8918   4.349556    32.2462       1297     5.4000  0.000e+00
      7.390    18.9373   4.350058    32.2149       1298     5.4042  0.000e+00
      7.301    18.9721   4.352601    32.2090       1299     5.4083  0.000e+00
      7.234    19.0026   4.354441    32.2006       1300     5.4125  0.000e+00
      7.162    19.0298   4.356640    32.1976       1301     5.4167  0.000e+00
      7.110    19.0549   4.357268    32.1834       1302     5.4208  0.000e+00
      7.064    19.0744   4.358405    32.1777       1303     5.4250  0.000e+00
      7.028    19.0898   4.359341    32.1735       1304     5.4292  0.000e+00
      7.003    19.1032   4.360271    32.1708       1305     5.4333  0.000e+00
      6.985    19.1157   4.361158    32.1684       1306     5.4375  0.000e+00
      6.972    19.1273   4.361535    32.1626       1307     5.4417  0.000e+00
      6.948    19.1364   4.362245    32.1614       1308     5.4458  0.000e+00
      6.921    19.1449   4.364119    32.1703       1309     5.4500  0.000e+00
      6.891    19.1565   4.366011    32.1769       1310     5.4542  0.000e+00
      6.844    19.1711   4.368263    32.1841       1311     5.4583  0.000e+00
      6.787    19.1891   4.370798    32.1911       1312     5.4625  0.000e+00
      6.719    19.2112   4.373057    32.1926       1313     5.4667  0.000e+00
      6.648    19.2344   4.377867    32.2143       1314     5.4708  0.000e+00
      6.583    19.2655   4.382987    32.2323       1315     5.4750  0.000e+00
      6.532    19.3050   4.385399    32.2216       1316     5.4792  0.000e+00
      6.485    19.3416   4.389268    32.2251       1317     5.4833  0.000e+00
      6.455    19.3776   4.390264    32.2055       1318     5.4875  0.000e+00
      6.429    19.4078   4.394595    32.2176       1319     5.4917  0.000e+00
      6.402    19.4406   4.398121    32.2212       1320     5.4958  0.000e+00
      6.382    19.4756   4.402821    32.2327       1321     5.5000  0.000e+00
      6.359    19.5144   4.408073    32.2458       1322     5.5042  0.000e+00
      6.333    19.5596   4.421848    32.3235       1323     5.5083  0.000e+00
      6.284    19.6353   4.429874    32.3305       1324     5.5125  0.000e+00
      6.217    19.7238   4.436063    32.3128       1325     5.5167  0.000e+00
      6.151    19.8018   4.431751    32.2177       1326     5.5208  0.000e+00
      6.076    19.8443   4.445709    32.2985       1327     5.5250  0.000e+00
      6.008    19.9066   4.450335    32.2882       1328     5.5292  0.000e+00
      5.937    19.9747   4.451602    32.2463       1329     5.5333  0.000e+00
      5.870    20.0263   4.455102    32.2351       1330     5.5375  0.000e+00
      5.803    20.0726   4.462494    32.2595       1331     5.5417  0.000e+00
      5.727    20.1332   4.463286    32.2196       1332     5.5458  0.000e+00
      5.653    20.1834   4.465031    32.1954       1333     5.5500  0.000e+00
      5.583    20.2223   4.473739    32.2359       1334     5.5542  0.000e+00
      5.518    20.2938   4.483546    32.2603       1335     5.5583  0.000e+00
      5.458    20.4043   4.488125    32.2130       1336     5.5625  0.000e+00
      5.405    20.5102   4.489695    32.1452       1337     5.5667  0.000e+00
      5.366    20.5919   4.493939    32.1173       1338     5.5708  0.000e+00
      5.326    20.6647   4.496669    32.0841       1339     5.5750  0.000e+00
      5.293    20.7288   4.497197    32.0400       1340     5.5792  0.000e+00
      5.272    20.7743   4.498031    32.0125       1341     5.5833  0.000e+00
      5.263    20.8067   4.498228    31.9897       1342     5.5875  0.000e+00
      5.243    20.8287   4.498896    31.9785       1343     5.5917  0.000e+00
      5.226    20.8446   4.499501    31.9714       1344     5.5958  0.000e+00
      5.206    20.8587   4.500392    31.9679       1345     5.6000  0.000e+00
      5.181    20.8721   4.501602    31.9675       1346     5.6042  0.000e+00
      5.139    20.8881   4.504941    31.9820       1347     5.6083  0.000e+00
      5.083    20.9172   4.508854    31.9913       1348     5.6125  0.000e+00
      5.020    20.9626   4.511525    31.9785       1349     5.6167  0.000e+00
      4.953    21.0138   4.514770    31.9659       1350     5.6208  0.000e+00
      4.872    21.0673   4.517404    31.9468       1351     5.6250  0.000e+00
      4.794    21.1220   4.520217    31.9282       1352     5.6292  0.000e+00
      4.709    21.1755   4.521627    31.8995       1353     5.6333  0.000e+00
      4.617    21.2211   4.522711    31.8741       1354     5.6375  0.000e+00
      4.541    21.2572   4.523081    31.8503       1355     5.6417  0.000e+00
      4.474    21.2837   4.523189    31.8315       1356     5.6458  0.000e+00
      4.430    21.3003   4.523514    31.8217       1357     5.6500  0.000e+00
      4.401    21.3124   4.523795    31.8150       1358     5.6542  0.000e+00
      4.378    21.3227   4.524274    31.8111       1359     5.6583  0.000e+00
      4.361    21.3319   4.524401    31.8053       1360     5.6625  0.000e+00
      4.347    21.3397   4.524273    31.7986       1361     5.6667  0.000e+00
      4.336    21.3429   4.524299    31.7964       1362     5.6708  0.000e+00
      4.332    21.3443   4.524324    31.7956       1363     5.6750  0.000e+00
      4.309    21.3449   4.524299    31.7949       1364     5.6792  0.000e+00
      4.287    21.3449   4.524586    31.7972       1365     5.6833  0.000e+00
      4.247    21.3460   4.525442    31.8031       1366     5.6875  0.000e+00
      4.209    21.3528   4.526463    31.8061       1367     5.6917  0.000e+00
      4.162    21.3656   4.526891    31.8000       1368     5.6958  0.000e+00
      4.110    21.3793   4.526859    31.7897       1369     5.7000  0.000e+00
      4.063    21.3865   4.527095    31.7862       1370     5.7042  0.000e+00
      4.008    21.3916   4.527471    31.7854       1371     5.7083  0.000e+00
      3.947    21.3969   4.527682    31.7832       1372     5.7125  0.000e+00
      3.871    21.4026   4.528263    31.7835       1373     5.7167  0.000e+00
      3.784    21.4106   4.529004    31.7834       1374     5.7208  0.000e+00
      3.696    21.4228   4.529201    31.7760       1375     5.7250  0.000e+00
      3.621    21.4329   4.529246    31.7689       1376     5.7292  0.000e+00
      3.540    21.4395   4.528850    31.7609       1377     5.7333  0.000e+00
      3.475    21.4416   4.528901    31.7599       1378     5.7375  0.000e+00
      3.426    21.4419   4.528869    31.7593       1379     5.7417  0.000e+00
      3.406    21.4422   4.528792    31.7585       1380     5.7458  0.000e+00
      3.424    21.4418   4.528607    31.7574       1381     5.7500  0.000e+00
      3.455    21.4399   4.528543    31.7583       1382     5.7542  0.000e+00
      3.497    21.4373   4.528345    31.7586       1383     5.7583  0.000e+00
      3.522    21.4340   4.528160    31.7596       1384     5.7625  0.000e+00
      3.538    21.4302   4.528077    31.7618       1385     5.7667  0.000e+00
      3.543    21.4263   4.528390    31.7671       1386     5.7708  0.000e+00
      3.531    21.4259   4.528346    31.7671       1387     5.7750  0.000e+00
      3.493    21.4253   4.526941    31.7565       1388     5.7792  0.000e+00
      3.415    21.4240   4.528741    31.7716       1389     5.7833  0.000e+00
      3.328    21.4252   4.528952    31.7724       1390     5.7875  0.000e+00
      3.221    21.4279   4.528416    31.7662       1391     5.7917  0.000e+00
      3.120    21.4279   4.528313    31.7655       1392     5.7958  0.000e+00
      3.031    21.4250   4.528467    31.7688       1393     5.8000  0.000e+00
      2.955    21.4251   4.528926    31.7724       1394     5.8042  0.000e+00
      2.881    21.4281   4.528971    31.7706       1395     5.8083  0.000e+00
      2.825    21.4311   4.529373    31.7715       1396     5.8125  0.000e+00
      2.782    21.4360   4.529482    31.7688       1397     5.8167  0.000e+00
      2.746    21.4403   4.529533    31.7660       1398     5.8208  0.000e+00
      2.744    21.4436   4.529610    31.7642       1399     5.8250  0.000e+00
      2.744    21.4468   4.529641    31.7621       1400     5.8292  0.000e+00
      2.744    21.4490   4.529641    31.7604       1401     5.8333  0.000e+00
      2.756    21.4503   4.529661    31.7596       1402     5.8375  0.000e+00
      2.775    21.4514   4.529641    31.7586       1403     5.8417  0.000e+00
      2.785    21.4520   4.529635    31.7582       1404     5.8458  0.000e+00
      2.800    21.4521   4.529616    31.7579       1405     5.8500  0.000e+00
      2.803    21.4519   4.529584    31.7578       1406     5.8542  0.000e+00
      2.792    21.4515   4.529533    31.7577       1407     5.8583  0.000e+00
      2.776    21.4507   4.529533    31.7583       1408     5.8625  0.000e+00
      2.742    21.4497   4.529533    31.7590       1409     5.8667  0.000e+00
      2.697    21.4492   4.529558    31.7596       1410     5.8708  0.000e+00
      2.657    21.4488   4.529533    31.7597       1411     5.8750  0.000e+00
      2.612    21.4482   4.529533    31.7602       1412     5.8792  0.000e+00
      2.563    21.4478   4.529737    31.7621       1413     5.8833  0.000e+00
      2.498    21.4482   4.529986    31.7638       1414     5.8875  0.000e+00
      2.405    21.4498   4.530120    31.7636       1415     5.8917  0.000e+00
      2.306    21.4519   4.530171    31.7626       1416     5.8958  0.000e+00
      2.201    21.4540   4.530120    31.7606       1417     5.9000  0.000e+00
      2.093    21.4550   4.529986    31.7589       1418     5.9042  0.000e+00
      1.979    21.4550   4.529967    31.7588       1419     5.9083  0.000e+00
      1.897    21.4545   4.530063    31.7599       1420     5.9125  0.000e+00
      1.874    21.4546   4.530018    31.7595       1421     5.9167  0.000e+00
      1.912    21.4548   4.529960    31.7589       1422     5.9208  0.000e+00
      1.987    21.4550   4.529928    31.7585       1423     5.9250  0.000e+00
      2.076    21.4550   4.530018    31.7592       1424     5.9292  0.000e+00
      2.165    21.4556   4.530063    31.7590       1425     5.9333  0.000e+00
      2.232    21.4557   4.530018    31.7586       1426     5.9375  0.000e+00
      2.293    21.4563   4.530012    31.7581       1427     5.9417  0.000e+00
      2.315    21.4563   4.530044    31.7583       1428     5.9458  0.000e+00
      2.259    21.4563   4.530114    31.7589       1429     5.9500  0.000e+00
      2.121    21.4568   4.530293    31.7600       1430     5.9542  0.000e+00
      1.928    21.4575   4.530222    31.7590       1431     5.9583  0.000e+00
      1.723    21.4580   4.530318    31.7594       1432     5.9625  0.000e+00
      1.533    21.4586   4.530541    31.7607       1433     5.9667  0.000e+00
      1.365    21.4599   4.530356    31.7584       1434     5.9708  0.000e+00
      1.233    21.4605   4.530292    31.7575       1435     5.9750  0.000e+00
      1.128    21.4604   4.530222    31.7571       1436     5.9792  0.000e+00
      1.013    21.4598   4.530190    31.7573       1437     5.9833  0.000e+00
      0.920    21.4595   4.530298    31.7584       1438     5.9875  0.000e+00
      0.902    21.4595   4.530292    31.7584       1439     5.9917  0.000e+00
      0.955    21.4598   4.530247    31.7578       1440     5.9958  0.000e+00
      1.074    21.4598   4.530215    31.7575       1441     6.0000  0.000e+00
      1.206    21.4595   4.530171    31.7573       1442     6.0042  0.000e+00
      1.336    21.4591   4.530241    31.7581       1443     6.0083  0.000e+00
      1.428    21.4588   4.530273    31.7585       1444     6.0125  0.000e+00
      1.484    21.4589   4.530273    31.7584       1445     6.0167  0.000e+00
