HB2406/sbe104.cnv
* Sea-Bird SBE 19plus V2 Data File:
* FileName = C:\cruise\data\sbe104.hex
* Software Version Seasave V 7.26.7.121
* Temperature SN = 7037
* Conductivity SN = 7037
* System UpLoad Time = Aug 21 2024 16:14:44
* NMEA Latitude = 40 00.23 N
* NMEA Longitude = 072 12.20 W
* NMEA UTC (Time) = Aug 21 2024  16:13:39
** Ship: Henry Bigelow
** Cruise:  HB2406
** Program:  ECOMON
# nquan = 7
# nvalues = 1531                                  
# units = specified
# name 0 = depSM: Depth [salt water, m]
# name 1 = tv290C: Temperature [ITS-90, deg C]
# name 2 = c0S/m: Conductivity [S/m]
# name 3 = sal00: Salinity, Practical [PSU]
# name 4 = scan: Scan Count
# name 5 = timeM: Time, Elapsed [minutes]
# name 6 = flag:  0.000e+00
# span 0 =     -0.006,     77.587                 
# span 1 =     8.1936,    22.7850                 
# span 2 =  -0.000028,   4.603063                 
# span 3 =     0.0000,    33.8616                 
# span 4 =         11,       1541                 
# span 5 =     0.0417,     6.4167                 
# span 6 = 0.0000e+00, 0.0000e+00                 
# interval = seconds: 0.25
# start_time = Aug 21 2024 16:13:39 [NMEA time, header]
# bad_flag = -9.990e-29
*END*
[from data line 1231]
     21.319     9.5941   3.472194    31.9237       1242     5.1708  0.000e+00
     21.268     9.5974   3.472675    31.9257       1243     5.1750  0.000e+00
     21.223     9.6016   3.473890    31.9345       1244     5.1792  0.000e+00
     21.170     9.6084   3.475082    31.9406       1245     5.1833  0.000e+00
     21.122     9.6166   3.478171    31.9648       1246     5.1875  0.000e+00
     21.073     9.6315   3.478802    31.9580       1247     5.1917  0.000e+00
     21.028     9.6464   3.479346    31.9504       1248     5.1958  0.000e+00
     20.975     9.6574   3.480906    31.9565       1249     5.2000  0.000e+00
     20.926     9.6694   3.484611    31.9836       1250     5.2042  0.000e+00
     20.872     9.6885   3.487130    31.9923       1251     5.2083  0.000e+00
     20.814     9.7111   3.489787    31.9993       1252     5.2125  0.000e+00
     20.758     9.7350   3.491348    31.9940       1253     5.2167  0.000e+00
     20.694     9.7569   3.492594    31.9871       1254     5.2208  0.000e+00
     20.631     9.7755   3.493501    31.9799       1255     5.2250  0.000e+00
     20.571     9.7907   3.494437    31.9759       1256     5.2292  0.000e+00
     20.510     9.8037   3.495270    31.9729       1257     5.2333  0.000e+00
     20.452     9.8155   3.496114    31.9710       1258     5.2375  0.000e+00
     20.398     9.8264   3.496390    31.9641       1259     5.2417  0.000e+00
     20.345     9.8353   3.496752    31.9599       1260     5.2458  0.000e+00
     20.291     9.8427   3.496838    31.9543       1261     5.2500  0.000e+00
     20.246     9.8483   3.496665    31.9476       1262     5.2542  0.000e+00
     20.202     9.8523   3.496539    31.9428       1263     5.2583  0.000e+00
     20.155     9.8550   3.496918    31.9443       1264     5.2625  0.000e+00
     20.106     9.8585   3.497889    31.9510       1265     5.2667  0.000e+00
     20.054     9.8646   3.499078    31.9577       1266     5.2708  0.000e+00
     20.005     9.8734   3.500475    31.9641       1267     5.2750  0.000e+00
     19.953     9.8852   3.501595    31.9651       1268     5.2792  0.000e+00
     19.911     9.8977   3.502337    31.9615       1269     5.2833  0.000e+00
     19.869     9.9089   3.502785    31.9561       1270     5.2875  0.000e+00
     19.831     9.9181   3.503245    31.9526       1271     5.2917  0.000e+00
     19.783     9.9258   3.504216    31.9557       1272     5.2958  0.000e+00
     19.745     9.9340   3.505683    31.9633       1273     5.3000  0.000e+00
     19.699     9.9450   3.507908    31.9761       1274     5.3042  0.000e+00
     19.656     9.9603   3.510198    31.9858       1275     5.3083  0.000e+00
     19.613     9.9794   3.511815    31.9853       1276     5.3125  0.000e+00
     19.562     9.9992   3.512574    31.9754       1277     5.3167  0.000e+00
     19.513    10.0170   3.514013    31.9742       1278     5.3208  0.000e+00
     19.468    10.0350   3.515636    31.9747       1279     5.3250  0.000e+00
     19.414    10.0543   3.517381    31.9753       1280     5.3292  0.000e+00
     19.370    10.0744   3.518872    31.9726       1281     5.3333  0.000e+00
     19.318    10.0940   3.519598    31.9626       1282     5.3375  0.000e+00
     19.272    10.1105   3.519914    31.9513       1283     5.3417  0.000e+00
     19.218    10.1235   3.520640    31.9472       1284     5.3458  0.000e+00
     19.162    10.1343   3.522022    31.9515       1285     5.3500  0.000e+00
     19.099    10.1461   3.522938    31.9504       1286     5.3542  0.000e+00
     19.039    10.1579   3.523705    31.9477       1287     5.3583  0.000e+00
     18.974    10.1694   3.524327    31.9439       1288     5.3625  0.000e+00
     18.896    10.1801   3.524690    31.9382       1289     5.3667  0.000e+00
     18.818    10.1890   3.526206    31.9456       1290     5.3708  0.000e+00
     18.740    10.1995   3.528852    31.9630       1291     5.3750  0.000e+00
     18.657    10.2164   3.532912    31.9890       1292     5.3792  0.000e+00
     18.578    10.2438   3.541418    32.0504       1293     5.3833  0.000e+00
     18.500    10.2926   3.545883    32.0522       1294     5.3875  0.000e+00
     18.420    10.3482   3.546350    32.0079       1295     5.3917  0.000e+00
     18.350    10.3894   3.546459    31.9727       1296     5.3958  0.000e+00
     18.286    10.4156   3.547273    31.9579       1297     5.4000  0.000e+00
     18.225    10.4342   3.548458    31.9535       1298     5.4042  0.000e+00
     18.171    10.4503   3.550330    31.9580       1299     5.4083  0.000e+00
     18.125    10.4690   3.554527    31.9836       1300     5.4125  0.000e+00
     18.082    10.4960   3.554764    31.9622       1301     5.4167  0.000e+00
     18.039    10.5184   3.555498    31.9500       1302     5.4208  0.000e+00
     17.999    10.5330   3.556360    31.9458       1303     5.4250  0.000e+00
     17.964    10.5483   3.559055    31.9593       1304     5.4292  0.000e+00
     17.930    10.5674   3.560218    31.9542       1305     5.4333  0.000e+00
     17.888    10.5859   3.560281    31.9386       1306     5.4375  0.000e+00
     17.850    10.5991   3.560328    31.9275       1307     5.4417  0.000e+00
     17.803    10.6071   3.560744    31.9247       1308     5.4458  0.000e+00
     17.754    10.6137   3.561450    31.9260       1309     5.4500  0.000e+00
     17.691    10.6203   3.561386    31.9196       1310     5.4542  0.000e+00
     17.633    10.6247   3.561537    31.9173       1311     5.4583  0.000e+00
     17.559    10.6280   3.562011    31.9191       1312     5.4625  0.000e+00
     17.479    10.6320   3.564494    31.9404       1313     5.4667  0.000e+00
     17.398    10.6431   3.566764    31.9534       1314     5.4708  0.000e+00
     17.311    10.6610   3.568107    31.9511       1315     5.4750  0.000e+00
     17.217    10.6795   3.569711    31.9509       1316     5.4792  0.000e+00
     17.127    10.6973   3.571032    31.9484       1317     5.4833  0.000e+00
     17.038    10.7148   3.572179    31.9446       1318     5.4875  0.000e+00
     16.958    10.7311   3.573129    31.9399       1319     5.4917  0.000e+00
     16.890    10.7455   3.573998    31.9359       1320     5.4958  0.000e+00
     16.832    10.7585   3.574995    31.9345       1321     5.5000  0.000e+00
     16.785    10.7711   3.576061    31.9341       1322     5.5042  0.000e+00
     16.730    10.7832   3.577186    31.9347       1323     5.5083  0.000e+00
     16.683    10.7957   3.580380    31.9555       1324     5.5125  0.000e+00
     16.640    10.8157   3.584122    31.9752       1325     5.5167  0.000e+00
     16.582    10.8450   3.590198    32.0098       1326     5.5208  0.000e+00
     16.522    10.8871   3.596697    32.0374       1327     5.5250  0.000e+00
     16.457    10.9422   3.612205    32.1427       1328     5.5292  0.000e+00
     16.379    11.0312   3.628387    32.2246       1329     5.5333  0.000e+00
     16.303    11.1593   3.639954    32.2264       1330     5.5375  0.000e+00
     16.218    11.3032   3.664939    32.3460       1331     5.5417  0.000e+00
     16.135    11.4937   3.697214    32.4950       1332     5.5458  0.000e+00
     16.052    11.7541   3.724210    32.5299       1333     5.5500  0.000e+00
     15.976    12.0447   3.742100    32.4496       1334     5.5542  0.000e+00
     15.898    12.3199   3.750430    32.2915       1335     5.5583  0.000e+00
     15.828    12.5416   3.759159    32.1846       1336     5.5625  0.000e+00
     15.770    12.7173   3.768157    32.1202       1337     5.5667  0.000e+00
     15.701    12.8660   3.778776    32.0944       1338     5.5708  0.000e+00
     15.649    13.0039   3.793169    32.1133       1339     5.5750  0.000e+00
     15.592    13.1480   3.805083    32.1034       1340     5.5792  0.000e+00
     15.531    13.2947   3.815886    32.0809       1341     5.5833  0.000e+00
     15.466    13.4373   3.825702    32.0526       1342     5.5875  0.000e+00
     15.410    13.5706   3.834508    32.0228       1343     5.5917  0.000e+00
     15.357    13.6939   3.844080    32.0085       1344     5.5958  0.000e+00
     15.294    13.8128   3.854642    32.0071       1345     5.6000  0.000e+00
     15.225    13.9324   3.862387    31.9790       1346     5.6042  0.000e+00
     15.156    14.0441   3.870360    31.9597       1347     5.6083  0.000e+00
     15.088    14.1473   3.875178    31.9184       1348     5.6125  0.000e+00
     15.012    14.2370   3.882424    31.9106       1349     5.6167  0.000e+00
     14.936    14.3210   3.888171    31.8939       1350     5.6208  0.000e+00
     14.858    14.4008   3.898669    31.9240       1351     5.6250  0.000e+00
     14.776    14.4908   3.913103    31.9812       1352     5.6292  0.000e+00
     14.699    14.6065   3.922429    31.9708       1353     5.6333  0.000e+00
     14.614    14.7256   3.927857    31.9222       1354     5.6375  0.000e+00
     14.530    14.8257   3.931505    31.8732       1355     5.6417  0.000e+00
     14.440    14.9044   3.933853    31.8301       1356     5.6458  0.000e+00
     14.355    14.9649   3.936757    31.8070       1357     5.6500  0.000e+00
     14.270    15.0135   3.939601    31.7931       1358     5.6542  0.000e+00
     14.187    15.0548   3.941976    31.7809       1359     5.6583  0.000e+00
     14.113    15.0916   3.943097    31.7611       1360     5.6625  0.000e+00
     14.038    15.1203   3.944821    31.7533       1361     5.6667  0.000e+00
     13.968    15.1442   3.945454    31.7396       1362     5.6708  0.000e+00
     13.897    15.1622   3.945731    31.7276       1363     5.6750  0.000e+00
     13.832    15.1748   3.946015    31.7199       1364     5.6792  0.000e+00
     13.767    15.1837   3.946503    31.7171       1365     5.6833  0.000e+00
     13.698    15.1908   3.947318    31.7187       1366     5.6875  0.000e+00
     13.628    15.1983   3.948741    31.7254       1367     5.6917  0.000e+00
     13.556    15.2082   3.950123    31.7297       1368     5.6958  0.000e+00
     13.481    15.2210   3.951034    31.7276       1369     5.7000  0.000e+00
     13.398    15.2333   3.951994    31.7263       1370     5.7042  0.000e+00
     13.326    15.2450   3.953020    31.7260       1371     5.7083  0.000e+00
     13.239    15.2565   3.954849    31.7331       1372     5.7125  0.000e+00
     13.161    15.2701   3.956907    31.7405       1373     5.7167  0.000e+00
     13.076    15.2870   3.959136    31.7468       1374     5.7208  0.000e+00
     12.996    15.3067   3.960942    31.7470       1375     5.7250  0.000e+00
     12.917    15.3273   3.962343    31.7429       1376     5.7292  0.000e+00
     12.839    15.3460   3.963147    31.7350       1377     5.7333  0.000e+00
     12.761    15.3625   3.964857    31.7369       1378     5.7375  0.000e+00
     12.689    15.3792   3.967256    31.7449       1379     5.7417  0.000e+00
     12.616    15.4002   3.971482    31.7656       1380     5.7458  0.000e+00
     12.540    15.4299   3.975136    31.7742       1381     5.7500  0.000e+00
     12.474    15.4676   3.983385    31.8173       1382     5.7542  0.000e+00
     12.399    15.5219   3.989508    31.8279       1383     5.7583  0.000e+00
     12.329    15.5872   3.995757    31.8307       1384     5.7625  0.000e+00
     12.262    15.6560   4.002591    31.8358       1385     5.7667  0.000e+00
     12.190    15.7300   4.009036    31.8333       1386     5.7708  0.000e+00
     12.119    15.8054   4.014610    31.8219       1387     5.7750  0.000e+00
     12.056    15.8780   4.017465    31.7888       1388     5.7792  0.000e+00
     11.983    15.9385   4.019469    31.7580       1389     5.7833  0.000e+00
     11.915    15.9865   4.023888    31.7585       1390     5.7875  0.000e+00
     11.840    16.0336   4.026953    31.7477       1391     5.7917  0.000e+00
     11.757    16.0783   4.030408    31.7424       1392     5.7958  0.000e+00
     11.674    16.1199   4.035428    31.7533       1393     5.8000  0.000e+00
     11.576    16.1672   4.040281    31.7581       1394     5.8042  0.000e+00
     11.484    16.2189   4.047201    31.7775       1395     5.8083  0.000e+00
     11.375    16.2814   4.055585    31.8010       1396     5.8125  0.000e+00
     11.270    16.3554   4.067725    31.8480       1397     5.8167  0.000e+00
     11.158    16.4516   4.080173    31.8798       1398     5.8208  0.000e+00
     11.052    16.5676   4.091644    31.8872       1399     5.8250  0.000e+00
     10.950    16.6929   4.105011    31.9035       1400     5.8292  0.000e+00
     10.853    16.8277   4.123873    31.9596       1401     5.8333  0.000e+00
     10.760    16.9872   4.140235    31.9741       1402     5.8375  0.000e+00
     10.681    17.1640   4.150426    31.9216       1403     5.8417  0.000e+00
     10.605    17.3239   4.158667    31.8661       1404     5.8458  0.000e+00
     10.531    17.4608   4.169840    31.8539       1405     5.8500  0.000e+00
     10.462    17.5903   4.180735    31.8451       1406     5.8542  0.000e+00
     10.388    17.7216   4.202457    31.9266       1407     5.8583  0.000e+00
     10.319    17.8898   4.237094    32.0879       1408     5.8625  0.000e+00
     10.241    18.1322   4.268900    32.1657       1409     5.8667  0.000e+00
     10.165    18.4200   4.286270    32.0862       1410     5.8708  0.000e+00
     10.077    18.6923   4.303507    32.0182       1411     5.8750  0.000e+00
      9.985    18.9404   4.337983    32.1118       1412     5.8792  0.000e+00
      9.892    19.2298   4.425453    32.6084       1413     5.8833  0.000e+00
      9.791    19.7405   4.520278    32.9852       1414     5.8875  0.000e+00
      9.697    20.4874   4.562777    32.7472       1415     5.8917  0.000e+00
      9.610    21.1956   4.574632    32.3013       1416     5.8958  0.000e+00
      9.529    21.7097   4.579269    31.9538       1417     5.9000  0.000e+00
      9.451    22.0471   4.581407    31.7222       1418     5.9042  0.000e+00
      9.370    22.2609   4.582636    31.5762       1419     5.9083  0.000e+00
      9.283    22.3945   4.583469    31.4859       1420     5.9125  0.000e+00
      9.194    22.4786   4.584026    31.4296       1421     5.9167  0.000e+00
      9.096    22.5316   4.584853    31.3979       1422     5.9208  0.000e+00
      8.988    22.5654   4.585379    31.3776       1423     5.9250  0.000e+00
      8.874    22.5881   4.585912    31.3655       1424     5.9292  0.000e+00
      8.751    22.6042   4.586695    31.3600       1425     5.9333  0.000e+00
      8.624    22.6172   4.587099    31.3538       1426     5.9375  0.000e+00
      8.498    22.6267   4.587407    31.3494       1427     5.9417  0.000e+00
      8.369    22.6344   4.587529    31.3449       1428     5.9458  0.000e+00
      8.261    22.6400   4.587978    31.3443       1429     5.9500  0.000e+00
      8.154    22.6446   4.588441    31.3446       1430     5.9542  0.000e+00
      8.060    22.6495   4.588800    31.3439       1431     5.9583  0.000e+00
      7.975    22.6537   4.589295    31.3447       1432     5.9625  0.000e+00
      7.895    22.6573   4.589680    31.3450       1433     5.9667  0.000e+00
      7.816    22.6613   4.589834    31.3434       1434     5.9708  0.000e+00
      7.736    22.6642   4.590059    31.3430       1435     5.9750  0.000e+00
      7.658    22.6663   4.590303    31.3434       1436     5.9792  0.000e+00
      7.581    22.6678   4.590380    31.3430       1437     5.9833  0.000e+00
      7.497    22.6685   4.591028    31.3475       1438     5.9875  0.000e+00
      7.400    22.6708   4.591465    31.3492       1439     5.9917  0.000e+00
      7.298    22.6742   4.591780    31.3492       1440     5.9958  0.000e+00
      7.188    22.6773   4.591696    31.3463       1441     6.0000  0.000e+00
      7.072    22.6788   4.591825    31.3463       1442     6.0042  0.000e+00
      6.955    22.6804   4.592075    31.3471       1443     6.0083  0.000e+00
      6.848    22.6818   4.592011    31.3456       1444     6.0125  0.000e+00
      6.740    22.6827   4.592319    31.3473       1445     6.0167  0.000e+00
