HB2406/sbe122.cnv
* Sea-Bird SBE 19plus V2 Data File:
* FileName = C:\cruise\data\sbe122.hex
* Software Version Seasave V 7.26.7.121
* Temperature SN = 7037
* Conductivity SN = 7037
* System UpLoad Time = Aug 22 2024 21:59:12
* NMEA Latitude = 40 56.15 N
* NMEA Longitude = 070 52.75 W
* NMEA UTC (Time) = Aug 22 2024  21:58:08
** Ship: Henry Bigelow
** Cruise:  HB2406
** Program:  ECOMON
# nquan = 7
# nvalues = 1409                                  
# units = specified
# name 0 = depSM: Depth [salt water, m]
# name 1 = tv290C: Temperature [ITS-90, deg C]
# name 2 = c0S/m: Conductivity [S/m]
# name 3 = sal00: Salinity, Practical [PSU]
# name 4 = scan: Scan Count
# name 5 = timeM: Time, Elapsed [minutes]
# name 6 = flag:  0.000e+00
# span 0 =      0.057,     48.390                 
# span 1 =    10.0607,    19.7946                 
# span 2 =  -0.000001,   4.362876                 
# span 3 =     0.0000,    35.0393                 
# span 4 =         11,       1419                 
# span 5 =     0.0417,     5.9083                 
# span 6 = 0.0000e+00, 0.0000e+00                 
# interval = seconds: 0.25
# start_time = Aug 22 2024 21:58:08 [NMEA time, header]
# bad_flag = -9.990e-29
*END*
[from data line 206]
     21.628    16.7404   4.115638    31.9539        217     0.9000  0.000e+00
     21.780    16.4125   4.118294    32.2399        218     0.9042  0.000e+00
     21.921    16.0399   4.132183    32.6656        219     0.9083  0.000e+00
     22.067    15.7915   4.162108    33.1369        220     0.9125  0.000e+00
     22.221    15.6839   4.181828    33.4031        221     0.9167  0.000e+00
     22.375    15.5939   4.194243    33.5905        222     0.9208  0.000e+00
     22.536    15.6680   4.202670    33.6025        223     0.9250  0.000e+00
     22.695    15.8511   4.206618    33.4822        224     0.9292  0.000e+00
     22.847    16.0051   4.208288    33.3669        225     0.9333  0.000e+00
     23.002    16.1256   4.207735    33.2609        226     0.9375  0.000e+00
     23.154    16.2123   4.196282    33.0875        227     0.9417  0.000e+00
     23.297    16.2402   4.178943    32.9117        228     0.9458  0.000e+00
     23.438    16.2312   4.164069    32.7883        229     0.9500  0.000e+00
     23.575    16.2197   4.154066    32.7097        230     0.9542  0.000e+00
     23.705    16.1723   4.144638    32.6657        231     0.9583  0.000e+00
     23.830    15.9960   4.139669    32.7671        232     0.9625  0.000e+00
     23.953    15.7023   4.150050    33.1037        233     0.9667  0.000e+00
     24.071    15.4790   4.175693    33.5215        234     0.9708  0.000e+00
     24.201    15.3044   4.196406    33.8576        235     0.9750  0.000e+00
     24.338    15.1486   4.218910    34.1962        236     0.9792  0.000e+00
     24.479    15.4262   4.229093    34.0465        237     0.9833  0.000e+00
     24.631    15.9511   4.230470    33.6086        238     0.9875  0.000e+00
     24.789    16.4884   4.227446    33.1312        239     0.9917  0.000e+00
     24.942    16.9404   4.224523    32.7344        240     0.9958  0.000e+00
     25.098    17.2631   4.222038    32.4521        241     1.0000  0.000e+00
     25.246    17.4798   4.219071    32.2536        242     1.0042  0.000e+00
     25.393    17.6106   4.212796    32.0964        243     1.0083  0.000e+00
     25.532    17.6736   4.191519    31.8661        244     1.0125  0.000e+00
     25.660    17.6347   3.823741    28.7956        245     1.0167  0.000e+00
     25.785    16.5293   3.635377    27.9794        246     1.0208  0.000e+00
     25.908    14.6590   3.625345    29.2460        247     1.0250  0.000e+00
     26.040    13.2916   3.619435    30.2482        248     1.0292  0.000e+00
     26.176    12.4184   3.614013    30.9029        249     1.0333  0.000e+00
     26.326    11.8683   3.610708    31.3288        250     1.0375  0.000e+00
     26.476    11.5217   3.607838    31.5946        251     1.0417  0.000e+00
     26.638    11.3011   3.605229    31.7581        252     1.0458  0.000e+00
     26.805    11.1562   3.599934    31.8311        253     1.0500  0.000e+00
     26.982    11.0516   3.597181    31.8945        254     1.0542  0.000e+00
     27.161    10.9737   3.594103    31.9318        255     1.0583  0.000e+00
     27.342    10.9147   3.591287    31.9552        256     1.0625  0.000e+00
     27.515    10.8674   3.589110    31.9749        257     1.0667  0.000e+00
     27.684    10.8297   3.583011    31.9473        258     1.0708  0.000e+00
     27.837    10.7880   3.575781    31.9119        259     1.0750  0.000e+00
     27.978    10.7330   3.562986    31.8328        260     1.0792  0.000e+00
     28.096    10.6550   3.551747    31.7890        261     1.0833  0.000e+00
     28.201    10.5594   3.545686    31.8119        262     1.0875  0.000e+00
     28.306    10.4707   3.541350    31.8461        263     1.0917  0.000e+00
     28.403    10.3974   3.538349    31.8802        264     1.0958  0.000e+00
     28.508    10.3399   3.536104    31.9081        265     1.1000  0.000e+00
     28.622    10.2959   3.533704    31.9227        266     1.1042  0.000e+00
     28.745    10.2597   3.531351    31.9308        267     1.1083  0.000e+00
     28.877    10.2287   3.529558    31.9400        268     1.1125  0.000e+00
     29.018    10.2032   3.529668    31.9635        269     1.1167  0.000e+00
     29.176    10.1866   3.529622    31.9776        270     1.1208  0.000e+00
     29.346    10.1771   3.529472    31.9844        271     1.1250  0.000e+00
     29.525    10.1712   3.529882    31.9937        272     1.1292  0.000e+00
     29.711    10.1690   3.529023    31.9869        273     1.1333  0.000e+00
     29.906    10.1664   3.527507    31.9738        274     1.1375  0.000e+00
     30.098    10.1609   3.528383    31.9875        275     1.1417  0.000e+00
     30.291    10.1583   3.529069    31.9965        276     1.1458  0.000e+00
     30.477    10.1598   3.527766    31.9821        277     1.1500  0.000e+00
     30.642    10.1586   3.525801    31.9632        278     1.1542  0.000e+00
     30.796    10.1511   3.526827    31.9802        279     1.1583  0.000e+00
     30.939    10.1468   3.524204    31.9575        280     1.1625  0.000e+00
     31.072    10.1375   3.522516    31.9486        281     1.1667  0.000e+00
     31.203    10.1240   3.521859    31.9538        282     1.1708  0.000e+00
     31.327    10.1126   3.521497    31.9602        283     1.1750  0.000e+00
     31.452    10.1039   3.521284    31.9656        284     1.1792  0.000e+00
     31.577    10.0974   3.521284    31.9713        285     1.1833  0.000e+00
     31.698    10.0935   3.521174    31.9736        286     1.1875  0.000e+00
     31.821    10.0912   3.520898    31.9728        287     1.1917  0.000e+00
     31.951    10.0889   3.520944    31.9753        288     1.1958  0.000e+00
     32.080    10.0873   3.520898    31.9761        289     1.2000  0.000e+00
     32.213    10.0866   3.521088    31.9786        290     1.2042  0.000e+00
     32.349    10.0868   3.521175    31.9792        291     1.2083  0.000e+00
     32.492    10.0873   3.520990    31.9769        292     1.2125  0.000e+00
     32.642    10.0876   3.521025    31.9769        293     1.2167  0.000e+00
     32.794    10.0875   3.520685    31.9735        294     1.2208  0.000e+00
     32.951    10.0868   3.520518    31.9724        295     1.2250  0.000e+00
     33.109    10.0856   3.520092    31.9690        296     1.2292  0.000e+00
     33.270    10.0837   3.520173    31.9715        297     1.2333  0.000e+00
     33.425    10.0825   3.520069    31.9715        298     1.2375  0.000e+00
     33.586    10.0817   3.519983    31.9712        299     1.2417  0.000e+00
     33.742    10.0808   3.520069    31.9728        300     1.2458  0.000e+00
     33.897    10.0804   3.520242    31.9748        301     1.2500  0.000e+00
     34.051    10.0808   3.520196    31.9740        302     1.2542  0.000e+00
     34.215    10.0811   3.520133    31.9730        303     1.2583  0.000e+00
     34.371    10.0814   3.520259    31.9739        304     1.2625  0.000e+00
     34.530    10.0818   3.520409    31.9750        305     1.2667  0.000e+00
     34.687    10.0828   3.520306    31.9730        306     1.2708  0.000e+00
     34.839    10.0831   3.520306    31.9727        307     1.2750  0.000e+00
     34.991    10.0833   3.520473    31.9742        308     1.2792  0.000e+00
     35.139    10.0835   3.520473    31.9739        309     1.2833  0.000e+00
     35.282    10.0841   3.520410    31.9727        310     1.2875  0.000e+00
     35.412    10.0843   3.520433    31.9727        311     1.2917  0.000e+00
     35.550    10.0842   3.520536    31.9737        312     1.2958  0.000e+00
     35.687    10.0849   3.520582    31.9735        313     1.3000  0.000e+00
     35.823    10.0856   3.520583    31.9729        314     1.3042  0.000e+00
     35.962    10.0861   3.520600    31.9725        315     1.3083  0.000e+00
     36.111    10.0865   3.520571    31.9718        316     1.3125  0.000e+00
     36.259    10.0867   3.520732    31.9732        317     1.3167  0.000e+00
     36.409    10.0870   3.520876    31.9744        318     1.3208  0.000e+00
     36.566    10.0877   3.520836    31.9732        319     1.3250  0.000e+00
     36.725    10.0884   3.520900    31.9732        320     1.3292  0.000e+00
     36.881    10.0890   3.520859    31.9722        321     1.3333  0.000e+00
     37.036    10.0893   3.520946    31.9728        322     1.3375  0.000e+00
     37.190    10.0895   3.520859    31.9716        323     1.3417  0.000e+00
     37.340    10.0897   3.520750    31.9702        324     1.3458  0.000e+00
     37.487    10.0893   3.520623    31.9693        325     1.3500  0.000e+00
     37.630    10.0885   3.520646    31.9702        326     1.3542  0.000e+00
     37.765    10.0881   3.520583    31.9698        327     1.3583  0.000e+00
     37.901    10.0874   3.520549    31.9700        328     1.3625  0.000e+00
     38.040    10.0870   3.520687    31.9718        329     1.3667  0.000e+00
     38.176    10.0872   3.520750    31.9721        330     1.3708  0.000e+00
     38.319    10.0876   3.520900    31.9732        331     1.3750  0.000e+00
     38.460    10.0883   3.521159    31.9751        332     1.3792  0.000e+00
     38.601    10.0895   3.521390    31.9764        333     1.3833  0.000e+00
     38.747    10.0908   3.521436    31.9756        334     1.3875  0.000e+00
     38.885    10.0922   3.521776    31.9777        335     1.3917  0.000e+00
     39.029    10.0939   3.521926    31.9777        336     1.3958  0.000e+00
     39.169    10.0956   3.522329    31.9802        337     1.4000  0.000e+00
     39.311    10.0976   3.522565    31.9807        338     1.4042  0.000e+00
     39.445    10.0998   3.522756    31.9806        339     1.4083  0.000e+00
     39.579    10.1019   3.522905    31.9803        340     1.4125  0.000e+00
     39.717    10.1036   3.522894    31.9786        341     1.4167  0.000e+00
     39.852    10.1046   3.523009    31.9788        342     1.4208  0.000e+00
     39.986    10.1058   3.522883    31.9764        343     1.4250  0.000e+00
     40.127    10.1062   3.522992    31.9771        344     1.4292  0.000e+00
     40.266    10.1065   3.523073    31.9776        345     1.4333  0.000e+00
     40.411    10.1072   3.523119    31.9774        346     1.4375  0.000e+00
     40.557    10.1077   3.523436    31.9800        347     1.4417  0.000e+00
     40.700    10.1089   3.523459    31.9792        348     1.4458  0.000e+00
     40.847    10.1099   3.523609    31.9797        349     1.4500  0.000e+00
     40.995    10.1108   3.523545    31.9783        350     1.4542  0.000e+00
     41.145    10.1111   3.523736    31.9798        351     1.4583  0.000e+00
     41.297    10.1116   3.523799    31.9799        352     1.4625  0.000e+00
     41.451    10.1126   3.523649    31.9775        353     1.4667  0.000e+00
     41.604    10.1127   3.523695    31.9778        354     1.4708  0.000e+00
     41.760    10.1127   3.523672    31.9775        355     1.4750  0.000e+00
     41.915    10.1128   3.523713    31.9777        356     1.4792  0.000e+00
     42.066    10.1129   3.523673    31.9772        357     1.4833  0.000e+00
     42.212    10.1128   3.523650    31.9770        358     1.4875  0.000e+00
     42.349    10.1124   3.523650    31.9773        359     1.4917  0.000e+00
     42.482    10.1124   3.523650    31.9773        360     1.4958  0.000e+00
     42.612    10.1122   3.523696    31.9779        361     1.5000  0.000e+00
     42.737    10.1119   3.523713    31.9782        362     1.5042  0.000e+00
     42.856    10.1121   3.523800    31.9789        363     1.5083  0.000e+00
     42.973    10.1120   3.523909    31.9800        364     1.5125  0.000e+00
     43.093    10.1122   3.523863    31.9793        365     1.5167  0.000e+00
     43.207    10.1125   3.523909    31.9795        366     1.5208  0.000e+00
     43.337    10.1126   3.523944    31.9797        367     1.5250  0.000e+00
     43.467    10.1128   3.524059    31.9806        368     1.5292  0.000e+00
     43.605    10.1133   3.524186    31.9814        369     1.5333  0.000e+00
     43.748    10.1141   3.524336    31.9821        370     1.5375  0.000e+00
     43.898    10.1153   3.524503    31.9827        371     1.5417  0.000e+00
     44.051    10.1164   3.524503    31.9816        372     1.5458  0.000e+00
     44.207    10.1175   3.524463    31.9802        373     1.5500  0.000e+00
     44.371    10.1180   3.524463    31.9796        374     1.5542  0.000e+00
     44.541    10.1182   3.524486    31.9797        375     1.5583  0.000e+00
     44.708    10.1182   3.524549    31.9802        376     1.5625  0.000e+00
     44.874    10.1184   3.524503    31.9795        377     1.5667  0.000e+00
     45.035    10.1186   3.524290    31.9772        378     1.5708  0.000e+00
     45.189    10.1178   3.524077    31.9756        379     1.5750  0.000e+00
     45.335    10.1166   3.524060    31.9764        380     1.5792  0.000e+00
     45.473    10.1151   3.524146    31.9785        381     1.5833  0.000e+00
     45.597    10.1143   3.524164    31.9794        382     1.5875  0.000e+00
     45.728    10.1140   3.524164    31.9796        383     1.5917  0.000e+00
     45.856    10.1138   3.524141    31.9795        384     1.5958  0.000e+00
     45.986    10.1137   3.524164    31.9798        385     1.6000  0.000e+00
     46.111    10.1136   3.524141    31.9796        386     1.6042  0.000e+00
     46.241    10.1133   3.524164    31.9800        387     1.6083  0.000e+00
     46.368    10.1133   3.524164    31.9800        388     1.6125  0.000e+00
     46.500    10.1134   3.524164    31.9798        389     1.6167  0.000e+00
     46.632    10.1134   3.524187    31.9800        390     1.6208  0.000e+00
     46.760    10.1132   3.524187    31.9801        391     1.6250  0.000e+00
     46.894    10.1131   3.524187    31.9801        392     1.6292  0.000e+00
     47.030    10.1130   3.524228    31.9806        393     1.6333  0.000e+00
     47.160    10.1130   3.524251    31.9808        394     1.6375  0.000e+00
     47.294    10.1128   3.524303    31.9814        395     1.6417  0.000e+00
     47.426    10.1131   3.524210    31.9802        396     1.6458  0.000e+00
     47.567    10.1131   3.524164    31.9796        397     1.6500  0.000e+00
     47.702    10.1125   3.524164    31.9801        398     1.6542  0.000e+00
     47.840    10.1125   3.524228    31.9807        399     1.6583  0.000e+00
     47.981    10.1126   3.524211    31.9803        400     1.6625  0.000e+00
     48.122    10.1126   3.524228    31.9804        401     1.6667  0.000e+00
     48.278    10.1126   3.524165    31.9798        402     1.6708  0.000e+00
     48.354    10.1126   3.524142    31.9795        403     1.6750  0.000e+00
     48.390    10.1123   3.524061    31.9789        404     1.6792  0.000e+00
     48.348    10.1116   3.523928    31.9782        405     1.6833  0.000e+00
     48.265    10.1110   3.523974    31.9792        406     1.6875  0.000e+00
     48.203    10.1105   3.523997    31.9799        407     1.6917  0.000e+00
     48.165    10.1104   3.524032    31.9804        408     1.6958  0.000e+00
     48.124    10.1102   3.524038    31.9806        409     1.7000  0.000e+00
     48.084    10.1104   3.524015    31.9803        410     1.7042  0.000e+00
     48.041    10.1103   3.523951    31.9797        411     1.7083  0.000e+00
     48.010    10.1100   3.523928    31.9797        412     1.7125  0.000e+00
     47.977    10.1100   3.523801    31.9785        413     1.7167  0.000e+00
     47.954    10.1095   3.523421    31.9751        414     1.7208  0.000e+00
     47.936    10.1081   3.523571    31.9779        415     1.7250  0.000e+00
     47.918    10.1072   3.523801    31.9810        416     1.7292  0.000e+00
     47.896    10.1075   3.523848    31.9812        417     1.7333  0.000e+00
     47.874    10.1079   3.523848    31.9809        418     1.7375  0.000e+00
     47.854    10.1083   3.523847    31.9806        419     1.7417  0.000e+00
     47.829    10.1086   3.523761    31.9794        420     1.7458  0.000e+00
