HB2406/sbe124.cnv
* Sea-Bird SBE 19plus V2 Data File:
* FileName = C:\cruise\data\sbe124.hex
* Software Version Seasave V 7.26.7.121
* Temperature SN = 7037
* Conductivity SN = 7037
* System UpLoad Time = Aug 23 2024 01:58:07
* NMEA Latitude = 41 24.00 N
* NMEA Longitude = 071 17.94 W
* NMEA UTC (Time) = Aug 23 2024  01:57:03
** Ship: Henry Bigelow
** Cruise:  HB2406
** Program:  ECOMON
# nquan = 7
# nvalues = 1690                                  
# units = specified
# name 0 = depSM: Depth [salt water, m]
# name 1 = tv290C: Temperature [ITS-90, deg C]
# name 2 = c0S/m: Conductivity [S/m]
# name 3 = sal00: Salinity, Practical [PSU]
# name 4 = scan: Scan Count
# name 5 = timeM: Time, Elapsed [minutes]
# name 6 = flag:  0.000e+00
# span 0 =      0.046,     27.256                 
# span 1 =    14.6841,    20.3874                 
# span 2 =   0.000079,   4.362805                 
# span 3 =     0.0096,    31.7603                 
# span 4 =         11,       1700                 
# span 5 =     0.0417,     7.0792                 
# span 6 = 0.0000e+00, 0.0000e+00                 
# interval = seconds: 0.25
# start_time = Aug 23 2024 01:57:03 [NMEA time, header]
# bad_flag = -9.990e-29
*END*
[from data line 1436]
      6.137    20.3516   4.360455    31.2294       1447     6.0250  0.000e+00
      6.132    20.3524   4.360178    31.2265       1448     6.0292  0.000e+00
      6.132    20.3523   4.359977    31.2251       1449     6.0333  0.000e+00
      6.132    20.3514   4.359801    31.2243       1450     6.0375  0.000e+00
      6.135    20.3493   4.359298    31.2218       1451     6.0417  0.000e+00
      6.146    20.3459   4.359399    31.2251       1452     6.0458  0.000e+00
      6.148    20.3437   4.360078    31.2321       1453     6.0500  0.000e+00
      6.146    20.3454   4.360404    31.2335       1454     6.0542  0.000e+00
      6.137    20.3483   4.360128    31.2292       1455     6.0583  0.000e+00
      6.133    20.3496   4.359876    31.2262       1456     6.0625  0.000e+00
      6.117    20.3491   4.359801    31.2260       1457     6.0667  0.000e+00
      6.099    20.3479   4.359927    31.2279       1458     6.0708  0.000e+00
      6.077    20.3476   4.359543    31.2250       1459     6.0750  0.000e+00
      6.045    20.3469   4.359725    31.2270       1460     6.0792  0.000e+00
      6.012    20.3464   4.359549    31.2260       1461     6.0833  0.000e+00
      5.973    20.3449   4.359650    31.2279       1462     6.0875  0.000e+00
      5.938    20.3446   4.359851    31.2298       1463     6.0917  0.000e+00
      5.900    20.3450   4.359801    31.2291       1464     6.0958  0.000e+00
      5.860    20.3457   4.360077    31.2308       1465     6.1000  0.000e+00
      5.822    20.3467   4.360203    31.2311       1466     6.1042  0.000e+00
      5.781    20.3485   4.360278    31.2303       1467     6.1083  0.000e+00
      5.741    20.3501   4.360304    31.2294       1468     6.1125  0.000e+00
      5.699    20.3512   4.360379    31.2292       1469     6.1167  0.000e+00
      5.667    20.3523   4.360536    31.2297       1470     6.1208  0.000e+00
      5.634    20.3535   4.360813    31.2310       1471     6.1250  0.000e+00
      5.607    20.3554   4.360913    31.2304       1472     6.1292  0.000e+00
      5.591    20.3575   4.361215    31.2312       1473     6.1333  0.000e+00
      5.587    20.3601   4.361315    31.2302       1474     6.1375  0.000e+00
      5.586    20.3627   4.361366    31.2287       1475     6.1417  0.000e+00
      5.595    20.3643   4.361517    31.2286       1476     6.1458  0.000e+00
      5.618    20.3662   4.360152    31.2164       1477     6.1500  0.000e+00
      5.642    20.3678   4.361567    31.2265       1478     6.1542  0.000e+00
      5.674    20.3686   4.361592    31.2261       1479     6.1583  0.000e+00
      5.691    20.3692   4.361718    31.2267       1480     6.1625  0.000e+00
      5.707    20.3701   4.361869    31.2272       1481     6.1667  0.000e+00
      5.714    20.3715   4.361875    31.2262       1482     6.1708  0.000e+00
      5.700    20.3725   4.361975    31.2263       1483     6.1750  0.000e+00
      5.671    20.3735   4.362227    31.2275       1484     6.1792  0.000e+00
      5.620    20.3754   4.362504    31.2284       1485     6.1833  0.000e+00
      5.560    20.3782   4.362604    31.2272       1486     6.1875  0.000e+00
      5.490    20.3808   4.362629    31.2255       1487     6.1917  0.000e+00
      5.416    20.3824   4.362428    31.2226       1488     6.1958  0.000e+00
      5.347    20.3832   4.362478    31.2225       1489     6.2000  0.000e+00
      5.293    20.3835   4.362478    31.2223       1490     6.2042  0.000e+00
      5.244    20.3835   4.362227    31.2203       1491     6.2083  0.000e+00
      5.211    20.3827   4.362051    31.2195       1492     6.2125  0.000e+00
      5.177    20.3817   4.362076    31.2205       1493     6.2167  0.000e+00
      5.159    20.3809   4.362076    31.2210       1494     6.2208  0.000e+00
      5.150    20.3806   4.361950    31.2203       1495     6.2250  0.000e+00
      5.141    20.3798   4.361900    31.2204       1496     6.2292  0.000e+00
      5.150    20.3791   4.362201    31.2234       1497     6.2333  0.000e+00
      5.150    20.3796   4.362302    31.2238       1498     6.2375  0.000e+00
      5.161    20.3807   4.362277    31.2228       1499     6.2417  0.000e+00
      5.161    20.3811   4.362277    31.2225       1500     6.2458  0.000e+00
      5.168    20.3815   4.361969    31.2197       1501     6.2500  0.000e+00
      5.159    20.3803   4.362151    31.2221       1502     6.2542  0.000e+00
      5.153    20.3796   4.362151    31.2226       1503     6.2583  0.000e+00
      5.141    20.3796   4.361900    31.2206       1504     6.2625  0.000e+00
      5.123    20.3784   4.362101    31.2231       1505     6.2667  0.000e+00
      5.108    20.3784   4.362176    31.2237       1506     6.2708  0.000e+00
      5.087    20.3790   4.362151    31.2231       1507     6.2750  0.000e+00
      5.061    20.3794   4.362201    31.2232       1508     6.2792  0.000e+00
      5.034    20.3798   4.362025    31.2215       1509     6.2833  0.000e+00
      4.996    20.3793   4.361667    31.2190       1510     6.2875  0.000e+00
      4.964    20.3770   4.361365    31.2183       1511     6.2917  0.000e+00
      4.927    20.3739   4.361240    31.2196       1512     6.2958  0.000e+00
      4.893    20.3709   4.361466    31.2236       1513     6.3000  0.000e+00
      4.844    20.3702   4.361516    31.2246       1514     6.3042  0.000e+00
      4.803    20.3702   4.361541    31.2248       1515     6.3083  0.000e+00
      4.758    20.3702   4.361340    31.2232       1516     6.3125  0.000e+00
      4.720    20.3697   4.360661    31.2181       1517     6.3167  0.000e+00
      4.680    20.3690   4.361541    31.2257       1518     6.3208  0.000e+00
      4.647    20.3693   4.361566    31.2257       1519     6.3250  0.000e+00
      4.633    20.3702   4.361824    31.2271       1520     6.3292  0.000e+00
      4.622    20.3718   4.361925    31.2268       1521     6.3333  0.000e+00
      4.622    20.3732   4.361969    31.2260       1522     6.3375  0.000e+00
      4.618    20.3747   4.362101    31.2260       1523     6.3417  0.000e+00
      4.629    20.3757   4.362101    31.2253       1524     6.3458  0.000e+00
      4.645    20.3767   4.361975    31.2235       1525     6.3500  0.000e+00
      4.658    20.3768   4.361849    31.2224       1526     6.3542  0.000e+00
      4.682    20.3762   4.361749    31.2220       1527     6.3583  0.000e+00
      4.703    20.3756   4.361950    31.2241       1528     6.3625  0.000e+00
      4.721    20.3757   4.361441    31.2199       1529     6.3667  0.000e+00
      4.734    20.3741   4.361774    31.2238       1530     6.3708  0.000e+00
      4.734    20.3734   4.362604    31.2309       1531     6.3750  0.000e+00
      4.745    20.3772   4.362679    31.2287       1532     6.3792  0.000e+00
      4.721    20.3811   4.362729    31.2262       1533     6.3833  0.000e+00
      4.696    20.3837   4.362780    31.2247       1534     6.3875  0.000e+00
      4.638    20.3857   4.362805    31.2235       1535     6.3917  0.000e+00
      4.575    20.3866   4.362805    31.2228       1536     6.3958  0.000e+00
      4.495    20.3874   4.362528    31.2201       1537     6.4000  0.000e+00
      4.409    20.3869   4.362503    31.2203       1538     6.4042  0.000e+00
      4.331    20.3863   4.362503    31.2207       1539     6.4083  0.000e+00
      4.266    20.3859   4.362704    31.2227       1540     6.4125  0.000e+00
      4.217    20.3861   4.362654    31.2222       1541     6.4167  0.000e+00
      4.188    20.3864   4.362553    31.2211       1542     6.4208  0.000e+00
      4.172    20.3863   4.362427    31.2202       1543     6.4250  0.000e+00
      4.157    20.3859   4.362452    31.2207       1544     6.4292  0.000e+00
      4.157    20.3853   4.362327    31.2201       1545     6.4333  0.000e+00
      4.157    20.3848   4.361063    31.2104       1546     6.4375  0.000e+00
      4.150    20.3837   4.362151    31.2199       1547     6.4417  0.000e+00
      4.152    20.3829   4.362201    31.2209       1548     6.4458  0.000e+00
      4.150    20.3822   4.362201    31.2214       1549     6.4500  0.000e+00
      4.143    20.3823   4.362302    31.2221       1550     6.4542  0.000e+00
      4.145    20.3824   4.362453    31.2233       1551     6.4583  0.000e+00
      4.139    20.3834   4.362478    31.2228       1552     6.4625  0.000e+00
      4.130    20.3838   4.362402    31.2218       1553     6.4667  0.000e+00
      4.123    20.3840   4.362503    31.2225       1554     6.4708  0.000e+00
      4.112    20.3843   4.362452    31.2219       1555     6.4750  0.000e+00
      4.116    20.3843   4.362377    31.2213       1556     6.4792  0.000e+00
      4.114    20.3841   4.362352    31.2212       1557     6.4833  0.000e+00
      4.119    20.3841   4.362377    31.2214       1558     6.4875  0.000e+00
      4.116    20.3838   4.362352    31.2214       1559     6.4917  0.000e+00
      4.110    20.3838   4.362302    31.2210       1560     6.4958  0.000e+00
      4.098    20.3835   4.362402    31.2220       1561     6.5000  0.000e+00
      4.072    20.3836   4.362478    31.2226       1562     6.5042  0.000e+00
      4.032    20.3836   4.362302    31.2212       1563     6.5083  0.000e+00
      3.985    20.3831   4.362402    31.2224       1564     6.5125  0.000e+00
      3.951    20.3827   4.362578    31.2241       1565     6.5167  0.000e+00
      3.904    20.3835   4.362578    31.2236       1566     6.5208  0.000e+00
      3.862    20.3843   4.362528    31.2226       1567     6.5250  0.000e+00
      3.825    20.3847   4.362452    31.2217       1568     6.5292  0.000e+00
      3.779    20.3848   4.362327    31.2207       1569     6.5333  0.000e+00
      3.738    20.3844   4.362327    31.2209       1570     6.5375  0.000e+00
      3.691    20.3838   4.362251    31.2208       1571     6.5417  0.000e+00
      3.651    20.3835   4.362226    31.2208       1572     6.5458  0.000e+00
      3.615    20.3831   4.362226    31.2211       1573     6.5500  0.000e+00
      3.582    20.3827   4.362251    31.2216       1574     6.5542  0.000e+00
      3.553    20.3825   4.362226    31.2216       1575     6.5583  0.000e+00
      3.530    20.3826   4.362402    31.2229       1576     6.5625  0.000e+00
      3.515    20.3826   4.362553    31.2241       1577     6.5667  0.000e+00
      3.512    20.3835   4.362452    31.2226       1578     6.5708  0.000e+00
      3.508    20.3841   4.362301    31.2210       1579     6.5750  0.000e+00
      3.494    20.3837   4.362326    31.2215       1580     6.5792  0.000e+00
      3.495    20.3836   4.362427    31.2224       1581     6.5833  0.000e+00
      3.494    20.3838   4.362477    31.2226       1582     6.5875  0.000e+00
      3.486    20.3842   4.362176    31.2200       1583     6.5917  0.000e+00
      3.463    20.3834   4.361974    31.2190       1584     6.5958  0.000e+00
      3.439    20.3818   4.362000    31.2203       1585     6.6000  0.000e+00
      3.416    20.3808   4.362100    31.2219       1586     6.6042  0.000e+00
      3.380    20.3809   4.362150    31.2222       1587     6.6083  0.000e+00
      3.340    20.3808   4.362125    31.2221       1588     6.6125  0.000e+00
      3.297    20.3809   4.362025    31.2213       1589     6.6167  0.000e+00
      3.251    20.3808   4.362125    31.2222       1590     6.6208  0.000e+00
      3.204    20.3805   4.362226    31.2232       1591     6.6250  0.000e+00
      3.159    20.3809   4.362276    31.2233       1592     6.6292  0.000e+00
      3.112    20.3816   4.362251    31.2226       1593     6.6333  0.000e+00
      3.076    20.3820   4.362276    31.2225       1594     6.6375  0.000e+00
      3.038    20.3823   4.362251    31.2221       1595     6.6417  0.000e+00
      3.005    20.3823   4.362276    31.2223       1596     6.6458  0.000e+00
      2.973    20.3824   4.362301    31.2224       1597     6.6500  0.000e+00
      2.944    20.3825   4.362326    31.2226       1598     6.6542  0.000e+00
      2.910    20.3831   4.362502    31.2236       1599     6.6583  0.000e+00
      2.864    20.3836   4.362452    31.2228       1600     6.6625  0.000e+00
      2.807    20.3838   4.362553    31.2235       1601     6.6667  0.000e+00
      2.740    20.3846   4.362697    31.2241       1602     6.6708  0.000e+00
      2.662    20.3853   4.362779    31.2242       1603     6.6750  0.000e+00
      2.579    20.3862   4.362754    31.2234       1604     6.6792  0.000e+00
      2.496    20.3870   4.362653    31.2220       1605     6.6833  0.000e+00
      2.432    20.3869   4.362653    31.2221       1606     6.6875  0.000e+00
      2.393    20.3866   4.362728    31.2229       1607     6.6917  0.000e+00
      2.382    20.3872   4.362728    31.2225       1608     6.6958  0.000e+00
      2.389    20.3872   4.362653    31.2219       1609     6.7000  0.000e+00
      2.403    20.3871   4.362225    31.2186       1610     6.7042  0.000e+00
      2.431    20.3856   4.361823    31.2164       1611     6.7083  0.000e+00
      2.459    20.3828   4.362024    31.2201       1612     6.7125  0.000e+00
      2.478    20.3816   4.361974    31.2206       1613     6.7167  0.000e+00
      2.492    20.3808   4.362225    31.2232       1614     6.7208  0.000e+00
      2.476    20.3809   4.361974    31.2211       1615     6.7250  0.000e+00
      2.396    20.3805   4.361974    31.2214       1616     6.7292  0.000e+00
      2.293    20.3798   4.361974    31.2219       1617     6.7333  0.000e+00
      2.195    20.3797   4.362024    31.2224       1618     6.7375  0.000e+00
      2.120    20.3797   4.362024    31.2225       1619     6.7417  0.000e+00
      2.073    20.3799   4.362049    31.2225       1620     6.7458  0.000e+00
      2.042    20.3798   4.362100    31.2230       1621     6.7500  0.000e+00
      2.004    20.3803   4.362175    31.2233       1622     6.7542  0.000e+00
      1.991    20.3809   4.361578    31.2181       1623     6.7583  0.000e+00
      1.984    20.3815   4.362225    31.2228       1624     6.7625  0.000e+00
      1.969    20.3819   4.362250    31.2228       1625     6.7667  0.000e+00
      1.944    20.3821   4.362301    31.2230       1626     6.7708  0.000e+00
      1.912    20.3825   4.362376    31.2233       1627     6.7750  0.000e+00
      1.892    20.3831   4.362401    31.2231       1628     6.7792  0.000e+00
      1.874    20.3835   4.362426    31.2230       1629     6.7833  0.000e+00
      1.852    20.3838   4.362452    31.2230       1630     6.7875  0.000e+00
      1.843    20.3845   4.362452    31.2225       1631     6.7917  0.000e+00
      1.819    20.3845   4.362275    31.2211       1632     6.7958  0.000e+00
      1.778    20.3843   4.362200    31.2206       1633     6.8000  0.000e+00
      1.713    20.3835   4.362200    31.2212       1634     6.8042  0.000e+00
      1.631    20.3829   4.362175    31.2215       1635     6.8083  0.000e+00
      1.552    20.3824   4.362376    31.2235       1636     6.8125  0.000e+00
      1.476    20.3827   4.362477    31.2241       1637     6.8167  0.000e+00
      1.409    20.3837   4.362426    31.2230       1638     6.8208  0.000e+00
      1.364    20.3843   4.362426    31.2226       1639     6.8250  0.000e+00
      1.348    20.3845   4.362451    31.2226       1640     6.8292  0.000e+00
      1.342    20.3847   4.362451    31.2225       1641     6.8333  0.000e+00
      1.360    20.3848   4.362401    31.2220       1642     6.8375  0.000e+00
      1.378    20.3848   4.362382    31.2218       1643     6.8417  0.000e+00
      1.389    20.3846   4.362275    31.2212       1644     6.8458  0.000e+00
      1.391    20.3841   4.362401    31.2225       1645     6.8500  0.000e+00
      1.362    20.3842   4.362250    31.2212       1646     6.8542  0.000e+00
      1.286    20.3839   4.362200    31.2211       1647     6.8583  0.000e+00
      1.207    20.3835   4.362225    31.2216       1648     6.8625  0.000e+00
      1.158    20.3831   4.362401    31.2233       1649     6.8667  0.000e+00
      1.127    20.3835   4.362451    31.2234       1650     6.8708  0.000e+00
      1.113    20.3843   4.362451    31.2229       1651     6.8750  0.000e+00
