HB2406/sbe106.cnv
* Sea-Bird SBE 19plus V2 Data File:
* FileName = C:\cruise\data\sbe106.hex
* Software Version Seasave V 7.26.7.121
* Temperature SN = 7037
* Conductivity SN = 7037
* System UpLoad Time = Aug 21 2024 18:20:35
* NMEA Latitude = 40 05.94 N
* NMEA Longitude = 071 52.38 W
* NMEA UTC (Time) = Aug 21 2024  18:19:30
** Ship: Henry Bigelow
** Cruise:  HB2406
** Program:  ECOMON
# nquan = 7
# nvalues = 1424                                  
# units = specified
# name 0 = depSM: Depth [salt water, m]
# name 1 = tv290C: Temperature [ITS-90, deg C]
# name 2 = c0S/m: Conductivity [S/m]
# name 3 = sal00: Salinity, Practical [PSU]
# name 4 = scan: Scan Count
# name 5 = timeM: Time, Elapsed [minutes]
# name 6 = flag:  0.000e+00
# span 0 =      0.011,     73.521                 
# span 1 =     7.7878,    22.5913                 
# span 2 =  -0.000039,   4.604074                 
# span 3 =     0.0000,    33.9222                 
# span 4 =         11,       1434                 
# span 5 =     0.0417,     5.9708                 
# span 6 = 0.0000e+00, 0.0000e+00                 
# interval = seconds: 0.25
# start_time = Aug 21 2024 18:19:30 [NMEA time, header]
# bad_flag = -9.990e-29
*END*
[from data line 821]
     47.257     7.8348   3.369763    32.4418        832     3.4625  0.000e+00
     47.173     7.8529   3.375817    32.4897        833     3.4667  0.000e+00
     47.081     7.8853   3.381989    32.5255        834     3.4708  0.000e+00
     46.993     7.9306   3.390832    32.5777        835     3.4750  0.000e+00
     46.897     7.9903   3.394697    32.5632        836     3.4792  0.000e+00
     46.808     8.0479   3.395066    32.5137        837     3.4833  0.000e+00
     46.716     8.0882   3.395554    32.4815        838     3.4875  0.000e+00
     46.625     8.1147   3.395837    32.4600        839     3.4917  0.000e+00
     46.531     8.1319   3.395956    32.4454        840     3.4958  0.000e+00
     46.444     8.1431   3.396331    32.4391        841     3.5000  0.000e+00
     46.357     8.1512   3.396552    32.4340        842     3.5042  0.000e+00
     46.272     8.1573   3.396683    32.4297        843     3.5083  0.000e+00
     46.189     8.1621   3.396819    32.4268        844     3.5125  0.000e+00
     46.104     8.1662   3.396705    32.4219        845     3.5167  0.000e+00
     46.025     8.1690   3.395041    32.4017        846     3.5208  0.000e+00
     45.945     8.1684   3.394053    32.3918        847     3.5250  0.000e+00
     45.869     8.1653   3.393940    32.3935        848     3.5292  0.000e+00
     45.793     8.1630   3.394059    32.3969        849     3.5333  0.000e+00
     45.722     8.1624   3.394116    32.3981        850     3.5375  0.000e+00
     45.648     8.1627   3.394144    32.3981        851     3.5417  0.000e+00
     45.574     8.1632   3.394269    32.3990        852     3.5458  0.000e+00
     45.503     8.1645   3.394326    32.3985        853     3.5500  0.000e+00
     45.433     8.1660   3.394269    32.3965        854     3.5542  0.000e+00
     45.358     8.1670   3.394451    32.3975        855     3.5583  0.000e+00
     45.286     8.1683   3.394672    32.3988        856     3.5625  0.000e+00
     45.207     8.1696   3.394587    32.3966        857     3.5667  0.000e+00
     45.125     8.1709   3.395143    32.4014        858     3.5708  0.000e+00
     45.040     8.1734   3.395762    32.4057        859     3.5750  0.000e+00
     44.953     8.1776   3.396143    32.4059        860     3.5792  0.000e+00
     44.859     8.1826   3.396143    32.4013        861     3.5833  0.000e+00
     44.767     8.1859   3.396171    32.3986        862     3.5875  0.000e+00
     44.671     8.1880   3.396125    32.3962        863     3.5917  0.000e+00
     44.575     8.1894   3.396086    32.3946        864     3.5958  0.000e+00
     44.487     8.1902   3.395875    32.3917        865     3.6000  0.000e+00
     44.389     8.1901   3.394757    32.3799        866     3.6042  0.000e+00
     44.295     8.1878   3.391918    32.3521        867     3.6083  0.000e+00
     44.206     8.1804   3.390942    32.3486        868     3.6125  0.000e+00
     44.105     8.1715   3.390721    32.3545        869     3.6167  0.000e+00
     44.015     8.1650   3.390653    32.3598        870     3.6208  0.000e+00
     43.919     8.1609   3.390675    32.3638        871     3.6250  0.000e+00
     43.825     8.1584   3.390715    32.3666        872     3.6292  0.000e+00
     43.740     8.1570   3.390760    32.3684        873     3.6333  0.000e+00
     43.656     8.1567   3.391390    32.3755        874     3.6375  0.000e+00
     43.577     8.1580   3.391595    32.3764        875     3.6417  0.000e+00
     43.503     8.1603   3.391873    32.3773        876     3.6458  0.000e+00
     43.434     8.1629   3.392900    32.3858        877     3.6500  0.000e+00
     43.369     8.1673   3.393093    32.3838        878     3.6542  0.000e+00
     43.307     8.1719   3.393246    32.3812        879     3.6583  0.000e+00
     43.249     8.1752   3.393365    32.3795        880     3.6625  0.000e+00
     43.188     8.1775   3.393303    32.3767        881     3.6667  0.000e+00
     43.119     8.1792   3.393161    32.3737        882     3.6708  0.000e+00
     43.052     8.1796   3.392815    32.3697        883     3.6750  0.000e+00
     42.978     8.1790   3.392854    32.3707        884     3.6792  0.000e+00
     42.900     8.1783   3.392962    32.3725        885     3.6833  0.000e+00
     42.817     8.1780   3.392917    32.3723        886     3.6875  0.000e+00
     42.732     8.1782   3.392815    32.3711        887     3.6917  0.000e+00
     42.647     8.1779   3.392922    32.3726        888     3.6958  0.000e+00
     42.549     8.1779   3.393467    32.3784        889     3.7000  0.000e+00
     42.462     8.1798   3.393581    32.3778        890     3.7042  0.000e+00
     42.372     8.1821   3.393530    32.3752        891     3.7083  0.000e+00
     42.289     8.1833   3.393070    32.3693        892     3.7125  0.000e+00
     42.198     8.1830   3.392389    32.3624        893     3.7167  0.000e+00
     42.115     8.1806   3.390714    32.3469        894     3.7208  0.000e+00
     42.032     8.1751   3.390527    32.3501        895     3.7250  0.000e+00
     41.949     8.1700   3.390572    32.3553        896     3.7292  0.000e+00
     41.862     8.1667   3.390635    32.3590        897     3.7333  0.000e+00
     41.777     8.1649   3.390652    32.3609        898     3.7375  0.000e+00
     41.686     8.1641   3.390487    32.3599        899     3.7417  0.000e+00
     41.599     8.1632   3.390328    32.3592        900     3.7458  0.000e+00
     41.509     8.1619   3.390147    32.3584        901     3.7500  0.000e+00
     41.424     8.1609   3.390079    32.3587        902     3.7542  0.000e+00
     41.332     8.1598   3.390203    32.3611        903     3.7583  0.000e+00
     41.252     8.1593   3.390124    32.3607        904     3.7625  0.000e+00
     41.165     8.1590   3.389942    32.3592        905     3.7667  0.000e+00
     41.084     8.1585   3.390209    32.3625        906     3.7708  0.000e+00
     41.004     8.1582   3.390061    32.3612        907     3.7750  0.000e+00
     40.921     8.1582   3.390101    32.3617        908     3.7792  0.000e+00
     40.841     8.1582   3.390356    32.3644        909     3.7833  0.000e+00
     40.756     8.1589   3.390124    32.3613        910     3.7875  0.000e+00
     40.673     8.1591   3.390549    32.3657        911     3.7917  0.000e+00
     40.592     8.1606   3.393938    32.4002        912     3.7958  0.000e+00
     40.503     8.1715   3.399640    32.4506        913     3.8000  0.000e+00
     40.423     8.1986   3.406824    32.5017        914     3.8042  0.000e+00
     40.338     8.2428   3.415420    32.5518        915     3.8083  0.000e+00
     40.257     8.3032   3.421004    32.5548        916     3.8125  0.000e+00
     40.168     8.3673   3.425533    32.5434        917     3.8167  0.000e+00
     40.085     8.4258   3.427840    32.5138        918     3.8208  0.000e+00
     39.998     8.4732   3.428803    32.4802        919     3.8250  0.000e+00
     39.910     8.5074   3.428728    32.4480        920     3.8292  0.000e+00
     39.821     8.5289   3.428067    32.4213        921     3.8333  0.000e+00
     39.738     8.5407   3.427656    32.4062        922     3.8375  0.000e+00
     39.647     8.5462   3.427200    32.3964        923     3.8417  0.000e+00
     39.561     8.5486   3.427673    32.3992        924     3.8458  0.000e+00
     39.475     8.5517   3.428956    32.4099        925     3.8500  0.000e+00
     39.390     8.5579   3.429760    32.4127        926     3.8542  0.000e+00
     39.302     8.5661   3.430854    32.4167        927     3.8583  0.000e+00
     39.217     8.5754   3.431920    32.4193        928     3.8625  0.000e+00
     39.128     8.5856   3.432240    32.4134        929     3.8667  0.000e+00
     39.039     8.5940   3.432057    32.4038        930     3.8708  0.000e+00
     38.945     8.5995   3.432068    32.3989        931     3.8750  0.000e+00
     38.848     8.6025   3.433277    32.4088        932     3.8792  0.000e+00
     38.757     8.6084   3.434846    32.4199        933     3.8833  0.000e+00
     38.661     8.6176   3.436232    32.4260        934     3.8875  0.000e+00
     38.569     8.6292   3.437687    32.4307        935     3.8917  0.000e+00
     38.479     8.6423   3.439279    32.4353        936     3.8958  0.000e+00
     38.392     8.6563   3.440626    32.4366        937     3.9000  0.000e+00
     38.312     8.6704   3.442007    32.4382        938     3.9042  0.000e+00
     38.234     8.6844   3.443200    32.4379        939     3.9083  0.000e+00
     38.166     8.6983   3.443925    32.4328        940     3.9125  0.000e+00
     38.097     8.7096   3.444314    32.4265        941     3.9167  0.000e+00
     38.023     8.7185   3.444342    32.4187        942     3.9208  0.000e+00
     37.956     8.7245   3.444319    32.4130        943     3.9250  0.000e+00
     37.885     8.7282   3.444216    32.4086        944     3.9292  0.000e+00
     37.807     8.7302   3.444422    32.4089        945     3.9333  0.000e+00
     37.728     8.7321   3.445044    32.4138        946     3.9375  0.000e+00
     37.643     8.7353   3.445627    32.4169        947     3.9417  0.000e+00
     37.559     8.7398   3.446141    32.4182        948     3.9458  0.000e+00
     37.464     8.7448   3.446438    32.4168        949     3.9500  0.000e+00
     37.370     8.7491   3.447266    32.4215        950     3.9542  0.000e+00
     37.268     8.7547   3.448580    32.4302        951     3.9583  0.000e+00
     37.165     8.7627   3.449231    32.4296        952     3.9625  0.000e+00
     37.075     8.7717   3.449448    32.4238        953     3.9667  0.000e+00
     36.982     8.7788   3.449448    32.4173        954     3.9708  0.000e+00
     36.890     8.7843   3.449202    32.4098        955     3.9750  0.000e+00
     36.803     8.7883   3.449013    32.4042        956     3.9792  0.000e+00
     36.715     8.7911   3.449053    32.4021        957     3.9833  0.000e+00
     36.621     8.7937   3.449265    32.4019        958     3.9875  0.000e+00
     36.528     8.7962   3.449362    32.4007        959     3.9917  0.000e+00
     36.434     8.7988   3.449385    32.3986        960     3.9958  0.000e+00
     36.335     8.8013   3.449385    32.3963        961     4.0000  0.000e+00
     36.242     8.8035   3.449430    32.3949        962     4.0042  0.000e+00
     36.148     8.8054   3.449579    32.3947        963     4.0083  0.000e+00
     36.049     8.8071   3.449699    32.3945        964     4.0125  0.000e+00
     35.951     8.8090   3.449887    32.3948        965     4.0167  0.000e+00
     35.868     8.8108   3.450139    32.3957        966     4.0208  0.000e+00
     35.783     8.8132   3.450973    32.4023        967     4.0250  0.000e+00
     35.698     8.8174   3.451944    32.4086        968     4.0292  0.000e+00
     35.616     8.8243   3.452402    32.4072        969     4.0333  0.000e+00
     35.533     8.8310   3.452544    32.4025        970     4.0375  0.000e+00
     35.448     8.8361   3.452424    32.3967        971     4.0417  0.000e+00
     35.363     8.8394   3.451904    32.3882        972     4.0458  0.000e+00
     35.276     8.8405   3.451030    32.3782        973     4.0500  0.000e+00
     35.193     8.8394   3.450515    32.3739        974     4.0542  0.000e+00
     35.101     8.8373   3.450384    32.3745        975     4.0583  0.000e+00
     35.012     8.8354   3.450281    32.3751        976     4.0625  0.000e+00
     34.929     8.8347   3.449675    32.3696        977     4.0667  0.000e+00
     34.840     8.8334   3.448464    32.3581        978     4.0708  0.000e+00
     34.755     8.8303   3.447555    32.3515        979     4.0750  0.000e+00
     34.677     8.8259   3.446704    32.3467        980     4.0792  0.000e+00
     34.600     8.8210   3.445807    32.3419        981     4.0833  0.000e+00
     34.520     8.8158   3.445082    32.3391        982     4.0875  0.000e+00
     34.448     8.8104   3.443609    32.3287        983     4.0917  0.000e+00
     34.376     8.8040   3.442821    32.3263        984     4.0958  0.000e+00
     34.294     8.7975   3.442415    32.3281        985     4.1000  0.000e+00
     34.218     8.7923   3.442530    32.3340        986     4.1042  0.000e+00
     34.140     8.7893   3.443175    32.3436        987     4.1083  0.000e+00
     34.050     8.7904   3.444071    32.3520        988     4.1125  0.000e+00
     33.963     8.7950   3.444003    32.3471        989     4.1167  0.000e+00
     33.865     8.7999   3.441930    32.3211        990     4.1208  0.000e+00
     33.766     8.7990   3.441513    32.3176        991     4.1250  0.000e+00
     33.659     8.7954   3.437096    32.2749        992     4.1292  0.000e+00
     33.560     8.7840   3.436377    32.2778        993     4.1333  0.000e+00
     33.460     8.7714   3.433582    32.2602        994     4.1375  0.000e+00
     33.370     8.7565   3.431654    32.2536        995     4.1417  0.000e+00
     33.286     8.7393   3.431495    32.2677        996     4.1458  0.000e+00
     33.205     8.7268   3.431244    32.2765        997     4.1500  0.000e+00
     33.129     8.7183   3.426809    32.2380        998     4.1542  0.000e+00
     33.051     8.7036   3.424968    32.2321        999     4.1583  0.000e+00
     32.977     8.6849   3.424678    32.2462       1000     4.1625  0.000e+00
     32.904     8.6710   3.424581    32.2579       1001     4.1667  0.000e+00
     32.828     8.6618   3.424598    32.2665       1002     4.1708  0.000e+00
     32.751     8.6563   3.424291    32.2683       1003     4.1750  0.000e+00
     32.669     8.6519   3.424131    32.2707       1004     4.1792  0.000e+00
     32.588     8.6479   3.415845    32.1877       1005     4.1833  0.000e+00
     32.501     8.6288   3.404850    32.0902       1006     4.1875  0.000e+00
     32.412     8.5829   3.402031    32.1024       1007     4.1917  0.000e+00
     32.329     8.5373   3.401634    32.1397       1008     4.1958  0.000e+00
     32.250     8.5064   3.401174    32.1631       1009     4.2000  0.000e+00
     32.168     8.4856   3.401123    32.1815       1010     4.2042  0.000e+00
     32.088     8.4728   3.401003    32.1920       1011     4.2083  0.000e+00
     32.011     8.4644   3.400748    32.1970       1012     4.2125  0.000e+00
     31.935     8.4589   3.400816    32.2029       1013     4.2167  0.000e+00
     31.862     8.4552   3.400833    32.2064       1014     4.2208  0.000e+00
     31.790     8.4529   3.400799    32.2082       1015     4.2250  0.000e+00
     31.712     8.4516   3.400799    32.2094       1016     4.2292  0.000e+00
     31.631     8.4509   3.400918    32.2113       1017     4.2333  0.000e+00
     31.551     8.4510   3.402799    32.2311       1018     4.2375  0.000e+00
     31.466     8.4563   3.403470    32.2333       1019     4.2417  0.000e+00
     31.381     8.4639   3.403169    32.2232       1020     4.2458  0.000e+00
     31.293     8.4699   3.398895    32.1729       1021     4.2500  0.000e+00
     31.213     8.4661   3.395800    32.1438       1022     4.2542  0.000e+00
     31.131     8.4539   3.392036    32.1155       1023     4.2583  0.000e+00
     31.061     8.4378   3.390413    32.1131       1024     4.2625  0.000e+00
     30.983     8.4225   3.390322    32.1262       1025     4.2667  0.000e+00
     30.912     8.4121   3.390992    32.1428       1026     4.2708  0.000e+00
     30.846     8.4074   3.391690    32.1544       1027     4.2750  0.000e+00
     30.779     8.4077   3.393177    32.1698       1028     4.2792  0.000e+00
     30.712     8.4127   3.394193    32.1759       1029     4.2833  0.000e+00
     30.646     8.4204   3.394523    32.1724       1030     4.2875  0.000e+00
     30.579     8.4276   3.394965    32.1705       1031     4.2917  0.000e+00
     30.507     8.4333   3.395278    32.1686       1032     4.2958  0.000e+00
     30.426     8.4385   3.396175    32.1733       1033     4.3000  0.000e+00
     30.355     8.4445   3.397896    32.1860       1034     4.3042  0.000e+00
     30.274     8.4545   3.400162    32.2007       1035     4.3083  0.000e+00
