HB2406/sbe115.cnv
* Sea-Bird SBE 19plus V2 Data File:
* FileName = C:\cruise\data\sbe115.hex
* Software Version Seasave V 7.26.7.121
* Temperature SN = 7037
* Conductivity SN = 7037
* System UpLoad Time = Aug 22 2024 08:32:36
* NMEA Latitude = 40 00.01 N
* NMEA Longitude = 070 05.07 W
* NMEA UTC (Time) = Aug 22 2024  08:31:32
** Ship: Henry Bigelow
** Cruise:  HB2406
** Program:  ECOMON
# nquan = 7
# nvalues = 3818                                  
# units = specified
# name 0 = depSM: Depth [salt water, m]
# name 1 = tv290C: Temperature [ITS-90, deg C]
# name 2 = c0S/m: Conductivity [S/m]
# name 3 = sal00: Salinity, Practical [PSU]
# name 4 = scan: Scan Count
# name 5 = timeM: Time, Elapsed [minutes]
# name 6 = flag:  0.000e+00
# span 0 =     -0.016,    170.667                 
# span 1 =    10.1892,    23.3615                 
# span 2 =  -0.000033,   4.918715                 
# span 3 =     0.0000,    35.1602                 
# span 4 =         11,       3828                 
# span 5 =     0.0417,    15.9458                 
# span 6 = 0.0000e+00, 0.0000e+00                 
# interval = seconds: 0.25
# start_time = Aug 22 2024 08:31:32 [NMEA time, header]
# bad_flag = -9.990e-29
*END*
[from data line 411]
     40.404    11.8421   3.903226    34.1848        422     1.7542  0.000e+00
     40.546    11.8247   3.901317    34.1820        423     1.7583  0.000e+00
     40.687    11.8064   3.899978    34.1858        424     1.7625  0.000e+00
     40.824    11.7896   3.898118    34.1830        425     1.7667  0.000e+00
     40.960    11.7733   3.895723    34.1745        426     1.7708  0.000e+00
     41.095    11.7542   3.894416    34.1792        427     1.7750  0.000e+00
     41.242    11.7360   3.893852    34.1904        428     1.7792  0.000e+00
     41.396    11.7214   3.893588    34.2012        429     1.7833  0.000e+00
     41.564    11.7112   3.894092    34.2155        430     1.7875  0.000e+00
     41.741    11.7057   3.895196    34.2312        431     1.7917  0.000e+00
     41.927    11.7058   3.895172    34.2309        432     1.7958  0.000e+00
     42.135    11.7070   3.895839    34.2362        433     1.8000  0.000e+00
     42.345    11.7082   3.895635    34.2330        434     1.8042  0.000e+00
     42.562    11.7099   3.895425    34.2293        435     1.8083  0.000e+00
     42.785    11.7092   3.895521    34.2308        436     1.8125  0.000e+00
     43.007    11.7076   3.895317    34.2302        437     1.8167  0.000e+00
     43.221    11.7046   3.895107    34.2308        438     1.8208  0.000e+00
     43.425    11.6998   3.895401    34.2379        439     1.8250  0.000e+00
     43.611    11.6964   3.895197    34.2391        440     1.8292  0.000e+00
     43.788    11.6926   3.895311    34.2436        441     1.8333  0.000e+00
     43.953    11.6889   3.895245    34.2463        442     1.8375  0.000e+00
     44.107    11.6853   3.895198    34.2491        443     1.8417  0.000e+00
     44.257    11.6824   3.895522    34.2549        444     1.8458  0.000e+00
     44.412    11.6803   3.895474    34.2562        445     1.8500  0.000e+00
     44.566    11.6790   3.896086    34.2634        446     1.8542  0.000e+00
     44.722    11.6792   3.897406    34.2761        447     1.8583  0.000e+00
     44.888    11.6814   3.898811    34.2877        448     1.8625  0.000e+00
     45.056    11.6853   3.899705    34.2928        449     1.8667  0.000e+00
     45.237    11.6901   3.900209    34.2933        450     1.8708  0.000e+00
     45.431    11.6940   3.900624    34.2937        451     1.8750  0.000e+00
     45.619    11.6985   3.901200    34.2951        452     1.8792  0.000e+00
     45.823    11.7032   3.901638    34.2949        453     1.8833  0.000e+00
     46.027    11.7078   3.902425    34.2984        454     1.8875  0.000e+00
     46.239    11.7124   3.902011    34.2899        455     1.8917  0.000e+00
     46.447    11.7131   3.902029    34.2893        456     1.8958  0.000e+00
     46.648    11.7123   3.902701    34.2966        457     1.9000  0.000e+00
     46.849    11.7128   3.903482    34.3037        458     1.9042  0.000e+00
     47.038    11.7140   3.903945    34.3070        459     1.9083  0.000e+00
     47.225    11.7155   3.905050    34.3164        460     1.9125  0.000e+00
     47.407    11.7180   3.907056    34.3336        461     1.9167  0.000e+00
     47.586    11.7223   3.911515    34.3733        462     1.9208  0.000e+00
     47.766    11.7323   3.912393    34.3726        463     1.9250  0.000e+00
     47.945    11.7428   3.916042    34.3986        464     1.9292  0.000e+00
     48.125    11.7544   3.918171    34.4086        465     1.9333  0.000e+00
     48.305    11.7668   3.919145    34.4066        466     1.9375  0.000e+00
     48.493    11.7774   3.920926    34.4141        467     1.9417  0.000e+00
     48.683    11.7871   3.921275    34.4084        468     1.9458  0.000e+00
     48.872    11.7950   3.921877    34.4069        469     1.9500  0.000e+00
     49.068    11.8012   3.923754    34.4194        470     1.9542  0.000e+00
     49.258    11.8079   3.924103    34.4165        471     1.9583  0.000e+00
     49.451    11.8143   3.925566    34.4249        472     1.9625  0.000e+00
     49.645    11.8200   3.926101    34.4248        473     1.9667  0.000e+00
     49.836    11.8257   3.926884    34.4270        474     1.9708  0.000e+00
     50.023    11.8304   3.927119    34.4249        475     1.9750  0.000e+00
     50.204    11.8336   3.928046    34.4309        476     1.9792  0.000e+00
     50.386    11.8376   3.928654    34.4331        477     1.9833  0.000e+00
     50.562    11.8417   3.929280    34.4354        478     1.9875  0.000e+00
     50.735    11.8457   3.930069    34.4393        479     1.9917  0.000e+00
     50.911    11.8489   3.930346    34.4389        480     1.9958  0.000e+00
     51.088    11.8517   3.930720    34.4400        481     2.0000  0.000e+00
     51.258    11.8538   3.930882    34.4395        482     2.0042  0.000e+00
     51.430    11.8549   3.931256    34.4421        483     2.0083  0.000e+00
     51.607    11.8557   3.931461    34.4432        484     2.0125  0.000e+00
     51.784    11.8569   3.931672    34.4441        485     2.0167  0.000e+00
     51.958    11.8577   3.931672    34.4433        486     2.0208  0.000e+00
     52.124    11.8577   3.931834    34.4448        487     2.0250  0.000e+00
     52.298    11.8573   3.932021    34.4469        488     2.0292  0.000e+00
     52.468    11.8574   3.932274    34.4493        489     2.0333  0.000e+00
     52.642    11.8571   3.932395    34.4506        490     2.0375  0.000e+00
     52.819    11.8574   3.932762    34.4538        491     2.0417  0.000e+00
     52.994    11.8576   3.933232    34.4582        492     2.0458  0.000e+00
     53.177    11.8590   3.933533    34.4598        493     2.0500  0.000e+00
     53.369    11.8608   3.933582    34.4585        494     2.0542  0.000e+00
     53.566    11.8614   3.934323    34.4651        495     2.0583  0.000e+00
     53.769    11.8639   3.933696    34.4566        496     2.0625  0.000e+00
     53.980    11.8632   3.934160    34.4617        497     2.0667  0.000e+00
     54.190    11.8623   3.934275    34.4635        498     2.0708  0.000e+00
     54.405    11.8611   3.933835    34.4602        499     2.0750  0.000e+00
     54.615    11.8575   3.933950    34.4646        500     2.0792  0.000e+00
     54.825    11.8531   3.934161    34.4706        501     2.0833  0.000e+00
     55.031    11.8503   3.934420    34.4756        502     2.0875  0.000e+00
     55.230    11.8486   3.934884    34.4817        503     2.0917  0.000e+00
     55.425    11.8471   3.934950    34.4836        504     2.0958  0.000e+00
     55.617    11.8458   3.936487    34.4998        505     2.1000  0.000e+00
     55.798    11.8466   3.936535    34.4994        506     2.1042  0.000e+00
     55.966    11.8477   3.938699    34.5195        507     2.1083  0.000e+00
     56.132    11.8510   3.942503    34.5536        508     2.1125  0.000e+00
     56.297    11.8586   3.943757    34.5587        509     2.1167  0.000e+00
     56.456    11.8676   3.944740    34.5599        510     2.1208  0.000e+00
     56.612    11.8754   3.947612    34.5806        511     2.1250  0.000e+00
     56.778    11.8856   3.950417    34.5985        512     2.1292  0.000e+00
     56.945    11.8986   3.951419    34.5962        513     2.1333  0.000e+00
     57.118    11.9110   3.952940    34.5994        514     2.1375  0.000e+00
     57.301    11.9216   3.952753    34.5876        515     2.1417  0.000e+00
     57.485    11.9295   3.953785    34.5903        516     2.1458  0.000e+00
     57.675    11.9361   3.954769    34.5937        517     2.1500  0.000e+00
     57.872    11.9426   3.955609    34.5957        518     2.1542  0.000e+00
     58.073    11.9491   3.956967    34.6029        519     2.1583  0.000e+00
     58.276    11.9561   3.957650    34.6030        520     2.1625  0.000e+00
     58.486    11.9624   3.958302    34.6033        521     2.1667  0.000e+00
     58.690    11.9680   3.958725    34.6022        522     2.1708  0.000e+00
     58.905    11.9732   3.959758    34.6074        523     2.1750  0.000e+00
     59.108    11.9783   3.960138    34.6063        524     2.1792  0.000e+00
     59.316    11.9824   3.960791    34.6087        525     2.1833  0.000e+00
     59.513    11.9864   3.960954    34.6065        526     2.1875  0.000e+00
     59.708    11.9894   3.961353    34.6075        527     2.1917  0.000e+00
     59.909    11.9914   3.961401    34.6060        528     2.1958  0.000e+00
     60.099    11.9924   3.961540    34.6063        529     2.2000  0.000e+00
     60.291    11.9927   3.961329    34.6039        530     2.2042  0.000e+00
     60.472    11.9915   3.961208    34.6038        531     2.2083  0.000e+00
     60.651    11.9884   3.961021    34.6047        532     2.2125  0.000e+00
     60.828    11.9845   3.960791    34.6061        533     2.2167  0.000e+00
     60.996    11.9774   3.960556    34.6103        534     2.2208  0.000e+00
     61.164    11.9671   3.960484    34.6191        535     2.2250  0.000e+00
     61.325    11.9578   3.960369    34.6265        536     2.2292  0.000e+00
     61.483    11.9487   3.960297    34.6342        537     2.2333  0.000e+00
     61.633    11.9409   3.960508    34.6435        538     2.2375  0.000e+00
     61.792    11.9326   3.960647    34.6525        539     2.2417  0.000e+00
     61.946    11.9246   3.960811    34.6615        540     2.2458  0.000e+00
     62.107    11.9183   3.961210    34.6712        541     2.2500  0.000e+00
     62.269    11.9130   3.961741    34.6812        542     2.2542  0.000e+00
     62.432    11.9084   3.962128    34.6892        543     2.2583  0.000e+00
     62.604    11.9053   3.962406    34.6948        544     2.2625  0.000e+00
     62.778    11.9034   3.962666    34.6990        545     2.2667  0.000e+00
     62.962    11.9022   3.962878    34.7021        546     2.2708  0.000e+00
     63.147    11.9007   3.963277    34.7074        547     2.2750  0.000e+00
     63.342    11.8999   3.963561    34.7108        548     2.2792  0.000e+00
     63.545    11.8999   3.963863    34.7136        549     2.2833  0.000e+00
     63.749    11.9007   3.963724    34.7114        550     2.2875  0.000e+00
     63.953    11.9007   3.963863    34.7127        551     2.2917  0.000e+00
     64.154    11.9000   3.963984    34.7145        552     2.2958  0.000e+00
     64.357    11.8992   3.964335    34.7185        553     2.3000  0.000e+00
     64.554    11.9000   3.964311    34.7174        554     2.3042  0.000e+00
     64.748    11.9001   3.964220    34.7164        555     2.3083  0.000e+00
     64.934    11.8993   3.964359    34.7184        556     2.3125  0.000e+00
     65.113    11.8989   3.964432    34.7195        557     2.3167  0.000e+00
     65.290    11.8982   3.964486    34.7205        558     2.3208  0.000e+00
     65.455    11.8977   3.964474    34.7208        559     2.3250  0.000e+00
     65.623    11.8968   3.964450    34.7214        560     2.3292  0.000e+00
     65.786    11.8959   3.964523    34.7229        561     2.3333  0.000e+00
     65.950    11.8954   3.964595    34.7240        562     2.3375  0.000e+00
     66.113    11.8951   3.964638    34.7246        563     2.3417  0.000e+00
     66.285    11.8948   3.964759    34.7259        564     2.3458  0.000e+00
     66.460    11.8947   3.964898    34.7273        565     2.3500  0.000e+00
     66.632    11.8947   3.964970    34.7279        566     2.3542  0.000e+00
     66.815    11.8952   3.965230    34.7300        567     2.3583  0.000e+00
     66.996    11.8958   3.965134    34.7284        568     2.3625  0.000e+00
     67.180    11.8959   3.965297    34.7298        569     2.3667  0.000e+00
     67.359    11.8963   3.965484    34.7312        570     2.3708  0.000e+00
     67.538    11.8966   3.965345    34.7294        571     2.3750  0.000e+00
     67.719    11.8966   3.965442    34.7304        572     2.3792  0.000e+00
     67.893    11.8966   3.965521    34.7310        573     2.3833  0.000e+00
     68.061    11.8967   3.965630    34.7319        574     2.3875  0.000e+00
     68.233    11.8968   3.965696    34.7323        575     2.3917  0.000e+00
     68.399    11.8971   3.965720    34.7323        576     2.3958  0.000e+00
     68.566    11.8972   3.965720    34.7320        577     2.4000  0.000e+00
     68.732    11.8974   3.965841    34.7330        578     2.4042  0.000e+00
     68.902    11.8974   3.965932    34.7338        579     2.4083  0.000e+00
     69.067    11.8977   3.966071    34.7349        580     2.4125  0.000e+00
     69.241    11.8983   3.966331    34.7367        581     2.4167  0.000e+00
     69.416    11.8994   3.966567    34.7379        582     2.4208  0.000e+00
     69.602    11.9007   3.966688    34.7378        583     2.4250  0.000e+00
     69.792    11.9021   3.966779    34.7373        584     2.4292  0.000e+00
     69.988    11.9031   3.966942    34.7379        585     2.4333  0.000e+00
     70.188    11.9043   3.966942    34.7367        586     2.4375  0.000e+00
     70.400    11.9051   3.966942    34.7358        587     2.4417  0.000e+00
     70.608    11.9055   3.967009    34.7360        588     2.4458  0.000e+00
     70.816    11.9057   3.967063    34.7363        589     2.4500  0.000e+00
     71.029    11.9060   3.967154    34.7368        590     2.4542  0.000e+00
     71.232    11.9063   3.967202    34.7369        591     2.4583  0.000e+00
     71.433    11.9065   3.967341    34.7380        592     2.4625  0.000e+00
     71.615    11.9071   3.967390    34.7378        593     2.4667  0.000e+00
     71.795    11.9075   3.967438    34.7378        594     2.4708  0.000e+00
     71.961    11.9080   3.967438    34.7373        595     2.4750  0.000e+00
     72.120    11.9081   3.967577    34.7385        596     2.4792  0.000e+00
     72.268    11.9084   3.967602    34.7384        597     2.4833  0.000e+00
     72.406    11.9086   3.967553    34.7377        598     2.4875  0.000e+00
     72.542    11.9084   3.967674    34.7390        599     2.4917  0.000e+00
     72.690    11.9082   3.967838    34.7407        600     2.4958  0.000e+00
     72.836    11.9086   3.968267    34.7445        601     2.5000  0.000e+00
     72.985    11.9100   3.968521    34.7456        602     2.5042  0.000e+00
     73.144    11.9122   3.968473    34.7430        603     2.5083  0.000e+00
     73.309    11.9136   3.968781    34.7446        604     2.5125  0.000e+00
     73.489    11.9148   3.969011    34.7457        605     2.5167  0.000e+00
     73.669    11.9161   3.969368    34.7479        606     2.5208  0.000e+00
     73.866    11.9175   3.969531    34.7480        607     2.5250  0.000e+00
     74.061    11.9186   3.969882    34.7504        608     2.5292  0.000e+00
     74.266    11.9192   3.970825    34.7589        609     2.5333  0.000e+00
     74.472    11.9197   3.971745    34.7674        610     2.5375  0.000e+00
     74.678    11.9202   3.972168    34.7709        611     2.5417  0.000e+00
     74.881    11.9211   3.972235    34.7707        612     2.5458  0.000e+00
     75.070    11.9216   3.972307    34.7708        613     2.5500  0.000e+00
     75.262    11.9210   3.971878    34.7671        614     2.5542  0.000e+00
     75.434    11.9181   3.971176    34.7628        615     2.5583  0.000e+00
     75.613    11.9125   3.970427    34.7607        616     2.5625  0.000e+00
     75.779    11.9054   3.970705    34.7700        617     2.5667  0.000e+00
     75.950    11.8996   3.969320    34.7618        618     2.5708  0.000e+00
     76.118    11.8924   3.968027    34.7558        619     2.5750  0.000e+00
     76.290    11.8810   3.965633    34.7430        620     2.5792  0.000e+00
     76.458    11.8655   3.964267    34.7440        621     2.5833  0.000e+00
     76.630    11.8459   3.963844    34.7581        622     2.5875  0.000e+00
     76.798    11.8306   3.963706    34.7710        623     2.5917  0.000e+00
     76.963    11.8193   3.964032    34.7847        624     2.5958  0.000e+00
     77.134    11.8123   3.963893    34.7898        625     2.6000  0.000e+00
