HB2406/sbe123.cnv
* Sea-Bird SBE 19plus V2 Data File:
* FileName = C:\cruise\data\sbe123.hex
* Software Version Seasave V 7.26.7.121
* Temperature SN = 7037
* Conductivity SN = 7037
* System UpLoad Time = Aug 22 2024 23:29:03
* NMEA Latitude = 41 02.65 N
* NMEA Longitude = 071 09.55 W
* NMEA UTC (Time) = Aug 22 2024  23:27:58
** Ship: Henry Bigelow
** Cruise:  HB2406
** Program:  ECOMON
# nquan = 7
# nvalues = 1666                                  
# units = specified
# name 0 = depSM: Depth [salt water, m]
# name 1 = tv290C: Temperature [ITS-90, deg C]
# name 2 = c0S/m: Conductivity [S/m]
# name 3 = sal00: Salinity, Practical [PSU]
# name 4 = scan: Scan Count
# name 5 = timeM: Time, Elapsed [minutes]
# name 6 = flag:  0.000e+00
# span 0 =      0.039,     34.051                 
# span 1 =    11.9828,    21.0355                 
# span 2 =  -0.095058,   4.442706                 
# span 3 =     0.0000,    33.6902                 
# span 4 =         11,       1676                 
# span 5 =     0.0417,     6.9792                 
# span 6 = 0.0000e+00, 0.0000e+00                 
# interval = seconds: 0.25
# start_time = Aug 22 2024 23:27:58 [NMEA time, header]
# bad_flag = -9.990e-29
*END*
[from data line 821]
     22.067    12.9896   3.756980    31.7819        832     3.4625  0.000e+00
     22.022    13.0038   3.759049    31.7895        833     3.4667  0.000e+00
     21.971    13.0207   3.761143    31.7950        834     3.4708  0.000e+00
     21.920    13.0411   3.762663    31.7923        835     3.4750  0.000e+00
     21.863    13.0605   3.764852    31.7966        836     3.4792  0.000e+00
     21.801    13.0808   3.767006    31.7999        837     3.4833  0.000e+00
     21.747    13.1040   3.769380    31.8027        838     3.4875  0.000e+00
     21.692    13.1298   3.771162    31.7979        839     3.4917  0.000e+00
     21.644    13.1551   3.772636    31.7905        840     3.4958  0.000e+00
     21.597    13.1784   3.773927    31.7832        841     3.5000  0.000e+00
     21.548    13.2000   3.775029    31.7754        842     3.5042  0.000e+00
     21.517    13.2191   3.775965    31.7682        843     3.5083  0.000e+00
     21.479    13.2352   3.777043    31.7649        844     3.5125  0.000e+00
     21.448    13.2499   3.778305    31.7645        845     3.5167  0.000e+00
     21.420    13.2640   3.779170    31.7608        846     3.5208  0.000e+00
     21.396    13.2772   3.779306    31.7511        847     3.5250  0.000e+00
     21.369    13.2867   3.779834    31.7480        848     3.5292  0.000e+00
     21.342    13.2944   3.780480    31.7477        849     3.5333  0.000e+00
     21.307    13.3017   3.781203    31.7484        850     3.5375  0.000e+00
     21.278    13.3097   3.781742    31.7467        851     3.5417  0.000e+00
     21.244    13.3183   3.782412    31.7458        852     3.5458  0.000e+00
     21.213    13.3268   3.783034    31.7446        853     3.5500  0.000e+00
     21.172    13.3352   3.783384    31.7409        854     3.5542  0.000e+00
     21.136    13.3427   3.783704    31.7376        855     3.5583  0.000e+00
     21.092    13.3492   3.784119    31.7361        856     3.5625  0.000e+00
     21.052    13.3555   3.784653    31.7359        857     3.5667  0.000e+00
     21.005    13.3628   3.785750    31.7400        858     3.5708  0.000e+00
     20.951    13.3726   3.786984    31.7434        859     3.5750  0.000e+00
     20.899    13.3842   3.788164    31.7448        860     3.5792  0.000e+00
     20.842    13.3970   3.790448    31.7554        861     3.5833  0.000e+00
     20.786    13.4147   3.791807    31.7534        862     3.5875  0.000e+00
     20.730    13.4357   3.797732    31.7912        863     3.5917  0.000e+00
     20.674    13.4697   3.799002    31.7747        864     3.5958  0.000e+00
     20.624    13.5044   3.798978    31.7456        865     3.6000  0.000e+00
     20.571    13.5286   3.799198    31.7275        866     3.6042  0.000e+00
     20.522    13.5449   3.800807    31.7290        867     3.6083  0.000e+00
     20.472    13.5595   3.801033    31.7190        868     3.6125  0.000e+00
     20.428    13.5716   3.801573    31.7140        869     3.6167  0.000e+00
     20.387    13.5806   3.801924    31.7098        870     3.6208  0.000e+00
     20.350    13.5885   3.801858    31.7026        871     3.6250  0.000e+00
     20.314    13.5933   3.800498    31.6861        872     3.6292  0.000e+00
     20.278    13.5955   3.801591    31.6944        873     3.6333  0.000e+00
     20.240    13.5960   3.801715    31.6952        874     3.6375  0.000e+00
     20.202    13.5963   3.801858    31.6962        875     3.6417  0.000e+00
     20.162    13.5974   3.802304    31.6995        876     3.6458  0.000e+00
     20.121    13.6001   3.801899    31.6935        877     3.6500  0.000e+00
     20.079    13.6006   3.801810    31.6922        878     3.6542  0.000e+00
     20.038    13.5998   3.801810    31.6929        879     3.6583  0.000e+00
     19.987    13.5994   3.802185    31.6968        880     3.6625  0.000e+00
     19.936    13.6004   3.802036    31.6946        881     3.6667  0.000e+00
     19.884    13.6012   3.802351    31.6969        882     3.6708  0.000e+00
     19.833    13.6026   3.802416    31.6964        883     3.6750  0.000e+00
     19.777    13.6040   3.802416    31.6952        884     3.6792  0.000e+00
     19.725    13.6046   3.802458    31.6951        885     3.6833  0.000e+00
     19.670    13.6054   3.802297    31.6929        886     3.6875  0.000e+00
     19.622    13.6055   3.802749    31.6971        887     3.6917  0.000e+00
     19.575    13.6065   3.802927    31.6980        888     3.6958  0.000e+00
     19.535    13.6087   3.804234    31.7083        889     3.7000  0.000e+00
     19.484    13.6151   3.804781    31.7081        890     3.7042  0.000e+00
     19.442    13.6236   3.805096    31.7040        891     3.7083  0.000e+00
     19.403    13.6302   3.805262    31.7000        892     3.7125  0.000e+00
     19.357    13.6360   3.805833    31.7006        893     3.7167  0.000e+00
     19.309    13.6426   3.806861    31.7047        894     3.7208  0.000e+00
     19.262    13.6517   3.807604    31.7040        895     3.7250  0.000e+00
     19.213    13.6619   3.807889    31.6982        896     3.7292  0.000e+00
     19.164    13.6695   3.808228    31.6951        897     3.7333  0.000e+00
     19.117    13.6760   3.808608    31.6932        898     3.7375  0.000e+00
     19.068    13.6822   3.809185    31.6935        899     3.7417  0.000e+00
     19.018    13.6889   3.809726    31.6930        900     3.7458  0.000e+00
     18.967    13.6957   3.810172    31.6915        901     3.7500  0.000e+00
     18.920    13.7021   3.810707    31.6912        902     3.7542  0.000e+00
     18.876    13.7085   3.811379    31.6921        903     3.7583  0.000e+00
     18.831    13.7162   3.812747    31.6984        904     3.7625  0.000e+00
     18.793    13.7274   3.814609    31.7064        905     3.7667  0.000e+00
     18.754    13.7439   3.816043    31.7060        906     3.7708  0.000e+00
     18.716    13.7625   3.817435    31.7035        907     3.7750  0.000e+00
     18.681    13.7808   3.818286    31.6963        908     3.7792  0.000e+00
     18.649    13.7974   3.821810    31.7151        909     3.7833  0.000e+00
     18.607    13.8227   3.824245    31.7167        910     3.7875  0.000e+00
     18.571    13.8529   3.825293    31.7015        911     3.7917  0.000e+00
     18.538    13.8787   3.826484    31.6912        912     3.7958  0.000e+00
     18.500    13.9001   3.827836    31.6860        913     3.8000  0.000e+00
     18.462    13.9206   3.829510    31.6845        914     3.8042  0.000e+00
     18.413    13.9411   3.830916    31.6806        915     3.8083  0.000e+00
     18.366    13.9609   3.832316    31.6772        916     3.8125  0.000e+00
     18.323    13.9797   3.833139    31.6693        917     3.8167  0.000e+00
     18.269    13.9962   3.833782    31.6617        918     3.8208  0.000e+00
     18.216    14.0100   3.834730    31.6591        919     3.8250  0.000e+00
     18.160    14.0226   3.835898    31.6595        920     3.8292  0.000e+00
     18.100    14.0358   3.837240    31.6609        921     3.8333  0.000e+00
     18.037    14.0506   3.839286    31.6675        922     3.8375  0.000e+00
     17.981    14.0698   3.841367    31.6710        923     3.8417  0.000e+00
     17.914    14.0921   3.843217    31.6696        924     3.8458  0.000e+00
     17.862    14.1145   3.845938    31.6762        925     3.8500  0.000e+00
     17.809    14.1407   3.848129    31.6747        926     3.8542  0.000e+00
     17.764    14.1687   3.850511    31.6736        927     3.8583  0.000e+00
     17.719    14.1968   3.852822    31.6717        928     3.8625  0.000e+00
     17.672    14.2258   3.854273    31.6612        929     3.8667  0.000e+00
     17.632    14.2515   3.855462    31.6511        930     3.8708  0.000e+00
     17.596    14.2729   3.856771    31.6455        931     3.8750  0.000e+00
     17.560    14.2924   3.858133    31.6420        932     3.8792  0.000e+00
     17.518    14.3107   3.859334    31.6380        933     3.8833  0.000e+00
     17.476    14.3278   3.860452    31.6343        934     3.8875  0.000e+00
     17.429    14.3437   3.862156    31.6368        935     3.8917  0.000e+00
     17.381    14.3611   3.864751    31.6462        936     3.8958  0.000e+00
     17.334    14.3837   3.867825    31.6558        937     3.9000  0.000e+00
     17.288    14.4127   3.870518    31.6567        938     3.9042  0.000e+00
     17.243    14.4440   3.873253    31.6560        939     3.9083  0.000e+00
     17.198    14.4778   3.875438    31.6483        940     3.9125  0.000e+00
     17.153    14.5088   3.875808    31.6264        941     3.9167  0.000e+00
     17.106    14.5314   3.876521    31.6145        942     3.9208  0.000e+00
     17.066    14.5479   3.876952    31.6049        943     3.9250  0.000e+00
     17.024    14.5607   3.877820    31.6024        944     3.9292  0.000e+00
     16.981    14.5720   3.878047    31.5953        945     3.9333  0.000e+00
     16.945    14.5806   3.878017    31.5880        946     3.9375  0.000e+00
     16.910    14.5861   3.878281    31.5860        947     3.9417  0.000e+00
     16.878    14.5906   3.879101    31.5898        948     3.9458  0.000e+00
     16.847    14.5961   3.879628    31.5901        949     3.9500  0.000e+00
     16.813    14.6025   3.881048    31.5978        950     3.9542  0.000e+00
     16.776    14.6129   3.882306    31.6007        951     3.9583  0.000e+00
     16.742    14.6260   3.882809    31.5947        952     3.9625  0.000e+00
     16.704    14.6373   3.883540    31.5921        953     3.9667  0.000e+00
     16.661    14.6480   3.884913    31.5959        954     3.9708  0.000e+00
     16.621    14.6604   3.885512    31.5912        955     3.9750  0.000e+00
     16.578    14.6725   3.886267    31.5883        956     3.9792  0.000e+00
     16.532    14.6834   3.886771    31.5839        957     3.9833  0.000e+00
     16.485    14.6931   3.887208    31.5801        958     3.9875  0.000e+00
     16.446    14.7010   3.887616    31.5773        959     3.9917  0.000e+00
     16.397    14.7076   3.887849    31.5741        960     3.9958  0.000e+00
     16.360    14.7133   3.888137    31.5721        961     4.0000  0.000e+00
     16.323    14.7178   3.888515    31.5719        962     4.0042  0.000e+00
     16.281    14.7224   3.888994    31.5725        963     4.0083  0.000e+00
     16.239    14.7275   3.889570    31.5736        964     4.0125  0.000e+00
     16.201    14.7333   3.890254    31.5751        965     4.0167  0.000e+00
     16.167    14.7400   3.891267    31.5788        966     4.0208  0.000e+00
     16.129    14.7486   3.891999    31.5785        967     4.0250  0.000e+00
     16.096    14.7577   3.892388    31.5746        968     4.0292  0.000e+00
     16.060    14.7655   3.892652    31.5707        969     4.0333  0.000e+00
     16.033    14.7713   3.893054    31.5696        970     4.0375  0.000e+00
     16.001    14.7767   3.893426    31.5686        971     4.0417  0.000e+00
     15.966    14.7815   3.893858    31.5687        972     4.0458  0.000e+00
     15.934    14.7868   3.894896    31.5738        973     4.0500  0.000e+00
     15.898    14.7938   3.895586    31.5743        974     4.0542  0.000e+00
     15.861    14.8017   3.895585    31.5679        975     4.0583  0.000e+00
     15.827    14.8072   3.895885    31.5662        976     4.0625  0.000e+00
     15.787    14.8117   3.896023    31.5638        977     4.0667  0.000e+00
     15.749    14.8149   3.896059    31.5616        978     4.0708  0.000e+00
     15.708    14.8174   3.896203    31.5608        979     4.0750  0.000e+00
     15.668    14.8193   3.896965    31.5662        980     4.0792  0.000e+00
     15.624    14.8238   3.898664    31.5779        981     4.0833  0.000e+00
     15.574    14.8338   3.899288    31.5754        982     4.0875  0.000e+00
     15.530    14.8442   3.899864    31.5722        983     4.0917  0.000e+00
     15.487    14.8538   3.901887    31.5827        984     4.0958  0.000e+00
     15.440    14.8681   3.903803    31.5884        985     4.1000  0.000e+00
     15.398    14.8866   3.904493    31.5797        986     4.1042  0.000e+00
     15.355    14.9018   3.904721    31.5694        987     4.1083  0.000e+00
     15.306    14.9129   3.904991    31.5630        988     4.1125  0.000e+00
     15.266    14.9206   3.905087    31.5576        989     4.1167  0.000e+00
     15.225    14.9258   3.905225    31.5546        990     4.1208  0.000e+00
     15.188    14.9294   3.905369    31.5531        991     4.1250  0.000e+00
     15.158    14.9326   3.905460    31.5513        992     4.1292  0.000e+00
     15.132    14.9347   3.905622    31.5510        993     4.1333  0.000e+00
     15.102    14.9366   3.905760    31.5507        994     4.1375  0.000e+00
     15.071    14.9384   3.905874    31.5503        995     4.1417  0.000e+00
     15.051    14.9403   3.906222    31.5519        996     4.1458  0.000e+00
     15.024    14.9425   3.906541    31.5530        997     4.1500  0.000e+00
     14.998    14.9453   3.906703    31.5522        998     4.1542  0.000e+00
     14.969    14.9479   3.906889    31.5518        999     4.1583  0.000e+00
     14.944    14.9502   3.907039    31.5513       1000     4.1625  0.000e+00
     14.912    14.9524   3.907231    31.5513       1001     4.1667  0.000e+00
     14.881    14.9546   3.907490    31.5518       1002     4.1708  0.000e+00
     14.852    14.9569   3.907904    31.5537       1003     4.1750  0.000e+00
     14.812    14.9601   3.908547    31.5569       1004     4.1792  0.000e+00
     14.781    14.9649   3.908944    31.5567       1005     4.1833  0.000e+00
     14.742    14.9712   3.909634    31.5578       1006     4.1875  0.000e+00
     14.711    14.9787   3.910187    31.5567       1007     4.1917  0.000e+00
     14.673    14.9861   3.910788    31.5561       1008     4.1958  0.000e+00
     14.642    14.9933   3.911551    31.5572       1009     4.2000  0.000e+00
     14.610    15.0008   3.912266    31.5576       1010     4.2042  0.000e+00
     14.577    15.0087   3.913120    31.5589       1011     4.2083  0.000e+00
     14.539    15.0175   3.913859    31.5585       1012     4.2125  0.000e+00
     14.505    15.0263   3.914508    31.5572       1013     4.2167  0.000e+00
     14.463    15.0347   3.915104    31.5558       1014     4.2208  0.000e+00
     14.421    15.0424   3.915759    31.5554       1015     4.2250  0.000e+00
     14.376    15.0501   3.916426    31.5552       1016     4.2292  0.000e+00
     14.331    15.0582   3.917352    31.5570       1017     4.2333  0.000e+00
     14.284    15.0673   3.918393    31.5590       1018     4.2375  0.000e+00
     14.235    15.0779   3.919415    31.5597       1019     4.2417  0.000e+00
     14.192    15.0896   3.920365    31.5588       1020     4.2458  0.000e+00
     14.145    15.1010   3.921105    31.5562       1021     4.2500  0.000e+00
     14.099    15.1117   3.921797    31.5538       1022     4.2542  0.000e+00
     14.056    15.1217   3.922543    31.5525       1023     4.2583  0.000e+00
     14.020    15.1311   3.923259    31.5513       1024     4.2625  0.000e+00
     13.989    15.1402   3.923957    31.5503       1025     4.2667  0.000e+00
     13.951    15.1488   3.924583    31.5490       1026     4.2708  0.000e+00
     13.926    15.1571   3.925233    31.5481       1027     4.2750  0.000e+00
     13.900    15.1653   3.925786    31.5465       1028     4.2792  0.000e+00
     13.879    15.1730   3.926250    31.5444       1029     4.2833  0.000e+00
     13.859    15.1797   3.926623    31.5423       1030     4.2875  0.000e+00
     13.841    15.1858   3.926990    31.5407       1031     4.2917  0.000e+00
     13.823    15.1910   3.927339    31.5397       1032     4.2958  0.000e+00
     13.797    15.1959   3.927736    31.5393       1033     4.3000  0.000e+00
     13.767    15.2004   3.928128    31.5392       1034     4.3042  0.000e+00
     13.738    15.2050   3.928573    31.5395       1035     4.3083  0.000e+00
