HB2406/sbe113.cnv
* Sea-Bird SBE 19plus V2 Data File:
* FileName = C:\cruise\data\sbe113.hex
* Software Version Seasave V 7.26.7.121
* Temperature SN = 7037
* Conductivity SN = 7037
* System UpLoad Time = Aug 22 2024 04:53:26
* NMEA Latitude = 39 50.66 N
* NMEA Longitude = 070 36.73 W
* NMEA UTC (Time) = Aug 22 2024  04:52:21
** Ship: Henry Bigelow
** Cruise:  HB2406
** Program:  ECOMON
# nquan = 7
# nvalues = 4299                                  
# units = specified
# name 0 = depSM: Depth [salt water, m]
# name 1 = tv290C: Temperature [ITS-90, deg C]
# name 2 = c0S/m: Conductivity [S/m]
# name 3 = sal00: Salinity, Practical [PSU]
# name 4 = scan: Scan Count
# name 5 = timeM: Time, Elapsed [minutes]
# name 6 = flag:  0.000e+00
# span 0 =      0.007,    200.342                 
# span 1 =    10.6306,    24.5371                 
# span 2 =  -0.019186,   4.966660                 
# span 3 =     0.0000,    35.3551                 
# span 4 =         11,       4309                 
# span 5 =     0.0417,    17.9500                 
# span 6 = 0.0000e+00, 0.0000e+00                 
# interval = seconds: 0.25
# start_time = Aug 22 2024 04:52:21 [NMEA time, header]
# bad_flag = -9.990e-29
*END*
[from data line 2462]
    123.912    11.7827   4.004942    35.1995       2473    10.3000  0.000e+00
    123.836    11.7847   4.004942    35.1977       2474    10.3042  0.000e+00
    123.760    11.7863   4.005252    35.1992       2475    10.3083  0.000e+00
    123.695    11.7879   4.005415    35.1993       2476    10.3125  0.000e+00
    123.633    11.7897   4.005464    35.1981       2477    10.3167  0.000e+00
    123.583    11.7909   4.005415    35.1965       2478    10.3208  0.000e+00
    123.535    11.7917   4.005397    35.1956       2479    10.3250  0.000e+00
    123.499    11.7921   4.005464    35.1959       2480    10.3292  0.000e+00
    123.465    11.7923   4.005658    35.1976       2481    10.3333  0.000e+00
    123.429    11.7932   4.005725    35.1975       2482    10.3375  0.000e+00
    123.400    11.7939   4.005773    35.1973       2483    10.3417  0.000e+00
    123.367    11.7947   4.005700    35.1958       2484    10.3458  0.000e+00
    123.336    11.7949   4.005725    35.1959       2485    10.3500  0.000e+00
    123.300    11.7950   4.005828    35.1968       2486    10.3542  0.000e+00
    123.260    11.7956   4.006034    35.1983       2487    10.3583  0.000e+00
    123.219    11.7962   4.006034    35.1977       2488    10.3625  0.000e+00
    123.168    11.7971   4.006058    35.1972       2489    10.3667  0.000e+00
    123.117    11.7976   4.006489    35.2010       2490    10.3708  0.000e+00
    123.061    11.7987   4.006823    35.2031       2491    10.3750  0.000e+00
    122.996    11.8007   4.006944    35.2025       2492    10.3792  0.000e+00
    122.929    11.8028   4.006963    35.2007       2493    10.3833  0.000e+00
    122.853    11.8042   4.007296    35.2027       2494    10.3875  0.000e+00
    122.777    11.8056   4.007224    35.2007       2495    10.3917  0.000e+00
    122.699    11.8071   4.007272    35.1998       2496    10.3958  0.000e+00
    122.621    11.8078   4.007126    35.1977       2497    10.4000  0.000e+00
    122.542    11.8081   4.006829    35.1946       2498    10.4042  0.000e+00
    122.460    11.8072   4.005226    35.1797       2499    10.4083  0.000e+00
    122.386    11.8038   4.004541    35.1763       2500    10.4125  0.000e+00
    122.310    11.7989   4.004231    35.1778       2501    10.4167  0.000e+00
    122.236    11.7949   4.003564    35.1751       2502    10.4208  0.000e+00
    122.163    11.7909   4.003442    35.1778       2503    10.4250  0.000e+00
    122.096    11.7877   4.003345    35.1799       2504    10.4292  0.000e+00
    122.021    11.7856   4.003254    35.1810       2505    10.4333  0.000e+00
    121.950    11.7843   4.003042    35.1802       2506    10.4375  0.000e+00
    121.876    11.7835   4.002587    35.1765       2507    10.4417  0.000e+00
    121.807    11.7822   4.002235    35.1743       2508    10.4458  0.000e+00
    121.742    11.7806   4.002211    35.1757       2509    10.4500  0.000e+00
    121.682    11.7794   4.002211    35.1767       2510    10.4542  0.000e+00
    121.624    11.7787   4.001592    35.1714       2511    10.4583  0.000e+00
    121.572    11.7770   4.000664    35.1639       2512    10.4625  0.000e+00
    121.525    11.7736   4.000427    35.1648       2513    10.4667  0.000e+00
    121.483    11.7703   4.000288    35.1666       2514    10.4708  0.000e+00
    121.436    11.7680   4.000263    35.1685       2515    10.4750  0.000e+00
    121.396    11.7664   4.000239    35.1699       2516    10.4792  0.000e+00
    121.354    11.7653   4.000227    35.1708       2517    10.4833  0.000e+00
    121.309    11.7648   4.000191    35.1710       2518    10.4875  0.000e+00
    121.260    11.7643   4.000002    35.1696       2519    10.4917  0.000e+00
    121.202    11.7638   3.999930    35.1694       2520    10.4958  0.000e+00
    121.144    11.7632   3.999905    35.1697       2521    10.5000  0.000e+00
    121.072    11.7630   3.999693    35.1679       2522    10.5042  0.000e+00
    121.000    11.7625   3.999638    35.1679       2523    10.5083  0.000e+00
    120.924    11.7623   3.999620    35.1679       2524    10.5125  0.000e+00
    120.844    11.7630   3.999790    35.1690       2525    10.5167  0.000e+00
    120.763    11.7643   4.000118    35.1709       2526    10.5208  0.000e+00
    120.685    11.7664   4.000026    35.1681       2527    10.5250  0.000e+00
    120.611    11.7678   4.000075    35.1673       2528    10.5292  0.000e+00
    120.533    11.7688   4.000117    35.1668       2529    10.5333  0.000e+00
    120.473    11.7694   4.000069    35.1657       2530    10.5375  0.000e+00
    120.408    11.7698   4.000475    35.1694       2531    10.5417  0.000e+00
    120.353    11.7713   4.001355    35.1766       2532    10.5458  0.000e+00
    120.296    11.7749   4.001470    35.1744       2533    10.5500  0.000e+00
    120.239    11.7784   4.001567    35.1721       2534    10.5542  0.000e+00
    120.189    11.7808   4.001688    35.1710       2535    10.5583  0.000e+00
    120.136    11.7827   4.001549    35.1679       2536    10.5625  0.000e+00
    120.084    11.7836   4.001567    35.1672       2537    10.5667  0.000e+00
    120.033    11.7842   4.001567    35.1667       2538    10.5708  0.000e+00
    119.979    11.7846   4.001403    35.1647       2539    10.5750  0.000e+00
    119.924    11.7843   4.001427    35.1653       2540    10.5792  0.000e+00
    119.870    11.7840   4.001427    35.1655       2541    10.5833  0.000e+00
    119.819    11.7839   4.001458    35.1660       2542    10.5875  0.000e+00
    119.769    11.7838   4.001451    35.1660       2543    10.5917  0.000e+00
    119.725    11.7838   4.001567    35.1671       2544    10.5958  0.000e+00
    119.684    11.7841   4.001997    35.1711       2545    10.6000  0.000e+00
    119.644    11.7856   4.002113    35.1709       2546    10.6042  0.000e+00
    119.606    11.7872   4.001997    35.1682       2547    10.6083  0.000e+00
    119.562    11.7882   4.001973    35.1671       2548    10.6125  0.000e+00
    119.514    11.7885   4.002137    35.1684       2549    10.6167  0.000e+00
    119.467    11.7891   4.002064    35.1672       2550    10.6208  0.000e+00
    119.405    11.7895   4.002349    35.1696       2551    10.6250  0.000e+00
    119.338    11.7905   4.002853    35.1737       2552    10.6292  0.000e+00
    119.253    11.7925   4.002398    35.1673       2553    10.6333  0.000e+00
    119.161    11.7931   4.002804    35.1708       2554    10.6375  0.000e+00
    119.050    11.7943   4.003138    35.1730       2555    10.6417  0.000e+00
    118.940    11.7965   4.003417    35.1737       2556    10.6458  0.000e+00
    118.828    11.7994   4.003726    35.1740       2557    10.6500  0.000e+00
    118.721    11.8031   4.003969    35.1729       2558    10.6542  0.000e+00
    118.623    11.8065   4.004133    35.1714       2559    10.6583  0.000e+00
    118.538    11.8095   4.004181    35.1691       2560    10.6625  0.000e+00
    118.468    11.8116   4.004163    35.1669       2561    10.6667  0.000e+00
    118.413    11.8132   4.003611    35.1600       2562    10.6708  0.000e+00
    118.372    11.8134   4.003350    35.1572       2563    10.6750  0.000e+00
    118.343    11.8132   4.003301    35.1570       2564    10.6792  0.000e+00
    118.317    11.8127   4.003180    35.1563       2565    10.6833  0.000e+00
    118.303    11.8124   4.003253    35.1573       2566    10.6875  0.000e+00
    118.288    11.8121   4.003186    35.1569       2567    10.6917  0.000e+00
    118.261    11.8120   4.003089    35.1560       2568    10.6958  0.000e+00
    118.236    11.8115   4.003137    35.1571       2569    10.7000  0.000e+00
    118.207    11.8112   4.003155    35.1575       2570    10.7042  0.000e+00
    118.165    11.8113   4.003113    35.1570       2571    10.7083  0.000e+00
    118.115    11.8112   4.003113    35.1571       2572    10.7125  0.000e+00
    118.046    11.8111   4.002573    35.1520       2573    10.7167  0.000e+00
    117.963    11.8101   4.001802    35.1454       2574    10.7208  0.000e+00
    117.872    11.8075   4.001378    35.1437       2575    10.7250  0.000e+00
    117.776    11.8047   4.001232    35.1450       2576    10.7292  0.000e+00
    117.666    11.8029   4.001517    35.1495       2577    10.7333  0.000e+00
    117.566    11.8028   4.001517    35.1496       2578    10.7375  0.000e+00
    117.470    11.8034   4.001232    35.1463       2579    10.7417  0.000e+00
    117.382    11.8038   4.001044    35.1442       2580    10.7458  0.000e+00
    117.295    11.8036   4.000947    35.1434       2581    10.7500  0.000e+00
    117.224    11.8035   4.000880    35.1429       2582    10.7542  0.000e+00
    117.153    11.8035   4.000662    35.1408       2583    10.7583  0.000e+00
    117.094    11.8031   4.000310    35.1378       2584    10.7625  0.000e+00
    117.043    11.8021   4.000140    35.1371       2585    10.7667  0.000e+00
    117.000    11.8010   4.000000    35.1368       2586    10.7708  0.000e+00
    116.953    11.7999   3.999928    35.1371       2587    10.7750  0.000e+00
    116.915    11.7992   3.999976    35.1383       2588    10.7792  0.000e+00
    116.877    11.7988   4.000025    35.1391       2589    10.7833  0.000e+00
    116.840    11.7988   4.000049    35.1394       2590    10.7875  0.000e+00
    116.802    11.7988   4.000097    35.1399       2591    10.7917  0.000e+00
    116.761    11.7991   4.000285    35.1415       2592    10.7958  0.000e+00
    116.715    11.7999   4.000455    35.1424       2593    10.8000  0.000e+00
    116.668    11.8010   4.000570    35.1425       2594    10.8042  0.000e+00
    116.616    11.8021   4.000643    35.1422       2595    10.8083  0.000e+00
    116.554    11.8033   4.000686    35.1415       2596    10.8125  0.000e+00
    116.491    11.8040   4.000734    35.1413       2597    10.8167  0.000e+00
    116.424    11.8048   4.000661    35.1399       2598    10.8208  0.000e+00
    116.352    11.8052   3.999472    35.1279       2599    10.8250  0.000e+00
    116.281    11.8033   3.997817    35.1135       2600    10.8292  0.000e+00
    116.216    11.7983   3.997247    35.1126       2601    10.8333  0.000e+00
    116.149    11.7925   3.995755    35.1035       2602    10.8375  0.000e+00
    116.087    11.7852   3.992888    35.0823       2603    10.8417  0.000e+00
    116.035    11.7742   3.992033    35.0843       2604    10.8458  0.000e+00
    115.979    11.7633   3.991773    35.0921       2605    10.8500  0.000e+00
    115.932    11.7553   3.991664    35.0986       2606    10.8542  0.000e+00
    115.879    11.7497   3.991609    35.1033       2607    10.8583  0.000e+00
    115.823    11.7463   3.991609    35.1066       2608    10.8625  0.000e+00
    115.769    11.7440   3.991609    35.1088       2609    10.8667  0.000e+00
    115.702    11.7428   3.991633    35.1102       2610    10.8708  0.000e+00
    115.637    11.7420   3.991730    35.1119       2611    10.8750  0.000e+00
    115.566    11.7420   3.991730    35.1120       2612    10.8792  0.000e+00
    115.492    11.7420   3.991748    35.1122       2613    10.8833  0.000e+00
    115.414    11.7421   3.991754    35.1122       2614    10.8875  0.000e+00
    115.345    11.7422   3.991748    35.1121       2615    10.8917  0.000e+00
    115.278    11.7421   3.991773    35.1124       2616    10.8958  0.000e+00
    115.215    11.7422   3.991797    35.1126       2617    10.9000  0.000e+00
    115.157    11.7423   3.991797    35.1125       2618    10.9042  0.000e+00
    115.103    11.7424   3.991797    35.1124       2619    10.9083  0.000e+00
    115.056    11.7426   3.991845    35.1128       2620    10.9125  0.000e+00
    115.011    11.7429   3.991912    35.1132       2621    10.9167  0.000e+00
    114.967    11.7433   3.991918    35.1128       2622    10.9208  0.000e+00
    114.924    11.7434   3.991772    35.1113       2623    10.9250  0.000e+00
    114.875    11.7433   3.991609    35.1098       2624    10.9292  0.000e+00
    114.822    11.7425   3.991372    35.1083       2625    10.9333  0.000e+00
    114.761    11.7414   3.991209    35.1078       2626    10.9375  0.000e+00
    114.688    11.7403   3.991445    35.1112       2627    10.9417  0.000e+00
    114.610    11.7401   3.991560    35.1126       2628    10.9458  0.000e+00
    114.534    11.7404   3.991342    35.1102       2629    10.9500  0.000e+00
    114.453    11.7403   3.991227    35.1092       2630    10.9542  0.000e+00
    114.377    11.7398   3.991227    35.1096       2631    10.9583  0.000e+00
    114.306    11.7393   3.991184    35.1097       2632    10.9625  0.000e+00
    114.247    11.7390   3.990803    35.1063       2633    10.9667  0.000e+00
    114.187    11.7379   3.990875    35.1081       2634    10.9708  0.000e+00
    114.133    11.7369   3.990924    35.1095       2635    10.9750  0.000e+00
    114.089    11.7367   3.990663    35.1072       2636    10.9792  0.000e+00
    114.046    11.7359   3.990924    35.1105       2637    10.9833  0.000e+00
    113.997    11.7357   3.990851    35.1100       2638    10.9875  0.000e+00
    113.954    11.7358   3.990924    35.1106       2639    10.9917  0.000e+00
    113.907    11.7358   3.990542    35.1069       2640    10.9958  0.000e+00
    113.856    11.7353   3.990378    35.1058       2641    11.0000  0.000e+00
    113.805    11.7343   3.990257    35.1056       2642    11.0042  0.000e+00
    113.751    11.7332   3.989760    35.1018       2643    11.0083  0.000e+00
    113.697    11.7312   3.988439    35.0907       2644    11.0125  0.000e+00
    113.642    11.7266   3.987967    35.0904       2645    11.0167  0.000e+00
    113.593    11.7218   3.987494    35.0903       2646    11.0208  0.000e+00
    113.546    11.7173   3.986828    35.0880       2647    11.0250  0.000e+00
    113.501    11.7129   3.986616    35.0902       2648    11.0292  0.000e+00
    113.449    11.7090   3.986477    35.0925       2649    11.0333  0.000e+00
    113.389    11.7063   3.985720    35.0876       2650    11.0375  0.000e+00
    113.324    11.7026   3.984962    35.0838       2651    11.0417  0.000e+00
    113.255    11.6981   3.984072    35.0792       2652    11.0458  0.000e+00
    113.175    11.6930   3.983570    35.0792       2653    11.0500  0.000e+00
    113.088    11.6880   3.983122    35.0795       2654    11.0542  0.000e+00
    112.996    11.6839   3.982934    35.0816       2655    11.0583  0.000e+00
    112.907    11.6807   3.982885    35.0842       2656    11.0625  0.000e+00
    112.813    11.6785   3.982789    35.0853       2657    11.0667  0.000e+00
    112.727    11.6769   3.982625    35.0853       2658    11.0708  0.000e+00
    112.650    11.6755   3.982104    35.0816       2659    11.0750  0.000e+00
    112.584    11.6733   3.981941    35.0821       2660    11.0792  0.000e+00
    112.535    11.6712   3.981559    35.0803       2661    11.0833  0.000e+00
    112.498    11.6691   3.981517    35.0819       2662    11.0875  0.000e+00
    112.468    11.6673   3.981257    35.0810       2663    11.0917  0.000e+00
    112.439    11.6656   3.979889    35.0692       2664    11.0958  0.000e+00
    112.411    11.6613   3.979531    35.0698       2665    11.1000  0.000e+00
    112.379    11.6568   3.979417    35.0729       2666    11.1042  0.000e+00
    112.339    11.6534   3.978848    35.0705       2667    11.1083  0.000e+00
    112.292    11.6500   3.978424    35.0696       2668    11.1125  0.000e+00
    112.234    11.6466   3.978382    35.0724       2669    11.1167  0.000e+00
    112.173    11.6440   3.978188    35.0730       2670    11.1208  0.000e+00
    112.095    11.6420   3.976675    35.0601       2671    11.1250  0.000e+00
    112.010    11.6372   3.974491    35.0431       2672    11.1292  0.000e+00
    111.919    11.6277   3.973033    35.0378       2673    11.1333  0.000e+00
    111.827    11.6177   3.972561    35.0426       2674    11.1375  0.000e+00
    111.738    11.6092   3.972162    35.0468       2675    11.1417  0.000e+00
    111.648    11.6027   3.971950    35.0509       2676    11.1458  0.000e+00
