HB2406/sbe100.cnv
* Sea-Bird SBE 19plus V2 Data File:
* FileName = C:\cruise\data\sbe100.hex
* Software Version Seasave V 7.26.7.121
* Temperature SN = 7037
* Conductivity SN = 7037
* System UpLoad Time = Aug 20 2024 23:14:30
* NMEA Latitude = 42 13.66 N
* NMEA Longitude = 070 05.31 W
* NMEA UTC (Time) = Aug 20 2024  23:13:25
** Ship: Henry Bigelow
** Cruise:  HB2406
** Program:  ECOMON
# nquan = 7
# nvalues = 3029                                  
# units = specified
# name 0 = depSM: Depth [salt water, m]
# name 1 = tv290C: Temperature [ITS-90, deg C]
# name 2 = c0S/m: Conductivity [S/m]
# name 3 = sal00: Salinity, Practical [PSU]
# name 4 = scan: Scan Count
# name 5 = timeM: Time, Elapsed [minutes]
# name 6 = flag:  0.000e+00
# span 0 =     -0.030,     98.757                 
# span 1 =     6.5021,    18.5750                 
# span 2 =  -0.000007,   4.213790                 
# span 3 =     0.0000,    32.8107                 
# span 4 =         11,       3039                 
# span 5 =     0.0417,    12.6583                 
# span 6 = 0.0000e+00, 0.0000e+00                 
# interval = seconds: 0.25
# start_time = Aug 20 2024 23:13:25 [NMEA time, header]
# bad_flag = -9.990e-29
*END*
[from data line 1026]
     92.363     6.6238   3.272305    32.5012       1037     4.3167  0.000e+00
     92.271     6.6232   3.272416    32.5030       1038     4.3208  0.000e+00
     92.178     6.6229   3.272092    32.4998       1039     4.3250  0.000e+00
     92.084     6.6224   3.271739    32.4964       1040     4.3292  0.000e+00
     91.994     6.6216   3.271560    32.4953       1041     4.3333  0.000e+00
     91.905     6.6207   3.271353    32.4938       1042     4.3375  0.000e+00
     91.817     6.6198   3.271230    32.4934       1043     4.3417  0.000e+00
     91.724     6.6190   3.271146    32.4933       1044     4.3458  0.000e+00
     91.634     6.6183   3.271012    32.4925       1045     4.3500  0.000e+00
     91.543     6.6178   3.270760    32.4903       1046     4.3542  0.000e+00
     91.447     6.6169   3.270391    32.4871       1047     4.3583  0.000e+00
     91.352     6.6161   3.270021    32.4839       1048     4.3625  0.000e+00
     91.248     6.6151   3.269842    32.4829       1049     4.3667  0.000e+00
     91.144     6.6142   3.269859    32.4840       1050     4.3708  0.000e+00
     91.035     6.6134   3.269753    32.4836       1051     4.3750  0.000e+00
     90.926     6.6133   3.269406    32.4799       1052     4.3792  0.000e+00
     90.812     6.6129   3.268885    32.4747       1053     4.3833  0.000e+00
     90.702     6.6126   3.268628    32.4722       1054     4.3875  0.000e+00
     90.590     6.6116   3.268158    32.4680       1055     4.3917  0.000e+00
     90.471     6.6104   3.267380    32.4606       1056     4.3958  0.000e+00
     90.328     6.6085   3.266659    32.4546       1057     4.4000  0.000e+00
     90.194     6.6060   3.266295    32.4529       1058     4.4042  0.000e+00
     90.073     6.6038   3.266217    32.4542       1059     4.4083  0.000e+00
     89.942     6.6024   3.266094    32.4543       1060     4.4125  0.000e+00
     89.812     6.6014   3.265602    32.4498       1061     4.4167  0.000e+00
     89.695     6.6005   3.264864    32.4426       1062     4.4208  0.000e+00
     89.581     6.5991   3.263701    32.4312       1063     4.4250  0.000e+00
     89.459     6.5964   3.261744    32.4123       1064     4.4292  0.000e+00
     89.334     6.5926   3.260637    32.4038       1065     4.4333  0.000e+00
     89.219     6.5884   3.260224    32.4032       1066     4.4375  0.000e+00
     89.094     6.5848   3.259844    32.4025       1067     4.4417  0.000e+00
     88.965     6.5819   3.259559    32.4022       1068     4.4458  0.000e+00
     88.841     6.5795   3.258866    32.3969       1069     4.4500  0.000e+00
     88.709     6.5772   3.256642    32.3746       1070     4.4542  0.000e+00
     88.571     6.5737   3.253844    32.3472       1071     4.4583  0.000e+00
     88.446     6.5689   3.252939    32.3418       1072     4.4625  0.000e+00
     88.316     6.5644   3.252202    32.3380       1073     4.4667  0.000e+00
     88.199     6.5609   3.251555    32.3342       1074     4.4708  0.000e+00
     88.065     6.5579   3.251309    32.3344       1075     4.4750  0.000e+00
     87.938     6.5558   3.251047    32.3335       1076     4.4792  0.000e+00
     87.824     6.5541   3.250762    32.3321       1077     4.4833  0.000e+00
     87.721     6.5529   3.250617    32.3317       1078     4.4875  0.000e+00
     87.598     6.5520   3.248401    32.3082       1079     4.4917  0.000e+00
     87.495     6.5499   3.245577    32.2790       1080     4.4958  0.000e+00
     87.379     6.5460   3.245248    32.2792       1081     4.5000  0.000e+00
     87.254     6.5426   3.244969    32.2794       1082     4.5042  0.000e+00
     87.149     6.5402   3.243977    32.2707       1083     4.5083  0.000e+00
     87.028     6.5379   3.243491    32.2676       1084     4.5125  0.000e+00
     86.887     6.5359   3.242761    32.2615       1085     4.5167  0.000e+00
     86.769     6.5339   3.242130    32.2565       1086     4.5208  0.000e+00
     86.654     6.5318   3.241723    32.2541       1087     4.5250  0.000e+00
     86.529     6.5297   3.241545    32.2542       1088     4.5292  0.000e+00
     86.413     6.5278   3.241445    32.2549       1089     4.5333  0.000e+00
     86.319     6.5266   3.241344    32.2550       1090     4.5375  0.000e+00
     86.207     6.5257   3.241037    32.2525       1091     4.5417  0.000e+00
     86.089     6.5252   3.240246    32.2442       1092     4.5458  0.000e+00
     85.988     6.5246   3.238902    32.2300       1093     4.5500  0.000e+00
     85.890     6.5232   3.237592    32.2170       1094     4.5542  0.000e+00
     85.780     6.5210   3.236544    32.2076       1095     4.5583  0.000e+00
     85.675     6.5187   3.235976    32.2035       1096     4.5625  0.000e+00
     85.563     6.5169   3.235514    32.2002       1097     4.5667  0.000e+00
     85.456     6.5153   3.235129    32.1974       1098     4.5708  0.000e+00
     85.351     6.5139   3.234761    32.1948       1099     4.5750  0.000e+00
     85.219     6.5127   3.234399    32.1919       1100     4.5792  0.000e+00
     85.109     6.5114   3.234037    32.1893       1101     4.5833  0.000e+00
     84.995     6.5099   3.233853    32.1887       1102     4.5875  0.000e+00
     84.879     6.5087   3.233653    32.1877       1103     4.5917  0.000e+00
     84.768     6.5078   3.233469    32.1865       1104     4.5958  0.000e+00
     84.662     6.5074   3.233446    32.1868       1105     4.6000  0.000e+00
     84.568     6.5078   3.233446    32.1864       1106     4.6042  0.000e+00
     84.477     6.5094   3.233803    32.1888       1107     4.6083  0.000e+00
     84.396     6.5129   3.234154    32.1895       1108     4.6125  0.000e+00
     84.311     6.5164   3.234360    32.1885       1109     4.6167  0.000e+00
     84.226     6.5199   3.234438    32.1861       1110     4.6208  0.000e+00
     84.139     6.5226   3.234376    32.1829       1111     4.6250  0.000e+00
     84.052     6.5244   3.234315    32.1806       1112     4.6292  0.000e+00
     83.963     6.5252   3.234477    32.1817       1113     4.6333  0.000e+00
     83.869     6.5260   3.234789    32.1844       1114     4.6375  0.000e+00
     83.772     6.5277   3.235045    32.1857       1115     4.6417  0.000e+00
     83.672     6.5300   3.235591    32.1896       1116     4.6458  0.000e+00
     83.571     6.5334   3.235875    32.1896       1117     4.6500  0.000e+00
     83.462     6.5376   3.235630    32.1829       1118     4.6542  0.000e+00
     83.361     6.5408   3.236014    32.1842       1119     4.6583  0.000e+00
     83.256     6.5450   3.236237    32.1827       1120     4.6625  0.000e+00
     83.162     6.5499   3.235813    32.1736       1121     4.6667  0.000e+00
     83.066     6.5550   3.235813    32.1688       1122     4.6708  0.000e+00
     82.972     6.5610   3.235568    32.1605       1123     4.6750  0.000e+00
     82.881     6.5660   3.235289    32.1527       1124     4.6792  0.000e+00
     82.795     6.5691   3.234883    32.1454       1125     4.6833  0.000e+00
     82.713     6.5702   3.233974    32.1344       1126     4.6875  0.000e+00
     82.626     6.5709   3.233534    32.1290       1127     4.6917  0.000e+00
     82.534     6.5718   3.232014    32.1114       1128     4.6958  0.000e+00
     82.449     6.5748   3.231507    32.1030       1129     4.7000  0.000e+00
     82.357     6.5822   3.231490    32.0960       1130     4.7042  0.000e+00
     82.263     6.5890   3.231790    32.0929       1131     4.7083  0.000e+00
     82.169     6.5958   3.232052    32.0895       1132     4.7125  0.000e+00
     82.067     6.6033   3.232074    32.0828       1133     4.7167  0.000e+00
     81.962     6.6095   3.231913    32.0752       1134     4.7208  0.000e+00
     81.867     6.6148   3.231829    32.0694       1135     4.7250  0.000e+00
     81.778     6.6168   3.232197    32.0716       1136     4.7292  0.000e+00
     81.673     6.6176   3.232174    32.0706       1137     4.7333  0.000e+00
     81.590     6.6184   3.232152    32.0697       1138     4.7375  0.000e+00
     81.507     6.6199   3.231990    32.0665       1139     4.7417  0.000e+00
     81.425     6.6236   3.231712    32.0600       1140     4.7458  0.000e+00
     81.347     6.6282   3.231662    32.0553       1141     4.7500  0.000e+00
     81.275     6.6325   3.231650    32.0511       1142     4.7542  0.000e+00
     81.210     6.6358   3.231628    32.0478       1143     4.7583  0.000e+00
     81.139     6.6384   3.231567    32.0447       1144     4.7625  0.000e+00
     81.072     6.6410   3.231506    32.0416       1145     4.7667  0.000e+00
     81.002     6.6432   3.231505    32.0396       1146     4.7708  0.000e+00
     80.933     6.6450   3.231550    32.0385       1147     4.7750  0.000e+00
     80.862     6.6463   3.231550    32.0373       1148     4.7792  0.000e+00
     80.797     6.6474   3.231544    32.0363       1149     4.7833  0.000e+00
     80.732     6.6487   3.231505    32.0346       1150     4.7875  0.000e+00
     80.672     6.6499   3.231528    32.0338       1151     4.7917  0.000e+00
     80.603     6.6506   3.231489    32.0327       1152     4.7958  0.000e+00
     80.538     6.6513   3.231505    32.0323       1153     4.8000  0.000e+00
     80.471     6.6514   3.231505    32.0322       1154     4.8042  0.000e+00
     80.408     6.6513   3.231489    32.0322       1155     4.8083  0.000e+00
     80.345     6.6514   3.231427    32.0315       1156     4.8125  0.000e+00
     80.287     6.6524   3.231444    32.0307       1157     4.8167  0.000e+00
     80.234     6.6530   3.231466    32.0304       1158     4.8208  0.000e+00
     80.180     6.6533   3.231444    32.0299       1159     4.8250  0.000e+00
     80.138     6.6539   3.231444    32.0294       1160     4.8292  0.000e+00
     80.090     6.6543   3.231444    32.0291       1161     4.8333  0.000e+00
     80.048     6.6546   3.231366    32.0279       1162     4.8375  0.000e+00
     80.006     6.6548   3.231316    32.0272       1163     4.8417  0.000e+00
     79.967     6.6550   3.231305    32.0269       1164     4.8458  0.000e+00
     79.930     6.6556   3.231344    32.0268       1165     4.8500  0.000e+00
     79.887     6.6558   3.231343    32.0266       1166     4.8542  0.000e+00
     79.845     6.6559   3.231343    32.0265       1167     4.8583  0.000e+00
     79.802     6.6562   3.231343    32.0263       1168     4.8625  0.000e+00
     79.760     6.6565   3.231327    32.0259       1169     4.8667  0.000e+00
     79.708     6.6568   3.231238    32.0246       1170     4.8708  0.000e+00
     79.664     6.6571   3.231165    32.0235       1171     4.8750  0.000e+00
     79.615     6.6577   3.231204    32.0234       1172     4.8792  0.000e+00
     79.577     6.6580   3.231182    32.0229       1173     4.8833  0.000e+00
     79.523     6.6582   3.231182    32.0228       1174     4.8875  0.000e+00
     79.482     6.6584   3.231165    32.0224       1175     4.8917  0.000e+00
     79.422     6.6587   3.231143    32.0219       1176     4.8958  0.000e+00
     79.377     6.6589   3.231121    32.0215       1177     4.9000  0.000e+00
     79.311     6.6590   3.231098    32.0212       1178     4.9042  0.000e+00
     79.254     6.6592   3.231104    32.0211       1179     4.9083  0.000e+00
     79.185     6.6595   3.231182    32.0217       1180     4.9125  0.000e+00
     79.118     6.6591   3.231304    32.0234       1181     4.9167  0.000e+00
     79.045     6.6582   3.231204    32.0233       1182     4.9208  0.000e+00
     78.973     6.6579   3.231204    32.0235       1183     4.9250  0.000e+00
     78.910     6.6581   3.231182    32.0231       1184     4.9292  0.000e+00
     78.841     6.6588   3.231098    32.0216       1185     4.9333  0.000e+00
     78.783     6.6595   3.231081    32.0208       1186     4.9375  0.000e+00
     78.732     6.6603   3.231003    32.0193       1187     4.9417  0.000e+00
     78.682     6.6607   3.231003    32.0189       1188     4.9458  0.000e+00
     78.645     6.6611   3.230981    32.0183       1189     4.9500  0.000e+00
     78.622     6.6613   3.231020    32.0185       1190     4.9542  0.000e+00
     78.589     6.6616   3.231165    32.0199       1191     4.9583  0.000e+00
     78.560     6.6611   3.231198    32.0206       1192     4.9625  0.000e+00
     78.535     6.6609   3.231143    32.0203       1193     4.9667  0.000e+00
     78.506     6.6606   3.231081    32.0199       1194     4.9708  0.000e+00
     78.475     6.6610   3.231020    32.0189       1195     4.9750  0.000e+00
     78.441     6.6619   3.231065    32.0186       1196     4.9792  0.000e+00
     78.396     6.6627   3.231003    32.0171       1197     4.9833  0.000e+00
     78.358     6.6633   3.230920    32.0156       1198     4.9875  0.000e+00
     78.313     6.6636   3.230948    32.0157       1199     4.9917  0.000e+00
     78.264     6.6639   3.230959    32.0155       1200     4.9958  0.000e+00
     78.208     6.6642   3.230981    32.0156       1201     5.0000  0.000e+00
     78.155     6.6641   3.231020    32.0161       1202     5.0042  0.000e+00
     78.104     6.6637   3.231003    32.0163       1203     5.0083  0.000e+00
     78.052     6.6635   3.230981    32.0163       1204     5.0125  0.000e+00
     77.999     6.6640   3.230942    32.0154       1205     5.0167  0.000e+00
     77.956     6.6644   3.230942    32.0151       1206     5.0208  0.000e+00
     77.920     6.6647   3.231025    32.0157       1207     5.0250  0.000e+00
     77.882     6.6646   3.231020    32.0158       1208     5.0292  0.000e+00
     77.846     6.6643   3.230981    32.0157       1209     5.0333  0.000e+00
     77.818     6.6641   3.230842    32.0144       1210     5.0375  0.000e+00
     77.784     6.6640   3.230842    32.0144       1211     5.0417  0.000e+00
     77.755     6.6642   3.230981    32.0158       1212     5.0458  0.000e+00
     77.713     6.6635   3.231265    32.0196       1213     5.0500  0.000e+00
     77.665     6.6619   3.231293    32.0214       1214     5.0542  0.000e+00
     77.621     6.6604   3.231265    32.0225       1215     5.0583  0.000e+00
     77.570     6.6595   3.231165    32.0222       1216     5.0625  0.000e+00
     77.518     6.6591   3.231181    32.0229       1217     5.0667  0.000e+00
     77.465     6.6589   3.231242    32.0238       1218     5.0708  0.000e+00
     77.420     6.6585   3.231181    32.0235       1219     5.0750  0.000e+00
     77.373     6.6585   3.230958    32.0210       1220     5.0792  0.000e+00
     77.324     6.6597   3.230830    32.0186       1221     5.0833  0.000e+00
     77.288     6.6616   3.230819    32.0166       1222     5.0875  0.000e+00
     77.252     6.6630   3.230880    32.0160       1223     5.0917  0.000e+00
     77.230     6.6641   3.230719    32.0133       1224     5.0958  0.000e+00
     77.205     6.6647   3.230880    32.0145       1225     5.1000  0.000e+00
     77.179     6.6655   3.230858    32.0135       1226     5.1042  0.000e+00
     77.151     6.6661   3.230741    32.0117       1227     5.1083  0.000e+00
     77.118     6.6660   3.230697    32.0113       1228     5.1125  0.000e+00
     77.071     6.6658   3.230697    32.0115       1229     5.1167  0.000e+00
     77.017     6.6658   3.230696    32.0115       1230     5.1208  0.000e+00
     76.955     6.6659   3.230657    32.0110       1231     5.1250  0.000e+00
     76.903     6.6659   3.230535    32.0097       1232     5.1292  0.000e+00
     76.825     6.6657   3.230535    32.0100       1233     5.1333  0.000e+00
     76.760     6.6655   3.230579    32.0106       1234     5.1375  0.000e+00
     76.695     6.6655   3.230635    32.0112       1235     5.1417  0.000e+00
     76.629     6.6656   3.230830    32.0134       1236     5.1458  0.000e+00
     76.568     6.6666   3.230819    32.0124       1237     5.1500  0.000e+00
     76.513     6.6674   3.230819    32.0116       1238     5.1542  0.000e+00
     76.459     6.6680   3.230819    32.0111       1239     5.1583  0.000e+00
     76.419     6.6683   3.230741    32.0099       1240     5.1625  0.000e+00
