HB2406/sbe107.cnv
* Sea-Bird SBE 19plus V2 Data File:
* FileName = C:\cruise\data\sbe107.hex
* Software Version Seasave V 7.26.7.121
* Temperature SN = 7037
* Conductivity SN = 7037
* System UpLoad Time = Aug 21 2024 20:51:30
* NMEA Latitude = 40 18.68 N
* NMEA Longitude = 071 23.20 W
* NMEA UTC (Time) = Aug 21 2024  20:50:25
** Ship: Henry Bigelow
** Cruise:  HB2406
** Program:  ECOMON
# nquan = 7
# nvalues = 1703                                  
# units = specified
# name 0 = depSM: Depth [salt water, m]
# name 1 = tv290C: Temperature [ITS-90, deg C]
# name 2 = c0S/m: Conductivity [S/m]
# name 3 = sal00: Salinity, Practical [PSU]
# name 4 = scan: Scan Count
# name 5 = timeM: Time, Elapsed [minutes]
# name 6 = flag:  0.000e+00
# span 0 =      0.015,     77.381                 
# span 1 =     8.4419,    22.4494                 
# span 2 =   0.000028,   4.677259                 
# span 3 =     0.0099,    36.0179                 
# span 4 =         11,       1713                 
# span 5 =     0.0417,     7.1333                 
# span 6 = 0.0000e+00, 0.0000e+00                 
# interval = seconds: 0.25
# start_time = Aug 21 2024 20:50:25 [NMEA time, header]
# bad_flag = -9.990e-29
*END*
[from data line 616]
     73.103    11.4090   3.874479    34.2884        627     2.6083  0.000e+00
     72.987    11.4092   3.874455    34.2879        628     2.6125  0.000e+00
     72.871    11.4094   3.874419    34.2875        629     2.6167  0.000e+00
     72.756    11.4095   3.874341    34.2867        630     2.6208  0.000e+00
     72.636    11.4092   3.873677    34.2805        631     2.6250  0.000e+00
     72.522    11.4079   3.874066    34.2855        632     2.6292  0.000e+00
     72.412    11.4074   3.874000    34.2854        633     2.6333  0.000e+00
     72.307    11.4070   3.874341    34.2891        634     2.6375  0.000e+00
     72.204    11.4076   3.874395    34.2891        635     2.6417  0.000e+00
     72.104    11.4082   3.874407    34.2888        636     2.6458  0.000e+00
     72.007    11.4086   3.874455    34.2889        637     2.6500  0.000e+00
     71.904    11.4090   3.874365    34.2877        638     2.6542  0.000e+00
     71.810    11.4091   3.874317    34.2872        639     2.6583  0.000e+00
     71.712    11.4092   3.874341    34.2874        640     2.6625  0.000e+00
     71.613    11.4090   3.874275    34.2869        641     2.6667  0.000e+00
     71.522    11.4090   3.874317    34.2875        642     2.6708  0.000e+00
     71.428    11.4089   3.874341    34.2878        643     2.6750  0.000e+00
     71.336    11.4090   3.874365    34.2880        644     2.6792  0.000e+00
     71.249    11.4091   3.874341    34.2877        645     2.6833  0.000e+00
     71.166    11.4092   3.874341    34.2877        646     2.6875  0.000e+00
     71.077    11.4092   3.874299    34.2873        647     2.6917  0.000e+00
     70.988    11.4090   3.873766    34.2823        648     2.6958  0.000e+00
     70.901    11.4079   3.873449    34.2801        649     2.7000  0.000e+00
     70.811    11.4063   3.873634    34.2835        650     2.7042  0.000e+00
     70.704    11.4054   3.873497    34.2830        651     2.7083  0.000e+00
     70.587    11.4046   3.873449    34.2833        652     2.7125  0.000e+00
     70.469    11.4043   3.874227    34.2914        653     2.7167  0.000e+00
     70.324    11.4057   3.874341    34.2913        654     2.7208  0.000e+00
     70.171    11.4072   3.874364    34.2902        655     2.7250  0.000e+00
     70.004    11.4082   3.874364    34.2893        656     2.7292  0.000e+00
     69.849    11.4089   3.874364    34.2887        657     2.7333  0.000e+00
     69.697    11.4094   3.874364    34.2884        658     2.7375  0.000e+00
     69.547    11.4096   3.874322    34.2878        659     2.7417  0.000e+00
     69.402    11.4098   3.874226    34.2867        660     2.7458  0.000e+00
     69.274    11.4096   3.873496    34.2797        661     2.7500  0.000e+00
     69.145    11.4080   3.873723    34.2836        662     2.7542  0.000e+00
     69.013    11.4067   3.872993    34.2776        663     2.7583  0.000e+00
     68.885    11.4050   3.872466    34.2740        664     2.7625  0.000e+00
     68.751    11.4028   3.871963    34.2711        665     2.7667  0.000e+00
     68.619    11.4004   3.872011    34.2740        666     2.7708  0.000e+00
     68.487    11.3986   3.871233    34.2679        667     2.7750  0.000e+00
     68.355    11.3979   3.871006    34.2664        668     2.7792  0.000e+00
     68.228    11.4008   3.871281    34.2665        669     2.7833  0.000e+00
     68.105    11.4057   3.871897    34.2682        670     2.7875  0.000e+00
     67.986    11.4120   3.872867    34.2719        671     2.7917  0.000e+00
     67.870    11.4222   3.873106    34.2649        672     2.7958  0.000e+00
     67.750    11.4315   3.872376    34.2490        673     2.8000  0.000e+00
     67.626    11.4348   3.872417    34.2465        674     2.8042  0.000e+00
     67.506    11.4358   3.872968    34.2510        675     2.8083  0.000e+00
     67.381    11.4394   3.873495    34.2529        676     2.8125  0.000e+00
     67.257    11.4461   3.873632    34.2481        677     2.8167  0.000e+00
     67.119    11.4531   3.873584    34.2413        678     2.8208  0.000e+00
     66.980    11.4586   3.874039    34.2407        679     2.8250  0.000e+00
     66.843    11.4651   3.874632    34.2406        680     2.8292  0.000e+00
     66.701    11.4739   3.875159    34.2377        681     2.8333  0.000e+00
     66.553    11.4856   3.876051    34.2357        682     2.8375  0.000e+00
     66.408    11.4999   3.876158    34.2236        683     2.8417  0.000e+00
     66.269    11.5117   3.876984    34.2209        684     2.8458  0.000e+00
     66.110    11.5251   3.878314    34.2216        685     2.8500  0.000e+00
     65.951    11.5450   3.877762    34.1979        686     2.8542  0.000e+00
     65.804    11.5624   3.877445    34.1788        687     2.8583  0.000e+00
     65.641    11.5736   3.877534    34.1694        688     2.8625  0.000e+00
     65.497    11.5827   3.877852    34.1641        689     2.8667  0.000e+00
     65.347    11.5928   3.877330    34.1498        690     2.8708  0.000e+00
     65.202    11.6020   3.876097    34.1292        691     2.8750  0.000e+00
     65.072    11.6112   3.875246    34.1124        692     2.8792  0.000e+00
     64.950    11.6211   3.874539    34.0965        693     2.8833  0.000e+00
     64.844    11.6287   3.872737    34.0719        694     2.8875  0.000e+00
     64.744    11.6340   3.868883    34.0292        695     2.8917  0.000e+00
     64.639    11.6437   3.868045    34.0122        696     2.8958  0.000e+00
     64.545    11.6564   3.867446    33.9947        697     2.9000  0.000e+00
     64.448    11.6674   3.865783    33.9684        698     2.9042  0.000e+00
     64.343    11.6751   3.863050    33.9346        699     2.9083  0.000e+00
     64.241    11.6771   3.859205    33.8952        700     2.9125  0.000e+00
     64.135    11.6724   3.853140    33.8401        701     2.9167  0.000e+00
     64.017    11.6604   3.845007    33.7715        702     2.9208  0.000e+00
     63.903    11.6383   3.841027    33.7526        703     2.9250  0.000e+00
     63.782    11.6176   3.838450    33.7463        704     2.9292  0.000e+00
     63.652    11.6008   3.835778    33.7355        705     2.9333  0.000e+00
     63.518    11.5869   3.834413    33.7348        706     2.9375  0.000e+00
     63.375    11.5778   3.833895    33.7381        707     2.9417  0.000e+00
     63.238    11.5764   3.834526    33.7456        708     2.9458  0.000e+00
     63.093    11.5800   3.835003    33.7471        709     2.9500  0.000e+00
     62.941    11.5841   3.835045    33.7438        710     2.9542  0.000e+00
     62.789    11.5874   3.834145    33.7320        711     2.9583  0.000e+00
     62.637    11.5890   3.833375    33.7231        712     2.9625  0.000e+00
     62.483    11.5889   3.831724    33.7070        713     2.9667  0.000e+00
     62.342    11.5872   3.828196    33.6741        714     2.9708  0.000e+00
     62.208    11.5829   3.826731    33.6637        715     2.9750  0.000e+00
     62.080    11.5796   3.825533    33.6550        716     2.9792  0.000e+00
     61.957    11.5844   3.825110    33.6466        717     2.9833  0.000e+00
     61.847    11.5937   3.824276    33.6300        718     2.9875  0.000e+00
     61.738    11.6004   3.822930    33.6108        719     2.9917  0.000e+00
     61.637    11.6024   3.820132    33.5816        720     2.9958  0.000e+00
     61.553    11.5992   3.817495    33.5587        721     3.0000  0.000e+00
     61.468    11.5914   3.814960    33.5409        722     3.0042  0.000e+00
     61.389    11.5818   3.812718    33.5277        723     3.0083  0.000e+00
     61.315    11.5714   3.808246    33.4933        724     3.0125  0.000e+00
     61.237    11.5580   3.804869    33.4724        725     3.0167  0.000e+00
     61.154    11.5450   3.804186    33.4775        726     3.0208  0.000e+00
     61.081    11.5354   3.803639    33.4809        727     3.0250  0.000e+00
     60.987    11.5292   3.802588    33.4762        728     3.0292  0.000e+00
     60.899    11.5249   3.801477    33.4691        729     3.0333  0.000e+00
     60.795    11.5214   3.801096    33.4686        730     3.0375  0.000e+00
     60.685    11.5185   3.799243    33.4532        731     3.0417  0.000e+00
     60.562    11.5149   3.795045    33.4153        732     3.0458  0.000e+00
     60.437    11.5082   3.794071    33.4119        733     3.0500  0.000e+00
     60.305    11.5026   3.793572    33.4120        734     3.0542  0.000e+00
     60.166    11.5024   3.792557    33.4024        735     3.0583  0.000e+00
     60.034    11.5031   3.791447    33.3909        736     3.0625  0.000e+00
     59.909    11.5049   3.790925    33.3842        737     3.0667  0.000e+00
     59.773    11.5093   3.789845    33.3697        738     3.0708  0.000e+00
     59.661    11.5131   3.788622    33.3543        739     3.0750  0.000e+00
     59.544    11.5153   3.788082    33.3470        740     3.0792  0.000e+00
     59.444    11.5174   3.787863    33.3431        741     3.0833  0.000e+00
     59.343    11.5198   3.786949    33.3320        742     3.0875  0.000e+00
     59.254    11.5222   3.786261    33.3231        743     3.0917  0.000e+00
     59.155    11.5249   3.785508    33.3133        744     3.0958  0.000e+00
     59.055    11.5278   3.781096    33.2676        745     3.1000  0.000e+00
     58.952    11.5266   3.779140    33.2495        746     3.1042  0.000e+00
     58.846    11.5212   3.777623    33.2395        747     3.1083  0.000e+00
     58.741    11.5138   3.775863    33.2290        748     3.1125  0.000e+00
     58.636    11.5047   3.774447    33.2233        749     3.1167  0.000e+00
     58.540    11.4949   3.765346    33.1430        750     3.1208  0.000e+00
     58.453    11.4690   3.755598    33.0706        751     3.1250  0.000e+00
     58.364    11.4249   3.746575    33.0215        752     3.1292  0.000e+00
     58.278    11.3709   3.744580    33.0503        753     3.1333  0.000e+00
     58.194    11.3252   3.741215    33.0581        754     3.1375  0.000e+00
     58.109    11.2882   3.735427    33.0344        755     3.1417  0.000e+00
     58.030    11.2500   3.728310    32.9985        756     3.1458  0.000e+00
     57.941    11.2076   3.727025    33.0239        757     3.1500  0.000e+00
     57.847    11.1717   3.725458    33.0406        758     3.1542  0.000e+00
     57.746    11.1448   3.724615    33.0565        759     3.1583  0.000e+00
     57.643    11.1259   3.725305    33.0804        760     3.1625  0.000e+00
     57.534    11.1147   3.721270    33.0505        761     3.1667  0.000e+00
     57.431    11.0983   3.703416    32.8889        762     3.1708  0.000e+00
     57.319    11.0451   3.671129    32.6171        763     3.1750  0.000e+00
     57.209    10.9190   3.639925    32.4202        764     3.1792  0.000e+00
     57.104    10.7465   3.631787    32.4922        765     3.1833  0.000e+00
     57.002    10.5945   3.625946    32.5694        766     3.1875  0.000e+00
     56.903    10.4773   3.617324    32.5880        767     3.1917  0.000e+00
     56.800    10.3806   3.612185    32.6231        768     3.1958  0.000e+00
     56.693    10.3043   3.606722    32.6367        769     3.2000  0.000e+00
     56.603    10.2362   3.602321    32.6537        770     3.2042  0.000e+00
     56.491    10.1825   3.605299    32.7321        771     3.2083  0.000e+00
     56.389    10.1504   3.601578    32.7236        772     3.2125  0.000e+00
     56.281    10.1246   3.602409    32.7554        773     3.2167  0.000e+00
     56.178    10.1071   3.596417    32.7107        774     3.2208  0.000e+00
     56.085    10.0819   3.591092    32.6797        775     3.2250  0.000e+00
     55.999    10.0488   3.583924    32.6370        776     3.2292  0.000e+00
     55.923    10.0038   3.578727    32.6250        777     3.2333  0.000e+00
     55.848     9.9564   3.564649    32.5250        778     3.2375  0.000e+00
     55.780     9.8913   3.550477    32.4399        779     3.2417  0.000e+00
     55.715     9.8077   3.539935    32.4079        780     3.2458  0.000e+00
     55.642     9.7183   3.531153    32.3989        781     3.2500  0.000e+00
     55.570     9.6364   3.521850    32.3778        782     3.2542  0.000e+00
     55.492     9.5564   3.516293    32.3932        783     3.2583  0.000e+00
     55.400     9.4850   3.496721    32.2572        784     3.2625  0.000e+00
     55.291     9.3925   3.477004    32.1381        785     3.2667  0.000e+00
     55.185     9.2695   3.466115    32.1368        786     3.2708  0.000e+00
     55.063     9.1516   3.462602    32.2069        787     3.2750  0.000e+00
     54.942     9.0599   3.460183    32.2649        788     3.2792  0.000e+00
     54.834     8.9938   3.459474    32.3176        789     3.2833  0.000e+00
     54.734     8.9490   3.461391    32.3783        790     3.2875  0.000e+00
     54.646     8.9281   3.456432    32.3458        791     3.2917  0.000e+00
     54.559     8.9043   3.454013    32.3424        792     3.2958  0.000e+00
     54.472     8.8779   3.453659    32.3628        793     3.3000  0.000e+00
     54.390     8.8582   3.453682    32.3810        794     3.3042  0.000e+00
     54.304     8.8469   3.453202    32.3864        795     3.3083  0.000e+00
     54.211     8.8389   3.452036    32.3816        796     3.3125  0.000e+00
     54.119     8.8295   3.446728    32.3349        797     3.3167  0.000e+00
     54.012     8.8106   3.449807    32.3842        798     3.3208  0.000e+00
     53.904     8.7998   3.446979    32.3647        799     3.3250  0.000e+00
     53.792     8.7909   3.446066    32.3634        800     3.3292  0.000e+00
     53.681     8.7804   3.445906    32.3713        801     3.3333  0.000e+00
     53.575     8.7726   3.447191    32.3919        802     3.3375  0.000e+00
     53.473     8.7705   3.446648    32.3882        803     3.3417  0.000e+00
     53.379     8.7695   3.446380    32.3863        804     3.3458  0.000e+00
     53.300     8.7679   3.446951    32.3938        805     3.3500  0.000e+00
     53.226     8.7679   3.445277    32.3764        806     3.3542  0.000e+00
     53.160     8.7646   3.444655    32.3729        807     3.3583  0.000e+00
     53.104     8.7595   3.444992    32.3812        808     3.3625  0.000e+00
     53.052     8.7560   3.443513    32.3689        809     3.3667  0.000e+00
     53.005     8.7514   3.443142    32.3693        810     3.3708  0.000e+00
     52.956     8.7461   3.443638    32.3793        811     3.3750  0.000e+00
     52.902     8.7439   3.443033    32.3751        812     3.3792  0.000e+00
     52.838     8.7409   3.442559    32.3729        813     3.3833  0.000e+00
     52.770     8.7377   3.441834    32.3683        814     3.3875  0.000e+00
     52.703     8.7330   3.438603    32.3388        815     3.3917  0.000e+00
     52.620     8.7212   3.436715    32.3299        816     3.3958  0.000e+00
     52.536     8.7058   3.435659    32.3330        817     3.4000  0.000e+00
     52.453     8.6924   3.434547    32.3336        818     3.4042  0.000e+00
     52.364     8.6791   3.430675    32.3054        819     3.4083  0.000e+00
     52.276     8.6616   3.427557    32.2888        820     3.4125  0.000e+00
     52.191     8.6392   3.420167    32.2320        821     3.4167  0.000e+00
     52.108     8.6047   3.418055    32.2414        822     3.4208  0.000e+00
     52.024     8.5720   3.417560    32.2661        823     3.4250  0.000e+00
     51.943     8.5495   3.417492    32.2860        824     3.4292  0.000e+00
     51.863     8.5350   3.417395    32.2982        825     3.4333  0.000e+00
     51.780     8.5259   3.417253    32.3051        826     3.4375  0.000e+00
     51.691     8.5202   3.417361    32.3115        827     3.4417  0.000e+00
     51.596     8.5170   3.417703    32.3181        828     3.4458  0.000e+00
     51.503     8.5162   3.417971    32.3217        829     3.4500  0.000e+00
     51.406     8.5168   3.418614    32.3279        830     3.4542  0.000e+00
