HB2406/sbe110.cnv
* Sea-Bird SBE 19plus V2 Data File:
* FileName = C:\cruise\data\sbe110.hex
* Software Version Seasave V 7.26.7.121
* Temperature SN = 7037
* Conductivity SN = 7037
* System UpLoad Time = Aug 21 2024 22:50:54
* NMEA Latitude = 40 16.42 N
* NMEA Longitude = 071 07.46 W
* NMEA UTC (Time) = Aug 21 2024  22:49:49
** Ship: Henry Bigelow
** Cruise:  HB2406
** Program:  ECOMON
# nquan = 7
# nvalues = 2505                                  
# units = specified
# name 0 = depSM: Depth [salt water, m]
# name 1 = tv290C: Temperature [ITS-90, deg C]
# name 2 = c0S/m: Conductivity [S/m]
# name 3 = sal00: Salinity, Practical [PSU]
# name 4 = scan: Scan Count
# name 5 = timeM: Time, Elapsed [minutes]
# name 6 = flag:  0.000e+00
# span 0 =     -0.009,     19.854                 
# span 1 =    17.7708,    22.7644                 
# span 2 =   0.000092,   4.739156                 
# span 3 =     0.0090,    33.2618                 
# span 4 =         11,       2515                 
# span 5 =     0.0417,    10.4750                 
# span 6 = 0.0000e+00, 0.0000e+00                 
# interval = seconds: 0.25
# start_time = Aug 21 2024 22:49:49 [NMEA time, header]
# bad_flag = -9.990e-29
*END*
[from data line 1026]
      5.203    22.7479   4.737567    32.4111       1037     4.3167  0.000e+00
      5.138    22.7473   4.737300    32.4095       1038     4.3208  0.000e+00
      5.073    22.7471   4.737482    32.4111       1039     4.3250  0.000e+00
      5.026    22.7465   4.737541    32.4120       1040     4.3292  0.000e+00
      4.995    22.7469   4.737352    32.4102       1041     4.3333  0.000e+00
      4.975    22.7467   4.737593    32.4122       1042     4.3375  0.000e+00
      4.953    22.7472   4.737807    32.4135       1043     4.3417  0.000e+00
      4.930    22.7483   4.737755    32.4123       1044     4.3458  0.000e+00
      4.905    22.7495   4.737567    32.4101       1045     4.3500  0.000e+00
      4.886    22.7492   4.737619    32.4107       1046     4.3542  0.000e+00
      4.877    22.7490   4.737938    32.4133       1047     4.3583  0.000e+00
      4.872    22.7498   4.737944    32.4127       1048     4.3625  0.000e+00
      4.865    22.7506   4.737944    32.4121       1049     4.3667  0.000e+00
      4.872    22.7513   4.737996    32.4120       1050     4.3708  0.000e+00
      4.876    22.7521   4.738022    32.4116       1051     4.3750  0.000e+00
      4.878    22.7527   4.738048    32.4114       1052     4.3792  0.000e+00
      4.879    22.7528   4.738074    32.4115       1053     4.3833  0.000e+00
      4.872    22.7531   4.738074    32.4113       1054     4.3875  0.000e+00
      4.861    22.7536   4.738100    32.4111       1055     4.3917  0.000e+00
      4.845    22.7537   4.738074    32.4108       1056     4.3958  0.000e+00
      4.829    22.7537   4.738074    32.4108       1057     4.4000  0.000e+00
      4.804    22.7539   4.738074    32.4107       1058     4.4042  0.000e+00
      4.782    22.7536   4.738048    32.4107       1059     4.4083  0.000e+00
      4.749    22.7536   4.738022    32.4105       1060     4.4125  0.000e+00
      4.717    22.7535   4.738048    32.4108       1061     4.4167  0.000e+00
      4.677    22.7535   4.737996    32.4104       1062     4.4208  0.000e+00
      4.632    22.7534   4.737996    32.4105       1063     4.4250  0.000e+00
      4.592    22.7532   4.737996    32.4107       1064     4.4292  0.000e+00
      4.545    22.7532   4.738022    32.4109       1065     4.4333  0.000e+00
      4.505    22.7530   4.738048    32.4113       1066     4.4375  0.000e+00
      4.464    22.7532   4.738074    32.4113       1067     4.4417  0.000e+00
      4.429    22.7534   4.738048    32.4110       1068     4.4458  0.000e+00
      4.399    22.7534   4.738022    32.4108       1069     4.4500  0.000e+00
      4.362    22.7535   4.737970    32.4103       1070     4.4542  0.000e+00
      4.330    22.7533   4.737885    32.4098       1071     4.4583  0.000e+00
      4.305    22.7528   4.737918    32.4105       1072     4.4625  0.000e+00
      4.274    22.7527   4.737970    32.4110       1073     4.4667  0.000e+00
      4.243    22.7526   4.737918    32.4106       1074     4.4708  0.000e+00
      4.207    22.7526   4.737859    32.4102       1075     4.4750  0.000e+00
      4.171    22.7523   4.737859    32.4104       1076     4.4792  0.000e+00
      4.137    22.7522   4.737885    32.4107       1077     4.4833  0.000e+00
      4.102    22.7520   4.737885    32.4109       1078     4.4875  0.000e+00
      4.077    22.7520   4.737970    32.4115       1079     4.4917  0.000e+00
      4.057    22.7524   4.738022    32.4116       1080     4.4958  0.000e+00
      4.052    22.7527   4.738048    32.4116       1081     4.5000  0.000e+00
      4.061    22.7533   4.738074    32.4114       1082     4.5042  0.000e+00
      4.095    22.7536   4.738158    32.4118       1083     4.5083  0.000e+00
      4.133    22.7540   4.738165    32.4115       1084     4.5125  0.000e+00
      4.176    22.7544   4.738159    32.4112       1085     4.5167  0.000e+00
      4.220    22.7547   4.738132    32.4107       1086     4.5208  0.000e+00
      4.247    22.7547   4.738100    32.4105       1087     4.5250  0.000e+00
      4.258    22.7547   4.738133    32.4107       1088     4.5292  0.000e+00
      4.251    22.7547   4.738159    32.4109       1089     4.5333  0.000e+00
      4.207    22.7547   4.738159    32.4109       1090     4.5375  0.000e+00
      4.144    22.7547   4.738158    32.4109       1091     4.5417  0.000e+00
      4.066    22.7551   4.738289    32.4117       1092     4.5458  0.000e+00
      3.974    22.7552   4.738158    32.4106       1093     4.5500  0.000e+00
      3.867    22.7557   4.738210    32.4107       1094     4.5542  0.000e+00
      3.766    22.7560   4.738184    32.4103       1095     4.5583  0.000e+00
      3.687    22.7556   4.737996    32.4092       1096     4.5625  0.000e+00
      3.618    22.7552   4.738184    32.4109       1097     4.5667  0.000e+00
      3.560    22.7552   4.738288    32.4118       1098     4.5708  0.000e+00
      3.520    22.7556   4.738373    32.4121       1099     4.5750  0.000e+00
      3.488    22.7563   4.738451    32.4122       1100     4.5792  0.000e+00
      3.470    22.7571   4.738451    32.4116       1101     4.5833  0.000e+00
      3.470    22.7575   4.738477    32.4115       1102     4.5875  0.000e+00
      3.477    22.7580   4.738497    32.4113       1103     4.5917  0.000e+00
      3.500    22.7584   4.738536    32.4113       1104     4.5958  0.000e+00
      3.535    22.7587   4.738562    32.4112       1105     4.6000  0.000e+00
      3.571    22.7589   4.738588    32.4113       1106     4.6042  0.000e+00
      3.594    22.7594   4.738562    32.4107       1107     4.6083  0.000e+00
      3.629    22.7595   4.738536    32.4104       1108     4.6125  0.000e+00
      3.645    22.7595   4.738536    32.4104       1109     4.6167  0.000e+00
      3.640    22.7594   4.738536    32.4105       1110     4.6208  0.000e+00
      3.614    22.7592   4.738425    32.4098       1111     4.6250  0.000e+00
      3.557    22.7589   4.738262    32.4088       1112     4.6292  0.000e+00
      3.488    22.7583   4.738210    32.4089       1113     4.6333  0.000e+00
      3.423    22.7571   4.738184    32.4096       1114     4.6375  0.000e+00
      3.350    22.7564   4.738184    32.4101       1115     4.6417  0.000e+00
      3.294    22.7562   4.738047    32.4092       1116     4.6458  0.000e+00
      3.265    22.7555   4.738021    32.4096       1117     4.6500  0.000e+00
      3.262    22.7548   4.738021    32.4101       1118     4.6542  0.000e+00
      3.280    22.7544   4.738047    32.4106       1119     4.6583  0.000e+00
      3.298    22.7543   4.738100    32.4111       1120     4.6625  0.000e+00
      3.329    22.7544   4.738165    32.4115       1121     4.6667  0.000e+00
      3.351    22.7546   4.738158    32.4113       1122     4.6708  0.000e+00
      3.349    22.7547   4.738073    32.4105       1123     4.6750  0.000e+00
      3.329    22.7546   4.738021    32.4102       1124     4.6792  0.000e+00
      3.276    22.7545   4.738021    32.4103       1125     4.6833  0.000e+00
      3.204    22.7543   4.737995    32.4103       1126     4.6875  0.000e+00
      3.117    22.7541   4.737917    32.4099       1127     4.6917  0.000e+00
      3.011    22.7537   4.737995    32.4108       1128     4.6958  0.000e+00
      2.900    22.7538   4.737885    32.4099       1129     4.7000  0.000e+00
      2.792    22.7533   4.737429    32.4068       1130     4.7042  0.000e+00
      2.700    22.7518   4.737429    32.4080       1131     4.7083  0.000e+00
      2.645    22.7503   4.737592    32.4104       1132     4.7125  0.000e+00
      2.640    22.7497   4.737513    32.4102       1133     4.7167  0.000e+00
      2.674    22.7494   4.737455    32.4100       1134     4.7208  0.000e+00
      2.734    22.7487   4.737325    32.4094       1135     4.7250  0.000e+00
      2.797    22.7479   4.737240    32.4093       1136     4.7292  0.000e+00
      2.861    22.7471   4.737214    32.4097       1137     4.7333  0.000e+00
      2.904    22.7464   4.737240    32.4104       1138     4.7375  0.000e+00
      2.919    22.7461   4.737240    32.4106       1139     4.7417  0.000e+00
      2.906    22.7459   4.737455    32.4124       1140     4.7458  0.000e+00
      2.872    22.7463   4.737566    32.4130       1141     4.7500  0.000e+00
      2.819    22.7476   4.737299    32.4100       1142     4.7542  0.000e+00
      2.760    22.7475   4.737077    32.4084       1143     4.7583  0.000e+00
      2.689    22.7464   4.737051    32.4090       1144     4.7625  0.000e+00
      2.606    22.7453   4.737266    32.4115       1145     4.7667  0.000e+00
      2.532    22.7451   4.737136    32.4107       1146     4.7708  0.000e+00
      2.472    22.7452   4.737188    32.4111       1147     4.7750  0.000e+00
      2.447    22.7452   4.737240    32.4115       1148     4.7792  0.000e+00
      2.452    22.7454   4.737214    32.4111       1149     4.7833  0.000e+00
      2.488    22.7455   4.737136    32.4104       1150     4.7875  0.000e+00
      2.552    22.7453   4.737188    32.4110       1151     4.7917  0.000e+00
      2.613    22.7451   4.737240    32.4115       1152     4.7958  0.000e+00
      2.658    22.7453   4.737299    32.4118       1153     4.8000  0.000e+00
      2.685    22.7456   4.737136    32.4103       1154     4.8042  0.000e+00
      2.667    22.7455   4.736999    32.4093       1155     4.8083  0.000e+00
      2.599    22.7448   4.736732    32.4078       1156     4.8125  0.000e+00
      2.494    22.7433   4.736817    32.4096       1157     4.8167  0.000e+00
      2.320    22.7424   4.736810    32.4103       1158     4.8208  0.000e+00
      2.145    22.7422   4.736758    32.4101       1159     4.8250  0.000e+00
      1.989    22.7418   4.736999    32.4123       1160     4.8292  0.000e+00
      1.877    22.7421   4.737266    32.4141       1161     4.8333  0.000e+00
      1.828    22.7435   4.736862    32.4100       1162     4.8375  0.000e+00
      1.832    22.7434   4.737110    32.4120       1163     4.8417  0.000e+00
      1.872    22.7434   4.736973    32.4109       1164     4.8458  0.000e+00
      1.930    22.7437   4.736732    32.4088       1165     4.8500  0.000e+00
      2.002    22.7428   4.736758    32.4097       1166     4.8542  0.000e+00
      2.078    22.7419   4.736810    32.4107       1167     4.8583  0.000e+00
      2.149    22.7416   4.737110    32.4132       1168     4.8625  0.000e+00
      2.203    22.7425   4.737403    32.4148       1169     4.8667  0.000e+00
      2.230    22.7443   4.737670    32.4155       1170     4.8708  0.000e+00
      2.237    22.7465   4.737806    32.4149       1171     4.8750  0.000e+00
      2.221    22.7487   4.737884    32.4139       1172     4.8792  0.000e+00
      2.179    22.7506   4.737617    32.4105       1173     4.8833  0.000e+00
      2.096    22.7508   4.737298    32.4079       1174     4.8875  0.000e+00
      1.990    22.7492   4.736426    32.4025       1175     4.8917  0.000e+00
      1.867    22.7458   4.736491    32.4055       1176     4.8958  0.000e+00
      1.744    22.7431   4.736836    32.4102       1177     4.9000  0.000e+00
      1.659    22.7420   4.736758    32.4104       1178     4.9042  0.000e+00
      1.617    22.7419   4.737324    32.4148       1179     4.9083  0.000e+00
      1.612    22.7436   4.737565    32.4154       1180     4.9125  0.000e+00
      1.633    22.7458   4.737643    32.4144       1181     4.9167  0.000e+00
      1.682    22.7479   4.737780    32.4138       1182     4.9208  0.000e+00
      1.737    22.7493   4.737806    32.4130       1183     4.9250  0.000e+00
      1.789    22.7508   4.737780    32.4117       1184     4.9292  0.000e+00
      1.816    22.7513   4.737728    32.4109       1185     4.9333  0.000e+00
      1.816    22.7516   4.737754    32.4109       1186     4.9375  0.000e+00
      1.786    22.7518   4.737695    32.4103       1187     4.9417  0.000e+00
      1.733    22.7518   4.737539    32.4091       1188     4.9458  0.000e+00
      1.661    22.7512   4.737161    32.4067       1189     4.9500  0.000e+00
      1.585    22.7494   4.737187    32.4083       1190     4.9542  0.000e+00
      1.523    22.7479   4.737077    32.4085       1191     4.9583  0.000e+00
      1.484    22.7467   4.736999    32.4088       1192     4.9625  0.000e+00
      1.446    22.7458   4.737266    32.4115       1193     4.9667  0.000e+00
      1.404    22.7458   4.737454    32.4130       1194     4.9708  0.000e+00
      1.384    22.7468   4.737454    32.4122       1195     4.9750  0.000e+00
      1.368    22.7475   4.737454    32.4117       1196     4.9792  0.000e+00
      1.372    22.7479   4.737376    32.4108       1197     4.9833  0.000e+00
      1.379    22.7482   4.737213    32.4094       1198     4.9875  0.000e+00
      1.413    22.7475   4.736973    32.4080       1199     4.9917  0.000e+00
      1.493    22.7463   4.736862    32.4080       1200     4.9958  0.000e+00
      1.581    22.7450   4.736973    32.4098       1201     5.0000  0.000e+00
      1.663    22.7443   4.737162    32.4118       1202     5.0042  0.000e+00
      1.704    22.7446   4.737298    32.4126       1203     5.0083  0.000e+00
      1.706    22.7452   4.737324    32.4123       1204     5.0125  0.000e+00
      1.652    22.7461   4.736973    32.4090       1205     5.0167  0.000e+00
      1.567    22.7455   4.736862    32.4086       1206     5.0208  0.000e+00
      1.468    22.7444   4.737109    32.4114       1207     5.0250  0.000e+00
      1.388    22.7444   4.737135    32.4116       1208     5.0292  0.000e+00
      1.339    22.7448   4.737480    32.4139       1209     5.0333  0.000e+00
      1.319    22.7459   4.737350    32.4121       1210     5.0375  0.000e+00
      1.298    22.7470   4.737012    32.4087       1211     5.0417  0.000e+00
      1.249    22.7463   4.737239    32.4110       1212     5.0458  0.000e+00
      1.171    22.7457   4.737077    32.4102       1213     5.0500  0.000e+00
      1.086    22.7458   4.736972    32.4094       1214     5.0542  0.000e+00
      1.021    22.7452   4.737350    32.4128       1215     5.0583  0.000e+00
      1.007    22.7456   4.737402    32.4129       1216     5.0625  0.000e+00
      1.052    22.7469   4.737454    32.4123       1217     5.0667  0.000e+00
      1.119    22.7476   4.737565    32.4126       1218     5.0708  0.000e+00
      1.169    22.7485   4.737643    32.4125       1219     5.0750  0.000e+00
      1.191    22.7497   4.737754    32.4125       1220     5.0792  0.000e+00
      1.195    22.7505   4.737832    32.4125       1221     5.0833  0.000e+00
      1.173    22.7517   4.737754    32.4110       1222     5.0875  0.000e+00
      1.121    22.7521   4.737727    32.4105       1223     5.0917  0.000e+00
      1.050    22.7520   4.737858    32.4116       1224     5.0958  0.000e+00
      1.003    22.7526   4.737858    32.4112       1225     5.1000  0.000e+00
      1.014    22.7531   4.737968    32.4117       1226     5.1042  0.000e+00
      1.037    22.7535   4.737994    32.4116       1227     5.1083  0.000e+00
      1.018    22.7541   4.738183    32.4126       1228     5.1125  0.000e+00
      0.960    22.7550   4.738164    32.4118       1229     5.1167  0.000e+00
      0.849    22.7554   4.737779    32.4086       1230     5.1208  0.000e+00
      0.736    22.7550   4.738098    32.4113       1231     5.1250  0.000e+00
      0.683    22.7548   4.737695    32.4084       1232     5.1292  0.000e+00
      0.714    22.7542   4.737239    32.4054       1233     5.1333  0.000e+00
      0.781    22.7516   4.737513    32.4094       1234     5.1375  0.000e+00
      0.826    22.7505   4.737779    32.4122       1235     5.1417  0.000e+00
      0.851    22.7510   4.737858    32.4124       1236     5.1458  0.000e+00
      0.857    22.7519   4.737669    32.4103       1237     5.1500  0.000e+00
      0.859    22.7517   4.737076    32.4059       1238     5.1542  0.000e+00
      0.851    22.7494   4.736758    32.4052       1239     5.1583  0.000e+00
      0.826    22.7462   4.736569    32.4061       1240     5.1625  0.000e+00
