HB2406/sbe117.cnv
* Sea-Bird SBE 19plus V2 Data File:
* FileName = C:\cruise\data\sbe117.hex
* Software Version Seasave V 7.26.7.121
* Temperature SN = 7037
* Conductivity SN = 7037
* System UpLoad Time = Aug 22 2024 11:01:33
* NMEA Latitude = 40 17.98 N
* NMEA Longitude = 069 59.46 W
* NMEA UTC (Time) = Aug 22 2024  11:00:28
** Ship: Henry Bigelow
** Cruise:  HB2406
** Program:  ECOMON
# nquan = 7
# nvalues = 1825                                  
# units = specified
# name 0 = depSM: Depth [salt water, m]
# name 1 = tv290C: Temperature [ITS-90, deg C]
# name 2 = c0S/m: Conductivity [S/m]
# name 3 = sal00: Salinity, Practical [PSU]
# name 4 = scan: Scan Count
# name 5 = timeM: Time, Elapsed [minutes]
# name 6 = flag:  0.000e+00
# span 0 =      0.022,     83.794                 
# span 1 =    10.1160,    23.2477                 
# span 2 =  -0.000017,   4.924771                 
# span 3 =     0.0000,    34.6457                 
# span 4 =         11,       1835                 
# span 5 =     0.0417,     7.6417                 
# span 6 = 0.0000e+00, 0.0000e+00                 
# interval = seconds: 0.25
# start_time = Aug 22 2024 11:00:28 [NMEA time, header]
# bad_flag = -9.990e-29
*END*
[from data line 821]
     60.445    13.5731   4.109168    34.5701        832     3.4625  0.000e+00
     60.340    13.5743   4.109383    34.5711        833     3.4667  0.000e+00
     60.233    13.5759   4.109800    34.5736        834     3.4708  0.000e+00
     60.136    13.5798   4.109800    34.5702        835     3.4750  0.000e+00
     60.042    13.5838   4.109530    34.5640        836     3.4792  0.000e+00
     59.940    13.5865   4.109260    34.5591        837     3.4833  0.000e+00
     59.844    13.5876   4.109020    34.5558        838     3.4875  0.000e+00
     59.756    13.5878   4.108603    34.5518        839     3.4917  0.000e+00
     59.662    13.5867   4.107426    34.5418        840     3.4958  0.000e+00
     59.571    13.5834   4.106702    34.5380        841     3.5000  0.000e+00
     59.481    13.5787   4.106543    34.5408        842     3.5042  0.000e+00
     59.387    13.5748   4.105586    34.5354        843     3.5083  0.000e+00
     59.293    13.5708   4.105599    34.5391        844     3.5125  0.000e+00
     59.195    13.5671   4.105758    34.5440        845     3.5167  0.000e+00
     59.099    13.5654   4.105102    34.5394        846     3.5208  0.000e+00
     58.994    13.5631   4.104066    34.5319        847     3.5250  0.000e+00
     58.898    13.5592   4.104330    34.5379        848     3.5292  0.000e+00
     58.801    13.5564   4.103943    34.5369        849     3.5333  0.000e+00
     58.707    13.5539   4.100885    34.5104        850     3.5375  0.000e+00
     58.618    13.5457   4.097509    34.4861        851     3.5417  0.000e+00
     58.538    13.5311   4.095414    34.4796        852     3.5458  0.000e+00
     58.464    13.5153   4.091661    34.4586        853     3.5500  0.000e+00
     58.399    13.4979   4.089873    34.4575        854     3.5542  0.000e+00
     58.343    13.4812   4.089145    34.4658        855     3.5583  0.000e+00
     58.283    13.4687   4.089157    34.4773        856     3.5625  0.000e+00
     58.227    13.4611   4.089310    34.4856        857     3.5667  0.000e+00
     58.164    13.4575   4.089310    34.4889        858     3.5708  0.000e+00
     58.095    13.4565   4.089463    34.4912        859     3.5750  0.000e+00
     58.017    13.4573   4.089023    34.4864        860     3.5792  0.000e+00
     57.938    13.4581   4.088037    34.4764        861     3.5833  0.000e+00
     57.842    13.4575   4.087413    34.4711        862     3.5875  0.000e+00
     57.739    13.4558   4.086727    34.4662        863     3.5917  0.000e+00
     57.623    13.4534   4.084604    34.4485        864     3.5958  0.000e+00
     57.496    13.4484   4.081937    34.4279        865     3.6000  0.000e+00
     57.368    13.4398   4.080793    34.4249        866     3.6042  0.000e+00
     57.234    13.4305   4.079430    34.4205        867     3.6083  0.000e+00
     57.111    13.4218   4.074765    34.3845        868     3.6125  0.000e+00
     56.983    13.4061   4.067733    34.3324        869     3.6167  0.000e+00
     56.874    13.3794   4.066090    34.3410        870     3.6208  0.000e+00
     56.766    13.3552   4.066017    34.3622        871     3.6250  0.000e+00
     56.666    13.3386   4.064369    34.3617        872     3.6292  0.000e+00
     56.574    13.3251   4.060968    34.3418        873     3.6333  0.000e+00
     56.487    13.3080   4.059901    34.3472        874     3.6375  0.000e+00
     56.406    13.2922   4.054611    34.3116        875     3.6417  0.000e+00
     56.337    13.2731   4.051507    34.2995        876     3.6458  0.000e+00
     56.261    13.2520   4.047813    34.2835        877     3.6500  0.000e+00
     56.190    13.2290   4.045381    34.2814        878     3.6542  0.000e+00
     56.123    13.2061   4.044760    34.2961        879     3.6583  0.000e+00
     56.055    13.1893   4.044632    34.3102        880     3.6625  0.000e+00
     55.997    13.1779   4.044181    34.3162        881     3.6667  0.000e+00
     55.935    13.1701   4.044687    34.3281        882     3.6708  0.000e+00
     55.870    13.1660   4.042762    34.3136        883     3.6750  0.000e+00
     55.809    13.1605   4.039381    34.2866        884     3.6792  0.000e+00
     55.734    13.1500   4.037646    34.2796        885     3.6833  0.000e+00
     55.667    13.1384   4.036446    34.2787        886     3.6875  0.000e+00
     55.593    13.1285   4.035101    34.2750        887     3.6917  0.000e+00
     55.514    13.1185   4.032344    34.2579        888     3.6958  0.000e+00
     55.430    13.1065   4.029496    34.2417        889     3.7000  0.000e+00
     55.342    13.0910   4.024399    34.2074        890     3.7042  0.000e+00
     55.250    13.0693   4.019718    34.1826        891     3.7083  0.000e+00
     55.159    13.0433   4.018357    34.1932        892     3.7125  0.000e+00
     55.072    13.0201   4.016328    34.1949        893     3.7167  0.000e+00
     54.969    13.0015   4.014706    34.1963        894     3.7208  0.000e+00
     54.870    12.9852   4.012635    34.1914        895     3.7250  0.000e+00
     54.768    12.9704   4.007965    34.1603        896     3.7292  0.000e+00
     54.658    12.9514   4.006515    34.1637        897     3.7333  0.000e+00
     54.548    12.9334   4.004463    34.1605        898     3.7375  0.000e+00
     54.432    12.9172   4.002667    34.1581        899     3.7417  0.000e+00
     54.318    12.9020   4.000696    34.1531        900     3.7458  0.000e+00
     54.204    12.8877   3.999034    34.1502        901     3.7500  0.000e+00
     54.097    12.8743   3.996590    34.1391        902     3.7542  0.000e+00
     53.994    12.8604   3.995026    34.1368        903     3.7583  0.000e+00
     53.902    12.8474   3.994390    34.1425        904     3.7625  0.000e+00
     53.819    12.8368   3.993917    34.1476        905     3.7667  0.000e+00
     53.746    12.8293   3.993444    34.1499        906     3.7708  0.000e+00
     53.688    12.8235   3.994081    34.1612        907     3.7750  0.000e+00
     53.643    12.8208   3.994032    34.1632        908     3.7792  0.000e+00
     53.598    12.8196   3.993796    34.1621        909     3.7833  0.000e+00
     53.562    12.8183   3.992256    34.1485        910     3.7875  0.000e+00
     53.527    12.8147   3.991856    34.1481        911     3.7917  0.000e+00
     53.486    12.8105   3.991444    34.1479        912     3.7958  0.000e+00
     53.446    12.8070   3.991002    34.1469        913     3.8000  0.000e+00
     53.395    12.8035   3.990862    34.1487        914     3.8042  0.000e+00
     53.330    12.8011   3.990481    34.1473        915     3.8083  0.000e+00
     53.258    12.7985   3.990196    34.1469        916     3.8125  0.000e+00
     53.180    12.7957   3.986912    34.1181        917     3.8167  0.000e+00
     53.084    12.7881   3.983296    34.0905        918     3.8208  0.000e+00
     52.986    12.7740   3.981716    34.0882        919     3.8250  0.000e+00
     52.878    12.7599   3.980935    34.0935        920     3.8292  0.000e+00
     52.762    12.7492   3.979591    34.0904        921     3.8333  0.000e+00
     52.644    12.7405   3.978109    34.0842        922     3.8375  0.000e+00
     52.532    12.7320   3.977516    34.0862        923     3.8417  0.000e+00
     52.433    12.7248   3.977467    34.0923        924     3.8458  0.000e+00
     52.337    12.7201   3.977231    34.0944        925     3.8500  0.000e+00
     52.259    12.7171   3.976808    34.0931        926     3.8542  0.000e+00
     52.189    12.7143   3.976880    34.0963        927     3.8583  0.000e+00
     52.125    12.7125   3.976904    34.0981        928     3.8625  0.000e+00
     52.071    12.7119   3.977637    34.1058        929     3.8667  0.000e+00
     52.020    12.7134   3.978787    34.1154        930     3.8708  0.000e+00
     51.979    12.7178   3.979259    34.1160        931     3.8750  0.000e+00
     51.932    12.7226   3.979495    34.1139        932     3.8792  0.000e+00
     51.888    12.7267   3.979924    34.1143        933     3.8833  0.000e+00
     51.839    12.7306   3.980227    34.1137        934     3.8875  0.000e+00
     51.782    12.7339   3.980463    34.1130        935     3.8917  0.000e+00
     51.724    12.7368   3.980626    34.1120        936     3.8958  0.000e+00
     51.660    12.7395   3.980796    34.1111        937     3.9000  0.000e+00
     51.593    12.7417   3.980844    34.1097        938     3.9042  0.000e+00
     51.516    12.7433   3.980886    34.1086        939     3.9083  0.000e+00
     51.443    12.7447   3.980868    34.1072        940     3.9125  0.000e+00
     51.362    12.7456   3.980862    34.1064        941     3.9167  0.000e+00
     51.288    12.7463   3.980650    34.1037        942     3.9208  0.000e+00
     51.204    12.7463   3.980559    34.1029        943     3.9250  0.000e+00
     51.127    12.7464   3.980396    34.1013        944     3.9292  0.000e+00
     51.054    12.7459   3.980136    34.0993        945     3.9333  0.000e+00
     50.973    12.7455   3.980111    34.0995        946     3.9375  0.000e+00
     50.893    12.7451   3.980087    34.0997        947     3.9417  0.000e+00
     50.808    12.7449   3.979942    34.0985        948     3.9458  0.000e+00
     50.720    12.7445   3.979869    34.0982        949     3.9500  0.000e+00
     50.624    12.7440   3.979730    34.0973        950     3.9542  0.000e+00
     50.530    12.7435   3.979566    34.0963        951     3.9583  0.000e+00
     50.423    12.7431   3.979215    34.0933        952     3.9625  0.000e+00
     50.318    12.7422   3.979143    34.0935        953     3.9667  0.000e+00
     50.215    12.7415   3.979143    34.0941        954     3.9708  0.000e+00
     50.113    12.7414   3.979143    34.0943        955     3.9750  0.000e+00
     50.023    12.7415   3.979070    34.0936        956     3.9792  0.000e+00
     49.940    12.7417   3.979003    34.0928        957     3.9833  0.000e+00
     49.855    12.7416   3.978979    34.0927        958     3.9875  0.000e+00
     49.782    12.7417   3.978967    34.0925        959     3.9917  0.000e+00
     49.734    12.7415   3.978979    34.0928        960     3.9958  0.000e+00
     49.683    12.7416   3.979046    34.0934        961     4.0000  0.000e+00
     49.647    12.7420   3.979070    34.0933        962     4.0042  0.000e+00
     49.612    12.7423   3.979094    34.0933        963     4.0083  0.000e+00
     49.583    12.7425   3.979118    34.0933        964     4.0125  0.000e+00
     49.560    12.7429   3.979094    34.0927        965     4.0167  0.000e+00
     49.529    12.7432   3.979094    34.0925        966     4.0208  0.000e+00
     49.495    12.7433   3.979070    34.0921        967     4.0250  0.000e+00
     49.453    12.7433   3.979045    34.0920        968     4.0292  0.000e+00
     49.401    12.7432   3.979082    34.0924        969     4.0333  0.000e+00
     49.339    12.7433   3.979094    34.0924        970     4.0375  0.000e+00
     49.269    12.7435   3.979118    34.0925        971     4.0417  0.000e+00
     49.180    12.7438   3.979094    34.0921        972     4.0458  0.000e+00
     49.091    12.7439   3.979094    34.0920        973     4.0500  0.000e+00
     48.986    12.7440   3.979027    34.0913        974     4.0542  0.000e+00
     48.890    12.7440   3.979003    34.0911        975     4.0583  0.000e+00
     48.791    12.7441   3.978979    34.0908        976     4.0625  0.000e+00
     48.695    12.7440   3.978979    34.0910        977     4.0667  0.000e+00
     48.612    12.7442   3.978930    34.0904        978     4.0708  0.000e+00
     48.521    12.7440   3.978851    34.0899        979     4.0750  0.000e+00
     48.444    12.7439   3.978833    34.0898        980     4.0792  0.000e+00
     48.379    12.7437   3.978833    34.0900        981     4.0833  0.000e+00
     48.306    12.7435   3.978833    34.0902        982     4.0875  0.000e+00
     48.245    12.7435   3.978833    34.0903        983     4.0917  0.000e+00
     48.180    12.7435   3.978809    34.0900        984     4.0958  0.000e+00
     48.118    12.7433   3.978791    34.0900        985     4.1000  0.000e+00
     48.042    12.7433   3.978791    34.0901        986     4.1042  0.000e+00
     47.968    12.7435   3.978881    34.0908        987     4.1083  0.000e+00
     47.888    12.7439   3.979166    34.0932        988     4.1125  0.000e+00
     47.803    12.7456   3.978403    34.0844        989     4.1167  0.000e+00
     47.715    12.7456   3.973060    34.0333        990     4.1208  0.000e+00
     47.631    12.7353   3.962372    33.9405        991     4.1250  0.000e+00
     47.543    12.7056   3.957799    33.9236        992     4.1292  0.000e+00
     47.467    12.6705   3.955130    33.9297        993     4.1333  0.000e+00
     47.385    12.6394   3.953326    33.9405        994     4.1375  0.000e+00
     47.311    12.6157   3.950284    33.9327        995     4.1417  0.000e+00
     47.246    12.5945   3.946223    33.9130        996     4.1458  0.000e+00
     47.184    12.5707   3.944680    33.9197        997     4.1500  0.000e+00
     47.123    12.5502   3.943932    33.9310        998     4.1542  0.000e+00
     47.058    12.5343   3.944216    33.9481        999     4.1583  0.000e+00
     47.002    12.5249   3.944517    33.9595       1000     4.1625  0.000e+00
     46.937    12.5201   3.943004    33.9494       1001     4.1667  0.000e+00
     46.877    12.5146   3.939085    33.9167       1002     4.1708  0.000e+00
     46.810    12.5011   3.936108    33.9003       1003     4.1750  0.000e+00
     46.738    12.4832   3.935921    33.9147       1004     4.1792  0.000e+00
     46.653    12.4697   3.935662    33.9244       1005     4.1833  0.000e+00
     46.566    12.4607   3.935433    33.9304       1006     4.1875  0.000e+00
     46.475    12.4543   3.931011    33.8937       1007     4.1917  0.000e+00
     46.379    12.4408   3.916171    33.7632       1008     4.1958  0.000e+00
     46.285    12.4034   3.910947    33.7466       1009     4.2000  0.000e+00
     46.195    12.3601   3.910232    33.7788       1010     4.2042  0.000e+00
     46.106    12.3272   3.910371    33.8098       1011     4.2083  0.000e+00
     46.019    12.3068   3.909957    33.8242       1012     4.2125  0.000e+00
     45.940    12.2940   3.909710    33.8335       1013     4.2167  0.000e+00
     45.867    12.2853   3.910257    33.8467       1014     4.2208  0.000e+00
     45.797    12.2809   3.911483    33.8625       1015     4.2250  0.000e+00
     45.734    12.2823   3.912247    33.8686       1016     4.2292  0.000e+00
     45.670    12.2859   3.911525    33.8584       1017     4.2333  0.000e+00
     45.609    12.2869   3.912126    33.8634       1018     4.2375  0.000e+00
     45.549    12.2886   3.912541    33.8659       1019     4.2417  0.000e+00
     45.486    12.2908   3.911784    33.8566       1020     4.2458  0.000e+00
     45.417    12.2910   3.912264    33.8611       1021     4.2500  0.000e+00
     45.350    12.2916   3.913304    33.8706       1022     4.2542  0.000e+00
     45.276    12.2948   3.914068    33.8751       1023     4.2583  0.000e+00
     45.200    12.3000   3.914140    33.8711       1024     4.2625  0.000e+00
     45.118    12.3041   3.914970    33.8755       1025     4.2667  0.000e+00
     45.041    12.3080   3.917074    33.8922       1026     4.2708  0.000e+00
     44.963    12.3173   3.918536    33.8980       1027     4.2750  0.000e+00
     44.890    12.3277   3.919414    33.8970       1028     4.2792  0.000e+00
     44.816    12.3383   3.921074    33.9035       1029     4.2833  0.000e+00
     44.742    12.3488   3.921501    33.8982       1030     4.2875  0.000e+00
     44.672    12.3581   3.922145    33.8960       1031     4.2917  0.000e+00
     44.603    12.3661   3.922427    33.8915       1032     4.2958  0.000e+00
     44.536    12.3718   3.922192    33.8841       1033     4.3000  0.000e+00
     44.463    12.3757   3.924720    33.9050       1034     4.3042  0.000e+00
     44.398    12.3832   3.924744    33.8985       1035     4.3083  0.000e+00
