HB2406/sbe777.cnv
* Sea-Bird SBE 19plus V2 Data File:
* FileName = C:\cruise\data\sbe777.hex
* Software Version Seasave V 7.26.7.121
* Temperature SN = 7037
* Conductivity SN = 7037
* System UpLoad Time = Aug 08 2024 16:00:00
* NMEA Latitude = 41 31.81 N
* NMEA Longitude = 071 19.10 W
* NMEA UTC (Time) = Aug 08 2024  15:58:47
** Ship: Henry Bigelow
** Cruise:  HB2406
** Program:  ECOMON
# nquan = 7
# nvalues = 129                                   
# units = specified
# name 0 = depSM: Depth [salt water, m]
# name 1 = tv290C: Temperature [ITS-90, deg C]
# name 2 = c0S/m: Conductivity [S/m]
# name 3 = sal00: Salinity, Practical [PSU]
# name 4 = scan: Scan Count
# name 5 = timeM: Time, Elapsed [minutes]
# name 6 = flag:  0.000e+00
# span 0 =     -0.004,      0.005                 
# span 1 =    21.1707,    21.1844                 
# span 2 =  -0.000033,  -0.000017                 
# span 3 =     0.0000,     0.0000                 
# span 4 =         11,        139                 
# span 5 =     0.0417,     0.5750                 
# span 6 = 0.0000e+00, 0.0000e+00                 
# interval = seconds: 0.25
# start_time = Aug 08 2024 15:58:47 [NMEA time, header]
# bad_flag = -9.990e-29
*END*
      0.002    21.1844  -0.000023     0.0000         11     0.0417  0.000e+00
      0.002    21.1844  -0.000020     0.0000         12     0.0458  0.000e+00
      0.002    21.1842  -0.000023     0.0000         13     0.0500  0.000e+00
      0.002    21.1841  -0.000023     0.0000         14     0.0542  0.000e+00
      0.003    21.1841  -0.000017     0.0000         15     0.0583  0.000e+00
      0.003    21.1840  -0.000028     0.0000         16     0.0625  0.000e+00
      0.003    21.1838  -0.000023     0.0000         17     0.0667  0.000e+00
      0.002    21.1835  -0.000023     0.0000         18     0.0708  0.000e+00
      0.002    21.1835  -0.000025     0.0000         19     0.0750  0.000e+00
      0.002    21.1833  -0.000023     0.0000         20     0.0792  0.000e+00
     -0.000    21.1833  -0.000023     0.0000         21     0.0833  0.000e+00
     -0.000    21.1831  -0.000023     0.0000         22     0.0875  0.000e+00
     -0.000    21.1830  -0.000023     0.0000         23     0.0917  0.000e+00
     -0.002    21.1829  -0.000023     0.0000         24     0.0958  0.000e+00
      0.004    21.1828  -0.000020     0.0000         25     0.1000  0.000e+00
      0.002    21.1825  -0.000028     0.0000         26     0.1042  0.000e+00
      0.000    21.1823  -0.000017     0.0000         27     0.1083  0.000e+00
      0.002    21.1823  -0.000017     0.0000         28     0.1125  0.000e+00
      0.000    21.1822  -0.000017     0.0000         29     0.1167  0.000e+00
      0.004    21.1820  -0.000017     0.0000         30     0.1208  0.000e+00
      0.004    21.1819  -0.000028     0.0000         31     0.1250  0.000e+00
      0.000    21.1819  -0.000025     0.0000         32     0.1292  0.000e+00
      0.005    21.1817  -0.000023     0.0000         33     0.1333  0.000e+00
      0.005    21.1817  -0.000017     0.0000         34     0.1375  0.000e+00
      0.000    21.1815  -0.000023     0.0000         35     0.1417  0.000e+00
      0.002    21.1814  -0.000017     0.0000         36     0.1458  0.000e+00
      0.002    21.1813  -0.000023     0.0000         37     0.1500  0.000e+00
      0.002    21.1810  -0.000023     0.0000         38     0.1542  0.000e+00
      0.004    21.1809  -0.000020     0.0000         39     0.1583  0.000e+00
      0.002    21.1809  -0.000023     0.0000         40     0.1625  0.000e+00
     -0.000    21.1806  -0.000023     0.0000         41     0.1667  0.000e+00
     -0.000    21.1807  -0.000023     0.0000         42     0.1708  0.000e+00
     -0.002    21.1805  -0.000023     0.0000         43     0.1750  0.000e+00
      0.002    21.1803  -0.000023     0.0000         44     0.1792  0.000e+00
     -0.000    21.1801  -0.000025     0.0000         45     0.1833  0.000e+00
     -0.002    21.1801  -0.000023     0.0000         46     0.1875  0.000e+00
      0.002    21.1799  -0.000017     0.0000         47     0.1917  0.000e+00
      0.002    21.1799  -0.000023     0.0000         48     0.1958  0.000e+00
      0.004    21.1799  -0.000033     0.0000         49     0.2000  0.000e+00
     -0.002    21.1796  -0.000033     0.0000         50     0.2042  0.000e+00
      0.004    21.1795  -0.000023     0.0000         51     0.2083  0.000e+00
      0.004    21.1795  -0.000025     0.0000         52     0.2125  0.000e+00
      0.002    21.1793  -0.000017     0.0000         53     0.2167  0.000e+00
      0.000    21.1792  -0.000028     0.0000         54     0.2208  0.000e+00
     -0.000    21.1789  -0.000023     0.0000         55     0.2250  0.000e+00
      0.004    21.1791  -0.000023     0.0000         56     0.2292  0.000e+00
     -0.002    21.1788  -0.000023     0.0000         57     0.2333  0.000e+00
      0.004    21.1788  -0.000025     0.0000         58     0.2375  0.000e+00
      0.000    21.1785  -0.000017     0.0000         59     0.2417  0.000e+00
      0.002    21.1784  -0.000028     0.0000         60     0.2458  0.000e+00
     -0.000    21.1784  -0.000017     0.0000         61     0.2500  0.000e+00
     -0.000    21.1783  -0.000023     0.0000         62     0.2542  0.000e+00
      0.002    21.1780  -0.000028     0.0000         63     0.2583  0.000e+00
     -0.000    21.1780  -0.000017     0.0000         64     0.2625  0.000e+00
      0.004    21.1779  -0.000025     0.0000         65     0.2667  0.000e+00
     -0.000    21.1778  -0.000023     0.0000         66     0.2708  0.000e+00
      0.002    21.1777  -0.000028     0.0000         67     0.2750  0.000e+00
     -0.000    21.1776  -0.000017     0.0000         68     0.2792  0.000e+00
      0.002    21.1776  -0.000023     0.0000         69     0.2833  0.000e+00
     -0.000    21.1775  -0.000023     0.0000         70     0.2875  0.000e+00
      0.004    21.1773  -0.000028     0.0000         71     0.2917  0.000e+00
      0.000    21.1771  -0.000025     0.0000         72     0.2958  0.000e+00
     -0.000    21.1772  -0.000028     0.0000         73     0.3000  0.000e+00
      0.005    21.1769  -0.000028     0.0000         74     0.3042  0.000e+00
      0.002    21.1769  -0.000023     0.0000         75     0.3083  0.000e+00
     -0.002    21.1766  -0.000023     0.0000         76     0.3125  0.000e+00
     -0.000    21.1766  -0.000023     0.0000         77     0.3167  0.000e+00
     -0.002    21.1765  -0.000025     0.0000         78     0.3208  0.000e+00
     -0.000    21.1764  -0.000028     0.0000         79     0.3250  0.000e+00
     -0.000    21.1762  -0.000023     0.0000         80     0.3292  0.000e+00
      0.002    21.1763  -0.000023     0.0000         81     0.3333  0.000e+00
      0.002    21.1761  -0.000023     0.0000         82     0.3375  0.000e+00
     -0.002    21.1759  -0.000023     0.0000         83     0.3417  0.000e+00
     -0.002    21.1758  -0.000023     0.0000         84     0.3458  0.000e+00
      0.002    21.1758  -0.000020     0.0000         85     0.3500  0.000e+00
      0.002    21.1757  -0.000023     0.0000         86     0.3542  0.000e+00
      0.000    21.1756  -0.000023     0.0000         87     0.3583  0.000e+00
      0.002    21.1756  -0.000023     0.0000         88     0.3625  0.000e+00
      0.004    21.1753  -0.000028     0.0000         89     0.3667  0.000e+00
      0.002    21.1754  -0.000023     0.0000         90     0.3708  0.000e+00
     -0.002    21.1752  -0.000020     0.0000         91     0.3750  0.000e+00
      0.002    21.1751  -0.000023     0.0000         92     0.3792  0.000e+00
     -0.004    21.1750  -0.000017     0.0000         93     0.3833  0.000e+00
      0.000    21.1748  -0.000028     0.0000         94     0.3875  0.000e+00
      0.000    21.1749  -0.000017     0.0000         95     0.3917  0.000e+00
     -0.002    21.1748  -0.000023     0.0000         96     0.3958  0.000e+00
     -0.002    21.1744  -0.000023     0.0000         97     0.4000  0.000e+00
     -0.002    21.1746  -0.000020     0.0000         98     0.4042  0.000e+00
      0.000    21.1743  -0.000023     0.0000         99     0.4083  0.000e+00
      0.002    21.1743  -0.000028     0.0000        100     0.4125  0.000e+00
     -0.002    21.1742  -0.000017     0.0000        101     0.4167  0.000e+00
      0.002    21.1740  -0.000023     0.0000        102     0.4208  0.000e+00
      0.000    21.1739  -0.000017     0.0000        103     0.4250  0.000e+00
      0.000    21.1740  -0.000028     0.0000        104     0.4292  0.000e+00
     -0.000    21.1737  -0.000020     0.0000        105     0.4333  0.000e+00
      0.002    21.1737  -0.000017     0.0000        106     0.4375  0.000e+00
      0.002    21.1738  -0.000023     0.0000        107     0.4417  0.000e+00
     -0.002    21.1735  -0.000023     0.0000        108     0.4458  0.000e+00
      0.004    21.1734  -0.000028     0.0000        109     0.4500  0.000e+00
      0.000    21.1735  -0.000023     0.0000        110     0.4542  0.000e+00
     -0.000    21.1733  -0.000020     0.0000        111     0.4583  0.000e+00
     -0.002    21.1732  -0.000028     0.0000        112     0.4625  0.000e+00
     -0.002    21.1731  -0.000017     0.0000        113     0.4667  0.000e+00
      0.002    21.1729  -0.000028     0.0000        114     0.4708  0.000e+00
      0.002    21.1730  -0.000017     0.0000        115     0.4750  0.000e+00
     -0.002    21.1729  -0.000023     0.0000        116     0.4792  0.000e+00
      0.002    21.1727  -0.000017     0.0000        117     0.4833  0.000e+00
     -0.002    21.1727  -0.000025     0.0000        118     0.4875  0.000e+00
      0.002    21.1727  -0.000033     0.0000        119     0.4917  0.000e+00
     -0.000    21.1725  -0.000023     0.0000        120     0.4958  0.000e+00
      0.005    21.1724  -0.000023     0.0000        121     0.5000  0.000e+00
     -0.000    21.1724  -0.000023     0.0000        122     0.5042  0.000e+00
     -0.000    21.1722  -0.000023     0.0000        123     0.5083  0.000e+00
     -0.000    21.1719  -0.000020     0.0000        124     0.5125  0.000e+00
     -0.000    21.1720  -0.000023     0.0000        125     0.5167  0.000e+00
     -0.002    21.1719  -0.000023     0.0000        126     0.5208  0.000e+00
     -0.004    21.1720  -0.000017     0.0000        127     0.5250  0.000e+00
     -0.002    21.1716  -0.000017     0.0000        128     0.5292  0.000e+00
      0.002    21.1716  -0.000017     0.0000        129     0.5333  0.000e+00
      0.002    21.1714  -0.000023     0.0000        130     0.5375  0.000e+00
      0.002    21.1715  -0.000020     0.0000        131     0.5417  0.000e+00
      0.002    21.1715  -0.000023     0.0000        132     0.5458  0.000e+00
     -0.002    21.1711  -0.000017     0.0000        133     0.5500  0.000e+00
      0.000    21.1711  -0.000017     0.0000        134     0.5542  0.000e+00
      0.000    21.1712  -0.000023     0.0000        135     0.5583  0.000e+00
      0.000    21.1710  -0.000017     0.0000        136     0.5625  0.000e+00
      0.000    21.1711  -0.000020     0.0000        137     0.5667  0.000e+00
      0.000    21.1708  -0.000023     0.0000        138     0.5708  0.000e+00
      0.000    21.1707  -0.000023     0.0000        139     0.5750  0.000e+00
