HB2406/sbe998.cnv
* Sea-Bird SBE 19plus Data File:
* FileName = C:\cruise\data\sbe998.hex
* Software Version Seasave V 7.26.7.121
* Temperature SN = 4684
* Conductivity SN = 4684
* System UpLoad Time = Aug 08 2024 16:35:50
* NMEA Latitude = 41 31.80 N
* NMEA Longitude = 071 19.11 W
* NMEA UTC (Time) = Aug 08 2024  16:34:37
** Ship: Bigelow
** Cruise:  HB2406
** Program:  ECOMON
# nquan = 7
# nvalues = 764                                   
# units = specified
# name 0 = depSM: Depth [salt water, m]
# name 1 = tv290C: Temperature [ITS-90, deg C]
# name 2 = c0S/m: Conductivity [S/m]
# name 3 = sal00: Salinity, Practical [PSU]
# name 4 = scan: Scan Count
# name 5 = timeM: Time, Elapsed [minutes]
# name 6 = flag:  0.000e+00
# span 0 =     -0.029,     -0.011                 
# span 1 =    17.5021,    18.0920                 
# span 2 =   0.000072,   0.000107                 
# span 3 =     0.0089,     0.0092                 
# span 4 =         11,        774                 
# span 5 =     0.0417,     3.2208                 
# span 6 = 0.0000e+00, 0.0000e+00                 
# interval = seconds: 0.25
# start_time = Aug 08 2024 16:34:37 [NMEA time, header]
# bad_flag = -9.990e-29
*END*
[from data line 411]
     -0.014    17.8748   0.000084     0.0091        422     1.7542  0.000e+00
     -0.023    17.8763   0.000096     0.0091        423     1.7583  0.000e+00
     -0.020    17.8776   0.000084     0.0091        424     1.7625  0.000e+00
     -0.020    17.8785   0.000078     0.0090        425     1.7667  0.000e+00
     -0.017    17.8793   0.000090     0.0091        426     1.7708  0.000e+00
     -0.017    17.8801   0.000084     0.0091        427     1.7750  0.000e+00
     -0.014    17.8815   0.000084     0.0091        428     1.7792  0.000e+00
     -0.023    17.8831   0.000090     0.0091        429     1.7833  0.000e+00
     -0.023    17.8843   0.000090     0.0091        430     1.7875  0.000e+00
     -0.020    17.8846   0.000084     0.0091        431     1.7917  0.000e+00
     -0.020    17.8855   0.000090     0.0091        432     1.7958  0.000e+00
     -0.020    17.8865   0.000084     0.0091        433     1.8000  0.000e+00
     -0.020    17.8870   0.000090     0.0091        434     1.8042  0.000e+00
     -0.017    17.8873   0.000090     0.0091        435     1.8083  0.000e+00
     -0.017    17.8872   0.000090     0.0091        436     1.8125  0.000e+00
     -0.020    17.8875   0.000084     0.0091        437     1.8167  0.000e+00
     -0.014    17.8883   0.000078     0.0091        438     1.8208  0.000e+00
     -0.023    17.8892   0.000084     0.0091        439     1.8250  0.000e+00
     -0.020    17.8902   0.000084     0.0091        440     1.8292  0.000e+00
     -0.020    17.8912   0.000084     0.0091        441     1.8333  0.000e+00
     -0.020    17.8925   0.000084     0.0091        442     1.8375  0.000e+00
     -0.017    17.8940   0.000090     0.0091        443     1.8417  0.000e+00
     -0.017    17.8952   0.000096     0.0091        444     1.8458  0.000e+00
     -0.023    17.8968   0.000090     0.0091        445     1.8500  0.000e+00
     -0.020    17.8982   0.000090     0.0091        446     1.8542  0.000e+00
     -0.020    17.8986   0.000084     0.0091        447     1.8583  0.000e+00
     -0.011    17.8986   0.000090     0.0091        448     1.8625  0.000e+00
     -0.020    17.8987   0.000084     0.0091        449     1.8667  0.000e+00
     -0.020    17.8989   0.000084     0.0091        450     1.8708  0.000e+00
     -0.023    17.8995   0.000090     0.0091        451     1.8750  0.000e+00
     -0.023    17.9009   0.000090     0.0091        452     1.8792  0.000e+00
     -0.023    17.9020   0.000090     0.0091        453     1.8833  0.000e+00
     -0.026    17.9028   0.000084     0.0091        454     1.8875  0.000e+00
     -0.023    17.9028   0.000084     0.0091        455     1.8917  0.000e+00
     -0.026    17.9027   0.000090     0.0091        456     1.8958  0.000e+00
     -0.020    17.9026   0.000090     0.0091        457     1.9000  0.000e+00
     -0.020    17.9025   0.000090     0.0091        458     1.9042  0.000e+00
     -0.017    17.9023   0.000096     0.0091        459     1.9083  0.000e+00
     -0.020    17.9020   0.000096     0.0091        460     1.9125  0.000e+00
     -0.017    17.9025   0.000096     0.0091        461     1.9167  0.000e+00
     -0.020    17.9032   0.000090     0.0091        462     1.9208  0.000e+00
     -0.011    17.9045   0.000090     0.0091        463     1.9250  0.000e+00
     -0.027    17.9064   0.000084     0.0091        464     1.9292  0.000e+00
     -0.020    17.9086   0.000090     0.0091        465     1.9333  0.000e+00
     -0.027    17.9105   0.000090     0.0091        466     1.9375  0.000e+00
     -0.020    17.9133   0.000090     0.0091        467     1.9417  0.000e+00
     -0.017    17.9152   0.000090     0.0091        468     1.9458  0.000e+00
     -0.020    17.9167   0.000090     0.0091        469     1.9500  0.000e+00
     -0.020    17.9174   0.000090     0.0091        470     1.9542  0.000e+00
     -0.020    17.9175   0.000096     0.0091        471     1.9583  0.000e+00
     -0.017    17.9177   0.000090     0.0091        472     1.9625  0.000e+00
     -0.024    17.9177   0.000084     0.0091        473     1.9667  0.000e+00
     -0.024    17.9175   0.000090     0.0091        474     1.9708  0.000e+00
     -0.020    17.9171   0.000090     0.0091        475     1.9750  0.000e+00
     -0.020    17.9170   0.000096     0.0091        476     1.9792  0.000e+00
     -0.017    17.9171   0.000090     0.0091        477     1.9833  0.000e+00
     -0.020    17.9177   0.000090     0.0091        478     1.9875  0.000e+00
     -0.020    17.9192   0.000090     0.0091        479     1.9917  0.000e+00
     -0.017    17.9218   0.000090     0.0091        480     1.9958  0.000e+00
     -0.024    17.9244   0.000096     0.0091        481     2.0000  0.000e+00
     -0.017    17.9273   0.000090     0.0091        482     2.0042  0.000e+00
     -0.014    17.9319   0.000090     0.0091        483     2.0083  0.000e+00
     -0.020    17.9379   0.000090     0.0091        484     2.0125  0.000e+00
     -0.023    17.9402   0.000084     0.0091        485     2.0167  0.000e+00
     -0.023    17.9413   0.000090     0.0091        486     2.0208  0.000e+00
     -0.023    17.9439   0.000090     0.0091        487     2.0250  0.000e+00
     -0.024    17.9476   0.000090     0.0091        488     2.0292  0.000e+00
     -0.020    17.9519   0.000090     0.0091        489     2.0333  0.000e+00
     -0.024    17.9552   0.000090     0.0091        490     2.0375  0.000e+00
     -0.020    17.9574   0.000096     0.0091        491     2.0417  0.000e+00
     -0.011    17.9588   0.000084     0.0091        492     2.0458  0.000e+00
     -0.017    17.9601   0.000090     0.0091        493     2.0500  0.000e+00
     -0.020    17.9611   0.000096     0.0091        494     2.0542  0.000e+00
     -0.020    17.9613   0.000090     0.0091        495     2.0583  0.000e+00
     -0.027    17.9615   0.000090     0.0091        496     2.0625  0.000e+00
     -0.020    17.9614   0.000090     0.0091        497     2.0667  0.000e+00
     -0.017    17.9619   0.000090     0.0091        498     2.0708  0.000e+00
     -0.017    17.9629   0.000090     0.0091        499     2.0750  0.000e+00
     -0.017    17.9644   0.000090     0.0091        500     2.0792  0.000e+00
     -0.020    17.9653   0.000090     0.0091        501     2.0833  0.000e+00
     -0.014    17.9653   0.000090     0.0091        502     2.0875  0.000e+00
     -0.020    17.9648   0.000096     0.0091        503     2.0917  0.000e+00
     -0.017    17.9645   0.000096     0.0091        504     2.0958  0.000e+00
     -0.020    17.9652   0.000090     0.0091        505     2.1000  0.000e+00
     -0.020    17.9671   0.000090     0.0091        506     2.1042  0.000e+00
     -0.024    17.9700   0.000090     0.0091        507     2.1083  0.000e+00
     -0.021    17.9722   0.000096     0.0091        508     2.1125  0.000e+00
     -0.014    17.9726   0.000096     0.0091        509     2.1167  0.000e+00
     -0.021    17.9717   0.000090     0.0091        510     2.1208  0.000e+00
     -0.021    17.9702   0.000090     0.0091        511     2.1250  0.000e+00
     -0.014    17.9684   0.000096     0.0091        512     2.1292  0.000e+00
     -0.024    17.9666   0.000090     0.0091        513     2.1333  0.000e+00
     -0.017    17.9649   0.000096     0.0091        514     2.1375  0.000e+00
     -0.021    17.9635   0.000090     0.0091        515     2.1417  0.000e+00
     -0.017    17.9628   0.000096     0.0091        516     2.1458  0.000e+00
     -0.014    17.9621   0.000096     0.0091        517     2.1500  0.000e+00
     -0.014    17.9617   0.000096     0.0091        518     2.1542  0.000e+00
     -0.017    17.9615   0.000090     0.0091        519     2.1583  0.000e+00
     -0.017    17.9618   0.000090     0.0091        520     2.1625  0.000e+00
     -0.020    17.9632   0.000096     0.0091        521     2.1667  0.000e+00
     -0.024    17.9660   0.000096     0.0091        522     2.1708  0.000e+00
     -0.017    17.9697   0.000090     0.0091        523     2.1750  0.000e+00
     -0.024    17.9739   0.000096     0.0091        524     2.1792  0.000e+00
     -0.017    17.9770   0.000090     0.0091        525     2.1833  0.000e+00
     -0.020    17.9787   0.000096     0.0091        526     2.1875  0.000e+00
     -0.017    17.9796   0.000090     0.0091        527     2.1917  0.000e+00
     -0.014    17.9796   0.000090     0.0091        528     2.1958  0.000e+00
     -0.014    17.9794   0.000096     0.0091        529     2.2000  0.000e+00
     -0.027    17.9794   0.000096     0.0091        530     2.2042  0.000e+00
     -0.021    17.9793   0.000096     0.0091        531     2.2083  0.000e+00
     -0.021    17.9790   0.000096     0.0091        532     2.2125  0.000e+00
     -0.024    17.9786   0.000090     0.0091        533     2.2167  0.000e+00
     -0.017    17.9785   0.000096     0.0091        534     2.2208  0.000e+00
     -0.014    17.9787   0.000090     0.0091        535     2.2250  0.000e+00
     -0.017    17.9787   0.000090     0.0091        536     2.2292  0.000e+00
     -0.024    17.9801   0.000096     0.0091        537     2.2333  0.000e+00
     -0.017    17.9816   0.000096     0.0091        538     2.2375  0.000e+00
     -0.024    17.9830   0.000090     0.0091        539     2.2417  0.000e+00
     -0.024    17.9848   0.000096     0.0091        540     2.2458  0.000e+00
     -0.021    17.9860   0.000096     0.0091        541     2.2500  0.000e+00
     -0.024    17.9864   0.000090     0.0091        542     2.2542  0.000e+00
     -0.021    17.9863   0.000090     0.0091        543     2.2583  0.000e+00
     -0.017    17.9858   0.000090     0.0091        544     2.2625  0.000e+00
     -0.024    17.9852   0.000090     0.0091        545     2.2667  0.000e+00
     -0.024    17.9841   0.000090     0.0091        546     2.2708  0.000e+00
     -0.021    17.9830   0.000096     0.0091        547     2.2750  0.000e+00
     -0.021    17.9827   0.000090     0.0091        548     2.2792  0.000e+00
     -0.014    17.9825   0.000090     0.0091        549     2.2833  0.000e+00
     -0.024    17.9824   0.000096     0.0091        550     2.2875  0.000e+00
     -0.017    17.9826   0.000090     0.0091        551     2.2917  0.000e+00
     -0.014    17.9830   0.000096     0.0091        552     2.2958  0.000e+00
     -0.017    17.9831   0.000090     0.0091        553     2.3000  0.000e+00
     -0.021    17.9838   0.000090     0.0091        554     2.3042  0.000e+00
     -0.017    17.9846   0.000096     0.0091        555     2.3083  0.000e+00
     -0.024    17.9860   0.000096     0.0091        556     2.3125  0.000e+00
     -0.021    17.9873   0.000090     0.0091        557     2.3167  0.000e+00
     -0.014    17.9883   0.000090     0.0091        558     2.3208  0.000e+00
     -0.014    17.9897   0.000090     0.0091        559     2.3250  0.000e+00
     -0.021    17.9900   0.000090     0.0091        560     2.3292  0.000e+00
     -0.024    17.9900   0.000096     0.0091        561     2.3333  0.000e+00
     -0.017    17.9893   0.000090     0.0091        562     2.3375  0.000e+00
     -0.017    17.9887   0.000090     0.0091        563     2.3417  0.000e+00
     -0.017    17.9882   0.000090     0.0091        564     2.3458  0.000e+00
     -0.017    17.9889   0.000096     0.0091        565     2.3500  0.000e+00
     -0.021    17.9900   0.000090     0.0091        566     2.3542  0.000e+00
     -0.021    17.9913   0.000090     0.0091        567     2.3583  0.000e+00
     -0.017    17.9938   0.000084     0.0091        568     2.3625  0.000e+00
     -0.024    17.9964   0.000096     0.0091        569     2.3667  0.000e+00
     -0.021    17.9981   0.000090     0.0091        570     2.3708  0.000e+00
     -0.018    17.9986   0.000096     0.0091        571     2.3750  0.000e+00
     -0.018    17.9985   0.000096     0.0091        572     2.3792  0.000e+00
     -0.024    17.9981   0.000096     0.0091        573     2.3833  0.000e+00
     -0.021    17.9977   0.000096     0.0091        574     2.3875  0.000e+00
     -0.014    17.9971   0.000096     0.0091        575     2.3917  0.000e+00
     -0.018    17.9967   0.000096     0.0091        576     2.3958  0.000e+00
     -0.021    17.9964   0.000090     0.0091        577     2.4000  0.000e+00
     -0.014    17.9968   0.000090     0.0091        578     2.4042  0.000e+00
     -0.024    17.9982   0.000090     0.0091        579     2.4083  0.000e+00
     -0.018    18.0007   0.000090     0.0091        580     2.4125  0.000e+00
     -0.021    18.0035   0.000096     0.0091        581     2.4167  0.000e+00
     -0.018    18.0059   0.000090     0.0091        582     2.4208  0.000e+00
     -0.014    18.0077   0.000096     0.0091        583     2.4250  0.000e+00
     -0.018    18.0088   0.000090     0.0091        584     2.4292  0.000e+00
     -0.021    18.0102   0.000090     0.0091        585     2.4333  0.000e+00
     -0.018    18.0109   0.000090     0.0091        586     2.4375  0.000e+00
     -0.027    18.0118   0.000096     0.0091        587     2.4417  0.000e+00
     -0.021    18.0123   0.000090     0.0091        588     2.4458  0.000e+00
     -0.024    18.0128   0.000090     0.0091        589     2.4500  0.000e+00
     -0.021    18.0129   0.000090     0.0091        590     2.4542  0.000e+00
     -0.021    18.0132   0.000090     0.0091        591     2.4583  0.000e+00
     -0.021    18.0134   0.000090     0.0091        592     2.4625  0.000e+00
     -0.018    18.0137   0.000096     0.0091        593     2.4667  0.000e+00
     -0.014    18.0142   0.000101     0.0091        594     2.4708  0.000e+00
     -0.024    18.0143   0.000096     0.0091        595     2.4750  0.000e+00
     -0.024    18.0145   0.000096     0.0091        596     2.4792  0.000e+00
     -0.024    18.0146   0.000096     0.0091        597     2.4833  0.000e+00
     -0.018    18.0146   0.000096     0.0091        598     2.4875  0.000e+00
     -0.024    18.0147   0.000096     0.0091        599     2.4917  0.000e+00
     -0.021    18.0146   0.000096     0.0091        600     2.4958  0.000e+00
     -0.014    18.0148   0.000096     0.0091        601     2.5000  0.000e+00
     -0.021    18.0149   0.000096     0.0091        602     2.5042  0.000e+00
     -0.021    18.0148   0.000096     0.0091        603     2.5083  0.000e+00
     -0.018    18.0148   0.000090     0.0091        604     2.5125  0.000e+00
     -0.021    18.0146   0.000096     0.0091        605     2.5167  0.000e+00
     -0.018    18.0146   0.000096     0.0091        606     2.5208  0.000e+00
     -0.024    18.0146   0.000096     0.0091        607     2.5250  0.000e+00
     -0.021    18.0145   0.000096     0.0091        608     2.5292  0.000e+00
     -0.021    18.0146   0.000090     0.0091        609     2.5333  0.000e+00
     -0.021    18.0149   0.000101     0.0091        610     2.5375  0.000e+00
     -0.021    18.0150   0.000090     0.0091        611     2.5417  0.000e+00
     -0.018    18.0149   0.000096     0.0091        612     2.5458  0.000e+00
     -0.018    18.0153   0.000096     0.0091        613     2.5500  0.000e+00
     -0.021    18.0153   0.000096     0.0091        614     2.5542  0.000e+00
     -0.018    18.0156   0.000096     0.0091        615     2.5583  0.000e+00
     -0.024    18.0161   0.000101     0.0091        616     2.5625  0.000e+00
     -0.021    18.0177   0.000090     0.0091        617     2.5667  0.000e+00
     -0.024    18.0193   0.000096     0.0091        618     2.5708  0.000e+00
     -0.021    18.0212   0.000096     0.0091        619     2.5750  0.000e+00
     -0.018    18.0226   0.000096     0.0091        620     2.5792  0.000e+00
     -0.021    18.0250   0.000096     0.0091        621     2.5833  0.000e+00
     -0.018    18.0268   0.000096     0.0091        622     2.5875  0.000e+00
     -0.018    18.0287   0.000096     0.0091        623     2.5917  0.000e+00
     -0.021    18.0300   0.000096     0.0091        624     2.5958  0.000e+00
     -0.021    18.0305   0.000096     0.0091        625     2.6000  0.000e+00
