HB2406/sbe998.cnv
* Sea-Bird SBE 19plus Data File:
* FileName = C:\cruise\data\sbe998.hex
* Software Version Seasave V 7.26.7.121
* Temperature SN = 4684
* Conductivity SN = 4684
* System UpLoad Time = Aug 08 2024 16:35:50
* NMEA Latitude = 41 31.80 N
* NMEA Longitude = 071 19.11 W
* NMEA UTC (Time) = Aug 08 2024  16:34:37
** Ship: Bigelow
** Cruise:  HB2406
** Program:  ECOMON
# nquan = 7
# nvalues = 764                                   
# units = specified
# name 0 = depSM: Depth [salt water, m]
# name 1 = tv290C: Temperature [ITS-90, deg C]
# name 2 = c0S/m: Conductivity [S/m]
# name 3 = sal00: Salinity, Practical [PSU]
# name 4 = scan: Scan Count
# name 5 = timeM: Time, Elapsed [minutes]
# name 6 = flag:  0.000e+00
# span 0 =     -0.029,     -0.011                 
# span 1 =    17.5021,    18.0920                 
# span 2 =   0.000072,   0.000107                 
# span 3 =     0.0089,     0.0092                 
# span 4 =         11,        774                 
# span 5 =     0.0417,     3.2208                 
# span 6 = 0.0000e+00, 0.0000e+00                 
# interval = seconds: 0.25
# start_time = Aug 08 2024 16:34:37 [NMEA time, header]
# bad_flag = -9.990e-29
*END*
[from data line 616]
     -0.014    18.0308   0.000090     0.0091        627     2.6083  0.000e+00
     -0.018    18.0305   0.000096     0.0091        628     2.6125  0.000e+00
     -0.021    18.0300   0.000096     0.0091        629     2.6167  0.000e+00
     -0.027    18.0297   0.000096     0.0091        630     2.6208  0.000e+00
     -0.018    18.0293   0.000090     0.0091        631     2.6250  0.000e+00
     -0.021    18.0292   0.000096     0.0091        632     2.6292  0.000e+00
     -0.018    18.0293   0.000096     0.0091        633     2.6333  0.000e+00
     -0.018    18.0304   0.000096     0.0091        634     2.6375  0.000e+00
     -0.018    18.0318   0.000090     0.0091        635     2.6417  0.000e+00
     -0.018    18.0330   0.000096     0.0091        636     2.6458  0.000e+00
     -0.014    18.0330   0.000096     0.0091        637     2.6500  0.000e+00
     -0.027    18.0327   0.000096     0.0091        638     2.6542  0.000e+00
     -0.021    18.0314   0.000096     0.0091        639     2.6583  0.000e+00
     -0.021    18.0299   0.000090     0.0091        640     2.6625  0.000e+00
     -0.024    18.0287   0.000101     0.0091        641     2.6667  0.000e+00
     -0.018    18.0274   0.000096     0.0091        642     2.6708  0.000e+00
     -0.021    18.0265   0.000096     0.0091        643     2.6750  0.000e+00
     -0.018    18.0262   0.000096     0.0091        644     2.6792  0.000e+00
     -0.018    18.0258   0.000101     0.0091        645     2.6833  0.000e+00
     -0.018    18.0258   0.000101     0.0091        646     2.6875  0.000e+00
     -0.024    18.0258   0.000096     0.0091        647     2.6917  0.000e+00
     -0.021    18.0258   0.000096     0.0091        648     2.6958  0.000e+00
     -0.018    18.0259   0.000101     0.0091        649     2.7000  0.000e+00
     -0.021    18.0258   0.000096     0.0091        650     2.7042  0.000e+00
     -0.024    18.0251   0.000096     0.0091        651     2.7083  0.000e+00
     -0.024    18.0238   0.000096     0.0091        652     2.7125  0.000e+00
     -0.018    18.0223   0.000096     0.0091        653     2.7167  0.000e+00
     -0.021    18.0209   0.000090     0.0091        654     2.7208  0.000e+00
     -0.018    18.0197   0.000090     0.0091        655     2.7250  0.000e+00
     -0.021    18.0190   0.000096     0.0091        656     2.7292  0.000e+00
     -0.024    18.0188   0.000101     0.0091        657     2.7333  0.000e+00
     -0.021    18.0190   0.000096     0.0091        658     2.7375  0.000e+00
     -0.024    18.0191   0.000096     0.0091        659     2.7417  0.000e+00
     -0.018    18.0194   0.000101     0.0091        660     2.7458  0.000e+00
     -0.021    18.0196   0.000096     0.0091        661     2.7500  0.000e+00
     -0.021    18.0196   0.000090     0.0091        662     2.7542  0.000e+00
     -0.021    18.0202   0.000101     0.0091        663     2.7583  0.000e+00
     -0.027    18.0205   0.000090     0.0091        664     2.7625  0.000e+00
     -0.018    18.0208   0.000096     0.0091        665     2.7667  0.000e+00
     -0.021    18.0212   0.000096     0.0091        666     2.7708  0.000e+00
     -0.018    18.0215   0.000096     0.0091        667     2.7750  0.000e+00
     -0.024    18.0218   0.000096     0.0091        668     2.7792  0.000e+00
     -0.021    18.0221   0.000096     0.0091        669     2.7833  0.000e+00
     -0.024    18.0223   0.000096     0.0091        670     2.7875  0.000e+00
     -0.021    18.0228   0.000090     0.0091        671     2.7917  0.000e+00
     -0.018    18.0231   0.000096     0.0091        672     2.7958  0.000e+00
     -0.018    18.0237   0.000096     0.0091        673     2.8000  0.000e+00
     -0.024    18.0240   0.000096     0.0091        674     2.8042  0.000e+00
     -0.018    18.0246   0.000096     0.0091        675     2.8083  0.000e+00
     -0.024    18.0255   0.000090     0.0091        676     2.8125  0.000e+00
     -0.021    18.0265   0.000090     0.0091        677     2.8167  0.000e+00
     -0.021    18.0274   0.000096     0.0091        678     2.8208  0.000e+00
     -0.021    18.0284   0.000096     0.0091        679     2.8250  0.000e+00
     -0.021    18.0296   0.000096     0.0091        680     2.8292  0.000e+00
     -0.021    18.0304   0.000090     0.0091        681     2.8333  0.000e+00
     -0.021    18.0319   0.000101     0.0091        682     2.8375  0.000e+00
     -0.024    18.0332   0.000101     0.0091        683     2.8417  0.000e+00
     -0.024    18.0345   0.000090     0.0091        684     2.8458  0.000e+00
     -0.024    18.0367   0.000096     0.0091        685     2.8500  0.000e+00
     -0.027    18.0390   0.000096     0.0091        686     2.8542  0.000e+00
     -0.018    18.0407   0.000090     0.0091        687     2.8583  0.000e+00
     -0.015    18.0422   0.000096     0.0091        688     2.8625  0.000e+00
     -0.015    18.0430   0.000096     0.0091        689     2.8667  0.000e+00
     -0.021    18.0434   0.000096     0.0091        690     2.8708  0.000e+00
     -0.018    18.0437   0.000096     0.0091        691     2.8750  0.000e+00
     -0.015    18.0440   0.000090     0.0091        692     2.8792  0.000e+00
     -0.018    18.0444   0.000090     0.0091        693     2.8833  0.000e+00
     -0.024    18.0446   0.000090     0.0091        694     2.8875  0.000e+00
     -0.021    18.0452   0.000096     0.0091        695     2.8917  0.000e+00
     -0.018    18.0454   0.000090     0.0091        696     2.8958  0.000e+00
     -0.015    18.0460   0.000096     0.0091        697     2.9000  0.000e+00
     -0.018    18.0464   0.000090     0.0091        698     2.9042  0.000e+00
     -0.018    18.0467   0.000096     0.0091        699     2.9083  0.000e+00
     -0.018    18.0468   0.000096     0.0091        700     2.9125  0.000e+00
     -0.018    18.0471   0.000096     0.0091        701     2.9167  0.000e+00
     -0.021    18.0474   0.000101     0.0091        702     2.9208  0.000e+00
     -0.018    18.0477   0.000096     0.0091        703     2.9250  0.000e+00
     -0.018    18.0480   0.000090     0.0091        704     2.9292  0.000e+00
     -0.018    18.0484   0.000096     0.0091        705     2.9333  0.000e+00
     -0.018    18.0485   0.000096     0.0091        706     2.9375  0.000e+00
     -0.018    18.0487   0.000101     0.0091        707     2.9417  0.000e+00
     -0.015    18.0488   0.000096     0.0091        708     2.9458  0.000e+00
     -0.024    18.0494   0.000096     0.0091        709     2.9500  0.000e+00
     -0.027    18.0496   0.000096     0.0091        710     2.9542  0.000e+00
     -0.012    18.0500   0.000096     0.0091        711     2.9583  0.000e+00
     -0.018    18.0505   0.000101     0.0091        712     2.9625  0.000e+00
     -0.018    18.0510   0.000101     0.0091        713     2.9667  0.000e+00
     -0.021    18.0513   0.000096     0.0091        714     2.9708  0.000e+00
     -0.018    18.0515   0.000096     0.0091        715     2.9750  0.000e+00
     -0.018    18.0518   0.000096     0.0091        716     2.9792  0.000e+00
     -0.015    18.0520   0.000101     0.0091        717     2.9833  0.000e+00
     -0.021    18.0524   0.000101     0.0091        718     2.9875  0.000e+00
     -0.018    18.0526   0.000096     0.0091        719     2.9917  0.000e+00
     -0.018    18.0534   0.000090     0.0091        720     2.9958  0.000e+00
     -0.021    18.0538   0.000101     0.0091        721     3.0000  0.000e+00
     -0.024    18.0542   0.000096     0.0091        722     3.0042  0.000e+00
     -0.024    18.0538   0.000101     0.0091        723     3.0083  0.000e+00
     -0.024    18.0534   0.000096     0.0091        724     3.0125  0.000e+00
     -0.021    18.0523   0.000096     0.0091        725     3.0167  0.000e+00
     -0.018    18.0521   0.000090     0.0091        726     3.0208  0.000e+00
     -0.018    18.0524   0.000096     0.0091        727     3.0250  0.000e+00
     -0.021    18.0540   0.000096     0.0091        728     3.0292  0.000e+00
     -0.015    18.0560   0.000096     0.0091        729     3.0333  0.000e+00
     -0.024    18.0574   0.000096     0.0091        730     3.0375  0.000e+00
     -0.018    18.0585   0.000101     0.0091        731     3.0417  0.000e+00
     -0.015    18.0591   0.000101     0.0091        732     3.0458  0.000e+00
     -0.021    18.0598   0.000096     0.0091        733     3.0500  0.000e+00
     -0.021    18.0599   0.000096     0.0091        734     3.0542  0.000e+00
     -0.018    18.0596   0.000096     0.0091        735     3.0583  0.000e+00
     -0.024    18.0598   0.000107     0.0092        736     3.0625  0.000e+00
     -0.018    18.0599   0.000096     0.0091        737     3.0667  0.000e+00
     -0.018    18.0601   0.000096     0.0091        738     3.0708  0.000e+00
     -0.018    18.0600   0.000096     0.0091        739     3.0750  0.000e+00
     -0.021    18.0606   0.000096     0.0091        740     3.0792  0.000e+00
     -0.021    18.0613   0.000101     0.0091        741     3.0833  0.000e+00
     -0.018    18.0620   0.000101     0.0092        742     3.0875  0.000e+00
     -0.018    18.0631   0.000096     0.0091        743     3.0917  0.000e+00
     -0.018    18.0642   0.000096     0.0091        744     3.0958  0.000e+00
     -0.018    18.0655   0.000090     0.0091        745     3.1000  0.000e+00
     -0.018    18.0668   0.000096     0.0091        746     3.1042  0.000e+00
     -0.024    18.0681   0.000096     0.0091        747     3.1083  0.000e+00
     -0.015    18.0691   0.000101     0.0092        748     3.1125  0.000e+00
     -0.021    18.0700   0.000101     0.0092        749     3.1167  0.000e+00
     -0.018    18.0709   0.000101     0.0092        750     3.1208  0.000e+00
     -0.018    18.0719   0.000096     0.0091        751     3.1250  0.000e+00
     -0.015    18.0724   0.000101     0.0092        752     3.1292  0.000e+00
     -0.015    18.0731   0.000101     0.0092        753     3.1333  0.000e+00
     -0.018    18.0737   0.000096     0.0091        754     3.1375  0.000e+00
     -0.027    18.0745   0.000101     0.0092        755     3.1417  0.000e+00
     -0.018    18.0758   0.000101     0.0092        756     3.1458  0.000e+00
     -0.015    18.0768   0.000101     0.0092        757     3.1500  0.000e+00
     -0.012    18.0776   0.000096     0.0091        758     3.1542  0.000e+00
     -0.024    18.0787   0.000096     0.0092        759     3.1583  0.000e+00
     -0.018    18.0795   0.000096     0.0092        760     3.1625  0.000e+00
     -0.024    18.0803   0.000096     0.0092        761     3.1667  0.000e+00
     -0.024    18.0807   0.000101     0.0092        762     3.1708  0.000e+00
     -0.024    18.0811   0.000096     0.0092        763     3.1750  0.000e+00
     -0.015    18.0813   0.000096     0.0092        764     3.1792  0.000e+00
     -0.018    18.0816   0.000096     0.0092        765     3.1833  0.000e+00
     -0.018    18.0820   0.000101     0.0092        766     3.1875  0.000e+00
     -0.015    18.0830   0.000096     0.0092        767     3.1917  0.000e+00
     -0.024    18.0839   0.000101     0.0092        768     3.1958  0.000e+00
     -0.018    18.0857   0.000101     0.0092        769     3.2000  0.000e+00
     -0.018    18.0877   0.000101     0.0092        770     3.2042  0.000e+00
     -0.015    18.0898   0.000096     0.0092        771     3.2083  0.000e+00
     -0.015    18.0913   0.000101     0.0092        772     3.2125  0.000e+00
     -0.015    18.0919   0.000101     0.0092        773     3.2167  0.000e+00
     -0.018    18.0920   0.000107     0.0092        774     3.2208  0.000e+00
