PC2501/sbe050.cnv
* Sea-Bird SBE 19plus Data File:
* FileName = C:\cruise\data\sbe050.hex
* Software Version Seasave V 7.26.7.121
* Temperature SN = 4684
* Conductivity SN = 4684
* System UpLoad Time = Jan 24 2025 05:07:12
* NMEA Latitude = 38 23.80 N
* NMEA Longitude = 071 05.33 W
* NMEA UTC (Time) = Jan 24 2025  05:06:40
** Ship: Pisces
** Cruise:  PC2501
** Program:  AMAPPS
# nquan = 7
# nvalues = 1468                                  
# units = specified
# name 0 = depSM: Depth [salt water, m]
# name 1 = tv290C: Temperature [ITS-90, deg C]
# name 2 = c0S/m: Conductivity [S/m]
# name 3 = sal00: Salinity, Practical [PSU]
# name 4 = scan: Scan Count
# name 5 = timeM: Time, Elapsed [minutes]
# name 6 = flag:  0.000e+00
# span 0 =      0.001,     51.046                 
# span 1 =     3.1322,     7.6790                 
# span 2 =  -0.001972,   3.392416                 
# span 3 =     0.0000,    32.9943                 
# span 4 =         11,       1478                 
# span 5 =     0.0417,     6.1542                 
# span 6 = 0.0000e+00, 0.0000e+00                 
# interval = seconds: 0.25
# start_time = Jan 24 2025 05:06:40 [NMEA time, header]
# bad_flag = -9.990e-29
*END*
      0.032     3.2177   0.000030     0.0007         11     0.0417  0.000e+00
      0.029     3.2187   0.000030     0.0007         12     0.0458  0.000e+00
      0.029     3.2200   0.000036     0.0007         13     0.0500  0.000e+00
      0.041     3.2204   0.000036     0.0007         14     0.0542  0.000e+00
      0.041     3.2204   0.000036     0.0007         15     0.0583  0.000e+00
      0.041     3.2211   0.000030     0.0007         16     0.0625  0.000e+00
      0.041     3.2176   0.000030     0.0007         17     0.0667  0.000e+00
      0.038     3.2113   0.000030     0.0007         18     0.0708  0.000e+00
      0.038     3.1930   0.000030     0.0007         19     0.0750  0.000e+00
      0.020     3.1689  -0.001502     0.0000         20     0.0792  0.000e+00
      0.001     3.1526  -0.001972     0.0000         21     0.0833  0.000e+00
      0.007     3.1485  -0.001139     0.0000         22     0.0875  0.000e+00
      0.029     3.1490  -0.000153     0.0000         23     0.0917  0.000e+00
      0.032     3.1461  -0.000206     0.0000         24     0.0958  0.000e+00
      0.016     3.1439  -0.000141     0.0000         25     0.1000  0.000e+00
      0.026     3.1343   0.115451     1.0014         26     0.1042  0.000e+00
      0.172     3.1322   0.433592     4.0554         27     0.1083  0.000e+00
      0.291     3.1829   0.343542     3.1606         28     0.1125  0.000e+00
      0.373     3.3701   1.837840    19.0520         29     0.1167  0.000e+00
      0.300     3.6148   2.388978    25.1817         30     0.1208  0.000e+00
      0.282     4.1537   1.675275    16.8171         31     0.1250  0.000e+00
      0.230     4.7484   1.460067    14.2267         32     0.1292  0.000e+00
      0.148     5.1814   2.643925    26.8413         33     0.1333  0.000e+00
      0.096     5.4646   2.715913    27.4137         34     0.1375  0.000e+00
      0.111     5.6537   2.364741    23.4151         35     0.1417  0.000e+00
      0.206     5.7981   2.949758    29.7304         36     0.1458  0.000e+00
      0.456     5.9085   3.250676    32.9943         37     0.1500  0.000e+00
      0.806     6.0148   3.252395    32.9099         38     0.1542  0.000e+00
      1.151     6.1171   3.252273    32.8091         39     0.1583  0.000e+00
      1.474     6.1774   3.245848    32.6790         40     0.1625  0.000e+00
      1.761     6.2127   3.239555    32.5748         41     0.1667  0.000e+00
      1.986     6.2336   3.228639    32.4331         42     0.1708  0.000e+00
      2.139     6.2444   3.235359    32.4974         43     0.1750  0.000e+00
      2.224     6.2679   3.247966    32.6152         44     0.1792  0.000e+00
      2.218     6.3704   3.267470    32.7336         45     0.1833  0.000e+00
      2.163     6.5077   3.261148    32.5321         46     0.1875  0.000e+00
      2.160     6.6249   3.245329    32.2465         47     0.1917  0.000e+00
      2.169     6.6861   3.243470    32.1685         48     0.1958  0.000e+00
      2.111     6.7044   3.243422    32.1508         49     0.2000  0.000e+00
      2.111     6.7174   3.233691    32.0318         50     0.2042  0.000e+00
      2.126     6.7257   3.240487    32.0986         51     0.2083  0.000e+00
      2.261     6.6711   3.244784    32.1970         52     0.2125  0.000e+00
      2.504     6.5167   3.239951    32.2893         53     0.2167  0.000e+00
      2.770     6.4022   3.241665    32.4167         54     0.2208  0.000e+00
      3.056     6.3264   3.244836    32.5240         55     0.2250  0.000e+00
      3.349     6.2876   3.247942    32.5955         56     0.2292  0.000e+00
      3.648     6.2835   3.245212    32.5689         57     0.2333  0.000e+00
      3.907     6.2734   3.232591    32.4381         58     0.2375  0.000e+00
      4.117     6.2560   3.231002    32.4369         59     0.2417  0.000e+00
      4.291     6.2470   3.232428    32.4613         60     0.2458  0.000e+00
      4.428     6.2684   3.234186    32.4604         61     0.2500  0.000e+00
      4.550     6.3230   3.230373    32.3659         62     0.2542  0.000e+00
      4.642     6.3590   3.226960    32.2939         63     0.2583  0.000e+00
      4.678     6.3875   3.235521    32.3617         64     0.2625  0.000e+00
      4.678     6.4567   3.237395    32.3168         65     0.2667  0.000e+00
      4.730     6.5011   3.238307    32.2848         66     0.2708  0.000e+00
      4.770     6.4079   3.237256    32.3615         67     0.2750  0.000e+00
      4.834     6.3027   3.236719    32.4556         68     0.2792  0.000e+00
      4.892     6.2321   3.244111    32.6054         69     0.2833  0.000e+00
      5.026     6.1945   3.251450    32.7232         70     0.2875  0.000e+00
      5.227     6.2180   3.256193    32.7533         71     0.2917  0.000e+00
      5.459     6.2480   3.257205    32.7356         72     0.2958  0.000e+00
      5.681     6.2820   3.257108    32.7017         73     0.3000  0.000e+00
      5.889     6.3105   3.257817    32.6821         74     0.3042  0.000e+00
      6.078     6.3364   3.257938    32.6585         75     0.3083  0.000e+00
      6.279     6.3703   3.256471    32.6096         76     0.3125  0.000e+00
      6.450     6.3949   3.246580    32.4764         77     0.3167  0.000e+00
      6.562     6.3973   3.239010    32.3901         78     0.3208  0.000e+00
      6.663     6.3850   3.238309    32.3940         79     0.3250  0.000e+00
      6.761     6.3724   3.238170    32.4044         80     0.3292  0.000e+00
      6.898     6.3660   3.250273    32.5446         81     0.3333  0.000e+00
      7.035     6.3403   3.253714    32.6074         82     0.3375  0.000e+00
      7.178     6.3099   3.257605    32.6797         83     0.3417  0.000e+00
      7.331     6.3036   3.256356    32.6718         84     0.3458  0.000e+00
      7.453     6.3320   3.255387    32.6337         85     0.3500  0.000e+00
      7.581     6.3519   3.255835    32.6196         86     0.3542  0.000e+00
      7.739     6.3611   3.256495    32.6180         87     0.3583  0.000e+00
      7.901     6.3586   3.257392    32.6303         88     0.3625  0.000e+00
      8.066     6.3610   3.258223    32.6371         89     0.3667  0.000e+00
      8.227     6.3639   3.258477    32.6370         90     0.3708  0.000e+00
      8.367     6.3683   3.258811    32.6365         91     0.3750  0.000e+00
      8.526     6.3784   3.259732    32.6370         92     0.3792  0.000e+00
      8.681     6.3879   3.260818    32.6398         93     0.3833  0.000e+00
      8.837     6.3978   3.261460    32.6373         94     0.3875  0.000e+00
      8.995     6.4017   3.262073    32.6404         95     0.3917  0.000e+00
      9.133     6.3777   3.260278    32.6434         96     0.3958  0.000e+00
      9.254     6.3718   3.258241    32.6263         97     0.4000  0.000e+00
      9.358     6.3717   3.256423    32.6063         98     0.4042  0.000e+00
      9.413     6.3638   3.256308    32.6125         99     0.4083  0.000e+00
      9.456     6.3583   3.257841    32.6348        100     0.4125  0.000e+00
      9.520     6.3611   3.260988    32.6670        101     0.4167  0.000e+00
      9.623     6.3684   3.263820    32.6913        102     0.4208  0.000e+00
      9.788     6.3892   3.266780    32.7041        103     0.4250  0.000e+00
      9.971     6.4217   3.266853    32.6738        104     0.4292  0.000e+00
     10.166     6.4445   3.267277    32.6565        105     0.4333  0.000e+00
     10.346     6.4531   3.268485    32.6616        106     0.4375  0.000e+00
     10.535     6.4595   3.269578    32.6674        107     0.4417  0.000e+00
     10.721     6.4709   3.269626    32.6570        108     0.4458  0.000e+00
     10.907     6.4808   3.268582    32.6358        109     0.4500  0.000e+00
     11.090     6.4852   3.266070    32.6037        110     0.4542  0.000e+00
     11.264     6.4857   3.257465    32.5080        111     0.4583  0.000e+00
     11.437     6.4809   3.250976    32.4407        112     0.4625  0.000e+00
     11.602     6.4734   3.249850    32.4353        113     0.4667  0.000e+00
     11.745     6.4754   3.251334    32.4498        114     0.4708  0.000e+00
     11.916     6.4934   3.257253    32.4980        115     0.4750  0.000e+00
     12.059     6.5361   3.270882    32.6079        116     0.4792  0.000e+00
     12.190     6.6032   3.282460    32.6715        117     0.4833  0.000e+00
     12.321     6.6851   3.289587    32.6718        118     0.4875  0.000e+00
     12.425     6.7597   3.290706    32.6130        119     0.4917  0.000e+00
     12.535     6.8131   3.288558    32.5386        120     0.4958  0.000e+00
     12.645     6.8404   3.278052    32.3976        121     0.5000  0.000e+00
     12.757     6.8518   3.271426    32.3142        122     0.5042  0.000e+00
     12.885     6.8679   3.270618    32.2901        123     0.5083  0.000e+00
     13.023     6.8789   3.268937    32.2613        124     0.5125  0.000e+00
     13.157     6.8800   3.269240    32.2636        125     0.5167  0.000e+00
     13.279     6.8787   3.270715    32.2809        126     0.5208  0.000e+00
     13.401     6.8792   3.271899    32.2933        127     0.5250  0.000e+00
     13.520     6.8796   3.271996    32.2939        128     0.5292  0.000e+00
     13.638     6.8796   3.266825    32.2373        129     0.5333  0.000e+00
     13.754     6.8748   3.262706    32.1967        130     0.5375  0.000e+00
     13.876     6.8680   3.262991    32.2061        131     0.5417  0.000e+00
     13.998     6.8629   3.263131    32.2124        132     0.5458  0.000e+00
     14.138     6.8410   3.260675    32.2060        133     0.5500  0.000e+00
     14.291     6.8106   3.264175    32.2728        134     0.5542  0.000e+00
     14.465     6.8037   3.273327    32.3795        135     0.5583  0.000e+00
     14.644     6.8136   3.282957    32.4757        136     0.5625  0.000e+00
     14.833     6.8298   3.289203    32.5288        137     0.5667  0.000e+00
     15.013     6.8478   3.291996    32.5422        138     0.5708  0.000e+00
     15.187     6.8662   3.293578    32.5420        139     0.5750  0.000e+00
     15.352     6.8823   3.295276    32.5453        140     0.5792  0.000e+00
     15.513     6.8953   3.296756    32.5491        141     0.5833  0.000e+00
     15.653     6.9054   3.297761    32.5504        142     0.5875  0.000e+00
     15.788     6.9142   3.298144    32.5463        143     0.5917  0.000e+00
     15.909     6.9226   3.298455    32.5416        144     0.5958  0.000e+00
     16.025     6.9283   3.298412    32.5357        145     0.6000  0.000e+00
     16.117     6.9321   3.298315    32.5310        146     0.6042  0.000e+00
     16.230     6.9345   3.297523    32.5200        147     0.6083  0.000e+00
     16.327     6.9364   3.296518    32.5072        148     0.6125  0.000e+00
     16.431     6.9381   3.296396    32.5042        149     0.6167  0.000e+00
     16.528     6.9405   3.297383    32.5127        150     0.6208  0.000e+00
     16.635     6.9427   3.297261    32.5092        151     0.6250  0.000e+00
     16.751     6.9429   3.295635    32.4912        152     0.6292  0.000e+00
     16.864     6.9394   3.288369    32.4151        153     0.6333  0.000e+00
     17.004     6.9313   3.283978    32.3746        154     0.6375  0.000e+00
     17.141     6.9296   3.286459    32.4033        155     0.6417  0.000e+00
     17.287     6.9114   3.288418    32.4418        156     0.6458  0.000e+00
     17.434     6.8650   3.288705    32.4887        157     0.6500  0.000e+00
     17.583     6.8373   3.288200    32.5093        158     0.6542  0.000e+00
     17.733     6.8197   3.287367    32.5168        159     0.6583  0.000e+00
     17.882     6.8059   3.286510    32.5204        160     0.6625  0.000e+00
     18.025     6.7957   3.286102    32.5255        161     0.6667  0.000e+00
     18.184     6.7883   3.286485    32.5367        162     0.6708  0.000e+00
     18.339     6.7821   3.286486    32.5425        163     0.6750  0.000e+00
     18.501     6.7762   3.283816    32.5187        164     0.6792  0.000e+00
     18.656     6.7707   3.279981    32.4818        165     0.6833  0.000e+00
     18.812     6.7636   3.280218    32.4910        166     0.6875  0.000e+00
     18.964     6.7589   3.280789    32.5017        167     0.6917  0.000e+00
     19.104     6.7565   3.281172    32.5081        168     0.6958  0.000e+00
     19.241     6.7577   3.281269    32.5079        169     0.7000  0.000e+00
     19.382     6.7648   3.280959    32.4977        170     0.7042  0.000e+00
     19.513     6.7754   3.280388    32.4814        171     0.7083  0.000e+00
     19.647     6.7844   3.279957    32.4680        172     0.7125  0.000e+00
     19.775     6.7926   3.279865    32.4592        173     0.7167  0.000e+00
     19.900     6.8031   3.279100    32.4408        174     0.7208  0.000e+00
     20.022     6.8134   3.276274    32.4000        175     0.7250  0.000e+00
     20.150     6.8147   3.276177    32.3977        176     0.7292  0.000e+00
     20.281     6.8086   3.280911    32.4552        177     0.7333  0.000e+00
     20.415     6.7844   3.285556    32.5291        178     0.7375  0.000e+00
     20.546     6.7364   3.287320    32.5940        179     0.7417  0.000e+00
     20.699     6.7211   3.288111    32.6172        180     0.7458  0.000e+00
     20.854     6.7224   3.288251    32.6174        181     0.7500  0.000e+00
     21.000     6.7211   3.288135    32.6173        182     0.7542  0.000e+00
     21.171     6.7176   3.288732    32.6271        183     0.7583  0.000e+00
     21.339     6.7154   3.290399    32.6475        184     0.7625  0.000e+00
     21.513     6.7179   3.292024    32.6629        185     0.7667  0.000e+00
     21.680     6.7258   3.291981    32.6548        186     0.7708  0.000e+00
     21.851     6.7279   3.289711    32.6278        187     0.7750  0.000e+00
     22.016     6.7217   3.284128    32.5722        188     0.7792  0.000e+00
     22.174     6.7221   3.298319    32.7278        189     0.7833  0.000e+00
     22.317     6.7680   3.311831    32.8324        190     0.7875  0.000e+00
     22.451     6.8644   3.312556    32.7482        191     0.7917  0.000e+00
     22.561     6.9312   3.312769    32.6869        192     0.7958  0.000e+00
     22.653     6.9646   3.312866    32.6562        193     0.8000  0.000e+00
     22.744     6.9803   3.312866    32.6412        194     0.8042  0.000e+00
     22.811     6.9869   3.312915    32.6354        195     0.8083  0.000e+00
     22.863     6.9896   3.312988    32.6337        196     0.8125  0.000e+00
     22.890     6.9912   3.313055    32.6329        197     0.8167  0.000e+00
     22.933     6.9920   3.313177    32.6334        198     0.8208  0.000e+00
     22.967     6.9930   3.313226    32.6330        199     0.8250  0.000e+00
     23.000     6.9937   3.313226    32.6323        200     0.8292  0.000e+00
     23.037     6.9941   3.313299    32.6327        201     0.8333  0.000e+00
     23.101     6.9946   3.313324    32.6325        202     0.8375  0.000e+00
     23.189     6.9944   3.313275    32.6321        203     0.8417  0.000e+00
     23.296     6.9943   3.313348    32.6329        204     0.8458  0.000e+00
     23.421     6.9942   3.313421    32.6338        205     0.8500  0.000e+00
     23.567     6.9946   3.313397    32.6331        206     0.8542  0.000e+00
     23.726     6.9947   3.313397    32.6329        207     0.8583  0.000e+00
     23.905     6.9945   3.313275    32.6317        208     0.8625  0.000e+00
     24.098     6.9940   3.313202    32.6312        209     0.8667  0.000e+00
     24.311     6.9930   3.313275    32.6329        210     0.8708  0.000e+00
     24.540     6.9925   3.313446    32.6352        211     0.8750  0.000e+00
     24.774     6.9929   3.313489    32.6351        212     0.8792  0.000e+00
     25.006     6.9937   3.313398    32.6333        213     0.8833  0.000e+00
     25.222     6.9937   3.313465    32.6339        214     0.8875  0.000e+00
     25.390     6.9937   3.313562    32.6348        215     0.8917  0.000e+00
