PC2501/sbe035.cnv
* Sea-Bird SBE 19plus Data File:
* FileName = C:\cruise\data\sbe035.hex
* Software Version Seasave V 7.26.7.121
* Temperature SN = 4684
* Conductivity SN = 4684
* System UpLoad Time = Jan 18 2025 07:33:32
* NMEA Latitude = 36 47.11 N
* NMEA Longitude = 074 05.87 W
* NMEA UTC (Time) = Jan 18 2025  07:32:56
** Ship: Pisces
** Cruise:  PC2501
** Program:  AMAPPS
# nquan = 7
# nvalues = 1922                                  
# units = specified
# name 0 = depSM: Depth [salt water, m]
# name 1 = tv290C: Temperature [ITS-90, deg C]
# name 2 = c0S/m: Conductivity [S/m]
# name 3 = sal00: Salinity, Practical [PSU]
# name 4 = scan: Scan Count
# name 5 = timeM: Time, Elapsed [minutes]
# name 6 = flag:  0.000e+00
# span 0 =      0.120,     50.453                 
# span 1 =     9.5407,    21.6504                 
# span 2 =  -0.000292,   5.157989                 
# span 3 =     0.0000,    37.9588                 
# span 4 =         11,       1932                 
# span 5 =     0.0417,     8.0458                 
# span 6 = 0.0000e+00, 0.0000e+00                 
# interval = seconds: 0.25
# start_time = Jan 18 2025 07:32:56 [NMEA time, header]
# bad_flag = -9.990e-29
*END*
[from data line 1436]
     12.908    21.5269   5.143680    36.5584       1447     6.0250  0.000e+00
     12.902    21.5300   5.144746    36.5643       1448     6.0292  0.000e+00
     12.893    21.5366   5.146980    36.5765       1449     6.0333  0.000e+00
     12.880    21.5484   5.146359    36.5615       1450     6.0375  0.000e+00
     12.871    21.5550   5.145914    36.5523       1451     6.0417  0.000e+00
     12.853    21.5562   5.145636    36.5491       1452     6.0458  0.000e+00
     12.838    21.5545   5.144746    36.5435       1453     6.0500  0.000e+00
     12.816    21.5510   5.144884    36.5475       1454     6.0542  0.000e+00
     12.795    21.5482   5.145227    36.5527       1455     6.0583  0.000e+00
     12.776    21.5481   5.146636    36.5641       1456     6.0625  0.000e+00
     12.758    21.5528   5.146293    36.5573       1457     6.0667  0.000e+00
     12.737    21.5563   5.145877    36.5510       1458     6.0708  0.000e+00
     12.728    21.5566   5.147016    36.5598       1459     6.0750  0.000e+00
     12.725    21.5583   5.147322    36.5609       1460     6.0792  0.000e+00
     12.718    21.5627   5.146840    36.5533       1461     6.0833  0.000e+00
     12.721    21.5632   5.146906    36.5533       1462     6.0875  0.000e+00
     12.715    21.5626   5.147629    36.5596       1463     6.0917  0.000e+00
     12.730    21.5659   5.149579    36.5725       1464     6.0958  0.000e+00
     12.740    21.5738   5.148556    36.5575       1465     6.1000  0.000e+00
     12.752    21.5768   5.148797    36.5569       1466     6.1042  0.000e+00
     12.764    21.5770   5.149177    36.5597       1467     6.1083  0.000e+00
     12.770    21.5793   5.148556    36.5529       1468     6.1125  0.000e+00
     12.773    21.5787   5.150316    36.5675       1469     6.1167  0.000e+00
     12.776    21.5826   5.152134    36.5786       1470     6.1208  0.000e+00
     12.776    21.5921   5.149936    36.5530       1471     6.1250  0.000e+00
     12.776    21.5926   5.148987    36.5450       1472     6.1292  0.000e+00
     12.767    21.5868   5.148695    36.5476       1473     6.1333  0.000e+00
     12.755    21.5817   5.148593    36.5511       1474     6.1375  0.000e+00
     12.736    21.5787   5.149038    36.5573       1475     6.1417  0.000e+00
     12.718    21.5788   5.148936    36.5563       1476     6.1458  0.000e+00
     12.694    21.5790   5.148768    36.5548       1477     6.1500  0.000e+00
     12.663    21.5785   5.148819    36.5557       1478     6.1542  0.000e+00
     12.623    21.5787   5.151346    36.5757       1479     6.1583  0.000e+00
     12.587    21.5859   5.151207    36.5684       1480     6.1625  0.000e+00
     12.562    21.5920   5.148527    36.5419       1481     6.1667  0.000e+00
     12.532    21.5876   5.147220    36.5352       1482     6.1708  0.000e+00
     12.495    21.5775   5.147563    36.5466       1483     6.1750  0.000e+00
     12.477    21.5715   5.149622    36.5681       1484     6.1792  0.000e+00
     12.459    21.5755   5.146117    36.5367       1485     6.1833  0.000e+00
     12.443    21.5705   5.145431    36.5355       1486     6.1875  0.000e+00
     12.428    21.5616   5.141891    36.5147       1487     6.1917  0.000e+00
     12.419    21.5441   5.140381    36.5176       1488     6.1958  0.000e+00
     12.407    21.5256   5.140520    36.5344       1489     6.2000  0.000e+00
     12.403    21.5164   5.140382    36.5411       1490     6.2042  0.000e+00
     12.397    21.5113   5.140557    36.5469       1491     6.2083  0.000e+00
     12.388    21.5100   5.140622    36.5485       1492     6.2125  0.000e+00
     12.391    21.5098   5.139455    36.5393       1493     6.2167  0.000e+00
     12.385    21.5063   5.139455    36.5424       1494     6.2208  0.000e+00
     12.394    21.5029   5.140382    36.5527       1495     6.2250  0.000e+00
     12.400    21.5043   5.140367    36.5513       1496     6.2292  0.000e+00
     12.409    21.5064   5.138806    36.5370       1497     6.2333  0.000e+00
     12.412    21.5022   5.138529    36.5384       1498     6.2375  0.000e+00
     12.409    21.4975   5.138944    36.5458       1499     6.2417  0.000e+00
     12.400    21.4961   5.136129    36.5244       1500     6.2458  0.000e+00
     12.394    21.4874   5.136304    36.5332       1501     6.2500  0.000e+00
     12.391    21.4781   5.137332    36.5493       1502     6.2542  0.000e+00
     12.373    21.4781   5.137092    36.5474       1503     6.2583  0.000e+00
     12.351    21.4790   5.137573    36.5506       1504     6.2625  0.000e+00
     12.327    21.4813   5.138667    36.5573       1505     6.2667  0.000e+00
     12.290    21.4863   5.142958    36.5874       1506     6.2708  0.000e+00
     12.254    21.5045   5.141206    36.5579       1507     6.2750  0.000e+00
     12.205    21.5143   5.142235    36.5578       1508     6.2792  0.000e+00
     12.153    21.5184   5.143337    36.5632       1509     6.2833  0.000e+00
     12.098    21.5248   5.142549    36.5514       1510     6.2875  0.000e+00
     12.043    21.5267   5.140695    36.5350       1511     6.2917  0.000e+00
     11.982    21.5212   5.143541    36.5625       1512     6.2958  0.000e+00
     11.924    21.5235   5.141863    36.5471       1513     6.3000  0.000e+00
     11.878    21.5256   5.140177    36.5318       1514     6.3042  0.000e+00
     11.826    21.5189   5.142133    36.5533       1515     6.3083  0.000e+00
     11.790    21.5175   5.143373    36.5644       1516     6.3125  0.000e+00
     11.747    21.5252   5.143439    36.5583       1517     6.3167  0.000e+00
     11.710    21.5299   5.141067    36.5354       1518     6.3208  0.000e+00
     11.677    21.5252   5.143162    36.5561       1519     6.3250  0.000e+00
     11.649    21.5247   5.141585    36.5440       1520     6.3292  0.000e+00
     11.625    21.5231   5.142373    36.5517       1521     6.3333  0.000e+00
     11.594    21.5233   5.143162    36.5578       1522     6.3375  0.000e+00
     11.579    21.5287   5.142410    36.5472       1523     6.3417  0.000e+00
     11.548    21.5273   5.142308    36.5476       1524     6.3458  0.000e+00
     11.521    21.5264   5.143059    36.5544       1525     6.3500  0.000e+00
     11.503    21.5279   5.143475    36.5564       1526     6.3542  0.000e+00
     11.478    21.5311   5.143264    36.5521       1527     6.3583  0.000e+00
     11.448    21.5330   5.145680    36.5697       1528     6.3625  0.000e+00
     11.414    21.5404   5.144541    36.5544       1529     6.3667  0.000e+00
     11.386    21.5443   5.143541    36.5431       1530     6.3708  0.000e+00
     11.356    21.5406   5.140760    36.5239       1531     6.3750  0.000e+00
     11.325    21.5283   5.139316    36.5229       1532     6.3792  0.000e+00
     11.292    21.5155   5.141549    36.5517       1533     6.3833  0.000e+00
     11.267    21.5138   5.144329    36.5754       1534     6.3875  0.000e+00
     11.237    21.5250   5.142234    36.5491       1535     6.3917  0.000e+00
     11.212    21.5274   5.144402    36.5644       1536     6.3958  0.000e+00
     11.182    21.5334   5.143986    36.5559       1537     6.4000  0.000e+00
     11.167    21.5372   5.144541    36.5572       1538     6.4042  0.000e+00
     11.139    21.5402   5.145570    36.5628       1539     6.4083  0.000e+00
     11.121    21.5460   5.146015    36.5614       1540     6.4125  0.000e+00
     11.099    21.5504   5.146840    36.5643       1541     6.4167  0.000e+00
     11.081    21.5561   5.146767    36.5589       1542     6.4208  0.000e+00
     11.057    21.5601   5.146803    36.5558       1543     6.4250  0.000e+00
     11.032    21.5617   5.144504    36.5360       1544     6.4292  0.000e+00
     11.005    21.5560   5.144058    36.5373       1545     6.4333  0.000e+00
     10.989    21.5469   5.145511    36.5567       1546     6.4375  0.000e+00
     10.950    21.5475   5.144570    36.5487       1547     6.4417  0.000e+00
     10.928    21.5467   5.145292    36.5551       1548     6.4458  0.000e+00
     10.886    21.5480   5.145329    36.5544       1549     6.4500  0.000e+00
     10.855    21.5493   5.145533    36.5549       1550     6.4542  0.000e+00
     10.828    21.5507   5.145949    36.5570       1551     6.4583  0.000e+00
     10.803    21.5530   5.147971    36.5713       1552     6.4625  0.000e+00
     10.782    21.5626   5.148073    36.5639       1553     6.4667  0.000e+00
     10.751    21.5686   5.148044    36.5586       1554     6.4708  0.000e+00
     10.733    21.5703   5.147869    36.5558       1555     6.4750  0.000e+00
     10.724    21.5709   5.148387    36.5593       1556     6.4792  0.000e+00
     10.712    21.5719   5.147971    36.5552       1557     6.4833  0.000e+00
     10.712    21.5723   5.147599    36.5519       1558     6.4875  0.000e+00
     10.699    21.5705   5.148146    36.5578       1559     6.4917  0.000e+00
     10.699    21.5711   5.148898    36.5633       1560     6.4958  0.000e+00
     10.693    21.5743   5.148869    36.5603       1561     6.5000  0.000e+00
     10.675    21.5765   5.148971    36.5593       1562     6.5042  0.000e+00
     10.669    21.5779   5.149037    36.5586       1563     6.5083  0.000e+00
     10.656    21.5784   5.145292    36.5283       1564     6.5125  0.000e+00
     10.644    21.5687   5.147664    36.5555       1565     6.5167  0.000e+00
     10.638    21.5658   5.148986    36.5686       1566     6.5208  0.000e+00
     10.629    21.5715   5.147358    36.5506       1567     6.5250  0.000e+00
     10.623    21.5709   5.149417    36.5676       1568     6.5292  0.000e+00
     10.614    21.5746   5.145182    36.5307       1569     6.5333  0.000e+00
     10.601    21.5634   5.142752    36.5208       1570     6.5375  0.000e+00
     10.592    21.5514   5.146803    36.5634       1571     6.5417  0.000e+00
     10.583    21.5497   5.148074    36.5750       1572     6.5458  0.000e+00
     10.562    21.5596   5.145190    36.5435       1573     6.5500  0.000e+00
     10.543    21.5594   5.148285    36.5684       1574     6.5542  0.000e+00
     10.498    21.5618   5.149592    36.5768       1575     6.5583  0.000e+00
     10.464    21.5720   5.149176    36.5649       1576     6.5625  0.000e+00
     10.415    21.5777   5.149139    36.5597       1577     6.5667  0.000e+00
     10.369    21.5792   5.148314    36.5519       1578     6.5708  0.000e+00
     10.321    21.5771   5.144525    36.5234       1579     6.5750  0.000e+00
     10.290    21.5637   5.145124    36.5396       1580     6.5792  0.000e+00
     10.250    21.5544   5.147044    36.5628       1581     6.5833  0.000e+00
     10.232    21.5567   5.147387    36.5636       1582     6.5875  0.000e+00
     10.204    21.5621   5.145255    36.5420       1583     6.5917  0.000e+00
     10.195    21.5587   5.147526    36.5631       1584     6.5958  0.000e+00
     10.189    21.5598   5.149074    36.5745       1585     6.6000  0.000e+00
     10.183    21.5701   5.151863    36.5880       1586     6.6042  0.000e+00
     10.186    21.5837   5.152170    36.5789       1587     6.6083  0.000e+00
     10.183    21.5947   5.151965    36.5679       1588     6.6125  0.000e+00
     10.186    21.5993   5.151140    36.5574       1589     6.6167  0.000e+00
     10.183    21.5992   5.151140    36.5575       1590     6.6208  0.000e+00
     10.180    21.5967   5.148934    36.5420       1591     6.6250  0.000e+00
     10.192    21.5879   5.148555    36.5464       1592     6.6292  0.000e+00
     10.192    21.5811   5.148212    36.5495       1593     6.6333  0.000e+00
     10.180    21.5773   5.151651    36.5802       1594     6.6375  0.000e+00
     10.152    21.5837   5.152586    36.5822       1595     6.6417  0.000e+00
     10.122    21.5955   5.151687    36.5650       1596     6.6458  0.000e+00
     10.070    21.5988   5.153820    36.5793       1597     6.6500  0.000e+00
     10.033    21.6057   5.153338    36.5696       1598     6.6542  0.000e+00
      9.981    21.6111   5.153338    36.5650       1599     6.6583  0.000e+00
      9.926    21.6120   5.153477    36.5654       1600     6.6625  0.000e+00
      9.878    21.6133   5.154236    36.5704       1601     6.6667  0.000e+00
      9.829    21.6159   5.155069    36.5748       1602     6.6708  0.000e+00
      9.792    21.6206   5.156026    36.5784       1603     6.6750  0.000e+00
      9.752    21.6269   5.156647    36.5780       1604     6.6792  0.000e+00
      9.725    21.6326   5.156888    36.5751       1605     6.6833  0.000e+00
      9.703    21.6364   5.153717    36.5466       1606     6.6875  0.000e+00
      9.685    21.6307   5.150927    36.5291       1607     6.6917  0.000e+00
      9.667    21.6130   5.144466    36.4926       1608     6.6958  0.000e+00
      9.645    21.5835   5.143160    36.5073       1609     6.7000  0.000e+00
      9.630    21.5578   5.143262    36.5299       1610     6.7042  0.000e+00
      9.606    21.5441   5.145255    36.5576       1611     6.7083  0.000e+00
      9.584    21.5447   5.145189    36.5565       1612     6.7125  0.000e+00
      9.551    21.5485   5.145708    36.5575       1613     6.7167  0.000e+00
      9.517    21.5509   5.146153    36.5590       1614     6.7208  0.000e+00
      9.471    21.5549   5.146803    36.5608       1615     6.7250  0.000e+00
      9.429    21.5593   5.146839    36.5574       1616     6.7292  0.000e+00
      9.368    21.5622   5.146496    36.5521       1617     6.7333  0.000e+00
      9.303    21.5624   5.146532    36.5523       1618     6.7375  0.000e+00
      9.242    21.5617   5.147525    36.5608       1619     6.7417  0.000e+00
      9.191    21.5653   5.148182    36.5631       1620     6.7458  0.000e+00
      9.130    21.5704   5.148313    36.5598       1621     6.7500  0.000e+00
      9.075    21.5737   5.148211    36.5562       1622     6.7542  0.000e+00
      9.038    21.5753   5.148489    36.5571       1623     6.7583  0.000e+00
      8.992    21.5769   5.149182    36.5613       1624     6.7625  0.000e+00
      8.955    21.5798   5.147970    36.5491       1625     6.7667  0.000e+00
      8.922    21.5782   5.147598    36.5475       1626     6.7708  0.000e+00
      8.904    21.5745   5.148007    36.5539       1627     6.7750  0.000e+00
      8.870    21.5742   5.148072    36.5548       1628     6.7792  0.000e+00
      8.839    21.5749   5.148145    36.5547       1629     6.7833  0.000e+00
      8.800    21.5753   5.148247    36.5552       1630     6.7875  0.000e+00
      8.772    21.5763   5.149314    36.5629       1631     6.7917  0.000e+00
      8.723    21.5794   5.149350    36.5605       1632     6.7958  0.000e+00
      8.681    21.5825   5.149350    36.5580       1633     6.8000  0.000e+00
      8.632    21.5839   5.149730    36.5598       1634     6.8042  0.000e+00
      8.571    21.5855   5.149554    36.5570       1635     6.8083  0.000e+00
      8.522    21.5865   5.149693    36.5574       1636     6.8125  0.000e+00
      8.473    21.5868   5.149452    36.5552       1637     6.8167  0.000e+00
      8.418    21.5865   5.148554    36.5482       1638     6.8208  0.000e+00
      8.372    21.5836   5.148934    36.5538       1639     6.8250  0.000e+00
      8.339    21.5827   5.149591    36.5598       1640     6.8292  0.000e+00
      8.302    21.5843   5.150102    36.5626       1641     6.8333  0.000e+00
      8.287    21.5877   5.150241    36.5608       1642     6.8375  0.000e+00
      8.275    21.5904   5.150445    36.5601       1643     6.8417  0.000e+00
      8.262    21.5927   5.150277    36.5568       1644     6.8458  0.000e+00
      8.253    21.5935   5.150445    36.5575       1645     6.8500  0.000e+00
      8.238    21.5938   5.151562    36.5661       1646     6.8542  0.000e+00
      8.216    21.5977   5.151139    36.5595       1647     6.8583  0.000e+00
      8.195    21.5997   5.150175    36.5501       1648     6.8625  0.000e+00
      8.177    21.5974   5.151204    36.5603       1649     6.8667  0.000e+00
      8.162    21.5981   5.151825    36.5647       1650     6.8708  0.000e+00
      8.131    21.6013   5.151621    36.5603       1651     6.8750  0.000e+00
