PC2501/sbe056.cnv
* Sea-Bird SBE 19plus Data File:
* FileName = C:\cruise\data\sbe056.hex
* Software Version Seasave V 7.26.7.121
* Temperature SN = 4684
* Conductivity SN = 4684
* System UpLoad Time = Jan 25 2025 05:14:18
* NMEA Latitude = 38 14.47 N
* NMEA Longitude = 072 02.43 W
* NMEA UTC (Time) = Jan 25 2025  05:13:47
** Ship: Pisces
** Cruise:  PC2501
** Program:  AMAPPS
# nquan = 7
# nvalues = 1335                                  
# units = specified
# name 0 = depSM: Depth [salt water, m]
# name 1 = tv290C: Temperature [ITS-90, deg C]
# name 2 = c0S/m: Conductivity [S/m]
# name 3 = sal00: Salinity, Practical [PSU]
# name 4 = scan: Scan Count
# name 5 = timeM: Time, Elapsed [minutes]
# name 6 = flag:  0.000e+00
# span 0 =      0.073,     51.543                 
# span 1 =     2.7423,     9.0776                 
# span 2 =  -0.000380,   3.569598                 
# span 3 =     0.0000,    33.6574                 
# span 4 =         11,       1345                 
# span 5 =     0.0417,     5.6000                 
# span 6 = 0.0000e+00, 0.0000e+00                 
# interval = seconds: 0.25
# start_time = Jan 25 2025 05:13:47 [NMEA time, header]
# bad_flag = -9.990e-29
*END*
[from data line 1026]
      7.652     7.9374   3.435711    33.0688       1037     4.3167  0.000e+00
      7.597     7.9377   3.435711    33.0686       1038     4.3208  0.000e+00
      7.533     7.9378   3.435612    33.0674       1039     4.3250  0.000e+00
      7.488     7.9374   3.435686    33.0686       1040     4.3292  0.000e+00
      7.445     7.9373   3.435835    33.0703       1041     4.3333  0.000e+00
      7.417     7.9378   3.435958    33.0712       1042     4.3375  0.000e+00
      7.387     7.9389   3.435940    33.0699       1043     4.3417  0.000e+00
      7.359     7.9396   3.435835    33.0681       1044     4.3458  0.000e+00
      7.329     7.9393   3.435965    33.0699       1045     4.3500  0.000e+00
      7.289     7.9395   3.436187    33.0720       1046     4.3542  0.000e+00
      7.234     7.9404   3.435841    33.0675       1047     4.3583  0.000e+00
      7.176     7.9404   3.436590    33.0755       1048     4.3625  0.000e+00
      7.115     7.9415   3.436843    33.0772       1049     4.3667  0.000e+00
      7.057     7.9445   3.437221    33.0784       1050     4.3708  0.000e+00
      7.006     7.9480   3.437344    33.0765       1051     4.3750  0.000e+00
      6.951     7.9507   3.436843    33.0686       1052     4.3792  0.000e+00
      6.926     7.9507   3.436608    33.0661       1053     4.3833  0.000e+00
      6.881     7.9494   3.436515    33.0664       1054     4.3875  0.000e+00
      6.844     7.9479   3.436317    33.0657       1055     4.3917  0.000e+00
      6.798     7.9465   3.436317    33.0671       1056     4.3958  0.000e+00
      6.752     7.9456   3.436187    33.0666       1057     4.4000  0.000e+00
      6.701     7.9444   3.436150    33.0673       1058     4.4042  0.000e+00
      6.630     7.9435   3.436237    33.0691       1059     4.4083  0.000e+00
      6.569     7.9430   3.436416    33.0715       1060     4.4125  0.000e+00
      6.512     7.9439   3.436868    33.0755       1061     4.4167  0.000e+00
      6.444     7.9460   3.436769    33.0725       1062     4.4208  0.000e+00
      6.380     7.9471   3.436744    33.0713       1063     4.4250  0.000e+00
      6.329     7.9477   3.436459    33.0677       1064     4.4292  0.000e+00
      6.295     7.9471   3.436540    33.0691       1065     4.4333  0.000e+00
      6.274     7.9466   3.436515    33.0693       1066     4.4375  0.000e+00
      6.255     7.9464   3.436391    33.0682       1067     4.4417  0.000e+00
      6.246     7.9461   3.436589    33.0706       1068     4.4458  0.000e+00
      6.252     7.9465   3.436750    33.0720       1069     4.4500  0.000e+00
      6.246     7.9469   3.436769    33.0718       1070     4.4542  0.000e+00
      6.237     7.9476   3.436793    33.0713       1071     4.4583  0.000e+00
      6.219     7.9478   3.436564    33.0687       1072     4.4625  0.000e+00
      6.197     7.9474   3.436793    33.0716       1073     4.4667  0.000e+00
      6.173     7.9475   3.437196    33.0758       1074     4.4708  0.000e+00
      6.155     7.9492   3.437418    33.0766       1075     4.4750  0.000e+00
      6.136     7.9510   3.437418    33.0749       1076     4.4792  0.000e+00
      6.109     7.9527   3.437517    33.0744       1077     4.4833  0.000e+00
      6.066     7.9534   3.437090    33.0691       1078     4.4875  0.000e+00
      6.027     7.9530   3.437394    33.0727       1079     4.4917  0.000e+00
      5.987     7.9524   3.438235    33.0823       1080     4.4958  0.000e+00
      5.941     7.9554   3.438347    33.0808       1081     4.5000  0.000e+00
      5.902     7.9586   3.437771    33.0715       1082     4.5042  0.000e+00
      5.862     7.9589   3.438099    33.0748       1083     4.5083  0.000e+00
      5.822     7.9589   3.437721    33.0708       1084     4.5125  0.000e+00
      5.786     7.9582   3.437492    33.0690       1085     4.5167  0.000e+00
      5.731     7.9567   3.437468    33.0702       1086     4.5208  0.000e+00
      5.685     7.9555   3.437245    33.0689       1087     4.5250  0.000e+00
      5.615     7.9544   3.436867    33.0660       1088     4.5292  0.000e+00
      5.520     7.9524   3.436991    33.0693       1089     4.5333  0.000e+00
      5.420     7.9505   3.437065    33.0720       1090     4.5375  0.000e+00
      5.313     7.9503   3.437393    33.0756       1091     4.5417  0.000e+00
      5.228     7.9517   3.437344    33.0738       1092     4.5458  0.000e+00
      5.173     7.9527   3.437845    33.0783       1093     4.5500  0.000e+00
      5.145     7.9543   3.438124    33.0797       1094     4.5542  0.000e+00
      5.142     7.9572   3.438018    33.0759       1095     4.5583  0.000e+00
      5.145     7.9587   3.437851    33.0727       1096     4.5625  0.000e+00
      5.167     7.9590   3.437795    33.0718       1097     4.5667  0.000e+00
      5.176     7.9584   3.437994    33.0745       1098     4.5708  0.000e+00
      5.170     7.9585   3.438198    33.0766       1099     4.5750  0.000e+00
      5.130     7.9598   3.438247    33.0759       1100     4.5792  0.000e+00
      5.066     7.9608   3.438260    33.0751       1101     4.5833  0.000e+00
      4.977     7.9615   3.437492    33.0663       1102     4.5875  0.000e+00
      4.889     7.9599   3.436688    33.0592       1103     4.5917  0.000e+00
      4.788     7.9552   3.436564    33.0624       1104     4.5958  0.000e+00
      4.703     7.9513   3.437319    33.0742       1105     4.6000  0.000e+00
      4.636     7.9507   3.437090    33.0723       1106     4.6042  0.000e+00
      4.605     7.9520   3.437393    33.0744       1107     4.6083  0.000e+00
      4.611     7.9530   3.437969    33.0796       1108     4.6125  0.000e+00
      4.642     7.9557   3.438297    33.0805       1109     4.6167  0.000e+00
      4.675     7.9587   3.437944    33.0738       1110     4.6208  0.000e+00
      4.715     7.9596   3.437894    33.0724       1111     4.6250  0.000e+00
      4.733     7.9592   3.436533    33.0583       1112     4.6292  0.000e+00
      4.758     7.9546   3.437164    33.0694       1113     4.6333  0.000e+00
      4.767     7.9522   3.438173    33.0824       1114     4.6375  0.000e+00
      4.776     7.9552   3.438625    33.0844       1115     4.6417  0.000e+00
      4.782     7.9594   3.438526    33.0794       1116     4.6458  0.000e+00
      4.788     7.9623   3.437969    33.0707       1117     4.6500  0.000e+00
      4.788     7.9619   3.436712    33.0577       1118     4.6542  0.000e+00
      4.806     7.9574   3.436818    33.0630       1119     4.6583  0.000e+00
      4.803     7.9530   3.437195    33.0712       1120     4.6625  0.000e+00
      4.785     7.9519   3.437016    33.0704       1121     4.6667  0.000e+00
      4.736     7.9514   3.437090    33.0717       1122     4.6708  0.000e+00
      4.666     7.9510   3.437133    33.0725       1123     4.6750  0.000e+00
      4.553     7.9511   3.437016    33.0712       1124     4.6792  0.000e+00
      4.410     7.9510   3.437090    33.0722       1125     4.6833  0.000e+00
      4.267     7.9511   3.437442    33.0759       1126     4.6875  0.000e+00
      4.114     7.9523   3.437220    33.0725       1127     4.6917  0.000e+00
      3.992     7.9530   3.437517    33.0751       1128     4.6958  0.000e+00
      3.910     7.9538   3.437770    33.0770       1129     4.7000  0.000e+00
      3.876     7.9556   3.438222    33.0801       1130     4.7042  0.000e+00
      3.892     7.9586   3.437993    33.0749       1131     4.7083  0.000e+00
      3.928     7.9601   3.437195    33.0649       1132     4.7125  0.000e+00
      3.983     7.9575   3.437300    33.0685       1133     4.7167  0.000e+00
      4.050     7.9556   3.439980    33.0988       1134     4.7208  0.000e+00
      4.120     7.9630   3.437968    33.0703       1135     4.7250  0.000e+00
      4.184     7.9649   3.437244    33.0608       1136     4.7292  0.000e+00
      4.187     7.9600   3.437418    33.0672       1137     4.7333  0.000e+00
      4.138     7.9569   3.437950    33.0759       1138     4.7375  0.000e+00
      4.068     7.9571   3.436316    33.0583       1139     4.7417  0.000e+00
      3.958     7.9529   3.436050    33.0595       1140     4.7458  0.000e+00
      3.803     7.9475   3.436062    33.0648       1141     4.7500  0.000e+00
      3.657     7.9442   3.436186    33.0693       1142     4.7542  0.000e+00
      3.547     7.9432   3.436223    33.0707       1143     4.7583  0.000e+00
      3.449     7.9431   3.436365    33.0723       1144     4.7625  0.000e+00
      3.397     7.9437   3.436415    33.0724       1145     4.7667  0.000e+00
      3.367     7.9445   3.436638    33.0740       1146     4.7708  0.000e+00
      3.355     7.9457   3.436916    33.0758       1147     4.7750  0.000e+00
      3.358     7.9478   3.437585    33.0810       1148     4.7792  0.000e+00
      3.385     7.9510   3.436415    33.0655       1149     4.7833  0.000e+00
      3.428     7.9499   3.436285    33.0650       1150     4.7875  0.000e+00
      3.495     7.9472   3.436563    33.0705       1151     4.7917  0.000e+00
      3.565     7.9464   3.436539    33.0710       1152     4.7958  0.000e+00
      3.632     7.9466   3.436514    33.0706       1153     4.8000  0.000e+00
      3.675     7.9465   3.436434    33.0698       1154     4.8042  0.000e+00
      3.690     7.9461   3.436211    33.0678       1155     4.8083  0.000e+00
      3.672     7.9449   3.436112    33.0678       1156     4.8125  0.000e+00
      3.617     7.9437   3.436161    33.0696       1157     4.8167  0.000e+00
      3.544     7.9429   3.436260    33.0714       1158     4.8208  0.000e+00
      3.449     7.9431   3.436266    33.0713       1159     4.8250  0.000e+00
      3.364     7.9435   3.436316    33.0715       1160     4.8292  0.000e+00
      3.290     7.9437   3.436390    33.0722       1161     4.8333  0.000e+00
      3.211     7.9442   3.436285    33.0706       1162     4.8375  0.000e+00
      3.156     7.9444   3.436365    33.0713       1163     4.8417  0.000e+00
      3.120     7.9446   3.436365    33.0711       1164     4.8458  0.000e+00
      3.111     7.9447   3.436316    33.0705       1165     4.8500  0.000e+00
      3.132     7.9448   3.436489    33.0722       1166     4.8542  0.000e+00
      3.159     7.9452   3.436365    33.0705       1167     4.8583  0.000e+00
      3.178     7.9454   3.436112    33.0676       1168     4.8625  0.000e+00
      3.205     7.9442   3.436161    33.0693       1169     4.8667  0.000e+00
      3.214     7.9433   3.436242    33.0710       1170     4.8708  0.000e+00
      3.226     7.9433   3.436260    33.0712       1171     4.8750  0.000e+00
      3.175     7.9434   3.436136    33.0698       1172     4.8792  0.000e+00
      3.077     7.9430   3.436211    33.0710       1173     4.8833  0.000e+00
      2.952     7.9428   3.436161    33.0707       1174     4.8875  0.000e+00
      2.821     7.9428   3.436161    33.0708       1175     4.8917  0.000e+00
      2.711     7.9427   3.436173    33.0710       1176     4.8958  0.000e+00
      2.635     7.9430   3.436235    33.0714       1177     4.9000  0.000e+00
      2.592     7.9431   3.436260    33.0717       1178     4.9042  0.000e+00
      2.592     7.9436   3.436365    33.0723       1179     4.9083  0.000e+00
      2.613     7.9441   3.436390    33.0720       1180     4.9125  0.000e+00
      2.668     7.9448   3.436415    33.0717       1181     4.9167  0.000e+00
      2.735     7.9453   3.436365    33.0707       1182     4.9208  0.000e+00
      2.787     7.9453   3.436340    33.0703       1183     4.9250  0.000e+00
      2.802     7.9451   3.436439    33.0716       1184     4.9292  0.000e+00
      2.766     7.9453   3.436464    33.0716       1185     4.9333  0.000e+00
      2.662     7.9457   3.436390    33.0705       1186     4.9375  0.000e+00
      2.543     7.9457   3.436415    33.0708       1187     4.9417  0.000e+00
      2.427     7.9456   3.436365    33.0705       1188     4.9458  0.000e+00
      2.366     7.9454   3.436136    33.0682       1189     4.9500  0.000e+00
      2.345     7.9445   3.436186    33.0697       1190     4.9542  0.000e+00
      2.360     7.9436   3.436365    33.0724       1191     4.9583  0.000e+00
      2.394     7.9441   3.436316    33.0714       1192     4.9625  0.000e+00
      2.427     7.9446   3.436340    33.0711       1193     4.9667  0.000e+00
      2.467     7.9448   3.436390    33.0715       1194     4.9708  0.000e+00
      2.485     7.9451   3.436260    33.0698       1195     4.9750  0.000e+00
      2.464     7.9450   3.436365    33.0710       1196     4.9792  0.000e+00
      2.430     7.9452   3.436340    33.0706       1197     4.9833  0.000e+00
      2.378     7.9451   3.436557    33.0730       1198     4.9875  0.000e+00
      2.299     7.9459   3.436687    33.0737       1199     4.9917  0.000e+00
      2.232     7.9471   3.436390    33.0694       1200     4.9958  0.000e+00
      2.165     7.9470   3.436037    33.0658       1201     5.0000  0.000e+00
      2.113     7.9448   3.436037    33.0679       1202     5.0042  0.000e+00
      2.067     7.9427   3.435907    33.0685       1203     5.0083  0.000e+00
      2.028     7.9413   3.435963    33.0705       1204     5.0125  0.000e+00
      2.022     7.9406   3.436012    33.0716       1205     5.0167  0.000e+00
      2.009     7.9405   3.436260    33.0744       1206     5.0208  0.000e+00
      2.009     7.9413   3.436285    33.0739       1207     5.0250  0.000e+00
      1.988     7.9426   3.436087    33.0705       1208     5.0292  0.000e+00
      1.906     7.9425   3.436006    33.0699       1209     5.0333  0.000e+00
      1.793     7.9415   3.436136    33.0722       1210     5.0375  0.000e+00
      1.692     7.9414   3.436210    33.0731       1211     5.0417  0.000e+00
      1.595     7.9419   3.436365    33.0744       1212     5.0458  0.000e+00
      1.531     7.9431   3.436235    33.0719       1213     5.0500  0.000e+00
      1.540     7.9434   3.436266    33.0719       1214     5.0542  0.000e+00
      1.582     7.9436   3.436315    33.0722       1215     5.0583  0.000e+00
      1.637     7.9439   3.436210    33.0708       1216     5.0625  0.000e+00
      1.689     7.9439   3.436390    33.0727       1217     5.0667  0.000e+00
      1.692     7.9441   3.436612    33.0749       1218     5.0708  0.000e+00
      1.677     7.9452   3.436711    33.0749       1219     5.0750  0.000e+00
      1.668     7.9468   3.436507    33.0712       1220     5.0792  0.000e+00
      1.689     7.9472   3.436464    33.0704       1221     5.0833  0.000e+00
      1.735     7.9467   3.436390    33.0701       1222     5.0875  0.000e+00
      1.805     7.9460   3.436390    33.0707       1223     5.0917  0.000e+00
      1.850     7.9454   3.436340    33.0707       1224     5.0958  0.000e+00
      1.844     7.9448   3.436340    33.0712       1225     5.1000  0.000e+00
      1.762     7.9442   3.436315    33.0716       1226     5.1042  0.000e+00
      1.597     7.9440   3.436439    33.0732       1227     5.1083  0.000e+00
      1.387     7.9444   3.436513    33.0737       1228     5.1125  0.000e+00
      1.247     7.9454   3.436563    33.0733       1229     5.1167  0.000e+00
      1.164     7.9463   3.436662    33.0736       1230     5.1208  0.000e+00
      1.091     7.9472   3.436674    33.0729       1231     5.1250  0.000e+00
      1.009     7.9479   3.436637    33.0719       1232     5.1292  0.000e+00
      0.945     7.9481   3.436488    33.0701       1233     5.1333  0.000e+00
      0.939     7.9475   3.436340    33.0691       1234     5.1375  0.000e+00
      1.000     7.9463   3.435808    33.0646       1235     5.1417  0.000e+00
      1.118     7.9433   3.435882    33.0681       1236     5.1458  0.000e+00
      1.262     7.9405   3.435938    33.0713       1237     5.1500  0.000e+00
      1.405     7.9396   3.435709    33.0697       1238     5.1542  0.000e+00
      1.500     7.9385   3.436185    33.0757       1239     5.1583  0.000e+00
      1.429     7.9398   3.436365    33.0764       1240     5.1625  0.000e+00
