PC2501/sbe070.cnv
* Sea-Bird SBE 19plus Data File:
* FileName = C:\cruise\data\sbe070.hex
* Software Version Seasave V 7.26.7.121
* Temperature SN = 4684
* Conductivity SN = 4684
* System UpLoad Time = Feb 08 2025 01:50:57
* NMEA Latitude = 35 59.14 N
* NMEA Longitude = 074 52.25 W
* NMEA UTC (Time) = Feb 08 2025  01:50:34
** Ship: Pisces
** Cruise:  PC2501
** Program:  AMAPPS
# nquan = 7
# nvalues = 2009                                  
# units = specified
# name 0 = depSM: Depth [salt water, m]
# name 1 = tv290C: Temperature [ITS-90, deg C]
# name 2 = c0S/m: Conductivity [S/m]
# name 3 = sal00: Salinity, Practical [PSU]
# name 4 = scan: Scan Count
# name 5 = timeM: Time, Elapsed [minutes]
# name 6 = flag:  0.000e+00
# span 0 =      0.131,     86.695                 
# span 1 =    11.0519,    16.3883                 
# span 2 =  -0.000109,   4.516547                 
# span 3 =     0.0000,    35.9570                 
# span 4 =         11,       2019                 
# span 5 =     0.0417,     8.4083                 
# span 6 = 0.0000e+00, 0.0000e+00                 
# interval = seconds: 0.25
# start_time = Feb 08 2025 01:50:34 [NMEA time, header]
# bad_flag = -9.990e-29
*END*
[from data line 1231]
     23.477    14.5701   4.289267    35.3565       1242     5.1708  0.000e+00
     23.435    14.5657   4.299512    35.4550       1243     5.1750  0.000e+00
     23.380    14.5808   4.301334    35.4581       1244     5.1792  0.000e+00
     23.346    14.6121   4.293758    35.3596       1245     5.1833  0.000e+00
     23.294    14.6110   4.296966    35.3902       1246     5.1875  0.000e+00
     23.249    14.6070   4.288610    35.3169       1247     5.1917  0.000e+00
     23.200    14.5879   4.287055    35.3199       1248     5.1958  0.000e+00
     23.139    14.5600   4.286183    35.3374       1249     5.2000  0.000e+00
     23.084    14.5406   4.284046    35.3354       1250     5.2042  0.000e+00
     23.035    14.5243   4.283364    35.3440       1251     5.2083  0.000e+00
     22.986    14.5103   4.286819    35.3887       1252     5.2125  0.000e+00
     22.937    14.5141   4.291892    35.4322       1253     5.2167  0.000e+00
     22.879    14.5323   4.292041    35.4169       1254     5.2208  0.000e+00
     22.824    14.5522   4.292338    35.4014       1255     5.2250  0.000e+00
     22.769    14.5629   4.292906    35.3970       1256     5.2292  0.000e+00
     22.712    14.5688   4.285033    35.3189       1257     5.2333  0.000e+00
     22.647    14.5533   4.287982    35.3603       1258     5.2375  0.000e+00
     22.580    14.5375   4.291594    35.4081       1259     5.2417  0.000e+00
     22.519    14.5488   4.292426    35.4055       1260     5.2458  0.000e+00
     22.449    14.5599   4.294097    35.4108       1261     5.2500  0.000e+00
     22.388    14.5707   4.293901    35.3991       1262     5.2542  0.000e+00
     22.315    14.5806   4.293623    35.3875       1263     5.2583  0.000e+00
     22.251    14.5828   4.290186    35.3539       1264     5.2625  0.000e+00
     22.196    14.5759   4.292006    35.3770       1265     5.2667  0.000e+00
     22.135    14.5706   4.291011    35.3727       1266     5.2708  0.000e+00
     22.089    14.5674   4.293677    35.4002       1267     5.2750  0.000e+00
     22.031    14.5718   4.293677    35.3962       1268     5.2792  0.000e+00
     21.973    14.5791   4.293528    35.3882       1269     5.2833  0.000e+00
     21.918    14.5821   4.294191    35.3916       1270     5.2875  0.000e+00
     21.869    14.5854   4.295951    35.4048       1271     5.2917  0.000e+00
     21.811    14.5920   4.294814    35.3883       1272     5.2958  0.000e+00
     21.759    14.5965   4.297000    35.4044       1273     5.3000  0.000e+00
     21.714    14.6007   4.298943    35.4185       1274     5.3042  0.000e+00
     21.668    14.6134   4.298760    35.4052       1275     5.3083  0.000e+00
     21.616    14.6211   4.302321    35.4310       1276     5.3125  0.000e+00
     21.570    14.6351   4.298773    35.3856       1277     5.3167  0.000e+00
     21.534    14.6372   4.298698    35.3830       1278     5.3208  0.000e+00
     21.497    14.6344   4.298908    35.3875       1279     5.3250  0.000e+00
     21.448    14.6308   4.299301    35.3944       1280     5.3292  0.000e+00
     21.418    14.6310   4.297852    35.3810       1281     5.3333  0.000e+00
     21.399    14.6279   4.300824    35.4112       1282     5.3375  0.000e+00
     21.360    14.6335   4.301813    35.4152       1283     5.3417  0.000e+00
     21.335    14.6428   4.299402    35.3845       1284     5.3458  0.000e+00
     21.311    14.6415   4.300465    35.3955       1285     5.3500  0.000e+00
     21.277    14.6411   4.304298    35.4311       1286     5.3542  0.000e+00
     21.247    14.6530   4.304908    35.4259       1287     5.3583  0.000e+00
     21.207    14.6663   4.299896    35.3676       1288     5.3625  0.000e+00
     21.164    14.6611   4.305795    35.4268       1289     5.3667  0.000e+00
     21.119    14.6635   4.310999    35.4725       1290     5.3708  0.000e+00
     21.076    14.6900   4.311880    35.4564       1291     5.3750  0.000e+00
     21.021    14.7141   4.309989    35.4170       1292     5.3792  0.000e+00
     20.960    14.7225   4.308898    35.3994       1293     5.3833  0.000e+00
     20.905    14.7185   4.309575    35.4093       1294     5.3875  0.000e+00
     20.847    14.7170   4.311582    35.4290       1295     5.3917  0.000e+00
     20.801    14.7247   4.312551    35.4310       1296     5.3958  0.000e+00
     20.755    14.7340   4.315547    35.4501       1297     5.4000  0.000e+00
     20.719    14.7465   4.318735    35.4680       1298     5.4042  0.000e+00
     20.682    14.7669   4.317534    35.4384       1299     5.4083  0.000e+00
     20.652    14.7804   4.320179    35.4504       1300     5.4125  0.000e+00
     20.618    14.7909   4.320070    35.4398       1301     5.4167  0.000e+00
     20.588    14.8003   4.319487    35.4259       1302     5.4208  0.000e+00
     20.548    14.8027   4.319066    35.4198       1303     5.4250  0.000e+00
     20.511    14.8016   4.318659    35.4172       1304     5.4292  0.000e+00
     20.459    14.7993   4.318218    35.4152       1305     5.4333  0.000e+00
     20.423    14.7959   4.318429    35.4203       1306     5.4375  0.000e+00
     20.377    14.7937   4.318971    35.4273       1307     5.4417  0.000e+00
     20.337    14.7951   4.319575    35.4316       1308     5.4458  0.000e+00
     20.298    14.7999   4.320158    35.4325       1309     5.4500  0.000e+00
     20.270    14.7997   4.325173    35.4788       1310     5.4542  0.000e+00
     20.215    14.8191   4.325492    35.4640       1311     5.4583  0.000e+00
     20.200    14.8350   4.324419    35.4397       1312     5.4625  0.000e+00
     20.176    14.8421   4.323557    35.4253       1313     5.4667  0.000e+00
     20.173    14.8397   4.317980    35.3764       1314     5.4708  0.000e+00
     20.173    14.8219   4.310949    35.3281       1315     5.4750  0.000e+00
     20.182    14.7894   4.309818    35.3472       1316     5.4792  0.000e+00
     20.188    14.7564   4.310144    35.3802       1317     5.4833  0.000e+00
     20.200    14.7379   4.318192    35.4711       1318     5.4875  0.000e+00
     20.209    14.7495   4.325146    35.5244       1319     5.4917  0.000e+00
     20.206    14.7894   4.331446    35.5458       1320     5.4958  0.000e+00
     20.188    14.8353   4.337614    35.5605       1321     5.5000  0.000e+00
     20.185    14.8884   4.338816    35.5231       1322     5.5042  0.000e+00
     20.170    14.9261   4.339264    35.4928       1323     5.5083  0.000e+00
     20.151    14.9477   4.341181    35.4907       1324     5.5125  0.000e+00
     20.127    14.9610   4.346695    35.5291       1325     5.5167  0.000e+00
     20.099    14.9863   4.348027    35.5181       1326     5.5208  0.000e+00
     20.075    15.0093   4.353205    35.5446       1327     5.5250  0.000e+00
     20.054    15.0415   4.347652    35.4645       1328     5.5292  0.000e+00
     20.032    15.0513   4.321105    35.2134       1329     5.5333  0.000e+00
     20.002    14.9730   4.317348    35.2498       1330     5.5375  0.000e+00
     19.983    14.8826   4.320673    35.3621       1331     5.5417  0.000e+00
     19.968    14.8399   4.321562    35.4092       1332     5.5458  0.000e+00
     19.959    14.8248   4.320877    35.4166       1333     5.5500  0.000e+00
     19.947    14.8196   4.320178    35.4150       1334     5.5542  0.000e+00
     19.935    14.8146   4.323333    35.4484       1335     5.5583  0.000e+00
     19.916    14.8198   4.325234    35.4612       1336     5.5625  0.000e+00
     19.907    14.8310   4.326258    35.4604       1337     5.5667  0.000e+00
     19.901    14.8436   4.330726    35.4899       1338     5.5708  0.000e+00
     19.895    14.8637   4.333619    35.4980       1339     5.5750  0.000e+00
     19.889    14.8883   4.334107    35.4801       1340     5.5792  0.000e+00
     19.892    14.9060   4.332260    35.4470       1341     5.5833  0.000e+00
     19.898    14.9105   4.333557    35.4548       1342     5.5875  0.000e+00
     19.889    14.9136   4.329910    35.4186       1343     5.5917  0.000e+00
     19.886    14.9089   4.340658    35.5214       1344     5.5958  0.000e+00
     19.877    14.9280   4.322911    35.3415       1345     5.6000  0.000e+00
     19.880    14.9049   4.328525    35.4138       1346     5.6042  0.000e+00
     19.867    14.8812   4.323665    35.3908       1347     5.6083  0.000e+00
     19.855    14.8638   4.323937    35.4092       1348     5.6125  0.000e+00
     19.834    14.8510   4.320157    35.3862       1349     5.6167  0.000e+00
     19.812    14.8379   4.338667    35.5680       1350     5.6208  0.000e+00
     19.803    14.8666   4.337960    35.5353       1351     5.6250  0.000e+00
     19.785    14.9121   4.338578    35.4995       1352     5.6292  0.000e+00
     19.755    14.9408   4.342690    35.5110       1353     5.6333  0.000e+00
     19.724    14.9607   4.340059    35.4687       1354     5.6375  0.000e+00
     19.684    14.9728   4.342166    35.4770       1355     5.6417  0.000e+00
     19.657    14.9774   4.336803    35.4238       1356     5.6458  0.000e+00
     19.623    14.9712   4.326799    35.3379       1357     5.6500  0.000e+00
     19.599    14.9324   4.322911    35.3376       1358     5.6542  0.000e+00
     19.565    14.8869   4.321541    35.3663       1359     5.6583  0.000e+00
     19.532    14.8528   4.323278    35.4133       1360     5.6625  0.000e+00
     19.501    14.8398   4.323475    35.4270       1361     5.6667  0.000e+00
     19.468    14.8380   4.323156    35.4257       1362     5.6708  0.000e+00
     19.449    14.8361   4.322281    35.4194       1363     5.6750  0.000e+00
     19.437    14.8317   4.324541    35.4441       1364     5.6792  0.000e+00
     19.422    14.8351   4.327195    35.4654       1365     5.6833  0.000e+00
     19.413    14.8487   4.331710    35.4944       1366     5.6875  0.000e+00
     19.407    14.8702   4.334827    35.5034       1367     5.6917  0.000e+00
     19.407    14.8983   4.333475    35.4654       1368     5.6958  0.000e+00
     19.416    14.9116   4.332837    35.4474       1369     5.7000  0.000e+00
     19.428    14.9163   4.338917    35.4988       1370     5.7042  0.000e+00
     19.446    14.9322   4.339182    35.4868       1371     5.7083  0.000e+00
     19.458    14.9492   4.338659    35.4665       1372     5.7125  0.000e+00
     19.480    14.9576   4.337884    35.4517       1373     5.7167  0.000e+00
     19.498    14.9581   4.339209    35.4635       1374     5.7208  0.000e+00
     19.525    14.9599   4.335309    35.4261       1375     5.7250  0.000e+00
     19.538    14.9532   4.338108    35.4578       1376     5.7292  0.000e+00
     19.553    14.9525   4.340963    35.4846       1377     5.7333  0.000e+00
     19.565    14.9634   4.341153    35.4764       1378     5.7375  0.000e+00
     19.571    14.9735   4.337306    35.4320       1379     5.7417  0.000e+00
     19.577    14.9701   4.340541    35.4647       1380     5.7458  0.000e+00
     19.562    14.9672   4.342689    35.4869       1381     5.7500  0.000e+00
     19.541    14.9789   4.345361    35.5007       1382     5.7542  0.000e+00
     19.519    14.9943   4.344368    35.4776       1383     5.7583  0.000e+00
     19.498    15.0051   4.346871    35.4907       1384     5.7625  0.000e+00
     19.455    15.0138   4.346320    35.4778       1385     5.7667  0.000e+00
     19.409    15.0217   4.345476    35.4629       1386     5.7708  0.000e+00
     19.385    15.0206   4.338250    35.3979       1387     5.7750  0.000e+00
     19.342    14.9996   4.337788    35.4128       1388     5.7792  0.000e+00
     19.287    14.9765   4.334806    35.4065       1389     5.7833  0.000e+00
     19.245    14.9574   4.337272    35.4465       1390     5.7875  0.000e+00
     19.190    14.9502   4.334887    35.4312       1391     5.7917  0.000e+00
     19.120    14.9454   4.337884    35.4630       1392     5.7958  0.000e+00
     19.074    14.9456   4.339325    35.4760       1393     5.8000  0.000e+00
     19.025    14.9552   4.340269    35.4759       1394     5.8042  0.000e+00
     18.982    14.9636   4.359849    35.6476       1395     5.8083  0.000e+00
     18.933    15.0244   4.363499    35.6254       1396     5.8125  0.000e+00
     18.903    15.0919   4.356613    35.5010       1397     5.8167  0.000e+00
     18.879    15.1157   4.351985    35.4372       1398     5.8208  0.000e+00
     18.860    15.1023   4.349420    35.4260       1399     5.8250  0.000e+00
     18.842    15.0832   4.353121    35.4770       1400     5.8292  0.000e+00
     18.842    15.0776   4.355095    35.5001       1401     5.8333  0.000e+00
     18.845    15.0876   4.367054    35.6002       1402     5.8375  0.000e+00
     18.839    15.1230   4.371088    35.6047       1403     5.8417  0.000e+00
     18.848    15.1677   4.370127    35.5553       1404     5.8458  0.000e+00
     18.848    15.1979   4.374715    35.5696       1405     5.8500  0.000e+00
     18.845    15.2228   4.366998    35.4768       1406     5.8542  0.000e+00
     18.857    15.2237   4.357598    35.3905       1407     5.8583  0.000e+00
     18.860    15.1833   4.344957    35.3120       1408     5.8625  0.000e+00
     18.854    15.1181   4.360460    35.5123       1409     5.8667  0.000e+00
     18.854    15.1050   4.366529    35.5796       1410     5.8708  0.000e+00
     18.839    15.1308   4.368062    35.5701       1411     5.8750  0.000e+00
     18.824    15.1711   4.373604    35.5839       1412     5.8792  0.000e+00
     18.796    15.2069   4.378998    35.6005       1413     5.8833  0.000e+00
     18.772    15.2457   4.381597    35.5888       1414     5.8875  0.000e+00
     18.756    15.2748   4.390266    35.6412       1415     5.8917  0.000e+00
     18.726    15.3191   4.401546    35.7034       1416     5.8958  0.000e+00
     18.701    15.3839   4.403822    35.6651       1417     5.9000  0.000e+00
     18.677    15.4415   4.403226    35.6074       1418     5.9042  0.000e+00
     18.634    15.4681   4.401045    35.5635       1419     5.9083  0.000e+00
     18.604    15.4759   4.398864    35.5368       1420     5.9125  0.000e+00
     18.579    15.4672   4.395489    35.5141       1421     5.9167  0.000e+00
     18.546    15.4524   4.396862    35.5399       1422     5.9208  0.000e+00
     18.525    15.4402   4.393767    35.5229       1423     5.9250  0.000e+00
     18.497    15.4290   4.396951    35.5619       1424     5.9292  0.000e+00
     18.497    15.4272   4.380461    35.4142       1425     5.9333  0.000e+00
     18.488    15.3933   4.367602    35.3283       1426     5.9375  0.000e+00
     18.473    15.3085   4.376800    35.4884       1427     5.9417  0.000e+00
     18.473    15.2712   4.370882    35.4684       1428     5.9458  0.000e+00
     18.473    15.2548   4.388272    35.6414       1429     5.9500  0.000e+00
     18.466    15.2804   4.380218    35.5449       1430     5.9542  0.000e+00
     18.463    15.3081   4.369395    35.4215       1431     5.9583  0.000e+00
     18.451    15.2765   4.357366    35.3408       1432     5.9625  0.000e+00
     18.442    15.2063   4.345779    35.2989       1433     5.9667  0.000e+00
     18.421    15.1326   4.365800    35.5480       1434     5.9708  0.000e+00
     18.402    15.1226   4.388329    35.7626       1435     5.9750  0.000e+00
     18.375    15.2141   4.384866    35.6475       1436     5.9792  0.000e+00
     18.354    15.2857   4.392144    35.6485       1437     5.9833  0.000e+00
     18.326    15.3291   4.380783    35.5059       1438     5.9875  0.000e+00
     18.302    15.3381   4.388448    35.5674       1439     5.9917  0.000e+00
     18.268    15.3423   4.397595    35.6466       1440     5.9958  0.000e+00
     18.256    15.3817   4.403466    35.6641       1441     6.0000  0.000e+00
     18.228    15.4285   4.399794    35.5883       1442     6.0042  0.000e+00
     18.222    15.4523   4.398660    35.5565       1443     6.0083  0.000e+00
     18.195    15.4541   4.396739    35.5374       1444     6.0125  0.000e+00
     18.161    15.4476   4.400635    35.5786       1445     6.0167  0.000e+00
