PC2501/sbe078.cnv
* Sea-Bird SBE 19plus Data File:
* FileName = C:\cruise\data\sbe078.hex
* Software Version Seasave V 7.26.7.121
* Temperature SN = 4684
* Conductivity SN = 4684
* System UpLoad Time = Feb 10 2025 23:02:44
* NMEA Latitude = 36 25.50 N
* NMEA Longitude = 072 06.84 W
* NMEA UTC (Time) = Feb 10 2025  23:02:23
** Ship: Pisces
** Cruise:  PC2501
** Program:  AMAPPS
# nquan = 7
# nvalues = 5700                                  
# units = specified
# name 0 = depSM: Depth [salt water, m]
# name 1 = tv290C: Temperature [ITS-90, deg C]
# name 2 = c0S/m: Conductivity [S/m]
# name 3 = sal00: Salinity, Practical [PSU]
# name 4 = scan: Scan Count
# name 5 = timeM: Time, Elapsed [minutes]
# name 6 = flag:  0.000e+00
# span 0 =      0.119,    201.140                 
# span 1 =    11.1885,    19.9713                 
# span 2 =  -0.122452,   4.994590                 
# span 3 =     0.0000,    37.4386                 
# span 4 =         11,       5710                 
# span 5 =     0.0417,    23.7875                 
# span 6 = 0.0000e+00, 0.0000e+00                 
# interval = seconds: 0.25
# start_time = Feb 10 2025 23:02:23 [NMEA time, header]
# bad_flag = -9.990e-29
*END*
[from data line 411]
     25.211    19.6074   4.957176    36.6927        422     1.7542  0.000e+00
     25.251    19.5928   4.956817    36.7025        423     1.7583  0.000e+00
     25.294    19.5820   4.957011    36.7136        424     1.7625  0.000e+00
     25.346    19.5770   4.957507    36.7222        425     1.7667  0.000e+00
     25.397    19.5770   4.956386    36.7128        426     1.7708  0.000e+00
     25.471    19.5743   4.956458    36.7158        427     1.7750  0.000e+00
     25.547    19.5711   4.957802    36.7297        428     1.7792  0.000e+00
     25.617    19.5742   4.958585    36.7335        429     1.7833  0.000e+00
     25.709    19.5807   4.959081    36.7318        430     1.7875  0.000e+00
     25.800    19.5864   4.959634    36.7314        431     1.7917  0.000e+00
     25.895    19.5919   4.960230    36.7315        432     1.7958  0.000e+00
     25.995    19.5973   4.960360    36.7278        433     1.8000  0.000e+00
     26.102    19.6008   4.960000    36.7217        434     1.8042  0.000e+00
     26.200    19.6016   4.959735    36.7187        435     1.8083  0.000e+00
     26.300    19.6004   4.960913    36.7295        436     1.8125  0.000e+00
     26.395    19.6033   4.961409    36.7311        437     1.8167  0.000e+00
     26.480    19.6084   4.962293    36.7339        438     1.8208  0.000e+00
     26.554    19.6143   4.963904    36.7421        439     1.8250  0.000e+00
     26.621    19.6241   4.963803    36.7327        440     1.8292  0.000e+00
     26.682    19.6307   4.962458    36.7156        441     1.8333  0.000e+00
     26.731    19.6292   4.961524    36.7092        442     1.8375  0.000e+00
     26.782    19.6227   4.962430    36.7224        443     1.8417  0.000e+00
     26.837    19.6212   4.962430    36.7237        444     1.8458  0.000e+00
     26.889    19.6218   4.962329    36.7223        445     1.8500  0.000e+00
     26.953    19.6220   4.962660    36.7248        446     1.8542  0.000e+00
     27.011    19.6231   4.962329    36.7211        447     1.8583  0.000e+00
     27.069    19.6225   4.960784    36.7088        448     1.8625  0.000e+00
     27.127    19.6173   4.963343    36.7346        449     1.8667  0.000e+00
     27.191    19.6205   4.963774    36.7354        450     1.8708  0.000e+00
     27.237    19.6277   4.963968    36.7306        451     1.8750  0.000e+00
     27.292    19.6320   4.964033    36.7273        452     1.8792  0.000e+00
     27.350    19.6347   4.965219    36.7348        453     1.8833  0.000e+00
     27.396    19.6402   4.966334    36.7393        454     1.8875  0.000e+00
     27.454    19.6477   4.966859    36.7370        455     1.8917  0.000e+00
     27.518    19.6551   4.966665    36.7288        456     1.8958  0.000e+00
     27.560    19.6587   4.965974    36.7199        457     1.9000  0.000e+00
     27.637    19.6576   4.964953    36.7123        458     1.9042  0.000e+00
     27.716    19.6525   4.964069    36.7094        459     1.9083  0.000e+00
     27.801    19.6458   4.963573    36.7112        460     1.9125  0.000e+00
     27.896    19.6390   4.962229    36.7060        461     1.9167  0.000e+00
     27.987    19.6309   4.962272    36.7134        462     1.9208  0.000e+00
     28.079    19.6251   4.961999    36.7162        463     1.9250  0.000e+00
     28.192    19.6216   4.962459    36.7230        464     1.9292  0.000e+00
     28.296    19.6213   4.963185    36.7293        465     1.9333  0.000e+00
     28.402    19.6243   4.963344    36.7279        466     1.9375  0.000e+00
     28.512    19.6276   4.963804    36.7289        467     1.9417  0.000e+00
     28.607    19.6306   4.962229    36.7131        468     1.9458  0.000e+00
     28.707    19.6273   4.959635    36.6944        469     1.9500  0.000e+00
     28.802    19.6146   4.956617    36.6803        470     1.9542  0.000e+00
     28.909    19.5938   4.956387    36.6967        471     1.9583  0.000e+00
     29.003    19.5790   4.956129    36.7075        472     1.9625  0.000e+00
     29.107    19.5713   4.956496    36.7173        473     1.9667  0.000e+00
     29.198    19.5689   4.956524    36.7196        474     1.9708  0.000e+00
     29.308    19.5683   4.956460    36.7196        475     1.9750  0.000e+00
     29.409    19.5680   4.956029    36.7162        476     1.9792  0.000e+00
     29.504    19.5664   4.956755    36.7236        477     1.9833  0.000e+00
     29.604    19.5674   4.956388    36.7197        478     1.9875  0.000e+00
     29.693    19.5679   4.956755    36.7222        479     1.9917  0.000e+00
     29.769    19.5689   4.956985    36.7232        480     1.9958  0.000e+00
     29.848    19.5705   4.956805    36.7203        481     2.0000  0.000e+00
     29.924    19.5712   4.957308    36.7239        482     2.0042  0.000e+00
     29.992    19.5728   4.958127    36.7292        483     2.0083  0.000e+00
     30.065    19.5769   4.958062    36.7251        484     2.0125  0.000e+00
     30.120    19.5804   4.958752    36.7277        485     2.0167  0.000e+00
     30.184    19.5837   4.958817    36.7253        486     2.0208  0.000e+00
     30.245    19.5864   4.958264    36.7183        487     2.0250  0.000e+00
     30.312    19.5860   4.958192    36.7180        488     2.0292  0.000e+00
     30.373    19.5848   4.957998    36.7174        489     2.0333  0.000e+00
     30.440    19.5834   4.959148    36.7282        490     2.0375  0.000e+00
     30.504    19.5863   4.959773    36.7309        491     2.0417  0.000e+00
     30.577    19.5917   4.960427    36.7315        492     2.0458  0.000e+00
     30.660    19.5971   4.960261    36.7254        493     2.0500  0.000e+00
     30.745    19.6003   4.960161    36.7217        494     2.0542  0.000e+00
     30.818    19.6010   4.960161    36.7210        495     2.0583  0.000e+00
     30.904    19.6008   4.958228    36.7051        496     2.0625  0.000e+00
     30.986    19.5944   4.957013    36.7006        497     2.0667  0.000e+00
     31.071    19.5840   4.957014    36.7096        498     2.0708  0.000e+00
     31.160    19.5778   4.957423    36.7185        499     2.0750  0.000e+00
     31.227    19.5761   4.957704    36.7223        500     2.0792  0.000e+00
     31.312    19.5768   4.957740    36.7220        501     2.0833  0.000e+00
     31.398    19.5779   4.957869    36.7220        502     2.0875  0.000e+00
     31.486    19.5793   4.958228    36.7238        503     2.0917  0.000e+00
     31.575    19.5810   4.959249    36.7307        504     2.0958  0.000e+00
     31.672    19.5857   4.959112    36.7254        505     2.1000  0.000e+00
     31.779    19.5892   4.960988    36.7379        506     2.1042  0.000e+00
     31.889    19.5968   4.961010    36.7314        507     2.1083  0.000e+00
     32.011    19.6033   4.960262    36.7194        508     2.1125  0.000e+00
     32.124    19.6036   4.961017    36.7254        509     2.1167  0.000e+00
     32.249    19.6051   4.961247    36.7260        510     2.1208  0.000e+00
     32.374    19.6077   4.960722    36.7193        511     2.1250  0.000e+00
     32.499    19.6073   4.960492    36.7176        512     2.1292  0.000e+00
     32.615    19.6053   4.960198    36.7169        513     2.1333  0.000e+00
     32.728    19.6030   4.959738    36.7150        514     2.1375  0.000e+00
     32.813    19.6000   4.960162    36.7212        515     2.1417  0.000e+00
     32.902    19.5994   4.960492    36.7244        516     2.1458  0.000e+00
     32.987    19.6010   4.961578    36.7320        517     2.1500  0.000e+00
     33.060    19.6059   4.962297    36.7336        518     2.1542  0.000e+00
     33.134    19.6121   4.962663    36.7312        519     2.1583  0.000e+00
     33.207    19.6176   4.962562    36.7255        520     2.1625  0.000e+00
     33.280    19.6200   4.962562    36.7234        521     2.1667  0.000e+00
     33.353    19.6213   4.963943    36.7337        522     2.1708  0.000e+00
     33.417    19.6257   4.963907    36.7295        523     2.1750  0.000e+00
     33.481    19.6304   4.964568    36.7309        524     2.1792  0.000e+00
     33.545    19.6349   4.964007    36.7222        525     2.1833  0.000e+00
     33.619    19.6354   4.962397    36.7084        526     2.1875  0.000e+00
     33.713    19.6297   4.962038    36.7104        527     2.1917  0.000e+00
     33.795    19.6228   4.961808    36.7144        528     2.1958  0.000e+00
     33.893    19.6187   4.961542    36.7158        529     2.2000  0.000e+00
     34.009    19.6156   4.961542    36.7185        530     2.2042  0.000e+00
     34.122    19.6136   4.961478    36.7196        531     2.2083  0.000e+00
     34.235    19.6124   4.961248    36.7188        532     2.2125  0.000e+00
     34.351    19.6110   4.961054    36.7183        533     2.2167  0.000e+00
     34.457    19.6093   4.960328    36.7138        534     2.2208  0.000e+00
     34.579    19.6055   4.959178    36.7074        535     2.2250  0.000e+00
     34.689    19.5994   4.958524    36.7073        536     2.2292  0.000e+00
     34.784    19.5920   4.957899    36.7086        537     2.2333  0.000e+00
     34.869    19.5857   4.957051    36.7071        538     2.2375  0.000e+00
     34.939    19.5789   4.957705    36.7185        539     2.2417  0.000e+00
     35.010    19.5768   4.957741    36.7206        540     2.2458  0.000e+00
     35.071    19.5771   4.957806    36.7209        541     2.2500  0.000e+00
     35.150    19.5778   4.958194    36.7234        542     2.2542  0.000e+00
     35.226    19.5791   4.957900    36.7198        543     2.2583  0.000e+00
     35.318    19.5794   4.957576    36.7168        544     2.2625  0.000e+00
     35.409    19.5779   4.957526    36.7177        545     2.2667  0.000e+00
     35.516    19.5765   4.957181    36.7160        546     2.2708  0.000e+00
     35.632    19.5751   4.956427    36.7109        547     2.2750  0.000e+00
     35.754    19.5708   4.956233    36.7130        548     2.2792  0.000e+00
     35.891    19.5670   4.956592    36.7193        549     2.2833  0.000e+00
     36.013    19.5663   4.955867    36.7138        550     2.2875  0.000e+00
     36.138    19.5639   4.955572    36.7134        551     2.2917  0.000e+00
     36.260    19.5610   4.955414    36.7146        552     2.2958  0.000e+00
     36.376    19.5582   4.955249    36.7157        553     2.3000  0.000e+00
     36.471    19.5561   4.954919    36.7147        554     2.3042  0.000e+00
     36.553    19.5540   4.955544    36.7218        555     2.3083  0.000e+00
     36.620    19.5547   4.955939    36.7244        556     2.3125  0.000e+00
     36.693    19.5575   4.956234    36.7244        557     2.3167  0.000e+00
     36.733    19.5603   4.956068    36.7205        558     2.3208  0.000e+00
     36.773    19.5612   4.955803    36.7175        559     2.3250  0.000e+00
     36.812    19.5607   4.955443    36.7149        560     2.3292  0.000e+00
     36.852    19.5589   4.955479    36.7168        561     2.3333  0.000e+00
     36.904    19.5575   4.955774    36.7205        562     2.3375  0.000e+00
     36.953    19.5576   4.955839    36.7209        563     2.3417  0.000e+00
     37.010    19.5588   4.955867    36.7201        564     2.3458  0.000e+00
     37.081    19.5593   4.955903    36.7199        565     2.3500  0.000e+00
     37.169    19.5597   4.955803    36.7186        566     2.3542  0.000e+00
     37.270    19.5596   4.955939    36.7198        567     2.3583  0.000e+00
     37.386    19.5599   4.956004    36.7201        568     2.3625  0.000e+00
     37.511    19.5604   4.956069    36.7201        569     2.3667  0.000e+00
     37.645    19.5609   4.956198    36.7207        570     2.3708  0.000e+00
     37.776    19.5618   4.956033    36.7185        571     2.3750  0.000e+00
     37.913    19.5614   4.955738    36.7164        572     2.3792  0.000e+00
     38.051    19.5601   4.955839    36.7183        573     2.3833  0.000e+00
     38.185    19.5592   4.953971    36.7035        574     2.3875  0.000e+00
     38.310    19.5527   4.951221    36.6862        575     2.3917  0.000e+00
     38.417    19.5370   4.950043    36.6902        576     2.3958  0.000e+00
     38.511    19.5220   4.949519    36.6990        577     2.4000  0.000e+00
     38.606    19.5114   4.949189    36.7055        578     2.4042  0.000e+00
     38.691    19.5049   4.948931    36.7090        579     2.4083  0.000e+00
     38.770    19.5008   4.948859    36.7120        580     2.4125  0.000e+00
     38.856    19.4984   4.948730    36.7131        581     2.4167  0.000e+00
     38.938    19.4967   4.948730    36.7145        582     2.4208  0.000e+00
     39.024    19.4959   4.948701    36.7149        583     2.4250  0.000e+00
     39.115    19.4954   4.948701    36.7153        584     2.4292  0.000e+00
     39.216    19.4949   4.948702    36.7157        585     2.4333  0.000e+00
     39.323    19.4949   4.948601    36.7148        586     2.4375  0.000e+00
     39.435    19.4943   4.948637    36.7156        587     2.4417  0.000e+00
     39.545    19.4943   4.948601    36.7153        588     2.4458  0.000e+00
     39.670    19.4941   4.948666    36.7160        589     2.4500  0.000e+00
     39.783    19.4942   4.948637    36.7156        590     2.4542  0.000e+00
     39.902    19.4942   4.948766    36.7166        591     2.4583  0.000e+00
     40.012    19.4945   4.949068    36.7189        592     2.4625  0.000e+00
     40.116    19.4959   4.950073    36.7260        593     2.4667  0.000e+00
     40.204    19.5005   4.949880    36.7203        594     2.4708  0.000e+00
     40.283    19.5034   4.949384    36.7135        595     2.4750  0.000e+00
     40.360    19.5026   4.949255    36.7132        596     2.4792  0.000e+00
     40.433    19.5012   4.949068    36.7128        597     2.4833  0.000e+00
     40.500    19.4998   4.948831    36.7120        598     2.4875  0.000e+00
     40.567    19.4980   4.948702    36.7125        599     2.4917  0.000e+00
     40.640    19.4965   4.948767    36.7144        600     2.4958  0.000e+00
     40.720    19.4955   4.948602    36.7138        601     2.5000  0.000e+00
     40.802    19.4945   4.948372    36.7127        602     2.5042  0.000e+00
     40.887    19.4933   4.948243    36.7127        603     2.5083  0.000e+00
     40.988    19.4920   4.948114    36.7127        604     2.5125  0.000e+00
     41.083    19.4905   4.948078    36.7137        605     2.5167  0.000e+00
     41.180    19.4898   4.948143    36.7148        606     2.5208  0.000e+00
     41.281    19.4894   4.948078    36.7146        607     2.5250  0.000e+00
     41.388    19.4892   4.948049    36.7145        608     2.5292  0.000e+00
     41.510    19.4888   4.948114    36.7153        609     2.5333  0.000e+00
     41.625    19.4889   4.948215    36.7160        610     2.5375  0.000e+00
     41.732    19.4895   4.948143    36.7149        611     2.5417  0.000e+00
     41.851    19.4894   4.947913    36.7130        612     2.5458  0.000e+00
     41.964    19.4885   4.947820    36.7129        613     2.5500  0.000e+00
     42.074    19.4876   4.947755    36.7132        614     2.5542  0.000e+00
     42.187    19.4867   4.947755    36.7139        615     2.5583  0.000e+00
     42.293    19.4863   4.947784    36.7145        616     2.5625  0.000e+00
     42.409    19.4861   4.947885    36.7155        617     2.5667  0.000e+00
     42.513    19.4865   4.947885    36.7151        618     2.5708  0.000e+00
     42.620    19.4867   4.947978    36.7156        619     2.5750  0.000e+00
     42.730    19.4873   4.947978    36.7151        620     2.5792  0.000e+00
     42.843    19.4873   4.947950    36.7147        621     2.5833  0.000e+00
     42.952    19.4872   4.947885    36.7143        622     2.5875  0.000e+00
     43.077    19.4871   4.947950    36.7149        623     2.5917  0.000e+00
     43.196    19.4871   4.948050    36.7157        624     2.5958  0.000e+00
     43.318    19.4876   4.948014    36.7149        625     2.6000  0.000e+00
