PC2501/sbe071.cnv
* Sea-Bird SBE 19plus Data File:
* FileName = C:\cruise\data\sbe071.hex
* Software Version Seasave V 7.26.7.121
* Temperature SN = 4684
* Conductivity SN = 4684
* System UpLoad Time = Feb 08 2025 03:01:52
* NMEA Latitude = 36 06.68 N
* NMEA Longitude = 075 00.33 W
* NMEA UTC (Time) = Feb 08 2025  03:01:29
** Ship: Pisces
** Cruise:  PC2501
** Program:  AMAPPS
# nquan = 7
# nvalues = 1756                                  
# units = specified
# name 0 = depSM: Depth [salt water, m]
# name 1 = tv290C: Temperature [ITS-90, deg C]
# name 2 = c0S/m: Conductivity [S/m]
# name 3 = sal00: Salinity, Practical [PSU]
# name 4 = scan: Scan Count
# name 5 = timeM: Time, Elapsed [minutes]
# name 6 = flag:  0.000e+00
# span 0 =      0.141,     35.334                 
# span 1 =    10.4987,    13.6123                 
# span 2 =  -0.134008,   4.186342                 
# span 3 =     0.0000,    35.9476                 
# span 4 =         11,       1766                 
# span 5 =     0.0417,     7.3542                 
# span 6 = 0.0000e+00, 0.0000e+00                 
# interval = seconds: 0.25
# start_time = Feb 08 2025 03:01:29 [NMEA time, header]
# bad_flag = -9.990e-29
*END*
[from data line 1436]
      6.303    13.5734   4.181417    35.2732       1447     6.0250  0.000e+00
      6.336    13.5729   4.181477    35.2742       1448     6.0292  0.000e+00
      6.348    13.5729   4.181477    35.2742       1449     6.0333  0.000e+00
      6.382    13.5728   4.181477    35.2742       1450     6.0375  0.000e+00
      6.428    13.5728   4.181591    35.2753       1451     6.0417  0.000e+00
      6.449    13.5731   4.181591    35.2750       1452     6.0458  0.000e+00
      6.446    13.5734   4.181564    35.2745       1453     6.0500  0.000e+00
      6.422    13.5736   4.181477    35.2735       1454     6.0542  0.000e+00
      6.382    13.5732   4.181303    35.2722       1455     6.0583  0.000e+00
      6.327    13.5724   4.181363    35.2735       1456     6.0625  0.000e+00
      6.287    13.5717   4.181363    35.2742       1457     6.0667  0.000e+00
      6.245    13.5717   4.181417    35.2747       1458     6.0708  0.000e+00
      6.211    13.5720   4.181705    35.2772       1459     6.0750  0.000e+00
      6.181    13.5730   4.181705    35.2763       1460     6.0792  0.000e+00
      6.147    13.5742   4.181704    35.2752       1461     6.0833  0.000e+00
      6.123    13.5747   4.181738    35.2751       1462     6.0875  0.000e+00
      6.117    13.5751   4.181678    35.2741       1463     6.0917  0.000e+00
      6.110    13.5751   4.181651    35.2739       1464     6.0958  0.000e+00
      6.107    13.5748   4.181591    35.2736       1465     6.1000  0.000e+00
      6.074    13.5744   4.181738    35.2753       1466     6.1042  0.000e+00
      6.022    13.5746   4.181765    35.2755       1467     6.1083  0.000e+00
      5.952    13.5750   4.181738    35.2749       1468     6.1125  0.000e+00
      5.872    13.5750   4.181477    35.2724       1469     6.1167  0.000e+00
      5.793    13.5746   4.181591    35.2739       1470     6.1208  0.000e+00
      5.717    13.5742   4.181564    35.2741       1471     6.1250  0.000e+00
      5.665    13.5741   4.181590    35.2744       1472     6.1292  0.000e+00
      5.647    13.5741   4.181590    35.2744       1473     6.1333  0.000e+00
      5.647    13.5742   4.181216    35.2708       1474     6.1375  0.000e+00
      5.671    13.5730   4.181129    35.2711       1475     6.1417  0.000e+00
      5.698    13.5714   4.180981    35.2712       1476     6.1458  0.000e+00
      5.720    13.5703   4.180694    35.2694       1477     6.1500  0.000e+00
      5.766    13.5684   4.180720    35.2714       1478     6.1542  0.000e+00
      5.799    13.5672   4.180781    35.2732       1479     6.1583  0.000e+00
      5.811    13.5668   4.180694    35.2726       1480     6.1625  0.000e+00
      5.817    13.5665   4.180694    35.2729       1481     6.1667  0.000e+00
      5.805    13.5662   4.180754    35.2738       1482     6.1708  0.000e+00
      5.790    13.5664   4.180928    35.2752       1483     6.1750  0.000e+00
      5.781    13.5673   4.180955    35.2747       1484     6.1792  0.000e+00
      5.772    13.5680   4.180982    35.2743       1485     6.1833  0.000e+00
      5.765    13.5685   4.181015    35.2742       1486     6.1875  0.000e+00
      5.750    13.5691   4.180928    35.2727       1487     6.1917  0.000e+00
      5.735    13.5690   4.180955    35.2731       1488     6.1958  0.000e+00
      5.701    13.5690   4.180981    35.2734       1489     6.2000  0.000e+00
      5.671    13.5692   4.180894    35.2724       1490     6.2042  0.000e+00
      5.643    13.5689   4.180633    35.2702       1491     6.2083  0.000e+00
      5.628    13.5679   4.180694    35.2717       1492     6.2125  0.000e+00
      5.595    13.5668   4.180466    35.2706       1493     6.2167  0.000e+00
      5.570    13.5653   4.180259    35.2700       1494     6.2208  0.000e+00
      5.555    13.5638   4.180232    35.2712       1495     6.2250  0.000e+00
      5.549    13.5627   4.180145    35.2714       1496     6.2292  0.000e+00
      5.546    13.5618   4.180292    35.2736       1497     6.2333  0.000e+00
      5.546    13.5617   4.180118    35.2720       1498     6.2375  0.000e+00
      5.530    13.5615   4.179884    35.2701       1499     6.2417  0.000e+00
      5.472    13.5600   4.180085    35.2733       1500     6.2458  0.000e+00
      5.390    13.5595   4.180205    35.2750       1501     6.2500  0.000e+00
      5.247    13.5601   4.180292    35.2753       1502     6.2542  0.000e+00
      5.134    13.5610   4.180406    35.2756       1503     6.2583  0.000e+00
      5.045    13.5618   4.180258    35.2735       1504     6.2625  0.000e+00
      4.987    13.5621   4.180258    35.2732       1505     6.2667  0.000e+00
      4.960    13.5621   4.180232    35.2730       1506     6.2708  0.000e+00
      4.981    13.5618   4.180606    35.2768       1507     6.2750  0.000e+00
      5.021    13.5631   4.180633    35.2759       1508     6.2792  0.000e+00
      5.066    13.5646   4.180606    35.2742       1509     6.2833  0.000e+00
      5.115    13.5656   4.180606    35.2733       1510     6.2875  0.000e+00
      5.149    13.5652   4.180058    35.2684       1511     6.2917  0.000e+00
      5.201    13.5637   4.180171    35.2709       1512     6.2958  0.000e+00
      5.250    13.5619   4.180406    35.2747       1513     6.3000  0.000e+00
      5.262    13.5622   4.180232    35.2728       1514     6.3042  0.000e+00
      5.207    13.5623   4.180084    35.2714       1515     6.3083  0.000e+00
      5.143    13.5615   4.180031    35.2716       1516     6.3125  0.000e+00
      5.079    13.5605   4.180058    35.2728       1517     6.3167  0.000e+00
      5.024    13.5603   4.180031    35.2727       1518     6.3208  0.000e+00
      4.981    13.5601   4.179917    35.2719       1519     6.3250  0.000e+00
      4.963    13.5597   4.179830    35.2714       1520     6.3292  0.000e+00
      4.960    13.5589   4.179770    35.2716       1521     6.3333  0.000e+00
      4.978    13.5581   4.179710    35.2718       1522     6.3375  0.000e+00
      5.005    13.5574   4.179857    35.2738       1523     6.3417  0.000e+00
      5.045    13.5577   4.179971    35.2746       1524     6.3458  0.000e+00
      5.088    13.5585   4.180232    35.2763       1525     6.3500  0.000e+00
      5.112    13.5602   4.180580    35.2780       1526     6.3542  0.000e+00
      5.161    13.5628   4.180633    35.2761       1527     6.3583  0.000e+00
      5.137    13.5648   4.180345    35.2715       1528     6.3625  0.000e+00
      5.057    13.5651   4.179917    35.2672       1529     6.3667  0.000e+00
      4.956    13.5627   4.179884    35.2691       1530     6.3708  0.000e+00
      4.847    13.5611   4.180058    35.2724       1531     6.3750  0.000e+00
      4.746    13.5608   4.179944    35.2716       1532     6.3792  0.000e+00
      4.657    13.5608   4.179883    35.2710       1533     6.3833  0.000e+00
      4.587    13.5603   4.179830    35.2711       1534     6.3875  0.000e+00
      4.548    13.5596   4.179857    35.2719       1535     6.3917  0.000e+00
      4.526    13.5594   4.179917    35.2727       1536     6.3958  0.000e+00
      4.505    13.5594   4.179944    35.2730       1537     6.4000  0.000e+00
      4.496    13.5597   4.179883    35.2722       1538     6.4042  0.000e+00
      4.496    13.5598   4.179944    35.2726       1539     6.4083  0.000e+00
      4.505    13.5600   4.179622    35.2694       1540     6.4125  0.000e+00
      4.505    13.5593   4.179422    35.2682       1541     6.4167  0.000e+00
      4.514    13.5580   4.179596    35.2710       1542     6.4208  0.000e+00
      4.523    13.5579   4.179770    35.2727       1543     6.4250  0.000e+00
      4.545    13.5585   4.179770    35.2722       1544     6.4292  0.000e+00
      4.578    13.5590   4.179743    35.2714       1545     6.4333  0.000e+00
      4.615    13.5591   4.179743    35.2713       1546     6.4375  0.000e+00
      4.642    13.5588   4.179743    35.2716       1547     6.4417  0.000e+00
      4.691    13.5589   4.179917    35.2731       1548     6.4458  0.000e+00
      4.737    13.5595   4.179944    35.2728       1549     6.4500  0.000e+00
      4.767    13.5601   4.180084    35.2735       1550     6.4542  0.000e+00
      4.782    13.5607   4.180232    35.2743       1551     6.4583  0.000e+00
      4.782    13.5619   4.180379    35.2747       1552     6.4625  0.000e+00
      4.749    13.5632   4.180432    35.2740       1553     6.4667  0.000e+00
      4.700    13.5642   4.180720    35.2757       1554     6.4708  0.000e+00
      4.648    13.5659   4.180633    35.2734       1555     6.4750  0.000e+00
      4.596    13.5670   4.180720    35.2732       1556     6.4792  0.000e+00
      4.526    13.5672   4.180693    35.2728       1557     6.4833  0.000e+00
      4.462    13.5676   4.180807    35.2736       1558     6.4875  0.000e+00
      4.395    13.5680   4.180466    35.2700       1559     6.4917  0.000e+00
      4.331    13.5676   4.180466    35.2704       1560     6.4958  0.000e+00
      4.270    13.5667   4.180405    35.2707       1561     6.5000  0.000e+00
      4.221    13.5659   4.180231    35.2698       1562     6.5042  0.000e+00
      4.175    13.5651   4.180292    35.2711       1563     6.5083  0.000e+00
      4.138    13.5644   4.180466    35.2734       1564     6.5125  0.000e+00
      4.111    13.5648   4.179221    35.2613       1565     6.5167  0.000e+00
      4.081    13.5616   4.180492    35.2763       1566     6.5208  0.000e+00
      4.047    13.5610   4.179622    35.2687       1567     6.5250  0.000e+00
      4.010    13.5607   4.178846    35.2616       1568     6.5292  0.000e+00
      3.971    13.5576   4.178498    35.2612       1569     6.5333  0.000e+00
      3.934    13.5529   4.178177    35.2626       1570     6.5375  0.000e+00
      3.925    13.5489   4.178063    35.2652       1571     6.5417  0.000e+00
      3.922    13.5459   4.177427    35.2620       1572     6.5458  0.000e+00
      3.946    13.5427   4.177200    35.2628       1573     6.5500  0.000e+00
      3.980    13.5391   4.177254    35.2666       1574     6.5542  0.000e+00
      4.041    13.5374   4.177287    35.2685       1575     6.5583  0.000e+00
      4.099    13.5366   4.177026    35.2667       1576     6.5625  0.000e+00
      4.154    13.5356   4.177488    35.2720       1577     6.5667  0.000e+00
      4.209    13.5362   4.177454    35.2711       1578     6.5708  0.000e+00
      4.251    13.5374   4.177401    35.2695       1579     6.5750  0.000e+00
      4.306    13.5380   4.177053    35.2656       1580     6.5792  0.000e+00
      4.334    13.5371   4.177254    35.2683       1581     6.5833  0.000e+00
      4.318    13.5366   4.177515    35.2713       1582     6.5875  0.000e+00
      4.245    13.5376   4.177428    35.2695       1583     6.5917  0.000e+00
      4.126    13.5385   4.177227    35.2669       1584     6.5958  0.000e+00
      4.004    13.5378   4.177227    35.2675       1585     6.6000  0.000e+00
      3.873    13.5371   4.177662    35.2723       1586     6.6042  0.000e+00
      3.751    13.5378   4.177628    35.2714       1587     6.6083  0.000e+00
      3.659    13.5391   4.177575    35.2698       1588     6.6125  0.000e+00
      3.595    13.5399   4.177340    35.2669       1589     6.6167  0.000e+00
      3.568    13.5395   4.177287    35.2667       1590     6.6208  0.000e+00
      3.552    13.5389   4.177079    35.2653       1591     6.6250  0.000e+00
      3.534    13.5378   4.177113    35.2667       1592     6.6292  0.000e+00
      3.525    13.5370   4.177227    35.2685       1593     6.6333  0.000e+00
      3.525    13.5371   4.177200    35.2681       1594     6.6375  0.000e+00
      3.525    13.5374   4.177314    35.2689       1595     6.6417  0.000e+00
      3.504    13.5379   4.177514    35.2703       1596     6.6458  0.000e+00
      3.464    13.5389   4.177601    35.2702       1597     6.6500  0.000e+00
      3.436    13.5400   4.177514    35.2685       1598     6.6542  0.000e+00
      3.433    13.5403   4.177575    35.2687       1599     6.6583  0.000e+00
      3.446    13.5409   4.177922    35.2715       1600     6.6625  0.000e+00
      3.455    13.5423   4.178090    35.2717       1601     6.6667  0.000e+00
      3.479    13.5442   4.177802    35.2673       1602     6.6708  0.000e+00
      3.500    13.5441   4.177488    35.2644       1603     6.6750  0.000e+00
      3.534    13.5425   4.177454    35.2655       1604     6.6792  0.000e+00
      3.574    13.5415   4.177427    35.2662       1605     6.6833  0.000e+00
      3.613    13.5408   4.177427    35.2668       1606     6.6875  0.000e+00
      3.647    13.5405   4.177601    35.2688       1607     6.6917  0.000e+00
      3.653    13.5409   4.177889    35.2710       1608     6.6958  0.000e+00
      3.665    13.5424   4.177949    35.2702       1609     6.7000  0.000e+00
      3.662    13.5433   4.178384    35.2735       1610     6.7042  0.000e+00
      3.644    13.5453   4.178411    35.2719       1611     6.7083  0.000e+00
      3.592    13.5471   4.178210    35.2684       1612     6.7125  0.000e+00
      3.494    13.5475   4.178498    35.2707       1613     6.7167  0.000e+00
      3.391    13.5485   4.178498    35.2699       1614     6.7208  0.000e+00
      3.284    13.5493   4.178237    35.2667       1615     6.7250  0.000e+00
      3.165    13.5490   4.177949    35.2643       1616     6.7292  0.000e+00
      3.058    13.5479   4.177748    35.2635       1617     6.7333  0.000e+00
      2.985    13.5461   4.177715    35.2649       1618     6.7375  0.000e+00
      2.942    13.5450   4.177661    35.2655       1619     6.7417  0.000e+00
      2.930    13.5442   4.177574    35.2653       1620     6.7458  0.000e+00
      2.924    13.5438   4.177574    35.2658       1621     6.7500  0.000e+00
      2.927    13.5434   4.177601    35.2664       1622     6.7542  0.000e+00
      2.927    13.5430   4.177601    35.2667       1623     6.7583  0.000e+00
      2.924    13.5429   4.177541    35.2662       1624     6.7625  0.000e+00
      2.911    13.5430   4.177541    35.2662       1625     6.7667  0.000e+00
      2.899    13.5429   4.177487    35.2657       1626     6.7708  0.000e+00
      2.899    13.5427   4.177574    35.2667       1627     6.7750  0.000e+00
      2.869    13.5426   4.177454    35.2657       1628     6.7792  0.000e+00
      2.853    13.5422   4.177514    35.2666       1629     6.7833  0.000e+00
      2.844    13.5421   4.177514    35.2668       1630     6.7875  0.000e+00
      2.841    13.5422   4.177514    35.2667       1631     6.7917  0.000e+00
      2.850    13.5421   4.177574    35.2673       1632     6.7958  0.000e+00
      2.832    13.5424   4.177688    35.2681       1633     6.8000  0.000e+00
      2.811    13.5430   4.177628    35.2670       1634     6.8042  0.000e+00
      2.786    13.5436   4.177601    35.2663       1635     6.8083  0.000e+00
      2.753    13.5435   4.177688    35.2671       1636     6.8125  0.000e+00
      2.734    13.5436   4.177748    35.2676       1637     6.8167  0.000e+00
      2.737    13.5441   4.177835    35.2680       1638     6.8208  0.000e+00
      2.753    13.5448   4.177862    35.2676       1639     6.8250  0.000e+00
      2.789    13.5453   4.177862    35.2671       1640     6.8292  0.000e+00
      2.841    13.5455   4.177949    35.2677       1641     6.8333  0.000e+00
      2.893    13.5457   4.177922    35.2672       1642     6.8375  0.000e+00
      2.914    13.5459   4.177976    35.2676       1643     6.8417  0.000e+00
      2.936    13.5462   4.177802    35.2656       1644     6.8458  0.000e+00
      2.933    13.5457   4.177287    35.2612       1645     6.8500  0.000e+00
      2.841    13.5436   4.177661    35.2668       1646     6.8542  0.000e+00
      2.710    13.5427   4.177889    35.2698       1647     6.8583  0.000e+00
      2.542    13.5436   4.177976    35.2698       1648     6.8625  0.000e+00
      2.396    13.5450   4.177889    35.2678       1649     6.8667  0.000e+00
      2.264    13.5455   4.178036    35.2687       1650     6.8708  0.000e+00
      2.182    13.5463   4.177949    35.2673       1651     6.8750  0.000e+00
