PC2501/sbe044.cnv
* Sea-Bird SBE 19plus Data File:
* FileName = C:\cruise\data\sbe044.hex
* Software Version Seasave V 7.26.7.121
* Temperature SN = 4684
* Conductivity SN = 4684
* System UpLoad Time = Jan 22 2025 22:56:00
* NMEA Latitude = 39 00.69 N
* NMEA Longitude = 074 26.79 W
* NMEA UTC (Time) = Jan 22 2025  22:55:27
** Ship: Pisces
** Cruise:  PC2501
** Program:  AMAPPS
# nquan = 7
# nvalues = 1563                                  
# units = specified
# name 0 = depSM: Depth [salt water, m]
# name 1 = tv290C: Temperature [ITS-90, deg C]
# name 2 = c0S/m: Conductivity [S/m]
# name 3 = sal00: Salinity, Practical [PSU]
# name 4 = scan: Scan Count
# name 5 = timeM: Time, Elapsed [minutes]
# name 6 = flag:  0.000e+00
# span 0 =      0.076,     20.455                 
# span 1 =    -5.0091,     5.5316                 
# span 2 =  -0.000014,   3.235559                 
# span 3 =    -0.0063,    34.2080                 
# span 4 =         11,       1573                 
# span 5 =     0.0417,     6.5500                 
# span 6 = 0.0000e+00, 0.0000e+00                 
# interval = seconds: 0.25
# start_time = Jan 22 2025 22:55:27 [NMEA time, header]
# bad_flag = -9.990e-29
*END*
[from data line 821]
     12.693     5.5267   3.234336    33.1784        832     3.4625  0.000e+00
     12.674     5.5260   3.234475    33.1807        833     3.4667  0.000e+00
     12.641     5.5258   3.234408    33.1801        834     3.4708  0.000e+00
     12.613     5.5257   3.234245    33.1784        835     3.4750  0.000e+00
     12.583     5.5247   3.234596    33.1834        836     3.4792  0.000e+00
     12.549     5.5253   3.234058    33.1767        837     3.4833  0.000e+00
     12.509     5.5242   3.234033    33.1775        838     3.4875  0.000e+00
     12.473     5.5224   3.234124    33.1804        839     3.4917  0.000e+00
     12.452     5.5218   3.234269    33.1825        840     3.4958  0.000e+00
     12.412     5.5225   3.234148    33.1805        841     3.5000  0.000e+00
     12.384     5.5227   3.234058    33.1793        842     3.5042  0.000e+00
     12.357     5.5223   3.234287    33.1823        843     3.5083  0.000e+00
     12.327     5.5223   3.234336    33.1829        844     3.5125  0.000e+00
     12.299     5.5231   3.234311    33.1819        845     3.5167  0.000e+00
     12.275     5.5234   3.234360    33.1821        846     3.5208  0.000e+00
     12.256     5.5235   3.234547    33.1841        847     3.5250  0.000e+00
     12.229     5.5244   3.234571    33.1835        848     3.5292  0.000e+00
     12.195     5.5254   3.234620    33.1831        849     3.5333  0.000e+00
     12.168     5.5262   3.234571    33.1818        850     3.5375  0.000e+00
     12.140     5.5263   3.234595    33.1820        851     3.5417  0.000e+00
     12.119     5.5263   3.234620    33.1822        852     3.5458  0.000e+00
     12.086     5.5265   3.234620    33.1821        853     3.5500  0.000e+00
     12.061     5.5268   3.234686    33.1826        854     3.5542  0.000e+00
     12.037     5.5270   3.234783    33.1835        855     3.5583  0.000e+00
     12.009     5.5276   3.234849    33.1837        856     3.5625  0.000e+00
     11.994     5.5282   3.234221    33.1759        857     3.5667  0.000e+00
     11.970     5.5266   3.233749    33.1722        858     3.5708  0.000e+00
     11.945     5.5229   3.233912    33.1777        859     3.5750  0.000e+00
     11.918     5.5212   3.234245    33.1832        860     3.5792  0.000e+00
     11.890     5.5215   3.234082    33.1810        861     3.5833  0.000e+00
     11.863     5.5218   3.234033    33.1802        862     3.5875  0.000e+00
     11.842     5.5220   3.234009    33.1798        863     3.5917  0.000e+00
     11.811     5.5219   3.234124    33.1812        864     3.5958  0.000e+00
     11.784     5.5223   3.233822    33.1773        865     3.6000  0.000e+00
     11.750     5.5217   3.234100    33.1811        866     3.6042  0.000e+00
     11.744     5.5218   3.233912    33.1788        867     3.6083  0.000e+00
     11.720     5.5216   3.233822    33.1780        868     3.6125  0.000e+00
     11.692     5.5211   3.233937    33.1799        869     3.6167  0.000e+00
     11.665     5.5210   3.233912    33.1797        870     3.6208  0.000e+00
     11.634     5.5210   3.233912    33.1797        871     3.6250  0.000e+00
     11.607     5.5211   3.234009    33.1807        872     3.6292  0.000e+00
     11.576     5.5214   3.234100    33.1815        873     3.6333  0.000e+00
     11.543     5.5219   3.234335    33.1837        874     3.6375  0.000e+00
     11.518     5.5231   3.234269    33.1818        875     3.6417  0.000e+00
     11.491     5.5237   3.234057    33.1788        876     3.6458  0.000e+00
     11.463     5.5232   3.234245    33.1814        877     3.6500  0.000e+00
     11.436     5.5232   3.234432    33.1836        878     3.6542  0.000e+00
     11.409     5.5244   3.234456    33.1826        879     3.6583  0.000e+00
     11.384     5.5253   3.234571    33.1831        880     3.6625  0.000e+00
     11.360     5.5261   3.234595    33.1826        881     3.6667  0.000e+00
     11.311     5.5266   3.234547    33.1816        882     3.6708  0.000e+00
     11.280     5.5269   3.234662    33.1826        883     3.6750  0.000e+00
     11.244     5.5272   3.234849    33.1844        884     3.6792  0.000e+00
     11.213     5.5284   3.234662    33.1811        885     3.6833  0.000e+00
     11.171     5.5286   3.234571    33.1800        886     3.6875  0.000e+00
     11.137     5.5279   3.234523    33.1801        887     3.6917  0.000e+00
     11.107     5.5272   3.234644    33.1822        888     3.6958  0.000e+00
     11.082     5.5273   3.234644    33.1821        889     3.7000  0.000e+00
     11.067     5.5276   3.234686    33.1823        890     3.7042  0.000e+00
     11.036     5.5277   3.234662    33.1819        891     3.7083  0.000e+00
     11.015     5.5278   3.234710    33.1824        892     3.7125  0.000e+00
     10.979     5.5280   3.234831    33.1836        893     3.7167  0.000e+00
     10.945     5.5287   3.234897    33.1837        894     3.7208  0.000e+00
     10.914     5.5296   3.234946    33.1833        895     3.7250  0.000e+00
     10.878     5.5307   3.234970    33.1826        896     3.7292  0.000e+00
     10.844     5.5311   3.234970    33.1822        897     3.7333  0.000e+00
     10.811     5.5313   3.234970    33.1820        898     3.7375  0.000e+00
     10.783     5.5314   3.234970    33.1819        899     3.7417  0.000e+00
     10.747     5.5315   3.234994    33.1821        900     3.7458  0.000e+00
     10.719     5.5316   3.234970    33.1818        901     3.7500  0.000e+00
     10.680     5.5316   3.234970    33.1818        902     3.7542  0.000e+00
     10.646     5.5315   3.234831    33.1803        903     3.7583  0.000e+00
     10.609     5.5308   3.234849    33.1812        904     3.7625  0.000e+00
     10.585     5.5305   3.234994    33.1832        905     3.7667  0.000e+00
     10.548     5.5311   3.234970    33.1824        906     3.7708  0.000e+00
     10.509     5.5316   3.234946    33.1816        907     3.7750  0.000e+00
     10.472     5.5315   3.234897    33.1812        908     3.7792  0.000e+00
     10.439     5.5310   3.234921    33.1819        909     3.7833  0.000e+00
     10.399     5.5308   3.234970    33.1827        910     3.7875  0.000e+00
     10.350     5.5309   3.234921    33.1820        911     3.7917  0.000e+00
     10.311     5.5312   3.234970    33.1824        912     3.7958  0.000e+00
     10.271     5.5311   3.234831    33.1809        913     3.8000  0.000e+00
     10.244     5.5307   3.234710    33.1799        914     3.8042  0.000e+00
     10.207     5.5296   3.234643    33.1802        915     3.8083  0.000e+00
     10.198     5.5289   3.234686    33.1815        916     3.8125  0.000e+00
     10.198     5.5286   3.234710    33.1821        917     3.8167  0.000e+00
     10.198     5.5287   3.234710    33.1819        918     3.8208  0.000e+00
     10.182     5.5287   3.234710    33.1820        919     3.8250  0.000e+00
     10.185     5.5287   3.234710    33.1820        920     3.8292  0.000e+00
     10.173     5.5286   3.234734    33.1823        921     3.8333  0.000e+00
     10.143     5.5288   3.234686    33.1815        922     3.8375  0.000e+00
     10.115     5.5286   3.234710    33.1820        923     3.8417  0.000e+00
     10.082     5.5287   3.234710    33.1820        924     3.8458  0.000e+00
     10.042     5.5289   3.234710    33.1818        925     3.8500  0.000e+00
     10.015     5.5290   3.234710    33.1817        926     3.8542  0.000e+00
      9.984     5.5293   3.234734    33.1818        927     3.8583  0.000e+00
      9.948     5.5295   3.234685    33.1810        928     3.8625  0.000e+00
      9.917     5.5295   3.234734    33.1816        929     3.8667  0.000e+00
      9.899     5.5296   3.234661    33.1806        930     3.8708  0.000e+00
      9.871     5.5301   3.234782    33.1815        931     3.8750  0.000e+00
      9.853     5.5305   3.234782    33.1812        932     3.8792  0.000e+00
      9.829     5.5308   3.234830    33.1814        933     3.8833  0.000e+00
      9.807     5.5308   3.234849    33.1816        934     3.8875  0.000e+00
      9.795     5.5309   3.234758    33.1805        935     3.8917  0.000e+00
      9.780     5.5309   3.234806    33.1810        936     3.8958  0.000e+00
      9.762     5.5311   3.234806    33.1809        937     3.9000  0.000e+00
      9.752     5.5311   3.234734    33.1800        938     3.9042  0.000e+00
      9.737     5.5311   3.234619    33.1788        939     3.9083  0.000e+00
      9.734     5.5305   3.234643    33.1796        940     3.9125  0.000e+00
      9.704     5.5301   3.234734    33.1811        941     3.9167  0.000e+00
      9.688     5.5303   3.234758    33.1811        942     3.9208  0.000e+00
      9.652     5.5304   3.234710    33.1805        943     3.9250  0.000e+00
      9.615     5.5304   3.234710    33.1806        944     3.9292  0.000e+00
      9.569     5.5305   3.234734    33.1807        945     3.9333  0.000e+00
      9.539     5.5305   3.234661    33.1800        946     3.9375  0.000e+00
      9.502     5.5303   3.234311    33.1761        947     3.9417  0.000e+00
      9.460     5.5297   3.234619    33.1803        948     3.9458  0.000e+00
      9.426     5.5293   3.234734    33.1820        949     3.9500  0.000e+00
      9.393     5.5297   3.234709    33.1814        950     3.9542  0.000e+00
      9.371     5.5301   3.234685    33.1807        951     3.9583  0.000e+00
      9.338     5.5298   3.234685    33.1810        952     3.9625  0.000e+00
      9.310     5.5296   3.234734    33.1817        953     3.9667  0.000e+00
      9.289     5.5296   3.234570    33.1799        954     3.9708  0.000e+00
      9.255     5.5293   3.234407    33.1784        955     3.9750  0.000e+00
      9.225     5.5281   3.234359    33.1790        956     3.9792  0.000e+00
      9.182     5.5270   3.234335    33.1798        957     3.9833  0.000e+00
      9.145     5.5265   3.234407    33.1812        958     3.9875  0.000e+00
      9.106     5.5262   3.234431    33.1817        959     3.9917  0.000e+00
      9.075     5.5265   3.234407    33.1812        960     3.9958  0.000e+00
      9.042     5.5267   3.234431    33.1814        961     4.0000  0.000e+00
      9.017     5.5266   3.234431    33.1815        962     4.0042  0.000e+00
      8.962     5.5268   3.234474    33.1817        963     4.0083  0.000e+00
      8.953     5.5271   3.234359    33.1802        964     4.0125  0.000e+00
      8.941     5.5270   3.234431    33.1810        965     4.0167  0.000e+00
      8.929     5.5270   3.234546    33.1824        966     4.0208  0.000e+00
      8.910     5.5275   3.234522    33.1817        967     4.0250  0.000e+00
      8.886     5.5275   3.234619    33.1828        968     4.0292  0.000e+00
      8.862     5.5281   3.234335    33.1789        969     4.0333  0.000e+00
      8.843     5.5276   3.234032    33.1760        970     4.0375  0.000e+00
      8.807     5.5253   3.233893    33.1767        971     4.0417  0.000e+00
      8.776     5.5231   3.233869    33.1786        972     4.0458  0.000e+00
      8.749     5.5224   3.233748    33.1779        973     4.0500  0.000e+00
      8.718     5.5215   3.234335    33.1855        974     4.0542  0.000e+00
      8.694     5.5229   3.234498    33.1860        975     4.0583  0.000e+00
      8.660     5.5252   3.234546    33.1843        976     4.0625  0.000e+00
      8.621     5.5268   3.234619    33.1836        977     4.0667  0.000e+00
      8.599     5.5278   3.234171    33.1775        978     4.0708  0.000e+00
      8.560     5.5270   3.233936    33.1757        979     4.0750  0.000e+00
      8.535     5.5249   3.234032    33.1788        980     4.0792  0.000e+00
      8.520     5.5240   3.233911    33.1784        981     4.0833  0.000e+00
      8.511     5.5233   3.234056    33.1807        982     4.0875  0.000e+00
      8.514     5.5234   3.233936    33.1792        983     4.0917  0.000e+00
      8.499     5.5233   3.233748    33.1772        984     4.0958  0.000e+00
      8.511     5.5227   3.233821    33.1786        985     4.1000  0.000e+00
      8.499     5.5222   3.233682    33.1775        986     4.1042  0.000e+00
      8.493     5.5216   3.233748    33.1788        987     4.1083  0.000e+00
      8.483     5.5213   3.233047    33.1712        988     4.1125  0.000e+00
      8.462     5.5186   3.233047    33.1739        989     4.1167  0.000e+00
      8.422     5.5153   3.233374    33.1809        990     4.1208  0.000e+00
      8.407     5.5154   3.233210    33.1789        991     4.1250  0.000e+00
      8.383     5.5157   3.232787    33.1738        992     4.1292  0.000e+00
      8.364     5.5134   3.232600    33.1740        993     4.1333  0.000e+00
      8.361     5.5107   3.232461    33.1750        994     4.1375  0.000e+00
      8.349     5.5089   3.232600    33.1784        995     4.1417  0.000e+00
      8.343     5.5081   3.232673    33.1800        996     4.1458  0.000e+00
      8.322     5.5085   3.232697    33.1799        997     4.1500  0.000e+00
      8.303     5.5095   3.232437    33.1760        998     4.1542  0.000e+00
      8.297     5.5088   3.232322    33.1754        999     4.1583  0.000e+00
      8.285     5.5075   3.232509    33.1788       1000     4.1625  0.000e+00
      8.264     5.5072   3.232534    33.1794       1001     4.1667  0.000e+00
      8.224     5.5077   3.232648    33.1803       1002     4.1708  0.000e+00
      8.190     5.5082   3.233235    33.1864       1003     4.1750  0.000e+00
      8.154     5.5109   3.233210    33.1835       1004     4.1792  0.000e+00
      8.123     5.5136   3.233162    33.1802       1005     4.1833  0.000e+00
      8.084     5.5136   3.232836    33.1766       1006     4.1875  0.000e+00
      8.056     5.5130   3.233561    33.1855       1007     4.1917  0.000e+00
      8.026     5.5146   3.232975    33.1772       1008     4.1958  0.000e+00
      8.010     5.5149   3.233748    33.1857       1009     4.2000  0.000e+00
      7.986     5.5165   3.233845    33.1853       1010     4.2042  0.000e+00
      7.965     5.5191   3.234099    33.1855       1011     4.2083  0.000e+00
      7.953     5.5210   3.232974    33.1709       1012     4.2125  0.000e+00
      7.928     5.5187   3.233537    33.1796       1013     4.2167  0.000e+00
      7.919     5.5179   3.234008    33.1858       1014     4.2208  0.000e+00
      7.898     5.5202   3.233633    33.1793       1015     4.2250  0.000e+00
      7.885     5.5205   3.233796    33.1808       1016     4.2292  0.000e+00
      7.858     5.5204   3.233960    33.1828       1017     4.2333  0.000e+00
      7.843     5.5212   3.234032    33.1829       1018     4.2375  0.000e+00
      7.824     5.5225   3.233307    33.1733       1019     4.2417  0.000e+00
      7.797     5.5206   3.233536    33.1778       1020     4.2458  0.000e+00
      7.772     5.5190   3.233796    33.1823       1021     4.2500  0.000e+00
      7.763     5.5194   3.232932    33.1721       1022     4.2542  0.000e+00
      7.748     5.5173   3.232835    33.1731       1023     4.2583  0.000e+00
      7.736     5.5143   3.232860    33.1763       1024     4.2625  0.000e+00
      7.714     5.5131   3.233144    33.1808       1025     4.2667  0.000e+00
      7.711     5.5135   3.234334    33.1939       1026     4.2708  0.000e+00
      7.690     5.5184   3.234643    33.1926       1027     4.2750  0.000e+00
      7.684     5.5239   3.234661    33.1874       1028     4.2792  0.000e+00
      7.671     5.5270   3.234709    33.1848       1029     4.2833  0.000e+00
      7.671     5.5287   3.234806    33.1843       1030     4.2875  0.000e+00
      7.653     5.5296   3.234407    33.1789       1031     4.2917  0.000e+00
      7.653     5.5289   3.234781    33.1838       1032     4.2958  0.000e+00
      7.626     5.5293   3.234661    33.1821       1033     4.3000  0.000e+00
      7.601     5.5290   3.233706    33.1715       1034     4.3042  0.000e+00
      7.583     5.5252   3.232436    33.1609       1035     4.3083  0.000e+00
