PC2501/sbe032.cnv
* Sea-Bird SBE 19plus Data File:
* FileName = C:\cruise\data\sbe032.hex
* Software Version Seasave V 7.26.7.121
* Temperature SN = 4684
* Conductivity SN = 4684
* System UpLoad Time = Jan 18 2025 00:54:06
* NMEA Latitude = 36 53.12 N
* NMEA Longitude = 074 09.77 W
* NMEA UTC (Time) = Jan 18 2025  00:53:30
** Ship: Pisces
** Cruise:  PC2501
** Program:  AMAPPS
# nquan = 7
# nvalues = 4625                                  
# units = specified
# name 0 = depSM: Depth [salt water, m]
# name 1 = tv290C: Temperature [ITS-90, deg C]
# name 2 = c0S/m: Conductivity [S/m]
# name 3 = sal00: Salinity, Practical [PSU]
# name 4 = scan: Scan Count
# name 5 = timeM: Time, Elapsed [minutes]
# name 6 = flag:  0.000e+00
# span 0 =      0.159,    200.939                 
# span 1 =    11.5707,    14.9286                 
# span 2 =   0.114597,   4.341829                 
# span 3 =     0.7443,    35.7981                 
# span 4 =         11,       4635                 
# span 5 =     0.0417,    19.3083                 
# span 6 = 0.0000e+00, 0.0000e+00                 
# interval = seconds: 0.25
# start_time = Jan 18 2025 00:53:30 [NMEA time, header]
# bad_flag = -9.990e-29
*END*
[from data line 1847]
    147.635    14.5668   4.283232    35.2522       1858     7.7375  0.000e+00
    147.546    14.5650   4.283327    35.2548       1859     7.7417  0.000e+00
    147.461    14.5639   4.283036    35.2531       1860     7.7458  0.000e+00
    147.382    14.5631   4.282996    35.2536       1861     7.7500  0.000e+00
    147.309    14.5620   4.283056    35.2551       1862     7.7542  0.000e+00
    147.242    14.5618   4.282637    35.2515       1863     7.7583  0.000e+00
    147.175    14.5607   4.281867    35.2454       1864     7.7625  0.000e+00
    147.114    14.5574   4.281150    35.2418       1865     7.7667  0.000e+00
    147.047    14.5523   4.283009    35.2636       1866     7.7708  0.000e+00
    146.992    14.5550   4.282732    35.2586       1867     7.7750  0.000e+00
    146.940    14.5577   4.282881    35.2575       1868     7.7792  0.000e+00
    146.879    14.5584   4.280765    35.2375       1869     7.7833  0.000e+00
    146.821    14.5540   4.282610    35.2585       1870     7.7875  0.000e+00
    146.772    14.5537   4.282468    35.2574       1871     7.7917  0.000e+00
    146.705    14.5549   4.281833    35.2505       1872     7.7958  0.000e+00
    146.638    14.5539   4.277852    35.2148       1873     7.8000  0.000e+00
    146.568    14.5427   4.276630    35.2137       1874     7.8042  0.000e+00
    146.507    14.5280   4.276961    35.2301       1875     7.8083  0.000e+00
    146.431    14.5207   4.276157    35.2294       1876     7.8125  0.000e+00
    146.361    14.5152   4.276056    35.2335       1877     7.8167  0.000e+00
    146.276    14.5114   4.275677    35.2335       1878     7.8208  0.000e+00
    146.200    14.5089   4.276366    35.2422       1879     7.8250  0.000e+00
    146.130    14.5084   4.270990    35.1930       1880     7.8292  0.000e+00
    146.050    14.4952   4.267905    35.1767       1881     7.8333  0.000e+00
    145.968    14.4732   4.266751    35.1860       1882     7.8375  0.000e+00
    145.889    14.4552   4.266839    35.2032       1883     7.8417  0.000e+00
    145.801    14.4458   4.266866    35.2120       1884     7.8458  0.000e+00
    145.706    14.4417   4.266752    35.2147       1885     7.8500  0.000e+00
    145.599    14.4399   4.266245    35.2117       1886     7.8542  0.000e+00
    145.496    14.4375   4.266333    35.2148       1887     7.8583  0.000e+00
    145.395    14.4362   4.266245    35.2152       1888     7.8625  0.000e+00
    145.274    14.4352   4.265921    35.2131       1889     7.8667  0.000e+00
    145.179    14.4341   4.266157    35.2164       1890     7.8708  0.000e+00
    145.066    14.4333   4.266394    35.2193       1891     7.8750  0.000e+00
    144.963    14.4347   4.266333    35.2176       1892     7.8792  0.000e+00
    144.871    14.4351   4.266508    35.2189       1893     7.8833  0.000e+00
    144.783    14.4361   4.266157    35.2147       1894     7.8875  0.000e+00
    144.695    14.4357   4.265901    35.2128       1895     7.8917  0.000e+00
    144.618    14.4343   4.265887    35.2140       1896     7.8958  0.000e+00
    144.554    14.4333   4.265685    35.2130       1897     7.9000  0.000e+00
    144.494    14.4325   4.266009    35.2167       1898     7.9042  0.000e+00
    144.442    14.4324   4.265388    35.2111       1899     7.9083  0.000e+00
    144.387    14.4314   4.266096    35.2186       1900     7.9125  0.000e+00
    144.335    14.4320   4.266009    35.2173       1901     7.9167  0.000e+00
    144.289    14.4329   4.266245    35.2186       1902     7.9208  0.000e+00
    144.232    14.4339   4.266454    35.2197       1903     7.9250  0.000e+00
    144.189    14.4358   4.266602    35.2194       1904     7.9292  0.000e+00
    144.128    14.4366   4.266926    35.2217       1905     7.9333  0.000e+00
    144.070    14.4381   4.267075    35.2216       1906     7.9375  0.000e+00
    144.012    14.4404   4.265502    35.2050       1907     7.9417  0.000e+00
    143.939    14.4366   4.265003    35.2039       1908     7.9458  0.000e+00
    143.869    14.4311   4.262392    35.1848       1909     7.9500  0.000e+00
    143.793    14.4214   4.261002    35.1808       1910     7.9542  0.000e+00
    143.714    14.4099   4.260442    35.1862       1911     7.9583  0.000e+00
    143.647    14.4003   4.258635    35.1782       1912     7.9625  0.000e+00
    143.586    14.3899   4.259107    35.1921       1913     7.9667  0.000e+00
    143.525    14.3846   4.260119    35.2062       1914     7.9708  0.000e+00
    143.464    14.3856   4.259168    35.1966       1915     7.9750  0.000e+00
    143.391    14.3839   4.257097    35.1790       1916     7.9792  0.000e+00
    143.333    14.3768   4.255769    35.1732       1917     7.9833  0.000e+00
    143.275    14.3674   4.255385    35.1783       1918     7.9875  0.000e+00
    143.220    14.3603   4.255945    35.1899       1919     7.9917  0.000e+00
    143.162    14.3579   4.255891    35.1916       1920     7.9958  0.000e+00
    143.110    14.3577   4.255473    35.1880       1921     8.0000  0.000e+00
    143.043    14.3561   4.254306    35.1787       1922     8.0042  0.000e+00
    142.982    14.3517   4.253289    35.1733       1923     8.0083  0.000e+00
    142.922    14.3454   4.253174    35.1780       1924     8.0125  0.000e+00
    142.858    14.3407   4.253794    35.1880       1925     8.0167  0.000e+00
    142.797    14.3409   4.252170    35.1728       1926     8.0208  0.000e+00
    142.736    14.3369   4.250249    35.1587       1927     8.0250  0.000e+00
    142.678    14.3273   4.250040    35.1655       1928     8.0292  0.000e+00
    142.617    14.3200   4.249191    35.1643       1929     8.0333  0.000e+00
    142.562    14.3133   4.248922    35.1679       1930     8.0375  0.000e+00
    142.504    14.3096   4.249751    35.1790       1931     8.0417  0.000e+00
    142.437    14.3091   4.249043    35.1730       1932     8.0458  0.000e+00
    142.379    14.3087   4.248511    35.1684       1933     8.0500  0.000e+00
    142.318    14.3053   4.247507    35.1622       1934     8.0542  0.000e+00
    142.248    14.3008   4.247507    35.1664       1935     8.0583  0.000e+00
    142.187    14.2971   4.248302    35.1771       1936     8.0625  0.000e+00
    142.114    14.2978   4.248154    35.1751       1937     8.0667  0.000e+00
    142.050    14.2997   4.247480    35.1671       1938     8.0708  0.000e+00
    141.977    14.2982   4.248861    35.1814       1939     8.0750  0.000e+00
    141.913    14.2998   4.249158    35.1827       1940     8.0792  0.000e+00
    141.846    14.3035   4.247480    35.1638       1941     8.0833  0.000e+00
    141.776    14.3014   4.248066    35.1711       1942     8.0875  0.000e+00
    141.715    14.2989   4.247830    35.1713       1943     8.0917  0.000e+00
    141.663    14.2978   4.246860    35.1633       1944     8.0958  0.000e+00
    141.608    14.2947   4.246564    35.1634       1945     8.1000  0.000e+00
    141.569    14.2911   4.246362    35.1648       1946     8.1042  0.000e+00
    141.520    14.2884   4.246773    35.1711       1947     8.1083  0.000e+00
    141.477    14.2876   4.246032    35.1650       1948     8.1125  0.000e+00
    141.441    14.2864   4.245621    35.1623       1949     8.1167  0.000e+00
    141.404    14.2831   4.244267    35.1528       1950     8.1208  0.000e+00
    141.365    14.2781   4.245183    35.1659       1951     8.1250  0.000e+00
    141.325    14.2766   4.245183    35.1672       1952     8.1292  0.000e+00
    141.279    14.2771   4.243769    35.1537       1953     8.1333  0.000e+00
    141.221    14.2735   4.243351    35.1531       1954     8.1375  0.000e+00
    141.173    14.2686   4.243237    35.1565       1955     8.1417  0.000e+00
    141.124    14.2656   4.243062    35.1576       1956     8.1458  0.000e+00
    141.054    14.2638   4.243264    35.1612       1957     8.1500  0.000e+00
    140.999    14.2630   4.242503    35.1549       1958     8.1542  0.000e+00
    140.935    14.2609   4.242382    35.1557       1959     8.1583  0.000e+00
    140.868    14.2586   4.241675    35.1513       1960     8.1625  0.000e+00
    140.810    14.2550   4.241203    35.1502       1961     8.1667  0.000e+00
    140.746    14.2514   4.240591    35.1478       1962     8.1708  0.000e+00
    140.682    14.2475   4.240469    35.1503       1963     8.1750  0.000e+00
    140.618    14.2453   4.241500    35.1619       1964     8.1792  0.000e+00
    140.563    14.2463   4.240618    35.1528       1965     8.1833  0.000e+00
    140.512    14.2449   4.241648    35.1637       1966     8.1875  0.000e+00
    140.451    14.2480   4.240914    35.1541       1967     8.1917  0.000e+00
    140.390    14.2478   4.240059    35.1464       1968     8.1958  0.000e+00
    140.329    14.2443   4.240469    35.1533       1969     8.2000  0.000e+00
    140.274    14.2425   4.241648    35.1659       1970     8.2042  0.000e+00
    140.219    14.2460   4.239998    35.1475       1971     8.2083  0.000e+00
    140.149    14.2445   4.239567    35.1449       1972     8.2125  0.000e+00
    140.091    14.2405   4.239029    35.1436       1973     8.2167  0.000e+00
    140.027    14.2363   4.238645    35.1438       1974     8.2208  0.000e+00
    139.972    14.2327   4.238854    35.1490       1975     8.2250  0.000e+00
    139.917    14.2312   4.240267    35.1636       1976     8.2292  0.000e+00
    139.866    14.2343   4.238766    35.1469       1977     8.2333  0.000e+00
    139.820    14.2339   4.238531    35.1451       1978     8.2375  0.000e+00
    139.765    14.2309   4.238773    35.1500       1979     8.2417  0.000e+00
    139.722    14.2303   4.239237    35.1549       1980     8.2458  0.000e+00
    139.686    14.2317   4.237292    35.1356       1981     8.2500  0.000e+00
    139.649    14.2271   4.236148    35.1292       1982     8.2542  0.000e+00
    139.616    14.2194   4.235798    35.1329       1983     8.2583  0.000e+00
    139.576    14.2128   4.235590    35.1370       1984     8.2625  0.000e+00
    139.540    14.2093   4.234883    35.1337       1985     8.2667  0.000e+00
    139.503    14.2054   4.234271    35.1316       1986     8.2708  0.000e+00
    139.457    14.2005   4.234049    35.1340       1987     8.2750  0.000e+00
    139.412    14.1976   4.233800    35.1344       1988     8.2792  0.000e+00
    139.369    14.1953   4.234036    35.1386       1989     8.2833  0.000e+00
    139.317    14.1943   4.233302    35.1328       1990     8.2875  0.000e+00
    139.259    14.1921   4.231540    35.1184       1991     8.2917  0.000e+00
    139.204    14.1860   4.229488    35.1050       1992     8.2958  0.000e+00
    139.137    14.1752   4.231950    35.1377       1993     8.3000  0.000e+00
    139.070    14.1712   4.227962    35.1043       1994     8.3042  0.000e+00
    139.013    14.1614   4.223686    35.0736       1995     8.3083  0.000e+00
    138.942    14.1433   4.223304    35.0865       1996     8.3125  0.000e+00
    138.875    14.1270   4.223687    35.1050       1997     8.3167  0.000e+00
    138.805    14.1202   4.221429    35.0902       1998     8.3208  0.000e+00
    138.738    14.1133   4.224097    35.1213       1999     8.3250  0.000e+00
    138.659    14.1124   4.220992    35.0932       2000     8.3292  0.000e+00
    138.586    14.1083   4.219413    35.0823       2001     8.3333  0.000e+00
    138.519    14.0958   4.218392    35.0842       2002     8.3375  0.000e+00
    138.452    14.0864   4.218305    35.0920       2003     8.3417  0.000e+00
    138.400    14.0801   4.218392    35.0986       2004     8.3458  0.000e+00
    138.357    14.0779   4.218218    35.0990       2005     8.3500  0.000e+00
    138.324    14.0766   4.218218    35.1002       2006     8.3542  0.000e+00
    138.287    14.0758   4.218097    35.0998       2007     8.3583  0.000e+00
    138.269    14.0750   4.217982    35.0995       2008     8.3625  0.000e+00
    138.239    14.0745   4.217922    35.0994       2009     8.3667  0.000e+00
    138.226    14.0738   4.217862    35.0995       2010     8.3708  0.000e+00
    138.205    14.0732   4.217835    35.0998       2011     8.3750  0.000e+00
    138.187    14.0730   4.218130    35.1028       2012     8.3792  0.000e+00
    138.162    14.0734   4.218130    35.1023       2013     8.3833  0.000e+00
    138.126    14.0742   4.218271    35.1030       2014     8.3875  0.000e+00
    138.102    14.0752   4.220932    35.1268       2015     8.3917  0.000e+00
    138.068    14.0826   4.221026    35.1210       2016     8.3958  0.000e+00
    138.019    14.0908   4.219796    35.1021       2017     8.4000  0.000e+00
    137.980    14.0913   4.219998    35.1035       2018     8.4042  0.000e+00
    137.937    14.0895   4.219675    35.1021       2019     8.4083  0.000e+00
    137.894    14.0882   4.219353    35.1004       2020     8.4125  0.000e+00
    137.852    14.0872   4.218889    35.0970       2021     8.4167  0.000e+00
    137.806    14.0841   4.219500    35.1055       2022     8.4208  0.000e+00
    137.763    14.0836   4.218654    35.0981       2023     8.4250  0.000e+00
    137.712    14.0822   4.219238    35.1048       2024     8.4292  0.000e+00
    137.669    14.0818   4.219091    35.1038       2025     8.4333  0.000e+00
    137.623    14.0825   4.218654    35.0992       2026     8.4375  0.000e+00
    137.574    14.0814   4.218540    35.0991       2027     8.4417  0.000e+00
    137.529    14.0797   4.218654    35.1017       2028     8.4458  0.000e+00
    137.471    14.0794   4.218855    35.1039       2029     8.4500  0.000e+00
    137.428    14.0799   4.218627    35.1014       2030     8.4542  0.000e+00
    137.376    14.0795   4.218506    35.1007       2031     8.4583  0.000e+00
    137.331    14.0791   4.219534    35.1106       2032     8.4625  0.000e+00
    137.276    14.0809   4.219064    35.1046       2033     8.4667  0.000e+00
    137.230    14.0827   4.218976    35.1022       2034     8.4708  0.000e+00
    137.187    14.0826   4.218889    35.1014       2035     8.4750  0.000e+00
    137.145    14.0819   4.219823    35.1108       2036     8.4792  0.000e+00
    137.108    14.0840   4.218828    35.0997       2037     8.4833  0.000e+00
    137.075    14.0838   4.219413    35.1053       2038     8.4875  0.000e+00
    137.050    14.0838   4.219561    35.1066       2039     8.4917  0.000e+00
    137.020    14.0851   4.219534    35.1052       2040     8.4958  0.000e+00
    136.999    14.0857   4.219265    35.1022       2041     8.5000  0.000e+00
    136.968    14.0851   4.221838    35.1267       2042     8.5042  0.000e+00
    136.938    14.0911   4.223801    35.1395       2043     8.5083  0.000e+00
    136.913    14.1038   4.220877    35.1008       2044     8.5125  0.000e+00
    136.874    14.1038   4.220057    35.0932       2045     8.5167  0.000e+00
    136.831    14.0972   4.219177    35.0910       2046     8.5208  0.000e+00
    136.791    14.0908   4.219030    35.0954       2047     8.5250  0.000e+00
    136.746    14.0862   4.218244    35.0924       2048     8.5292  0.000e+00
    136.688    14.0815   4.217982    35.0942       2049     8.5333  0.000e+00
    136.630    14.0779   4.217901    35.0968       2050     8.5375  0.000e+00
    136.578    14.0757   4.217807    35.0979       2051     8.5417  0.000e+00
    136.526    14.0742   4.218358    35.1045       2052     8.5458  0.000e+00
    136.468    14.0756   4.220085    35.1192       2053     8.5500  0.000e+00
    136.398    14.0827   4.219970    35.1118       2054     8.5542  0.000e+00
    136.337    14.0870   4.218096    35.0904       2055     8.5583  0.000e+00
    136.270    14.0828   4.218156    35.0949       2056     8.5625  0.000e+00
    136.206    14.0790   4.218129    35.0981       2057     8.5667  0.000e+00
    136.142    14.0772   4.218042    35.0989       2058     8.5708  0.000e+00
    136.075    14.0760   4.217834    35.0981       2059     8.5750  0.000e+00
    136.008    14.0753   4.221610    35.1339       2060     8.5792  0.000e+00
    135.957    14.0840   4.224883    35.1565       2061     8.5833  0.000e+00
