PC2501/sbe049.cnv
* Sea-Bird SBE 19plus Data File:
* FileName = C:\cruise\data\sbe049.hex
* Software Version Seasave V 7.26.7.121
* Temperature SN = 4684
* Conductivity SN = 4684
* System UpLoad Time = Jan 24 2025 03:45:17
* NMEA Latitude = 38 28.90 N
* NMEA Longitude = 071 11.83 W
* NMEA UTC (Time) = Jan 24 2025  03:44:45
** Ship: Pisces
** Cruise:  PC2501
** Program:  AMAPPS
# nquan = 7
# nvalues = 4323                                  
# units = specified
# name 0 = depSM: Depth [salt water, m]
# name 1 = tv290C: Temperature [ITS-90, deg C]
# name 2 = c0S/m: Conductivity [S/m]
# name 3 = sal00: Salinity, Practical [PSU]
# name 4 = scan: Scan Count
# name 5 = timeM: Time, Elapsed [minutes]
# name 6 = flag:  0.000e+00
# span 0 =      0.026,    201.822                 
# span 1 =     4.0688,    15.4114                 
# span 2 =  -0.000115,   4.391240                 
# span 3 =     0.0000,    35.8157                 
# span 4 =         11,       4333                 
# span 5 =     0.0417,    18.0500                 
# span 6 = 0.0000e+00, 0.0000e+00                 
# interval = seconds: 0.25
# start_time = Jan 24 2025 03:44:45 [NMEA time, header]
# bad_flag = -9.990e-29
*END*
[from data line 3898]
     20.961     7.1340   3.330006    32.6833       3909    16.2833  0.000e+00
     20.903     7.1346   3.329859    32.6811       3910    16.2875  0.000e+00
     20.860     7.1344   3.329590    32.6785       3911    16.2917  0.000e+00
     20.824     7.1328   3.329230    32.6760       3912    16.2958  0.000e+00
     20.793     7.1303   3.328936    32.6752       3913    16.3000  0.000e+00
     20.778     7.1280   3.329132    32.6796       3914    16.3042  0.000e+00
     20.766     7.1265   3.329541    32.6854       3915    16.3083  0.000e+00
     20.772     7.1277   3.329615    32.6850       3916    16.3125  0.000e+00
     20.778     7.1296   3.329712    32.6843       3917    16.3167  0.000e+00
     20.778     7.1308   3.329327    32.6790       3918    16.3208  0.000e+00
     20.784     7.1302   3.329156    32.6777       3919    16.3250  0.000e+00
     20.781     7.1285   3.329303    32.6809       3920    16.3292  0.000e+00
     20.766     7.1282   3.329303    32.6812       3921    16.3333  0.000e+00
     20.766     7.1283   3.329664    32.6850       3922    16.3375  0.000e+00
     20.760     7.1295   3.329450    32.6816       3923    16.3417  0.000e+00
     20.750     7.1302   3.329498    32.6815       3924    16.3458  0.000e+00
     20.744     7.1302   3.329474    32.6812       3925    16.3500  0.000e+00
     20.714     7.1299   3.329230    32.6788       3926    16.3542  0.000e+00
     20.686     7.1293   3.329181    32.6789       3927    16.3583  0.000e+00
     20.659     7.1281   3.329009    32.6781       3928    16.3625  0.000e+00
     20.613     7.1268   3.329327    32.6828       3929    16.3667  0.000e+00
     20.571     7.1269   3.329303    32.6825       3930    16.3708  0.000e+00
     20.497     7.1273   3.329254    32.6816       3931    16.3750  0.000e+00
     20.424     7.1276   3.329663    32.6859       3932    16.3792  0.000e+00
     20.342     7.1288   3.329663    32.6848       3933    16.3833  0.000e+00
     20.235     7.1304   3.329883    32.6857       3934    16.3875  0.000e+00
     20.128     7.1319   3.330006    32.6856       3935    16.3917  0.000e+00
     20.031     7.1334   3.330171    32.6861       3936    16.3958  0.000e+00
     19.924     7.1348   3.330171    32.6848       3937    16.4000  0.000e+00
     19.839     7.1357   3.330293    32.6853       3938    16.4042  0.000e+00
     19.753     7.1367   3.330537    32.6871       3939    16.4083  0.000e+00
     19.668     7.1381   3.330611    32.6866       3940    16.4125  0.000e+00
     19.570     7.1394   3.330562    32.6848       3941    16.4167  0.000e+00
     19.503     7.1400   3.330488    32.6835       3942    16.4208  0.000e+00
     19.418     7.1400   3.330562    32.6843       3943    16.4250  0.000e+00
     19.329     7.1401   3.330635    32.6851       3944    16.4292  0.000e+00
     19.256     7.1403   3.330464    32.6831       3945    16.4333  0.000e+00
     19.186     7.1401   3.330170    32.6801       3946    16.4375  0.000e+00
     19.116     7.1387   3.329907    32.6786       3947    16.4417  0.000e+00
     19.055     7.1368   3.329712    32.6783       3948    16.4458  0.000e+00
     19.006     7.1347   3.329614    32.6793       3949    16.4500  0.000e+00
     18.951     7.1332   3.329907    32.6839       3950    16.4542  0.000e+00
     18.890     7.1332   3.329981    32.6847       3951    16.4583  0.000e+00
     18.826     7.1339   3.330127    32.6857       3952    16.4625  0.000e+00
     18.774     7.1350   3.330170    32.6851       3953    16.4667  0.000e+00
     18.707     7.1360   3.330195    32.6845       3954    16.4708  0.000e+00
     18.643     7.1365   3.330195    32.6841       3955    16.4750  0.000e+00
     18.576     7.1369   3.330195    32.6837       3956    16.4792  0.000e+00
     18.515     7.1371   3.329883    32.6801       3957    16.4833  0.000e+00
     18.445     7.1362   3.329565    32.6776       3958    16.4875  0.000e+00
     18.359     7.1341   3.329956    32.6839       3959    16.4917  0.000e+00
     18.283     7.1338   3.330146    32.6863       3960    16.4958  0.000e+00
     18.213     7.1351   3.329663    32.6798       3961    16.5000  0.000e+00
     18.137     7.1345   3.329736    32.6812       3962    16.5042  0.000e+00
     18.085     7.1336   3.329858    32.6834       3963    16.5083  0.000e+00
     18.045     7.1339   3.329858    32.6831       3964    16.5125  0.000e+00
     18.008     7.1339   3.328599    32.6694       3965    16.5167  0.000e+00
     17.987     7.1300   3.328501    32.6720       3966    16.5208  0.000e+00
     17.972     7.1257   3.328428    32.6753       3967    16.5250  0.000e+00
     17.963     7.1230   3.328263    32.6761       3968    16.5292  0.000e+00
     17.969     7.1211   3.328141    32.6766       3969    16.5333  0.000e+00
     17.990     7.1192   3.328239    32.6794       3970    16.5375  0.000e+00
     18.002     7.1186   3.328190    32.6795       3971    16.5417  0.000e+00
     18.048     7.1185   3.328190    32.6795       3972    16.5458  0.000e+00
     18.082     7.1184   3.328214    32.6799       3973    16.5500  0.000e+00
     18.103     7.1184   3.328165    32.6794       3974    16.5542  0.000e+00
     18.118     7.1183   3.328214    32.6800       3975    16.5583  0.000e+00
     18.130     7.1183   3.328214    32.6800       3976    16.5625  0.000e+00
     18.134     7.1185   3.327970    32.6772       3977    16.5667  0.000e+00
     18.118     7.1177   3.327799    32.6760       3978    16.5708  0.000e+00
     18.088     7.1164   3.327750    32.6768       3979    16.5750  0.000e+00
     18.030     7.1152   3.327585    32.6761       3980    16.5792  0.000e+00
     17.963     7.1139   3.327487    32.6763       3981    16.5833  0.000e+00
     17.868     7.1125   3.327585    32.6788       3982    16.5875  0.000e+00
     17.755     7.1120   3.327560    32.6791       3983    16.5917  0.000e+00
     17.597     7.1120   3.327511    32.6786       3984    16.5958  0.000e+00
     17.438     7.1115   3.327413    32.6781       3985    16.6000  0.000e+00
     17.310     7.1111   3.327365    32.6780       3986    16.6042  0.000e+00
     17.164     7.1104   3.327267    32.6777       3987    16.6083  0.000e+00
     17.002     7.1096   3.327120    32.6769       3988    16.6125  0.000e+00
     16.871     7.1085   3.326955    32.6762       3989    16.6167  0.000e+00
     16.733     7.1068   3.326906    32.6773       3990    16.6208  0.000e+00
     16.618     7.1057   3.326931    32.6787       3991    16.6250  0.000e+00
     16.523     7.1052   3.326930    32.6792       3992    16.6292  0.000e+00
     16.438     7.1050   3.326882    32.6789       3993    16.6333  0.000e+00
     16.358     7.1047   3.326906    32.6794       3994    16.6375  0.000e+00
     16.300     7.1047   3.326906    32.6795       3995    16.6417  0.000e+00
     16.242     7.1047   3.326906    32.6795       3996    16.6458  0.000e+00
     16.194     7.1047   3.326833    32.6787       3997    16.6500  0.000e+00
     16.151     7.1045   3.326833    32.6789       3998    16.6542  0.000e+00
     16.111     7.1044   3.326881    32.6796       3999    16.6583  0.000e+00
     16.081     7.1044   3.326906    32.6799       4000    16.6625  0.000e+00
     16.047     7.1046   3.326857    32.6792       4001    16.6667  0.000e+00
     16.017     7.1046   3.326930    32.6800       4002    16.6708  0.000e+00
     15.986     7.1048   3.327004    32.6806       4003    16.6750  0.000e+00
     15.959     7.1053   3.327120    32.6814       4004    16.6792  0.000e+00
     15.928     7.1063   3.327144    32.6807       4005    16.6833  0.000e+00
     15.889     7.1072   3.327101    32.6794       4006    16.6875  0.000e+00
     15.849     7.1076   3.327077    32.6789       4007    16.6917  0.000e+00
     15.809     7.1075   3.327077    32.6790       4008    16.6958  0.000e+00
     15.779     7.1073   3.327052    32.6789       4009    16.7000  0.000e+00
     15.742     7.1072   3.327028    32.6788       4010    16.7042  0.000e+00
     15.709     7.1069   3.327004    32.6787       4011    16.7083  0.000e+00
     15.675     7.1066   3.327004    32.6791       4012    16.7125  0.000e+00
     15.635     7.1065   3.327028    32.6794       4013    16.7167  0.000e+00
     15.596     7.1066   3.327028    32.6794       4014    16.7208  0.000e+00
     15.568     7.1065   3.327004    32.6792       4015    16.7250  0.000e+00
     15.535     7.1065   3.327028    32.6795       4016    16.7292  0.000e+00
     15.501     7.1066   3.327028    32.6795       4017    16.7333  0.000e+00
     15.465     7.1066   3.327052    32.6797       4018    16.7375  0.000e+00
     15.422     7.1066   3.327003    32.6792       4019    16.7417  0.000e+00
     15.382     7.1067   3.327003    32.6791       4020    16.7458  0.000e+00
     15.340     7.1066   3.327003    32.6792       4021    16.7500  0.000e+00
     15.288     7.1064   3.327003    32.6794       4022    16.7542  0.000e+00
     15.236     7.1064   3.326979    32.6792       4023    16.7583  0.000e+00
     15.178     7.1064   3.326954    32.6790       4024    16.7625  0.000e+00
     15.108     7.1063   3.326979    32.6793       4025    16.7667  0.000e+00
     15.044     7.1062   3.326954    32.6792       4026    16.7708  0.000e+00
     14.983     7.1062   3.326857    32.6782       4027    16.7750  0.000e+00
     14.913     7.1057   3.326808    32.6781       4028    16.7792  0.000e+00
     14.855     7.1053   3.326832    32.6788       4029    16.7833  0.000e+00
     14.775     7.1050   3.326808    32.6789       4030    16.7875  0.000e+00
     14.696     7.1047   3.326759    32.6786       4031    16.7917  0.000e+00
     14.614     7.1043   3.326759    32.6791       4032    16.7958  0.000e+00
     14.528     7.1043   3.326832    32.6799       4033    16.8000  0.000e+00
     14.428     7.1046   3.326857    32.6800       4034    16.8042  0.000e+00
     14.333     7.1048   3.326881    32.6801       4035    16.8083  0.000e+00
     14.229     7.1052   3.326856    32.6794       4036    16.8125  0.000e+00
     14.119     7.1053   3.326856    32.6794       4037    16.8167  0.000e+00
     13.991     7.1053   3.326856    32.6795       4038    16.8208  0.000e+00
     13.875     7.1055   3.326930    32.6802       4039    16.8250  0.000e+00
     13.744     7.1058   3.326905    32.6797       4040    16.8292  0.000e+00
     13.619     7.1061   3.326954    32.6800       4041    16.8333  0.000e+00
     13.488     7.1064   3.326930    32.6795       4042    16.8375  0.000e+00
     13.360     7.1066   3.326905    32.6791       4043    16.8417  0.000e+00
     13.244     7.1067   3.326954    32.6796       4044    16.8458  0.000e+00
     13.150     7.1067   3.326881    32.6789       4045    16.8500  0.000e+00
     13.058     7.1065   3.326807    32.6783       4046    16.8542  0.000e+00
     12.991     7.1061   3.326758    32.6782       4047    16.8583  0.000e+00
     12.933     7.1056   3.326807    32.6792       4048    16.8625  0.000e+00
     12.881     7.1056   3.326856    32.6798       4049    16.8667  0.000e+00
     12.848     7.1057   3.326807    32.6792       4050    16.8708  0.000e+00
     12.814     7.1057   3.326783    32.6789       4051    16.8750  0.000e+00
     12.787     7.1055   3.326783    32.6791       4052    16.8792  0.000e+00
     12.777     7.1054   3.326783    32.6792       4053    16.8833  0.000e+00
     12.762     7.1055   3.326783    32.6791       4054    16.8875  0.000e+00
     12.750     7.1055   3.326880    32.6802       4055    16.8917  0.000e+00
     12.747     7.1057   3.326880    32.6800       4056    16.8958  0.000e+00
     12.750     7.1061   3.326880    32.6796       4057    16.9000  0.000e+00
     12.768     7.1063   3.326905    32.6797       4058    16.9042  0.000e+00
     12.787     7.1064   3.326807    32.6785       4059    16.9083  0.000e+00
     12.832     7.1063   3.326783    32.6783       4060    16.9125  0.000e+00
     12.854     7.1060   3.326783    32.6786       4061    16.9167  0.000e+00
     12.875     7.1057   3.326807    32.6791       4062    16.9208  0.000e+00
     12.893     7.1056   3.326880    32.6800       4063    16.9250  0.000e+00
     12.896     7.1058   3.326929    32.6803       4064    16.9292  0.000e+00
     12.906     7.1063   3.326929    32.6799       4065    16.9333  0.000e+00
     12.887     7.1068   3.326978    32.6799       4066    16.9375  0.000e+00
     12.845     7.1072   3.326807    32.6777       4067    16.9417  0.000e+00
     12.781     7.1068   3.326563    32.6755       4068    16.9458  0.000e+00
     12.683     7.1052   3.326544    32.6768       4069    16.9500  0.000e+00
     12.570     7.1039   3.326324    32.6757       4070    16.9542  0.000e+00
     12.442     7.1023   3.326275    32.6768       4071    16.9583  0.000e+00
     12.308     7.1008   3.326275    32.6782       4072    16.9625  0.000e+00
     12.161     7.1002   3.326300    32.6791       4073    16.9667  0.000e+00
     12.021     7.0999   3.326397    32.6806       4074    16.9708  0.000e+00
     11.890     7.1005   3.326495    32.6811       4075    16.9750  0.000e+00
     11.768     7.1013   3.326397    32.6793       4076    16.9792  0.000e+00
     11.624     7.1015   3.326373    32.6789       4077    16.9833  0.000e+00
     11.493     7.1015   3.326636    32.6819       4078    16.9875  0.000e+00
     11.356     7.1024   3.326684    32.6816       4079    16.9917  0.000e+00
     11.231     7.1038   3.326709    32.6806       4080    16.9958  0.000e+00
     11.109     7.1046   3.326544    32.6781       4081    17.0000  0.000e+00
     11.005     7.1043   3.326562    32.6787       4082    17.0042  0.000e+00
     10.898     7.1038   3.326611    32.6797       4083    17.0083  0.000e+00
     10.804     7.1040   3.326586    32.6794       4084    17.0125  0.000e+00
     10.719     7.1040   3.326470    32.6781       4085    17.0167  0.000e+00
     10.645     7.1035   3.326397    32.6778       4086    17.0208  0.000e+00
     10.596     7.1028   3.326397    32.6785       4087    17.0250  0.000e+00
     10.560     7.1024   3.326470    32.6797       4088    17.0292  0.000e+00
     10.545     7.1024   3.326709    32.6823       4089    17.0333  0.000e+00
     10.532     7.1036   3.326782    32.6819       4090    17.0375  0.000e+00
     10.539     7.1051   3.326757    32.6802       4091    17.0417  0.000e+00
     10.548     7.1057   3.326904    32.6813       4092    17.0458  0.000e+00
     10.572     7.1066   3.326953    32.6810       4093    17.0500  0.000e+00
     10.597     7.1074   3.326977    32.6804       4094    17.0542  0.000e+00
     10.627     7.1081   3.327002    32.6800       4095    17.0583  0.000e+00
     10.642     7.1086   3.327051    32.6801       4096    17.0625  0.000e+00
     10.664     7.1089   3.327051    32.6798       4097    17.0667  0.000e+00
     10.694     7.1091   3.327100    32.6801       4098    17.0708  0.000e+00
     10.703     7.1094   3.327142    32.6803       4099    17.0750  0.000e+00
     10.703     7.1099   3.327118    32.6795       4100    17.0792  0.000e+00
     10.685     7.1104   3.327142    32.6794       4101    17.0833  0.000e+00
     10.655     7.1105   3.327142    32.6793       4102    17.0875  0.000e+00
     10.612     7.1104   3.327142    32.6794       4103    17.0917  0.000e+00
     10.545     7.1104   3.327142    32.6795       4104    17.0958  0.000e+00
     10.469     7.1105   3.327142    32.6794       4105    17.1000  0.000e+00
     10.362     7.1106   3.327142    32.6793       4106    17.1042  0.000e+00
     10.264     7.1106   3.327075    32.6787       4107    17.1083  0.000e+00
     10.154     7.1103   3.327075    32.6790       4108    17.1125  0.000e+00
     10.060     7.1103   3.327075    32.6791       4109    17.1167  0.000e+00
      9.974     7.1102   3.327051    32.6789       4110    17.1208  0.000e+00
      9.880     7.1100   3.327026    32.6789       4111    17.1250  0.000e+00
      9.791     7.1097   3.327026    32.6792       4112    17.1292  0.000e+00
