PC2501/sbe037.cnv
* Sea-Bird SBE 19plus Data File:
* FileName = C:\cruise\data\sbe037.hex
* Software Version Seasave V 7.26.7.121
* Temperature SN = 4684
* Conductivity SN = 4684
* System UpLoad Time = Jan 18 2025 22:58:19
* NMEA Latitude = 36 23.70 N
* NMEA Longitude = 074 11.00 W
* NMEA UTC (Time) = Jan 18 2025  22:57:43
** Ship: Pisces
** Cruise:  PC2501
** Program:  AMAPPS
# nquan = 7
# nvalues = 6225                                  
# units = specified
# name 0 = depSM: Depth [salt water, m]
# name 1 = tv290C: Temperature [ITS-90, deg C]
# name 2 = c0S/m: Conductivity [S/m]
# name 3 = sal00: Salinity, Practical [PSU]
# name 4 = scan: Scan Count
# name 5 = timeM: Time, Elapsed [minutes]
# name 6 = flag:  0.000e+00
# span 0 =     -0.003,    200.799                 
# span 1 =    12.5433,    20.7274                 
# span 2 =  -0.238630,   5.043443                 
# span 3 =     0.0000,    36.7343                 
# span 4 =         11,       6235                 
# span 5 =     0.0417,    25.9750                 
# span 6 = 0.0000e+00, 0.0000e+00                 
# interval = seconds: 0.25
# start_time = Jan 18 2025 22:57:43 [NMEA time, header]
# bad_flag = -9.990e-29
*END*
[from data line 2667]
    182.047    13.0841   4.183402    35.6725       2678    11.1542  0.000e+00
    181.995    13.0849   4.183114    35.6691       2679    11.1583  0.000e+00
    181.952    13.0842   4.183087    35.6694       2680    11.1625  0.000e+00
    181.934    13.0834   4.182853    35.6680       2681    11.1667  0.000e+00
    181.925    13.0824   4.182974    35.6700       2682    11.1708  0.000e+00
    181.937    13.0819   4.183087    35.6716       2683    11.1750  0.000e+00
    181.958    13.0823   4.182853    35.6690       2684    11.1792  0.000e+00
    182.004    13.0818   4.182887    35.6698       2685    11.1833  0.000e+00
    182.059    13.0812   4.183054    35.6719       2686    11.1875  0.000e+00
    182.117    13.0818   4.183141    35.6722       2687    11.1917  0.000e+00
    182.181    13.0824   4.183175    35.6718       2688    11.1958  0.000e+00
    182.251    13.0830   4.183027    35.6698       2689    11.2000  0.000e+00
    182.315    13.0828   4.183027    35.6700       2690    11.2042  0.000e+00
    182.370    13.0825   4.183262    35.6725       2691    11.2083  0.000e+00
    182.428    13.0832   4.183054    35.6698       2692    11.2125  0.000e+00
    182.449    13.0830   4.183315    35.6725       2693    11.2167  0.000e+00
    182.470    13.0836   4.183550    35.6742       2694    11.2208  0.000e+00
    182.482    13.0850   4.184333    35.6804       2695    11.2250  0.000e+00
    182.464    13.0885   4.184822    35.6817       2696    11.2292  0.000e+00
    182.443    13.0931   4.185023    35.6794       2697    11.2333  0.000e+00
    182.406    13.0965   4.184621    35.6723       2698    11.2375  0.000e+00
    182.348    13.0968   4.184507    35.6709       2699    11.2417  0.000e+00
    182.284    13.0962   4.184594    35.6724       2700    11.2458  0.000e+00
    182.205    13.0961   4.184855    35.6750       2701    11.2500  0.000e+00
    182.132    13.0970   4.184185    35.6678       2702    11.2542  0.000e+00
    182.059    13.0957   4.185196    35.6787       2703    11.2583  0.000e+00
    181.976    13.0971   4.186442    35.6893       2704    11.2625  0.000e+00
    181.900    13.1040   4.185806    35.6768       2705    11.2667  0.000e+00
    181.833    13.1071   4.186589    35.6814       2706    11.2708  0.000e+00
    181.772    13.1098   4.185919    35.6724       2707    11.2750  0.000e+00
    181.727    13.1098   4.187199    35.6847       2708    11.2792  0.000e+00
    181.690    13.1133   4.187339    35.6828       2709    11.2833  0.000e+00
    181.669    13.1178   4.185979    35.6656       2710    11.2875  0.000e+00
    181.666    13.1145   4.184654    35.6561       2711    11.2917  0.000e+00
    181.675    13.1070   4.186998    35.6855       2712    11.2958  0.000e+00
    181.702    13.1090   4.188793    35.7006       2713    11.3000  0.000e+00
    181.742    13.1202   4.187024    35.6732       2714    11.3042  0.000e+00
    181.787    13.1214   4.189315    35.6939       2715    11.3083  0.000e+00
    181.845    13.1250   4.188243    35.6803       2716    11.3125  0.000e+00
    181.919    13.1286   4.189020    35.6843       2717    11.3167  0.000e+00
    181.973    13.1317   4.190353    35.6940       2718    11.3208  0.000e+00
    182.034    13.1381   4.190266    35.6872       2719    11.3250  0.000e+00
    182.083    13.1424   4.186241    35.6447       2720    11.3292  0.000e+00
    182.117    13.1306   4.184855    35.6426       2721    11.3333  0.000e+00
    182.150    13.1150   4.184935    35.6580       2722    11.3375  0.000e+00
    182.165    13.1058   4.185143    35.6687       2723    11.3417  0.000e+00
    182.156    13.1025   4.185458    35.6748       2724    11.3458  0.000e+00
    182.120    13.1025   4.185839    35.6784       2725    11.3500  0.000e+00
    182.071    13.1043   4.185083    35.6695       2726    11.3542  0.000e+00
    182.013    13.1035   4.184855    35.6681       2727    11.3583  0.000e+00
    181.949    13.1008   4.184620    35.6685       2728    11.3625  0.000e+00
    181.876    13.0985   4.184594    35.6704       2729    11.3667  0.000e+00
    181.793    13.0969   4.184768    35.6736       2730    11.3708  0.000e+00
    181.723    13.0969   4.184935    35.6752       2731    11.3750  0.000e+00
    181.675    13.0979   4.183315    35.6589       2732    11.3792  0.000e+00
    181.617    13.0933   4.182886    35.6591       2733    11.3833  0.000e+00
    181.586    13.0869   4.183228    35.6684       2734    11.3875  0.000e+00
    181.553    13.0846   4.183522    35.6734       2735    11.3917  0.000e+00
    181.531    13.0853   4.183984    35.6771       2736    11.3958  0.000e+00
    181.522    13.0877   4.184473    35.6795       2737    11.4000  0.000e+00
    181.519    13.0912   4.185283    35.6840       2738    11.4042  0.000e+00
    181.519    13.0963   4.185491    35.6812       2739    11.4083  0.000e+00
    181.519    13.1006   4.185431    35.6766       2740    11.4125  0.000e+00
    181.531    13.1025   4.185431    35.6747       2741    11.4167  0.000e+00
    181.553    13.1032   4.185404    35.6739       2742    11.4208  0.000e+00
    181.565    13.1033   4.185457    35.6743       2743    11.4250  0.000e+00
    181.583    13.1034   4.185491    35.6744       2744    11.4292  0.000e+00
    181.595    13.1038   4.185457    35.6738       2745    11.4333  0.000e+00
    181.623    13.1039   4.185866    35.6776       2746    11.4375  0.000e+00
    181.644    13.1053   4.185839    35.6760       2747    11.4417  0.000e+00
    181.665    13.1066   4.185491    35.6715       2748    11.4458  0.000e+00
    181.687    13.1058   4.185343    35.6707       2749    11.4500  0.000e+00
    181.696    13.1043   4.185866    35.6771       2750    11.4542  0.000e+00
    181.681    13.1052   4.185779    35.6755       2751    11.4583  0.000e+00
    181.662    13.1061   4.185866    35.6755       2752    11.4625  0.000e+00
    181.644    13.1068   4.185491    35.6712       2753    11.4667  0.000e+00
    181.604    13.1060   4.185196    35.6692       2754    11.4708  0.000e+00
    181.540    13.1040   4.185605    35.6751       2755    11.4750  0.000e+00
    181.476    13.1041   4.185692    35.6757       2756    11.4792  0.000e+00
    181.428    13.1050   4.185866    35.6766       2757    11.4833  0.000e+00
    181.354    13.1061   4.185919    35.6761       2758    11.4875  0.000e+00
    181.293    13.1072   4.186013    35.6760       2759    11.4917  0.000e+00
    181.229    13.1081   4.185979    35.6749       2760    11.4958  0.000e+00
    181.172    13.1085   4.186013    35.6748       2761    11.5000  0.000e+00
    181.126    13.1088   4.186328    35.6775       2762    11.5042  0.000e+00
    181.083    13.1102   4.187547    35.6879       2763    11.5083  0.000e+00
    181.059    13.1153   4.188122    35.6886       2764    11.5125  0.000e+00
    181.043    13.1214   4.188357    35.6851       2765    11.5167  0.000e+00
    181.022    13.1261   4.188906    35.6859       2766    11.5208  0.000e+00
    181.031    13.1302   4.188645    35.6796       2767    11.5250  0.000e+00
    181.053    13.1321   4.188069    35.6723       2768    11.5292  0.000e+00
    181.065    13.1300   4.188122    35.6748       2769    11.5333  0.000e+00
    181.095    13.1287   4.188819    35.6826       2770    11.5375  0.000e+00
    181.126    13.1307   4.189080    35.6832       2771    11.5417  0.000e+00
    181.162    13.1334   4.187600    35.6666       2772    11.5458  0.000e+00
    181.190    13.1297   4.188069    35.6745       2773    11.5500  0.000e+00
    181.208    13.1276   4.188645    35.6820       2774    11.5542  0.000e+00
    181.223    13.1296   4.188819    35.6817       2775    11.5583  0.000e+00
    181.226    13.1317   4.187513    35.6673       2776    11.5625  0.000e+00
    181.217    13.1286   4.186093    35.6567       2777    11.5667  0.000e+00
    181.199    13.1203   4.188243    35.6850       2778    11.5708  0.000e+00
    181.171    13.1214   4.190125    35.7019       2779    11.5750  0.000e+00
    181.138    13.1321   4.189918    35.6899       2780    11.5792  0.000e+00
    181.086    13.1386   4.187861    35.6642       2781    11.5833  0.000e+00
    181.031    13.1342   4.187426    35.6642       2782    11.5875  0.000e+00
    180.982    13.1278   4.188296    35.6786       2783    11.5917  0.000e+00
    180.931    13.1274   4.190822    35.7030       2784    11.5958  0.000e+00
    180.885    13.1372   4.191432    35.6997       2785    11.6000  0.000e+00
    180.842    13.1474   4.190647    35.6826       2786    11.6042  0.000e+00
    180.806    13.1503   4.190962    35.6829       2787    11.6083  0.000e+00
    180.790    13.1514   4.191719    35.6891       2788    11.6125  0.000e+00
    180.766    13.1545   4.189368    35.6637       2789    11.6167  0.000e+00
    180.748    13.1492   4.186240    35.6390       2790    11.6208  0.000e+00
    180.742    13.1326   4.188497    35.6761       2791    11.6250  0.000e+00
    180.739    13.1280   4.190875    35.7031       2792    11.6292  0.000e+00
    180.742    13.1379   4.193026    35.7142       2793    11.6333  0.000e+00
    180.754    13.1526   4.191518    35.6860       2794    11.6375  0.000e+00
    180.754    13.1579   4.190353    35.6700       2795    11.6417  0.000e+00
    180.760    13.1537   4.188584    35.6570       2796    11.6458  0.000e+00
    180.757    13.1445   4.186153    35.6425       2797    11.6500  0.000e+00
    180.757    13.1285   4.186180    35.6578       2798    11.6542  0.000e+00
    180.754    13.1184   4.186589    35.6712       2799    11.6583  0.000e+00
    180.751    13.1154   4.186702    35.6751       2800    11.6625  0.000e+00
    180.739    13.1148   4.186910    35.6776       2801    11.6667  0.000e+00
    180.742    13.1156   4.186997    35.6778       2802    11.6708  0.000e+00
    180.723    13.1166   4.187165    35.6784       2803    11.6750  0.000e+00
    180.717    13.1177   4.187024    35.6761       2804    11.6792  0.000e+00
    180.708    13.1182   4.187138    35.6766       2805    11.6833  0.000e+00
    180.699    13.1183   4.186589    35.6713       2806    11.6875  0.000e+00
    180.675    13.1167   4.186475    35.6717       2807    11.6917  0.000e+00
    180.650    13.1150   4.186240    35.6711       2808    11.6958  0.000e+00
    180.629    13.1134   4.187600    35.6856       2809    11.7000  0.000e+00
    180.589    13.1168   4.187895    35.6852       2810    11.7042  0.000e+00
    180.553    13.1214   4.188095    35.6829       2811    11.7083  0.000e+00
    180.504    13.1244   4.188095    35.6800       2812    11.7125  0.000e+00
    180.458    13.1263   4.188269    35.6800       2813    11.7167  0.000e+00
    180.406    13.1277   4.187981    35.6759       2814    11.7208  0.000e+00
    180.351    13.1274   4.187894    35.6753       2815    11.7250  0.000e+00
    180.294    13.1267   4.188444    35.6813       2816    11.7292  0.000e+00
    180.245    13.1280   4.188732    35.6829       2817    11.7333  0.000e+00
    180.205    13.1307   4.188644    35.6795       2818    11.7375  0.000e+00
    180.159    13.1320   4.189455    35.6860       2819    11.7417  0.000e+00
    180.117    13.1351   4.190152    35.6898       2820    11.7458  0.000e+00
    180.080    13.1400   4.190178    35.6854       2821    11.7500  0.000e+00
    180.053    13.1439   4.190299    35.6829       2822    11.7542  0.000e+00
    180.025    13.1457   4.190620    35.6843       2823    11.7583  0.000e+00
    180.004    13.1480   4.190848    35.6843       2824    11.7625  0.000e+00
    179.989    13.1500   4.191344    35.6871       2825    11.7667  0.000e+00
    179.983    13.1530   4.191310    35.6840       2826    11.7708  0.000e+00
    179.995    13.1550   4.191371    35.6827       2827    11.7750  0.000e+00
    180.013    13.1559   4.192443    35.6921       2828    11.7792  0.000e+00
    180.034    13.1601   4.193602    35.6992       2829    11.7833  0.000e+00
    180.074    13.1677   4.192590    35.6824       2830    11.7875  0.000e+00
    180.117    13.1688   4.189749    35.6543       2831    11.7917  0.000e+00
    180.178    13.1587   4.189542    35.6617       2832    11.7958  0.000e+00
    180.229    13.1492   4.190527    35.6800       2833    11.8000  0.000e+00
    180.296    13.1473   4.190440    35.6809       2834    11.8042  0.000e+00
    180.336    13.1481   4.191398    35.6893       2835    11.8083  0.000e+00
    180.391    13.1515   4.191632    35.6883       2836    11.8125  0.000e+00
    180.424    13.1553   4.191746    35.6858       2837    11.8167  0.000e+00
    180.437    13.1578   4.191371    35.6799       2838    11.8208  0.000e+00
    180.440    13.1578   4.191257    35.6788       2839    11.8250  0.000e+00
    180.427    13.1567   4.191170    35.6790       2840    11.8292  0.000e+00
    180.394    13.1559   4.192007    35.6877       2841    11.8333  0.000e+00
    180.333    13.1579   4.192966    35.6950       2842    11.8375  0.000e+00
    180.263    13.1637   4.193776    35.6973       2843    11.8417  0.000e+00
    180.162    13.1706   4.194359    35.6964       2844    11.8458  0.000e+00
    180.068    13.1766   4.194299    35.6902       2845    11.8500  0.000e+00
    179.979    13.1803   4.195291    35.6962       2846    11.8542  0.000e+00
    179.906    13.1852   4.196739    35.7055       2847    11.8583  0.000e+00
    179.827    13.1935   4.197436    35.7043       2848    11.8625  0.000e+00
    179.748    13.2018   4.196276    35.6856       2849    11.8667  0.000e+00
    179.681    13.2030   4.196249    35.6842       2850    11.8708  0.000e+00
    179.635    13.2013   4.196450    35.6877       2851    11.8750  0.000e+00
    179.589    13.2012   4.196390    35.6873       2852    11.8792  0.000e+00
    179.559    13.2012   4.195813    35.6818       2853    11.8833  0.000e+00
    179.534    13.1992   4.195431    35.6801       2854    11.8875  0.000e+00
    179.541    13.1965   4.195344    35.6817       2855    11.8917  0.000e+00
    179.556    13.1940   4.194680    35.6778       2856    11.8958  0.000e+00
    179.589    13.1904   4.194184    35.6764       2857    11.9000  0.000e+00
    179.632    13.1863   4.193950    35.6780       2858    11.9042  0.000e+00
    179.699    13.1828   4.194071    35.6825       2859    11.9083  0.000e+00
    179.763    13.1811   4.194419    35.6873       2860    11.9125  0.000e+00
    179.824    13.1819   4.194734    35.6895       2861    11.9167  0.000e+00
    179.897    13.1840   4.194473    35.6850       2862    11.9208  0.000e+00
    179.949    13.1839   4.192268    35.6641       2863    11.9250  0.000e+00
    180.007    13.1767   4.191545    35.6639       2864    11.9292  0.000e+00
    180.046    13.1677   4.193863    35.6945       2865    11.9333  0.000e+00
    180.068    13.1694   4.192034    35.6754       2866    11.9375  0.000e+00
    180.080    13.1688   4.190647    35.6628       2867    11.9417  0.000e+00
    180.062    13.1605   4.191257    35.6764       2868    11.9458  0.000e+00
    180.037    13.1566   4.192034    35.6875       2869    11.9500  0.000e+00
    179.991    13.1583   4.193488    35.6998       2870    11.9542  0.000e+00
    179.921    13.1665   4.193689    35.6940       2871    11.9583  0.000e+00
    179.842    13.1709   4.193923    35.6922       2872    11.9625  0.000e+00
    179.748    13.1754   4.193776    35.6866       2873    11.9667  0.000e+00
    179.662    13.1772   4.192617    35.6738       2874    11.9708  0.000e+00
    179.577    13.1733   4.192791    35.6792       2875    11.9750  0.000e+00
    179.498    13.1707   4.193112    35.6848       2876    11.9792  0.000e+00
    179.409    13.1714   4.195291    35.7049       2877    11.9833  0.000e+00
    179.327    13.1794   4.194681    35.6916       2878    11.9875  0.000e+00
    179.242    13.1833   4.194680    35.6880       2879    11.9917  0.000e+00
    179.184    13.1853   4.196799    35.7063       2880    11.9958  0.000e+00
    179.132    13.1930   4.197757    35.7082       2881    12.0000  0.000e+00
