PC2501/sbe076.cnv
* Sea-Bird SBE 19plus Data File:
* FileName = C:\cruise\data\sbe076.hex
* Software Version Seasave V 7.26.7.121
* Temperature SN = 4684
* Conductivity SN = 4684
* System UpLoad Time = Feb 09 2025 10:48:12
* NMEA Latitude = 38 32.51 N
* NMEA Longitude = 074 25.61 W
* NMEA UTC (Time) = Feb 09 2025  10:47:50
** Ship: Pisces
** Cruise:  PC2501
** Program:  AMAPPS
# nquan = 7
# nvalues = 1395                                  
# units = specified
# name 0 = depSM: Depth [salt water, m]
# name 1 = tv290C: Temperature [ITS-90, deg C]
# name 2 = c0S/m: Conductivity [S/m]
# name 3 = sal00: Salinity, Practical [PSU]
# name 4 = scan: Scan Count
# name 5 = timeM: Time, Elapsed [minutes]
# name 6 = flag:  0.000e+00
# span 0 =     -0.044,     43.052                 
# span 1 =     6.0072,     7.5711                 
# span 2 =  -0.067996,   3.467850                 
# span 3 =     0.0000,    33.7703                 
# span 4 =         11,       1405                 
# span 5 =     0.0417,     5.8500                 
# span 6 = 0.0000e+00, 0.0000e+00                 
# interval = seconds: 0.25
# start_time = Feb 09 2025 10:47:50 [NMEA time, header]
# bad_flag = -9.990e-29
*END*
[from data line 821]
     21.342     7.4790   3.456654    33.7275        832     3.4625  0.000e+00
     21.297     7.4790   3.456679    33.7278        833     3.4667  0.000e+00
     21.260     7.4795   3.456598    33.7265        834     3.4708  0.000e+00
     21.223     7.4797   3.456580    33.7261        835     3.4750  0.000e+00
     21.181     7.4796   3.456933    33.7300        836     3.4792  0.000e+00
     21.138     7.4806   3.456983    33.7296        837     3.4833  0.000e+00
     21.101     7.4818   3.456455    33.7227        838     3.4875  0.000e+00
     21.059     7.4808   3.456759    33.7271        839     3.4917  0.000e+00
     21.010     7.4805   3.456759    33.7274        840     3.4958  0.000e+00
     20.958     7.4807   3.456697    33.7265        841     3.5000  0.000e+00
     20.897     7.4808   3.456784    33.7274        842     3.5042  0.000e+00
     20.842     7.4810   3.456703    33.7263        843     3.5083  0.000e+00
     20.790     7.4811   3.456703    33.7263        844     3.5125  0.000e+00
     20.739     7.4808   3.456797    33.7276        845     3.5167  0.000e+00
     20.684     7.4810   3.456834    33.7278        846     3.5208  0.000e+00
     20.638     7.4816   3.456809    33.7269        847     3.5250  0.000e+00
     20.589     7.4814   3.455444    33.7124        848     3.5292  0.000e+00
     20.550     7.4777   3.456021    33.7223        849     3.5333  0.000e+00
     20.510     7.4750   3.456275    33.7277        850     3.5375  0.000e+00
     20.489     7.4752   3.455804    33.7223        851     3.5417  0.000e+00
     20.452     7.4748   3.456406    33.7293        852     3.5458  0.000e+00
     20.425     7.4749   3.456908    33.7347        853     3.5500  0.000e+00
     20.406     7.4782   3.456406    33.7260        854     3.5542  0.000e+00
     20.382     7.4793   3.456722    33.7284        855     3.5583  0.000e+00
     20.373     7.4796   3.456982    33.7309        856     3.5625  0.000e+00
     20.357     7.4812   3.456784    33.7272        857     3.5667  0.000e+00
     20.342     7.4818   3.456772    33.7266        858     3.5708  0.000e+00
     20.333     7.4817   3.456784    33.7268        859     3.5750  0.000e+00
     20.324     7.4816   3.456703    33.7259        860     3.5792  0.000e+00
     20.309     7.4813   3.456759    33.7269        861     3.5833  0.000e+00
     20.303     7.4814   3.456647    33.7256        862     3.5875  0.000e+00
     20.290     7.4811   3.456480    33.7241        863     3.5917  0.000e+00
     20.287     7.4802   3.456480    33.7250        864     3.5958  0.000e+00
     20.266     7.4796   3.456145    33.7219        865     3.6000  0.000e+00
     20.245     7.4784   3.455494    33.7161        866     3.6042  0.000e+00
     20.220     7.4748   3.455872    33.7236        867     3.6083  0.000e+00
     20.187     7.4735   3.455420    33.7201        868     3.6125  0.000e+00
     20.156     7.4715   3.454911    33.7165        869     3.6167  0.000e+00
     20.116     7.4687   3.454961    33.7198        870     3.6208  0.000e+00
     20.080     7.4666   3.454601    33.7179        871     3.6250  0.000e+00
     20.037     7.4644   3.454688    33.7210        872     3.6292  0.000e+00
     19.998     7.4633   3.455444    33.7303        873     3.6333  0.000e+00
     19.961     7.4652   3.455519    33.7293        874     3.6375  0.000e+00
     19.921     7.4678   3.455661    33.7283        875     3.6417  0.000e+00
     19.888     7.4697   3.455699    33.7269        876     3.6458  0.000e+00
     19.845     7.4710   3.455748    33.7262        877     3.6500  0.000e+00
     19.799     7.4716   3.455537    33.7234        878     3.6542  0.000e+00
     19.744     7.4716   3.455568    33.7237        879     3.6583  0.000e+00
     19.680     7.4713   3.454985    33.7177        880     3.6625  0.000e+00
     19.610     7.4695   3.454557    33.7149        881     3.6667  0.000e+00
     19.528     7.4664   3.454309    33.7152        882     3.6708  0.000e+00
     19.452     7.4632   3.454080    33.7159        883     3.6750  0.000e+00
     19.385     7.4605   3.454080    33.7185        884     3.6792  0.000e+00
     19.302     7.4588   3.454309    33.7227        885     3.6833  0.000e+00
     19.229     7.4587   3.454278    33.7225        886     3.6875  0.000e+00
     19.153     7.4592   3.454179    33.7210        887     3.6917  0.000e+00
     19.101     7.4590   3.454328    33.7228        888     3.6958  0.000e+00
     19.062     7.4592   3.454191    33.7212        889     3.7000  0.000e+00
     19.043     7.4593   3.454359    33.7229        890     3.7042  0.000e+00
     19.028     7.4596   3.454408    33.7231        891     3.7083  0.000e+00
     19.025     7.4601   3.454018    33.7185        892     3.7125  0.000e+00
     19.040     7.4591   3.454005    33.7193        893     3.7167  0.000e+00
     19.052     7.4580   3.453900    33.7192        894     3.7208  0.000e+00
     19.071     7.4570   3.453801    33.7190        895     3.7250  0.000e+00
     19.089     7.4562   3.453733    33.7191        896     3.7292  0.000e+00
     19.101     7.4554   3.453801    33.7206        897     3.7333  0.000e+00
     19.125     7.4552   3.453851    33.7213        898     3.7375  0.000e+00
     19.132     7.4553   3.453851    33.7212        899     3.7417  0.000e+00
     19.135     7.4554   3.453875    33.7214        900     3.7458  0.000e+00
     19.141     7.4555   3.454130    33.7241        901     3.7500  0.000e+00
     19.129     7.4564   3.454055    33.7224        902     3.7542  0.000e+00
     19.113     7.4568   3.453826    33.7195        903     3.7583  0.000e+00
     19.089     7.4564   3.453423    33.7156        904     3.7625  0.000e+00
     19.058     7.4545   3.453497    33.7182        905     3.7667  0.000e+00
     19.031     7.4532   3.453652    33.7212        906     3.7708  0.000e+00
     19.003     7.4531   3.453776    33.7226        907     3.7750  0.000e+00
     18.961     7.4538   3.454179    33.7263        908     3.7792  0.000e+00
     18.912     7.4557   3.453974    33.7223        909     3.7833  0.000e+00
     18.848     7.4565   3.453925    33.7210        910     3.7875  0.000e+00
     18.790     7.4566   3.454359    33.7256        911     3.7917  0.000e+00
     18.729     7.4577   3.454105    33.7219        912     3.7958  0.000e+00
     18.656     7.4583   3.454005    33.7202        913     3.8000  0.000e+00
     18.595     7.4576   3.453968    33.7205        914     3.8042  0.000e+00
     18.534     7.4572   3.453900    33.7202        915     3.8083  0.000e+00
     18.479     7.4569   3.453925    33.7208        916     3.8125  0.000e+00
     18.436     7.4567   3.453949    33.7213        917     3.8167  0.000e+00
     18.397     7.4567   3.454154    33.7235        918     3.8208  0.000e+00
     18.369     7.4574   3.454179    33.7231        919     3.8250  0.000e+00
     18.336     7.4583   3.454253    33.7231        920     3.8292  0.000e+00
     18.314     7.4587   3.454309    33.7233        921     3.8333  0.000e+00
     18.287     7.4594   3.454179    33.7212        922     3.8375  0.000e+00
     18.266     7.4594   3.454204    33.7215        923     3.8417  0.000e+00
     18.247     7.4592   3.454204    33.7217        924     3.8458  0.000e+00
     18.229     7.4592   3.454235    33.7221        925     3.8500  0.000e+00
     18.208     7.4592   3.454080    33.7204        926     3.8542  0.000e+00
     18.189     7.4589   3.454104    33.7210        927     3.8583  0.000e+00
     18.168     7.4587   3.454284    33.7231        928     3.8625  0.000e+00
     18.153     7.4590   3.454303    33.7230        929     3.8667  0.000e+00
     18.125     7.4597   3.454005    33.7191        930     3.8708  0.000e+00
     18.095     7.4588   3.453397    33.7134        931     3.8750  0.000e+00
     18.083     7.4559   3.453515    33.7175        932     3.8792  0.000e+00
     18.070     7.4540   3.453546    33.7197        933     3.8833  0.000e+00
     18.052     7.4535   3.453850    33.7235        934     3.8875  0.000e+00
     18.049     7.4543   3.453633    33.7203        935     3.8917  0.000e+00
     18.043     7.4547   3.453652    33.7202        936     3.8958  0.000e+00
     18.028     7.4547   3.453701    33.7208        937     3.9000  0.000e+00
     18.019     7.4548   3.453422    33.7176        938     3.9042  0.000e+00
     18.003     7.4542   3.454042    33.7250        939     3.9083  0.000e+00
     17.982     7.4550   3.454303    33.7269        940     3.9125  0.000e+00
     17.949     7.4572   3.453143    33.7123        941     3.9167  0.000e+00
     17.909     7.4553   3.453732    33.7206        942     3.9208  0.000e+00
     17.860     7.4539   3.455264    33.7386        943     3.9250  0.000e+00
     17.808     7.4601   3.454507    33.7243        944     3.9292  0.000e+00
     17.759     7.4626   3.454303    33.7197        945     3.9333  0.000e+00
     17.689     7.4620   3.454092    33.7180        946     3.9375  0.000e+00
     17.640     7.4601   3.453596    33.7146        947     3.9417  0.000e+00
     17.580     7.4577   3.453924    33.7204        948     3.9458  0.000e+00
     17.540     7.4567   3.454253    33.7250        949     3.9500  0.000e+00
     17.494     7.4582   3.453993    33.7208        950     3.9542  0.000e+00
     17.470     7.4583   3.453372    33.7140        951     3.9583  0.000e+00
     17.439     7.4558   3.454532    33.7290        952     3.9625  0.000e+00
     17.418     7.4572   3.454476    33.7270        953     3.9667  0.000e+00
     17.403     7.4597   3.454433    33.7241        954     3.9708  0.000e+00
     17.387     7.4609   3.454482    33.7234        955     3.9750  0.000e+00
     17.378     7.4616   3.454458    33.7226        956     3.9792  0.000e+00
     17.372     7.4618   3.454284    33.7205        957     3.9833  0.000e+00
     17.372     7.4613   3.454408    33.7223        958     3.9875  0.000e+00
     17.375     7.4612   3.454383    33.7222        959     3.9917  0.000e+00
     17.390     7.4611   3.454259    33.7209        960     3.9958  0.000e+00
     17.397     7.4608   3.454303    33.7216        961     4.0000  0.000e+00
     17.403     7.4604   3.454253    33.7214        962     4.0042  0.000e+00
     17.393     7.4602   3.454203    33.7211        963     4.0083  0.000e+00
     17.390     7.4600   3.454259    33.7219        964     4.0125  0.000e+00
     17.390     7.4600   3.454408    33.7236        965     4.0167  0.000e+00
     17.375     7.4603   3.454278    33.7218        966     4.0208  0.000e+00
     17.357     7.4604   3.454209    33.7210        967     4.0250  0.000e+00
     17.320     7.4601   3.454458    33.7240        968     4.0292  0.000e+00
     17.290     7.4607   3.455164    33.7312        969     4.0333  0.000e+00
     17.250     7.4641   3.454507    33.7207        970     4.0375  0.000e+00
     17.198     7.4641   3.454619    33.7220        971     4.0417  0.000e+00
     17.156     7.4634   3.454736    33.7239        972     4.0458  0.000e+00
     17.079     7.4639   3.454408    33.7199        973     4.0500  0.000e+00
     17.012     7.4634   3.453546    33.7110        974     4.0542  0.000e+00
     16.927     7.4598   3.453949    33.7190        975     4.0583  0.000e+00
     16.845     7.4578   3.452994    33.7106        976     4.0625  0.000e+00
     16.781     7.4552   3.453397    33.7176        977     4.0667  0.000e+00
     16.713     7.4524   3.452690    33.7127        978     4.0708  0.000e+00
     16.671     7.4496   3.452182    33.7098        979     4.0750  0.000e+00
     16.631     7.4460   3.452033    33.7118        980     4.0792  0.000e+00
     16.616     7.4422   3.452690    33.7226        981     4.0833  0.000e+00
     16.607     7.4432   3.452622    33.7209        982     4.0875  0.000e+00
     16.594     7.4443   3.453044    33.7244        983     4.0917  0.000e+00
     16.598     7.4461   3.453019    33.7224        984     4.0958  0.000e+00
     16.607     7.4475   3.453875    33.7303        985     4.1000  0.000e+00
     16.613     7.4513   3.453949    33.7275        986     4.1042  0.000e+00
     16.610     7.4547   3.453750    33.7219        987     4.1083  0.000e+00
     16.610     7.4558   3.454116    33.7249        988     4.1125  0.000e+00
     16.613     7.4573   3.454457    33.7271        989     4.1167  0.000e+00
     16.610     7.4594   3.454302    33.7233        990     4.1208  0.000e+00
     16.594     7.4604   3.454482    33.7243        991     4.1250  0.000e+00
     16.573     7.4612   3.454451    33.7232        992     4.1292  0.000e+00
     16.564     7.4619   3.454581    33.7239        993     4.1333  0.000e+00
     16.540     7.4623   3.453701    33.7140        994     4.1375  0.000e+00
     16.512     7.4599   3.453732    33.7167        995     4.1417  0.000e+00
     16.485     7.4577   3.453974    33.7216        996     4.1458  0.000e+00
     16.454     7.4572   3.453726    33.7193        997     4.1500  0.000e+00
     16.408     7.4568   3.453701    33.7195        998     4.1542  0.000e+00
     16.369     7.4562   3.453967    33.7230        999     4.1583  0.000e+00
     16.323     7.4564   3.454153    33.7248       1000     4.1625  0.000e+00
     16.280     7.4576   3.454129    33.7234       1001     4.1667  0.000e+00
     16.232     7.4588   3.453750    33.7182       1002     4.1708  0.000e+00
     16.180     7.4578   3.453608    33.7176       1003     4.1750  0.000e+00
     16.143     7.4563   3.453800    33.7211       1004     4.1792  0.000e+00
     16.119     7.4560   3.453924    33.7228       1005     4.1833  0.000e+00
     16.088     7.4566   3.453775    33.7206       1006     4.1875  0.000e+00
     16.064     7.4568   3.453775    33.7205       1007     4.1917  0.000e+00
     16.040     7.4563   3.453620    33.7192       1008     4.1958  0.000e+00
     16.015     7.4558   3.453570    33.7193       1009     4.2000  0.000e+00
     15.985     7.4551   3.453366    33.7177       1010     4.2042  0.000e+00
     15.948     7.4542   3.453620    33.7214       1011     4.2083  0.000e+00
     15.911     7.4541   3.453651    33.7218       1012     4.2125  0.000e+00
     15.887     7.4547   3.454116    33.7263       1013     4.2167  0.000e+00
     15.844     7.4565   3.454004    33.7233       1014     4.2208  0.000e+00
     15.814     7.4577   3.454004    33.7222       1015     4.2250  0.000e+00
     15.783     7.4582   3.453874    33.7203       1016     4.2292  0.000e+00
     15.756     7.4579   3.453949    33.7214       1017     4.2333  0.000e+00
     15.732     7.4578   3.453924    33.7213       1018     4.2375  0.000e+00
     15.713     7.4577   3.454029    33.7225       1019     4.2417  0.000e+00
     15.698     7.4580   3.453992    33.7218       1020     4.2458  0.000e+00
     15.695     7.4582   3.453924    33.7209       1021     4.2500  0.000e+00
     15.689     7.4580   3.453924    33.7211       1022     4.2542  0.000e+00
     15.680     7.4578   3.453775    33.7197       1023     4.2583  0.000e+00
     15.661     7.4572   3.453775    33.7202       1024     4.2625  0.000e+00
     15.634     7.4565   3.453570    33.7187       1025     4.2667  0.000e+00
     15.606     7.4558   3.453570    33.7194       1026     4.2708  0.000e+00
     15.576     7.4553   3.453676    33.7211       1027     4.2750  0.000e+00
     15.536     7.4550   3.453632    33.7209       1028     4.2792  0.000e+00
     15.488     7.4552   3.453651    33.7209       1029     4.2833  0.000e+00
     15.445     7.4552   3.453620    33.7206       1030     4.2875  0.000e+00
     15.387     7.4552   3.453514    33.7195       1031     4.2917  0.000e+00
     15.338     7.4547   3.453545    33.7203       1032     4.2958  0.000e+00
     15.302     7.4545   3.453824    33.7236       1033     4.3000  0.000e+00
     15.262     7.4552   3.453595    33.7205       1034     4.3042  0.000e+00
     15.225     7.4554   3.453657    33.7210       1035     4.3083  0.000e+00
