PC2501/sbe034.cnv
* Sea-Bird SBE 19plus Data File:
* FileName = C:\cruise\data\sbe034.hex
* Software Version Seasave V 7.26.7.121
* Temperature SN = 4684
* Conductivity SN = 4684
* System UpLoad Time = Jan 18 2025 05:04:53
* NMEA Latitude = 36 59.24 N
* NMEA Longitude = 074 17.47 W
* NMEA UTC (Time) = Jan 18 2025  05:04:18
** Ship: Pisces
** Cruise:  PC2501
** Program:  AMAPPS
# nquan = 7
# nvalues = 2246                                  
# units = specified
# name 0 = depSM: Depth [salt water, m]
# name 1 = tv290C: Temperature [ITS-90, deg C]
# name 2 = c0S/m: Conductivity [S/m]
# name 3 = sal00: Salinity, Practical [PSU]
# name 4 = scan: Scan Count
# name 5 = timeM: Time, Elapsed [minutes]
# name 6 = flag:  0.000e+00
# span 0 =      0.125,     50.851                 
# span 1 =     7.3784,    14.3947                 
# span 2 =   0.000024,   4.268279                 
# span 3 =     0.0035,    35.9971                 
# span 4 =         11,       2256                 
# span 5 =     0.0417,     9.3958                 
# span 6 = 0.0000e+00, 0.0000e+00                 
# interval = seconds: 0.25
# start_time = Jan 18 2025 05:04:18 [NMEA time, header]
# bad_flag = -9.990e-29
*END*
[from data line 206]
     22.380    14.3837   4.265278    35.3054        217     0.9000  0.000e+00
     22.484    14.3832   4.265068    35.3039        218     0.9042  0.000e+00
     22.594    14.3817   4.264805    35.3027        219     0.9083  0.000e+00
     22.701    14.3800   4.264711    35.3034        220     0.9125  0.000e+00
     22.804    14.3785   4.264772    35.3053        221     0.9167  0.000e+00
     22.905    14.3779   4.264893    35.3070        222     0.9208  0.000e+00
     23.006    14.3781   4.265082    35.3084        223     0.9250  0.000e+00
     23.109    14.3789   4.265575    35.3123        224     0.9292  0.000e+00
     23.201    14.3808   4.266020    35.3146        225     0.9333  0.000e+00
     23.301    14.3836   4.266047    35.3122        226     0.9375  0.000e+00
     23.402    14.3857   4.266223    35.3119        227     0.9417  0.000e+00
     23.494    14.3869   4.266317    35.3116        228     0.9458  0.000e+00
     23.579    14.3880   4.266459    35.3119        229     0.9500  0.000e+00
     23.677    14.3892   4.266520    35.3114        230     0.9542  0.000e+00
     23.762    14.3898   4.266608    35.3116        231     0.9583  0.000e+00
     23.847    14.3905   4.266641    35.3112        232     0.9625  0.000e+00
     23.939    14.3909   4.266675    35.3111        233     0.9667  0.000e+00
     24.027    14.3914   4.266668    35.3105        234     0.9708  0.000e+00
     24.113    14.3915   4.266729    35.3110        235     0.9750  0.000e+00
     24.207    14.3918   4.266756    35.3109        236     0.9792  0.000e+00
     24.299    14.3920   4.266817    35.3113        237     0.9833  0.000e+00
     24.393    14.3923   4.266817    35.3110        238     0.9875  0.000e+00
     24.494    14.3925   4.266756    35.3102        239     0.9917  0.000e+00
     24.598    14.3922   4.266817    35.3110        240     0.9958  0.000e+00
     24.701    14.3922   4.266851    35.3112        241     1.0000  0.000e+00
     24.808    14.3926   4.266817    35.3105        242     1.0042  0.000e+00
     24.924    14.3926   4.266844    35.3107        243     1.0083  0.000e+00
     25.046    14.3927   4.266939    35.3114        244     1.0125  0.000e+00
     25.165    14.3932   4.266939    35.3110        245     1.0167  0.000e+00
     25.290    14.3937   4.266966    35.3107        246     1.0208  0.000e+00
     25.406    14.3938   4.267027    35.3111        247     1.0250  0.000e+00
     25.534    14.3939   4.267027    35.3109        248     1.0292  0.000e+00
     25.650    14.3942   4.267087    35.3112        249     1.0333  0.000e+00
     25.769    14.3944   4.267088    35.3110        250     1.0375  0.000e+00
     25.885    14.3945   4.267088    35.3109        251     1.0417  0.000e+00
     25.994    14.3945   4.267115    35.3111        252     1.0458  0.000e+00
     26.107    14.3947   4.267047    35.3101        253     1.0500  0.000e+00
     26.208    14.3945   4.267027    35.3102        254     1.0542  0.000e+00
     26.305    14.3941   4.266906    35.3093        255     1.0583  0.000e+00
     26.409    14.3937   4.266906    35.3096        256     1.0625  0.000e+00
     26.501    14.3932   4.266852    35.3095        257     1.0667  0.000e+00
     26.598    14.3928   4.266879    35.3101        258     1.0708  0.000e+00
     26.680    14.3926   4.266852    35.3100        259     1.0750  0.000e+00
     26.775    14.3922   4.266852    35.3103        260     1.0792  0.000e+00
     26.860    14.3920   4.266791    35.3099        261     1.0833  0.000e+00
     26.955    14.3918   4.266818    35.3103        262     1.0875  0.000e+00
     27.059    14.3917   4.266879    35.3110        263     1.0917  0.000e+00
     27.156    14.3917   4.266879    35.3109        264     1.0958  0.000e+00
     27.257    14.3918   4.266852    35.3105        265     1.1000  0.000e+00
     27.361    14.3918   4.266879    35.3107        266     1.1042  0.000e+00
     27.473    14.3919   4.266852    35.3104        267     1.1083  0.000e+00
     27.583    14.3918   4.266818    35.3101        268     1.1125  0.000e+00
     27.696    14.3918   4.266852    35.3104        269     1.1167  0.000e+00
     27.818    14.3916   4.266852    35.3105        270     1.1208  0.000e+00
     27.931    14.3917   4.266852    35.3104        271     1.1250  0.000e+00
     28.028    14.3916   4.266906    35.3109        272     1.1292  0.000e+00
     28.144    14.3918   4.266846    35.3101        273     1.1333  0.000e+00
     28.248    14.3916   4.266852    35.3103        274     1.1375  0.000e+00
     28.349    14.3917   4.266879    35.3104        275     1.1417  0.000e+00
     28.452    14.3917   4.266879    35.3104        276     1.1458  0.000e+00
     28.547    14.3916   4.266852    35.3102        277     1.1500  0.000e+00
     28.638    14.3914   4.266853    35.3103        278     1.1542  0.000e+00
     28.730    14.3915   4.266853    35.3102        279     1.1583  0.000e+00
     28.815    14.3912   4.266907    35.3109        280     1.1625  0.000e+00
     28.904    14.3913   4.266880    35.3106        281     1.1667  0.000e+00
     28.992    14.3912   4.266880    35.3106        282     1.1708  0.000e+00
     29.074    14.3912   4.266880    35.3106        283     1.1750  0.000e+00
     29.151    14.3911   4.266940    35.3112        284     1.1792  0.000e+00
     29.233    14.3913   4.266941    35.3110        285     1.1833  0.000e+00
     29.324    14.3911   4.266941    35.3111        286     1.1875  0.000e+00
     29.416    14.3913   4.267001    35.3115        287     1.1917  0.000e+00
     29.520    14.3916   4.267001    35.3112        288     1.1958  0.000e+00
     29.626    14.3918   4.267001    35.3110        289     1.2000  0.000e+00
     29.721    14.3918   4.267028    35.3112        290     1.2042  0.000e+00
     29.831    14.3920   4.267028    35.3110        291     1.2083  0.000e+00
     29.934    14.3920   4.267076    35.3113        292     1.2125  0.000e+00
     30.044    14.3923   4.267116    35.3114        293     1.2167  0.000e+00
     30.154    14.3926   4.267116    35.3111        294     1.2208  0.000e+00
     30.258    14.3926   4.267143    35.3112        295     1.2250  0.000e+00
     30.364    14.3926   4.267116    35.3109        296     1.2292  0.000e+00
     30.468    14.3928   4.267116    35.3107        297     1.2333  0.000e+00
     30.578    14.3928   4.267117    35.3107        298     1.2375  0.000e+00
     30.691    14.3928   4.267117    35.3107        299     1.2417  0.000e+00
     30.797    14.3928   4.267117    35.3106        300     1.2458  0.000e+00
     30.907    14.3930   4.267117    35.3103        301     1.2500  0.000e+00
     31.020    14.3930   4.267130    35.3105        302     1.2542  0.000e+00
     31.130    14.3929   4.267177    35.3109        303     1.2583  0.000e+00
     31.236    14.3929   4.267205    35.3111        304     1.2625  0.000e+00
     31.346    14.3930   4.267238    35.3113        305     1.2667  0.000e+00
     31.459    14.3933   4.267265    35.3112        306     1.2708  0.000e+00
     31.572    14.3934   4.267292    35.3113        307     1.2750  0.000e+00
     31.673    14.3935   4.267238    35.3107        308     1.2792  0.000e+00
     31.776    14.3936   4.267205    35.3103        309     1.2833  0.000e+00
     31.877    14.3932   4.267117    35.3097        310     1.2875  0.000e+00
     31.977    14.3928   4.267131    35.3103        311     1.2917  0.000e+00
     32.072    14.3927   4.267090    35.3099        312     1.2958  0.000e+00
     32.160    14.3922   4.267144    35.3108        313     1.3000  0.000e+00
     32.252    14.3924   4.267117    35.3104        314     1.3042  0.000e+00
     32.340    14.3923   4.267117    35.3104        315     1.3083  0.000e+00
     32.426    14.3921   4.267117    35.3106        316     1.3125  0.000e+00
     32.514    14.3920   4.267144    35.3109        317     1.3167  0.000e+00
     32.603    14.3919   4.267144    35.3109        318     1.3208  0.000e+00
     32.694    14.3921   4.266908    35.3085        319     1.3250  0.000e+00
     32.792    14.3914   4.266793    35.3080        320     1.3292  0.000e+00
     32.889    14.3903   4.266564    35.3069        321     1.3333  0.000e+00
     32.987    14.3891   4.266409    35.3065        322     1.3375  0.000e+00
     33.087    14.3878   4.266348    35.3071        323     1.3417  0.000e+00
     33.194    14.3866   4.266288    35.3076        324     1.3458  0.000e+00
     33.301    14.3857   4.266288    35.3083        325     1.3500  0.000e+00
     33.395    14.3853   4.266321    35.3090        326     1.3542  0.000e+00
     33.502    14.3854   4.266375    35.3094        327     1.3583  0.000e+00
     33.615    14.3854   4.266409    35.3096        328     1.3625  0.000e+00
     33.712    14.3855   4.266436    35.3097        329     1.3667  0.000e+00
     33.804    14.3857   4.266463    35.3097        330     1.3708  0.000e+00
     33.899    14.3859   4.266423    35.3091        331     1.3750  0.000e+00
     33.999    14.3858   4.266376    35.3088        332     1.3792  0.000e+00
     34.100    14.3857   4.266409    35.3092        333     1.3833  0.000e+00
     34.188    14.3855   4.266409    35.3093        334     1.3875  0.000e+00
     34.283    14.3854   4.266436    35.3096        335     1.3917  0.000e+00
     34.380    14.3856   4.266463    35.3096        336     1.3958  0.000e+00
     34.478    14.3857   4.266497    35.3098        337     1.4000  0.000e+00
     34.572    14.3858   4.266524    35.3099        338     1.4042  0.000e+00
     34.682    14.3859   4.266524    35.3098        339     1.4083  0.000e+00
     34.780    14.3862   4.266558    35.3098        340     1.4125  0.000e+00
     34.877    14.3863   4.266511    35.3092        341     1.4167  0.000e+00
     34.984    14.3865   4.266464    35.3086        342     1.4208  0.000e+00
     35.091    14.3861   4.266376    35.3080        343     1.4250  0.000e+00
     35.194    14.3859   4.266410    35.3085        344     1.4292  0.000e+00
     35.289    14.3855   4.266410    35.3088        345     1.4333  0.000e+00
     35.387    14.3857   4.266437    35.3088        346     1.4375  0.000e+00
     35.484    14.3855   4.266410    35.3087        347     1.4417  0.000e+00
     35.585    14.3855   4.266437    35.3089        348     1.4458  0.000e+00
     35.682    14.3857   4.266437    35.3088        349     1.4500  0.000e+00
     35.789    14.3857   4.266464    35.3089        350     1.4542  0.000e+00
     35.890    14.3859   4.266451    35.3086        351     1.4583  0.000e+00
     36.000    14.3857   4.266464    35.3088        352     1.4625  0.000e+00
     36.097    14.3859   4.266410    35.3082        353     1.4667  0.000e+00
     36.204    14.3857   4.266410    35.3083        354     1.4708  0.000e+00
     36.311    14.3857   4.266410    35.3083        355     1.4750  0.000e+00
     36.420    14.3853   4.266437    35.3088        356     1.4792  0.000e+00
     36.527    14.3855   4.266498    35.3091        357     1.4833  0.000e+00
     36.625    14.3856   4.266437    35.3084        358     1.4875  0.000e+00
     36.728    14.3857   4.266525    35.3092        359     1.4917  0.000e+00
     36.835    14.3857   4.266498    35.3088        360     1.4958  0.000e+00
     36.930    14.3859   4.266539    35.3090        361     1.5000  0.000e+00
     37.030    14.3861   4.266525    35.3086        362     1.5042  0.000e+00
     37.119    14.3861   4.266525    35.3086        363     1.5083  0.000e+00
     37.204    14.3862   4.266525    35.3085        364     1.5125  0.000e+00
     37.289    14.3861   4.266525    35.3085        365     1.5167  0.000e+00
     37.378    14.3859   4.266525    35.3086        366     1.5208  0.000e+00
     37.463    14.3859   4.266526    35.3087        367     1.5250  0.000e+00
     37.545    14.3859   4.266499    35.3084        368     1.5292  0.000e+00
     37.631    14.3857   4.266499    35.3085        369     1.5333  0.000e+00
     37.722    14.3855   4.266499    35.3086        370     1.5375  0.000e+00
     37.817    14.3855   4.266424    35.3079        371     1.5417  0.000e+00
     37.911    14.3853   4.266499    35.3088        372     1.5458  0.000e+00
     37.997    14.3851   4.266411    35.3081        373     1.5500  0.000e+00
     38.100    14.3850   4.266465    35.3086        374     1.5542  0.000e+00
     38.201    14.3848   4.266465    35.3087        375     1.5583  0.000e+00
     38.296    14.3850   4.266526    35.3091        376     1.5625  0.000e+00
     38.399    14.3851   4.266411    35.3079        377     1.5667  0.000e+00
     38.497    14.3850   4.266323    35.3072        378     1.5708  0.000e+00
     38.604    14.3844   4.266054    35.3051        379     1.5750  0.000e+00
     38.698    14.3833   4.265608    35.3020        380     1.5792  0.000e+00
     38.793    14.3811   4.265284    35.3010        381     1.5833  0.000e+00
     38.890    14.3783   4.265062    35.3014        382     1.5875  0.000e+00
     38.988    14.3759   4.264961    35.3026        383     1.5917  0.000e+00
     39.094    14.3741   4.264927    35.3039        384     1.5958  0.000e+00
     39.192    14.3730   4.264812    35.3038        385     1.6000  0.000e+00
     39.296    14.3722   4.265015    35.3063        386     1.6042  0.000e+00
     39.402    14.3723   4.265197    35.3079        387     1.6083  0.000e+00
     39.503    14.3732   4.265372    35.3087        388     1.6125  0.000e+00
     39.601    14.3743   4.265609    35.3099        389     1.6167  0.000e+00
     39.701    14.3759   4.265757    35.3097        390     1.6208  0.000e+00
     39.808    14.3775   4.265791    35.3086        391     1.6250  0.000e+00
     39.909    14.3783   4.265919    35.3089        392     1.6292  0.000e+00
     40.015    14.3793   4.265966    35.3084        393     1.6333  0.000e+00
     40.119    14.3800   4.266142    35.3093        394     1.6375  0.000e+00
     40.223    14.3808   4.266263    35.3097        395     1.6417  0.000e+00
     40.329    14.3817   4.265879    35.3052        396     1.6458  0.000e+00
     40.442    14.3811   4.265791    35.3049        397     1.6500  0.000e+00
     40.534    14.3799   4.265434    35.3027        398     1.6542  0.000e+00
     40.631    14.3781   4.265258    35.3027        399     1.6583  0.000e+00
     40.741    14.3763   4.265197    35.3037        400     1.6625  0.000e+00
     40.829    14.3752   4.264988    35.3027        401     1.6667  0.000e+00
     40.927    14.3740   4.264961    35.3036        402     1.6708  0.000e+00
     41.034    14.3727   4.264752    35.3027        403     1.6750  0.000e+00
     41.131    14.3716   4.264752    35.3037        404     1.6792  0.000e+00
     41.229    14.3707   4.264752    35.3045        405     1.6833  0.000e+00
     41.323    14.3705   4.264840    35.3055        406     1.6875  0.000e+00
     41.421    14.3706   4.264867    35.3056        407     1.6917  0.000e+00
     41.516    14.3707   4.264840    35.3052        408     1.6958  0.000e+00
     41.613    14.3708   4.265016    35.3067        409     1.7000  0.000e+00
     41.717    14.3714   4.265198    35.3078        410     1.7042  0.000e+00
     41.805    14.3722   4.265313    35.3081        411     1.7083  0.000e+00
     41.903    14.3732   4.265373    35.3077        412     1.7125  0.000e+00
     41.991    14.3739   4.265495    35.3082        413     1.7167  0.000e+00
     42.089    14.3749   4.265522    35.3075        414     1.7208  0.000e+00
     42.180    14.3754   4.265643    35.3080        415     1.7250  0.000e+00
     42.269    14.3760   4.265610    35.3071        416     1.7292  0.000e+00
     42.357    14.3762   4.265644    35.3073        417     1.7333  0.000e+00
     42.442    14.3764   4.265610    35.3068        418     1.7375  0.000e+00
     42.528    14.3762   4.265583    35.3067        419     1.7417  0.000e+00
     42.601    14.3762   4.265583    35.3066        420     1.7458  0.000e+00
