PC2501/sbe001.cnv
* Sea-Bird SBE 19plus Data File:
* FileName = C:\cruise\data\sbe001.hex
* Software Version Seasave V 7.26.7.121
* Temperature SN = 4684
* Conductivity SN = 4684
* System UpLoad Time = Jan 08 2025 07:50:16
* NMEA Latitude = 37 59.59 N
* NMEA Longitude = 074 56.39 W
* NMEA UTC (Time) = Jan 08 2025  07:49:34
** Ship: Pisces
** Cruise:  PC2501
** Program:  AMAPPS
# nquan = 7
# nvalues = 1758                                  
# units = specified
# name 0 = depSM: Depth [salt water, m]
# name 1 = tv290C: Temperature [ITS-90, deg C]
# name 2 = c0S/m: Conductivity [S/m]
# name 3 = sal00: Salinity, Practical [PSU]
# name 4 = scan: Scan Count
# name 5 = timeM: Time, Elapsed [minutes]
# name 6 = flag:  0.000e+00
# span 0 =     -0.102,     20.047                 
# span 1 =    -0.9994,     7.3643                 
# span 2 =  -0.093409,   3.369983                 
# span 3 =     0.0000,    33.4995                 
# span 4 =         11,       1768                 
# span 5 =     0.0417,     7.3625                 
# span 6 = 0.0000e+00, 0.0000e+00                 
# interval = seconds: 0.25
# start_time = Jan 08 2025 07:49:34 [NMEA time, header]
# bad_flag = -9.990e-29
*END*
[from data line 206]
     -0.001     7.2800   3.302497    32.2572        217     0.9000  0.000e+00
     -0.074     7.3166   3.363432    32.8832        218     0.9042  0.000e+00
     -0.077     7.3355   1.100469     9.7080        219     0.9083  0.000e+00
     -0.077     7.3251   0.422397     3.4791        220     0.9125  0.000e+00
     -0.080     7.2854   0.326784     2.6514        221     0.9167  0.000e+00
     -0.080     7.2374   0.276606     2.2250        222     0.9208  0.000e+00
     -0.077     7.2039   0.247643     1.9811        223     0.9250  0.000e+00
     -0.059     7.1771   0.222234     1.7683        224     0.9292  0.000e+00
      0.060     7.1489   2.418114    22.9667        225     0.9333  0.000e+00
      0.231     7.1259   3.349920    32.9179        226     0.9375  0.000e+00
      0.398     7.1340   3.299239    32.3583        227     0.9417  0.000e+00
      0.508     7.1425   3.260007    31.9243        228     0.9458  0.000e+00
      0.554     7.1397   2.376214    22.5366        229     0.9500  0.000e+00
      0.560     7.1295   3.133526    30.5674        230     0.9542  0.000e+00
      0.447     7.1350   3.329272    32.6841        231     0.9583  0.000e+00
      0.310     7.1816   3.363557    33.0132        232     0.9625  0.000e+00
      0.197     7.2441   3.366152    32.9818        233     0.9667  0.000e+00
     -0.016     7.2931   3.363875    32.9104        234     0.9708  0.000e+00
     -0.074     7.3197   1.091064     9.6229        235     0.9750  0.000e+00
     -0.074     7.3131   0.463124     3.8389        236     0.9792  0.000e+00
     -0.077     7.2795   0.362566     2.9612        237     0.9833  0.000e+00
     -0.080     7.2485   0.307582     2.4890        238     0.9875  0.000e+00
     -0.080     7.2260   0.269833     2.1680        239     0.9917  0.000e+00
     -0.080     7.2043   0.235647     1.8798        240     0.9958  0.000e+00
     -0.077     7.1831   0.211256     1.6760        241     1.0000  0.000e+00
     -0.077     7.1563   2.450167    23.2958        242     1.0042  0.000e+00
      0.011     7.1290   3.321268    32.6029        243     1.0083  0.000e+00
      0.176     7.1206   3.257267    31.9149        244     1.0125  0.000e+00
      0.389     7.1309   3.349577    32.9092        245     1.0167  0.000e+00
      0.554     7.1405   3.344175    32.8412        246     1.0208  0.000e+00
      0.676     7.1457   3.342662    32.8197        247     1.0250  0.000e+00
      0.767     7.1466   3.346949    32.8655        248     1.0292  0.000e+00
      0.807     7.1591   3.358931    32.9841        249     1.0333  0.000e+00
      0.740     7.2085   3.366546    33.0198        250     1.0375  0.000e+00
      0.404     7.2738   3.368534    32.9791        251     1.0417  0.000e+00
      0.002     7.3190   3.325328    32.4679        252     1.0458  0.000e+00
     -0.077     7.3389   0.833164     7.1931        253     1.0500  0.000e+00
     -0.080     7.3264   0.405374     3.3299        254     1.0542  0.000e+00
     -0.071     7.2943   0.328725     2.6674        255     1.0583  0.000e+00
     -0.068     7.2662   0.285827     2.3017        256     1.0625  0.000e+00
     -0.080     7.2469   0.255070     2.0415        257     1.0667  0.000e+00
     -0.086     7.2311   0.243979     1.9486        258     1.0708  0.000e+00
     -0.062     7.2106   2.975419    28.8003        259     1.0750  0.000e+00
      0.023     7.1956   3.357146    32.9301        260     1.0792  0.000e+00
      0.218     7.2080   3.355018    32.8951        261     1.0833  0.000e+00
      0.356     7.2258   3.352070    32.8460        262     1.0875  0.000e+00
      0.468     7.2345   3.355239    32.8721        263     1.0917  0.000e+00
      0.502     7.2489   3.360102    32.9113        264     1.0958  0.000e+00
      0.435     7.2764   3.364857    32.9367        265     1.1000  0.000e+00
      0.322     7.3105   3.366937    32.9269        266     1.1042  0.000e+00
      0.218     7.3366   3.367355    32.9066        267     1.1083  0.000e+00
      0.145     7.3513   3.368091    32.9007        268     1.1125  0.000e+00
     -0.007     7.3599   3.368189    32.8936        269     1.1167  0.000e+00
     -0.083     7.3643   2.549753    24.1911        270     1.1208  0.000e+00
     -0.074     7.3588   0.587972     4.9470        271     1.1250  0.000e+00
     -0.074     7.3271   0.378814     3.0982        272     1.1292  0.000e+00
     -0.077     7.2885   0.309044     2.4987        273     1.1333  0.000e+00
     -0.068     7.2645   0.472005     3.9230        274     1.1375  0.000e+00
     -0.077     7.2599   2.058210    19.1928        275     1.1417  0.000e+00
     -0.080     7.2567   1.974383    18.3430        276     1.1458  0.000e+00
     -0.047     7.2489   1.978191    18.3858        277     1.1500  0.000e+00
      0.084     7.2396   2.987349    28.9035        278     1.1542  0.000e+00
      0.158     7.2387   2.493780    23.6945        279     1.1583  0.000e+00
      0.142     7.2568   3.265609    31.8795        280     1.1625  0.000e+00
     -0.010     7.2874   3.269426    31.8926        281     1.1667  0.000e+00
     -0.074     7.3179   1.752585    16.0815        282     1.1708  0.000e+00
     -0.071     7.3240   0.485432     4.0352        283     1.1750  0.000e+00
     -0.077     7.2965   0.350846     2.8582        284     1.1792  0.000e+00
     -0.074     7.2655   0.297143     2.3984        285     1.1833  0.000e+00
     -0.083     7.2421   0.266273     2.1368        286     1.1875  0.000e+00
     -0.062     7.2265   0.196358     1.5496        287     1.1917  0.000e+00
      0.194     7.2109   3.200720    31.2201        288     1.1958  0.000e+00
      0.444     7.2042   3.355435    32.9031        289     1.2000  0.000e+00
      0.566     7.2150   3.352971    32.8660        290     1.2042  0.000e+00
      0.666     7.2268   3.354994    32.8767        291     1.2083  0.000e+00
      0.737     7.2412   3.295816    32.2207        292     1.2125  0.000e+00
      0.508     7.2808   3.369418    32.9820        293     1.2167  0.000e+00
      0.051     7.3209   3.367502    32.9233        294     1.2208  0.000e+00
     -0.074     7.3381   1.244529    11.0871        295     1.2250  0.000e+00
     -0.071     7.3251   0.480196     3.9887        296     1.2292  0.000e+00
     -0.077     7.2861   0.370325     3.0280        297     1.2333  0.000e+00
     -0.077     7.2483   0.329669     2.6791        298     1.2375  0.000e+00
     -0.074     7.2264   0.289100     2.3323        299     1.2417  0.000e+00
     -0.071     7.2114   0.256543     2.0561        300     1.2458  0.000e+00
     -0.077     7.1983   0.227495     1.8115        301     1.2500  0.000e+00
     -0.059     7.1845   0.217080     1.7247        302     1.2542  0.000e+00
      0.218     7.1712   0.274979     2.2153        303     1.2583  0.000e+00
      0.407     7.1631   2.049331    19.1558        304     1.2625  0.000e+00
      0.545     7.1653   3.349485    32.8754        305     1.2667  0.000e+00
      0.657     7.1761   3.352579    32.8987        306     1.2708  0.000e+00
      0.697     7.1878   3.341811    32.7704        307     1.2750  0.000e+00
      0.801     7.2052   3.348896    32.8309        308     1.2792  0.000e+00
      0.843     7.2345   3.302284    32.2970        309     1.2833  0.000e+00
      0.523     7.2837   3.369590    32.9811        310     1.2875  0.000e+00
      0.029     7.3259   3.368902    32.9337        311     1.2917  0.000e+00
     -0.077     7.3433   1.130552     9.9926        312     1.2958  0.000e+00
     -0.080     7.3286   0.477183     3.9616        313     1.3000  0.000e+00
     -0.077     7.2890   0.392063     3.2171        314     1.3042  0.000e+00
     -0.074     7.2578   0.331072     2.6905        315     1.3083  0.000e+00
     -0.077     7.2411   0.284404     2.2912        316     1.3125  0.000e+00
     -0.077     7.2310   0.251484     2.0121        317     1.3167  0.000e+00
     -0.080     7.2217   0.228021     1.8147        318     1.3208  0.000e+00
     -0.083     7.2108   0.216892     1.7218        319     1.3250  0.000e+00
     -0.044     7.1988   0.581474     4.9112        320     1.3292  0.000e+00
      0.032     7.1862   3.295938    32.2738        321     1.3333  0.000e+00
      0.063     7.1765   3.352800    32.9010        322     1.3375  0.000e+00
      0.039     7.1884   3.351261    32.8729        323     1.3417  0.000e+00
      0.057     7.2127   3.354387    32.8838        324     1.3458  0.000e+00
      0.072     7.2366   3.359838    32.9203        325     1.3500  0.000e+00
      0.063     7.2629   3.364096    32.9415        326     1.3542  0.000e+00
      0.011     7.2945   3.364734    32.9183        327     1.3583  0.000e+00
     -0.026     7.3172   3.157325    30.6577        328     1.3625  0.000e+00
     -0.010     7.3267   3.238557    31.5234        329     1.3667  0.000e+00
     -0.041     7.3265   3.365734    32.8988        330     1.3708  0.000e+00
     -0.068     7.3255   3.318519    32.3882        331     1.3750  0.000e+00
     -0.071     7.3226   0.963503     8.4148        332     1.3792  0.000e+00
     -0.071     7.3109   0.403267     3.3129        333     1.3833  0.000e+00
     -0.038     7.2962   0.456297     3.7805        334     1.3875  0.000e+00
     -0.059     7.2885   1.737853    15.9480        335     1.3917  0.000e+00
     -0.080     7.2879   1.614567    14.7223        336     1.3958  0.000e+00
     -0.077     7.2820   0.525567     4.3976        337     1.4000  0.000e+00
     -0.074     7.2594   0.400182     3.2909        338     1.4042  0.000e+00
     -0.081     7.2246   0.327479     2.6620        339     1.4083  0.000e+00
     -0.077     7.2006   0.287344     2.3190        340     1.4125  0.000e+00
     -0.074     7.1875   0.255549     2.0490        341     1.4167  0.000e+00
     -0.074     7.1769   0.233580     1.8638        342     1.4208  0.000e+00
     -0.074     7.1658   0.221852     1.7657        343     1.4250  0.000e+00
      0.057     7.1551   0.311627     2.5306        344     1.4292  0.000e+00
      0.115     7.1514   1.224399    10.9523        345     1.4333  0.000e+00
      0.185     7.1731   3.356073    32.9399        346     1.4375  0.000e+00
      0.316     7.1969   3.358097    32.9391        347     1.4417  0.000e+00
      0.441     7.2211   3.354387    32.8757        348     1.4458  0.000e+00
      0.304     7.2437   3.367233    32.9938        349     1.4500  0.000e+00
     -0.001     7.2873   2.298365    21.6369        350     1.4542  0.000e+00
     -0.074     7.3081   0.586853     4.9442        351     1.4583  0.000e+00
     -0.075     7.2521   0.385003     3.1589        352     1.4625  0.000e+00
     -0.075     7.1390   0.308859     2.5079        353     1.4667  0.000e+00
     -0.075     7.0402   0.277472     2.2451        354     1.4708  0.000e+00
     -0.078     7.0090   0.250393     2.0157        355     1.4750  0.000e+00
     -0.084     6.9996   0.234769     1.8835        356     1.4792  0.000e+00
     -0.084     6.9947   0.219283     1.7527        357     1.4833  0.000e+00
     -0.078     6.9892   0.202878     1.6149        358     1.4875  0.000e+00
     -0.078     6.9842   0.187567     1.4869        359     1.4917  0.000e+00
     -0.075     6.9787   0.175065     1.3829        360     1.4958  0.000e+00
     -0.075     6.9738   0.130547     1.0161        361     1.5000  0.000e+00
      0.005     6.9700   0.145014     1.1347        362     1.5042  0.000e+00
      0.108     6.9835   0.497432     4.1827        363     1.5083  0.000e+00
      0.008     7.0669   0.635112     5.4182        364     1.5125  0.000e+00
     -0.075     7.1406   1.310445    11.7909        365     1.5167  0.000e+00
     -0.068     7.2083   2.405155    22.7926        366     1.5208  0.000e+00
     -0.075     7.2378   0.530961     4.4515        367     1.5250  0.000e+00
     -0.072     7.2354   0.354706     2.8967        368     1.5292  0.000e+00
     -0.068     7.2282   0.318826     2.5872        369     1.5333  0.000e+00
     -0.075     7.2196   0.386282     3.1730        370     1.5375  0.000e+00
     -0.071     7.2087   2.838586    27.3445        371     1.5417  0.000e+00
     -0.047     7.1989   3.302620    32.3345        372     1.5458  0.000e+00
      0.002     7.1918   3.183352    31.0499        373     1.5500  0.000e+00
      0.051     7.1889   3.165984    30.8650        374     1.5542  0.000e+00
      0.160     7.2077   3.207978    31.3014        375     1.5583  0.000e+00
      0.212     7.2480   3.339699    32.6906        376     1.5625  0.000e+00
      0.133     7.2817   3.154571    30.6594        377     1.5667  0.000e+00
     -0.059     7.3161   2.616067    24.9178        378     1.5708  0.000e+00
     -0.078     7.3285   0.669641     5.6912        379     1.5750  0.000e+00
     -0.081     7.3102   0.415006     3.4157        380     1.5792  0.000e+00
     -0.084     7.2769   0.343196     2.7936        381     1.5833  0.000e+00
     -0.075     7.2464   0.305538     2.4717        382     1.5875  0.000e+00
     -0.072     7.2319   0.263248     2.1117        383     1.5917  0.000e+00
     -0.078     7.2218   0.236243     1.8839        384     1.5958  0.000e+00
     -0.078     7.2083   0.214821     1.7046        385     1.6000  0.000e+00
     -0.078     7.1966   0.202848     1.6050        386     1.6042  0.000e+00
     -0.014     7.1870   1.258564    11.2715        387     1.6083  0.000e+00
      0.105     7.1801   3.347898    32.8443        388     1.6125  0.000e+00
      0.251     7.1854   3.357146    32.9398        389     1.6167  0.000e+00
      0.431     7.2038   3.356073    32.9105        390     1.6208  0.000e+00
      0.596     7.2212   3.350238    32.8303        391     1.6250  0.000e+00
      0.767     7.2344   3.360740    32.9318        392     1.6292  0.000e+00
      0.858     7.2606   3.363875    32.9409        393     1.6333  0.000e+00
      0.773     7.3044   3.369983    32.9656        394     1.6375  0.000e+00
      0.325     7.3381   3.369074    32.9238        395     1.6417  0.000e+00
     -0.047     7.3513   2.272203    21.3280        396     1.6458  0.000e+00
     -0.072     7.3481   0.583020     4.9040        397     1.6500  0.000e+00
     -0.072     7.3251   0.419533     3.4540        398     1.6542  0.000e+00
     -0.075     7.3001   0.340147     2.7654        399     1.6583  0.000e+00
     -0.069     7.2872   0.281951     2.2673        400     1.6625  0.000e+00
     -0.069     7.2769   0.250110     1.9978        401     1.6667  0.000e+00
     -0.072     7.2659   0.231332     1.8402        402     1.6708  0.000e+00
     -0.078     7.2563   0.218931     1.7366        403     1.6750  0.000e+00
     -0.047     7.2477   0.148374     1.1531        404     1.6792  0.000e+00
      0.047     7.2409   3.220809    31.4100        405     1.6833  0.000e+00
      0.157     7.2376   3.363065    32.9543        406     1.6875  0.000e+00
      0.261     7.2444   3.362476    32.9414        407     1.6917  0.000e+00
      0.385     7.2525   3.358489    32.8904        408     1.6958  0.000e+00
      0.489     7.2619   3.361991    32.9193        409     1.7000  0.000e+00
      0.580     7.2832   3.364832    32.9299        410     1.7042  0.000e+00
      0.370     7.3129   3.369295    32.9502        411     1.7083  0.000e+00
      0.014     7.3376   3.368730    32.9207        412     1.7125  0.000e+00
     -0.075     7.3488   2.236243    20.9604        413     1.7167  0.000e+00
     -0.069     7.3465   0.556892     4.6696        414     1.7208  0.000e+00
     -0.075     7.3230   0.385110     3.1534        415     1.7250  0.000e+00
     -0.075     7.2914   0.317392     2.5701        416     1.7292  0.000e+00
     -0.072     7.2739   0.272933     2.1914        417     1.7333  0.000e+00
     -0.075     7.2657   0.245879     1.9627        418     1.7375  0.000e+00
     -0.072     7.2584   0.224193     1.7806        419     1.7417  0.000e+00
     -0.072     7.2516   0.210462     1.6660        420     1.7458  0.000e+00
