PC2501/sbe019.cnv
* Sea-Bird SBE 19plus Data File:
* FileName = C:\cruise\data\sbe019.hex
* Software Version Seasave V 7.26.7.121
* Temperature SN = 4684
* Conductivity SN = 4684
* System UpLoad Time = Jan 13 2025 09:09:13
* NMEA Latitude = 37 53.00 N
* NMEA Longitude = 072 54.48 W
* NMEA UTC (Time) = Jan 13 2025  09:08:34
** Ship: Pisces
** Cruise:  PC2501
** Program:  AMAPPS
# nquan = 7
# nvalues = 2430                                  
# units = specified
# name 0 = depSM: Depth [salt water, m]
# name 1 = tv290C: Temperature [ITS-90, deg C]
# name 2 = c0S/m: Conductivity [S/m]
# name 3 = sal00: Salinity, Practical [PSU]
# name 4 = scan: Scan Count
# name 5 = timeM: Time, Elapsed [minutes]
# name 6 = flag:  0.000e+00
# span 0 =      0.088,     50.978                 
# span 1 =     8.6035,    11.1821                 
# span 2 =   0.306798,   3.801057                 
# span 3 =     2.3027,    35.1682                 
# span 4 =         11,       2440                 
# span 5 =     0.0417,    10.1625                 
# span 6 = 0.0000e+00, 0.0000e+00                 
# interval = seconds: 0.25
# start_time = Jan 13 2025 09:08:34 [NMEA time, header]
# bad_flag = -9.990e-29
*END*
[from data line 616]
     31.078    11.1280   3.791730    33.7476        627     2.6083  0.000e+00
     31.008    11.1254   3.791813    33.7509        628     2.6125  0.000e+00
     30.919    11.1247   3.791646    33.7499        629     2.6167  0.000e+00
     30.816    11.1245   3.790224    33.7361        630     2.6208  0.000e+00
     30.712    11.1205   3.784501    33.6830        631     2.6250  0.000e+00
     30.596    11.0996   3.781364    33.6711        632     2.6292  0.000e+00
     30.477    11.0705   3.780561    33.6899        633     2.6333  0.000e+00
     30.374    11.0510   3.780805    33.7102        634     2.6375  0.000e+00
     30.258    11.0427   3.780188    33.7118        635     2.6417  0.000e+00
     30.154    11.0367   3.780214    33.7175        636     2.6458  0.000e+00
     30.060    11.0338   3.780079    33.7189        637     2.6500  0.000e+00
     29.974    11.0322   3.779784    33.7175        638     2.6542  0.000e+00
     29.895    11.0306   3.779327    33.7144        639     2.6583  0.000e+00
     29.840    11.0278   3.778550    33.7094        640     2.6625  0.000e+00
     29.779    11.0232   3.777509    33.7032        641     2.6667  0.000e+00
     29.736    11.0167   3.778287    33.7170        642     2.6708  0.000e+00
     29.700    11.0152   3.778068    33.7162        643     2.6750  0.000e+00
     29.669    11.0143   3.776302    33.6995        644     2.6792  0.000e+00
     29.654    11.0085   3.777323    33.7149        645     2.6833  0.000e+00
     29.630    11.0066   3.777265    33.7161        646     2.6875  0.000e+00
     29.602    11.0070   3.778017    33.7232        647     2.6917  0.000e+00
     29.584    11.0092   3.777908    33.7202        648     2.6958  0.000e+00
     29.559    11.0113   3.778499    33.7241        649     2.7000  0.000e+00
     29.529    11.0139   3.778177    33.7186        650     2.7042  0.000e+00
     29.504    11.0154   3.777586    33.7113        651     2.7083  0.000e+00
     29.471    11.0133   3.777670    33.7140        652     2.7125  0.000e+00
     29.437    11.0120   3.777426    33.7129        653     2.7167  0.000e+00
     29.410    11.0106   3.778203    33.7219        654     2.7208  0.000e+00
     29.364    11.0125   3.778897    33.7271        655     2.7250  0.000e+00
     29.334    11.0160   3.778389    33.7188        656     2.7292  0.000e+00
     29.297    11.0175   3.778042    33.7140        657     2.7333  0.000e+00
     29.260    11.0160   3.778389    33.7189        658     2.7375  0.000e+00
     29.233    11.0160   3.778473    33.7197        659     2.7417  0.000e+00
     29.209    11.0170   3.778498    33.7190        660     2.7458  0.000e+00
     29.187    11.0175   3.778286    33.7165        661     2.7500  0.000e+00
     29.169    11.0170   3.777805    33.7121        662     2.7542  0.000e+00
     29.142    11.0151   3.778447    33.7203        663     2.7583  0.000e+00
     29.117    11.0155   3.779115    33.7266        664     2.7625  0.000e+00
     29.087    11.0189   3.778126    33.7136        665     2.7667  0.000e+00
     29.059    11.0182   3.778550    33.7185        666     2.7708  0.000e+00
     29.020    11.0174   3.778042    33.7142        667     2.7750  0.000e+00
     28.971    11.0163   3.776834    33.7032        668     2.7792  0.000e+00
     28.913    11.0118   3.777053    33.7096        669     2.7833  0.000e+00
     28.855    11.0081   3.777053    33.7130        670     2.7875  0.000e+00
     28.785    11.0064   3.776757    33.7116        671     2.7917  0.000e+00
     28.705    11.0050   3.777002    33.7154        672     2.7958  0.000e+00
     28.629    11.0057   3.778203    33.7267        673     2.8000  0.000e+00
     28.541    11.0092   3.777053    33.7121        674     2.8042  0.000e+00
     28.458    11.0094   3.776597    33.7074        675     2.8083  0.000e+00
     28.376    11.0058   3.776488    33.7097        676     2.8125  0.000e+00
     28.285    11.0035   3.776545    33.7125        677     2.8167  0.000e+00
     28.211    11.0023   3.776648    33.7146        678     2.8208  0.000e+00
     28.141    11.0024   3.776520    33.7133        679     2.8250  0.000e+00
     28.071    11.0019   3.776250    33.7111        680     2.8292  0.000e+00
     28.004    11.0006   3.776250    33.7123        681     2.8333  0.000e+00
     27.949    10.9998   3.776327    33.7138        682     2.8375  0.000e+00
     27.904    10.9997   3.776520    33.7159        683     2.8417  0.000e+00
     27.864    11.0002   3.776732    33.7175        684     2.8458  0.000e+00
     27.839    11.0016   3.776706    33.7160        685     2.8500  0.000e+00
     27.812    11.0023   3.776731    33.7156        686     2.8542  0.000e+00
     27.800    11.0029   3.777027    33.7180        687     2.8583  0.000e+00
     27.788    11.0041   3.776969    33.7163        688     2.8625  0.000e+00
     27.778    11.0051   3.777104    33.7167        689     2.8667  0.000e+00
     27.781    11.0055   3.777027    33.7156        690     2.8708  0.000e+00
     27.791    11.0055   3.777104    33.7163        691     2.8750  0.000e+00
     27.788    11.0058   3.777053    33.7155        692     2.8792  0.000e+00
     27.794    11.0060   3.777104    33.7159        693     2.8833  0.000e+00
     27.791    11.0059   3.776731    33.7123        694     2.8875  0.000e+00
     27.787    11.0048   3.776571    33.7117        695     2.8917  0.000e+00
     27.781    11.0030   3.776674    33.7144        696     2.8958  0.000e+00
     27.769    11.0022   3.776918    33.7175        697     2.9000  0.000e+00
     27.751    11.0028   3.776783    33.7156        698     2.9042  0.000e+00
     27.736    11.0031   3.776648    33.7140        699     2.9083  0.000e+00
     27.711    11.0027   3.776783    33.7158        700     2.9125  0.000e+00
     27.678    11.0027   3.776892    33.7169        701     2.9167  0.000e+00
     27.626    11.0032   3.776783    33.7153        702     2.9208  0.000e+00
     27.583    11.0034   3.777104    33.7184        703     2.9250  0.000e+00
     27.519    11.0042   3.777265    33.7193        704     2.9292  0.000e+00
     27.458    11.0054   3.777560    33.7212        705     2.9333  0.000e+00
     27.385    11.0071   3.777509    33.7191        706     2.9375  0.000e+00
     27.312    11.0079   3.777399    33.7173        707     2.9417  0.000e+00
     27.242    11.0081   3.777451    33.7176        708     2.9458  0.000e+00
     27.162    11.0083   3.777425    33.7173        709     2.9500  0.000e+00
     27.089    11.0084   3.777399    33.7170        710     2.9542  0.000e+00
     27.004    11.0084   3.777373    33.7168        711     2.9583  0.000e+00
     26.921    11.0081   3.777746    33.7207        712     2.9625  0.000e+00
     26.845    11.0090   3.777643    33.7189        713     2.9667  0.000e+00
     26.778    11.0095   3.777611    33.7181        714     2.9708  0.000e+00
     26.714    11.0095   3.777560    33.7177        715     2.9750  0.000e+00
     26.665    11.0095   3.777643    33.7186        716     2.9792  0.000e+00
     26.626    11.0095   3.777746    33.7196        717     2.9833  0.000e+00
     26.580    11.0098   3.777746    33.7193        718     2.9875  0.000e+00
     26.571    11.0104   3.777720    33.7185        719     2.9917  0.000e+00
     26.555    11.0105   3.777829    33.7196        720     2.9958  0.000e+00
     26.549    11.0108   3.777695    33.7179        721     3.0000  0.000e+00
     26.552    11.0106   3.777772    33.7188        722     3.0042  0.000e+00
     26.546    11.0106   3.777720    33.7183        723     3.0083  0.000e+00
     26.549    11.0106   3.777695    33.7181        724     3.0125  0.000e+00
     26.540    11.0103   3.777804    33.7195        725     3.0167  0.000e+00
     26.531    11.0106   3.777772    33.7189        726     3.0208  0.000e+00
     26.525    11.0108   3.777804    33.7190        727     3.0250  0.000e+00
     26.510    11.0111   3.778228    33.7230        728     3.0292  0.000e+00
     26.491    11.0124   3.778632    33.7258        729     3.0333  0.000e+00
     26.479    11.0142   3.778151    33.7194        730     3.0375  0.000e+00
     26.455    11.0147   3.778414    33.7215        731     3.0417  0.000e+00
     26.418    11.0151   3.778388    33.7210        732     3.0458  0.000e+00
     26.385    11.0153   3.778337    33.7202        733     3.0500  0.000e+00
     26.348    11.0154   3.778575    33.7226        734     3.0542  0.000e+00
     26.311    11.0162   3.778575    33.7218        735     3.0583  0.000e+00
     26.272    11.0166   3.778658    33.7223        736     3.0625  0.000e+00
     26.238    11.0171   3.778658    33.7219        737     3.0667  0.000e+00
     26.189    11.0173   3.778658    33.7217        738     3.0708  0.000e+00
     26.147    11.0178   3.778819    33.7229        739     3.0750  0.000e+00
     26.110    11.0181   3.778870    33.7231        740     3.0792  0.000e+00
     26.067    11.0187   3.778793    33.7217        741     3.0833  0.000e+00
     26.034    11.0189   3.778684    33.7206        742     3.0875  0.000e+00
     25.994    11.0186   3.778658    33.7206        743     3.0917  0.000e+00
     25.952    11.0181   3.778684    33.7213        744     3.0958  0.000e+00
     25.921    11.0179   3.778793    33.7225        745     3.1000  0.000e+00
     25.884    11.0176   3.776030    33.6954        746     3.1042  0.000e+00
     25.848    11.0103   3.775151    33.6934        747     3.1083  0.000e+00
     25.814    11.0017   3.775979    33.7095        748     3.1125  0.000e+00
     25.784    10.9989   3.775363    33.7060        749     3.1167  0.000e+00
     25.756    10.9967   3.774669    33.7011        750     3.1208  0.000e+00
     25.726    10.9931   3.774804    33.7057        751     3.1250  0.000e+00
     25.695    10.9912   3.775684    33.7163        752     3.1292  0.000e+00
     25.665    10.9922   3.775549    33.7141        753     3.1333  0.000e+00
     25.634    10.9946   3.777829    33.7346        754     3.1375  0.000e+00
     25.592    11.0014   3.778041    33.7304        755     3.1417  0.000e+00
     25.561    11.0084   3.777829    33.7219        756     3.1458  0.000e+00
     25.537    11.0109   3.777585    33.7172        757     3.1500  0.000e+00
     25.506    11.0109   3.777880    33.7201        758     3.1542  0.000e+00
     25.470    11.0117   3.778497    33.7255        759     3.1583  0.000e+00
     25.448    11.0138   3.778150    33.7202        760     3.1625  0.000e+00
     25.415    11.0145   3.778683    33.7248        761     3.1667  0.000e+00
     25.396    11.0163   3.779647    33.7327        762     3.1708  0.000e+00
     25.369    11.0208   3.779062    33.7229        763     3.1750  0.000e+00
     25.341    11.0224   3.778606    33.7169        764     3.1792  0.000e+00
     25.323    11.0202   3.778414    33.7170        765     3.1833  0.000e+00
     25.293    11.0184   3.778979    33.7242        766     3.1875  0.000e+00
     25.265    11.0191   3.779326    33.7271        767     3.1917  0.000e+00
     25.229    11.0212   3.779326    33.7252        768     3.1958  0.000e+00
     25.201    11.0225   3.779088    33.7216        769     3.2000  0.000e+00
     25.171    11.0222   3.779191    33.7229        770     3.2042  0.000e+00
     25.128    11.0221   3.779274    33.7239        771     3.2083  0.000e+00
     25.091    11.0224   3.779461    33.7255        772     3.2125  0.000e+00
     25.055    11.0231   3.779326    33.7235        773     3.2167  0.000e+00
     25.012    11.0233   3.778979    33.7198        774     3.2208  0.000e+00
     24.972    11.0223   3.778844    33.7195        775     3.2250  0.000e+00
     24.933    11.0210   3.778683    33.7191        776     3.2292  0.000e+00
     24.893    11.0199   3.778632    33.7196        777     3.2333  0.000e+00
     24.860    11.0189   3.778606    33.7203        778     3.2375  0.000e+00
     24.826    11.0183   3.778574    33.7205        779     3.2417  0.000e+00
     24.805    11.0181   3.778632    33.7213        780     3.2458  0.000e+00
     24.780    11.0180   3.777964    33.7148        781     3.2500  0.000e+00
     24.744    11.0160   3.777803    33.7150        782     3.2542  0.000e+00
     24.722    11.0136   3.778445    33.7236        783     3.2583  0.000e+00
     24.704    11.0142   3.778285    33.7215        784     3.2625  0.000e+00
     24.686    11.0149   3.778818    33.7262        785     3.2667  0.000e+00
     24.655    11.0167   3.779384    33.7301        786     3.2708  0.000e+00
     24.616    11.0197   3.778979    33.7234        787     3.2750  0.000e+00
     24.579    11.0208   3.779461    33.7272        788     3.2792  0.000e+00
     24.542    11.0222   3.779621    33.7275        789     3.2833  0.000e+00
     24.500    11.0234   3.779326    33.7234        790     3.2875  0.000e+00
     24.460    11.0236   3.779030    33.7204        791     3.2917  0.000e+00
     24.417    11.0225   3.778413    33.7153        792     3.2958  0.000e+00
     24.368    11.0200   3.778066    33.7141        793     3.3000  0.000e+00
     24.323    11.0170   3.777880    33.7151        794     3.3042  0.000e+00
     24.283    11.0146   3.777829    33.7168        795     3.3083  0.000e+00
     24.237    11.0130   3.777829    33.7183        796     3.3125  0.000e+00
     24.201    11.0124   3.777694    33.7175        797     3.3167  0.000e+00
     24.167    11.0116   3.777026    33.7116        798     3.3208  0.000e+00
     24.131    11.0093   3.775901    33.7025        799     3.3250  0.000e+00
     24.106    11.0038   3.774585    33.6945        800     3.3292  0.000e+00
     24.085    10.9969   3.774238    33.6974        801     3.3333  0.000e+00
     24.070    10.9913   3.774026    33.7004        802     3.3375  0.000e+00
     24.060    10.9879   3.774110    33.7044        803     3.3417  0.000e+00
     24.048    10.9863   3.774720    33.7120        804     3.3458  0.000e+00
     24.045    10.9876   3.774482    33.7084        805     3.3500  0.000e+00
     24.042    10.9882   3.774778    33.7107        806     3.3542  0.000e+00
     24.033    10.9892   3.775041    33.7125        807     3.3583  0.000e+00
     24.030    10.9908   3.775099    33.7116        808     3.3625  0.000e+00
     24.030    10.9921   3.774990    33.7093        809     3.3667  0.000e+00
     24.027    10.9927   3.775124    33.7101        810     3.3708  0.000e+00
     24.021    10.9933   3.774964    33.7080        811     3.3750  0.000e+00
     24.005    10.9930   3.774508    33.7037        812     3.3792  0.000e+00
     23.993    10.9908   3.771034    33.6712        813     3.3833  0.000e+00
     23.960    10.9798   3.769776    33.6688        814     3.3875  0.000e+00
     23.935    10.9667   3.770604    33.6890        815     3.3917  0.000e+00
     23.893    10.9609   3.769937    33.6878        816     3.3958  0.000e+00
     23.838    10.9557   3.773333    33.7263        817     3.4000  0.000e+00
     23.777    10.9659   3.773815    33.7218        818     3.4042  0.000e+00
     23.697    10.9749   3.771355    33.6891        819     3.4083  0.000e+00
     23.618    10.9729   3.767664    33.6542        820     3.4125  0.000e+00
     23.542    10.9556   3.764225    33.6360        821     3.4167  0.000e+00
     23.460    10.9337   3.762494    33.6388        822     3.4208  0.000e+00
     23.380    10.9134   3.762173    33.6543        823     3.4250  0.000e+00
     23.304    10.9012   3.761936    33.6632        824     3.4292  0.000e+00
     23.234    10.8950   3.761558    33.6651        825     3.4333  0.000e+00
     23.173    10.8910   3.761372    33.6670        826     3.4375  0.000e+00
     23.124    10.8880   3.761243    33.6685        827     3.4417  0.000e+00
     23.084    10.8862   3.761109    33.6688        828     3.4458  0.000e+00
     23.057    10.8848   3.760974    33.6688        829     3.4500  0.000e+00
     23.042    10.8837   3.760923    33.6693        830     3.4542  0.000e+00
