PC2501/sbe005.cnv
* Sea-Bird SBE 19plus Data File:
* FileName = C:\cruise\data\sbe005.hex
* Software Version Seasave V 7.26.7.121
* Temperature SN = 4684
* Conductivity SN = 4684
* System UpLoad Time = Jan 09 2025 03:23:21
* NMEA Latitude = 37 13.60 N
* NMEA Longitude = 075 28.73 W
* NMEA UTC (Time) = Jan 09 2025  03:22:40
** Ship: Pisces
** Cruise:  PC2501
** Program:  AMAPPS
# nquan = 7
# nvalues = 1356                                  
# units = specified
# name 0 = depSM: Depth [salt water, m]
# name 1 = tv290C: Temperature [ITS-90, deg C]
# name 2 = c0S/m: Conductivity [S/m]
# name 3 = sal00: Salinity, Practical [PSU]
# name 4 = scan: Scan Count
# name 5 = timeM: Time, Elapsed [minutes]
# name 6 = flag:  0.000e+00
# span 0 =     -0.023,     20.345                 
# span 1 =     7.2437,     8.7598                 
# span 2 =   0.253043,   3.540593                 
# span 3 =     1.9605,    33.7766                 
# span 4 =         11,       1366                 
# span 5 =     0.0417,     5.6875                 
# span 6 = 0.0000e+00, 0.0000e+00                 
# interval = seconds: 0.25
# start_time = Jan 09 2025 03:22:40 [NMEA time, header]
# bad_flag = -9.990e-29
*END*
[from data line 1231]
      1.857     8.7068   3.533091    33.3758       1242     5.1708  0.000e+00
      1.921     8.7073   3.533229    33.3767       1243     5.1750  0.000e+00
      1.933     8.7078   3.533229    33.3763       1244     5.1792  0.000e+00
      1.851     8.7086   3.533179    33.3751       1245     5.1833  0.000e+00
      1.625     8.7086   3.533248    33.3759       1246     5.1875  0.000e+00
      1.415     8.7090   3.533948    33.3829       1247     5.1917  0.000e+00
      1.226     8.7119   3.534392    33.3849       1248     5.1958  0.000e+00
      1.092     8.7161   3.534361    33.3808       1249     5.2000  0.000e+00
      0.979     8.7191   3.533998    33.3742       1250     5.2042  0.000e+00
      0.900     8.7189   3.533948    33.3738       1251     5.2083  0.000e+00
      0.970     8.7180   3.533998    33.3752       1252     5.2125  0.000e+00
      1.134     8.7174   3.534311    33.3790       1253     5.2167  0.000e+00
      1.302     8.7183   3.534837    33.3835       1254     5.2208  0.000e+00
      1.464     8.7211   3.534711    33.3795       1255     5.2250  0.000e+00
      1.595     8.7227   3.534342    33.3740       1256     5.2292  0.000e+00
      1.698     8.7219   3.534568    33.3772       1257     5.2333  0.000e+00
      1.802     8.7217   3.534342    33.3749       1258     5.2375  0.000e+00
      1.842     8.7212   3.534142    33.3733       1259     5.2417  0.000e+00
      1.713     8.7199   3.533998    33.3730       1260     5.2458  0.000e+00
      1.512     8.7183   3.534242    33.3772       1261     5.2500  0.000e+00
      1.277     8.7183   3.534492    33.3800       1262     5.2542  0.000e+00
      1.067     8.7197   3.534636    33.3802       1263     5.2583  0.000e+00
      0.915     8.7212   3.534492    33.3773       1264     5.2625  0.000e+00
      0.838     8.7216   3.534542    33.3775       1265     5.2667  0.000e+00
      0.857     8.7217   3.534542    33.3775       1266     5.2708  0.000e+00
      0.939     8.7221   3.534167    33.3731       1267     5.2750  0.000e+00
      1.018     8.7206   3.533923    33.3719       1268     5.2792  0.000e+00
      1.103     8.7185   3.533898    33.3736       1269     5.2833  0.000e+00
      1.222     8.7171   3.533823    33.3741       1270     5.2875  0.000e+00
      1.323     8.7162   3.533710    33.3737       1271     5.2917  0.000e+00
      1.366     8.7149   3.532853    33.3659       1272     5.2958  0.000e+00
      1.283     8.7108   3.532559    33.3668       1273     5.3000  0.000e+00
      1.091     8.7064   3.533523    33.3811       1274     5.3042  0.000e+00
      0.887     8.7076   3.534023    33.3853       1275     5.3083  0.000e+00
      0.680     8.7112   3.534023    33.3820       1276     5.3125  0.000e+00
      0.600     8.7146   3.533648    33.3749       1277     5.3167  0.000e+00
      0.640     8.7145   3.533522    33.3737       1278     5.3208  0.000e+00
      0.716     8.7134   3.534104    33.3807       1279     5.3250  0.000e+00
      0.823     8.7152   3.534042    33.3784       1280     5.3292  0.000e+00
      0.936     8.7165   3.533898    33.3755       1281     5.3333  0.000e+00
      1.018     8.7167   3.533792    33.3742       1282     5.3375  0.000e+00
      1.076     8.7159   3.533798    33.3750       1283     5.3417  0.000e+00
      1.064     8.7157   3.533973    33.3770       1284     5.3458  0.000e+00
      0.981     8.7163   3.534117    33.3780       1285     5.3500  0.000e+00
      0.911     8.7172   3.533610    33.3719       1286     5.3542  0.000e+00
      0.844     8.7164   3.533873    33.3754       1287     5.3583  0.000e+00
      0.710     8.7158   3.533973    33.3771       1288     5.3625  0.000e+00
      0.533     8.7164   3.533798    33.3748       1289     5.3667  0.000e+00
      0.435     8.7164   3.533685    33.3736       1290     5.3708  0.000e+00
      0.472     8.7151   3.533547    33.3734       1291     5.3750  0.000e+00
      0.603     8.7139   3.533748    33.3766       1292     5.3792  0.000e+00
      0.713     8.7140   3.533842    33.3774       1293     5.3833  0.000e+00
      0.798     8.7147   3.533823    33.3765       1294     5.3875  0.000e+00
      0.905     8.7150   3.533078    33.3684       1295     5.3917  0.000e+00
      0.956     8.7128   3.532684    33.3663       1296     5.3958  0.000e+00
      1.002     8.7090   3.532647    33.3694       1297     5.4000  0.000e+00
      0.932     8.7066   3.532609    33.3714       1298     5.4042  0.000e+00
      0.783     8.7052   3.532559    33.3723       1299     5.4083  0.000e+00
      0.603     8.7044   3.532859    33.3763       1300     5.4125  0.000e+00
      0.359     8.7046   3.531371    33.3605       1301     5.4167  0.000e+00
      0.188     8.6995   3.529194    33.3426       1302     5.4208  0.000e+00
      0.225     8.6856   3.529588    33.3598       1303     5.4250  0.000e+00
      0.346     8.6757   3.530214    33.3757       1304     5.4292  0.000e+00
      0.456     8.6740   3.530533    33.3806       1305     5.4333  0.000e+00
      0.566     8.6766   3.532140    33.3950       1306     5.4375  0.000e+00
      0.667     8.6853   3.532860    33.3942       1307     5.4417  0.000e+00
      0.743     8.6959   3.532334    33.3787       1308     5.4458  0.000e+00
      0.801     8.6995   3.532190    33.3738       1309     5.4500  0.000e+00
      0.749     8.6992   3.532384    33.3761       1310     5.4542  0.000e+00
      0.624     8.6996   3.532315    33.3750       1311     5.4583  0.000e+00
      0.468     8.6995   3.531790    33.3696       1312     5.4625  0.000e+00
      0.343     8.6974   3.531765    33.3715       1313     5.4667  0.000e+00
      0.209     8.6949   3.531070    33.3666       1314     5.4708  0.000e+00
      0.145     8.6911   3.531446    33.3741       1315     5.4750  0.000e+00
      0.182     8.6889   3.531740    33.3793       1316     5.4792  0.000e+00
      0.169     8.6901   3.531127    33.3718       1317     5.4833  0.000e+00
      0.130     8.6886   3.531508    33.3772       1318     5.4875  0.000e+00
      0.191     8.6882   3.531321    33.3755       1319     5.4917  0.000e+00
      0.322     8.6880   3.531621    33.3788       1320     5.4958  0.000e+00
      0.441     8.6888   3.531871    33.3806       1321     5.5000  0.000e+00
      0.541     8.6909   3.531721    33.3770       1322     5.5042  0.000e+00
      0.547     8.6916   3.531596    33.3751       1323     5.5083  0.000e+00
      0.422     8.6910   3.531990    33.3798       1324     5.5125  0.000e+00
      0.258     8.6921   3.531327    33.3719       1325     5.5167  0.000e+00
      0.197     8.6913   3.530852    33.3677       1326     5.5208  0.000e+00
      0.190     8.6875   3.530902    33.3718       1327     5.5250  0.000e+00
      0.239     8.6856   3.530939    33.3740       1328     5.5292  0.000e+00
      0.267     8.6849   3.531127    33.3766       1329     5.5333  0.000e+00
      0.230     8.6850   3.530433    33.3692       1330     5.5375  0.000e+00
      0.193     8.6829   3.530864    33.3758       1331     5.5417  0.000e+00
      0.184     8.6824   3.531052    33.3782       1332     5.5458  0.000e+00
      0.267     8.6849   3.531815    33.3839       1333     5.5500  0.000e+00
      0.334     8.6899   3.532215    33.3833       1334     5.5542  0.000e+00
      0.352     8.6949   3.530889    33.3646       1335     5.5583  0.000e+00
      0.331     8.6924   3.530458    33.3625       1336     5.5625  0.000e+00
      0.334     8.6863   3.530383    33.3675       1337     5.5667  0.000e+00
      0.361     8.6827   3.530370    33.3706       1338     5.5708  0.000e+00
      0.452     8.6811   3.531546    33.3845       1339     5.5750  0.000e+00
      0.498     8.6855   3.531990    33.3850       1340     5.5792  0.000e+00
      0.458     8.6919   3.531671    33.3756       1341     5.5833  0.000e+00
      0.349     8.6943   3.531558    33.3723       1342     5.5875  0.000e+00
      0.120     8.6941   3.530927    33.3659       1343     5.5917  0.000e+00
     -0.002     8.6904   1.566429    13.6875       1344     5.5958  0.000e+00
     -0.023     8.6548   0.557995     4.5083       1345     5.6000  0.000e+00
     -0.014     8.5363   0.376725     2.9758       1346     5.6042  0.000e+00
     -0.014     8.4146   0.332210     2.6127       1347     5.6083  0.000e+00
     -0.023     8.3733   0.294185     2.2994       1348     5.6125  0.000e+00
      0.013     8.3725   0.253043     1.9605       1349     5.6167  0.000e+00
      0.163     8.3825   0.587555     4.8009       1350     5.6208  0.000e+00
      0.312     8.4077   2.328156    21.2523       1351     5.6250  0.000e+00
      0.376     8.4696   2.995868    27.9914       1352     5.6292  0.000e+00
      0.422     8.5562   3.526082    33.4452       1353     5.6333  0.000e+00
      0.385     8.6219   3.490969    33.0139       1354     5.6375  0.000e+00
      0.141     8.6592   3.383797    31.8572       1355     5.6417  0.000e+00
     -0.018     8.6764   3.531146    33.3850       1356     5.6458  0.000e+00
     -0.014     8.6815   3.526006    33.3262       1357     5.6500  0.000e+00
     -0.014     8.6776   3.176971    29.6920       1358     5.6542  0.000e+00
     -0.018     8.6719   3.365793    31.6580       1359     5.6583  0.000e+00
     -0.018     8.6702   2.949263    27.3558       1360     5.6625  0.000e+00
     -0.008     8.6696   1.459012    12.6796       1361     5.6667  0.000e+00
     -0.008     8.6707   0.507954     4.0760       1362     5.6708  0.000e+00
     -0.021     8.6729   0.527542     4.2437       1363     5.6750  0.000e+00
     -0.014     8.6727   0.828445     6.8825       1364     5.6792  0.000e+00
     -0.011     8.6706   1.015305     8.5676       1365     5.6833  0.000e+00
     -0.008     8.6687   0.596766     4.8421       1366     5.6875  0.000e+00
