PC2501/sbe067.cnv
* Sea-Bird SBE 19plus Data File:
* FileName = C:\cruise\data\sbe067.hex
* Software Version Seasave V 7.26.7.121
* Temperature SN = 4684
* Conductivity SN = 4684
* System UpLoad Time = Feb 06 2025 00:49:28
* NMEA Latitude = 37 43.45 N
* NMEA Longitude = 071 38.27 W
* NMEA UTC (Time) = Feb 06 2025  00:49:03
** Ship: Pisces
** Cruise:  PC2501
** Program:  AMAPPS
# nquan = 7
# nvalues = 5451                                  
# units = specified
# name 0 = depSM: Depth [salt water, m]
# name 1 = tv290C: Temperature [ITS-90, deg C]
# name 2 = c0S/m: Conductivity [S/m]
# name 3 = sal00: Salinity, Practical [PSU]
# name 4 = scan: Scan Count
# name 5 = timeM: Time, Elapsed [minutes]
# name 6 = flag:  0.000e+00
# span 0 =      0.118,    200.347                 
# span 1 =     4.1219,    16.1949                 
# span 2 =   0.000030,   4.491903                 
# span 3 =     0.0013,    36.0554                 
# span 4 =         11,       5461                 
# span 5 =     0.0417,    22.7500                 
# span 6 = 0.0000e+00, 0.0000e+00                 
# interval = seconds: 0.25
# start_time = Feb 06 2025 00:49:03 [NMEA time, header]
# bad_flag = -9.990e-29
*END*
[from data line 4308]
     43.633    16.1770   4.489963    35.7123       4319    17.9917  0.000e+00
     43.596    16.1778   4.489935    35.7113       4320    17.9958  0.000e+00
     43.548    16.1782   4.489845    35.7102       4321    18.0000  0.000e+00
     43.532    16.1781   4.489873    35.7106       4322    18.0042  0.000e+00
     43.496    16.1781   4.489845    35.7103       4323    18.0083  0.000e+00
     43.465    16.1778   4.489811    35.7103       4324    18.0125  0.000e+00
     43.447    16.1777   4.489783    35.7101       4325    18.0167  0.000e+00
     43.419    16.1775   4.489811    35.7106       4326    18.0208  0.000e+00
     43.398    16.1776   4.489783    35.7103       4327    18.0250  0.000e+00
     43.377    16.1775   4.489783    35.7104       4328    18.0292  0.000e+00
     43.352    16.1775   4.489749    35.7101       4329    18.0333  0.000e+00
     43.319    16.1775   4.489845    35.7109       4330    18.0375  0.000e+00
     43.285    16.1775   4.489811    35.7107       4331    18.0417  0.000e+00
     43.252    16.1776   4.489811    35.7106       4332    18.0458  0.000e+00
     43.227    16.1777   4.489811    35.7105       4333    18.0500  0.000e+00
     43.191    16.1779   4.489845    35.7106       4334    18.0542  0.000e+00
     43.154    16.1780   4.489569    35.7081       4335    18.0583  0.000e+00
     43.121    16.1778   4.489569    35.7082       4336    18.0625  0.000e+00
     43.087    16.1779   4.489569    35.7082       4337    18.0667  0.000e+00
     43.053    16.1778   4.489631    35.7088       4338    18.0708  0.000e+00
     43.020    16.1781   4.489721    35.7094       4339    18.0750  0.000e+00
     42.995    16.1783   4.489693    35.7090       4340    18.0792  0.000e+00
     42.974    16.1786   4.489721    35.7090       4341    18.0833  0.000e+00
     42.947    16.1788   4.489693    35.7086       4342    18.0875  0.000e+00
     42.931    16.1788   4.489721    35.7088       4343    18.0917  0.000e+00
     42.922    16.1792   4.489721    35.7085       4344    18.0958  0.000e+00
     42.904    16.1793   4.489597    35.7073       4345    18.1000  0.000e+00
     42.886    16.1789   4.489542    35.7071       4346    18.1042  0.000e+00
     42.879    16.1784   4.489480    35.7070       4347    18.1083  0.000e+00
     42.876    16.1779   4.489659    35.7091       4348    18.1125  0.000e+00
     42.864    16.1783   4.489659    35.7088       4349    18.1167  0.000e+00
     42.858    16.1789   4.489597    35.7077       4350    18.1208  0.000e+00
     42.843    16.1788   4.489693    35.7086       4351    18.1250  0.000e+00
     42.821    16.1788   4.489597    35.7078       4352    18.1292  0.000e+00
     42.797    16.1788   4.489597    35.7078       4353    18.1333  0.000e+00
     42.760    16.1789   4.489542    35.7072       4354    18.1375  0.000e+00
     42.724    16.1784   4.489480    35.7071       4355    18.1417  0.000e+00
     42.678    16.1782   4.489356    35.7062       4356    18.1458  0.000e+00
     42.632    16.1777   4.489238    35.7056       4357    18.1500  0.000e+00
     42.584    16.1770   4.489452    35.7082       4358    18.1542  0.000e+00
     42.529    16.1768   4.489480    35.7086       4359    18.1583  0.000e+00
     42.477    16.1770   4.489597    35.7095       4360    18.1625  0.000e+00
     42.425    16.1778   4.489355    35.7067       4361    18.1667  0.000e+00
     42.367    16.1774   4.489300    35.7065       4362    18.1708  0.000e+00
     42.315    16.1765   4.489417    35.7084       4363    18.1750  0.000e+00
     42.266    16.1763   4.489507    35.7094       4364    18.1792  0.000e+00
     42.233    16.1768   4.489328    35.7074       4365    18.1833  0.000e+00
     42.193    16.1768   4.489355    35.7077       4366    18.1875  0.000e+00
     42.172    16.1763   4.489238    35.7070       4367    18.1917  0.000e+00
     42.144    16.1757   4.489266    35.7079       4368    18.1958  0.000e+00
     42.138    16.1756   4.489266    35.7080       4369    18.2000  0.000e+00
     42.129    16.1756   4.489355    35.7088       4370    18.2042  0.000e+00
     42.117    16.1758   4.489417    35.7091       4371    18.2083  0.000e+00
     42.111    16.1763   4.489355    35.7082       4372    18.2125  0.000e+00
     42.095    16.1766   4.489328    35.7077       4373    18.2167  0.000e+00
     42.095    16.1761   4.489238    35.7072       4374    18.2208  0.000e+00
     42.086    16.1756   4.489238    35.7078       4375    18.2250  0.000e+00
     42.077    16.1755   4.489238    35.7078       4376    18.2292  0.000e+00
     42.062    16.1753   4.489211    35.7077       4377    18.2333  0.000e+00
     42.044    16.1756   4.489355    35.7088       4378    18.2375  0.000e+00
     42.037    16.1758   4.489266    35.7078       4379    18.2417  0.000e+00
     42.004    16.1759   4.489059    35.7059       4380    18.2458  0.000e+00
     41.986    16.1753   4.488962    35.7056       4381    18.2500  0.000e+00
     41.958    16.1742   4.489024    35.7071       4382    18.2542  0.000e+00
     41.937    16.1738   4.489024    35.7075       4383    18.2583  0.000e+00
     41.915    16.1737   4.488907    35.7066       4384    18.2625  0.000e+00
     41.885    16.1732   4.489114    35.7089       4385    18.2667  0.000e+00
     41.854    16.1736   4.489148    35.7088       4386    18.2708  0.000e+00
     41.827    16.1740   4.489238    35.7093       4387    18.2750  0.000e+00
     41.806    16.1743   4.489086    35.7077       4388    18.2792  0.000e+00
     41.778    16.1744   4.488962    35.7065       4389    18.2833  0.000e+00
     41.745    16.1738   4.488693    35.7046       4390    18.2875  0.000e+00
     41.717    16.1725   4.488604    35.7050       4391    18.2917  0.000e+00
     41.687    16.1709   4.489086    35.7108       4392    18.2958  0.000e+00
     41.662    16.1716   4.488962    35.7090       4393    18.3000  0.000e+00
     41.635    16.1723   4.488239    35.7019       4394    18.3042  0.000e+00
     41.601    16.1706   4.487784    35.6995       4395    18.3083  0.000e+00
     41.574    16.1662   4.487784    35.7034       4396    18.3125  0.000e+00
     41.543    16.1633   4.487880    35.7069       4397    18.3167  0.000e+00
     41.510    16.1623   4.487515    35.7045       4398    18.3208  0.000e+00
     41.488    16.1609   4.487246    35.7034       4399    18.3250  0.000e+00
     41.455    16.1588   4.487453    35.7072       4400    18.3292  0.000e+00
     41.427    16.1583   4.487639    35.7093       4401    18.3333  0.000e+00
     41.409    16.1588   4.487846    35.7107       4402    18.3375  0.000e+00
     41.372    16.1599   4.488694    35.7173       4403    18.3417  0.000e+00
     41.354    16.1629   4.488721    35.7148       4404    18.3458  0.000e+00
     41.333    16.1663   4.488783    35.7124       4405    18.3500  0.000e+00
     41.308    16.1679   4.488301    35.7066       4406    18.3542  0.000e+00
     41.281    16.1674   4.488480    35.7087       4407    18.3583  0.000e+00
     41.253    16.1666   4.487756    35.7029       4408    18.3625  0.000e+00
     41.223    16.1645   4.487577    35.7033       4409    18.3667  0.000e+00
     41.189    16.1620   4.487970    35.7090       4410    18.3708  0.000e+00
     41.156    16.1617   4.488363    35.7128       4411    18.3750  0.000e+00
     41.113    16.1634   4.487846    35.7067       4412    18.3792  0.000e+00
     41.076    16.1635   4.488176    35.7095       4413    18.3833  0.000e+00
     41.024    16.1636   4.488542    35.7127       4414    18.3875  0.000e+00
     40.985    16.1651   4.488721    35.7130       4415    18.3917  0.000e+00
     40.933    16.1671   4.488907    35.7129       4416    18.3958  0.000e+00
     40.899    16.1688   4.488604    35.7087       4417    18.4000  0.000e+00
     40.848    16.1691   4.488514    35.7076       4418    18.4042  0.000e+00
     40.808    16.1686   4.488542    35.7084       4419    18.4083  0.000e+00
     40.774    16.1684   4.488542    35.7085       4420    18.4125  0.000e+00
     40.735    16.1685   4.488631    35.7093       4421    18.4167  0.000e+00
     40.716    16.1686   4.488328    35.7065       4422    18.4208  0.000e+00
     40.701    16.1684   4.488810    35.7109       4423    18.4250  0.000e+00
     40.686    16.1690   4.488872    35.7110       4424    18.4292  0.000e+00
     40.689    16.1703   4.488996    35.7109       4425    18.4333  0.000e+00
     40.689    16.1711   4.488755    35.7081       4426    18.4375  0.000e+00
     40.692    16.1709   4.488452    35.7055       4427    18.4417  0.000e+00
     40.692    16.1699   4.488631    35.7080       4428    18.4458  0.000e+00
     40.695    16.1696   4.488845    35.7102       4429    18.4500  0.000e+00
     40.692    16.1699   4.488872    35.7101       4430    18.4542  0.000e+00
     40.692    16.1708   4.488755    35.7083       4431    18.4583  0.000e+00
     40.680    16.1708   4.488810    35.7088       4432    18.4625  0.000e+00
     40.652    16.1708   4.488810    35.7088       4433    18.4667  0.000e+00
     40.625    16.1708   4.488755    35.7083       4434    18.4708  0.000e+00
     40.582    16.1708   4.488907    35.7097       4435    18.4750  0.000e+00
     40.533    16.1712   4.488962    35.7099       4436    18.4792  0.000e+00
     40.472    16.1716   4.488962    35.7095       4437    18.4833  0.000e+00
     40.399    16.1718   4.488934    35.7091       4438    18.4875  0.000e+00
     40.332    16.1718   4.488872    35.7086       4439    18.4917  0.000e+00
     40.259    16.1718   4.488934    35.7092       4440    18.4958  0.000e+00
     40.195    16.1718   4.488810    35.7081       4441    18.5000  0.000e+00
     40.134    16.1715   4.488693    35.7074       4442    18.5042  0.000e+00
     40.073    16.1708   4.488872    35.7096       4443    18.5083  0.000e+00
     40.030    16.1711   4.488844    35.7091       4444    18.5125  0.000e+00
     39.987    16.1712   4.488810    35.7087       4445    18.5167  0.000e+00
     39.954    16.1713   4.488844    35.7089       4446    18.5208  0.000e+00
     39.932    16.1713   4.488782    35.7084       4447    18.5250  0.000e+00
     39.917    16.1711   4.488424    35.7054       4448    18.5292  0.000e+00
     39.908    16.1700   4.488327    35.7055       4449    18.5333  0.000e+00
     39.902    16.1688   4.488238    35.7058       4450    18.5375  0.000e+00
     39.896    16.1677   4.488424    35.7085       4451    18.5417  0.000e+00
     39.890    16.1676   4.488424    35.7086       4452    18.5458  0.000e+00
     39.893    16.1676   4.488362    35.7080       4453    18.5500  0.000e+00
     39.886    16.1676   4.488514    35.7093       4454    18.5542  0.000e+00
     39.886    16.1681   4.488782    35.7113       4455    18.5583  0.000e+00
     39.883    16.1691   4.488934    35.7118       4456    18.5625  0.000e+00
     39.874    16.1703   4.488844    35.7099       4457    18.5667  0.000e+00
     39.847    16.1708   4.488844    35.7095       4458    18.5708  0.000e+00
     39.822    16.1708   4.488665    35.7079       4459    18.5750  0.000e+00
     39.777    16.1704   4.488665    35.7082       4460    18.5792  0.000e+00
     39.740    16.1701   4.488782    35.7095       4461    18.5833  0.000e+00
     39.688    16.1702   4.489354    35.7146       4462    18.5875  0.000e+00
     39.630    16.1721   4.489506    35.7142       4463    18.5917  0.000e+00
     39.569    16.1741   4.489416    35.7117       4464    18.5958  0.000e+00
     39.502    16.1753   4.490140    35.7171       4465    18.6000  0.000e+00
     39.444    16.1773   4.490050    35.7145       4466    18.6042  0.000e+00
     39.377    16.1791   4.489961    35.7121       4467    18.6083  0.000e+00
     39.319    16.1799   4.489988    35.7116       4468    18.6125  0.000e+00
     39.258    16.1799   4.489809    35.7101       4469    18.6167  0.000e+00
     39.203    16.1794   4.488996    35.7034       4470    18.6208  0.000e+00
     39.163    16.1772   4.489416    35.7091       4471    18.6250  0.000e+00
     39.118    16.1761   4.489719    35.7128       4472    18.6292  0.000e+00
     39.087    16.1767   4.489809    35.7130       4473    18.6333  0.000e+00
     39.051    16.1777   4.489478    35.7092       4474    18.6375  0.000e+00
     39.035    16.1776   4.489898    35.7130       4475    18.6417  0.000e+00
     39.026    16.1787   4.490023    35.7132       4476    18.6458  0.000e+00
     39.008    16.1797   4.490140    35.7133       4477    18.6500  0.000e+00
     39.005    16.1809   4.490174    35.7126       4478    18.6542  0.000e+00
     38.996    16.1816   4.490085    35.7111       4479    18.6583  0.000e+00
     38.990    16.1817   4.490264    35.7126       4480    18.6625  0.000e+00
     38.993    16.1821   4.490291    35.7126       4481    18.6667  0.000e+00
     38.983    16.1825   4.490264    35.7119       4482    18.6708  0.000e+00
     38.971    16.1828   4.490174    35.7109       4483    18.6750  0.000e+00
     38.947    16.1825   4.489416    35.7044       4484    18.6792  0.000e+00
     38.910    16.1803   4.489505    35.7072       4485    18.6833  0.000e+00
     38.871    16.1784   4.488809    35.7027       4486    18.6875  0.000e+00
     38.816    16.1756   4.489354    35.7101       4487    18.6917  0.000e+00
     38.752    16.1743   4.489175    35.7097       4488    18.6958  0.000e+00
     38.684    16.1737   4.489326    35.7116       4489    18.7000  0.000e+00
     38.599    16.1736   4.489781    35.7158       4490    18.7042  0.000e+00
     38.535    16.1752   4.489898    35.7154       4491    18.7083  0.000e+00
     38.459    16.1773   4.490050    35.7149       4492    18.7125  0.000e+00
     38.392    16.1790   4.489988    35.7129       4493    18.7167  0.000e+00
     38.328    16.1800   4.489933    35.7115       4494    18.7208  0.000e+00
     38.263    16.1801   4.488237    35.6963       4495    18.7250  0.000e+00
     38.212    16.1760   4.487603    35.6944       4496    18.7292  0.000e+00
     38.169    16.1686   4.489450    35.7175       4497    18.7333  0.000e+00
     38.129    16.1705   4.487093    35.6948       4498    18.7375  0.000e+00
     38.099    16.1675   4.486700    35.6940       4499    18.7417  0.000e+00
     38.074    16.1607   4.487996    35.7117       4500    18.7458  0.000e+00
     38.050    16.1605   4.489505    35.7253       4501    18.7500  0.000e+00
     38.032    16.1673   4.488540    35.7106       4502    18.7542  0.000e+00
     38.010    16.1697   4.487451    35.6988       4503    18.7583  0.000e+00
     37.980    16.1668   4.486549    35.6933       4504    18.7625  0.000e+00
     37.946    16.1620   4.487010    35.7018       4505    18.7667  0.000e+00
     37.904    16.1584   4.488423    35.7176       4506    18.7708  0.000e+00
     37.861    16.1605   4.487004    35.7031       4507    18.7750  0.000e+00
     37.812    16.1615   4.488513    35.7157       4508    18.7792  0.000e+00
     37.760    16.1631   4.489691    35.7248       4509    18.7833  0.000e+00
     37.699    16.1693   4.489746    35.7197       4510    18.7875  0.000e+00
     37.638    16.1740   4.489388    35.7123       4511    18.7917  0.000e+00
     37.583    16.1760   4.489595    35.7124       4512    18.7958  0.000e+00
     37.513    16.1766   4.489326    35.7095       4513    18.8000  0.000e+00
     37.467    16.1764   4.489567    35.7118       4514    18.8042  0.000e+00
     37.421    16.1765   4.490022    35.7158       4515    18.8083  0.000e+00
     37.382    16.1779   4.489870    35.7132       4516    18.8125  0.000e+00
     37.364    16.1790   4.489932    35.7128       4517    18.8167  0.000e+00
     37.342    16.1791   4.489870    35.7121       4518    18.8208  0.000e+00
     37.336    16.1792   4.490235    35.7153       4519    18.8250  0.000e+00
     37.321    16.1800   4.490173    35.7140       4520    18.8292  0.000e+00
     37.312    16.1809   4.490387    35.7152       4521    18.8333  0.000e+00
     37.296    16.1819   4.490415    35.7145       4522    18.8375  0.000e+00
