PC2501/sbe013.cnv
* Sea-Bird SBE 19plus Data File:
* FileName = C:\cruise\data\sbe013.hex
* Software Version Seasave V 7.26.7.121
* Temperature SN = 4684
* Conductivity SN = 4684
* System UpLoad Time = Jan 12 2025 22:57:11
* NMEA Latitude = 38 10.51 N
* NMEA Longitude = 073 12.31 W
* NMEA UTC (Time) = Jan 12 2025  22:56:33
** Ship: Pisces
** Cruise:  PC2501
** Program:  AMAPPS
# nquan = 7
# nvalues = 7714                                  
# units = specified
# name 0 = depSM: Depth [salt water, m]
# name 1 = tv290C: Temperature [ITS-90, deg C]
# name 2 = c0S/m: Conductivity [S/m]
# name 3 = sal00: Salinity, Practical [PSU]
# name 4 = scan: Scan Count
# name 5 = timeM: Time, Elapsed [minutes]
# name 6 = flag:  0.000e+00
# span 0 =      0.022,    199.581                 
# span 1 =     5.3862,    17.2842                 
# span 2 =   0.000077,   4.665321                 
# span 3 =     0.0024,    36.2386                 
# span 4 =         11,       7724                 
# span 5 =     0.0417,    32.1792                 
# span 6 = 0.0000e+00, 0.0000e+00                 
# interval = seconds: 0.25
# start_time = Jan 12 2025 22:56:33 [NMEA time, header]
# bad_flag = -9.990e-29
*END*
[from data line 3898]
    122.208    14.0232   4.194177    34.9317       3909    16.2833  0.000e+00
    122.178    14.0175   4.194994    34.9445       3910    16.2875  0.000e+00
    122.162    14.0160   4.195517    34.9507       3911    16.2917  0.000e+00
    122.132    14.0184   4.195604    34.9493       3912    16.2958  0.000e+00
    122.092    14.0214   4.194961    34.9406       3913    16.3000  0.000e+00
    122.047    14.0209   4.197522    34.9650       3914    16.3042  0.000e+00
    122.019    14.0267   4.200948    34.9916       3915    16.3083  0.000e+00
    121.983    14.0436   4.205952    35.0229       3916    16.3125  0.000e+00
    121.955    14.0717   4.200713    34.9485       3917    16.3167  0.000e+00
    121.915    14.0750   4.196562    34.9070       3918    16.3208  0.000e+00
    121.870    14.0556   4.196214    34.9214       3919    16.3250  0.000e+00
    121.830    14.0413   4.195369    34.9265       3920    16.3292  0.000e+00
    121.781    14.0313   4.194961    34.9318       3921    16.3333  0.000e+00
    121.736    14.0254   4.194786    34.9355       3922    16.3375  0.000e+00
    121.690    14.0215   4.194934    34.9404       3923    16.3417  0.000e+00
    121.650    14.0192   4.195081    34.9439       3924    16.3458  0.000e+00
    121.611    14.0198   4.195832    34.9504       3925    16.3500  0.000e+00
    121.571    14.0217   4.194559    34.9368       3926    16.3542  0.000e+00
    121.544    14.0206   4.194994    34.9419       3927    16.3583  0.000e+00
    121.504    14.0198   4.197166    34.9629       3928    16.3625  0.000e+00
    121.486    14.0258   4.196529    34.9515       3929    16.3667  0.000e+00
    121.474    14.0302   4.195282    34.9359       3930    16.3708  0.000e+00
    121.455    14.0271   4.194699    34.9332       3931    16.3750  0.000e+00
    121.440    14.0230   4.194471    34.9349       3932    16.3792  0.000e+00
    121.431    14.0194   4.193540    34.9295       3933    16.3833  0.000e+00
    121.416    14.0148   4.194177    34.9396       3934    16.3875  0.000e+00
    121.397    14.0127   4.194411    34.9437       3935    16.3917  0.000e+00
    121.376    14.0139   4.193366    34.9328       3936    16.3958  0.000e+00
    121.352    14.0123   4.194177    34.9419       3937    16.4000  0.000e+00
    121.315    14.0119   4.193600    34.9369       3938    16.4042  0.000e+00
    121.276    14.0115   4.194210    34.9430       3939    16.4083  0.000e+00
    121.236    14.0121   4.194438    34.9446       3940    16.4125  0.000e+00
    121.190    14.0140   4.192903    34.9285       3941    16.4167  0.000e+00
    121.138    14.0105   4.192870    34.9314       3942    16.4208  0.000e+00
    121.090    14.0071   4.193975    34.9448       3943    16.4250  0.000e+00
    121.020    14.0084   4.194123    34.9451       3944    16.4292  0.000e+00
    120.965    14.0117   4.197957    34.9778       3945    16.4333  0.000e+00
    120.910    14.0225   4.203275    35.0176       3946    16.4375  0.000e+00
    120.870    14.0522   4.201993    34.9786       3947    16.4417  0.000e+00
    120.828    14.0677   4.199317    34.9397       3948    16.4458  0.000e+00
    120.788    14.0655   4.200799    34.9555       3949    16.4500  0.000e+00
    120.751    14.0627   4.199726    34.9481       3950    16.4542  0.000e+00
    120.727    14.0613   4.198768    34.9404       3951    16.4583  0.000e+00
    120.703    14.0575   4.197433    34.9315       3952    16.4625  0.000e+00
    120.681    14.0500   4.197085    34.9350       3953    16.4667  0.000e+00
    120.651    14.0441   4.197199    34.9415       3954    16.4708  0.000e+00
    120.620    14.0404   4.197199    34.9449       3955    16.4750  0.000e+00
    120.596    14.0402   4.199666    34.9680       3956    16.4792  0.000e+00
    120.562    14.0470   4.213509    35.0908       3957    16.4833  0.000e+00
    120.532    14.0920   4.216920    35.0815       3958    16.4875  0.000e+00
    120.498    14.1436   4.212306    34.9917       3959    16.4917  0.000e+00
    120.465    14.1578   4.210762    34.9645       3960    16.4958  0.000e+00
    120.428    14.1522   4.206829    34.9331       3961    16.5000  0.000e+00
    120.392    14.1363   4.206856    34.9477       3962    16.5042  0.000e+00
    120.343    14.1240   4.207849    34.9681       3963    16.5083  0.000e+00
    120.306    14.1206   4.207004    34.9633       3964    16.5125  0.000e+00
    120.255    14.1184   4.206480    34.9605       3965    16.5167  0.000e+00
    120.215    14.1147   4.206011    34.9595       3966    16.5208  0.000e+00
    120.172    14.1114   4.203273    34.9371       3967    16.5250  0.000e+00
    120.130    14.1014   4.198217    34.8992       3968    16.5292  0.000e+00
    120.090    14.0770   4.200772    34.9450       3969    16.5333  0.000e+00
    120.053    14.0677   4.198157    34.9293       3970    16.5375  0.000e+00
    120.020    14.0597   4.200484    34.9581       3971    16.5417  0.000e+00
    119.996    14.0583   4.198680    34.9426       3972    16.5458  0.000e+00
    119.965    14.0559   4.197339    34.9323       3973    16.5500  0.000e+00
    119.941    14.0484   4.197011    34.9361       3974    16.5542  0.000e+00
    119.929    14.0424   4.196850    34.9400       3975    16.5583  0.000e+00
    119.913    14.0385   4.198305    34.9572       3976    16.5625  0.000e+00
    119.895    14.0410   4.199177    34.9630       3977    16.5667  0.000e+00
    119.877    14.0473   4.199492    34.9603       3978    16.5708  0.000e+00
    119.862    14.0523   4.197869    34.9406       3979    16.5750  0.000e+00
    119.843    14.0501   4.197165    34.9361       3980    16.5792  0.000e+00
    119.819    14.0446   4.197111    34.9405       3981    16.5833  0.000e+00
    119.791    14.0411   4.197051    34.9432       3982    16.5875  0.000e+00
    119.764    14.0391   4.198124    34.9549       3983    16.5917  0.000e+00
    119.734    14.0417   4.198915    34.9600       3984    16.5958  0.000e+00
    119.694    14.0461   4.198037    34.9479       3985    16.6000  0.000e+00
    119.657    14.0473   4.198097    34.9474       3986    16.6042  0.000e+00
    119.615    14.0464   4.197084    34.9388       3987    16.6083  0.000e+00
    119.566    14.0432   4.197661    34.9471       3988    16.6125  0.000e+00
    119.532    14.0417   4.198741    34.9585       3989    16.6167  0.000e+00
    119.490    14.0446   4.197956    34.9486       3990    16.6208  0.000e+00
    119.456    14.0463   4.198740    34.9543       3991    16.6250  0.000e+00
    119.423    14.0476   4.201007    34.9743       3992    16.6292  0.000e+00
    119.389    14.0562   4.202080    34.9764       3993    16.6333  0.000e+00
    119.362    14.0666   4.200571    34.9529       3994    16.6375  0.000e+00
    119.334    14.0686   4.199753    34.9435       3995    16.6417  0.000e+00
    119.313    14.0643   4.198854    34.9391       3996    16.6458  0.000e+00
    119.282    14.0585   4.199143    34.9470       3997    16.6500  0.000e+00
    119.258    14.0562   4.200276    34.9597       3998    16.6542  0.000e+00
    119.237    14.0585   4.200396    34.9587       3999    16.6583  0.000e+00
    119.203    14.0617   4.199464    34.9472       4000    16.6625  0.000e+00
    119.167    14.0604   4.198767    34.9419       4001    16.6667  0.000e+00
    119.136    14.0566   4.198358    34.9416       4002    16.6708  0.000e+00
    119.103    14.0523   4.198740    34.9490       4003    16.6750  0.000e+00
    119.069    14.0512   4.200537    34.9667       4004    16.6792  0.000e+00
    119.036    14.0562   4.199987    34.9571       4005    16.6833  0.000e+00
    118.990    14.0612   4.200222    34.9548       4006    16.6875  0.000e+00
    118.953    14.0614   4.197868    34.9327       4007    16.6917  0.000e+00
    118.902    14.0550   4.198070    34.9404       4008    16.6958  0.000e+00
    118.859    14.0500   4.198304    34.9471       4009    16.7000  0.000e+00
    118.816    14.0485   4.197225    34.9384       4010    16.7042  0.000e+00
    118.777    14.0448   4.196964    34.9394       4011    16.7083  0.000e+00
    118.731    14.0417   4.196032    34.9336       4012    16.7125  0.000e+00
    118.694    14.0363   4.195891    34.9372       4013    16.7167  0.000e+00
    118.646    14.0322   4.196065    34.9425       4014    16.7208  0.000e+00
    118.606    14.0311   4.196561    34.9482       4015    16.7250  0.000e+00
    118.578    14.0319   4.194993    34.9329       4016    16.7292  0.000e+00
    118.545    14.0286   4.196850    34.9531       4017    16.7333  0.000e+00
    118.518    14.0302   4.196501    34.9485       4018    16.7375  0.000e+00
    118.487    14.0328   4.195918    34.9407       4019    16.7417  0.000e+00
    118.460    14.0317   4.196354    34.9458       4020    16.7458  0.000e+00
    118.447    14.0316   4.196675    34.9488       4021    16.7500  0.000e+00
    118.411    14.0330   4.196615    34.9470       4022    16.7542  0.000e+00
    118.393    14.0341   4.196816    34.9479       4023    16.7583  0.000e+00
    118.374    14.0351   4.196414    34.9433       4024    16.7625  0.000e+00
    118.350    14.0349   4.196467    34.9440       4025    16.7667  0.000e+00
    118.335    14.0335   4.195516    34.9364       4026    16.7708  0.000e+00
    118.326    14.0309   4.195428    34.9379       4027    16.7750  0.000e+00
    118.301    14.0282   4.195482    34.9409       4028    16.7792  0.000e+00
    118.292    14.0269   4.195542    34.9426       4029    16.7833  0.000e+00
    118.258    14.0265   4.195656    34.9440       4030    16.7875  0.000e+00
    118.231    14.0273   4.195743    34.9442       4031    16.7917  0.000e+00
    118.201    14.0278   4.195221    34.9388       4032    16.7958  0.000e+00
    118.161    14.0263   4.194470    34.9332       4033    16.8000  0.000e+00
    118.140    14.0228   4.193739    34.9296       4034    16.8042  0.000e+00
    118.100    14.0178   4.193740    34.9342       4035    16.8083  0.000e+00
    118.051    14.0148   4.193947    34.9389       4036    16.8125  0.000e+00
    118.015    14.0139   4.193914    34.9393       4037    16.8167  0.000e+00
    117.975    14.0141   4.193860    34.9387       4038    16.8208  0.000e+00
    117.938    14.0139   4.193686    34.9373       4039    16.8250  0.000e+00
    117.902    14.0130   4.194034    34.9414       4040    16.8292  0.000e+00
    117.868    14.0131   4.194845    34.9488       4041    16.8333  0.000e+00
    117.841    14.0166   4.195134    34.9484       4042    16.8375  0.000e+00
    117.817    14.0199   4.195308    34.9470       4043    16.8417  0.000e+00
    117.792    14.0221   4.196789    34.9588       4044    16.8458  0.000e+00
    117.786    14.0280   4.197164    34.9570       4045    16.8500  0.000e+00
    117.768    14.0333   4.196353    34.9446       4046    16.8542  0.000e+00
    117.746    14.0346   4.196414    34.9440       4047    16.8583  0.000e+00
    117.737    14.0343   4.196467    34.9447       4048    16.8625  0.000e+00
    117.731    14.0344   4.197372    34.9531       4049    16.8667  0.000e+00
    117.719    14.0364   4.197634    34.9537       4050    16.8708  0.000e+00
    117.701    14.0394   4.197721    34.9518       4051    16.8750  0.000e+00
    117.682    14.0419   4.197734    34.9497       4052    16.8792  0.000e+00
    117.664    14.0432   4.197808    34.9492       4053    16.8833  0.000e+00
    117.637    14.0437   4.198156    34.9520       4054    16.8875  0.000e+00
    117.615    14.0448   4.198793    34.9569       4055    16.8917  0.000e+00
    117.582    14.0479   4.198592    34.9523       4056    16.8958  0.000e+00
    117.548    14.0497   4.198418    34.9490       4057    16.9000  0.000e+00
    117.515    14.0492   4.199202    34.9568       4058    16.9042  0.000e+00
    117.478    14.0516   4.199175    34.9544       4059    16.9083  0.000e+00
    117.448    14.0534   4.199142    34.9524       4060    16.9125  0.000e+00
    117.417    14.0542   4.198766    34.9482       4061    16.9167  0.000e+00
    117.369    14.0530   4.198183    34.9439       4062    16.9208  0.000e+00
    117.323    14.0510   4.198478    34.9485       4063    16.9250  0.000e+00
    117.292    14.0497   4.198304    34.9481       4064    16.9292  0.000e+00
    117.250    14.0488   4.198096    34.9470       4065    16.9333  0.000e+00
    117.210    14.0479   4.197895    34.9459       4066    16.9375  0.000e+00
    117.174    14.0465   4.198217    34.9502       4067    16.9417  0.000e+00
    117.143    14.0466   4.198444    34.9523       4068    16.9458  0.000e+00
    117.103    14.0478   4.197834    34.9455       4069    16.9500  0.000e+00
    117.064    14.0467   4.198035    34.9484       4070    16.9542  0.000e+00
    117.021    14.0462   4.198880    34.9567       4071    16.9583  0.000e+00
    116.994    14.0484   4.199490    34.9604       4072    16.9625  0.000e+00
    116.957    14.0527   4.198444    34.9468       4073    16.9667  0.000e+00
    116.918    14.0526   4.197546    34.9386       4074    16.9708  0.000e+00
    116.881    14.0477   4.198123    34.9483       4075    16.9750  0.000e+00
    116.857    14.0461   4.198478    34.9532       4076    16.9792  0.000e+00
    116.814    14.0482   4.198123    34.9479       4077    16.9833  0.000e+00
    116.786    14.0481   4.199839    34.9641       4078    16.9875  0.000e+00
    116.750    14.0520   4.200362    34.9654       4079    16.9917  0.000e+00
    116.719    14.0583   4.200878    34.9644       4080    16.9958  0.000e+00
    116.692    14.0632   4.199202    34.9445       4081    17.0000  0.000e+00
    116.665    14.0612   4.198069    34.9357       4082    17.0042  0.000e+00
    116.643    14.0541   4.197311    34.9351       4083    17.0083  0.000e+00
    116.622    14.0473   4.197486    34.9429       4084    17.0125  0.000e+00
    116.607    14.0433   4.194469    34.9185       4085    17.0167  0.000e+00
    116.591    14.0336   4.192318    34.9073       4086    17.0208  0.000e+00
    116.573    14.0185   4.192580    34.9234       4087    17.0250  0.000e+00
    116.561    14.0096   4.191099    34.9177       4088    17.0292  0.000e+00
    116.546    14.0012   4.191568    34.9297       4089    17.0333  0.000e+00
    116.540    13.9975   4.191012    34.9279       4090    17.0375  0.000e+00
    116.509    13.9949   4.190576    34.9262       4091    17.0417  0.000e+00
    116.488    13.9921   4.191159    34.9342       4092    17.0458  0.000e+00
    116.460    13.9912   4.191099    34.9345       4093    17.0500  0.000e+00
    116.424    13.9923   4.190985    34.9324       4094    17.0542  0.000e+00
    116.393    13.9921   4.192171    34.9437       4095    17.0583  0.000e+00
    116.354    13.9952   4.194175    34.9595       4096    17.0625  0.000e+00
    116.317    14.0053   4.194697    34.9552       4097    17.0667  0.000e+00
    116.290    14.0130   4.193538    34.9374       4098    17.0708  0.000e+00
    116.262    14.0139   4.191682    34.9193       4099    17.0750  0.000e+00
    116.238    14.0067   4.192519    34.9337       4100    17.0792  0.000e+00
    116.217    14.0031   4.191856    34.9308       4101    17.0833  0.000e+00
    116.201    14.0012   4.191709    34.9311       4102    17.0875  0.000e+00
    116.189    13.9989   4.192493    34.9405       4103    17.0917  0.000e+00
    116.174    14.0004   4.193364    34.9473       4104    17.0958  0.000e+00
    116.156    14.0051   4.193142    34.9410       4105    17.1000  0.000e+00
    116.143    14.0074   4.193886    34.9458       4106    17.1042  0.000e+00
    116.131    14.0109   4.195743    34.9599       4107    17.1083  0.000e+00
    116.101    14.0187   4.203743    35.0274       4108    17.1125  0.000e+00
    116.073    14.0463   4.205225    35.0162       4109    17.1167  0.000e+00
    116.046    14.0760   4.205251    34.9893       4110    17.1208  0.000e+00
    116.003    14.0915   4.206942    34.9910       4111    17.1250  0.000e+00
    115.961    14.1032   4.207405    34.9847       4112    17.1292  0.000e+00
