PC2501/sbe020.cnv
* Sea-Bird SBE 19plus Data File:
* FileName = C:\cruise\data\sbe020.hex
* Software Version Seasave V 7.26.7.121
* Temperature SN = 4684
* Conductivity SN = 4684
* System UpLoad Time = Jan 13 2025 09:33:31
* NMEA Latitude = 37 53.07 N
* NMEA Longitude = 072 54.48 W
* NMEA UTC (Time) = Jan 13 2025  09:32:53
** Ship: Pisces
** Cruise:  PC2501
** Program:  AMAPPS
# nquan = 7
# nvalues = 1391                                  
# units = specified
# name 0 = depSM: Depth [salt water, m]
# name 1 = tv290C: Temperature [ITS-90, deg C]
# name 2 = c0S/m: Conductivity [S/m]
# name 3 = sal00: Salinity, Practical [PSU]
# name 4 = scan: Scan Count
# name 5 = timeM: Time, Elapsed [minutes]
# name 6 = flag:  0.000e+00
# span 0 =      0.071,     50.517                 
# span 1 =     7.3928,    11.1674                 
# span 2 =   0.225796,   3.799247                 
# span 3 =     1.6694,    34.2572                 
# span 4 =         11,       1401                 
# span 5 =     0.0417,     5.8333                 
# span 6 = 0.0000e+00, 0.0000e+00                 
# interval = seconds: 0.25
# start_time = Jan 13 2025 09:32:53 [NMEA time, header]
# bad_flag = -9.990e-29
*END*
[from data line 206]
     33.069    11.1291   3.794394    33.7722        217     0.9000  0.000e+00
     33.179    11.1319   3.794555    33.7711        218     0.9042  0.000e+00
     33.298    11.1340   3.794716    33.7707        219     0.9083  0.000e+00
     33.420    11.1356   3.794961    33.7717        220     0.9125  0.000e+00
     33.533    11.1370   3.795038    33.7711        221     0.9167  0.000e+00
     33.661    11.1383   3.795173    33.7712        222     0.9208  0.000e+00
     33.780    11.1394   3.795418    33.7725        223     0.9250  0.000e+00
     33.911    11.1409   3.795630    33.7732        224     0.9292  0.000e+00
     34.045    11.1423   3.795662    33.7722        225     0.9333  0.000e+00
     34.170    11.1433   3.795714    33.7717        226     0.9375  0.000e+00
     34.320    11.1439   3.795772    33.7717        227     0.9417  0.000e+00
     34.472    11.1443   3.795688    33.7705        228     0.9458  0.000e+00
     34.619    11.1444   3.795875    33.7721        229     0.9500  0.000e+00
     34.771    11.1449   3.795901    33.7718        230     0.9542  0.000e+00
     34.939    11.1455   3.796036    33.7726        231     0.9583  0.000e+00
     35.104    11.1461   3.796062    33.7722        232     0.9625  0.000e+00
     35.268    11.1466   3.795985    33.7709        233     0.9667  0.000e+00
     35.430    11.1465   3.795901    33.7701        234     0.9708  0.000e+00
     35.588    11.1463   3.796120    33.7724        235     0.9750  0.000e+00
     35.741    11.1465   3.796171    33.7727        236     0.9792  0.000e+00
     35.881    11.1470   3.796120    33.7716        237     0.9833  0.000e+00
     36.015    11.1471   3.796197    33.7722        238     0.9875  0.000e+00
     36.156    11.1473   3.796120    33.7712        239     0.9917  0.000e+00
     36.290    11.1470   3.796333    33.7735        240     0.9958  0.000e+00
     36.421    11.1473   3.796416    33.7740        241     1.0000  0.000e+00
     36.552    11.1483   3.796416    33.7731        242     1.0042  0.000e+00
     36.692    11.1489   3.796358    33.7719        243     1.0083  0.000e+00
     36.820    11.1488   3.796365    33.7720        244     1.0125  0.000e+00
     36.954    11.1486   3.796629    33.7747        245     1.0167  0.000e+00
     37.086    11.1496   3.796687    33.7744        246     1.0208  0.000e+00
     37.205    11.1501   3.796655    33.7735        247     1.0250  0.000e+00
     37.336    11.1505   3.796674    33.7732        248     1.0292  0.000e+00
     37.455    11.1506   3.796603    33.7724        249     1.0333  0.000e+00
     37.577    11.1506   3.796571    33.7720        250     1.0375  0.000e+00
     37.692    11.1502   3.796655    33.7732        251     1.0417  0.000e+00
     37.808    11.1502   3.796790    33.7744        252     1.0458  0.000e+00
     37.918    11.1508   3.796951    33.7755        253     1.0500  0.000e+00
     38.031    11.1518   3.797035    33.7754        254     1.0542  0.000e+00
     38.135    11.1528   3.797035    33.7744        255     1.0583  0.000e+00
     38.251    11.1533   3.797144    33.7749        256     1.0625  0.000e+00
     38.357    11.1537   3.797196    33.7750        257     1.0667  0.000e+00
     38.464    11.1542   3.797196    33.7745        258     1.0708  0.000e+00
     38.577    11.1543   3.797144    33.7739        259     1.0750  0.000e+00
     38.699    11.1542   3.797144    33.7739        260     1.0792  0.000e+00
     38.821    11.1540   3.797196    33.7746        261     1.0833  0.000e+00
     38.964    11.1542   3.797196    33.7743        262     1.0875  0.000e+00
     39.123    11.1544   3.797222    33.7743        263     1.0917  0.000e+00
     39.272    11.1546   3.797357    33.7754        264     1.0958  0.000e+00
     39.434    11.1550   3.797170    33.7731        265     1.1000  0.000e+00
     39.617    11.1547   3.797119    33.7728        266     1.1042  0.000e+00
     39.796    11.1543   3.797145    33.7733        267     1.1083  0.000e+00
     39.986    11.1540   3.797035    33.7725        268     1.1125  0.000e+00
     40.175    11.1532   3.797036    33.7731        269     1.1167  0.000e+00
     40.354    11.1524   3.797036    33.7738        270     1.1208  0.000e+00
     40.525    11.1522   3.797061    33.7741        271     1.1250  0.000e+00
     40.687    11.1523   3.797036    33.7737        272     1.1292  0.000e+00
     40.833    11.1523   3.797119    33.7745        273     1.1333  0.000e+00
     40.980    11.1522   3.797062    33.7739        274     1.1375  0.000e+00
     41.099    11.1523   3.797145    33.7746        275     1.1417  0.000e+00
     41.211    11.1524   3.797306    33.7761        276     1.1458  0.000e+00
     41.321    11.1531   3.797332    33.7757        277     1.1500  0.000e+00
     41.434    11.1537   3.797442    33.7761        278     1.1542  0.000e+00
     41.544    11.1545   3.797442    33.7753        279     1.1583  0.000e+00
     41.650    11.1550   3.797519    33.7756        280     1.1625  0.000e+00
     41.760    11.1553   3.797442    33.7745        281     1.1667  0.000e+00
     41.861    11.1554   3.797474    33.7747        282     1.1708  0.000e+00
     41.971    11.1554   3.797551    33.7754        283     1.1750  0.000e+00
     42.083    11.1557   3.797603    33.7756        284     1.1792  0.000e+00
     42.202    11.1561   3.797603    33.7751        285     1.1833  0.000e+00
     42.327    11.1565   3.797680    33.7755        286     1.1875  0.000e+00
     42.446    11.1568   3.797629    33.7747        287     1.1917  0.000e+00
     42.574    11.1570   3.797654    33.7747        288     1.1958  0.000e+00
     42.705    11.1568   3.797629    33.7745        289     1.2000  0.000e+00
     42.840    11.1567   3.797603    33.7743        290     1.2042  0.000e+00
     42.977    11.1566   3.797629    33.7747        291     1.2083  0.000e+00
     43.105    11.1565   3.797603    33.7744        292     1.2125  0.000e+00
     43.233    11.1565   3.797629    33.7747        293     1.2167  0.000e+00
     43.358    11.1564   3.797629    33.7747        294     1.2208  0.000e+00
     43.471    11.1565   3.797713    33.7753        295     1.2250  0.000e+00
     43.581    11.1565   3.797738    33.7756        296     1.2292  0.000e+00
     43.687    11.1569   3.797713    33.7749        297     1.2333  0.000e+00
     43.788    11.1569   3.797629    33.7740        298     1.2375  0.000e+00
     43.892    11.1567   3.797629    33.7741        299     1.2417  0.000e+00
     43.995    11.1565   3.797629    33.7743        300     1.2458  0.000e+00
     44.114    11.1563   3.797713    33.7753        301     1.2500  0.000e+00
     44.227    11.1565   3.797739    33.7753        302     1.2542  0.000e+00
     44.367    11.1568   3.797739    33.7749        303     1.2583  0.000e+00
     44.514    11.1569   3.797604    33.7734        304     1.2625  0.000e+00
     44.678    11.1566   3.797739    33.7750        305     1.2667  0.000e+00
     44.843    11.1565   3.797765    33.7753        306     1.2708  0.000e+00
     45.035    11.1567   3.797874    33.7761        307     1.2750  0.000e+00
     45.230    11.1573   3.797926    33.7760        308     1.2792  0.000e+00
     45.444    11.1576   3.797952    33.7758        309     1.2833  0.000e+00
     45.663    11.1579   3.797630    33.7723        310     1.2875  0.000e+00
     45.870    11.1582   3.798035    33.7759        311     1.2917  0.000e+00
     46.062    11.1584   3.798113    33.7764        312     1.2958  0.000e+00
     46.236    11.1587   3.798171    33.7767        313     1.3000  0.000e+00
     46.407    11.1592   3.798248    33.7768        314     1.3042  0.000e+00
     46.566    11.1597   3.798306    33.7770        315     1.3083  0.000e+00
     46.697    11.1602   3.798280    33.7761        316     1.3125  0.000e+00
     46.819    11.1603   3.798010    33.7733        317     1.3167  0.000e+00
     46.901    11.1592   3.798036    33.7745        318     1.3208  0.000e+00
     46.962    11.1582   3.798010    33.7752        319     1.3250  0.000e+00
     47.008    11.1577   3.798358    33.7791        320     1.3292  0.000e+00
     47.072    11.1587   3.798602    33.7806        321     1.3333  0.000e+00
     47.117    11.1606   3.798628    33.7791        322     1.3375  0.000e+00
     47.151    11.1619   3.798738    33.7789        323     1.3417  0.000e+00
     47.215    11.1630   3.798873    33.7792        324     1.3458  0.000e+00
     47.297    11.1640   3.798924    33.7788        325     1.3500  0.000e+00
     47.395    11.1649   3.799008    33.7787        326     1.3542  0.000e+00
     47.499    11.1655   3.798950    33.7776        327     1.3583  0.000e+00
     47.618    11.1659   3.799034    33.7779        328     1.3625  0.000e+00
     47.752    11.1662   3.799008    33.7774        329     1.3667  0.000e+00
     47.904    11.1663   3.799060    33.7777        330     1.3708  0.000e+00
     48.060    11.1665   3.799073    33.7776        331     1.3750  0.000e+00
     48.215    11.1667   3.799086    33.7775        332     1.3792  0.000e+00
     48.395    11.1668   3.799112    33.7776        333     1.3833  0.000e+00
     48.557    11.1669   3.799086    33.7771        334     1.3875  0.000e+00
     48.715    11.1669   3.799144    33.7776        335     1.3917  0.000e+00
     48.883    11.1669   3.799086    33.7770        336     1.3958  0.000e+00
     49.045    11.1668   3.799060    33.7768        337     1.4000  0.000e+00
     49.203    11.1667   3.799086    33.7771        338     1.4042  0.000e+00
     49.356    11.1665   3.799060    33.7769        339     1.4083  0.000e+00
     49.505    11.1663   3.799112    33.7775        340     1.4125  0.000e+00
     49.673    11.1664   3.799112    33.7774        341     1.4167  0.000e+00
     49.837    11.1664   3.799112    33.7773        342     1.4208  0.000e+00
     49.996    11.1664   3.799112    33.7773        343     1.4250  0.000e+00
     50.167    11.1663   3.799061    33.7767        344     1.4292  0.000e+00
     50.337    11.1662   3.799035    33.7765        345     1.4333  0.000e+00
     50.471    11.1661   3.799035    33.7766        346     1.4375  0.000e+00
     50.514    11.1656   3.798926    33.7759        347     1.4417  0.000e+00
     50.517    11.1649   3.799099    33.7783        348     1.4458  0.000e+00
     50.484    11.1650   3.799087    33.7780        349     1.4500  0.000e+00
     50.410    11.1655   3.799061    33.7774        350     1.4542  0.000e+00
     50.346    11.1658   3.799086    33.7774        351     1.4583  0.000e+00
     50.313    11.1659   3.799061    33.7771        352     1.4625  0.000e+00
     50.258    11.1659   3.799035    33.7768        353     1.4667  0.000e+00
     50.179    11.1659   3.799061    33.7771        354     1.4708  0.000e+00
     50.093    11.1659   3.799061    33.7771        355     1.4750  0.000e+00
     49.996    11.1659   3.799035    33.7769        356     1.4792  0.000e+00
     49.886    11.1659   3.799086    33.7775        357     1.4833  0.000e+00
     49.770    11.1661   3.799196    33.7784        358     1.4875  0.000e+00
     49.639    11.1668   3.799247    33.7784        359     1.4917  0.000e+00
     49.517    11.1671   3.799144    33.7772        360     1.4958  0.000e+00
     49.395    11.1673   3.799035    33.7759        361     1.5000  0.000e+00
     49.295    11.1667   3.799196    33.7781        362     1.5042  0.000e+00
     49.206    11.1670   3.799247    33.7784        363     1.5083  0.000e+00
     49.136    11.1674   3.798816    33.7738        364     1.5125  0.000e+00
     49.081    11.1663   3.798899    33.7757        365     1.5167  0.000e+00
     49.063    11.1653   3.798899    33.7766        366     1.5208  0.000e+00
     49.017    11.1653   3.798841    33.7760        367     1.5250  0.000e+00
     48.935    11.1648   3.798790    33.7760        368     1.5292  0.000e+00
     48.837    11.1644   3.798764    33.7761        369     1.5333  0.000e+00
     48.712    11.1642   3.798815    33.7769        370     1.5375  0.000e+00
     48.596    11.1642   3.798841    33.7772        371     1.5417  0.000e+00
     48.471    11.1643   3.798790    33.7766        372     1.5458  0.000e+00
     48.340    11.1645   3.798815    33.7768        373     1.5500  0.000e+00
     48.194    11.1644   3.798712    33.7759        374     1.5542  0.000e+00
     48.054    11.1642   3.798654    33.7756        375     1.5583  0.000e+00
     47.910    11.1639   3.798738    33.7767        376     1.5625  0.000e+00
     47.755    11.1640   3.798712    33.7764        377     1.5667  0.000e+00
     47.581    11.1640   3.798532    33.7747        378     1.5708  0.000e+00
     47.410    11.1637   3.798442    33.7742        379     1.5750  0.000e+00
     47.236    11.1628   3.798467    33.7754        380     1.5792  0.000e+00
     47.054    11.1625   3.798358    33.7747        381     1.5833  0.000e+00
     46.874    11.1621   3.798306    33.7746        382     1.5875  0.000e+00
     46.682    11.1616   3.798222    33.7743        383     1.5917  0.000e+00
     46.496    11.1610   3.798113    33.7739        384     1.5958  0.000e+00
     46.313    11.1606   3.798576    33.7788        385     1.6000  0.000e+00
     46.117    11.1617   3.798332    33.7755        386     1.6042  0.000e+00
     45.928    11.1622   3.798357    33.7754        387     1.6083  0.000e+00
     45.739    11.1621   3.798628    33.7782        388     1.6125  0.000e+00
     45.569    11.1630   3.798628    33.7775        389     1.6167  0.000e+00
     45.410    11.1638   3.798306    33.7736        390     1.6208  0.000e+00
     45.273    11.1630   3.798280    33.7742        391     1.6250  0.000e+00
     45.139    11.1622   3.798280    33.7749        392     1.6292  0.000e+00
     45.014    11.1618   3.798222    33.7748        393     1.6333  0.000e+00
     44.876    11.1614   3.798196    33.7750        394     1.6375  0.000e+00
     44.733    11.1613   3.798247    33.7757        395     1.6417  0.000e+00
     44.584    11.1613   3.798331    33.7766        396     1.6458  0.000e+00
     44.440    11.1616   3.798280    33.7758        397     1.6500  0.000e+00
     44.294    11.1618   3.798408    33.7770        398     1.6542  0.000e+00
     44.136    11.1622   3.798440    33.7770        399     1.6583  0.000e+00
     43.998    11.1628   3.798518    33.7773        400     1.6625  0.000e+00
     43.864    11.1631   3.798518    33.7771        401     1.6667  0.000e+00
     43.751    11.1635   3.798144    33.7731        402     1.6708  0.000e+00
     43.660    11.1626   3.798144    33.7739        403     1.6750  0.000e+00
     43.571    11.1615   3.798035    33.7739        404     1.6792  0.000e+00
     43.498    11.1608   3.797951    33.7738        405     1.6833  0.000e+00
     43.440    11.1600   3.797848    33.7734        406     1.6875  0.000e+00
     43.401    11.1591   3.797764    33.7735        407     1.6917  0.000e+00
     43.379    11.1585   3.797790    33.7743        408     1.6958  0.000e+00
     43.352    11.1581   3.797764    33.7744        409     1.7000  0.000e+00
     43.340    11.1579   3.797713    33.7741        410     1.7042  0.000e+00
     43.324    11.1577   3.797713    33.7743        411     1.7083  0.000e+00
     43.303    11.1576   3.797629    33.7735        412     1.7125  0.000e+00
     43.267    11.1572   3.797655    33.7742        413     1.7167  0.000e+00
     43.233    11.1571   3.797629    33.7740        414     1.7208  0.000e+00
     43.181    11.1570   3.797764    33.7755        415     1.7250  0.000e+00
     43.123    11.1572   3.797816    33.7759        416     1.7292  0.000e+00
     43.047    11.1578   3.797848    33.7757        417     1.7333  0.000e+00
     42.971    11.1582   3.797815    33.7750        418     1.7375  0.000e+00
     42.891    11.1584   3.797873    33.7755        419     1.7417  0.000e+00
     42.809    11.1584   3.797848    33.7752        420     1.7458  0.000e+00
