PC2501/sbe077.cnv
* Sea-Bird SBE 19plus Data File:
* FileName = C:\cruise\data\sbe077.hex
* Software Version Seasave V 7.26.7.121
* Temperature SN = 4684
* Conductivity SN = 4684
* System UpLoad Time = Feb 10 2025 10:49:30
* NMEA Latitude = 36 32.96 N
* NMEA Longitude = 073 58.52 W
* NMEA UTC (Time) = Feb 10 2025  10:49:08
** Ship: Pisces
** Cruise:  PC2501
** Program:  AMAPPS
# nquan = 7
# nvalues = 4731                                  
# units = specified
# name 0 = depSM: Depth [salt water, m]
# name 1 = tv290C: Temperature [ITS-90, deg C]
# name 2 = c0S/m: Conductivity [S/m]
# name 3 = sal00: Salinity, Practical [PSU]
# name 4 = scan: Scan Count
# name 5 = timeM: Time, Elapsed [minutes]
# name 6 = flag:  0.000e+00
# span 0 =      0.091,    202.642                 
# span 1 =     5.7882,    14.2353                 
# span 2 =   0.000066,   4.312917                 
# span 3 =     0.0026,    35.9625                 
# span 4 =         11,       4741                 
# span 5 =     0.0417,    19.7500                 
# span 6 = 0.0000e+00, 0.0000e+00                 
# interval = seconds: 0.25
# start_time = Feb 10 2025 10:49:08 [NMEA time, header]
# bad_flag = -9.990e-29
*END*
[from data line 411]
     42.020    12.7597   4.052534    34.7837        422     1.7542  0.000e+00
     42.108    12.7735   4.053928    34.7844        423     1.7583  0.000e+00
     42.203    12.7860   4.054761    34.7807        424     1.7625  0.000e+00
     42.306    12.7960   4.056936    34.7923        425     1.7667  0.000e+00
     42.419    12.8069   4.059250    34.8044        426     1.7708  0.000e+00
     42.553    12.8206   4.059891    34.7978        427     1.7750  0.000e+00
     42.690    12.8317   4.060116    34.7897        428     1.7792  0.000e+00
     42.846    12.8385   4.061373    34.7953        429     1.7833  0.000e+00
     43.011    12.8455   4.061485    34.7899        430     1.7875  0.000e+00
     43.172    12.8503   4.060983    34.7806        431     1.7917  0.000e+00
     43.340    12.8506   4.060454    34.7752        432     1.7958  0.000e+00
     43.514    12.8481   4.061287    34.7854        433     1.8000  0.000e+00
     43.687    12.8481   4.062432    34.7963        434     1.8042  0.000e+00
     43.861    12.8523   4.063801    34.8054        435     1.8083  0.000e+00
     44.032    12.8596   4.065786    34.8176        436     1.8125  0.000e+00
     44.184    12.8697   4.067103    34.8208        437     1.8167  0.000e+00
     44.325    12.8803   4.067857    34.8182        438     1.8208  0.000e+00
     44.453    12.8881   4.068473    34.8169        439     1.8250  0.000e+00
     44.562    12.8940   4.069175    34.8181        440     1.8292  0.000e+00
     44.669    12.8996   4.069870    34.8195        441     1.8333  0.000e+00
     44.757    12.9051   4.070095    34.8165        442     1.8375  0.000e+00
     44.843    12.9091   4.070207    34.8139        443     1.8417  0.000e+00
     44.919    12.9111   4.070823    34.8179        444     1.8458  0.000e+00
     45.004    12.9138   4.071439    34.8213        445     1.8500  0.000e+00
     45.068    12.9172   4.072028    34.8238        446     1.8542  0.000e+00
     45.151    12.9211   4.072227    34.8220        447     1.8583  0.000e+00
     45.227    12.9242   4.072419    34.8210        448     1.8625  0.000e+00
     45.321    12.9263   4.072366    34.8185        449     1.8667  0.000e+00
     45.413    12.9270   4.072617    34.8202        450     1.8708  0.000e+00
     45.507    12.9281   4.072697    34.8199        451     1.8750  0.000e+00
     45.605    12.9293   4.072809    34.8198        452     1.8792  0.000e+00
     45.712    12.9303   4.072896    34.8197        453     1.8833  0.000e+00
     45.818    12.9314   4.073207    34.8216        454     1.8875  0.000e+00
     45.934    12.9325   4.073286    34.8213        455     1.8917  0.000e+00
     46.044    12.9337   4.073346    34.8208        456     1.8958  0.000e+00
     46.166    12.9341   4.073485    34.8216        457     1.9000  0.000e+00
     46.297    12.9344   4.073624    34.8226        458     1.9042  0.000e+00
     46.425    12.9350   4.073538    34.8212        459     1.9083  0.000e+00
     46.562    12.9349   4.073148    34.8175        460     1.9125  0.000e+00
     46.706    12.9335   4.072810    34.8155        461     1.9167  0.000e+00
     46.840    12.9310   4.072644    34.8162        462     1.9208  0.000e+00
     46.965    12.9284   4.072532    34.8174        463     1.9250  0.000e+00
     47.084    12.9265   4.072558    34.8194        464     1.9292  0.000e+00
     47.205    12.9257   4.072592    34.8204        465     1.9333  0.000e+00
     47.312    12.9255   4.072671    34.8213        466     1.9375  0.000e+00
     47.407    12.9257   4.072618    34.8205        467     1.9417  0.000e+00
     47.516    12.9259   4.072506    34.8193        468     1.9458  0.000e+00
     47.620    12.9252   4.072420    34.8191        469     1.9500  0.000e+00
     47.733    12.9242   4.072592    34.8215        470     1.9542  0.000e+00
     47.858    12.9241   4.072731    34.8229        471     1.9583  0.000e+00
     47.983    12.9248   4.072784    34.8227        472     1.9625  0.000e+00
     48.111    12.9257   4.072784    34.8218        473     1.9667  0.000e+00
     48.257    12.9263   4.072592    34.8194        474     1.9708  0.000e+00
     48.400    12.9256   4.071579    34.8103        475     1.9750  0.000e+00
     48.547    12.9213   4.070851    34.8073        476     1.9792  0.000e+00
     48.687    12.9145   4.069090    34.7966        477     1.9833  0.000e+00
     48.830    12.9040   4.067799    34.7939        478     1.9875  0.000e+00
     48.964    12.8918   4.067296    34.8003        479     1.9917  0.000e+00
     49.083    12.8826   4.066906    34.8050        480     1.9958  0.000e+00
     49.208    12.8761   4.065232    34.7949        481     2.0000  0.000e+00
     49.330    12.8670   4.064306    34.7943        482     2.0042  0.000e+00
     49.452    12.8568   4.064081    34.8016        483     2.0083  0.000e+00
     49.562    12.8499   4.064227    34.8092        484     2.0125  0.000e+00
     49.687    12.8468   4.064253    34.8123        485     2.0167  0.000e+00
     49.797    12.8455   4.064392    34.8148        486     2.0208  0.000e+00
     49.903    12.8452   4.064558    34.8166        487     2.0250  0.000e+00
     50.004    12.8457   4.064445    34.8150        488     2.0292  0.000e+00
     50.117    12.8460   4.064617    34.8164        489     2.0333  0.000e+00
     50.217    12.8466   4.064783    34.8174        490     2.0375  0.000e+00
     50.330    12.8474   4.065120    34.8198        491     2.0417  0.000e+00
     50.446    12.8486   4.065848    34.8256        492     2.0458  0.000e+00
     50.550    12.8516   4.066179    34.8259        493     2.0500  0.000e+00
     50.653    12.8549   4.066351    34.8245        494     2.0542  0.000e+00
     50.739    12.8573   4.066543    34.8241        495     2.0583  0.000e+00
     50.827    12.8593   4.066603    34.8228        496     2.0625  0.000e+00
     50.897    12.8604   4.066742    34.8231        497     2.0667  0.000e+00
     50.952    12.8615   4.066821    34.8228        498     2.0708  0.000e+00
     51.001    12.8624   4.066854    34.8223        499     2.0750  0.000e+00
     51.062    12.8631   4.066795    34.8210        500     2.0792  0.000e+00
     51.132    12.8631   4.066795    34.8209        501     2.0833  0.000e+00
     51.223    12.8629   4.066768    34.8208        502     2.0875  0.000e+00
     51.330    12.8628   4.066715    34.8205        503     2.0917  0.000e+00
     51.452    12.8621   4.066517    34.8191        504     2.0958  0.000e+00
     51.601    12.8607   4.066795    34.8230        505     2.1000  0.000e+00
     51.760    12.8603   4.067020    34.8254        506     2.1042  0.000e+00
     51.934    12.8608   4.066239    34.8174        507     2.1083  0.000e+00
     52.114    12.8585   4.064982    34.8074        508     2.1125  0.000e+00
     52.296    12.8518   4.063414    34.7985        509     2.1167  0.000e+00
     52.482    12.8413   4.062382    34.7983        510     2.1208  0.000e+00
     52.659    12.8297   4.061681    34.8022        511     2.1250  0.000e+00
     52.830    12.8195   4.061542    34.8102        512     2.1292  0.000e+00
     52.979    12.8129   4.061291    34.8138        513     2.1333  0.000e+00
     53.113    12.8088   4.060597    34.8109        514     2.1375  0.000e+00
     53.214    12.8035   4.060207    34.8120        515     2.1417  0.000e+00
     53.302    12.7981   4.060008    34.8151        516     2.1458  0.000e+00
     53.372    12.7940   4.059896    34.8177        517     2.1500  0.000e+00
     53.440    12.7913   4.059784    34.8191        518     2.1542  0.000e+00
     53.494    12.7894   4.059645    34.8195        519     2.1583  0.000e+00
     53.571    12.7879   4.059565    34.8201        520     2.1625  0.000e+00
     53.647    12.7866   4.059420    34.8198        521     2.1667  0.000e+00
     53.729    12.7853   4.059169    34.8186        522     2.1708  0.000e+00
     53.833    12.7836   4.058640    34.8151        523     2.1750  0.000e+00
     53.952    12.7805   4.058025    34.8120        524     2.1792  0.000e+00
     54.083    12.7761   4.057443    34.8104        525     2.1833  0.000e+00
     54.217    12.7709   4.056524    34.8063        526     2.1875  0.000e+00
     54.372    12.7644   4.056134    34.8085        527     2.1917  0.000e+00
     54.525    12.7583   4.055130    34.8045        528     2.1958  0.000e+00
     54.671    12.7518   4.053319    34.7930        529     2.2000  0.000e+00
     54.817    12.7416   4.051647    34.7864        530     2.2042  0.000e+00
     54.936    12.7282   4.050616    34.7888        531     2.2083  0.000e+00
     55.046    12.7164   4.049837    34.7922        532     2.2125  0.000e+00
     55.134    12.7073   4.049335    34.7958        533     2.2167  0.000e+00
     55.214    12.7000   4.048978    34.7990        534     2.2208  0.000e+00
     55.296    12.6952   4.049421    34.8077        535     2.2250  0.000e+00
     55.372    12.6937   4.049897    34.8136        536     2.2292  0.000e+00
     55.457    12.6954   4.050227    34.8152        537     2.2333  0.000e+00
     55.552    12.6977   4.050590    34.8165        538     2.2375  0.000e+00
     55.659    12.7007   4.050253    34.8104        539     2.2417  0.000e+00
     55.771    12.7018   4.050062    34.8075        540     2.2458  0.000e+00
     55.893    12.7007   4.049784    34.8058        541     2.2500  0.000e+00
     56.018    12.6991   4.050564    34.8148        542     2.2542  0.000e+00
     56.146    12.7004   4.050643    34.8143        543     2.2583  0.000e+00
     56.265    12.7024   4.050842    34.8143        544     2.2625  0.000e+00
     56.390    12.7042   4.051701    34.8207        545     2.2667  0.000e+00
     56.515    12.7080   4.050954    34.8101        546     2.2708  0.000e+00
     56.634    12.7088   4.048754    34.7881        547     2.2750  0.000e+00
     56.747    12.7001   4.047750    34.7865        548     2.2792  0.000e+00
     56.857    12.6903   4.047499    34.7931        549     2.2833  0.000e+00
     56.954    12.6829   4.047532    34.8002        550     2.2875  0.000e+00
     57.040    12.6795   4.047420    34.8022        551     2.2917  0.000e+00
     57.110    12.6775   4.047394    34.8038        552     2.2958  0.000e+00
     57.189    12.6763   4.047612    34.8069        553     2.3000  0.000e+00
     57.280    12.6762   4.048167    34.8123        554     2.3042  0.000e+00
     57.375    12.6779   4.048946    34.8182        555     2.3083  0.000e+00
     57.472    12.6820   4.050201    34.8264        556     2.3125  0.000e+00
     57.585    12.6884   4.051371    34.8317        557     2.3167  0.000e+00
     57.713    12.6962   4.051345    34.8241        558     2.3208  0.000e+00
     57.841    12.7007   4.053400    34.8396        559     2.3250  0.000e+00
     57.981    12.7082   4.056302    34.8605        560     2.3292  0.000e+00
     58.122    12.7232   4.056890    34.8523        561     2.3333  0.000e+00
     58.256    12.7364   4.060626    34.8758        562     2.3375  0.000e+00
     58.393    12.7534   4.062888    34.8817        563     2.3417  0.000e+00
     58.530    12.7738   4.064033    34.8738        564     2.3458  0.000e+00
     58.661    12.7892   4.068566    34.9029        565     2.3500  0.000e+00
     58.792    12.8103   4.073604    34.9316        566     2.3542  0.000e+00
     58.923    12.8408   4.076856    34.9345        567     2.3583  0.000e+00
     59.057    12.8721   4.078539    34.9215        568     2.3625  0.000e+00
     59.204    12.8952   4.079354    34.9080        569     2.3667  0.000e+00
     59.338    12.9111   4.079128    34.8911        570     2.3708  0.000e+00
     59.469    12.9189   4.078565    34.8785        571     2.3750  0.000e+00
     59.588    12.9206   4.078227    34.8736        572     2.3792  0.000e+00
     59.704    12.9193   4.077863    34.8712        573     2.3833  0.000e+00
     59.807    12.9173   4.078201    34.8763        574     2.3875  0.000e+00
     59.920    12.9163   4.077975    34.8750        575     2.3917  0.000e+00
     60.027    12.9159   4.077922    34.8748        576     2.3958  0.000e+00
     60.127    12.9150   4.077863    34.8750        577     2.4000  0.000e+00
     60.234    12.9150   4.078903    34.8850        578     2.4042  0.000e+00
     60.341    12.9180   4.080109    34.8937        579     2.4083  0.000e+00
     60.463    12.9242   4.082754    34.9131        580     2.4125  0.000e+00
     60.578    12.9353   4.087813    34.9511        581     2.4167  0.000e+00
     60.691    12.9590   4.093730    34.9857        582     2.4208  0.000e+00
     60.792    12.9948   4.095701    34.9714        583     2.4250  0.000e+00
     60.883    13.0237   4.099511    34.9810        584     2.4292  0.000e+00
     60.959    13.0504   4.104286    35.0018        585     2.4333  0.000e+00
     61.030    13.0808   4.106518    34.9949        586     2.4375  0.000e+00
     61.100    13.1083   4.107654    34.9804        587     2.4417  0.000e+00
     61.161    13.1272   4.108504    34.9709        588     2.4458  0.000e+00
     61.228    13.1401   4.108391    34.9580        589     2.4500  0.000e+00
     61.286    13.1465   4.108504    34.9531        590     2.4542  0.000e+00
     61.362    13.1490   4.109494    34.9602        591     2.4583  0.000e+00
     61.426    13.1533   4.109773    34.9589        592     2.4625  0.000e+00
     61.499    13.1576   4.109773    34.9549        593     2.4667  0.000e+00
     61.575    13.1600   4.109408    34.9491        594     2.4708  0.000e+00
     61.648    13.1602   4.110850    34.9626        595     2.4750  0.000e+00
     61.731    13.1640   4.114281    34.9917        596     2.4792  0.000e+00
     61.837    13.1773   4.115757    34.9935        597     2.4833  0.000e+00
     61.947    13.1935   4.117433    34.9944        598     2.4875  0.000e+00
     62.066    13.2077   4.117832    34.9850        599     2.4917  0.000e+00
     62.212    13.2179   4.119588    34.9923        600     2.4958  0.000e+00
     62.362    13.2282   4.130971    35.0907        601     2.5000  0.000e+00
     62.526    13.2657   4.144881    35.1880        602     2.5042  0.000e+00
     62.697    13.3394   4.150724    35.1752        603     2.5083  0.000e+00
     62.874    13.4091   4.151578    35.1188        604     2.5125  0.000e+00
     63.050    13.4516   4.150950    35.0737        605     2.5167  0.000e+00
     63.230    13.4703   4.151237    35.0591        606     2.5208  0.000e+00
     63.398    13.4776   4.152351    35.0628        607     2.5250  0.000e+00
     63.560    13.4832   4.155022    35.0828        608     2.5292  0.000e+00
     63.709    13.4940   4.158354    35.1043        609     2.5333  0.000e+00
     63.858    13.5124   4.160424    35.1068        610     2.5375  0.000e+00
     63.974    13.5328   4.160911    35.0926        611     2.5417  0.000e+00
     64.078    13.5461   4.161626    35.0871        612     2.5458  0.000e+00
     64.160    13.5544   4.161539    35.0785        613     2.5500  0.000e+00
     64.221    13.5589   4.162087    35.0796        614     2.5542  0.000e+00
     64.267    13.5625   4.162661    35.0817        615     2.5583  0.000e+00
     64.294    13.5660   4.163617    35.0874        616     2.5625  0.000e+00
     64.303    13.5707   4.165027    35.0963        617     2.5667  0.000e+00
     64.315    13.5783   4.165027    35.0894        618     2.5708  0.000e+00
     64.328    13.5845   4.163844    35.0726        619     2.5750  0.000e+00
     64.358    13.5839   4.163269    35.0677        620     2.5792  0.000e+00
     64.398    13.5803   4.163269    35.0709        621     2.5833  0.000e+00
     64.446    13.5774   4.164479    35.0850        622     2.5875  0.000e+00
     64.532    13.5797   4.165541    35.0929        623     2.5917  0.000e+00
     64.626    13.5857   4.165742    35.0892        624     2.5958  0.000e+00
     64.745    13.5901   4.166350    35.0908        625     2.6000  0.000e+00
