PC2501/sbe009.cnv
* Sea-Bird SBE 19plus Data File:
* FileName = C:\cruise\data\sbe009.hex
* Software Version Seasave V 7.26.7.121
* Temperature SN = 4684
* Conductivity SN = 4684
* System UpLoad Time = Jan 11 2025 05:11:07
* NMEA Latitude = 37 42.05 N
* NMEA Longitude = 074 14.06 W
* NMEA UTC (Time) = Jan 11 2025  05:10:27
** Ship: Pisces
** Cruise:  PC2501
** Program:  AMAPPS
# nquan = 7
# nvalues = 3077                                  
# units = specified
# name 0 = depSM: Depth [salt water, m]
# name 1 = tv290C: Temperature [ITS-90, deg C]
# name 2 = c0S/m: Conductivity [S/m]
# name 3 = sal00: Salinity, Practical [PSU]
# name 4 = scan: Scan Count
# name 5 = timeM: Time, Elapsed [minutes]
# name 6 = flag:  0.000e+00
# span 0 =     -0.040,    129.200                 
# span 1 =     6.2029,    13.5116                 
# span 2 =   0.118032,   4.154893                 
# span 3 =     0.7842,    37.2530                 
# span 4 =         11,       3087                 
# span 5 =     0.0417,    12.8583                 
# span 6 = 0.0000e+00, 0.0000e+00                 
# interval = seconds: 0.25
# start_time = Jan 11 2025 05:10:27 [NMEA time, header]
# bad_flag = -9.990e-29
*END*
[from data line 821]
    104.132    13.1423   4.133440    35.1758        832     3.4625  0.000e+00
    104.281    13.1387   4.133667    35.1812        833     3.4667  0.000e+00
    104.446    13.1371   4.133667    35.1826        834     3.4708  0.000e+00
    104.592    13.1353   4.133754    35.1850        835     3.4750  0.000e+00
    104.754    13.1329   4.133727    35.1870        836     3.4792  0.000e+00
    104.906    13.1301   4.133441    35.1867        837     3.4833  0.000e+00
    105.070    13.1259   4.133188    35.1882        838     3.4875  0.000e+00
    105.223    13.1211   4.132815    35.1890        839     3.4917  0.000e+00
    105.381    13.1165   4.132129    35.1866        840     3.4958  0.000e+00
    105.540    13.1100   4.131589    35.1875        841     3.5000  0.000e+00
    105.710    13.1028   4.131217    35.1906        842     3.5042  0.000e+00
    105.869    13.0965   4.130304    35.1877        843     3.5083  0.000e+00
    106.033    13.0890   4.129079    35.1829        844     3.5125  0.000e+00
    106.207    13.0791   4.127974    35.1814        845     3.5167  0.000e+00
    106.372    13.0685   4.127461    35.1863        846     3.5208  0.000e+00
    106.536    13.0596   4.126576    35.1861        847     3.5250  0.000e+00
    106.707    13.0502   4.126323    35.1923        848     3.5292  0.000e+00
    106.877    13.0417   4.126463    35.2015        849     3.5333  0.000e+00
    107.039    13.0364   4.126463    35.2064        850     3.5375  0.000e+00
    107.203    13.0331   4.126523    35.2100        851     3.5417  0.000e+00
    107.374    13.0305   4.126377    35.2109        852     3.5458  0.000e+00
    107.529    13.0277   4.126151    35.2112        853     3.5500  0.000e+00
    107.691    13.0239   4.125978    35.2131        854     3.5542  0.000e+00
    107.846    13.0198   4.125838    35.2155        855     3.5583  0.000e+00
    108.002    13.0160   4.125525    35.2159        856     3.5625  0.000e+00
    108.160    13.0115   4.125099    35.2160        857     3.5667  0.000e+00
    108.322    13.0063   4.124560    35.2157        858     3.5708  0.000e+00
    108.483    12.9995   4.124161    35.2181        859     3.5750  0.000e+00
    108.644    12.9931   4.123875    35.2212        860     3.5792  0.000e+00
    108.818    12.9885   4.123589    35.2227        861     3.5833  0.000e+00
    108.983    12.9853   4.123136    35.2212        862     3.5875  0.000e+00
    109.138    12.9811   4.122258    35.2168        863     3.5917  0.000e+00
    109.303    12.9741   4.121320    35.2142        864     3.5958  0.000e+00
    109.446    12.9655   4.121061    35.2197        865     3.6000  0.000e+00
    109.589    12.9584   4.120888    35.2246        866     3.6042  0.000e+00
    109.726    12.9529   4.120695    35.2278        867     3.6083  0.000e+00
    109.854    12.9477   4.120835    35.2339        868     3.6125  0.000e+00
    109.967    12.9448   4.122226    35.2499        869     3.6167  0.000e+00
    110.080    12.9466   4.123563    35.2609        870     3.6208  0.000e+00
    110.177    12.9529   4.123876    35.2580        871     3.6250  0.000e+00
    110.271    12.9584   4.124588    35.2597        872     3.6292  0.000e+00
    110.375    12.9627   4.124702    35.2567        873     3.6333  0.000e+00
    110.473    12.9653   4.124562    35.2529        874     3.6375  0.000e+00
    110.567    12.9656   4.124076    35.2479        875     3.6417  0.000e+00
    110.677    12.9636   4.124016    35.2492        876     3.6458  0.000e+00
    110.799    12.9608   4.123936    35.2510        877     3.6500  0.000e+00
    110.939    12.9581   4.123564    35.2499        878     3.6542  0.000e+00
    111.088    12.9535   4.123364    35.2521        879     3.6583  0.000e+00
    111.237    12.9484   4.123311    35.2564        880     3.6625  0.000e+00
    111.408    12.9446   4.123078    35.2576        881     3.6667  0.000e+00
    111.585    12.9400   4.122998    35.2610        882     3.6708  0.000e+00
    111.774    12.9359   4.122939    35.2642        883     3.6750  0.000e+00
    111.962    12.9331   4.122799    35.2654        884     3.6792  0.000e+00
    112.154    12.9294   4.122653    35.2674        885     3.6833  0.000e+00
    112.362    12.9251   4.122573    35.2705        886     3.6875  0.000e+00
    112.557    12.9213   4.122373    35.2720        887     3.6917  0.000e+00
    112.758    12.9172   4.122287    35.2750        888     3.6958  0.000e+00
    112.950    12.9134   4.122340    35.2790        889     3.7000  0.000e+00
    113.138    12.9113   4.122514    35.2825        890     3.7042  0.000e+00
    113.324    12.9107   4.122627    35.2841        891     3.7083  0.000e+00
    113.504    12.9108   4.123113    35.2886        892     3.7125  0.000e+00
    113.681    12.9117   4.123852    35.2947        893     3.7167  0.000e+00
    113.848    12.9142   4.124278    35.2964        894     3.7208  0.000e+00
    114.010    12.9171   4.124105    35.2920        895     3.7250  0.000e+00
    114.165    12.9186   4.124364    35.2929        896     3.7292  0.000e+00
    114.311    12.9196   4.125443    35.3023        897     3.7333  0.000e+00
    114.455    12.9229   4.125982    35.3043        898     3.7375  0.000e+00
    114.595    12.9269   4.126694    35.3074        899     3.7417  0.000e+00
    114.744    12.9302   4.127633    35.3132        900     3.7458  0.000e+00
    114.890    12.9341   4.127833    35.3114        901     3.7500  0.000e+00
    115.034    12.9363   4.128059    35.3114        902     3.7542  0.000e+00
    115.183    12.9370   4.128179    35.3118        903     3.7583  0.000e+00
    115.335    12.9371   4.128259    35.3124        904     3.7625  0.000e+00
    115.491    12.9369   4.128292    35.3129        905     3.7667  0.000e+00
    115.640    12.9363   4.128233    35.3128        906     3.7708  0.000e+00
    115.789    12.9353   4.128259    35.3139        907     3.7750  0.000e+00
    115.941    12.9342   4.128233    35.3146        908     3.7792  0.000e+00
    116.088    12.9326   4.128006    35.3139        909     3.7833  0.000e+00
    116.234    12.9303   4.127720    35.3132        910     3.7875  0.000e+00
    116.383    12.9272   4.126955    35.3087        911     3.7917  0.000e+00
    116.529    12.9214   4.126129    35.3062        912     3.7958  0.000e+00
    116.679    12.9132   4.125617    35.3089        913     3.8000  0.000e+00
    116.822    12.9051   4.125104    35.3115        914     3.8042  0.000e+00
    116.962    12.8980   4.124306    35.3104        915     3.8083  0.000e+00
    117.108    12.8907   4.123653    35.3109        916     3.8125  0.000e+00
    117.261    12.8826   4.123228    35.3143        917     3.8167  0.000e+00
    117.413    12.8756   4.122802    35.3168        918     3.8208  0.000e+00
    117.559    12.8696   4.122117    35.3157        919     3.8250  0.000e+00
    117.705    12.8624   4.122429    35.3254        920     3.8292  0.000e+00
    117.846    12.8592   4.120952    35.3142        921     3.8333  0.000e+00
    117.998    12.8523   4.120240    35.3137        922     3.8375  0.000e+00
    118.138    12.8420   4.119649    35.3177        923     3.8417  0.000e+00
    118.278    12.8321   4.118564    35.3164        924     3.8458  0.000e+00
    118.428    12.8217   4.117547    35.3164        925     3.8500  0.000e+00
    118.574    12.8103   4.115359    35.3060        926     3.8542  0.000e+00
    118.708    12.7932   4.114707    35.3157        927     3.8583  0.000e+00
    118.857    12.7769   4.114681    35.3306        928     3.8625  0.000e+00
    118.997    12.7675   4.113544    35.3284        929     3.8667  0.000e+00
    119.150    12.7578   4.111816    35.3208        930     3.8708  0.000e+00
    119.296    12.7432   4.111530    35.3317        931     3.8750  0.000e+00
    119.463    12.7310   4.111191    35.3398        932     3.8792  0.000e+00
    119.619    12.7231   4.110567    35.3411        933     3.8833  0.000e+00
    119.786    12.7158   4.110374    35.3460        934     3.8875  0.000e+00
    119.954    12.7105   4.110314    35.3504        935     3.8917  0.000e+00
    120.131    12.7075   4.109889    35.3490        936     3.8958  0.000e+00
    120.298    12.7040   4.109776    35.3512        937     3.9000  0.000e+00
    120.472    12.7006   4.109524    35.3518        938     3.9042  0.000e+00
    120.630    12.6977   4.109464    35.3540        939     3.9083  0.000e+00
    120.789    12.6948   4.108959    35.3517        940     3.9125  0.000e+00
    120.944    12.6908   4.108700    35.3529        941     3.9167  0.000e+00
    121.090    12.6864   4.108813    35.3580        942     3.9208  0.000e+00
    121.236    12.6844   4.108986    35.3615        943     3.9250  0.000e+00
    121.367    12.6844   4.108873    35.3604        944     3.9292  0.000e+00
    121.505    12.6841   4.108787    35.3598        945     3.9333  0.000e+00
    121.636    12.6832   4.108787    35.3606        946     3.9375  0.000e+00
    121.760    12.6825   4.108501    35.3584        947     3.9417  0.000e+00
    121.885    12.6805   4.108421    35.3595        948     3.9458  0.000e+00
    122.019    12.6783   4.108388    35.3612        949     3.9500  0.000e+00
    122.157    12.6765   4.108421    35.3631        950     3.9542  0.000e+00
    122.300    12.6752   4.108421    35.3642        951     3.9583  0.000e+00
    122.440    12.6738   4.108275    35.3642        952     3.9625  0.000e+00
    122.589    12.6711   4.108136    35.3653        953     3.9667  0.000e+00
    122.738    12.6680   4.107963    35.3665        954     3.9708  0.000e+00
    122.888    12.6642   4.107684    35.3673        955     3.9750  0.000e+00
    123.043    12.6591   4.107545    35.3707        956     3.9792  0.000e+00
    123.198    12.6539   4.107571    35.3757        957     3.9833  0.000e+00
    123.360    12.6498   4.107598    35.3797        958     3.9875  0.000e+00
    123.509    12.6467   4.107798    35.3846        959     3.9917  0.000e+00
    123.671    12.6447   4.108589    35.3939        960     3.9958  0.000e+00
    123.820    12.6458   4.111054    35.4166        961     4.0000  0.000e+00
    123.966    12.6536   4.114911    35.4463        962     4.0042  0.000e+00
    124.115    12.6678   4.115502    35.4386        963     4.0083  0.000e+00
    124.265    12.6805   4.119480    35.4649        964     4.0125  0.000e+00
    124.423    12.6938   4.120704    35.4641        965     4.0167  0.000e+00
    124.569    12.7048   4.121642    35.4627        966     4.0208  0.000e+00
    124.716    12.7127   4.120844    35.4475        967     4.0250  0.000e+00
    124.853    12.7142   4.119932    35.4372        968     4.0292  0.000e+00
    125.008    12.7092   4.118602    35.4291        969     4.0333  0.000e+00
    125.157    12.6984   4.118176    35.4351        970     4.0375  0.000e+00
    125.304    12.6877   4.117944    35.4428        971     4.0417  0.000e+00
    125.435    12.6801   4.117605    35.4467        972     4.0458  0.000e+00
    125.569    12.6745   4.117039    35.4465        973     4.0500  0.000e+00
    125.700    12.6687   4.116474    35.4464        974     4.0542  0.000e+00
    125.824    12.6627   4.115929    35.4467        975     4.0583  0.000e+00
    125.940    12.6573   4.114998    35.4428        976     4.0625  0.000e+00
    126.065    12.6508   4.114426    35.4434        977     4.0667  0.000e+00
    126.181    12.6435   4.113921    35.4453        978     4.0708  0.000e+00
    126.306    12.6374   4.113097    35.4431        979     4.0750  0.000e+00
    126.431    12.6304   4.112784    35.4466        980     4.0792  0.000e+00
    126.568    12.6250   4.112186    35.4459        981     4.0833  0.000e+00
    126.711    12.6198   4.111648    35.4455        982     4.0875  0.000e+00
    126.860    12.6145   4.111369    35.4477        983     4.0917  0.000e+00
    127.006    12.6103   4.111056    35.4486        984     4.0958  0.000e+00
    127.156    12.6068   4.110717    35.4486        985     4.1000  0.000e+00
    127.305    12.6034   4.110658    35.4512        986     4.1042  0.000e+00
    127.457    12.6011   4.111143    35.4580        987     4.1083  0.000e+00
    127.610    12.6018   4.111509    35.4608        988     4.1125  0.000e+00
    127.747    12.6042   4.111648    35.4598        989     4.1167  0.000e+00
    127.884    12.6063   4.111708    35.4583        990     4.1208  0.000e+00
    128.012    12.6078   4.111795    35.4577        991     4.1250  0.000e+00
    128.131    12.6087   4.111230    35.4514        992     4.1292  0.000e+00
    128.259    12.6072   4.110545    35.4460        993     4.1333  0.000e+00
    128.380    12.6033   4.110066    35.4451        994     4.1375  0.000e+00
    128.511    12.5989   4.110180    35.4503        995     4.1417  0.000e+00
    128.649    12.5965   4.109841    35.4492        996     4.1458  0.000e+00
    128.783    12.5947   4.109581    35.4483        997     4.1500  0.000e+00
    128.938    12.5925   4.109469    35.4492        998     4.1542  0.000e+00
    129.048    12.5905   4.109190    35.4484        999     4.1583  0.000e+00
    129.099    12.5884   4.108990    35.4484       1000     4.1625  0.000e+00
    129.102    12.5863   4.108877    35.4493       1001     4.1667  0.000e+00
    129.078    12.5848   4.108791    35.4499       1002     4.1708  0.000e+00
    129.051    12.5835   4.108618    35.4494       1003     4.1750  0.000e+00
    129.078    12.5824   4.108817    35.4524       1004     4.1792  0.000e+00
    129.130    12.5823   4.109103    35.4552       1005     4.1833  0.000e+00
    129.176    12.5836   4.109529    35.4581       1006     4.1875  0.000e+00
    129.197    12.5862   4.109442    35.4548       1007     4.1917  0.000e+00
    129.200    12.5876   4.109416    35.4532       1008     4.1958  0.000e+00
    129.197    12.5882   4.109755    35.4560       1009     4.2000  0.000e+00
    129.200    12.5889   4.109469    35.4525       1010     4.2042  0.000e+00
    129.188    12.5892   4.109389    35.4514       1011     4.2083  0.000e+00
    129.163    12.5885   4.110094    35.4590       1012     4.2125  0.000e+00
    129.121    12.5907   4.109641    35.4526       1013     4.2167  0.000e+00
    129.087    12.5911   4.109356    35.4494       1014     4.2208  0.000e+00
    129.042    12.5896   4.108930    35.4468       1015     4.2250  0.000e+00
    128.996    12.5870   4.108565    35.4457       1016     4.2292  0.000e+00
    128.935    12.5842   4.109529    35.4577       1017     4.2333  0.000e+00
    128.883    12.5853   4.110293    35.4640       1018     4.2375  0.000e+00
    128.825    12.5901   4.109754    35.4543       1019     4.2417  0.000e+00
    128.770    12.5919   4.110180    35.4567       1020     4.2458  0.000e+00
    128.728    12.5934   4.110293    35.4564       1021     4.2500  0.000e+00
    128.676    12.5949   4.109920    35.4514       1022     4.2542  0.000e+00
    128.624    12.5938   4.110545    35.4585       1023     4.2583  0.000e+00
    128.582    12.5955   4.110658    35.4580       1024     4.2625  0.000e+00
    128.518    12.5975   4.110007    35.4499       1025     4.2667  0.000e+00
    128.460    12.5963   4.109216    35.4435       1026     4.2708  0.000e+00
    128.393    12.5928   4.109954    35.4538       1027     4.2750  0.000e+00
    128.316    12.5918   4.110432    35.4594       1028     4.2792  0.000e+00
    128.222    12.5941   4.109920    35.4524       1029     4.2833  0.000e+00
    128.106    12.5949   4.110405    35.4564       1030     4.2875  0.000e+00
    127.969    12.5955   4.110631    35.4580       1031     4.2917  0.000e+00
    127.814    12.5975   4.110691    35.4568       1032     4.2958  0.000e+00
    127.649    12.5990   4.111143    35.4598       1033     4.3000  0.000e+00
    127.494    12.6013   4.111283    35.4591       1034     4.3042  0.000e+00
    127.360    12.6043   4.116276    35.5044       1035     4.3083  0.000e+00
