PC2501/sbe066.cnv
* Sea-Bird SBE 19plus Data File:
* FileName = C:\cruise\data\sbe066.hex
* Software Version Seasave V 7.26.7.121
* Temperature SN = 4684
* Conductivity SN = 4684
* System UpLoad Time = Feb 05 2025 23:00:50
* NMEA Latitude = 37 38.23 N
* NMEA Longitude = 071 26.28 W
* NMEA UTC (Time) = Feb 05 2025  23:00:26
** Ship: Pisces
** Cruise:  PC2501
** Program:  AMAPPS
# nquan = 7
# nvalues = 5623                                  
# units = specified
# name 0 = depSM: Depth [salt water, m]
# name 1 = tv290C: Temperature [ITS-90, deg C]
# name 2 = c0S/m: Conductivity [S/m]
# name 3 = sal00: Salinity, Practical [PSU]
# name 4 = scan: Scan Count
# name 5 = timeM: Time, Elapsed [minutes]
# name 6 = flag:  0.000e+00
# span 0 =      0.101,    200.381                 
# span 1 =     4.1421,    13.4797                 
# span 2 =   0.000030,   4.151360                 
# span 3 =     0.0014,    35.4379                 
# span 4 =         11,       5633                 
# span 5 =     0.0417,    23.4667                 
# span 6 = 0.0000e+00, 0.0000e+00                 
# interval = seconds: 0.25
# start_time = Feb 05 2025 23:00:26 [NMEA time, header]
# bad_flag = -9.990e-29
*END*
[from data line 4924]
     34.242     8.8800   3.549519    33.3696       4935    20.5583  0.000e+00
     34.239     8.8997   3.549274    33.3485       4936    20.5625  0.000e+00
     34.217     8.9117   3.549368    33.3383       4937    20.5667  0.000e+00
     34.190     8.9188   3.553900    33.3789       4938    20.5708  0.000e+00
     34.150     8.9335   3.551135    33.3363       4939    20.5750  0.000e+00
     34.098     8.9385   3.549223    33.3117       4940    20.5792  0.000e+00
     34.040     8.9312   3.551568    33.3431       4941    20.5833  0.000e+00
     33.976     8.9309   3.556772    33.3976       4942    20.5875  0.000e+00
     33.894     8.9512   3.561063    33.4234       4943    20.5917  0.000e+00
     33.818     8.9798   3.563385    33.4207       4944    20.5958  0.000e+00
     33.732     9.0050   3.560316    33.3652       4945    20.6000  0.000e+00
     33.650     9.0131   3.570317    33.4617       4946    20.6042  0.000e+00
     33.580     9.0349   3.569645    33.4343       4947    20.6083  0.000e+00
     33.513     9.0640   3.569393    33.4044       4948    20.6125  0.000e+00
     33.442     9.0738   3.565889    33.3588       4949    20.6167  0.000e+00
     33.397     9.0685   3.561162    33.3146       4950    20.6208  0.000e+00
     33.360     9.0494   3.572195    33.4473       4951    20.6250  0.000e+00
     33.348     9.0599   3.567114    33.3845       4952    20.6292  0.000e+00
     33.354     9.0681   3.564884    33.3537       4953    20.6333  0.000e+00
     33.369     9.0563   3.556745    33.2800       4954    20.6375  0.000e+00
     33.403     9.0240   3.558891    33.3326       4955    20.6417  0.000e+00
     33.442     9.0052   3.561188    33.3742       4956    20.6458  0.000e+00
     33.497     9.0066   3.564163    33.4038       4957    20.6500  0.000e+00
     33.540     9.0188   3.564665    33.3975       4958    20.6542  0.000e+00
     33.589     9.0286   3.555096    33.2887       4959    20.6583  0.000e+00
     33.622     9.0060   3.553473    33.2929       4960    20.6625  0.000e+00
     33.650     8.9816   3.560090    33.3847       4961    20.6667  0.000e+00
     33.671     8.9862   3.559438    33.3737       4962    20.6708  0.000e+00
     33.665     8.9954   3.557417    33.3440       4963    20.6750  0.000e+00
     33.644     8.9924   3.553278    33.3036       4964    20.6792  0.000e+00
     33.589     8.9761   3.552257    33.3083       4965    20.6833  0.000e+00
     33.513     8.9602   3.551254    33.3128       4966    20.6875  0.000e+00
     33.418     8.9479   3.551762    33.3297       4967    20.6917  0.000e+00
     33.299     8.9421   3.550044    33.3173       4968    20.6958  0.000e+00
     33.174     8.9360   3.550514    33.3279       4969    20.7000  0.000e+00
     33.040     8.9322   3.547976    33.3051       4970    20.7042  0.000e+00
     32.909     8.9243   3.544768    33.2791       4971    20.7083  0.000e+00
     32.771     8.9073   3.540547    33.2510       4972    20.7125  0.000e+00
     32.649     8.8831   3.539183    33.2595       4973    20.7167  0.000e+00
     32.549     8.8619   3.540673    33.2950       4974    20.7208  0.000e+00
     32.466     8.8525   3.537149    33.2670       4975    20.7250  0.000e+00
     32.405     8.8414   3.535359    33.2588       4976    20.7292  0.000e+00
     32.360     8.8269   3.537299    33.2927       4977    20.7333  0.000e+00
     32.341     8.8210   3.538094    33.3066       4978    20.7375  0.000e+00
     32.347     8.8229   3.538733    33.3114       4979    20.7417  0.000e+00
     32.369     8.8287   3.538219    33.3006       4980    20.7458  0.000e+00
     32.399     8.8304   3.539083    33.3080       4981    20.7500  0.000e+00
     32.451     8.8330   3.539133    33.3061       4982    20.7542  0.000e+00
     32.497     8.8356   3.539283    33.3051       4983    20.7583  0.000e+00
     32.549     8.8374   3.540423    33.3154       4984    20.7625  0.000e+00
     32.591     8.8413   3.542264    33.3310       4985    20.7667  0.000e+00
     32.628     8.8515   3.543028    33.3293       4986    20.7708  0.000e+00
     32.643     8.8619   3.549199    33.3841       4987    20.7750  0.000e+00
     32.652     8.8845   3.548647    33.3570       4988    20.7792  0.000e+00
     32.656     8.9017   3.547851    33.3326       4989    20.7833  0.000e+00
     32.613     8.9063   3.544618    33.2945       4990    20.7875  0.000e+00
     32.558     8.8977   3.541593    33.2710       4991    20.7917  0.000e+00
     32.494     8.8821   3.537668    33.2447       4992    20.7958  0.000e+00
     32.412     8.8577   3.538889    33.2803       4993    20.8000  0.000e+00
     32.317     8.8442   3.540003    33.3047       4994    20.8042  0.000e+00
     32.222     8.8431   3.537599    33.2807       4995    20.8083  0.000e+00
     32.106     8.8372   3.538638    33.2971       4996    20.8125  0.000e+00
     31.997     8.8337   3.536786    33.2810       4997    20.8167  0.000e+00
     31.884     8.8288   3.535590    33.2733       4998    20.8208  0.000e+00
     31.786     8.8203   3.535340    33.2786       4999    20.8250  0.000e+00
     31.692     8.8138   3.536780    33.2999       5000    20.8292  0.000e+00
     31.618     8.8138   3.536185    33.2937       5001    20.8333  0.000e+00
     31.567     8.8146   3.535960    33.2905       5002    20.8375  0.000e+00
     31.521     8.8139   3.538764    33.3206       5003    20.8417  0.000e+00
     31.484     8.8205   3.539120    33.3181       5004    20.8458  0.000e+00
     31.469     8.8298   3.538363    33.3015       5005    20.8500  0.000e+00
     31.448     8.8325   3.538932    33.3049       5006    20.8542  0.000e+00
     31.445     8.8333   3.536729    33.2811       5007    20.8583  0.000e+00
     31.451     8.8284   3.536629    33.2846       5008    20.8625  0.000e+00
     31.454     8.8227   3.537199    33.2960       5009    20.8667  0.000e+00
     31.463     8.8218   3.537224    33.2970       5010    20.8708  0.000e+00
     31.469     8.8221   3.536335    33.2875       5011    20.8750  0.000e+00
     31.466     8.8201   3.536811    33.2944       5012    20.8792  0.000e+00
     31.454     8.8183   3.535415    33.2815       5013    20.8833  0.000e+00
     31.439     8.8147   3.534552    33.2758       5014    20.8875  0.000e+00
     31.420     8.8082   3.533807    33.2741       5015    20.8917  0.000e+00
     31.393     8.8021   3.534270    33.2847       5016    20.8958  0.000e+00
     31.359     8.7992   3.534577    33.2907       5017    20.9000  0.000e+00
     31.317     8.7996   3.534821    33.2929       5018    20.9042  0.000e+00
     31.280     8.8012   3.534846    33.2917       5019    20.9083  0.000e+00
     31.231     8.8019   3.535484    33.2977       5020    20.9125  0.000e+00
     31.176     8.8048   3.535046    33.2904       5021    20.9167  0.000e+00
     31.124     8.8055   3.533632    33.2750       5022    20.9208  0.000e+00
     31.066     8.8014   3.534114    33.2839       5023    20.9250  0.000e+00
     31.005     8.7986   3.534696    33.2926       5024    20.9292  0.000e+00
     30.938     8.7990   3.534846    33.2939       5025    20.9333  0.000e+00
     30.874     8.8012   3.534821    33.2916       5026    20.9375  0.000e+00
     30.810     8.8023   3.534633    33.2886       5027    20.9417  0.000e+00
     30.752     8.8024   3.535096    33.2934       5028    20.9458  0.000e+00
     30.691     8.8033   3.534007    33.2811       5029    20.9500  0.000e+00
     30.646     8.8012   3.532593    33.2683       5030    20.9542  0.000e+00
     30.603     8.7942   3.531755    33.2662       5031    20.9583  0.000e+00
     30.569     8.7869   3.532174    33.2775       5032    20.9625  0.000e+00
     30.548     8.7832   3.532669    33.2861       5033    20.9667  0.000e+00
     30.536     8.7836   3.532012    33.2788       5034    20.9708  0.000e+00
     30.527     8.7830   3.531899    33.2782       5035    20.9750  0.000e+00
     30.524     8.7806   3.531161    33.2728       5036    20.9792  0.000e+00
     30.533     8.7774   3.530392    33.2677       5037    20.9833  0.000e+00
     30.533     8.7727   3.530661    33.2749       5038    20.9875  0.000e+00
     30.551     8.7698   3.531355    33.2849       5039    20.9917  0.000e+00
     30.557     8.7716   3.531705    33.2869       5040    20.9958  0.000e+00
     30.572     8.7745   3.531205    33.2789       5041    21.0000  0.000e+00
     30.575     8.7747   3.531011    33.2767       5042    21.0042  0.000e+00
     30.557     8.7734   3.530811    33.2758       5043    21.0083  0.000e+00
     30.542     8.7718   3.530861    33.2779       5044    21.0125  0.000e+00
     30.508     8.7712   3.530636    33.2760       5045    21.0167  0.000e+00
     30.453     8.7702   3.530761    33.2784       5046    21.0208  0.000e+00
     30.395     8.7699   3.531874    33.2904       5047    21.0250  0.000e+00
     30.334     8.7728   3.532606    33.2953       5048    21.0292  0.000e+00
     30.246     8.7785   3.531086    33.2741       5049    21.0333  0.000e+00
     30.154     8.7777   3.531136    33.2754       5050    21.0375  0.000e+00
     30.063     8.7751   3.531674    33.2835       5051    21.0417  0.000e+00
     29.953     8.7754   3.530886    33.2750       5052    21.0458  0.000e+00
     29.852     8.7744   3.530617    33.2732       5053    21.0500  0.000e+00
     29.746     8.7721   3.531061    33.2801       5054    21.0542  0.000e+00
     29.660     8.7716   3.531055    33.2805       5055    21.0583  0.000e+00
     29.581     8.7721   3.531455    33.2843       5056    21.0625  0.000e+00
     29.508     8.7736   3.532593    33.2949       5057    21.0667  0.000e+00
     29.468     8.7781   3.536397    33.3304       5058    21.0708  0.000e+00
     29.441     8.7938   3.538043    33.3329       5059    21.0750  0.000e+00
     29.432     8.8123   3.538982    33.3254       5060    21.0792  0.000e+00
     29.438     8.8256   3.538838    33.3113       5061    21.0833  0.000e+00
     29.462     8.8323   3.537849    33.2947       5062    21.0875  0.000e+00
     29.502     8.8325   3.534770    33.2623       5063    21.0917  0.000e+00
     29.551     8.8221   3.533312    33.2567       5064    21.0958  0.000e+00
     29.596     8.8089   3.530835    33.2433       5065    21.1000  0.000e+00
     29.648     8.7930   3.530273    33.2522       5066    21.1042  0.000e+00
     29.685     8.7797   3.531036    33.2727       5067    21.1083  0.000e+00
     29.724     8.7744   3.533413    33.3025       5068    21.1125  0.000e+00
     29.743     8.7794   3.529966    33.2618       5069    21.1167  0.000e+00
     29.740     8.7764   3.533113    33.2975       5070    21.1208  0.000e+00
     29.727     8.7778   3.527353    33.2359       5071    21.1250  0.000e+00
     29.682     8.7653   3.528709    33.2619       5072    21.1292  0.000e+00
     29.621     8.7553   3.528203    33.2660       5073    21.1333  0.000e+00
     29.566     8.7532   3.526484    33.2500       5074    21.1375  0.000e+00
     29.489     8.7453   3.526065    33.2530       5075    21.1417  0.000e+00
     29.428     8.7380   3.526340    33.2628       5076    21.1458  0.000e+00
     29.355     8.7349   3.527872    33.2818       5077    21.1500  0.000e+00
     29.270     8.7391   3.533413    33.3360       5078    21.1542  0.000e+00
     29.191     8.7586   3.529935    33.2812       5079    21.1583  0.000e+00
     29.120     8.7672   3.528584    33.2590       5080    21.1625  0.000e+00
     29.044     8.7635   3.527328    33.2493       5081    21.1667  0.000e+00
     28.971     8.7531   3.526784    33.2535       5082    21.1708  0.000e+00
     28.901     8.7449   3.527165    33.2652       5083    21.1750  0.000e+00
     28.837     8.7412   3.527572    33.2730       5084    21.1792  0.000e+00
     28.779     8.7421   3.530467    33.3024       5085    21.1833  0.000e+00
     28.733     8.7496   3.527403    33.2634       5086    21.1875  0.000e+00
     28.693     8.7521   3.528215    33.2696       5087    21.1917  0.000e+00
     28.654     8.7497   3.531680    33.3081       5088    21.1958  0.000e+00
     28.620     8.7601   3.534270    33.3255       5089    21.2000  0.000e+00
     28.599     8.7781   3.530466    33.2688       5090    21.2042  0.000e+00
     28.587     8.7773   3.527402    33.2374       5091    21.2083  0.000e+00
     28.574     8.7624   3.527202    33.2493       5092    21.2125  0.000e+00
     28.568     8.7510   3.530066    33.2900       5093    21.2167  0.000e+00
     28.568     8.7536   3.531280    33.3003       5094    21.2208  0.000e+00
     28.568     8.7633   3.532393    33.3028       5095    21.2250  0.000e+00
     28.578     8.7734   3.532293    33.2923       5096    21.2292  0.000e+00
     28.581     8.7793   3.531479    33.2782       5097    21.2333  0.000e+00
     28.581     8.7800   3.535884    33.3237       5098    21.2375  0.000e+00
     28.571     8.7930   3.537918    33.3327       5099    21.2417  0.000e+00
     28.553     8.8105   3.537198    33.3088       5100    21.2458  0.000e+00
     28.520     8.8203   3.539307    33.3217       5101    21.2500  0.000e+00
     28.471     8.8292   3.535908    33.2778       5102    21.2542  0.000e+00
     28.398     8.8261   3.535589    33.2774       5103    21.2583  0.000e+00
     28.315     8.8156   3.535226    33.2835       5104    21.2625  0.000e+00
     28.236     8.8124   3.534476    33.2787       5105    21.2667  0.000e+00
     28.144     8.8072   3.535189    33.2910       5106    21.2708  0.000e+00
     28.047     8.8061   3.533875    33.2783       5107    21.2750  0.000e+00
     27.949     8.8030   3.531160    33.2529       5108    21.2792  0.000e+00
     27.864     8.7926   3.531873    33.2702       5109    21.2833  0.000e+00
     27.784     8.7847   3.528834    33.2458       5110    21.2875  0.000e+00
     27.727     8.7735   3.528177    33.2495       5111    21.2917  0.000e+00
     27.681     8.7615   3.529353    33.2731       5112    21.2958  0.000e+00
     27.650     8.7576   3.529453    33.2778       5113    21.3000  0.000e+00
     27.647     8.7584   3.529678    33.2794       5114    21.3042  0.000e+00
     27.653     8.7595   3.528834    33.2695       5115    21.3083  0.000e+00
     27.669     8.7577   3.528340    33.2660       5116    21.3125  0.000e+00
     27.687     8.7544   3.528565    33.2715       5117    21.3167  0.000e+00
     27.708     8.7525   3.529053    33.2784       5118    21.3208  0.000e+00
     27.733     8.7540   3.528115    33.2671       5119    21.3250  0.000e+00
     27.748     8.7526   3.526483    33.2514       5120    21.3292  0.000e+00
     27.763     8.7458   3.527040    33.2635       5121    21.3333  0.000e+00
     27.766     8.7403   3.526458    33.2626       5122    21.3375  0.000e+00
     27.766     8.7383   3.526683    33.2669       5123    21.3417  0.000e+00
     27.763     8.7372   3.525846    33.2591       5124    21.3458  0.000e+00
     27.742     8.7328   3.524014    33.2440       5125    21.3500  0.000e+00
     27.711     8.7252   3.524215    33.2534       5126    21.3542  0.000e+00
     27.675     8.7195   3.529028    33.3092       5127    21.3583  0.000e+00
     27.629     8.7307   3.527027    33.2777       5128    21.3625  0.000e+00
     27.583     8.7392   3.525327    33.2519       5129    21.3667  0.000e+00
     27.531     8.7346   3.523339    33.2354       5130    21.3708  0.000e+00
     27.476     8.7237   3.528534    33.3001       5131    21.3750  0.000e+00
     27.422     8.7300   3.536260    33.3753       5132    21.3792  0.000e+00
     27.361     8.7643   3.537498    33.3559       5133    21.3833  0.000e+00
     27.296     8.7961   3.537767    33.3289       5134    21.3875  0.000e+00
     27.226     8.8131   3.537942    33.3147       5135    21.3917  0.000e+00
     27.141     8.8239   3.538437    33.3098       5136    21.3958  0.000e+00
     27.068     8.8284   3.535977    33.2799       5137    21.4000  0.000e+00
     26.979     8.8248   3.536158    33.2852       5138    21.4042  0.000e+00
