PC2501/sbe046.cnv
* Sea-Bird SBE 19plus Data File:
* FileName = C:\cruise\data\sbe046.hex
* Software Version Seasave V 7.26.7.121
* Temperature SN = 4684
* Conductivity SN = 4684
* System UpLoad Time = Jan 23 2025 00:30:36
* NMEA Latitude = 39 00.71 N
* NMEA Longitude = 074 15.33 W
* NMEA UTC (Time) = Jan 23 2025  00:30:03
** Ship: Pisces
** Cruise:  PC2501
** Program:  AMAPPS
# nquan = 7
# nvalues = 1916                                  
# units = specified
# name 0 = depSM: Depth [salt water, m]
# name 1 = tv290C: Temperature [ITS-90, deg C]
# name 2 = c0S/m: Conductivity [S/m]
# name 3 = sal00: Salinity, Practical [PSU]
# name 4 = scan: Scan Count
# name 5 = timeM: Time, Elapsed [minutes]
# name 6 = flag:  0.000e+00
# span 0 =      0.053,     25.653                 
# span 1 =    -3.1910,     4.7202                 
# span 2 =  -0.000599,   3.138414                 
# span 3 =    -0.0048,    33.4248                 
# span 4 =         11,       1926                 
# span 5 =     0.0417,     8.0208                 
# span 6 = 0.0000e+00, 0.0000e+00                 
# interval = seconds: 0.25
# start_time = Jan 23 2025 00:30:03 [NMEA time, header]
# bad_flag = -9.990e-29
*END*
[from data line 1847]
      0.086     4.3857  -0.000002     0.0000       1858     7.7375  0.000e+00
      0.092     4.3855   0.000004     0.0015       1859     7.7417  0.000e+00
      0.089     4.3887   0.000024     0.0015       1860     7.7458  0.000e+00
      0.095     4.3915   0.000021     0.0015       1861     7.7500  0.000e+00
      0.089     4.3874   0.000024     0.0015       1862     7.7542  0.000e+00
      0.095     4.3729   0.000030     0.0015       1863     7.7583  0.000e+00
      0.089     4.3627   0.000030     0.0015       1864     7.7625  0.000e+00
      0.089     4.3630   0.000024     0.0015       1865     7.7667  0.000e+00
      0.092     4.3652   0.000024     0.0015       1866     7.7708  0.000e+00
      0.095     4.3513   0.000024     0.0015       1867     7.7750  0.000e+00
      0.095     4.3330   0.000024     0.0015       1868     7.7792  0.000e+00
      0.092     4.3302   0.000030     0.0015       1869     7.7833  0.000e+00
      0.095     4.3333   0.000024     0.0015       1870     7.7875  0.000e+00
      0.098     4.3332   0.000021     0.0015       1871     7.7917  0.000e+00
      0.095     4.3257   0.000030     0.0015       1872     7.7958  0.000e+00
      0.095     4.3241   0.000024     0.0015       1873     7.8000  0.000e+00
      0.098     4.3244   0.000021     0.0015       1874     7.8042  0.000e+00
      0.095     4.2981   0.000024     0.0015       1875     7.8083  0.000e+00
      0.098     4.2697   0.000024     0.0014       1876     7.8125  0.000e+00
      0.095     4.2672   0.000021     0.0014       1877     7.8167  0.000e+00
      0.098     4.2711   0.000024     0.0014       1878     7.8208  0.000e+00
      0.094     4.2686   0.000021     0.0014       1879     7.8250  0.000e+00
      0.097     4.2531   0.000021     0.0014       1880     7.8292  0.000e+00
      0.097     4.2438   0.000024     0.0014       1881     7.8333  0.000e+00
      0.097     4.2459   0.000024     0.0014       1882     7.8375  0.000e+00
      0.094     4.2386   0.000024     0.0014       1883     7.8417  0.000e+00
      0.097     4.2331   0.000021     0.0014       1884     7.8458  0.000e+00
      0.097     4.2331   0.000021     0.0014       1885     7.8500  0.000e+00
      0.094     4.2128   0.000024     0.0014       1886     7.8542  0.000e+00
      0.085     4.1984   0.000009     0.0014       1887     7.8583  0.000e+00
      0.094     4.2012   0.000021     0.0014       1888     7.8625  0.000e+00
      0.100     4.1964   0.000015     0.0014       1889     7.8667  0.000e+00
      0.103     4.1469   0.000021     0.0013       1890     7.8708  0.000e+00
      0.100     4.1068   0.000024     0.0013       1891     7.8750  0.000e+00
      0.097     4.1033   0.000021     0.0013       1892     7.8792  0.000e+00
      0.094     4.0982   0.000009     0.0013       1893     7.8833  0.000e+00
      0.094     4.0652   0.000015     0.0013       1894     7.8875  0.000e+00
      0.100     4.0498   0.000015     0.0013       1895     7.8917  0.000e+00
      0.097     4.0518   0.000009     0.0013       1896     7.8958  0.000e+00
      0.100     4.0590   0.000024     0.0013       1897     7.9000  0.000e+00
      0.094     4.0605   0.000015     0.0013       1898     7.9042  0.000e+00
      0.106     4.0329   0.000015     0.0012       1899     7.9083  0.000e+00
      0.106     4.0172   0.000021     0.0012       1900     7.9125  0.000e+00
      0.094     4.0220   0.000015     0.0012       1901     7.9167  0.000e+00
      0.094     4.0258   0.000021     0.0013       1902     7.9208  0.000e+00
      0.097     4.0176   0.000024     0.0013       1903     7.9250  0.000e+00
      0.097     4.0159   0.000024     0.0013       1904     7.9292  0.000e+00
      0.100     4.0216   0.000021     0.0012       1905     7.9333  0.000e+00
      0.100     4.0289   0.000024     0.0013       1906     7.9375  0.000e+00
      0.097     4.0322   0.000015     0.0012       1907     7.9417  0.000e+00
      0.103     4.0307   0.000021     0.0013       1908     7.9458  0.000e+00
      0.097     4.0339   0.000021     0.0013       1909     7.9500  0.000e+00
      0.103     4.0399   0.000024     0.0013       1910     7.9542  0.000e+00
      0.103     4.0457   0.000021     0.0013       1911     7.9583  0.000e+00
      0.103     4.0509   0.000024     0.0013       1912     7.9625  0.000e+00
      0.097     4.0437   0.000021     0.0013       1913     7.9667  0.000e+00
      0.094     4.0334   0.000021     0.0013       1914     7.9708  0.000e+00
      0.103     4.0353   0.000015     0.0012       1915     7.9750  0.000e+00
      0.100     4.0350   0.000021     0.0013       1916     7.9792  0.000e+00
      0.094     4.0176   0.000024     0.0013       1917     7.9833  0.000e+00
      0.097     4.0117   0.000021     0.0012       1918     7.9875  0.000e+00
      0.103     4.0136   0.000021     0.0012       1919     7.9917  0.000e+00
      0.097     4.0030   0.000024     0.0012       1920     7.9958  0.000e+00
      0.091     3.9954   0.000024     0.0012       1921     8.0000  0.000e+00
      0.100     3.9981   0.000030     0.0013       1922     8.0042  0.000e+00
      0.103     4.0010   0.000021     0.0012       1923     8.0083  0.000e+00
      0.094     3.9867   0.000021     0.0012       1924     8.0125  0.000e+00
      0.094     3.9743   0.000024     0.0012       1925     8.0167  0.000e+00
      0.097     3.9762   0.000024     0.0012       1926     8.0208  0.000e+00
