PC2501/sbe040.cnv
* Sea-Bird SBE 19plus Data File:
* FileName = C:\cruise\data\sbe040.hex
* Software Version Seasave V 7.26.7.121
* Temperature SN = 4684
* Conductivity SN = 4684
* System UpLoad Time = Jan 19 2025 05:30:45
* NMEA Latitude = 36 39.49 N
* NMEA Longitude = 074 32.99 W
* NMEA UTC (Time) = Jan 19 2025  05:30:10
** Ship: Pisces
** Cruise:  PC2501
** Program:  AMAPPS
# nquan = 7
# nvalues = 1336                                  
# units = specified
# name 0 = depSM: Depth [salt water, m]
# name 1 = tv290C: Temperature [ITS-90, deg C]
# name 2 = c0S/m: Conductivity [S/m]
# name 3 = sal00: Salinity, Practical [PSU]
# name 4 = scan: Scan Count
# name 5 = timeM: Time, Elapsed [minutes]
# name 6 = flag:  0.000e+00
# span 0 =      0.016,     50.724                 
# span 1 =    13.0292,    14.3500                 
# span 2 =   0.000089,   4.252080                 
# span 3 =     0.0072,    35.6497                 
# span 4 =         11,       1346                 
# span 5 =     0.0417,     5.6042                 
# span 6 = 0.0000e+00, 0.0000e+00                 
# interval = seconds: 0.25
# start_time = Jan 19 2025 05:30:10 [NMEA time, header]
# bad_flag = -9.990e-29
*END*
[from data line 1026]
      7.817    13.5216   4.140361    34.9330       1037     4.3167  0.000e+00
      7.796    13.5227   4.136622    34.8967       1038     4.3208  0.000e+00
      7.769    13.5076   4.130746    34.8551       1039     4.3250  0.000e+00
      7.729    13.4790   4.123489    34.8128       1040     4.3292  0.000e+00
      7.677    13.4361   4.116896    34.7898       1041     4.3333  0.000e+00
      7.616    13.3875   4.114143    34.8083       1042     4.3375  0.000e+00
      7.561    13.3467   4.113831    34.8427       1043     4.3417  0.000e+00
      7.506    13.3223   4.113639    34.8632       1044     4.3458  0.000e+00
      7.454    13.3101   4.112788    34.8664       1045     4.3500  0.000e+00
      7.399    13.3019   4.112588    34.8721       1046     4.3542  0.000e+00
      7.366    13.2966   4.112475    34.8759       1047     4.3583  0.000e+00
      7.354    13.2938   4.113207    34.8854       1048     4.3625  0.000e+00
      7.341    13.2940   4.114231    34.8949       1049     4.3667  0.000e+00
      7.344    13.2970   4.113666    34.8868       1050     4.3708  0.000e+00
      7.357    13.3005   4.116133    34.9070       1051     4.3750  0.000e+00
      7.372    13.3072   4.112615    34.8675       1052     4.3792  0.000e+00
      7.409    13.3046   4.111565    34.8599       1053     4.3833  0.000e+00
      7.427    13.2964   4.116106    34.9104       1054     4.3875  0.000e+00
      7.448    13.3024   4.109471    34.8420       1055     4.3917  0.000e+00
      7.460    13.2920   4.109670    34.8535       1056     4.3958  0.000e+00
      7.473    13.2795   4.111990    34.8869       1057     4.4000  0.000e+00
      7.485    13.2821   4.130296    35.0582       1058     4.4042  0.000e+00
      7.479    13.3353   4.153305    35.2272       1059     4.4083  0.000e+00
      7.473    13.4522   4.172266    35.2984       1060     4.4125  0.000e+00
      7.436    13.6027   4.173327    35.1693       1061     4.4167  0.000e+00
      7.387    13.6963   4.149116    34.8559       1062     4.4208  0.000e+00
      7.338    13.6831   4.128179    34.6714       1063     4.4250  0.000e+00
      7.274    13.5756   4.117346    34.6672       1064     4.4292  0.000e+00
      7.216    13.4620   4.116869    34.7661       1065     4.4333  0.000e+00
      7.155    13.3878   4.129868    34.9569       1066     4.4375  0.000e+00
      7.091    13.3891   4.130774    34.9643       1067     4.4417  0.000e+00
      7.027    13.4112   4.128210    34.9198       1068     4.4458  0.000e+00
      6.984    13.4190   4.131546    34.9442       1069     4.4500  0.000e+00
      6.948    13.4270   4.127417    34.8978       1070     4.4542  0.000e+00
      6.911    13.4260   4.127131    34.8960       1071     4.4583  0.000e+00
      6.880    13.4183   4.124794    34.8811       1072     4.4625  0.000e+00
      6.856    13.4064   4.121613    34.8619       1073     4.4667  0.000e+00
      6.832    13.3879   4.123803    34.8996       1074     4.4708  0.000e+00
      6.813    13.3818   4.131973    34.9825       1075     4.4750  0.000e+00
      6.804    13.4019   4.128955    34.9355       1076     4.4792  0.000e+00
      6.807    13.4192   4.139249    35.0169       1077     4.4833  0.000e+00
      6.807    13.4474   4.145083    35.0461       1078     4.4875  0.000e+00
      6.804    13.4939   4.146056    35.0126       1079     4.4917  0.000e+00
      6.822    13.5330   4.167337    35.1774       1080     4.4958  0.000e+00
      6.838    13.6061   4.187409    35.2992       1081     4.5000  0.000e+00
      6.856    13.7360   4.181127    35.1204       1082     4.5042  0.000e+00
      6.865    13.8061   4.177512    35.0223       1083     4.5083  0.000e+00
      6.883    13.8178   4.186482    35.0956       1084     4.5125  0.000e+00
      6.883    13.8418   4.190655    35.1127       1085     4.5167  0.000e+00
      6.859    13.8758   4.192336    35.0973       1086     4.5208  0.000e+00
      6.822    13.9053   4.191867    35.0659       1087     4.5250  0.000e+00
      6.777    13.9186   4.192825    35.0628       1088     4.5292  0.000e+00
      6.703    13.9249   4.196745    35.0937       1089     4.5333  0.000e+00
      6.618    13.9388   4.189113    35.0097       1090     4.5375  0.000e+00
      6.529    13.9309   4.181385    34.9447       1091     4.5417  0.000e+00
      6.444    13.8969   4.181586    34.9776       1092     4.5458  0.000e+00
      6.368    13.8689   4.189582    35.0781       1093     4.5500  0.000e+00
      6.304    13.8766   4.183555    35.0146       1094     4.5542  0.000e+00
      6.252    13.8787   4.176902    34.9505       1095     4.5583  0.000e+00
      6.206    13.8484   4.177745    34.9860       1096     4.5625  0.000e+00
      6.185    13.8287   4.177251    34.9994       1097     4.5667  0.000e+00
      6.182    13.8196   4.173698    34.9744       1098     4.5708  0.000e+00
      6.188    13.8033   4.171739    34.9710       1099     4.5750  0.000e+00
      6.188    13.7855   4.175231    35.0200       1100     4.5792  0.000e+00
      6.197    13.7862   4.173063    34.9991       1101     4.5833  0.000e+00
      6.209    13.7842   4.173037    35.0006       1102     4.5875  0.000e+00
      6.215    13.7779   4.174455    35.0196       1103     4.5917  0.000e+00
      6.221    13.7805   4.165976    34.9378       1104     4.5958  0.000e+00
      6.209    13.7597   4.170442    34.9986       1105     4.6000  0.000e+00
      6.188    13.7500   4.176302    35.0625       1106     4.6042  0.000e+00
      6.157    13.7705   4.168945    34.9748       1107     4.6083  0.000e+00
      6.108    13.7683   4.173846    35.0227       1108     4.6125  0.000e+00
      6.062    13.7678   4.170155    34.9886       1109     4.6167  0.000e+00
      6.023    13.7673   4.170008    34.9877       1110     4.6208  0.000e+00
      5.983    13.7572   4.169720    34.9942       1111     4.6250  0.000e+00
      5.953    13.7537   4.167187    34.9737       1112     4.6292  0.000e+00
      5.947    13.7429   4.167274    34.9844       1113     4.6333  0.000e+00
      5.937    13.7354   4.170382    35.0204       1114     4.6375  0.000e+00
      5.934    13.7425   4.166665    34.9791       1115     4.6417  0.000e+00
      5.922    13.7410   4.160224    34.9200       1116     4.6458  0.000e+00
      5.925    13.7159   4.176389    35.0947       1117     4.6500  0.000e+00
      5.916    13.7378   4.179969    35.1083       1118     4.6542  0.000e+00
      5.892    13.7792   4.183757    35.1058       1119     4.6583  0.000e+00
      5.849    13.8175   4.187814    35.1088       1120     4.6625  0.000e+00
      5.803    13.8530   4.186073    35.0600       1121     4.6667  0.000e+00
      5.730    13.8712   4.182510    35.0100       1122     4.6708  0.000e+00
      5.647    13.8666   4.183407    35.0227       1123     4.6750  0.000e+00
      5.556    13.8615   4.183729    35.0304       1124     4.6792  0.000e+00
      5.470    13.8600   4.180803    35.0044       1125     4.6833  0.000e+00
      5.394    13.8538   4.183381    35.0343       1126     4.6875  0.000e+00
      5.333    13.8529   4.194192    35.1363       1127     4.6917  0.000e+00
      5.278    13.8845   4.194862    35.1137       1128     4.6958  0.000e+00
      5.232    13.9185   4.195874    35.0920       1129     4.7000  0.000e+00
      5.202    13.9389   4.197355    35.0873       1130     4.7042  0.000e+00
      5.184    13.9532   4.197643    35.0769       1131     4.7083  0.000e+00
      5.171    13.9621   4.196134    35.0547       1132     4.7125  0.000e+00
      5.168    13.9635   4.195759    35.0498       1133     4.7167  0.000e+00
      5.168    13.9613   4.198313    35.0757       1134     4.7208  0.000e+00
      5.156    13.9636   4.200177    35.0910       1135     4.7250  0.000e+00
      5.144    13.9757   4.189085    34.9764       1136     4.7292  0.000e+00
      5.135    13.9555   4.175663    34.8696       1137     4.7333  0.000e+00
      5.123    13.8879   4.176734    34.9410       1138     4.7375  0.000e+00
      5.123    13.8397   4.172721    34.9474       1139     4.7417  0.000e+00
      5.119    13.8080   4.175431    35.0018       1140     4.7458  0.000e+00
      5.119    13.7959   4.175431    35.0128       1141     4.7500  0.000e+00
      5.113    13.7926   4.169546    34.9606       1142     4.7542  0.000e+00
      5.129    13.7748   4.169579    34.9772       1143     4.7583  0.000e+00
      5.138    13.7624   4.174134    35.0313       1144     4.7625  0.000e+00
      5.138    13.7700   4.178897    35.0690       1145     4.7667  0.000e+00
      5.126    13.7841   4.169519    34.9682       1146     4.7708  0.000e+00
      5.107    13.7771   4.167099    34.9519       1147     4.7750  0.000e+00
      5.065    13.7527   4.173819    35.0372       1148     4.7792  0.000e+00
      5.016    13.7558   4.178322    35.0767       1149     4.7833  0.000e+00
      4.945    13.7800   4.178696    35.0580       1150     4.7875  0.000e+00
      4.854    13.8008   4.178843    35.0404       1151     4.7917  0.000e+00
      4.753    13.8126   4.179706    35.0377       1152     4.7958  0.000e+00
      4.662    13.8193   4.179505    35.0298       1153     4.8000  0.000e+00
      4.573    13.8248   4.179532    35.0250       1154     4.8042  0.000e+00
      4.488    13.8259   4.179331    35.0222       1155     4.8083  0.000e+00
      4.427    13.8260   4.179358    35.0223       1156     4.8125  0.000e+00
      4.372    13.8258   4.179532    35.0242       1157     4.8167  0.000e+00
      4.320    13.8264   4.178842    35.0172       1158     4.8208  0.000e+00
      4.317    13.8251   4.178548    35.0157       1159     4.8250  0.000e+00
      4.347    13.8225   4.178468    35.0173       1160     4.8292  0.000e+00
      4.390    13.8206   4.177511    35.0100       1161     4.8333  0.000e+00
      4.408    13.8177   4.177451    35.0121       1162     4.8375  0.000e+00
      4.405    13.8133   4.174333    34.9869       1163     4.8417  0.000e+00
      4.424    13.8038   4.174454    34.9967       1164     4.8458  0.000e+00
      4.424    13.7949   4.175056    35.0105       1165     4.8500  0.000e+00
      4.436    13.7917   4.170702    34.9726       1166     4.8542  0.000e+00
      4.433    13.7758   4.174220    35.0201       1167     4.8583  0.000e+00
      4.405    13.7761   4.176040    35.0369       1168     4.8625  0.000e+00
      4.360    13.7869   4.172140    34.9905       1169     4.8667  0.000e+00
      4.314    13.7820   4.167994    34.9561       1170     4.8708  0.000e+00
      4.262    13.7579   4.163817    34.9390       1171     4.8750  0.000e+00
      4.225    13.7329   4.166464    34.9867       1172     4.8792  0.000e+00
      4.180    13.7220   4.165054    34.9834       1173     4.8833  0.000e+00
      4.149    13.7170   4.163992    34.9781       1174     4.8875  0.000e+00
      4.131    13.7124   4.161887    34.9625       1175     4.8917  0.000e+00
      4.109    13.7013   4.165429    35.0059       1176     4.8958  0.000e+00
      4.091    13.7025   4.164306    34.9943       1177     4.9000  0.000e+00
      4.070    13.7053   4.159075    34.9426       1178     4.9042  0.000e+00
      4.045    13.6895   4.159823    34.9641       1179     4.9083  0.000e+00
      4.009    13.6742   4.165777    35.0341       1180     4.9125  0.000e+00
      3.975    13.6912   4.168370    35.0429       1181     4.9167  0.000e+00
      3.935    13.7113   4.164105    34.9844       1182     4.9208  0.000e+00
      3.899    13.7156   4.163270    34.9727       1183     4.9250  0.000e+00
      3.859    13.7078   4.161887    34.9668       1184     4.9292  0.000e+00
      3.813    13.6978   4.160651    34.9643       1185     4.9333  0.000e+00
      3.789    13.6886   4.160110    34.9677       1186     4.9375  0.000e+00
      3.761    13.6805   4.158901    34.9638       1187     4.9417  0.000e+00
      3.734    13.6726   4.157092    34.9540       1188     4.9458  0.000e+00
      3.709    13.6629   4.159503    34.9855       1189     4.9500  0.000e+00
      3.667    13.6608   4.167334    35.0611       1190     4.9542  0.000e+00
      3.621    13.6853   4.173960    35.1010       1191     4.9583  0.000e+00
      3.551    13.7251   4.174655    35.0711       1192     4.9625  0.000e+00
      3.490    13.7572   4.176039    35.0546       1193     4.9667  0.000e+00
      3.438    13.7787   4.175116    35.0263       1194     4.9708  0.000e+00
      3.423    13.7885   4.177973    35.0441       1195     4.9750  0.000e+00
      3.416    13.7987   4.184686    35.0978       1196     4.9792  0.000e+00
      3.435    13.8288   4.185148    35.0745       1197     4.9833  0.000e+00
      3.447    13.8592   4.176988    34.9703       1198     4.9875  0.000e+00
      3.450    13.8388   4.174393    34.9646       1199     4.9917  0.000e+00
      3.465    13.8124   4.173871    34.9838       1200     4.9958  0.000e+00
      3.487    13.7965   4.172173    34.9824       1201     5.0000  0.000e+00
      3.520    13.7832   4.172260    34.9953       1202     5.0042  0.000e+00
      3.548    13.7742   4.166002    34.9449       1203     5.0083  0.000e+00
      3.520    13.7535   4.174367    35.0423       1204     5.0125  0.000e+00
      3.450    13.7547   4.163530    34.9396       1205     5.0167  0.000e+00
      3.392    13.7465   4.160537    34.9190       1206     5.0208  0.000e+00
      3.325    13.7123   4.159388    34.9395       1207     5.0250  0.000e+00
      3.273    13.6932   4.178034    35.1322       1208     5.0292  0.000e+00
      3.212    13.7298   4.185584    35.1695       1209     5.0333  0.000e+00
      3.142    13.7925   4.191491    35.1674       1210     5.0375  0.000e+00
      3.069    13.8462   4.165948    34.8790       1211     5.0417  0.000e+00
      3.011    13.8238   4.171189    34.9484       1212     5.0458  0.000e+00
      2.968    13.7828   4.172982    35.0027       1213     5.0500  0.000e+00
      2.943    13.7780   4.176099    35.0363       1214     5.0542  0.000e+00
      2.925    13.7855   4.177919    35.0466       1215     5.0583  0.000e+00
      2.907    13.7975   4.174942    35.0077       1216     5.0625  0.000e+00
      2.879    13.7976   4.168829    34.9503       1217     5.0667  0.000e+00
      2.846    13.7772   4.170962    34.9890       1218     5.0708  0.000e+00
      2.812    13.7625   4.185410    35.1380       1219     5.0750  0.000e+00
      2.794    13.8005   4.180402    35.0562       1220     5.0792  0.000e+00
      2.794    13.8276   4.174332    34.9746       1221     5.0833  0.000e+00
      2.806    13.8150   4.167619    34.9231       1222     5.0875  0.000e+00
      2.806    13.7806   4.163990    34.9205       1223     5.0917  0.000e+00
      2.782    13.7413   4.157725    34.8976       1224     5.0958  0.000e+00
      2.742    13.7023   4.157725    34.9332       1225     5.1000  0.000e+00
      2.721    13.6754   4.155342    34.9354       1226     5.1042  0.000e+00
      2.730    13.6545   4.155055    34.9518       1227     5.1083  0.000e+00
      2.727    13.6413   4.155629    34.9693       1228     5.1125  0.000e+00
      2.724    13.6368   4.156517    34.9818       1229     5.1167  0.000e+00
      2.705    13.6405   4.162148    35.0313       1230     5.1208  0.000e+00
      2.647    13.6596   4.156170    34.9577       1231     5.1250  0.000e+00
      2.589    13.6565   4.156083    34.9598       1232     5.1292  0.000e+00
      2.519    13.6470   4.156057    34.9682       1233     5.1333  0.000e+00
      2.437    13.6425   4.155255    34.9648       1234     5.1375  0.000e+00
      2.354    13.6385   4.153419    34.9513       1235     5.1417  0.000e+00
      2.263    13.6315   4.162008    35.0385       1236     5.1458  0.000e+00
      2.174    13.6484   4.161085    35.0143       1237     5.1500  0.000e+00
      2.077    13.6666   4.155509    34.9453       1238     5.1542  0.000e+00
      1.988    13.6563   4.154968    34.9497       1239     5.1583  0.000e+00
      1.912    13.6438   4.154360    34.9554       1240     5.1625  0.000e+00
