PC2501/sbe017.cnv
* Sea-Bird SBE 19plus Data File:
* FileName = C:\cruise\data\sbe017.hex
* Software Version Seasave V 7.26.7.121
* Temperature SN = 4684
* Conductivity SN = 4684
* System UpLoad Time = Jan 13 2025 05:30:46
* NMEA Latitude = 38 08.60 N
* NMEA Longitude = 073 16.00 W
* NMEA UTC (Time) = Jan 13 2025  05:30:08
** Ship: Pisces
** Cruise:  PC2501
** Program:  AMAPPS
# nquan = 7
# nvalues = 7743                                  
# units = specified
# name 0 = depSM: Depth [salt water, m]
# name 1 = tv290C: Temperature [ITS-90, deg C]
# name 2 = c0S/m: Conductivity [S/m]
# name 3 = sal00: Salinity, Practical [PSU]
# name 4 = scan: Scan Count
# name 5 = timeM: Time, Elapsed [minutes]
# name 6 = flag:  0.000e+00
# span 0 =      0.048,    201.065                 
# span 1 =     5.8607,    17.2657                 
# span 2 =   0.053362,   4.671460                 
# span 3 =     0.4120,    36.3115                 
# span 4 =         11,       7753                 
# span 5 =     0.0417,    32.3000                 
# span 6 = 0.0000e+00, 0.0000e+00                 
# interval = seconds: 0.25
# start_time = Jan 13 2025 05:30:08 [NMEA time, header]
# bad_flag = -9.990e-29
*END*
[from data line 6154]
     47.343    13.9896   4.188606    34.9415       6165    25.6833  0.000e+00
     47.349    13.9890   4.188606    34.9421       6166    25.6875  0.000e+00
     47.352    13.9883   4.188639    34.9431       6167    25.6917  0.000e+00
     47.352    13.9881   4.188639    34.9432       6168    25.6958  0.000e+00
     47.355    13.9884   4.188606    34.9427       6169    25.7000  0.000e+00
     47.349    13.9882   4.188639    34.9432       6170    25.7042  0.000e+00
     47.355    13.9881   4.188639    34.9432       6171    25.7083  0.000e+00
     47.355    13.9882   4.188666    34.9434       6172    25.7125  0.000e+00
     47.340    13.9881   4.188666    34.9435       6173    25.7167  0.000e+00
     47.346    13.9882   4.188693    34.9436       6174    25.7208  0.000e+00
     47.328    13.9886   4.188780    34.9441       6175    25.7250  0.000e+00
     47.309    13.9890   4.188813    34.9441       6176    25.7292  0.000e+00
     47.288    13.9893   4.188840    34.9440       6177    25.7333  0.000e+00
     47.264    13.9898   4.188813    34.9434       6178    25.7375  0.000e+00
     47.233    13.9898   4.188840    34.9436       6179    25.7417  0.000e+00
     47.199    13.9898   4.188780    34.9431       6180    25.7458  0.000e+00
     47.151    13.9897   4.188753    34.9429       6181    25.7500  0.000e+00
     47.108    13.9898   4.188753    34.9429       6182    25.7542  0.000e+00
     47.053    13.9896   4.188753    34.9431       6183    25.7583  0.000e+00
     46.992    13.9895   4.188726    34.9429       6184    25.7625  0.000e+00
     46.946    13.9894   4.188753    34.9433       6185    25.7667  0.000e+00
     46.907    13.9894   4.188753    34.9433       6186    25.7708  0.000e+00
     46.864    13.9895   4.188780    34.9435       6187    25.7750  0.000e+00
     46.821    13.9896   4.188780    34.9434       6188    25.7792  0.000e+00
     46.803    13.9896   4.188780    34.9434       6189    25.7833  0.000e+00
     46.772    13.9896   4.188813    34.9437       6190    25.7875  0.000e+00
     46.763    13.9900   4.188753    34.9428       6191    25.7917  0.000e+00
     46.763    13.9898   4.188726    34.9427       6192    25.7958  0.000e+00
     46.763    13.9897   4.188726    34.9428       6193    25.8000  0.000e+00
     46.760    13.9897   4.188753    34.9431       6194    25.8042  0.000e+00
     46.775    13.9896   4.188753    34.9432       6195    25.8083  0.000e+00
     46.782    13.9897   4.188753    34.9431       6196    25.8125  0.000e+00
     46.779    13.9898   4.188753    34.9430       6197    25.8167  0.000e+00
     46.788    13.9896   4.188753    34.9432       6198    25.8208  0.000e+00
     46.788    13.9896   4.188780    34.9434       6199    25.8250  0.000e+00
     46.769    13.9896   4.188726    34.9430       6200    25.8292  0.000e+00
     46.763    13.9897   4.188693    34.9425       6201    25.8333  0.000e+00
     46.751    13.9894   4.188693    34.9428       6202    25.8375  0.000e+00
     46.733    13.9894   4.188666    34.9426       6203    25.8417  0.000e+00
     46.711    13.9894   4.188693    34.9428       6204    25.8458  0.000e+00
     46.687    13.9892   4.188693    34.9430       6205    25.8500  0.000e+00
     46.666    13.9893   4.188639    34.9424       6206    25.8542  0.000e+00
     46.635    13.9894   4.188639    34.9424       6207    25.8583  0.000e+00
     46.608    13.9890   4.188693    34.9432       6208    25.8625  0.000e+00
     46.571    13.9891   4.188693    34.9431       6209    25.8667  0.000e+00
     46.547    13.9892   4.188639    34.9425       6210    25.8708  0.000e+00
     46.516    13.9888   4.188579    34.9424       6211    25.8750  0.000e+00
     46.492    13.9888   4.188666    34.9432       6212    25.8792  0.000e+00
     46.467    13.9887   4.188666    34.9433       6213    25.8833  0.000e+00
     46.446    13.9890   4.188666    34.9430       6214    25.8875  0.000e+00
     46.419    13.9890   4.188693    34.9433       6215    25.8917  0.000e+00
     46.397    13.9892   4.188666    34.9429       6216    25.8958  0.000e+00
     46.379    13.9892   4.188579    34.9421       6217    25.9000  0.000e+00
     46.358    13.9891   4.188518    34.9416       6218    25.9042  0.000e+00
     46.336    13.9885   4.188465    34.9417       6219    25.9083  0.000e+00
     46.318    13.9878   4.188431    34.9420       6220    25.9125  0.000e+00
     46.293    13.9874   4.188431    34.9424       6221    25.9167  0.000e+00
     46.263    13.9870   4.188431    34.9428       6222    25.9208  0.000e+00
     46.242    13.9870   4.188465    34.9430       6223    25.9250  0.000e+00
     46.223    13.9872   4.188492    34.9431       6224    25.9292  0.000e+00
     46.187    13.9874   4.188492    34.9430       6225    25.9333  0.000e+00
     46.162    13.9876   4.188518    34.9431       6226    25.9375  0.000e+00
     46.132    13.9876   4.188518    34.9430       6227    25.9417  0.000e+00
     46.110    13.9878   4.188552    34.9432       6228    25.9458  0.000e+00
     46.089    13.9880   4.188518    34.9428       6229    25.9500  0.000e+00
     46.056    13.9880   4.188491    34.9425       6230    25.9542  0.000e+00
     46.040    13.9878   4.188491    34.9427       6231    25.9583  0.000e+00
     46.013    13.9876   4.188491    34.9428       6232    25.9625  0.000e+00
     45.985    13.9876   4.188552    34.9435       6233    25.9667  0.000e+00
     45.961    13.9876   4.188552    34.9434       6234    25.9708  0.000e+00
     45.937    13.9877   4.188518    34.9431       6235    25.9750  0.000e+00
     45.915    13.9878   4.188552    34.9433       6236    25.9792  0.000e+00
     45.894    13.9877   4.188518    34.9431       6237    25.9833  0.000e+00
     45.860    13.9874   4.188491    34.9431       6238    25.9875  0.000e+00
     45.839    13.9876   4.188518    34.9432       6239    25.9917  0.000e+00
     45.827    13.9875   4.188491    34.9430       6240    25.9958  0.000e+00
     45.796    13.9876   4.188491    34.9430       6241    26.0000  0.000e+00
     45.781    13.9875   4.188491    34.9431       6242    26.0042  0.000e+00
     45.769    13.9878   4.188491    34.9428       6243    26.0083  0.000e+00
     45.754    13.9877   4.188465    34.9426       6244    26.0125  0.000e+00
     45.741    13.9877   4.188465    34.9426       6245    26.0167  0.000e+00
     45.720    13.9876   4.188491    34.9430       6246    26.0208  0.000e+00
     45.705    13.9878   4.188491    34.9429       6247    26.0250  0.000e+00
     45.680    13.9880   4.188491    34.9427       6248    26.0292  0.000e+00
     45.650    13.9879   4.188552    34.9433       6249    26.0333  0.000e+00
     45.619    13.9874   4.188518    34.9435       6250    26.0375  0.000e+00
     45.586    13.9869   4.188518    34.9439       6251    26.0417  0.000e+00
     45.537    13.9867   4.188518    34.9441       6252    26.0458  0.000e+00
     45.500    13.9860   4.188552    34.9451       6253    26.0500  0.000e+00
     45.458    13.9860   4.188518    34.9448       6254    26.0542  0.000e+00
     45.412    13.9860   4.188551    34.9452       6255    26.0583  0.000e+00
     45.375    13.9860   4.188551    34.9452       6256    26.0625  0.000e+00
     45.345    13.9862   4.188518    34.9447       6257    26.0667  0.000e+00
     45.314    13.9860   4.188518    34.9448       6258    26.0708  0.000e+00
     45.293    13.9862   4.188491    34.9444       6259    26.0750  0.000e+00
     45.275    13.9864   4.188491    34.9442       6260    26.0792  0.000e+00
     45.256    13.9864   4.188491    34.9443       6261    26.0833  0.000e+00
     45.244    13.9864   4.188491    34.9443       6262    26.0875  0.000e+00
     45.232    13.9864   4.188491    34.9443       6263    26.0917  0.000e+00
     45.220    13.9864   4.188491    34.9443       6264    26.0958  0.000e+00
     45.208    13.9865   4.188551    34.9448       6265    26.1000  0.000e+00
     45.208    13.9868   4.188578    34.9447       6266    26.1042  0.000e+00
     45.183    13.9870   4.188551    34.9443       6267    26.1083  0.000e+00
     45.165    13.9872   4.188518    34.9439       6268    26.1125  0.000e+00
     45.140    13.9871   4.188518    34.9439       6269    26.1167  0.000e+00
     45.122    13.9870   4.188491    34.9438       6270    26.1208  0.000e+00
     45.104    13.9868   4.188518    34.9443       6271    26.1250  0.000e+00
     45.073    13.9867   4.188498    34.9442       6272    26.1292  0.000e+00
     45.055    13.9867   4.188518    34.9443       6273    26.1333  0.000e+00
     45.031    13.9867   4.188551    34.9447       6274    26.1375  0.000e+00
     45.006    13.9866   4.188551    34.9447       6275    26.1417  0.000e+00
     44.985    13.9868   4.188518    34.9443       6276    26.1458  0.000e+00
     44.954    13.9867   4.188551    34.9447       6277    26.1500  0.000e+00
     44.918    13.9867   4.188551    34.9447       6278    26.1542  0.000e+00
     44.893    13.9869   4.188578    34.9448       6279    26.1583  0.000e+00
     44.857    13.9871   4.188578    34.9446       6280    26.1625  0.000e+00
     44.823    13.9872   4.188578    34.9446       6281    26.1667  0.000e+00
     44.784    13.9874   4.188551    34.9442       6282    26.1708  0.000e+00
     44.744    13.9874   4.188551    34.9442       6283    26.1750  0.000e+00
     44.713    13.9873   4.188551    34.9443       6284    26.1792  0.000e+00
     44.689    13.9872   4.188491    34.9438       6285    26.1833  0.000e+00
     44.665    13.9871   4.188518    34.9441       6286    26.1875  0.000e+00
     44.637    13.9870   4.188518    34.9442       6287    26.1917  0.000e+00
     44.616    13.9871   4.188578    34.9447       6288    26.1958  0.000e+00
     44.601    13.9873   4.188578    34.9446       6289    26.2000  0.000e+00
     44.588    13.9874   4.188551    34.9442       6290    26.2042  0.000e+00
     44.564    13.9872   4.188518    34.9441       6291    26.2083  0.000e+00
     44.558    13.9872   4.188551    34.9444       6292    26.2125  0.000e+00
     44.546    13.9870   4.188518    34.9443       6293    26.2167  0.000e+00
     44.549    13.9869   4.188551    34.9447       6294    26.2208  0.000e+00
     44.542    13.9870   4.188524    34.9443       6295    26.2250  0.000e+00
     44.530    13.9870   4.188518    34.9443       6296    26.2292  0.000e+00
     44.524    13.9868   4.188518    34.9445       6297    26.2333  0.000e+00
     44.503    13.9868   4.188464    34.9440       6298    26.2375  0.000e+00
     44.478    13.9866   4.188491    34.9444       6299    26.2417  0.000e+00
     44.454    13.9867   4.188518    34.9446       6300    26.2458  0.000e+00
     44.396    13.9871   4.188551    34.9446       6301    26.2500  0.000e+00
     44.353    13.9872   4.188551    34.9445       6302    26.2542  0.000e+00
     44.299    13.9874   4.188551    34.9443       6303    26.2583  0.000e+00
     44.234    13.9873   4.188518    34.9441       6304    26.2625  0.000e+00
     44.167    13.9874   4.188517    34.9441       6305    26.2667  0.000e+00
     44.109    13.9874   4.188578    34.9446       6306    26.2708  0.000e+00
     44.048    13.9878   4.188578    34.9444       6307    26.2750  0.000e+00
     43.993    13.9879   4.188551    34.9440       6308    26.2792  0.000e+00
     43.942    13.9880   4.188578    34.9442       6309    26.2833  0.000e+00
     43.908    13.9878   4.188578    34.9444       6310    26.2875  0.000e+00
     43.887    13.9878   4.188578    34.9444       6311    26.2917  0.000e+00
     43.878    13.9880   4.188551    34.9439       6312    26.2958  0.000e+00
     43.868    13.9880   4.188551    34.9440       6313    26.3000  0.000e+00
     43.865    13.9879   4.188551    34.9441       6314    26.3042  0.000e+00
     43.865    13.9879   4.188551    34.9441       6315    26.3083  0.000e+00
     43.874    13.9879   4.188551    34.9441       6316    26.3125  0.000e+00
     43.896    13.9879   4.188604    34.9445       6317    26.3167  0.000e+00
     43.917    13.9880   4.188578    34.9442       6318    26.3208  0.000e+00
     43.932    13.9882   4.188578    34.9440       6319    26.3250  0.000e+00
     43.932    13.9883   4.188578    34.9439       6320    26.3292  0.000e+00
     43.942    13.9880   4.188578    34.9442       6321    26.3333  0.000e+00
     43.926    13.9882   4.188578    34.9440       6322    26.3375  0.000e+00
     43.902    13.9882   4.188604    34.9442       6323    26.3417  0.000e+00
     43.893    13.9882   4.188604    34.9443       6324    26.3458  0.000e+00
     43.859    13.9884   4.188604    34.9441       6325    26.3500  0.000e+00
     43.829    13.9886   4.188578    34.9437       6326    26.3542  0.000e+00
     43.792    13.9888   4.188578    34.9435       6327    26.3583  0.000e+00
     43.759    13.9890   4.188604    34.9436       6328    26.3625  0.000e+00
     43.710    13.9890   4.188551    34.9431       6329    26.3667  0.000e+00
     43.661    13.9889   4.188604    34.9437       6330    26.3708  0.000e+00
     43.633    13.9888   4.188551    34.9433       6331    26.3750  0.000e+00
     43.585    13.9888   4.188578    34.9436       6332    26.3792  0.000e+00
     43.551    13.9887   4.188577    34.9437       6333    26.3833  0.000e+00
     43.521    13.9888   4.188604    34.9439       6334    26.3875  0.000e+00
     43.499    13.9887   4.188551    34.9435       6335    26.3917  0.000e+00
     43.478    13.9888   4.188638    34.9442       6336    26.3958  0.000e+00
     43.444    13.9890   4.188638    34.9441       6337    26.4000  0.000e+00
     43.426    13.9893   4.188638    34.9438       6338    26.4042  0.000e+00
     43.405    13.9894   4.188665    34.9439       6339    26.4083  0.000e+00
     43.383    13.9894   4.188604    34.9434       6340    26.4125  0.000e+00
     43.362    13.9895   4.188638    34.9436       6341    26.4167  0.000e+00
     43.353    13.9896   4.188664    34.9438       6342    26.4208  0.000e+00
     43.328    13.9897   4.188638    34.9434       6343    26.4250  0.000e+00
     43.310    13.9898   4.188577    34.9428       6344    26.4292  0.000e+00
     43.283    13.9894   4.188604    34.9435       6345    26.4333  0.000e+00
     43.267    13.9892   4.188551    34.9431       6346    26.4375  0.000e+00
     43.237    13.9891   4.188577    34.9435       6347    26.4417  0.000e+00
     43.213    13.9890   4.188604    34.9439       6348    26.4458  0.000e+00
     43.185    13.9893   4.188551    34.9431       6349    26.4500  0.000e+00
     43.182    13.9890   4.188463    34.9426       6350    26.4542  0.000e+00
     43.167    13.9885   4.188403    34.9424       6351    26.4583  0.000e+00
     43.161    13.9876   4.188403    34.9432       6352    26.4625  0.000e+00
     43.161    13.9872   4.188430    34.9438       6353    26.4667  0.000e+00
     43.173    13.9870   4.188376    34.9436       6354    26.4708  0.000e+00
     43.176    13.9869   4.188376    34.9436       6355    26.4750  0.000e+00
     43.185    13.9866   4.188403    34.9442       6356    26.4792  0.000e+00
     43.197    13.9868   4.188403    34.9440       6357    26.4833  0.000e+00
     43.203    13.9870   4.188430    34.9441       6358    26.4875  0.000e+00
     43.200    13.9871   4.188464    34.9443       6359    26.4917  0.000e+00
     43.185    13.9871   4.188464    34.9443       6360    26.4958  0.000e+00
     43.164    13.9872   4.188490    34.9445       6361    26.5000  0.000e+00
     43.145    13.9873   4.188517    34.9446       6362    26.5042  0.000e+00
     43.121    13.9877   4.188430    34.9434       6363    26.5083  0.000e+00
     43.100    13.9876   4.188376    34.9431       6364    26.5125  0.000e+00
     43.075    13.9870   4.188430    34.9441       6365    26.5167  0.000e+00
     43.042    13.9872   4.188551    34.9451       6366    26.5208  0.000e+00
     43.011    13.9874   4.188517    34.9445       6367    26.5250  0.000e+00
     42.984    13.9879   4.188463    34.9436       6368    26.5292  0.000e+00
