PC2501/sbe002.cnv
* Sea-Bird SBE 19plus Data File:
* FileName = C:\cruise\data\sbe002.hex
* Software Version Seasave V 7.26.7.121
* Temperature SN = 4684
* Conductivity SN = 4684
* System UpLoad Time = Jan 08 2025 23:10:24
* NMEA Latitude = 37 02.99 N
* NMEA Longitude = 075 00.50 W
* NMEA UTC (Time) = Jan 08 2025  23:09:43
** Ship: Pisces
** Cruise:  PC2501
** Program:  AMAPPS
# nquan = 7
# nvalues = 1668                                  
# units = specified
# name 0 = depSM: Depth [salt water, m]
# name 1 = tv290C: Temperature [ITS-90, deg C]
# name 2 = c0S/m: Conductivity [S/m]
# name 3 = sal00: Salinity, Practical [PSU]
# name 4 = scan: Scan Count
# name 5 = timeM: Time, Elapsed [minutes]
# name 6 = flag:  0.000e+00
# span 0 =     -0.039,     40.760                 
# span 1 =     7.1019,    13.2221                 
# span 2 =  -0.033778,   4.119526                 
# span 3 =     0.0000,    35.9181                 
# span 4 =         11,       1678                 
# span 5 =     0.0417,     6.9875                 
# span 6 = 0.0000e+00, 0.0000e+00                 
# interval = seconds: 0.25
# start_time = Jan 08 2025 23:09:43 [NMEA time, header]
# bad_flag = -9.990e-29
*END*
[from data line 1026]
     23.668    13.1248   4.106250    34.9678       1037     4.3167  0.000e+00
     23.638    13.1250   4.106502    34.9701       1038     4.3208  0.000e+00
     23.598    13.1258   4.106815    34.9723       1039     4.3250  0.000e+00
     23.552    13.1276   4.107074    34.9731       1040     4.3292  0.000e+00
     23.482    13.1297   4.106761    34.9683       1041     4.3333  0.000e+00
     23.427    13.1300   4.106761    34.9680       1042     4.3375  0.000e+00
     23.357    13.1299   4.106562    34.9663       1043     4.3417  0.000e+00
     23.266    13.1293   4.106562    34.9669       1044     4.3458  0.000e+00
     23.193    13.1287   4.106589    34.9676       1045     4.3500  0.000e+00
     23.131    13.1285   4.106675    34.9687       1046     4.3542  0.000e+00
     23.067    13.1289   4.106701    34.9686       1047     4.3583  0.000e+00
     22.994    13.1295   4.107040    34.9714       1048     4.3625  0.000e+00
     22.936    13.1308   4.107240    34.9720       1049     4.3667  0.000e+00
     22.875    13.1325   4.107213    34.9702       1050     4.3708  0.000e+00
     22.817    13.1336   4.106960    34.9668       1051     4.3750  0.000e+00
     22.759    13.1335   4.106761    34.9651       1052     4.3792  0.000e+00
     22.711    13.1320   4.106847    34.9673       1053     4.3833  0.000e+00
     22.665    13.1313   4.106761    34.9672       1054     4.3875  0.000e+00
     22.613    13.1307   4.106734    34.9675       1055     4.3917  0.000e+00
     22.576    13.1300   4.106734    34.9681       1056     4.3958  0.000e+00
     22.534    13.1298   4.106927    34.9702       1057     4.4000  0.000e+00
     22.503    13.1304   4.107014    34.9705       1058     4.4042  0.000e+00
     22.482    13.1313   4.107100    34.9705       1059     4.4083  0.000e+00
     22.451    13.1321   4.107073    34.9695       1060     4.4125  0.000e+00
     22.439    13.1325   4.107126    34.9696       1061     4.4167  0.000e+00
     22.439    13.1330   4.107040    34.9683       1062     4.4208  0.000e+00
     22.436    13.1330   4.106927    34.9673       1063     4.4250  0.000e+00
     22.421    13.1327   4.106900    34.9673       1064     4.4292  0.000e+00
     22.421    13.1321   4.106900    34.9678       1065     4.4333  0.000e+00
     22.411    13.1319   4.106535    34.9646       1066     4.4375  0.000e+00
     22.399    13.1310   4.106249    34.9627       1067     4.4417  0.000e+00
     22.387    13.1292   4.106249    34.9643       1068     4.4458  0.000e+00
     22.366    13.1281   4.106163    34.9645       1069     4.4500  0.000e+00
     22.329    13.1274   4.106110    34.9647       1070     4.4542  0.000e+00
     22.262    13.1267   4.105937    34.9638       1071     4.4583  0.000e+00
     22.192    13.1260   4.105771    34.9628       1072     4.4625  0.000e+00
     22.103    13.1252   4.105658    34.9626       1073     4.4667  0.000e+00
     22.012    13.1237   4.105625    34.9636       1074     4.4708  0.000e+00
     21.902    13.1228   4.105372    34.9621       1075     4.4750  0.000e+00
     21.804    13.1217   4.105173    34.9613       1076     4.4792  0.000e+00
     21.689    13.1202   4.105007    34.9611       1077     4.4833  0.000e+00
     21.585    13.1187   4.105033    34.9628       1078     4.4875  0.000e+00
     21.484    13.1180   4.105319    34.9662       1079     4.4917  0.000e+00
     21.393    13.1188   4.105286    34.9652       1080     4.4958  0.000e+00
     21.320    13.1195   4.105372    34.9654       1081     4.5000  0.000e+00
     21.256    13.1203   4.107352    34.9835       1082     4.5042  0.000e+00
     21.210    13.1268   4.108203    34.9857       1083     4.5083  0.000e+00
     21.176    13.1349   4.107126    34.9679       1084     4.5125  0.000e+00
     21.152    13.1366   4.106588    34.9613       1085     4.5167  0.000e+00
     21.133    13.1344   4.106674    34.9641       1086     4.5208  0.000e+00
     21.133    13.1331   4.106986    34.9683       1087     4.5250  0.000e+00
     21.133    13.1334   4.106873    34.9669       1088     4.5292  0.000e+00
     21.155    13.1334   4.106362    34.9620       1089     4.5333  0.000e+00
     21.179    13.1320   4.106335    34.9631       1090     4.5375  0.000e+00
     21.191    13.1306   4.105684    34.9581       1091     4.5417  0.000e+00
     21.222    13.1283   4.105119    34.9549       1092     4.5458  0.000e+00
     21.246    13.1244   4.104668    34.9542       1093     4.5500  0.000e+00
     21.258    13.1207   4.104694    34.9578       1094     4.5542  0.000e+00
     21.283    13.1184   4.104748    34.9605       1095     4.5583  0.000e+00
     21.273    13.1176   4.105007    34.9637       1096     4.5625  0.000e+00
     21.252    13.1186   4.106701    34.9789       1097     4.5667  0.000e+00
     21.228    13.1235   4.107299    34.9801       1098     4.5708  0.000e+00
     21.194    13.1308   4.109392    34.9932       1099     4.5750  0.000e+00
     21.130    13.1416   4.109990    34.9890       1100     4.5792  0.000e+00
     21.048    13.1505   4.110329    34.9840       1101     4.5833  0.000e+00
     20.968    13.1560   4.110409    34.9798       1102     4.5875  0.000e+00
     20.868    13.1591   4.110296    34.9759       1103     4.5917  0.000e+00
     20.764    13.1601   4.109957    34.9718       1104     4.5958  0.000e+00
     20.642    13.1595   4.109843    34.9713       1105     4.6000  0.000e+00
     20.520    13.1585   4.109843    34.9723       1106     4.6042  0.000e+00
     20.395    13.1579   4.109870    34.9731       1107     4.6083  0.000e+00
     20.279    13.1577   4.109817    34.9729       1108     4.6125  0.000e+00
     20.169    13.1575   4.109730    34.9723       1109     4.6167  0.000e+00
     20.069    13.1570   4.109817    34.9736       1110     4.6208  0.000e+00
     19.989    13.1568   4.109843    34.9741       1111     4.6250  0.000e+00
     19.919    13.1572   4.109790    34.9732       1112     4.6292  0.000e+00
     19.873    13.1571   4.109757    34.9731       1113     4.6333  0.000e+00
     19.843    13.1571   4.109790    34.9734       1114     4.6375  0.000e+00
     19.843    13.1569   4.109817    34.9738       1115     4.6417  0.000e+00
     19.852    13.1571   4.109757    34.9731       1116     4.6458  0.000e+00
     19.858    13.1570   4.109591    34.9716       1117     4.6500  0.000e+00
     19.879    13.1569   4.109843    34.9741       1118     4.6542  0.000e+00
     19.910    13.1570   4.109870    34.9742       1119     4.6583  0.000e+00
     19.931    13.1572   4.109903    34.9743       1120     4.6625  0.000e+00
     19.959    13.1576   4.110016    34.9750       1121     4.6667  0.000e+00
     19.980    13.1581   4.110102    34.9754       1122     4.6708  0.000e+00
     19.989    13.1586   4.110269    34.9764       1123     4.6750  0.000e+00
     19.986    13.1594   4.110182    34.9749       1124     4.6792  0.000e+00
     19.956    13.1601   4.110355    34.9760       1125     4.6833  0.000e+00
     19.910    13.1605   4.110920    34.9809       1126     4.6875  0.000e+00
     19.840    13.1627   4.110408    34.9741       1127     4.6917  0.000e+00
     19.773    13.1631   4.110182    34.9716       1128     4.6958  0.000e+00
     19.687    13.1616   4.110295    34.9741       1129     4.7000  0.000e+00
     19.602    13.1610   4.110182    34.9736       1130     4.7042  0.000e+00
     19.513    13.1605   4.110215    34.9745       1131     4.7083  0.000e+00
     19.437    13.1603   4.110468    34.9770       1132     4.7125  0.000e+00
     19.367    13.1613   4.110268    34.9743       1133     4.7167  0.000e+00
     19.324    13.1614   4.111179    34.9829       1134     4.7208  0.000e+00
     19.288    13.1637   4.111345    34.9823       1135     4.7250  0.000e+00
     19.257    13.1666   4.111059    34.9769       1136     4.7292  0.000e+00
     19.224    13.1673   4.111771    34.9830       1137     4.7333  0.000e+00
     19.208    13.1694   4.112256    34.9858       1138     4.7375  0.000e+00
     19.184    13.1728   4.112395    34.9839       1139     4.7417  0.000e+00
     19.178    13.1754   4.112335    34.9810       1140     4.7458  0.000e+00
     19.162    13.1765   4.112369    34.9803       1141     4.7500  0.000e+00
     19.150    13.1771   4.112482    34.9809       1142     4.7542  0.000e+00
     19.135    13.1776   4.112648    34.9820       1143     4.7583  0.000e+00
     19.120    13.1786   4.112734    34.9819       1144     4.7625  0.000e+00
     19.089    13.1793   4.112448    34.9785       1145     4.7667  0.000e+00
     19.053    13.1787   4.112136    34.9761       1146     4.7708  0.000e+00
     19.016    13.1775   4.112169    34.9775       1147     4.7750  0.000e+00
     18.967    13.1766   4.112448    34.9810       1148     4.7792  0.000e+00
     18.927    13.1769   4.112056    34.9770       1149     4.7833  0.000e+00
     18.876    13.1764   4.112083    34.9778       1150     4.7875  0.000e+00
     18.821    13.1758   4.112056    34.9782       1151     4.7917  0.000e+00
     18.760    13.1752   4.111597    34.9744       1152     4.7958  0.000e+00
     18.717    13.1737   4.111797    34.9776       1153     4.8000  0.000e+00
     18.671    13.1734   4.111910    34.9790       1154     4.8042  0.000e+00
     18.653    13.1733   4.110806    34.9686       1155     4.8083  0.000e+00
     18.622    13.1703   4.110408    34.9676       1156     4.8125  0.000e+00
     18.604    13.1662   4.109730    34.9649       1157     4.8167  0.000e+00
     18.595    13.1625   4.110268    34.9735       1158     4.8208  0.000e+00
     18.586    13.1613   4.109703    34.9693       1159     4.8250  0.000e+00
     18.592    13.1590   4.109564    34.9700       1160     4.8292  0.000e+00
     18.589    13.1574   4.109956    34.9752       1161     4.8333  0.000e+00
     18.598    13.1578   4.110720    34.9821       1162     4.8375  0.000e+00
     18.601    13.1607   4.110295    34.9754       1163     4.8417  0.000e+00
     18.610    13.1618   4.109989    34.9715       1164     4.8458  0.000e+00
     18.616    13.1609   4.110042    34.9728       1165     4.8500  0.000e+00
     18.622    13.1603   4.109989    34.9729       1166     4.8542  0.000e+00
     18.622    13.1600   4.110268    34.9758       1167     4.8583  0.000e+00
     18.616    13.1605   4.110780    34.9801       1168     4.8625  0.000e+00
     18.595    13.1628   4.111318    34.9832       1169     4.8667  0.000e+00
     18.558    13.1660   4.110866    34.9760       1170     4.8708  0.000e+00
     18.515    13.1664   4.110833    34.9753       1171     4.8750  0.000e+00
     18.451    13.1658   4.110693    34.9746       1172     4.8792  0.000e+00
     18.387    13.1650   4.110215    34.9707       1173     4.8833  0.000e+00
     18.323    13.1635   4.110241    34.9724       1174     4.8875  0.000e+00
     18.253    13.1623   4.110580    34.9768       1175     4.8917  0.000e+00
     18.186    13.1628   4.111119    34.9815       1176     4.8958  0.000e+00
     18.128    13.1649   4.111318    34.9814       1177     4.9000  0.000e+00
     18.070    13.1673   4.111684    34.9827       1178     4.9042  0.000e+00
     18.021    13.1697   4.111630    34.9800       1179     4.9083  0.000e+00
     17.984    13.1710   4.111717    34.9797       1180     4.9125  0.000e+00
     17.963    13.1718   4.112023    34.9818       1181     4.9167  0.000e+00
     17.954    13.1734   4.111484    34.9753       1182     4.9208  0.000e+00
     17.957    13.1727   4.110607    34.9676       1183     4.9250  0.000e+00
     17.963    13.1686   4.110294    34.9683       1184     4.9292  0.000e+00
     17.975    13.1650   4.110068    34.9696       1185     4.9333  0.000e+00
     17.996    13.1622   4.110068    34.9721       1186     4.9375  0.000e+00
     18.009    13.1607   4.110753    34.9800       1187     4.9417  0.000e+00
     18.027    13.1624   4.110866    34.9795       1188     4.9458  0.000e+00
     18.036    13.1643   4.110979    34.9789       1189     4.9500  0.000e+00
     18.036    13.1656   4.111006    34.9779       1190     4.9542  0.000e+00
     18.024    13.1665   4.110946    34.9764       1191     4.9583  0.000e+00
     18.002    13.1667   4.110693    34.9739       1192     4.9625  0.000e+00
     17.972    13.1658   4.110667    34.9745       1193     4.9667  0.000e+00
     17.923    13.1650   4.110833    34.9768       1194     4.9708  0.000e+00
     17.877    13.1648   4.110946    34.9781       1195     4.9750  0.000e+00
     17.829    13.1656   4.110806    34.9760       1196     4.9792  0.000e+00
     17.795    13.1656   4.110979    34.9777       1197     4.9833  0.000e+00
     17.752    13.1662   4.110892    34.9764       1198     4.9875  0.000e+00
     17.719    13.1662   4.110720    34.9747       1199     4.9917  0.000e+00
     17.685    13.1656   4.110640    34.9746       1200     4.9958  0.000e+00
     17.664    13.1649   4.110946    34.9781       1201     5.0000  0.000e+00
     17.633    13.1656   4.110979    34.9778       1202     5.0042  0.000e+00
     17.615    13.1664   4.111005    34.9774       1203     5.0083  0.000e+00
     17.584    13.1667   4.110946    34.9765       1204     5.0125  0.000e+00
     17.566    13.1669   4.110892    34.9758       1205     5.0167  0.000e+00
     17.530    13.1667   4.111118    34.9781       1206     5.0208  0.000e+00
     17.502    13.1673   4.110946    34.9760       1207     5.0250  0.000e+00
     17.475    13.1673   4.111092    34.9774       1208     5.0292  0.000e+00
     17.450    13.1676   4.111457    34.9806       1209     5.0333  0.000e+00
     17.411    13.1691   4.111058    34.9754       1210     5.0375  0.000e+00
     17.377    13.1688   4.110693    34.9722       1211     5.0417  0.000e+00
     17.346    13.1672   4.110832    34.9750       1212     5.0458  0.000e+00
     17.322    13.1662   4.110892    34.9765       1213     5.0500  0.000e+00
     17.301    13.1664   4.110753    34.9750       1214     5.0542  0.000e+00
     17.292    13.1664   4.111205    34.9794       1215     5.0583  0.000e+00
     17.288    13.1673   4.111404    34.9804       1216     5.0625  0.000e+00
     17.288    13.1688   4.111743    34.9822       1217     5.0667  0.000e+00
     17.304    13.1711   4.112282    34.9852       1218     5.0708  0.000e+00
     17.310    13.1740   4.111943    34.9793       1219     5.0750  0.000e+00
     17.325    13.1751   4.111517    34.9743       1220     5.0792  0.000e+00
     17.343    13.1736   4.111118    34.9719       1221     5.0833  0.000e+00
     17.352    13.1712   4.111231    34.9752       1222     5.0875  0.000e+00
     17.361    13.1700   4.111318    34.9771       1223     5.0917  0.000e+00
     17.352    13.1699   4.111404    34.9780       1224     5.0958  0.000e+00
     17.331    13.1703   4.111258    34.9762       1225     5.1000  0.000e+00
     17.294    13.1704   4.111178    34.9754       1226     5.1042  0.000e+00
     17.245    13.1697   4.107749    34.9435       1227     5.1083  0.000e+00
     17.188    13.1592   4.101809    34.8967       1228     5.1125  0.000e+00
     17.111    13.1295   4.100986    34.9162       1229     5.1167  0.000e+00
     17.032    13.1073   4.100933    34.9362       1230     5.1208  0.000e+00
     16.947    13.0964   4.100794    34.9450       1231     5.1250  0.000e+00
     16.855    13.0909   4.100283    34.9452       1232     5.1292  0.000e+00
     16.779    13.0865   4.100734    34.9536       1233     5.1333  0.000e+00
     16.699    13.0855   4.101186    34.9589       1234     5.1375  0.000e+00
     16.632    13.0871   4.100821    34.9539       1235     5.1417  0.000e+00
     16.568    13.0878   4.100196    34.9474       1236     5.1458  0.000e+00
     16.516    13.0852   4.100343    34.9512       1237     5.1500  0.000e+00
     16.474    13.0840   4.100648    34.9553       1238     5.1542  0.000e+00
     16.443    13.0847   4.100595    34.9541       1239     5.1583  0.000e+00
     16.455    13.0853   4.100648    34.9541       1240     5.1625  0.000e+00
