PC2501/sbe048.cnv
* Sea-Bird SBE 19plus Data File:
* FileName = C:\cruise\data\sbe048.hex
* Software Version Seasave V 7.26.7.121
* Temperature SN = 4684
* Conductivity SN = 4684
* System UpLoad Time = Jan 24 2025 01:22:07
* NMEA Latitude = 38 18.78 N
* NMEA Longitude = 070 57.04 W
* NMEA UTC (Time) = Jan 24 2025  01:21:34
** Ship: Pisces
** Cruise:  PC2501
** Program:  AMAPPS
# nquan = 7
# nvalues = 4423                                  
# units = specified
# name 0 = depSM: Depth [salt water, m]
# name 1 = tv290C: Temperature [ITS-90, deg C]
# name 2 = c0S/m: Conductivity [S/m]
# name 3 = sal00: Salinity, Practical [PSU]
# name 4 = scan: Scan Count
# name 5 = timeM: Time, Elapsed [minutes]
# name 6 = flag:  0.000e+00
# span 0 =     -0.023,    200.894                 
# span 1 =     4.5390,    15.2263                 
# span 2 =  -0.003022,   4.381595                 
# span 3 =     0.0000,    35.8415                 
# span 4 =         11,       4433                 
# span 5 =     0.0417,    18.4667                 
# span 6 = 0.0000e+00, 0.0000e+00                 
# interval = seconds: 0.25
# start_time = Jan 24 2025 01:21:34 [NMEA time, header]
# bad_flag = -9.990e-29
*END*
[from data line 616]
     95.268    14.8763   4.365904    35.7512        627     2.6083  0.000e+00
     95.475    14.8596   4.362682    35.7369        628     2.6125  0.000e+00
     95.674    14.8362   4.360496    35.7383        629     2.6167  0.000e+00
     95.853    14.8138   4.358964    35.7447        630     2.6208  0.000e+00
     95.999    14.7948   4.355336    35.7287        631     2.6250  0.000e+00
     96.134    14.7725   4.353247    35.7299        632     2.6292  0.000e+00
     96.264    14.7503   4.349927    35.7198        633     2.6333  0.000e+00
     96.374    14.7254   4.347308    35.7185        634     2.6375  0.000e+00
     96.493    14.6999   4.345969    35.7296        635     2.6417  0.000e+00
     96.600    14.6793   4.345425    35.7435        636     2.6458  0.000e+00
     96.709    14.6652   4.344575    35.7486        637     2.6500  0.000e+00
     96.804    14.6536   4.342780    35.7427        638     2.6542  0.000e+00
     96.901    14.6407   4.341516    35.7429        639     2.6583  0.000e+00
     96.996    14.6278   4.341040    35.7503        640     2.6625  0.000e+00
     97.087    14.6179   4.340490    35.7543        641     2.6667  0.000e+00
     97.175    14.6104   4.340259    35.7591        642     2.6708  0.000e+00
     97.273    14.6048   4.340008    35.7619        643     2.6750  0.000e+00
     97.349    14.6003   4.339797    35.7641        644     2.6792  0.000e+00
     97.437    14.5971   4.339641    35.7655        645     2.6833  0.000e+00
     97.532    14.5945   4.339451    35.7662        646     2.6875  0.000e+00
     97.629    14.5925   4.339342    35.7669        647     2.6917  0.000e+00
     97.727    14.5907   4.339301    35.7682        648     2.6958  0.000e+00
     97.836    14.5894   4.339097    35.7674        649     2.7000  0.000e+00
     97.952    14.5881   4.338751    35.7654        650     2.7042  0.000e+00
     98.092    14.5859   4.338432    35.7644        651     2.7083  0.000e+00
     98.226    14.5832   4.338262    35.7653        652     2.7125  0.000e+00
     98.376    14.5806   4.338187    35.7670        653     2.7167  0.000e+00
     98.531    14.5789   4.338112    35.7677        654     2.7208  0.000e+00
     98.708    14.5774   4.338113    35.7690        655     2.7250  0.000e+00
     98.884    14.5770   4.338283    35.7710        656     2.7292  0.000e+00
     99.067    14.5770   4.338378    35.7717        657     2.7333  0.000e+00
     99.259    14.5776   4.338466    35.7719        658     2.7375  0.000e+00
     99.451    14.5783   4.338262    35.7693        659     2.7417  0.000e+00
     99.652    14.5783   4.337372    35.7610        660     2.7458  0.000e+00
     99.850    14.5749   4.336292    35.7541        661     2.7500  0.000e+00
    100.057    14.5680   4.335837    35.7562        662     2.7542  0.000e+00
    100.270    14.5612   4.335511    35.7593        663     2.7583  0.000e+00
    100.478    14.5563   4.334988    35.7589        664     2.7625  0.000e+00
    100.691    14.5516   4.334784    35.7613        665     2.7667  0.000e+00
    100.901    14.5480   4.334139    35.7586        666     2.7708  0.000e+00
    101.105    14.5438   4.333596    35.7573        667     2.7750  0.000e+00
    101.324    14.5392   4.332930    35.7554        668     2.7792  0.000e+00
    101.529    14.5336   4.332027    35.7521        669     2.7833  0.000e+00
    101.733    14.5270   4.331953    35.7574        670     2.7875  0.000e+00
    101.940    14.5215   4.330275    35.7469        671     2.7917  0.000e+00
    102.123    14.5129   4.327410    35.7282        672     2.7958  0.000e+00
    102.299    14.4964   4.325096    35.7220        673     2.8000  0.000e+00
    102.467    14.4770   4.323481    35.7249        674     2.8042  0.000e+00
    102.628    14.4593   4.322654    35.7335        675     2.8083  0.000e+00
    102.768    14.4451   4.320483    35.7264        676     2.8125  0.000e+00
    102.899    14.4303   4.318740    35.7239        677     2.8167  0.000e+00
    103.018    14.4145   4.316936    35.7218        678     2.8208  0.000e+00
    103.131    14.3985   4.315037    35.7188        679     2.8250  0.000e+00
    103.231    14.3819   4.313092    35.7161        680     2.8292  0.000e+00
    103.332    14.3655   4.311560    35.7171        681     2.8333  0.000e+00
    103.417    14.3498   4.310523    35.7219        682     2.8375  0.000e+00
    103.509    14.3373   4.309642    35.7252        683     2.8417  0.000e+00
    103.600    14.3275   4.308443    35.7232        684     2.8458  0.000e+00
    103.701    14.3178   4.306471    35.7138        685     2.8500  0.000e+00
    103.810    14.3053   4.303619    35.6987        686     2.8542  0.000e+00
    103.923    14.2877   4.301459    35.6949        687     2.8583  0.000e+00
    104.045    14.2681   4.299239    35.6923        688     2.8625  0.000e+00
    104.167    14.2488   4.297188    35.6911        689     2.8667  0.000e+00
    104.298    14.2299   4.295719    35.6949        690     2.8708  0.000e+00
    104.426    14.2134   4.294285    35.6968        691     2.8750  0.000e+00
    104.544    14.1992   4.293080    35.6986        692     2.8792  0.000e+00
    104.669    14.1864   4.291957    35.7000        693     2.8833  0.000e+00
    104.785    14.1759   4.291092    35.7016        694     2.8875  0.000e+00
    104.898    14.1665   4.289570    35.6961        695     2.8917  0.000e+00
    105.014    14.1559   4.288623    35.6970        696     2.8958  0.000e+00
    105.138    14.1453   4.287304    35.6945        697     2.9000  0.000e+00
    105.263    14.1345   4.285574    35.6883        698     2.9042  0.000e+00
    105.385    14.1222   4.284627    35.6909        699     2.9083  0.000e+00
    105.534    14.1100   4.284059    35.6969        700     2.9125  0.000e+00
    105.696    14.1007   4.284026    35.7051        701     2.9167  0.000e+00
    105.873    14.0955   4.285101    35.7198        702     2.9208  0.000e+00
    106.055    14.0961   4.286325    35.7306        703     2.9250  0.000e+00
    106.253    14.1022   4.284979    35.7123        704     2.9292  0.000e+00
    106.479    14.1032   4.283627    35.6987        705     2.9333  0.000e+00
    106.710    14.0973   4.284628    35.7134        706     2.9375  0.000e+00
    106.960    14.0953   4.284087    35.7101        707     2.9417  0.000e+00
    107.207    14.0940   4.283729    35.7078        708     2.9458  0.000e+00
    107.429    14.0911   4.282512    35.6991        709     2.9500  0.000e+00
    107.645    14.0847   4.281174    35.6925        710     2.9542  0.000e+00
    107.834    14.0754   4.280404    35.6938        711     2.9583  0.000e+00
    108.029    14.0662   4.279032    35.6895        712     2.9625  0.000e+00
    108.215    14.0553   4.278702    35.6964        713     2.9667  0.000e+00
    108.389    14.0460   4.278790    35.7058        714     2.9708  0.000e+00
    108.544    14.0420   4.278290    35.7048        715     2.9750  0.000e+00
    108.681    14.0383   4.277101    35.6970        716     2.9792  0.000e+00
    108.806    14.0302   4.276175    35.6959        717     2.9833  0.000e+00
    108.907    14.0202   4.275345    35.6973        718     2.9875  0.000e+00
    109.019    14.0099   4.273771    35.6921        719     2.9917  0.000e+00
    109.138    13.9970   4.273501    35.7015        720     2.9958  0.000e+00
    109.245    13.9875   4.273116    35.7067        721     3.0000  0.000e+00
    109.357    13.9811   4.272704    35.7087        722     3.0042  0.000e+00
    109.467    13.9760   4.272522    35.7118        723     3.0083  0.000e+00
    109.577    13.9722   4.272428    35.7144        724     3.0125  0.000e+00
    109.695    13.9700   4.272408    35.7162        725     3.0167  0.000e+00
    109.814    13.9686   4.272286    35.7163        726     3.0208  0.000e+00
    109.933    13.9675   4.272198    35.7164        727     3.0250  0.000e+00
    110.058    13.9666   4.271928    35.7147        728     3.0292  0.000e+00
    110.192    13.9649   4.271814    35.7151        729     3.0333  0.000e+00
    110.347    13.9630   4.271638    35.7152        730     3.0375  0.000e+00
    110.512    13.9613   4.271321    35.7137        731     3.0417  0.000e+00
    110.685    13.9590   4.270268    35.7059        732     3.0458  0.000e+00
    110.844    13.9532   4.268755    35.6971        733     3.0500  0.000e+00
    111.020    13.9430   4.267480    35.6946        734     3.0542  0.000e+00
    111.194    13.9305   4.265678    35.6892        735     3.0583  0.000e+00
    111.368    13.9164   4.264403    35.6903        736     3.0625  0.000e+00
    111.560    13.9020   4.261650    35.6779        737     3.0667  0.000e+00
    111.742    13.8842   4.261266    35.6907        738     3.0708  0.000e+00
    111.925    13.8696   4.260970    35.7014        739     3.0750  0.000e+00
    112.102    13.8617   4.258515    35.6857        740     3.0792  0.000e+00
    112.278    13.8486   4.256472    35.6786        741     3.0833  0.000e+00
    112.434    13.8328   4.255231    35.6816        742     3.0875  0.000e+00
    112.604    13.8167   4.254524    35.6899        743     3.0917  0.000e+00
    112.763    13.8055   4.253459    35.6903        744     3.0958  0.000e+00
    112.909    13.7953   4.251633    35.6826        745     3.1000  0.000e+00
    113.061    13.7825   4.250332    35.6822        746     3.1042  0.000e+00
    113.201    13.7697   4.250097    35.6919        747     3.1083  0.000e+00
    113.351    13.7607   4.249214    35.6918        748     3.1125  0.000e+00
    113.485    13.7534   4.249005    35.6966        749     3.1167  0.000e+00
    113.616    13.7484   4.248359    35.6952        750     3.1208  0.000e+00
    113.753    13.7433   4.248359    35.6999        751     3.1250  0.000e+00
    113.887    13.7400   4.247975    35.6993        752     3.1292  0.000e+00
    114.027    13.7375   4.247766    35.6996        753     3.1333  0.000e+00
    114.176    13.7348   4.247712    35.7016        754     3.1375  0.000e+00
    114.338    13.7331   4.247827    35.7041        755     3.1417  0.000e+00
    114.508    13.7324   4.247914    35.7056        756     3.1458  0.000e+00
    114.685    13.7328   4.247800    35.7040        757     3.1500  0.000e+00
    114.886    13.7326   4.247679    35.7030        758     3.1542  0.000e+00
    115.090    13.7319   4.247679    35.7035        759     3.1583  0.000e+00
    115.297    13.7316   4.247800    35.7049        760     3.1625  0.000e+00
    115.510    13.7316   4.247713    35.7039        761     3.1667  0.000e+00
    115.733    13.7316   4.247625    35.7031        762     3.1708  0.000e+00
    115.940    13.7310   4.247356    35.7009        763     3.1750  0.000e+00
    116.150    13.7299   4.246709    35.6958        764     3.1792  0.000e+00
    116.345    13.7264   4.245558    35.6882        765     3.1833  0.000e+00
    116.531    13.7197   4.245591    35.6947        766     3.1875  0.000e+00
    116.674    13.7146   4.245147    35.6951        767     3.1917  0.000e+00
    116.799    13.7110   4.244824    35.6955        768     3.1958  0.000e+00
    116.908    13.7073   4.243854    35.6897        769     3.2000  0.000e+00
    117.003    13.7008   4.242736    35.6852        770     3.2042  0.000e+00
    117.097    13.6920   4.242117    35.6876        771     3.2083  0.000e+00
    117.186    13.6834   4.241760    35.6921        772     3.2125  0.000e+00
    117.277    13.6769   4.241323    35.6941        773     3.2167  0.000e+00
    117.380    13.6714   4.240919    35.6953        774     3.2208  0.000e+00
    117.487    13.6667   4.240737    35.6980        775     3.2250  0.000e+00
    117.594    13.6633   4.240589    35.6998        776     3.2292  0.000e+00
    117.715    13.6609   4.240172    35.6980        777     3.2333  0.000e+00
    117.846    13.6582   4.239734    35.6964        778     3.2375  0.000e+00
    117.984    13.6542   4.238792    35.6911        779     3.2417  0.000e+00
    118.136    13.6480   4.237823    35.6877        780     3.2458  0.000e+00
    118.288    13.6402   4.237453    35.6915        781     3.2500  0.000e+00
    118.443    13.6337   4.236706    35.6904        782     3.2542  0.000e+00
    118.608    13.6273   4.236444    35.6938        783     3.2583  0.000e+00
    118.769    13.6221   4.236356    35.6978        784     3.2625  0.000e+00
    118.949    13.6190   4.235973    35.6970        785     3.2667  0.000e+00
    119.120    13.6164   4.235388    35.6939        786     3.2708  0.000e+00
    119.302    13.6127   4.234237    35.6863        787     3.2750  0.000e+00
    119.491    13.6061   4.233033    35.6811        788     3.2792  0.000e+00
    119.695    13.5974   4.232468    35.6838        789     3.2833  0.000e+00
    119.896    13.5892   4.230807    35.6757        790     3.2875  0.000e+00
    120.116    13.5794   4.229940    35.6766        791     3.2917  0.000e+00
    120.323    13.5684   4.229079    35.6786        792     3.2958  0.000e+00
    120.551    13.5599   4.228077    35.6770        793     3.3000  0.000e+00
    120.770    13.5512   4.227170    35.6765        794     3.3042  0.000e+00
    120.984    13.5420   4.226585    35.6794        795     3.3083  0.000e+00
    121.197    13.5343   4.225852    35.6796        796     3.3125  0.000e+00
    121.395    13.5276   4.225241    35.6800        797     3.3167  0.000e+00
    121.593    13.5212   4.224421    35.6782        798     3.3208  0.000e+00
    121.779    13.5146   4.222895    35.6698        799     3.3250  0.000e+00
    121.961    13.5061   4.222573    35.6747        800     3.3292  0.000e+00
    122.135    13.4981   4.222109    35.6777        801     3.3333  0.000e+00
    122.287    13.4922   4.221639    35.6787        802     3.3375  0.000e+00
    122.449    13.4875   4.221404    35.6809        803     3.3417  0.000e+00
    122.589    13.4836   4.220793    35.6787        804     3.3458  0.000e+00
    122.729    13.4794   4.220262    35.6775        805     3.3500  0.000e+00
    122.860    13.4746   4.219973    35.6792        806     3.3542  0.000e+00
    123.009    13.4706   4.219839    35.6816        807     3.3583  0.000e+00
    123.134    13.4681   4.219476    35.6805        808     3.3625  0.000e+00
    123.262    13.4657   4.219006    35.6782        809     3.3667  0.000e+00
    123.384    13.4624   4.218717    35.6785        810     3.3708  0.000e+00
    123.509    13.4590   4.218630    35.6808        811     3.3750  0.000e+00
    123.633    13.4567   4.218509    35.6817        812     3.3792  0.000e+00
    123.768    13.4552   4.218187    35.6801        813     3.3833  0.000e+00
    123.889    13.4532   4.218099    35.6810        814     3.3875  0.000e+00
    124.029    13.4515   4.217898    35.6806        815     3.3917  0.000e+00
    124.166    13.4500   4.217428    35.6775        816     3.3958  0.000e+00
    124.297    13.4473   4.217052    35.6765        817     3.4000  0.000e+00
    124.422    13.4442   4.216790    35.6768        818     3.4042  0.000e+00
    124.556    13.4410   4.215561    35.6681        819     3.4083  0.000e+00
    124.678    13.4353   4.214540    35.6637        820     3.4125  0.000e+00
    124.806    13.4276   4.213896    35.6648        821     3.4167  0.000e+00
    124.925    13.4199   4.213110    35.6645        822     3.4208  0.000e+00
    125.059    13.4128   4.212667    35.6670        823     3.4250  0.000e+00
    125.190    13.4066   4.211533    35.6619        824     3.4292  0.000e+00
    125.336    13.3994   4.210714    35.6608        825     3.4333  0.000e+00
    125.491    13.3913   4.210130    35.6628        826     3.4375  0.000e+00
    125.659    13.3847   4.210016    35.6678        827     3.4417  0.000e+00
    125.842    13.3803   4.209754    35.6694        828     3.4458  0.000e+00
    126.037    13.3770   4.209667    35.6716        829     3.4500  0.000e+00
    126.238    13.3750   4.209493    35.6717        830     3.4542  0.000e+00
