PC2501/sbe052.cnv
* Sea-Bird SBE 19plus Data File:
* FileName = C:\cruise\data\sbe052.hex
* Software Version Seasave V 7.26.7.121
* Temperature SN = 4684
* Conductivity SN = 4684
* System UpLoad Time = Jan 24 2025 10:06:46
* NMEA Latitude = 38 04.23 N
* NMEA Longitude = 070 34.97 W
* NMEA UTC (Time) = Jan 24 2025  10:06:14
** Ship: Pisces
** Cruise:  PC2501
** Program:  AMAPPS
# nquan = 7
# nvalues = 1317                                  
# units = specified
# name 0 = depSM: Depth [salt water, m]
# name 1 = tv290C: Temperature [ITS-90, deg C]
# name 2 = c0S/m: Conductivity [S/m]
# name 3 = sal00: Salinity, Practical [PSU]
# name 4 = scan: Scan Count
# name 5 = timeM: Time, Elapsed [minutes]
# name 6 = flag:  0.000e+00
# span 0 =      0.009,     51.256                 
# span 1 =     3.1154,    14.0756                 
# span 2 =   0.000004,   4.210970                 
# span 3 =     0.0006,    36.0879                 
# span 4 =         11,       1327                 
# span 5 =     0.0417,     5.5250                 
# span 6 = 0.0000e+00, 0.0000e+00                 
# interval = seconds: 0.25
# start_time = Jan 24 2025 10:06:14 [NMEA time, header]
# bad_flag = -9.990e-29
*END*
      0.015     3.1232   0.000048     0.0007         11     0.0417  0.000e+00
      0.015     3.1196   0.000054     0.0007         12     0.0458  0.000e+00
      0.012     3.1179   0.000060     0.0007         13     0.0500  0.000e+00
      0.009     3.1162   0.000048     0.0007         14     0.0542  0.000e+00
      0.009     3.1161   0.000054     0.0007         15     0.0583  0.000e+00
      0.009     3.1169   0.000054     0.0007         16     0.0625  0.000e+00
      0.012     3.1176   0.000054     0.0007         17     0.0667  0.000e+00
      0.009     3.1171   0.000060     0.0007         18     0.0708  0.000e+00
      0.009     3.1156   0.000054     0.0007         19     0.0750  0.000e+00
      0.012     3.1154   0.000054     0.0007         20     0.0792  0.000e+00
      0.015     3.1170   0.000054     0.0007         21     0.0833  0.000e+00
      0.015     3.1220   0.000054     0.0007         22     0.0875  0.000e+00
      0.021     3.1271   0.000054     0.0007         23     0.0917  0.000e+00
      0.024     3.1289   0.000054     0.0007         24     0.0958  0.000e+00
      0.024     3.1279   0.000054     0.0007         25     0.1000  0.000e+00
      0.015     3.1249   0.000004     0.0006         26     0.1042  0.000e+00
      0.021     3.1257   0.000024     0.0006         27     0.1083  0.000e+00
      0.232     3.1492   0.058404     0.4909         28     0.1125  0.000e+00
      0.436     3.2099   0.535868     5.0715         29     0.1167  0.000e+00
      0.579     3.4597   1.697897    17.4309         30     0.1208  0.000e+00
      0.698     5.1154   3.143053    32.5463         31     0.1250  0.000e+00
      0.692     7.4557   2.252972    21.0669         32     0.1292  0.000e+00
      0.698     9.2225   0.910028     7.4975         33     0.1333  0.000e+00
      0.656     9.9320   0.945091     7.6567         34     0.1375  0.000e+00
      0.579    10.1868   1.396528    11.5919         35     0.1417  0.000e+00
      0.500    10.2561   3.554350    32.1773         36     0.1458  0.000e+00
      0.500    10.1067   3.925327    36.0879         37     0.1500  0.000e+00
      0.631    10.2605   3.927994    35.9620         38     0.1542  0.000e+00
      0.838    10.6514   3.933185    35.6295         39     0.1583  0.000e+00
      1.101    10.9316   3.936969    35.3951         40     0.1625  0.000e+00
      1.387    11.1135   3.928604    35.1363         41     0.1667  0.000e+00
      1.695    11.2486   3.904120    34.7639         42     0.1708  0.000e+00
      2.003    11.3301   3.886065    34.5080         43     0.1750  0.000e+00
      2.302    11.3622   3.889275    34.5096         44     0.1792  0.000e+00
      2.595    11.4741   3.933469    34.8414         45     0.1833  0.000e+00
      2.866    11.7868   3.995121    35.1532         46     0.1875  0.000e+00
      3.070    12.1329   4.016956    35.0404         47     0.1917  0.000e+00
      3.229    12.4297   4.027494    34.8652         48     0.1958  0.000e+00
      3.317    12.6511   4.015487    34.5449         49     0.2000  0.000e+00
      3.436    12.7839   3.975915    34.0449         50     0.2042  0.000e+00
      3.540    12.8405   3.948534    33.7328         51     0.2083  0.000e+00
      3.619    12.8749   3.929855    33.5243         52     0.2125  0.000e+00
      3.692    12.8891   3.918576    33.4044         53     0.2167  0.000e+00
      3.787    12.8963   3.931734    33.5231         54     0.2208  0.000e+00
      3.939    12.8358   3.950588    33.7564         55     0.2250  0.000e+00
      4.104    12.5659   3.952429    34.0167         56     0.2292  0.000e+00
      4.262    12.2712   3.940501    34.1696         57     0.2333  0.000e+00
      4.403    12.0677   3.928736    34.2417         58     0.2375  0.000e+00
      4.573    11.9492   3.916997    34.2363         59     0.2417  0.000e+00
      4.750    11.8736   3.905923    34.1978         60     0.2458  0.000e+00
      4.942    11.8150   3.892072    34.1162         61     0.2500  0.000e+00
      5.144    11.7666   3.883696    34.0786         62     0.2542  0.000e+00
      5.372    11.7305   3.887614    34.1501         63     0.2583  0.000e+00
      5.604    11.7261   3.906518    34.3393         64     0.2625  0.000e+00
      5.827    11.8450   3.954507    34.6988         65     0.2667  0.000e+00
      6.025    12.0663   4.007052    35.0050         66     0.2708  0.000e+00
      6.202    12.3352   4.035687    35.0314         67     0.2750  0.000e+00
      6.330    12.5819   4.048432    34.9245         68     0.2792  0.000e+00
      6.436    12.7489   4.052850    34.8122         69     0.2833  0.000e+00
      6.525    12.8541   4.008989    34.2959         70     0.2875  0.000e+00
      6.677    12.9385   3.980440    33.9474         71     0.2917  0.000e+00
      6.808    12.9823   3.968984    33.7993         72     0.2958  0.000e+00
      6.903    12.9309   3.964857    33.8060         73     0.3000  0.000e+00
      6.970    12.8811   3.976079    33.9574         74     0.3042  0.000e+00
      7.034    12.8587   3.983302    34.0464         75     0.3083  0.000e+00
      7.098    12.8677   3.969654    33.9081         76     0.3125  0.000e+00
      7.205    12.8846   3.952184    33.7266         77     0.3167  0.000e+00
      7.342    12.9076   3.963554    33.8142         78     0.3208  0.000e+00
      7.534    12.7738   3.970396    33.9995         79     0.3250  0.000e+00
      7.714    12.5442   3.960278    34.1102         80     0.3292  0.000e+00
      7.894    12.3834   3.944958    34.1088         81     0.3333  0.000e+00
      8.083    12.2921   3.941718    34.1607         82     0.3375  0.000e+00
      8.281    12.2364   3.944039    34.2339         83     0.3417  0.000e+00
      8.485    12.2022   3.958417    34.4046         84     0.3458  0.000e+00
      8.668    12.2770   3.988962    34.6316         85     0.3500  0.000e+00
      8.827    12.4361   4.025452    34.8370         86     0.3542  0.000e+00
      8.967    12.6187   4.043123    34.8380         87     0.3583  0.000e+00
      9.080    12.7863   4.047037    34.7207         88     0.3625  0.000e+00
      9.205    12.8956   4.042393    34.5759         89     0.3667  0.000e+00
      9.348    12.9568   4.009654    34.2079         90     0.3708  0.000e+00
      9.503    12.9986   3.979751    33.8858         91     0.3750  0.000e+00
      9.650    13.0400   3.975507    33.8085         92     0.3792  0.000e+00
      9.802    13.0694   3.977166    33.7979         93     0.3833  0.000e+00
      9.949    13.0702   3.968519    33.7152         94     0.3875  0.000e+00
     10.101    13.0554   3.971534    33.7569         95     0.3917  0.000e+00
     10.241    13.0479   3.996994    34.0051         96     0.3958  0.000e+00
     10.381    13.0568   4.021768    34.2323         97     0.4000  0.000e+00
     10.519    13.0744   4.034379    34.3362         98     0.4042  0.000e+00
     10.653    13.0802   4.040120    34.3854         99     0.4083  0.000e+00
     10.778    13.0792   4.040701    34.3917        100     0.4125  0.000e+00
     10.903    13.0826   4.040199    34.3838        101     0.4167  0.000e+00
     11.031    13.0953   4.040754    34.3775        102     0.4208  0.000e+00
     11.150    13.1124   4.042668    34.3802        103     0.4250  0.000e+00
     11.244    13.1265   4.044140    34.3813        104     0.4292  0.000e+00
     11.333    13.1362   4.050118    34.4292        105     0.4333  0.000e+00
     11.406    13.1458   4.055134    34.4680        106     0.4375  0.000e+00
     11.488    13.1484   4.056000    34.4739        107     0.4417  0.000e+00
     11.567    13.1419   4.050680    34.4293        108     0.4458  0.000e+00
     11.653    13.1278   4.018981    34.1413        109     0.4500  0.000e+00
     11.744    13.1176   3.996284    33.9352        110     0.4542  0.000e+00
     11.860    13.1250   3.991796    33.8860        111     0.4583  0.000e+00
     12.003    13.0487   3.988021    33.9185        112     0.4625  0.000e+00
     12.153    12.8649   3.990624    34.1085        113     0.4667  0.000e+00
     12.320    12.6854   3.991421    34.2787        114     0.4708  0.000e+00
     12.491    12.5460   3.985461    34.3486        115     0.4750  0.000e+00
     12.665    12.4627   3.977529    34.3484        116     0.4792  0.000e+00
     12.854    12.4188   3.981997    34.4316        117     0.4833  0.000e+00
     13.037    12.4084   3.994296    34.5599        118     0.4875  0.000e+00
     13.217    12.4070   4.003452    34.6495        119     0.4917  0.000e+00
     13.388    12.4811   4.018055    34.7220        120     0.4958  0.000e+00
     13.540    12.6066   4.036603    34.7845        121     0.5000  0.000e+00
     13.677    12.7257   4.046068    34.7653        122     0.5042  0.000e+00
     13.793    12.8351   4.049429    34.6967        123     0.5083  0.000e+00
     13.906    12.9220   4.049739    34.6199        124     0.5125  0.000e+00
     14.025    12.9868   4.052381    34.5857        125     0.5167  0.000e+00
     14.144    13.0375   4.053828    34.5531        126     0.5208  0.000e+00
     14.266    13.0732   4.049340    34.4779        127     0.5250  0.000e+00
     14.397    13.0892   4.027740    34.2581        128     0.5292  0.000e+00
     14.537    13.0755   4.005720    34.0613        129     0.5333  0.000e+00
     14.695    13.0733   4.006601    34.0716        130     0.5375  0.000e+00
     14.860    13.0920   4.006792    34.0565        131     0.5417  0.000e+00
     15.037    13.0525   4.001820    34.0448        132     0.5458  0.000e+00
     15.201    12.9857   3.997601    34.0646        133     0.5500  0.000e+00
     15.372    12.9661   4.008939    34.1902        134     0.5542  0.000e+00
     15.515    12.9559   4.026582    34.3674        135     0.5583  0.000e+00
     15.653    12.9674   4.040955    34.4938        136     0.5625  0.000e+00
     15.771    13.0132   4.054245    34.5786        137     0.5667  0.000e+00
     15.872    13.0495   4.064039    34.6386        138     0.5708  0.000e+00
     15.967    13.0737   4.070194    34.6750        139     0.5750  0.000e+00
     16.058    13.0952   4.073835    34.6899        140     0.5792  0.000e+00
     16.131    13.1172   4.074365    34.6748        141     0.5833  0.000e+00
     16.204    13.1376   4.071398    34.6280        142     0.5875  0.000e+00
     16.293    13.1505   4.057728    34.4863        143     0.5917  0.000e+00
     16.393    13.1539   4.030865    34.2284        144     0.5958  0.000e+00
     16.509    13.1648   4.033351    34.2421        145     0.6000  0.000e+00
     16.634    13.1658   4.028069    34.1911        146     0.6042  0.000e+00
     16.759    13.1053   4.023233    34.1997        147     0.6083  0.000e+00
     16.890    13.0184   4.019123    34.2391        148     0.6125  0.000e+00
     17.021    12.9441   4.015436    34.2712        149     0.6167  0.000e+00
     17.159    12.8927   4.011250    34.2779        150     0.6208  0.000e+00
     17.293    12.8624   4.012514    34.3174        151     0.6250  0.000e+00
     17.424    12.8469   4.023183    34.4334        152     0.6292  0.000e+00
     17.534    12.8440   4.031701    34.5173        153     0.6333  0.000e+00
     17.637    12.8524   4.038819    34.5777        154     0.6375  0.000e+00
     17.732    12.9007   4.045704    34.5992        155     0.6417  0.000e+00
     17.820    12.9568   4.053024    34.6176        156     0.6458  0.000e+00
     17.915    13.0028   4.056368    34.6074        157     0.6500  0.000e+00
     18.006    13.0348   4.051047    34.5275        158     0.6542  0.000e+00
     18.119    13.0461   4.027709    34.2952        159     0.6583  0.000e+00
     18.253    13.0532   4.026134    34.2737        160     0.6625  0.000e+00
     18.396    13.0675   4.031777    34.3143        161     0.6667  0.000e+00
     18.558    12.9820   4.031284    34.3872        162     0.6708  0.000e+00
     18.735    12.8701   4.026387    34.4423        163     0.6750  0.000e+00
     18.912    12.8133   4.022657    34.4584        164     0.6792  0.000e+00
     19.101    12.7643   4.019766    34.4754        165     0.6833  0.000e+00
     19.290    12.7380   4.018495    34.4873        166     0.6875  0.000e+00
     19.497    12.7336   4.023021    34.5345        167     0.6917  0.000e+00
     19.707    12.7241   4.032336    34.6325        168     0.6958  0.000e+00
     19.918    12.7252   4.042710    34.7308        169     0.7000  0.000e+00
     20.116    12.8009   4.066896    34.8928        170     0.7042  0.000e+00
     20.302    12.9023   4.083693    34.9597        171     0.7083  0.000e+00
     20.448    13.0190   4.090131    34.9133        172     0.7125  0.000e+00
     20.588    13.1182   4.083743    34.7612        173     0.7167  0.000e+00
     20.719    13.1753   4.075406    34.6296        174     0.7208  0.000e+00
     20.817    13.2006   4.075631    34.6087        175     0.7250  0.000e+00
     20.908    13.2219   4.081747    34.6472        176     0.7292  0.000e+00
     20.991    13.2439   4.090605    34.7111        177     0.7333  0.000e+00
     21.073    13.2600   4.095343    34.7412        178     0.7375  0.000e+00
     21.155    13.2604   4.096983    34.7563        179     0.7417  0.000e+00
     21.225    13.2646   4.097175    34.7543        180     0.7458  0.000e+00
     21.295    13.2768   4.095203    34.7244        181     0.7500  0.000e+00
     21.362    13.2867   4.092635    34.6910        182     0.7542  0.000e+00
     21.430    13.2930   4.090665    34.6666        183     0.7583  0.000e+00
     21.494    13.2969   4.088834    34.6456        184     0.7625  0.000e+00
     21.551    13.2988   4.086639    34.6231        185     0.7667  0.000e+00
     21.619    13.2991   4.080540    34.5651        186     0.7708  0.000e+00
     21.704    13.2936   4.067201    34.4439        187     0.7750  0.000e+00
     21.801    13.2822   4.064825    34.4317        188     0.7792  0.000e+00
     21.926    13.2784   4.068207    34.4671        189     0.7833  0.000e+00
     22.076    13.2346   4.099294    34.8015        190     0.7875  0.000e+00
     22.231    13.2134   4.118328    35.0016        191     0.7917  0.000e+00
     22.408    13.2796   4.119571    34.9524        192     0.7958  0.000e+00
     22.600    13.3332   4.119857    34.9057        193     0.8000  0.000e+00
     22.792    13.3603   4.119883    34.8810        194     0.8042  0.000e+00
     22.987    13.3721   4.120256    34.8736        195     0.8083  0.000e+00
     23.195    13.3777   4.121393    34.8792        196     0.8125  0.000e+00
     23.371    13.3831   4.123124    34.8905        197     0.8167  0.000e+00
     23.542    13.3924   4.125034    34.9000        198     0.8208  0.000e+00
     23.685    13.4041   4.125540    34.8940        199     0.8250  0.000e+00
     23.832    13.4141   4.125626    34.8855        200     0.8292  0.000e+00
     23.960    13.4192   4.125147    34.8763        201     0.8333  0.000e+00
     24.082    13.4195   4.124748    34.8722        202     0.8375  0.000e+00
     24.179    13.4178   4.126339    34.8888        203     0.8417  0.000e+00
     24.268    13.4212   4.127364    34.8953        204     0.8458  0.000e+00
     24.347    13.4285   4.128016    34.8947        205     0.8500  0.000e+00
     24.432    13.4355   4.126825    34.8770        206     0.8542  0.000e+00
     24.505    13.4357   4.126485    34.8736        207     0.8583  0.000e+00
     24.597    13.4330   4.127111    34.8819        208     0.8625  0.000e+00
     24.703    13.4324   4.127051    34.8818        209     0.8667  0.000e+00
     24.822    13.4332   4.126312    34.8741        210     0.8708  0.000e+00
     24.956    13.4317   4.126026    34.8727        211     0.8750  0.000e+00
     25.106    13.4293   4.126139    34.8759        212     0.8792  0.000e+00
     25.252    13.4277   4.126539    34.8811        213     0.8833  0.000e+00
     25.411    13.4282   4.126625    34.8814        214     0.8875  0.000e+00
     25.572    13.4289   4.126878    34.8831        215     0.8917  0.000e+00
