PC2501/sbe083.cnv
* Sea-Bird SBE 19plus Data File:
* FileName = C:\cruise\data\sbe083.hex
* Software Version Seasave V 7.26.7.121
* Temperature SN = 4684
* Conductivity SN = 4684
* System UpLoad Time = Feb 11 2025 09:26:03
* NMEA Latitude = 36 24.21 N
* NMEA Longitude = 071 55.98 W
* NMEA UTC (Time) = Feb 11 2025  09:25:42
** Ship: Pisces
** Cruise:  PC2501
** Program:  AMAPPS
# nquan = 7
# nvalues = 1150                                  
# units = specified
# name 0 = depSM: Depth [salt water, m]
# name 1 = tv290C: Temperature [ITS-90, deg C]
# name 2 = c0S/m: Conductivity [S/m]
# name 3 = sal00: Salinity, Practical [PSU]
# name 4 = scan: Scan Count
# name 5 = timeM: Time, Elapsed [minutes]
# name 6 = flag:  0.000e+00
# span 0 =      0.162,     52.032                 
# span 1 =     9.1137,    19.6278                 
# span 2 =   0.000030,   4.963474                 
# span 3 =     0.0047,    39.5785                 
# span 4 =         11,       1160                 
# span 5 =     0.0417,     4.8292                 
# span 6 = 0.0000e+00, 0.0000e+00                 
# interval = seconds: 0.25
# start_time = Feb 11 2025 09:25:42 [NMEA time, header]
# bad_flag = -9.990e-29
*END*
[from data line 411]
     50.077    19.3699   4.935254    36.7094        422     1.7542  0.000e+00
     49.985    19.3698   4.935282    36.7098        423     1.7583  0.000e+00
     49.906    19.3697   4.935254    36.7097        424     1.7625  0.000e+00
     49.851    19.3697   4.935282    36.7099        425     1.7667  0.000e+00
     49.799    19.3698   4.935347    36.7104        426     1.7708  0.000e+00
     49.750    19.3701   4.935376    36.7104        427     1.7750  0.000e+00
     49.708    19.3703   4.935347    36.7100        428     1.7792  0.000e+00
     49.656    19.3704   4.935411    36.7105        429     1.7833  0.000e+00
     49.616    19.3706   4.935526    36.7113        430     1.7875  0.000e+00
     49.564    19.3716   4.935605    36.7111        431     1.7917  0.000e+00
     49.513    19.3723   4.935325    36.7082        432     1.7958  0.000e+00
     49.455    19.3719   4.935311    36.7084        433     1.8000  0.000e+00
     49.400    19.3711   4.935325    36.7093        434     1.8042  0.000e+00
     49.345    19.3706   4.935246    36.7090        435     1.8083  0.000e+00
     49.290    19.3702   4.935253    36.7095        436     1.8125  0.000e+00
     49.226    19.3701   4.935282    36.7098        437     1.8167  0.000e+00
     49.174    19.3701   4.935347    36.7104        438     1.8208  0.000e+00
     49.119    19.3704   4.935347    36.7102        439     1.8250  0.000e+00
     49.055    19.3704   4.935347    36.7102        440     1.8292  0.000e+00
     48.997    19.3704   4.935311    36.7099        441     1.8333  0.000e+00
     48.930    19.3706   4.935325    36.7099        442     1.8375  0.000e+00
     48.860    19.3705   4.935346    36.7101        443     1.8417  0.000e+00
     48.799    19.3704   4.935325    36.7100        444     1.8458  0.000e+00
     48.723    19.3704   4.935282    36.7098        445     1.8500  0.000e+00
     48.640    19.3701   4.935325    36.7104        446     1.8542  0.000e+00
     48.552    19.3703   4.935310    36.7102        447     1.8583  0.000e+00
     48.451    19.3701   4.935325    36.7105        448     1.8625  0.000e+00
     48.329    19.3701   4.935282    36.7101        449     1.8667  0.000e+00
     48.216    19.3701   4.935289    36.7103        450     1.8708  0.000e+00
     48.091    19.3700   4.935246    36.7101        451     1.8750  0.000e+00
     47.957    19.3699   4.935281    36.7105        452     1.8792  0.000e+00
     47.817    19.3700   4.935281    36.7105        453     1.8833  0.000e+00
     47.676    19.3701   4.935246    36.7101        454     1.8875  0.000e+00
     47.536    19.3703   4.935281    36.7103        455     1.8917  0.000e+00
     47.387    19.3704   4.935253    36.7100        456     1.8958  0.000e+00
     47.243    19.3703   4.935145    36.7093        457     1.9000  0.000e+00
     47.097    19.3701   4.935052    36.7088        458     1.9042  0.000e+00
     46.960    19.3697   4.935080    36.7094        459     1.9083  0.000e+00
     46.826    19.3696   4.935087    36.7096        460     1.9125  0.000e+00
     46.694    19.3693   4.935116    36.7101        461     1.9167  0.000e+00
     46.572    19.3697   4.935116    36.7098        462     1.9208  0.000e+00
     46.484    19.3697   4.935080    36.7095        463     1.9250  0.000e+00
     46.402    19.3697   4.935087    36.7096        464     1.9292  0.000e+00
     46.347    19.3697   4.935080    36.7096        465     1.9333  0.000e+00
     46.322    19.3697   4.935116    36.7099        466     1.9375  0.000e+00
     46.332    19.3700   4.935144    36.7099        467     1.9417  0.000e+00
     46.362    19.3700   4.935144    36.7099        468     1.9458  0.000e+00
     46.408    19.3700   4.935080    36.7093        469     1.9500  0.000e+00
     46.453    19.3698   4.935051    36.7092        470     1.9542  0.000e+00
     46.502    19.3694   4.935015    36.7092        471     1.9583  0.000e+00
     46.542    19.3689   4.935051    36.7099        472     1.9625  0.000e+00
     46.566    19.3689   4.935080    36.7102        473     1.9667  0.000e+00
     46.569    19.3689   4.935152    36.7108        474     1.9708  0.000e+00
     46.542    19.3693   4.935245    36.7113        475     1.9750  0.000e+00
     46.478    19.3701   4.935223    36.7104        476     1.9792  0.000e+00
     46.399    19.3704   4.935209    36.7100        477     1.9833  0.000e+00
     46.292    19.3704   4.935152    36.7096        478     1.9875  0.000e+00
     46.155    19.3703   4.935080    36.7091        479     1.9917  0.000e+00
     45.993    19.3702   4.935116    36.7096        480     1.9958  0.000e+00
     45.807    19.3701   4.935116    36.7097        481     2.0000  0.000e+00
     45.612    19.3700   4.935144    36.7102        482     2.0042  0.000e+00
     45.416    19.3702   4.935144    36.7100        483     2.0083  0.000e+00
     45.218    19.3701   4.934986    36.7089        484     2.0125  0.000e+00
     45.029    19.3697   4.935015    36.7096        485     2.0167  0.000e+00
     44.868    19.3693   4.935051    36.7102        486     2.0208  0.000e+00
     44.739    19.3696   4.935050    36.7101        487     2.0250  0.000e+00
     44.620    19.3696   4.934986    36.7096        488     2.0292  0.000e+00
     44.532    19.3693   4.934921    36.7093        489     2.0333  0.000e+00
     44.480    19.3688   4.934720    36.7081        490     2.0375  0.000e+00
     44.440    19.3679   4.934821    36.7097        491     2.0417  0.000e+00
     44.425    19.3674   4.934850    36.7104        492     2.0458  0.000e+00
     44.410    19.3674   4.934885    36.7107        493     2.0500  0.000e+00
     44.410    19.3676   4.934885    36.7105        494     2.0542  0.000e+00
     44.392    19.3680   4.934885    36.7102        495     2.0583  0.000e+00
     44.367    19.3682   4.934821    36.7095        496     2.0625  0.000e+00
     44.331    19.3680   4.934885    36.7102        497     2.0667  0.000e+00
     44.282    19.3681   4.934921    36.7105        498     2.0708  0.000e+00
     44.209    19.3682   4.934950    36.7106        499     2.0750  0.000e+00
     44.123    19.3688   4.934986    36.7105        500     2.0792  0.000e+00
     44.032    19.3693   4.934950    36.7098        501     2.0833  0.000e+00
     43.922    19.3691   4.934921    36.7097        502     2.0875  0.000e+00
     43.815    19.3692   4.934849    36.7091        503     2.0917  0.000e+00
     43.708    19.3686   4.934914    36.7101        504     2.0958  0.000e+00
     43.611    19.3686   4.934921    36.7102        505     2.1000  0.000e+00
     43.510    19.3686   4.934878    36.7100        506     2.1042  0.000e+00
     43.428    19.3686   4.934849    36.7098        507     2.1083  0.000e+00
     43.351    19.3683   4.934949    36.7109        508     2.1125  0.000e+00
     43.284    19.3688   4.935014    36.7110        509     2.1167  0.000e+00
     43.223    19.3691   4.935050    36.7111        510     2.1208  0.000e+00
     43.181    19.3695   4.935078    36.7110        511     2.1250  0.000e+00
     43.144    19.3698   4.935078    36.7107        512     2.1292  0.000e+00
     43.120    19.3703   4.935050    36.7100        513     2.1333  0.000e+00
     43.083    19.3702   4.934756    36.7077        514     2.1375  0.000e+00
     43.050    19.3689   4.934691    36.7083        515     2.1417  0.000e+00
     43.001    19.3677   4.934591    36.7086        516     2.1458  0.000e+00
     42.940    19.3667   4.934627    36.7098        517     2.1500  0.000e+00
     42.870    19.3662   4.934627    36.7102        518     2.1542  0.000e+00
     42.787    19.3661   4.934720    36.7111        519     2.1583  0.000e+00
     42.690    19.3664   4.934720    36.7109        520     2.1625  0.000e+00
     42.580    19.3668   4.934755    36.7109        521     2.1667  0.000e+00
     42.452    19.3672   4.934720    36.7103        522     2.1708  0.000e+00
     42.327    19.3673   4.934655    36.7097        523     2.1750  0.000e+00
     42.192    19.3671   4.934590    36.7094        524     2.1792  0.000e+00
     42.055    19.3664   4.934576    36.7099        525     2.1833  0.000e+00
     41.918    19.3660   4.934755    36.7118        526     2.1875  0.000e+00
     41.790    19.3667   4.934841    36.7120        527     2.1917  0.000e+00
     41.671    19.3675   4.934690    36.7100        528     2.1958  0.000e+00
     41.567    19.3674   4.934877    36.7117        529     2.2000  0.000e+00
     41.470    19.3678   4.934490    36.7082        530     2.2042  0.000e+00
     41.375    19.3672   4.934439    36.7083        531     2.2083  0.000e+00
     41.305    19.3660   4.934396    36.7090        532     2.2125  0.000e+00
     41.244    19.3652   4.934403    36.7098        533     2.2167  0.000e+00
     41.192    19.3648   4.934425    36.7104        534     2.2208  0.000e+00
     41.149    19.3647   4.934439    36.7106        535     2.2250  0.000e+00
     41.104    19.3648   4.934489    36.7109        536     2.2292  0.000e+00
     41.058    19.3651   4.934468    36.7106        537     2.2333  0.000e+00
     41.015    19.3652   4.934489    36.7107        538     2.2375  0.000e+00
     40.972    19.3651   4.934590    36.7116        539     2.2417  0.000e+00
     40.933    19.3656   4.934489    36.7103        540     2.2458  0.000e+00
     40.899    19.3662   4.934489    36.7098        541     2.2500  0.000e+00
     40.856    19.3658   4.934489    36.7102        542     2.2542  0.000e+00
     40.820    19.3656   4.934468    36.7102        543     2.2583  0.000e+00
     40.774    19.3654   4.934425    36.7100        544     2.2625  0.000e+00
     40.719    19.3653   4.934640    36.7119        545     2.2667  0.000e+00
     40.655    19.3657   4.934561    36.7109        546     2.2708  0.000e+00
     40.579    19.3662   4.934604    36.7109        547     2.2750  0.000e+00
     40.490    19.3664   4.934783    36.7122        548     2.2792  0.000e+00
     40.381    19.3671   4.934640    36.7105        549     2.2833  0.000e+00
     40.262    19.3676   4.934561    36.7094        550     2.2875  0.000e+00
     40.127    19.3671   4.934640    36.7105        551     2.2917  0.000e+00
     39.972    19.3670   4.934883    36.7128        552     2.2958  0.000e+00
     39.816    19.3678   4.934876    36.7120        553     2.3000  0.000e+00
     39.658    19.3689   4.934819    36.7107        554     2.3042  0.000e+00
     39.493    19.3691   4.934811    36.7105        555     2.3083  0.000e+00
     39.344    19.3691   4.934783    36.7103        556     2.3125  0.000e+00
     39.218    19.3690   4.934883    36.7113        557     2.3167  0.000e+00
     39.115    19.3696   4.934947    36.7113        558     2.3208  0.000e+00
     39.032    19.3702   4.934883    36.7103        559     2.3250  0.000e+00
     38.987    19.3704   4.934818    36.7096        560     2.3292  0.000e+00
     38.968    19.3701   4.934811    36.7098        561     2.3333  0.000e+00
     38.990    19.3699   4.934818    36.7100        562     2.3375  0.000e+00
     39.011    19.3699   4.934775    36.7097        563     2.3417  0.000e+00
     39.029    19.3694   4.934754    36.7099        564     2.3458  0.000e+00
     39.041    19.3693   4.934811    36.7105        565     2.3500  0.000e+00
     39.041    19.3695   4.934983    36.7117        566     2.3542  0.000e+00
     39.005    19.3700   4.935112    36.7124        567     2.3583  0.000e+00
     38.944    19.3708   4.935076    36.7114        568     2.3625  0.000e+00
     38.941    19.3716   4.935084    36.7108        569     2.3667  0.000e+00
     38.938    19.3716   4.935076    36.7107        570     2.3708  0.000e+00
     38.926    19.3718   4.935112    36.7108        571     2.3750  0.000e+00
     38.922    19.3720   4.935205    36.7114        572     2.3792  0.000e+00
     38.877    19.3723   4.935205    36.7112        573     2.3833  0.000e+00
     38.785    19.3727   4.935241    36.7111        574     2.3875  0.000e+00
     38.681    19.3729   4.935205    36.7107        575     2.3917  0.000e+00
     38.581    19.3730   4.935141    36.7102        576     2.3958  0.000e+00
     38.468    19.3727   4.935148    36.7105        577     2.4000  0.000e+00
     38.346    19.3726   4.935141    36.7106        578     2.4042  0.000e+00
     38.251    19.3726   4.935112    36.7104        579     2.4083  0.000e+00
     38.151    19.3724   4.935076    36.7103        580     2.4125  0.000e+00
     38.071    19.3723   4.935112    36.7107        581     2.4167  0.000e+00
     37.992    19.3722   4.935076    36.7106        582     2.4208  0.000e+00
     37.919    19.3723   4.935083    36.7106        583     2.4250  0.000e+00
     37.843    19.3722   4.935112    36.7109        584     2.4292  0.000e+00
     37.775    19.3725   4.934947    36.7093        585     2.4333  0.000e+00
     37.708    19.3725   4.935076    36.7104        586     2.4375  0.000e+00
     37.641    19.3726   4.935112    36.7106        587     2.4417  0.000e+00
     37.559    19.3727   4.935112    36.7105        588     2.4458  0.000e+00
     37.480    19.3729   4.935047    36.7099        589     2.4500  0.000e+00
     37.406    19.3728   4.935011    36.7097        590     2.4542  0.000e+00
     37.336    19.3724   4.934982    36.7098        591     2.4583  0.000e+00
     37.281    19.3720   4.934982    36.7102        592     2.4625  0.000e+00
     37.229    19.3719   4.934982    36.7103        593     2.4667  0.000e+00
     37.208    19.3719   4.934982    36.7103        594     2.4708  0.000e+00
     37.199    19.3719   4.935011    36.7106        595     2.4750  0.000e+00
     37.214    19.3719   4.935047    36.7108        596     2.4792  0.000e+00
     37.235    19.3718   4.935076    36.7112        597     2.4833  0.000e+00
     37.269    19.3719   4.935047    36.7108        598     2.4875  0.000e+00
     37.309    19.3720   4.935047    36.7107        599     2.4917  0.000e+00
     37.321    19.3717   4.935111    36.7115        600     2.4958  0.000e+00
     37.327    19.3717   4.935111    36.7115        601     2.5000  0.000e+00
     37.327    19.3718   4.935140    36.7117        602     2.5042  0.000e+00
     37.312    19.3721   4.935176    36.7117        603     2.5083  0.000e+00
     37.296    19.3721   4.935176    36.7117        604     2.5125  0.000e+00
     37.284    19.3723   4.935176    36.7116        605     2.5167  0.000e+00
     37.257    19.3723   4.935205    36.7118        606     2.5208  0.000e+00
     37.220    19.3724   4.935205    36.7117        607     2.5250  0.000e+00
     37.159    19.3728   4.935205    36.7114        608     2.5292  0.000e+00
     37.089    19.3726   4.935111    36.7108        609     2.5333  0.000e+00
     37.007    19.3724   4.935140    36.7113        610     2.5375  0.000e+00
     36.906    19.3723   4.935183    36.7117        611     2.5417  0.000e+00
     36.793    19.3723   4.935111    36.7112        612     2.5458  0.000e+00
     36.665    19.3722   4.935111    36.7114        613     2.5500  0.000e+00
     36.522    19.3720   4.935075    36.7112        614     2.5542  0.000e+00
     36.363    19.3720   4.935111    36.7116        615     2.5583  0.000e+00
     36.210    19.3720   4.935111    36.7117        616     2.5625  0.000e+00
     36.055    19.3722   4.935075    36.7113        617     2.5667  0.000e+00
     35.914    19.3723   4.935075    36.7113        618     2.5708  0.000e+00
     35.789    19.3721   4.934838    36.7095        619     2.5750  0.000e+00
     35.686    19.3713   4.934752    36.7095        620     2.5792  0.000e+00
     35.597    19.3705   4.934874    36.7112        621     2.5833  0.000e+00
     35.527    19.3701   4.935010    36.7128        622     2.5875  0.000e+00
     35.497    19.3707   4.935010    36.7123        623     2.5917  0.000e+00
     35.497    19.3709   4.934982    36.7118        624     2.5958  0.000e+00
     35.509    19.3712   4.934974    36.7116        625     2.6000  0.000e+00
