PC2501/sbe002.cnv
* Sea-Bird SBE 19plus Data File:
* FileName = C:\cruise\data\sbe002.hex
* Software Version Seasave V 7.26.7.121
* Temperature SN = 4684
* Conductivity SN = 4684
* System UpLoad Time = Jan 08 2025 23:10:24
* NMEA Latitude = 37 02.99 N
* NMEA Longitude = 075 00.50 W
* NMEA UTC (Time) = Jan 08 2025  23:09:43
** Ship: Pisces
** Cruise:  PC2501
** Program:  AMAPPS
# nquan = 7
# nvalues = 1668                                  
# units = specified
# name 0 = depSM: Depth [salt water, m]
# name 1 = tv290C: Temperature [ITS-90, deg C]
# name 2 = c0S/m: Conductivity [S/m]
# name 3 = sal00: Salinity, Practical [PSU]
# name 4 = scan: Scan Count
# name 5 = timeM: Time, Elapsed [minutes]
# name 6 = flag:  0.000e+00
# span 0 =     -0.039,     40.760                 
# span 1 =     7.1019,    13.2221                 
# span 2 =  -0.033778,   4.119526                 
# span 3 =     0.0000,    35.9181                 
# span 4 =         11,       1678                 
# span 5 =     0.0417,     6.9875                 
# span 6 = 0.0000e+00, 0.0000e+00                 
# interval = seconds: 0.25
# start_time = Jan 08 2025 23:09:43 [NMEA time, header]
# bad_flag = -9.990e-29
*END*
[from data line 206]
      8.147    13.1491   4.106808    34.9574        217     0.9000  0.000e+00
      8.187    13.1515   4.106270    34.9501        218     0.9042  0.000e+00
      8.233    13.1515   4.106303    34.9504        219     0.9083  0.000e+00
      8.294    13.1500   4.105818    34.9471        220     0.9125  0.000e+00
      8.358    13.1477   4.104463    34.9363        221     0.9167  0.000e+00
      8.431    13.1456   4.103872    34.9326        222     0.9208  0.000e+00
      8.522    13.1440   4.103075    34.9264        223     0.9250  0.000e+00
      8.635    13.1411   4.102285    34.9215        224     0.9292  0.000e+00
      8.748    13.1373   4.102172    34.9239        225     0.9333  0.000e+00
      8.864    13.1333   4.102849    34.9340        226     0.9375  0.000e+00
      8.974    13.1290   4.103361    34.9428        227     0.9417  0.000e+00
      9.093    13.1258   4.103248    34.9446        228     0.9458  0.000e+00
      9.193    13.1282   4.102936    34.9394        229     0.9500  0.000e+00
      9.300    13.1323   4.102657    34.9329        230     0.9542  0.000e+00
      9.407    13.1345   4.102657    34.9309        231     0.9583  0.000e+00
      9.510    13.1348   4.103301    34.9367        232     0.9625  0.000e+00
      9.605    13.1336   4.103760    34.9421        233     0.9667  0.000e+00
      9.708    13.1304   4.104012    34.9474        234     0.9708  0.000e+00
      9.806    13.1290   4.103760    34.9462        235     0.9750  0.000e+00
      9.904    13.1299   4.103275    34.9408        236     0.9792  0.000e+00
     10.001    13.1323   4.103222    34.9380        237     0.9833  0.000e+00
     10.111    13.1346   4.103135    34.9351        238     0.9875  0.000e+00
     10.218    13.1361   4.104351    34.9451        239     0.9917  0.000e+00
     10.300    13.1370   4.105480    34.9550        240     0.9958  0.000e+00
     10.379    13.1391   4.106244    34.9604        241     1.0000  0.000e+00
     10.455    13.1428   4.105766    34.9523        242     1.0042  0.000e+00
     10.513    13.1468   4.105507    34.9462        243     1.0083  0.000e+00
     10.583    13.1497   4.105454    34.9429        244     1.0125  0.000e+00
     10.660    13.1511   4.105766    34.9446        245     1.0167  0.000e+00
     10.745    13.1503   4.106417    34.9515        246     1.0208  0.000e+00
     10.827    13.1475   4.106730    34.9570        247     1.0250  0.000e+00
     10.891    13.1475   4.110265    34.9906        248     1.0292  0.000e+00
     10.952    13.1545   4.113017    35.0103        249     1.0333  0.000e+00
     11.019    13.1669   4.113270    35.0012        250     1.0375  0.000e+00
     11.086    13.1757   4.113443    34.9947        251     1.0417  0.000e+00
     11.153    13.1805   4.113469    34.9905        252     1.0458  0.000e+00
     11.227    13.1825   4.113443    34.9884        253     1.0500  0.000e+00
     11.303    13.1833   4.113496    34.9881        254     1.0542  0.000e+00
     11.382    13.1839   4.113556    34.9881        255     1.0583  0.000e+00
     11.470    13.1841   4.113582    34.9881        256     1.0625  0.000e+00
     11.568    13.1846   4.113582    34.9876        257     1.0667  0.000e+00
     11.666    13.1845   4.113695    34.9887        258     1.0708  0.000e+00
     11.775    13.1849   4.113835    34.9897        259     1.0750  0.000e+00
     11.894    13.1858   4.113895    34.9894        260     1.0792  0.000e+00
     12.010    13.1863   4.113835    34.9883        261     1.0833  0.000e+00
     12.111    13.1865   4.113782    34.9876        262     1.0875  0.000e+00
     12.214    13.1864   4.113895    34.9886        263     1.0917  0.000e+00
     12.303    13.1865   4.114061    34.9901        264     1.0958  0.000e+00
     12.400    13.1872   4.114121    34.9900        265     1.1000  0.000e+00
     12.498    13.1880   4.114121    34.9892        266     1.1042  0.000e+00
     12.602    13.1881   4.114121    34.9891        267     1.1083  0.000e+00
     12.675    13.1882   4.114208    34.9897        268     1.1125  0.000e+00
     12.745    13.1882   4.114208    34.9897        269     1.1167  0.000e+00
     12.800    13.1886   4.114181    34.9891        270     1.1208  0.000e+00
     12.845    13.1888   4.114208    34.9892        271     1.1250  0.000e+00
     12.912    13.1891   4.114347    34.9902        272     1.1292  0.000e+00
     12.976    13.1894   4.114294    34.9893        273     1.1333  0.000e+00
     13.062    13.1897   4.114208    34.9882        274     1.1375  0.000e+00
     13.135    13.1892   4.114261    34.9891        275     1.1417  0.000e+00
     13.220    13.1889   4.114235    34.9892        276     1.1458  0.000e+00
     13.297    13.1891   4.114294    34.9895        277     1.1500  0.000e+00
     13.382    13.1892   4.114261    34.9891        278     1.1542  0.000e+00
     13.492    13.1894   4.114261    34.9889        279     1.1583  0.000e+00
     13.614    13.1894   4.114374    34.9898        280     1.1625  0.000e+00
     13.751    13.1897   4.114295    34.9888        281     1.1667  0.000e+00
     13.894    13.1897   4.114348    34.9892        282     1.1708  0.000e+00
     14.025    13.1898   4.114574    34.9912        283     1.1750  0.000e+00
     14.159    13.1905   4.114774    34.9924        284     1.1792  0.000e+00
     14.293    13.1917   4.114946    34.9929        285     1.1833  0.000e+00
     14.403    13.1931   4.114946    34.9915        286     1.1875  0.000e+00
     14.516    13.1943   4.114947    34.9904        287     1.1917  0.000e+00
     14.611    13.1947   4.114774    34.9884        288     1.1958  0.000e+00
     14.693    13.1940   4.114687    34.9881        289     1.2000  0.000e+00
     14.763    13.1930   4.114721    34.9893        290     1.2042  0.000e+00
     14.815    13.1925   4.114887    34.9913        291     1.2083  0.000e+00
     14.845    13.1931   4.115000    34.9919        292     1.2125  0.000e+00
     14.870    13.1937   4.115113    34.9924        293     1.2167  0.000e+00
     14.906    13.1945   4.115060    34.9911        294     1.2208  0.000e+00
     14.946    13.1950   4.115086    34.9908        295     1.2250  0.000e+00
     14.995    13.1952   4.115146    34.9913        296     1.2292  0.000e+00
     15.056    13.1952   4.115146    34.9912        297     1.2333  0.000e+00
     15.117    13.1954   4.115000    34.9896        298     1.2375  0.000e+00
     15.217    13.1947   4.115113    34.9913        299     1.2417  0.000e+00
     15.321    13.1945   4.115086    34.9912        300     1.2458  0.000e+00
     15.418    13.1945   4.115087    34.9911        301     1.2500  0.000e+00
     15.534    13.1946   4.115087    34.9910        302     1.2542  0.000e+00
     15.668    13.1947   4.115113    34.9911        303     1.2583  0.000e+00
     15.799    13.1948   4.115286    34.9925        304     1.2625  0.000e+00
     15.930    13.1956   4.115539    34.9942        305     1.2667  0.000e+00
     16.062    13.1969   4.115685    34.9943        306     1.2708  0.000e+00
     16.196    13.1979   4.115825    34.9947        307     1.2750  0.000e+00
     16.315    13.1989   4.115878    34.9942        308     1.2792  0.000e+00
     16.412    13.1998   4.115712    34.9917        309     1.2833  0.000e+00
     16.510    13.1999   4.115685    34.9914        310     1.2875  0.000e+00
     16.601    13.1998   4.115712    34.9917        311     1.2917  0.000e+00
     16.689    13.1996   4.115712    34.9919        312     1.2958  0.000e+00
     16.781    13.1995   4.115765    34.9924        313     1.3000  0.000e+00
     16.848    13.1996   4.115825    34.9929        314     1.3042  0.000e+00
     16.921    13.1999   4.115825    34.9925        315     1.3083  0.000e+00
     16.964    13.1999   4.115878    34.9930        316     1.3125  0.000e+00
     17.034    13.2003   4.115712    34.9911        317     1.3167  0.000e+00
     17.110    13.2000   4.115938    34.9934        318     1.3208  0.000e+00
     17.202    13.2005   4.115879    34.9924        319     1.3250  0.000e+00
     17.317    13.2007   4.115712    34.9906        320     1.3292  0.000e+00
     17.427    13.1999   4.115712    34.9912        321     1.3333  0.000e+00
     17.540    13.1995   4.115686    34.9913        322     1.3375  0.000e+00
     17.653    13.1992   4.115739    34.9920        323     1.3417  0.000e+00
     17.756    13.1990   4.115826    34.9930        324     1.3458  0.000e+00
     17.872    13.1994   4.115879    34.9931        325     1.3500  0.000e+00
     17.973    13.1998   4.116025    34.9941        326     1.3542  0.000e+00
     18.064    13.2005   4.116165    34.9947        327     1.3583  0.000e+00
     18.156    13.2016   4.116225    34.9942        328     1.3625  0.000e+00
     18.253    13.2024   4.116225    34.9935        329     1.3667  0.000e+00
     18.333    13.2025   4.116424    34.9952        330     1.3708  0.000e+00
     18.403    13.2032   4.116537    34.9956        331     1.3750  0.000e+00
     18.464    13.2044   4.116591    34.9950        332     1.3792  0.000e+00
     18.512    13.2050   4.116651    34.9950        333     1.3833  0.000e+00
     18.579    13.2057   4.116537    34.9932        334     1.3875  0.000e+00
     18.650    13.2057   4.116391    34.9918        335     1.3917  0.000e+00
     18.729    13.2052   4.116305    34.9914        336     1.3958  0.000e+00
     18.823    13.2042   4.116225    34.9915        337     1.4000  0.000e+00
     18.921    13.2035   4.115966    34.9896        338     1.4042  0.000e+00
     19.031    13.2026   4.115740    34.9884        339     1.4083  0.000e+00
     19.137    13.2012   4.115540    34.9877        340     1.4125  0.000e+00
     19.281    13.1994   4.115600    34.9898        341     1.4167  0.000e+00
     19.421    13.1986   4.115800    34.9924        342     1.4208  0.000e+00
     19.558    13.1992   4.115853    34.9923        343     1.4250  0.000e+00
     19.686    13.1998   4.115826    34.9915        344     1.4292  0.000e+00
     19.823    13.1999   4.115740    34.9905        345     1.4333  0.000e+00
     19.960    13.1996   4.115853    34.9918        346     1.4375  0.000e+00
     20.082    13.1994   4.115827    34.9916        347     1.4417  0.000e+00
     20.192    13.1993   4.115880    34.9922        348     1.4458  0.000e+00
     20.283    13.1996   4.115913    34.9922        349     1.4500  0.000e+00
     20.366    13.1998   4.116000    34.9928        350     1.4542  0.000e+00
     20.442    13.2003   4.116053    34.9928        351     1.4583  0.000e+00
     20.515    13.2009   4.116053    34.9923        352     1.4625  0.000e+00
     20.579    13.2010   4.116079    34.9924        353     1.4667  0.000e+00
     20.640    13.2012   4.116139    34.9927        354     1.4708  0.000e+00
     20.674    13.2015   4.116113    34.9922        355     1.4750  0.000e+00
     20.704    13.2018   4.116166    34.9923        356     1.4792  0.000e+00
     20.750    13.2022   4.116279    34.9930        357     1.4833  0.000e+00
     20.805    13.2027   4.116306    34.9928        358     1.4875  0.000e+00
     20.860    13.2032   4.116252    34.9919        359     1.4917  0.000e+00
     20.923    13.2031   4.116139    34.9909        360     1.4958  0.000e+00
     21.021    13.2024   4.116139    34.9914        361     1.5000  0.000e+00
     21.125    13.2019   4.116166    34.9921        362     1.5042  0.000e+00
     21.234    13.2018   4.116193    34.9924        363     1.5083  0.000e+00
     21.359    13.2018   4.116339    34.9937        364     1.5125  0.000e+00
     21.503    13.2022   4.116592    34.9957        365     1.5167  0.000e+00
     21.649    13.2033   4.116619    34.9949        366     1.5208  0.000e+00
     21.792    13.2042   4.116619    34.9940        367     1.5250  0.000e+00
     21.948    13.2049   4.116479    34.9920        368     1.5292  0.000e+00
     22.106    13.2046   4.116452    34.9919        369     1.5333  0.000e+00
     22.271    13.2043   4.116426    34.9919        370     1.5375  0.000e+00
     22.423    13.2038   4.116566    34.9936        371     1.5417  0.000e+00
     22.573    13.2040   4.116652    34.9942        372     1.5458  0.000e+00
     22.704    13.2047   4.116705    34.9940        373     1.5500  0.000e+00
     22.801    13.2050   4.116619    34.9929        374     1.5542  0.000e+00
     22.902    13.2049   4.116506    34.9918        375     1.5583  0.000e+00
     22.981    13.2044   4.116506    34.9922        376     1.5625  0.000e+00
     23.042    13.2040   4.116566    34.9932        377     1.5667  0.000e+00
     23.091    13.2039   4.116593    34.9935        378     1.5708  0.000e+00
     23.127    13.2041   4.116593    34.9933        379     1.5750  0.000e+00
     23.173    13.2043   4.116619    34.9933        380     1.5792  0.000e+00
     23.225    13.2047   4.116652    34.9933        381     1.5833  0.000e+00
     23.298    13.2048   4.116566    34.9923        382     1.5875  0.000e+00
     23.390    13.2045   4.116593    34.9928        383     1.5917  0.000e+00
     23.496    13.2044   4.116679    34.9937        384     1.5958  0.000e+00
     23.600    13.2046   4.116819    34.9948        385     1.6000  0.000e+00
     23.716    13.2052   4.116852    34.9944        386     1.6042  0.000e+00
     23.838    13.2056   4.116819    34.9938        387     1.6083  0.000e+00
     23.963    13.2060   4.116792    34.9931        388     1.6125  0.000e+00
     24.103    13.2061   4.116852    34.9935        389     1.6167  0.000e+00
     24.234    13.2061   4.116932    34.9942        390     1.6208  0.000e+00
     24.374    13.2066   4.116992    34.9943        391     1.6250  0.000e+00
     24.511    13.2070   4.117019    34.9940        392     1.6292  0.000e+00
     24.645    13.2073   4.117132    34.9948        393     1.6333  0.000e+00
     24.776    13.2077   4.117192    34.9950        394     1.6375  0.000e+00
     24.895    13.2081   4.117192    34.9945        395     1.6417  0.000e+00
     24.993    13.2083   4.117159    34.9940        396     1.6458  0.000e+00
     25.084    13.2084   4.117305    34.9952        397     1.6500  0.000e+00
     25.164    13.2087   4.117445    34.9962        398     1.6542  0.000e+00
     25.252    13.2095   4.117445    34.9955        399     1.6583  0.000e+00
     25.328    13.2100   4.117505    34.9955        400     1.6625  0.000e+00
     25.395    13.2103   4.117558    34.9958        401     1.6667  0.000e+00
     25.462    13.2107   4.117471    34.9946        402     1.6708  0.000e+00
     25.532    13.2106   4.117278    34.9928        403     1.6750  0.000e+00
     25.612    13.2100   4.117159    34.9921        404     1.6792  0.000e+00
     25.691    13.2092   4.117245    34.9937        405     1.6833  0.000e+00
     25.788    13.2088   4.117358    34.9951        406     1.6875  0.000e+00
     25.892    13.2092   4.117358    34.9947        407     1.6917  0.000e+00
     26.008    13.2094   4.117392    34.9947        408     1.6958  0.000e+00
     26.124    13.2096   4.117305    34.9937        409     1.7000  0.000e+00
     26.255    13.2093   4.117246    34.9933        410     1.7042  0.000e+00
     26.383    13.2089   4.117106    34.9923        411     1.7083  0.000e+00
     26.517    13.2084   4.116966    34.9914        412     1.7125  0.000e+00
     26.660    13.2076   4.116966    34.9921        413     1.7167  0.000e+00
     26.785    13.2070   4.116907    34.9920        414     1.7208  0.000e+00
     26.916    13.2066   4.117020    34.9934        415     1.7250  0.000e+00
     27.059    13.2066   4.117046    34.9936        416     1.7292  0.000e+00
     27.187    13.2067   4.116880    34.9918        417     1.7333  0.000e+00
     27.297    13.2063   4.116767    34.9911        418     1.7375  0.000e+00
     27.407    13.2057   4.116767    34.9916        419     1.7417  0.000e+00
     27.517    13.2053   4.116734    34.9916        420     1.7458  0.000e+00
