PC2501/sbe066.cnv
* Sea-Bird SBE 19plus Data File:
* FileName = C:\cruise\data\sbe066.hex
* Software Version Seasave V 7.26.7.121
* Temperature SN = 4684
* Conductivity SN = 4684
* System UpLoad Time = Feb 05 2025 23:00:50
* NMEA Latitude = 37 38.23 N
* NMEA Longitude = 071 26.28 W
* NMEA UTC (Time) = Feb 05 2025  23:00:26
** Ship: Pisces
** Cruise:  PC2501
** Program:  AMAPPS
# nquan = 7
# nvalues = 5623                                  
# units = specified
# name 0 = depSM: Depth [salt water, m]
# name 1 = tv290C: Temperature [ITS-90, deg C]
# name 2 = c0S/m: Conductivity [S/m]
# name 3 = sal00: Salinity, Practical [PSU]
# name 4 = scan: Scan Count
# name 5 = timeM: Time, Elapsed [minutes]
# name 6 = flag:  0.000e+00
# span 0 =      0.101,    200.381                 
# span 1 =     4.1421,    13.4797                 
# span 2 =   0.000030,   4.151360                 
# span 3 =     0.0014,    35.4379                 
# span 4 =         11,       5633                 
# span 5 =     0.0417,    23.4667                 
# span 6 = 0.0000e+00, 0.0000e+00                 
# interval = seconds: 0.25
# start_time = Feb 05 2025 23:00:26 [NMEA time, header]
# bad_flag = -9.990e-29
*END*
[from data line 4103]
     81.644    12.4378   4.015408    34.7068       4114    17.1375  0.000e+00
     81.580    12.4343   4.014691    34.7031       4115    17.1417  0.000e+00
     81.513    12.4283   4.014032    34.7023       4116    17.1458  0.000e+00
     81.437    12.4216   4.013947    34.7078       4117    17.1500  0.000e+00
     81.355    12.4168   4.018774    34.7589       4118    17.1542  0.000e+00
     81.254    12.4276   4.014829    34.7108       4119    17.1583  0.000e+00
     81.175    12.4323   4.018108    34.7381       4120    17.1625  0.000e+00
     81.086    12.4336   4.018082    34.7367       4121    17.1667  0.000e+00
     80.995    12.4399   4.014355    34.6949       4122    17.1708  0.000e+00
     80.916    12.4342   4.018688    34.7421       4123    17.1750  0.000e+00
     80.845    12.4367   4.019517    34.7479       4124    17.1792  0.000e+00
     80.766    12.4458   4.020617    34.7500       4125    17.1833  0.000e+00
     80.705    12.4565   4.018799    34.7226       4126    17.1875  0.000e+00
     80.650    12.4567   4.013703    34.6733       4127    17.1917  0.000e+00
     80.602    12.4395   4.011662    34.6695       4128    17.1958  0.000e+00
     80.553    12.4174   4.010043    34.6743       4129    17.2000  0.000e+00
     80.486    12.4003   4.009550    34.6854       4130    17.2042  0.000e+00
     80.425    12.3889   4.009906    34.6994       4131    17.2083  0.000e+00
     80.342    12.3841   4.009932    34.7041       4132    17.2125  0.000e+00
     80.260    12.3832   4.008833    34.6944       4133    17.2167  0.000e+00
     80.166    12.3793   4.007622    34.6863       4134    17.2208  0.000e+00
     80.068    12.3730   4.007708    34.6931       4135    17.2250  0.000e+00
     79.974    12.3676   4.008142    34.7023       4136    17.2292  0.000e+00
     79.879    12.3673   4.007813    34.6994       4137    17.2333  0.000e+00
     79.788    12.3667   4.007649    34.6984       4138    17.2375  0.000e+00
     79.711    12.3657   4.007596    34.6988       4139    17.2417  0.000e+00
     79.635    12.3649   4.008116    34.7046       4140    17.2458  0.000e+00
     79.577    12.3656   4.007649    34.6995       4141    17.2500  0.000e+00
     79.541    12.3655   4.007320    34.6965       4142    17.2542  0.000e+00
     79.510    12.3641   4.006747    34.6922       4143    17.2583  0.000e+00
     79.477    12.3611   4.006912    34.6966       4144    17.2625  0.000e+00
     79.467    12.3594   4.007221    34.7011       4145    17.2667  0.000e+00
     79.455    12.3600   4.006662    34.6952       4146    17.2708  0.000e+00
     79.443    12.3589   4.006636    34.6960       4147    17.2750  0.000e+00
     79.419    12.3576   4.006938    34.7001       4148    17.2792  0.000e+00
     79.382    12.3578   4.006965    34.7002       4149    17.2833  0.000e+00
     79.339    12.3587   4.006609    34.6960       4150    17.2875  0.000e+00
     79.272    12.3577   4.006129    34.6923       4151    17.2917  0.000e+00
     79.205    12.3557   4.005642    34.6895       4152    17.2958  0.000e+00
     79.111    12.3523   4.005425    34.6905       4153    17.3000  0.000e+00
     79.004    12.3496   4.005346    34.6923       4154    17.3042  0.000e+00
     78.897    12.3478   4.005616    34.6966       4155    17.3083  0.000e+00
     78.778    12.3474   4.006083    34.7016       4156    17.3125  0.000e+00
     78.632    12.3495   4.005471    34.6938       4157    17.3167  0.000e+00
     78.489    12.3493   4.005675    34.6960       4158    17.3208  0.000e+00
     78.349    12.3488   4.005234    34.6923       4159    17.3250  0.000e+00
     78.208    12.3478   4.005070    34.6917       4160    17.3292  0.000e+00
     78.065    12.3462   4.004820    34.6908       4161    17.3333  0.000e+00
     77.928    12.3446   4.005287    34.6968       4162    17.3375  0.000e+00
     77.824    12.3445   4.004379    34.6882       4163    17.3417  0.000e+00
     77.721    12.3432   4.002544    34.6717       4164    17.3458  0.000e+00
     77.626    12.3359   4.002130    34.6745       4165    17.3500  0.000e+00
     77.556    12.3285   4.004629    34.7056       4166    17.3542  0.000e+00
     77.504    12.3317   4.003393    34.6907       4167    17.3583  0.000e+00
     77.462    12.3333   4.000375    34.6600       4168    17.3625  0.000e+00
     77.428    12.3225   4.000072    34.6671       4169    17.3667  0.000e+00
     77.413    12.3136   4.001170    34.6859       4170    17.3708  0.000e+00
     77.397    12.3127   4.001446    34.6895       4171    17.3750  0.000e+00
     77.388    12.3141   4.001453    34.6882       4172    17.3792  0.000e+00
     77.373    12.3152   4.002459    34.6970       4173    17.3833  0.000e+00
     77.358    12.3190   4.003643    34.7049       4174    17.3875  0.000e+00
     77.330    12.3255   4.003504    34.6975       4175    17.3917  0.000e+00
     77.279    12.3293   4.003202    34.6911       4176    17.3958  0.000e+00
     77.218    12.3298   4.003176    34.6904       4177    17.4000  0.000e+00
     77.132    12.3298   4.003688    34.6955       4178    17.4042  0.000e+00
     77.047    12.3314   4.003583    34.6930       4179    17.4083  0.000e+00
     76.955    12.3323   4.002847    34.6851       4180    17.4125  0.000e+00
     76.855    12.3307   4.003478    34.6927       4181    17.4167  0.000e+00
     76.736    12.3305   4.003340    34.6916       4182    17.4208  0.000e+00
     76.605    12.3307   4.003392    34.6920       4183    17.4250  0.000e+00
     76.483    12.3309   4.003037    34.6884       4184    17.4292  0.000e+00
     76.373    12.3302   4.003445    34.6931       4185    17.4333  0.000e+00
     76.263    12.3307   4.002682    34.6853       4186    17.4375  0.000e+00
     76.151    12.3293   4.000295    34.6635       4187    17.4417  0.000e+00
     76.065    12.3212   3.999388    34.6623       4188    17.4458  0.000e+00
     75.965    12.3116   3.999145    34.6688       4189    17.4500  0.000e+00
     75.870    12.3046   3.997252    34.6570       4190    17.4542  0.000e+00
     75.797    12.2966   3.994926    34.6420       4191    17.4583  0.000e+00
     75.736    12.2845   3.993474    34.6391       4192    17.4625  0.000e+00
     75.669    12.2721   3.992870    34.6448       4193    17.4667  0.000e+00
     75.620    12.2625   3.991451    34.6399       4194    17.4708  0.000e+00
     75.577    12.2535   3.991287    34.6466       4195    17.4750  0.000e+00
     75.529    12.2471   3.989533    34.6357       4196    17.4792  0.000e+00
     75.486    12.2396   3.989264    34.6400       4197    17.4833  0.000e+00
     75.443    12.2333   3.988824    34.6416       4198    17.4875  0.000e+00
     75.394    12.2286   3.988772    34.6454       4199    17.4917  0.000e+00
     75.349    12.2263   3.988549    34.6454       4200    17.4958  0.000e+00
     75.282    12.2249   3.988522    34.6465       4201    17.5000  0.000e+00
     75.221    12.2240   3.988608    34.6482       4202    17.5042  0.000e+00
     75.147    12.2238   3.988660    34.6489       4203    17.5083  0.000e+00
     75.059    12.2237   3.988306    34.6456       4204    17.5125  0.000e+00
     74.980    12.2230   3.988306    34.6462       4205    17.5167  0.000e+00
     74.879    12.2221   3.988253    34.6466       4206    17.5208  0.000e+00
     74.779    12.2216   3.988253    34.6471       4207    17.5250  0.000e+00
     74.651    12.2213   3.988115    34.6461       4208    17.5292  0.000e+00
     74.529    12.2209   3.987866    34.6441       4209    17.5333  0.000e+00
     74.391    12.2200   3.987977    34.6461       4210    17.5375  0.000e+00
     74.257    12.2197   3.988056    34.6472       4211    17.5417  0.000e+00
     74.120    12.2200   3.988089    34.6473       4212    17.5458  0.000e+00
     73.989    12.2204   3.988056    34.6467       4213    17.5500  0.000e+00
     73.858    12.2206   3.988003    34.6460       4214    17.5542  0.000e+00
     73.748    12.2205   3.987839    34.6445       4215    17.5583  0.000e+00
     73.638    12.2200   3.987432    34.6411       4216    17.5625  0.000e+00
     73.547    12.2186   3.987373    34.6419       4217    17.5667  0.000e+00
     73.474    12.2176   3.987373    34.6429       4218    17.5708  0.000e+00
     73.394    12.2172   3.987373    34.6432       4219    17.5750  0.000e+00
     73.321    12.2171   3.987182    34.6416       4220    17.5792  0.000e+00
     73.260    12.2164   3.987268    34.6430       4221    17.5833  0.000e+00
     73.190    12.2164   3.986913    34.6397       4222    17.5875  0.000e+00
     73.120    12.2156   3.986775    34.6391       4223    17.5917  0.000e+00
     73.047    12.2146   3.986519    34.6376       4224    17.5958  0.000e+00
     72.961    12.2134   3.986690    34.6404       4225    17.6000  0.000e+00
     72.879    12.2129   3.986611    34.6401       4226    17.6042  0.000e+00
     72.788    12.2129   3.986585    34.6399       4227    17.6083  0.000e+00
     72.708    12.2125   3.986421    34.6387       4228    17.6125  0.000e+00
     72.638    12.2120   3.986368    34.6386       4229    17.6167  0.000e+00
     72.568    12.2112   3.985685    34.6328       4230    17.6208  0.000e+00
     72.507    12.2093   3.985764    34.6354       4231    17.6250  0.000e+00
     72.461    12.2073   3.985685    34.6365       4232    17.6292  0.000e+00
     72.422    12.2064   3.985738    34.6379       4233    17.6333  0.000e+00
     72.385    12.2061   3.985547    34.6363       4234    17.6375  0.000e+00
     72.361    12.2054   3.985547    34.6369       4235    17.6417  0.000e+00
     72.330    12.2049   3.985436    34.6364       4236    17.6458  0.000e+00
     72.300    12.2044   3.985436    34.6368       4237    17.6500  0.000e+00
     72.242    12.2040   3.985436    34.6372       4238    17.6542  0.000e+00
     72.181    12.2039   3.985462    34.6376       4239    17.6583  0.000e+00
     72.114    12.2040   3.985521    34.6381       4240    17.6625  0.000e+00
     72.032    12.2042   3.985462    34.6374       4241    17.6667  0.000e+00
     71.922    12.2042   3.985462    34.6374       4242    17.6708  0.000e+00
     71.803    12.2041   3.985409    34.6371       4243    17.6750  0.000e+00
     71.666    12.2042   3.985383    34.6368       4244    17.6792  0.000e+00
     71.525    12.2038   3.985193    34.6353       4245    17.6833  0.000e+00
     71.394    12.2033   3.985088    34.6349       4246    17.6875  0.000e+00
     71.251    12.2026   3.985081    34.6355       4247    17.6917  0.000e+00
     71.123    12.2022   3.985166    34.6368       4248    17.6958  0.000e+00
     71.001    12.2021   3.985133    34.6366       4249    17.7000  0.000e+00
     70.885    12.2023   3.985192    34.6371       4250    17.7042  0.000e+00
     70.788    12.2025   3.984287    34.6281       4251    17.7083  0.000e+00
     70.711    12.2004   3.983473    34.6222       4252    17.7125  0.000e+00
     70.644    12.1956   3.983499    34.6269       4253    17.7167  0.000e+00
     70.589    12.1925   3.983414    34.6290       4254    17.7208  0.000e+00
     70.541    12.1909   3.983250    34.6289       4255    17.7250  0.000e+00
     70.501    12.1894   3.983250    34.6303       4256    17.7292  0.000e+00
     70.474    12.1887   3.983250    34.6310       4257    17.7333  0.000e+00
     70.452    12.1885   3.983197    34.6306       4258    17.7375  0.000e+00
     70.419    12.1881   3.983118    34.6303       4259    17.7417  0.000e+00
     70.397    12.1876   3.983118    34.6307       4260    17.7458  0.000e+00
     70.358    12.1873   3.983092    34.6308       4261    17.7500  0.000e+00
     70.321    12.1873   3.982954    34.6295       4262    17.7542  0.000e+00
     70.285    12.1868   3.982948    34.6299       4263    17.7583  0.000e+00
     70.224    12.1863   3.983033    34.6312       4264    17.7625  0.000e+00
     70.153    12.1861   3.982954    34.6306       4265    17.7667  0.000e+00
     70.077    12.1862   3.982928    34.6303       4266    17.7708  0.000e+00
     69.986    12.1859   3.982954    34.6309       4267    17.7750  0.000e+00
     69.888    12.1859   3.983059    34.6320       4268    17.7792  0.000e+00
     69.785    12.1868   3.982928    34.6299       4269    17.7833  0.000e+00
     69.669    12.1864   3.982462    34.6257       4270    17.7875  0.000e+00
     69.547    12.1850   3.982350    34.6261       4271    17.7917  0.000e+00
     69.419    12.1835   3.982541    34.6293       4272    17.7958  0.000e+00
     69.281    12.1832   3.983525    34.6392       4273    17.8000  0.000e+00
     69.163    12.1865   3.983413    34.6351       4274    17.8042  0.000e+00
     69.056    12.1896   3.983197    34.6302       4275    17.8083  0.000e+00
     68.961    12.1906   3.981969    34.6175       4276    17.8125  0.000e+00
     68.873    12.1878   3.981070    34.6113       4277    17.8167  0.000e+00
     68.815    12.1829   3.981510    34.6202       4278    17.8208  0.000e+00
     68.751    12.1807   3.981267    34.6199       4279    17.8250  0.000e+00
     68.711    12.1795   3.980854    34.6170       4280    17.8292  0.000e+00
     68.687    12.1774   3.980907    34.6195       4281    17.8333  0.000e+00
     68.675    12.1762   3.982462    34.6356       4282    17.8375  0.000e+00
     68.647    12.1797   3.982731    34.6350       4283    17.8417  0.000e+00
     68.626    12.1840   3.983472    34.6382       4284    17.8458  0.000e+00
     68.602    12.1882   3.983144    34.6312       4285    17.8500  0.000e+00
     68.565    12.1899   3.983413    34.6322       4286    17.8542  0.000e+00
     68.516    12.1915   3.983853    34.6350       4287    17.8583  0.000e+00
     68.477    12.1932   3.983636    34.6314       4288    17.8625  0.000e+00
     68.406    12.1940   3.983636    34.6307       4289    17.8667  0.000e+00
     68.327    12.1937   3.983577    34.6304       4290    17.8708  0.000e+00
     68.239    12.1939   3.983879    34.6332       4291    17.8750  0.000e+00
     68.132    12.1949   3.984673    34.6401       4292    17.8792  0.000e+00
     68.025    12.1977   3.984837    34.6390       4293    17.8833  0.000e+00
     67.909    12.2005   3.984837    34.6366       4294    17.8875  0.000e+00
     67.794    12.2021   3.984725    34.6341       4295    17.8917  0.000e+00
     67.687    12.2026   3.984344    34.6299       4296    17.8958  0.000e+00
     67.583    12.2019   3.983826    34.6256       4297    17.9000  0.000e+00
     67.479    12.1994   3.984016    34.6298       4298    17.9042  0.000e+00
     67.388    12.1980   3.982651    34.6179       4299    17.9083  0.000e+00
     67.303    12.1943   3.982133    34.6163       4300    17.9125  0.000e+00
     67.236    12.1891   3.982159    34.6214       4301    17.9167  0.000e+00
     67.172    12.1863   3.982382    34.6262       4302    17.9208  0.000e+00
     67.126    12.1859   3.982349    34.6262       4303    17.9250  0.000e+00
     67.080    12.1857   3.980880    34.6122       4304    17.9292  0.000e+00
     67.047    12.1821   3.979626    34.6034       4305    17.9333  0.000e+00
     67.022    12.1751   3.978944    34.6032       4306    17.9375  0.000e+00
     66.992    12.1690   3.979463    34.6140       4307    17.9417  0.000e+00
     66.970    12.1664   3.981667    34.6378       4308    17.9458  0.000e+00
     66.943    12.1715   3.982409    34.6402       4309    17.9500  0.000e+00
     66.928    12.1788   3.982435    34.6338       4310    17.9542  0.000e+00
     66.900    12.1831   3.982290    34.6283       4311    17.9583  0.000e+00
     66.861    12.1847   3.982185    34.6259       4312    17.9625  0.000e+00
     66.818    12.1848   3.982106    34.6251       4313    17.9667  0.000e+00
     66.769    12.1845   3.982323    34.6274       4314    17.9708  0.000e+00
     66.726    12.1849   3.982054    34.6245       4315    17.9750  0.000e+00
     66.650    12.1845   3.982021    34.6245       4316    17.9792  0.000e+00
     66.556    12.1840   3.981345    34.6185       4317    17.9833  0.000e+00
