PC2501/sbe061.cnv
* Sea-Bird SBE 19plus Data File:
* FileName = C:\cruise\data\sbe061.hex
* Software Version Seasave V 7.26.7.121
* Temperature SN = 4684
* Conductivity SN = 4684
* System UpLoad Time = Jan 26 2025 21:38:33
* NMEA Latitude = 40 22.58 N
* NMEA Longitude = 073 12.02 W
* NMEA UTC (Time) = Jan 26 2025  21:38:03
** Ship: Pisces
** Cruise:  PC2501
** Program:  AMAPPS
# nquan = 7
# nvalues = 1720                                  
# units = specified
# name 0 = depSM: Depth [salt water, m]
# name 1 = tv290C: Temperature [ITS-90, deg C]
# name 2 = c0S/m: Conductivity [S/m]
# name 3 = sal00: Salinity, Practical [PSU]
# name 4 = scan: Scan Count
# name 5 = timeM: Time, Elapsed [minutes]
# name 6 = flag:  0.000e+00
# span 0 =      0.029,     31.914                 
# span 1 =     4.1611,     6.1532                 
# span 2 =  -0.000020,   3.297749                 
# span 3 =     0.0000,    33.4491                 
# span 4 =         11,       1730                 
# span 5 =     0.0417,     7.2042                 
# span 6 = 0.0000e+00, 0.0000e+00                 
# interval = seconds: 0.25
# start_time = Jan 26 2025 21:38:03 [NMEA time, header]
# bad_flag = -9.990e-29
*END*
[from data line 1436]
      2.831     4.2512   3.086540    32.7419       1447     6.0250  0.000e+00
      2.755     4.2512   3.086499    32.7415       1448     6.0292  0.000e+00
      2.666     4.2511   3.086588    32.7426       1449     6.0333  0.000e+00
      2.593     4.2514   3.086701    32.7437       1450     6.0375  0.000e+00
      2.520     4.2521   3.086718    32.7433       1451     6.0417  0.000e+00
      2.419     4.2528   3.086695    32.7423       1452     6.0458  0.000e+00
      2.355     4.2529   3.086653    32.7418       1453     6.0500  0.000e+00
      2.343     4.2530   3.086558    32.7406       1454     6.0542  0.000e+00
      2.349     4.2521   3.086451    32.7402       1455     6.0583  0.000e+00
      2.401     4.2511   3.086647    32.7435       1456     6.0625  0.000e+00
      2.456     4.2512   3.086540    32.7421       1457     6.0667  0.000e+00
      2.517     4.2513   3.086534    32.7419       1458     6.0708  0.000e+00
      2.593     4.2509   3.086534    32.7423       1459     6.0750  0.000e+00
      2.642     4.2506   3.086564    32.7428       1460     6.0792  0.000e+00
      2.675     4.2506   3.086606    32.7433       1461     6.0833  0.000e+00
      2.672     4.2509   3.086588    32.7428       1462     6.0875  0.000e+00
      2.627     4.2510   3.086582    32.7427       1463     6.0917  0.000e+00
      2.584     4.2511   3.086582    32.7427       1464     6.0958  0.000e+00
      2.541     4.2510   3.086588    32.7429       1465     6.1000  0.000e+00
      2.538     4.2511   3.086582    32.7427       1466     6.1042  0.000e+00
      2.547     4.2511   3.086611    32.7430       1467     6.1083  0.000e+00
      2.572     4.2511   3.086647    32.7434       1468     6.1125  0.000e+00
      2.605     4.2513   3.086611    32.7428       1469     6.1167  0.000e+00
      2.642     4.2514   3.086606    32.7426       1470     6.1208  0.000e+00
      2.676     4.2514   3.086606    32.7426       1471     6.1250  0.000e+00
      2.715     4.2511   3.086588    32.7426       1472     6.1292  0.000e+00
      2.761     4.2509   3.086582    32.7428       1473     6.1333  0.000e+00
      2.795     4.2509   3.086629    32.7433       1474     6.1375  0.000e+00
      2.819     4.2510   3.086718    32.7443       1475     6.1417  0.000e+00
      2.810     4.2516   3.086742    32.7439       1476     6.1458  0.000e+00
      2.761     4.2521   3.086671    32.7426       1477     6.1500  0.000e+00
      2.694     4.2520   3.086582    32.7417       1478     6.1542  0.000e+00
      2.627     4.2515   3.086629    32.7427       1479     6.1583  0.000e+00
      2.572     4.2512   3.086623    32.7430       1480     6.1625  0.000e+00
      2.557     4.2512   3.086522    32.7418       1481     6.1667  0.000e+00
      2.529     4.2505   3.086606    32.7435       1482     6.1708  0.000e+00
      2.523     4.2503   3.086611    32.7438       1483     6.1750  0.000e+00
      2.529     4.2506   3.086647    32.7439       1484     6.1792  0.000e+00
      2.551     4.2510   3.086671    32.7438       1485     6.1833  0.000e+00
      2.560     4.2512   3.086701    32.7439       1486     6.1875  0.000e+00
      2.554     4.2514   3.086647    32.7431       1487     6.1917  0.000e+00
      2.547     4.2514   3.086653    32.7432       1488     6.1958  0.000e+00
      2.547     4.2514   3.086671    32.7434       1489     6.2000  0.000e+00
      2.560     4.2513   3.086677    32.7435       1490     6.2042  0.000e+00
      2.608     4.2513   3.086653    32.7432       1491     6.2083  0.000e+00
      2.660     4.2513   3.086611    32.7427       1492     6.2125  0.000e+00
      2.730     4.2510   3.086623    32.7432       1493     6.2167  0.000e+00
      2.782     4.2507   3.086623    32.7434       1494     6.2208  0.000e+00
      2.797     4.2507   3.086677    32.7440       1495     6.2250  0.000e+00
      2.801     4.2511   3.086718    32.7441       1496     6.2292  0.000e+00
      2.776     4.2514   3.086701    32.7436       1497     6.2333  0.000e+00
      2.749     4.2515   3.086742    32.7440       1498     6.2375  0.000e+00
      2.700     4.2517   3.086896    32.7456       1499     6.2417  0.000e+00
      2.642     4.2527   3.086885    32.7446       1500     6.2458  0.000e+00
      2.590     4.2533   3.086908    32.7443       1501     6.2500  0.000e+00
      2.575     4.2537   3.086985    32.7448       1502     6.2542  0.000e+00
      2.587     4.2543   3.087045    32.7449       1503     6.2583  0.000e+00
      2.606     4.2551   3.087276    32.7468       1504     6.2625  0.000e+00
      2.642     4.2563   3.087276    32.7455       1505     6.2667  0.000e+00
      2.685     4.2572   3.087365    32.7457       1506     6.2708  0.000e+00
      2.721     4.2581   3.087490    32.7462       1507     6.2750  0.000e+00
      2.734     4.2590   3.087371    32.7439       1508     6.2792  0.000e+00
      2.688     4.2590   3.087253    32.7426       1509     6.2833  0.000e+00
      2.572     4.2585   3.087348    32.7442       1510     6.2875  0.000e+00
      2.420     4.2586   3.087318    32.7439       1511     6.2917  0.000e+00
      2.261     4.2586   3.087258    32.7433       1512     6.2958  0.000e+00
      2.139     4.2583   3.087098    32.7418       1513     6.3000  0.000e+00
      2.060     4.2576   3.086908    32.7402       1514     6.3042  0.000e+00
      2.032     4.2563   3.086742    32.7396       1515     6.3083  0.000e+00
      2.029     4.2549   3.086878    32.7426       1516     6.3125  0.000e+00
      2.029     4.2545   3.086926    32.7436       1517     6.3167  0.000e+00
      2.060     4.2544   3.086944    32.7438       1518     6.3208  0.000e+00
      2.118     4.2547   3.087068    32.7450       1519     6.3250  0.000e+00
      2.191     4.2554   3.087098    32.7446       1520     6.3292  0.000e+00
      2.261     4.2560   3.087140    32.7445       1521     6.3333  0.000e+00
      2.337     4.2565   3.087021    32.7425       1522     6.3375  0.000e+00
      2.404     4.2560   3.086968    32.7423       1523     6.3417  0.000e+00
      2.462     4.2556   3.086950    32.7425       1524     6.3458  0.000e+00
      2.487     4.2552   3.086896    32.7423       1525     6.3500  0.000e+00
      2.459     4.2548   3.086926    32.7430       1526     6.3542  0.000e+00
      2.407     4.2546   3.086944    32.7435       1527     6.3583  0.000e+00
      2.316     4.2545   3.086884    32.7429       1528     6.3625  0.000e+00
      2.209     4.2543   3.086831    32.7426       1529     6.3667  0.000e+00
      2.121     4.2541   3.086837    32.7429       1530     6.3708  0.000e+00
      2.054     4.2538   3.086813    32.7429       1531     6.3750  0.000e+00
      1.974     4.2536   3.086789    32.7429       1532     6.3792  0.000e+00
      1.883     4.2534   3.086718    32.7423       1533     6.3833  0.000e+00
      1.795     4.2529   3.086700    32.7426       1534     6.3875  0.000e+00
      1.712     4.2526   3.086623    32.7420       1535     6.3917  0.000e+00
      1.657     4.2521   3.086629    32.7427       1536     6.3958  0.000e+00
      1.648     4.2517   3.086676    32.7437       1537     6.4000  0.000e+00
      1.679     4.2517   3.086694    32.7439       1538     6.4042  0.000e+00
      1.724     4.2516   3.086653    32.7434       1539     6.4083  0.000e+00
      1.779     4.2519   3.086647    32.7430       1540     6.4125  0.000e+00
      1.831     4.2515   3.086629    32.7432       1541     6.4167  0.000e+00
      1.865     4.2512   3.086582    32.7429       1542     6.4208  0.000e+00
      1.862     4.2510   3.086540    32.7427       1543     6.4250  0.000e+00
      1.782     4.2503   3.086487    32.7427       1544     6.4292  0.000e+00
      1.670     4.2499   3.086718    32.7459       1545     6.4333  0.000e+00
      1.551     4.2507   3.086766    32.7457       1546     6.4375  0.000e+00
      1.426     4.2517   3.086837    32.7456       1547     6.4417  0.000e+00
      1.298     4.2528   3.086807    32.7442       1548     6.4458  0.000e+00
      1.215     4.2534   3.086765    32.7432       1549     6.4500  0.000e+00
      1.197     4.2534   3.086807    32.7437       1550     6.4542  0.000e+00
      1.249     4.2536   3.086878    32.7443       1551     6.4583  0.000e+00
      1.340     4.2541   3.086854    32.7435       1552     6.4625  0.000e+00
      1.435     4.2543   3.086765    32.7422       1553     6.4667  0.000e+00
      1.535     4.2539   3.086670    32.7415       1554     6.4708  0.000e+00
      1.609     4.2530   3.086700    32.7426       1555     6.4750  0.000e+00
      1.667     4.2525   3.086742    32.7436       1556     6.4792  0.000e+00
      1.728     4.2523   3.086807    32.7445       1557     6.4833  0.000e+00
      1.755     4.2528   3.086884    32.7449       1558     6.4875  0.000e+00
      1.682     4.2534   3.086742    32.7427       1559     6.4917  0.000e+00
      1.566     4.2534   3.086671    32.7419       1560     6.4958  0.000e+00
      1.444     4.2526   3.086670    32.7428       1561     6.5000  0.000e+00
      1.340     4.2520   3.086789    32.7448       1562     6.5042  0.000e+00
      1.252     4.2525   3.086837    32.7449       1563     6.5083  0.000e+00
      1.173     4.2531   3.086807    32.7440       1564     6.5125  0.000e+00
      1.118     4.2534   3.086789    32.7436       1565     6.5167  0.000e+00
      1.109     4.2532   3.086676    32.7424       1566     6.5208  0.000e+00
      1.124     4.2529   3.086670    32.7426       1567     6.5250  0.000e+00
      1.158     4.2525   3.086694    32.7433       1568     6.5292  0.000e+00
      1.215     4.2524   3.086878    32.7455       1569     6.5333  0.000e+00
      1.273     4.2532   3.086837    32.7442       1570     6.5375  0.000e+00
      1.331     4.2537   3.086718    32.7423       1571     6.5417  0.000e+00
      1.344     4.2534   3.086647    32.7418       1572     6.5458  0.000e+00
      1.310     4.2525   3.086765    32.7441       1573     6.5500  0.000e+00
      1.298     4.2525   3.087021    32.7471       1574     6.5542  0.000e+00
      1.295     4.2539   3.086997    32.7454       1575     6.5583  0.000e+00
      1.307     4.2551   3.087033    32.7446       1576     6.5625  0.000e+00
      1.319     4.2557   3.087139    32.7453       1577     6.5667  0.000e+00
      1.313     4.2563   3.087139    32.7446       1578     6.5708  0.000e+00
      1.334     4.2568   3.087116    32.7438       1579     6.5750  0.000e+00
      1.344     4.2569   3.087122    32.7438       1580     6.5792  0.000e+00
      1.304     4.2570   3.087116    32.7436       1581     6.5833  0.000e+00
      1.182     4.2569   3.086813    32.7402       1582     6.5875  0.000e+00
      1.011     4.2560   3.086985    32.7433       1583     6.5917  0.000e+00
      0.905     4.2555   3.086973    32.7437       1584     6.5958  0.000e+00
      0.865     4.2556   3.087009    32.7440       1585     6.6000  0.000e+00
      0.886     4.2558   3.086997    32.7437       1586     6.6042  0.000e+00
      0.889     4.2560   3.086943    32.7429       1587     6.6083  0.000e+00
      0.880     4.2558   3.086926    32.7428       1588     6.6125  0.000e+00
      0.853     4.2556   3.086949    32.7433       1589     6.6167  0.000e+00
      0.816     4.2553   3.086854    32.7426       1590     6.6208  0.000e+00
      0.767     4.2549   3.086718    32.7414       1591     6.6250  0.000e+00
      0.737     4.2539   3.086676    32.7419       1592     6.6292  0.000e+00
      0.737     4.2529   3.086670    32.7428       1593     6.6333  0.000e+00
      0.749     4.2522   3.086676    32.7436       1594     6.6375  0.000e+00
      0.749     4.2520   3.086742    32.7446       1595     6.6417  0.000e+00
      0.712     4.2522   3.086623    32.7430       1596     6.6458  0.000e+00
      0.688     4.2520   3.086700    32.7441       1597     6.6500  0.000e+00
      0.737     4.2521   3.086742    32.7445       1598     6.6542  0.000e+00
      0.792     4.2524   3.086718    32.7438       1599     6.6583  0.000e+00
      0.819     4.2526   3.086884    32.7456       1600     6.6625  0.000e+00
      0.822     4.2533   3.087009    32.7464       1601     6.6667  0.000e+00
      0.789     4.2546   3.086997    32.7449       1602     6.6708  0.000e+00
      0.752     4.2555   3.087068    32.7449       1603     6.6750  0.000e+00
      0.767     4.2561   3.087032    32.7439       1604     6.6792  0.000e+00
      0.764     4.2561   3.087044    32.7440       1605     6.6833  0.000e+00
      0.737     4.2562   3.087032    32.7438       1606     6.6875  0.000e+00
      0.722     4.2562   3.087163    32.7453       1607     6.6917  0.000e+00
      0.700     4.2568   3.087098    32.7439       1608     6.6958  0.000e+00
      0.594     4.2571   3.086973    32.7423       1609     6.7000  0.000e+00
      0.408     4.2565   3.086741    32.7403       1610     6.7042  0.000e+00
      0.225     4.2548   3.086878    32.7437       1611     6.7083  0.000e+00
      0.182     4.2543   3.086813    32.7434       1612     6.7125  0.000e+00
      0.200     4.2541   3.086985    32.7456       1613     6.7167  0.000e+00
      0.234     4.2545   3.087068    32.7462       1614     6.7208  0.000e+00
      0.240     4.2555   3.087074    32.7453       1615     6.7250  0.000e+00
      0.267     4.2561   3.087092    32.7448       1616     6.7292  0.000e+00
      0.325     4.2565   3.087044    32.7438       1617     6.7333  0.000e+00
      0.371     4.2566   3.087139    32.7449       1618     6.7375  0.000e+00
      0.374     4.2570   3.087115    32.7442       1619     6.7417  0.000e+00
      0.344     4.2571   3.086896    32.7415       1620     6.7458  0.000e+00
      0.289     4.2563   3.086789    32.7411       1621     6.7500  0.000e+00
      0.240     4.2545   3.086700    32.7419       1622     6.7542  0.000e+00
      0.176     4.2533   3.086973    32.7463       1623     6.7583  0.000e+00
      0.088     4.2536   3.086100    32.7358       1624     6.7625  0.000e+00
      0.072     4.2505   2.990299    31.6172       1625     6.7667  0.000e+00
      0.127     4.2440   3.086433    32.7492       1626     6.7708  0.000e+00
      0.167     4.2444   3.086344    32.7477       1627     6.7750  0.000e+00
      0.176     4.2463   3.086166    32.7437       1628     6.7792  0.000e+00
      0.155     4.2462   3.086415    32.7468       1629     6.7833  0.000e+00
      0.170     4.2472   3.086433    32.7461       1630     6.7875  0.000e+00
      0.176     4.2484   3.086183    32.7419       1631     6.7917  0.000e+00
      0.155     4.2477   3.086522    32.7466       1632     6.7958  0.000e+00
      0.179     4.2482   3.086498    32.7457       1633     6.8000  0.000e+00
      0.222     4.2490   3.086611    32.7463       1634     6.8042  0.000e+00
      0.213     4.2500   3.086949    32.7493       1635     6.8083  0.000e+00
      0.097     4.2519   1.634614    16.3253       1636     6.8125  0.000e+00
      0.060     4.2454   0.574426     5.2914       1637     6.8167  0.000e+00
      0.069     4.2165   0.335977     2.9902       1638     6.8208  0.000e+00
      0.066     4.1757   0.329506     2.9328       1639     6.8250  0.000e+00
      0.069     4.1612   0.291475     2.5761       1640     6.8292  0.000e+00
      0.057     4.1611   0.266342     2.3414       1641     6.8333  0.000e+00
      0.060     4.1634   0.238809     2.0859       1642     6.8375  0.000e+00
      0.057     4.1657   0.194223     1.6768       1643     6.8417  0.000e+00
      0.124     4.1686   0.239941     2.0960       1644     6.8458  0.000e+00
      0.200     4.1727   0.351774     3.1440       1645     6.8500  0.000e+00
      0.207     4.1820   0.985790     9.4668       1646     6.8542  0.000e+00
      0.213     4.1972   2.525500    26.2923       1647     6.8583  0.000e+00
      0.255     4.2077   2.629661    27.4774       1648     6.8625  0.000e+00
      0.246     4.2171   2.366589    24.4685       1649     6.8667  0.000e+00
      0.118     4.2270   2.205363    22.6429       1650     6.8708  0.000e+00
      0.057     4.2357   1.962583    19.9298       1651     6.8750  0.000e+00
