PC2501/sbe007.cnv
* Sea-Bird SBE 19plus Data File:
* FileName = C:\cruise\data\sbe007.hex
* Software Version Seasave V 7.26.7.121
* Temperature SN = 4684
* Conductivity SN = 4684
* System UpLoad Time = Jan 11 2025 01:14:14
* NMEA Latitude = 37 36.12 N
* NMEA Longitude = 073 39.63 W
* NMEA UTC (Time) = Jan 11 2025  01:13:33
** Ship: Pisces
** Cruise:  PC2501
** Program:  AMAPPS
# nquan = 7
# nvalues = 5412                                  
# units = specified
# name 0 = depSM: Depth [salt water, m]
# name 1 = tv290C: Temperature [ITS-90, deg C]
# name 2 = c0S/m: Conductivity [S/m]
# name 3 = sal00: Salinity, Practical [PSU]
# name 4 = scan: Scan Count
# name 5 = timeM: Time, Elapsed [minutes]
# name 6 = flag:  0.000e+00
# span 0 =     -0.006,    201.098                 
# span 1 =    10.3796,    15.0431                 
# span 2 =   0.155904,   4.365556                 
# span 3 =     1.0774,    35.8025                 
# span 4 =         11,       5422                 
# span 5 =     0.0417,    22.5875                 
# span 6 = 0.0000e+00, 0.0000e+00                 
# interval = seconds: 0.25
# start_time = Jan 11 2025 01:13:33 [NMEA time, header]
# bad_flag = -9.990e-29
*END*
[from data line 3693]
    104.069    13.4979   4.214531    35.6140       3704    15.4292  0.000e+00
    103.935    13.5198   4.218970    35.6356       3705    15.4333  0.000e+00
    103.813    13.5508   4.220724    35.6232       3706    15.4375  0.000e+00
    103.703    13.5768   4.222013    35.6112       3707    15.4417  0.000e+00
    103.597    13.5941   4.222329    35.5981       3708    15.4458  0.000e+00
    103.499    13.6057   4.223505    35.5985       3709    15.4500  0.000e+00
    103.414    13.6137   4.223269    35.5889       3710    15.4542  0.000e+00
    103.350    13.6186   4.222537    35.5774       3711    15.4583  0.000e+00
    103.289    13.6180   4.222328    35.5760       3712    15.4625  0.000e+00
    103.234    13.6162   4.222799    35.5821       3713    15.4667  0.000e+00
    103.207    13.6166   4.224876    35.6014       3714    15.4708  0.000e+00
    103.182    13.6233   4.223794    35.5850       3715    15.4750  0.000e+00
    103.179    13.6258   4.223034    35.5755       3716    15.4792  0.000e+00
    103.167    13.6233   4.222920    35.5767       3717    15.4833  0.000e+00
    103.167    13.6211   4.223592    35.5851       3718    15.4875  0.000e+00
    103.179    13.6217   4.223706    35.5856       3719    15.4917  0.000e+00
    103.188    13.6233   4.222738    35.5750       3720    15.4958  0.000e+00
    103.201    13.6208   4.222832    35.5782       3721    15.5000  0.000e+00
    103.210    13.6187   4.223148    35.5831       3722    15.5042  0.000e+00
    103.222    13.6187   4.223827    35.5895       3723    15.5083  0.000e+00
    103.213    13.6216   4.222859    35.5777       3724    15.5125  0.000e+00
    103.185    13.6207   4.222799    35.5779       3725    15.5167  0.000e+00
    103.140    13.6193   4.224701    35.5972       3726    15.5208  0.000e+00
    103.069    13.6241   4.226375    35.6085       3727    15.5250  0.000e+00
    102.975    13.6337   4.229770    35.6317       3728    15.5292  0.000e+00
    102.847    13.6512   4.236350    35.6774       3729    15.5333  0.000e+00
    102.704    13.6863   4.243525    35.7123       3730    15.5375  0.000e+00
    102.548    13.7344   4.248886    35.7180       3731    15.5417  0.000e+00
    102.384    13.7848   4.258127    35.7579       3732    15.5458  0.000e+00
    102.213    13.8441   4.267093    35.7868       3733    15.5500  0.000e+00
    102.042    13.9157   4.273026    35.7758       3734    15.5542  0.000e+00
    101.890    13.9783   4.276112    35.7465       3735    15.5583  0.000e+00
    101.744    14.0262   4.278010    35.7197       3736    15.5625  0.000e+00
    101.625    14.0566   4.279266    35.7033       3737    15.5667  0.000e+00
    101.536    14.0769   4.281976    35.7098       3738    15.5708  0.000e+00
    101.481    14.0944   4.282213    35.6957       3739    15.5750  0.000e+00
    101.436    14.1079   4.282510    35.6861       3740    15.5792  0.000e+00
    101.436    14.1148   4.281110    35.6666       3741    15.5833  0.000e+00
    101.439    14.1134   4.280928    35.6662       3742    15.5875  0.000e+00
    101.454    14.1112   4.279887    35.6586       3743    15.5917  0.000e+00
    101.485    14.1061   4.279293    35.6577       3744    15.5958  0.000e+00
    101.497    14.1004   4.279232    35.6624       3745    15.6000  0.000e+00
    101.506    14.0967   4.280665    35.6792       3746    15.6042  0.000e+00
    101.506    14.0992   4.280313    35.6736       3747    15.6083  0.000e+00
    101.481    14.1017   4.280577    35.6738       3748    15.6125  0.000e+00
    101.442    14.1028   4.282125    35.6872       3749    15.6167  0.000e+00
    101.378    14.1075   4.283463    35.6954       3750    15.6208  0.000e+00
    101.296    14.1153   4.285248    35.7048       3751    15.6250  0.000e+00
    101.195    14.1274   4.285680    35.6977       3752    15.6292  0.000e+00
    101.085    14.1366   4.285247    35.6852       3753    15.6333  0.000e+00
    100.988    14.1382   4.284023    35.6722       3754    15.6375  0.000e+00
    100.887    14.1366   4.285964    35.6919       3755    15.6417  0.000e+00
    100.799    14.1389   4.286856    35.6981       3756    15.6458  0.000e+00
    100.710    14.1460   4.286647    35.6896       3757    15.6500  0.000e+00
    100.640    14.1499   4.287539    35.6944       3758    15.6542  0.000e+00
    100.598    14.1537   4.287749    35.6928       3759    15.6583  0.000e+00
    100.552    14.1567   4.288229    35.6945       3760    15.6625  0.000e+00
    100.512    14.1608   4.288594    35.6941       3761    15.6667  0.000e+00
    100.482    14.1633   4.287634    35.6829       3762    15.6708  0.000e+00
    100.451    14.1628   4.288080    35.6875       3763    15.6750  0.000e+00
    100.430    14.1627   4.288107    35.6879       3764    15.6792  0.000e+00
    100.412    14.1629   4.287782    35.6847       3765    15.6833  0.000e+00
    100.387    14.1619   4.287992    35.6875       3766    15.6875  0.000e+00
    100.363    14.1617   4.288317    35.6908       3767    15.6917  0.000e+00
    100.332    14.1631   4.289541    35.7009       3768    15.6958  0.000e+00
    100.305    14.1673   4.288824    35.6903       3769    15.7000  0.000e+00
    100.268    14.1691   4.289189    35.6921       3770    15.7042  0.000e+00
    100.229    14.1698   4.289209    35.6917       3771    15.7083  0.000e+00
    100.186    14.1713   4.290197    35.6995       3772    15.7125  0.000e+00
    100.143    14.1741   4.290494    35.6997       3773    15.7167  0.000e+00
    100.098    14.1777   4.291002    35.7011       3774    15.7208  0.000e+00
    100.073    14.1813   4.290251    35.6908       3775    15.7250  0.000e+00
    100.031    14.1818   4.290643    35.6939       3776    15.7292  0.000e+00
     99.988    14.1822   4.292165    35.7078       3777    15.7333  0.000e+00
     99.930    14.1878   4.292822    35.7087       3778    15.7375  0.000e+00
     99.872    14.1940   4.293965    35.7137       3779    15.7417  0.000e+00
     99.790    14.2015   4.295183    35.7181       3780    15.7458  0.000e+00
     99.701    14.2102   4.296347    35.7209       3781    15.7500  0.000e+00
     99.592    14.2194   4.297599    35.7241       3782    15.7542  0.000e+00
     99.455    14.2295   4.300124    35.7383       3783    15.7583  0.000e+00
     99.317    14.2442   4.302690    35.7486       3784    15.7625  0.000e+00
     99.177    14.2624   4.305596    35.7588       3785    15.7667  0.000e+00
     99.022    14.2843   4.309804    35.7777       3786    15.7708  0.000e+00
     98.878    14.3126   4.315287    35.8025       3787    15.7750  0.000e+00
     98.735    14.3490   4.318033    35.7944       3788    15.7792  0.000e+00
     98.604    14.3821   4.320305    35.7848       3789    15.7833  0.000e+00
     98.482    14.4075   4.322144    35.7784       3790    15.7875  0.000e+00
     98.379    14.4278   4.323453    35.7718       3791    15.7917  0.000e+00
     98.290    14.4433   4.323405    35.7571       3792    15.7958  0.000e+00
     98.217    14.4521   4.323480    35.7496       3793    15.8000  0.000e+00
     98.168    14.4560   4.323256    35.7440       3794    15.8042  0.000e+00
     98.132    14.4570   4.323466    35.7450       3795    15.8083  0.000e+00
     98.113    14.4576   4.323283    35.7428       3796    15.8125  0.000e+00
     98.101    14.4575   4.323466    35.7446       3797    15.8167  0.000e+00
     98.123    14.4579   4.323799    35.7473       3798    15.8208  0.000e+00
     98.138    14.4591   4.323588    35.7442       3799    15.8250  0.000e+00
     98.171    14.4596   4.323452    35.7424       3800    15.8292  0.000e+00
     98.205    14.4591   4.323554    35.7439       3801    15.8333  0.000e+00
     98.232    14.4589   4.323588    35.7444       3802    15.8375  0.000e+00
     98.248    14.4589   4.323222    35.7410       3803    15.8417  0.000e+00
     98.269    14.4576   4.322625    35.7366       3804    15.8458  0.000e+00
     98.278    14.4547   4.322360    35.7369       3805    15.8500  0.000e+00
     98.287    14.4518   4.323073    35.7461       3806    15.8542  0.000e+00
     98.266    14.4520   4.322672    35.7423       3807    15.8583  0.000e+00
     98.229    14.4522   4.322774    35.7430       3808    15.8625  0.000e+00
     98.165    14.4518   4.322950    35.7450       3809    15.8667  0.000e+00
     98.089    14.4524   4.323310    35.7478       3810    15.8708  0.000e+00
     98.007    14.4541   4.323493    35.7480       3811    15.8750  0.000e+00
     97.912    14.4560   4.323887    35.7500       3812    15.8792  0.000e+00
     97.809    14.4581   4.323948    35.7486       3813    15.8833  0.000e+00
     97.708    14.4598   4.323859    35.7462       3814    15.8875  0.000e+00
     97.607    14.4606   4.323554    35.7427       3815    15.8917  0.000e+00
     97.504    14.4600   4.324307    35.7503       3816    15.8958  0.000e+00
     97.403    14.4614   4.324348    35.7494       3817    15.9000  0.000e+00
     97.321    14.4632   4.324701    35.7511       3818    15.9042  0.000e+00
     97.245    14.4653   4.325298    35.7547       3819    15.9083  0.000e+00
     97.165    14.4687   4.325359    35.7522       3820    15.9125  0.000e+00
     97.095    14.4710   4.325332    35.7498       3821    15.9167  0.000e+00
     97.019    14.4724   4.325542    35.7505       3822    15.9208  0.000e+00
     96.937    14.4733   4.325515    35.7495       3823    15.9250  0.000e+00
     96.858    14.4740   4.325528    35.7490       3824    15.9292  0.000e+00
     96.769    14.4742   4.325542    35.7489       3825    15.9333  0.000e+00
     96.681    14.4744   4.325528    35.7486       3826    15.9375  0.000e+00
     96.589    14.4746   4.325725    35.7504       3827    15.9417  0.000e+00
     96.495    14.4754   4.326051    35.7527       3828    15.9458  0.000e+00
     96.410    14.4770   4.326173    35.7523       3829    15.9500  0.000e+00
     96.327    14.4789   4.326343    35.7522       3830    15.9542  0.000e+00
     96.260    14.4805   4.326356    35.7509       3831    15.9583  0.000e+00
     96.196    14.4814   4.326383    35.7503       3832    15.9625  0.000e+00
     96.160    14.4819   4.326424    35.7502       3833    15.9667  0.000e+00
     96.126    14.4822   4.326444    35.7502       3834    15.9708  0.000e+00
     96.102    14.4827   4.326424    35.7496       3835    15.9750  0.000e+00
     96.105    14.4828   4.326417    35.7494       3836    15.9792  0.000e+00
     96.102    14.4828   4.326424    35.7494       3837    15.9833  0.000e+00
     96.108    14.4828   4.326417    35.7494       3838    15.9875  0.000e+00
     96.111    14.4826   4.326444    35.7498       3839    15.9917  0.000e+00
     96.111    14.4826   4.326424    35.7496       3840    15.9958  0.000e+00
     96.096    14.4828   4.326417    35.7494       3841    16.0000  0.000e+00
     96.065    14.4827   4.326458    35.7499       3842    16.0042  0.000e+00
     96.016    14.4826   4.326567    35.7510       3843    16.0083  0.000e+00
     95.943    14.4833   4.326770    35.7523       3844    16.0125  0.000e+00
     95.849    14.4842   4.326777    35.7516       3845    16.0167  0.000e+00
     95.733    14.4852   4.326770    35.7506       3846    16.0208  0.000e+00
     95.593    14.4858   4.326777    35.7502       3847    16.0250  0.000e+00
     95.455    14.4859   4.326926    35.7515       3848    16.0292  0.000e+00
     95.315    14.4866   4.327265    35.7540       3849    16.0333  0.000e+00
     95.166    14.4882   4.327564    35.7554       3850    16.0375  0.000e+00
     95.014    14.4907   4.328073    35.7578       3851    16.0417  0.000e+00
     94.882    14.4943   4.328283    35.7565       3852    16.0458  0.000e+00
     94.745    14.4974   4.328277    35.7537       3853    16.0500  0.000e+00
     94.636    14.4992   4.328134    35.7507       3854    16.0542  0.000e+00
     94.529    14.4997   4.328127    35.7503       3855    16.0583  0.000e+00
     94.450    14.4999   4.328107    35.7500       3856    16.0625  0.000e+00
     94.376    14.4999   4.328100    35.7499       3857    16.0667  0.000e+00
     94.334    14.5002   4.327984    35.7486       3858    16.0708  0.000e+00
     94.288    14.4999   4.327984    35.7489       3859    16.0750  0.000e+00
     94.273    14.4997   4.328100    35.7502       3860    16.0792  0.000e+00
     94.276    14.4999   4.328134    35.7503       3861    16.0833  0.000e+00
     94.279    14.5002   4.328161    35.7502       3862    16.0875  0.000e+00
     94.288    14.5006   4.328073    35.7490       3863    16.0917  0.000e+00
     94.297    14.5004   4.328045    35.7489       3864    16.0958  0.000e+00
     94.300    14.5002   4.328073    35.7494       3865    16.1000  0.000e+00
     94.303    14.5000   4.328012    35.7490       3866    16.1042  0.000e+00
     94.300    14.4997   4.327950    35.7487       3867    16.1083  0.000e+00
     94.285    14.4997   4.327923    35.7485       3868    16.1125  0.000e+00
     94.258    14.4992   4.327930    35.7490       3869    16.1167  0.000e+00
     94.218    14.4989   4.327950    35.7495       3870    16.1208  0.000e+00
     94.160    14.4990   4.328012    35.7499       3871    16.1250  0.000e+00
     94.102    14.4991   4.328161    35.7513       3872    16.1292  0.000e+00
     94.029    14.5001   4.328419    35.7528       3873    16.1333  0.000e+00
     93.944    14.5015   4.328948    35.7564       3874    16.1375  0.000e+00
     93.840    14.5043   4.329111    35.7554       3875    16.1417  0.000e+00
     93.736    14.5073   4.329369    35.7551       3876    16.1458  0.000e+00
     93.627    14.5098   4.329607    35.7550       3877    16.1500  0.000e+00
     93.505    14.5122   4.329457    35.7515       3878    16.1542  0.000e+00
     93.380    14.5139   4.329247    35.7480       3879    16.1583  0.000e+00
     93.246    14.5135   4.328968    35.7458       3880    16.1625  0.000e+00
     93.151    14.5126   4.328860    35.7457       3881    16.1667  0.000e+00
     93.066    14.5117   4.328792    35.7459       3882    16.1708  0.000e+00
     92.989    14.5109   4.329158    35.7501       3883    16.1750  0.000e+00
     92.929    14.5122   4.329776    35.7547       3884    16.1792  0.000e+00
     92.852    14.5154   4.330815    35.7613       3885    16.1833  0.000e+00
     92.791    14.5213   4.331915    35.7661       3886    16.1875  0.000e+00
     92.736    14.5294   4.332873    35.7674       3887    16.1917  0.000e+00
     92.703    14.5380   4.333396    35.7644       3888    16.1958  0.000e+00
     92.676    14.5452   4.333592    35.7596       3889    16.2000  0.000e+00
     92.679    14.5500   4.333592    35.7551       3890    16.2042  0.000e+00
     92.682    14.5522   4.333565    35.7528       3891    16.2083  0.000e+00
     92.682    14.5531   4.333477    35.7512       3892    16.2125  0.000e+00
     92.694    14.5531   4.333293    35.7495       3893    16.2167  0.000e+00
     92.682    14.5521   4.333280    35.7503       3894    16.2208  0.000e+00
     92.651    14.5515   4.333443    35.7524       3895    16.2250  0.000e+00
     92.618    14.5518   4.333769    35.7551       3896    16.2292  0.000e+00
     92.584    14.5533   4.334292    35.7586       3897    16.2333  0.000e+00
     92.538    14.5560   4.334435    35.7574       3898    16.2375  0.000e+00
     92.468    14.5588   4.334652    35.7569       3899    16.2417  0.000e+00
     92.395    14.5607   4.334924    35.7576       3900    16.2458  0.000e+00
     92.297    14.5627   4.335134    35.7579       3901    16.2500  0.000e+00
     92.197    14.5649   4.335467    35.7589       3902    16.2542  0.000e+00
     92.072    14.5671   4.335881    35.7607       3903    16.2583  0.000e+00
     91.938    14.5702   4.336649    35.7650       3904    16.2625  0.000e+00
     91.791    14.5748   4.337274    35.7667       3905    16.2667  0.000e+00
     91.660    14.5802   4.337559    35.7643       3906    16.2708  0.000e+00
     91.523    14.5844   4.337824    35.7630       3907    16.2750  0.000e+00
