PC2501/sbe026.cnv
* Sea-Bird SBE 19plus Data File:
* FileName = C:\cruise\data\sbe026.hex
* Software Version Seasave V 7.26.7.121
* Temperature SN = 4684
* Conductivity SN = 4684
* System UpLoad Time = Jan 15 2025 03:03:38
* NMEA Latitude = 39 13.18 N
* NMEA Longitude = 074 09.88 W
* NMEA UTC (Time) = Jan 15 2025  03:03:01
** Ship: Pisces
** Cruise:  PC2501
** Program:  AMAPPS
# nquan = 7
# nvalues = 1504                                  
# units = specified
# name 0 = depSM: Depth [salt water, m]
# name 1 = tv290C: Temperature [ITS-90, deg C]
# name 2 = c0S/m: Conductivity [S/m]
# name 3 = sal00: Salinity, Practical [PSU]
# name 4 = scan: Scan Count
# name 5 = timeM: Time, Elapsed [minutes]
# name 6 = flag:  0.000e+00
# span 0 =     -0.086,     24.335                 
# span 1 =    -1.1055,     5.5796                 
# span 2 =  -0.000531,   3.204681                 
# span 3 =    -0.0028,    34.4459                 
# span 4 =         11,       1514                 
# span 5 =     0.0417,     6.3042                 
# span 6 = 0.0000e+00, 0.0000e+00                 
# interval = seconds: 0.25
# start_time = Jan 15 2025 03:03:01 [NMEA time, header]
# bad_flag = -9.990e-29
*END*
[from data line 616]
     14.807     5.5743   3.204126    32.7876        627     2.6083  0.000e+00
     14.767     5.5741   3.204102    32.7876        628     2.6125  0.000e+00
     14.727     5.5737   3.204174    32.7888        629     2.6167  0.000e+00
     14.688     5.5737   3.204216    32.7893        630     2.6208  0.000e+00
     14.651     5.5741   3.204216    32.7889        631     2.6250  0.000e+00
     14.606     5.5741   3.204174    32.7884        632     2.6292  0.000e+00
     14.569     5.5742   3.204216    32.7889        633     2.6333  0.000e+00
     14.520     5.5741   3.204240    32.7892        634     2.6375  0.000e+00
     14.484     5.5744   3.204150    32.7880        635     2.6417  0.000e+00
     14.456     5.5742   3.204174    32.7885        636     2.6458  0.000e+00
     14.423     5.5741   3.204264    32.7896        637     2.6500  0.000e+00
     14.398     5.5743   3.204264    32.7894        638     2.6542  0.000e+00
     14.371     5.5747   3.204312    32.7896        639     2.6583  0.000e+00
     14.349     5.5751   3.204312    32.7892        640     2.6625  0.000e+00
     14.328     5.5754   3.204312    32.7889        641     2.6667  0.000e+00
     14.313     5.5755   3.204288    32.7885        642     2.6708  0.000e+00
     14.307     5.5755   3.204355    32.7893        643     2.6750  0.000e+00
     14.301     5.5757   3.204174    32.7870        644     2.6792  0.000e+00
     14.291     5.5749   3.204216    32.7883        645     2.6833  0.000e+00
     14.288     5.5743   3.204240    32.7892        646     2.6875  0.000e+00
     14.285     5.5745   3.204355    32.7903        647     2.6917  0.000e+00
     14.285     5.5751   3.204264    32.7886        648     2.6958  0.000e+00
     14.264     5.5753   3.204312    32.7890        649     2.7000  0.000e+00
     14.258     5.5753   3.204312    32.7890        650     2.7042  0.000e+00
     14.255     5.5755   3.204312    32.7889        651     2.7083  0.000e+00
     14.258     5.5755   3.204336    32.7891        652     2.7125  0.000e+00
     14.240     5.5756   3.204240    32.7880        653     2.7167  0.000e+00
     14.221     5.5754   3.204264    32.7884        654     2.7208  0.000e+00
     14.191     5.5753   3.204288    32.7888        655     2.7250  0.000e+00
     14.163     5.5752   3.204240    32.7884        656     2.7292  0.000e+00
     14.136     5.5749   3.204192    32.7881        657     2.7333  0.000e+00
     14.111     5.5748   3.204192    32.7883        658     2.7375  0.000e+00
     14.069     5.5745   3.204192    32.7886        659     2.7417  0.000e+00
     14.014     5.5742   3.204150    32.7884        660     2.7458  0.000e+00
     13.965     5.5739   3.204174    32.7890        661     2.7500  0.000e+00
     13.907     5.5739   3.204240    32.7898        662     2.7542  0.000e+00
     13.846     5.5742   3.204216    32.7892        663     2.7583  0.000e+00
     13.776     5.5746   3.204174    32.7884        664     2.7625  0.000e+00
     13.715     5.5743   3.204216    32.7892        665     2.7667  0.000e+00
     13.648     5.5745   3.204240    32.7893        666     2.7708  0.000e+00
     13.587     5.5747   3.204192    32.7886        667     2.7750  0.000e+00
     13.520     5.5749   3.204216    32.7887        668     2.7792  0.000e+00
     13.465     5.5748   3.204216    32.7888        669     2.7833  0.000e+00
     13.398     5.5749   3.204216    32.7888        670     2.7875  0.000e+00
     13.352     5.5751   3.204264    32.7891        671     2.7917  0.000e+00
     13.298     5.5755   3.204288    32.7890        672     2.7958  0.000e+00
     13.240     5.5758   3.204264    32.7885        673     2.8000  0.000e+00
     13.176     5.5760   3.204288    32.7886        674     2.8042  0.000e+00
     13.121     5.5759   3.204288    32.7887        675     2.8083  0.000e+00
     13.054     5.5759   3.204173    32.7875        676     2.8125  0.000e+00
     12.993     5.5756   3.204029    32.7862        677     2.8167  0.000e+00
     12.932     5.5749   3.204125    32.7880        678     2.8208  0.000e+00
     12.874     5.5745   3.204029    32.7874        679     2.8250  0.000e+00
     12.813     5.5740   3.204053    32.7881        680     2.8292  0.000e+00
     12.764     5.5739   3.204149    32.7893        681     2.8333  0.000e+00
     12.715     5.5743   3.203872    32.7858        682     2.8375  0.000e+00
     12.673     5.5734   3.203800    32.7859        683     2.8417  0.000e+00
     12.636     5.5721   3.203890    32.7882        684     2.8458  0.000e+00
     12.606     5.5719   3.203848    32.7879        685     2.8500  0.000e+00
     12.587     5.5718   3.203848    32.7880        686     2.8542  0.000e+00
     12.569     5.5716   3.204011    32.7901        687     2.8583  0.000e+00
     12.557     5.5720   3.204029    32.7899        688     2.8625  0.000e+00
     12.545     5.5726   3.204011    32.7891        689     2.8667  0.000e+00
     12.542     5.5730   3.204029    32.7890        690     2.8708  0.000e+00
     12.533     5.5732   3.204011    32.7885        691     2.8750  0.000e+00
     12.523     5.5730   3.204077    32.7895        692     2.8792  0.000e+00
     12.514     5.5733   3.204029    32.7887        693     2.8833  0.000e+00
     12.505     5.5737   3.204011    32.7881        694     2.8875  0.000e+00
     12.490     5.5736   3.203914    32.7871        695     2.8917  0.000e+00
     12.481     5.5734   3.203938    32.7876        696     2.8958  0.000e+00
     12.468     5.5732   3.203987    32.7883        697     2.9000  0.000e+00
     12.465     5.5732   3.204101    32.7896        698     2.9042  0.000e+00
     12.450     5.5738   3.204053    32.7885        699     2.9083  0.000e+00
     12.438     5.5741   3.203962    32.7872        700     2.9125  0.000e+00
     12.444     5.5738   3.204029    32.7882        701     2.9167  0.000e+00
     12.432     5.5736   3.203938    32.7874        702     2.9208  0.000e+00
     12.417     5.5733   3.203685    32.7848        703     2.9250  0.000e+00
     12.389     5.5720   3.203938    32.7890        704     2.9292  0.000e+00
     12.353     5.5719   3.203890    32.7885        705     2.9333  0.000e+00
     12.325     5.5723   3.204011    32.7895        706     2.9375  0.000e+00
     12.285     5.5728   3.204125    32.7904        707     2.9417  0.000e+00
     12.246     5.5737   3.204125    32.7895        708     2.9458  0.000e+00
     12.209     5.5744   3.204173    32.7894        709     2.9500  0.000e+00
     12.173     5.5750   3.204215    32.7893        710     2.9542  0.000e+00
     12.145     5.5753   3.204288    32.7898        711     2.9583  0.000e+00
     12.115     5.5758   3.204173    32.7880        712     2.9625  0.000e+00
     12.081     5.5758   3.204149    32.7878        713     2.9667  0.000e+00
     12.057     5.5757   3.204077    32.7871        714     2.9708  0.000e+00
     12.026     5.5751   3.204053    32.7874        715     2.9750  0.000e+00
     11.981     5.5747   3.204011    32.7874        716     2.9792  0.000e+00
     11.941     5.5741   3.204011    32.7880        717     2.9833  0.000e+00
     11.880     5.5737   3.204011    32.7884        718     2.9875  0.000e+00
     11.825     5.5735   3.204077    32.7894        719     2.9917  0.000e+00
     11.767     5.5738   3.204191    32.7904        720     2.9958  0.000e+00
     11.700     5.5747   3.204149    32.7891        721     3.0000  0.000e+00
     11.633     5.5753   3.204173    32.7888        722     3.0042  0.000e+00
     11.584     5.5754   3.204125    32.7882        723     3.0083  0.000e+00
     11.520     5.5754   3.204173    32.7888        724     3.0125  0.000e+00
     11.459     5.5756   3.204191    32.7888        725     3.0167  0.000e+00
     11.404     5.5758   3.204173    32.7884        726     3.0208  0.000e+00
     11.356     5.5758   3.204149    32.7882        727     3.0250  0.000e+00
     11.322     5.5758   3.204077    32.7874        728     3.0292  0.000e+00
     11.282     5.5754   3.203914    32.7859        729     3.0333  0.000e+00
     11.252     5.5744   3.203938    32.7872        730     3.0375  0.000e+00
     11.218     5.5736   3.204077    32.7896        731     3.0417  0.000e+00
     11.197     5.5738   3.203848    32.7868        732     3.0458  0.000e+00
     11.185     5.5731   3.203733    32.7861        733     3.0500  0.000e+00
     11.151     5.5720   3.203775    32.7877        734     3.0542  0.000e+00
     11.133     5.5714   3.203800    32.7886        735     3.0583  0.000e+00
     11.124     5.5712   3.203751    32.7882        736     3.0625  0.000e+00
     11.102     5.5713   3.203848    32.7893        737     3.0667  0.000e+00
     11.084     5.5717   3.203799    32.7884        738     3.0708  0.000e+00
     11.072     5.5718   3.203962    32.7901        739     3.0750  0.000e+00
     11.044     5.5725   3.203938    32.7892        740     3.0792  0.000e+00
     11.023     5.5731   3.204077    32.7902        741     3.0833  0.000e+00
     11.005     5.5740   3.204125    32.7898        742     3.0875  0.000e+00
     10.993     5.5749   3.203986    32.7874        743     3.0917  0.000e+00
     10.987     5.5747   3.203733    32.7847        744     3.0958  0.000e+00
     10.986     5.5733   3.203986    32.7890        745     3.1000  0.000e+00
     10.980     5.5731   3.204125    32.7907        746     3.1042  0.000e+00
     10.986     5.5742   3.204101    32.7893        747     3.1083  0.000e+00
     10.971     5.5749   3.204101    32.7887        748     3.1125  0.000e+00
     10.977     5.5752   3.204052    32.7878        749     3.1167  0.000e+00
     10.962     5.5752   3.203986    32.7871        750     3.1208  0.000e+00
     10.947     5.5747   3.203661    32.7839        751     3.1250  0.000e+00
     10.922     5.5727   3.203426    32.7833        752     3.1292  0.000e+00
     10.898     5.5700   3.203312    32.7846        753     3.1333  0.000e+00
     10.877     5.5678   3.203336    32.7870        754     3.1375  0.000e+00
     10.852     5.5667   3.203384    32.7887        755     3.1417  0.000e+00
     10.834     5.5664   3.203498    32.7902        756     3.1458  0.000e+00
     10.822     5.5670   3.203474    32.7893        757     3.1500  0.000e+00
     10.807     5.5676   3.203498    32.7891        758     3.1542  0.000e+00
     10.800     5.5678   3.203547    32.7894        759     3.1583  0.000e+00
     10.785     5.5682   3.203613    32.7898        760     3.1625  0.000e+00
     10.779     5.5687   3.203589    32.7890        761     3.1667  0.000e+00
     10.755     5.5692   3.203613    32.7888        762     3.1708  0.000e+00
     10.727     5.5693   3.203474    32.7872        763     3.1750  0.000e+00
     10.688     5.5685   3.203384    32.7869        764     3.1792  0.000e+00
     10.642     5.5678   3.203408    32.7879        765     3.1833  0.000e+00
     10.590     5.5673   3.203426    32.7887        766     3.1875  0.000e+00
     10.547     5.5672   3.203474    32.7894        767     3.1917  0.000e+00
     10.486     5.5674   3.203474    32.7892        768     3.1958  0.000e+00
     10.435     5.5679   3.203474    32.7886        769     3.2000  0.000e+00
     10.386     5.5681   3.203546    32.7893        770     3.2042  0.000e+00
     10.349     5.5685   3.203474    32.7881        771     3.2083  0.000e+00
     10.319     5.5685   3.203408    32.7874        772     3.2125  0.000e+00
     10.294     5.5677   3.203083    32.7845        773     3.2167  0.000e+00
     10.273     5.5659   3.202920    32.7844        774     3.2208  0.000e+00
     10.258     5.5637   3.202896    32.7863        775     3.2250  0.000e+00
     10.249     5.5622   3.202920    32.7881        776     3.2292  0.000e+00
     10.230     5.5616   3.202968    32.7892        777     3.2333  0.000e+00
     10.221     5.5616   3.203131    32.7910        778     3.2375  0.000e+00
     10.200     5.5625   3.203245    32.7915        779     3.2417  0.000e+00
     10.185     5.5638   3.203221    32.7899        780     3.2458  0.000e+00
     10.160     5.5646   3.203245    32.7894        781     3.2500  0.000e+00
     10.148     5.5651   3.203311    32.7897        782     3.2542  0.000e+00
     10.139     5.5655   3.203384    32.7901        783     3.2583  0.000e+00
     10.148     5.5662   3.203408    32.7897        784     3.2625  0.000e+00
     10.148     5.5668   3.203474    32.7899        785     3.2667  0.000e+00
     10.148     5.5673   3.203546    32.7902        786     3.2708  0.000e+00
     10.166     5.5681   3.203751    32.7918        787     3.2750  0.000e+00
     10.187     5.5695   3.203733    32.7902        788     3.2792  0.000e+00
     10.197     5.5704   3.203613    32.7880        789     3.2833  0.000e+00
     10.221     5.5701   3.203588    32.7880        790     3.2875  0.000e+00
     10.221     5.5693   3.203661    32.7895        791     3.2917  0.000e+00
     10.236     5.5693   3.203661    32.7895        792     3.2958  0.000e+00
     10.233     5.5693   3.203637    32.7892        793     3.3000  0.000e+00
     10.233     5.5693   3.203588    32.7887        794     3.3042  0.000e+00
     10.230     5.5689   3.203588    32.7891        795     3.3083  0.000e+00
     10.230     5.5688   3.203613    32.7894        796     3.3125  0.000e+00
     10.224     5.5689   3.203588    32.7891        797     3.3167  0.000e+00
     10.215     5.5688   3.203498    32.7882        798     3.3208  0.000e+00
     10.218     5.5684   3.203570    32.7894        799     3.3250  0.000e+00
     10.218     5.5683   3.203546    32.7893        800     3.3292  0.000e+00
     10.215     5.5682   3.203522    32.7891        801     3.3333  0.000e+00
     10.212     5.5680   3.203570    32.7898        802     3.3375  0.000e+00
     10.212     5.5680   3.203637    32.7905        803     3.3417  0.000e+00
     10.199     5.5684   3.203661    32.7904        804     3.3458  0.000e+00
     10.181     5.5690   3.203613    32.7893        805     3.3500  0.000e+00
     10.157     5.5691   3.203637    32.7895        806     3.3542  0.000e+00
     10.111     5.5692   3.203637    32.7895        807     3.3583  0.000e+00
     10.080     5.5693   3.203613    32.7891        808     3.3625  0.000e+00
     10.035     5.5692   3.203522    32.7881        809     3.3667  0.000e+00
      9.980     5.5688   3.203588    32.7893        810     3.3708  0.000e+00
      9.919     5.5691   3.203661    32.7899        811     3.3750  0.000e+00
      9.864     5.5699   3.203751    32.7902        812     3.3792  0.000e+00
      9.818     5.5706   3.203637    32.7882        813     3.3833  0.000e+00
      9.776     5.5706   3.203408    32.7856        814     3.3875  0.000e+00
      9.736     5.5693   3.203408    32.7869        815     3.3917  0.000e+00
      9.709     5.5683   3.203474    32.7887        816     3.3958  0.000e+00
      9.687     5.5682   3.203498    32.7891        817     3.4000  0.000e+00
      9.651     5.5683   3.203173    32.7853        818     3.4042  0.000e+00
      9.626     5.5668   3.203131    32.7862        819     3.4083  0.000e+00
      9.602     5.5652   3.203082    32.7873        820     3.4125  0.000e+00
      9.574     5.5639   3.203131    32.7891        821     3.4167  0.000e+00
      9.547     5.5637   3.203173    32.7899        822     3.4208  0.000e+00
      9.523     5.5639   3.203269    32.7907        823     3.4250  0.000e+00
      9.486     5.5646   3.203287    32.7903        824     3.4292  0.000e+00
      9.462     5.5651   3.203269    32.7895        825     3.4333  0.000e+00
      9.440     5.5656   3.203269    32.7891        826     3.4375  0.000e+00
      9.407     5.5656   3.203269    32.7891        827     3.4417  0.000e+00
      9.394     5.5656   3.203384    32.7905        828     3.4458  0.000e+00
      9.397     5.5661   3.203426    32.7904        829     3.4500  0.000e+00
      9.407     5.5668   3.203335    32.7887        830     3.4542  0.000e+00
