PC2501/sbe023.cnv
* Sea-Bird SBE 19plus Data File:
* FileName = C:\cruise\data\sbe023.hex
* Software Version Seasave V 7.26.7.121
* Temperature SN = 4684
* Conductivity SN = 4684
* System UpLoad Time = Jan 15 2025 00:41:13
* NMEA Latitude = 39 08.52 N
* NMEA Longitude = 074 08.43 W
* NMEA UTC (Time) = Jan 15 2025  00:40:35
** Ship: Pisces
** Cruise:  PC2501
** Program:  AMAPPS
# nquan = 7
# nvalues = 1726                                  
# units = specified
# name 0 = depSM: Depth [salt water, m]
# name 1 = tv290C: Temperature [ITS-90, deg C]
# name 2 = c0S/m: Conductivity [S/m]
# name 3 = sal00: Salinity, Practical [PSU]
# name 4 = scan: Scan Count
# name 5 = timeM: Time, Elapsed [minutes]
# name 6 = flag:  0.000e+00
# span 0 =     -0.004,     32.821                 
# span 1 =     4.4523,     6.0845                 
# span 2 =   0.133347,   3.254500                 
# span 3 =     1.0752,    33.1050                 
# span 4 =         11,       1736                 
# span 5 =     0.0417,     7.2292                 
# span 6 = 0.0000e+00, 0.0000e+00                 
# interval = seconds: 0.25
# start_time = Jan 15 2025 00:40:35 [NMEA time, header]
# bad_flag = -9.990e-29
*END*
[from data line 821]
      9.750     6.0612   3.251028    32.8450        832     3.4625  0.000e+00
      9.732     6.0603   3.251501    32.8513        833     3.4667  0.000e+00
      9.698     6.0616   3.250302    32.8366        834     3.4708  0.000e+00
      9.683     6.0593   3.250277    32.8385        835     3.4750  0.000e+00
      9.671     6.0555   3.250302    32.8424        836     3.4792  0.000e+00
      9.686     6.0538   3.250156    32.8425        837     3.4833  0.000e+00
      9.683     6.0524   3.250181    32.8441        838     3.4875  0.000e+00
      9.689     6.0518   3.250181    32.8447        839     3.4917  0.000e+00
      9.701     6.0515   3.250017    32.8431        840     3.4958  0.000e+00
      9.695     6.0508   3.249854    32.8420        841     3.5000  0.000e+00
      9.677     6.0494   3.249642    32.8410        842     3.5042  0.000e+00
      9.659     6.0477   3.249829    32.8448        843     3.5083  0.000e+00
      9.628     6.0471   3.249829    32.8453        844     3.5125  0.000e+00
      9.595     6.0477   3.249521    32.8413        845     3.5167  0.000e+00
      9.567     6.0462   3.249496    32.8426        846     3.5208  0.000e+00
      9.540     6.0452   3.249521    32.8438        847     3.5250  0.000e+00
      9.512     6.0448   3.249454    32.8434        848     3.5292  0.000e+00
      9.494     6.0444   3.249593    32.8454        849     3.5333  0.000e+00
      9.494     6.0447   3.249454    32.8435        850     3.5375  0.000e+00
      9.491     6.0446   3.249430    32.8434        851     3.5417  0.000e+00
      9.500     6.0443   3.249733    32.8471        852     3.5458  0.000e+00
      9.509     6.0450   3.249545    32.8443        853     3.5500  0.000e+00
      9.524     6.0457   3.249381    32.8418        854     3.5542  0.000e+00
      9.539     6.0449   3.249121    32.8396        855     3.5583  0.000e+00
      9.539     6.0428   3.249073    32.8411        856     3.5625  0.000e+00
      9.542     6.0414   3.249097    32.8427        857     3.5667  0.000e+00
      9.539     6.0408   3.249121    32.8436        858     3.5708  0.000e+00
      9.527     6.0405   3.249073    32.8434        859     3.5750  0.000e+00
      9.521     6.0405   3.249145    32.8441        860     3.5792  0.000e+00
      9.494     6.0406   3.249218    32.8448        861     3.5833  0.000e+00
      9.472     6.0409   3.249169    32.8440        862     3.5875  0.000e+00
      9.460     6.0410   3.249097    32.8431        863     3.5917  0.000e+00
      9.445     6.0408   3.248933    32.8415        864     3.5958  0.000e+00
      9.430     6.0399   3.248958    32.8426        865     3.6000  0.000e+00
      9.402     6.0392   3.248982    32.8436        866     3.6042  0.000e+00
      9.384     6.0390   3.249618    32.8509        867     3.6083  0.000e+00
      9.360     6.0414   3.249993    32.8528        868     3.6125  0.000e+00
      9.347     6.0458   3.249521    32.8433        869     3.6167  0.000e+00
      9.335     6.0464   3.248957    32.8364        870     3.6208  0.000e+00
      9.329     6.0432   3.248842    32.8383        871     3.6250  0.000e+00
      9.326     6.0399   3.248770    32.8406        872     3.6292  0.000e+00
      9.332     6.0382   3.248794    32.8426        873     3.6333  0.000e+00
      9.338     6.0373   3.248721    32.8426        874     3.6375  0.000e+00
      9.338     6.0366   3.248697    32.8430        875     3.6417  0.000e+00
      9.326     6.0361   3.248697    32.8435        876     3.6458  0.000e+00
      9.314     6.0359   3.248697    32.8437        877     3.6500  0.000e+00
      9.295     6.0358   3.249073    32.8480        878     3.6542  0.000e+00
      9.274     6.0373   3.248982    32.8456        879     3.6583  0.000e+00
      9.250     6.0382   3.248909    32.8439        880     3.6625  0.000e+00
      9.222     6.0382   3.248957    32.8444        881     3.6667  0.000e+00
      9.219     6.0382   3.248933    32.8441        882     3.6708  0.000e+00
      9.201     6.0384   3.248842    32.8429        883     3.6750  0.000e+00
      9.204     6.0382   3.248770    32.8424        884     3.6792  0.000e+00
      9.210     6.0375   3.248746    32.8428        885     3.6833  0.000e+00
      9.228     6.0369   3.248794    32.8439        886     3.6875  0.000e+00
      9.249     6.0367   3.248721    32.8432        887     3.6917  0.000e+00
      9.283     6.0364   3.248631    32.8425        888     3.6958  0.000e+00
      9.322     6.0357   3.248606    32.8429        889     3.7000  0.000e+00
      9.359     6.0351   3.248534    32.8426        890     3.7042  0.000e+00
      9.380     6.0346   3.248582    32.8436        891     3.7083  0.000e+00
      9.402     6.0344   3.248510    32.8430        892     3.7125  0.000e+00
      9.402     6.0342   3.248485    32.8429        893     3.7167  0.000e+00
      9.371     6.0337   3.248485    32.8435        894     3.7208  0.000e+00
      9.350     6.0335   3.248461    32.8433        895     3.7250  0.000e+00
      9.341     6.0332   3.248606    32.8452        896     3.7292  0.000e+00
      9.331     6.0338   3.248606    32.8447        897     3.7333  0.000e+00
      9.341     6.0344   3.248582    32.8439        898     3.7375  0.000e+00
      9.353     6.0344   3.248721    32.8454        899     3.7417  0.000e+00
      9.383     6.0351   3.248419    32.8413        900     3.7458  0.000e+00
      9.408     6.0344   3.248461    32.8425        901     3.7500  0.000e+00
      9.429     6.0333   3.248485    32.8438        902     3.7542  0.000e+00
      9.447     6.0330   3.248419    32.8433        903     3.7583  0.000e+00
      9.453     6.0328   3.248249    32.8416        904     3.7625  0.000e+00
      9.462     6.0319   3.247922    32.8388        905     3.7667  0.000e+00
      9.450     6.0298   3.248019    32.8419        906     3.7708  0.000e+00
      9.450     6.0283   3.248019    32.8434        907     3.7750  0.000e+00
      9.429     6.0279   3.247825    32.8416        908     3.7792  0.000e+00
      9.413     6.0271   3.247710    32.8411        909     3.7833  0.000e+00
      9.404     6.0258   3.247922    32.8448        910     3.7875  0.000e+00
      9.404     6.0259   3.247971    32.8452        911     3.7917  0.000e+00
      9.413     6.0265   3.247850    32.8433        912     3.7958  0.000e+00
      9.441     6.0266   3.248322    32.8484        913     3.8000  0.000e+00
      9.477     6.0283   3.248794    32.8521        914     3.8042  0.000e+00
      9.493     6.0325   3.248885    32.8490        915     3.8083  0.000e+00
      9.502     6.0354   3.248843    32.8457        916     3.8125  0.000e+00
      9.502     6.0367   3.248794    32.8439        917     3.8167  0.000e+00
      9.484     6.0370   3.248867    32.8444        918     3.8208  0.000e+00
      9.462     6.0371   3.248885    32.8446        919     3.8250  0.000e+00
      9.444     6.0376   3.249030    32.8457        920     3.8292  0.000e+00
      9.423     6.0384   3.249006    32.8447        921     3.8333  0.000e+00
      9.422     6.0388   3.249073    32.8451        922     3.8375  0.000e+00
      9.413     6.0392   3.249266    32.8468        923     3.8417  0.000e+00
      9.419     6.0405   3.249357    32.8466        924     3.8458  0.000e+00
      9.425     6.0418   3.249357    32.8453        925     3.8500  0.000e+00
      9.435     6.0427   3.249333    32.8441        926     3.8542  0.000e+00
      9.456     6.0430   3.249381    32.8444        927     3.8583  0.000e+00
      9.465     6.0433   3.249309    32.8433        928     3.8625  0.000e+00
      9.492     6.0428   3.249284    32.8435        929     3.8667  0.000e+00
      9.523     6.0427   3.249406    32.8450        930     3.8708  0.000e+00
      9.532     6.0428   3.249454    32.8453        931     3.8750  0.000e+00
      9.553     6.0432   3.249406    32.8444        932     3.8792  0.000e+00
      9.562     6.0433   3.249521    32.8456        933     3.8833  0.000e+00
      9.550     6.0439   3.249496    32.8448        934     3.8875  0.000e+00
      9.532     6.0442   3.249521    32.8447        935     3.8917  0.000e+00
      9.526     6.0443   3.249478    32.8442        936     3.8958  0.000e+00
      9.505     6.0444   3.249496    32.8443        937     3.9000  0.000e+00
      9.489     6.0443   3.249545    32.8449        938     3.9042  0.000e+00
      9.486     6.0447   3.249690    32.8462        939     3.9083  0.000e+00
      9.486     6.0455   3.250580    32.8554        940     3.9125  0.000e+00
      9.489     6.0496   3.251598    32.8628        941     3.9167  0.000e+00
      9.501     6.0573   3.251616    32.8556        942     3.9208  0.000e+00
      9.523     6.0624   3.251616    32.8506        943     3.9250  0.000e+00
      9.547     6.0646   3.251664    32.8490        944     3.9292  0.000e+00
      9.568     6.0659   3.251689    32.8479        945     3.9333  0.000e+00
      9.593     6.0664   3.251598    32.8464        946     3.9375  0.000e+00
      9.596     6.0666   3.251549    32.8457        947     3.9417  0.000e+00
      9.608     6.0661   3.251573    32.8465        948     3.9458  0.000e+00
      9.614     6.0657   3.251549    32.8466        949     3.9500  0.000e+00
      9.605     6.0655   3.251616    32.8476        950     3.9542  0.000e+00
      9.583     6.0656   3.251313    32.8440        951     3.9583  0.000e+00
      9.553     6.0646   3.251265    32.8445        952     3.9625  0.000e+00
      9.513     6.0634   3.251386    32.8471        953     3.9667  0.000e+00
      9.480     6.0633   3.251337    32.8466        954     3.9708  0.000e+00
      9.452     6.0635   3.251361    32.8467        955     3.9750  0.000e+00
      9.437     6.0633   3.251477    32.8482        956     3.9792  0.000e+00
      9.443     6.0639   3.251477    32.8476        957     3.9833  0.000e+00
      9.449     6.0643   3.251428    32.8466        958     3.9875  0.000e+00
      9.461     6.0643   3.251410    32.8465        959     3.9917  0.000e+00
      9.467     6.0641   3.251713    32.8501        960     3.9958  0.000e+00
      9.498     6.0654   3.251713    32.8488        961     4.0000  0.000e+00
      9.492     6.0664   3.251713    32.8478        962     4.0042  0.000e+00
      9.480     6.0669   3.251737    32.8476        963     4.0083  0.000e+00
      9.461     6.0671   3.251713    32.8471        964     4.0125  0.000e+00
      9.434     6.0671   3.251737    32.8474        965     4.0167  0.000e+00
      9.391     6.0672   3.251761    32.8476        966     4.0208  0.000e+00
      9.349     6.0674   3.251737    32.8472        967     4.0250  0.000e+00
      9.306     6.0673   3.251688    32.8467        968     4.0292  0.000e+00
      9.266     6.0672   3.251616    32.8460        969     4.0333  0.000e+00
      9.236     6.0668   3.251525    32.8454        970     4.0375  0.000e+00
      9.214     6.0662   3.251476    32.8455        971     4.0417  0.000e+00
      9.205     6.0655   3.251052    32.8414        972     4.0458  0.000e+00
      9.202     6.0634   3.251149    32.8445        973     4.0500  0.000e+00
      9.214     6.0618   3.251289    32.8477        974     4.0542  0.000e+00
      9.227     6.0619   3.251004    32.8443        975     4.0583  0.000e+00
      9.236     6.0612   3.251028    32.8453        976     4.0625  0.000e+00
      9.251     6.0606   3.251028    32.8459        977     4.0667  0.000e+00
      9.266     6.0602   3.251125    32.8473        978     4.0708  0.000e+00
      9.275     6.0607   3.251240    32.8482        979     4.0750  0.000e+00
      9.269     6.0617   3.251264    32.8475        980     4.0792  0.000e+00
      9.272     6.0620   3.251004    32.8442        981     4.0833  0.000e+00
      9.263     6.0610   3.250816    32.8431        982     4.0875  0.000e+00
      9.248     6.0597   3.251125    32.8479        983     4.0917  0.000e+00
      9.220     6.0599   3.251313    32.8498        984     4.0958  0.000e+00
      9.211     6.0608   3.250604    32.8410        985     4.1000  0.000e+00
      9.208     6.0594   3.250302    32.8390        986     4.1042  0.000e+00
      9.199     6.0558   3.249829    32.8372        987     4.1083  0.000e+00
      9.187     6.0517   3.249430    32.8367        988     4.1125  0.000e+00
      9.180     6.0475   3.249072    32.8367        989     4.1167  0.000e+00
      9.187     6.0433   3.249097    32.8410        990     4.1208  0.000e+00
      9.193     6.0414   3.248673    32.8382        991     4.1250  0.000e+00
      9.193     6.0389   3.248509    32.8387        992     4.1292  0.000e+00
      9.223     6.0362   3.248182    32.8377        993     4.1333  0.000e+00
      9.235     6.0335   3.247759    32.8356        994     4.1375  0.000e+00
      9.254     6.0295   3.247874    32.8407        995     4.1417  0.000e+00
      9.278     6.0276   3.247898    32.8428        996     4.1458  0.000e+00
      9.284     6.0270   3.248461    32.8497        997     4.1500  0.000e+00
      9.281     6.0289   3.247946    32.8421        998     4.1542  0.000e+00
      9.257     6.0290   3.247807    32.8404        999     4.1583  0.000e+00
      9.241     6.0275   3.247735    32.8411       1000     4.1625  0.000e+00
      9.217     6.0263   3.247759    32.8426       1001     4.1667  0.000e+00
      9.202     6.0256   3.247850    32.8442       1002     4.1708  0.000e+00
      9.208     6.0257   3.247807    32.8437       1003     4.1750  0.000e+00
      9.226     6.0258   3.247898    32.8445       1004     4.1792  0.000e+00
      9.247     6.0263   3.248019    32.8454       1005     4.1833  0.000e+00
      9.278     6.0273   3.247946    32.8436       1006     4.1875  0.000e+00
      9.308     6.0277   3.247922    32.8429       1007     4.1917  0.000e+00
      9.336     6.0274   3.247874    32.8427       1008     4.1958  0.000e+00
      9.360     6.0273   3.247874    32.8428       1009     4.2000  0.000e+00
      9.390     6.0270   3.247971    32.8441       1010     4.2042  0.000e+00
      9.421     6.0273   3.247922    32.8433       1011     4.2083  0.000e+00
      9.457     6.0276   3.247947    32.8432       1012     4.2125  0.000e+00
      9.479     6.0276   3.247947    32.8432       1013     4.2167  0.000e+00
      9.488     6.0276   3.247922    32.8430       1014     4.2208  0.000e+00
      9.494     6.0277   3.247947    32.8432       1015     4.2250  0.000e+00
      9.503     6.0276   3.247947    32.8432       1016     4.2292  0.000e+00
      9.500     6.0277   3.247947    32.8432       1017     4.2333  0.000e+00
      9.500     6.0278   3.248110    32.8449       1018     4.2375  0.000e+00
      9.494     6.0285   3.248134    32.8445       1019     4.2417  0.000e+00
      9.512     6.0295   3.247995    32.8419       1020     4.2458  0.000e+00
      9.537     6.0291   3.248037    32.8428       1021     4.2500  0.000e+00
      9.567     6.0290   3.248037    32.8429       1022     4.2542  0.000e+00
      9.613     6.0292   3.248158    32.8440       1023     4.2583  0.000e+00
      9.643     6.0299   3.248274    32.8446       1024     4.2625  0.000e+00
      9.677     6.0306   3.248582    32.8473       1025     4.2667  0.000e+00
      9.716     6.0323   3.248461    32.8444       1026     4.2708  0.000e+00
      9.744     6.0334   3.248346    32.8420       1027     4.2750  0.000e+00
      9.789     6.0329   3.248558    32.8448       1028     4.2792  0.000e+00
      9.820     6.0335   3.248794    32.8468       1029     4.2833  0.000e+00
      9.847     6.0351   3.248249    32.8392       1030     4.2875  0.000e+00
      9.881     6.0337   3.247995    32.8377       1031     4.2917  0.000e+00
      9.890     6.0312   3.247947    32.8395       1032     4.2958  0.000e+00
      9.884     6.0293   3.248086    32.8429       1033     4.3000  0.000e+00
      9.881     6.0291   3.248370    32.8463       1034     4.3042  0.000e+00
      9.878     6.0305   3.248086    32.8418       1035     4.3083  0.000e+00
