PC2501/sbe082.cnv
* Sea-Bird SBE 19plus Data File:
* FileName = C:\cruise\data\sbe082.hex
* Software Version Seasave V 7.26.7.121
* Temperature SN = 4684
* Conductivity SN = 4684
* System UpLoad Time = Feb 11 2025 07:27:12
* NMEA Latitude = 36 25.37 N
* NMEA Longitude = 072 15.63 W
* NMEA UTC (Time) = Feb 11 2025  07:26:51
** Ship: Pisces
** Cruise:  PC2501
** Program:  AMAPPS
# nquan = 7
# nvalues = 1357                                  
# units = specified
# name 0 = depSM: Depth [salt water, m]
# name 1 = tv290C: Temperature [ITS-90, deg C]
# name 2 = c0S/m: Conductivity [S/m]
# name 3 = sal00: Salinity, Practical [PSU]
# name 4 = scan: Scan Count
# name 5 = timeM: Time, Elapsed [minutes]
# name 6 = flag:  0.000e+00
# span 0 =      0.188,     53.276                 
# span 1 =     9.7407,    20.3210                 
# span 2 =   0.000030,   5.037352                 
# span 3 =     0.0050,    37.3564                 
# span 4 =         11,       1367                 
# span 5 =     0.0417,     5.6917                 
# span 6 = 0.0000e+00, 0.0000e+00                 
# interval = seconds: 0.25
# start_time = Feb 11 2025 07:26:51 [NMEA time, header]
# bad_flag = -9.990e-29
*END*
[from data line 206]
     20.735    20.0885   4.999499    36.6239        217     0.9000  0.000e+00
     20.845    20.1077   4.998208    36.5965        218     0.9042  0.000e+00
     20.964    20.1210   4.992808    36.5405        219     0.9083  0.000e+00
     21.083    20.1294   4.968890    36.3364        220     0.9125  0.000e+00
     21.208    20.1333   4.939819    36.0940        221     0.9167  0.000e+00
     21.358    20.1362   4.925321    35.9724        222     0.9208  0.000e+00
     21.492    20.0783   4.918817    35.9685        223     0.9250  0.000e+00
     21.651    19.9098   4.918591    36.1112        224     0.9292  0.000e+00
     21.815    19.7668   4.920828    36.2531        225     0.9333  0.000e+00
     21.983    19.6463   4.922040    36.3677        226     0.9375  0.000e+00
     22.151    19.5527   4.921232    36.4426        227     0.9417  0.000e+00
     22.316    19.5029   4.922666    36.4980        228     0.9458  0.000e+00
     22.489    19.4887   4.929496    36.5673        229     0.9500  0.000e+00
     22.648    19.4896   4.936566    36.6255        230     0.9542  0.000e+00
     22.801    19.4975   4.939966    36.6468        231     0.9583  0.000e+00
     22.947    19.5533   4.940683    36.6037        232     0.9625  0.000e+00
     23.093    19.6333   4.946854    36.5849        233     0.9667  0.000e+00
     23.231    19.7131   4.958682    36.6133        234     0.9708  0.000e+00
     23.368    19.7929   4.971033    36.6458        235     0.9750  0.000e+00
     23.505    19.8660   4.983822    36.6877        236     0.9792  0.000e+00
     23.637    19.9329   5.016107    36.8962        237     0.9833  0.000e+00
     23.774    20.0257   5.026936    36.9041        238     0.9875  0.000e+00
     23.908    20.1333   5.028271    36.8207        239     0.9917  0.000e+00
     24.042    20.1954   5.028603    36.7691        240     0.9958  0.000e+00
     24.167    20.2243   5.028704    36.7446        241     1.0000  0.000e+00
     24.292    20.2375   5.028971    36.7352        242     1.0042  0.000e+00
     24.414    20.2433   5.029137    36.7315        243     1.0083  0.000e+00
     24.521    20.2463   5.029275    36.7300        244     1.0125  0.000e+00
     24.631    20.2479   5.029173    36.7277        245     1.0167  0.000e+00
     24.738    20.2484   5.029007    36.7259        246     1.0208  0.000e+00
     24.838    20.2476   5.029108    36.7273        247     1.0250  0.000e+00
     24.936    20.2471   5.029108    36.7278        248     1.0292  0.000e+00
     25.027    20.2465   5.029109    36.7282        249     1.0333  0.000e+00
     25.137    20.2463   5.029203    36.7292        250     1.0375  0.000e+00
     25.244    20.2463   5.029470    36.7313        251     1.0417  0.000e+00
     25.366    20.2471   5.029405    36.7301        252     1.0458  0.000e+00
     25.491    20.2477   5.029644    36.7314        253     1.0500  0.000e+00
     25.634    20.2486   5.029940    36.7330        254     1.0542  0.000e+00
     25.772    20.2503   5.030143    36.7331        255     1.0583  0.000e+00
     25.924    20.2519   5.030172    36.7320        256     1.0625  0.000e+00
     26.083    20.2531   5.030107    36.7303        257     1.0667  0.000e+00
     26.245    20.2534   5.029940    36.7286        258     1.0708  0.000e+00
     26.425    20.2529   5.030078    36.7301        259     1.0750  0.000e+00
     26.608    20.2523   5.030078    36.7306        260     1.0792  0.000e+00
     26.800    20.2515   5.030172    36.7319        261     1.0833  0.000e+00
     26.989    20.2510   5.030375    36.7340        262     1.0875  0.000e+00
     27.187    20.2517   5.030440    36.7338        263     1.0917  0.000e+00
     27.385    20.2524   5.030411    36.7330        264     1.0958  0.000e+00
     27.572    20.2528   5.030606    36.7341        265     1.1000  0.000e+00
     27.751    20.2536   5.030606    36.7334        266     1.1042  0.000e+00
     27.938    20.2545   5.030107    36.7284        267     1.1083  0.000e+00
     28.099    20.2528   5.029775    36.7270        268     1.1125  0.000e+00
     28.255    20.2499   5.029544    36.7276        269     1.1167  0.000e+00
     28.392    20.2470   5.029645    36.7310        270     1.1208  0.000e+00
     28.502    20.2455   5.029407    36.7302        271     1.1250  0.000e+00
     28.593    20.2443   5.029305    36.7304        272     1.1292  0.000e+00
     28.682    20.2425   5.029277    36.7317        273     1.1333  0.000e+00
     28.752    20.2418   5.028872    36.7290        274     1.1375  0.000e+00
     28.828    20.2400   5.028510    36.7276        275     1.1417  0.000e+00
     28.874    20.2375   5.028272    36.7278        276     1.1458  0.000e+00
     28.911    20.2352   5.027903    36.7267        277     1.1500  0.000e+00
     28.950    20.2323   5.027672    36.7274        278     1.1542  0.000e+00
     28.996    20.2294   5.027571    36.7291        279     1.1583  0.000e+00
     29.057    20.2273   5.027376    36.7293        280     1.1625  0.000e+00
     29.145    20.2257   5.027239    36.7295        281     1.1667  0.000e+00
     29.252    20.2243   5.027506    36.7329        282     1.1708  0.000e+00
     29.386    20.2243   5.027470    36.7325        283     1.1750  0.000e+00
     29.560    20.2248   5.027174    36.7295        284     1.1792  0.000e+00
     29.755    20.2236   5.026538    36.7253        285     1.1833  0.000e+00
     29.966    20.2205   5.026307    36.7261        286     1.1875  0.000e+00
     30.201    20.2168   5.025938    36.7262        287     1.1917  0.000e+00
     30.466    20.2135   5.025808    36.7279        288     1.1958  0.000e+00
     30.732    20.2109   5.024840    36.7221        289     1.2000  0.000e+00
     30.982    20.2059   5.022701    36.7087        290     1.2042  0.000e+00
     31.195    20.1944   5.020708    36.7023        291     1.2083  0.000e+00
     31.369    20.1784   5.018006    36.6940        292     1.2125  0.000e+00
     31.503    20.1587   5.017942    36.7106        293     1.2167  0.000e+00
     31.619    20.1448   5.017473    36.7188        294     1.2208  0.000e+00
     31.674    20.1369   5.016411    36.7169        295     1.2250  0.000e+00
     31.668    20.1290   5.015675    36.7178        296     1.2292  0.000e+00
     31.680    20.1209   5.015646    36.7246        297     1.2333  0.000e+00
     31.711    20.1159   5.015747    36.7298        298     1.2375  0.000e+00
     31.708    20.1138   5.015545    36.7299        299     1.2417  0.000e+00
     31.640    20.1125   5.015480    36.7305        300     1.2458  0.000e+00
     31.604    20.1117   5.015444    36.7310        301     1.2500  0.000e+00
     31.628    20.1110   5.015408    36.7313        302     1.2542  0.000e+00
     31.692    20.1104   5.015242    36.7304        303     1.2583  0.000e+00
     31.793    20.1095   5.015177    36.7307        304     1.2625  0.000e+00
     31.942    20.1084   5.015213    36.7318        305     1.2667  0.000e+00
     32.138    20.1081   5.014982    36.7301        306     1.2708  0.000e+00
     32.354    20.1072   5.014715    36.7286        307     1.2750  0.000e+00
     32.620    20.1053   5.014383    36.7274        308     1.2792  0.000e+00
     32.949    20.1036   5.014679    36.7313        309     1.2833  0.000e+00
     33.285    20.1028   5.014643    36.7315        310     1.2875  0.000e+00
     33.629    20.1025   5.014514    36.7306        311     1.2917  0.000e+00
     33.867    20.1016   5.014478    36.7310        312     1.2958  0.000e+00
     34.096    20.1009   5.014449    36.7313        313     1.3000  0.000e+00
     34.337    20.1006   5.014579    36.7325        314     1.3042  0.000e+00
     34.566    20.1007   5.014016    36.7277        315     1.3083  0.000e+00
     34.767    20.0988   5.013482    36.7249        316     1.3125  0.000e+00
     34.910    20.0948   5.013085    36.7250        317     1.3167  0.000e+00
     34.980    20.0911   5.012652    36.7247        318     1.3208  0.000e+00
     35.029    20.0870   5.012385    36.7261        319     1.3250  0.000e+00
     35.011    20.0834   5.012154    36.7273        320     1.3292  0.000e+00
     34.959    20.0805   5.011887    36.7276        321     1.3333  0.000e+00
     34.935    20.0779   5.011887    36.7299        322     1.3375  0.000e+00
     34.990    20.0762   5.011988    36.7323        323     1.3417  0.000e+00
     35.069    20.0755   5.012053    36.7333        324     1.3458  0.000e+00
     35.099    20.0759   5.011952    36.7321        325     1.3500  0.000e+00
     35.133    20.0758   5.011822    36.7312        326     1.3542  0.000e+00
     35.212    20.0751   5.011591    36.7298        327     1.3583  0.000e+00
     35.325    20.0739   5.011591    36.7308        328     1.3625  0.000e+00
     35.465    20.0729   5.011656    36.7322        329     1.3667  0.000e+00
     35.600    20.0726   5.011324    36.7297        330     1.3708  0.000e+00
     35.743    20.0714   5.011122    36.7290        331     1.3750  0.000e+00
     35.889    20.0694   5.011223    36.7315        332     1.3792  0.000e+00
     36.042    20.0685   5.011223    36.7323        333     1.3833  0.000e+00
     36.197    20.0686   5.011288    36.7327        334     1.3875  0.000e+00
     36.350    20.0687   5.011288    36.7325        335     1.3917  0.000e+00
     36.505    20.0688   5.011057    36.7304        336     1.3958  0.000e+00
     36.655    20.0679   5.010495    36.7265        337     1.4000  0.000e+00
     36.813    20.0649   5.010163    36.7263        338     1.4042  0.000e+00
     36.981    20.0615   5.010163    36.7293        339     1.4083  0.000e+00
     37.173    20.0595   5.009896    36.7288        340     1.4125  0.000e+00
     37.378    20.0572   5.009997    36.7315        341     1.4167  0.000e+00
     37.591    20.0561   5.009925    36.7318        342     1.4208  0.000e+00
     37.829    20.0557   5.009362    36.7275        343     1.4250  0.000e+00
     38.070    20.0533   5.007435    36.7135        344     1.4292  0.000e+00
     38.296    20.0441   5.006808    36.7163        345     1.4333  0.000e+00
     38.506    20.0349   5.005877    36.7166        346     1.4375  0.000e+00
     38.708    20.0260   5.005315    36.7197        347     1.4417  0.000e+00
     38.863    20.0182   5.005178    36.7253        348     1.4458  0.000e+00
     39.010    20.0135   5.005416    36.7313        349     1.4500  0.000e+00
     39.119    20.0120   5.005113    36.7301        350     1.4542  0.000e+00
     39.177    20.0106   5.005243    36.7323        351     1.4583  0.000e+00
     39.226    20.0098   5.005214    36.7328        352     1.4625  0.000e+00
     39.287    20.0098   5.004984    36.7309        353     1.4667  0.000e+00
     39.348    20.0090   5.004818    36.7302        354     1.4708  0.000e+00
     39.391    20.0074   5.004616    36.7299        355     1.4750  0.000e+00
     39.418    20.0058   5.004681    36.7318        356     1.4792  0.000e+00
     39.455    20.0052   5.004717    36.7327        357     1.4833  0.000e+00
     39.507    20.0051   5.004782    36.7333        358     1.4875  0.000e+00
     39.568    20.0052   5.004847    36.7336        359     1.4917  0.000e+00
     39.650    20.0058   5.005049    36.7348        360     1.4958  0.000e+00
     39.745    20.0068   5.005013    36.7336        361     1.5000  0.000e+00
     39.876    20.0073   5.004486    36.7287        362     1.5042  0.000e+00
     40.034    20.0056   5.004349    36.7290        363     1.5083  0.000e+00
     40.202    20.0036   5.003058    36.7200        364     1.5125  0.000e+00
     40.397    19.9975   5.002229    36.7185        365     1.5167  0.000e+00
     40.611    19.9900   5.002128    36.7241        366     1.5208  0.000e+00
     40.843    19.9846   5.001529    36.7238        367     1.5250  0.000e+00
     41.102    19.9802   5.000967    36.7229        368     1.5292  0.000e+00
     41.349    19.9752   5.000369    36.7223        369     1.5333  0.000e+00
     41.575    19.9695   4.999640    36.7212        370     1.5375  0.000e+00
     41.782    19.9637   4.999944    36.7287        371     1.5417  0.000e+00
     41.962    19.9607   4.999713    36.7293        372     1.5458  0.000e+00
     42.130    19.9588   4.999244    36.7270        373     1.5500  0.000e+00
     42.273    19.9563   4.998812    36.7256        374     1.5542  0.000e+00
     42.398    19.9527   4.998451    36.7257        375     1.5583  0.000e+00
     42.505    19.9494   4.998185    36.7263        376     1.5625  0.000e+00
     42.560    19.9461   4.997918    36.7270        377     1.5667  0.000e+00
     42.602    19.9432   4.997853    36.7290        378     1.5708  0.000e+00
     42.663    19.9414   4.998055    36.7322        379     1.5750  0.000e+00
     42.743    19.9411   4.998156    36.7333        380     1.5792  0.000e+00
     42.837    19.9417   4.998055    36.7319        381     1.5833  0.000e+00
     42.898    19.9419   4.997990    36.7312        382     1.5875  0.000e+00
     42.987    19.9413   4.997918    36.7310        383     1.5917  0.000e+00
     43.105    19.9408   4.997889    36.7313        384     1.5958  0.000e+00
     43.249    19.9403   4.997587    36.7291        385     1.6000  0.000e+00
     43.417    19.9390   4.997327    36.7280        386     1.6042  0.000e+00
     43.600    19.9371   4.997255    36.7290        387     1.6083  0.000e+00
     43.792    19.9353   4.997191    36.7300        388     1.6125  0.000e+00
     43.999    19.9346   4.997227    36.7309        389     1.6167  0.000e+00
     44.216    19.9339   4.996960    36.7291        390     1.6208  0.000e+00
     44.432    19.9328   4.996463    36.7259        391     1.6250  0.000e+00
     44.649    19.9299   4.995800    36.7229        392     1.6292  0.000e+00
     44.841    19.9256   4.995569    36.7247        393     1.6333  0.000e+00
     45.003    19.9218   4.995108    36.7242        394     1.6375  0.000e+00
     45.137    19.9178   4.994906    36.7260        395     1.6417  0.000e+00
     45.274    19.9144   4.994647    36.7267        396     1.6458  0.000e+00
     45.362    19.9120   4.995339    36.7344        397     1.6500  0.000e+00
     45.451    19.9128   4.994712    36.7286        398     1.6542  0.000e+00
     45.536    19.9120   4.994114    36.7243        399     1.6583  0.000e+00
     45.637    19.9084   4.993652    36.7236        400     1.6625  0.000e+00
     45.744    19.9042   4.993256    36.7240        401     1.6667  0.000e+00
     45.850    19.9002   4.992953    36.7249        402     1.6708  0.000e+00
     45.972    19.8970   4.992528    36.7241        403     1.6750  0.000e+00
     46.106    19.8931   4.992428    36.7267        404     1.6792  0.000e+00
     46.253    19.8905   4.992493    36.7294        405     1.6833  0.000e+00
     46.399    19.8895   4.992226    36.7281        406     1.6875  0.000e+00
     46.564    19.8884   4.991866    36.7260        407     1.6917  0.000e+00
     46.744    19.8857   4.991635    36.7264        408     1.6958  0.000e+00
     46.912    19.8831   4.991498    36.7274        409     1.7000  0.000e+00
     47.085    19.8810   4.991405    36.7284        410     1.7042  0.000e+00
     47.265    19.8797   4.991203    36.7279        411     1.7083  0.000e+00
     47.436    19.8782   4.991102    36.7283        412     1.7125  0.000e+00
     47.607    19.8767   4.990346    36.7232        413     1.7167  0.000e+00
     47.772    19.8727   4.989813    36.7223        414     1.7208  0.000e+00
     47.924    19.8684   4.989748    36.7255        415     1.7250  0.000e+00
     48.080    19.8652   4.989583    36.7268        416     1.7292  0.000e+00
     48.223    19.8629   4.989158    36.7253        417     1.7333  0.000e+00
     48.366    19.8603   4.988790    36.7245        418     1.7375  0.000e+00
     48.513    19.8568   4.988625    36.7261        419     1.7417  0.000e+00
     48.638    19.8542   4.987933    36.7226        420     1.7458  0.000e+00
