PC2501/sbe011.cnv
* Sea-Bird SBE 19plus Data File:
* FileName = C:\cruise\data\sbe011.hex
* Software Version Seasave V 7.26.7.121
* Temperature SN = 4684
* Conductivity SN = 4684
* System UpLoad Time = Jan 11 2025 09:41:04
* NMEA Latitude = 37 34.43 N
* NMEA Longitude = 073 31.41 W
* NMEA UTC (Time) = Jan 11 2025  09:40:25
** Ship: Pisces
** Cruise:  PC2501
** Program:  AMAPPS
# nquan = 7
# nvalues = 1886                                  
# units = specified
# name 0 = depSM: Depth [salt water, m]
# name 1 = tv290C: Temperature [ITS-90, deg C]
# name 2 = c0S/m: Conductivity [S/m]
# name 3 = sal00: Salinity, Practical [PSU]
# name 4 = scan: Scan Count
# name 5 = timeM: Time, Elapsed [minutes]
# name 6 = flag:  0.000e+00
# span 0 =     -0.093,     50.886                 
# span 1 =    12.9271,    17.0507                 
# span 2 =   0.416962,   4.559602                 
# span 3 =     2.6764,    35.8059                 
# span 4 =         11,       1896                 
# span 5 =     0.0417,     7.8958                 
# span 6 = 0.0000e+00, 0.0000e+00                 
# interval = seconds: 0.25
# start_time = Jan 11 2025 09:40:25 [NMEA time, header]
# bad_flag = -9.990e-29
*END*
[from data line 411]
     38.714    13.5318   4.111208    34.6359        422     1.7542  0.000e+00
     38.900    13.5360   4.111434    34.6342        423     1.7583  0.000e+00
     39.074    13.5396   4.111687    34.6332        424     1.7625  0.000e+00
     39.211    13.5423   4.111660    34.6304        425     1.7667  0.000e+00
     39.339    13.5440   4.111601    34.6283        426     1.7708  0.000e+00
     39.446    13.5445   4.111800    34.6297        427     1.7750  0.000e+00
     39.555    13.5450   4.111973    34.6308        428     1.7792  0.000e+00
     39.662    13.5457   4.112059    34.6309        429     1.7833  0.000e+00
     39.769    13.5467   4.112086    34.6302        430     1.7875  0.000e+00
     39.875    13.5473   4.112026    34.6291        431     1.7917  0.000e+00
     39.988    13.5473   4.111774    34.6267        432     1.7958  0.000e+00
     40.095    13.5465   4.111687    34.6265        433     1.8000  0.000e+00
     40.214    13.5453   4.111721    34.6279        434     1.8042  0.000e+00
     40.351    13.5448   4.110724    34.6189        435     1.8083  0.000e+00
     40.497    13.5414   4.109873    34.6139        436     1.8125  0.000e+00
     40.650    13.5354   4.109647    34.6172        437     1.8167  0.000e+00
     40.817    13.5308   4.109793    34.6226        438     1.8208  0.000e+00
     40.985    13.5288   4.109395    34.6206        439     1.8250  0.000e+00
     41.174    13.5269   4.109195    34.6204        440     1.8292  0.000e+00
     41.357    13.5248   4.109195    34.6222        441     1.8333  0.000e+00
     41.525    13.5238   4.109455    34.6255        442     1.8375  0.000e+00
     41.689    13.5239   4.109847    34.6290        443     1.8417  0.000e+00
     41.814    13.5251   4.109933    34.6287        444     1.8458  0.000e+00
     41.930    13.5266   4.108744    34.6161        445     1.8500  0.000e+00
     42.031    13.5232   4.106564    34.5986        446     1.8542  0.000e+00
     42.131    13.5119   4.106053    34.6040        447     1.8583  0.000e+00
     42.223    13.5024   4.104385    34.5969        448     1.8625  0.000e+00
     42.299    13.4918   4.102831    34.5918        449     1.8667  0.000e+00
     42.342    13.4793   4.101815    34.5936        450     1.8708  0.000e+00
     42.384    13.4676   4.101364    34.5999        451     1.8750  0.000e+00
     42.439    13.4598   4.100627    34.6000        452     1.8792  0.000e+00
     42.500    13.4529   4.099923    34.5997        453     1.8833  0.000e+00
     42.595    13.4467   4.099750    34.6036        454     1.8875  0.000e+00
     42.717    13.4420   4.098369    34.5947        455     1.8917  0.000e+00
     42.872    13.4351   4.097241    34.5903        456     1.8958  0.000e+00
     43.037    13.4264   4.096843    34.5944        457     1.9000  0.000e+00
     43.220    13.4195   4.096312    34.5956        458     1.9042  0.000e+00
     43.421    13.4133   4.095974    34.5980        459     1.9083  0.000e+00
     43.637    13.4083   4.094646    34.5899        460     1.9125  0.000e+00
     43.857    13.4013   4.092782    34.5785        461     1.9167  0.000e+00
     44.079    13.3905   4.092338    34.5841        462     1.9208  0.000e+00
     44.296    13.3812   4.092139    34.5906        463     1.9250  0.000e+00
     44.485    13.3748   4.089545    34.5718        464     1.9292  0.000e+00
     44.649    13.3638   4.085831    34.5467        465     1.9333  0.000e+00
     44.793    13.3416   4.083246    34.5423        466     1.9375  0.000e+00
     44.930    13.3173   4.081503    34.5479        467     1.9417  0.000e+00
     45.009    13.2977   4.082007    34.5704        468     1.9458  0.000e+00
     45.085    13.2883   4.080774    34.5672        469     1.9500  0.000e+00
     45.168    13.2800   4.079621    34.5639        470     1.9542  0.000e+00
     45.250    13.2708   4.076958    34.5470        471     1.9583  0.000e+00
     45.335    13.2564   4.075024    34.5417        472     1.9625  0.000e+00
     45.427    13.2388   4.074236    34.5502        473     1.9667  0.000e+00
     45.533    13.2258   4.073368    34.5538        474     1.9708  0.000e+00
     45.655    13.2158   4.073031    34.5596        475     1.9750  0.000e+00
     45.802    13.2091   4.072442    34.5601        476     1.9792  0.000e+00
     45.951    13.2036   4.071799    34.5589        477     1.9833  0.000e+00
     46.112    13.1979   4.070515    34.5518        478     1.9875  0.000e+00
     46.286    13.1902   4.070257    34.5563        479     1.9917  0.000e+00
     46.454    13.1837   4.069953    34.5593        480     1.9958  0.000e+00
     46.628    13.1796   4.068662    34.5507        481     2.0000  0.000e+00
     46.817    13.1728   4.067689    34.5476        482     2.0042  0.000e+00
     46.984    13.1645   4.066511    34.5439        483     2.0083  0.000e+00
     47.155    13.1555   4.065168    34.5393        484     2.0125  0.000e+00
     47.304    13.1455   4.064222    34.5394        485     2.0167  0.000e+00
     47.454    13.1353   4.064077    34.5472        486     2.0208  0.000e+00
     47.591    13.1290   4.063494    34.5473        487     2.0250  0.000e+00
     47.716    13.1242   4.062767    34.5448        488     2.0292  0.000e+00
     47.829    13.1190   4.062542    34.5473        489     2.0333  0.000e+00
     47.929    13.1147   4.061874    34.5448        490     2.0375  0.000e+00
     48.042    13.1099   4.061398    34.5447        491     2.0417  0.000e+00
     48.155    13.1052   4.059698    34.5327        492     2.0458  0.000e+00
     48.274    13.0970   4.058885    34.5324        493     2.0500  0.000e+00
     48.390    13.0883   4.057880    34.5307        494     2.0542  0.000e+00
     48.515    13.0802   4.057047    34.5301        495     2.0583  0.000e+00
     48.652    13.0720   4.056882    34.5360        496     2.0625  0.000e+00
     48.783    13.0664   4.055903    34.5317        497     2.0667  0.000e+00
     48.917    13.0602   4.053339    34.5130        498     2.0708  0.000e+00
     49.057    13.0475   4.049414    34.4871        499     2.0750  0.000e+00
     49.207    13.0247   4.047716    34.4917        500     2.0792  0.000e+00
     49.359    13.0034   4.047353    34.5076        501     2.0833  0.000e+00
     49.514    12.9904   4.047215    34.5180        502     2.0875  0.000e+00
     49.673    12.9834   4.047023    34.5225        503     2.0917  0.000e+00
     49.832    12.9798   4.046244    34.5183        504     2.0958  0.000e+00
     49.996    12.9750   4.045993    34.5203        505     2.1000  0.000e+00
     50.158    12.9709   4.045855    34.5226        506     2.1042  0.000e+00
     50.295    12.9680   4.045828    34.5249        507     2.1083  0.000e+00
     50.435    12.9667   4.045690    34.5247        508     2.1125  0.000e+00
     50.560    12.9658   4.045439    34.5231        509     2.1167  0.000e+00
     50.694    12.9642   4.045413    34.5243        510     2.1208  0.000e+00
     50.780    12.9632   4.045413    34.5252        511     2.1250  0.000e+00
     50.844    12.9626   4.044435    34.5163        512     2.1292  0.000e+00
     50.865    12.9592   4.043768    34.5131        513     2.1333  0.000e+00
     50.822    12.9544   4.044356    34.5231        514     2.1375  0.000e+00
     50.761    12.9533   4.043802    34.5188        515     2.1417  0.000e+00
     50.728    12.9519   4.043689    34.5191        516     2.1458  0.000e+00
     50.694    12.9501   4.044409    34.5276        517     2.1500  0.000e+00
     50.679    12.9513   4.044158    34.5241        518     2.1542  0.000e+00
     50.658    12.9519   4.042190    34.5048        519     2.1583  0.000e+00
     50.658    12.9458   4.042191    34.5104        520     2.1625  0.000e+00
     50.664    12.9404   4.043353    34.5264        521     2.1667  0.000e+00
     50.685    12.9409   4.043386    34.5262        522     2.1708  0.000e+00
     50.703    12.9430   4.043491    34.5253        523     2.1750  0.000e+00
     50.718    12.9451   4.044079    34.5290        524     2.1792  0.000e+00
     50.746    12.9480   4.043135    34.5173        525     2.1833  0.000e+00
     50.776    12.9468   4.042607    34.5133        526     2.1875  0.000e+00
     50.810    12.9435   4.042857    34.5187        527     2.1917  0.000e+00
     50.849    12.9422   4.043630    34.5273        528     2.1958  0.000e+00
     50.874    12.9445   4.043049    34.5196        529     2.2000  0.000e+00
     50.886    12.9448   4.042329    34.5125        530     2.2042  0.000e+00
     50.886    12.9414   4.041465    34.5073        531     2.2083  0.000e+00
     50.871    12.9368   4.041161    34.5086        532     2.2125  0.000e+00
     50.831    12.9322   4.041326    34.5144        533     2.2167  0.000e+00
     50.791    12.9303   4.041465    34.5175        534     2.2208  0.000e+00
     50.727    12.9304   4.041161    34.5146        535     2.2250  0.000e+00
     50.660    12.9296   4.040996    34.5137        536     2.2292  0.000e+00
     50.572    12.9282   4.040692    34.5122        537     2.2333  0.000e+00
     50.468    12.9271   4.041498    34.5209        538     2.2375  0.000e+00
     50.355    12.9280   4.042857    34.5331        539     2.2417  0.000e+00
     50.243    12.9329   4.044019    34.5398        540     2.2458  0.000e+00
     50.124    12.9413   4.045855    34.5496        541     2.2500  0.000e+00
     50.008    12.9537   4.045855    34.5384        542     2.2542  0.000e+00
     49.883    12.9611   4.045525    34.5285        543     2.2583  0.000e+00
     49.752    12.9635   4.041827    34.4912        544     2.2625  0.000e+00
     49.636    12.9550   4.043326    34.5132        545     2.2667  0.000e+00
     49.523    12.9488   4.046522    34.5494        546     2.2708  0.000e+00
     49.429    12.9580   4.047024    34.5458        547     2.2750  0.000e+00
     49.334    12.9675   4.046469    34.5319        548     2.2792  0.000e+00
     49.267    12.9720   4.044270    34.5069        549     2.2833  0.000e+00
     49.212    12.9672   4.045524    34.5233        550     2.2875  0.000e+00
     49.169    12.9655   4.046581    34.5349        551     2.2917  0.000e+00
     49.130    12.9686   4.047076    34.5368        552     2.2958  0.000e+00
     49.084    12.9738   4.049355    34.5538        553     2.3000  0.000e+00
     49.038    12.9832   4.050168    34.5529        554     2.3042  0.000e+00
     48.986    12.9943   4.048972    34.5315        555     2.3083  0.000e+00
     48.935    12.9965   4.049831    34.5376        556     2.3125  0.000e+00
     48.871    12.9983   4.048912    34.5273        557     2.3167  0.000e+00
     48.813    12.9984   4.048384    34.5222        558     2.3208  0.000e+00
     48.736    12.9950   4.048443    34.5259        559     2.3250  0.000e+00
     48.654    12.9931   4.050947    34.5515        560     2.3292  0.000e+00
     48.584    12.9991   4.052374    34.5597        561     2.3333  0.000e+00
     48.502    13.0098   4.052976    34.5556        562     2.3375  0.000e+00
     48.416    13.0194   4.053253    34.5496        563     2.3417  0.000e+00
     48.340    13.0266   4.053200    34.5425        564     2.3458  0.000e+00
     48.270    13.0298   4.052473    34.5327        565     2.3500  0.000e+00
     48.200    13.0298   4.052196    34.5301        566     2.3542  0.000e+00
     48.142    13.0264   4.053200    34.5428        567     2.3583  0.000e+00
     48.093    13.0284   4.058945    34.5957        568     2.3625  0.000e+00
     48.044    13.0484   4.056988    34.5587        569     2.3667  0.000e+00
     48.002    13.0609   4.050444    34.4852        570     2.3708  0.000e+00
     47.953    13.0464   4.050332    34.4973        571     2.3750  0.000e+00
     47.904    13.0249   4.053616    34.5482        572     2.3792  0.000e+00
     47.852    13.0233   4.050662    34.5216        573     2.3833  0.000e+00
     47.806    13.0212   4.050662    34.5235        574     2.3875  0.000e+00
     47.745    13.0176   4.051112    34.5311        575     2.3917  0.000e+00
     47.681    13.0151   4.051977    34.5416        576     2.3958  0.000e+00
     47.611    13.0168   4.057715    34.5948        577     2.4000  0.000e+00
     47.532    13.0356   4.060089    34.6002        578     2.4042  0.000e+00
     47.447    13.0619   4.060532    34.5804        579     2.4083  0.000e+00
     47.367    13.0799   4.060730    34.5659        580     2.4125  0.000e+00
     47.270    13.0899   4.060869    34.5581        581     2.4167  0.000e+00
     47.190    13.0953   4.060981    34.5544        582     2.4208  0.000e+00
     47.105    13.0982   4.060782    34.5498        583     2.4250  0.000e+00
     47.029    13.0990   4.061563    34.5566        584     2.4292  0.000e+00
     46.962    13.1013   4.061093    34.5501        585     2.4333  0.000e+00
     46.895    13.1021   4.060809    34.5466        586     2.4375  0.000e+00
     46.849    13.1008   4.060557    34.5454        587     2.4417  0.000e+00
     46.794    13.0991   4.060339    34.5450        588     2.4458  0.000e+00
     46.754    13.0970   4.060703    34.5503        589     2.4500  0.000e+00
     46.706    13.0969   4.061034    34.5536        590     2.4542  0.000e+00
     46.669    13.0987   4.061788    34.5592        591     2.4583  0.000e+00
     46.632    13.1023   4.062237    34.5601        592     2.4625  0.000e+00
     46.590    13.1068   4.062601    34.5595        593     2.4667  0.000e+00
     46.547    13.1106   4.063071    34.5605        594     2.4708  0.000e+00
     46.492    13.1148   4.062965    34.5557        595     2.4750  0.000e+00
     46.440    13.1168   4.063494    34.5589        596     2.4792  0.000e+00
     46.367    13.1192   4.063746    34.5592        597     2.4833  0.000e+00
     46.300    13.1222   4.063884    34.5578        598     2.4875  0.000e+00
     46.236    13.1245   4.064473    34.5613        599     2.4917  0.000e+00
     46.172    13.1276   4.064943    34.5629        600     2.4958  0.000e+00
     46.099    13.1312   4.065168    34.5619        601     2.5000  0.000e+00
     46.035    13.1347   4.065757    34.5643        602     2.5042  0.000e+00
     45.983    13.1383   4.065922    34.5626        603     2.5083  0.000e+00
     45.928    13.1413   4.065757    34.5583        604     2.5125  0.000e+00
     45.888    13.1427   4.065922    34.5586        605     2.5167  0.000e+00
     45.852    13.1434   4.066233    34.5609        606     2.5208  0.000e+00
     45.797    13.1451   4.066120    34.5583        607     2.5250  0.000e+00
     45.742    13.1462   4.067854    34.5738        608     2.5292  0.000e+00
     45.678    13.1512   4.068357    34.5741        609     2.5333  0.000e+00
     45.599    13.1577   4.069224    34.5764        610     2.5375  0.000e+00
     45.507    13.1644   4.070820    34.5855        611     2.5417  0.000e+00
     45.404    13.1746   4.070846    34.5765        612     2.5458  0.000e+00
     45.288    13.1818   4.071349    34.5748        613     2.5500  0.000e+00
     45.160    13.1865   4.072303    34.5795        614     2.5542  0.000e+00
     45.038    13.1925   4.074488    34.5949        615     2.5583  0.000e+00
     44.916    13.2030   4.074660    34.5871        616     2.5625  0.000e+00
     44.800    13.2128   4.075362    34.5848        617     2.5667  0.000e+00
     44.696    13.2191   4.074991    34.5756        618     2.5708  0.000e+00
     44.602    13.2228   4.075137    34.5737        619     2.5750  0.000e+00
     44.519    13.2240   4.074375    34.5653        620     2.5792  0.000e+00
     44.437    13.2223   4.074487    34.5680        621     2.5833  0.000e+00
     44.379    13.2212   4.075580    34.5794        622     2.5875  0.000e+00
     44.330    13.2234   4.075978    34.5812        623     2.5917  0.000e+00
     44.288    13.2275   4.076203    34.5796        624     2.5958  0.000e+00
     44.254    13.2310   4.076647    34.5806        625     2.6000  0.000e+00
