PC2501/sbe058.cnv
* Sea-Bird SBE 19plus Data File:
* FileName = C:\cruise\data\sbe058.hex
* Software Version Seasave V 7.26.7.121
* Temperature SN = 4684
* Conductivity SN = 4684
* System UpLoad Time = Jan 25 2025 10:02:37
* NMEA Latitude = 38 06.85 N
* NMEA Longitude = 071 24.80 W
* NMEA UTC (Time) = Jan 25 2025  10:02:06
** Ship: Pisces
** Cruise:  PC2501
** Program:  AMAPPS
# nquan = 7
# nvalues = 1870                                  
# units = specified
# name 0 = depSM: Depth [salt water, m]
# name 1 = tv290C: Temperature [ITS-90, deg C]
# name 2 = c0S/m: Conductivity [S/m]
# name 3 = sal00: Salinity, Practical [PSU]
# name 4 = scan: Scan Count
# name 5 = timeM: Time, Elapsed [minutes]
# name 6 = flag:  0.000e+00
# span 0 =      0.034,     50.518                 
# span 1 =     2.3813,     8.0695                 
# span 2 =  -0.000020,   3.452768                 
# span 3 =     0.0000,    33.2840                 
# span 4 =         11,       1880                 
# span 5 =     0.0417,     7.8292                 
# span 6 = 0.0000e+00, 0.0000e+00                 
# interval = seconds: 0.25
# start_time = Jan 25 2025 10:02:06 [NMEA time, header]
# bad_flag = -9.990e-29
*END*
[from data line 821]
     36.421     7.8524   3.428250    33.0559        832     3.4625  0.000e+00
     36.345     7.8584   3.428126    33.0489        833     3.4667  0.000e+00
     36.256     7.8591   3.429152    33.0592        834     3.4708  0.000e+00
     36.162     7.8611   3.430748    33.0744        835     3.4750  0.000e+00
     36.070     7.8692   3.429703    33.0556        836     3.4792  0.000e+00
     35.985     7.8715   3.428002    33.0353        837     3.4833  0.000e+00
     35.912     7.8674   3.428528    33.0448        838     3.4875  0.000e+00
     35.835     7.8631   3.430302    33.0679        839     3.4917  0.000e+00
     35.768     7.8675   3.431180    33.0732        840     3.4958  0.000e+00
     35.710     7.8750   3.431131    33.0656        841     3.5000  0.000e+00
     35.665     7.8798   3.430890    33.0585        842     3.5042  0.000e+00
     35.622     7.8816   3.431180    33.0599        843     3.5083  0.000e+00
     35.582     7.8824   3.431155    33.0589        844     3.5125  0.000e+00
     35.555     7.8835   3.430828    33.0544        845     3.5167  0.000e+00
     35.528     7.8831   3.430753    33.0540        846     3.5208  0.000e+00
     35.506     7.8822   3.430556    33.0527        847     3.5250  0.000e+00
     35.491     7.8811   3.430531    33.0535        848     3.5292  0.000e+00
     35.467     7.8801   3.430246    33.0514        849     3.5333  0.000e+00
     35.448     7.8789   3.430327    33.0534        850     3.5375  0.000e+00
     35.427     7.8779   3.430154    33.0526        851     3.5417  0.000e+00
     35.406     7.8770   3.429529    33.0467        852     3.5458  0.000e+00
     35.381     7.8748   3.429102    33.0442        853     3.5500  0.000e+00
     35.351     7.8714   3.429405    33.0507        854     3.5542  0.000e+00
     35.317     7.8697   3.430407    33.0631        855     3.5583  0.000e+00
     35.281     7.8722   3.431106    33.0682        856     3.5625  0.000e+00
     35.241     7.8775   3.430407    33.0557        857     3.5667  0.000e+00
     35.189     7.8789   3.432262    33.0743        858     3.5708  0.000e+00
     35.140     7.8838   3.430252    33.0482        859     3.5750  0.000e+00
     35.082     7.8832   3.431106    33.0579        860     3.5792  0.000e+00
     35.018     7.8824   3.431155    33.0592        861     3.5833  0.000e+00
     34.960     7.8837   3.432330    33.0706        862     3.5875  0.000e+00
     34.899     7.8869   3.430883    33.0521        863     3.5917  0.000e+00
     34.851     7.8870   3.432287    33.0670        864     3.5958  0.000e+00
     34.790     7.8876   3.432559    33.0694        865     3.6000  0.000e+00
     34.744     7.8930   3.434390    33.0839        866     3.6042  0.000e+00
     34.701     7.8996   3.435844    33.0932        867     3.6083  0.000e+00
     34.680     7.9106   3.434675    33.0703        868     3.6125  0.000e+00
     34.653     7.9153   3.434013    33.0587        869     3.6167  0.000e+00
     34.631     7.9142   3.434693    33.0671        870     3.6208  0.000e+00
     34.616     7.9136   3.435596    33.0773        871     3.6250  0.000e+00
     34.598     7.9163   3.431006    33.0257        872     3.6292  0.000e+00
     34.567     7.9085   3.430005    33.0224        873     3.6333  0.000e+00
     34.524     7.8929   3.429578    33.0326        874     3.6375  0.000e+00
     34.491     7.8820   3.429578    33.0429        875     3.6417  0.000e+00
     34.430     7.8760   3.429578    33.0487        876     3.6458  0.000e+00
     34.354     7.8727   3.428700    33.0424        877     3.6500  0.000e+00
     34.278     7.8693   3.427903    33.0371        878     3.6542  0.000e+00
     34.186     7.8641   3.428051    33.0437        879     3.6583  0.000e+00
     34.085     7.8608   3.428125    33.0477        880     3.6625  0.000e+00
     33.985     7.8597   3.431062    33.0802        881     3.6667  0.000e+00
     33.893     7.8673   3.432887    33.0926        882     3.6708  0.000e+00
     33.802     7.8813   3.435924    33.1118        883     3.6750  0.000e+00
     33.726     7.8989   3.435875    33.0947        884     3.6792  0.000e+00
     33.656     7.9133   3.435745    33.0797        885     3.6833  0.000e+00
     33.598     7.9207   3.435045    33.0652        886     3.6875  0.000e+00
     33.555     7.9217   3.435825    33.0726        887     3.6917  0.000e+00
     33.518     7.9231   3.434037    33.0522        888     3.6958  0.000e+00
     33.509     7.9205   3.433412    33.0480        889     3.7000  0.000e+00
     33.497     7.9138   3.433963    33.0602        890     3.7042  0.000e+00
     33.509     7.9106   3.433839    33.0620        891     3.7083  0.000e+00
     33.521     7.9108   3.433963    33.0630        892     3.7125  0.000e+00
     33.546     7.9097   3.431488    33.0377        893     3.7167  0.000e+00
     33.567     7.9013   3.431056    33.0410        894     3.7208  0.000e+00
     33.582     7.8928   3.430530    33.0433        895     3.7250  0.000e+00
     33.592     7.8864   3.431254    33.0572        896     3.7292  0.000e+00
     33.589     7.8846   3.432157    33.0686        897     3.7333  0.000e+00
     33.579     7.8879   3.430703    33.0498        898     3.7375  0.000e+00
     33.567     7.8865   3.430202    33.0458        899     3.7417  0.000e+00
     33.528     7.8816   3.428570    33.0330        900     3.7458  0.000e+00
     33.476     7.8728   3.431006    33.0674        901     3.7500  0.000e+00
     33.433     7.8756   3.431180    33.0666        902     3.7542  0.000e+00
     33.366     7.8802   3.431278    33.0634        903     3.7583  0.000e+00
     33.299     7.8831   3.431581    33.0639        904     3.7625  0.000e+00
     33.226     7.8854   3.432738    33.0741        905     3.7667  0.000e+00
     33.146     7.8905   3.430821    33.0489        906     3.7708  0.000e+00
     33.064     7.8901   3.431656    33.0582        907     3.7750  0.000e+00
     32.988     7.8878   3.433412    33.0792        908     3.7792  0.000e+00
     32.918     7.8934   3.433536    33.0753        909     3.7833  0.000e+00
     32.851     7.8998   3.433715    33.0711        910     3.7875  0.000e+00
     32.778     7.9040   3.433715    33.0672        911     3.7917  0.000e+00
     32.717     7.9063   3.433356    33.0612        912     3.7958  0.000e+00
     32.662     7.9063   3.433381    33.0615        913     3.8000  0.000e+00
     32.604     7.9054   3.430956    33.0365        914     3.8042  0.000e+00
     32.561     7.8984   3.429825    33.0310        915     3.8083  0.000e+00
     32.512     7.8880   3.427500    33.0160        916     3.8125  0.000e+00
     32.476     7.8738   3.428372    33.0388        917     3.8167  0.000e+00
     32.427     7.8656   3.428619    33.0492        918     3.8208  0.000e+00
     32.381     7.8632   3.428428    33.0494        919     3.8250  0.000e+00
     32.339     7.8627   3.428724    33.0531        920     3.8292  0.000e+00
     32.302     7.8631   3.429126    33.0570        921     3.8333  0.000e+00
     32.265     7.8646   3.428601    33.0500        922     3.8375  0.000e+00
     32.232     7.8649   3.429077    33.0549        923     3.8417  0.000e+00
     32.198     7.8653   3.428928    33.0529        924     3.8458  0.000e+00
     32.171     7.8660   3.428310    33.0456        925     3.8500  0.000e+00
     32.149     7.8641   3.428224    33.0465        926     3.8542  0.000e+00
     32.140     7.8624   3.428904    33.0554        927     3.8583  0.000e+00
     32.122     7.8626   3.427846    33.0439        928     3.8625  0.000e+00
     32.119     7.8611   3.427247    33.0389        929     3.8667  0.000e+00
     32.128     7.8570   3.426796    33.0379        930     3.8708  0.000e+00
     32.116     7.8529   3.427476    33.0491        931     3.8750  0.000e+00
     32.116     7.8521   3.427711    33.0524        932     3.8792  0.000e+00
     32.110     7.8533   3.426796    33.0415        933     3.8833  0.000e+00
     32.107     7.8522   3.426598    33.0404        934     3.8875  0.000e+00
     32.095     7.8495   3.426524    33.0422        935     3.8917  0.000e+00
     32.082     7.8475   3.426474    33.0435        936     3.8958  0.000e+00
     32.055     7.8462   3.427000    33.0504        937     3.9000  0.000e+00
     32.018     7.8470   3.428848    33.0695        938     3.9042  0.000e+00
     31.982     7.8528   3.429250    33.0683        939     3.9083  0.000e+00
     31.939     7.8605   3.429194    33.0604        940     3.9125  0.000e+00
     31.896     7.8645   3.427296    33.0363        941     3.9167  0.000e+00
     31.851     7.8619   3.427599    33.0420        942     3.9208  0.000e+00
     31.808     7.8582   3.426925    33.0383        943     3.9250  0.000e+00
     31.771     7.8545   3.427098    33.0438        944     3.9292  0.000e+00
     31.732     7.8516   3.426622    33.0414        945     3.9333  0.000e+00
     31.680     7.8497   3.427247    33.0499        946     3.9375  0.000e+00
     31.634     7.8496   3.426999    33.0474        947     3.9417  0.000e+00
     31.588     7.8504   3.427160    33.0484        948     3.9458  0.000e+00
     31.521     7.8502   3.426449    33.0410        949     3.9500  0.000e+00
     31.454     7.8485   3.426221    33.0402        950     3.9542  0.000e+00
     31.375     7.8460   3.425621    33.0362        951     3.9583  0.000e+00
     31.296     7.8426   3.426295    33.0466        952     3.9625  0.000e+00
     31.207     7.8421   3.426072    33.0448        953     3.9667  0.000e+00
     31.122     7.8420   3.425670    33.0406        954     3.9708  0.000e+00
     31.040     7.8407   3.425621    33.0413        955     3.9750  0.000e+00
     30.954     7.8396   3.425893    33.0454        956     3.9792  0.000e+00
     30.884     7.8394   3.425349    33.0397        957     3.9833  0.000e+00
     30.832     7.8384   3.425423    33.0415        958     3.9875  0.000e+00
     30.784     7.8374   3.425596    33.0443        959     3.9917  0.000e+00
     30.762     7.8373   3.426598    33.0552        960     3.9958  0.000e+00
     30.741     7.8399   3.427073    33.0578        961     4.0000  0.000e+00
     30.738     7.8442   3.425769    33.0397        962     4.0042  0.000e+00
     30.741     7.8441   3.425670    33.0388        963     4.0083  0.000e+00
     30.774     7.8415   3.425658    33.0411        964     4.0125  0.000e+00
     30.805     7.8397   3.425819    33.0445        965     4.0167  0.000e+00
     30.835     7.8393   3.426424    33.0514        966     4.0208  0.000e+00
     30.875     7.8407   3.425324    33.0382        967     4.0250  0.000e+00
     30.918     7.8393   3.425769    33.0443        968     4.0292  0.000e+00
     30.960     7.8384   3.426023    33.0478        969     4.0333  0.000e+00
     30.988     7.8392   3.425949    33.0463        970     4.0375  0.000e+00
     31.009     7.8402   3.425646    33.0421        971     4.0417  0.000e+00
     31.030     7.8395   3.425658    33.0429        972     4.0458  0.000e+00
     31.039     7.8389   3.425398    33.0407        973     4.0500  0.000e+00
     31.027     7.8376   3.425324    33.0411        974     4.0542  0.000e+00
     30.997     7.8365   3.425071    33.0394        975     4.0583  0.000e+00
     30.948     7.8350   3.424898    33.0390        976     4.0625  0.000e+00
     30.878     7.8337   3.425071    33.0422        977     4.0667  0.000e+00
     30.811     7.8333   3.425120    33.0431        978     4.0708  0.000e+00
     30.722     7.8335   3.425071    33.0424        979     4.0750  0.000e+00
     30.640     7.8330   3.424941    33.0415        980     4.0792  0.000e+00
     30.542     7.8327   3.424694    33.0392        981     4.0833  0.000e+00
     30.469     7.8319   3.424094    33.0336        982     4.0875  0.000e+00
     30.393     7.8294   3.424094    33.0359        983     4.0917  0.000e+00
     30.335     7.8271   3.424020    33.0374        984     4.0958  0.000e+00
     30.286     7.8259   3.423748    33.0356        985     4.1000  0.000e+00
     30.244     7.8243   3.423544    33.0350        986     4.1042  0.000e+00
     30.213     7.8228   3.423748    33.0387        987     4.1083  0.000e+00
     30.180     7.8222   3.423946    33.0413        988     4.1125  0.000e+00
     30.152     7.8228   3.424008    33.0414        989     4.1167  0.000e+00
     30.137     7.8238   3.424422    33.0449        990     4.1208  0.000e+00
     30.110     7.8254   3.424372    33.0429        991     4.1250  0.000e+00
     30.085     7.8266   3.424045    33.0382        992     4.1292  0.000e+00
     30.058     7.8264   3.423921    33.0371        993     4.1333  0.000e+00
     30.027     7.8254   3.423798    33.0368        994     4.1375  0.000e+00
     29.991     7.8244   3.423798    33.0378        995     4.1417  0.000e+00
     29.963     7.8238   3.423618    33.0364        996     4.1458  0.000e+00
     29.920     7.8229   3.423693    33.0380        997     4.1500  0.000e+00
     29.878     7.8225   3.423674    33.0383        998     4.1542  0.000e+00
     29.835     7.8223   3.423569    33.0373        999     4.1583  0.000e+00
     29.811     7.8220   3.423668    33.0387       1000     4.1625  0.000e+00
     29.780     7.8220   3.423594    33.0379       1001     4.1667  0.000e+00
     29.759     7.8221   3.423495    33.0368       1002     4.1708  0.000e+00
     29.734     7.8216   3.423347    33.0356       1003     4.1750  0.000e+00
     29.725     7.8208   3.423421    33.0372       1004     4.1792  0.000e+00
     29.719     7.8205   3.423445    33.0378       1005     4.1833  0.000e+00
     29.722     7.8205   3.423618    33.0396       1006     4.1875  0.000e+00
     29.734     7.8207   3.423649    33.0397       1007     4.1917  0.000e+00
     29.756     7.8213   3.423544    33.0381       1008     4.1958  0.000e+00
     29.774     7.8214   3.423520    33.0377       1009     4.2000  0.000e+00
     29.792     7.8211   3.423322    33.0359       1010     4.2042  0.000e+00
     29.814     7.8205   3.423143    33.0345       1011     4.2083  0.000e+00
     29.826     7.8193   3.423118    33.0353       1012     4.2125  0.000e+00
     29.832     7.8184   3.423044    33.0354       1013     4.2167  0.000e+00
     29.832     7.8177   3.422994    33.0356       1014     4.2208  0.000e+00
     29.817     7.8172   3.422519    33.0309       1015     4.2250  0.000e+00
     29.780     7.8156   3.422290    33.0300       1016     4.2292  0.000e+00
     29.740     7.8133   3.422197    33.0312       1017     4.2333  0.000e+00
     29.673     7.8116   3.422222    33.0331       1018     4.2375  0.000e+00
     29.603     7.8106   3.422123    33.0330       1019     4.2417  0.000e+00
     29.515     7.8100   3.422272    33.0352       1020     4.2458  0.000e+00
     29.420     7.8098   3.422519    33.0381       1021     4.2500  0.000e+00
     29.323     7.8110   3.422469    33.0365       1022     4.2542  0.000e+00
     29.219     7.8116   3.422444    33.0357       1023     4.2583  0.000e+00
     29.140     7.8120   3.422346    33.0344       1024     4.2625  0.000e+00
     29.067     7.8117   3.422271    33.0338       1025     4.2667  0.000e+00
     29.018     7.8115   3.421888    33.0300       1026     4.2708  0.000e+00
     28.987     7.8102   3.421944    33.0318       1027     4.2750  0.000e+00
     28.969     7.8093   3.422049    33.0338       1028     4.2792  0.000e+00
     28.990     7.8089   3.421549    33.0288       1029     4.2833  0.000e+00
     29.018     7.8076   3.421419    33.0286       1030     4.2875  0.000e+00
     29.054     7.8055   3.421493    33.0314       1031     4.2917  0.000e+00
     29.097     7.8049   3.421073    33.0274       1032     4.2958  0.000e+00
     29.146     7.8036   3.421444    33.0326       1033     4.3000  0.000e+00
     29.192     7.8032   3.421623    33.0349       1034     4.3042  0.000e+00
     29.231     7.8039   3.420919    33.0266       1035     4.3083  0.000e+00
