PC2501/sbe044.cnv
* Sea-Bird SBE 19plus Data File:
* FileName = C:\cruise\data\sbe044.hex
* Software Version Seasave V 7.26.7.121
* Temperature SN = 4684
* Conductivity SN = 4684
* System UpLoad Time = Jan 22 2025 22:56:00
* NMEA Latitude = 39 00.69 N
* NMEA Longitude = 074 26.79 W
* NMEA UTC (Time) = Jan 22 2025  22:55:27
** Ship: Pisces
** Cruise:  PC2501
** Program:  AMAPPS
# nquan = 7
# nvalues = 1563                                  
# units = specified
# name 0 = depSM: Depth [salt water, m]
# name 1 = tv290C: Temperature [ITS-90, deg C]
# name 2 = c0S/m: Conductivity [S/m]
# name 3 = sal00: Salinity, Practical [PSU]
# name 4 = scan: Scan Count
# name 5 = timeM: Time, Elapsed [minutes]
# name 6 = flag:  0.000e+00
# span 0 =      0.076,     20.455                 
# span 1 =    -5.0091,     5.5316                 
# span 2 =  -0.000014,   3.235559                 
# span 3 =    -0.0063,    34.2080                 
# span 4 =         11,       1573                 
# span 5 =     0.0417,     6.5500                 
# span 6 = 0.0000e+00, 0.0000e+00                 
# interval = seconds: 0.25
# start_time = Jan 22 2025 22:55:27 [NMEA time, header]
# bad_flag = -9.990e-29
*END*
[from data line 1436]
      0.126     5.3615   1.674159    16.2042       1447     6.0250  0.000e+00
      0.113     5.4083   2.769051    28.0518       1448     6.0292  0.000e+00
      0.126     5.4456   3.229958    33.2152       1449     6.0333  0.000e+00
      0.098     5.4647   3.229559    33.1918       1450     6.0375  0.000e+00
      0.083     5.4713   3.228791    33.1765       1451     6.0417  0.000e+00
      0.083     5.4607   3.226871    33.1651       1452     6.0458  0.000e+00
      0.086     5.4433   3.225869    33.1709       1453     6.0500  0.000e+00
      0.083     5.4364   2.742085    27.7279       1454     6.0542  0.000e+00
      0.086     5.4343   1.323919    12.5349       1455     6.0583  0.000e+00
      0.083     5.4329   0.482710     4.2396       1456     6.0625  0.000e+00
      0.077     5.4355   0.493048     4.3362       1457     6.0667  0.000e+00
      0.083     5.4371   0.832366     7.5979       1458     6.0708  0.000e+00
      0.092     5.4375   1.200278    11.2726       1459     6.0750  0.000e+00
      0.083     5.4379   0.723565     6.5365       1460     6.0792  0.000e+00
      0.083     5.4381   0.517274     4.5637       1461     6.0833  0.000e+00
      0.089     5.4384   0.321255     2.7484       1462     6.0875  0.000e+00
      0.085     5.4386   0.365774     3.1546       1463     6.0917  0.000e+00
      0.085     5.4389   0.422933     3.6816       1464     6.0958  0.000e+00
      0.076     5.4391   0.474398     4.1610       1465     6.1000  0.000e+00
      0.079     5.4399   0.406626     3.5305       1466     6.1042  0.000e+00
      0.082     5.4399   0.326328     2.7943       1467     6.1083  0.000e+00
      0.082     5.4371   0.265032     2.2415       1468     6.1125  0.000e+00
      0.082     5.4358   0.338097     2.9018       1469     6.1167  0.000e+00
      0.079     5.4357   0.310971     2.6553       1470     6.1208  0.000e+00
      0.085     5.4354   0.259175     2.1892       1471     6.1250  0.000e+00
      0.085     5.4217   0.215827     1.8048       1472     6.1292  0.000e+00
      0.085     5.4092   0.181734     1.5060       1473     6.1333  0.000e+00
      0.082     5.4068   0.162626     1.3399       1474     6.1375  0.000e+00
      0.085     5.4027   0.150725     1.2371       1475     6.1417  0.000e+00
      0.082     5.3997   0.142450     1.1659       1476     6.1458  0.000e+00
      0.082     5.3999   0.135223     1.1039       1477     6.1500  0.000e+00
      0.082     5.3997   0.129299     1.0532       1478     6.1542  0.000e+00
      0.079     5.4000   0.122331     0.9937       1479     6.1583  0.000e+00
      0.082     5.4011   0.115812     0.9382       1480     6.1625  0.000e+00
      0.085     5.4014   0.110566     0.8937       1481     6.1667  0.000e+00
      0.076     5.4021   0.105038     0.8469       1482     6.1708  0.000e+00
      0.079     5.4030   0.100873     0.8118       1483     6.1750  0.000e+00
      0.088     5.4039   0.097353     0.7821       1484     6.1792  0.000e+00
      0.082     5.4051   0.092795     0.7438       1485     6.1833  0.000e+00
      0.079     5.4059   0.088677     0.7093       1486     6.1875  0.000e+00
      0.082     5.4067   0.084963     0.6783       1487     6.1917  0.000e+00
      0.085     5.4069   0.081732     0.6514       1488     6.1958  0.000e+00
      0.088     5.3987   0.078903     0.6280       1489     6.2000  0.000e+00
      0.088     5.3920   0.074692     0.5932       1490     6.2042  0.000e+00
      0.085     5.3913   0.069887     0.5534       1491     6.2083  0.000e+00
      0.078     5.3910   0.064450     0.5086       1492     6.2125  0.000e+00
      0.078     5.3916   0.057177     0.4490       1493     6.2167  0.000e+00
      0.088     5.3923   0.048302     0.3767       1494     6.2208  0.000e+00
      0.081     5.3869   0.035961     0.2773       1495     6.2250  0.000e+00
      0.088     5.3782   0.029764     0.2280       1496     6.2292  0.000e+00
      0.081     5.3769   0.029195     0.2235       1497     6.2333  0.000e+00
      0.081     5.3732   0.028569     0.2186       1498     6.2375  0.000e+00
      0.081     5.3665   0.027446     0.2098       1499     6.2417  0.000e+00
      0.078     5.3663   0.025519     0.1945       1500     6.2458  0.000e+00
      0.084     5.3681   0.023262     0.1768       1501     6.2500  0.000e+00
      0.078     5.3698   0.020599     0.1559       1502     6.2542  0.000e+00
      0.084     5.3650   0.016843     0.1267       1503     6.2583  0.000e+00
      0.090     5.3442   0.010642     0.0791       1504     6.2625  0.000e+00
      0.084     5.3344   0.000988     0.0080       1505     6.2667  0.000e+00
      0.084     5.3313   0.000089     0.0024       1506     6.2708  0.000e+00
      0.081     5.3222   0.000054     0.0023       1507     6.2750  0.000e+00
      0.087     5.3189   0.000042     0.0022       1508     6.2792  0.000e+00
      0.081     5.3195   0.000030     0.0022       1509     6.2833  0.000e+00
      0.084     5.3211   0.000024     0.0022       1510     6.2875  0.000e+00
      0.081     5.3229   0.000030     0.0022       1511     6.2917  0.000e+00
      0.081     5.3248   0.000004     0.0022       1512     6.2958  0.000e+00
      0.090     5.3265  -0.000014     0.0000       1513     6.3000  0.000e+00
      0.084     5.3269  -0.000008     0.0000       1514     6.3042  0.000e+00
      0.081     5.3210  -0.000014     0.0000       1515     6.3083  0.000e+00
      0.084     5.3162  -0.000014     0.0000       1516     6.3125  0.000e+00
      0.087     5.3156  -0.000014     0.0000       1517     6.3167  0.000e+00
      0.078     5.3120  -0.000008     0.0000       1518     6.3208  0.000e+00
      0.078     5.3118  -0.000014     0.0000       1519     6.3250  0.000e+00
      0.078     5.3119  -0.000014     0.0000       1520     6.3292  0.000e+00
      0.078     5.3105  -0.000008     0.0000       1521     6.3333  0.000e+00
      0.078     5.3110  -0.000008     0.0000       1522     6.3375  0.000e+00
      0.081     5.3127  -0.000008     0.0000       1523     6.3417  0.000e+00
      0.084     5.3123  -0.000002     0.0000       1524     6.3458  0.000e+00
      0.081     5.3055  -0.000014     0.0000       1525     6.3500  0.000e+00
      0.084     5.3043  -0.000008     0.0000       1526     6.3542  0.000e+00
      0.087     5.3002  -0.000014     0.0000       1527     6.3583  0.000e+00
      0.083     5.2747  -0.000008     0.0000       1528     6.3625  0.000e+00
      0.086     5.2598  -0.000014     0.0000       1529     6.3667  0.000e+00
      0.086     5.2571  -0.000008     0.0000       1530     6.3708  0.000e+00
      0.086     5.2374  -0.000008     0.0000       1531     6.3750  0.000e+00
      0.083     5.2250  -0.000014     0.0000       1532     6.3792  0.000e+00
      0.089     5.2254  -0.000002     0.0000       1533     6.3833  0.000e+00
      0.080     5.2280   0.000004     0.0021       1534     6.3875  0.000e+00
      0.089     5.2312   0.000004     0.0021       1535     6.3917  0.000e+00
      0.083     5.2299  -0.000002     0.0000       1536     6.3958  0.000e+00
      0.089     5.2238  -0.000002     0.0000       1537     6.4000  0.000e+00
      0.083     5.2235   0.000004     0.0021       1538     6.4042  0.000e+00
      0.083     5.2246   0.000004     0.0021       1539     6.4083  0.000e+00
      0.083     5.2268  -0.000008     0.0000       1540     6.4125  0.000e+00
      0.092     5.2273  -0.000002     0.0000       1541     6.4167  0.000e+00
      0.083     5.2080  -0.000008     0.0000       1542     6.4208  0.000e+00
      0.083     5.1898  -0.000002     0.0000       1543     6.4250  0.000e+00
      0.083     5.1875  -0.000002     0.0000       1544     6.4292  0.000e+00
      0.086     5.1747  -0.000002     0.0000       1545     6.4333  0.000e+00
      0.089     5.1460  -0.000008     0.0000       1546     6.4375  0.000e+00
      0.089     5.1362  -0.000008     0.0000       1547     6.4417  0.000e+00
      0.080     5.1381   0.000004     0.0021       1548     6.4458  0.000e+00
      0.089     5.1418  -0.000002     0.0000       1549     6.4500  0.000e+00
      0.086     5.1457   0.000009     0.0020       1550     6.4542  0.000e+00
      0.086     5.1496   0.000009     0.0020       1551     6.4583  0.000e+00
      0.083     5.1528   0.000004     0.0021       1552     6.4625  0.000e+00
      0.083     5.1495   0.000009     0.0020       1553     6.4667  0.000e+00
      0.089     5.1451   0.000015     0.0020       1554     6.4708  0.000e+00
      0.092     5.1463   0.000015     0.0020       1555     6.4750  0.000e+00
      0.082     5.1294   0.000009     0.0020       1556     6.4792  0.000e+00
      0.089     5.1023   0.000015     0.0020       1557     6.4833  0.000e+00
      0.088     5.0973   0.000009     0.0020       1558     6.4875  0.000e+00
      0.079     5.1004   0.000015     0.0020       1559     6.4917  0.000e+00
      0.082     5.1048   0.000015     0.0020       1560     6.4958  0.000e+00
      0.085     5.1002   0.000015     0.0020       1561     6.5000  0.000e+00
      0.088     5.0847   0.000015     0.0020       1562     6.5042  0.000e+00
      0.091     5.0818   0.000015     0.0020       1563     6.5083  0.000e+00
      0.085     5.0783   0.000009     0.0020       1564     6.5125  0.000e+00
      0.088     5.0735   0.000015     0.0020       1565     6.5167  0.000e+00
      0.088     5.0736   0.000015     0.0020       1566     6.5208  0.000e+00
      0.094     5.0558   0.000015     0.0020       1567     6.5250  0.000e+00
      0.091     5.0459   0.000015     0.0020       1568     6.5292  0.000e+00
      0.091     5.0397   0.000015     0.0020       1569     6.5333  0.000e+00
      0.088     5.0133   0.000009     0.0019       1570     6.5375  0.000e+00
      0.091     5.0057   0.000015     0.0019       1571     6.5417  0.000e+00
      0.088     5.0028   0.000015     0.0019       1572     6.5458  0.000e+00
      0.091     4.9942   0.000021     0.0019       1573     6.5500  0.000e+00
