PC2501/sbe003.cnv
* Sea-Bird SBE 19plus Data File:
* FileName = C:\cruise\data\sbe003.hex
* Software Version Seasave V 7.26.7.121
* Temperature SN = 4684
* Conductivity SN = 4684
* System UpLoad Time = Jan 09 2025 00:33:40
* NMEA Latitude = 37 03.07 N
* NMEA Longitude = 075 13.65 W
* NMEA UTC (Time) = Jan 09 2025  00:32:59
** Ship: Pisces
** Cruise:  PC2501
** Program:  AMAPPS
# nquan = 7
# nvalues = 2023                                  
# units = specified
# name 0 = depSM: Depth [salt water, m]
# name 1 = tv290C: Temperature [ITS-90, deg C]
# name 2 = c0S/m: Conductivity [S/m]
# name 3 = sal00: Salinity, Practical [PSU]
# name 4 = scan: Scan Count
# name 5 = timeM: Time, Elapsed [minutes]
# name 6 = flag:  0.000e+00
# span 0 =     -0.086,     30.264                 
# span 1 =     0.5660,    10.4548                 
# span 2 =   0.000015,   3.785818                 
# span 3 =    -0.0014,    35.4627                 
# span 4 =         11,       2033                 
# span 5 =     0.0417,     8.4667                 
# span 6 = 0.0000e+00, 0.0000e+00                 
# interval = seconds: 0.25
# start_time = Jan 09 2025 00:32:59 [NMEA time, header]
# bad_flag = -9.990e-29
*END*
[from data line 206]
     -0.061    10.3277   0.418179     3.1641        217     0.9000  0.000e+00
     -0.064    10.3094   0.343603     2.5692        218     0.9042  0.000e+00
     -0.070    10.2905   0.288555     2.1361        219     0.9083  0.000e+00
     -0.070    10.2696   0.263066     1.9380        220     0.9125  0.000e+00
     -0.067    10.2479   0.256626     1.8890        221     0.9167  0.000e+00
     -0.046    10.2259   2.317585    20.1007        222     0.9208  0.000e+00
      0.030    10.2015   3.741326    34.1173        223     0.9250  0.000e+00
      0.152    10.1770   3.747203    34.2001        224     0.9292  0.000e+00
      0.280    10.1645   3.748266    34.2227        225     0.9333  0.000e+00
      0.417    10.1883   3.748029    34.1977        226     0.9375  0.000e+00
      0.554    10.2091   3.754531    34.2440        227     0.9417  0.000e+00
      0.652    10.2299   3.762308    34.3033        228     0.9458  0.000e+00
      0.689    10.2700   3.740686    34.0461        229     0.9500  0.000e+00
      0.704    10.3220   3.778413    34.3795        230     0.9542  0.000e+00
      0.722    10.3624   3.779087    34.3481        231     0.9583  0.000e+00
      0.725    10.3866   3.779325    34.3276        232     0.9625  0.000e+00
      0.634    10.4030   3.779190    34.3108        233     0.9667  0.000e+00
      0.518    10.4143   3.779087    34.2991        234     0.9708  0.000e+00
      0.512    10.4184   3.777024    34.2744        235     0.9750  0.000e+00
      0.573    10.4188   3.775072    34.2543        236     0.9792  0.000e+00
      0.670    10.4176   3.774853    34.2531        237     0.9833  0.000e+00
      0.795    10.4153   3.775521    34.2620        238     0.9875  0.000e+00
      0.926    10.4099   3.775900    34.2709        239     0.9917  0.000e+00
      1.039    10.4059   3.775926    34.2748        240     0.9958  0.000e+00
      1.143    10.4050   3.776806    34.2845        241     1.0000  0.000e+00
      1.198    10.4053   3.777963    34.2959        242     1.0042  0.000e+00
      1.253    10.4082   3.779087    34.3046        243     1.0083  0.000e+00
      1.283    10.4129   3.779704    34.3063        244     1.0125  0.000e+00
      1.195    10.4182   3.779890    34.3033        245     1.0167  0.000e+00
      1.082    10.4217   3.780050    34.3016        246     1.0208  0.000e+00
      1.036    10.4231   3.779916    34.2989        247     1.0250  0.000e+00
      0.996    10.4229   3.779382    34.2937        248     1.0292  0.000e+00
      1.009    10.4223   3.778791    34.2884        249     1.0333  0.000e+00
      1.082    10.4222   3.777583    34.2762        250     1.0375  0.000e+00
      1.173    10.4217   3.776459    34.2652        251     1.0417  0.000e+00
      1.256    10.4199   3.777024    34.2727        252     1.0458  0.000e+00
      1.374    10.4173   3.777853    34.2834        253     1.0500  0.000e+00
      1.475    10.4148   3.777127    34.2784        254     1.0542  0.000e+00
      1.573    10.4121   3.776061    34.2701        255     1.0583  0.000e+00
      1.682    10.4098   3.775708    34.2687        256     1.0625  0.000e+00
      1.798    10.4086   3.776787    34.2807        257     1.0667  0.000e+00
      1.923    10.4062   3.777211    34.2871        258     1.0708  0.000e+00
      2.033    10.4038   3.777642    34.2937        259     1.0750  0.000e+00
      2.125    10.4048   3.777828    34.2946        260     1.0792  0.000e+00
      2.228    10.4071   3.777346    34.2875        261     1.0833  0.000e+00
      2.329    10.4089   3.776967    34.2819        262     1.0875  0.000e+00
      2.442    10.4098   3.776543    34.2768        263     1.0917  0.000e+00
      2.539    10.4096   3.775927    34.2707        264     1.0958  0.000e+00
      2.658    10.4090   3.776755    34.2795        265     1.1000  0.000e+00
      2.768    10.4076   3.778040    34.2938        266     1.1042  0.000e+00
      2.884    10.4058   3.778548    34.3006        267     1.1083  0.000e+00
      3.009    10.4069   3.778818    34.3022        268     1.1125  0.000e+00
      3.100    10.4099   3.779435    34.3056        269     1.1167  0.000e+00
      3.158    10.4126   3.779595    34.3046        270     1.1208  0.000e+00
      3.155    10.4152   3.779647    34.3027        271     1.1250  0.000e+00
      3.115    10.4184   3.779595    34.2992        272     1.1292  0.000e+00
      3.067    10.4204   3.779672    34.2981        273     1.1333  0.000e+00
      3.064    10.4200   3.779646    34.2982        274     1.1375  0.000e+00
      3.097    10.4203   3.779165    34.2931        275     1.1417  0.000e+00
      3.170    10.4213   3.778657    34.2869        276     1.1458  0.000e+00
      3.246    10.4211   3.779062    34.2912        277     1.1500  0.000e+00
      3.353    10.4199   3.778496    34.2866        278     1.1542  0.000e+00
      3.451    10.4185   3.777719    34.2800        279     1.1583  0.000e+00
      3.542    10.4159   3.776865    34.2737        280     1.1625  0.000e+00
      3.661    10.4126   3.776730    34.2755        281     1.1667  0.000e+00
      3.783    10.4100   3.777745    34.2881        282     1.1708  0.000e+00
      3.896    10.4065   3.778606    34.3000        283     1.1750  0.000e+00
      4.002    10.4040   3.781125    34.3279        284     1.1792  0.000e+00
      4.094    10.4106   3.783645    34.3470        285     1.1833  0.000e+00
      4.164    10.4229   3.784101    34.3400        286     1.1875  0.000e+00
      4.204    10.4327   3.784364    34.3334        287     1.1917  0.000e+00
      4.246    10.4389   3.784531    34.3292        288     1.1958  0.000e+00
      4.292    10.4428   3.784634    34.3265        289     1.2000  0.000e+00
      4.356    10.4453   3.784692    34.3247        290     1.2042  0.000e+00
      4.423    10.4470   3.784718    34.3233        291     1.2083  0.000e+00
      4.524    10.4477   3.784692    34.3224        292     1.2125  0.000e+00
      4.621    10.4476   3.784692    34.3225        293     1.2167  0.000e+00
      4.719    10.4473   3.784660    34.3223        294     1.2208  0.000e+00
      4.838    10.4467   3.784557    34.3218        295     1.2250  0.000e+00
      4.954    10.4463   3.784583    34.3225        296     1.2292  0.000e+00
      5.060    10.4460   3.784609    34.3229        297     1.2333  0.000e+00
      5.179    10.4458   3.784583    34.3228        298     1.2375  0.000e+00
      5.301    10.4456   3.784532    34.3224        299     1.2417  0.000e+00
      5.441    10.4450   3.784557    34.3231        300     1.2458  0.000e+00
      5.582    10.4448   3.784795    34.3257        301     1.2500  0.000e+00
      5.694    10.4455   3.784905    34.3261        302     1.2542  0.000e+00
      5.771    10.4466   3.784930    34.3253        303     1.2583  0.000e+00
      5.807    10.4472   3.785091    34.3264        304     1.2625  0.000e+00
      5.832    10.4481   3.785336    34.3279        305     1.2667  0.000e+00
      5.850    10.4498   3.785606    34.3290        306     1.2708  0.000e+00
      5.880    10.4521   3.785818    34.3290        307     1.2750  0.000e+00
      5.920    10.4541   3.785792    34.3268        308     1.2792  0.000e+00
      5.963    10.4548   3.785683    34.3250        309     1.2833  0.000e+00
      5.999    10.4548   3.785413    34.3223        310     1.2875  0.000e+00
      6.045    10.4536   3.785226    34.3215        311     1.2917  0.000e+00
      6.079    10.4516   3.785066    34.3218        312     1.2958  0.000e+00
      6.124    10.4498   3.785149    34.3243        313     1.3000  0.000e+00
      6.179    10.4493   3.785226    34.3256        314     1.3042  0.000e+00
      6.240    10.4495   3.785278    34.3259        315     1.3083  0.000e+00
      6.313    10.4496   3.785387    34.3268        316     1.3125  0.000e+00
      6.405    10.4503   3.785471    34.3270        317     1.3167  0.000e+00
      6.505    10.4509   3.785471    34.3263        318     1.3208  0.000e+00
      6.615    10.4514   3.785522    34.3264        319     1.3250  0.000e+00
      6.731    10.4519   3.785413    34.3247        320     1.3292  0.000e+00
      6.847    10.4518   3.785227    34.3229        321     1.3333  0.000e+00
      6.981    10.4506   3.785149    34.3232        322     1.3375  0.000e+00
      7.115    10.4493   3.784982    34.3226        323     1.3417  0.000e+00
      7.249    10.4481   3.784931    34.3232        324     1.3458  0.000e+00
      7.399    10.4468   3.784745    34.3225        325     1.3500  0.000e+00
      7.539    10.4454   3.784610    34.3224        326     1.3542  0.000e+00
      7.697    10.4439   3.784584    34.3235        327     1.3583  0.000e+00
      7.825    10.4430   3.784501    34.3234        328     1.3625  0.000e+00
      7.920    10.4421   3.784449    34.3236        329     1.3667  0.000e+00
      7.984    10.4414   3.784584    34.3257        330     1.3708  0.000e+00
      8.048    10.4415   3.784745    34.3272        331     1.3750  0.000e+00
      8.112    10.4422   3.784719    34.3262        332     1.3792  0.000e+00
      8.139    10.4432   3.785176    34.3299        333     1.3833  0.000e+00
      8.155    10.4447   3.784880    34.3255        334     1.3875  0.000e+00
      8.164    10.4449   3.784719    34.3236        335     1.3917  0.000e+00
      8.179    10.4441   3.784533    34.3225        336     1.3958  0.000e+00
      8.194    10.4429   3.784475    34.3231        337     1.4000  0.000e+00
      8.219    10.4415   3.784475    34.3243        338     1.4042  0.000e+00
      8.252    10.4409   3.784501    34.3252        339     1.4083  0.000e+00
      8.301    10.4406   3.784559    34.3261        340     1.4125  0.000e+00
      8.359    10.4409   3.784584    34.3260        341     1.4167  0.000e+00
      8.456    10.4411   3.784501    34.3250        342     1.4208  0.000e+00
      8.560    10.4407   3.784475    34.3250        343     1.4250  0.000e+00
      8.664    10.4402   3.784501    34.3257        344     1.4292  0.000e+00
      8.779    10.4402   3.784501    34.3256        345     1.4333  0.000e+00
      8.886    10.4401   3.784475    34.3254        346     1.4375  0.000e+00
      8.993    10.4399   3.784424    34.3250        347     1.4417  0.000e+00
      9.100    10.4395   3.784315    34.3243        348     1.4458  0.000e+00
      9.191    10.4387   3.784340    34.3252        349     1.4500  0.000e+00
      9.295    10.4383   3.784366    34.3258        350     1.4542  0.000e+00
      9.395    10.4382   3.784475    34.3270        351     1.4583  0.000e+00
      9.487    10.4385   3.784475    34.3267        352     1.4625  0.000e+00
      9.557    10.4388   3.784424    34.3258        353     1.4667  0.000e+00
      9.612    10.4388   3.784450    34.3261        354     1.4708  0.000e+00
      9.654    10.4388   3.784533    34.3269        355     1.4750  0.000e+00
      9.688    10.4390   3.784559    34.3269        356     1.4792  0.000e+00
      9.718    10.4392   3.784450    34.3256        357     1.4833  0.000e+00
      9.764    10.4393   3.784289    34.3239        358     1.4875  0.000e+00
      9.798    10.4386   3.784341    34.3251        359     1.4917  0.000e+00
      9.846    10.4382   3.784341    34.3254        360     1.4958  0.000e+00
      9.898    10.4379   3.784398    34.3263        361     1.5000  0.000e+00
      9.947    10.4381   3.784450    34.3266        362     1.5042  0.000e+00
     10.011    10.4383   3.784399    34.3258        363     1.5083  0.000e+00
     10.078    10.4384   3.784289    34.3246        364     1.5125  0.000e+00
     10.145    10.4380   3.784289    34.3250        365     1.5167  0.000e+00
     10.240    10.4378   3.784501    34.3272        366     1.5208  0.000e+00
     10.334    10.4381   3.784501    34.3269        367     1.5250  0.000e+00
     10.416    10.4385   3.784585    34.3274        368     1.5292  0.000e+00
     10.496    10.4390   3.784502    34.3260        369     1.5333  0.000e+00
     10.572    10.4391   3.784341    34.3242        370     1.5375  0.000e+00
     10.660    10.4386   3.784264    34.3238        371     1.5417  0.000e+00
     10.752    10.4379   3.784399    34.3259        372     1.5458  0.000e+00
     10.843    10.4377   3.784585    34.3279        373     1.5500  0.000e+00
     10.929    10.4383   3.784425    34.3257        374     1.5542  0.000e+00
     11.023    10.4383   3.784238    34.3237        375     1.5583  0.000e+00
     11.127    10.4376   3.784585    34.3279        376     1.5625  0.000e+00
     11.221    10.4378   3.784341    34.3252        377     1.5667  0.000e+00
     11.282    10.4378   3.784020    34.3219        378     1.5708  0.000e+00
     11.346    10.4365   3.783833    34.3212        379     1.5750  0.000e+00
     11.389    10.4350   3.783968    34.3240        380     1.5792  0.000e+00
     11.416    10.4342   3.783859    34.3236        381     1.5833  0.000e+00
     11.450    10.4333   3.783647    34.3223        382     1.5875  0.000e+00
     11.489    10.4321   3.783377    34.3207        383     1.5917  0.000e+00
     11.541    10.4305   3.783351    34.3219        384     1.5958  0.000e+00
     11.614    10.4289   3.783428    34.3241        385     1.6000  0.000e+00
     11.709    10.4286   3.783429    34.3244        386     1.6042  0.000e+00
     11.797    10.4283   3.783377    34.3241        387     1.6083  0.000e+00
     11.889    10.4281   3.783486    34.3253        388     1.6125  0.000e+00
     11.971    10.4283   3.783512    34.3254        389     1.6167  0.000e+00
     12.069    10.4286   3.783538    34.3254        390     1.6208  0.000e+00
     12.151    10.4289   3.783673    34.3264        391     1.6250  0.000e+00
     12.245    10.4295   3.783699    34.3260        392     1.6292  0.000e+00
     12.349    10.4301   3.783622    34.3246        393     1.6333  0.000e+00
     12.443    10.4302   3.783217    34.3204        394     1.6375  0.000e+00
     12.547    10.4302   3.783673    34.3250        395     1.6417  0.000e+00
     12.617    10.4301   3.783750    34.3258        396     1.6458  0.000e+00
     12.678    10.4304   3.783860    34.3266        397     1.6500  0.000e+00
     12.721    10.4312   3.783943    34.3267        398     1.6542  0.000e+00
     12.745    10.4319   3.783969    34.3262        399     1.6583  0.000e+00
     12.788    10.4322   3.783917    34.3254        400     1.6625  0.000e+00
     12.815    10.4324   3.783834    34.3244        401     1.6667  0.000e+00
     12.855    10.4322   3.783860    34.3248        402     1.6708  0.000e+00
     12.904    10.4321   3.783943    34.3257        403     1.6750  0.000e+00
     12.949    10.4321   3.783995    34.3262        404     1.6792  0.000e+00
     13.007    10.4326   3.783995    34.3257        405     1.6833  0.000e+00
     13.081    10.4328   3.784046    34.3260        406     1.6875  0.000e+00
     13.154    10.4330   3.783995    34.3253        407     1.6917  0.000e+00
     13.227    10.4330   3.783918    34.3245        408     1.6958  0.000e+00
     13.315    10.4326   3.783860    34.3242        409     1.7000  0.000e+00
     13.404    10.4321   3.783834    34.3244        410     1.7042  0.000e+00
     13.498    10.4316   3.783834    34.3249        411     1.7083  0.000e+00
     13.602    10.4313   3.783808    34.3248        412     1.7125  0.000e+00
     13.696    10.4310   3.783751    34.3244        413     1.7167  0.000e+00
     13.788    10.4306   3.783648    34.3238        414     1.7208  0.000e+00
     13.888    10.4303   3.783725    34.3248        415     1.7250  0.000e+00
     13.974    10.4300   3.783674    34.3245        416     1.7292  0.000e+00
     14.059    10.4298   3.783699    34.3249        417     1.7333  0.000e+00
     14.154    10.4297   3.783674    34.3247        418     1.7375  0.000e+00
     14.248    10.4296   3.783725    34.3253        419     1.7417  0.000e+00
     14.336    10.4295   3.783789    34.3260        420     1.7458  0.000e+00
