PC2501/sbe038.cnv
* Sea-Bird SBE 19plus Data File:
* FileName = C:\cruise\data\sbe038.hex
* Software Version Seasave V 7.26.7.121
* Temperature SN = 4684
* Conductivity SN = 4684
* System UpLoad Time = Jan 19 2025 01:32:13
* NMEA Latitude = 36 34.09 N
* NMEA Longitude = 074 25.38 W
* NMEA UTC (Time) = Jan 19 2025  01:31:38
** Ship: Pisces
** Cruise:  PC2501
** Program:  AMAPPS
# nquan = 7
# nvalues = 4612                                  
# units = specified
# name 0 = depSM: Depth [salt water, m]
# name 1 = tv290C: Temperature [ITS-90, deg C]
# name 2 = c0S/m: Conductivity [S/m]
# name 3 = sal00: Salinity, Practical [PSU]
# name 4 = scan: Scan Count
# name 5 = timeM: Time, Elapsed [minutes]
# name 6 = flag:  0.000e+00
# span 0 =      0.008,    202.196                 
# span 1 =    11.7580,    15.9774                 
# span 2 =  -0.000079,   4.504421                 
# span 3 =     0.0000,    36.0509                 
# span 4 =         11,       4622                 
# span 5 =     0.0417,    19.2542                 
# span 6 = 0.0000e+00, 0.0000e+00                 
# interval = seconds: 0.25
# start_time = Jan 19 2025 01:31:38 [NMEA time, header]
# bad_flag = -9.990e-29
*END*
[from data line 616]
    117.374    14.4560   4.274018    35.2806        627     2.6083  0.000e+00
    117.518    14.4706   4.276409    35.2893        628     2.6125  0.000e+00
    117.655    14.4882   4.279416    35.3010        629     2.6167  0.000e+00
    117.792    14.5080   4.280963    35.2972        630     2.6208  0.000e+00
    117.923    14.5252   4.283700    35.3067        631     2.6250  0.000e+00
    118.057    14.5424   4.288109    35.3317        632     2.6292  0.000e+00
    118.191    14.5667   4.291274    35.3387        633     2.6333  0.000e+00
    118.325    14.5925   4.291748    35.3194        634     2.6375  0.000e+00
    118.466    14.6082   4.293006    35.3167        635     2.6417  0.000e+00
    118.621    14.6211   4.296004    35.3324        636     2.6458  0.000e+00
    118.786    14.6369   4.299158    35.3471        637     2.6500  0.000e+00
    118.947    14.6565   4.303377    35.3680        638     2.6542  0.000e+00
    119.124    14.6799   4.309434    35.4023        639     2.6583  0.000e+00
    119.301    14.7126   4.312768    35.4031        640     2.6625  0.000e+00
    119.487    14.7450   4.313846    35.3834        641     2.6667  0.000e+00
    119.673    14.7670   4.316164    35.3846        642     2.6708  0.000e+00
    119.868    14.7851   4.317148    35.3771        643     2.6750  0.000e+00
    120.051    14.7990   4.318382    35.3756        644     2.6792  0.000e+00
    120.237    14.8091   4.318470    35.3673        645     2.6833  0.000e+00
    120.408    14.8157   4.321123    35.3855        646     2.6875  0.000e+00
    120.582    14.8261   4.324671    35.4085        647     2.6917  0.000e+00
    120.731    14.8444   4.326178    35.4056        648     2.6958  0.000e+00
    120.877    14.8614   4.327264    35.4001        649     2.7000  0.000e+00
    121.015    14.8737   4.327732    35.3931        650     2.7042  0.000e+00
    121.136    14.8821   4.328112    35.3889        651     2.7083  0.000e+00
    121.265    14.8872   4.328309    35.3860        652     2.7125  0.000e+00
    121.402    14.8902   4.329586    35.3949        653     2.7167  0.000e+00
    121.542    14.8945   4.329640    35.3914        654     2.7208  0.000e+00
    121.691    14.8981   4.331460    35.4048        655     2.7250  0.000e+00
    121.853    14.9038   4.332934    35.4130        656     2.7292  0.000e+00
    122.018    14.9119   4.333783    35.4134        657     2.7333  0.000e+00
    122.188    14.9187   4.334034    35.4094        658     2.7375  0.000e+00
    122.374    14.9229   4.334143    35.4066        659     2.7417  0.000e+00
    122.566    14.9254   4.334469    35.4071        660     2.7458  0.000e+00
    122.752    14.9274   4.334204    35.4028        661     2.7500  0.000e+00
    122.957    14.9278   4.334326    35.4036        662     2.7542  0.000e+00
    123.146    14.9280   4.334782    35.4074        663     2.7583  0.000e+00
    123.325    14.9294   4.335482    35.4125        664     2.7625  0.000e+00
    123.493    14.9326   4.336868    35.4221        665     2.7667  0.000e+00
    123.649    14.9379   4.337017    35.4186        666     2.7708  0.000e+00
    123.795    14.9428   4.337894    35.4222        667     2.7750  0.000e+00
    123.935    14.9474   4.338587    35.4242        668     2.7792  0.000e+00
    124.057    14.9523   4.341462    35.4460        669     2.7833  0.000e+00
    124.182    14.9618   4.344297    35.4632        670     2.7875  0.000e+00
    124.316    14.9778   4.345160    35.4565        671     2.7917  0.000e+00
    124.447    14.9912   4.346881    35.4601        672     2.7958  0.000e+00
    124.588    15.0029   4.348520    35.4644        673     2.8000  0.000e+00
    124.740    15.0146   4.350690    35.4735        674     2.8042  0.000e+00
    124.886    15.0261   4.351479    35.4701        675     2.8083  0.000e+00
    125.051    15.0357   4.351983    35.4660        676     2.8125  0.000e+00
    125.210    15.0418   4.352323    35.4635        677     2.8167  0.000e+00
    125.368    15.0468   4.352561    35.4611        678     2.8208  0.000e+00
    125.542    15.0497   4.355753    35.4875        679     2.8250  0.000e+00
    125.707    15.0606   4.358319    35.5009        680     2.8292  0.000e+00
    125.871    15.0765   4.359518    35.4974        681     2.8333  0.000e+00
    126.030    15.0897   4.362398    35.5116        682     2.8375  0.000e+00
    126.194    15.1055   4.367801    35.5464        683     2.8417  0.000e+00
    126.356    15.1300   4.369423    35.5388        684     2.8458  0.000e+00
    126.514    15.1528   4.368823    35.5126        685     2.8500  0.000e+00
    126.679    15.1633   4.372449    35.5360        686     2.8542  0.000e+00
    126.828    15.1760   4.377332    35.5689        687     2.8583  0.000e+00
    126.993    15.1997   4.379835    35.5700        688     2.8625  0.000e+00
    127.155    15.2231   4.381445    35.5633        689     2.8667  0.000e+00
    127.316    15.2382   4.383560    35.5688        690     2.8708  0.000e+00
    127.463    15.2528   4.384277    35.5620        691     2.8750  0.000e+00
    127.621    15.2646   4.386495    35.5714        692     2.8792  0.000e+00
    127.780    15.2765   4.386966    35.5649        693     2.8833  0.000e+00
    127.935    15.2850   4.388024    35.5666        694     2.8875  0.000e+00
    128.100    15.2914   4.388755    35.5674        695     2.8917  0.000e+00
    128.258    15.2962   4.389581    35.5705        696     2.8958  0.000e+00
    128.414    15.3005   4.390401    35.5740        697     2.9000  0.000e+00
    128.575    15.3049   4.391377    35.5787        698     2.9042  0.000e+00
    128.728    15.3092   4.392375    35.5838        699     2.9083  0.000e+00
    128.889    15.3146   4.393843    35.5922        700     2.9125  0.000e+00
    129.054    15.3207   4.395346    35.6003        701     2.9167  0.000e+00
    129.203    15.3275   4.397075    35.6097        702     2.9208  0.000e+00
    129.359    15.3347   4.397082    35.6032        703     2.9250  0.000e+00
    129.523    15.3387   4.397177    35.6003        704     2.9292  0.000e+00
    129.688    15.3402   4.399412    35.6192        705     2.9333  0.000e+00
    129.856    15.3447   4.401860    35.6372        706     2.9375  0.000e+00
    130.023    15.3523   4.403925    35.6490        707     2.9417  0.000e+00
    130.188    15.3608   4.405463    35.6551        708     2.9458  0.000e+00
    130.350    15.3693   4.407474    35.6656        709     2.9500  0.000e+00
    130.523    15.3778   4.411182    35.6914        710     2.9542  0.000e+00
    130.673    15.3887   4.412674    35.6949        711     2.9583  0.000e+00
    130.819    15.3998   4.413029    35.6880        712     2.9625  0.000e+00
    130.962    15.4079   4.416493    35.7120        713     2.9667  0.000e+00
    131.096    15.4181   4.421382    35.7470        714     2.9708  0.000e+00
    131.218    15.4351   4.423074    35.7467        715     2.9750  0.000e+00
    131.325    15.4504   4.427294    35.7710        716     2.9792  0.000e+00
    131.435    15.4696   4.433032    35.8054        717     2.9833  0.000e+00
    131.532    15.4929   4.436542    35.8160        718     2.9875  0.000e+00
    131.633    15.5170   4.439849    35.8238        719     2.9917  0.000e+00
    131.737    15.5394   4.444954    35.8496        720     2.9958  0.000e+00
    131.849    15.5654   4.447762    35.8513        721     3.0000  0.000e+00
    131.983    15.5904   4.453647    35.8815        722     3.0042  0.000e+00
    132.118    15.6197   4.462066    35.9308        723     3.0083  0.000e+00
    132.270    15.6563   4.472824    35.9944        724     3.0125  0.000e+00
    132.438    15.7062   4.482759    36.0384        725     3.0167  0.000e+00
    132.605    15.7640   4.489373    36.0451        726     3.0208  0.000e+00
    132.791    15.8151   4.487318    35.9800        727     3.0250  0.000e+00
    132.977    15.8381   4.486112    35.9481        728     3.0292  0.000e+00
    133.169    15.8411   4.486657    35.9502        729     3.0333  0.000e+00
    133.371    15.8403   4.487684    35.9600        730     3.0375  0.000e+00
    133.566    15.8426   4.490096    35.9796        731     3.0417  0.000e+00
    133.749    15.8477   4.491033    35.9833        732     3.0458  0.000e+00
    133.922    15.8504   4.490399    35.9750        733     3.0500  0.000e+00
    134.063    15.8487   4.488766    35.9618        734     3.0542  0.000e+00
    134.194    15.8387   4.487622    35.9606        735     3.0583  0.000e+00
    134.319    15.8243   4.484783    35.9481        736     3.0625  0.000e+00
    134.425    15.8037   4.480285    35.9265        737     3.0667  0.000e+00
    134.526    15.7727   4.476189    35.9178        738     3.0708  0.000e+00
    134.608    15.7343   4.472638    35.9207        739     3.0750  0.000e+00
    134.700    15.6974   4.471317    35.9423        740     3.0792  0.000e+00
    134.791    15.6716   4.470265    35.9564        741     3.0833  0.000e+00
    134.892    15.6541   4.468635    35.9576        742     3.0875  0.000e+00
    134.998    15.6389   4.467445    35.9607        743     3.0917  0.000e+00
    135.114    15.6251   4.467383    35.9727        744     3.0958  0.000e+00
    135.242    15.6160   4.466358    35.9717        745     3.1000  0.000e+00
    135.386    15.6083   4.465939    35.9749        746     3.1042  0.000e+00
    135.541    15.6011   4.465011    35.9730        747     3.1083  0.000e+00
    135.693    15.5946   4.463147    35.9620        748     3.1125  0.000e+00
    135.858    15.5835   4.462701    35.9681        749     3.1167  0.000e+00
    136.035    15.5738   4.462701    35.9769        750     3.1208  0.000e+00
    136.215    15.5687   4.460185    35.9587        751     3.1250  0.000e+00
    136.398    15.5590   4.457003    35.9387        752     3.1292  0.000e+00
    136.574    15.5401   4.455835    35.9453        753     3.1333  0.000e+00
    136.751    15.5223   4.455505    35.9586        754     3.1375  0.000e+00
    136.934    15.5110   4.453864    35.9539        755     3.1417  0.000e+00
    137.105    15.4999   4.452875    35.9551        756     3.1458  0.000e+00
    137.266    15.4884   4.451432    35.9525        757     3.1500  0.000e+00
    137.422    15.4773   4.449977    35.9494        758     3.1542  0.000e+00
    137.577    15.4644   4.447793    35.9413        759     3.1583  0.000e+00
    137.739    15.4490   4.445734    35.9366        760     3.1625  0.000e+00
    137.879    15.4326   4.445041    35.9453        761     3.1667  0.000e+00
    138.019    15.4193   4.444595    35.9535        762     3.1708  0.000e+00
    138.172    15.4107   4.443909    35.9550        763     3.1750  0.000e+00
    138.303    15.4042   4.443223    35.9547        764     3.1792  0.000e+00
    138.434    15.3977   4.442680    35.9557        765     3.1833  0.000e+00
    138.565    15.3916   4.441823    35.9534        766     3.1875  0.000e+00
    138.687    15.3854   4.441583    35.9569        767     3.1917  0.000e+00
    138.809    15.3806   4.441151    35.9573        768     3.1958  0.000e+00
    138.922    15.3765   4.440423    35.9544        769     3.2000  0.000e+00
    139.043    15.3716   4.439977    35.9548        770     3.2042  0.000e+00
    139.150    15.3665   4.439470    35.9548        771     3.2083  0.000e+00
    139.263    15.3618   4.439319    35.9577        772     3.2125  0.000e+00
    139.379    15.3584   4.439230    35.9599        773     3.2167  0.000e+00
    139.492    15.3564   4.438695    35.9568        774     3.2208  0.000e+00
    139.610    15.3536   4.437796    35.9513        775     3.2250  0.000e+00
    139.732    15.3488   4.437680    35.9545        776     3.2292  0.000e+00
    139.866    15.3448   4.437618    35.9575        777     3.2333  0.000e+00
    140.016    15.3425   4.437145    35.9553        778     3.2375  0.000e+00
    140.174    15.3398   4.436432    35.9513        779     3.2417  0.000e+00
    140.339    15.3356   4.435897    35.9502        780     3.2458  0.000e+00
    140.510    15.3313   4.435479    35.9503        781     3.2500  0.000e+00
    140.689    15.3273   4.434258    35.9428        782     3.2542  0.000e+00
    140.872    15.3213   4.432709    35.9341        783     3.2583  0.000e+00
    141.058    15.3120   4.432421    35.9400        784     3.2625  0.000e+00
    141.244    15.3049   4.430481    35.9288        785     3.2667  0.000e+00
    141.442    15.2935   4.427568    35.9126        786     3.2708  0.000e+00
    141.628    15.2765   4.420354    35.8625        787     3.2750  0.000e+00
    141.802    15.2427   4.416267    35.8562        788     3.2792  0.000e+00
    141.967    15.2031   4.412476    35.8579        789     3.2833  0.000e+00
    142.119    15.1697   4.409014    35.8569        790     3.2875  0.000e+00
    142.241    15.1356   4.403406    35.8369        791     3.2917  0.000e+00
    142.363    15.0967   4.399449    35.8364        792     3.2958  0.000e+00
    142.467    15.0604   4.394502    35.8245        793     3.3000  0.000e+00
    142.564    15.0235   4.393710    35.8510        794     3.3042  0.000e+00
    142.656    14.9965   4.393184    35.8710        795     3.3083  0.000e+00
    142.735    14.9824   4.391470    35.8683        796     3.3125  0.000e+00
    142.829    14.9699   4.391327    35.8784        797     3.3167  0.000e+00
    142.927    14.9617   4.390767    35.8808        798     3.3208  0.000e+00
    143.021    14.9565   4.391771    35.8947        799     3.3250  0.000e+00
    143.140    14.9558   4.388650    35.8667        800     3.3292  0.000e+00
    143.259    14.9485   4.387995    35.8674        801     3.3333  0.000e+00
    143.378    14.9386   4.388329    35.8795        802     3.3375  0.000e+00
    143.515    14.9340   4.387947    35.8802        803     3.3417  0.000e+00
    143.664    14.9315   4.386800    35.8719        804     3.3458  0.000e+00
    143.808    14.9266   4.386596    35.8745        805     3.3500  0.000e+00
    143.966    14.9223   4.385729    35.8704        806     3.3542  0.000e+00
    144.137    14.9178   4.385183    35.8695        807     3.3583  0.000e+00
    144.305    14.9126   4.383627    35.8599        808     3.3625  0.000e+00
    144.484    14.9052   4.382364    35.8551        809     3.3667  0.000e+00
    144.658    14.8955   4.382112    35.8617        810     3.3708  0.000e+00
    144.823    14.8892   4.380932    35.8565        811     3.3750  0.000e+00
    144.987    14.8821   4.380523    35.8593        812     3.3792  0.000e+00
    145.149    14.8752   4.379438    35.8556        813     3.3833  0.000e+00
    145.292    14.8692   4.377828    35.8463        814     3.3875  0.000e+00
    145.432    14.8606   4.375332    35.8313        815     3.3917  0.000e+00
    145.570    14.8465   4.371500    35.8090        816     3.3958  0.000e+00
    145.692    14.8246   4.368168    35.7984        817     3.4000  0.000e+00
    145.807    14.7989   4.364890    35.7920        818     3.4042  0.000e+00
    145.920    14.7730   4.362473    35.7935        819     3.4083  0.000e+00
    146.030    14.7498   4.361635    35.8072        820     3.4125  0.000e+00
    146.149    14.7333   4.360430    35.8112        821     3.4167  0.000e+00
    146.274    14.7215   4.359382    35.8124        822     3.4208  0.000e+00
    146.417    14.7118   4.358163    35.8100        823     3.4250  0.000e+00
    146.557    14.7026   4.356645    35.8045        824     3.4292  0.000e+00
    146.722    14.6915   4.353582    35.7864        825     3.4333  0.000e+00
    146.880    14.6752   4.352725    35.7935        826     3.4375  0.000e+00
    147.057    14.6622   4.352419    35.8026        827     3.4417  0.000e+00
    147.237    14.6520   4.349997    35.7896        828     3.4458  0.000e+00
    147.417    14.6417   4.348004    35.7806        829     3.4500  0.000e+00
    147.609    14.6280   4.346474    35.7791        830     3.4542  0.000e+00
