PC2501/sbe006.cnv
* Sea-Bird SBE 19plus Data File:
* FileName = C:\cruise\data\sbe006.hex
* Software Version Seasave V 7.26.7.121
* Temperature SN = 4684
* Conductivity SN = 4684
* System UpLoad Time = Jan 10 2025 23:00:46
* NMEA Latitude = 37 32.06 N
* NMEA Longitude = 073 20.47 W
* NMEA UTC (Time) = Jan 10 2025  23:00:06
** Ship: Pisces
** Cruise:  PC2501
** Program:  AMAPPS
# nquan = 7
# nvalues = 5230                                  
# units = specified
# name 0 = depSM: Depth [salt water, m]
# name 1 = tv290C: Temperature [ITS-90, deg C]
# name 2 = c0S/m: Conductivity [S/m]
# name 3 = sal00: Salinity, Practical [PSU]
# name 4 = scan: Scan Count
# name 5 = timeM: Time, Elapsed [minutes]
# name 6 = flag:  0.000e+00
# span 0 =     -0.015,    200.691                 
# span 1 =     5.9740,    20.0662                 
# span 2 =  -0.000073,   4.956603                 
# span 3 =     0.0000,    41.9187                 
# span 4 =         11,       5240                 
# span 5 =     0.0417,    21.8292                 
# span 6 = 0.0000e+00, 0.0000e+00                 
# interval = seconds: 0.25
# start_time = Jan 10 2025 23:00:06 [NMEA time, header]
# bad_flag = -9.990e-29
*END*
[from data line 2462]
    161.923    12.8500   4.147728    35.5603       2473    10.3000  0.000e+00
    161.884    12.8629   4.147961    35.5504       2474    10.3042  0.000e+00
    161.859    12.8701   4.148275    35.5467       2475    10.3083  0.000e+00
    161.832    12.8748   4.147874    35.5384       2476    10.3125  0.000e+00
    161.805    12.8758   4.148101    35.5397       2477    10.3167  0.000e+00
    161.796    12.8764   4.147988    35.5380       2478    10.3208  0.000e+00
    161.783    12.8766   4.147874    35.5367       2479    10.3250  0.000e+00
    161.774    12.8761   4.147928    35.5377       2480    10.3292  0.000e+00
    161.771    12.8760   4.148101    35.5395       2481    10.3333  0.000e+00
    161.756    12.8765   4.147961    35.5377       2482    10.3375  0.000e+00
    161.753    12.8764   4.147901    35.5372       2483    10.3417  0.000e+00
    161.738    12.8758   4.148101    35.5397       2484    10.3458  0.000e+00
    161.719    12.8767   4.148448    35.5422       2485    10.3500  0.000e+00
    161.695    12.8782   4.148902    35.5451       2486    10.3542  0.000e+00
    161.668    12.8810   4.148848    35.5419       2487    10.3583  0.000e+00
    161.634    12.8827   4.148935    35.5412       2488    10.3625  0.000e+00
    161.601    12.8838   4.149049    35.5413       2489    10.3667  0.000e+00
    161.579    12.8849   4.149589    35.5454       2490    10.3708  0.000e+00
    161.549    12.8868   4.149449    35.5423       2491    10.3750  0.000e+00
    161.506    12.8885   4.149449    35.5408       2492    10.3792  0.000e+00
    161.470    12.8891   4.149302    35.5388       2493    10.3833  0.000e+00
    161.445    12.8887   4.149589    35.5420       2494    10.3875  0.000e+00
    161.406    12.8894   4.149389    35.5393       2495    10.3917  0.000e+00
    161.366    12.8895   4.149535    35.5407       2496    10.3958  0.000e+00
    161.354    12.8894   4.149736    35.5427       2497    10.4000  0.000e+00
    161.323    12.8904   4.150023    35.5445       2498    10.4042  0.000e+00
    161.299    12.8922   4.149936    35.5420       2499    10.4083  0.000e+00
    161.272    12.8931   4.150109    35.5429       2500    10.4125  0.000e+00
    161.241    12.8940   4.150076    35.5416       2501    10.4167  0.000e+00
    161.202    12.8946   4.150276    35.5431       2502    10.4208  0.000e+00
    161.153    12.8956   4.150683    35.5460       2503    10.4250  0.000e+00
    161.107    12.8975   4.151370    35.5509       2504    10.4292  0.000e+00
    161.058    12.9014   4.151624    35.5497       2505    10.4333  0.000e+00
    161.001    12.9052   4.151797    35.5478       2506    10.4375  0.000e+00
    160.937    12.9079   4.152258    35.5496       2507    10.4417  0.000e+00
    160.860    12.9112   4.152685    35.5507       2508    10.4458  0.000e+00
    160.787    12.9144   4.152972    35.5504       2509    10.4500  0.000e+00
    160.726    12.9177   4.153059    35.5482       2510    10.4542  0.000e+00
    160.662    12.9199   4.153206    35.5476       2511    10.4583  0.000e+00
    160.598    12.9215   4.153205    35.5461       2512    10.4625  0.000e+00
    160.544    12.9224   4.153372    35.5468       2513    10.4667  0.000e+00
    160.483    12.9234   4.153659    35.5487       2514    10.4708  0.000e+00
    160.431    12.9251   4.153779    35.5483       2515    10.4750  0.000e+00
    160.382    12.9268   4.153920    35.5481       2516    10.4792  0.000e+00
    160.355    12.9281   4.154006    35.5476       2517    10.4833  0.000e+00
    160.315    12.9291   4.153980    35.5465       2518    10.4875  0.000e+00
    160.285    12.9298   4.154293    35.5489       2519    10.4917  0.000e+00
    160.263    12.9311   4.154353    35.5482       2520    10.4958  0.000e+00
    160.239    12.9322   4.154380    35.5474       2521    10.5000  0.000e+00
    160.224    12.9329   4.154293    35.5460       2522    10.5042  0.000e+00
    160.206    12.9331   4.154320    35.5460       2523    10.5083  0.000e+00
    160.181    12.9330   4.154320    35.5461       2524    10.5125  0.000e+00
    160.151    12.9333   4.154494    35.5475       2525    10.5167  0.000e+00
    160.114    12.9339   4.154694    35.5489       2526    10.5208  0.000e+00
    160.065    12.9352   4.154754    35.5483       2527    10.5250  0.000e+00
    160.008    12.9361   4.155094    35.5507       2528    10.5292  0.000e+00
    159.944    12.9381   4.155668    35.5543       2529    10.5333  0.000e+00
    159.883    12.9414   4.155869    35.5531       2530    10.5375  0.000e+00
    159.819    12.9448   4.156476    35.5559       2531    10.5417  0.000e+00
    159.755    12.9485   4.156817    35.5557       2532    10.5458  0.000e+00
    159.694    12.9524   4.157852    35.5620       2533    10.5500  0.000e+00
    159.630    12.9583   4.158887    35.5663       2534    10.5542  0.000e+00
    159.575    12.9660   4.159608    35.5660       2535    10.5583  0.000e+00
    159.517    12.9738   4.159608    35.5586       2536    10.5625  0.000e+00
    159.468    12.9787   4.159661    35.5546       2537    10.5667  0.000e+00
    159.432    12.9813   4.159434    35.5500       2538    10.5708  0.000e+00
    159.389    12.9819   4.159287    35.5481       2539    10.5750  0.000e+00
    159.368    12.9813   4.159234    35.5481       2540    10.5792  0.000e+00
    159.340    12.9803   4.158913    35.5460       2541    10.5833  0.000e+00
    159.319    12.9794   4.159260    35.5502       2542    10.5875  0.000e+00
    159.283    12.9792   4.158713    35.5451       2543    10.5917  0.000e+00
    159.258    12.9782   4.158573    35.5448       2544    10.5958  0.000e+00
    159.231    12.9762   4.159287    35.5535       2545    10.6000  0.000e+00
    159.197    12.9772   4.158339    35.5435       2546    10.6042  0.000e+00
    159.161    12.9761   4.158052    35.5418       2547    10.6083  0.000e+00
    159.109    12.9735   4.158025    35.5440       2548    10.6125  0.000e+00
    159.054    12.9722   4.159000    35.5546       2549    10.6167  0.000e+00
    158.993    12.9737   4.158285    35.5464       2550    10.6208  0.000e+00
    158.932    12.9742   4.158085    35.5440       2551    10.6250  0.000e+00
    158.868    12.9727   4.158085    35.5454       2552    10.6292  0.000e+00
    158.807    12.9718   4.157651    35.5422       2553    10.6333  0.000e+00
    158.734    12.9703   4.157390    35.5411       2554    10.6375  0.000e+00
    158.664    12.9682   4.157364    35.5428       2555    10.6417  0.000e+00
    158.603    12.9668   4.157137    35.5420       2556    10.6458  0.000e+00
    158.536    12.9655   4.154893    35.5218       2557    10.6500  0.000e+00
    158.472    12.9587   4.152917    35.5093       2558    10.6542  0.000e+00
    158.405    12.9479   4.152630    35.5168       2559    10.6583  0.000e+00
    158.335    12.9401   4.152170    35.5197       2560    10.6625  0.000e+00
    158.271    12.9352   4.151943    35.5221       2561    10.6667  0.000e+00
    158.204    12.9329   4.151856    35.5235       2562    10.6708  0.000e+00
    158.146    12.9317   4.151769    35.5239       2563    10.6750  0.000e+00
    158.101    12.9311   4.151683    35.5236       2564    10.6792  0.000e+00
    158.052    12.9311   4.151682    35.5236       2565    10.6833  0.000e+00
    158.015    12.9311   4.151682    35.5236       2566    10.6875  0.000e+00
    157.982    12.9314   4.151656    35.5231       2567    10.6917  0.000e+00
    157.951    12.9315   4.151369    35.5202       2568    10.6958  0.000e+00
    157.933    12.9307   4.151369    35.5210       2569    10.7000  0.000e+00
    157.918    12.9302   4.151509    35.5228       2570    10.7042  0.000e+00
    157.903    12.9305   4.151569    35.5232       2571    10.7083  0.000e+00
    157.909    12.9306   4.151542    35.5228       2572    10.7125  0.000e+00
    157.912    12.9305   4.151569    35.5232       2573    10.7167  0.000e+00
    157.909    12.9305   4.151509    35.5225       2574    10.7208  0.000e+00
    157.897    12.9304   4.151482    35.5225       2575    10.7250  0.000e+00
    157.872    12.9306   4.151542    35.5228       2576    10.7292  0.000e+00
    157.851    12.9310   4.151195    35.5191       2577    10.7333  0.000e+00
    157.814    12.9302   4.151335    35.5212       2578    10.7375  0.000e+00
    157.760    12.9298   4.151395    35.5222       2579    10.7417  0.000e+00
    157.714    12.9300   4.151309    35.5212       2580    10.7458  0.000e+00
    157.656    12.9298   4.150935    35.5178       2581    10.7500  0.000e+00
    157.586    12.9286   4.150968    35.5193       2582    10.7542  0.000e+00
    157.501    12.9276   4.150735    35.5180       2583    10.7583  0.000e+00
    157.421    12.9267   4.149874    35.5107       2584    10.7625  0.000e+00
    157.345    12.9242   4.148533    35.5002       2585    10.7667  0.000e+00
    157.266    12.9182   4.146238    35.4839       2586    10.7708  0.000e+00
    157.184    12.9077   4.145524    35.4870       2587    10.7750  0.000e+00
    157.086    12.8981   4.144750    35.4886       2588    10.7792  0.000e+00
    156.989    12.8916   4.144464    35.4920       2589    10.7833  0.000e+00
    156.882    12.8862   4.144864    35.5010       2590    10.7875  0.000e+00
    156.788    12.8841   4.143150    35.4866       2591    10.7917  0.000e+00
    156.693    12.8790   4.140463    35.4657       2592    10.7958  0.000e+00
    156.620    12.8664   4.138916    35.4627       2593    10.8000  0.000e+00
    156.532    12.8532   4.138316    35.4694       2594    10.8042  0.000e+00
    156.465    12.8432   4.138317    35.4788       2595    10.8083  0.000e+00
    156.410    12.8382   4.138150    35.4819       2596    10.8125  0.000e+00
    156.358    12.8356   4.138290    35.4858       2597    10.8167  0.000e+00
    156.313    12.8349   4.137777    35.4815       2598    10.8208  0.000e+00
    156.270    12.8334   4.137464    35.4799       2599    10.8250  0.000e+00
    156.233    12.8307   4.137317    35.4810       2600    10.8292  0.000e+00
    156.200    12.8289   4.138317    35.4923       2601    10.8333  0.000e+00
    156.182    12.8307   4.138403    35.4915       2602    10.8375  0.000e+00
    156.154    12.8332   4.138230    35.4875       2603    10.8417  0.000e+00
    156.130    12.8341   4.138003    35.4845       2604    10.8458  0.000e+00
    156.124    12.8336   4.137890    35.4839       2605    10.8500  0.000e+00
    156.112    12.8325   4.137350    35.4798       2606    10.8542  0.000e+00
    156.102    12.8304   4.137690    35.4850       2607    10.8583  0.000e+00
    156.099    12.8297   4.138317    35.4916       2608    10.8625  0.000e+00
    156.093    12.8318   4.138263    35.4892       2609    10.8667  0.000e+00
    156.084    12.8336   4.137977    35.4848       2610    10.8708  0.000e+00
    156.075    12.8334   4.137863    35.4839       2611    10.8750  0.000e+00
    156.051    12.8324   4.137803    35.4842       2612    10.8792  0.000e+00
    156.026    12.8317   4.138003    35.4868       2613    10.8833  0.000e+00
    155.981    12.8317   4.137690    35.4838       2614    10.8875  0.000e+00
    155.935    12.8312   4.137750    35.4848       2615    10.8917  0.000e+00
    155.886    12.8312   4.137517    35.4826       2616    10.8958  0.000e+00
    155.813    12.8301   4.137463    35.4832       2617    10.9000  0.000e+00
    155.737    12.8294   4.137690    35.4861       2618    10.9042  0.000e+00
    155.639    12.8297   4.137377    35.4828       2619    10.9083  0.000e+00
    155.530    12.8289   4.137150    35.4814       2620    10.9125  0.000e+00
    155.420    12.8275   4.135664    35.4685       2621    10.9167  0.000e+00
    155.286    12.8223   4.132066    35.4390       2622    10.9208  0.000e+00
    155.176    12.8074   4.128623    35.4200       2623    10.9250  0.000e+00
    155.061    12.7882   4.126399    35.4167       2624    10.9292  0.000e+00
    154.951    12.7694   4.125747    35.4281       2625    10.9333  0.000e+00
    154.853    12.7572   4.124436    35.4270       2626    10.9375  0.000e+00
    154.759    12.7476   4.123497    35.4271       2627    10.9417  0.000e+00
    154.689    12.7399   4.123298    35.4325       2628    10.9458  0.000e+00
    154.634    12.7349   4.123071    35.4350       2629    10.9500  0.000e+00
    154.601    12.7317   4.122932    35.4367       2630    10.9542  0.000e+00
    154.588    12.7297   4.122646    35.4358       2631    10.9583  0.000e+00
    154.591    12.7281   4.122532    35.4362       2632    10.9625  0.000e+00
    154.595    12.7265   4.122533    35.4377       2633    10.9667  0.000e+00
    154.607    12.7259   4.122732    35.4402       2634    10.9708  0.000e+00
    154.622    12.7260   4.122592    35.4387       2635    10.9750  0.000e+00
    154.628    12.7261   4.122306    35.4359       2636    10.9792  0.000e+00
    154.625    12.7250   4.122220    35.4361       2637    10.9833  0.000e+00
    154.610    12.7241   4.122193    35.4367       2638    10.9875  0.000e+00
    154.576    12.7234   4.122306    35.4384       2639    10.9917  0.000e+00
    154.528    12.7232   4.122280    35.4384       2640    10.9958  0.000e+00
    154.454    12.7236   4.122220    35.4375       2641    11.0000  0.000e+00
    154.381    12.7234   4.122246    35.4379       2642    11.0042  0.000e+00
    154.281    12.7235   4.122532    35.4407       2643    11.0083  0.000e+00
    154.186    12.7243   4.122705    35.4416       2644    11.0125  0.000e+00
    154.098    12.7259   4.122619    35.4393       2645    11.0167  0.000e+00
    154.001    12.7266   4.122785    35.4403       2646    11.0208  0.000e+00
    153.912    12.7272   4.122619    35.4381       2647    11.0250  0.000e+00
    153.821    12.7274   4.122532    35.4372       2648    11.0292  0.000e+00
    153.739    12.7270   4.122818    35.4404       2649    11.0333  0.000e+00
    153.668    12.7276   4.123411    35.4455       2650    11.0375  0.000e+00
    153.614    12.7302   4.123384    35.4428       2651    11.0417  0.000e+00
    153.559    12.7320   4.123018    35.4377       2652    11.0458  0.000e+00
    153.513    12.7315   4.123158    35.4395       2653    11.0500  0.000e+00
    153.477    12.7315   4.123610    35.4439       2654    11.0542  0.000e+00
    153.452    12.7329   4.123783    35.4443       2655    11.0583  0.000e+00
    153.422    12.7349   4.123610    35.4407       2656    11.0625  0.000e+00
    153.394    12.7353   4.123497    35.4392       2657    11.0667  0.000e+00
    153.370    12.7349   4.123497    35.4396       2658    11.0708  0.000e+00
    153.346    12.7347   4.124582    35.4502       2659    11.0750  0.000e+00
    153.333    12.7378   4.124549    35.4471       2660    11.0792  0.000e+00
    153.303    12.7407   4.125574    35.4542       2661    11.0833  0.000e+00
    153.260    12.7458   4.125747    35.4511       2662    11.0875  0.000e+00
    153.224    12.7498   4.125687    35.4468       2663    11.0917  0.000e+00
    153.175    12.7515   4.124974    35.4383       2664    11.0958  0.000e+00
    153.120    12.7500   4.123557    35.4261       2665    11.1000  0.000e+00
    153.062    12.7436   4.123696    35.4335       2666    11.1042  0.000e+00
    152.998    12.7391   4.124036    35.4410       2667    11.1083  0.000e+00
    152.919    12.7385   4.123610    35.4376       2668    11.1125  0.000e+00
    152.840    12.7375   4.124096    35.4432       2669    11.1167  0.000e+00
    152.764    12.7381   4.125573    35.4569       2670    11.1208  0.000e+00
    152.685    12.7440   4.125720    35.4528       2671    11.1250  0.000e+00
    152.596    12.7487   4.125833    35.4494       2672    11.1292  0.000e+00
    152.499    12.7516   4.125487    35.4435       2673    11.1333  0.000e+00
    152.401    12.7520   4.124495    35.4336       2674    11.1375  0.000e+00
    152.316    12.7476   4.118499    35.3802       2675    11.1417  0.000e+00
    152.234    12.7286   4.118014    35.3934       2676    11.1458  0.000e+00
