PC2501/sbe004.cnv
* Sea-Bird SBE 19plus Data File:
* FileName = C:\cruise\data\sbe004.hex
* Software Version Seasave V 7.26.7.121
* Temperature SN = 4684
* Conductivity SN = 4684
* System UpLoad Time = Jan 09 2025 01:54:20
* NMEA Latitude = 37 02.84 N
* NMEA Longitude = 075 25.81 W
* NMEA UTC (Time) = Jan 09 2025  01:53:39
** Ship: Pisces
** Cruise:  PC2501
** Program:  AMAPPS
# nquan = 7
# nvalues = 1268                                  
# units = specified
# name 0 = depSM: Depth [salt water, m]
# name 1 = tv290C: Temperature [ITS-90, deg C]
# name 2 = c0S/m: Conductivity [S/m]
# name 3 = sal00: Salinity, Practical [PSU]
# name 4 = scan: Scan Count
# name 5 = timeM: Time, Elapsed [minutes]
# name 6 = flag:  0.000e+00
# span 0 =     -0.077,     21.879                 
# span 1 =     0.6329,     9.7153                 
# span 2 =   0.133160,   3.679469                 
# span 3 =     0.9900,    34.6847                 
# span 4 =         11,       1278                 
# span 5 =     0.0417,     5.3208                 
# span 6 = 0.0000e+00, 0.0000e+00                 
# interval = seconds: 0.25
# start_time = Jan 09 2025 01:53:39 [NMEA time, header]
# bad_flag = -9.990e-29
*END*
[from data line 411]
     21.647     9.7140   3.679183    33.9327        422     1.7542  0.000e+00
     21.580     9.7134   3.679234    33.9338        423     1.7583  0.000e+00
     21.492     9.7129   3.678922    33.9311        424     1.7625  0.000e+00
     21.419     9.7118   3.679132    33.9343        425     1.7667  0.000e+00
     21.358     9.7114   3.679234    33.9358        426     1.7708  0.000e+00
     21.303     9.7121   3.679234    33.9351        427     1.7750  0.000e+00
     21.266     9.7125   3.679132    33.9337        428     1.7792  0.000e+00
     21.233     9.7125   3.679208    33.9345        429     1.7833  0.000e+00
     21.211     9.7127   3.679208    33.9344        430     1.7875  0.000e+00
     21.184     9.7124   3.679208    33.9346        431     1.7917  0.000e+00
     21.172     9.7125   3.679157    33.9340        432     1.7958  0.000e+00
     21.159     9.7124   3.679208    33.9347        433     1.8000  0.000e+00
     21.144     9.7124   3.679208    33.9347        434     1.8042  0.000e+00
     21.138     9.7125   3.679183    33.9342        435     1.8083  0.000e+00
     21.135     9.7128   3.679208    33.9343        436     1.8125  0.000e+00
     21.141     9.7126   3.679208    33.9345        437     1.8167  0.000e+00
     21.147     9.7126   3.679183    33.9342        438     1.8208  0.000e+00
     21.153     9.7126   3.679157    33.9339        439     1.8250  0.000e+00
     21.168     9.7127   3.679183    33.9341        440     1.8292  0.000e+00
     21.190     9.7127   3.679208    33.9343        441     1.8333  0.000e+00
     21.211     9.7125   3.679234    33.9347        442     1.8375  0.000e+00
     21.235     9.7127   3.679234    33.9346        443     1.8417  0.000e+00
     21.260     9.7130   3.679234    33.9343        444     1.8458  0.000e+00
     21.287     9.7130   3.679234    33.9343        445     1.8500  0.000e+00
     21.306     9.7129   3.679259    33.9346        446     1.8542  0.000e+00
     21.321     9.7129   3.679259    33.9346        447     1.8583  0.000e+00
     21.339     9.7130   3.679234    33.9343        448     1.8625  0.000e+00
     21.342     9.7130   3.679234    33.9343        449     1.8667  0.000e+00
     21.342     9.7129   3.679259    33.9346        450     1.8708  0.000e+00
     21.339     9.7131   3.679259    33.9344        451     1.8750  0.000e+00
     21.336     9.7131   3.679285    33.9346        452     1.8792  0.000e+00
     21.333     9.7131   3.679342    33.9353        453     1.8833  0.000e+00
     21.327     9.7134   3.679342    33.9350        454     1.8875  0.000e+00
     21.321     9.7136   3.679367    33.9351        455     1.8917  0.000e+00
     21.318     9.7138   3.679367    33.9348        456     1.8958  0.000e+00
     21.315     9.7141   3.679393    33.9348        457     1.9000  0.000e+00
     21.321     9.7142   3.679393    33.9348        458     1.9042  0.000e+00
     21.324     9.7143   3.679367    33.9344        459     1.9083  0.000e+00
     21.333     9.7143   3.679342    33.9341        460     1.9125  0.000e+00
     21.336     9.7143   3.679342    33.9341        461     1.9167  0.000e+00
     21.363     9.7140   3.679234    33.9333        462     1.9208  0.000e+00
     21.372     9.7137   3.679157    33.9328        463     1.9250  0.000e+00
     21.397     9.7131   3.679030    33.9321        464     1.9292  0.000e+00
     21.427     9.7122   3.678973    33.9323        465     1.9333  0.000e+00
     21.436     9.7113   3.679030    33.9337        466     1.9375  0.000e+00
     21.461     9.7110   3.679081    33.9345        467     1.9417  0.000e+00
     21.476     9.7111   3.679158    33.9352        468     1.9458  0.000e+00
     21.482     9.7115   3.679234    33.9356        469     1.9500  0.000e+00
     21.494     9.7119   3.679234    33.9352        470     1.9542  0.000e+00
     21.503     9.7124   3.679342    33.9359        471     1.9583  0.000e+00
     21.497     9.7128   3.679132    33.9333        472     1.9625  0.000e+00
     21.488     9.7127   3.679208    33.9342        473     1.9667  0.000e+00
     21.451     9.7124   3.679132    33.9337        474     1.9708  0.000e+00
     21.406     9.7122   3.679183    33.9344        475     1.9750  0.000e+00
     21.345     9.7121   3.679285    33.9356        476     1.9792  0.000e+00
     21.266     9.7127   3.678922    33.9314        477     1.9833  0.000e+00
     21.177     9.7120   3.678585    33.9287        478     1.9875  0.000e+00
     21.073     9.7100   3.679367    33.9386        479     1.9917  0.000e+00
     20.964     9.7109   3.679418    33.9383        480     1.9958  0.000e+00
     20.866     9.7130   3.679310    33.9353        481     2.0000  0.000e+00
     20.775     9.7137   3.679259    33.9341        482     2.0042  0.000e+00
     20.686     9.7139   3.679259    33.9340        483     2.0083  0.000e+00
     20.634     9.7140   3.679106    33.9323        484     2.0125  0.000e+00
     20.601     9.7136   3.679208    33.9337        485     2.0167  0.000e+00
     20.589     9.7133   3.679157    33.9336        486     2.0208  0.000e+00
     20.592     9.7130   3.679081    33.9330        487     2.0250  0.000e+00
     20.634     9.7124   3.678820    33.9309        488     2.0292  0.000e+00
     20.674     9.7112   3.678534    33.9291        489     2.0333  0.000e+00
     20.720     9.7093   3.678560    33.9311        490     2.0375  0.000e+00
     20.781     9.7076   3.678560    33.9327        491     2.0417  0.000e+00
     20.842     9.7069   3.678407    33.9317        492     2.0458  0.000e+00
     20.893     9.7060   3.678248    33.9310        493     2.0500  0.000e+00
     20.939     9.7047   3.678299    33.9326        494     2.0542  0.000e+00
     20.976     9.7043   3.678433    33.9344        495     2.0583  0.000e+00
     20.997     9.7043   3.678382    33.9339        496     2.0625  0.000e+00
     21.003     9.7045   3.678407    33.9339        497     2.0667  0.000e+00
     20.994     9.7047   3.678585    33.9356        498     2.0708  0.000e+00
     20.976     9.7053   3.678484    33.9340        499     2.0750  0.000e+00
     20.957     9.7057   3.678611    33.9349        500     2.0792  0.000e+00
     20.921     9.7063   3.678687    33.9351        501     2.0833  0.000e+00
     20.890     9.7073   3.678636    33.9337        502     2.0875  0.000e+00
     20.866     9.7078   3.678744    33.9343        503     2.0917  0.000e+00
     20.832     9.7082   3.678770    33.9342        504     2.0958  0.000e+00
     20.793     9.7087   3.678744    33.9335        505     2.1000  0.000e+00
     20.765     9.7092   3.678820    33.9339        506     2.1042  0.000e+00
     20.729     9.7093   3.678846    33.9340        507     2.1083  0.000e+00
     20.692     9.7096   3.678846    33.9338        508     2.1125  0.000e+00
     20.671     9.7099   3.678820    33.9333        509     2.1167  0.000e+00
     20.646     9.7100   3.678820    33.9332        510     2.1208  0.000e+00
     20.622     9.7099   3.678871    33.9337        511     2.1250  0.000e+00
     20.591     9.7101   3.678871    33.9336        512     2.1292  0.000e+00
     20.561     9.7104   3.678846    33.9331        513     2.1333  0.000e+00
     20.524     9.7104   3.678820    33.9329        514     2.1375  0.000e+00
     20.491     9.7103   3.678820    33.9329        515     2.1417  0.000e+00
     20.454     9.7101   3.678871    33.9337        516     2.1458  0.000e+00
     20.424     9.7101   3.678897    33.9339        517     2.1500  0.000e+00
     20.384     9.7105   3.678922    33.9339        518     2.1542  0.000e+00
     20.353     9.7109   3.678896    33.9332        519     2.1583  0.000e+00
     20.320     9.7108   3.679055    33.9349        520     2.1625  0.000e+00
     20.283     9.7112   3.679081    33.9348        521     2.1667  0.000e+00
     20.262     9.7117   3.679055    33.9341        522     2.1708  0.000e+00
     20.238     9.7120   3.679055    33.9339        523     2.1750  0.000e+00
     20.222     9.7120   3.679055    33.9339        524     2.1792  0.000e+00
     20.210     9.7120   3.679182    33.9352        525     2.1833  0.000e+00
     20.216     9.7124   3.679310    33.9361        526     2.1875  0.000e+00
     20.207     9.7133   3.679418    33.9364        527     2.1917  0.000e+00
     20.198     9.7141   3.679284    33.9342        528     2.1958  0.000e+00
     20.180     9.7145   3.679081    33.9318        529     2.2000  0.000e+00
     20.140     9.7135   3.679182    33.9338        530     2.2042  0.000e+00
     20.085     9.7134   3.679310    33.9352        531     2.2083  0.000e+00
     20.036     9.7139   3.679284    33.9345        532     2.2125  0.000e+00
     19.969     9.7143   3.679284    33.9342        533     2.2167  0.000e+00
     19.920     9.7144   3.679233    33.9335        534     2.2208  0.000e+00
     19.863     9.7144   3.679259    33.9339        535     2.2250  0.000e+00
     19.811     9.7142   3.679309    33.9346        536     2.2292  0.000e+00
     19.762     9.7145   3.679309    33.9343        537     2.2333  0.000e+00
     19.728     9.7148   3.679367    33.9346        538     2.2375  0.000e+00
     19.707     9.7151   3.679284    33.9335        539     2.2417  0.000e+00
     19.683     9.7153   3.679341    33.9340        540     2.2458  0.000e+00
     19.673     9.7152   3.679367    33.9343        541     2.2500  0.000e+00
     19.673     9.7153   3.679341    33.9340        542     2.2542  0.000e+00
     19.686     9.7151   3.679367    33.9343        543     2.2583  0.000e+00
     19.710     9.7153   3.679341    33.9339        544     2.2625  0.000e+00
     19.731     9.7152   3.679284    33.9334        545     2.2667  0.000e+00
     19.759     9.7150   3.679259    33.9333        546     2.2708  0.000e+00
     19.777     9.7147   3.679233    33.9333        547     2.2750  0.000e+00
     19.798     9.7145   3.679284    33.9341        548     2.2792  0.000e+00
     19.801     9.7145   3.679259    33.9338        549     2.2833  0.000e+00
     19.801     9.7146   3.679284    33.9339        550     2.2875  0.000e+00
     19.792     9.7146   3.679233    33.9335        551     2.2917  0.000e+00
     19.771     9.7146   3.679233    33.9335        552     2.2958  0.000e+00
     19.759     9.7144   3.679233    33.9337        553     2.3000  0.000e+00
     19.719     9.7143   3.679259    33.9341        554     2.3042  0.000e+00
     19.673     9.7144   3.679284    33.9342        555     2.3083  0.000e+00
     19.624     9.7147   3.679259    33.9337        556     2.3125  0.000e+00
     19.563     9.7148   3.679233    33.9333        557     2.3167  0.000e+00
     19.490     9.7148   3.679233    33.9334        558     2.3208  0.000e+00
     19.402     9.7147   3.679258    33.9338        559     2.3250  0.000e+00
     19.322     9.7148   3.679182    33.9330        560     2.3292  0.000e+00
     19.246     9.7145   3.678972    33.9311        561     2.3333  0.000e+00
     19.179     9.7138   3.679030    33.9323        562     2.3375  0.000e+00
     19.127     9.7130   3.679131    33.9342        563     2.3417  0.000e+00
     19.097     9.7134   3.679131    33.9339        564     2.3458  0.000e+00
     19.085     9.7137   3.679131    33.9336        565     2.3500  0.000e+00
     19.075     9.7137   3.679131    33.9335        566     2.3542  0.000e+00
     19.091     9.7137   3.679157    33.9338        567     2.3583  0.000e+00
     19.118     9.7138   3.679157    33.9337        568     2.3625  0.000e+00
     19.155     9.7139   3.679080    33.9328        569     2.3667  0.000e+00
     19.191     9.7137   3.679030    33.9325        570     2.3708  0.000e+00
     19.234     9.7133   3.678921    33.9317        571     2.3750  0.000e+00
     19.273     9.7126   3.678744    33.9305        572     2.3792  0.000e+00
     19.295     9.7114   3.678534    33.9295        573     2.3833  0.000e+00
     19.322     9.7099   3.678432    33.9298        574     2.3875  0.000e+00
     19.325     9.7082   3.678458    33.9317        575     2.3917  0.000e+00
     19.316     9.7075   3.678585    33.9337        576     2.3958  0.000e+00
     19.298     9.7076   3.678686    33.9347        577     2.4000  0.000e+00
     19.255     9.7085   3.678845    33.9355        578     2.4042  0.000e+00
     19.200     9.7094   3.678820    33.9344        579     2.4083  0.000e+00
     19.130     9.7102   3.678845    33.9339        580     2.4125  0.000e+00
     19.060     9.7105   3.678896    33.9342        581     2.4167  0.000e+00
     18.984     9.7109   3.678769    33.9326        582     2.4208  0.000e+00
     18.923     9.7108   3.678972    33.9347        583     2.4250  0.000e+00
     18.856     9.7113   3.678972    33.9343        584     2.4292  0.000e+00
     18.798     9.7120   3.679055    33.9345        585     2.4333  0.000e+00
     18.749     9.7122   3.678794    33.9316        586     2.4375  0.000e+00
     18.709     9.7121   3.678686    33.9307        587     2.4417  0.000e+00
     18.697     9.7111   3.678686    33.9317        588     2.4458  0.000e+00
     18.685     9.7103   3.678686    33.9324        589     2.4500  0.000e+00
     18.703     9.7099   3.678686    33.9327        590     2.4542  0.000e+00
     18.734     9.7097   3.678661    33.9327        591     2.4583  0.000e+00
     18.770     9.7097   3.678686    33.9329        592     2.4625  0.000e+00
     18.807     9.7096   3.678718    33.9333        593     2.4667  0.000e+00
     18.846     9.7096   3.678686    33.9330        594     2.4708  0.000e+00
     18.883     9.7097   3.678686    33.9329        595     2.4750  0.000e+00
     18.923     9.7097   3.678718    33.9332        596     2.4792  0.000e+00
     18.947     9.7098   3.678769    33.9336        597     2.4833  0.000e+00
     18.947     9.7099   3.678871    33.9345        598     2.4875  0.000e+00
     18.929     9.7104   3.678769    33.9330        599     2.4917  0.000e+00
     18.901     9.7106   3.678871    33.9339        600     2.4958  0.000e+00
     18.859     9.7108   3.678769    33.9327        601     2.5000  0.000e+00
     18.798     9.7108   3.678718    33.9322        602     2.5042  0.000e+00
     18.721     9.7106   3.678718    33.9324        603     2.5083  0.000e+00
     18.645     9.7102   3.678686    33.9325        604     2.5125  0.000e+00
     18.572     9.7101   3.678635    33.9321        605     2.5167  0.000e+00
     18.496     9.7099   3.678508    33.9310        606     2.5208  0.000e+00
     18.432     9.7092   3.678483    33.9314        607     2.5250  0.000e+00
     18.371     9.7086   3.678381    33.9310        608     2.5292  0.000e+00
     18.328     9.7079   3.678508    33.9330        609     2.5333  0.000e+00
     18.316     9.7077   3.678584    33.9340        610     2.5375  0.000e+00
     18.310     9.7082   3.678559    33.9333        611     2.5417  0.000e+00
     18.328     9.7084   3.678559    33.9330        612     2.5458  0.000e+00
     18.352     9.7085   3.678533    33.9327        613     2.5500  0.000e+00
     18.386     9.7085   3.678559    33.9329        614     2.5542  0.000e+00
     18.425     9.7084   3.678584    33.9333        615     2.5583  0.000e+00
     18.462     9.7084   3.678584    33.9332        616     2.5625  0.000e+00
     18.489     9.7087   3.678661    33.9337        617     2.5667  0.000e+00
     18.514     9.7090   3.678661    33.9334        618     2.5708  0.000e+00
     18.538     9.7092   3.678610    33.9327        619     2.5750  0.000e+00
     18.547     9.7091   3.678661    33.9333        620     2.5792  0.000e+00
     18.550     9.7092   3.678718    33.9338        621     2.5833  0.000e+00
     18.535     9.7095   3.678870    33.9351        622     2.5875  0.000e+00
     18.501     9.7104   3.678921    33.9348        623     2.5917  0.000e+00
     18.453     9.7114   3.678972    33.9344        624     2.5958  0.000e+00
     18.379     9.7119   3.678819    33.9324        625     2.6000  0.000e+00
