PC2501/sbe061.cnv
* Sea-Bird SBE 19plus Data File:
* FileName = C:\cruise\data\sbe061.hex
* Software Version Seasave V 7.26.7.121
* Temperature SN = 4684
* Conductivity SN = 4684
* System UpLoad Time = Jan 26 2025 21:38:33
* NMEA Latitude = 40 22.58 N
* NMEA Longitude = 073 12.02 W
* NMEA UTC (Time) = Jan 26 2025  21:38:03
** Ship: Pisces
** Cruise:  PC2501
** Program:  AMAPPS
# nquan = 7
# nvalues = 1720                                  
# units = specified
# name 0 = depSM: Depth [salt water, m]
# name 1 = tv290C: Temperature [ITS-90, deg C]
# name 2 = c0S/m: Conductivity [S/m]
# name 3 = sal00: Salinity, Practical [PSU]
# name 4 = scan: Scan Count
# name 5 = timeM: Time, Elapsed [minutes]
# name 6 = flag:  0.000e+00
# span 0 =      0.029,     31.914                 
# span 1 =     4.1611,     6.1532                 
# span 2 =  -0.000020,   3.297749                 
# span 3 =     0.0000,    33.4491                 
# span 4 =         11,       1730                 
# span 5 =     0.0417,     7.2042                 
# span 6 = 0.0000e+00, 0.0000e+00                 
# interval = seconds: 0.25
# start_time = Jan 26 2025 21:38:03 [NMEA time, header]
# bad_flag = -9.990e-29
*END*
      0.038     5.4291   0.000030     0.0022         11     0.0417  0.000e+00
      0.044     5.3993   0.000030     0.0022         12     0.0458  0.000e+00
      0.035     5.3706   0.000030     0.0022         13     0.0500  0.000e+00
      0.041     5.3447   0.000036     0.0022         14     0.0542  0.000e+00
      0.038     5.3152   0.000030     0.0022         15     0.0583  0.000e+00
      0.038     5.2900   0.000024     0.0021         16     0.0625  0.000e+00
      0.044     5.2685   0.000030     0.0021         17     0.0667  0.000e+00
      0.038     5.2458   0.000036     0.0021         18     0.0708  0.000e+00
      0.041     5.2204   0.000030     0.0021         19     0.0750  0.000e+00
      0.041     5.1934   0.000030     0.0021         20     0.0792  0.000e+00
      0.038     5.1697   0.000036     0.0021         21     0.0833  0.000e+00
      0.041     5.1622   0.000036     0.0021         22     0.0875  0.000e+00
      0.041     5.1761   0.000036     0.0021         23     0.0917  0.000e+00
      0.035     5.1942   0.000030     0.0021         24     0.0958  0.000e+00
      0.044     5.2086   0.000030     0.0021         25     0.1000  0.000e+00
      0.041     5.2187   0.000030     0.0021         26     0.1042  0.000e+00
      0.041     5.2331   0.000036     0.0021         27     0.1083  0.000e+00
      0.038     5.2492   0.000024     0.0021         28     0.1125  0.000e+00
      0.038     5.2641   0.000030     0.0021         29     0.1167  0.000e+00
      0.041     5.2712   0.000042     0.0022         30     0.1208  0.000e+00
      0.050     5.2568   0.000036     0.0021         31     0.1250  0.000e+00
      0.044     5.2262   0.000030     0.0021         32     0.1292  0.000e+00
      0.041     5.1798   0.000030     0.0021         33     0.1333  0.000e+00
      0.038     5.1479   0.000030     0.0021         34     0.1375  0.000e+00
      0.038     5.1484   0.000030     0.0021         35     0.1417  0.000e+00
      0.041     5.1581   0.000036     0.0021         36     0.1458  0.000e+00
      0.044     5.1703   0.000030     0.0021         37     0.1500  0.000e+00
      0.038     5.1804   0.000030     0.0021         38     0.1542  0.000e+00
      0.035     5.1894   0.000030     0.0021         39     0.1583  0.000e+00
      0.035     5.1916   0.000036     0.0021         40     0.1625  0.000e+00
      0.038     5.1971   0.000036     0.0021         41     0.1667  0.000e+00
      0.041     5.1930   0.000036     0.0021         42     0.1708  0.000e+00
      0.038     5.1774   0.000030     0.0021         43     0.1750  0.000e+00
      0.044     5.1576   0.000036     0.0021         44     0.1792  0.000e+00
      0.038     5.1401   0.000036     0.0021         45     0.1833  0.000e+00
      0.038     5.1159   0.000030     0.0020         46     0.1875  0.000e+00
      0.044     5.0820   0.000030     0.0020         47     0.1917  0.000e+00
      0.047     5.0482   0.000030     0.0020         48     0.1958  0.000e+00
      0.047     5.0135   0.000036     0.0020         49     0.2000  0.000e+00
      0.044     4.9829   0.000030     0.0019         50     0.2042  0.000e+00
      0.035     4.9483   0.000024     0.0019         51     0.2083  0.000e+00
      0.038     4.9140   0.000030     0.0019         52     0.2125  0.000e+00
      0.041     4.8828   0.000030     0.0019         53     0.2167  0.000e+00
      0.041     4.8587   0.000030     0.0019         54     0.2208  0.000e+00
      0.041     4.8365   0.000030     0.0018         55     0.2250  0.000e+00
      0.041     4.8071   0.000030     0.0018         56     0.2292  0.000e+00
      0.044     4.7752   0.000024     0.0018         57     0.2333  0.000e+00
      0.044     4.7475   0.000024     0.0018         58     0.2375  0.000e+00
      0.032     4.7300   0.000036     0.0018         59     0.2417  0.000e+00
      0.038     4.7130   0.000030     0.0018         60     0.2458  0.000e+00
      0.038     4.6933   0.000030     0.0017         61     0.2500  0.000e+00
      0.038     4.6689   0.000030     0.0017         62     0.2542  0.000e+00
      0.035     4.6435   0.000036     0.0017         63     0.2583  0.000e+00
      0.029     4.6144   0.000030     0.0017         64     0.2625  0.000e+00
      0.044     4.5886   0.000030     0.0017         65     0.2667  0.000e+00
      0.041     4.5640   0.000030     0.0017         66     0.2708  0.000e+00
      0.038     4.5474   0.000030     0.0016         67     0.2750  0.000e+00
      0.029     4.5356   0.000030     0.0016         68     0.2792  0.000e+00
      0.032     4.5245   0.000024     0.0016         69     0.2833  0.000e+00
      0.038     4.5129   0.000030     0.0016         70     0.2875  0.000e+00
      0.035     4.4992   0.000030     0.0016         71     0.2917  0.000e+00
      0.035     4.4850   0.000030     0.0016         72     0.2958  0.000e+00
      0.041     4.4733   0.000024     0.0016         73     0.3000  0.000e+00
      0.029     4.4672   0.000024     0.0016         74     0.3042  0.000e+00
      0.029     4.4696   0.000042     0.0016         75     0.3083  0.000e+00
      0.047     4.4844   0.000042     0.0016         76     0.3125  0.000e+00
      0.035     4.5190  -0.000014     0.0000         77     0.3167  0.000e+00
      0.050     4.5504  -0.000020     0.0000         78     0.3208  0.000e+00
      0.050     4.5547   0.333649     2.9379         79     0.3250  0.000e+00
      0.044     4.5502   0.259546     2.2515         80     0.3292  0.000e+00
      0.044     4.5681   0.295335     2.5802         81     0.3333  0.000e+00
      0.047     4.5910   0.268183     2.3280         82     0.3375  0.000e+00
      0.044     4.6061   0.376260     3.3330         83     0.3417  0.000e+00
      0.047     4.6209   0.442414     3.9586         84     0.3458  0.000e+00
      0.050     4.6499   0.343885     3.0250         85     0.3500  0.000e+00
      0.050     4.6762   0.267340     2.3143         86     0.3542  0.000e+00
      0.050     4.6996   0.251780     2.1704         87     0.3583  0.000e+00
      0.038     4.7149   0.212144     1.8102         88     0.3625  0.000e+00
      0.041     4.7295   0.206963     1.7628         89     0.3667  0.000e+00
      0.038     4.7343   0.203840     1.7344         90     0.3708  0.000e+00
      0.041     4.7402   0.192400     1.6316         91     0.3750  0.000e+00
      0.050     4.7482   0.181997     1.5384         92     0.3792  0.000e+00
      0.056     4.7536   0.181442     1.5332         93     0.3833  0.000e+00
      0.050     4.7634   0.155406     1.3021         94     0.3875  0.000e+00
      0.041     4.7709   0.127018     1.0532         95     0.3917  0.000e+00
      0.047     4.7770   0.130234     1.0810         96     0.3958  0.000e+00
      0.047     4.7859   0.128554     1.0661         97     0.4000  0.000e+00
      0.050     4.7954   0.117252     0.9677         98     0.4042  0.000e+00
      0.044     4.7995   0.109332     0.8992         99     0.4083  0.000e+00
      0.047     4.8064   0.104514     0.8576        100     0.4125  0.000e+00
      0.044     4.8124   0.099682     0.8159        101     0.4167  0.000e+00
      0.053     4.8183   0.096831     0.7914        102     0.4208  0.000e+00
      0.047     4.8251   0.094999     0.7756        103     0.4250  0.000e+00
      0.047     4.8320   0.093310     0.7610        104     0.4292  0.000e+00
      0.038     4.8395   0.090636     0.7380        105     0.4333  0.000e+00
      0.044     4.8472   0.087227     0.7089        106     0.4375  0.000e+00
      0.044     4.8543   0.085102     0.6907        107     0.4417  0.000e+00
      0.047     4.8605   0.087043     0.7070        108     0.4458  0.000e+00
      0.059     4.8671   0.086061     0.6986        109     0.4500  0.000e+00
      0.050     4.8736   0.082441     0.6677        110     0.4542  0.000e+00
      0.044     4.8797   0.080510     0.6513        111     0.4583  0.000e+00
      0.044     4.8860   0.078775     0.6365        112     0.4625  0.000e+00
      0.050     4.8921   0.079149     0.6396        113     0.4667  0.000e+00
      0.050     4.8982   0.075821     0.6114        114     0.4708  0.000e+00
      0.044     4.9032   0.073472     0.5915        115     0.4750  0.000e+00
      0.044     4.9088   0.074469     0.5998        116     0.4792  0.000e+00
      0.044     4.9159   0.073181     0.5889        117     0.4833  0.000e+00
      0.047     4.9207   0.071757     0.5768        118     0.4875  0.000e+00
      0.044     4.9249   0.072346     0.5817        119     0.4917  0.000e+00
      0.044     4.9301   0.071961     0.5784        120     0.4958  0.000e+00
      0.041     4.9354   0.070128     0.5629        121     0.5000  0.000e+00
      0.041     4.9404   0.067574     0.5415        122     0.5042  0.000e+00
      0.035     4.9450   0.067187     0.5382        123     0.5083  0.000e+00
      0.038     4.9502   0.067452     0.5403        124     0.5125  0.000e+00
      0.035     4.9553   0.064724     0.5175        125     0.5167  0.000e+00
      0.035     4.9607   0.058948     0.4694        126     0.5208  0.000e+00
      0.062     4.9704   0.051917     0.4111        127     0.5250  0.000e+00
      0.191     4.9868   0.055069     0.4369        128     0.5292  0.000e+00
      0.273     5.0049   1.177062    11.1810        129     0.5333  0.000e+00
      0.209     5.0163   2.811397    28.8611        130     0.5375  0.000e+00
      0.062     5.0038   2.246470    22.5693        131     0.5417  0.000e+00
      0.038     4.9128   0.637904     5.8012        132     0.5458  0.000e+00
      0.047     4.8416   0.411541     3.6406        133     0.5500  0.000e+00
      0.044     4.8123   0.336129     2.9382        134     0.5542  0.000e+00
      0.041     4.8047   0.825936     7.6791        135     0.5583  0.000e+00
      0.255     4.8024   2.964658    30.7989        136     0.5625  0.000e+00
      0.471     4.7605   2.982296    31.0404        137     0.5667  0.000e+00
      0.605     4.6922   2.995435    31.2558        138     0.5708  0.000e+00
      0.721     4.6169   3.050944    31.9691        139     0.5750  0.000e+00
      0.810     4.5165   3.067661    32.2607        140     0.5792  0.000e+00
      0.901     4.4259   3.074524    32.4294        141     0.5833  0.000e+00
      0.877     4.3585   3.063346    32.3651        142     0.5875  0.000e+00
      0.682     4.3050   3.023607    31.9532        143     0.5917  0.000e+00
      0.499     4.2695   3.082640    32.6792        144     0.5958  0.000e+00
      0.459     4.2507   3.085079    32.7265        145     0.6000  0.000e+00
      0.517     4.2419   3.085388    32.7389        146     0.6042  0.000e+00
      0.560     4.2377   3.085180    32.7406        147     0.6083  0.000e+00
      0.587     4.2358   3.085430    32.7453        148     0.6125  0.000e+00
      0.617     4.2350   3.084320    32.7332        149     0.6167  0.000e+00
      0.660     4.2354   1.896059    19.1945        150     0.6208  0.000e+00
      0.776     4.2406   2.706925    28.3382        151     0.6250  0.000e+00
      0.916     4.2671   3.084391    32.7019        152     0.6292  0.000e+00
      1.041     4.2951   3.086860    32.7029        153     0.6333  0.000e+00
      1.172     4.3128   3.087650    32.6945        154     0.6375  0.000e+00
      1.300     4.3140   3.086878    32.6842        155     0.6417  0.000e+00
      1.422     4.2993   3.086884    32.6988        156     0.6458  0.000e+00
      1.538     4.2818   3.086807    32.7152        157     0.6500  0.000e+00
      1.663     4.2678   3.086813    32.7292        158     0.6542  0.000e+00
      1.788     4.2573   3.086653    32.7377        159     0.6583  0.000e+00
      1.883     4.2501   3.086101    32.7384        160     0.6625  0.000e+00
      1.965     4.2466   3.084569    32.7238        161     0.6667  0.000e+00
      2.011     4.2455   3.084967    32.7296        162     0.6708  0.000e+00
      2.032     4.2447   3.085299    32.7343        163     0.6750  0.000e+00
      2.029     4.2440   3.085590    32.7384        164     0.6792  0.000e+00
      2.054     4.2432   3.085952    32.7434        165     0.6833  0.000e+00
      2.084     4.2418   3.085988    32.7451        166     0.6875  0.000e+00
      2.124     4.2404   3.085786    32.7442        167     0.6917  0.000e+00
      2.200     4.2398   3.085679    32.7435        168     0.6958  0.000e+00
      2.294     4.2401   3.086137    32.7485        169     0.7000  0.000e+00
      2.416     4.2407   3.086344    32.7503        170     0.7042  0.000e+00
      2.538     4.2410   3.086968    32.7573        171     0.7083  0.000e+00
      2.648     4.2424   3.088583    32.7748        172     0.7125  0.000e+00
      2.758     4.2458   3.088809    32.7740        173     0.7167  0.000e+00
      2.877     4.2481   3.088167    32.7641        174     0.7208  0.000e+00
      2.996     4.2468   3.086808    32.7493        175     0.7250  0.000e+00
      3.099     4.2445   3.085715    32.7387        176     0.7292  0.000e+00
      3.194     4.2456   3.085228    32.7319        177     0.7333  0.000e+00
      3.261     4.2463   3.084902    32.7273        178     0.7375  0.000e+00
      3.291     4.2459   3.084831    32.7269        179     0.7417  0.000e+00
      3.301     4.2449   3.085145    32.7316        180     0.7458  0.000e+00
      3.307     4.2439   3.085276    32.7341        181     0.7500  0.000e+00
      3.337     4.2436   3.085413    32.7360        182     0.7542  0.000e+00
      3.389     4.2437   3.085543    32.7374        183     0.7583  0.000e+00
      3.465     4.2442   3.085899    32.7410        184     0.7625  0.000e+00
      3.547     4.2452   3.088001    32.7646        185     0.7667  0.000e+00
      3.642     4.2469   3.089729    32.7832        186     0.7708  0.000e+00
      3.755     4.2474   3.089985    32.7856        187     0.7750  0.000e+00
      3.871     4.2475   3.087746    32.7592        188     0.7792  0.000e+00
      3.993     4.2471   3.086968    32.7505        189     0.7833  0.000e+00
      4.118     4.2453   3.086582    32.7476        190     0.7875  0.000e+00
      4.236     4.2447   3.086297    32.7448        191     0.7917  0.000e+00
      4.358     4.2455   3.085484    32.7344        192     0.7958  0.000e+00
      4.477     4.2457   3.084974    32.7282        193     0.8000  0.000e+00
      4.578     4.2458   3.084611    32.7237        194     0.8042  0.000e+00
      4.624     4.2456   3.084552    32.7232        195     0.8083  0.000e+00
      4.657     4.2446   3.084944    32.7288        196     0.8125  0.000e+00
      4.685     4.2428   3.084505    32.7255        197     0.8167  0.000e+00
      4.715     4.2409   3.084202    32.7237        198     0.8208  0.000e+00
      4.764     4.2400   3.084166    32.7242        199     0.8250  0.000e+00
      4.846     4.2392   3.084321    32.7268        200     0.8292  0.000e+00
      4.944     4.2382   3.084481    32.7295        201     0.8333  0.000e+00
      5.047     4.2372   3.084695    32.7330        202     0.8375  0.000e+00
      5.166     4.2375   3.087479    32.7654        203     0.8417  0.000e+00
      5.297     4.2384   3.089053    32.7829        204     0.8458  0.000e+00
      5.410     4.2378   3.086951    32.7587        205     0.8500  0.000e+00
      5.535     4.2372   3.085520    32.7425        206     0.8542  0.000e+00
      5.657     4.2358   3.084671    32.7338        207     0.8583  0.000e+00
      5.773     4.2364   3.084677    32.7332        208     0.8625  0.000e+00
      5.886     4.2373   3.084553    32.7309        209     0.8667  0.000e+00
      5.993     4.2370   3.084238    32.7274        210     0.8708  0.000e+00
      6.066     4.2373   3.084018    32.7245        211     0.8750  0.000e+00
      6.124     4.2380   3.083995    32.7234        212     0.8792  0.000e+00
      6.163     4.2378   3.083971    32.7234        213     0.8833  0.000e+00
      6.194     4.2368   3.084019    32.7249        214     0.8875  0.000e+00
      6.237     4.2358   3.084345    32.7297        215     0.8917  0.000e+00
