PC2501/sbe045.cnv
* Sea-Bird SBE 19plus Data File:
* FileName = C:\cruise\data\sbe045.hex
* Software Version Seasave V 7.26.7.121
* Temperature SN = 4684
* Conductivity SN = 4684
* System UpLoad Time = Jan 22 2025 23:38:27
* NMEA Latitude = 39 00.68 N
* NMEA Longitude = 074 21.11 W
* NMEA UTC (Time) = Jan 22 2025  23:37:54
** Ship: Pisces
** Cruise:  PC2501
** Program:  AMAPPS
# nquan = 7
# nvalues = 2038                                  
# units = specified
# name 0 = depSM: Depth [salt water, m]
# name 1 = tv290C: Temperature [ITS-90, deg C]
# name 2 = c0S/m: Conductivity [S/m]
# name 3 = sal00: Salinity, Practical [PSU]
# name 4 = scan: Scan Count
# name 5 = timeM: Time, Elapsed [minutes]
# name 6 = flag:  0.000e+00
# span 0 =      0.040,     29.333                 
# span 1 =    -3.1317,     5.2758                 
# span 2 =  -0.000002,   3.214601                 
# span 3 =    -0.0047,    38.2085                 
# span 4 =         11,       2048                 
# span 5 =     0.0417,     8.5292                 
# span 6 = 0.0000e+00, 0.0000e+00                 
# interval = seconds: 0.25
# start_time = Jan 22 2025 23:37:54 [NMEA time, header]
# bad_flag = -9.990e-29
*END*
[from data line 821]
     19.745     4.9821   3.174170    33.0254        832     3.4625  0.000e+00
     19.694     4.9790   3.173948    33.0259        833     3.4667  0.000e+00
     19.648     4.9767   3.173942    33.0282        834     3.4708  0.000e+00
     19.590     4.9752   3.173438    33.0240        835     3.4750  0.000e+00
     19.541     4.9735   3.172910    33.0195        836     3.4792  0.000e+00
     19.495     4.9706   3.172340    33.0159        837     3.4833  0.000e+00
     19.459     4.9666   3.171650    33.0119        838     3.4875  0.000e+00
     19.410     4.9632   3.171746    33.0164        839     3.4917  0.000e+00
     19.367     4.9607   3.171788    33.0194        840     3.4958  0.000e+00
     19.331     4.9593   3.171399    33.0163        841     3.5000  0.000e+00
     19.288     4.9578   3.171381    33.0177        842     3.5042  0.000e+00
     19.249     4.9566   3.170739    33.0115        843     3.5083  0.000e+00
     19.203     4.9547   3.170145    33.0065        844     3.5125  0.000e+00
     19.157     4.9515   3.169731    33.0049        845     3.5167  0.000e+00
     19.102     4.9478   3.170349    33.0158        846     3.5208  0.000e+00
     19.060     4.9463   3.170529    33.0193        847     3.5250  0.000e+00
     19.011     4.9478   3.170853    33.0216        848     3.5292  0.000e+00
     18.968     4.9497   3.170967    33.0211        849     3.5333  0.000e+00
     18.913     4.9510   3.170235    33.0113        850     3.5375  0.000e+00
     18.867     4.9504   3.169389    33.0023        851     3.5417  0.000e+00
     18.825     4.9469   3.169251    33.0042        852     3.5458  0.000e+00
     18.773     4.9430   3.168969    33.0048        853     3.5500  0.000e+00
     18.730     4.9407   3.168633    33.0033        854     3.5542  0.000e+00
     18.685     4.9382   3.168723    33.0067        855     3.5583  0.000e+00
     18.645     4.9367   3.168610    33.0070        856     3.5625  0.000e+00
     18.602     4.9362   3.168154    33.0022        857     3.5667  0.000e+00
     18.566     4.9343   3.167716    32.9991        858     3.5708  0.000e+00
     18.526     4.9314   3.167326    32.9974        859     3.5750  0.000e+00
     18.483     4.9288   3.166571    32.9913        860     3.5792  0.000e+00
     18.450     4.9245   3.168220    33.0147        861     3.5833  0.000e+00
     18.413     4.9251   3.168658    33.0192        862     3.5875  0.000e+00
     18.374     4.9294   3.168903    33.0178        863     3.5917  0.000e+00
     18.322     4.9331   3.168585    33.0104        864     3.5958  0.000e+00
     18.279     4.9344   3.168771    33.0113        865     3.6000  0.000e+00
     18.237     4.9356   3.169479    33.0183        866     3.6042  0.000e+00
     18.182     4.9378   3.168333    33.0029        867     3.6083  0.000e+00
     18.127     4.9373   3.167602    32.9950        868     3.6125  0.000e+00
     18.078     4.9332   3.167374    32.9965        869     3.6167  0.000e+00
     18.035     4.9295   3.165797    32.9820        870     3.6208  0.000e+00
     17.990     4.9231   3.165863    32.9892        871     3.6250  0.000e+00
     17.947     4.9181   3.167578    33.0139        872     3.6292  0.000e+00
     17.913     4.9197   3.167854    33.0155        873     3.6333  0.000e+00
     17.874     4.9239   3.168268    33.0161        874     3.6375  0.000e+00
     17.825     4.9278   3.167992    33.0091        875     3.6417  0.000e+00
     17.788     4.9296   3.168495    33.0132        876     3.6458  0.000e+00
     17.764     4.9311   3.169389    33.0219        877     3.6500  0.000e+00
     17.734     4.9356   3.169425    33.0180        878     3.6542  0.000e+00
     17.712     4.9390   3.169365    33.0139        879     3.6583  0.000e+00
     17.688     4.9407   3.168519    33.0024        880     3.6625  0.000e+00
     17.657     4.9386   3.167692    32.9950        881     3.6667  0.000e+00
     17.633     4.9341   3.167830    33.0011        882     3.6708  0.000e+00
     17.599     4.9318   3.167764    33.0026        883     3.6750  0.000e+00
     17.569     4.9303   3.168195    33.0091        884     3.6792  0.000e+00
     17.532     4.9303   3.166894    32.9941        885     3.6833  0.000e+00
     17.493     4.9277   3.166505    32.9922        886     3.6875  0.000e+00
     17.450     4.9234   3.165030    32.9795        887     3.6917  0.000e+00
     17.410     4.9170   3.165156    32.9873        888     3.6958  0.000e+00
     17.368     4.9112   3.165294    32.9946        889     3.7000  0.000e+00
     17.337     4.9090   3.164766    32.9908        890     3.7042  0.000e+00
     17.301     4.9068   3.164562    32.9906        891     3.7083  0.000e+00
     17.264     4.9040   3.165114    32.9997        892     3.7125  0.000e+00
     17.224     4.9044   3.165228    33.0008        893     3.7167  0.000e+00
     17.191     4.9052   3.165821    33.0068        894     3.7208  0.000e+00
     17.157     4.9076   3.167350    33.0221        895     3.7250  0.000e+00
     17.127     4.9134   3.167422    33.0172        896     3.7292  0.000e+00
     17.090     4.9203   3.167578    33.0121        897     3.7333  0.000e+00
     17.057     4.9241   3.166457    32.9954        898     3.7375  0.000e+00
     17.023     4.9234   3.165341    32.9833        899     3.7417  0.000e+00
     16.990     4.9180   3.167098    33.0089        900     3.7458  0.000e+00
     16.953     4.9174   3.167554    33.0148        901     3.7500  0.000e+00
     16.920     4.9214   3.164838    32.9795        902     3.7542  0.000e+00
     16.889     4.9181   3.165887    32.9950        903     3.7583  0.000e+00
     16.852     4.9141   3.164724    32.9855        904     3.7625  0.000e+00
     16.816     4.9104   3.163945    32.9802        905     3.7667  0.000e+00
     16.782     4.9047   3.165114    32.9994        906     3.7708  0.000e+00
     16.749     4.9033   3.163855    32.9863        907     3.7750  0.000e+00
     16.712     4.9006   3.161458    32.9612        908     3.7792  0.000e+00
     16.682     4.8920   3.162609    32.9831        909     3.7833  0.000e+00
     16.648     4.8864   3.162483    32.9872        910     3.7875  0.000e+00
     16.624     4.8850   3.161596    32.9783        911     3.7917  0.000e+00
     16.581     4.8816   3.161776    32.9839        912     3.7958  0.000e+00
     16.560     4.8791   3.161752    32.9861        913     3.8000  0.000e+00
     16.523     4.8784   3.161410    32.9828        914     3.8042  0.000e+00
     16.496     4.8772   3.161458    32.9845        915     3.8083  0.000e+00
     16.459     4.8762   3.162693    32.9998        916     3.8125  0.000e+00
     16.432     4.8788   3.161638    32.9851        917     3.8167  0.000e+00
     16.401     4.8794   3.162507    32.9946        918     3.8208  0.000e+00
     16.374     4.8797   3.162141    32.9901        919     3.8250  0.000e+00
     16.346     4.8823   3.161117    32.9757        920     3.8292  0.000e+00
     16.331     4.8777   3.161506    32.9848        921     3.8333  0.000e+00
     16.295     4.8758   3.164221    33.0180        922     3.8375  0.000e+00
     16.270     4.8826   3.164550    33.0151        923     3.8417  0.000e+00
     16.227     4.8913   3.164448    33.0052        924     3.8458  0.000e+00
     16.194     4.8971   3.163879    32.9930        925     3.8500  0.000e+00
     16.176     4.8977   3.163603    32.9892        926     3.8542  0.000e+00
     16.148     4.8965   3.164221    32.9975        927     3.8583  0.000e+00
     16.121     4.8978   3.163969    32.9933        928     3.8625  0.000e+00
     16.087     4.8984   3.164059    32.9938        929     3.8667  0.000e+00
     16.060     4.8980   3.164238    32.9963        930     3.8708  0.000e+00
     16.038     4.8991   3.163669    32.9886        931     3.8750  0.000e+00
     16.011     4.8977   3.163010    32.9824        932     3.8792  0.000e+00
     15.990     4.8947   3.163058    32.9860        933     3.8833  0.000e+00
     15.962     4.8918   3.161751    32.9738        934     3.8875  0.000e+00
     15.941     4.8875   3.161662    32.9770        935     3.8917  0.000e+00
     15.910     4.8830   3.161044    32.9743        936     3.8958  0.000e+00
     15.880     4.8777   3.160751    32.9763        937     3.9000  0.000e+00
     15.846     4.8718   3.162597    33.0035        938     3.9042  0.000e+00
     15.822     4.8767   3.162459    32.9970        939     3.9083  0.000e+00
     15.791     4.8809   3.162578    32.9942        940     3.9125  0.000e+00
     15.767     4.8836   3.162782    32.9939        941     3.9167  0.000e+00
     15.733     4.8858   3.163124    32.9957        942     3.9208  0.000e+00
     15.712     4.8879   3.163669    32.9999        943     3.9250  0.000e+00
     15.688     4.8919   3.163375    32.9926        944     3.9292  0.000e+00
     15.657     4.8936   3.163687    32.9944        945     3.9333  0.000e+00
     15.639     4.8948   3.163717    32.9936        946     3.9375  0.000e+00
     15.599     4.8959   3.163375    32.9886        947     3.9417  0.000e+00
     15.569     4.8956   3.163261    32.9877        948     3.9458  0.000e+00
     15.548     4.8942   3.162824    32.9840        949     3.9500  0.000e+00
     15.517     4.8921   3.162345    32.9805        950     3.9542  0.000e+00
     15.490     4.8895   3.162129    32.9806        951     3.9583  0.000e+00
     15.459     4.8860   3.161254    32.9740        952     3.9625  0.000e+00
     15.429     4.8814   3.160661    32.9717        953     3.9667  0.000e+00
     15.398     4.8759   3.160979    32.9809        954     3.9708  0.000e+00
     15.380     4.8735   3.161506    32.9893        955     3.9750  0.000e+00
     15.352     4.8740   3.161386    32.9876        956     3.9792  0.000e+00
     15.337     4.8745   3.160817    32.9804        957     3.9833  0.000e+00
     15.328     4.8734   3.160739    32.9806        958     3.9875  0.000e+00
     15.316     4.8716   3.160475    32.9794        959     3.9917  0.000e+00
     15.304     4.8697   3.160134    32.9773        960     3.9958  0.000e+00
     15.285     4.8675   3.159379    32.9708        961     4.0000  0.000e+00
     15.273     4.8633   3.159403    32.9752        962     4.0042  0.000e+00
     15.252     4.8601   3.159451    32.9790        963     4.0083  0.000e+00
     15.236     4.8583   3.159589    32.9824        964     4.0125  0.000e+00
     15.218     4.8578   3.160134    32.9892        965     4.0167  0.000e+00
     15.194     4.8603   3.159199    32.9760        966     4.0208  0.000e+00
     15.175     4.8596   3.159038    32.9748        967     4.0250  0.000e+00
     15.154     4.8568   3.158517    32.9715        968     4.0292  0.000e+00
     15.130     4.8527   3.157696    32.9661        969     4.0333  0.000e+00
     15.099     4.8476   3.158427    32.9797        970     4.0375  0.000e+00
     15.072     4.8474   3.158672    32.9827        971     4.0417  0.000e+00
     15.047     4.8482   3.160410    33.0021        972     4.0458  0.000e+00
     15.020     4.8542   3.160248    32.9942        973     4.0500  0.000e+00
     14.992     4.8598   3.159313    32.9778        974     4.0542  0.000e+00
     14.980     4.8598   3.157396    32.9557        975     4.0583  0.000e+00
     14.953     4.8524   3.157223    32.9610        976     4.0625  0.000e+00
     14.931     4.8449   3.156941    32.9652        977     4.0667  0.000e+00
     14.919     4.8399   3.157169    32.9729        978     4.0708  0.000e+00
     14.895     4.8374   3.158265    32.9880        979     4.0750  0.000e+00
     14.880     4.8402   3.156672    32.9668        980     4.0792  0.000e+00
     14.855     4.8384   3.156900    32.9713        981     4.0833  0.000e+00
     14.831     4.8355   3.157103    32.9765        982     4.0875  0.000e+00
     14.809     4.8356   3.159086    32.9993        983     4.0917  0.000e+00
     14.791     4.8418   3.159313    32.9958        984     4.0958  0.000e+00
     14.767     4.8491   3.159954    32.9960        985     4.1000  0.000e+00
     14.730     4.8549   3.160661    32.9985        986     4.1042  0.000e+00
     14.700     4.8611   3.159630    32.9804        987     4.1083  0.000e+00
     14.672     4.8632   3.160361    32.9868        988     4.1125  0.000e+00
     14.642     4.8645   3.162213    33.0069        989     4.1167  0.000e+00
     14.608     4.8709   3.161637    32.9939        990     4.1208  0.000e+00
     14.575     4.8757   3.161937    32.9926        991     4.1250  0.000e+00
     14.553     4.8782   3.162440    32.9960        992     4.1292  0.000e+00
     14.523     4.8811   3.161434    32.9814        993     4.1333  0.000e+00
     14.505     4.8810   3.161410    32.9812        994     4.1375  0.000e+00
     14.477     4.8791   3.161320    32.9822        995     4.1417  0.000e+00
     14.450     4.8773   3.160954    32.9797        996     4.1458  0.000e+00
     14.440     4.8754   3.160385    32.9751        997     4.1500  0.000e+00
     14.419     4.8722   3.160751    32.9824        998     4.1542  0.000e+00
     14.392     4.8700   3.161206    32.9899        999     4.1583  0.000e+00
     14.376     4.8716   3.160775    32.9833       1000     4.1625  0.000e+00
     14.358     4.8718   3.159337    32.9665       1001     4.1667  0.000e+00
     14.343     4.8669   3.159325    32.9713       1002     4.1708  0.000e+00
     14.315     4.8621   3.159061    32.9729       1003     4.1750  0.000e+00
     14.294     4.8586   3.160523    32.9934       1004     4.1792  0.000e+00
     14.273     4.8586   3.158151    32.9660       1005     4.1833  0.000e+00
     14.251     4.8573   3.158558    32.9720       1006     4.1875  0.000e+00
     14.236     4.8521   3.159726    32.9906       1007     4.1917  0.000e+00
     14.218     4.8539   3.156863    32.9558       1008     4.1958  0.000e+00
     14.209     4.8485   3.160206    32.9998       1009     4.2000  0.000e+00
     14.193     4.8510   3.160361    32.9991       1010     4.2042  0.000e+00
     14.187     4.8577   3.155414    32.9353       1011     4.2083  0.000e+00
     14.172     4.8482   3.154642    32.9358       1012     4.2125  0.000e+00
     14.163     4.8319   3.155714    32.9644       1013     4.2167  0.000e+00
     14.151     4.8238   3.156672    32.9835       1014     4.2208  0.000e+00
     14.132     4.8252   3.156672    32.9821       1015     4.2250  0.000e+00
     14.123     4.8296   3.157379    32.9859       1016     4.2292  0.000e+00
     14.096     4.8332   3.155851    32.9647       1017     4.2333  0.000e+00
     14.080     4.8308   3.155462    32.9625       1018     4.2375  0.000e+00
     14.044     4.8261   3.154983    32.9617       1019     4.2417  0.000e+00
     14.019     4.8216   3.154636    32.9622       1020     4.2458  0.000e+00
     13.980     4.8169   3.155576    32.9778       1021     4.2500  0.000e+00
     13.940     4.8169   3.155576    32.9778       1022     4.2542  0.000e+00
     13.916     4.8188   3.155121    32.9707       1023     4.2583  0.000e+00
     13.876     4.8186   3.155714    32.9777       1024     4.2625  0.000e+00
     13.846     4.8187   3.156480    32.9865       1025     4.2667  0.000e+00
     13.815     4.8226   3.154349    32.9579       1026     4.2708  0.000e+00
     13.788     4.8197   3.154007    32.9570       1027     4.2750  0.000e+00
     13.763     4.8133   3.153936    32.9625       1028     4.2792  0.000e+00
     13.739     4.8090   3.153960    32.9671       1029     4.2833  0.000e+00
     13.733     4.8068   3.153900    32.9685       1030     4.2875  0.000e+00
     13.708     4.8056   3.153894    32.9696       1031     4.2917  0.000e+00
     13.690     4.8051   3.153894    32.9701       1032     4.2958  0.000e+00
     13.675     4.8048   3.153894    32.9705       1033     4.3000  0.000e+00
     13.653     4.8050   3.154259    32.9745       1034     4.3042  0.000e+00
     13.635     4.8059   3.154139    32.9722       1035     4.3083  0.000e+00
