PC2501/sbe073.cnv
* Sea-Bird SBE 19plus Data File:
* FileName = C:\cruise\data\sbe073.hex
* Software Version Seasave V 7.26.7.121
* Temperature SN = 4684
* Conductivity SN = 4684
* System UpLoad Time = Feb 08 2025 05:55:16
* NMEA Latitude = 36 21.56 N
* NMEA Longitude = 075 16.85 W
* NMEA UTC (Time) = Feb 08 2025  05:54:53
** Ship: Pisces
** Cruise:  PC2501
** Program:  AMAPPS
# nquan = 7
# nvalues = 2074                                  
# units = specified
# name 0 = depSM: Depth [salt water, m]
# name 1 = tv290C: Temperature [ITS-90, deg C]
# name 2 = c0S/m: Conductivity [S/m]
# name 3 = sal00: Salinity, Practical [PSU]
# name 4 = scan: Scan Count
# name 5 = timeM: Time, Elapsed [minutes]
# name 6 = flag:  0.000e+00
# span 0 =      0.128,     30.162                 
# span 1 =     7.6293,    10.3557                 
# span 2 =  -0.000183,   3.810022                 
# span 3 =     0.0000,    36.6185                 
# span 4 =         11,       2084                 
# span 5 =     0.0417,     8.6792                 
# span 6 = 0.0000e+00, 0.0000e+00                 
# interval = seconds: 0.25
# start_time = Feb 08 2025 05:54:53 [NMEA time, header]
# bad_flag = -9.990e-29
*END*
[from data line 411]
      0.144     7.6690   0.000054     0.0037        422     1.7542  0.000e+00
      0.147     7.6882   0.000054     0.0038        423     1.7583  0.000e+00
      0.147     7.6911   0.000054     0.0038        424     1.7625  0.000e+00
      0.147     7.6814   0.000048     0.0037        425     1.7667  0.000e+00
      0.144     7.6744   0.000054     0.0038        426     1.7708  0.000e+00
      0.141     7.6782   0.000054     0.0038        427     1.7750  0.000e+00
      0.137     7.6742   0.000048     0.0037        428     1.7792  0.000e+00
      0.144     7.6592   0.000042     0.0037        429     1.7833  0.000e+00
      0.147     7.6406   0.000048     0.0037        430     1.7875  0.000e+00
      0.147     7.6300   0.000048     0.0037        431     1.7917  0.000e+00
      0.140     7.6356   0.000054     0.0037        432     1.7958  0.000e+00
      0.140     7.6396   0.000048     0.0037        433     1.8000  0.000e+00
      0.144     7.6348   0.000042     0.0037        434     1.8042  0.000e+00
      0.144     7.6348   0.000054     0.0037        435     1.8083  0.000e+00
      0.144     7.6506   0.000048     0.0037        436     1.8125  0.000e+00
      0.144     7.6744   0.000054     0.0038        437     1.8167  0.000e+00
      0.147     7.6753   0.000054     0.0038        438     1.8208  0.000e+00
      0.147     7.6638   0.000048     0.0037        439     1.8250  0.000e+00
      0.156     7.6486   0.000042     0.0037        440     1.8292  0.000e+00
      0.147     7.6343   0.000048     0.0037        441     1.8333  0.000e+00
      0.147     7.6293   0.000048     0.0037        442     1.8375  0.000e+00
      0.150     7.6418   0.000060     0.0037        443     1.8417  0.000e+00
      0.150     7.6416   0.000054     0.0037        444     1.8458  0.000e+00
      0.147     7.6369   0.000054     0.0037        445     1.8500  0.000e+00
      0.153     7.6535   0.000054     0.0037        446     1.8542  0.000e+00
      0.156     7.6749  -0.000032     0.0000        447     1.8583  0.000e+00
      0.140     7.6799  -0.000183     0.0000        448     1.8625  0.000e+00
      0.140     7.6723  -0.000044     0.0000        449     1.8667  0.000e+00
      0.153     7.6610  -0.000044     0.0000        450     1.8708  0.000e+00
      0.153     7.6526  -0.000002     0.0000        451     1.8750  0.000e+00
      0.156     7.6518   0.000015     0.0037        452     1.8792  0.000e+00
      0.147     7.6528   0.000054     0.0037        453     1.8833  0.000e+00
      0.150     7.6575   0.000060     0.0038        454     1.8875  0.000e+00
      0.144     7.6634   0.000066     0.0038        455     1.8917  0.000e+00
      0.147     7.6793   0.000060     0.0038        456     1.8958  0.000e+00
      0.156     7.7155   0.000054     0.0038        457     1.9000  0.000e+00
      0.150     7.7597   0.000048     0.0038        458     1.9042  0.000e+00
      0.153     7.8033   0.000048     0.0038        459     1.9083  0.000e+00
      0.153     7.8413   0.000048     0.0038        460     1.9125  0.000e+00
      0.150     7.8630   0.000054     0.0039        461     1.9167  0.000e+00
      0.156     7.8622   0.000042     0.0038        462     1.9208  0.000e+00
      0.180     7.8720   0.285332     2.2580        463     1.9250  0.000e+00
      0.348     7.9388   3.765184    36.6185        464     1.9292  0.000e+00
      0.473     8.3513   3.773408    36.2776        465     1.9333  0.000e+00
      0.552     8.8017   3.770783    35.7891        466     1.9375  0.000e+00
      0.610     9.0730   3.756039    35.3616        467     1.9417  0.000e+00
      0.674     9.2701   3.586764    33.4066        468     1.9458  0.000e+00
      0.665     9.4328   3.728021    34.7157        469     1.9500  0.000e+00
      0.598     9.5600   3.767757    35.0036        470     1.9542  0.000e+00
      0.531     9.7070   3.775716    34.9425        471     1.9583  0.000e+00
      0.552     9.8459   3.006246    27.0357        472     1.9625  0.000e+00
      0.626     9.9320   2.756173    24.5097        473     1.9667  0.000e+00
      0.681     9.9931   3.190325    28.7531        474     1.9708  0.000e+00
      0.732    10.0162   3.290576    29.7357        475     1.9750  0.000e+00
      0.836     9.9782   3.761137    34.5310        476     1.9792  0.000e+00
      1.007     9.9052   3.758554    34.5744        477     1.9833  0.000e+00
      1.181     9.8737   3.764789    34.6685        478     1.9875  0.000e+00
      1.343     9.9028   3.775772    34.7531        479     1.9917  0.000e+00
      1.510     9.9763   3.781206    34.7378        480     1.9958  0.000e+00
      1.675    10.0469   3.783134    34.6896        481     2.0000  0.000e+00
      1.806    10.0990   3.784265    34.6510        482     2.0042  0.000e+00
      1.925    10.1374   3.784881    34.6205        483     2.0083  0.000e+00
      2.008    10.1637   3.785711    34.6038        484     2.0125  0.000e+00
      2.026    10.1848   3.788804    34.6150        485     2.0167  0.000e+00
      1.983    10.2034   3.793423    34.6443        486     2.0208  0.000e+00
      1.892    10.2284   3.796492    34.6517        487     2.0250  0.000e+00
      1.812    10.2548   3.795739    34.6189        488     2.0292  0.000e+00
      1.764    10.2730   3.794310    34.5869        489     2.0333  0.000e+00
      1.779    10.2816   3.792192    34.5573        490     2.0375  0.000e+00
      1.843    10.2812   3.789310    34.5283        491     2.0417  0.000e+00
      1.965    10.2779   3.787857    34.5166        492     2.0458  0.000e+00
      2.099    10.2760   3.789446    34.5345        493     2.0500  0.000e+00
      2.249    10.2773   3.792373    34.5629        494     2.0542  0.000e+00
      2.389    10.2760   3.793853    34.5792        495     2.0583  0.000e+00
      2.526    10.2737   3.794773    34.5906        496     2.0625  0.000e+00
      2.645    10.2769   3.795417    34.5940        497     2.0667  0.000e+00
      2.746    10.2800   3.795391    34.5908        498     2.0708  0.000e+00
      2.819    10.2798   3.795925    34.5964        499     2.0750  0.000e+00
      2.810    10.2793   3.797625    34.6141        500     2.0792  0.000e+00
      2.731    10.2827   3.799028    34.6252        501     2.0833  0.000e+00
      2.633    10.2902   3.800104    34.6290        502     2.0875  0.000e+00
      2.557    10.2986   3.799943    34.6194        503     2.0917  0.000e+00
      2.523    10.3042   3.798867    34.6031        504     2.0958  0.000e+00
      2.557    10.3056   3.796034    34.5730        505     2.1000  0.000e+00
      2.676    10.3028   3.790925    34.5238        506     2.1042  0.000e+00
      2.843    10.3005   3.789793    34.5144        507     2.1083  0.000e+00
      2.990    10.2988   3.793126    34.5497        508     2.1125  0.000e+00
      3.112    10.2963   3.796736    34.5887        509     2.1167  0.000e+00
      3.237    10.2921   3.797412    34.5996        510     2.1208  0.000e+00
      3.347    10.2890   3.796949    34.5977        511     2.1250  0.000e+00
      3.457    10.2881   3.738281    34.0035        512     2.1292  0.000e+00
      3.524    10.2857   3.586199    32.4701        513     2.1333  0.000e+00
      3.545    10.2774   3.716197    33.7898        514     2.1375  0.000e+00
      3.521    10.2667   3.797168    34.6212        515     2.1417  0.000e+00
      3.490    10.2698   3.800619    34.6533        516     2.1458  0.000e+00
      3.490    10.2828   3.801456    34.6494        517     2.1500  0.000e+00
      3.505    10.2964   3.801456    34.6364        518     2.1542  0.000e+00
      3.527    10.3059   3.800619    34.6188        519     2.1583  0.000e+00
      3.597    10.3113   3.796897    34.5759        520     2.1625  0.000e+00
      3.691    10.3127   3.796093    34.5663        521     2.1667  0.000e+00
      3.810    10.3039   3.795874    34.5724        522     2.1708  0.000e+00
      3.939    10.2854   3.795096    34.5821        523     2.1750  0.000e+00
      4.051    10.2726   3.795958    34.6031        524     2.1792  0.000e+00
      4.170    10.2673   3.799351    34.6425        525     2.1833  0.000e+00
      4.283    10.2745   3.801051    34.6528        526     2.1875  0.000e+00
      4.375    10.2855   3.801508    34.6470        527     2.1917  0.000e+00
      4.451    10.2956   3.801051    34.6326        528     2.1958  0.000e+00
      4.527    10.3029   3.800078    34.6158        529     2.2000  0.000e+00
      4.555    10.3060   3.801296    34.6251        530     2.2042  0.000e+00
      4.540    10.3064   3.801643    34.6283        531     2.2083  0.000e+00
      4.521    10.3062   3.801508    34.6271        532     2.2125  0.000e+00
      4.527    10.3058   3.801669    34.6291        533     2.2167  0.000e+00
      4.573    10.3044   3.801051    34.6241        534     2.2208  0.000e+00
      4.646    10.3029   3.800645    34.6214        535     2.2250  0.000e+00
      4.750    10.3006   3.800027    34.6173        536     2.2292  0.000e+00
      4.875    10.2980   3.797439    34.5934        537     2.2333  0.000e+00
      4.994    10.2945   3.795282    34.5748        538     2.2375  0.000e+00
      5.107    10.2924   3.797490    34.5992        539     2.2417  0.000e+00
      5.214    10.2915   3.799834    34.6238        540     2.2458  0.000e+00
      5.321    10.2885   3.799731    34.6255        541     2.2500  0.000e+00
      5.430    10.2855   3.799809    34.6292        542     2.2542  0.000e+00
      5.482    10.2848   3.800105    34.6329        543     2.2583  0.000e+00
      5.507    10.2854   3.800536    34.6367        544     2.2625  0.000e+00
      5.485    10.2868   3.801238    34.6424        545     2.2667  0.000e+00
      5.440    10.2897   3.801831    34.6457        546     2.2708  0.000e+00
      5.366    10.2937   3.802185    34.6455        547     2.2750  0.000e+00
      5.318    10.2969   3.802211    34.6427        548     2.2792  0.000e+00
      5.290    10.2986   3.802159    34.6406        549     2.2833  0.000e+00
      5.293    10.3000   3.801888    34.6365        550     2.2875  0.000e+00
      5.336    10.3006   3.801322    34.6301        551     2.2917  0.000e+00
      5.415    10.3002   3.800671    34.6239        552     2.2958  0.000e+00
      5.537    10.2992   3.799944    34.6174        553     2.3000  0.000e+00
      5.671    10.2976   3.799532    34.6147        554     2.3042  0.000e+00
      5.806    10.2964   3.800427    34.6249        555     2.3083  0.000e+00
      5.946    10.2952   3.800807    34.6299        556     2.3125  0.000e+00
      6.083    10.2921   3.800833    34.6330        557     2.3167  0.000e+00
      6.236    10.2901   3.800807    34.6346        558     2.3208  0.000e+00
      6.385    10.2891   3.800588    34.6332        559     2.3250  0.000e+00
      6.535    10.2894   3.800028    34.6272        560     2.3292  0.000e+00
      6.663    10.2885   3.799146    34.6190        561     2.3333  0.000e+00
      6.760    10.2864   3.798734    34.6168        562     2.3375  0.000e+00
      6.855    10.2852   3.800324    34.6341        563     2.3417  0.000e+00
      6.916    10.2853   3.801297    34.6438        564     2.3458  0.000e+00
      6.956    10.2866   3.801535    34.6450        565     2.3500  0.000e+00
      6.995    10.2893   3.801471    34.6417        566     2.3542  0.000e+00
      7.035    10.2908   3.801213    34.6376        567     2.3583  0.000e+00
      7.087    10.2912   3.800807    34.6331        568     2.3625  0.000e+00
      7.142    10.2909   3.800646    34.6318        569     2.3667  0.000e+00
      7.215    10.2900   3.800698    34.6331        570     2.3708  0.000e+00
      7.270    10.2891   3.801129    34.6383        571     2.3750  0.000e+00
      7.334    10.2884   3.801619    34.6440        572     2.3792  0.000e+00
      7.392    10.2894   3.801831    34.6451        573     2.3833  0.000e+00
      7.438    10.2913   3.801806    34.6430        574     2.3875  0.000e+00
      7.490    10.2928   3.801509    34.6386        575     2.3917  0.000e+00
      7.538    10.2931   3.801078    34.6339        576     2.3958  0.000e+00
      7.590    10.2922   3.800511    34.6290        577     2.4000  0.000e+00
      7.657    10.2912   3.800595    34.6307        578     2.4042  0.000e+00
      7.722    10.2903   3.800865    34.6342        579     2.4083  0.000e+00
      7.795    10.2880   3.800782    34.6356        580     2.4125  0.000e+00
      7.862    10.2855   3.800647    34.6366        581     2.4167  0.000e+00
      7.920    10.2837   3.800460    34.6363        582     2.4208  0.000e+00
      7.975    10.2826   3.800080    34.6335        583     2.4250  0.000e+00
      8.036    10.2818   3.799700    34.6304        584     2.4292  0.000e+00
      8.115    10.2809   3.799539    34.6296        585     2.4333  0.000e+00
      8.194    10.2805   3.800080    34.6355        586     2.4375  0.000e+00
      8.277    10.2792   3.800325    34.6392        587     2.4417  0.000e+00
      8.362    10.2782   3.800563    34.6425        588     2.4458  0.000e+00
      8.438    10.2795   3.800563    34.6412        589     2.4500  0.000e+00
      8.493    10.2810   3.800402    34.6381        590     2.4542  0.000e+00
      8.560    10.2819   3.800003    34.6332        591     2.4583  0.000e+00
      8.618    10.2816   3.799571    34.6291        592     2.4625  0.000e+00
      8.688    10.2805   3.799675    34.6311        593     2.4667  0.000e+00
      8.777    10.2803   3.800428    34.6389        594     2.4708  0.000e+00
      8.875    10.2799   3.800834    34.6434        595     2.4750  0.000e+00
      8.972    10.2812   3.800943    34.6432        596     2.4792  0.000e+00
      9.094    10.2839   3.800969    34.6409        597     2.4833  0.000e+00
      9.195    10.2864   3.800563    34.6343        598     2.4875  0.000e+00
      9.296    10.2872   3.798651    34.6140        599     2.4917  0.000e+00
      9.411    10.2862   3.798709    34.6155        600     2.4958  0.000e+00
      9.515    10.2860   3.800647    34.6354        601     2.5000  0.000e+00
      9.619    10.2873   3.802186    34.6497        602     2.5042  0.000e+00
      9.741    10.2899   3.802863    34.6540        603     2.5083  0.000e+00
      9.851    10.2937   3.803043    34.6522        604     2.5125  0.000e+00
      9.909    10.2977   3.802940    34.6472        605     2.5167  0.000e+00
      9.979    10.3007   3.802508    34.6400        606     2.5208  0.000e+00
     10.028    10.3018   3.802528    34.6391        607     2.5250  0.000e+00
     10.049    10.3021   3.803101    34.6447        608     2.5292  0.000e+00
     10.073    10.3018   3.803455    34.6485        609     2.5333  0.000e+00
     10.101    10.3027   3.803752    34.6506        610     2.5375  0.000e+00
     10.144    10.3042   3.803939    34.6510        611     2.5417  0.000e+00
     10.189    10.3057   3.803752    34.6478        612     2.5458  0.000e+00
     10.241    10.3064   3.803533    34.6448        613     2.5500  0.000e+00
     10.299    10.3063   3.803372    34.6432        614     2.5542  0.000e+00
     10.375    10.3062   3.803095    34.6405        615     2.5583  0.000e+00
     10.464    10.3053   3.803075    34.6411        616     2.5625  0.000e+00
     10.565    10.3045   3.803346    34.6446        617     2.5667  0.000e+00
     10.650    10.3031   3.803507    34.6475        618     2.5708  0.000e+00
     10.748    10.3023   3.803507    34.6483        619     2.5750  0.000e+00
     10.827    10.3024   3.803430    34.6474        620     2.5792  0.000e+00
     10.903    10.3028   3.803295    34.6455        621     2.5833  0.000e+00
     10.961    10.3032   3.803024    34.6424        622     2.5875  0.000e+00
     11.019    10.3026   3.803250    34.6452        623     2.5917  0.000e+00
     11.062    10.3019   3.803456    34.6480        624     2.5958  0.000e+00
     11.086    10.3014   3.804132    34.6553        625     2.6000  0.000e+00
