PC2501/sbe010.cnv
* Sea-Bird SBE 19plus Data File:
* FileName = C:\cruise\data\sbe010.hex
* Software Version Seasave V 7.26.7.121
* Temperature SN = 4684
* Conductivity SN = 4684
* System UpLoad Time = Jan 11 2025 07:45:16
* NMEA Latitude = 37 38.15 N
* NMEA Longitude = 073 49.88 W
* NMEA UTC (Time) = Jan 11 2025  07:44:36
** Ship: Pisces
** Cruise:  PC2501
** Program:  AMAPPS
# nquan = 7
# nvalues = 1916                                  
# units = specified
# name 0 = depSM: Depth [salt water, m]
# name 1 = tv290C: Temperature [ITS-90, deg C]
# name 2 = c0S/m: Conductivity [S/m]
# name 3 = sal00: Salinity, Practical [PSU]
# name 4 = scan: Scan Count
# name 5 = timeM: Time, Elapsed [minutes]
# name 6 = flag:  0.000e+00
# span 0 =     -0.086,     50.647                 
# span 1 =    11.8904,    12.5528                 
# span 2 =   0.207214,   3.994716                 
# span 3 =     1.4246,    34.4358                 
# span 4 =         11,       1926                 
# span 5 =     0.0417,     8.0208                 
# span 6 = 0.0000e+00, 0.0000e+00                 
# interval = seconds: 0.25
# start_time = Jan 11 2025 07:44:36 [NMEA time, header]
# bad_flag = -9.990e-29
*END*
      2.470    12.0123   3.879029    33.8100         11     0.0417  0.000e+00
      2.525    11.9429   3.877290    33.8562         12     0.0458  0.000e+00
      2.574    11.8904   3.894541    34.0721         13     0.0500  0.000e+00
      2.595    11.9031   3.920133    34.3103         14     0.0542  0.000e+00
      2.601    12.0094   3.935852    34.3655         15     0.0583  0.000e+00
      2.574    12.1266   3.946627    34.3623         16     0.0625  0.000e+00
      2.543    12.2240   3.953624    34.3406         17     0.0667  0.000e+00
      2.497    12.3086   3.962139    34.3454         18     0.0708  0.000e+00
      2.403    12.3780   3.966323    34.3223         19     0.0750  0.000e+00
      2.272    12.4264   3.970018    34.3137         20     0.0792  0.000e+00
      2.092    12.4568   3.972437    34.3093         21     0.0833  0.000e+00
      1.896    12.4760   3.973551    34.3025         22     0.0875  0.000e+00
      1.677    12.4877   3.975183    34.3076         23     0.0917  0.000e+00
      1.424    12.4948   3.975537    34.3047         24     0.0958  0.000e+00
      1.134    12.5005   3.973688    34.2818         25     0.1000  0.000e+00
      0.927    12.5041   3.968608    34.2297         26     0.1042  0.000e+00
      0.817    12.5044   3.960983    34.1561         27     0.1083  0.000e+00
      0.808    12.5003   3.945222    34.0082         28     0.1125  0.000e+00
      0.896    12.4887   3.949132    34.0563         29     0.1167  0.000e+00
      1.082    12.4347   3.946589    34.0808         30     0.1208  0.000e+00
      1.280    12.3772   3.940825    34.0774         31     0.1250  0.000e+00
      1.494    12.3395   3.930742    34.0143         32     0.1292  0.000e+00
      1.665    12.3067   3.935352    34.0885         33     0.1333  0.000e+00
      1.777    12.2849   3.947030    34.2213         34     0.1375  0.000e+00
      1.857    12.2944   3.960011    34.3381         35     0.1417  0.000e+00
      1.918    12.3365   3.967464    34.3715         36     0.1458  0.000e+00
      1.896    12.3861   3.975349    34.4022         37     0.1500  0.000e+00
      1.744    12.4310   3.979651    34.4026         38     0.1542  0.000e+00
      1.436    12.4659   3.980687    34.3807         39     0.1583  0.000e+00
      1.094    12.4867   3.979873    34.3540         40     0.1625  0.000e+00
      0.725    12.4989   3.976980    34.3152         41     0.1667  0.000e+00
      0.512    12.5055   3.972081    34.2621         42     0.1708  0.000e+00
      0.423    12.5069   3.969558    34.2365         43     0.1750  0.000e+00
      0.390    12.5029   3.966131    34.2072         44     0.1792  0.000e+00
      0.448    12.4935   3.959301    34.1499         45     0.1833  0.000e+00
      0.555    12.4797   3.947975    34.0535         46     0.1875  0.000e+00
      0.686    12.4704   3.949041    34.0721         47     0.1917  0.000e+00
      0.802    12.4574   3.949806    34.0913         48     0.1958  0.000e+00
      0.902    12.4181   3.944275    34.0736         49     0.2000  0.000e+00
      0.957    12.3797   3.944838    34.1140         50     0.2042  0.000e+00
      0.966    12.3550   3.963854    34.3201         51     0.2083  0.000e+00
      0.905    12.3784   3.976627    34.4221         52     0.2125  0.000e+00
      0.762    12.4290   3.978371    34.3925         53     0.2167  0.000e+00
      0.594    12.4668   3.977092    34.3456         54     0.2208  0.000e+00
      0.490    12.4868   3.975157    34.3087         55     0.2250  0.000e+00
      0.475    12.4960   3.974802    34.2969         56     0.2292  0.000e+00
      0.500    12.4980   3.975432    34.3012         57     0.2333  0.000e+00
      0.536    12.4969   3.975458    34.3023         58     0.2375  0.000e+00
      0.591    12.4991   3.976625    34.3116         59     0.2417  0.000e+00
      0.625    12.5021   3.978259    34.3246         60     0.2458  0.000e+00
      0.615    12.5052   3.980496    34.3433         61     0.2500  0.000e+00
      0.536    12.5082   3.981316    34.3484         62     0.2542  0.000e+00
      0.390    12.5110   3.982103    34.3536         63     0.2583  0.000e+00
      0.207    12.5128   3.981040    34.3417         64     0.2625  0.000e+00
      0.042    12.5126   3.978317    34.3157         65     0.2667  0.000e+00
      0.006    12.5105   3.974041    34.2766         66     0.2708  0.000e+00
      0.070    12.5066   3.969309    34.2345         67     0.2750  0.000e+00
      0.146    12.5023   3.971891    34.2633         68     0.2792  0.000e+00
      0.252    12.4982   3.972868    34.2764         69     0.2833  0.000e+00
      0.359    12.4889   3.974062    34.2963         70     0.2875  0.000e+00
      0.411    12.4815   3.975727    34.3191         71     0.2917  0.000e+00
      0.454    12.4833   3.976875    34.3285         72     0.2958  0.000e+00
      0.490    12.4894   3.979433    34.3476         73     0.3000  0.000e+00
      0.490    12.4959   3.982129    34.3676         74     0.3042  0.000e+00
      0.432    12.5014   3.983304    34.3739         75     0.3083  0.000e+00
      0.289    12.5060   3.983219    34.3689         76     0.3125  0.000e+00
      0.039    12.5091   3.983192    34.3659         77     0.3167  0.000e+00
     -0.068    12.5096   3.560885    30.3352         78     0.3208  0.000e+00
     -0.077    12.5053   0.876502     6.5866         79     0.3250  0.000e+00
     -0.077    12.4771   0.497631     3.5949         80     0.3292  0.000e+00
     -0.086    12.4362   0.411530     2.9395         81     0.3333  0.000e+00
     -0.080    12.4037   0.351644     2.4892         82     0.3375  0.000e+00
     -0.080    12.3829   0.318472     2.2421         83     0.3417  0.000e+00
     -0.077    12.3648   0.288697     2.0216         84     0.3458  0.000e+00
      0.002    12.3449   2.524088    20.8435         85     0.3500  0.000e+00
      0.158    12.3239   3.964293    34.3532         86     0.3542  0.000e+00
      0.335    12.3198   3.959250    34.3082         87     0.3583  0.000e+00
      0.521    12.3228   3.957188    34.2854         88     0.3625  0.000e+00
      0.649    12.3266   3.958825    34.2977         89     0.3667  0.000e+00
      0.765    12.3384   3.957031    34.2694         90     0.3708  0.000e+00
      0.872    12.3522   3.955918    34.2461         91     0.3750  0.000e+00
      0.948    12.3658   3.963886    34.3105         92     0.3792  0.000e+00
      0.966    12.3879   3.968603    34.3358         93     0.3833  0.000e+00
      0.963    12.4070   3.971486    34.3462         94     0.3875  0.000e+00
      0.963    12.4260   3.972699    34.3405         95     0.3917  0.000e+00
      0.994    12.4432   3.973118    34.3288         96     0.3958  0.000e+00
      1.042    12.4557   3.972980    34.3159         97     0.4000  0.000e+00
      1.106    12.4647   3.971977    34.2981         98     0.4042  0.000e+00
      1.204    12.4698   3.968713    34.2619         99     0.4083  0.000e+00
      1.353    12.4676   3.963990    34.2184        100     0.4125  0.000e+00
      1.521    12.4603   3.964396    34.2289        101     0.4167  0.000e+00
      1.695    12.4575   3.969120    34.2768        102     0.4208  0.000e+00
      1.860    12.4618   3.971919    34.2998        103     0.4250  0.000e+00
      2.021    12.4626   3.973826    34.3174        104     0.4292  0.000e+00
      2.183    12.4623   3.974994    34.3288        105     0.4333  0.000e+00
      2.345    12.4674   3.975158    34.3257        106     0.4375  0.000e+00
      2.485    12.4735   3.973768    34.3066        107     0.4417  0.000e+00
      2.601    12.4773   3.972083    34.2869        108     0.4458  0.000e+00
      2.689    12.4780   3.970018    34.2663        109     0.4500  0.000e+00
      2.753    12.4759   3.968747    34.2559        110     0.4542  0.000e+00
      2.793    12.4766   3.972109    34.2877        111     0.4583  0.000e+00
      2.833    12.4790   3.974259    34.3062        112     0.4625  0.000e+00
      2.881    12.4773   3.975590    34.3206        113     0.4667  0.000e+00
      2.924    12.4740   3.975676    34.3244        114     0.4708  0.000e+00
      2.988    12.4765   3.974450    34.3102        115     0.4750  0.000e+00
      3.070    12.4799   3.971460    34.2783        116     0.4792  0.000e+00
      3.186    12.4786   3.966106    34.2279        117     0.4833  0.000e+00
      3.324    12.4711   3.966506    34.2385        118     0.4875  0.000e+00
      3.491    12.4679   3.967902    34.2548        119     0.4917  0.000e+00
      3.671    12.4708   3.972221    34.2937        120     0.4958  0.000e+00
      3.860    12.4767   3.974535    34.3105        121     0.5000  0.000e+00
      4.034    12.4773   3.976325    34.3272        122     0.5042  0.000e+00
      4.205    12.4763   3.977172    34.3361        123     0.5083  0.000e+00
      4.366    12.4792   3.978044    34.3418        124     0.5125  0.000e+00
      4.510    12.4837   3.978346    34.3406        125     0.5167  0.000e+00
      4.650    12.4867   3.978096    34.3353        126     0.5208  0.000e+00
      4.775    12.4885   3.977965    34.3324        127     0.5250  0.000e+00
      4.885    12.4905   3.978903    34.3396        128     0.5292  0.000e+00
      4.943    12.4919   3.979651    34.3454        129     0.5333  0.000e+00
      4.958    12.4935   3.980032    34.3476        130     0.5375  0.000e+00
      4.934    12.4973   3.980360    34.3473        131     0.5417  0.000e+00
      4.903    12.5015   3.980609    34.3459        132     0.5458  0.000e+00
      4.894    12.5050   3.980386    34.3406        133     0.5500  0.000e+00
      4.940    12.5075   3.979461    34.3294        134     0.5542  0.000e+00
      5.019    12.5070   3.977663    34.3125        135     0.5583  0.000e+00
      5.153    12.5042   3.975919    34.2982        136     0.5625  0.000e+00
      5.300    12.5008   3.974044    34.2832        137     0.5667  0.000e+00
      5.482    12.4993   3.974535    34.2892        138     0.5708  0.000e+00
      5.653    12.4997   3.976883    34.3113        139     0.5750  0.000e+00
      5.815    12.5003   3.978208    34.3234        140     0.5792  0.000e+00
      5.970    12.4982   3.979409    34.3369        141     0.5833  0.000e+00
      6.120    12.4928   3.980117    34.3486        142     0.5875  0.000e+00
      6.257    12.4905   3.980281    34.3522        143     0.5917  0.000e+00
      6.382    12.4919   3.980334    34.3514        144     0.5958  0.000e+00
      6.513    12.4943   3.981121    34.3568        145     0.6000  0.000e+00
      6.638    12.4962   3.981482    34.3584        146     0.6042  0.000e+00
      6.751    12.4986   3.981535    34.3567        147     0.6083  0.000e+00
      6.830    12.5005   3.980688    34.3467        148     0.6125  0.000e+00
      6.867    12.5008   3.977421    34.3150        149     0.6167  0.000e+00
      6.901    12.4975   3.971297    34.2590        150     0.6208  0.000e+00
      6.971    12.4953   3.970229    34.2508        151     0.6250  0.000e+00
      7.068    12.4964   3.973743    34.2835        152     0.6292  0.000e+00
      7.181    12.4966   3.977802    34.3223        153     0.6333  0.000e+00
      7.315    12.4965   3.979704    34.3407        154     0.6375  0.000e+00
      7.456    12.4940   3.979842    34.3443        155     0.6417  0.000e+00
      7.593    12.4930   3.979678    34.3436        156     0.6458  0.000e+00
      7.733    12.4948   3.985191    34.3950        157     0.6500  0.000e+00
      7.873    12.5024   3.990161    34.4358        158     0.6542  0.000e+00
      7.998    12.5162   3.990515    34.4265        159     0.6583  0.000e+00
      8.111    12.5268   3.990627    34.4178        160     0.6625  0.000e+00
      8.230    12.5325   3.990765    34.4139        161     0.6667  0.000e+00
      8.343    12.5357   3.990739    34.4107        162     0.6708  0.000e+00
      8.450    12.5374   3.990896    34.4105        163     0.6750  0.000e+00
      8.550    12.5381   3.990955    34.4104        164     0.6792  0.000e+00
      8.651    12.5386   3.991008    34.4104        165     0.6833  0.000e+00
      8.748    12.5392   3.991034    34.4101        166     0.6875  0.000e+00
      8.849    12.5397   3.991061    34.4098        167     0.6917  0.000e+00
      8.956    12.5400   3.991146    34.4104        168     0.6958  0.000e+00
      9.069    12.5401   3.991146    34.4101        169     0.7000  0.000e+00
      9.178    12.5403   3.991146    34.4100        170     0.7042  0.000e+00
      9.306    12.5404   3.991094    34.4093        171     0.7083  0.000e+00
      9.441    12.5401   3.991120    34.4098        172     0.7125  0.000e+00
      9.581    12.5398   3.991120    34.4100        173     0.7167  0.000e+00
      9.718    12.5396   3.991146    34.4104        174     0.7208  0.000e+00
      9.849    12.5396   3.991199    34.4108        175     0.7250  0.000e+00
      9.965    12.5398   3.991173    34.4104        176     0.7292  0.000e+00
     10.078    12.5400   3.991199    34.4104        177     0.7333  0.000e+00
     10.200    12.5399   3.991173    34.4102        178     0.7375  0.000e+00
     10.325    12.5398   3.991173    34.4102        179     0.7417  0.000e+00
     10.435    12.5396   3.991199    34.4105        180     0.7458  0.000e+00
     10.538    12.5397   3.991258    34.4110        181     0.7500  0.000e+00
     10.648    12.5398   3.991311    34.4113        182     0.7542  0.000e+00
     10.758    12.5402   3.991363    34.4115        183     0.7583  0.000e+00
     10.865    12.5404   3.991423    34.4118        184     0.7625  0.000e+00
     10.978    12.5408   3.991436    34.4115        185     0.7667  0.000e+00
     11.075    12.5409   3.991390    34.4109        186     0.7708  0.000e+00
     11.191    12.5409   3.991390    34.4109        187     0.7750  0.000e+00
     11.310    12.5409   3.991423    34.4111        188     0.7792  0.000e+00
     11.426    12.5408   3.991475    34.4117        189     0.7833  0.000e+00
     11.539    12.5412   3.991528    34.4118        190     0.7875  0.000e+00
     11.670    12.5416   3.991554    34.4116        191     0.7917  0.000e+00
     11.795    12.5419   3.991587    34.4116        192     0.7958  0.000e+00
     11.932    12.5419   3.991475    34.4105        193     0.8000  0.000e+00
     12.081    12.5416   3.991390    34.4099        194     0.8042  0.000e+00
     12.231    12.5411   3.991338    34.4097        195     0.8083  0.000e+00
     12.368    12.5401   3.991338    34.4106        196     0.8125  0.000e+00
     12.508    12.5397   3.991312    34.4107        197     0.8167  0.000e+00
     12.630    12.5395   3.991338    34.4110        198     0.8208  0.000e+00
     12.746    12.5394   3.991476    34.4124        199     0.8250  0.000e+00
     12.859    12.5400   3.991614    34.4131        200     0.8292  0.000e+00
     12.951    12.5409   3.991588    34.4121        201     0.8333  0.000e+00
     13.039    12.5414   3.991555    34.4113        202     0.8375  0.000e+00
     13.152    12.5416   3.991588    34.4113        203     0.8417  0.000e+00
     13.246    12.5416   3.991502    34.4104        204     0.8458  0.000e+00
     13.347    12.5414   3.991391    34.4095        205     0.8500  0.000e+00
     13.432    12.5406   3.991391    34.4102        206     0.8542  0.000e+00
     13.521    12.5401   3.991450    34.4112        207     0.8583  0.000e+00
     13.621    12.5400   3.991476    34.4115        208     0.8625  0.000e+00
     13.731    12.5401   3.991529    34.4119        209     0.8667  0.000e+00
     13.844    12.5403   3.991640    34.4127        210     0.8708  0.000e+00
     13.969    12.5409   3.991693    34.4126        211     0.8750  0.000e+00
     14.106    12.5414   3.991588    34.4111        212     0.8792  0.000e+00
     14.246    12.5415   3.991503    34.4101        213     0.8833  0.000e+00
     14.393    12.5410   3.991424    34.4098        214     0.8875  0.000e+00
     14.530    12.5403   3.991339    34.4095        215     0.8917  0.000e+00
