PC2501/sbe072.cnv
* Sea-Bird SBE 19plus Data File:
* FileName = C:\cruise\data\sbe072.hex
* Software Version Seasave V 7.26.7.121
* Temperature SN = 4684
* Conductivity SN = 4684
* System UpLoad Time = Feb 08 2025 04:36:36
* NMEA Latitude = 36 13.97 N
* NMEA Longitude = 075 08.46 W
* NMEA UTC (Time) = Feb 08 2025  04:36:13
** Ship: Pisces
** Cruise:  PC2501
** Program:  AMAPPS
# nquan = 7
# nvalues = 1225                                  
# units = specified
# name 0 = depSM: Depth [salt water, m]
# name 1 = tv290C: Temperature [ITS-90, deg C]
# name 2 = c0S/m: Conductivity [S/m]
# name 3 = sal00: Salinity, Practical [PSU]
# name 4 = scan: Scan Count
# name 5 = timeM: Time, Elapsed [minutes]
# name 6 = flag:  0.000e+00
# span 0 =      0.134,     26.553                 
# span 1 =     8.2287,    12.1634                 
# span 2 =   0.000015,   4.021032                 
# span 3 =     0.0041,    36.2000                 
# span 4 =         11,       1235                 
# span 5 =     0.0417,     5.1417                 
# span 6 = 0.0000e+00, 0.0000e+00                 
# interval = seconds: 0.25
# start_time = Feb 08 2025 04:36:13 [NMEA time, header]
# bad_flag = -9.990e-29
*END*
[from data line 616]
     16.348    11.9880   4.003018    35.0347        627     2.6083  0.000e+00
     16.294    11.9942   4.002387    35.0227        628     2.6125  0.000e+00
     16.260    11.9971   4.002111    35.0173        629     2.6167  0.000e+00
     16.217    11.9970   4.002854    35.0247        630     2.6208  0.000e+00
     16.199    11.9992   4.002604    35.0202        631     2.6250  0.000e+00
     16.187    12.0005   4.003268    35.0254        632     2.6292  0.000e+00
     16.190    12.0024   4.004090    35.0317        633     2.6333  0.000e+00
     16.196    12.0067   4.003649    35.0233        634     2.6375  0.000e+00
     16.205    12.0086   4.003130    35.0165        635     2.6417  0.000e+00
     16.214    12.0078   4.004116    35.0269        636     2.6458  0.000e+00
     16.229    12.0093   4.004057    35.0249        637     2.6500  0.000e+00
     16.242    12.0112   4.002111    35.0040        638     2.6542  0.000e+00
     16.248    12.0055   4.002275    35.0110        639     2.6583  0.000e+00
     16.260    12.0007   4.003321    35.0258        640     2.6625  0.000e+00
     16.254    12.0016   4.002880    35.0206        641     2.6667  0.000e+00
     16.245    12.0028   4.004735    35.0376        642     2.6708  0.000e+00
     16.226    12.0092   4.004610    35.0303        643     2.6750  0.000e+00
     16.214    12.0144   4.004827    35.0275        644     2.6792  0.000e+00
     16.181    12.0174   4.004524    35.0219        645     2.6833  0.000e+00
     16.150    12.0181   4.004859    35.0244        646     2.6875  0.000e+00
     16.107    12.0182   4.002880    35.0050        647     2.6917  0.000e+00
     16.068    12.0122   4.004991    35.0313        648     2.6958  0.000e+00
     16.019    12.0143   4.005215    35.0315        649     2.7000  0.000e+00
     15.967    12.0184   4.005405    35.0296        650     2.7042  0.000e+00
     15.912    12.0220   4.005517    35.0273        651     2.7083  0.000e+00
     15.860    12.0242   4.005379    35.0239        652     2.7125  0.000e+00
     15.805    12.0241   4.003037    35.0012        653     2.7167  0.000e+00
     15.760    12.0173   4.002768    35.0050        654     2.7208  0.000e+00
     15.696    12.0085   4.005517    35.0401        655     2.7250  0.000e+00
     15.638    12.0142   4.005214    35.0318        656     2.7292  0.000e+00
     15.570    12.0196   4.005708    35.0316        657     2.7333  0.000e+00
     15.509    12.0237   4.004635    35.0173        658     2.7375  0.000e+00
     15.439    12.0237   4.002781    34.9992        659     2.7417  0.000e+00
     15.369    12.0141   4.000440    34.9854        660     2.7458  0.000e+00
     15.299    12.0014   3.999507    34.9882        661     2.7500  0.000e+00
     15.238    11.9872   3.998547    34.9922        662     2.7542  0.000e+00
     15.171    11.9752   4.000243    35.0201        663     2.7583  0.000e+00
     15.107    11.9740   4.001236    35.0309        664     2.7625  0.000e+00
     15.061    11.9801   4.005215    35.0642        665     2.7667  0.000e+00
     15.012    11.9962   4.008622    35.0823        666     2.7708  0.000e+00
     14.979    12.0231   4.008595    35.0567        667     2.7750  0.000e+00
     14.951    12.0404   4.008700    35.0416        668     2.7792  0.000e+00
     14.930    12.0482   4.008292    35.0302        669     2.7833  0.000e+00
     14.918    12.0508   4.009668    35.0412        670     2.7875  0.000e+00
     14.908    12.0555   4.011036    35.0501        671     2.7917  0.000e+00
     14.908    12.0650   4.009963    35.0308        672     2.7958  0.000e+00
     14.914    12.0670   4.006970    34.9997        673     2.8000  0.000e+00
     14.927    12.0545   4.000795    34.9512        674     2.8042  0.000e+00
     14.942    12.0257   4.006312    35.0320        675     2.8083  0.000e+00
     14.954    12.0243   4.004911    35.0197        676     2.8125  0.000e+00
     14.963    12.0236   4.006063    35.0315        677     2.8167  0.000e+00
     14.969    12.0253   4.001755    34.9879        678     2.8208  0.000e+00
     14.969    12.0132   3.997863    34.9613        679     2.8250  0.000e+00
     14.963    11.9911   3.998541    34.9886        680     2.8292  0.000e+00
     14.936    11.9751   3.993671    34.9561        681     2.8333  0.000e+00
     14.893    11.9498   4.007162    35.1119        682     2.8375  0.000e+00
     14.847    11.9805   4.006971    35.0811        683     2.8417  0.000e+00
     14.780    12.0115   4.004497    35.0277        684     2.8458  0.000e+00
     14.710    12.0208   4.004556    35.0196        685     2.8500  0.000e+00
     14.634    12.0189   4.006714    35.0424        686     2.8542  0.000e+00
     14.548    12.0261   4.006312    35.0318        687     2.8583  0.000e+00
     14.451    12.0308   4.005924    35.0236        688     2.8625  0.000e+00
     14.350    12.0316   4.006148    35.0252        689     2.8667  0.000e+00
     14.237    12.0311   4.007687    35.0407        690     2.8708  0.000e+00
     14.130    12.0364   4.009365    35.0521        691     2.8750  0.000e+00
     14.036    12.0467   4.007779    35.0270        692     2.8792  0.000e+00
     13.956    12.0501   4.007851    35.0246        693     2.8833  0.000e+00
     13.908    12.0479   4.007575    35.0240        694     2.8875  0.000e+00
     13.880    12.0474   4.006970    35.0185        695     2.8917  0.000e+00
     13.883    12.0438   4.005292    35.0056        696     2.8958  0.000e+00
     13.895    12.0361   4.004911    35.0090        697     2.9000  0.000e+00
     13.935    12.0285   4.004622    35.0133        698     2.9042  0.000e+00
     13.975    12.0235   4.004168    35.0136        699     2.9083  0.000e+00
     14.020    12.0193   4.004142    35.0172        700     2.9125  0.000e+00
     14.054    12.0167   4.004859    35.0267        701     2.9167  0.000e+00
     14.103    12.0175   4.004938    35.0266        702     2.9208  0.000e+00
     14.143    12.0198   4.005404    35.0290        703     2.9250  0.000e+00
     14.170    12.0222   4.006056    35.0332        704     2.9292  0.000e+00
     14.179    12.0261   4.006779    35.0365        705     2.9333  0.000e+00
     14.176    12.0314   4.007325    35.0369        706     2.9375  0.000e+00
     14.149    12.0370   4.006555    35.0241        707     2.9417  0.000e+00
     14.097    12.0377   4.005595    35.0141        708     2.9458  0.000e+00
     14.027    12.0342   4.003957    35.0014        709     2.9500  0.000e+00
     13.947    12.0252   4.004523    35.0155        710     2.9542  0.000e+00
     13.862    12.0202   4.003425    35.0095        711     2.9583  0.000e+00
     13.764    12.0155   4.002274    35.0027        712     2.9625  0.000e+00
     13.676    12.0079   4.002767    35.0147        713     2.9667  0.000e+00
     13.587    12.0047   4.006391    35.0531        714     2.9708  0.000e+00
     13.493    12.0144   4.006753    35.0476        715     2.9750  0.000e+00
     13.416    12.0270   4.007825    35.0462        716     2.9792  0.000e+00
     13.355    12.0374   4.008562    35.0437        717     2.9833  0.000e+00
     13.300    12.0458   4.008641    35.0366        718     2.9875  0.000e+00
     13.243    12.0508   4.009331    35.0387        719     2.9917  0.000e+00
     13.209    12.0555   4.010299    35.0437        720     2.9958  0.000e+00
     13.178    12.0622   4.010108    35.0355        721     3.0000  0.000e+00
     13.163    12.0662   4.010627    35.0368        722     3.0042  0.000e+00
     13.160    12.0691   4.010160    35.0296        723     3.0083  0.000e+00
     13.175    12.0698   4.010022    35.0275        724     3.0125  0.000e+00
     13.197    12.0690   4.010265    35.0307        725     3.0167  0.000e+00
     13.233    12.0688   4.009910    35.0274        726     3.0208  0.000e+00
     13.273    12.0682   4.009068    35.0197        727     3.0250  0.000e+00
     13.310    12.0646   4.008344    35.0160        728     3.0292  0.000e+00
     13.364    12.0591   4.007713    35.0150        729     3.0333  0.000e+00
     13.416    12.0534   4.007489    35.0182        730     3.0375  0.000e+00
     13.474    12.0494   4.007160    35.0187        731     3.0417  0.000e+00
     13.532    12.0458   4.007002    35.0205        732     3.0458  0.000e+00
     13.569    12.0434   4.006693    35.0197        733     3.0500  0.000e+00
     13.593    12.0411   4.007134    35.0262        734     3.0542  0.000e+00
     13.602    12.0404   4.007081    35.0263        735     3.0583  0.000e+00
     13.599    12.0416   4.009417    35.0480        736     3.0625  0.000e+00
     13.578    12.0483   4.010240    35.0497        737     3.0667  0.000e+00
     13.541    12.0584   4.010404    35.0418        738     3.0708  0.000e+00
     13.471    12.0653   4.011424    35.0454        739     3.0750  0.000e+00
     13.383    12.0720   4.011562    35.0404        740     3.0792  0.000e+00
     13.279    12.0766   4.011944    35.0399        741     3.0833  0.000e+00
     13.163    12.0808   4.010792    35.0247        742     3.0875  0.000e+00
     13.050    12.0788   4.012990    35.0481        743     3.0917  0.000e+00
     12.934    12.0813   4.011779    35.0340        744     3.0958  0.000e+00
     12.831    12.0827   4.013760    35.0520        745     3.1000  0.000e+00
     12.730    12.0886   4.014642    35.0552        746     3.1042  0.000e+00
     12.663    12.0974   4.013187    35.0327        747     3.1083  0.000e+00
     12.608    12.0979   4.012772    35.0282        748     3.1125  0.000e+00
     12.580    12.0949   4.014892    35.0517        749     3.1167  0.000e+00
     12.571    12.0993   4.016077    35.0592        750     3.1208  0.000e+00
     12.580    12.1091   4.015774    35.0470        751     3.1250  0.000e+00
     12.608    12.1138   4.015550    35.0404        752     3.1292  0.000e+00
     12.641    12.1148   4.014971    35.0338        753     3.1333  0.000e+00
     12.681    12.1131   4.014727    35.0330        754     3.1375  0.000e+00
     12.736    12.1107   4.014642    35.0344        755     3.1417  0.000e+00
     12.785    12.1088   4.015142    35.0410        756     3.1458  0.000e+00
     12.846    12.1095   4.016077    35.0494        757     3.1500  0.000e+00
     12.892    12.1132   4.017203    35.0569        758     3.1542  0.000e+00
     12.934    12.1204   4.017671    35.0547        759     3.1583  0.000e+00
     12.943    12.1269   4.017842    35.0502        760     3.1625  0.000e+00
     12.943    12.1308   4.017532    35.0436        761     3.1667  0.000e+00
     12.919    12.1316   4.016492    35.0327        762     3.1708  0.000e+00
     12.885    12.1281   4.017065    35.0415        763     3.1750  0.000e+00
     12.837    12.1269   4.016762    35.0398        764     3.1792  0.000e+00
     12.779    12.1262   4.016736    35.0402        765     3.1833  0.000e+00
     12.718    12.1254   4.016959    35.0431        766     3.1875  0.000e+00
     12.653    12.1254   4.017177    35.0453        767     3.1917  0.000e+00
     12.583    12.1269   4.016215    35.0345        768     3.1958  0.000e+00
     12.525    12.1251   4.015853    35.0327        769     3.2000  0.000e+00
     12.467    12.1213   4.016624    35.0439        770     3.2042  0.000e+00
     12.413    12.1211   4.018112    35.0586        771     3.2083  0.000e+00
     12.351    12.1277   4.018283    35.0541        772     3.2125  0.000e+00
     12.303    12.1331   4.018250    35.0487        773     3.2167  0.000e+00
     12.263    12.1360   4.018336    35.0468        774     3.2208  0.000e+00
     12.239    12.1375   4.018388    35.0459        775     3.2250  0.000e+00
     12.217    12.1386   4.018388    35.0449        776     3.2292  0.000e+00
     12.205    12.1391   4.018421    35.0448        777     3.2333  0.000e+00
     12.202    12.1394   4.017763    35.0381        778     3.2375  0.000e+00
     12.190    12.1371   4.017262    35.0354        779     3.2417  0.000e+00
     12.184    12.1325   4.017400    35.0410        780     3.2458  0.000e+00
     12.174    12.1304   4.017868    35.0476        781     3.2500  0.000e+00
     12.178    12.1316   4.017644    35.0443        782     3.2542  0.000e+00
     12.181    12.1321   4.017341    35.0409        783     3.2583  0.000e+00
     12.190    12.1306   4.017427    35.0431        784     3.2625  0.000e+00
     12.214    12.1298   4.017262    35.0422        785     3.2667  0.000e+00
     12.245    12.1288   4.017288    35.0433        786     3.2708  0.000e+00
     12.269    12.1286   4.017177    35.0425        787     3.2750  0.000e+00
     12.287    12.1278   4.017150    35.0429        788     3.2792  0.000e+00
     12.300    12.1271   4.017150    35.0436        789     3.2833  0.000e+00
     12.309    12.1268   4.017262    35.0450        790     3.2875  0.000e+00
     12.312    12.1269   4.017414    35.0463        791     3.2917  0.000e+00
     12.290    12.1277   4.017618    35.0476        792     3.2958  0.000e+00
     12.257    12.1294   4.017618    35.0460        793     3.3000  0.000e+00
     12.202    12.1306   4.017980    35.0484        794     3.3042  0.000e+00
     12.141    12.1322   4.018006    35.0472        795     3.3083  0.000e+00
     12.068    12.1339   4.018085    35.0465        796     3.3125  0.000e+00
     11.994    12.1349   4.017782    35.0426        797     3.3167  0.000e+00
     11.912    12.1348   4.017841    35.0433        798     3.3208  0.000e+00
     11.839    12.1346   4.017506    35.0403        799     3.3250  0.000e+00
     11.769    12.1332   4.017506    35.0416        800     3.3292  0.000e+00
     11.708    12.1319   4.017453    35.0423        801     3.3333  0.000e+00
     11.659    12.1311   4.017400    35.0426        802     3.3375  0.000e+00
     11.610    12.1303   4.017479    35.0441        803     3.3417  0.000e+00
     11.576    12.1301   4.017506    35.0446        804     3.3458  0.000e+00
     11.555    12.1305   4.017644    35.0456        805     3.3500  0.000e+00
     11.537    12.1313   4.017644    35.0449        806     3.3542  0.000e+00
     11.525    12.1320   4.017617    35.0440        807     3.3583  0.000e+00
     11.512    12.1322   4.017591    35.0435        808     3.3625  0.000e+00
     11.521    12.1321   4.017426    35.0420        809     3.3667  0.000e+00
     11.521    12.1313   4.017341    35.0419        810     3.3708  0.000e+00
     11.524    12.1305   4.017367    35.0429        811     3.3750  0.000e+00
     11.521    12.1299   4.017236    35.0422        812     3.3792  0.000e+00
     11.528    12.1291   4.017427    35.0448        813     3.3833  0.000e+00
     11.521    12.1292   4.017591    35.0463        814     3.3875  0.000e+00
     11.506    12.1304   4.017585    35.0451        815     3.3917  0.000e+00
     11.494    12.1313   4.017426    35.0428        816     3.3958  0.000e+00
     11.485    12.1309   4.017400    35.0429        817     3.4000  0.000e+00
     11.473    12.1304   4.017565    35.0450        818     3.4042  0.000e+00
     11.457    12.1307   4.017617    35.0451        819     3.4083  0.000e+00
     11.457    12.1314   4.017617    35.0445        820     3.4125  0.000e+00
     11.454    12.1321   4.017644    35.0441        821     3.4167  0.000e+00
     11.445    12.1325   4.017644    35.0438        822     3.4208  0.000e+00
     11.439    12.1326   4.017617    35.0433        823     3.4250  0.000e+00
     11.421    12.1325   4.017703    35.0443        824     3.4292  0.000e+00
     11.412    12.1327   4.017703    35.0441        825     3.4333  0.000e+00
     11.378    12.1332   4.017782    35.0444        826     3.4375  0.000e+00
     11.357    12.1340   4.017670    35.0426        827     3.4417  0.000e+00
     11.332    12.1341   4.017874    35.0445        828     3.4458  0.000e+00
     11.308    12.1344   4.017808    35.0436        829     3.4500  0.000e+00
     11.274    12.1346   4.017235    35.0378        830     3.4542  0.000e+00
