PC2501/sbe055.cnv
* Sea-Bird SBE 19plus Data File:
* FileName = C:\cruise\data\sbe055.hex
* Software Version Seasave V 7.26.7.121
* Temperature SN = 4684
* Conductivity SN = 4684
* System UpLoad Time = Jan 25 2025 03:42:20
* NMEA Latitude = 38 17.85 N
* NMEA Longitude = 072 10.62 W
* NMEA UTC (Time) = Jan 25 2025  03:41:49
** Ship: Pisces
** Cruise:  PC2501
** Program:  AMAPPS
# nquan = 7
# nvalues = 5011                                  
# units = specified
# name 0 = depSM: Depth [salt water, m]
# name 1 = tv290C: Temperature [ITS-90, deg C]
# name 2 = c0S/m: Conductivity [S/m]
# name 3 = sal00: Salinity, Practical [PSU]
# name 4 = scan: Scan Count
# name 5 = timeM: Time, Elapsed [minutes]
# name 6 = flag:  0.000e+00
# span 0 =      0.055,    201.885                 
# span 1 =     3.1245,    13.4619                 
# span 2 =  -0.000750,   4.202461                 
# span 3 =     0.0000,    35.5713                 
# span 4 =         11,       5021                 
# span 5 =     0.0417,    20.9167                 
# span 6 = 0.0000e+00, 0.0000e+00                 
# interval = seconds: 0.25
# start_time = Jan 25 2025 03:41:49 [NMEA time, header]
# bad_flag = -9.990e-29
*END*
[from data line 411]
     59.989    13.0344   4.081095    34.7960        422     1.7542  0.000e+00
     60.111    13.0379   4.080896    34.7908        423     1.7583  0.000e+00
     60.236    13.0387   4.080870    34.7898        424     1.7625  0.000e+00
     60.367    13.0385   4.081963    34.8003        425     1.7667  0.000e+00
     60.507    13.0417   4.084602    34.8224        426     1.7708  0.000e+00
     60.644    13.0520   4.086936    34.8351        427     1.7750  0.000e+00
     60.799    13.0654   4.089390    34.8462        428     1.7792  0.000e+00
     60.939    13.0810   4.092063    34.8572        429     1.7833  0.000e+00
     61.092    13.0965   4.092235    34.8445        430     1.7875  0.000e+00
     61.232    13.1062   4.095560    34.8672        431     1.7917  0.000e+00
     61.357    13.1167   4.099935    34.8990        432     1.7958  0.000e+00
     61.470    13.1346   4.102956    34.9113        433     1.8000  0.000e+00
     61.570    13.1526   4.106211    34.9256        434     1.8042  0.000e+00
     61.658    13.1688   4.110232    34.9489        435     1.8083  0.000e+00
     61.747    13.1876   4.112186    34.9501        436     1.8125  0.000e+00
     61.832    13.2037   4.112385    34.9371        437     1.8167  0.000e+00
     61.911    13.2135   4.112811    34.9321        438     1.8208  0.000e+00
     62.003    13.2187   4.112691    34.9261        439     1.8250  0.000e+00
     62.109    13.2200   4.111986    34.9182        440     1.8292  0.000e+00
     62.225    13.2177   4.111388    34.9146        441     1.8333  0.000e+00
     62.347    13.2132   4.110996    34.9149        442     1.8375  0.000e+00
     62.472    13.2092   4.110571    34.9146        443     1.8417  0.000e+00
     62.618    13.2054   4.110624    34.9185        444     1.8458  0.000e+00
     62.764    13.2028   4.110484    34.9195        445     1.8500  0.000e+00
     62.911    13.2016   4.110511    34.9207        446     1.8542  0.000e+00
     63.075    13.2013   4.110372    34.9197        447     1.8583  0.000e+00
     63.237    13.2008   4.110425    34.9205        448     1.8625  0.000e+00
     63.380    13.2001   4.110684    34.9236        449     1.8667  0.000e+00
     63.529    13.1991   4.110737    34.9250        450     1.8708  0.000e+00
     63.666    13.1964   4.110458    34.9248        451     1.8750  0.000e+00
     63.791    13.1925   4.110119    34.9251        452     1.8792  0.000e+00
     63.895    13.1883   4.110006    34.9278        453     1.8833  0.000e+00
     63.992    13.1831   4.110625    34.9384        454     1.8875  0.000e+00
     64.078    13.1801   4.110911    34.9438        455     1.8917  0.000e+00
     64.145    13.1794   4.111050    34.9458        456     1.8958  0.000e+00
     64.227    13.1794   4.111050    34.9457        457     1.9000  0.000e+00
     64.291    13.1794   4.111077    34.9460        458     1.9042  0.000e+00
     64.364    13.1796   4.111223    34.9472        459     1.9083  0.000e+00
     64.449    13.1797   4.111310    34.9478        460     1.9125  0.000e+00
     64.544    13.1799   4.111223    34.9468        461     1.9167  0.000e+00
     64.638    13.1799   4.111137    34.9459        462     1.9208  0.000e+00
     64.748    13.1791   4.110884    34.9442        463     1.9250  0.000e+00
     64.873    13.1777   4.110738    34.9441        464     1.9292  0.000e+00
     65.004    13.1758   4.110658    34.9450        465     1.9333  0.000e+00
     65.138    13.1744   4.110738    34.9470        466     1.9375  0.000e+00
     65.284    13.1740   4.110911    34.9490        467     1.9417  0.000e+00
     65.446    13.1743   4.110964    34.9491        468     1.9458  0.000e+00
     65.595    13.1752   4.110964    34.9483        469     1.9500  0.000e+00
     65.753    13.1756   4.110965    34.9478        470     1.9542  0.000e+00
     65.918    13.1758   4.110885    34.9468        471     1.9583  0.000e+00
     66.070    13.1751   4.110799    34.9465        472     1.9625  0.000e+00
     66.223    13.1745   4.110885    34.9479        473     1.9667  0.000e+00
     66.363    13.1741   4.110825    34.9476        474     1.9708  0.000e+00
     66.506    13.1737   4.110799    34.9476        475     1.9750  0.000e+00
     66.625    13.1733   4.110825    34.9482        476     1.9792  0.000e+00
     66.738    13.1730   4.110938    34.9495        477     1.9833  0.000e+00
     66.835    13.1735   4.111390    34.9533        478     1.9875  0.000e+00
     66.920    13.1756   4.111563    34.9530        479     1.9917  0.000e+00
     67.003    13.1779   4.111537    34.9506        480     1.9958  0.000e+00
     67.079    13.1791   4.111503    34.9491        481     2.0000  0.000e+00
     67.164    13.1796   4.111504    34.9486        482     2.0042  0.000e+00
     67.243    13.1797   4.111563    34.9490        483     2.0083  0.000e+00
     67.332    13.1798   4.111590    34.9492        484     2.0125  0.000e+00
     67.423    13.1801   4.111477    34.9478        485     2.0167  0.000e+00
     67.527    13.1798   4.111364    34.9469        486     2.0208  0.000e+00
     67.636    13.1790   4.111165    34.9457        487     2.0250  0.000e+00
     67.749    13.1775   4.110965    34.9452        488     2.0292  0.000e+00
     67.865    13.1757   4.110573    34.9431        489     2.0333  0.000e+00
     67.987    13.1734   4.109809    34.9379        490     2.0375  0.000e+00
     68.112    13.1692   4.109184    34.9358        491     2.0417  0.000e+00
     68.230    13.1643   4.108167    34.9305        492     2.0458  0.000e+00
     68.343    13.1579   4.105676    34.9127        493     2.0500  0.000e+00
     68.462    13.1460   4.099851    34.8682        494     2.0542  0.000e+00
     68.581    13.1177   4.087309    34.7750        495     2.0583  0.000e+00
     68.706    13.0556   4.070102    34.6682        496     2.0625  0.000e+00
     68.837    12.9577   4.063082    34.6909        497     2.0667  0.000e+00
     68.956    12.8578   4.054103    34.6969        498     2.0708  0.000e+00
     69.080    12.7778   4.052795    34.7579        499     2.0750  0.000e+00
     69.208    12.7220   4.046116    34.7452        500     2.0792  0.000e+00
     69.342    12.6687   4.032442    34.6631        501     2.0833  0.000e+00
     69.477    12.5986   4.025942    34.6651        502     2.0875  0.000e+00
     69.604    12.5253   4.023788    34.7120        503     2.0917  0.000e+00
     69.726    12.4750   4.012263    34.6472        504     2.0958  0.000e+00
     69.854    12.4133   4.003112    34.6158        505     2.1000  0.000e+00
     69.967    12.3402   3.998235    34.6361        506     2.1042  0.000e+00
     70.077    12.2733   3.991449    34.6323        507     2.1083  0.000e+00
     70.186    12.2134   3.988823    34.6622        508     2.1125  0.000e+00
     70.296    12.1702   3.988442    34.6986        509     2.1167  0.000e+00
     70.406    12.1439   3.986637    34.7055        510     2.1208  0.000e+00
     70.521    12.1270   3.985436    34.7094        511     2.1250  0.000e+00
     70.649    12.1136   3.986421    34.7314        512     2.1292  0.000e+00
     70.777    12.1093   3.985174    34.7232        513     2.1333  0.000e+00
     70.902    12.1050   3.985712    34.7324        514     2.1375  0.000e+00
     71.036    12.1036   3.988358    34.7594        515     2.1417  0.000e+00
     71.167    12.1101   3.989481    34.7642        516     2.1458  0.000e+00
     71.304    12.1210   3.987623    34.7359        517     2.1500  0.000e+00
     71.442    12.1224   3.985410    34.7131        518     2.1542  0.000e+00
     71.576    12.1129   3.984944    34.7172        519     2.1583  0.000e+00
     71.728    12.1041   3.985056    34.7265        520     2.1625  0.000e+00
     71.874    12.0991   3.984485    34.7255        521     2.1667  0.000e+00
     72.024    12.0942   3.984426    34.7294        522     2.1708  0.000e+00
     72.167    12.0911   3.984755    34.7355        523     2.1750  0.000e+00
     72.319    12.0904   3.985326    34.7416        524     2.1792  0.000e+00
     72.456    12.0922   3.985135    34.7380        525     2.1833  0.000e+00
     72.602    12.0931   3.985713    34.7427        526     2.1875  0.000e+00
     72.739    12.0942   3.988057    34.7645        527     2.1917  0.000e+00
     72.861    12.1014   3.993252    34.8083        528     2.1958  0.000e+00
     72.980    12.1217   4.001585    34.8703        529     2.2000  0.000e+00
     73.087    12.1602   4.007761    34.8944        530     2.2042  0.000e+00
     73.190    12.2063   4.014914    34.9208        531     2.2083  0.000e+00
     73.282    12.2558   4.017943    34.9040        532     2.2125  0.000e+00
     73.364    12.2962   4.021499    34.9008        533     2.2167  0.000e+00
     73.446    12.3286   4.024042    34.8952        534     2.2208  0.000e+00
     73.535    12.3549   4.027192    34.9011        535     2.2250  0.000e+00
     73.611    12.3783   4.027911    34.8863        536     2.2292  0.000e+00
     73.702    12.3936   4.026137    34.8549        537     2.2333  0.000e+00
     73.794    12.3965   4.024674    34.8380        538     2.2375  0.000e+00
     73.897    12.3916   4.026744    34.8625        539     2.2417  0.000e+00
     74.001    12.3927   4.031339    34.9058        540     2.2458  0.000e+00
     74.116    12.4089   4.033331    34.9100        541     2.2500  0.000e+00
     74.235    12.4267   4.033304    34.8931        542     2.2542  0.000e+00
     74.363    12.4368   4.033997    34.8904        543     2.2583  0.000e+00
     74.497    12.4449   4.032724    34.8705        544     2.2625  0.000e+00
     74.628    12.4443   4.033027    34.8739        545     2.2667  0.000e+00
     74.756    12.4449   4.035158    34.8939        546     2.2708  0.000e+00
     74.887    12.4508   4.035184    34.8886        547     2.2750  0.000e+00
     75.018    12.4561   4.036933    34.9005        548     2.2792  0.000e+00
     75.146    12.4634   4.038068    34.9046        549     2.2833  0.000e+00
     75.268    12.4722   4.041705    34.9315        550     2.2875  0.000e+00
     75.381    12.4878   4.050515    35.0020        551     2.2917  0.000e+00
     75.484    12.5254   4.061363    35.0715        552     2.2958  0.000e+00
     75.582    12.5847   4.068939    35.0892        553     2.3000  0.000e+00
     75.685    12.6462   4.074792    35.0881        554     2.3042  0.000e+00
     75.783    12.7017   4.076222    35.0502        555     2.3083  0.000e+00
     75.887    12.7372   4.077063    35.0252        556     2.3125  0.000e+00
     75.984    12.7577   4.080031    35.0346        557     2.3167  0.000e+00
     76.088    12.7759   4.082762    35.0438        558     2.3208  0.000e+00
     76.185    12.7955   4.083968    35.0372        559     2.3250  0.000e+00
     76.298    12.8106   4.083292    35.0166        560     2.3292  0.000e+00
     76.417    12.8179   4.083656    35.0133        561     2.3333  0.000e+00
     76.542    12.8203   4.083577    35.0102        562     2.3375  0.000e+00
     76.672    12.8215   4.083941    35.0126        563     2.3417  0.000e+00
     76.813    12.8228   4.083908    35.0109        564     2.3458  0.000e+00
     76.953    12.8238   4.082874    35.0001        565     2.3500  0.000e+00
     77.099    12.8221   4.082954    35.0023        566     2.3542  0.000e+00
     77.264    12.8204   4.081323    34.9883        567     2.3583  0.000e+00
     77.422    12.8151   4.080343    34.9837        568     2.3625  0.000e+00
     77.586    12.8081   4.080906    34.9955        569     2.3667  0.000e+00
     77.757    12.8040   4.080456    34.9949        570     2.3708  0.000e+00
     77.919    12.8023   4.081834    35.0097        571     2.3750  0.000e+00
     78.080    12.8051   4.083578    35.0237        572     2.3792  0.000e+00
     78.229    12.8125   4.087258    35.0520        573     2.3833  0.000e+00
     78.372    12.8285   4.089765    35.0611        574     2.3875  0.000e+00
     78.500    12.8495   4.094415    35.0861        575     2.3917  0.000e+00
     78.613    12.8742   4.096672    35.0847        576     2.3958  0.000e+00
     78.717    12.8996   4.103564    35.1271        577     2.4000  0.000e+00
     78.802    12.9341   4.115601    35.2100        578     2.4042  0.000e+00
     78.881    12.9944   4.117329    35.1704        579     2.4083  0.000e+00
     78.954    13.0439   4.122864    35.1772        580     2.4125  0.000e+00
     79.027    13.0837   4.122611    35.1378        581     2.4167  0.000e+00
     79.097    13.1094   4.128162    35.1668        582     2.4208  0.000e+00
     79.171    13.1349   4.138915    35.2455        583     2.4250  0.000e+00
     79.241    13.1815   4.148264    35.2911        584     2.4292  0.000e+00
     79.317    13.2448   4.149525    35.2443        585     2.4333  0.000e+00
     79.393    13.2867   4.151506    35.2242        586     2.4375  0.000e+00
     79.475    13.3130   4.153168    35.2156        587     2.4417  0.000e+00
     79.561    13.3318   4.154029    35.2062        588     2.4458  0.000e+00
     79.652    13.3443   4.154082    35.1952        589     2.4500  0.000e+00
     79.746    13.3506   4.154255    35.1910        590     2.4542  0.000e+00
     79.847    13.3534   4.154316    35.1889        591     2.4583  0.000e+00
     79.950    13.3541   4.154369    35.1887        592     2.4625  0.000e+00
     80.069    13.3538   4.156839    35.2124        593     2.4667  0.000e+00
     80.185    13.3575   4.159077    35.2300        594     2.4708  0.000e+00
     80.307    13.3655   4.156953    35.2024        595     2.4750  0.000e+00
     80.438    13.3668   4.158335    35.2143        596     2.4792  0.000e+00
     80.578    13.3664   4.159998    35.2304        597     2.4833  0.000e+00
     80.700    13.3701   4.162270    35.2484        598     2.4875  0.000e+00
     80.831    13.3774   4.163332    35.2516        599     2.4917  0.000e+00
     80.959    13.3834   4.162590    35.2391        600     2.4958  0.000e+00
     81.087    13.3849   4.162270    35.2345        601     2.5000  0.000e+00
     81.212    13.3826   4.162617    35.2399        602     2.5042  0.000e+00
     81.343    13.3812   4.162096    35.2362        603     2.5083  0.000e+00
     81.477    13.3793   4.163192    35.2482        604     2.5125  0.000e+00
     81.614    13.3795   4.164803    35.2633        605     2.5167  0.000e+00
     81.760    13.3833   4.164141    35.2535        606     2.5208  0.000e+00
     81.903    13.3852   4.163393    35.2445        607     2.5250  0.000e+00
     82.046    13.3834   4.164716    35.2587        608     2.5292  0.000e+00
     82.217    13.3848   4.164803    35.2581        609     2.5333  0.000e+00
     82.369    13.3867   4.165324    35.2612        610     2.5375  0.000e+00
     82.531    13.3877   4.165351    35.2605        611     2.5417  0.000e+00
     82.692    13.3878   4.165204    35.2589        612     2.5458  0.000e+00
     82.851    13.3870   4.165150    35.2591        613     2.5500  0.000e+00
     83.009    13.3847   4.164917    35.2590        614     2.5542  0.000e+00
     83.146    13.3816   4.164315    35.2561        615     2.5583  0.000e+00
     83.280    13.3767   4.163741    35.2551        616     2.5625  0.000e+00
     83.393    13.3693   4.163046    35.2553        617     2.5667  0.000e+00
     83.499    13.3607   4.162298    35.2562        618     2.5708  0.000e+00
     83.588    13.3502   4.161897    35.2620        619     2.5750  0.000e+00
     83.676    13.3403   4.161724    35.2695        620     2.5792  0.000e+00
     83.758    13.3330   4.161670    35.2758        621     2.5833  0.000e+00
     83.856    13.3292   4.161323    35.2760        622     2.5875  0.000e+00
     83.938    13.3257   4.161263    35.2786        623     2.5917  0.000e+00
     84.026    13.3230   4.161263    35.2810        624     2.5958  0.000e+00
     84.127    13.3217   4.161063    35.2804        625     2.6000  0.000e+00
