PC2501/sbe036.cnv
* Sea-Bird SBE 19plus Data File:
* FileName = C:\cruise\data\sbe036.hex
* Software Version Seasave V 7.26.7.121
* Temperature SN = 4684
* Conductivity SN = 4684
* System UpLoad Time = Jan 18 2025 09:46:00
* NMEA Latitude = 36 34.70 N
* NMEA Longitude = 073 54.88 W
* NMEA UTC (Time) = Jan 18 2025  09:45:25
** Ship: Pisces
** Cruise:  PC2501
** Program:  AMAPPS
# nquan = 7
# nvalues = 3491                                  
# units = specified
# name 0 = depSM: Depth [salt water, m]
# name 1 = tv290C: Temperature [ITS-90, deg C]
# name 2 = c0S/m: Conductivity [S/m]
# name 3 = sal00: Salinity, Practical [PSU]
# name 4 = scan: Scan Count
# name 5 = timeM: Time, Elapsed [minutes]
# name 6 = flag:  0.000e+00
# span 0 =      0.071,     50.317                 
# span 1 =    12.3777,    22.6298                 
# span 2 =  -0.000268,   5.272485                 
# span 3 =     0.0000,    38.1684                 
# span 4 =         11,       3501                 
# span 5 =     0.0417,    14.5833                 
# span 6 = 0.0000e+00, 0.0000e+00                 
# interval = seconds: 0.25
# start_time = Jan 18 2025 09:45:25 [NMEA time, header]
# bad_flag = -9.990e-29
*END*
[from data line 3283]
      0.077    22.5264   3.321658    21.9552       3294    13.7208  0.000e+00
      0.077    22.5286   5.257417    36.6163       3295    13.7250  0.000e+00
      0.080    22.5310   5.263025    36.6583       3296    13.7292  0.000e+00
      0.077    22.5329   5.263143    36.6576       3297    13.7333  0.000e+00
      0.080    22.5349   5.263195    36.6563       3298    13.7375  0.000e+00
      0.080    22.5365   5.263217    36.6551       3299    13.7417  0.000e+00
      0.080    22.5367   5.263224    36.6550       3300    13.7458  0.000e+00
      0.077    22.5368   5.263320    36.6556       3301    13.7500  0.000e+00
      0.111    22.5372   5.262207    36.6466       3302    13.7542  0.000e+00
      0.245    22.5361   5.245451    36.5161       3303    13.7583  0.000e+00
      0.251    22.5291   5.262509    36.6558       3304    13.7625  0.000e+00
      0.230    22.5317   5.265134    36.6742       3305    13.7667  0.000e+00
      0.217    22.5464   5.263961    36.6526       3306    13.7708  0.000e+00
      0.181    22.5547   5.266726    36.6673       3307    13.7750  0.000e+00
      0.175    22.5640   5.265406    36.6491       3308    13.7792  0.000e+00
      0.236    22.5675   5.263025    36.6275       3309    13.7833  0.000e+00
      0.257    22.5603   5.265332    36.6516       3310    13.7875  0.000e+00
      0.336    22.5620   5.265760    36.6536       3311    13.7917  0.000e+00
      0.294    22.5669   5.266630    36.6562       3312    13.7958  0.000e+00
      0.233    22.5732   5.266961    36.6536       3313    13.8000  0.000e+00
      0.202    22.5787   5.266217    36.6431       3314    13.8042  0.000e+00
      0.220    22.5780   5.265015    36.6343       3315    13.8083  0.000e+00
      0.205    22.5728   5.263054    36.6233       3316    13.8125  0.000e+00
      0.254    22.5607   5.262583    36.6297       3317    13.8167  0.000e+00
      0.205    22.5509   5.262649    36.6385       3318    13.8208  0.000e+00
      0.080    22.5455   5.263158    36.6471       3319    13.8250  0.000e+00
      0.107    22.5434   5.091270    35.3048       3320    13.8292  0.000e+00
      0.089    22.5355   3.359720    22.2286       3321    13.8333  0.000e+00
      0.086    22.5304   4.223455    28.6520       3322    13.8375  0.000e+00
      0.083    22.5285   5.232746    36.4229       3323    13.8417  0.000e+00
      0.080    22.5271   5.253786    36.5890       3324    13.8458  0.000e+00
      0.086    22.5272   5.258640    36.6270       3325    13.8500  0.000e+00
      0.077    22.5282   5.258655    36.6263       3326    13.8542  0.000e+00
      0.077    22.5294   5.258677    36.6255       3327    13.8583  0.000e+00
      0.080    22.5303   5.258478    36.6232       3328    13.8625  0.000e+00
      0.107    22.5308   5.215538    36.2862       3329    13.8667  0.000e+00
      0.104    22.5286   5.242794    36.5016       3330    13.8708  0.000e+00
      0.095    22.5259   5.261492    36.6505       3331    13.8750  0.000e+00
      0.202    22.5325   5.263460    36.6604       3332    13.8792  0.000e+00
      0.101    22.5417   5.264212    36.6586       3333    13.8833  0.000e+00
      0.080    22.5454   4.750579    32.6633       3334    13.8875  0.000e+00
      0.080    22.5298   4.947945    34.2009       3335    13.8917  0.000e+00
      0.086    22.5180   3.877655    26.0630       3336    13.8958  0.000e+00
      0.086    22.5129   3.902746    26.2534       3337    13.9000  0.000e+00
      0.080    22.5090   5.242405    36.5150       3338    13.9042  0.000e+00
      0.077    22.5066   5.254000    36.6080       3339    13.9083  0.000e+00
      0.083    22.5067   5.253757    36.6060       3340    13.9125  0.000e+00
      0.076    22.5070   5.253366    36.6026       3341    13.9167  0.000e+00
      0.080    22.5072   5.252770    36.5978       3342    13.9208  0.000e+00
      0.113    22.5068   4.623068    31.7115       3343    13.9250  0.000e+00
      0.177    22.5050   5.225837    36.3884       3344    13.9292  0.000e+00
      0.183    22.5142   5.263571    36.6766       3345    13.9333  0.000e+00
      0.211    22.5334   5.265134    36.6727       3346    13.9375  0.000e+00
      0.263    22.5504   5.264241    36.6514       3347    13.9417  0.000e+00
      0.266    22.5571   5.265472    36.6555       3348    13.9458  0.000e+00
      0.257    22.5626   5.265126    36.6481       3349    13.9500  0.000e+00
      0.199    22.5659   5.265398    36.6475       3350    13.9542  0.000e+00
      0.092    22.5676   5.265472    36.6467       3351    13.9583  0.000e+00
      0.086    22.5655   5.265266    36.6468       3352    13.9625  0.000e+00
      0.086    22.5541   5.265369    36.6572       3353    13.9667  0.000e+00
      0.079    22.5434   5.265546    36.6676       3354    13.9708  0.000e+00
      0.085    22.5462   5.265539    36.6652       3355    13.9750  0.000e+00
      0.079    22.5540   5.265443    36.6579       3356    13.9792  0.000e+00
      0.085    22.5590   5.265266    36.6523       3357    13.9833  0.000e+00
      0.082    22.5616   5.264993    36.6479       3358    13.9875  0.000e+00
      0.079    22.5627   5.264838    36.6458       3359    13.9917  0.000e+00
      0.082    22.5628   5.264691    36.6445       3360    13.9958  0.000e+00
      0.122    22.5619   5.263003    36.6321       3361    14.0000  0.000e+00
      0.174    22.5588   5.197460    36.1214       3362    14.0042  0.000e+00
      0.220    22.5475   5.258832    36.6114       3363    14.0083  0.000e+00
      0.269    22.5334   5.260748    36.6383       3364    14.0125  0.000e+00
      0.235    22.5262   5.259643    36.6357       3365    14.0167  0.000e+00
      0.232    22.5218   5.262546    36.6622       3366    14.0208  0.000e+00
      0.269    22.5293   5.261271    36.6458       3367    14.0250  0.000e+00
      0.293    22.5327   5.260777    36.6392       3368    14.0292  0.000e+00
      0.137    22.5290   5.258655    36.6256       3369    14.0333  0.000e+00
      0.079    22.5171   5.258302    36.6329       3370    14.0375  0.000e+00
      0.085    22.4967   5.258656    36.6528       3371    14.0417  0.000e+00
      0.085    22.4778   5.258980    36.6713       3372    14.0458  0.000e+00
      0.079    22.4709   5.259327    36.6798       3373    14.0500  0.000e+00
      0.085    22.4782   5.259525    36.6752       3374    14.0542  0.000e+00
      0.079    22.4860   5.259216    36.6663       3375    14.0583  0.000e+00
      0.082    22.4898   2.945554    19.2482       3376    14.0625  0.000e+00
      0.082    22.4358   1.079800     6.4690       3377    14.0667  0.000e+00
      0.079    22.1990   0.695745     4.0563       3378    14.0708  0.000e+00
      0.076    21.8855   0.617493     3.5959       3379    14.0750  0.000e+00
      0.082    21.7301   0.515066     2.9736       3380    14.0792  0.000e+00
      0.076    21.7216   0.454365     2.6024       3381    14.0833  0.000e+00
      0.085    21.7462   0.539907     3.1256       3382    14.0875  0.000e+00
      0.079    21.7727   0.621595     3.6307       3383    14.0917  0.000e+00
      0.079    21.7979   0.642279     3.7578       3384    14.0958  0.000e+00
      0.082    21.8201   0.567672     3.2918       3385    14.1000  0.000e+00
      0.082    21.8404   0.500120     2.8745       3386    14.1042  0.000e+00
      0.085    21.8587   0.442315     2.5213       3387    14.1083  0.000e+00
      0.085    21.8756   0.394793     2.2336       3388    14.1125  0.000e+00
      0.076    21.8920   0.353723     1.9872       3389    14.1167  0.000e+00
      0.085    21.9082   0.317661     1.7727       3390    14.1208  0.000e+00
      0.082    21.9238   0.293589     1.6303       3391    14.1250  0.000e+00
      0.079    21.9390   0.273695     1.5133       3392    14.1292  0.000e+00
      0.085    21.9523   0.259280     1.4289       3393    14.1333  0.000e+00
      0.085    21.9651   0.246341     1.3534       3394    14.1375  0.000e+00
      0.085    21.9773   0.233775     1.2804       3395    14.1417  0.000e+00
      0.079    21.9897   0.222646     1.2160       3396    14.1458  0.000e+00
      0.082    22.0020   0.206459     1.1228       3397    14.1500  0.000e+00
      0.076    22.0131   0.188316     1.0191       3398    14.1542  0.000e+00
      0.079    22.0238   0.166977     0.8981       3399    14.1583  0.000e+00
      0.085    22.0345   0.145840     0.7792       3400    14.1625  0.000e+00
      0.082    22.0449   0.124733     0.6617       3401    14.1667  0.000e+00
      0.082    22.0545   0.104580     0.5506       3402    14.1708  0.000e+00
      0.079    22.0634   0.080052     0.4172       3403    14.1750  0.000e+00
      0.085    22.0723   0.053489     0.2755       3404    14.1792  0.000e+00
      0.079    22.0810   0.043936     0.2254       3405    14.1833  0.000e+00
      0.079    22.0892   0.021669     0.1112       3406    14.1875  0.000e+00
      0.079    22.0977   0.000175     0.0109       3407    14.1917  0.000e+00
      0.082    22.1058   0.000066     0.0108       3408    14.1958  0.000e+00
      0.088    22.1138   0.000048     0.0108       3409    14.2000  0.000e+00
      0.088    22.1212   0.000024     0.0109       3410    14.2042  0.000e+00
      0.085    22.1278   0.000015     0.0109       3411    14.2083  0.000e+00
      0.085    22.1342   0.000009     0.0110       3412    14.2125  0.000e+00
      0.085    22.1405   0.000015     0.0109       3413    14.2167  0.000e+00
      0.082    22.1471   0.000004     0.0110       3414    14.2208  0.000e+00
      0.088    22.1527  -0.000002     0.0000       3415    14.2250  0.000e+00
      0.082    22.1586  -0.000008     0.0000       3416    14.2292  0.000e+00
      0.082    22.1643  -0.000002     0.0000       3417    14.2333  0.000e+00
      0.082    22.1692  -0.000002     0.0000       3418    14.2375  0.000e+00
      0.079    22.1744  -0.000002     0.0000       3419    14.2417  0.000e+00
      0.082    22.1772  -0.000014     0.0000       3420    14.2458  0.000e+00
      0.082    22.1791  -0.000008     0.0000       3421    14.2500  0.000e+00
      0.082    22.1812  -0.000008     0.0000       3422    14.2542  0.000e+00
      0.079    22.1797  -0.000008     0.0000       3423    14.2583  0.000e+00
      0.079    22.1834  -0.000008     0.0000       3424    14.2625  0.000e+00
      0.079    22.1838  -0.000002     0.0000       3425    14.2667  0.000e+00
      0.088    22.1866   0.000004     0.0111       3426    14.2708  0.000e+00
      0.085    22.1884  -0.000002     0.0000       3427    14.2750  0.000e+00
      0.082    22.1881   0.000004     0.0111       3428    14.2792  0.000e+00
      0.079    22.1898   0.000009     0.0110       3429    14.2833  0.000e+00
      0.085    22.1887  -0.000002     0.0000       3430    14.2875  0.000e+00
      0.085    22.1920   0.000004     0.0111       3431    14.2917  0.000e+00
      0.079    22.1961  -0.000002     0.0000       3432    14.2958  0.000e+00
      0.085    22.1997   0.000004     0.0111       3433    14.3000  0.000e+00
      0.085    22.2031   0.000004     0.0111       3434    14.3042  0.000e+00
      0.082    22.2063   0.000004     0.0111       3435    14.3083  0.000e+00
      0.088    22.2075  -0.000008     0.0000       3436    14.3125  0.000e+00
      0.085    22.2098  -0.000002     0.0000       3437    14.3167  0.000e+00
      0.088    22.2131   0.000004     0.0111       3438    14.3208  0.000e+00
      0.078    22.2160  -0.000002     0.0000       3439    14.3250  0.000e+00
      0.081    22.2188  -0.000002     0.0000       3440    14.3292  0.000e+00
      0.088    22.2204   0.000004     0.0111       3441    14.3333  0.000e+00
      0.085    22.2214   0.000004     0.0111       3442    14.3375  0.000e+00
      0.085    22.2232   0.000004     0.0111       3443    14.3417  0.000e+00
      0.081    22.2253   0.000009     0.0110       3444    14.3458  0.000e+00
      0.081    22.2273   0.000009     0.0110       3445    14.3500  0.000e+00
      0.085    22.2291   0.000004     0.0111       3446    14.3542  0.000e+00
      0.085    22.2310   0.000004     0.0111       3447    14.3583  0.000e+00
      0.088    22.2294   0.000004     0.0111       3448    14.3625  0.000e+00
      0.081    22.2258   0.000004     0.0111       3449    14.3667  0.000e+00
      0.088    22.2239   0.000009     0.0110       3450    14.3708  0.000e+00
      0.081    22.2197   0.000004     0.0111       3451    14.3750  0.000e+00
      0.084    22.2194   0.000004     0.0111       3452    14.3792  0.000e+00
      0.087    22.2204   0.000004     0.0111       3453    14.3833  0.000e+00
      0.091    22.2213   0.000009     0.0110       3454    14.3875  0.000e+00
      0.097    22.2230   0.000004     0.0111       3455    14.3917  0.000e+00
      0.087    22.2199   0.000004     0.0111       3456    14.3958  0.000e+00
      0.087    22.2153   0.000009     0.0110       3457    14.4000  0.000e+00
      0.081    22.2146   0.000004     0.0111       3458    14.4042  0.000e+00
      0.087    22.2149   0.000004     0.0111       3459    14.4083  0.000e+00
      0.087    22.2162   0.000009     0.0110       3460    14.4125  0.000e+00
      0.084    22.2171   0.000009     0.0110       3461    14.4167  0.000e+00
      0.081    22.2143   0.000009     0.0110       3462    14.4208  0.000e+00
      0.081    22.2130   0.000009     0.0110       3463    14.4250  0.000e+00
      0.084    22.2120   0.000009     0.0110       3464    14.4292  0.000e+00
      0.084    22.2105   0.000004     0.0111       3465    14.4333  0.000e+00
      0.090    22.2101   0.000015     0.0109       3466    14.4375  0.000e+00
      0.090    22.2091   0.000009     0.0110       3467    14.4417  0.000e+00
      0.093    22.2076   0.000009     0.0110       3468    14.4458  0.000e+00
      0.090    22.2073   0.000009     0.0110       3469    14.4500  0.000e+00
      0.081    22.2071   0.000009     0.0110       3470    14.4542  0.000e+00
      0.087    22.2068   0.000009     0.0110       3471    14.4583  0.000e+00
      0.090    22.2023   0.000004     0.0111       3472    14.4625  0.000e+00
      0.093    22.1989  -0.000002     0.0000       3473    14.4667  0.000e+00
      0.093    22.1973   0.000004     0.0111       3474    14.4708  0.000e+00
      0.084    22.1941   0.000009     0.0110       3475    14.4750  0.000e+00
      0.090    22.1926   0.000009     0.0110       3476    14.4792  0.000e+00
      0.090    22.1920   0.000009     0.0110       3477    14.4833  0.000e+00
      0.090    22.1908   0.000004     0.0111       3478    14.4875  0.000e+00
      0.093    22.1893   0.000009     0.0110       3479    14.4917  0.000e+00
      0.087    22.1878   0.000009     0.0110       3480    14.4958  0.000e+00
      0.096    22.1850   0.000009     0.0110       3481    14.5000  0.000e+00
      0.096    22.1776   0.000009     0.0110       3482    14.5042  0.000e+00
      0.096    22.1713   0.000004     0.0111       3483    14.5083  0.000e+00
      0.093    22.1689   0.000004     0.0111       3484    14.5125  0.000e+00
      0.096    22.1651   0.000009     0.0110       3485    14.5167  0.000e+00
      0.096    22.1586   0.000009     0.0110       3486    14.5208  0.000e+00
      0.102    22.1506   0.000004     0.0111       3487    14.5250  0.000e+00
      0.096    22.1216   0.000009     0.0110       3488    14.5292  0.000e+00
      0.099    22.1070   0.000009     0.0110       3489    14.5333  0.000e+00
      0.102    22.0893   0.000009     0.0109       3490    14.5375  0.000e+00
      0.102    22.0698   0.000009     0.0109       3491    14.5417  0.000e+00
      0.102    22.0642   0.000015     0.0109       3492    14.5458  0.000e+00
      0.102    22.0624   0.000015     0.0109       3493    14.5500  0.000e+00
      0.102    22.0480   0.000009     0.0109       3494    14.5542  0.000e+00
      0.096    22.0266   0.000009     0.0109       3495    14.5583  0.000e+00
      0.102    22.0155   0.000015     0.0109       3496    14.5625  0.000e+00
      0.105    21.9915   0.000009     0.0109       3497    14.5667  0.000e+00
