PC2501/sbe027.cnv
* Sea-Bird SBE 19plus Data File:
* FileName = C:\cruise\data\sbe027.hex
* Software Version Seasave V 7.26.7.121
* Temperature SN = 4684
* Conductivity SN = 4684
* System UpLoad Time = Jan 15 2025 05:15:59
* NMEA Latitude = 38 58.46 N
* NMEA Longitude = 074 21.52 W
* NMEA UTC (Time) = Jan 15 2025  05:15:22
** Ship: Pisces
** Cruise:  PC2501
** Program:  AMAPPS
# nquan = 7
# nvalues = 1604                                  
# units = specified
# name 0 = depSM: Depth [salt water, m]
# name 1 = tv290C: Temperature [ITS-90, deg C]
# name 2 = c0S/m: Conductivity [S/m]
# name 3 = sal00: Salinity, Practical [PSU]
# name 4 = scan: Scan Count
# name 5 = timeM: Time, Elapsed [minutes]
# name 6 = flag:  0.000e+00
# span 0 =     -0.044,     26.416                 
# span 1 =     3.6960,     6.6036                 
# span 2 =   0.353275,   3.321735                 
# span 3 =     2.9416,    33.4743                 
# span 4 =         11,       1614                 
# span 5 =     0.0417,     6.7208                 
# span 6 = 0.0000e+00, 0.0000e+00                 
# interval = seconds: 0.25
# start_time = Jan 15 2025 05:15:22 [NMEA time, header]
# bad_flag = -9.990e-29
*END*
[from data line 411]
     25.673     6.5777   3.320147    33.1058        422     1.7542  0.000e+00
     25.721     6.5778   3.320220    33.1065        423     1.7583  0.000e+00
     25.776     6.5780   3.320220    33.1063        424     1.7625  0.000e+00
     25.831     6.5782   3.320342    33.1074        425     1.7667  0.000e+00
     25.883     6.5788   3.320440    33.1079        426     1.7708  0.000e+00
     25.938     6.5798   3.320440    33.1069        427     1.7750  0.000e+00
     26.002     6.5805   3.320440    33.1062        428     1.7792  0.000e+00
     26.066     6.5808   3.320367    33.1050        429     1.7833  0.000e+00
     26.114     6.5807   3.320293    33.1043        430     1.7875  0.000e+00
     26.166     6.5803   3.320318    33.1049        431     1.7917  0.000e+00
     26.233     6.5798   3.320293    33.1051        432     1.7958  0.000e+00
     26.279     6.5796   3.320391    33.1063        433     1.8000  0.000e+00
     26.315     6.5799   3.320416    33.1064        434     1.8042  0.000e+00
     26.352     6.5803   3.320440    33.1062        435     1.8083  0.000e+00
     26.370     6.5807   3.320727    33.1090        436     1.8125  0.000e+00
     26.416     6.5819   3.320898    33.1096        437     1.8167  0.000e+00
     26.416     6.5842   3.321093    33.1096        438     1.8208  0.000e+00
     26.407     6.5861   3.321112    33.1080        439     1.8250  0.000e+00
     26.388     6.5874   3.321112    33.1068        440     1.8292  0.000e+00
     26.330     6.5880   3.320996    33.1049        441     1.8333  0.000e+00
     26.294     6.5878   3.320947    33.1045        442     1.8375  0.000e+00
     26.269     6.5875   3.321020    33.1057        443     1.8417  0.000e+00
     26.245     6.5873   3.321093    33.1067        444     1.8458  0.000e+00
     26.227     6.5877   3.321112    33.1065        445     1.8500  0.000e+00
     26.218     6.5881   3.321112    33.1062        446     1.8542  0.000e+00
     26.208     6.5883   3.321093    33.1057        447     1.8583  0.000e+00
     26.190     6.5884   3.321093    33.1056        448     1.8625  0.000e+00
     26.172     6.5885   3.321020    33.1047        449     1.8667  0.000e+00
     26.150     6.5881   3.321069    33.1057        450     1.8708  0.000e+00
     26.132     6.5882   3.321044    33.1053        451     1.8750  0.000e+00
     26.089     6.5882   3.320995    33.1048        452     1.8792  0.000e+00
     26.065     6.5880   3.320922    33.1042        453     1.8833  0.000e+00
     26.019     6.5874   3.320727    33.1027        454     1.8875  0.000e+00
     25.980     6.5863   3.320727    33.1038        455     1.8917  0.000e+00
     25.934     6.5855   3.320727    33.1045        456     1.8958  0.000e+00
     25.876     6.5853   3.320727    33.1047        457     1.9000  0.000e+00
     25.830     6.5852   3.320898    33.1067        458     1.9042  0.000e+00
     25.788     6.5859   3.320971    33.1069        459     1.9083  0.000e+00
     25.754     6.5865   3.320898    33.1055        460     1.9125  0.000e+00
     25.718     6.5869   3.321136    33.1078        461     1.9167  0.000e+00
     25.687     6.5878   3.321160    33.1072        462     1.9208  0.000e+00
     25.660     6.5886   3.320995    33.1046        463     1.9250  0.000e+00
     25.626     6.5884   3.320946    33.1043        464     1.9292  0.000e+00
     25.608     6.5877   3.321069    33.1063        465     1.9333  0.000e+00
     25.584     6.5877   3.320898    33.1045        466     1.9375  0.000e+00
     25.559     6.5874   3.320849    33.1043        467     1.9417  0.000e+00
     25.529     6.5867   3.320751    33.1038        468     1.9458  0.000e+00
     25.498     6.5859   3.320775    33.1048        469     1.9500  0.000e+00
     25.465     6.5857   3.320873    33.1062        470     1.9542  0.000e+00
     25.413     6.5859   3.320873    33.1060        471     1.9583  0.000e+00
     25.367     6.5863   3.320800    33.1048        472     1.9625  0.000e+00
     25.309     6.5861   3.320678    33.1037        473     1.9667  0.000e+00
     25.233     6.5855   3.320629    33.1038        474     1.9708  0.000e+00
     25.166     6.5850   3.320678    33.1049        475     1.9750  0.000e+00
     25.084     6.5847   3.320678    33.1051        476     1.9792  0.000e+00
     25.001     6.5847   3.320653    33.1049        477     1.9833  0.000e+00
     24.919     6.5846   3.320678    33.1053        478     1.9875  0.000e+00
     24.834     6.5851   3.320800    33.1063        479     1.9917  0.000e+00
     24.764     6.5856   3.320800    33.1058        480     1.9958  0.000e+00
     24.691     6.5859   3.320873    33.1063        481     2.0000  0.000e+00
     24.623     6.5863   3.320873    33.1060        482     2.0042  0.000e+00
     24.563     6.5867   3.320873    33.1056        483     2.0083  0.000e+00
     24.514     6.5869   3.320800    33.1047        484     2.0125  0.000e+00
     24.468     6.5866   3.320775    33.1047        485     2.0167  0.000e+00
     24.419     6.5862   3.320824    33.1056        486     2.0208  0.000e+00
     24.377     6.5862   3.320848    33.1059        487     2.0250  0.000e+00
     24.334     6.5864   3.320848    33.1058        488     2.0292  0.000e+00
     24.288     6.5865   3.320873    33.1059        489     2.0333  0.000e+00
     24.236     6.5868   3.320946    33.1065        490     2.0375  0.000e+00
     24.185     6.5873   3.320873    33.1053        491     2.0417  0.000e+00
     24.133     6.5872   3.320995    33.1067        492     2.0458  0.000e+00
     24.072     6.5877   3.321019    33.1066        493     2.0500  0.000e+00
     24.020     6.5882   3.320799    33.1037        494     2.0542  0.000e+00
     23.953     6.5878   3.321092    33.1073        495     2.0583  0.000e+00
     23.886     6.5881   3.321092    33.1071        496     2.0625  0.000e+00
     23.819     6.5885   3.321092    33.1067        497     2.0667  0.000e+00
     23.752     6.5887   3.321092    33.1066        498     2.0708  0.000e+00
     23.703     6.5887   3.321111    33.1067        499     2.0750  0.000e+00
     23.651     6.5887   3.321068    33.1064        500     2.0792  0.000e+00
     23.606     6.5887   3.321092    33.1066        501     2.0833  0.000e+00
     23.563     6.5887   3.321184    33.1077        502     2.0875  0.000e+00
     23.532     6.5889   3.320946    33.1049        503     2.0917  0.000e+00
     23.490     6.5884   3.320921    33.1050        504     2.0958  0.000e+00
     23.456     6.5880   3.320946    33.1058        505     2.1000  0.000e+00
     23.420     6.5878   3.320872    33.1051        506     2.1042  0.000e+00
     23.386     6.5875   3.320824    33.1049        507     2.1083  0.000e+00
     23.350     6.5874   3.320995    33.1070        508     2.1125  0.000e+00
     23.310     6.5877   3.320970    33.1063        509     2.1167  0.000e+00
     23.264     6.5879   3.320775    33.1040        510     2.1208  0.000e+00
     23.215     6.5874   3.320750    33.1043        511     2.1250  0.000e+00
     23.158     6.5867   3.320726    33.1047        512     2.1292  0.000e+00
     23.103     6.5863   3.320750    33.1054        513     2.1333  0.000e+00
     23.054     6.5862   3.320750    33.1056        514     2.1375  0.000e+00
     23.002     6.5863   3.320775    33.1057        515     2.1417  0.000e+00
     22.938     6.5865   3.320701    33.1048        516     2.1458  0.000e+00
     22.877     6.5863   3.320701    33.1050        517     2.1500  0.000e+00
     22.816     6.5862   3.320701    33.1051        518     2.1542  0.000e+00
     22.761     6.5861   3.320726    33.1055        519     2.1583  0.000e+00
     22.706     6.5860   3.320701    33.1053        520     2.1625  0.000e+00
     22.645     6.5859   3.320799    33.1065        521     2.1667  0.000e+00
     22.603     6.5862   3.320652    33.1047        522     2.1708  0.000e+00
     22.551     6.5860   3.320561    33.1039        523     2.1750  0.000e+00
     22.508     6.5853   3.320652    33.1055        524     2.1792  0.000e+00
     22.466     6.5853   3.320750    33.1067        525     2.1833  0.000e+00
     22.426     6.5859   3.320677    33.1053        526     2.1875  0.000e+00
     22.380     6.5860   3.320701    33.1055        527     2.1917  0.000e+00
     22.341     6.5862   3.320750    33.1059        528     2.1958  0.000e+00
     22.304     6.5862   3.320652    33.1048        529     2.2000  0.000e+00
     22.264     6.5859   3.320628    33.1049        530     2.2042  0.000e+00
     22.210     6.5857   3.320774    33.1067        531     2.2083  0.000e+00
     22.149     6.5859   3.320945    33.1084        532     2.2125  0.000e+00
     22.085     6.5868   3.321067    33.1090        533     2.2167  0.000e+00
     22.005     6.5880   3.321092    33.1081        534     2.2208  0.000e+00
     21.935     6.5888   3.321092    33.1074        535     2.2250  0.000e+00
     21.850     6.5891   3.321135    33.1076        536     2.2292  0.000e+00
     21.771     6.5894   3.321043    33.1063        537     2.2333  0.000e+00
     21.694     6.5895   3.321092    33.1068        538     2.2375  0.000e+00
     21.618     6.5894   3.321067    33.1066        539     2.2417  0.000e+00
     21.548     6.5895   3.320994    33.1057        540     2.2458  0.000e+00
     21.490     6.5894   3.321043    33.1064        541     2.2500  0.000e+00
     21.438     6.5892   3.320896    33.1051        542     2.2542  0.000e+00
     21.387     6.5889   3.320847    33.1048        543     2.2583  0.000e+00
     21.350     6.5884   3.320872    33.1055        544     2.2625  0.000e+00
     21.298     6.5882   3.320872    33.1058        545     2.2667  0.000e+00
     21.259     6.5880   3.320652    33.1036        546     2.2708  0.000e+00
     21.207     6.5872   3.320847    33.1065        547     2.2750  0.000e+00
     21.170     6.5871   3.321043    33.1088        548     2.2792  0.000e+00
     21.127     6.5882   3.320945    33.1067        549     2.2833  0.000e+00
     21.067     6.5887   3.320798    33.1046        550     2.2875  0.000e+00
     21.012     6.5876   3.320945    33.1073        551     2.2917  0.000e+00
     20.963     6.5878   3.321018    33.1079        552     2.2958  0.000e+00
     20.917     6.5887   3.321018    33.1071        553     2.3000  0.000e+00
     20.868     6.5892   3.320994    33.1064        554     2.3042  0.000e+00
     20.817     6.5893   3.320920    33.1055        555     2.3083  0.000e+00
     20.759     6.5892   3.320969    33.1062        556     2.3125  0.000e+00
     20.722     6.5891   3.321018    33.1068        557     2.3167  0.000e+00
     20.689     6.5892   3.321043    33.1070        558     2.3208  0.000e+00
     20.646     6.5897   3.320994    33.1060        559     2.3250  0.000e+00
     20.600     6.5899   3.320920    33.1051        560     2.3292  0.000e+00
     20.564     6.5894   3.320945    33.1058        561     2.3333  0.000e+00
     20.536     6.5892   3.321043    33.1071        562     2.3375  0.000e+00
     20.496     6.5895   3.321159    33.1081        563     2.3417  0.000e+00
     20.454     6.5902   3.321305    33.1090        564     2.3458  0.000e+00
     20.436     6.5913   3.321329    33.1082        565     2.3500  0.000e+00
     20.399     6.5927   3.321354    33.1072        566     2.3542  0.000e+00
     20.365     6.5938   3.321378    33.1064        567     2.3583  0.000e+00
     20.323     6.5945   3.321403    33.1060        568     2.3625  0.000e+00
     20.283     6.5950   3.321403    33.1056        569     2.3667  0.000e+00
     20.246     6.5953   3.321403    33.1053        570     2.3708  0.000e+00
     20.210     6.5955   3.321403    33.1051        571     2.3750  0.000e+00
     20.176     6.5957   3.321451    33.1055        572     2.3792  0.000e+00
     20.131     6.5959   3.321403    33.1048        573     2.3833  0.000e+00
     20.091     6.5956   3.321403    33.1051        574     2.3875  0.000e+00
     20.051     6.5955   3.321403    33.1052        575     2.3917  0.000e+00
     20.009     6.5955   3.321403    33.1052        576     2.3958  0.000e+00
     19.981     6.5960   3.321378    33.1045        577     2.4000  0.000e+00
     19.948     6.5960   3.321451    33.1054        578     2.4042  0.000e+00
     19.920     6.5962   3.321427    33.1049        579     2.4083  0.000e+00
     19.887     6.5963   3.321403    33.1045        580     2.4125  0.000e+00
     19.838     6.5964   3.321451    33.1050        581     2.4167  0.000e+00
     19.808     6.5964   3.321402    33.1045        582     2.4208  0.000e+00
     19.765     6.5963   3.321500    33.1057        583     2.4250  0.000e+00
     19.695     6.5964   3.321427    33.1047        584     2.4292  0.000e+00
     19.637     6.5962   3.321427    33.1050        585     2.4333  0.000e+00
     19.564     6.5957   3.321427    33.1055        586     2.4375  0.000e+00
     19.494     6.5955   3.321402    33.1055        587     2.4417  0.000e+00
     19.420     6.5953   3.321451    33.1062        588     2.4458  0.000e+00
     19.350     6.5954   3.321231    33.1037        589     2.4500  0.000e+00
     19.289     6.5946   3.321109    33.1032        590     2.4542  0.000e+00
     19.231     6.5937   3.321042    33.1033        591     2.4583  0.000e+00
     19.161     6.5928   3.321066    33.1045        592     2.4625  0.000e+00
     19.103     6.5924   3.321042    33.1047        593     2.4667  0.000e+00
     19.061     6.5919   3.321134    33.1062        594     2.4708  0.000e+00
     19.012     6.5923   3.321066    33.1051        595     2.4750  0.000e+00
     18.957     6.5925   3.320969    33.1038        596     2.4792  0.000e+00
     18.911     6.5923   3.320993    33.1043        597     2.4833  0.000e+00
     18.850     6.5919   3.321042    33.1053        598     2.4875  0.000e+00
     18.796     6.5923   3.320993    33.1044        599     2.4917  0.000e+00
     18.744     6.5921   3.320944    33.1041        600     2.4958  0.000e+00
     18.683     6.5918   3.320944    33.1044        601     2.5000  0.000e+00
     18.610     6.5917   3.320944    33.1046        602     2.5042  0.000e+00
     18.552     6.5915   3.321017    33.1056        603     2.5083  0.000e+00
     18.491     6.5917   3.320944    33.1046        604     2.5125  0.000e+00
     18.430     6.5917   3.320944    33.1046        605     2.5167  0.000e+00
     18.369     6.5914   3.321133    33.1070        606     2.5208  0.000e+00
     18.314     6.5923   3.321255    33.1075        607     2.5250  0.000e+00
     18.262     6.5936   3.321231    33.1061        608     2.5292  0.000e+00
     18.213     6.5942   3.321255    33.1058        609     2.5333  0.000e+00
     18.180     6.5946   3.321378    33.1067        610     2.5375  0.000e+00
     18.149     6.5954   3.321451    33.1068        611     2.5417  0.000e+00
     18.113     6.5963   3.321500    33.1065        612     2.5458  0.000e+00
     18.079     6.5970   3.321378    33.1045        613     2.5500  0.000e+00
     18.049     6.5969   3.321304    33.1038        614     2.5542  0.000e+00
     18.012     6.5962   3.321255    33.1039        615     2.5583  0.000e+00
     17.994     6.5956   3.321255    33.1045        616     2.5625  0.000e+00
     17.954     6.5951   3.321255    33.1050        617     2.5667  0.000e+00
     17.927     6.5950   3.321280    33.1053        618     2.5708  0.000e+00
     17.878     6.5952   3.321206    33.1044        619     2.5750  0.000e+00
     17.832     6.5951   3.321182    33.1042        620     2.5792  0.000e+00
     17.786     6.5949   3.321304    33.1058        621     2.5833  0.000e+00
     17.719     6.5952   3.321329    33.1058        622     2.5875  0.000e+00
     17.661     6.5957   3.321377    33.1059        623     2.5917  0.000e+00
     17.604     6.5963   3.321451    33.1061        624     2.5958  0.000e+00
     17.543     6.5969   3.321451    33.1056        625     2.6000  0.000e+00
