PC2501/sbe079.cnv
* Sea-Bird SBE 19plus Data File:
* FileName = C:\cruise\data\sbe079.hex
* Software Version Seasave V 7.26.7.121
* Temperature SN = 4684
* Conductivity SN = 4684
* System UpLoad Time = Feb 11 2025 01:16:23
* NMEA Latitude = 36 26.82 N
* NMEA Longitude = 072 26.32 W
* NMEA UTC (Time) = Feb 11 2025  01:16:01
** Ship: Pisces
** Cruise:  PC2501
** Program:  AMAPPS
# nquan = 7
# nvalues = 5709                                  
# units = specified
# name 0 = depSM: Depth [salt water, m]
# name 1 = tv290C: Temperature [ITS-90, deg C]
# name 2 = c0S/m: Conductivity [S/m]
# name 3 = sal00: Salinity, Practical [PSU]
# name 4 = scan: Scan Count
# name 5 = timeM: Time, Elapsed [minutes]
# name 6 = flag:  0.000e+00
# span 0 =      0.143,    201.099                 
# span 1 =    10.1401,    21.1251                 
# span 2 =   0.000015,   5.122413                 
# span 3 =     0.0052,    37.4082                 
# span 4 =         11,       5719                 
# span 5 =     0.0417,    23.8250                 
# span 6 = 0.0000e+00, 0.0000e+00                 
# interval = seconds: 0.25
# start_time = Feb 11 2025 01:16:01 [NMEA time, header]
# bad_flag = -9.990e-29
*END*
[from data line 206]
     12.932    20.2522   5.040639    36.8226        217     0.9000  0.000e+00
     13.075    20.2693   5.041840    36.8175        218     0.9042  0.000e+00
     13.206    20.2954   5.042078    36.7965        219     0.9083  0.000e+00
     13.307    20.3209   5.040935    36.7649        220     0.9125  0.000e+00
     13.389    20.3392   5.040204    36.7430        221     0.9167  0.000e+00
     13.441    20.3523   5.039863    36.7287        222     0.9208  0.000e+00
     13.502    20.3642   5.038459    36.7068        223     0.9250  0.000e+00
     13.545    20.3756   5.038589    36.6980        224     0.9292  0.000e+00
     13.606    20.3828   5.038828    36.6937        225     0.9333  0.000e+00
     13.664    20.3910   5.039660    36.6933        226     0.9375  0.000e+00
     13.722    20.3997   5.040101    36.6893        227     0.9417  0.000e+00
     13.789    20.4102   5.041737    36.6936        228     0.9458  0.000e+00
     13.865    20.4211   5.043416    36.6978        229     0.9500  0.000e+00
     13.969    20.4277   5.044255    36.6989        230     0.9542  0.000e+00
     14.079    20.4336   5.046029    36.7083        231     0.9583  0.000e+00
     14.207    20.4377   5.047035    36.7129        232     0.9625  0.000e+00
     14.329    20.4360   5.048107    36.7231        233     0.9667  0.000e+00
     14.463    20.4254   5.049888    36.7469        234     0.9708  0.000e+00
     14.600    20.4177   5.051736    36.7686        235     0.9750  0.000e+00
     14.741    20.4287   5.053213    36.7711        236     0.9792  0.000e+00
     14.878    20.4442   5.055089    36.7730        237     0.9833  0.000e+00
     15.024    20.4584   5.056401    36.7712        238     0.9875  0.000e+00
     15.162    20.4744   5.057313    36.7647        239     0.9917  0.000e+00
     15.290    20.4928   5.057784    36.7526        240     0.9958  0.000e+00
     15.433    20.5127   5.058052    36.7374        241     1.0000  0.000e+00
     15.540    20.5277   5.057747    36.7219        242     1.0042  0.000e+00
     15.656    20.5397   5.058182    36.7149        243     1.0083  0.000e+00
     15.760    20.5448   5.058486    36.7130        244     1.0125  0.000e+00
     15.848    20.5489   5.058791    36.7119        245     1.0167  0.000e+00
     15.943    20.5565   5.059291    36.7093        246     1.0208  0.000e+00
     16.025    20.5655   5.059863    36.7061        247     1.0250  0.000e+00
     16.114    20.5742   5.060436    36.7032        248     1.0292  0.000e+00
     16.196    20.5820   5.059660    36.6902        249     1.0333  0.000e+00
     16.284    20.5880   5.057479    36.6671        250     1.0375  0.000e+00
     16.388    20.6068   5.094159    36.9500        251     1.0417  0.000e+00
     16.489    20.7123   5.096978    36.8812        252     1.0458  0.000e+00
     16.602    20.8094   5.097486    36.8010        253     1.0500  0.000e+00
     16.718    20.8615   5.097754    36.7580        254     1.0542  0.000e+00
     16.843    20.8870   5.097623    36.7348        255     1.0583  0.000e+00
     16.974    20.8977   5.097862    36.7275        256     1.0625  0.000e+00
     17.102    20.9022   5.098059    36.7251        257     1.0667  0.000e+00
     17.221    20.9044   5.098437    36.7263        258     1.0708  0.000e+00
     17.340    20.9063   5.098808    36.7275        259     1.0750  0.000e+00
     17.444    20.9086   5.098808    36.7256        260     1.0792  0.000e+00
     17.544    20.9103   5.098873    36.7246        261     1.0833  0.000e+00
     17.630    20.9104   5.098604    36.7223        262     1.0875  0.000e+00
     17.721    20.9104   5.099179    36.7269        263     1.0917  0.000e+00
     17.795    20.9107   5.099353    36.7280        264     1.0958  0.000e+00
     17.871    20.9118   5.098335    36.7188        265     1.1000  0.000e+00
     17.941    20.9091   5.098263    36.7205        266     1.1042  0.000e+00
     18.008    20.9054   5.098059    36.7220        267     1.1083  0.000e+00
     18.084    20.9025   5.098030    36.7243        268     1.1125  0.000e+00
     18.145    20.9006   5.097994    36.7256        269     1.1167  0.000e+00
     18.243    20.8995   5.097994    36.7266        270     1.1208  0.000e+00
     18.338    20.8989   5.097856    36.7259        271     1.1250  0.000e+00
     18.447    20.8981   5.097827    36.7263        272     1.1292  0.000e+00
     18.566    20.8973   5.097754    36.7264        273     1.1333  0.000e+00
     18.701    20.8967   5.097652    36.7260        274     1.1375  0.000e+00
     18.838    20.8956   5.097754    36.7278        275     1.1417  0.000e+00
     18.975    20.8951   5.097587    36.7268        276     1.1458  0.000e+00
     19.122    20.8944   5.098162    36.7320        277     1.1500  0.000e+00
     19.265    20.8947   5.098503    36.7344        278     1.1542  0.000e+00
     19.402    20.8975   5.098947    36.7356        279     1.1583  0.000e+00
     19.543    20.9008   5.099623    36.7381        280     1.1625  0.000e+00
     19.674    20.9055   5.100307    36.7396        281     1.1667  0.000e+00
     19.777    20.9112   5.100540    36.7365        282     1.1708  0.000e+00
     19.875    20.9154   5.100714    36.7343        283     1.1750  0.000e+00
     19.960    20.9179   5.100678    36.7318        284     1.1792  0.000e+00
     20.028    20.9193   5.100714    36.7308        285     1.1833  0.000e+00
     20.098    20.9195   5.100780    36.7312        286     1.1875  0.000e+00
     20.171    20.9198   5.100678    36.7301        287     1.1917  0.000e+00
     20.232    20.9197   5.100743    36.7306        288     1.1958  0.000e+00
     20.311    20.9196   5.100816    36.7313        289     1.2000  0.000e+00
     20.394    20.9198   5.100780    36.7308        290     1.2042  0.000e+00
     20.479    20.9200   5.100816    36.7309        291     1.2083  0.000e+00
     20.574    20.9198   5.100744    36.7304        292     1.2125  0.000e+00
     20.677    20.9197   5.100715    36.7302        293     1.2167  0.000e+00
     20.790    20.9191   5.100744    36.7309        294     1.2208  0.000e+00
     20.906    20.9188   5.100678    36.7306        295     1.2250  0.000e+00
     21.022    20.9189   5.100577    36.7297        296     1.2292  0.000e+00
     21.138    20.9185   5.100438    36.7288        297     1.2333  0.000e+00
     21.254    20.9178   5.100475    36.7297        298     1.2375  0.000e+00
     21.376    20.9171   5.100475    36.7303        299     1.2417  0.000e+00
     21.504    20.9168   5.100540    36.7310        300     1.2458  0.000e+00
     21.632    20.9170   5.100642    36.7316        301     1.2500  0.000e+00
     21.745    20.9171   5.100679    36.7318        302     1.2542  0.000e+00
     21.840    20.9175   5.100715    36.7317        303     1.2583  0.000e+00
     21.953    20.9178   5.100744    36.7317        304     1.2625  0.000e+00
     22.038    20.9180   5.100883    36.7326        305     1.2667  0.000e+00
     22.114    20.9185   5.101086    36.7338        306     1.2708  0.000e+00
     22.187    20.9196   5.101188    36.7336        307     1.2750  0.000e+00
     22.267    20.9207   5.101188    36.7326        308     1.2792  0.000e+00
     22.346    20.9212   5.101086    36.7313        309     1.2833  0.000e+00
     22.431    20.9212   5.101021    36.7308        310     1.2875  0.000e+00
     22.511    20.9209   5.101086    36.7315        311     1.2917  0.000e+00
     22.602    20.9208   5.101152    36.7321        312     1.2958  0.000e+00
     22.694    20.9210   5.101086    36.7314        313     1.3000  0.000e+00
     22.801    20.9209   5.100948    36.7303        314     1.3042  0.000e+00
     22.910    20.9201   5.100781    36.7296        315     1.3083  0.000e+00
     23.020    20.9190   5.100643    36.7294        316     1.3125  0.000e+00
     23.139    20.9176   5.100578    36.7300        317     1.3167  0.000e+00
     23.258    20.9166   5.100476    36.7300        318     1.3208  0.000e+00
     23.377    20.9156   5.100476    36.7308        319     1.3250  0.000e+00
     23.496    20.9151   5.100541    36.7317        320     1.3292  0.000e+00
     23.600    20.9150   5.100411    36.7308        321     1.3333  0.000e+00
     23.697    20.9146   5.100643    36.7330        322     1.3375  0.000e+00
     23.798    20.9148   5.100643    36.7327        323     1.3417  0.000e+00
     23.877    20.9154   5.100680    36.7325        324     1.3458  0.000e+00
     23.963    20.9156   5.100680    36.7323        325     1.3500  0.000e+00
     24.030    20.9156   5.100745    36.7328        326     1.3542  0.000e+00
     24.103    20.9160   5.100680    36.7319        327     1.3583  0.000e+00
     24.179    20.9159   5.100644    36.7317        328     1.3625  0.000e+00
     24.271    20.9155   5.100644    36.7320        329     1.3667  0.000e+00
     24.350    20.9155   5.100578    36.7314        330     1.3708  0.000e+00
     24.457    20.9151   5.100411    36.7304        331     1.3750  0.000e+00
     24.567    20.9144   5.100477    36.7315        332     1.3792  0.000e+00
     24.689    20.9138   5.100542    36.7324        333     1.3833  0.000e+00
     24.820    20.9139   5.100411    36.7313        334     1.3875  0.000e+00
     24.966    20.9135   5.100106    36.7291        335     1.3917  0.000e+00
     25.110    20.9120   5.099902    36.7287        336     1.3958  0.000e+00
     25.259    20.9100   5.099561    36.7276        337     1.4000  0.000e+00
     25.415    20.9073   5.099830    36.7320        338     1.4042  0.000e+00
     25.576    20.9063   5.099830    36.7329        339     1.4083  0.000e+00
     25.723    20.9063   5.100441    36.7377        340     1.4125  0.000e+00
     25.869    20.9087   5.100681    36.7376        341     1.4167  0.000e+00
     26.007    20.9118   5.100543    36.7337        342     1.4208  0.000e+00
     26.104    20.9128   5.100310    36.7309        343     1.4250  0.000e+00
     26.190    20.9121   5.100543    36.7334        344     1.4292  0.000e+00
     26.260    20.9121   5.100783    36.7353        345     1.4333  0.000e+00
     26.290    20.9134   5.100310    36.7303        346     1.4375  0.000e+00
     26.309    20.9127   5.100237    36.7303        347     1.4417  0.000e+00
     26.318    20.9111   5.100237    36.7317        348     1.4458  0.000e+00
     26.312    20.9102   5.100339    36.7333        349     1.4500  0.000e+00
     26.299    20.9104   5.100339    36.7331        350     1.4542  0.000e+00
     26.290    20.9105   5.100477    36.7342        351     1.4583  0.000e+00
     26.278    20.9112   5.100616    36.7348        352     1.4625  0.000e+00
     26.287    20.9124   5.100645    36.7339        353     1.4667  0.000e+00
     26.315    20.9132   5.100477    36.7318        354     1.4708  0.000e+00
     26.373    20.9129   5.100477    36.7321        355     1.4750  0.000e+00
     26.473    20.9126   5.100514    36.7326        356     1.4792  0.000e+00
     26.598    20.9126   5.100478    36.7322        357     1.4833  0.000e+00
     26.742    20.9124   5.100441    36.7321        358     1.4875  0.000e+00
     26.900    20.9122   5.100340    36.7314        359     1.4917  0.000e+00
     27.071    20.9115   5.100158    36.7305        360     1.4958  0.000e+00
     27.248    20.9105   5.100340    36.7327        361     1.5000  0.000e+00
     27.428    20.9102   5.100413    36.7335        362     1.5042  0.000e+00
     27.608    20.9105   5.100478    36.7337        363     1.5083  0.000e+00
     27.785    20.9109   5.100442    36.7330        364     1.5125  0.000e+00
     27.959    20.9111   5.100376    36.7323        365     1.5167  0.000e+00
     28.139    20.9109   5.100377    36.7323        366     1.5208  0.000e+00
     28.291    20.9109   5.100515    36.7334        367     1.5250  0.000e+00
     28.410    20.9112   5.100544    36.7334        368     1.5292  0.000e+00
     28.499    20.9117   5.100646    36.7337        369     1.5333  0.000e+00
     28.572    20.9123   5.100849    36.7348        370     1.5375  0.000e+00
     28.636    20.9131   5.100886    36.7344        371     1.5417  0.000e+00
     28.694    20.9142   5.100784    36.7326        372     1.5458  0.000e+00
     28.758    20.9142   5.100748    36.7323        373     1.5500  0.000e+00
     28.807    20.9139   5.100748    36.7325        374     1.5542  0.000e+00
     28.868    20.9134   5.100784    36.7332        375     1.5583  0.000e+00
     28.929    20.9136   5.100784    36.7331        376     1.5625  0.000e+00
     28.990    20.9136   5.100886    36.7339        377     1.5667  0.000e+00
     29.063    20.9140   5.100850    36.7332        378     1.5708  0.000e+00
     29.139    20.9141   5.100952    36.7338        379     1.5750  0.000e+00
     29.228    20.9146   5.100886    36.7329        380     1.5792  0.000e+00
     29.316    20.9148   5.100850    36.7324        381     1.5833  0.000e+00
     29.420    20.9146   5.100821    36.7322        382     1.5875  0.000e+00
     29.527    20.9146   5.100748    36.7316        383     1.5917  0.000e+00
     29.639    20.9141   5.100683    36.7316        384     1.5958  0.000e+00
     29.737    20.9134   5.100683    36.7321        385     1.6000  0.000e+00
     29.832    20.9129   5.100785    36.7333        386     1.6042  0.000e+00
     29.926    20.9131   5.100952    36.7345        387     1.6083  0.000e+00
     30.012    20.9139   5.101156    36.7354        388     1.6125  0.000e+00
     30.091    20.9154   5.101396    36.7360        389     1.6167  0.000e+00
     30.182    20.9172   5.101432    36.7347        390     1.6208  0.000e+00
     30.268    20.9185   5.101599    36.7350        391     1.6250  0.000e+00
     30.356    20.9197   5.101468    36.7328        392     1.6292  0.000e+00
     30.442    20.9200   5.101192    36.7303        393     1.6333  0.000e+00
     30.545    20.9185   5.101054    36.7304        394     1.6375  0.000e+00
     30.646    20.9171   5.101025    36.7313        395     1.6417  0.000e+00
     30.744    20.9163   5.100989    36.7317        396     1.6458  0.000e+00
     30.860    20.9156   5.100887    36.7315        397     1.6500  0.000e+00
     30.963    20.9149   5.100821    36.7315        398     1.6542  0.000e+00
     31.079    20.9141   5.100720    36.7313        399     1.6583  0.000e+00
     31.198    20.9131   5.100516    36.7304        400     1.6625  0.000e+00
     31.314    20.9118   5.100313    36.7299        401     1.6667  0.000e+00
     31.430    20.9101   5.100138    36.7299        402     1.6708  0.000e+00
     31.537    20.9085   5.100109    36.7310        403     1.6750  0.000e+00
     31.650    20.9073   5.100138    36.7323        404     1.6792  0.000e+00
     31.769    20.9068   5.100109    36.7324        405     1.6833  0.000e+00
     31.891    20.9063   5.100240    36.7338        406     1.6875  0.000e+00
     32.016    20.9065   5.100342    36.7344        407     1.6917  0.000e+00
     32.135    20.9071   5.100379    36.7342        408     1.6958  0.000e+00
     32.250    20.9078   5.100517    36.7346        409     1.7000  0.000e+00
     32.360    20.9087   5.100684    36.7352        410     1.7042  0.000e+00
     32.464    20.9098   5.100720    36.7345        411     1.7083  0.000e+00
     32.562    20.9108   5.100786    36.7341        412     1.7125  0.000e+00
     32.662    20.9117   5.100822    36.7336        413     1.7167  0.000e+00
     32.742    20.9120   5.100822    36.7333        414     1.7208  0.000e+00
     32.821    20.9121   5.100990    36.7346        415     1.7250  0.000e+00
     32.888    20.9131   5.100924    36.7332        416     1.7292  0.000e+00
     32.958    20.9132   5.100721    36.7314        417     1.7333  0.000e+00
     33.013    20.9125   5.100648    36.7314        418     1.7375  0.000e+00
     33.083    20.9116   5.101128    36.7360        419     1.7417  0.000e+00
     33.156    20.9127   5.101266    36.7361        420     1.7458  0.000e+00
