PC2501/sbe015.cnv
* Sea-Bird SBE 19plus Data File:
* FileName = C:\cruise\data\sbe015.hex
* Software Version Seasave V 7.26.7.121
* Temperature SN = 4684
* Conductivity SN = 4684
* System UpLoad Time = Jan 13 2025 02:31:17
* NMEA Latitude = 38 28.48 N
* NMEA Longitude = 073 32.64 W
* NMEA UTC (Time) = Jan 13 2025  02:30:39
** Ship: Pisces
** Cruise:  PC2501
** Program:  AMAPPS
# nquan = 7
# nvalues = 1973                                  
# units = specified
# name 0 = depSM: Depth [salt water, m]
# name 1 = tv290C: Temperature [ITS-90, deg C]
# name 2 = c0S/m: Conductivity [S/m]
# name 3 = sal00: Salinity, Practical [PSU]
# name 4 = scan: Scan Count
# name 5 = timeM: Time, Elapsed [minutes]
# name 6 = flag:  0.000e+00
# span 0 =      0.072,     95.955                 
# span 1 =     4.6432,    12.7137                 
# span 2 =   0.000036,   4.049912                 
# span 3 =     0.0017,    35.4513                 
# span 4 =         11,       1983                 
# span 5 =     0.0417,     8.2583                 
# span 6 = 0.0000e+00, 0.0000e+00                 
# interval = seconds: 0.25
# start_time = Jan 13 2025 02:30:39 [NMEA time, header]
# bad_flag = -9.990e-29
*END*
[from data line 821]
     78.086    12.5287   4.024865    34.7155        832     3.4625  0.000e+00
     77.986    12.5304   4.025893    34.7239        833     3.4667  0.000e+00
     77.873    12.5342   4.025616    34.7178        834     3.4708  0.000e+00
     77.772    12.5364   4.024727    34.7072        835     3.4750  0.000e+00
     77.657    12.5348   4.025893    34.7199        836     3.4792  0.000e+00
     77.556    12.5353   4.026387    34.7242        837     3.4833  0.000e+00
     77.449    12.5398   4.026882    34.7250        838     3.4875  0.000e+00
     77.349    12.5432   4.027053    34.7235        839     3.4917  0.000e+00
     77.245    12.5465   4.027462    34.7244        840     3.4958  0.000e+00
     77.145    12.5494   4.027883    34.7258        841     3.5000  0.000e+00
     77.047    12.5522   4.027633    34.7209        842     3.5042  0.000e+00
     76.962    12.5539   4.027072    34.7140        843     3.5083  0.000e+00
     76.876    12.5524   4.027633    34.7208        844     3.5125  0.000e+00
     76.794    12.5527   4.027765    34.7218        845     3.5167  0.000e+00
     76.727    12.5536   4.027191    34.7155        846     3.5208  0.000e+00
     76.654    12.5528   4.027079    34.7152        847     3.5250  0.000e+00
     76.590    12.5508   4.027053    34.7168        848     3.5292  0.000e+00
     76.523    12.5502   4.026941    34.7163        849     3.5333  0.000e+00
     76.459    12.5496   4.027079    34.7182        850     3.5375  0.000e+00
     76.398    12.5497   4.026855    34.7160        851     3.5417  0.000e+00
     76.337    12.5493   4.027771    34.7252        852     3.5458  0.000e+00
     76.273    12.5519   4.027270    34.7180        853     3.5500  0.000e+00
     76.206    12.5522   4.027244    34.7175        854     3.5542  0.000e+00
     76.133    12.5515   4.025484    34.7012        855     3.5583  0.000e+00
     76.054    12.5462   4.026031    34.7114        856     3.5625  0.000e+00
     75.974    12.5432   4.025655    34.7107        857     3.5667  0.000e+00
     75.862    12.5410   4.025062    34.7069        858     3.5708  0.000e+00
     75.761    12.5375   4.024963    34.7094        859     3.5750  0.000e+00
     75.648    12.5350   4.025391    34.7158        860     3.5792  0.000e+00
     75.523    12.5348   4.026195    34.7238        861     3.5833  0.000e+00
     75.395    12.5376   4.023085    34.6912        862     3.5875  0.000e+00
     75.255    12.5315   4.019870    34.6660        863     3.5917  0.000e+00
     75.139    12.5130   4.019626    34.6808        864     3.5958  0.000e+00
     75.002    12.5012   4.020891    34.7039        865     3.6000  0.000e+00
     74.868    12.4987   4.022439    34.7212        866     3.6042  0.000e+00
     74.746    12.5046   4.021418    34.7060        867     3.6083  0.000e+00
     74.633    12.5060   4.020950    34.7003        868     3.6125  0.000e+00
     74.524    12.5042   4.020950    34.7019        869     3.6167  0.000e+00
     74.423    12.5028   4.020891    34.7027        870     3.6208  0.000e+00
     74.341    12.5019   4.021115    34.7057        871     3.6250  0.000e+00
     74.243    12.5020   4.021721    34.7115        872     3.6292  0.000e+00
     74.152    12.5043   4.022544    34.7174        873     3.6333  0.000e+00
     74.076    12.5088   4.022742    34.7152        874     3.6375  0.000e+00
     73.990    12.5123   4.022465    34.7093        875     3.6417  0.000e+00
     73.911    12.5134   4.021253    34.6966        876     3.6458  0.000e+00
     73.823    12.5102   4.019757    34.6852        877     3.6500  0.000e+00
     73.743    12.5018   4.018407    34.6800        878     3.6542  0.000e+00
     73.649    12.4920   4.019125    34.6960        879     3.6583  0.000e+00
     73.564    12.4882   4.017084    34.6799        880     3.6625  0.000e+00
     73.481    12.4814   4.017663    34.6918        881     3.6667  0.000e+00
     73.384    12.4762   4.015872    34.6794        882     3.6708  0.000e+00
     73.298    12.4716   4.015898    34.6839        883     3.6750  0.000e+00
     73.213    12.4667   4.015352    34.6832        884     3.6792  0.000e+00
     73.125    12.4629   4.011139    34.6461        885     3.6833  0.000e+00
     73.039    12.4466   4.007125    34.6225        886     3.6875  0.000e+00
     72.963    12.4235   4.004929    34.6226        887     3.6917  0.000e+00
     72.881    12.4030   4.003909    34.6317        888     3.6958  0.000e+00
     72.799    12.3880   4.004271    34.6491        889     3.7000  0.000e+00
     72.716    12.3817   4.004324    34.6555        890     3.7042  0.000e+00
     72.643    12.3798   4.005751    34.6711        891     3.7083  0.000e+00
     72.570    12.3830   4.004436    34.6554        892     3.7125  0.000e+00
     72.488    12.3828   4.003390    34.6455        893     3.7167  0.000e+00
     72.415    12.3783   4.004238    34.6579        894     3.7208  0.000e+00
     72.329    12.3775   4.003831    34.6548        895     3.7250  0.000e+00
     72.247    12.3768   4.002982    34.6472        896     3.7292  0.000e+00
     72.156    12.3737   4.001141    34.6323        897     3.7333  0.000e+00
     72.076    12.3663   3.999662    34.6249        898     3.7375  0.000e+00
     71.991    12.3563   4.000129    34.6387        899     3.7417  0.000e+00
     71.903    12.3516   3.999577    34.6377        900     3.7458  0.000e+00
     71.802    12.3485   3.998479    34.6300        901     3.7500  0.000e+00
     71.695    12.3434   3.998098    34.6311        902     3.7542  0.000e+00
     71.589    12.3386   3.997059    34.6256        903     3.7583  0.000e+00
     71.479    12.3335   3.997388    34.6335        904     3.7625  0.000e+00
     71.378    12.3312   3.998288    34.6444        905     3.7667  0.000e+00
     71.275    12.3330   3.998400    34.6438        906     3.7708  0.000e+00
     71.180    12.3353   3.996290    34.6214        907     3.7750  0.000e+00
     71.077    12.3312   3.998525    34.6468        908     3.7792  0.000e+00
     70.994    12.3312   4.000924    34.6700        909     3.7833  0.000e+00
     70.912    12.3403   3.992703    34.5822        910     3.7875  0.000e+00
     70.824    12.3260   3.991310    34.5819        911     3.7917  0.000e+00
     70.735    12.3050   3.992158    34.6096        912     3.7958  0.000e+00
     70.653    12.2963   3.989859    34.5954        913     3.8000  0.000e+00
     70.549    12.2870   3.985434    34.5612        914     3.8042  0.000e+00
     70.458    12.2666   3.985356    34.5793        915     3.8083  0.000e+00
     70.357    12.2528   3.986826    34.6064        916     3.8125  0.000e+00
     70.257    12.2511   3.988658    34.6258        917     3.8167  0.000e+00
     70.144    12.2574   3.989367    34.6268        918     3.8208  0.000e+00
     70.037    12.2640   3.986747    34.5954        919     3.8250  0.000e+00
     69.921    12.2600   3.984804    34.5803        920     3.8292  0.000e+00
     69.803    12.2509   3.983905    34.5800        921     3.8333  0.000e+00
     69.684    12.2417   3.982953    34.5794        922     3.8375  0.000e+00
     69.577    12.2320   3.982980    34.5887        923     3.8417  0.000e+00
     69.489    12.2273   3.981372    34.5775        924     3.8458  0.000e+00
     69.400    12.2218   3.981123    34.5802        925     3.8500  0.000e+00
     69.321    12.2153   3.979542    34.5708        926     3.8542  0.000e+00
     69.239    12.2082   3.979214    34.5743        927     3.8583  0.000e+00
     69.172    12.2023   3.978833    34.5761        928     3.8625  0.000e+00
     69.114    12.1978   3.974754    34.5407        929     3.8667  0.000e+00
     69.074    12.1835   3.974289    34.5494        930     3.8708  0.000e+00
     69.022    12.1709   3.976741    34.5849        931     3.8750  0.000e+00
     68.970    12.1714   3.979162    34.6079        932     3.8792  0.000e+00
     68.931    12.1826   3.981346    34.6188        933     3.8833  0.000e+00
     68.867    12.1981   3.982055    34.6113        934     3.8875  0.000e+00
     68.806    12.2087   3.980526    34.5868        935     3.8917  0.000e+00
     68.739    12.2096   3.978754    34.5687        936     3.8958  0.000e+00
     68.678    12.2037   3.977364    34.5607        937     3.9000  0.000e+00
     68.593    12.1928   3.974859    34.5466        938     3.9042  0.000e+00
     68.516    12.1810   3.974118    34.5503        939     3.9083  0.000e+00
     68.422    12.1698   3.974236    34.5618        940     3.9125  0.000e+00
     68.336    12.1642   3.974125    34.5660        941     3.9167  0.000e+00
     68.236    12.1618   3.974288    34.5698        942     3.9208  0.000e+00
     68.129    12.1609   3.974236    34.5702        943     3.9250  0.000e+00
     68.026    12.1610   3.974098    34.5688        944     3.9292  0.000e+00
     67.919    12.1601   3.974262    34.5713        945     3.9333  0.000e+00
     67.797    12.1604   3.974262    34.5711        946     3.9375  0.000e+00
     67.684    12.1608   3.974262    34.5707        947     3.9417  0.000e+00
     67.556    12.1607   3.973882    34.5672        948     3.9458  0.000e+00
     67.443    12.1599   3.973390    34.5632        949     3.9500  0.000e+00
     67.315    12.1576   3.973528    34.5668        950     3.9542  0.000e+00
     67.200    12.1566   3.973580    34.5683        951     3.9583  0.000e+00
     67.087    12.1567   3.973226    34.5648        952     3.9625  0.000e+00
     66.980    12.1555   3.973174    34.5653        953     3.9667  0.000e+00
     66.886    12.1545   3.973554    34.5700        954     3.9708  0.000e+00
     66.791    12.1553   3.974236    34.5760        955     3.9750  0.000e+00
     66.724    12.1585   3.974635    34.5770        956     3.9792  0.000e+00
     66.654    12.1614   3.974288    34.5709        957     3.9833  0.000e+00
     66.590    12.1626   3.974504    34.5719        958     3.9875  0.000e+00
     66.529    12.1630   3.974944    34.5758        959     3.9917  0.000e+00
     66.468    12.1645   3.975298    34.5779        960     3.9958  0.000e+00
     66.410    12.1675   3.975212    34.5743        961     4.0000  0.000e+00
     66.349    12.1686   3.973717    34.5588        962     4.0042  0.000e+00
     66.291    12.1647   3.973606    34.5614        963     4.0083  0.000e+00
     66.227    12.1609   3.974098    34.5697        964     4.0125  0.000e+00
     66.154    12.1600   3.975317    34.5824        965     4.0167  0.000e+00
     66.075    12.1644   3.975488    34.5800        966     4.0208  0.000e+00
     65.974    12.1681   3.973717    34.5594        967     4.0250  0.000e+00
     65.865    12.1658   3.974589    34.5701        968     4.0292  0.000e+00
     65.752    12.1641   3.973665    34.5627        969     4.0333  0.000e+00
     65.645    12.1615   3.974314    34.5715        970     4.0375  0.000e+00
     65.523    12.1618   3.975704    34.5848        971     4.0417  0.000e+00
     65.395    12.1663   3.975973    34.5832        972     4.0458  0.000e+00
     65.270    12.1714   3.976163    34.5804        973     4.0500  0.000e+00
     65.148    12.1749   3.976222    34.5778        974     4.0542  0.000e+00
     65.042    12.1765   3.976340    34.5776        975     4.0583  0.000e+00
     64.950    12.1777   3.976058    34.5737        976     4.0625  0.000e+00
     64.874    12.1777   3.976517    34.5782        977     4.0667  0.000e+00
     64.801    12.1786   3.975920    34.5716        978     4.0708  0.000e+00
     64.743    12.1776   3.976031    34.5736        979     4.0750  0.000e+00
     64.694    12.1769   3.976031    34.5743        980     4.0792  0.000e+00
     64.642    12.1767   3.975972    34.5739        981     4.0833  0.000e+00
     64.609    12.1765   3.975867    34.5732        982     4.0875  0.000e+00
     64.569    12.1760   3.975808    34.5730        983     4.0917  0.000e+00
     64.533    12.1755   3.975756    34.5730        984     4.0958  0.000e+00
     64.511    12.1750   3.975769    34.5736        985     4.1000  0.000e+00
     64.481    12.1750   3.975756    34.5735        986     4.1042  0.000e+00
     64.444    12.1750   3.975756    34.5736        987     4.1083  0.000e+00
     64.408    12.1748   3.975782    34.5740        988     4.1125  0.000e+00
     64.365    12.1748   3.975677    34.5730        989     4.1167  0.000e+00
     64.310    12.1747   3.975782    34.5741        990     4.1208  0.000e+00
     64.252    12.1746   3.975703    34.5734        991     4.1250  0.000e+00
     64.185    12.1746   3.975782    34.5743        992     4.1292  0.000e+00
     64.106    12.1746   3.976005    34.5765        993     4.1333  0.000e+00
     64.020    12.1755   3.976365    34.5791        994     4.1375  0.000e+00
     63.926    12.1771   3.975460    34.5689        995     4.1417  0.000e+00
     63.825    12.1760   3.973362    34.5497        996     4.1458  0.000e+00
     63.713    12.1671   3.973120    34.5556        997     4.1500  0.000e+00
     63.603    12.1599   3.971841    34.5499        998     4.1542  0.000e+00
     63.475    12.1528   3.972740    34.5652        999     4.1583  0.000e+00
     63.359    12.1506   3.973690    34.5765       1000     4.1625  0.000e+00
     63.228    12.1538   3.973441    34.5712       1001     4.1667  0.000e+00
     63.088    12.1560   3.973441    34.5692       1002     4.1708  0.000e+00
     62.954    12.1564   3.973893    34.5733       1003     4.1750  0.000e+00
     62.838    12.1581   3.973716    34.5701       1004     4.1792  0.000e+00
     62.719    12.1589   3.973578    34.5680       1005     4.1833  0.000e+00
     62.600    12.1586   3.973716    34.5696       1006     4.1875  0.000e+00
     62.487    12.1588   3.973716    34.5696       1007     4.1917  0.000e+00
     62.384    12.1592   3.973309    34.5653       1008     4.1958  0.000e+00
     62.289    12.1581   3.972516    34.5586       1009     4.2000  0.000e+00
     62.207    12.1543   3.971625    34.5535       1010     4.2042  0.000e+00
     62.131    12.1493   3.971618    34.5581       1011     4.2083  0.000e+00
     62.079    12.1460   3.971625    34.5612       1012     4.2125  0.000e+00
     62.027    12.1446   3.971730    34.5636       1013     4.2167  0.000e+00
     61.990    12.1441   3.972274    34.5694       1014     4.2208  0.000e+00
     61.954    12.1458   3.972929    34.5741       1015     4.2250  0.000e+00
     61.929    12.1491   3.972516    34.5672       1016     4.2292  0.000e+00
     61.908    12.1505   3.973499    34.5754       1017     4.2333  0.000e+00
     61.890    12.1528   3.972490    34.5635       1018     4.2375  0.000e+00
     61.871    12.1522   3.972359    34.5628       1019     4.2417  0.000e+00
     61.844    12.1506   3.972444    34.5651       1020     4.2458  0.000e+00
     61.810    12.1498   3.972896    34.5702       1021     4.2500  0.000e+00
     61.768    12.1512   3.973172    34.5716       1022     4.2542  0.000e+00
     61.716    12.1534   3.973008    34.5680       1023     4.2583  0.000e+00
     61.652    12.1539   3.972437    34.5620       1024     4.2625  0.000e+00
     61.582    12.1521   3.972326    34.5627       1025     4.2667  0.000e+00
     61.490    12.1503   3.972385    34.5650       1026     4.2708  0.000e+00
     61.396    12.1496   3.972247    34.5642       1027     4.2750  0.000e+00
     61.301    12.1490   3.972070    34.5632       1028     4.2792  0.000e+00
     61.204    12.1480   3.971893    34.5624       1029     4.2833  0.000e+00
     61.112    12.1470   3.971782    34.5623       1030     4.2875  0.000e+00
     61.009    12.1460   3.971945    34.5649       1031     4.2917  0.000e+00
     60.927    12.1456   3.971650    34.5623       1032     4.2958  0.000e+00
     60.847    12.1454   3.971591    34.5620       1033     4.3000  0.000e+00
     60.762    12.1441   3.971428    34.5617       1034     4.3042  0.000e+00
     60.692    12.1434   3.971375    34.5618       1035     4.3083  0.000e+00
