PC2501/sbe051.cnv
* Sea-Bird SBE 19plus Data File:
* FileName = C:\cruise\data\sbe051.hex
* Software Version Seasave V 7.26.7.121
* Temperature SN = 4684
* Conductivity SN = 4684
* System UpLoad Time = Jan 24 2025 07:24:06
* NMEA Latitude = 38 13.69 N
* NMEA Longitude = 070 50.01 W
* NMEA UTC (Time) = Jan 24 2025  07:23:34
** Ship: Pisces
** Cruise:  PC2501
** Program:  AMAPPS
# nquan = 7
# nvalues = 1430                                  
# units = specified
# name 0 = depSM: Depth [salt water, m]
# name 1 = tv290C: Temperature [ITS-90, deg C]
# name 2 = c0S/m: Conductivity [S/m]
# name 3 = sal00: Salinity, Practical [PSU]
# name 4 = scan: Scan Count
# name 5 = timeM: Time, Elapsed [minutes]
# name 6 = flag:  0.000e+00
# span 0 =      0.020,     51.443                 
# span 1 =     6.2662,     7.2221                 
# span 2 =   0.103782,   3.348453                 
# span 3 =     0.8011,    32.8280                 
# span 4 =         11,       1440                 
# span 5 =     0.0417,     5.9958                 
# span 6 = 0.0000e+00, 0.0000e+00                 
# interval = seconds: 0.25
# start_time = Jan 24 2025 07:23:34 [NMEA time, header]
# bad_flag = -9.990e-29
*END*
[from data line 821]
     24.381     7.0216   3.322144    32.7026        832     3.4625  0.000e+00
     24.320     7.0215   3.322028    32.7014        833     3.4667  0.000e+00
     24.244     7.0203   3.321857    32.7007        834     3.4708  0.000e+00
     24.171     7.0171   3.321857    32.7038        835     3.4750  0.000e+00
     24.098     7.0143   3.321857    32.7065        836     3.4792  0.000e+00
     24.025     7.0130   3.321857    32.7078        837     3.4833  0.000e+00
     23.949     7.0127   3.321857    32.7080        838     3.4875  0.000e+00
     23.881     7.0128   3.322053    32.7102        839     3.4917  0.000e+00
     23.817     7.0144   3.322126    32.7095        840     3.4958  0.000e+00
     23.747     7.0174   3.322126    32.7067        841     3.5000  0.000e+00
     23.683     7.0193   3.322101    32.7046        842     3.5042  0.000e+00
     23.616     7.0204   3.322126    32.7039        843     3.5083  0.000e+00
     23.552     7.0208   3.322077    32.7029        844     3.5125  0.000e+00
     23.491     7.0209   3.322144    32.7036        845     3.5167  0.000e+00
     23.424     7.0212   3.322126    32.7032        846     3.5208  0.000e+00
     23.357     7.0215   3.322126    32.7029        847     3.5250  0.000e+00
     23.296     7.0218   3.322144    32.7029        848     3.5292  0.000e+00
     23.223     7.0222   3.322077    32.7019        849     3.5333  0.000e+00
     23.162     7.0220   3.322004    32.7012        850     3.5375  0.000e+00
     23.104     7.0209   3.321955    32.7017        851     3.5417  0.000e+00
     23.031     7.0191   3.321955    32.7035        852     3.5458  0.000e+00
     22.955     7.0178   3.321955    32.7048        853     3.5500  0.000e+00
     22.888     7.0172   3.321979    32.7056        854     3.5542  0.000e+00
     22.811     7.0167   3.321930    32.7057        855     3.5583  0.000e+00
     22.732     7.0147   3.321979    32.7081        856     3.5625  0.000e+00
     22.659     7.0133   3.322004    32.7097        857     3.5667  0.000e+00
     22.601     7.0149   3.321979    32.7080        858     3.5708  0.000e+00
     22.546     7.0169   3.321930    32.7055        859     3.5750  0.000e+00
     22.500     7.0179   3.322003    32.7055        860     3.5792  0.000e+00
     22.458     7.0187   3.321955    32.7042        861     3.5833  0.000e+00
     22.418     7.0187   3.321955    32.7041        862     3.5875  0.000e+00
     22.388     7.0185   3.321955    32.7044        863     3.5917  0.000e+00
     22.354     7.0185   3.322028    32.7052        864     3.5958  0.000e+00
     22.327     7.0193   3.322077    32.7050        865     3.6000  0.000e+00
     22.290     7.0202   3.322125    32.7047        866     3.6042  0.000e+00
     22.250     7.0211   3.322077    32.7033        867     3.6083  0.000e+00
     22.214     7.0213   3.322052    32.7028        868     3.6125  0.000e+00
     22.171     7.0212   3.321954    32.7020        869     3.6167  0.000e+00
     22.119     7.0201   3.322003    32.7035        870     3.6208  0.000e+00
     22.071     7.0197   3.322028    32.7042        871     3.6250  0.000e+00
     22.025     7.0198   3.322003    32.7039        872     3.6292  0.000e+00
     21.979     7.0196   3.321881    32.7027        873     3.6333  0.000e+00
     21.924     7.0184   3.321979    32.7050        874     3.6375  0.000e+00
     21.872     7.0180   3.322003    32.7057        875     3.6417  0.000e+00
     21.808     7.0191   3.322003    32.7047        876     3.6458  0.000e+00
     21.747     7.0200   3.322003    32.7038        877     3.6500  0.000e+00
     21.671     7.0203   3.321979    32.7033        878     3.6542  0.000e+00
     21.604     7.0202   3.322028    32.7039        879     3.6583  0.000e+00
     21.519     7.0200   3.322027    32.7042        880     3.6625  0.000e+00
     21.430     7.0204   3.321979    32.7033        881     3.6667  0.000e+00
     21.345     7.0201   3.322003    32.7039        882     3.6708  0.000e+00
     21.272     7.0202   3.322027    32.7041        883     3.6750  0.000e+00
     21.183     7.0206   3.321954    32.7030        884     3.6792  0.000e+00
     21.098     7.0206   3.321930    32.7028        885     3.6833  0.000e+00
     21.019     7.0198   3.321905    32.7033        886     3.6875  0.000e+00
     20.952     7.0191   3.321905    32.7039        887     3.6917  0.000e+00
     20.891     7.0189   3.321905    32.7042        888     3.6958  0.000e+00
     20.845     7.0187   3.321978    32.7052        889     3.7000  0.000e+00
     20.821     7.0192   3.322003    32.7050        890     3.7042  0.000e+00
     20.796     7.0197   3.322003    32.7046        891     3.7083  0.000e+00
     20.778     7.0201   3.321978    32.7039        892     3.7125  0.000e+00
     20.750     7.0203   3.322003    32.7040        893     3.7167  0.000e+00
     20.729     7.0204   3.321978    32.7036        894     3.7208  0.000e+00
     20.696     7.0204   3.321978    32.7036        895     3.7250  0.000e+00
     20.653     7.0203   3.321881    32.7027        896     3.7292  0.000e+00
     20.613     7.0196   3.321832    32.7029        897     3.7333  0.000e+00
     20.558     7.0182   3.321783    32.7036        898     3.7375  0.000e+00
     20.497     7.0168   3.321783    32.7050        899     3.7417  0.000e+00
     20.430     7.0163   3.321783    32.7056        900     3.7458  0.000e+00
     20.348     7.0159   3.321758    32.7057        901     3.7500  0.000e+00
     20.266     7.0157   3.321807    32.7064        902     3.7542  0.000e+00
     20.168     7.0159   3.321783    32.7061        903     3.7583  0.000e+00
     20.052     7.0159   3.321783    32.7061        904     3.7625  0.000e+00
     19.933     7.0160   3.321832    32.7066        905     3.7667  0.000e+00
     19.778     7.0164   3.321832    32.7063        906     3.7708  0.000e+00
     19.641     7.0168   3.321783    32.7055        907     3.7750  0.000e+00
     19.500     7.0167   3.321734    32.7051        908     3.7792  0.000e+00
     19.354     7.0163   3.321758    32.7058        909     3.7833  0.000e+00
     19.226     7.0162   3.321758    32.7060        910     3.7875  0.000e+00
     19.116     7.0165   3.321709    32.7052        911     3.7917  0.000e+00
     19.022     7.0163   3.321685    32.7052        912     3.7958  0.000e+00
     18.940     7.0152   3.321642    32.7057        913     3.8000  0.000e+00
     18.872     7.0143   3.321660    32.7069        914     3.8042  0.000e+00
     18.821     7.0136   3.321734    32.7083        915     3.8083  0.000e+00
     18.781     7.0135   3.321709    32.7082        916     3.8125  0.000e+00
     18.747     7.0139   3.321660    32.7073        917     3.8167  0.000e+00
     18.717     7.0137   3.321734    32.7083        918     3.8208  0.000e+00
     18.689     7.0137   3.321807    32.7091        919     3.8250  0.000e+00
     18.665     7.0146   3.321660    32.7067        920     3.8292  0.000e+00
     18.641     7.0145   3.321904    32.7095        921     3.8333  0.000e+00
     18.622     7.0158   3.322027    32.7096        922     3.8375  0.000e+00
     18.607     7.0184   3.322027    32.7071        923     3.8417  0.000e+00
     18.592     7.0201   3.321929    32.7044        924     3.8458  0.000e+00
     18.580     7.0200   3.321856    32.7038        925     3.8500  0.000e+00
     18.567     7.0192   3.321880    32.7047        926     3.8542  0.000e+00
     18.561     7.0185   3.321904    32.7057        927     3.8583  0.000e+00
     18.561     7.0187   3.322002    32.7066        928     3.8625  0.000e+00
     18.570     7.0195   3.322002    32.7058        929     3.8667  0.000e+00
     18.570     7.0203   3.322002    32.7050        930     3.8708  0.000e+00
     18.555     7.0207   3.321978    32.7044        931     3.8750  0.000e+00
     18.549     7.0206   3.322002    32.7047        932     3.8792  0.000e+00
     18.522     7.0208   3.321978    32.7043        933     3.8833  0.000e+00
     18.473     7.0208   3.321953    32.7041        934     3.8875  0.000e+00
     18.418     7.0208   3.321929    32.7038        935     3.8917  0.000e+00
     18.342     7.0203   3.321904    32.7041        936     3.8958  0.000e+00
     18.250     7.0198   3.321880    32.7043        937     3.9000  0.000e+00
     18.143     7.0194   3.321904    32.7050        938     3.9042  0.000e+00
     18.019     7.0191   3.321978    32.7061        939     3.9083  0.000e+00
     17.897     7.0197   3.322075    32.7067        940     3.9125  0.000e+00
     17.747     7.0211   3.322002    32.7047        941     3.9167  0.000e+00
     17.613     7.0217   3.322002    32.7042        942     3.9208  0.000e+00
     17.473     7.0220   3.321977    32.7037        943     3.9250  0.000e+00
     17.324     7.0219   3.321953    32.7035        944     3.9292  0.000e+00
     17.186     7.0217   3.321928    32.7036        945     3.9333  0.000e+00
     17.049     7.0212   3.321928    32.7041        946     3.9375  0.000e+00
     16.918     7.0209   3.321953    32.7047        947     3.9417  0.000e+00
     16.784     7.0207   3.321953    32.7049        948     3.9458  0.000e+00
     16.665     7.0208   3.321977    32.7052        949     3.9500  0.000e+00
     16.561     7.0214   3.321928    32.7041        950     3.9542  0.000e+00
     16.452     7.0218   3.322026    32.7049        951     3.9583  0.000e+00
     16.381     7.0223   3.321953    32.7037        952     3.9625  0.000e+00
     16.302     7.0225   3.321733    32.7011        953     3.9667  0.000e+00
     16.241     7.0204   3.321684    32.7026        954     3.9708  0.000e+00
     16.183     7.0179   3.321757    32.7058        955     3.9750  0.000e+00
     16.144     7.0168   3.321806    32.7074        956     3.9792  0.000e+00
     16.107     7.0174   3.321855    32.7073        957     3.9833  0.000e+00
     16.080     7.0185   3.321781    32.7056        958     3.9875  0.000e+00
     16.058     7.0191   3.321733    32.7044        959     3.9917  0.000e+00
     16.040     7.0185   3.321830    32.7061        960     3.9958  0.000e+00
     16.022     7.0189   3.321806    32.7054        961     4.0000  0.000e+00
     16.009     7.0192   3.321879    32.7059        962     4.0042  0.000e+00
     16.000     7.0202   3.322001    32.7064        963     4.0083  0.000e+00
     15.991     7.0222   3.321977    32.7042        964     4.0125  0.000e+00
     15.979     7.0232   3.321952    32.7030        965     4.0167  0.000e+00
     15.961     7.0234   3.321830    32.7014        966     4.0208  0.000e+00
     15.930     7.0228   3.321952    32.7034        967     4.0250  0.000e+00
     15.897     7.0223   3.321928    32.7036        968     4.0292  0.000e+00
     15.851     7.0225   3.321806    32.7021        969     4.0333  0.000e+00
     15.796     7.0216   3.321830    32.7032        970     4.0375  0.000e+00
     15.720     7.0209   3.321855    32.7042        971     4.0417  0.000e+00
     15.640     7.0207   3.321806    32.7039        972     4.0458  0.000e+00
     15.555     7.0205   3.321855    32.7047        973     4.0500  0.000e+00
     15.464     7.0206   3.321879    32.7049        974     4.0542  0.000e+00
     15.381     7.0208   3.321879    32.7047        975     4.0583  0.000e+00
     15.290     7.0212   3.321854    32.7041        976     4.0625  0.000e+00
     15.198     7.0213   3.321806    32.7036        977     4.0667  0.000e+00
     15.116     7.0209   3.321830    32.7043        978     4.0708  0.000e+00
     15.025     7.0207   3.321757    32.7037        979     4.0750  0.000e+00
     14.957     7.0202   3.321806    32.7047        980     4.0792  0.000e+00
     14.884     7.0200   3.321879    32.7057        981     4.0833  0.000e+00
     14.823     7.0208   3.321879    32.7050        982     4.0875  0.000e+00
     14.756     7.0218   3.321854    32.7038        983     4.0917  0.000e+00
     14.692     7.0224   3.321879    32.7036        984     4.0958  0.000e+00
     14.613     7.0227   3.321805    32.7025        985     4.1000  0.000e+00
     14.543     7.0226   3.321854    32.7032        986     4.1042  0.000e+00
     14.467     7.0226   3.321879    32.7034        987     4.1083  0.000e+00
     14.384     7.0230   3.321854    32.7028        988     4.1125  0.000e+00
     14.296     7.0229   3.321927    32.7038        989     4.1167  0.000e+00
     14.207     7.0223   3.321903    32.7042        990     4.1208  0.000e+00
     14.116     7.0219   3.321903    32.7045        991     4.1250  0.000e+00
     14.031     7.0218   3.321927    32.7049        992     4.1292  0.000e+00
     13.951     7.0218   3.321903    32.7047        993     4.1333  0.000e+00
     13.863     7.0217   3.321952    32.7055        994     4.1375  0.000e+00
     13.787     7.0215   3.321927    32.7053        995     4.1417  0.000e+00
     13.720     7.0217   3.321878    32.7047        996     4.1458  0.000e+00
     13.662     7.0217   3.321903    32.7050        997     4.1500  0.000e+00
     13.601     7.0219   3.321878    32.7045        998     4.1542  0.000e+00
     13.546     7.0221   3.321903    32.7047        999     4.1583  0.000e+00
     13.482     7.0222   3.321878    32.7043       1000     4.1625  0.000e+00
     13.430     7.0224   3.321878    32.7042       1001     4.1667  0.000e+00
     13.390     7.0223   3.321878    32.7043       1002     4.1708  0.000e+00
     13.348     7.0223   3.321878    32.7043       1003     4.1750  0.000e+00
     13.296     7.0223   3.321903    32.7046       1004     4.1792  0.000e+00
     13.259     7.0222   3.321878    32.7044       1005     4.1833  0.000e+00
     13.219     7.0223   3.321854    32.7041       1006     4.1875  0.000e+00
     13.174     7.0224   3.321854    32.7040       1007     4.1917  0.000e+00
     13.116     7.0223   3.321854    32.7041       1008     4.1958  0.000e+00
     13.052     7.0218   3.321854    32.7047       1009     4.2000  0.000e+00
     12.997     7.0215   3.321878    32.7052       1010     4.2042  0.000e+00
     12.924     7.0216   3.321878    32.7052       1011     4.2083  0.000e+00
     12.854     7.0217   3.322000    32.7065       1012     4.2125  0.000e+00
     12.780     7.0226   3.322049    32.7061       1013     4.2167  0.000e+00
     12.719     7.0237   3.321976    32.7043       1014     4.2208  0.000e+00
     12.646     7.0241   3.322000    32.7042       1015     4.2250  0.000e+00
     12.579     7.0242   3.321805    32.7021       1016     4.2292  0.000e+00
     12.521     7.0239   3.321805    32.7024       1017     4.2333  0.000e+00
     12.472     7.0237   3.321780    32.7023       1018     4.2375  0.000e+00
     12.427     7.0239   3.321805    32.7024       1019     4.2417  0.000e+00
     12.399     7.0245   3.321829    32.7021       1020     4.2458  0.000e+00
     12.360     7.0250   3.321756    32.7008       1021     4.2500  0.000e+00
     12.317     7.0249   3.321731    32.7007       1022     4.2542  0.000e+00
     12.265     7.0241   3.321756    32.7017       1023     4.2583  0.000e+00
     12.210     7.0234   3.321658    32.7014       1024     4.2625  0.000e+00
     12.137     7.0231   3.321682    32.7020       1025     4.2667  0.000e+00
     12.058     7.0233   3.321658    32.7015       1026     4.2708  0.000e+00
     11.960     7.0235   3.321615    32.7010       1027     4.2750  0.000e+00
     11.857     7.0234   3.321542    32.7003       1028     4.2792  0.000e+00
     11.762     7.0231   3.321273    32.6977       1029     4.2833  0.000e+00
     11.661     7.0215   3.321273    32.6993       1030     4.2875  0.000e+00
     11.561     7.0200   3.321249    32.7005       1031     4.2917  0.000e+00
     11.482     7.0191   3.321298    32.7019       1032     4.2958  0.000e+00
     11.421     7.0188   3.321298    32.7022       1033     4.3000  0.000e+00
     11.375     7.0189   3.321346    32.7027       1034     4.3042  0.000e+00
     11.335     7.0192   3.321322    32.7021       1035     4.3083  0.000e+00
