PC2501/sbe059.cnv
* Sea-Bird SBE 19plus Data File:
* FileName = C:\cruise\data\sbe059.hex
* Software Version Seasave V 7.26.7.121
* Temperature SN = 4684
* Conductivity SN = 4684
* System UpLoad Time = Jan 25 2025 22:56:55
* NMEA Latitude = 38 21.37 N
* NMEA Longitude = 072 52.60 W
* NMEA UTC (Time) = Jan 25 2025  22:56:24
** Ship: Pisces
** Cruise:  PC2501
** Program:  AMAPPS
# nquan = 7
# nvalues = 5173                                  
# units = specified
# name 0 = depSM: Depth [salt water, m]
# name 1 = tv290C: Temperature [ITS-90, deg C]
# name 2 = c0S/m: Conductivity [S/m]
# name 3 = sal00: Salinity, Practical [PSU]
# name 4 = scan: Scan Count
# name 5 = timeM: Time, Elapsed [minutes]
# name 6 = flag:  0.000e+00
# span 0 =      0.095,    200.912                 
# span 1 =     3.2738,    14.8461                 
# span 2 =   0.000077,   4.365821                 
# span 3 =     0.0010,    35.8215                 
# span 4 =         11,       5183                 
# span 5 =     0.0417,    21.5917                 
# span 6 = 0.0000e+00, 0.0000e+00                 
# interval = seconds: 0.25
# start_time = Jan 25 2025 22:56:24 [NMEA time, header]
# bad_flag = -9.990e-29
*END*
[from data line 2052]
    180.711    10.7856   3.919921    35.2823       2063     8.5917  0.000e+00
    180.607    10.7906   3.920267    35.2810       2064     8.5958  0.000e+00
    180.501    10.7946   3.920593    35.2805       2065     8.6000  0.000e+00
    180.400    10.7984   3.920658    35.2775       2066     8.6042  0.000e+00
    180.327    10.8009   3.920671    35.2753       2067     8.6083  0.000e+00
    180.242    10.8022   3.920690    35.2742       2068     8.6125  0.000e+00
    180.178    10.8028   3.920645    35.2733       2069     8.6167  0.000e+00
    180.114    10.8028   3.920619    35.2731       2070     8.6208  0.000e+00
    180.065    10.8028   3.920690    35.2738       2071     8.6250  0.000e+00
    179.989    10.8029   3.920886    35.2757       2072     8.6292  0.000e+00
    179.922    10.8038   3.921831    35.2843       2073     8.6333  0.000e+00
    179.852    10.8079   3.922627    35.2884       2074     8.6375  0.000e+00
    179.761    10.8142   3.923188    35.2880       2075     8.6417  0.000e+00
    179.663    10.8202   3.923768    35.2881       2076     8.6458  0.000e+00
    179.569    10.8260   3.924336    35.2883       2077     8.6500  0.000e+00
    179.450    10.8318   3.925027    35.2896       2078     8.6542  0.000e+00
    179.344    10.8376   3.925601    35.2899       2079     8.6583  0.000e+00
    179.210    10.8433   3.925973    35.2882       2080     8.6625  0.000e+00
    179.082    10.8481   3.926371    35.2876       2081     8.6667  0.000e+00
    178.963    10.8520   3.926482    35.2850       2082     8.6708  0.000e+00
    178.838    10.8553   3.926514    35.2822       2083     8.6750  0.000e+00
    178.711    10.8575   3.926749    35.2825       2084     8.6792  0.000e+00
    178.583    10.8598   3.927636    35.2893       2085     8.6833  0.000e+00
    178.449    10.8646   3.928954    35.2979       2086     8.6875  0.000e+00
    178.324    10.8729   3.929783    35.2983       2087     8.6917  0.000e+00
    178.217    10.8823   3.930266    35.2941       2088     8.6958  0.000e+00
    178.123    10.8896   3.931395    35.2985       2089     8.7000  0.000e+00
    178.038    10.8974   3.932818    35.3053       2090     8.7042  0.000e+00
    177.952    10.9078   3.933948    35.3066       2091     8.7083  0.000e+00
    177.889    10.9191   3.935384    35.3101       2092     8.7125  0.000e+00
    177.840    10.9309   3.936658    35.3116       2093     8.7167  0.000e+00
    177.791    10.9436   3.937520    35.3080       2094     8.7208  0.000e+00
    177.749    10.9541   3.938023    35.3029       2095     8.7250  0.000e+00
    177.706    10.9622   3.938597    35.3009       2096     8.7292  0.000e+00
    177.654    10.9688   3.939166    35.3003       2097     8.7333  0.000e+00
    177.605    10.9748   3.939656    35.2995       2098     8.7375  0.000e+00
    177.557    10.9802   3.939969    35.2974       2099     8.7417  0.000e+00
    177.493    10.9846   3.940185    35.2953       2100     8.7458  0.000e+00
    177.401    10.9876   3.940420    35.2948       2101     8.7500  0.000e+00
    177.301    10.9904   3.940805    35.2961       2102     8.7542  0.000e+00
    177.176    10.9933   3.941400    35.2993       2103     8.7583  0.000e+00
    177.045    10.9974   3.942099    35.3024       2104     8.7625  0.000e+00
    176.924    11.0028   3.942471    35.3010       2105     8.7667  0.000e+00
    176.771    11.0076   3.942824    35.2999       2106     8.7708  0.000e+00
    176.631    11.0119   3.943445    35.3021       2107     8.7750  0.000e+00
    176.491    11.0164   3.944674    35.3101       2108     8.7792  0.000e+00
    176.372    11.0238   3.945249    35.3088       2109     8.7833  0.000e+00
    176.248    11.0314   3.945654    35.3056       2110     8.7875  0.000e+00
    176.150    11.0372   3.945713    35.3007       2111     8.7917  0.000e+00
    176.047    11.0407   3.945772    35.2980       2112     8.7958  0.000e+00
    175.968    11.0426   3.946275    35.3012       2113     8.8000  0.000e+00
    175.888    11.0452   3.946360    35.2996       2114     8.8042  0.000e+00
    175.815    11.0475   3.946223    35.2960       2115     8.8083  0.000e+00
    175.748    11.0483   3.946301    35.2961       2116     8.8125  0.000e+00
    175.675    11.0487   3.946576    35.2985       2117     8.8167  0.000e+00
    175.593    11.0501   3.946706    35.2984       2118     8.8208  0.000e+00
    175.526    11.0513   3.946556    35.2958       2119     8.8250  0.000e+00
    175.438    11.0518   3.946765    35.2975       2120     8.8292  0.000e+00
    175.365    11.0523   3.946817    35.2976       2121     8.8333  0.000e+00
    175.276    11.0531   3.946870    35.2973       2122     8.8375  0.000e+00
    175.185    11.0539   3.946870    35.2967       2123     8.8417  0.000e+00
    175.091    11.0543   3.946896    35.2965       2124     8.8458  0.000e+00
    174.996    11.0545   3.946869    35.2962       2125     8.8500  0.000e+00
    174.917    11.0545   3.946896    35.2964       2126     8.8542  0.000e+00
    174.829    11.0547   3.946896    35.2963       2127     8.8583  0.000e+00
    174.747    11.0547   3.946896    35.2963       2128     8.8625  0.000e+00
    174.680    11.0550   3.946896    35.2961       2129     8.8667  0.000e+00
    174.607    11.0550   3.946928    35.2964       2130     8.8708  0.000e+00
    174.546    11.0552   3.946895    35.2959       2131     8.8750  0.000e+00
    174.479    11.0553   3.946895    35.2958       2132     8.8792  0.000e+00
    174.403    11.0554   3.946895    35.2958       2133     8.8833  0.000e+00
    174.327    11.0555   3.947065    35.2975       2134     8.8875  0.000e+00
    174.241    11.0559   3.946974    35.2962       2135     8.8917  0.000e+00
    174.144    11.0563   3.946948    35.2956       2136     8.8958  0.000e+00
    174.031    11.0559   3.946921    35.2957       2137     8.9000  0.000e+00
    173.919    11.0558   3.946954    35.2962       2138     8.9042  0.000e+00
    173.821    11.0559   3.947111    35.2977       2139     8.9083  0.000e+00
    173.706    11.0564   3.947438    35.3006       2140     8.9125  0.000e+00
    173.590    11.0585   3.947869    35.3029       2141     8.9167  0.000e+00
    173.474    11.0615   3.948164    35.3030       2142     8.9208  0.000e+00
    173.383    11.0646   3.948432    35.3028       2143     8.9250  0.000e+00
    173.292    11.0675   3.948680    35.3025       2144     8.9292  0.000e+00
    173.212    11.0700   3.948928    35.3026       2145     8.9333  0.000e+00
    173.127    11.0726   3.949295    35.3039       2146     8.9375  0.000e+00
    173.039    11.0752   3.949569    35.3041       2147     8.9417  0.000e+00
    172.972    11.0781   3.949864    35.3043       2148     8.9458  0.000e+00
    172.890    11.0808   3.950145    35.3045       2149     8.9500  0.000e+00
    172.810    11.0833   3.950380    35.3045       2150     8.9542  0.000e+00
    172.731    11.0861   3.950838    35.3064       2151     8.9583  0.000e+00
    172.661    11.0893   3.951243    35.3075       2152     8.9625  0.000e+00
    172.585    11.0927   3.951472    35.3065       2153     8.9667  0.000e+00
    172.497    11.0959   3.951943    35.3081       2154     8.9708  0.000e+00
    172.406    11.0992   3.952839    35.3140       2155     8.9750  0.000e+00
    172.317    11.1048   3.954488    35.3250       2156     8.9792  0.000e+00
    172.220    11.1148   3.955731    35.3279       2157     8.9833  0.000e+00
    172.138    11.1264   3.956700    35.3265       2158     8.9875  0.000e+00
    172.046    11.1369   3.957544    35.3248       2159     8.9917  0.000e+00
    171.955    11.1462   3.958519    35.3257       2160     8.9958  0.000e+00
    171.858    11.1550   3.958925    35.3214       2161     9.0000  0.000e+00
    171.769    11.1618   3.959494    35.3206       2162     9.0042  0.000e+00
    171.675    11.1673   3.960123    35.3215       2163     9.0083  0.000e+00
    171.577    11.1730   3.961223    35.3271       2164     9.0125  0.000e+00
    171.474    11.1804   3.962257    35.3303       2165     9.0167  0.000e+00
    171.392    11.1893   3.962768    35.3269       2166     9.0208  0.000e+00
    171.285    11.1970   3.963934    35.3311       2167     9.0250  0.000e+00
    171.194    11.2055   3.965054    35.3342       2168     9.0292  0.000e+00
    171.121    11.2154   3.966351    35.3377       2169     9.0333  0.000e+00
    171.045    11.2264   3.966868    35.3323       2170     9.0375  0.000e+00
    170.984    11.2356   3.967058    35.3254       2171     9.0417  0.000e+00
    170.923    11.2411   3.966999    35.3195       2172     9.0458  0.000e+00
    170.874    11.2439   3.966946    35.3164       2173     9.0500  0.000e+00
    170.816    11.2446   3.966946    35.3157       2174     9.0542  0.000e+00
    170.774    11.2451   3.966868    35.3145       2175     9.0583  0.000e+00
    170.731    11.2448   3.966809    35.3142       2176     9.0625  0.000e+00
    170.667    11.2447   3.966868    35.3149       2177     9.0667  0.000e+00
    170.612    11.2446   3.966999    35.3164       2178     9.0708  0.000e+00
    170.536    11.2452   3.967110    35.3169       2179     9.0750  0.000e+00
    170.442    11.2461   3.967438    35.3193       2180     9.0792  0.000e+00
    170.363    11.2477   3.967752    35.3210       2181     9.0833  0.000e+00
    170.262    11.2503   3.968171    35.3227       2182     9.0875  0.000e+00
    170.162    11.2534   3.968931    35.3273       2183     9.0917  0.000e+00
    170.061    11.2583   3.969554    35.3289       2184     9.0958  0.000e+00
    169.949    11.2635   3.970045    35.3288       2185     9.1000  0.000e+00
    169.839    11.2688   3.971022    35.3335       2186     9.1042  0.000e+00
    169.720    11.2750   3.971808    35.3354       2187     9.1083  0.000e+00
    169.602    11.2823   3.973683    35.3471       2188     9.1125  0.000e+00
    169.480    11.2932   3.975650    35.3563       2189     9.1167  0.000e+00
    169.361    11.3078   3.977007    35.3558       2190     9.1208  0.000e+00
    169.245    11.3226   3.977145    35.3431       2191     9.1250  0.000e+00
    169.114    11.3323   3.977414    35.3365       2192     9.1292  0.000e+00
    169.017    11.3377   3.977577    35.3329       2193     9.1333  0.000e+00
    168.923    11.3416   3.977499    35.3285       2194     9.1375  0.000e+00
    168.840    11.3429   3.977361    35.3259       2195     9.1417  0.000e+00
    168.770    11.3432   3.977577    35.3278       2196     9.1458  0.000e+00
    168.706    11.3441   3.977794    35.3291       2197     9.1500  0.000e+00
    168.652    11.3455   3.978207    35.3319       2198     9.1542  0.000e+00
    168.597    11.3479   3.978692    35.3345       2199     9.1583  0.000e+00
    168.548    11.3512   3.979040    35.3348       2200     9.1625  0.000e+00
    168.487    11.3546   3.979269    35.3338       2201     9.1667  0.000e+00
    168.423    11.3576   3.979512    35.3334       2202     9.1708  0.000e+00
    168.353    11.3600   3.979650    35.3325       2203     9.1750  0.000e+00
    168.265    11.3619   3.979919    35.3334       2204     9.1792  0.000e+00
    168.165    11.3640   3.980247    35.3346       2205     9.1833  0.000e+00
    168.067    11.3667   3.980627    35.3359       2206     9.1875  0.000e+00
    167.964    11.3695   3.981008    35.3370       2207     9.1917  0.000e+00
    167.869    11.3729   3.981447    35.3381       2208     9.1958  0.000e+00
    167.769    11.3765   3.981939    35.3397       2209     9.2000  0.000e+00
    167.687    11.3802   3.982234    35.3391       2210     9.2042  0.000e+00
    167.607    11.3840   3.982648    35.3396       2211     9.2083  0.000e+00
    167.537    11.3875   3.983356    35.3433       2212     9.2125  0.000e+00
    167.455    11.3920   3.983711    35.3425       2213     9.2167  0.000e+00
    167.400    11.3963   3.983770    35.3391       2214     9.2208  0.000e+00
    167.333    11.3990   3.984203    35.3408       2215     9.2250  0.000e+00
    167.269    11.4018   3.984557    35.3416       2216     9.2292  0.000e+00
    167.205    11.4051   3.985102    35.3439       2217     9.2333  0.000e+00
    167.145    11.4091   3.985292    35.3420       2218     9.2375  0.000e+00
    167.087    11.4124   3.985568    35.3416       2219     9.2417  0.000e+00
    167.017    11.4150   3.985699    35.3404       2220     9.2458  0.000e+00
    166.947    11.4172   3.985889    35.3402       2221     9.2500  0.000e+00
    166.880    11.4192   3.986415    35.3436       2222     9.2542  0.000e+00
    166.819    11.4219   3.986657    35.3434       2223     9.2583  0.000e+00
    166.749    11.4250   3.987097    35.3448       2224     9.2625  0.000e+00
    166.670    11.4281   3.987478    35.3457       2225     9.2667  0.000e+00
    166.596    11.4317   3.987885    35.3463       2226     9.2708  0.000e+00
    166.511    11.4351   3.988325    35.3474       2227     9.2750  0.000e+00
    166.414    11.4392   3.988981    35.3500       2228     9.2792  0.000e+00
    166.313    11.4440   3.989388    35.3496       2229     9.2833  0.000e+00
    166.192    11.4487   3.989907    35.3502       2230     9.2875  0.000e+00
    166.073    11.4533   3.990400    35.3508       2231     9.2917  0.000e+00
    165.945    11.4579   3.990971    35.3520       2232     9.2958  0.000e+00
    165.790    11.4627   3.991358    35.3514       2233     9.3000  0.000e+00
    165.640    11.4671   3.991496    35.3486       2234     9.3042  0.000e+00
    165.491    11.4703   3.991575    35.3464       2235     9.3083  0.000e+00
    165.330    11.4722   3.991851    35.3474       2236     9.3125  0.000e+00
    165.178    11.4740   3.992284    35.3500       2237     9.3167  0.000e+00
    165.047    11.4769   3.993053    35.3549       2238     9.3208  0.000e+00
    164.928    11.4811   3.993900    35.3593       2239     9.3250  0.000e+00
    164.837    11.4876   3.994419    35.3583       2240     9.3292  0.000e+00
    164.751    11.4932   3.994859    35.3573       2241     9.3333  0.000e+00
    164.687    11.4981   3.994997    35.3541       2242     9.3375  0.000e+00
    164.654    11.5016   3.995049    35.3512       2243     9.3417  0.000e+00
    164.627    11.5034   3.995214    35.3512       2244     9.3458  0.000e+00
    164.611    11.5050   3.995325    35.3507       2245     9.3500  0.000e+00
    164.608    11.5059   3.995135    35.3480       2246     9.3542  0.000e+00
    164.614    11.5061   3.995135    35.3478       2247     9.3583  0.000e+00
    164.605    11.5057   3.995161    35.3484       2248     9.3625  0.000e+00
    164.590    11.5056   3.995076    35.3477       2249     9.3667  0.000e+00
    164.578    11.5053   3.994970    35.3470       2250     9.3708  0.000e+00
    164.553    11.5048   3.994911    35.3468       2251     9.3750  0.000e+00
    164.529    11.5042   3.994885    35.3472       2252     9.3792  0.000e+00
    164.483    11.5037   3.994832    35.3472       2253     9.3833  0.000e+00
    164.419    11.5033   3.994721    35.3465       2254     9.3875  0.000e+00
    164.343    11.5026   3.994668    35.3466       2255     9.3917  0.000e+00
    164.249    11.5020   3.994832    35.3489       2256     9.3958  0.000e+00
    164.155    11.5021   3.995049    35.3510       2257     9.4000  0.000e+00
    164.048    11.5033   3.995075    35.3501       2258     9.4042  0.000e+00
    163.923    11.5043   3.995134    35.3498       2259     9.4083  0.000e+00
    163.811    11.5048   3.995102    35.3490       2260     9.4125  0.000e+00
    163.710    11.5050   3.995187    35.3497       2261     9.4167  0.000e+00
    163.588    11.5055   3.995982    35.3572       2262     9.4208  0.000e+00
    163.476    11.5085   3.997349    35.3679       2263     9.4250  0.000e+00
    163.381    11.5157   3.999189    35.3793       2264     9.4292  0.000e+00
    163.296    11.5276   4.000806    35.3839       2265     9.4333  0.000e+00
    163.202    11.5412   4.001818    35.3809       2266     9.4375  0.000e+00
