PC2501/sbe008.cnv
* Sea-Bird SBE 19plus Data File:
* FileName = C:\cruise\data\sbe008.hex
* Software Version Seasave V 7.26.7.121
* Temperature SN = 4684
* Conductivity SN = 4684
* System UpLoad Time = Jan 11 2025 03:25:33
* NMEA Latitude = 37 41.33 N
* NMEA Longitude = 073 58.60 W
* NMEA UTC (Time) = Jan 11 2025  03:24:53
** Ship: Pisces
** Cruise:  PC2501
** Program:  AMAPPS
# nquan = 7
# nvalues = 4368                                  
# units = specified
# name 0 = depSM: Depth [salt water, m]
# name 1 = tv290C: Temperature [ITS-90, deg C]
# name 2 = c0S/m: Conductivity [S/m]
# name 3 = sal00: Salinity, Practical [PSU]
# name 4 = scan: Scan Count
# name 5 = timeM: Time, Elapsed [minutes]
# name 6 = flag:  0.000e+00
# span 0 =     -0.019,    200.854                 
# span 1 =    10.2777,    14.9517                 
# span 2 =   0.233196,   4.350608                 
# span 3 =     1.5954,    35.6988                 
# span 4 =         11,       4378                 
# span 5 =     0.0417,    18.2375                 
# span 6 = 0.0000e+00, 0.0000e+00                 
# interval = seconds: 0.25
# start_time = Jan 11 2025 03:24:53 [NMEA time, header]
# bad_flag = -9.990e-29
*END*
[from data line 1231]
    173.897    11.9594   4.043222    35.3848       1242     5.1708  0.000e+00
    174.040    11.9518   4.042417    35.3841       1243     5.1750  0.000e+00
    174.189    11.9464   4.040364    35.3691       1244     5.1792  0.000e+00
    174.348    11.9356   4.038364    35.3596       1245     5.1833  0.000e+00
    174.509    11.9220   4.037117    35.3603       1246     5.1875  0.000e+00
    174.671    11.9076   4.035508    35.3581       1247     5.1917  0.000e+00
    174.829    11.8939   4.035039    35.3664       1248     5.1958  0.000e+00
    175.000    11.8836   4.033905    35.3651       1249     5.2000  0.000e+00
    175.167    11.8746   4.031775    35.3527       1250     5.2042  0.000e+00
    175.319    11.8614   4.030779    35.3554       1251     5.2083  0.000e+00
    175.468    11.8494   4.028096    35.3404       1252     5.2125  0.000e+00
    175.599    11.8341   4.025881    35.3332       1253     5.2167  0.000e+00
    175.727    11.8155   4.026020    35.3521       1254     5.2208  0.000e+00
    175.837    11.8041   4.024530    35.3483       1255     5.2250  0.000e+00
    175.931    11.7943   4.023147    35.3440       1256     5.2292  0.000e+00
    176.032    11.7827   4.021987    35.3436       1257     5.2333  0.000e+00
    176.129    11.7720   4.020610    35.3403       1258     5.2375  0.000e+00
    176.227    11.7609   4.020248    35.3472       1259     5.2417  0.000e+00
    176.330    11.7531   4.019386    35.3461       1260     5.2458  0.000e+00
    176.455    11.7461   4.019313    35.3520       1261     5.2500  0.000e+00
    176.592    11.7413   4.019564    35.3589       1262     5.2542  0.000e+00
    176.738    11.7401   4.017548    35.3402       1263     5.2583  0.000e+00
    176.891    11.7325   4.017246    35.3444       1264     5.2625  0.000e+00
    177.061    11.7250   4.016693    35.3460       1265     5.2667  0.000e+00
    177.226    11.7196   4.015481    35.3392       1266     5.2708  0.000e+00
    177.390    11.7118   4.013335    35.3254       1267     5.2750  0.000e+00
    177.564    11.6992   4.011519    35.3195       1268     5.2792  0.000e+00
    177.734    11.6841   4.007478    35.2940       1269     5.2833  0.000e+00
    177.911    11.6605   4.003466    35.2769       1270     5.2875  0.000e+00
    178.075    11.6319   4.000725    35.2770       1271     5.2917  0.000e+00
    178.234    11.6045   3.999522    35.2912       1272     5.2958  0.000e+00
    178.383    11.5827   3.997682    35.2937       1273     5.3000  0.000e+00
    178.544    11.5658   3.996230    35.2954       1274     5.3042  0.000e+00
    178.696    11.5509   3.995356    35.3009       1275     5.3083  0.000e+00
    178.840    11.5395   3.995081    35.3090       1276     5.3125  0.000e+00
    178.992    11.5321   3.993990    35.3053       1277     5.3167  0.000e+00
    179.138    11.5245   3.992919    35.3018       1278     5.3208  0.000e+00
    179.302    11.5162   3.992098    35.3015       1279     5.3250  0.000e+00
    179.473    11.5078   3.991442    35.3030       1280     5.3292  0.000e+00
    179.634    11.5007   3.990050    35.2959       1281     5.3333  0.000e+00
    179.808    11.4920   3.988684    35.2907       1282     5.3375  0.000e+00
    179.985    11.4818   3.987535    35.2890       1283     5.3417  0.000e+00
    180.158    11.4715   3.986800    35.2915       1284     5.3458  0.000e+00
    180.320    11.4624   3.985953    35.2917       1285     5.3500  0.000e+00
    180.475    11.4546   3.984890    35.2885       1286     5.3542  0.000e+00
    180.621    11.4466   3.984181    35.2891       1287     5.3583  0.000e+00
    180.740    11.4384   3.983768    35.2928       1288     5.3625  0.000e+00
    180.859    11.4324   3.981668    35.2777       1289     5.3667  0.000e+00
    180.962    11.4223   3.981668    35.2872       1290     5.3708  0.000e+00
    181.072    11.4154   3.980389    35.2812       1291     5.3750  0.000e+00
    181.172    11.4082   3.980363    35.2877       1292     5.3792  0.000e+00
    181.282    11.4030   3.980087    35.2899       1293     5.3833  0.000e+00
    181.388    11.3998   3.979569    35.2878       1294     5.3875  0.000e+00
    181.504    11.3961   3.978611    35.2818       1295     5.3917  0.000e+00
    181.632    11.3907   3.978264    35.2834       1296     5.3958  0.000e+00
    181.775    11.3858   3.978723    35.2926       1297     5.4000  0.000e+00
    181.921    11.3844   3.977910    35.2859       1298     5.4042  0.000e+00
    182.077    11.3819   3.975896    35.2682       1299     5.4083  0.000e+00
    182.241    11.3726   3.974585    35.2640       1300     5.4125  0.000e+00
    182.415    11.3610   3.972658    35.2559       1301     5.4167  0.000e+00
    182.591    11.3471   3.968987    35.2327       1302     5.4208  0.000e+00
    182.771    11.3265   3.967441    35.2370       1303     5.4250  0.000e+00
    182.941    11.3062   3.965116    35.2331       1304     5.4292  0.000e+00
    183.109    11.2861   3.960198    35.2035       1305     5.4333  0.000e+00
    183.285    11.2564   3.958221    35.2121       1306     5.4375  0.000e+00
    183.447    11.2294   3.954681    35.2026       1307     5.4417  0.000e+00
    183.593    11.2028   3.952783    35.2092       1308     5.4458  0.000e+00
    183.721    11.1791   3.952149    35.2254       1309     5.4500  0.000e+00
    183.843    11.1625   3.950194    35.2218       1310     5.4542  0.000e+00
    183.961    11.1479   3.949572    35.2295       1311     5.4583  0.000e+00
    184.062    11.1358   3.947813    35.2235       1312     5.4625  0.000e+00
    184.172    11.1247   3.944505    35.2011       1313     5.4667  0.000e+00
    184.275    11.1053   3.942127    35.1959       1314     5.4708  0.000e+00
    184.385    11.0828   3.940487    35.2010       1315     5.4750  0.000e+00
    184.507    11.0635   3.940167    35.2163       1316     5.4792  0.000e+00
    184.631    11.0505   3.940971    35.2367       1317     5.4833  0.000e+00
    184.762    11.0470   3.939488    35.2252       1318     5.4875  0.000e+00
    184.912    11.0415   3.937266    35.2082       1319     5.4917  0.000e+00
    185.070    11.0293   3.935562    35.2028       1320     5.4958  0.000e+00
    185.237    11.0149   3.933061    35.1916       1321     5.5000  0.000e+00
    185.414    10.9974   3.931958    35.1972       1322     5.5042  0.000e+00
    185.588    10.9822   3.930914    35.2013       1323     5.5083  0.000e+00
    185.779    10.9688   3.928603    35.1909       1324     5.5125  0.000e+00
    185.965    10.9540   3.928166    35.2006       1325     5.5167  0.000e+00
    186.157    10.9419   3.927397    35.2045       1326     5.5208  0.000e+00
    186.349    10.9335   3.926940    35.2079       1327     5.5250  0.000e+00
    186.531    10.9260   3.924833    35.1939       1328     5.5292  0.000e+00
    186.693    10.9155   3.923802    35.1936       1329     5.5333  0.000e+00
    186.854    10.9041   3.923626    35.2027       1330     5.5375  0.000e+00
    186.997    10.8963   3.923457    35.2084       1331     5.5417  0.000e+00
    187.134    10.8917   3.923137    35.2096       1332     5.5458  0.000e+00
    187.259    10.8885   3.922844    35.2096       1333     5.5500  0.000e+00
    187.378    10.8857   3.922440    35.2082       1334     5.5542  0.000e+00
    187.497    10.8830   3.922088    35.2073       1335     5.5583  0.000e+00
    187.616    10.8798   3.921853    35.2079       1336     5.5625  0.000e+00
    187.746    10.8769   3.921879    35.2109       1337     5.5667  0.000e+00
    187.884    10.8753   3.921220    35.2058       1338     5.5708  0.000e+00
    188.021    10.8726   3.920992    35.2061       1339     5.5750  0.000e+00
    188.167    10.8691   3.920634    35.2057       1340     5.5792  0.000e+00
    188.319    10.8667   3.919786    35.1995       1341     5.5833  0.000e+00
    188.477    10.8619   3.918984    35.1959       1342     5.5875  0.000e+00
    188.633    10.8557   3.918078    35.1928       1343     5.5917  0.000e+00
    188.794    10.8486   3.916605    35.1847       1344     5.5958  0.000e+00
    188.943    10.8389   3.915993    35.1878       1345     5.6000  0.000e+00
    189.095    10.8302   3.915321    35.1894       1346     5.6042  0.000e+00
    189.242    10.8228   3.914820    35.1914       1347     5.6083  0.000e+00
    189.382    10.8169   3.914038    35.1891       1348     5.6125  0.000e+00
    189.528    10.8109   3.913673    35.1912       1349     5.6167  0.000e+00
    189.668    10.8057   3.913589    35.1953       1350     5.6208  0.000e+00
    189.826    10.8025   3.913367    35.1961       1351     5.6250  0.000e+00
    189.978    10.8002   3.912735    35.1919       1352     5.6292  0.000e+00
    190.152    10.7969   3.911914    35.1867       1353     5.6333  0.000e+00
    190.326    10.7915   3.911478    35.1875       1354     5.6375  0.000e+00
    190.517    10.7863   3.910358    35.1811       1355     5.6417  0.000e+00
    190.703    10.7798   3.907785    35.1614       1356     5.6458  0.000e+00
    190.886    10.7675   3.905636    35.1516       1357     5.6500  0.000e+00
    191.068    10.7498   3.898601    35.0977       1358     5.6542  0.000e+00
    191.248    10.7170   3.897769    35.1209       1359     5.6583  0.000e+00
    191.413    10.6857   3.893749    35.1104       1360     5.6625  0.000e+00
    191.559    10.6589   3.889303    35.0913       1361     5.6667  0.000e+00
    191.690    10.6259   3.884949    35.0791       1362     5.6708  0.000e+00
    191.811    10.5879   3.883930    35.1052       1363     5.6750  0.000e+00
    191.915    10.5619   3.881969    35.1104       1364     5.6792  0.000e+00
    192.006    10.5416   3.880767    35.1179       1365     5.6833  0.000e+00
    192.101    10.5258   3.880560    35.1309       1366     5.6875  0.000e+00
    192.198    10.5166   3.879424    35.1283       1367     5.6917  0.000e+00
    192.299    10.5081   3.878703    35.1291       1368     5.6958  0.000e+00
    192.408    10.5007   3.877684    35.1259       1369     5.7000  0.000e+00
    192.524    10.4939   3.877307    35.1286       1370     5.7042  0.000e+00
    192.655    10.4868   3.876139    35.1236       1371     5.7083  0.000e+00
    192.789    10.4792   3.874646    35.1157       1372     5.7125  0.000e+00
    192.941    10.4695   3.874290    35.1214       1373     5.7167  0.000e+00
    193.103    10.4614   3.874082    35.1270       1374     5.7208  0.000e+00
    193.279    10.4563   3.873680    35.1278       1375     5.7250  0.000e+00
    193.450    10.4524   3.873103    35.1256       1376     5.7292  0.000e+00
    193.648    10.4483   3.872843    35.1269       1377     5.7333  0.000e+00
    193.833    10.4446   3.871974    35.1216       1378     5.7375  0.000e+00
    194.022    10.4395   3.871831    35.1250       1379     5.7417  0.000e+00
    194.220    10.4354   3.871844    35.1289       1380     5.7458  0.000e+00
    194.418    10.4330   3.871805    35.1308       1381     5.7500  0.000e+00
    194.607    10.4316   3.871449    35.1284       1382     5.7542  0.000e+00
    194.783    10.4295   3.871157    35.1274       1383     5.7583  0.000e+00
    194.957    10.4269   3.870845    35.1267       1384     5.7625  0.000e+00
    195.109    10.4240   3.870210    35.1230       1385     5.7667  0.000e+00
    195.261    10.4200   3.869769    35.1223       1386     5.7708  0.000e+00
    195.398    10.4153   3.869600    35.1250       1387     5.7750  0.000e+00
    195.526    10.4118   3.868803    35.1203       1388     5.7792  0.000e+00
    195.639    10.4075   3.867758    35.1138       1389     5.7833  0.000e+00
    195.745    10.3999   3.867045    35.1139       1390     5.7875  0.000e+00
    195.858    10.3927   3.866520    35.1155       1391     5.7917  0.000e+00
    195.965    10.3862   3.866352    35.1200       1392     5.7958  0.000e+00
    196.077    10.3816   3.864731    35.1079       1393     5.8000  0.000e+00
    196.193    10.3746   3.864018    35.1074       1394     5.8042  0.000e+00
    196.318    10.3657   3.863545    35.1112       1395     5.8083  0.000e+00
    196.452    10.3590   3.864206    35.1243       1396     5.8125  0.000e+00
    196.583    10.3574   3.863020    35.1137       1397     5.8167  0.000e+00
    196.729    10.3529   3.861678    35.1044       1398     5.8208  0.000e+00
    196.881    10.3444   3.860991    35.1056       1399     5.8250  0.000e+00
    197.030    10.3361   3.860499    35.1085       1400     5.8292  0.000e+00
    197.192    10.3292   3.859533    35.1054       1401     5.8333  0.000e+00
    197.362    10.3216   3.859002    35.1072       1402     5.8375  0.000e+00
    197.533    10.3145   3.858983    35.1137       1403     5.8417  0.000e+00
    197.697    10.3099   3.859041    35.1187       1404     5.8458  0.000e+00
    197.865    10.3083   3.858737    35.1171       1405     5.8500  0.000e+00
    198.038    10.3063   3.858394    35.1155       1406     5.8542  0.000e+00
    198.199    10.3035   3.858303    35.1172       1407     5.8583  0.000e+00
    198.358    10.3009   3.858381    35.1204       1408     5.8625  0.000e+00
    198.507    10.2993   3.858439    35.1225       1409     5.8667  0.000e+00
    198.659    10.2988   3.858660    35.1251       1410     5.8708  0.000e+00
    198.802    10.2990   3.858880    35.1271       1411     5.8750  0.000e+00
    198.964    10.2996   3.858848    35.1261       1412     5.8792  0.000e+00
    199.113    10.3005   3.859126    35.1280       1413     5.8833  0.000e+00
    199.268    10.3014   3.859424    35.1302       1414     5.8875  0.000e+00
    199.445    10.3029   3.859425    35.1286       1415     5.8917  0.000e+00
    199.612    10.3040   3.859677    35.1300       1416     5.8958  0.000e+00
    199.786    10.3050   3.859975    35.1320       1417     5.9000  0.000e+00
    199.962    10.3065   3.860222    35.1329       1418     5.9042  0.000e+00
    200.142    10.3083   3.860261    35.1315       1419     5.9083  0.000e+00
    200.337    10.3095   3.860358    35.1312       1420     5.9125  0.000e+00
    200.513    10.3103   3.860526    35.1322       1421     5.9167  0.000e+00
    200.681    10.3109   3.860689    35.1331       1422     5.9208  0.000e+00
    200.854    10.3116   3.860870    35.1342       1423     5.9250  0.000e+00
    200.815    10.3125   3.860993    35.1346       1424     5.9292  0.000e+00
    200.788    10.3127   3.860941    35.1339       1425     5.9333  0.000e+00
    200.660    10.3122   3.860883    35.1339       1426     5.9375  0.000e+00
    200.568    10.3116   3.860948    35.1351       1427     5.9417  0.000e+00
    200.501    10.3115   3.861129    35.1371       1428     5.9458  0.000e+00
    200.422    10.3119   3.861155    35.1370       1429     5.9500  0.000e+00
    200.337    10.3128   3.861213    35.1368       1430     5.9542  0.000e+00
    200.237    10.3134   3.861181    35.1359       1431     5.9583  0.000e+00
    200.130    10.3138   3.861077    35.1345       1432     5.9625  0.000e+00
    200.039    10.3139   3.860993    35.1336       1433     5.9667  0.000e+00
    199.960    10.3135   3.860857    35.1326       1434     5.9708  0.000e+00
    199.890    10.3131   3.860759    35.1321       1435     5.9750  0.000e+00
    199.844    10.3125   3.860721    35.1322       1436     5.9792  0.000e+00
    199.814    10.3120   3.860610    35.1317       1437     5.9833  0.000e+00
    199.804    10.3116   3.860578    35.1317       1438     5.9875  0.000e+00
    199.807    10.3112   3.860604    35.1324       1439     5.9917  0.000e+00
    199.829    10.3110   3.860610    35.1326       1440     5.9958  0.000e+00
    199.847    10.3111   3.860636    35.1328       1441     6.0000  0.000e+00
    199.877    10.3110   3.860610    35.1326       1442     6.0042  0.000e+00
    199.890    10.3110   3.860604    35.1326       1443     6.0083  0.000e+00
    199.896    10.3110   3.860636    35.1329       1444     6.0125  0.000e+00
    199.902    10.3111   3.860636    35.1328       1445     6.0167  0.000e+00
