PC2501/sbe079.cnv
* Sea-Bird SBE 19plus Data File:
* FileName = C:\cruise\data\sbe079.hex
* Software Version Seasave V 7.26.7.121
* Temperature SN = 4684
* Conductivity SN = 4684
* System UpLoad Time = Feb 11 2025 01:16:23
* NMEA Latitude = 36 26.82 N
* NMEA Longitude = 072 26.32 W
* NMEA UTC (Time) = Feb 11 2025  01:16:01
** Ship: Pisces
** Cruise:  PC2501
** Program:  AMAPPS
# nquan = 7
# nvalues = 5709                                  
# units = specified
# name 0 = depSM: Depth [salt water, m]
# name 1 = tv290C: Temperature [ITS-90, deg C]
# name 2 = c0S/m: Conductivity [S/m]
# name 3 = sal00: Salinity, Practical [PSU]
# name 4 = scan: Scan Count
# name 5 = timeM: Time, Elapsed [minutes]
# name 6 = flag:  0.000e+00
# span 0 =      0.143,    201.099                 
# span 1 =    10.1401,    21.1251                 
# span 2 =   0.000015,   5.122413                 
# span 3 =     0.0052,    37.4082                 
# span 4 =         11,       5719                 
# span 5 =     0.0417,    23.8250                 
# span 6 = 0.0000e+00, 0.0000e+00                 
# interval = seconds: 0.25
# start_time = Feb 11 2025 01:16:01 [NMEA time, header]
# bad_flag = -9.990e-29
*END*
[from data line 2667]
    122.536    19.9445   5.000480    36.7195       2678    11.1542  0.000e+00
    122.456    19.9465   5.000214    36.7156       2679    11.1583  0.000e+00
    122.386    19.9476   4.999911    36.7122       2680    11.1625  0.000e+00
    122.325    19.9465   4.999882    36.7130       2681    11.1667  0.000e+00
    122.249    19.9455   4.999911    36.7141       2682    11.1708  0.000e+00
    122.191    19.9450   5.000112    36.7162       2683    11.1750  0.000e+00
    122.127    19.9457   5.000278    36.7169       2684    11.1792  0.000e+00
    122.063    19.9468   5.000574    36.7185       2685    11.1833  0.000e+00
    122.017    19.9484   5.000249    36.7144       2686    11.1875  0.000e+00
    121.963    19.9486   5.000047    36.7126       2687    11.1917  0.000e+00
    121.917    19.9479   5.000610    36.7179       2688    11.1958  0.000e+00
    121.862    19.9488   5.000249    36.7141       2689    11.2000  0.000e+00
    121.822    19.9493   5.002103    36.7290       2690    11.2042  0.000e+00
    121.789    19.9542   5.003264    36.7343       2691    11.2083  0.000e+00
    121.737    19.9630   5.004093    36.7335       2692    11.2125  0.000e+00
    121.688    19.9721   5.004656    36.7302       2693    11.2167  0.000e+00
    121.633    19.9796   5.004360    36.7212       2694    11.2208  0.000e+00
    121.575    19.9824   5.004223    36.7177       2695    11.2250  0.000e+00
    121.499    19.9828   5.004295    36.7180       2696    11.2292  0.000e+00
    121.411    19.9829   5.004028    36.7157       2697    11.2333  0.000e+00
    121.325    19.9821   5.004158    36.7175       2698    11.2375  0.000e+00
    121.231    19.9818   5.004461    36.7203       2699    11.2417  0.000e+00
    121.130    19.9829   5.005319    36.7264       2700    11.2458  0.000e+00
    121.030    19.9866   5.005254    36.7227       2701    11.2500  0.000e+00
    120.935    19.9897   5.005521    36.7222       2702    11.2542  0.000e+00
    120.859    19.9915   5.006120    36.7257       2703    11.2583  0.000e+00
    120.777    19.9946   5.006315    36.7246       2704    11.2625  0.000e+00
    120.713    19.9977   5.006978    36.7273       2705    11.2667  0.000e+00
    120.661    20.0019   5.006913    36.7231       2706    11.2708  0.000e+00
    120.615    20.0042   5.006682    36.7193       2707    11.2750  0.000e+00
    120.572    20.0044   5.006783    36.7199       2708    11.2792  0.000e+00
    120.539    20.0044   5.006682    36.7192       2709    11.2833  0.000e+00
    120.511    20.0044   5.006646    36.7188       2710    11.2875  0.000e+00
    120.487    20.0039   5.006949    36.7218       2711    11.2917  0.000e+00
    120.453    20.0046   5.006978    36.7214       2712    11.2958  0.000e+00
    120.417    20.0053   5.006848    36.7197       2713    11.3000  0.000e+00
    120.374    20.0056   5.006848    36.7195       2714    11.3042  0.000e+00
    120.301    20.0056   5.006978    36.7206       2715    11.3083  0.000e+00
    120.237    20.0059   5.006978    36.7204       2716    11.3125  0.000e+00
    120.149    20.0061   5.006581    36.7170       2717    11.3167  0.000e+00
    120.054    20.0051   5.006617    36.7182       2718    11.3208  0.000e+00
    119.950    20.0043   5.006646    36.7192       2719    11.3250  0.000e+00
    119.841    20.0039   5.006617    36.7193       2720    11.3292  0.000e+00
    119.731    20.0039   5.006646    36.7196       2721    11.3333  0.000e+00
    119.639    20.0037   5.006682    36.7201       2722    11.3375  0.000e+00
    119.557    20.0040   5.006646    36.7196       2723    11.3417  0.000e+00
    119.496    20.0040   5.006545    36.7187       2724    11.3458  0.000e+00
    119.435    20.0036   5.006581    36.7194       2725    11.3500  0.000e+00
    119.380    20.0036   5.006581    36.7195       2726    11.3542  0.000e+00
    119.322    20.0036   5.006711    36.7205       2727    11.3583  0.000e+00
    119.280    20.0038   5.006646    36.7198       2728    11.3625  0.000e+00
    119.237    20.0040   5.006747    36.7205       2729    11.3667  0.000e+00
    119.194    20.0042   5.006747    36.7203       2730    11.3708  0.000e+00
    119.139    20.0044   5.006682    36.7196       2731    11.3750  0.000e+00
    119.091    20.0046   5.006783    36.7203       2732    11.3792  0.000e+00
    119.027    20.0047   5.007179    36.7236       2733    11.3833  0.000e+00
    118.969    20.0061   5.006645    36.7180       2734    11.3875  0.000e+00
    118.908    20.0060   5.006681    36.7184       2735    11.3917  0.000e+00
    118.847    20.0048   5.006617    36.7188       2736    11.3958  0.000e+00
    118.798    20.0044   5.006645    36.7194       2737    11.4000  0.000e+00
    118.761    20.0042   5.006876    36.7216       2738    11.4042  0.000e+00
    118.731    20.0050   5.007612    36.7270       2739    11.4083  0.000e+00
    118.694    20.0079   5.007706    36.7252       2740    11.4125  0.000e+00
    118.661    20.0107   5.007475    36.7208       2741    11.4167  0.000e+00
    118.630    20.0115   5.007612    36.7214       2742    11.4208  0.000e+00
    118.594    20.0119   5.007410    36.7193       2743    11.4250  0.000e+00
    118.542    20.0118   5.007612    36.7211       2744    11.4292  0.000e+00
    118.475    20.0120   5.007475    36.7198       2745    11.4333  0.000e+00
    118.383    20.0119   5.007540    36.7205       2746    11.4375  0.000e+00
    118.286    20.0118   5.007807    36.7228       2747    11.4417  0.000e+00
    118.170    20.0127   5.008074    36.7243       2748    11.4458  0.000e+00
    118.060    20.0144   5.008507    36.7264       2749    11.4500  0.000e+00
    117.947    20.0176   5.009272    36.7299       2750    11.4542  0.000e+00
    117.831    20.0216   5.009538    36.7287       2751    11.4583  0.000e+00
    117.728    20.0256   5.010065    36.7295       2752    11.4625  0.000e+00
    117.639    20.0292   5.010267    36.7281       2753    11.4667  0.000e+00
    117.560    20.0328   5.010599    36.7277       2754    11.4708  0.000e+00
    117.502    20.0356   5.010433    36.7240       2755    11.4750  0.000e+00
    117.456    20.0367   5.010303    36.7219       2756    11.4792  0.000e+00
    117.429    20.0368   5.010166    36.7207       2757    11.4833  0.000e+00
    117.420    20.0361   5.010368    36.7230       2758    11.4875  0.000e+00
    117.423    20.0360   5.010599    36.7250       2759    11.4917  0.000e+00
    117.438    20.0371   5.010534    36.7235       2760    11.4958  0.000e+00
    117.462    20.0377   5.010397    36.7219       2761    11.5000  0.000e+00
    117.484    20.0373   5.009899    36.7180       2762    11.5042  0.000e+00
    117.520    20.0354   5.009769    36.7186       2763    11.5083  0.000e+00
    117.545    20.0333   5.009603    36.7191       2764    11.5125  0.000e+00
    117.566    20.0319   5.010368    36.7267       2765    11.5167  0.000e+00
    117.578    20.0332   5.010635    36.7277       2766    11.5208  0.000e+00
    117.557    20.0357   5.010433    36.7238       2767    11.5250  0.000e+00
    117.517    20.0369   5.010101    36.7200       2768    11.5292  0.000e+00
    117.459    20.0359   5.009834    36.7188       2769    11.5333  0.000e+00
    117.383    20.0341   5.010065    36.7223       2770    11.5375  0.000e+00
    117.267    20.0335   5.010202    36.7239       2771    11.5417  0.000e+00
    117.145    20.0339   5.010231    36.7239       2772    11.5458  0.000e+00
    117.014    20.0352   5.010433    36.7245       2773    11.5500  0.000e+00
    116.883    20.0358   5.010433    36.7240       2774    11.5542  0.000e+00
    116.731    20.0366   5.010664    36.7253       2775    11.5583  0.000e+00
    116.581    20.0377   5.011364    36.7301       2776    11.5625  0.000e+00
    116.444    20.0409   5.011963    36.7323       2777    11.5667  0.000e+00
    116.301    20.0455   5.011862    36.7275       2778    11.5708  0.000e+00
    116.188    20.0482   5.011695    36.7239       2779    11.5750  0.000e+00
    116.087    20.0485   5.011630    36.7231       2780    11.5792  0.000e+00
    116.017    20.0483   5.011659    36.7235       2781    11.5833  0.000e+00
    115.959    20.0480   5.011529    36.7227       2782    11.5875  0.000e+00
    115.935    20.0477   5.011695    36.7244       2783    11.5917  0.000e+00
    115.932    20.0478   5.011558    36.7231       2784    11.5958  0.000e+00
    115.944    20.0479   5.011825    36.7253       2785    11.6000  0.000e+00
    115.968    20.0484   5.011991    36.7262       2786    11.6042  0.000e+00
    115.999    20.0496   5.011493    36.7210       2787    11.6083  0.000e+00
    116.036    20.0488   5.011428    36.7212       2788    11.6125  0.000e+00
    116.072    20.0475   5.011428    36.7223       2789    11.6167  0.000e+00
    116.118    20.0468   5.011298    36.7218       2790    11.6208  0.000e+00
    116.154    20.0459   5.011327    36.7228       2791    11.6250  0.000e+00
    116.176    20.0454   5.011327    36.7232       2792    11.6292  0.000e+00
    116.173    20.0453   5.011197    36.7223       2793    11.6333  0.000e+00
    116.139    20.0448   5.010995    36.7210       2794    11.6375  0.000e+00
    116.084    20.0436   5.010966    36.7219       2795    11.6417  0.000e+00
    116.011    20.0430   5.011096    36.7235       2796    11.6458  0.000e+00
    115.926    20.0428   5.011031    36.7232       2797    11.6500  0.000e+00
    115.828    20.0428   5.010966    36.7227       2798    11.6542  0.000e+00
    115.718    20.0427   5.010800    36.7215       2799    11.6583  0.000e+00
    115.615    20.0417   5.010663    36.7212       2800    11.6625  0.000e+00
    115.511    20.0409   5.010634    36.7217       2801    11.6667  0.000e+00
    115.411    20.0401   5.010634    36.7225       2802    11.6708  0.000e+00
    115.331    20.0396   5.010497    36.7218       2803    11.6750  0.000e+00
    115.267    20.0390   5.010533    36.7226       2804    11.6792  0.000e+00
    115.212    20.0386   5.010663    36.7241       2805    11.6833  0.000e+00
    115.179    20.0394   5.010598    36.7229       2806    11.6875  0.000e+00
    115.148    20.0394   5.010663    36.7234       2807    11.6917  0.000e+00
    115.139    20.0396   5.010800    36.7244       2808    11.6958  0.000e+00
    115.124    20.0404   5.010728    36.7231       2809    11.7000  0.000e+00
    115.127    20.0402   5.010266    36.7194       2810    11.7042  0.000e+00
    115.136    20.0387   5.010201    36.7202       2811    11.7083  0.000e+00
    115.133    20.0373   5.010302    36.7222       2812    11.7125  0.000e+00
    115.136    20.0367   5.010764    36.7266       2813    11.7167  0.000e+00
    115.112    20.0378   5.010331    36.7221       2814    11.7208  0.000e+00
    115.072    20.0379   5.010129    36.7203       2815    11.7250  0.000e+00
    115.020    20.0368   5.010100    36.7211       2816    11.7292  0.000e+00
    114.956    20.0360   5.010663    36.7265       2817    11.7333  0.000e+00
    114.886    20.0372   5.010930    36.7276       2818    11.7375  0.000e+00
    114.798    20.0399   5.013492    36.7464       2819    11.7417  0.000e+00
    114.697    20.0496   5.016482    36.7626       2820    11.7458  0.000e+00
    114.590    20.0662   5.017081    36.7531       2821    11.7500  0.000e+00
    114.484    20.0815   5.018048    36.7478       2822    11.7542  0.000e+00
    114.395    20.0924   5.017781    36.7361       2823    11.7583  0.000e+00
    114.316    20.0981   5.017615    36.7298       2824    11.7625  0.000e+00
    114.255    20.0993   5.017983    36.7318       2825    11.7667  0.000e+00
    114.194    20.1010   5.017817    36.7289       2826    11.7708  0.000e+00
    114.160    20.1017   5.018012    36.7299       2827    11.7750  0.000e+00
    114.124    20.1024   5.018214    36.7310       2828    11.7792  0.000e+00
    114.106    20.1035   5.018048    36.7287       2829    11.7833  0.000e+00
    114.090    20.1039   5.017983    36.7278       2830    11.7875  0.000e+00
    114.072    20.1038   5.018813    36.7347       2831    11.7917  0.000e+00
    114.057    20.1060   5.019348    36.7372       2832    11.7958  0.000e+00
    114.032    20.1098   5.019210    36.7328       2833    11.8000  0.000e+00
    113.996    20.1122   5.018582    36.7255       2834    11.8042  0.000e+00
    113.956    20.1112   5.018546    36.7261       2835    11.8083  0.000e+00
    113.917    20.1094   5.019145    36.7327       2836    11.8125  0.000e+00
    113.865    20.1102   5.018683    36.7282       2837    11.8167  0.000e+00
    113.804    20.1106   5.018950    36.7300       2838    11.8208  0.000e+00
    113.743    20.1106   5.018647    36.7276       2839    11.8250  0.000e+00
    113.691    20.1098   5.018445    36.7266       2840    11.8292  0.000e+00
    113.645    20.1084   5.018250    36.7262       2841    11.8333  0.000e+00
    113.593    20.1072   5.018177    36.7267       2842    11.8375  0.000e+00
    113.545    20.1059   5.018445    36.7301       2843    11.8417  0.000e+00
    113.508    20.1063   5.018250    36.7281       2844    11.8458  0.000e+00
    113.459    20.1062   5.018148    36.7274       2845    11.8500  0.000e+00
    113.429    20.1053   5.018177    36.7285       2846    11.8542  0.000e+00
    113.389    20.1051   5.018416    36.7306       2847    11.8583  0.000e+00
    113.340    20.1056   5.018546    36.7312       2848    11.8625  0.000e+00
    113.298    20.1066   5.018683    36.7315       2849    11.8667  0.000e+00
    113.246    20.1078   5.018351    36.7278       2850    11.8708  0.000e+00
    113.188    20.1078   5.019080    36.7338       2851    11.8750  0.000e+00
    113.139    20.1093   5.019376    36.7349       2852    11.8792  0.000e+00
    113.078    20.1121   5.020012    36.7378       2853    11.8833  0.000e+00
    113.008    20.1158   5.020546    36.7390       2854    11.8875  0.000e+00
    112.953    20.1200   5.021110    36.7399       2855    11.8917  0.000e+00
    112.898    20.1249   5.022013    36.7431       2856    11.8958  0.000e+00
    112.849    20.1309   5.024513    36.7585       2857    11.9000  0.000e+00
    112.794    20.1435   5.025409    36.7549       2858    11.9042  0.000e+00
    112.743    20.1554   5.022381    36.7196       2859    11.9083  0.000e+00
    112.700    20.1516   5.021810    36.7182       2860    11.9125  0.000e+00
    112.660    20.1442   5.021875    36.7252       2861    11.9167  0.000e+00
    112.630    20.1400   5.021745    36.7278       2862    11.9208  0.000e+00
    112.602    20.1376   5.021181    36.7253       2863    11.9250  0.000e+00
    112.587    20.1346   5.020148    36.7194       2864    11.9292  0.000e+00
    112.566    20.1293   5.019910    36.7221       2865    11.9333  0.000e+00
    112.554    20.1242   5.019780    36.7255       2866    11.9375  0.000e+00
    112.538    20.1211   5.019679    36.7273       2867    11.9417  0.000e+00
    112.529    20.1196   5.019614    36.7281       2868    11.9458  0.000e+00
    112.514    20.1183   5.019376    36.7273       2869    11.9500  0.000e+00
    112.493    20.1171   5.019210    36.7270       2870    11.9542  0.000e+00
    112.471    20.1155   5.019116    36.7276       2871    11.9583  0.000e+00
    112.447    20.1142   5.019043    36.7282       2872    11.9625  0.000e+00
    112.392    20.1131   5.019015    36.7289       2873    11.9667  0.000e+00
    112.340    20.1125   5.019116    36.7302       2874    11.9708  0.000e+00
    112.279    20.1125   5.019246    36.7313       2875    11.9750  0.000e+00
    112.200    20.1134   5.019614    36.7337       2876    11.9792  0.000e+00
    112.121    20.1149   5.020676    36.7411       2877    11.9833  0.000e+00
    112.035    20.1197   5.021181    36.7411       2878    11.9875  0.000e+00
    111.941    20.1252   5.021311    36.7374       2879    11.9917  0.000e+00
    111.846    20.1290   5.020914    36.7309       2880    11.9958  0.000e+00
    111.755    20.1298   5.021412    36.7343       2881    12.0000  0.000e+00
