PC2501/sbe041.cnv
* Sea-Bird SBE 19plus Data File:
* FileName = C:\cruise\data\sbe041.hex
* Software Version Seasave V 7.26.7.121
* Temperature SN = 4684
* Conductivity SN = 4684
* System UpLoad Time = Jan 19 2025 07:30:59
* NMEA Latitude = 36 28.54 N
* NMEA Longitude = 074 19.62 W
* NMEA UTC (Time) = Jan 19 2025  07:30:24
** Ship: Pisces
** Cruise:  PC2501
** Program:  AMAPPS
# nquan = 7
# nvalues = 1292                                  
# units = specified
# name 0 = depSM: Depth [salt water, m]
# name 1 = tv290C: Temperature [ITS-90, deg C]
# name 2 = c0S/m: Conductivity [S/m]
# name 3 = sal00: Salinity, Practical [PSU]
# name 4 = scan: Scan Count
# name 5 = timeM: Time, Elapsed [minutes]
# name 6 = flag:  0.000e+00
# span 0 =      0.008,     51.097                 
# span 1 =    11.2283,    20.8947                 
# span 2 =  -0.105144,   5.074998                 
# span 3 =     0.0000,    37.7923                 
# span 4 =         11,       1302                 
# span 5 =     0.0417,     5.4208                 
# span 6 = 0.0000e+00, 0.0000e+00                 
# interval = seconds: 0.25
# start_time = Jan 19 2025 07:30:24 [NMEA time, header]
# bad_flag = -9.990e-29
*END*
[from data line 411]
     50.282    20.6204   5.045812    36.5314        422     1.7542  0.000e+00
     50.209    20.6221   5.045739    36.5294        423     1.7583  0.000e+00
     50.136    20.6231   5.045609    36.5275        424     1.7625  0.000e+00
     50.072    20.6235   5.045609    36.5272        425     1.7667  0.000e+00
     49.999    20.6231   5.045609    36.5275        426     1.7708  0.000e+00
     49.941    20.6230   5.045942    36.5303        427     1.7750  0.000e+00
     49.883    20.6244   5.045978    36.5294        428     1.7792  0.000e+00
     49.837    20.6252   5.045811    36.5274        429     1.7833  0.000e+00
     49.782    20.6256   5.046173    36.5301        430     1.7875  0.000e+00
     49.736    20.6266   5.046275    36.5300        431     1.7917  0.000e+00
     49.694    20.6279   5.046311    36.5293        432     1.7958  0.000e+00
     49.645    20.6286   5.046173    36.5275        433     1.8000  0.000e+00
     49.590    20.6284   5.046311    36.5289        434     1.8042  0.000e+00
     49.538    20.6287   5.046513    36.5303        435     1.8083  0.000e+00
     49.477    20.6298   5.046716    36.5310        436     1.8125  0.000e+00
     49.413    20.6312   5.046817    36.5306        437     1.8167  0.000e+00
     49.355    20.6326   5.046745    36.5289        438     1.8208  0.000e+00
     49.294    20.6329   5.046948    36.5303        439     1.8250  0.000e+00
     49.227    20.6341   5.046911    36.5289        440     1.8292  0.000e+00
     49.148    20.6345   5.046846    36.5281        441     1.8333  0.000e+00
     49.059    20.6345   5.046846    36.5281        442     1.8375  0.000e+00
     48.949    20.6344   5.046947    36.5291        443     1.8417  0.000e+00
     48.800    20.6350   5.046984    36.5289        444     1.8458  0.000e+00
     48.638    20.6352   5.046983    36.5288        445     1.8500  0.000e+00
     48.455    20.6353   5.047114    36.5299        446     1.8542  0.000e+00
     48.257    20.6360   5.047179    36.5298        447     1.8583  0.000e+00
     48.056    20.6366   5.047316    36.5305        448     1.8625  0.000e+00
     47.845    20.6375   5.047620    36.5323        449     1.8667  0.000e+00
     47.632    20.6389   5.047917    36.5336        450     1.8708  0.000e+00
     47.424    20.6412   5.047750    36.5303        451     1.8750  0.000e+00
     47.205    20.6424   5.047815    36.5299        452     1.8792  0.000e+00
     46.985    20.6426   5.048018    36.5315        453     1.8833  0.000e+00
     46.781    20.6436   5.048322    36.5332        454     1.8875  0.000e+00
     46.567    20.6453   5.048387    36.5323        455     1.8917  0.000e+00
     46.375    20.6466   5.048894    36.5353        456     1.8958  0.000e+00
     46.198    20.6493   5.048756    36.5320        457     1.9000  0.000e+00
     46.012    20.6511   5.049328    36.5352        458     1.9042  0.000e+00
     45.862    20.6530   5.049835    36.5377        459     1.9083  0.000e+00
     45.710    20.6561   5.051276    36.5468        460     1.9125  0.000e+00
     45.585    20.6630   5.053992    36.5630        461     1.9167  0.000e+00
     45.472    20.6788   5.053456    36.5451        462     1.9208  0.000e+00
     45.371    20.6870   5.055875    36.5578        463     1.9250  0.000e+00
     45.283    20.6987   5.056179    36.5501        464     1.9292  0.000e+00
     45.201    20.7082   5.056853    36.5475        465     1.9333  0.000e+00
     45.124    20.7154   5.057150    36.5437        466     1.9375  0.000e+00
     45.045    20.7205   5.057150    36.5394        467     1.9417  0.000e+00
     44.978    20.7233   5.056983    36.5356        468     1.9458  0.000e+00
     44.902    20.7242   5.058092    36.5439        469     1.9500  0.000e+00
     44.819    20.7278   5.058904    36.5475        470     1.9542  0.000e+00
     44.737    20.7336   5.058534    36.5394        471     1.9583  0.000e+00
     44.639    20.7366   5.059541    36.5451        472     1.9625  0.000e+00
     44.530    20.7403   5.059541    36.5420        473     1.9667  0.000e+00
     44.398    20.7435   5.059947    36.5425        474     1.9708  0.000e+00
     44.273    20.7462   5.060179    36.5421        475     1.9750  0.000e+00
     44.127    20.7490   5.060483    36.5423        476     1.9792  0.000e+00
     43.987    20.7513   5.060519    36.5407        477     1.9833  0.000e+00
     43.840    20.7532   5.060483    36.5388        478     1.9875  0.000e+00
     43.685    20.7541   5.060613    36.5391        479     1.9917  0.000e+00
     43.541    20.7549   5.061019    36.5418        480     1.9958  0.000e+00
     43.404    20.7567   5.061222    36.5419        481     2.0000  0.000e+00
     43.254    20.7587   5.061222    36.5402        482     2.0042  0.000e+00
     43.111    20.7599   5.061120    36.5384        483     2.0083  0.000e+00
     42.965    20.7604   5.061185    36.5386        484     2.0125  0.000e+00
     42.824    20.7608   5.061185    36.5383        485     2.0167  0.000e+00
     42.693    20.7609   5.061359    36.5397        486     2.0208  0.000e+00
     42.553    20.7613   5.061323    36.5391        487     2.0250  0.000e+00
     42.410    20.7617   5.061729    36.5421        488     2.0292  0.000e+00
     42.272    20.7631   5.061526    36.5393        489     2.0333  0.000e+00
     42.138    20.7637   5.061859    36.5416        490     2.0375  0.000e+00
     42.010    20.7647   5.061830    36.5404        491     2.0417  0.000e+00
     41.870    20.7659   5.061656    36.5381        492     2.0458  0.000e+00
     41.723    20.7657   5.061424    36.5364        493     2.0500  0.000e+00
     41.586    20.7643   5.061561    36.5388        494     2.0542  0.000e+00
     41.449    20.7642   5.061525    36.5386        495     2.0583  0.000e+00
     41.314    20.7641   5.061525    36.5388        496     2.0625  0.000e+00
     41.192    20.7642   5.062873    36.5497        497     2.0667  0.000e+00
     41.067    20.7680   5.063207    36.5492        498     2.0708  0.000e+00
     40.958    20.7735   5.063446    36.5464        499     2.0750  0.000e+00
     40.851    20.7774   5.063475    36.5434        500     2.0792  0.000e+00
     40.753    20.7795   5.063511    36.5418        501     2.0833  0.000e+00
     40.659    20.7804   5.063475    36.5408        502     2.0875  0.000e+00
     40.570    20.7808   5.063373    36.5397        503     2.0917  0.000e+00
     40.482    20.7807   5.063373    36.5398        504     2.0958  0.000e+00
     40.393    20.7805   5.063409    36.5403        505     2.1000  0.000e+00
     40.305    20.7804   5.063474    36.5409        506     2.1042  0.000e+00
     40.207    20.7810   5.063445    36.5402        507     2.1083  0.000e+00
     40.097    20.7813   5.063373    36.5394        508     2.1125  0.000e+00
     39.981    20.7810   5.063206    36.5384        509     2.1167  0.000e+00
     39.847    20.7803   5.063271    36.5396        510     2.1208  0.000e+00
     39.713    20.7798   5.063307    36.5404        511     2.1250  0.000e+00
     39.573    20.7799   5.063409    36.5411        512     2.1292  0.000e+00
     39.426    20.7803   5.063344    36.5403        513     2.1333  0.000e+00
     39.292    20.7805   5.063372    36.5404        514     2.1375  0.000e+00
     39.155    20.7807   5.063307    36.5398        515     2.1417  0.000e+00
     39.024    20.7805   5.063206    36.5391        516     2.1458  0.000e+00
     38.895    20.7801   5.063242    36.5398        517     2.1500  0.000e+00
     38.767    20.7799   5.063242    36.5400        518     2.1542  0.000e+00
     38.642    20.7799   5.063343    36.5409        519     2.1583  0.000e+00
     38.511    20.7802   5.063408    36.5413        520     2.1625  0.000e+00
     38.383    20.7808   5.063778    36.5437        521     2.1667  0.000e+00
     38.258    20.7827   5.063778    36.5422        522     2.1708  0.000e+00
     38.142    20.7845   5.063814    36.5410        523     2.1750  0.000e+00
     38.014    20.7851   5.063879    36.5410        524     2.1792  0.000e+00
     37.889    20.7856   5.063915    36.5410        525     2.1833  0.000e+00
     37.770    20.7864   5.063843    36.5397        526     2.1875  0.000e+00
     37.645    20.7866   5.063879    36.5399        527     2.1917  0.000e+00
     37.523    20.7865   5.063814    36.5394        528     2.1958  0.000e+00
     37.407    20.7865   5.064082    36.5417        529     2.2000  0.000e+00
     37.297    20.7870   5.064183    36.5422        530     2.2042  0.000e+00
     37.175    20.7876   5.064314    36.5427        531     2.2083  0.000e+00
     37.056    20.7884   5.064386    36.5426        532     2.2125  0.000e+00
     36.931    20.7897   5.064553    36.5430        533     2.2167  0.000e+00
     36.809    20.7907   5.064517    36.5419        534     2.2208  0.000e+00
     36.681    20.7914   5.064517    36.5413        535     2.2250  0.000e+00
     36.571    20.7918   5.064451    36.5405        536     2.2292  0.000e+00
     36.452    20.7917   5.064516    36.5411        537     2.2333  0.000e+00
     36.336    20.7916   5.064553    36.5415        538     2.2375  0.000e+00
     36.220    20.7920   5.064553    36.5412        539     2.2417  0.000e+00
     36.110    20.7922   5.064516    36.5408        540     2.2458  0.000e+00
     35.991    20.7922   5.064553    36.5411        541     2.2500  0.000e+00
     35.884    20.7922   5.064451    36.5403        542     2.2542  0.000e+00
     35.759    20.7921   5.064386    36.5400        543     2.2583  0.000e+00
     35.643    20.7915   5.064248    36.5394        544     2.2625  0.000e+00
     35.533    20.7909   5.064146    36.5391        545     2.2667  0.000e+00
     35.421    20.7899   5.064211    36.5405        546     2.2708  0.000e+00
     35.289    20.7897   5.064451    36.5427        547     2.2750  0.000e+00
     35.180    20.7908   5.064385    36.5413        548     2.2792  0.000e+00
     35.051    20.7922   5.064349    36.5399        549     2.2833  0.000e+00
     34.939    20.7927   5.064182    36.5381        550     2.2875  0.000e+00
     34.817    20.7928   5.064015    36.5367        551     2.2917  0.000e+00
     34.688    20.7927   5.064015    36.5369        552     2.2958  0.000e+00
     34.579    20.7925   5.063979    36.5368        553     2.3000  0.000e+00
     34.466    20.7922   5.063841    36.5360        554     2.3042  0.000e+00
     34.353    20.7918   5.063674    36.5349        555     2.3083  0.000e+00
     34.240    20.7913   5.063812    36.5365        556     2.3125  0.000e+00
     34.130    20.7910   5.063471    36.5341        557     2.3167  0.000e+00
     34.023    20.7903   5.063442    36.5344        558     2.3208  0.000e+00
     33.923    20.7898   5.063442    36.5350        559     2.3250  0.000e+00
     33.792    20.7893   5.063471    36.5357        560     2.3292  0.000e+00
     33.682    20.7891   5.063573    36.5367        561     2.3333  0.000e+00
     33.547    20.7895   5.064015    36.5400        562     2.3375  0.000e+00
     33.416    20.7906   5.064754    36.5451        563     2.3417  0.000e+00
     33.285    20.7941   5.064283    36.5383        564     2.3458  0.000e+00
     33.151    20.7964   5.065864    36.5492        565     2.3500  0.000e+00
     33.014    20.8000   5.066639    36.5525        566     2.3542  0.000e+00
     32.879    20.8069   5.066204    36.5431        567     2.3583  0.000e+00
     32.742    20.8106   5.067720    36.5522        568     2.3625  0.000e+00
     32.617    20.8147   5.069468    36.5629        569     2.3667  0.000e+00
     32.498    20.8248   5.069438    36.5540        570     2.3708  0.000e+00
     32.382    20.8320   5.070243    36.5544        571     2.3750  0.000e+00
     32.281    20.8386   5.070751    36.5529        572     2.3792  0.000e+00
     32.178    20.8437   5.070483    36.5464        573     2.3833  0.000e+00
     32.077    20.8465   5.069909    36.5393        574     2.3875  0.000e+00
     31.979    20.8456   5.070316    36.5435        575     2.3917  0.000e+00
     31.882    20.8454   5.070685    36.5467        576     2.3958  0.000e+00
     31.787    20.8467   5.070417    36.5434        577     2.4000  0.000e+00
     31.680    20.8473   5.070446    36.5431        578     2.4042  0.000e+00
     31.574    20.8472   5.069568    36.5362        579     2.4083  0.000e+00
     31.455    20.8449   5.068357    36.5283        580     2.4125  0.000e+00
     31.342    20.8393   5.069198    36.5400        581     2.4167  0.000e+00
     31.229    20.8366   5.070751    36.5550        582     2.4208  0.000e+00
     31.107    20.8409   5.070990    36.5533        583     2.4250  0.000e+00
     30.994    20.8461   5.070888    36.5480        584     2.4292  0.000e+00
     30.887    20.8489   5.070620    36.5435        585     2.4333  0.000e+00
     30.777    20.8497   5.070482    36.5418        586     2.4375  0.000e+00
     30.664    20.8489   5.070990    36.5466        587     2.4417  0.000e+00
     30.561    20.8496   5.071120    36.5471        588     2.4458  0.000e+00
     30.460    20.8512   5.071018    36.5449        589     2.4500  0.000e+00
     30.353    20.8521   5.070917    36.5434        590     2.4542  0.000e+00
     30.243    20.8518   5.070989    36.5442        591     2.4583  0.000e+00
     30.134    20.8520   5.070953    36.5438        592     2.4625  0.000e+00
     30.009    20.8520   5.070888    36.5433        593     2.4667  0.000e+00
     29.893    20.8520   5.070786    36.5426        594     2.4708  0.000e+00
     29.780    20.8516   5.071018    36.5448        595     2.4750  0.000e+00
     29.661    20.8518   5.071490    36.5485        596     2.4792  0.000e+00
     29.548    20.8536   5.071591    36.5478        597     2.4833  0.000e+00
     29.426    20.8552   5.071460    36.5454        598     2.4875  0.000e+00
     29.313    20.8560   5.071395    36.5442        599     2.4917  0.000e+00
     29.209    20.8560   5.071424    36.5446        600     2.4958  0.000e+00
     29.102    20.8558   5.072033    36.5497        601     2.5000  0.000e+00
     28.993    20.8576   5.072403    36.5512        602     2.5042  0.000e+00
     28.889    20.8609   5.072570    36.5497        603     2.5083  0.000e+00
     28.776    20.8636   5.072236    36.5448        604     2.5125  0.000e+00
     28.666    20.8642   5.071997    36.5423        605     2.5167  0.000e+00
     28.550    20.8634   5.072940    36.5507        606     2.5208  0.000e+00
     28.428    20.8651   5.073041    36.5501        607     2.5250  0.000e+00
     28.306    20.8681   5.073716    36.5530        608     2.5292  0.000e+00
     28.175    20.8714   5.073549    36.5489        609     2.5333  0.000e+00
     28.053    20.8740   5.073418    36.5456        610     2.5375  0.000e+00
     27.925    20.8748   5.073854    36.5486        611     2.5417  0.000e+00
     27.806    20.8758   5.073817    36.5475        612     2.5458  0.000e+00
     27.705    20.8767   5.073817    36.5467        613     2.5500  0.000e+00
     27.601    20.8776   5.073614    36.5443        614     2.5542  0.000e+00
     27.510    20.8767   5.073614    36.5451        615     2.5583  0.000e+00
     27.412    20.8768   5.073890    36.5473        616     2.5625  0.000e+00
     27.308    20.8772   5.074057    36.5483        617     2.5667  0.000e+00
     27.205    20.8781   5.074093    36.5479        618     2.5708  0.000e+00
     27.095    20.8794   5.074361    36.5490        619     2.5750  0.000e+00
     26.979    20.8808   5.074020    36.5451        620     2.5792  0.000e+00
     26.860    20.8809   5.074528    36.5492        621     2.5833  0.000e+00
     26.723    20.8820   5.074426    36.5475        622     2.5875  0.000e+00
     26.591    20.8830   5.074194    36.5447        623     2.5917  0.000e+00
     26.460    20.8826   5.073991    36.5435        624     2.5958  0.000e+00
     26.341    20.8814   5.074121    36.5456        625     2.6000  0.000e+00
