PC2501/sbe033.cnv
* Sea-Bird SBE 19plus Data File:
* FileName = C:\cruise\data\sbe033.hex
* Software Version Seasave V 7.26.7.121
* Temperature SN = 4684
* Conductivity SN = 4684
* System UpLoad Time = Jan 18 2025 03:27:02
* NMEA Latitude = 37 05.64 N
* NMEA Longitude = 074 21.24 W
* NMEA UTC (Time) = Jan 18 2025  03:26:26
** Ship: Pisces
** Cruise:  PC2501
** Program:  AMAPPS
# nquan = 7
# nvalues = 6497                                  
# units = specified
# name 0 = depSM: Depth [salt water, m]
# name 1 = tv290C: Temperature [ITS-90, deg C]
# name 2 = c0S/m: Conductivity [S/m]
# name 3 = sal00: Salinity, Practical [PSU]
# name 4 = scan: Scan Count
# name 5 = timeM: Time, Elapsed [minutes]
# name 6 = flag:  0.000e+00
# span 0 =      0.121,    191.135                 
# span 1 =     6.6527,    14.4367                 
# span 2 =  -0.000918,   4.278182                 
# span 3 =     0.0000,    35.6789                 
# span 4 =         11,       6507                 
# span 5 =     0.0417,    27.1083                 
# span 6 = 0.0000e+00, 0.0000e+00                 
# interval = seconds: 0.25
# start_time = Jan 18 2025 03:26:26 [NMEA time, header]
# bad_flag = -9.990e-29
*END*
[from data line 2462]
    145.230    13.2324   4.183010    35.5456       2473    10.3000  0.000e+00
    145.206    13.2332   4.183559    35.5500       2474    10.3042  0.000e+00
    145.172    13.2362   4.183767    35.5493       2475    10.3083  0.000e+00
    145.139    13.2390   4.183767    35.5466       2476    10.3125  0.000e+00
    145.099    13.2410   4.183767    35.5448       2477    10.3167  0.000e+00
    145.047    13.2420   4.183854    35.5447       2478    10.3208  0.000e+00
    144.993    13.2427   4.183968    35.5451       2479    10.3250  0.000e+00
    144.941    13.2437   4.184168    35.5462       2480    10.3292  0.000e+00
    144.892    13.2449   4.184255    35.5459       2481    10.3333  0.000e+00
    144.843    13.2463   4.184282    35.5449       2482    10.3375  0.000e+00
    144.801    13.2473   4.184429    35.5454       2483    10.3417  0.000e+00
    144.770    13.2479   4.184891    35.5492       2484    10.3458  0.000e+00
    144.746    13.2501   4.185588    35.5537       2485    10.3500  0.000e+00
    144.721    13.2543   4.185675    35.5507       2486    10.3542  0.000e+00
    144.703    13.2573   4.185614    35.5472       2487    10.3583  0.000e+00
    144.688    13.2587   4.185588    35.5457       2488    10.3625  0.000e+00
    144.679    13.2592   4.185648    35.5458       2489    10.3667  0.000e+00
    144.679    13.2596   4.185735    35.5463       2490    10.3708  0.000e+00
    144.667    13.2601   4.185789    35.5463       2491    10.3750  0.000e+00
    144.661    13.2606   4.185788    35.5458       2492    10.3792  0.000e+00
    144.658    13.2609   4.185701    35.5448       2493    10.3833  0.000e+00
    144.639    13.2608   4.185614    35.5441       2494    10.3875  0.000e+00
    144.621    13.2604   4.185648    35.5447       2495    10.3917  0.000e+00
    144.594    13.2601   4.185648    35.5450       2496    10.3958  0.000e+00
    144.566    13.2601   4.185648    35.5450       2497    10.4000  0.000e+00
    144.527    13.2600   4.185648    35.5451       2498    10.4042  0.000e+00
    144.481    13.2602   4.185675    35.5453       2499    10.4083  0.000e+00
    144.426    13.2601   4.185788    35.5464       2500    10.4125  0.000e+00
    144.377    13.2606   4.185996    35.5480       2501    10.4167  0.000e+00
    144.335    13.2618   4.186110    35.5479       2502    10.4208  0.000e+00
    144.280    13.2633   4.186284    35.5482       2503    10.4250  0.000e+00
    144.234    13.2645   4.186424    35.5485       2504    10.4292  0.000e+00
    144.185    13.2659   4.186545    35.5483       2505    10.4333  0.000e+00
    144.158    13.2673   4.186719    35.5487       2506    10.4375  0.000e+00
    144.124    13.2687   4.187382    35.5536       2507    10.4417  0.000e+00
    144.094    13.2720   4.187469    35.5514       2508    10.4458  0.000e+00
    144.079    13.2750   4.187529    35.5492       2509    10.4500  0.000e+00
    144.073    13.2765   4.187442    35.5470       2510    10.4542  0.000e+00
    144.063    13.2769   4.187382    35.5460       2511    10.4583  0.000e+00
    144.060    13.2770   4.187409    35.5462       2512    10.4625  0.000e+00
    144.054    13.2769   4.187382    35.5460       2513    10.4667  0.000e+00
    144.048    13.2767   4.187355    35.5459       2514    10.4708  0.000e+00
    144.039    13.2766   4.187382    35.5463       2515    10.4750  0.000e+00
    144.024    13.2766   4.187355    35.5461       2516    10.4792  0.000e+00
    144.006    13.2767   4.187382    35.5463       2517    10.4833  0.000e+00
    143.969    13.2766   4.187295    35.5455       2518    10.4875  0.000e+00
    143.933    13.2765   4.187208    35.5448       2519    10.4917  0.000e+00
    143.893    13.2763   4.187583    35.5486       2520    10.4958  0.000e+00
    143.835    13.2779   4.189673    35.5670       2521    10.5000  0.000e+00
    143.783    13.2862   4.192078    35.5821       2522    10.5042  0.000e+00
    143.722    13.3028   4.193297    35.5781       2523    10.5083  0.000e+00
    143.671    13.3183   4.194751    35.5775       2524    10.5125  0.000e+00
    143.616    13.3328   4.200296    35.6165       2525    10.5167  0.000e+00
    143.561    13.3609   4.204809    35.6330       2526    10.5208  0.000e+00
    143.515    13.3981   4.206352    35.6129       2527    10.5250  0.000e+00
    143.469    13.4271   4.207049    35.5924       2528    10.5292  0.000e+00
    143.442    13.4449   4.207371    35.5788       2529    10.5333  0.000e+00
    143.402    13.4552   4.207606    35.5715       2530    10.5375  0.000e+00
    143.381    13.4612   4.207921    35.5689       2531    10.5417  0.000e+00
    143.354    13.4651   4.208270    35.5685       2532    10.5458  0.000e+00
    143.341    13.4685   4.208532    35.5679       2533    10.5500  0.000e+00
    143.323    13.4715   4.208653    35.5662       2534    10.5542  0.000e+00
    143.305    13.4737   4.208740    35.5650       2535    10.5583  0.000e+00
    143.287    13.4753   4.208767    35.5638       2536    10.5625  0.000e+00
    143.262    13.4762   4.208767    35.5630       2537    10.5667  0.000e+00
    143.253    13.4764   4.208854    35.5635       2538    10.5708  0.000e+00
    143.235    13.4767   4.208941    35.5641       2539    10.5750  0.000e+00
    143.214    13.4773   4.209002    35.5642       2540    10.5792  0.000e+00
    143.186    13.4782   4.209149    35.5647       2541    10.5833  0.000e+00
    143.147    13.4791   4.209263    35.5650       2542    10.5875  0.000e+00
    143.107    13.4803   4.209377    35.5650       2543    10.5917  0.000e+00
    143.067    13.4813   4.209525    35.5654       2544    10.5958  0.000e+00
    143.019    13.4825   4.209612    35.5652       2545    10.6000  0.000e+00
    142.961    13.4836   4.209700    35.5650       2546    10.6042  0.000e+00
    142.915    13.4846   4.209847    35.5655       2547    10.6083  0.000e+00
    142.857    13.4855   4.210048    35.5666       2548    10.6125  0.000e+00
    142.805    13.4869   4.210048    35.5652       2549    10.6167  0.000e+00
    142.763    13.4879   4.210048    35.5643       2550    10.6208  0.000e+00
    142.723    13.4887   4.210048    35.5636       2551    10.6250  0.000e+00
    142.690    13.4890   4.210048    35.5634       2552    10.6292  0.000e+00
    142.668    13.4894   4.210048    35.5630       2553    10.6333  0.000e+00
    142.647    13.4898   4.210048    35.5627       2554    10.6375  0.000e+00
    142.638    13.4899   4.210082    35.5629       2555    10.6417  0.000e+00
    142.620    13.4905   4.210109    35.5626       2556    10.6458  0.000e+00
    142.616    13.4909   4.210082    35.5620       2557    10.6500  0.000e+00
    142.610    13.4910   4.210109    35.5621       2558    10.6542  0.000e+00
    142.604    13.4912   4.210109    35.5620       2559    10.6583  0.000e+00
    142.592    13.4911   4.210109    35.5620       2560    10.6625  0.000e+00
    142.574    13.4911   4.210082    35.5618       2561    10.6667  0.000e+00
    142.543    13.4913   4.210109    35.5619       2562    10.6708  0.000e+00
    142.513    13.4912   4.210082    35.5617       2563    10.6750  0.000e+00
    142.473    13.4914   4.210082    35.5616       2564    10.6792  0.000e+00
    142.418    13.4918   4.210082    35.5612       2565    10.6833  0.000e+00
    142.357    13.4921   4.210135    35.5614       2566    10.6875  0.000e+00
    142.290    13.4933   4.210283    35.5618       2567    10.6917  0.000e+00
    142.214    13.4946   4.210310    35.5608       2568    10.6958  0.000e+00
    142.156    13.4959   4.210343    35.5600       2569    10.7000  0.000e+00
    142.092    13.4968   4.210223    35.5580       2570    10.7042  0.000e+00
    142.041    13.4973   4.210196    35.5573       2571    10.7083  0.000e+00
    141.986    13.4974   4.210196    35.5573       2572    10.7125  0.000e+00
    141.940    13.4974   4.210135    35.5567       2573    10.7167  0.000e+00
    141.916    13.4974   4.210169    35.5571       2574    10.7208  0.000e+00
    141.901    13.4975   4.210169    35.5569       2575    10.7250  0.000e+00
    141.888    13.4976   4.210135    35.5565       2576    10.7292  0.000e+00
    141.885    13.4978   4.210135    35.5563       2577    10.7333  0.000e+00
    141.891    13.4978   4.210196    35.5569       2578    10.7375  0.000e+00
    141.891    13.4976   4.210196    35.5571       2579    10.7417  0.000e+00
    141.885    13.4977   4.210222    35.5573       2580    10.7458  0.000e+00
    141.885    13.4976   4.210196    35.5571       2581    10.7500  0.000e+00
    141.864    13.4976   4.210196    35.5571       2582    10.7542  0.000e+00
    141.846    13.4976   4.210135    35.5566       2583    10.7583  0.000e+00
    141.815    13.4975   4.210108    35.5564       2584    10.7625  0.000e+00
    141.766    13.4976   4.210169    35.5569       2585    10.7667  0.000e+00
    141.721    13.4977   4.210135    35.5565       2586    10.7708  0.000e+00
    141.660    13.4977   4.210169    35.5568       2587    10.7750  0.000e+00
    141.602    13.4980   4.210195    35.5568       2588    10.7792  0.000e+00
    141.538    13.4984   4.210256    35.5571       2589    10.7833  0.000e+00
    141.489    13.4990   4.210283    35.5568       2590    10.7875  0.000e+00
    141.434    13.4994   4.210310    35.5567       2591    10.7917  0.000e+00
    141.398    13.5000   4.210370    35.5567       2592    10.7958  0.000e+00
    141.370    13.5006   4.210544    35.5578       2593    10.8000  0.000e+00
    141.346    13.5019   4.210578    35.5569       2594    10.8042  0.000e+00
    141.334    13.5028   4.210632    35.5566       2595    10.8083  0.000e+00
    141.322    13.5035   4.210632    35.5560       2596    10.8125  0.000e+00
    141.313    13.5038   4.210605    35.5555       2597    10.8167  0.000e+00
    141.313    13.5039   4.210517    35.5545       2598    10.8208  0.000e+00
    141.303    13.5035   4.210517    35.5549       2599    10.8250  0.000e+00
    141.294    13.5030   4.210578    35.5559       2600    10.8292  0.000e+00
    141.285    13.5032   4.210430    35.5544       2601    10.8333  0.000e+00
    141.270    13.5028   4.210578    35.5562       2602    10.8375  0.000e+00
    141.239    13.5028   4.210309    35.5536       2603    10.8417  0.000e+00
    141.194    13.5021   4.210403    35.5552       2604    10.8458  0.000e+00
    141.148    13.5013   4.210309    35.5550       2605    10.8500  0.000e+00
    141.090    13.5009   4.210457    35.5568       2606    10.8542  0.000e+00
    141.020    13.5013   4.210692    35.5587       2607    10.8583  0.000e+00
    140.950    13.5028   4.210631    35.5567       2608    10.8625  0.000e+00
    140.874    13.5040   4.210719    35.5565       2609    10.8667  0.000e+00
    140.807    13.5047   4.211014    35.5586       2610    10.8708  0.000e+00
    140.746    13.5063   4.211041    35.5575       2611    10.8750  0.000e+00
    140.676    13.5079   4.211188    35.5574       2612    10.8792  0.000e+00
    140.624    13.5092   4.211242    35.5567       2613    10.8833  0.000e+00
    140.575    13.5105   4.211303    35.5561       2614    10.8875  0.000e+00
    140.533    13.5115   4.211537    35.5574       2615    10.8917  0.000e+00
    140.487    13.5132   4.211625    35.5567       2616    10.8958  0.000e+00
    140.460    13.5148   4.211564    35.5546       2617    10.9000  0.000e+00
    140.435    13.5156   4.211477    35.5531       2618    10.9042  0.000e+00
    140.423    13.5153   4.211450    35.5531       2619    10.9083  0.000e+00
    140.417    13.5150   4.211450    35.5533       2620    10.9125  0.000e+00
    140.408    13.5150   4.211477    35.5536       2621    10.9167  0.000e+00
    140.396    13.5147   4.211598    35.5550       2622    10.9208  0.000e+00
    140.393    13.5154   4.211598    35.5544       2623    10.9250  0.000e+00
    140.411    13.5158   4.211651    35.5545       2624    10.9292  0.000e+00
    140.414    13.5163   4.211537    35.5530       2625    10.9333  0.000e+00
    140.426    13.5162   4.211564    35.5533       2626    10.9375  0.000e+00
    140.426    13.5160   4.211651    35.5544       2627    10.9417  0.000e+00
    140.420    13.5163   4.211390    35.5516       2628    10.9458  0.000e+00
    140.414    13.5155   4.211329    35.5518       2629    10.9500  0.000e+00
    140.393    13.5141   4.211363    35.5534       2630    10.9542  0.000e+00
    140.362    13.5137   4.211363    35.5538       2631    10.9583  0.000e+00
    140.313    13.5135   4.211537    35.5556       2632    10.9625  0.000e+00
    140.252    13.5142   4.211739    35.5569       2633    10.9667  0.000e+00
    140.176    13.5160   4.211772    35.5555       2634    10.9708  0.000e+00
    140.091    13.5176   4.211839    35.5547       2635    10.9750  0.000e+00
    140.000    13.5186   4.211859    35.5540       2636    10.9792  0.000e+00
    139.908    13.5193   4.212121    35.5559       2637    10.9833  0.000e+00
    139.805    13.5206   4.212208    35.5556       2638    10.9875  0.000e+00
    139.716    13.5222   4.212034    35.5525       2639    10.9917  0.000e+00
    139.634    13.5224   4.212000    35.5520       2640    10.9958  0.000e+00
    139.558    13.5222   4.212094    35.5531       2641    11.0000  0.000e+00
    139.509    13.5224   4.212296    35.5548       2642    11.0042  0.000e+00
    139.463    13.5234   4.212410    35.5550       2643    11.0083  0.000e+00
    139.442    13.5247   4.212470    35.5543       2644    11.0125  0.000e+00
    139.436    13.5259   4.212530    35.5539       2645    11.0167  0.000e+00
    139.445    13.5269   4.212584    35.5534       2646    11.0208  0.000e+00
    139.460    13.5273   4.212356    35.5509       2647    11.0250  0.000e+00
    139.478    13.5269   4.212443    35.5520       2648    11.0292  0.000e+00
    139.500    13.5267   4.212356    35.5514       2649    11.0333  0.000e+00
    139.515    13.5261   4.212269    35.5511       2650    11.0375  0.000e+00
    139.518    13.5255   4.212296    35.5520       2651    11.0417  0.000e+00
    139.521    13.5253   4.212296    35.5521       2652    11.0458  0.000e+00
    139.518    13.5252   4.212296    35.5522       2653    11.0500  0.000e+00
    139.494    13.5252   4.212497    35.5541       2654    11.0542  0.000e+00
    139.460    13.5259   4.212410    35.5527       2655    11.0583  0.000e+00
    139.415    13.5265   4.212443    35.5525       2656    11.0625  0.000e+00
    139.366    13.5265   4.212530    35.5533       2657    11.0667  0.000e+00
    139.296    13.5268   4.212470    35.5525       2658    11.0708  0.000e+00
    139.247    13.5269   4.212410    35.5518       2659    11.0750  0.000e+00
    139.183    13.5267   4.212409    35.5520       2660    11.0792  0.000e+00
    139.116    13.5267   4.212443    35.5524       2661    11.0833  0.000e+00
    139.067    13.5266   4.212409    35.5522       2662    11.0875  0.000e+00
    139.018    13.5266   4.212443    35.5525       2663    11.0917  0.000e+00
    138.973    13.5267   4.212618    35.5541       2664    11.0958  0.000e+00
    138.939    13.5274   4.212584    35.5531       2665    11.1000  0.000e+00
    138.909    13.5282   4.212530    35.5519       2666    11.1042  0.000e+00
    138.884    13.5280   4.212564    35.5524       2667    11.1083  0.000e+00
    138.872    13.5280   4.212557    35.5524       2668    11.1125  0.000e+00
    138.857    13.5281   4.212557    35.5523       2669    11.1167  0.000e+00
    138.842    13.5282   4.212443    35.5511       2670    11.1208  0.000e+00
    138.823    13.5277   4.212617    35.5532       2671    11.1250  0.000e+00
    138.811    13.5279   4.212705    35.5539       2672    11.1292  0.000e+00
    138.784    13.5288   4.212584    35.5519       2673    11.1333  0.000e+00
    138.759    13.5289   4.212497    35.5510       2674    11.1375  0.000e+00
    138.723    13.5284   4.212497    35.5515       2675    11.1417  0.000e+00
    138.696    13.5278   4.212443    35.5515       2676    11.1458  0.000e+00
