PC2501/sbe069.cnv
* Sea-Bird SBE 19plus Data File:
* FileName = C:\cruise\data\sbe069.hex
* Software Version Seasave V 7.26.7.121
* Temperature SN = 4684
* Conductivity SN = 4684
* System UpLoad Time = Feb 08 2025 00:27:51
* NMEA Latitude = 35 51.72 N
* NMEA Longitude = 074 43.84 W
* NMEA UTC (Time) = Feb 08 2025  00:27:28
** Ship: Pisces
** Cruise:  PC2501
** Program:  AMAPPS
# nquan = 7
# nvalues = 5360                                  
# units = specified
# name 0 = depSM: Depth [salt water, m]
# name 1 = tv290C: Temperature [ITS-90, deg C]
# name 2 = c0S/m: Conductivity [S/m]
# name 3 = sal00: Salinity, Practical [PSU]
# name 4 = scan: Scan Count
# name 5 = timeM: Time, Elapsed [minutes]
# name 6 = flag:  0.000e+00
# span 0 =      0.119,    201.920                 
# span 1 =    11.3821,    14.3407                 
# span 2 =  -0.170194,   4.282164                 
# span 3 =     0.0000,    35.7503                 
# span 4 =         11,       5370                 
# span 5 =     0.0417,    22.3708                 
# span 6 = 0.0000e+00, 0.0000e+00                 
# interval = seconds: 0.25
# start_time = Feb 08 2025 00:27:28 [NMEA time, header]
# bad_flag = -9.990e-29
*END*
[from data line 3488]
     99.383    13.0727   4.129623    35.2060       3499    14.5750  0.000e+00
     99.380    13.0728   4.129649    35.2062       3500    14.5792  0.000e+00
     99.377    13.0731   4.129649    35.2059       3501    14.5833  0.000e+00
     99.380    13.0732   4.129709    35.2064       3502    14.5875  0.000e+00
     99.368    13.0734   4.129476    35.2040       3503    14.5917  0.000e+00
     99.338    13.0729   4.129363    35.2035       3504    14.5958  0.000e+00
     99.307    13.0718   4.129476    35.2055       3505    14.6000  0.000e+00
     99.258    13.0718   4.129509    35.2059       3506    14.6042  0.000e+00
     99.194    13.0720   4.128823    35.1992       3507    14.6083  0.000e+00
     99.127    13.0703   4.128397    35.1968       3508    14.6125  0.000e+00
     99.057    13.0673   4.127538    35.1913       3509    14.6167  0.000e+00
     98.981    13.0633   4.127032    35.1903       3510    14.6208  0.000e+00
     98.893    13.0585   4.126913    35.1936       3511    14.6250  0.000e+00
     98.819    13.0555   4.126886    35.1962       3512    14.6292  0.000e+00
     98.734    13.0539   4.126600    35.1950       3513    14.6333  0.000e+00
     98.667    13.0523   4.126520    35.1958       3514    14.6375  0.000e+00
     98.591    13.0512   4.126287    35.1946       3515    14.6417  0.000e+00
     98.524    13.0499   4.126233    35.1953       3516    14.6458  0.000e+00
     98.469    13.0488   4.125887    35.1931       3517    14.6500  0.000e+00
     98.420    13.0474   4.125947    35.1949       3518    14.6542  0.000e+00
     98.365    13.0465   4.125887    35.1952       3519    14.6583  0.000e+00
     98.319    13.0459   4.125661    35.1936       3520    14.6625  0.000e+00
     98.289    13.0449   4.125148    35.1897       3521    14.6667  0.000e+00
     98.249    13.0428   4.124922    35.1895       3522    14.6708  0.000e+00
     98.219    13.0404   4.124922    35.1917       3523    14.6750  0.000e+00
     98.191    13.0392   4.124982    35.1935       3524    14.6792  0.000e+00
     98.167    13.0388   4.124895    35.1930       3525    14.6833  0.000e+00
     98.142    13.0386   4.124869    35.1929       3526    14.6875  0.000e+00
     98.124    13.0382   4.124869    35.1934       3527    14.6917  0.000e+00
     98.097    13.0380   4.124982    35.1946       3528    14.6958  0.000e+00
     98.066    13.0384   4.125035    35.1948       3529    14.7000  0.000e+00
     98.042    13.0386   4.124922    35.1935       3530    14.7042  0.000e+00
     98.020    13.0385   4.124895    35.1934       3531    14.7083  0.000e+00
     97.999    13.0382   4.124895    35.1936       3532    14.7125  0.000e+00
     97.969    13.0382   4.124210    35.1872       3533    14.7167  0.000e+00
     97.956    13.0365   4.123983    35.1865       3534    14.7208  0.000e+00
     97.926    13.0342   4.123957    35.1884       3535    14.7250  0.000e+00
     97.902    13.0329   4.123810    35.1882       3536    14.7292  0.000e+00
     97.874    13.0318   4.123557    35.1868       3537    14.7333  0.000e+00
     97.847    13.0305   4.123384    35.1865       3538    14.7375  0.000e+00
     97.819    13.0292   4.123418    35.1879       3539    14.7417  0.000e+00
     97.783    13.0287   4.123384    35.1882       3540    14.7458  0.000e+00
     97.746    13.0281   4.123358    35.1884       3541    14.7500  0.000e+00
     97.709    13.0277   4.123384    35.1891       3542    14.7542  0.000e+00
     97.679    13.0278   4.123384    35.1890       3543    14.7583  0.000e+00
     97.633    13.0277   4.123384    35.1892       3544    14.7625  0.000e+00
     97.591    13.0278   4.123358    35.1888       3545    14.7667  0.000e+00
     97.551    13.0277   4.123384    35.1892       3546    14.7708  0.000e+00
     97.511    13.0275   4.123158    35.1872       3547    14.7750  0.000e+00
     97.462    13.0271   4.123018    35.1863       3548    14.7792  0.000e+00
     97.408    13.0261   4.122705    35.1843       3549    14.7833  0.000e+00
     97.356    13.0247   4.122479    35.1834       3550    14.7875  0.000e+00
     97.295    13.0232   4.122446    35.1845       3551    14.7917  0.000e+00
     97.231    13.0221   4.121940    35.1807       3552    14.7958  0.000e+00
     97.167    13.0205   4.121368    35.1768       3553    14.8000  0.000e+00
     97.087    13.0173   4.121228    35.1785       3554    14.8042  0.000e+00
     97.017    13.0147   4.121255    35.1812       3555    14.8083  0.000e+00
     96.935    13.0132   4.121055    35.1807       3556    14.8125  0.000e+00
     96.865    13.0121   4.120430    35.1757       3557    14.8167  0.000e+00
     96.795    13.0099   4.119977    35.1735       3558    14.8208  0.000e+00
     96.725    13.0071   4.119917    35.1756       3559    14.8250  0.000e+00
     96.664    13.0049   4.120004    35.1785       3560    14.8292  0.000e+00
     96.609    13.0039   4.119718    35.1767       3561    14.8333  0.000e+00
     96.572    13.0027   4.119179    35.1727       3562    14.8375  0.000e+00
     96.532    13.0008   4.118953    35.1723       3563    14.8417  0.000e+00
     96.508    12.9984   4.119012    35.1751       3564    14.8458  0.000e+00
     96.499    12.9973   4.118926    35.1753       3565    14.8500  0.000e+00
     96.493    12.9965   4.118866    35.1755       3566    14.8542  0.000e+00
     96.496    12.9959   4.118926    35.1766       3567    14.8583  0.000e+00
     96.502    12.9957   4.118953    35.1770       3568    14.8625  0.000e+00
     96.526    12.9958   4.118979    35.1772       3569    14.8667  0.000e+00
     96.535    12.9961   4.119039    35.1775       3570    14.8708  0.000e+00
     96.554    12.9963   4.119212    35.1789       3571    14.8750  0.000e+00
     96.560    12.9970   4.119292    35.1791       3572    14.8792  0.000e+00
     96.566    12.9978   4.119405    35.1794       3573    14.8833  0.000e+00
     96.569    12.9986   4.119638    35.1809       3574    14.8875  0.000e+00
     96.560    12.9995   4.119605    35.1797       3575    14.8917  0.000e+00
     96.535    13.0004   4.119378    35.1767       3576    14.8958  0.000e+00
     96.496    13.0002   4.119179    35.1751       3577    14.9000  0.000e+00
     96.447    12.9990   4.119126    35.1757       3578    14.9042  0.000e+00
     96.389    12.9983   4.118813    35.1733       3579    14.9083  0.000e+00
     96.328    12.9970   4.118700    35.1735       3580    14.9125  0.000e+00
     96.270    12.9956   4.118274    35.1708       3581    14.9167  0.000e+00
     96.194    12.9937   4.118101    35.1709       3582    14.9208  0.000e+00
     96.130    12.9918   4.117928    35.1711       3583    14.9250  0.000e+00
     96.060    12.9903   4.117875    35.1720       3584    14.9292  0.000e+00
     95.993    12.9892   4.117762    35.1719       3585    14.9333  0.000e+00
     95.932    12.9885   4.117815    35.1731       3586    14.9375  0.000e+00
     95.862    12.9882   4.117675    35.1721       3587    14.9417  0.000e+00
     95.788    12.9881   4.117675    35.1723       3588    14.9458  0.000e+00
     95.724    12.9879   4.117675    35.1724       3589    14.9500  0.000e+00
     95.654    12.9878   4.117702    35.1728       3590    14.9542  0.000e+00
     95.581    12.9879   4.117735    35.1731       3591    14.9583  0.000e+00
     95.514    12.9881   4.117788    35.1734       3592    14.9625  0.000e+00
     95.450    12.9887   4.117988    35.1749       3593    14.9667  0.000e+00
     95.368    12.9896   4.118014    35.1742       3594    14.9708  0.000e+00
     95.313    12.9904   4.117901    35.1725       3595    14.9750  0.000e+00
     95.255    12.9902   4.117901    35.1727       3596    14.9792  0.000e+00
     95.203    12.9901   4.118014    35.1739       3597    14.9833  0.000e+00
     95.166    12.9904   4.117928    35.1728       3598    14.9875  0.000e+00
     95.130    12.9905   4.117874    35.1722       3599    14.9917  0.000e+00
     95.114    12.9902   4.117874    35.1725       3600    14.9958  0.000e+00
     95.099    12.9898   4.117815    35.1723       3601    15.0000  0.000e+00
     95.093    12.9896   4.117815    35.1724       3602    15.0042  0.000e+00
     95.087    12.9894   4.117901    35.1735       3603    15.0083  0.000e+00
     95.111    12.9898   4.117901    35.1731       3604    15.0125  0.000e+00
     95.136    12.9901   4.117848    35.1723       3605    15.0167  0.000e+00
     95.160    12.9902   4.117848    35.1723       3606    15.0208  0.000e+00
     95.188    12.9900   4.117848    35.1724       3607    15.0250  0.000e+00
     95.206    12.9898   4.117848    35.1725       3608    15.0292  0.000e+00
     95.221    12.9897   4.117815    35.1723       3609    15.0333  0.000e+00
     95.236    12.9897   4.117788    35.1721       3610    15.0375  0.000e+00
     95.236    12.9894   4.118161    35.1759       3611    15.0417  0.000e+00
     95.236    12.9905   4.118360    35.1767       3612    15.0458  0.000e+00
     95.215    12.9922   4.118274    35.1744       3613    15.0500  0.000e+00
     95.179    12.9930   4.118074    35.1717       3614    15.0542  0.000e+00
     95.127    12.9926   4.117309    35.1649       3615    15.0583  0.000e+00
     95.057    12.9898   4.117389    35.1682       3616    15.0625  0.000e+00
     94.983    12.9880   4.117249    35.1686       3617    15.0667  0.000e+00
     94.910    12.9867   4.116883    35.1664       3618    15.0708  0.000e+00
     94.819    12.9852   4.116850    35.1675       3619    15.0750  0.000e+00
     94.721    12.9839   4.116225    35.1628       3620    15.0792  0.000e+00
     94.624    12.9819   4.115207    35.1549       3621    15.0833  0.000e+00
     94.523    12.9771   4.114609    35.1537       3622    15.0875  0.000e+00
     94.410    12.9720   4.114808    35.1604       3623    15.0917  0.000e+00
     94.316    12.9698   4.114808    35.1626       3624    15.0958  0.000e+00
     94.218    12.9687   4.114383    35.1596       3625    15.1000  0.000e+00
     94.114    12.9675   4.114329    35.1602       3626    15.1042  0.000e+00
     94.041    12.9663   4.114808    35.1659       3627    15.1083  0.000e+00
     93.971    12.9667   4.114755    35.1650       3628    15.1125  0.000e+00
     93.910    12.9675   4.114555    35.1624       3629    15.1167  0.000e+00
     93.861    12.9676   4.113984    35.1569       3630    15.1208  0.000e+00
     93.837    12.9657   4.114017    35.1590       3631    15.1250  0.000e+00
     93.822    12.9644   4.114296    35.1629       3632    15.1292  0.000e+00
     93.828    12.9642   4.114496    35.1649       3633    15.1333  0.000e+00
     93.852    12.9653   4.114270    35.1618       3634    15.1375  0.000e+00
     93.870    12.9655   4.114183    35.1608       3635    15.1417  0.000e+00
     93.901    12.9651   4.114130    35.1605       3636    15.1458  0.000e+00
     93.934    12.9646   4.114043    35.1602       3637    15.1500  0.000e+00
     93.968    12.9640   4.114044    35.1607       3638    15.1542  0.000e+00
     93.992    12.9637   4.113984    35.1604       3639    15.1583  0.000e+00
     94.001    12.9634   4.114044    35.1613       3640    15.1625  0.000e+00
     93.989    12.9633   4.114044    35.1614       3641    15.1667  0.000e+00
     93.983    12.9635   4.114130    35.1621       3642    15.1708  0.000e+00
     93.950    12.9636   4.114183    35.1625       3643    15.1750  0.000e+00
     93.892    12.9639   4.114157    35.1619       3644    15.1792  0.000e+00
     93.837    12.9642   4.114243    35.1625       3645    15.1833  0.000e+00
     93.761    12.9645   4.114156    35.1615       3646    15.1875  0.000e+00
     93.678    12.9646   4.114097    35.1608       3647    15.1917  0.000e+00
     93.602    12.9644   4.114130    35.1614       3648    15.1958  0.000e+00
     93.507    12.9645   4.114070    35.1607       3649    15.2000  0.000e+00
     93.431    12.9647   4.114243    35.1622       3650    15.2042  0.000e+00
     93.352    12.9650   4.114156    35.1612       3651    15.2083  0.000e+00
     93.273    12.9650   4.113870    35.1584       3652    15.2125  0.000e+00
     93.209    12.9644   4.113365    35.1542       3653    15.2167  0.000e+00
     93.148    12.9625   4.113445    35.1568       3654    15.2208  0.000e+00
     93.099    12.9611   4.113279    35.1566       3655    15.2250  0.000e+00
     93.056    12.9601   4.113704    35.1615       3656    15.2292  0.000e+00
     93.038    12.9603   4.113644    35.1607       3657    15.2333  0.000e+00
     93.020    12.9614   4.114096    35.1640       3658    15.2375  0.000e+00
     93.013    12.9625   4.113757    35.1598       3659    15.2417  0.000e+00
     93.020    12.9627   4.113704    35.1591       3660    15.2458  0.000e+00
     93.038    12.9624   4.113870    35.1610       3661    15.2500  0.000e+00
     93.050    12.9628   4.113930    35.1612       3662    15.2542  0.000e+00
     93.065    12.9633   4.113704    35.1585       3663    15.2583  0.000e+00
     93.074    12.9627   4.114296    35.1647       3664    15.2625  0.000e+00
     93.084    12.9640   4.114469    35.1652       3665    15.2667  0.000e+00
     93.074    12.9657   4.114642    35.1652       3666    15.2708  0.000e+00
     93.053    12.9671   4.113677    35.1548       3667    15.2750  0.000e+00
     93.010    12.9657   4.113704    35.1563       3668    15.2792  0.000e+00
     92.962    12.9641   4.113019    35.1513       3669    15.2833  0.000e+00
     92.885    12.9612   4.113165    35.1554       3670    15.2875  0.000e+00
     92.797    12.9594   4.113245    35.1579       3671    15.2917  0.000e+00
     92.693    12.9587   4.113052    35.1567       3672    15.2958  0.000e+00
     92.577    12.9582   4.112826    35.1551       3673    15.3000  0.000e+00
     92.458    12.9574   4.112627    35.1540       3674    15.3042  0.000e+00
     92.327    12.9559   4.112341    35.1527       3675    15.3083  0.000e+00
     92.218    12.9545   4.112288    35.1536       3676    15.3125  0.000e+00
     92.114    12.9532   4.112228    35.1542       3677    15.3167  0.000e+00
     92.010    12.9527   4.112141    35.1539       3678    15.3208  0.000e+00
     91.919    12.9521   4.112201    35.1551       3679    15.3250  0.000e+00
     91.833    12.9520   4.112141    35.1546       3680    15.3292  0.000e+00
     91.769    12.9521   4.112088    35.1541       3681    15.3333  0.000e+00
     91.696    12.9522   4.111862    35.1519       3682    15.3375  0.000e+00
     91.660    12.9514   4.111802    35.1520       3683    15.3417  0.000e+00
     91.632    12.9506   4.111576    35.1506       3684    15.3458  0.000e+00
     91.617    12.9497   4.111802    35.1536       3685    15.3500  0.000e+00
     91.632    12.9492   4.111802    35.1541       3686    15.3542  0.000e+00
     91.663    12.9494   4.111862    35.1544       3687    15.3583  0.000e+00
     91.696    12.9498   4.111862    35.1541       3688    15.3625  0.000e+00
     91.733    12.9500   4.111749    35.1528       3689    15.3667  0.000e+00
     91.775    12.9499   4.111716    35.1526       3690    15.3708  0.000e+00
     91.821    12.9494   4.111663    35.1525       3691    15.3750  0.000e+00
     91.879    12.9491   4.111689    35.1530       3692    15.3792  0.000e+00
     91.922    12.9489   4.111689    35.1532       3693    15.3833  0.000e+00
     91.968    12.9488   4.111716    35.1535       3694    15.3875  0.000e+00
     91.986    12.9488   4.111776    35.1541       3695    15.3917  0.000e+00
     91.989    12.9489   4.111829    35.1545       3696    15.3958  0.000e+00
     91.971    12.9494   4.111915    35.1548       3697    15.4000  0.000e+00
     91.952    12.9499   4.112028    35.1555       3698    15.4042  0.000e+00
     91.907    12.9503   4.112028    35.1551       3699    15.4083  0.000e+00
     91.830    12.9507   4.111975    35.1542       3700    15.4125  0.000e+00
     91.760    12.9509   4.112028    35.1546       3701    15.4167  0.000e+00
     91.663    12.9510   4.112002    35.1543       3702    15.4208  0.000e+00
