PC2501/sbe043.cnv
* Sea-Bird SBE 19plus Data File:
* FileName = C:\cruise\data\sbe043.hex
* Software Version Seasave V 7.26.7.121
* Temperature SN = 4684
* Conductivity SN = 4684
* System UpLoad Time = Jan 20 2025 21:57:14
* NMEA Latitude = 36 50.16 N
* NMEA Longitude = 075 40.65 W
* NMEA UTC (Time) = Jan 20 2025  21:56:40
** Ship: Pisces
** Cruise:  PC2501
** Program:  AMAPPS
# nquan = 7
# nvalues = 1260                                  
# units = specified
# name 0 = depSM: Depth [salt water, m]
# name 1 = tv290C: Temperature [ITS-90, deg C]
# name 2 = c0S/m: Conductivity [S/m]
# name 3 = sal00: Salinity, Practical [PSU]
# name 4 = scan: Scan Count
# name 5 = timeM: Time, Elapsed [minutes]
# name 6 = flag:  0.000e+00
# span 0 =      0.084,     19.580                 
# span 1 =     2.5020,     6.6771                 
# span 2 =   0.000042,   3.347376                 
# span 3 =     0.0003,    35.1030                 
# span 4 =         11,       1270                 
# span 5 =     0.0417,     5.2875                 
# span 6 = 0.0000e+00, 0.0000e+00                 
# interval = seconds: 0.25
# start_time = Jan 20 2025 21:56:40 [NMEA time, header]
# bad_flag = -9.990e-29
*END*
[from data line 616]
     15.653     6.6608   3.344448    33.2987        627     2.6083  0.000e+00
     15.613     6.6583   3.344472    33.3013        628     2.6125  0.000e+00
     15.573     6.6564   3.344283    33.3012        629     2.6167  0.000e+00
     15.537     6.6551   3.344405    33.3038        630     2.6208  0.000e+00
     15.497     6.6545   3.343964    33.2995        631     2.6250  0.000e+00
     15.464     6.6529   3.344136    33.3029        632     2.6292  0.000e+00
     15.442     6.6523   3.344111    33.3033        633     2.6333  0.000e+00
     15.424     6.6521   3.344111    33.3035        634     2.6375  0.000e+00
     15.403     6.6523   3.344889    33.3119        635     2.6417  0.000e+00
     15.390     6.6545   3.344864    33.3095        636     2.6458  0.000e+00
     15.384     6.6570   3.344595    33.3041        637     2.6500  0.000e+00
     15.393     6.6569   3.344307    33.3010        638     2.6542  0.000e+00
     15.390     6.6557   3.344472    33.3040        639     2.6583  0.000e+00
     15.384     6.6553   3.344472    33.3044        640     2.6625  0.000e+00
     15.384     6.6553   3.344448    33.3042        641     2.6667  0.000e+00
     15.384     6.6554   3.344521    33.3049        642     2.6708  0.000e+00
     15.378     6.6556   3.344791    33.3076        643     2.6750  0.000e+00
     15.372     6.6565   3.344889    33.3079        644     2.6792  0.000e+00
     15.360     6.6576   3.344619    33.3038        645     2.6833  0.000e+00
     15.338     6.6575   3.344619    33.3039        646     2.6875  0.000e+00
     15.317     6.6570   3.344815    33.3065        647     2.6917  0.000e+00
     15.293     6.6573   3.344791    33.3060        648     2.6958  0.000e+00
     15.259     6.6576   3.344987    33.3079        649     2.7000  0.000e+00
     15.210     6.6584   3.345085    33.3083        650     2.7042  0.000e+00
     15.168     6.6593   3.345060    33.3072        651     2.7083  0.000e+00
     15.122     6.6599   3.345036    33.3063        652     2.7125  0.000e+00
     15.067     6.6599   3.344889    33.3047        653     2.7167  0.000e+00
     15.012     6.6596   3.344840    33.3045        654     2.7208  0.000e+00
     14.948     6.6590   3.344380    33.3000        655     2.7250  0.000e+00
     14.887     6.6572   3.344013    33.2977        656     2.7292  0.000e+00
     14.829     6.6545   3.343621    33.2961        657     2.7333  0.000e+00
     14.783     6.6516   3.343548    33.2981        658     2.7375  0.000e+00
     14.719     6.6494   3.343572    33.3005        659     2.7417  0.000e+00
     14.671     6.6481   3.343817    33.3045        660     2.7458  0.000e+00
     14.622     6.6487   3.343817    33.3039        661     2.7500  0.000e+00
     14.579     6.6493   3.343597    33.3010        662     2.7542  0.000e+00
     14.539     6.6489   3.343015    33.2949        663     2.7583  0.000e+00
     14.503     6.6464   3.343260    33.3001        664     2.7625  0.000e+00
     14.475     6.6450   3.343670    33.3060        665     2.7667  0.000e+00
     14.439     6.6468   3.344356    33.3118        666     2.7708  0.000e+00
     14.417     6.6501   3.343890    33.3035        667     2.7750  0.000e+00
     14.393     6.6510   3.344331    33.3075        668     2.7792  0.000e+00
     14.369     6.6523   3.343792    33.3003        669     2.7833  0.000e+00
     14.344     6.6516   3.343743    33.3004        670     2.7875  0.000e+00
     14.323     6.6504   3.344840    33.3137        671     2.7917  0.000e+00
     14.292     6.6539   3.344815    33.3101        672     2.7958  0.000e+00
     14.280     6.6562   3.344160    33.3006        673     2.8000  0.000e+00
     14.268     6.6555   3.343841    33.2977        674     2.8042  0.000e+00
     14.247     6.6532   3.343186    33.2928        675     2.8083  0.000e+00
     14.231     6.6496   3.342623    33.2901        676     2.8125  0.000e+00
     14.201     6.6453   3.343431    33.3032        677     2.8167  0.000e+00
     14.177     6.6449   3.342531    33.2937        678     2.8208  0.000e+00
     14.143     6.6430   3.342574    33.2960        679     2.8250  0.000e+00
     14.116     6.6411   3.341846    33.2899        680     2.8292  0.000e+00
     14.076     6.6382   3.342066    33.2951        681     2.8333  0.000e+00
     14.036     6.6363   3.342237    33.2988        682     2.8375  0.000e+00
     13.981     6.6364   3.342213    33.2985        683     2.8417  0.000e+00
     13.927     6.6364   3.341919    33.2953        684     2.8458  0.000e+00
     13.872     6.6359   3.341748    33.2939        685     2.8500  0.000e+00
     13.808     6.6343   3.342917    33.3084        686     2.8542  0.000e+00
     13.725     6.6376   3.343964    33.3168        687     2.8583  0.000e+00
     13.646     6.6435   3.342507    33.2951        688     2.8625  0.000e+00
     13.576     6.6435   3.342433    33.2943        689     2.8667  0.000e+00
     13.506     6.6411   3.342311    33.2952        690     2.8708  0.000e+00
     13.445     6.6398   3.342458    33.2982        691     2.8750  0.000e+00
     13.390     6.6390   3.342139    33.2954        692     2.8792  0.000e+00
     13.338     6.6379   3.341607    33.2907        693     2.8833  0.000e+00
     13.301     6.6360   3.342794    33.3057        694     2.8875  0.000e+00
     13.268     6.6373   3.343015    33.3069        695     2.8917  0.000e+00
     13.234     6.6407   3.342843    33.3017        696     2.8958  0.000e+00
     13.225     6.6420   3.342990    33.3020        697     2.9000  0.000e+00
     13.210     6.6428   3.342966    33.3010        698     2.9042  0.000e+00
     13.216     6.6431   3.342843    33.2993        699     2.9083  0.000e+00
     13.216     6.6429   3.342623    33.2971        700     2.9125  0.000e+00
     13.222     6.6421   3.342482    33.2963        701     2.9167  0.000e+00
     13.231     6.6407   3.341582    33.2877        702     2.9208  0.000e+00
     13.240     6.6368   3.341386    33.2894        703     2.9250  0.000e+00
     13.243     6.6334   3.341533    33.2943        704     2.9292  0.000e+00
     13.253     6.6325   3.341656    33.2966        705     2.9333  0.000e+00
     13.259     6.6324   3.341656    33.2966        706     2.9375  0.000e+00
     13.259     6.6326   3.341656    33.2964        707     2.9417  0.000e+00
     13.237     6.6325   3.341656    33.2966        708     2.9458  0.000e+00
     13.210     6.6326   3.341582    33.2957        709     2.9500  0.000e+00
     13.173     6.6326   3.342672    33.3077        710     2.9542  0.000e+00
     13.134     6.6357   3.342868    33.3068        711     2.9583  0.000e+00
     13.088     6.6392   3.342555    33.3001        712     2.9625  0.000e+00
     13.027     6.6403   3.342360    33.2968        713     2.9667  0.000e+00
     12.972     6.6395   3.342574    33.3000        714     2.9708  0.000e+00
     12.908     6.6397   3.342598    33.3001        715     2.9750  0.000e+00
     12.835     6.6402   3.342843    33.3024        716     2.9792  0.000e+00
     12.762     6.6412   3.342696    33.2998        717     2.9833  0.000e+00
     12.688     6.6414   3.342310    33.2953        718     2.9875  0.000e+00
     12.618     6.6402   3.342286    33.2963        719     2.9917  0.000e+00
     12.548     6.6392   3.342188    33.2963        720     2.9958  0.000e+00
     12.481     6.6382   3.342017    33.2953        721     3.0000  0.000e+00
     12.414     6.6371   3.341655    33.2925        722     3.0042  0.000e+00
     12.362     6.6355   3.341484    33.2922        723     3.0083  0.000e+00
     12.301     6.6334   3.341313    33.2923        724     3.0125  0.000e+00
     12.261     6.6315   3.341870    33.3003        725     3.0167  0.000e+00
     12.225     6.6325   3.341772    33.2983        726     3.0208  0.000e+00
     12.188     6.6335   3.341337    33.2925        727     3.0250  0.000e+00
     12.149     6.6325   3.341215    33.2922        728     3.0292  0.000e+00
     12.130     6.6310   3.341117    33.2926        729     3.0333  0.000e+00
     12.097     6.6298   3.341190    33.2946        730     3.0375  0.000e+00
     12.063     6.6292   3.340780    33.2906        731     3.0417  0.000e+00
     12.039     6.6278   3.340731    33.2914        732     3.0458  0.000e+00
     12.018     6.6262   3.340119    33.2863        733     3.0500  0.000e+00
     12.002     6.6236   3.340217    33.2899        734     3.0542  0.000e+00
     11.984     6.6226   3.341582    33.3060        735     3.0583  0.000e+00
     11.969     6.6254   3.341992    33.3078        736     3.0625  0.000e+00
     11.957     6.6304   3.341631    33.2989        737     3.0667  0.000e+00
     11.944     6.6322   3.341557    33.2963        738     3.0708  0.000e+00
     11.950     6.6325   3.342482    33.3063        739     3.0750  0.000e+00
     11.935     6.6352   3.343259    33.3122        740     3.0792  0.000e+00
     11.926     6.6402   3.342531    33.2994        741     3.0833  0.000e+00
     11.914     6.6409   3.341918    33.2919        742     3.0875  0.000e+00
     11.905     6.6386   3.341215    33.2864        743     3.0917  0.000e+00
     11.899     6.6346   3.341655    33.2951        744     3.0958  0.000e+00
     11.883     6.6333   3.341845    33.2985        745     3.1000  0.000e+00
     11.859     6.6338   3.341582    33.2952        746     3.1042  0.000e+00
     11.844     6.6336   3.341410    33.2934        747     3.1083  0.000e+00
     11.807     6.6326   3.341459    33.2950        748     3.1125  0.000e+00
     11.780     6.6321   3.341484    33.2957        749     3.1167  0.000e+00
     11.737     6.6319   3.341337    33.2944        750     3.1208  0.000e+00
     11.685     6.6314   3.341484    33.2964        751     3.1250  0.000e+00
     11.630     6.6313   3.341337    33.2949        752     3.1292  0.000e+00
     11.569     6.6313   3.341435    33.2961        753     3.1333  0.000e+00
     11.520     6.6313   3.341288    33.2945        754     3.1375  0.000e+00
     11.453     6.6312   3.340731    33.2885        755     3.1417  0.000e+00
     11.398     6.6292   3.340462    33.2874        756     3.1458  0.000e+00
     11.350     6.6269   3.341166    33.2975        757     3.1500  0.000e+00
     11.310     6.6273   3.340878    33.2940        758     3.1542  0.000e+00
     11.261     6.6278   3.341227    33.2973        759     3.1583  0.000e+00
     11.228     6.6285   3.341165    33.2960        760     3.1625  0.000e+00
     11.203     6.6293   3.341288    33.2966        761     3.1667  0.000e+00
     11.173     6.6299   3.341288    33.2960        762     3.1708  0.000e+00
     11.148     6.6302   3.341263    33.2955        763     3.1750  0.000e+00
     11.130     6.6304   3.341165    33.2941        764     3.1792  0.000e+00
     11.112     6.6300   3.340878    33.2914        765     3.1833  0.000e+00
     11.093     6.6290   3.340608    33.2894        766     3.1875  0.000e+00
     11.084     6.6274   3.341214    33.2977        767     3.1917  0.000e+00
     11.066     6.6283   3.341067    33.2952        768     3.1958  0.000e+00
     11.041     6.6286   3.341043    33.2946        769     3.2000  0.000e+00
     11.014     6.6288   3.341116    33.2953        770     3.2042  0.000e+00
     10.981     6.6290   3.341165    33.2957        771     3.2083  0.000e+00
     10.935     6.6294   3.341043    33.2939        772     3.2125  0.000e+00
     10.883     6.6292   3.341239    33.2962        773     3.2167  0.000e+00
     10.816     6.6295   3.340731    33.2905        774     3.2208  0.000e+00
     10.761     6.6285   3.340994    33.2943        775     3.2250  0.000e+00
     10.694     6.6281   3.340682    33.2913        776     3.2292  0.000e+00
     10.636     6.6276   3.340878    33.2940        777     3.2333  0.000e+00
     10.572     6.6274   3.340829    33.2937        778     3.2375  0.000e+00
     10.505     6.6275   3.340682    33.2920        779     3.2417  0.000e+00
     10.459     6.6269   3.340339    33.2888        780     3.2458  0.000e+00
     10.413     6.6255   3.340388    33.2907        781     3.2500  0.000e+00
     10.380     6.6244   3.340437    33.2923        782     3.2542  0.000e+00
     10.352     6.6244   3.340584    33.2940        783     3.2583  0.000e+00
     10.325     6.6248   3.340755    33.2955        784     3.2625  0.000e+00
     10.316     6.6257   3.340878    33.2960        785     3.2667  0.000e+00
     10.304     6.6267   3.340994    33.2963        786     3.2708  0.000e+00
     10.313     6.6277   3.340920    33.2945        787     3.2750  0.000e+00
     10.331     6.6280   3.340706    33.2918        788     3.2792  0.000e+00
     10.343     6.6275   3.340486    33.2899        789     3.2833  0.000e+00
     10.346     6.6263   3.340241    33.2884        790     3.2875  0.000e+00
     10.361     6.6248   3.340192    33.2893        791     3.2917  0.000e+00
     10.383     6.6236   3.340192    33.2904        792     3.2958  0.000e+00
     10.377     6.6230   3.340339    33.2926        793     3.3000  0.000e+00
     10.361     6.6232   3.340241    33.2914        794     3.3042  0.000e+00
     10.352     6.6231   3.340584    33.2953        795     3.3083  0.000e+00
     10.331     6.6240   3.340363    33.2919        796     3.3125  0.000e+00
     10.303     6.6241   3.340510    33.2935        797     3.3167  0.000e+00
     10.267     6.6244   3.340216    33.2900        798     3.3208  0.000e+00
     10.215     6.6240   3.340363    33.2920        799     3.3250  0.000e+00
     10.172     6.6237   3.340363    33.2923        800     3.3292  0.000e+00
     10.130     6.6238   3.340314    33.2918        801     3.3333  0.000e+00
     10.087     6.6236   3.340241    33.2911        802     3.3375  0.000e+00
     10.032     6.6232   3.340045    33.2894        803     3.3417  0.000e+00
      9.989     6.6226   3.340094    33.2905        804     3.3458  0.000e+00
      9.944     6.6221   3.340045    33.2905        805     3.3500  0.000e+00
      9.898     6.6218   3.340070    33.2911        806     3.3542  0.000e+00
      9.867     6.6217   3.340118    33.2917        807     3.3583  0.000e+00
      9.822     6.6218   3.340094    33.2914        808     3.3625  0.000e+00
      9.782     6.6218   3.340290    33.2935        809     3.3667  0.000e+00
      9.739     6.6224   3.340314    33.2933        810     3.3708  0.000e+00
      9.700     6.6232   3.340339    33.2928        811     3.3750  0.000e+00
      9.654     6.6235   3.340388    33.2931        812     3.3792  0.000e+00
      9.620     6.6238   3.340363    33.2925        813     3.3833  0.000e+00
      9.578     6.6240   3.340290    33.2915        814     3.3875  0.000e+00
      9.547     6.6238   3.340412    33.2931        815     3.3917  0.000e+00
      9.523     6.6239   3.340461    33.2935        816     3.3958  0.000e+00
      9.514     6.6244   3.340437    33.2928        817     3.4000  0.000e+00
      9.501     6.6249   3.341361    33.3025        818     3.4042  0.000e+00
      9.501     6.6271   3.340730    33.2934        819     3.4083  0.000e+00
      9.495     6.6277   3.340388    33.2891        820     3.4125  0.000e+00
      9.498     6.6262   3.340002    33.2862        821     3.4167  0.000e+00
      9.495     6.6236   3.340339    33.2924        822     3.4208  0.000e+00
      9.498     6.6230   3.340363    33.2933        823     3.4250  0.000e+00
      9.498     6.6234   3.339733    33.2860        824     3.4292  0.000e+00
      9.492     6.6214   3.339537    33.2858        825     3.4333  0.000e+00
      9.489     6.6185   3.338858    33.2811        826     3.4375  0.000e+00
      9.465     6.6144   3.338686    33.2831        827     3.4417  0.000e+00
      9.434     6.6107   3.339054    33.2908        828     3.4458  0.000e+00
      9.398     6.6101   3.338760    33.2882        829     3.4500  0.000e+00
      9.361     6.6097   3.338858    33.2897        830     3.4542  0.000e+00
