PC2501/sbe022.cnv
* Sea-Bird SBE 19plus Data File:
* FileName = C:\cruise\data\sbe022.hex
* Software Version Seasave V 7.26.7.121
* Temperature SN = 4684
* Conductivity SN = 4684
* System UpLoad Time = Jan 14 2025 23:29:02
* NMEA Latitude = 39 02.66 N
* NMEA Longitude = 074 15.70 W
* NMEA UTC (Time) = Jan 14 2025  23:28:24
** Ship: Pisces
** Cruise:  PC2501
** Program:  AMAPPS
# nquan = 7
# nvalues = 1285                                  
# units = specified
# name 0 = depSM: Depth [salt water, m]
# name 1 = tv290C: Temperature [ITS-90, deg C]
# name 2 = c0S/m: Conductivity [S/m]
# name 3 = sal00: Salinity, Practical [PSU]
# name 4 = scan: Scan Count
# name 5 = timeM: Time, Elapsed [minutes]
# name 6 = flag:  0.000e+00
# span 0 =     -0.077,     24.402                 
# span 1 =    -0.6457,     5.8018                 
# span 2 =  -0.054088,   3.229164                 
# span 3 =    -0.0023,    33.6880                 
# span 4 =         11,       1295                 
# span 5 =     0.0417,     5.3917                 
# span 6 = 0.0000e+00, 0.0000e+00                 
# interval = seconds: 0.25
# start_time = Jan 14 2025 23:28:24 [NMEA time, header]
# bad_flag = -9.990e-29
*END*
[from data line 206]
      6.434     5.7492   3.219783    32.7986        217     0.9000  0.000e+00
      6.492     5.7487   3.219499    32.7957        218     0.9042  0.000e+00
      6.575     5.7486   3.219035    32.7906        219     0.9083  0.000e+00
      6.657     5.7488   3.217243    32.7701        220     0.9125  0.000e+00
      6.770     5.7472   3.209200    32.6808        221     0.9167  0.000e+00
      6.879     5.7437   3.206182    32.6501        222     0.9208  0.000e+00
      7.010     5.7418   3.207808    32.6703        223     0.9250  0.000e+00
      7.138     5.7310   3.214566    32.7570        224     0.9292  0.000e+00
      7.269     5.7288   3.218124    32.7992        225     0.9333  0.000e+00
      7.407     5.7302   3.219174    32.8096        226     0.9375  0.000e+00
      7.525     5.7346   3.219548    32.8095        227     0.9417  0.000e+00
      7.632     5.7405   3.220459    32.8140        228     0.9458  0.000e+00
      7.699     5.7449   3.220924    32.8149        229     0.9500  0.000e+00
      7.739     5.7484   3.220248    32.8039        230     0.9542  0.000e+00
      7.772     5.7510   3.219711    32.7953        231     0.9583  0.000e+00
      7.803     5.7530   3.220640    32.8038        232     0.9625  0.000e+00
      7.833     5.7537   3.221503    32.8129        233     0.9667  0.000e+00
      7.882     5.7524   3.221811    32.8176        234     0.9708  0.000e+00
      7.913     5.7535   3.221739    32.8157        235     0.9750  0.000e+00
      7.964     5.7571   3.221527    32.8097        236     0.9792  0.000e+00
      8.016     5.7595   3.221250    32.8043        237     0.9833  0.000e+00
      8.077     5.7603   3.218637    32.7739        238     0.9875  0.000e+00
      8.162     5.7592   3.212220    32.7026        239     0.9917  0.000e+00
      8.272     5.7558   3.211316    32.6957        240     0.9958  0.000e+00
      8.391     5.7547   3.217123    32.7621        241     1.0000  0.000e+00
      8.522     5.7552   3.219784    32.7917        242     1.0042  0.000e+00
      8.662     5.7565   3.221015    32.8042        243     1.0083  0.000e+00
      8.781     5.7540   3.221461    32.8116        244     1.0125  0.000e+00
      8.894     5.7532   3.221950    32.8178        245     1.0167  0.000e+00
      8.991     5.7549   3.221878    32.8154        246     1.0208  0.000e+00
      9.055     5.7564   3.221250    32.8068        247     1.0250  0.000e+00
      9.110     5.7579   3.221178    32.8045        248     1.0292  0.000e+00
      9.162     5.7592   3.222602    32.8193        249     1.0333  0.000e+00
      9.205     5.7590   3.223254    32.8268        250     1.0375  0.000e+00
      9.220     5.7612   3.223652    32.8291        251     1.0417  0.000e+00
      9.226     5.7658   3.224003    32.8286        252     1.0458  0.000e+00
      9.220     5.7707   3.225965    32.8459        253     1.0500  0.000e+00
      9.214     5.7751   3.227130    32.8548        254     1.0542  0.000e+00
      9.226     5.7799   3.227269    32.8517        255     1.0583  0.000e+00
      9.226     5.7835   3.227293    32.8485        256     1.0625  0.000e+00
      9.253     5.7854   3.227366    32.8474        257     1.0667  0.000e+00
      9.324     5.7866   3.227341    32.8459        258     1.0708  0.000e+00
      9.385     5.7869   3.227384    32.8461        259     1.0750  0.000e+00
      9.473     5.7870   3.227432    32.8465        260     1.0792  0.000e+00
      9.573     5.7873   3.227432    32.8462        261     1.0833  0.000e+00
      9.686     5.7875   3.227480    32.8464        262     1.0875  0.000e+00
      9.820     5.7878   3.227480    32.8461        263     1.0917  0.000e+00
      9.954     5.7880   3.227481    32.8458        264     1.0958  0.000e+00
     10.089     5.7880   3.227529    32.8463        265     1.1000  0.000e+00
     10.217     5.7882   3.227571    32.8465        266     1.1042  0.000e+00
     10.326     5.7884   3.227529    32.8457        267     1.1083  0.000e+00
     10.436     5.7882   3.227529    32.8459        268     1.1125  0.000e+00
     10.527     5.7881   3.227571    32.8465        269     1.1167  0.000e+00
     10.607     5.7881   3.227595    32.8467        270     1.1208  0.000e+00
     10.637     5.7879   3.227553    32.8464        271     1.1250  0.000e+00
     10.668     5.7879   3.227553    32.8464        272     1.1292  0.000e+00
     10.677     5.7878   3.227553    32.8465        273     1.1333  0.000e+00
     10.698     5.7878   3.227553    32.8465        274     1.1375  0.000e+00
     10.723     5.7877   3.227553    32.8465        275     1.1417  0.000e+00
     10.765     5.7878   3.227553    32.8464        276     1.1458  0.000e+00
     10.814     5.7875   3.227571    32.8469        277     1.1500  0.000e+00
     10.881     5.7876   3.227571    32.8468        278     1.1542  0.000e+00
     10.963     5.7876   3.227553    32.8465        279     1.1583  0.000e+00
     11.061     5.7876   3.227553    32.8464        280     1.1625  0.000e+00
     11.195     5.7875   3.227596    32.8469        281     1.1667  0.000e+00
     11.323     5.7875   3.227572    32.8466        282     1.1708  0.000e+00
     11.457     5.7875   3.227644    32.8474        283     1.1750  0.000e+00
     11.582     5.7876   3.227620    32.8469        284     1.1792  0.000e+00
     11.701     5.7877   3.227644    32.8471        285     1.1833  0.000e+00
     11.823     5.7876   3.227620    32.8468        286     1.1875  0.000e+00
     11.945     5.7875   3.227693    32.8477        287     1.1917  0.000e+00
     12.039     5.7877   3.227644    32.8469        288     1.1958  0.000e+00
     12.103     5.7879   3.227693    32.8473        289     1.2000  0.000e+00
     12.134     5.7876   3.227807    32.8488        290     1.2042  0.000e+00
     12.164     5.7885   3.227970    32.8497        291     1.2083  0.000e+00
     12.185     5.7899   3.228043    32.8492        292     1.2125  0.000e+00
     12.237     5.7911   3.227995    32.8475        293     1.2167  0.000e+00
     12.268     5.7915   3.227946    32.8465        294     1.2208  0.000e+00
     12.298     5.7913   3.227904    32.8462        295     1.2250  0.000e+00
     12.335     5.7910   3.227904    32.8465        296     1.2292  0.000e+00
     12.380     5.7907   3.227970    32.8475        297     1.2333  0.000e+00
     12.438     5.7908   3.227970    32.8473        298     1.2375  0.000e+00
     12.496     5.7909   3.228019    32.8477        299     1.2417  0.000e+00
     12.576     5.7914   3.228043    32.8476        300     1.2458  0.000e+00
     12.670     5.7915   3.228067    32.8476        301     1.2500  0.000e+00
     12.774     5.7917   3.228067    32.8474        302     1.2542  0.000e+00
     12.880     5.7919   3.228043    32.8469        303     1.2583  0.000e+00
     12.993     5.7918   3.228067    32.8472        304     1.2625  0.000e+00
     13.100     5.7919   3.228043    32.8468        305     1.2667  0.000e+00
     13.191     5.7918   3.228067    32.8471        306     1.2708  0.000e+00
     13.264     5.7916   3.228092    32.8475        307     1.2750  0.000e+00
     13.319     5.7917   3.228134    32.8478        308     1.2792  0.000e+00
     13.368     5.7922   3.228206    32.8482        309     1.2833  0.000e+00
     13.420     5.7927   3.228206    32.8477        310     1.2875  0.000e+00
     13.450     5.7931   3.228206    32.8473        311     1.2917  0.000e+00
     13.481     5.7932   3.228231    32.8474        312     1.2958  0.000e+00
     13.508     5.7932   3.228206    32.8472        313     1.3000  0.000e+00
     13.538     5.7932   3.228206    32.8471        314     1.3042  0.000e+00
     13.581     5.7932   3.228231    32.8474        315     1.3083  0.000e+00
     13.630     5.7932   3.228206    32.8471        316     1.3125  0.000e+00
     13.700     5.7934   3.228297    32.8479        317     1.3167  0.000e+00
     13.776     5.7935   3.228321    32.8480        318     1.3208  0.000e+00
     13.849     5.7938   3.228345    32.8479        319     1.3250  0.000e+00
     13.935     5.7943   3.228394    32.8480        320     1.3292  0.000e+00
     14.026     5.7945   3.228370    32.8475        321     1.3333  0.000e+00
     14.130     5.7947   3.228345    32.8470        322     1.3375  0.000e+00
     14.218     5.7946   3.228345    32.8470        323     1.3417  0.000e+00
     14.319     5.7946   3.228394    32.8475        324     1.3458  0.000e+00
     14.413     5.7949   3.228442    32.8477        325     1.3500  0.000e+00
     14.508     5.7952   3.228484    32.8478        326     1.3542  0.000e+00
     14.611     5.7956   3.228485    32.8474        327     1.3583  0.000e+00
     14.715     5.7958   3.228460    32.8469        328     1.3625  0.000e+00
     14.831     5.7957   3.228509    32.8475        329     1.3667  0.000e+00
     14.931     5.7958   3.228460    32.8467        330     1.3708  0.000e+00
     15.029     5.7956   3.228442    32.8467        331     1.3750  0.000e+00
     15.105     5.7952   3.228442    32.8471        332     1.3792  0.000e+00
     15.181     5.7950   3.228509    32.8480        333     1.3833  0.000e+00
     15.251     5.7952   3.228533    32.8481        334     1.3875  0.000e+00
     15.327     5.7956   3.228533    32.8476        335     1.3917  0.000e+00
     15.413     5.7961   3.228581    32.8476        336     1.3958  0.000e+00
     15.504     5.7961   3.228533    32.8471        337     1.4000  0.000e+00
     15.599     5.7959   3.228509    32.8469        338     1.4042  0.000e+00
     15.687     5.7957   3.228461    32.8465        339     1.4083  0.000e+00
     15.769     5.7954   3.228461    32.8467        340     1.4125  0.000e+00
     15.836     5.7950   3.228461    32.8471        341     1.4167  0.000e+00
     15.897     5.7948   3.228443    32.8471        342     1.4208  0.000e+00
     15.973     5.7946   3.228461    32.8474        343     1.4250  0.000e+00
     16.062     5.7946   3.228485    32.8476        344     1.4292  0.000e+00
     16.153     5.7946   3.228443    32.8472        345     1.4333  0.000e+00
     16.235     5.7944   3.228461    32.8475        346     1.4375  0.000e+00
     16.315     5.7944   3.228461    32.8475        347     1.4417  0.000e+00
     16.388     5.7943   3.228443    32.8473        348     1.4458  0.000e+00
     16.455     5.7943   3.228461    32.8475        349     1.4500  0.000e+00
     16.516     5.7943   3.228461    32.8475        350     1.4542  0.000e+00
     16.559     5.7943   3.228582    32.8488        351     1.4583  0.000e+00
     16.616     5.7947   3.228558    32.8481        352     1.4625  0.000e+00
     16.687     5.7951   3.228558    32.8477        353     1.4667  0.000e+00
     16.744     5.7952   3.228582    32.8479        354     1.4708  0.000e+00
     16.790     5.7952   3.228558    32.8476        355     1.4750  0.000e+00
     16.833     5.7952   3.228582    32.8478        356     1.4792  0.000e+00
     16.872     5.7953   3.228606    32.8479        357     1.4833  0.000e+00
     16.906     5.7953   3.228534    32.8471        358     1.4875  0.000e+00
     16.927     5.7951   3.228558    32.8476        359     1.4917  0.000e+00
     16.976     5.7949   3.228509    32.8472        360     1.4958  0.000e+00
     17.040     5.7947   3.228509    32.8473        361     1.5000  0.000e+00
     17.110     5.7945   3.228509    32.8475        362     1.5042  0.000e+00
     17.196     5.7945   3.228510    32.8475        363     1.5083  0.000e+00
     17.293     5.7943   3.228485    32.8473        364     1.5125  0.000e+00
     17.409     5.7941   3.228534    32.8480        365     1.5167  0.000e+00
     17.516     5.7943   3.228558    32.8480        366     1.5208  0.000e+00
     17.631     5.7945   3.228534    32.8476        367     1.5250  0.000e+00
     17.729     5.7944   3.228510    32.8473        368     1.5292  0.000e+00
     17.832     5.7942   3.228486    32.8472        369     1.5333  0.000e+00
     17.927     5.7940   3.228534    32.8478        370     1.5375  0.000e+00
     18.021     5.7940   3.228486    32.8472        371     1.5417  0.000e+00
     18.107     5.7940   3.228486    32.8472        372     1.5458  0.000e+00
     18.171     5.7937   3.228510    32.8477        373     1.5500  0.000e+00
     18.210     5.7937   3.228534    32.8480        374     1.5542  0.000e+00
     18.235     5.7938   3.228558    32.8482        375     1.5583  0.000e+00
     18.271     5.7941   3.228625    32.8486        376     1.5625  0.000e+00
     18.296     5.7946   3.228697    32.8489        377     1.5667  0.000e+00
     18.357     5.7954   3.228606    32.8471        378     1.5708  0.000e+00
     18.436     5.7953   3.228347    32.8443        379     1.5750  0.000e+00
     18.536     5.7937   3.228299    32.8452        380     1.5792  0.000e+00
     18.649     5.7922   3.228232    32.8459        381     1.5833  0.000e+00
     18.762     5.7913   3.228256    32.8469        382     1.5875  0.000e+00
     18.893     5.7908   3.228347    32.8484        383     1.5917  0.000e+00
     19.021     5.7909   3.228444    32.8493        384     1.5958  0.000e+00
     19.140     5.7916   3.228583    32.8502        385     1.6000  0.000e+00
     19.258     5.7928   3.228607    32.8492        386     1.6042  0.000e+00
     19.359     5.7936   3.228649    32.8488        387     1.6083  0.000e+00
     19.475     5.7943   3.228649    32.8481        388     1.6125  0.000e+00
     19.581     5.7946   3.228673    32.8481        389     1.6167  0.000e+00
     19.664     5.7948   3.228673    32.8478        390     1.6208  0.000e+00
     19.719     5.7949   3.228607    32.8469        391     1.6250  0.000e+00
     19.749     5.7948   3.228673    32.8477        392     1.6292  0.000e+00
     19.773     5.7950   3.228746    32.8484        393     1.6333  0.000e+00
     19.807     5.7953   3.228698    32.8475        394     1.6375  0.000e+00
     19.862     5.7955   3.228746    32.8478        395     1.6417  0.000e+00
     19.923     5.7957   3.228746    32.8476        396     1.6458  0.000e+00
     19.990     5.7957   3.228770    32.8479        397     1.6500  0.000e+00
     20.066     5.7957   3.228837    32.8485        398     1.6542  0.000e+00
     20.130     5.7961   3.228861    32.8484        399     1.6583  0.000e+00
     20.191     5.7964   3.228837    32.8478        400     1.6625  0.000e+00
     20.255     5.7965   3.228837    32.8476        401     1.6667  0.000e+00
     20.316     5.7966   3.228837    32.8476        402     1.6708  0.000e+00
     20.380     5.7967   3.228837    32.8474        403     1.6750  0.000e+00
     20.468     5.7967   3.228885    32.8479        404     1.6792  0.000e+00
     20.541     5.7968   3.228861    32.8476        405     1.6833  0.000e+00
     20.636     5.7968   3.228861    32.8475        406     1.6875  0.000e+00
     20.724     5.7968   3.228861    32.8474        407     1.6917  0.000e+00
     20.813     5.7967   3.228885    32.8478        408     1.6958  0.000e+00
     20.895     5.7967   3.228837    32.8472        409     1.7000  0.000e+00
     20.971     5.7966   3.228885    32.8478        410     1.7042  0.000e+00
     21.047     5.7966   3.228861    32.8474        411     1.7083  0.000e+00
     21.148     5.7967   3.228909    32.8479        412     1.7125  0.000e+00
     21.245     5.7966   3.228885    32.8476        413     1.7167  0.000e+00
     21.340     5.7966   3.228861    32.8473        414     1.7208  0.000e+00
     21.425     5.7964   3.228861    32.8474        415     1.7250  0.000e+00
     21.495     5.7963   3.228861    32.8475        416     1.7292  0.000e+00
     21.556     5.7961   3.228837    32.8475        417     1.7333  0.000e+00
     21.626     5.7958   3.228861    32.8479        418     1.7375  0.000e+00
     21.690     5.7959   3.228861    32.8478        419     1.7417  0.000e+00
     21.785     5.7960   3.228885    32.8479        420     1.7458  0.000e+00
