PC2501/sbe065.cnv
* Sea-Bird SBE 19plus Data File:
* FileName = C:\cruise\data\sbe065.hex
* Software Version Seasave V 7.26.7.121
* Temperature SN = 4684
* Conductivity SN = 4684
* System UpLoad Time = Feb 05 2025 10:21:17
* NMEA Latitude = 38 27.84 N
* NMEA Longitude = 073 05.64 W
* NMEA UTC (Time) = Feb 05 2025  10:20:52
** Ship: Pisces
** Cruise:  PC2501
** Program:  AMAPPS
# nquan = 7
# nvalues = 4792                                  
# units = specified
# name 0 = depSM: Depth [salt water, m]
# name 1 = tv290C: Temperature [ITS-90, deg C]
# name 2 = c0S/m: Conductivity [S/m]
# name 3 = sal00: Salinity, Practical [PSU]
# name 4 = scan: Scan Count
# name 5 = timeM: Time, Elapsed [minutes]
# name 6 = flag:  0.000e+00
# span 0 =      0.081,    202.634                 
# span 1 =     3.7108,    10.9140                 
# span 2 =   0.000015,   3.912318                 
# span 3 =     0.0010,    35.1987                 
# span 4 =         11,       4802                 
# span 5 =     0.0417,    20.0042                 
# span 6 = 0.0000e+00, 0.0000e+00                 
# interval = seconds: 0.25
# start_time = Feb 05 2025 10:20:52 [NMEA time, header]
# bad_flag = -9.990e-29
*END*
[from data line 3283]
     72.757     7.8032   3.412628    32.9179       3294    13.7208  0.000e+00
     72.706     7.8023   3.412554    32.9181       3295    13.7250  0.000e+00
     72.678     7.8014   3.412184    32.9149       3296    13.7292  0.000e+00
     72.648     7.7999   3.411882    32.9131       3297    13.7333  0.000e+00
     72.626     7.7979   3.411783    32.9139       3298    13.7375  0.000e+00
     72.596     7.7963   3.411709    32.9147       3299    13.7417  0.000e+00
     72.578     7.7952   3.411659    32.9152       3300    13.7458  0.000e+00
     72.559     7.7946   3.411659    32.9158       3301    13.7500  0.000e+00
     72.538     7.7941   3.411709    32.9168       3302    13.7542  0.000e+00
     72.526     7.7941   3.411684    32.9166       3303    13.7583  0.000e+00
     72.492     7.7940   3.411610    32.9159       3304    13.7625  0.000e+00
     72.471     7.7938   3.411585    32.9158       3305    13.7667  0.000e+00
     72.447     7.7934   3.411536    32.9156       3306    13.7708  0.000e+00
     72.425     7.7933   3.411487    32.9152       3307    13.7750  0.000e+00
     72.395     7.7930   3.411487    32.9155       3308    13.7792  0.000e+00
     72.349     7.7927   3.411474    32.9157       3309    13.7833  0.000e+00
     72.312     7.7927   3.411357    32.9144       3310    13.7875  0.000e+00
     72.276     7.7923   3.411382    32.9151       3311    13.7917  0.000e+00
     72.230     7.7920   3.411413    32.9158       3312    13.7958  0.000e+00
     72.166     7.7919   3.411462    32.9164       3313    13.8000  0.000e+00
     72.108     7.7921   3.411487    32.9165       3314    13.8042  0.000e+00
     72.056     7.7925   3.411487    32.9162       3315    13.8083  0.000e+00
     71.998     7.7927   3.411437    32.9155       3316    13.8125  0.000e+00
     71.950     7.7928   3.411283    32.9138       3317    13.8167  0.000e+00
     71.895     7.7923   3.411011    32.9114       3318    13.8208  0.000e+00
     71.843     7.7910   3.410740    32.9097       3319    13.8250  0.000e+00
     71.794     7.7892   3.410690    32.9109       3320    13.8292  0.000e+00
     71.739     7.7879   3.410561    32.9107       3321    13.8333  0.000e+00
     71.700     7.7869   3.410512    32.9111       3322    13.8375  0.000e+00
     71.660     7.7861   3.410462    32.9114       3323    13.8417  0.000e+00
     71.624     7.7856   3.410462    32.9119       3324    13.8458  0.000e+00
     71.596     7.7854   3.410413    32.9116       3325    13.8500  0.000e+00
     71.566     7.7850   3.410363    32.9115       3326    13.8542  0.000e+00
     71.547     7.7848   3.410314    32.9111       3327    13.8583  0.000e+00
     71.529     7.7843   3.410265    32.9110       3328    13.8625  0.000e+00
     71.499     7.7840   3.410215    32.9109       3329    13.8667  0.000e+00
     71.468     7.7836   3.410166    32.9107       3330    13.8708  0.000e+00
     71.432     7.7831   3.410092    32.9104       3331    13.8750  0.000e+00
     71.404     7.7825   3.410018    32.9101       3332    13.8792  0.000e+00
     71.361     7.7821   3.409969    32.9100       3333    13.8833  0.000e+00
     71.313     7.7816   3.409925    32.9100       3334    13.8875  0.000e+00
     71.243     7.7812   3.409790    32.9090       3335    13.8917  0.000e+00
     71.172     7.7807   3.409716    32.9087       3336    13.8958  0.000e+00
     71.108     7.7801   3.409716    32.9093       3337    13.9000  0.000e+00
     71.044     7.7796   3.409691    32.9096       3338    13.9042  0.000e+00
     70.971     7.7793   3.409666    32.9096       3339    13.9083  0.000e+00
     70.910     7.7792   3.409617    32.9092       3340    13.9125  0.000e+00
     70.852     7.7790   3.409567    32.9089       3341    13.9167  0.000e+00
     70.785     7.7787   3.409567    32.9092       3342    13.9208  0.000e+00
     70.727     7.7785   3.409493    32.9087       3343    13.9250  0.000e+00
     70.685     7.7781   3.409395    32.9080       3344    13.9292  0.000e+00
     70.627     7.7775   3.409142    32.9059       3345    13.9333  0.000e+00
     70.584     7.7765   3.409092    32.9063       3346    13.9375  0.000e+00
     70.548     7.7756   3.409142    32.9077       3347    13.9417  0.000e+00
     70.511     7.7751   3.409068    32.9073       3348    13.9458  0.000e+00
     70.477     7.7749   3.409092    32.9079       3349    13.9500  0.000e+00
     70.444     7.7747   3.408994    32.9069       3350    13.9542  0.000e+00
     70.423     7.7744   3.408969    32.9070       3351    13.9583  0.000e+00
     70.392     7.7738   3.408821    32.9060       3352    13.9625  0.000e+00
     70.371     7.7733   3.408821    32.9065       3353    13.9667  0.000e+00
     70.343     7.7727   3.408796    32.9068       3354    13.9708  0.000e+00
     70.325     7.7725   3.408771    32.9067       3355    13.9750  0.000e+00
     70.307     7.7724   3.408771    32.9068       3356    13.9792  0.000e+00
     70.282     7.7722   3.408771    32.9070       3357    13.9833  0.000e+00
     70.255     7.7723   3.408599    32.9051       3358    13.9875  0.000e+00
     70.231     7.7718   3.408599    32.9056       3359    13.9917  0.000e+00
     70.206     7.7714   3.408648    32.9065       3360    13.9958  0.000e+00
     70.170     7.7713   3.408549    32.9056       3361    14.0000  0.000e+00
     70.136     7.7709   3.408500    32.9055       3362    14.0042  0.000e+00
     70.099     7.7707   3.408549    32.9062       3363    14.0083  0.000e+00
     70.060     7.7705   3.408599    32.9069       3364    14.0125  0.000e+00
     70.008     7.7708   3.408549    32.9062       3365    14.0167  0.000e+00
     69.971     7.7708   3.408525    32.9059       3366    14.0208  0.000e+00
     69.914     7.7708   3.408420    32.9048       3367    14.0250  0.000e+00
     69.862     7.7704   3.408420    32.9052       3368    14.0292  0.000e+00
     69.810     7.7701   3.408475    32.9061       3369    14.0333  0.000e+00
     69.755     7.7701   3.408574    32.9072       3370    14.0375  0.000e+00
     69.703     7.7705   3.408525    32.9062       3371    14.0417  0.000e+00
     69.642     7.7708   3.408500    32.9058       3372    14.0458  0.000e+00
     69.575     7.7705   3.408370    32.9047       3373    14.0500  0.000e+00
     69.517     7.7701   3.408395    32.9054       3374    14.0542  0.000e+00
     69.459     7.7697   3.408395    32.9058       3375    14.0583  0.000e+00
     69.395     7.7698   3.408370    32.9055       3376    14.0625  0.000e+00
     69.328     7.7696   3.408395    32.9059       3377    14.0667  0.000e+00
     69.258     7.7695   3.408475    32.9069       3378    14.0708  0.000e+00
     69.182     7.7700   3.408574    32.9075       3379    14.0750  0.000e+00
     69.115     7.7707   3.408623    32.9075       3380    14.0792  0.000e+00
     69.039     7.7712   3.408598    32.9067       3381    14.0833  0.000e+00
     68.969     7.7714   3.408500    32.9055       3382    14.0875  0.000e+00
     68.892     7.7713   3.408475    32.9054       3383    14.0917  0.000e+00
     68.831     7.7710   3.408419    32.9051       3384    14.0958  0.000e+00
     68.767     7.7707   3.408500    32.9063       3385    14.1000  0.000e+00
     68.731     7.7706   3.408419    32.9055       3386    14.1042  0.000e+00
     68.697     7.7705   3.408370    32.9051       3387    14.1083  0.000e+00
     68.673     7.7703   3.408370    32.9053       3388    14.1125  0.000e+00
     68.661     7.7701   3.408549    32.9074       3389    14.1167  0.000e+00
     68.652     7.7707   3.408450    32.9058       3390    14.1208  0.000e+00
     68.649     7.7708   3.408549    32.9067       3391    14.1250  0.000e+00
     68.642     7.7710   3.408648    32.9076       3392    14.1292  0.000e+00
     68.646     7.7717   3.408549    32.9059       3393    14.1333  0.000e+00
     68.642     7.7719   3.408475    32.9049       3394    14.1375  0.000e+00
     68.615     7.7715   3.408549    32.9061       3395    14.1417  0.000e+00
     68.588     7.7713   3.408475    32.9055       3396    14.1458  0.000e+00
     68.539     7.7712   3.408395    32.9048       3397    14.1500  0.000e+00
     68.490     7.7708   3.408395    32.9052       3398    14.1542  0.000e+00
     68.432     7.7707   3.408499    32.9064       3399    14.1583  0.000e+00
     68.365     7.7708   3.408524    32.9066       3400    14.1625  0.000e+00
     68.289     7.7711   3.408475    32.9058       3401    14.1667  0.000e+00
     68.204     7.7713   3.408456    32.9055       3402    14.1708  0.000e+00
     68.115     7.7714   3.408382    32.9047       3403    14.1750  0.000e+00
     68.030     7.7711   3.408370    32.9048       3404    14.1792  0.000e+00
     67.960     7.7708   3.408345    32.9049       3405    14.1833  0.000e+00
     67.905     7.7706   3.408394    32.9056       3406    14.1875  0.000e+00
     67.856     7.7707   3.408524    32.9070       3407    14.1917  0.000e+00
     67.810     7.7712   3.408549    32.9068       3408    14.1958  0.000e+00
     67.783     7.7716   3.408524    32.9061       3409    14.2000  0.000e+00
     67.765     7.7718   3.408549    32.9062       3410    14.2042  0.000e+00
     67.749     7.7718   3.408524    32.9059       3411    14.2083  0.000e+00
     67.743     7.7718   3.408475    32.9055       3412    14.2125  0.000e+00
     67.749     7.7715   3.408450    32.9054       3413    14.2167  0.000e+00
     67.758     7.7714   3.408475    32.9058       3414    14.2208  0.000e+00
     67.762     7.7714   3.408475    32.9058       3415    14.2250  0.000e+00
     67.774     7.7713   3.408394    32.9051       3416    14.2292  0.000e+00
     67.774     7.7710   3.408419    32.9055       3417    14.2333  0.000e+00
     67.774     7.7710   3.408394    32.9053       3418    14.2375  0.000e+00
     67.768     7.7708   3.408394    32.9055       3419    14.2417  0.000e+00
     67.743     7.7708   3.408524    32.9069       3420    14.2458  0.000e+00
     67.713     7.7711   3.408524    32.9066       3421    14.2500  0.000e+00
     67.655     7.7714   3.408524    32.9064       3422    14.2542  0.000e+00
     67.582     7.7717   3.408474    32.9056       3423    14.2583  0.000e+00
     67.496     7.7717   3.408394    32.9048       3424    14.2625  0.000e+00
     67.405     7.7712   3.408370    32.9050       3425    14.2667  0.000e+00
     67.313     7.7707   3.408370    32.9055       3426    14.2708  0.000e+00
     67.216     7.7707   3.408320    32.9051       3427    14.2750  0.000e+00
     67.112     7.7705   3.408221    32.9042       3428    14.2792  0.000e+00
     67.018     7.7700   3.408394    32.9066       3429    14.2833  0.000e+00
     66.929     7.7700   3.408548    32.9083       3430    14.2875  0.000e+00
     66.841     7.7710   3.408431    32.9061       3431    14.2917  0.000e+00
     66.771     7.7713   3.408499    32.9067       3432    14.2958  0.000e+00
     66.710     7.7713   3.408289    32.9044       3433    14.3000  0.000e+00
     66.661     7.7710   3.408246    32.9042       3434    14.3042  0.000e+00
     66.628     7.7704   3.408271    32.9051       3435    14.3083  0.000e+00
     66.600     7.7703   3.408295    32.9055       3436    14.3125  0.000e+00
     66.576     7.7701   3.408246    32.9051       3437    14.3167  0.000e+00
     66.554     7.7702   3.408271    32.9053       3438    14.3208  0.000e+00
     66.551     7.7701   3.408271    32.9054       3439    14.3250  0.000e+00
     66.545     7.7703   3.408369    32.9063       3440    14.3292  0.000e+00
     66.527     7.7706   3.408345    32.9058       3441    14.3333  0.000e+00
     66.521     7.7708   3.408394    32.9061       3442    14.3375  0.000e+00
     66.515     7.7710   3.408394    32.9059       3443    14.3417  0.000e+00
     66.512     7.7710   3.408394    32.9059       3444    14.3458  0.000e+00
     66.493     7.7713   3.408449    32.9062       3445    14.3500  0.000e+00
     66.463     7.7715   3.408548    32.9071       3446    14.3542  0.000e+00
     66.432     7.7719   3.408597    32.9073       3447    14.3583  0.000e+00
     66.396     7.7723   3.408597    32.9069       3448    14.3625  0.000e+00
     66.359     7.7726   3.408622    32.9070       3449    14.3667  0.000e+00
     66.314     7.7727   3.408721    32.9079       3450    14.3708  0.000e+00
     66.265     7.7732   3.408745    32.9077       3451    14.3750  0.000e+00
     66.201     7.7736   3.408671    32.9066       3452    14.3792  0.000e+00
     66.149     7.7735   3.408573    32.9056       3453    14.3833  0.000e+00
     66.088     7.7733   3.408647    32.9067       3454    14.3875  0.000e+00
     66.033     7.7731   3.408647    32.9068       3455    14.3917  0.000e+00
     65.969     7.7733   3.408499    32.9051       3456    14.3958  0.000e+00
     65.914     7.7728   3.408573    32.9064       3457    14.4000  0.000e+00
     65.872     7.7725   3.408548    32.9064       3458    14.4042  0.000e+00
     65.820     7.7725   3.408622    32.9073       3459    14.4083  0.000e+00
     65.768     7.7726   3.408523    32.9061       3460    14.4125  0.000e+00
     65.716     7.7726   3.408523    32.9061       3461    14.4167  0.000e+00
     65.649     7.7723   3.408573    32.9070       3462    14.4208  0.000e+00
     65.585     7.7724   3.408548    32.9067       3463    14.4250  0.000e+00
     65.527     7.7726   3.408548    32.9066       3464    14.4292  0.000e+00
     65.445     7.7723   3.408369    32.9049       3465    14.4333  0.000e+00
     65.375     7.7719   3.408320    32.9048       3466    14.4375  0.000e+00
     65.302     7.7714   3.408320    32.9053       3467    14.4417  0.000e+00
     65.225     7.7710   3.408023    32.9025       3468    14.4458  0.000e+00
     65.152     7.7703   3.407752    32.9004       3469    14.4500  0.000e+00
     65.085     7.7685   3.407727    32.9018       3470    14.4542  0.000e+00
     65.027     7.7673   3.407703    32.9027       3471    14.4583  0.000e+00
     64.978     7.7666   3.407629    32.9026       3472    14.4625  0.000e+00
     64.939     7.7660   3.407277    32.8994       3473    14.4667  0.000e+00
     64.902     7.7649   3.407228    32.9000       3474    14.4708  0.000e+00
     64.881     7.7636   3.407376    32.9028       3475    14.4750  0.000e+00
     64.860     7.7632   3.407400    32.9034       3476    14.4792  0.000e+00
     64.847     7.7633   3.407129    32.9004       3477    14.4833  0.000e+00
     64.841     7.7626   3.407030    32.9000       3478    14.4875  0.000e+00
     64.841     7.7617   3.407252    32.9033       3479    14.4917  0.000e+00
     64.826     7.7618   3.407277    32.9034       3480    14.4958  0.000e+00
     64.814     7.7622   3.407104    32.9012       3481    14.5000  0.000e+00
     64.799     7.7620   3.407030    32.9006       3482    14.5042  0.000e+00
     64.774     7.7612   3.406956    32.9005       3483    14.5083  0.000e+00
     64.731     7.7607   3.406907    32.9006       3484    14.5125  0.000e+00
     64.680     7.7602   3.406827    32.9002       3485    14.5167  0.000e+00
     64.628     7.7595   3.406654    32.8990       3486    14.5208  0.000e+00
     64.552     7.7586   3.405859    32.8913       3487    14.5250  0.000e+00
     64.466     7.7558   3.405809    32.8935       3488    14.5292  0.000e+00
     64.378     7.7532   3.405711    32.8949       3489    14.5333  0.000e+00
     64.296     7.7517   3.405162    32.8905       3490    14.5375  0.000e+00
     64.192     7.7496   3.404021    32.8804       3491    14.5417  0.000e+00
     64.104     7.7433   3.403651    32.8824       3492    14.5458  0.000e+00
     64.012     7.7381   3.403701    32.8878       3493    14.5500  0.000e+00
     63.924     7.7352   3.401863    32.8709       3494    14.5542  0.000e+00
     63.854     7.7290   3.400520    32.8624       3495    14.5583  0.000e+00
     63.777     7.7181   3.398764    32.8538       3496    14.5625  0.000e+00
     63.716     7.7064   3.398641    32.8636       3497    14.5667  0.000e+00
