PC2501/sbe016.cnv
* Sea-Bird SBE 19plus Data File:
* FileName = C:\cruise\data\sbe016.hex
* Software Version Seasave V 7.26.7.121
* Temperature SN = 4684
* Conductivity SN = 4684
* System UpLoad Time = Jan 13 2025 04:15:24
* NMEA Latitude = 38 16.82 N
* NMEA Longitude = 073 20.62 W
* NMEA UTC (Time) = Jan 13 2025  04:14:45
** Ship: Pisces
** Cruise:  PC2501
** Program:  AMAPPS
# nquan = 7
# nvalues = 1870                                  
# units = specified
# name 0 = depSM: Depth [salt water, m]
# name 1 = tv290C: Temperature [ITS-90, deg C]
# name 2 = c0S/m: Conductivity [S/m]
# name 3 = sal00: Salinity, Practical [PSU]
# name 4 = scan: Scan Count
# name 5 = timeM: Time, Elapsed [minutes]
# name 6 = flag:  0.000e+00
# span 0 =      0.076,     55.020                 
# span 1 =     9.2995,    13.3916                 
# span 2 =   0.269118,   4.106910                 
# span 3 =     1.8352,    36.2833                 
# span 4 =         11,       1880                 
# span 5 =     0.0417,     7.8292                 
# span 6 = 0.0000e+00, 0.0000e+00                 
# interval = seconds: 0.25
# start_time = Jan 13 2025 04:14:45 [NMEA time, header]
# bad_flag = -9.990e-29
*END*
[from data line 821]
     35.354    13.3091   4.095375    34.6905        832     3.4625  0.000e+00
     35.293    13.3112   4.095660    34.6914        833     3.4667  0.000e+00
     35.226    13.3139   4.095069    34.6834        834     3.4708  0.000e+00
     35.171    13.3133   4.095096    34.6841        835     3.4750  0.000e+00
     35.132    13.3130   4.095348    34.6868        836     3.4792  0.000e+00
     35.101    13.3137   4.095885    34.6913        837     3.4833  0.000e+00
     35.092    13.3158   4.095374    34.6846        838     3.4875  0.000e+00
     35.083    13.3165   4.096025    34.6901        839     3.4917  0.000e+00
     35.095    13.3179   4.095912    34.6877        840     3.4958  0.000e+00
     35.110    13.3188   4.095348    34.6816        841     3.5000  0.000e+00
     35.125    13.3173   4.095208    34.6816        842     3.5042  0.000e+00
     35.144    13.3156   4.095262    34.6837        843     3.5083  0.000e+00
     35.159    13.3148   4.095434    34.6860        844     3.5125  0.000e+00
     35.165    13.3149   4.094843    34.6803        845     3.5167  0.000e+00
     35.180    13.3134   4.094671    34.6801        846     3.5208  0.000e+00
     35.183    13.3114   4.094445    34.6797        847     3.5250  0.000e+00
     35.180    13.3097   4.094392    34.6808        848     3.5292  0.000e+00
     35.165    13.3085   4.094392    34.6819        849     3.5333  0.000e+00
     35.153    13.3079   4.094359    34.6821        850     3.5375  0.000e+00
     35.131    13.3075   4.094392    34.6828        851     3.5417  0.000e+00
     35.107    13.3073   4.094392    34.6830        852     3.5458  0.000e+00
     35.067    13.3074   4.094419    34.6832        853     3.5500  0.000e+00
     35.031    13.3074   4.094332    34.6824        854     3.5542  0.000e+00
     34.985    13.3074   4.094306    34.6821        855     3.5583  0.000e+00
     34.933    13.3072   4.094279    34.6821        856     3.5625  0.000e+00
     34.878    13.3069   4.094279    34.6824        857     3.5667  0.000e+00
     34.817    13.3068   4.094279    34.6825        858     3.5708  0.000e+00
     34.750    13.3067   4.094279    34.6826        859     3.5750  0.000e+00
     34.683    13.3067   4.094246    34.6824        860     3.5792  0.000e+00
     34.613    13.3066   4.094246    34.6824        861     3.5833  0.000e+00
     34.531    13.3067   4.094219    34.6822        862     3.5875  0.000e+00
     34.458    13.3067   4.094193    34.6819        863     3.5917  0.000e+00
     34.378    13.3067   4.094219    34.6822        864     3.5958  0.000e+00
     34.290    13.3068   4.094246    34.6825        865     3.6000  0.000e+00
     34.201    13.3067   4.094193    34.6821        866     3.6042  0.000e+00
     34.113    13.3066   4.094219    34.6824        867     3.6083  0.000e+00
     34.025    13.3066   4.094246    34.6827        868     3.6125  0.000e+00
     33.933    13.3068   4.094219    34.6823        869     3.6167  0.000e+00
     33.842    13.3069   4.094279    34.6828        870     3.6208  0.000e+00
     33.759    13.3071   4.094279    34.6827        871     3.6250  0.000e+00
     33.689    13.3072   4.094246    34.6824        872     3.6292  0.000e+00
     33.619    13.3072   4.094219    34.6821        873     3.6333  0.000e+00
     33.579    13.3072   4.094305    34.6830        874     3.6375  0.000e+00
     33.552    13.3073   4.094279    34.6826        875     3.6417  0.000e+00
     33.543    13.3076   4.094358    34.6831        876     3.6458  0.000e+00
     33.546    13.3078   4.094358    34.6829        877     3.6500  0.000e+00
     33.564    13.3079   4.094358    34.6828        878     3.6542  0.000e+00
     33.604    13.3079   4.094332    34.6825        879     3.6583  0.000e+00
     33.643    13.3078   4.094305    34.6823        880     3.6625  0.000e+00
     33.683    13.3078   4.094279    34.6821        881     3.6667  0.000e+00
     33.719    13.3076   4.094305    34.6825        882     3.6708  0.000e+00
     33.759    13.3076   4.094305    34.6825        883     3.6750  0.000e+00
     33.790    13.3075   4.094332    34.6828        884     3.6792  0.000e+00
     33.799    13.3077   4.094418    34.6835        885     3.6833  0.000e+00
     33.796    13.3080   4.094505    34.6840        886     3.6875  0.000e+00
     33.786    13.3086   4.094505    34.6834        887     3.6917  0.000e+00
     33.762    13.3089   4.094445    34.6826        888     3.6958  0.000e+00
     33.722    13.3089   4.094471    34.6829        889     3.7000  0.000e+00
     33.674    13.3089   4.094445    34.6826        890     3.7042  0.000e+00
     33.597    13.3089   4.094445    34.6827        891     3.7083  0.000e+00
     33.521    13.3086   4.094418    34.6827        892     3.7125  0.000e+00
     33.436    13.3086   4.094471    34.6833        893     3.7167  0.000e+00
     33.344    13.3085   4.094445    34.6831        894     3.7208  0.000e+00
     33.256    13.3087   4.094445    34.6830        895     3.7250  0.000e+00
     33.174    13.3087   4.094471    34.6833        896     3.7292  0.000e+00
     33.100    13.3088   4.094445    34.6830        897     3.7333  0.000e+00
     33.042    13.3089   4.094418    34.6827        898     3.7375  0.000e+00
     32.994    13.3089   4.094418    34.6827        899     3.7417  0.000e+00
     32.960    13.3089   4.094305    34.6816        900     3.7458  0.000e+00
     32.936    13.3086   4.094332    34.6822        901     3.7500  0.000e+00
     32.930    13.3084   4.094332    34.6824        902     3.7542  0.000e+00
     32.920    13.3084   4.094418    34.6832        903     3.7583  0.000e+00
     32.936    13.3085   4.094358    34.6825        904     3.7625  0.000e+00
     32.942    13.3085   4.094305    34.6820        905     3.7667  0.000e+00
     32.945    13.3082   4.094279    34.6820        906     3.7708  0.000e+00
     32.942    13.3080   4.094245    34.6819        907     3.7750  0.000e+00
     32.939    13.3078   4.094332    34.6829        908     3.7792  0.000e+00
     32.926    13.3079   4.094391    34.6834        909     3.7833  0.000e+00
     32.896    13.3083   4.094332    34.6825        910     3.7875  0.000e+00
     32.856    13.3084   4.094332    34.6824        911     3.7917  0.000e+00
     32.814    13.3085   4.094278    34.6818        912     3.7958  0.000e+00
     32.756    13.3082   4.094278    34.6822        913     3.8000  0.000e+00
     32.695    13.3079   4.094278    34.6824        914     3.8042  0.000e+00
     32.615    13.3078   4.094278    34.6825        915     3.8083  0.000e+00
     32.539    13.3078   4.094278    34.6826        916     3.8125  0.000e+00
     32.460    13.3076   4.094192    34.6820        917     3.8167  0.000e+00
     32.381    13.3074   4.094132    34.6817        918     3.8208  0.000e+00
     32.301    13.3070   4.094106    34.6817        919     3.8250  0.000e+00
     32.225    13.3066   4.094106    34.6822        920     3.8292  0.000e+00
     32.149    13.3063   4.094106    34.6825        921     3.8333  0.000e+00
     32.082    13.3063   4.094132    34.6827        922     3.8375  0.000e+00
     32.015    13.3064   4.094132    34.6826        923     3.8417  0.000e+00
     31.954    13.3065   4.094079    34.6821        924     3.8458  0.000e+00
     31.902    13.3066   4.094106    34.6823        925     3.8500  0.000e+00
     31.862    13.3066   4.094132    34.6825        926     3.8542  0.000e+00
     31.822    13.3070   4.094132    34.6822        927     3.8583  0.000e+00
     31.783    13.3071   4.094106    34.6819        928     3.8625  0.000e+00
     31.755    13.3069   4.094106    34.6821        929     3.8667  0.000e+00
     31.728    13.3069   4.094106    34.6821        930     3.8708  0.000e+00
     31.713    13.3069   4.094305    34.6840        931     3.8750  0.000e+00
     31.697    13.3075   4.094192    34.6824        932     3.8792  0.000e+00
     31.676    13.3076   4.093966    34.6802        933     3.8833  0.000e+00
     31.667    13.3062   4.093966    34.6814        934     3.8875  0.000e+00
     31.658    13.3055   4.094079    34.6832        935     3.8917  0.000e+00
     31.642    13.3053   4.094245    34.6849        936     3.8958  0.000e+00
     31.624    13.3060   4.094218    34.6840        937     3.9000  0.000e+00
     31.615    13.3068   4.094417    34.6852        938     3.9042  0.000e+00
     31.603    13.3076   4.094729    34.6875        939     3.9083  0.000e+00
     31.581    13.3091   4.094981    34.6884        940     3.9125  0.000e+00
     31.563    13.3106   4.094583    34.6833        941     3.9167  0.000e+00
     31.545    13.3107   4.094304    34.6806        942     3.9208  0.000e+00
     31.529    13.3089   4.094358    34.6827        943     3.9250  0.000e+00
     31.505    13.3080   4.094583    34.6858        944     3.9292  0.000e+00
     31.472    13.3083   4.094105    34.6809        945     3.9333  0.000e+00
     31.429    13.3075   4.093939    34.6801        946     3.9375  0.000e+00
     31.377    13.3061   4.094218    34.6841        947     3.9417  0.000e+00
     31.325    13.3056   4.093966    34.6821        948     3.9458  0.000e+00
     31.267    13.3051   4.093939    34.6823        949     3.9500  0.000e+00
     31.209    13.3045   4.093827    34.6819        950     3.9542  0.000e+00
     31.151    13.3038   4.094019    34.6843        951     3.9583  0.000e+00
     31.099    13.3043   4.094132    34.6850        952     3.9625  0.000e+00
     31.044    13.3051   4.094192    34.6848        953     3.9667  0.000e+00
     31.002    13.3061   4.094165    34.6837        954     3.9708  0.000e+00
     30.977    13.3068   4.094218    34.6835        955     3.9750  0.000e+00
     30.953    13.3075   4.094218    34.6830        956     3.9792  0.000e+00
     30.944    13.3074   4.094052    34.6814        957     3.9833  0.000e+00
     30.922    13.3064   4.094191    34.6837        958     3.9875  0.000e+00
     30.916    13.3064   4.094331    34.6850        959     3.9917  0.000e+00
     30.889    13.3074   4.094357    34.6844        960     3.9958  0.000e+00
     30.868    13.3082   4.094391    34.6840        961     4.0000  0.000e+00
     30.831    13.3089   4.094331    34.6828        962     4.0042  0.000e+00
     30.791    13.3089   4.094165    34.6812        963     4.0083  0.000e+00
     30.733    13.3082   4.094331    34.6835        964     4.0125  0.000e+00
     30.663    13.3079   4.094278    34.6833        965     4.0167  0.000e+00
     30.578    13.3076   4.094218    34.6830        966     4.0208  0.000e+00
     30.486    13.3071   4.093906    34.6806        967     4.0250  0.000e+00
     30.389    13.3060   4.094132    34.6838        968     4.0292  0.000e+00
     30.291    13.3059   4.094643    34.6887        969     4.0333  0.000e+00
     30.206    13.3074   4.094669    34.6877        970     4.0375  0.000e+00
     30.105    13.3091   4.094842    34.6878        971     4.0417  0.000e+00
     30.020    13.3104   4.095007    34.6882        972     4.0458  0.000e+00
     29.928    13.3116   4.094583    34.6831        973     4.0500  0.000e+00
     29.858    13.3118   4.094808    34.6851        974     4.0542  0.000e+00
     29.806    13.3116   4.094583    34.6832        975     4.0583  0.000e+00
     29.758    13.3110   4.094443    34.6824        976     4.0625  0.000e+00
     29.727    13.3101   4.094470    34.6835        977     4.0667  0.000e+00
     29.706    13.3094   4.094470    34.6841        978     4.0708  0.000e+00
     29.700    13.3092   4.094529    34.6849        979     4.0750  0.000e+00
     29.693    13.3092   4.094529    34.6849        980     4.0792  0.000e+00
     29.700    13.3093   4.094556    34.6850        981     4.0833  0.000e+00
     29.703    13.3097   4.094616    34.6852        982     4.0875  0.000e+00
     29.712    13.3101   4.094616    34.6849        983     4.0917  0.000e+00
     29.718    13.3102   4.094729    34.6859        984     4.0958  0.000e+00
     29.724    13.3106   4.094868    34.6868        985     4.1000  0.000e+00
     29.733    13.3115   4.094729    34.6847        986     4.1042  0.000e+00
     29.730    13.3114   4.094669    34.6841        987     4.1083  0.000e+00
     29.718    13.3110   4.094669    34.6845        988     4.1125  0.000e+00
     29.706    13.3107   4.094529    34.6835        989     4.1167  0.000e+00
     29.684    13.3100   4.094503    34.6839        990     4.1208  0.000e+00
     29.657    13.3095   4.094529    34.6846        991     4.1250  0.000e+00
     29.629    13.3095   4.094695    34.6862        992     4.1292  0.000e+00
     29.605    13.3098   4.094755    34.6865        993     4.1333  0.000e+00
     29.577    13.3103   4.095293    34.6911        994     4.1375  0.000e+00
     29.544    13.3125   4.095180    34.6880        995     4.1417  0.000e+00
     29.522    13.3139   4.095233    34.6874        996     4.1458  0.000e+00
     29.501    13.3144   4.095883    34.6930        997     4.1500  0.000e+00
     29.474    13.3169   4.095711    34.6891        998     4.1542  0.000e+00
     29.446    13.3186   4.095657    34.6871        999     4.1583  0.000e+00
     29.413    13.3187   4.095485    34.6854       1000     4.1625  0.000e+00
     29.373    13.3183   4.097828    34.7080       1001     4.1667  0.000e+00
     29.306    13.3245   4.097403    34.6983       1002     4.1708  0.000e+00
     29.242    13.3290   4.096952    34.6900       1003     4.1750  0.000e+00
     29.169    13.3297   4.095996    34.6803       1004     4.1792  0.000e+00
     29.074    13.3272   4.095969    34.6823       1005     4.1833  0.000e+00
     28.983    13.3241   4.097376    34.6985       1006     4.1875  0.000e+00
     28.882    13.3269   4.097011    34.6925       1007     4.1917  0.000e+00
     28.778    13.3291   4.096049    34.6815       1008     4.1958  0.000e+00
     28.681    13.3265   4.097064    34.6935       1009     4.2000  0.000e+00
     28.580    13.3265   4.098392    34.7061       1010     4.2042  0.000e+00
     28.510    13.3332   4.098392    34.7000       1011     4.2083  0.000e+00
     28.443    13.3378   4.097688    34.6892       1012     4.2125  0.000e+00
     28.391    13.3378   4.097037    34.6831       1013     4.2167  0.000e+00
     28.348    13.3342   4.096135    34.6778       1014     4.2208  0.000e+00
     28.315    13.3291   4.096560    34.6865       1015     4.2250  0.000e+00
     28.299    13.3268   4.096447    34.6876       1016     4.2292  0.000e+00
     28.284    13.3263   4.098505    34.7075       1017     4.2333  0.000e+00
     28.260    13.3322   4.097914    34.6965       1018     4.2375  0.000e+00
     28.248    13.3360   4.098226    34.6960       1019     4.2417  0.000e+00
     28.232    13.3376   4.097940    34.6919       1020     4.2458  0.000e+00
     28.214    13.3374   4.096984    34.6830       1021     4.2500  0.000e+00
     28.193    13.3345   4.097064    34.6864       1022     4.2542  0.000e+00
     28.168    13.3323   4.098478    34.7018       1023     4.2583  0.000e+00
     28.141    13.3358   4.098478    34.6986       1024     4.2625  0.000e+00
     28.113    13.3393   4.098418    34.6949       1025     4.2667  0.000e+00
     28.080    13.3405   4.098365    34.6933       1026     4.2708  0.000e+00
     28.052    13.3412   4.098226    34.6913       1027     4.2750  0.000e+00
     28.028    13.3407   4.098338    34.6929       1028     4.2792  0.000e+00
     28.013    13.3407   4.098704    34.6963       1029     4.2833  0.000e+00
     28.007    13.3423   4.098704    34.6949       1030     4.2875  0.000e+00
     28.001    13.3436   4.098531    34.6921       1031     4.2917  0.000e+00
     28.013    13.3433   4.098392    34.6911       1032     4.2958  0.000e+00
     28.019    13.3427   4.098279    34.6905       1033     4.3000  0.000e+00
     28.019    13.3417   4.098192    34.6906       1034     4.3042  0.000e+00
     28.016    13.3410   4.097940    34.6889       1035     4.3083  0.000e+00
