PC2501/sbe005.cnv
* Sea-Bird SBE 19plus Data File:
* FileName = C:\cruise\data\sbe005.hex
* Software Version Seasave V 7.26.7.121
* Temperature SN = 4684
* Conductivity SN = 4684
* System UpLoad Time = Jan 09 2025 03:23:21
* NMEA Latitude = 37 13.60 N
* NMEA Longitude = 075 28.73 W
* NMEA UTC (Time) = Jan 09 2025  03:22:40
** Ship: Pisces
** Cruise:  PC2501
** Program:  AMAPPS
# nquan = 7
# nvalues = 1356                                  
# units = specified
# name 0 = depSM: Depth [salt water, m]
# name 1 = tv290C: Temperature [ITS-90, deg C]
# name 2 = c0S/m: Conductivity [S/m]
# name 3 = sal00: Salinity, Practical [PSU]
# name 4 = scan: Scan Count
# name 5 = timeM: Time, Elapsed [minutes]
# name 6 = flag:  0.000e+00
# span 0 =     -0.023,     20.345                 
# span 1 =     7.2437,     8.7598                 
# span 2 =   0.253043,   3.540593                 
# span 3 =     1.9605,    33.7766                 
# span 4 =         11,       1366                 
# span 5 =     0.0417,     5.6875                 
# span 6 = 0.0000e+00, 0.0000e+00                 
# interval = seconds: 0.25
# start_time = Jan 09 2025 03:22:40 [NMEA time, header]
# bad_flag = -9.990e-29
*END*
[from data line 411]
     20.189     8.7435   3.538335    33.3877        422     1.7542  0.000e+00
     20.168     8.7424   3.537646    33.3815        423     1.7583  0.000e+00
     20.138     8.7403   3.537790    33.3850        424     1.7625  0.000e+00
     20.131     8.7390   3.538078    33.3892        425     1.7667  0.000e+00
     20.128     8.7404   3.539625    33.4041        426     1.7708  0.000e+00
     20.131     8.7453   3.539080    33.3938        427     1.7750  0.000e+00
     20.135     8.7485   3.538786    33.3877        428     1.7792  0.000e+00
     20.156     8.7482   3.538160    33.3814        429     1.7833  0.000e+00
     20.189     8.7454   3.537196    33.3740        430     1.7875  0.000e+00
     20.223     8.7401   3.537146    33.3784        431     1.7917  0.000e+00
     20.256     8.7363   3.537446    33.3851        432     1.7958  0.000e+00
     20.266     8.7354   3.537534    33.3869        433     1.8000  0.000e+00
     20.272     8.7357   3.537916    33.3906        434     1.8042  0.000e+00
     20.275     8.7370   3.537891    33.3891        435     1.8083  0.000e+00
     20.275     8.7385   3.537916    33.3879        436     1.8125  0.000e+00
     20.268     8.7394   3.538729    33.3956        437     1.8167  0.000e+00
     20.256     8.7421   3.539230    33.3984        438     1.8208  0.000e+00
     20.250     8.7464   3.539650    33.3987        439     1.8250  0.000e+00
     20.226     8.7500   3.539875    33.3977        440     1.8292  0.000e+00
     20.183     8.7532   3.539875    33.3947        441     1.8333  0.000e+00
     20.122     8.7545   3.539649    33.3911        442     1.8375  0.000e+00
     20.043     8.7546   3.539725    33.3918        443     1.8417  0.000e+00
     19.945     8.7541   3.538785    33.3825        444     1.8458  0.000e+00
     19.857     8.7518   3.538497    33.3817        445     1.8500  0.000e+00
     19.769     8.7481   3.538291    33.3831        446     1.8542  0.000e+00
     19.689     8.7454   3.538410    33.3869        447     1.8583  0.000e+00
     19.601     8.7442   3.539030    33.3946        448     1.8625  0.000e+00
     19.525     8.7455   3.538003    33.3826        449     1.8667  0.000e+00
     19.433     8.7445   3.539330    33.3976        450     1.8708  0.000e+00
     19.333     8.7465   3.538929    33.3915        451     1.8750  0.000e+00
     19.253     8.7480   3.539674    33.3979        452     1.8792  0.000e+00
     19.174     8.7501   3.539662    33.3958        453     1.8833  0.000e+00
     19.110     8.7522   3.539405    33.3912        454     1.8875  0.000e+00
     19.061     8.7524   3.539230    33.3892        455     1.8917  0.000e+00
     19.006     8.7517   3.539430    33.3920        456     1.8958  0.000e+00
     18.970     8.7518   3.539793    33.3957        457     1.9000  0.000e+00
     18.924     8.7527   3.539774    33.3946        458     1.9042  0.000e+00
     18.894     8.7537   3.539480    33.3906        459     1.9083  0.000e+00
     18.869     8.7532   3.539530    33.3917        460     1.9125  0.000e+00
     18.854     8.7526   3.539380    33.3906        461     1.9167  0.000e+00
     18.845     8.7519   3.539179    33.3892        462     1.9208  0.000e+00
     18.839     8.7508   3.539154    33.3900        463     1.9250  0.000e+00
     18.839     8.7501   3.538760    33.3865        464     1.9292  0.000e+00
     18.836     8.7487   3.538572    33.3859        465     1.9333  0.000e+00
     18.845     8.7469   3.538710    33.3890        466     1.9375  0.000e+00
     18.839     8.7462   3.539624    33.3993        467     1.9417  0.000e+00
     18.814     8.7487   3.538735    33.3876        468     1.9458  0.000e+00
     18.796     8.7488   3.539298    33.3934        469     1.9500  0.000e+00
     18.787     8.7491   3.539799    33.3984        470     1.9542  0.000e+00
     18.781     8.7517   3.539824    33.3963        471     1.9583  0.000e+00
     18.765     8.7532   3.539455    33.3909        472     1.9625  0.000e+00
     18.741     8.7533   3.539173    33.3879        473     1.9667  0.000e+00
     18.729     8.7519   3.539204    33.3895        474     1.9708  0.000e+00
     18.716     8.7511   3.538954    33.3876        475     1.9750  0.000e+00
     18.701     8.7500   3.539204    33.3913        476     1.9792  0.000e+00
     18.698     8.7498   3.539029    33.3897        477     1.9833  0.000e+00
     18.689     8.7495   3.539223    33.3920        478     1.9875  0.000e+00
     18.692     8.7500   3.538685    33.3859        479     1.9917  0.000e+00
     18.692     8.7487   3.538610    33.3864        480     1.9958  0.000e+00
     18.701     8.7470   3.538685    33.3887        481     2.0000  0.000e+00
     18.707     8.7464   3.538704    33.3895        482     2.0042  0.000e+00
     18.713     8.7463   3.538685    33.3894        483     2.0083  0.000e+00
     18.728     8.7463   3.538735    33.3899        484     2.0125  0.000e+00
     18.738     8.7465   3.538810    33.3905        485     2.0167  0.000e+00
     18.744     8.7469   3.538779    33.3898        486     2.0208  0.000e+00
     18.747     8.7470   3.539280    33.3949        487     2.0250  0.000e+00
     18.741     8.7483   3.538979    33.3906        488     2.0292  0.000e+00
     18.719     8.7494   3.539674    33.3968        489     2.0333  0.000e+00
     18.695     8.7515   3.540263    33.4010        490     2.0375  0.000e+00
     18.661     8.7547   3.539924    33.3945        491     2.0417  0.000e+00
     18.631     8.7562   3.539899    33.3928        492     2.0458  0.000e+00
     18.582     8.7560   3.539774    33.3917        493     2.0500  0.000e+00
     18.527     8.7560   3.539843    33.3924        494     2.0542  0.000e+00
     18.491     8.7561   3.540075    33.3948        495     2.0583  0.000e+00
     18.457     8.7569   3.540150    33.3949        496     2.0625  0.000e+00
     18.426     8.7575   3.539624    33.3888        497     2.0667  0.000e+00
     18.408     8.7565   3.539480    33.3882        498     2.0708  0.000e+00
     18.399     8.7548   3.539355    33.3886        499     2.0750  0.000e+00
     18.396     8.7534   3.539355    33.3899        500     2.0792  0.000e+00
     18.390     8.7526   3.539104    33.3880        501     2.0833  0.000e+00
     18.396     8.7514   3.539092    33.3890        502     2.0875  0.000e+00
     18.384     8.7505   3.539104    33.3900        503     2.0917  0.000e+00
     18.362     8.7500   3.538929    33.3886        504     2.0958  0.000e+00
     18.332     8.7495   3.538660    33.3863        505     2.1000  0.000e+00
     18.289     8.7481   3.538522    33.3862        506     2.1042  0.000e+00
     18.240     8.7465   3.538459    33.3870        507     2.1083  0.000e+00
     18.179     8.7453   3.538334    33.3869        508     2.1125  0.000e+00
     18.137     8.7444   3.538510    33.3896        509     2.1167  0.000e+00
     18.073     8.7441   3.538315    33.3879        510     2.1208  0.000e+00
     18.018     8.7438   3.536826    33.3726        511     2.1250  0.000e+00
     17.957     8.7382   3.535737    33.3664        512     2.1292  0.000e+00
     17.893     8.7307   3.536951    33.3863        513     2.1333  0.000e+00
     17.832     8.7298   3.538341    33.4018        514     2.1375  0.000e+00
     17.759     8.7354   3.538384    33.3970        515     2.1417  0.000e+00
     17.673     8.7400   3.538115    33.3899        516     2.1458  0.000e+00
     17.594     8.7415   3.538015    33.3874        517     2.1500  0.000e+00
     17.518     8.7413   3.538209    33.3897        518     2.1542  0.000e+00
     17.445     8.7413   3.537445    33.3817        519     2.1583  0.000e+00
     17.378     8.7392   3.536131    33.3699        520     2.1625  0.000e+00
     17.329     8.7332   3.536550    33.3800        521     2.1667  0.000e+00
     17.265     8.7299   3.537120    33.3891        522     2.1708  0.000e+00
     17.225     8.7304   3.536801    33.3853        523     2.1750  0.000e+00
     17.179     8.7309   3.536625    33.3830        524     2.1792  0.000e+00
     17.127     8.7305   3.536675    33.3840        525     2.1833  0.000e+00
     17.091     8.7301   3.538102    33.3993        526     2.1875  0.000e+00
     17.063     8.7342   3.538409    33.3987        527     2.1917  0.000e+00
     17.042     8.7396   3.538484    33.3944        528     2.1958  0.000e+00
     17.039     8.7425   3.538090    33.3875        529     2.2000  0.000e+00
     17.045     8.7426   3.537764    33.3840        530     2.2042  0.000e+00
     17.060     8.7412   3.538165    33.3895        531     2.2083  0.000e+00
     17.066     8.7411   3.538140    33.3894        532     2.2125  0.000e+00
     17.082     8.7414   3.537545    33.3828        533     2.2167  0.000e+00
     17.094     8.7395   3.536575    33.3744        534     2.2208  0.000e+00
     17.100     8.7351   3.536995    33.3830        535     2.2250  0.000e+00
     17.088     8.7333   3.537145    33.3863        536     2.2292  0.000e+00
     17.088     8.7324   3.534967    33.3643        537     2.2333  0.000e+00
     17.085     8.7257   3.534523    33.3659        538     2.2375  0.000e+00
     17.039     8.7176   3.533578    33.3636        539     2.2417  0.000e+00
     16.990     8.7098   3.534148    33.3770        540     2.2458  0.000e+00
     16.914     8.7071   3.534185    33.3800        541     2.2500  0.000e+00
     16.841     8.7074   3.535167    33.3901        542     2.2542  0.000e+00
     16.743     8.7109   3.535336    33.3886        543     2.2583  0.000e+00
     16.646     8.7145   3.535536    33.3874        544     2.2625  0.000e+00
     16.569     8.7170   3.535843    33.3882        545     2.2667  0.000e+00
     16.518     8.7193   3.535931    33.3870        546     2.2708  0.000e+00
     16.466     8.7214   3.536131    33.3872        547     2.2750  0.000e+00
     16.432     8.7229   3.536031    33.3847        548     2.2792  0.000e+00
     16.417     8.7239   3.536056    33.3840        549     2.2833  0.000e+00
     16.402     8.7241   3.535905    33.3822        550     2.2875  0.000e+00
     16.399     8.7238   3.536256    33.3862        551     2.2917  0.000e+00
     16.395     8.7245   3.536206    33.3851        552     2.2958  0.000e+00
     16.392     8.7253   3.536494    33.3873        553     2.3000  0.000e+00
     16.386     8.7263   3.537095    33.3926        554     2.3042  0.000e+00
     16.392     8.7297   3.537645    33.3953        555     2.3083  0.000e+00
     16.386     8.7337   3.537533    33.3902        556     2.3125  0.000e+00
     16.380     8.7358   3.537495    33.3879        557     2.3167  0.000e+00
     16.374     8.7367   3.537395    33.3860        558     2.3208  0.000e+00
     16.362     8.7364   3.537345    33.3857        559     2.3250  0.000e+00
     16.344     8.7362   3.537432    33.3869        560     2.3292  0.000e+00
     16.313     8.7360   3.537144    33.3840        561     2.3333  0.000e+00
     16.286     8.7356   3.537195    33.3850        562     2.3375  0.000e+00
     16.261     8.7348   3.537094    33.3847        563     2.3417  0.000e+00
     16.231     8.7337   3.535248    33.3663        564     2.3458  0.000e+00
     16.203     8.7276   3.534942    33.3689        565     2.3500  0.000e+00
     16.167     8.7208   3.534892    33.3748        566     2.3542  0.000e+00
     16.133     8.7173   3.534892    33.3782        567     2.3583  0.000e+00
     16.106     8.7157   3.535586    33.3869        568     2.3625  0.000e+00
     16.072     8.7173   3.535855    33.3883        569     2.3667  0.000e+00
     16.057     8.7201   3.536525    33.3926        570     2.3708  0.000e+00
     16.017     8.7239   3.536675    33.3907        571     2.3750  0.000e+00
     15.990     8.7276   3.536988    33.3905        572     2.3792  0.000e+00
     15.968     8.7301   3.537019    33.3885        573     2.3833  0.000e+00
     15.947     8.7318   3.537069    33.3874        574     2.3875  0.000e+00
     15.916     8.7328   3.536575    33.3813        575     2.3917  0.000e+00
     15.898     8.7320   3.536856    33.3850        576     2.3958  0.000e+00
     15.880     8.7311   3.536406    33.3811        577     2.4000  0.000e+00
     15.868     8.7298   3.535980    33.3779        578     2.4042  0.000e+00
     15.852     8.7271   3.535805    33.3786        579     2.4083  0.000e+00
     15.855     8.7247   3.535793    33.3808        580     2.4125  0.000e+00
     15.846     8.7231   3.535636    33.3806        581     2.4167  0.000e+00
     15.828     8.7222   3.535636    33.3815        582     2.4208  0.000e+00
     15.807     8.7214   3.535248    33.3782        583     2.4250  0.000e+00
     15.782     8.7197   3.534842    33.3755        584     2.4292  0.000e+00
     15.743     8.7170   3.534816    33.3778        585     2.4333  0.000e+00
     15.706     8.7150   3.534817    33.3797        586     2.4375  0.000e+00
     15.666     8.7141   3.534885    33.3813        587     2.4417  0.000e+00
     15.630     8.7140   3.534892    33.3815        588     2.4458  0.000e+00
     15.584     8.7140   3.535092    33.3836        589     2.4500  0.000e+00
     15.556     8.7148   3.535311    33.3852        590     2.4542  0.000e+00
     15.532     8.7162   3.535298    33.3838        591     2.4583  0.000e+00
     15.514     8.7170   3.535211    33.3820        592     2.4625  0.000e+00
     15.505     8.7172   3.535186    33.3817        593     2.4667  0.000e+00
     15.514     8.7170   3.535273    33.3827        594     2.4708  0.000e+00
     15.517     8.7174   3.535261    33.3822        595     2.4750  0.000e+00
     15.523     8.7175   3.535311    33.3826        596     2.4792  0.000e+00
     15.541     8.7178   3.535261    33.3818        597     2.4833  0.000e+00
     15.550     8.7178   3.535223    33.3814        598     2.4875  0.000e+00
     15.562     8.7176   3.535261    33.3820        599     2.4917  0.000e+00
     15.556     8.7178   3.535361    33.3828        600     2.4958  0.000e+00
     15.541     8.7184   3.535311    33.3818        601     2.5000  0.000e+00
     15.529     8.7188   3.535430    33.3827        602     2.5042  0.000e+00
     15.504     8.7193   3.535461    33.3825        603     2.5083  0.000e+00
     15.474     8.7197   3.535361    33.3811        604     2.5125  0.000e+00
     15.440     8.7196   3.535236    33.3799        605     2.5167  0.000e+00
     15.416     8.7190   3.535042    33.3785        606     2.5208  0.000e+00
     15.385     8.7180   3.534841    33.3773        607     2.5250  0.000e+00
     15.364     8.7166   3.534967    33.3799        608     2.5292  0.000e+00
     15.343     8.7163   3.535198    33.3827        609     2.5333  0.000e+00
     15.330     8.7168   3.535117    33.3814        610     2.5375  0.000e+00
     15.330     8.7173   3.535311    33.3829        611     2.5417  0.000e+00
     15.321     8.7183   3.536525    33.3947        612     2.5458  0.000e+00
     15.330     8.7229   3.537194    33.3974        613     2.5500  0.000e+00
     15.346     8.7291   3.536850    33.3879        614     2.5542  0.000e+00
     15.361     8.7313   3.536600    33.3833        615     2.5583  0.000e+00
     15.379     8.7310   3.536475    33.3822        616     2.5625  0.000e+00
     15.397     8.7305   3.535924    33.3769        617     2.5667  0.000e+00
     15.382     8.7281   3.536306    33.3832        618     2.5708  0.000e+00
     15.370     8.7271   3.536650    33.3877        619     2.5750  0.000e+00
     15.339     8.7283   3.536575    33.3858        620     2.5792  0.000e+00
     15.288     8.7293   3.536650    33.3857        621     2.5833  0.000e+00
     15.245     8.7298   3.536625    33.3850        622     2.5875  0.000e+00
     15.178     8.7299   3.535830    33.3766        623     2.5917  0.000e+00
     15.108     8.7275   3.535711    33.3776        624     2.5958  0.000e+00
     15.053     8.7248   3.535429    33.3773        625     2.6000  0.000e+00
