PC2501/sbe042.cnv
* Sea-Bird SBE 19plus Data File:
* FileName = C:\cruise\data\sbe042.hex
* Software Version Seasave V 7.26.7.121
* Temperature SN = 4684
* Conductivity SN = 4684
* System UpLoad Time = Jan 19 2025 09:44:41
* NMEA Latitude = 36 18.47 N
* NMEA Longitude = 074 05.93 W
* NMEA UTC (Time) = Jan 19 2025  09:44:07
** Ship: Pisces
** Cruise:  PC2501
** Program:  AMAPPS
# nquan = 7
# nvalues = 2359                                  
# units = specified
# name 0 = depSM: Depth [salt water, m]
# name 1 = tv290C: Temperature [ITS-90, deg C]
# name 2 = c0S/m: Conductivity [S/m]
# name 3 = sal00: Salinity, Practical [PSU]
# name 4 = scan: Scan Count
# name 5 = timeM: Time, Elapsed [minutes]
# name 6 = flag:  0.000e+00
# span 0 =     -0.015,     52.004                 
# span 1 =    12.4084,    21.9452                 
# span 2 =  -0.000502,   5.182601                 
# span 3 =     0.0000,    39.8921                 
# span 4 =         11,       2369                 
# span 5 =     0.0417,     9.8667                 
# span 6 = 0.0000e+00, 0.0000e+00                 
# interval = seconds: 0.25
# start_time = Jan 19 2025 09:44:07 [NMEA time, header]
# bad_flag = -9.990e-29
*END*
[from data line 821]
     44.331    19.8774   4.934260    36.2600        832     3.4625  0.000e+00
     44.282    19.8789   4.934325    36.2593        833     3.4667  0.000e+00
     44.230    19.8793   4.935852    36.2716        834     3.4708  0.000e+00
     44.163    19.8834   4.935824    36.2679        835     3.4750  0.000e+00
     44.105    19.8871   4.935989    36.2661        836     3.4792  0.000e+00
     44.023    19.8889   4.936770    36.2709        837     3.4833  0.000e+00
     43.937    19.8921   4.938922    36.2860        838     3.4875  0.000e+00
     43.849    19.9014   4.939252    36.2807        839     3.4917  0.000e+00
     43.754    19.9090   4.939474    36.2760        840     3.4958  0.000e+00
     43.657    19.9144   4.942710    36.2981        841     3.5000  0.000e+00
     43.553    19.9272   4.944770    36.3040        842     3.5042  0.000e+00
     43.452    19.9453   4.945652    36.2958        843     3.5083  0.000e+00
     43.358    19.9602   4.945688    36.2831        844     3.5125  0.000e+00
     43.272    19.9691   4.945415    36.2733        845     3.5167  0.000e+00
     43.193    19.9727   4.945293    36.2692        846     3.5208  0.000e+00
     43.120    19.9739   4.944963    36.2654        847     3.5250  0.000e+00
     43.065    19.9738   4.945386    36.2690        848     3.5292  0.000e+00
     43.013    19.9747   4.945716    36.2710        849     3.5333  0.000e+00
     42.964    19.9770   4.945716    36.2690        850     3.5375  0.000e+00
     42.924    19.9791   4.945616    36.2664        851     3.5417  0.000e+00
     42.888    19.9798   4.945652    36.2661        852     3.5458  0.000e+00
     42.851    19.9803   4.945687    36.2660        853     3.5500  0.000e+00
     42.824    19.9809   4.945881    36.2671        854     3.5542  0.000e+00
     42.793    19.9820   4.945651    36.2643        855     3.5583  0.000e+00
     42.756    19.9819   4.945781    36.2654        856     3.5625  0.000e+00
     42.732    19.9817   4.945752    36.2653        857     3.5667  0.000e+00
     42.708    19.9816   4.946010    36.2675        858     3.5708  0.000e+00
     42.686    19.9828   4.946240    36.2684        859     3.5750  0.000e+00
     42.659    19.9844   4.946240    36.2671        860     3.5792  0.000e+00
     42.628    19.9854   4.946175    36.2657        861     3.5833  0.000e+00
     42.607    19.9857   4.946060    36.2645        862     3.5875  0.000e+00
     42.592    19.9856   4.946046    36.2645        863     3.5917  0.000e+00
     42.561    19.9854   4.946075    36.2649        864     3.5958  0.000e+00
     42.528    19.9853   4.946111    36.2653        865     3.6000  0.000e+00
     42.491    19.9856   4.946304    36.2666        866     3.6042  0.000e+00
     42.448    19.9861   4.946498    36.2678        867     3.6083  0.000e+00
     42.402    19.9872   4.946793    36.2693        868     3.6125  0.000e+00
     42.351    19.9891   4.946929    36.2688        869     3.6167  0.000e+00
     42.290    19.9911   4.947123    36.2687        870     3.6208  0.000e+00
     42.222    19.9926   4.947517    36.2707        871     3.6250  0.000e+00
     42.152    19.9950   4.947747    36.2705        872     3.6292  0.000e+00
     42.076    19.9977   4.947941    36.2698        873     3.6333  0.000e+00
     42.000    19.9996   4.948041    36.2690        874     3.6375  0.000e+00
     41.920    20.0015   4.948415    36.2705        875     3.6417  0.000e+00
     41.829    20.0034   4.948695    36.2712        876     3.6458  0.000e+00
     41.734    20.0056   4.948989    36.2718        877     3.6500  0.000e+00
     41.646    20.0083   4.949412    36.2729        878     3.6542  0.000e+00
     41.554    20.0116   4.950360    36.2779        879     3.6583  0.000e+00
     41.472    20.0168   4.950195    36.2721        880     3.6625  0.000e+00
     41.371    20.0204   4.951803    36.2823        881     3.6667  0.000e+00
     41.286    20.0269   4.952852    36.2854        882     3.6708  0.000e+00
     41.194    20.0360   4.954159    36.2883        883     3.6750  0.000e+00
     41.121    20.0461   4.954913    36.2858        884     3.6792  0.000e+00
     41.051    20.0551   4.954424    36.2741        885     3.6833  0.000e+00
     40.990    20.0591   4.957011    36.2919        886     3.6875  0.000e+00
     40.926    20.0676   4.957075    36.2851        887     3.6917  0.000e+00
     40.877    20.0750   4.956457    36.2736        888     3.6958  0.000e+00
     40.834    20.0778   4.956752    36.2737        889     3.7000  0.000e+00
     40.788    20.0772   4.957406    36.2796        890     3.7042  0.000e+00
     40.755    20.0807   4.957930    36.2809        891     3.7083  0.000e+00
     40.724    20.0845   4.957571    36.2747        892     3.7125  0.000e+00
     40.682    20.0851   4.956385    36.2645        893     3.7167  0.000e+00
     40.654    20.0809   4.958059    36.2818        894     3.7208  0.000e+00
     40.630    20.0830   4.958519    36.2838        895     3.7250  0.000e+00
     40.584    20.0885   4.959108    36.2839        896     3.7292  0.000e+00
     40.562    20.0934   4.959633    36.2841        897     3.7333  0.000e+00
     40.523    20.0977   4.958584    36.2718        898     3.7375  0.000e+00
     40.480    20.0973   4.959209    36.2773        899     3.7417  0.000e+00
     40.440    20.0975   4.958814    36.2738        900     3.7458  0.000e+00
     40.392    20.0971   4.959798    36.2823        901     3.7500  0.000e+00
     40.340    20.0997   4.960129    36.2828        902     3.7542  0.000e+00
     40.282    20.1024   4.958684    36.2686        903     3.7583  0.000e+00
     40.233    20.1009   4.958720    36.2702        904     3.7625  0.000e+00
     40.181    20.0971   4.960359    36.2870        905     3.7667  0.000e+00
     40.117    20.1012   4.961508    36.2929        906     3.7708  0.000e+00
     40.056    20.1084   4.959539    36.2705        907     3.7750  0.000e+00
     39.998    20.1078   4.959898    36.2740        908     3.7792  0.000e+00
     39.928    20.1051   4.959208    36.2707        909     3.7833  0.000e+00
     39.864    20.1028   4.960092    36.2799        910     3.7875  0.000e+00
     39.787    20.1035   4.961444    36.2905        911     3.7917  0.000e+00
     39.699    20.1092   4.966239    36.3250        912     3.7958  0.000e+00
     39.623    20.1292   4.966893    36.3132        913     3.8000  0.000e+00
     39.528    20.1476   4.967087    36.2990        914     3.8042  0.000e+00
     39.446    20.1573   4.968834    36.3050        915     3.8083  0.000e+00
     39.360    20.1668   4.970244    36.3084        916     3.8125  0.000e+00
     39.263    20.1780   4.969229    36.2904        917     3.8167  0.000e+00
     39.186    20.1820   4.967848    36.2757        918     3.8208  0.000e+00
     39.113    20.1776   4.966762    36.2706        919     3.8250  0.000e+00
     39.034    20.1711   4.966532    36.2744        920     3.8292  0.000e+00
     38.960    20.1648   4.967848    36.2906        921     3.8333  0.000e+00
     38.890    20.1656   4.968539    36.2956        922     3.8375  0.000e+00
     38.826    20.1712   4.969653    36.2999        923     3.8417  0.000e+00
     38.762    20.1772   4.968963    36.2891        924     3.8458  0.000e+00
     38.701    20.1804   4.969459    36.2905        925     3.8500  0.000e+00
     38.643    20.1820   4.971236    36.3037        926     3.8542  0.000e+00
     38.597    20.1889   4.971034    36.2961        927     3.8583  0.000e+00
     38.549    20.1935   4.971099    36.2927        928     3.8625  0.000e+00
     38.509    20.1951   4.969754    36.2803        929     3.8667  0.000e+00
     38.469    20.1922   4.969919    36.2842        930     3.8708  0.000e+00
     38.433    20.1892   4.970085    36.2881        931     3.8750  0.000e+00
     38.408    20.1886   4.969984    36.2879        932     3.8792  0.000e+00
     38.378    20.1882   4.969257    36.2823        933     3.8833  0.000e+00
     38.350    20.1854   4.968373    36.2774        934     3.8875  0.000e+00
     38.317    20.1808   4.968373    36.2814        935     3.8917  0.000e+00
     38.286    20.1774   4.971430    36.3094        936     3.8958  0.000e+00
     38.259    20.1849   4.970379    36.2943        937     3.9000  0.000e+00
     38.231    20.1904   4.972322    36.3055        938     3.9042  0.000e+00
     38.198    20.1969   4.972286    36.2996        939     3.9083  0.000e+00
     38.152    20.2029   4.972911    36.2996        940     3.9125  0.000e+00
     38.100    20.2075   4.973998    36.3046        941     3.9167  0.000e+00
     38.048    20.2134   4.974199    36.3012        942     3.9208  0.000e+00
     37.987    20.2186   4.975019    36.3035        943     3.9250  0.000e+00
     37.926    20.2242   4.975480    36.3025        944     3.9292  0.000e+00
     37.859    20.2285   4.975545    36.2993        945     3.9333  0.000e+00
     37.776    20.2317   4.976070    36.3009        946     3.9375  0.000e+00
     37.706    20.2350   4.975480    36.2932        947     3.9417  0.000e+00
     37.633    20.2348   4.974954    36.2891        948     3.9458  0.000e+00
     37.560    20.2326   4.975213    36.2931        949     3.9500  0.000e+00
     37.471    20.2317   4.977063    36.3092        950     3.9542  0.000e+00
     37.392    20.2367   4.977092    36.3051        951     3.9583  0.000e+00
     37.316    20.2423   4.975515    36.2874        952     3.9625  0.000e+00
     37.233    20.2407   4.976566    36.2974        953     3.9667  0.000e+00
     37.163    20.2407   4.975710    36.2904        954     3.9708  0.000e+00
     37.087    20.2381   4.976436    36.2987        955     3.9750  0.000e+00
     37.007    20.2386   4.978344    36.3139        956     3.9792  0.000e+00
     36.937    20.2471   4.979301    36.3144        957     3.9833  0.000e+00
     36.870    20.2559   4.979502    36.3086        958     3.9875  0.000e+00
     36.794    20.2627   4.979437    36.3022        959     3.9917  0.000e+00
     36.730    20.2655   4.979337    36.2989        960     3.9958  0.000e+00
     36.654    20.2661   4.979603    36.3007        961     4.0000  0.000e+00
     36.583    20.2671   4.979466    36.2986        962     4.0042  0.000e+00
     36.522    20.2674   4.979466    36.2985        963     4.0083  0.000e+00
     36.467    20.2679   4.981280    36.3129        964     4.0125  0.000e+00
     36.400    20.2739   4.983858    36.3289        965     4.0167  0.000e+00
     36.336    20.2884   4.984153    36.3188        966     4.0208  0.000e+00
     36.275    20.2972   4.984585    36.3149        967     4.0250  0.000e+00
     36.223    20.3053   4.982208    36.2884        968     4.0292  0.000e+00
     36.174    20.3020   4.983987    36.3059        969     4.0333  0.000e+00
     36.135    20.3018   4.985147    36.3155        970     4.0375  0.000e+00
     36.092    20.3085   4.984383    36.3035        971     4.0417  0.000e+00
     36.052    20.3103   4.986565    36.3199        972     4.0458  0.000e+00
     36.010    20.3177   4.986861    36.3159        973     4.0500  0.000e+00
     35.970    20.3259   4.986630    36.3070        974     4.0542  0.000e+00
     35.927    20.3285   4.986399    36.3029        975     4.0583  0.000e+00
     35.888    20.3284   4.985708    36.2973        976     4.0625  0.000e+00
     35.839    20.3259   4.985110    36.2946        977     4.0667  0.000e+00
     35.784    20.3216   4.985045    36.2978        978     4.0708  0.000e+00
     35.729    20.3194   4.984484    36.2951        979     4.0750  0.000e+00
     35.665    20.3153   4.985506    36.3070        980     4.0792  0.000e+00
     35.601    20.3164   4.985636    36.3071        981     4.0833  0.000e+00
     35.543    20.3193   4.985542    36.3039        982     4.0875  0.000e+00
     35.469    20.3202   4.984483    36.2945        983     4.0917  0.000e+00
     35.402    20.3168   4.984116    36.2944        984     4.0958  0.000e+00
     35.332    20.3124   4.984188    36.2989        985     4.1000  0.000e+00
     35.256    20.3100   4.984880    36.3066        986     4.1042  0.000e+00
     35.186    20.3113   4.985045    36.3069        987     4.1083  0.000e+00
     35.115    20.3137   4.985902    36.3119        988     4.1125  0.000e+00
     35.036    20.3179   4.987156    36.3185        989     4.1167  0.000e+00
     34.966    20.3260   4.988315    36.3210        990     4.1208  0.000e+00
     34.896    20.3354   4.990268    36.3290        991     4.1250  0.000e+00
     34.819    20.3461   4.989208    36.3112        992     4.1292  0.000e+00
     34.749    20.3519   4.989374    36.3076        993     4.1333  0.000e+00
     34.676    20.3528   4.988841    36.3025        994     4.1375  0.000e+00
     34.609    20.3516   4.988841    36.3035        995     4.1417  0.000e+00
     34.545    20.3512   4.992285    36.3320        996     4.1458  0.000e+00
     34.484    20.3615   4.990829    36.3113        997     4.1500  0.000e+00
     34.420    20.3668   4.988343    36.2864        998     4.1542  0.000e+00
     34.365    20.3586   4.988977    36.2987        999     4.1583  0.000e+00
     34.310    20.3535   4.990829    36.3182       1000     4.1625  0.000e+00
     34.255    20.3568   4.988509    36.2965       1001     4.1667  0.000e+00
     34.215    20.3550   4.993704    36.3405       1002     4.1708  0.000e+00
     34.163    20.3681   4.994663    36.3371       1003     4.1750  0.000e+00
     34.118    20.3853   4.995722    36.3310       1004     4.1792  0.000e+00
     34.084    20.3978   4.997842    36.3376       1005     4.1833  0.000e+00
     34.044    20.4119   4.999435    36.3385       1006     4.1875  0.000e+00
     33.999    20.4272   5.000098    36.3308       1007     4.1917  0.000e+00
     33.965    20.4379   5.000891    36.3281       1008     4.1958  0.000e+00
     33.925    20.4467   5.001187    36.3229       1009     4.2000  0.000e+00
     33.886    20.4534   5.001454    36.3194       1010     4.2042  0.000e+00
     33.837    20.4567   5.002384    36.3242       1011     4.2083  0.000e+00
     33.785    20.4617   5.004772    36.3394       1012     4.2125  0.000e+00
     33.730    20.4729   5.007427    36.3515       1013     4.2167  0.000e+00
     33.663    20.4917   5.006495    36.3277       1014     4.2208  0.000e+00
     33.599    20.5003   5.006430    36.3198       1015     4.2250  0.000e+00
     33.522    20.5030   5.006827    36.3208       1016     4.2292  0.000e+00
     33.449    20.5050   5.007130    36.3216       1017     4.2333  0.000e+00
     33.367    20.5073   5.006531    36.3147       1018     4.2375  0.000e+00
     33.281    20.5065   5.007130    36.3203       1019     4.2417  0.000e+00
     33.190    20.5075   5.006899    36.3176       1020     4.2458  0.000e+00
     33.107    20.5084   5.006697    36.3152       1021     4.2500  0.000e+00
     33.010    20.5073   5.006993    36.3186       1022     4.2542  0.000e+00
     32.940    20.5073   5.007822    36.3254       1023     4.2583  0.000e+00
     32.845    20.5110   5.009020    36.3320       1024     4.2625  0.000e+00
     32.772    20.5181   5.010680    36.3395       1025     4.2667  0.000e+00
     32.702    20.5289   5.011048    36.3333       1026     4.2708  0.000e+00
     32.631    20.5382   5.015040    36.3578       1027     4.2750  0.000e+00
     32.552    20.5540   5.014903    36.3432       1028     4.2792  0.000e+00
     32.485    20.5667   5.014737    36.3310       1029     4.2833  0.000e+00
     32.427    20.5727   5.014404    36.3232       1030     4.2875  0.000e+00
     32.363    20.5740   5.015003    36.3269       1031     4.2917  0.000e+00
     32.296    20.5751   5.016166    36.3355       1032     4.2958  0.000e+00
     32.247    20.5815   5.017603    36.3418       1033     4.3000  0.000e+00
     32.189    20.5903   5.018036    36.3377       1034     4.3042  0.000e+00
     32.131    20.5973   5.018968    36.3393       1035     4.3083  0.000e+00
