PC2501/sbe062.cnv
* Sea-Bird SBE 19plus Data File:
* FileName = C:\cruise\data\sbe062.hex
* Software Version Seasave V 7.26.7.121
* Temperature SN = 4684
* Conductivity SN = 4684
* System UpLoad Time = Feb 05 2025 04:13:11
* NMEA Latitude = 38 55.62 N
* NMEA Longitude = 073 06.27 W
* NMEA UTC (Time) = Feb 05 2025  04:12:46
** Ship: Pisces
** Cruise:  PC2501
** Program:  AMAPPS
# nquan = 7
# nvalues = 2389                                  
# units = specified
# name 0 = depSM: Depth [salt water, m]
# name 1 = tv290C: Temperature [ITS-90, deg C]
# name 2 = c0S/m: Conductivity [S/m]
# name 3 = sal00: Salinity, Practical [PSU]
# name 4 = scan: Scan Count
# name 5 = timeM: Time, Elapsed [minutes]
# name 6 = flag:  0.000e+00
# span 0 =      0.088,     73.667                 
# span 1 =     5.0165,     8.8608                 
# span 2 =   0.000024,   3.577832                 
# span 3 =     0.0020,    33.7196                 
# span 4 =         11,       2399                 
# span 5 =     0.0417,     9.9917                 
# span 6 = 0.0000e+00, 0.0000e+00                 
# interval = seconds: 0.25
# start_time = Feb 05 2025 04:12:46 [NMEA time, header]
# bad_flag = -9.990e-29
*END*
[from data line 616]
     57.651     8.8454   3.576675    33.6755        627     2.6083  0.000e+00
     57.776     8.8419   3.576499    33.6769        628     2.6125  0.000e+00
     57.895     8.8393   3.576448    33.6789        629     2.6167  0.000e+00
     57.983     8.8374   3.575977    33.6757        630     2.6208  0.000e+00
     58.047     8.8343   3.575600    33.6746        631     2.6250  0.000e+00
     58.090     8.8303   3.575474    33.6771        632     2.6292  0.000e+00
     58.129     8.8273   3.575474    33.6800        633     2.6333  0.000e+00
     58.163     8.8257   3.575374    33.6804        634     2.6375  0.000e+00
     58.190     8.8248   3.575298    33.6804        635     2.6417  0.000e+00
     58.233     8.8240   3.575449    33.6827        636     2.6458  0.000e+00
     58.282     8.8240   3.575399    33.6822        637     2.6500  0.000e+00
     58.327     8.8243   3.575399    33.6819        638     2.6542  0.000e+00
     58.404     8.8244   3.575500    33.6828        639     2.6583  0.000e+00
     58.504     8.8249   3.575449    33.6818        640     2.6625  0.000e+00
     58.605     8.8250   3.575399    33.6812        641     2.6667  0.000e+00
     58.730     8.8246   3.575198    33.6794        642     2.6708  0.000e+00
     58.864     8.8233   3.575072    33.6792        643     2.6750  0.000e+00
     59.010     8.8216   3.574997    33.6800        644     2.6792  0.000e+00
     59.165     8.8202   3.574947    33.6807        645     2.6833  0.000e+00
     59.318     8.8192   3.574884    33.6809        646     2.6875  0.000e+00
     59.470     8.8183   3.574796    33.6808        647     2.6917  0.000e+00
     59.635     8.8175   3.574645    33.6799        648     2.6958  0.000e+00
     59.787     8.8161   3.574494    33.6795        649     2.7000  0.000e+00
     59.924     8.8147   3.574419    33.6800        650     2.7042  0.000e+00
     60.061     8.8133   3.574319    33.6802        651     2.7083  0.000e+00
     60.174     8.8122   3.574369    33.6817        652     2.7125  0.000e+00
     60.272     8.8115   3.574394    33.6826        653     2.7167  0.000e+00
     60.360     8.8110   3.574419    33.6833        654     2.7208  0.000e+00
     60.433     8.8109   3.574495    33.6842        655     2.7250  0.000e+00
     60.494     8.8112   3.574520    33.6842        656     2.7292  0.000e+00
     60.570     8.8112   3.574646    33.6854        657     2.7333  0.000e+00
     60.628     8.8115   3.574847    33.6872        658     2.7375  0.000e+00
     60.695     8.8123   3.574922    33.6872        659     2.7417  0.000e+00
     60.759     8.8128   3.574897    33.6864        660     2.7458  0.000e+00
     60.823     8.8132   3.574847    33.6855        661     2.7500  0.000e+00
     60.893     8.8132   3.574998    33.6871        662     2.7542  0.000e+00
     60.982     8.8134   3.575123    33.6881        663     2.7583  0.000e+00
     61.055     8.8139   3.575174    33.6881        664     2.7625  0.000e+00
     61.146     8.8143   3.575299    33.6891        665     2.7667  0.000e+00
     61.244     8.8146   3.575450    33.6903        666     2.7708  0.000e+00
     61.350     8.8152   3.575450    33.6897        667     2.7750  0.000e+00
     61.463     8.8153   3.575463    33.6896        668     2.7792  0.000e+00
     61.573     8.8150   3.575325    33.6884        669     2.7833  0.000e+00
     61.704     8.8141   3.574948    33.6853        670     2.7875  0.000e+00
     61.841     8.8113   3.573992    33.6779        671     2.7917  0.000e+00
     61.984     8.8048   3.573842    33.6825        672     2.7958  0.000e+00
     62.130     8.7990   3.573389    33.6831        673     2.8000  0.000e+00
     62.274     8.7940   3.572592    33.6794        674     2.8042  0.000e+00
     62.426     8.7872   3.572164    33.6813        675     2.8083  0.000e+00
     62.572     8.7812   3.572139    33.6868        676     2.8125  0.000e+00
     62.712     8.7776   3.572190    33.6906        677     2.8167  0.000e+00
     62.847     8.7760   3.572165    33.6918        678     2.8208  0.000e+00
     62.975     8.7751   3.572039    33.6913        679     2.8250  0.000e+00
     63.084     8.7744   3.572064    33.6922        680     2.8292  0.000e+00
     63.166     8.7736   3.571989    33.6921        681     2.8333  0.000e+00
     63.243     8.7730   3.572115    33.6940        682     2.8375  0.000e+00
     63.301     8.7732   3.572316    33.6959        683     2.8417  0.000e+00
     63.349     8.7741   3.572316    33.6949        684     2.8458  0.000e+00
     63.401     8.7745   3.572265    33.6940        685     2.8500  0.000e+00
     63.459     8.7747   3.572159    33.6927        686     2.8542  0.000e+00
     63.526     8.7741   3.572165    33.6933        687     2.8583  0.000e+00
     63.593     8.7738   3.572090    33.6927        688     2.8625  0.000e+00
     63.684     8.7733   3.571838    33.6905        689     2.8667  0.000e+00
     63.782     8.7719   3.571713    33.6905        690     2.8708  0.000e+00
     63.889     8.7705   3.571662    33.6913        691     2.8750  0.000e+00
     64.007     8.7692   3.571889    33.6948        692     2.8792  0.000e+00
     64.132     8.7692   3.572140    33.6974        693     2.8833  0.000e+00
     64.279     8.7707   3.572291    33.6975        694     2.8875  0.000e+00
     64.419     8.7725   3.571964    33.6923        695     2.8917  0.000e+00
     64.580     8.7722   3.572140    33.6944        696     2.8958  0.000e+00
     64.730     8.7719   3.572291    33.6961        697     2.9000  0.000e+00
     64.876     8.7730   3.572366    33.6958        698     2.9042  0.000e+00
     65.019     8.7737   3.572165    33.6930        699     2.9083  0.000e+00
     65.156     8.7736   3.571889    33.6901        700     2.9125  0.000e+00
     65.293     8.7717   3.571060    33.6832        701     2.9167  0.000e+00
     65.415     8.7668   3.570834    33.6854        702     2.9208  0.000e+00
     65.519     8.7624   3.570689    33.6880        703     2.9250  0.000e+00
     65.619     8.7591   3.570482    33.6889        704     2.9292  0.000e+00
     65.729     8.7566   3.570212    33.6885        705     2.9333  0.000e+00
     65.821     8.7537   3.570583    33.6950        706     2.9375  0.000e+00
     65.918     8.7536   3.570608    33.6954        707     2.9417  0.000e+00
     66.003     8.7543   3.570256    33.6909        708     2.9458  0.000e+00
     66.104     8.7529   3.570237    33.6920        709     2.9500  0.000e+00
     66.192     8.7515   3.569835    33.6891        710     2.9542  0.000e+00
     66.290     8.7489   3.569634    33.6894        711     2.9583  0.000e+00
     66.384     8.7459   3.569308    33.6888        712     2.9625  0.000e+00
     66.500     8.7422   3.569207    33.6912        713     2.9667  0.000e+00
     66.598     8.7393   3.569207    33.6939        714     2.9708  0.000e+00
     66.707     8.7379   3.569208    33.6952        715     2.9750  0.000e+00
     66.811     8.7371   3.569258    33.6964        716     2.9792  0.000e+00
     66.902     8.7369   3.569270    33.6967        717     2.9833  0.000e+00
     67.006     8.7366   3.569183    33.6960        718     2.9875  0.000e+00
     67.106     8.7364   3.569233    33.6967        719     2.9917  0.000e+00
     67.213     8.7363   3.569258    33.6970        720     2.9958  0.000e+00
     67.323     8.7363   3.569283    33.6972        721     3.0000  0.000e+00
     67.442     8.7363   3.569233    33.6966        722     3.0042  0.000e+00
     67.554     8.7359   3.569208    33.6967        723     3.0083  0.000e+00
     67.679     8.7354   3.569208    33.6972        724     3.0125  0.000e+00
     67.816     8.7349   3.569233    33.6978        725     3.0167  0.000e+00
     67.963     8.7347   3.569158    33.6972        726     3.0208  0.000e+00
     68.115     8.7341   3.568907    33.6950        727     3.0250  0.000e+00
     68.258     8.7330   3.568856    33.6954        728     3.0292  0.000e+00
     68.408     8.7320   3.568756    33.6953        729     3.0333  0.000e+00
     68.551     8.7308   3.568743    33.6962        730     3.0375  0.000e+00
     68.694     8.7298   3.568857    33.6983        731     3.0417  0.000e+00
     68.822     8.7291   3.569208    33.7026        732     3.0458  0.000e+00
     68.938     8.7290   3.570088    33.7119        733     3.0500  0.000e+00
     69.032     8.7310   3.570559    33.7148        734     3.0542  0.000e+00
     69.108     8.7344   3.570835    33.7145        735     3.0583  0.000e+00
     69.178     8.7371   3.571036    33.7140        736     3.0625  0.000e+00
     69.252     8.7393   3.571087    33.7124        737     3.0667  0.000e+00
     69.316     8.7406   3.570986    33.7101        738     3.0708  0.000e+00
     69.383     8.7408   3.570986    33.7099        739     3.0750  0.000e+00
     69.456     8.7409   3.571112    33.7110        740     3.0792  0.000e+00
     69.526     8.7412   3.571212    33.7118        741     3.0833  0.000e+00
     69.605     8.7419   3.571363    33.7127        742     3.0875  0.000e+00
     69.681     8.7427   3.571338    33.7116        743     3.0917  0.000e+00
     69.779     8.7432   3.571514    33.7130        744     3.0958  0.000e+00
     69.879     8.7440   3.571922    33.7164        745     3.1000  0.000e+00
     69.989     8.7455   3.571640    33.7119        746     3.1042  0.000e+00
     70.117     8.7453   3.571439    33.7100        747     3.1083  0.000e+00
     70.245     8.7434   3.571187    33.7091        748     3.1125  0.000e+00
     70.388     8.7409   3.570986    33.7093        749     3.1167  0.000e+00
     70.537     8.7388   3.570861    33.7099        750     3.1208  0.000e+00
     70.696     8.7367   3.570585    33.7090        751     3.1250  0.000e+00
     70.842     8.7341   3.569837    33.7035        752     3.1292  0.000e+00
     70.982     8.7295   3.569511    33.7044        753     3.1333  0.000e+00
     71.110     8.7250   3.569335    33.7068        754     3.1375  0.000e+00
     71.238     8.7218   3.569234    33.7087        755     3.1417  0.000e+00
     71.357     8.7196   3.569134    33.7097        756     3.1458  0.000e+00
     71.458     8.7179   3.569008    33.7099        757     3.1500  0.000e+00
     71.561     8.7164   3.568807    33.7092        758     3.1542  0.000e+00
     71.653     8.7148   3.568117    33.7034        759     3.1583  0.000e+00
     71.753     8.7115   3.568110    33.7065        760     3.1625  0.000e+00
     71.860     8.7084   3.566704    33.6946        761     3.1667  0.000e+00
     71.982     8.7014   3.565128    33.6846        762     3.1708  0.000e+00
     72.104     8.6898   3.564532    33.6894        763     3.1750  0.000e+00
     72.232     8.6800   3.564431    33.6976        764     3.1792  0.000e+00
     72.366     8.6742   3.564306    33.7017        765     3.1833  0.000e+00
     72.503     8.6708   3.564181    33.7035        766     3.1875  0.000e+00
     72.640     8.6687   3.563653    33.7000        767     3.1917  0.000e+00
     72.780     8.6652   3.562279    33.6888        768     3.1958  0.000e+00
     72.911     8.6579   3.562116    33.6940        769     3.2000  0.000e+00
     73.039     8.6509   3.560409    33.6826        770     3.2042  0.000e+00
     73.152     8.6410   3.559330    33.6807        771     3.2083  0.000e+00
     73.249     8.6298   3.559255    33.6904        772     3.2125  0.000e+00
     73.328     8.6224   3.557335    33.6773        773     3.2167  0.000e+00
     73.389     8.6119   3.556739    33.6810        774     3.2208  0.000e+00
     73.432     8.6014   3.556388    33.6873        775     3.2250  0.000e+00
     73.466     8.5945   3.556075    33.6906        776     3.2292  0.000e+00
     73.493     8.5893   3.556062    33.6954        777     3.2333  0.000e+00
     73.533     8.5864   3.556213    33.6997        778     3.2375  0.000e+00
     73.584     8.5857   3.555868    33.6967        779     3.2417  0.000e+00
     73.664     8.5841   3.555667    33.6960        780     3.2458  0.000e+00
     73.664     8.5822   3.555692    33.6981        781     3.2500  0.000e+00
     73.667     8.5810   3.555667    33.6990        782     3.2542  0.000e+00
     73.639     8.5806   3.555630    33.6990        783     3.2583  0.000e+00
     73.603     8.5802   3.555567    33.6987        784     3.2625  0.000e+00
     73.575     8.5797   3.555617    33.6998        785     3.2667  0.000e+00
     73.572     8.5796   3.555887    33.7027        786     3.2708  0.000e+00
     73.569     8.5808   3.555937    33.7021        787     3.2750  0.000e+00
     73.542     8.5822   3.556163    33.7031        788     3.2792  0.000e+00
     73.490     8.5839   3.556257    33.7026        789     3.2833  0.000e+00
     73.411     8.5855   3.556689    33.7056        790     3.2875  0.000e+00
     73.344     8.5881   3.557034    33.7068        791     3.2917  0.000e+00
     73.270     8.5917   3.557210    33.7053        792     3.2958  0.000e+00
     73.209     8.5942   3.557536    33.7063        793     3.3000  0.000e+00
     73.161     8.5972   3.557912    33.7074        794     3.3042  0.000e+00
     73.115     8.6008   3.558013    33.7051        795     3.3083  0.000e+00
     73.066     8.6032   3.558013    33.7029        796     3.3125  0.000e+00
     72.990     8.6047   3.558759    33.7093        797     3.3167  0.000e+00
     72.893     8.6078   3.558734    33.7061        798     3.3208  0.000e+00
     72.795     8.6109   3.558834    33.7043        799     3.3250  0.000e+00
     72.716     8.6125   3.559380    33.7085        800     3.3292  0.000e+00
     72.637     8.6155   3.560259    33.7149        801     3.3333  0.000e+00
     72.557     8.6216   3.560704    33.7139        802     3.3375  0.000e+00
     72.490     8.6273   3.560553    33.7069        803     3.3417  0.000e+00
     72.423     8.6299   3.560233    33.7011        804     3.3458  0.000e+00
     72.365     8.6298   3.560208    33.7009        805     3.3500  0.000e+00
     72.298     8.6292   3.561407    33.7141        806     3.3542  0.000e+00
     72.244     8.6335   3.562204    33.7185        807     3.3583  0.000e+00
     72.201     8.6403   3.562630    33.7164        808     3.3625  0.000e+00
     72.167     8.6462   3.562254    33.7069        809     3.3667  0.000e+00
     72.134     8.6487   3.562831    33.7106        810     3.3708  0.000e+00
     72.100     8.6510   3.563157    33.7119        811     3.3750  0.000e+00
     72.055     8.6542   3.563377    33.7111        812     3.3792  0.000e+00
     72.015     8.6571   3.563848    33.7134        813     3.3833  0.000e+00
     71.963     8.6607   3.564457    33.7164        814     3.3875  0.000e+00
     71.899     8.6655   3.564953    33.7170        815     3.3917  0.000e+00
     71.826     8.6707   3.564978    33.7124        816     3.3958  0.000e+00
     71.753     8.6737   3.565706    33.7172        817     3.4000  0.000e+00
     71.665     8.6780   3.565505    33.7111        818     3.4042  0.000e+00
     71.561     8.6806   3.565455    33.7081        819     3.4083  0.000e+00
     71.451     8.6809   3.565203    33.7052        820     3.4125  0.000e+00
     71.351     8.6801   3.566327    33.7178        821     3.4167  0.000e+00
     71.247     8.6837   3.566578    33.7171        822     3.4208  0.000e+00
     71.128     8.6882   3.566829    33.7155        823     3.4250  0.000e+00
     71.028     8.6913   3.567231    33.7168        824     3.4292  0.000e+00
     70.918     8.6950   3.567533    33.7165        825     3.4333  0.000e+00
     70.811     8.6983   3.567658    33.7147        826     3.4375  0.000e+00
     70.717     8.7009   3.567708    33.7128        827     3.4417  0.000e+00
     70.622     8.7024   3.567758    33.7119        828     3.4458  0.000e+00
     70.519     8.7032   3.567809    33.7117        829     3.4500  0.000e+00
     70.427     8.7039   3.567809    33.7111        830     3.4542  0.000e+00
