PC2501/sbe065.cnv
* Sea-Bird SBE 19plus Data File:
* FileName = C:\cruise\data\sbe065.hex
* Software Version Seasave V 7.26.7.121
* Temperature SN = 4684
* Conductivity SN = 4684
* System UpLoad Time = Feb 05 2025 10:21:17
* NMEA Latitude = 38 27.84 N
* NMEA Longitude = 073 05.64 W
* NMEA UTC (Time) = Feb 05 2025  10:20:52
** Ship: Pisces
** Cruise:  PC2501
** Program:  AMAPPS
# nquan = 7
# nvalues = 4792                                  
# units = specified
# name 0 = depSM: Depth [salt water, m]
# name 1 = tv290C: Temperature [ITS-90, deg C]
# name 2 = c0S/m: Conductivity [S/m]
# name 3 = sal00: Salinity, Practical [PSU]
# name 4 = scan: Scan Count
# name 5 = timeM: Time, Elapsed [minutes]
# name 6 = flag:  0.000e+00
# span 0 =      0.081,    202.634                 
# span 1 =     3.7108,    10.9140                 
# span 2 =   0.000015,   3.912318                 
# span 3 =     0.0010,    35.1987                 
# span 4 =         11,       4802                 
# span 5 =     0.0417,    20.0042                 
# span 6 = 0.0000e+00, 0.0000e+00                 
# interval = seconds: 0.25
# start_time = Feb 05 2025 10:20:52 [NMEA time, header]
# bad_flag = -9.990e-29
*END*
[from data line 2872]
    107.193    10.2018   3.774336    34.4035       2883    12.0083  0.000e+00
    107.031    10.2076   3.775113    34.4059       2884    12.0125  0.000e+00
    106.888    10.2168   3.775402    34.4001       2885    12.0167  0.000e+00
    106.748    10.2248   3.775536    34.3940       2886    12.0208  0.000e+00
    106.611    10.2301   3.774791    34.3814       2887    12.0250  0.000e+00
    106.477    10.2321   3.772865    34.3601       2888    12.0292  0.000e+00
    106.352    10.2283   3.768910    34.3236       2889    12.0333  0.000e+00
    106.236    10.2147   3.761122    34.2575       2890    12.0375  0.000e+00
    106.111    10.1827   3.753910    34.2146       2891    12.0417  0.000e+00
    105.999    10.1390   3.750989    34.2262       2892    12.0458  0.000e+00
    105.877    10.1002   3.749977    34.2526       2893    12.0500  0.000e+00
    105.755    10.0747   3.746794    34.2444       2894    12.0542  0.000e+00
    105.648    10.0525   3.744381    34.2409       2895    12.0583  0.000e+00
    105.535    10.0326   3.742717    34.2429       2896    12.0625  0.000e+00
    105.426    10.0144   3.741469    34.2474       2897    12.0667  0.000e+00
    105.316    10.0007   3.740304    34.2486       2898    12.0708  0.000e+00
    105.215     9.9895   3.740170    34.2579       2899    12.0750  0.000e+00
    105.103     9.9822   3.739300    34.2559       2900    12.0792  0.000e+00
    104.990     9.9767   3.737054    34.2383       2901    12.0833  0.000e+00
    104.868     9.9666   3.736946    34.2468       2902    12.0875  0.000e+00
    104.740     9.9585   3.735833    34.2432       2903    12.0917  0.000e+00
    104.618     9.9508   3.735174    34.2438       2904    12.0958  0.000e+00
    104.472     9.9439   3.734886    34.2475       2905    12.1000  0.000e+00
    104.329     9.9387   3.733275    34.2361       2906    12.1042  0.000e+00
    104.161     9.9312   3.731005    34.2200       2907    12.1083  0.000e+00
    103.997     9.9199   3.731453    34.2354       2908    12.1125  0.000e+00
    103.817     9.9113   3.729951    34.2283       2909    12.1167  0.000e+00
    103.640     9.9039   3.729708    34.2329       2910    12.1208  0.000e+00
    103.445     9.8978   3.729708    34.2388       2911    12.1250  0.000e+00
    103.259     9.8949   3.728813    34.2325       2912    12.1292  0.000e+00
    103.098     9.8906   3.728922    34.2377       2913    12.1333  0.000e+00
    102.930     9.8874   3.728078    34.2322       2914    12.1375  0.000e+00
    102.802     9.8839   3.727784    34.2326       2915    12.1417  0.000e+00
    102.681     9.8802   3.727842    34.2368       2916    12.1458  0.000e+00
    102.571     9.8783   3.727995    34.2402       2917    12.1500  0.000e+00
    102.479     9.8778   3.726570    34.2262       2918    12.1542  0.000e+00
    102.397     9.8738   3.726097    34.2251       2919    12.1583  0.000e+00
    102.330     9.8685   3.725522    34.2243       2920    12.1625  0.000e+00
    102.269     9.8634   3.725733    34.2313       2921    12.1667  0.000e+00
    102.196     9.8612   3.725599    34.2321       2922    12.1708  0.000e+00
    102.135     9.8601   3.725573    34.2329       2923    12.1750  0.000e+00
    102.047     9.8592   3.725548    34.2336       2924    12.1792  0.000e+00
    101.971     9.8591   3.725337    34.2315       2925    12.1833  0.000e+00
    101.867     9.8584   3.724966    34.2284       2926    12.1875  0.000e+00
    101.757     9.8566   3.724832    34.2288       2927    12.1917  0.000e+00
    101.635     9.8549   3.724334    34.2254       2928    12.1958  0.000e+00
    101.498     9.8527   3.724200    34.2262       2929    12.2000  0.000e+00
    101.352     9.8508   3.724385    34.2299       2930    12.2042  0.000e+00
    101.209     9.8503   3.723861    34.2251       2931    12.2083  0.000e+00
    101.041     9.8489   3.723388    34.2216       2932    12.2125  0.000e+00
    100.880     9.8456   3.723018    34.2210       2933    12.2167  0.000e+00
    100.706     9.8427   3.722596    34.2196       2934    12.2208  0.000e+00
    100.538     9.8400   3.721887    34.2150       2935    12.2250  0.000e+00
    100.380     9.8362   3.721753    34.2173       2936    12.2292  0.000e+00
    100.231     9.8333   3.721753    34.2201       2937    12.2333  0.000e+00
    100.081     9.8318   3.721676    34.2208       2938    12.2375  0.000e+00
     99.932     9.8310   3.721542    34.2203       2939    12.2417  0.000e+00
     99.819     9.8303   3.721357    34.2191       2940    12.2458  0.000e+00
     99.707     9.8295   3.721280    34.2191       2941    12.2500  0.000e+00
     99.603     9.8288   3.721095    34.2179       2942    12.2542  0.000e+00
     99.512     9.8280   3.721019    34.2179       2943    12.2583  0.000e+00
     99.429     9.8273   3.720674    34.2151       2944    12.2625  0.000e+00
     99.341     9.8261   3.720571    34.2152       2945    12.2667  0.000e+00
     99.253     9.8248   3.720437    34.2151       2946    12.2708  0.000e+00
     99.167     9.8237   3.719754    34.2092       2947    12.2750  0.000e+00
     99.070     9.8213   3.719384    34.2078       2948    12.2792  0.000e+00
     98.966     9.8181   3.718547    34.2022       2949    12.2833  0.000e+00
     98.854     9.8141   3.717941    34.1999       2950    12.2875  0.000e+00
     98.747     9.8098   3.717443    34.1990       2951    12.2917  0.000e+00
     98.610     9.8060   3.716786    34.1958       2952    12.2958  0.000e+00
     98.479     9.8025   3.716154    34.1928       2953    12.3000  0.000e+00
     98.336     9.7989   3.715496    34.1895       2954    12.3042  0.000e+00
     98.186     9.7952   3.714660    34.1846       2955    12.3083  0.000e+00
     98.031     9.7904   3.714188    34.1843       2956    12.3125  0.000e+00
     97.869     9.7859   3.713397    34.1805       2957    12.3167  0.000e+00
     97.693     9.7812   3.713008    34.1811       2958    12.3208  0.000e+00
     97.513     9.7779   3.712772    34.1819       2959    12.3250  0.000e+00
     97.360     9.7765   3.713059    34.1862       2960    12.3292  0.000e+00
     97.184     9.7774   3.714998    34.2053       2961    12.3333  0.000e+00
     97.019     9.7867   3.715707    34.2039       2962    12.3375  0.000e+00
     96.864     9.7997   3.711852    34.1521       2963    12.3417  0.000e+00
     96.711     9.8029   3.709148    34.1214       2964    12.3458  0.000e+00
     96.583     9.7992   3.711195    34.1460       2965    12.3500  0.000e+00
     96.474     9.8070   3.715993    34.1877       2966    12.3542  0.000e+00
     96.379     9.8334   3.718100    34.1844       2967    12.3583  0.000e+00
     96.291     9.8627   3.719357    34.1695       2968    12.3625  0.000e+00
     96.224     9.8847   3.719676    34.1519       2969    12.3667  0.000e+00
     96.160     9.8985   3.720384    34.1462       2970    12.3708  0.000e+00
     96.096     9.9075   3.721253    34.1465       2971    12.3750  0.000e+00
     96.035     9.9157   3.721597    34.1423       2972    12.3792  0.000e+00
     95.983     9.9223   3.721751    34.1377       2973    12.3833  0.000e+00
     95.913     9.9264   3.722012    34.1365       2974    12.3875  0.000e+00
     95.843     9.9294   3.721910    34.1326       2975    12.3917  0.000e+00
     95.770     9.9309   3.722434    34.1366       2976    12.3958  0.000e+00
     95.681     9.9333   3.722964    34.1398       2977    12.4000  0.000e+00
     95.596     9.9373   3.722913    34.1356       2978    12.4042  0.000e+00
     95.499     9.9404   3.723411    34.1377       2979    12.4083  0.000e+00
     95.395     9.9436   3.723934    34.1401       2980    12.4125  0.000e+00
     95.298     9.9485   3.725359    34.1501       2981    12.4167  0.000e+00
     95.194     9.9567   3.726700    34.1561       2982    12.4208  0.000e+00
     95.084     9.9688   3.727384    34.1516       2983    12.4250  0.000e+00
     94.975     9.9802   3.728074    34.1480       2984    12.4292  0.000e+00
     94.850     9.9902   3.728413    34.1420       2985    12.4333  0.000e+00
     94.734     9.9983   3.728336    34.1336       2986    12.4375  0.000e+00
     94.588    10.0045   3.728259    34.1270       2987    12.4417  0.000e+00
     94.457    10.0111   3.730470    34.1434       2988    12.4458  0.000e+00
     94.325    10.0249   3.732663    34.1528       2989    12.4500  0.000e+00
     94.146    10.0450   3.734747    34.1551       2990    12.4542  0.000e+00
     94.002    10.0668   3.737945    34.1672       2991    12.4583  0.000e+00
     93.844    10.0917   3.738923    34.1537       2992    12.4625  0.000e+00
     93.683    10.1152   3.738475    34.1270       2993    12.4667  0.000e+00
     93.545    10.1288   3.737733    34.1067       2994    12.4708  0.000e+00
     93.402    10.1340   3.737707    34.1016       2995    12.4750  0.000e+00
     93.274    10.1362   3.737893    34.1015       2996    12.4792  0.000e+00
     93.165    10.1382   3.737841    34.0991       2997    12.4833  0.000e+00
     93.061    10.1396   3.738391    34.1035       2998    12.4875  0.000e+00
     92.969    10.1422   3.738999    34.1072       2999    12.4917  0.000e+00
     92.896    10.1464   3.739242    34.1058       3000    12.4958  0.000e+00
     92.814    10.1503   3.739402    34.1038       3001    12.5000  0.000e+00
     92.744    10.1534   3.739613    34.1030       3002    12.5042  0.000e+00
     92.671    10.1569   3.739741    34.1011       3003    12.5083  0.000e+00
     92.604    10.1597   3.739639    34.0974       3004    12.5125  0.000e+00
     92.540    10.1620   3.738685    34.0856       3005    12.5167  0.000e+00
     92.470    10.1650   3.738263    34.0785       3006    12.5208  0.000e+00
     92.378    10.1676   3.737892    34.0723       3007    12.5250  0.000e+00
     92.290    10.1708   3.737386    34.0643       3008    12.5292  0.000e+00
     92.195    10.1763   3.737201    34.0572       3009    12.5333  0.000e+00
     92.095    10.1816   3.736887    34.0492       3010    12.5375  0.000e+00
     91.991    10.1841   3.736887    34.0468       3011    12.5417  0.000e+00
     91.857    10.1853   3.736913    34.0460       3012    12.5458  0.000e+00
     91.738    10.1863   3.736913    34.0451       3013    12.5500  0.000e+00
     91.598    10.1871   3.736964    34.0449       3014    12.5542  0.000e+00
     91.473    10.1878   3.737047    34.0452       3015    12.5583  0.000e+00
     91.345    10.1886   3.737149    34.0456       3016    12.5625  0.000e+00
     91.214    10.1898   3.737258    34.0456       3017    12.5667  0.000e+00
     91.080    10.1919   3.737200    34.0431       3018    12.5708  0.000e+00
     90.961    10.1940   3.736778    34.0369       3019    12.5750  0.000e+00
     90.855    10.1953   3.736170    34.0296       3020    12.5792  0.000e+00
     90.751    10.1955   3.736221    34.0300       3021    12.5833  0.000e+00
     90.660    10.1958   3.736221    34.0297       3022    12.5875  0.000e+00
     90.577    10.1974   3.735908    34.0250       3023    12.5917  0.000e+00
     90.489    10.1993   3.735722    34.0214       3024    12.5958  0.000e+00
     90.413    10.2016   3.735351    34.0155       3025    12.6000  0.000e+00
     90.343    10.2055   3.734398    34.0022       3026    12.6042  0.000e+00
     90.276    10.2080   3.733900    33.9949       3027    12.6083  0.000e+00
     90.203    10.2094   3.733976    33.9943       3028    12.6125  0.000e+00
     90.129    10.2118   3.733899    33.9914       3029    12.6167  0.000e+00
     90.050    10.2146   3.733183    33.9815       3030    12.6208  0.000e+00
     89.971    10.2160   3.732844    33.9768       3031    12.6250  0.000e+00
     89.895    10.2162   3.732659    33.9748       3032    12.6292  0.000e+00
     89.816    10.2155   3.732397    33.9728       3033    12.6333  0.000e+00
     89.733    10.2147   3.732026    33.9699       3034    12.6375  0.000e+00
     89.648    10.2133   3.732000    33.9709       3035    12.6417  0.000e+00
     89.560    10.2138   3.731789    33.9683       3036    12.6458  0.000e+00
     89.462    10.2156   3.731393    33.9627       3037    12.6500  0.000e+00
     89.368    10.2165   3.729833    33.9461       3038    12.6542  0.000e+00
     89.267    10.2139   3.726459    33.9143       3039    12.6583  0.000e+00
     89.160    10.2042   3.723482    33.8933       3040    12.6625  0.000e+00
     89.048    10.1880   3.717831    33.8512       3041    12.6667  0.000e+00
     88.938    10.1632   3.713676    33.8323       3042    12.6708  0.000e+00
     88.813    10.1343   3.711029    33.8324       3043    12.6750  0.000e+00
     88.700    10.1108   3.710168    33.8457       3044    12.6792  0.000e+00
     88.578    10.0950   3.708931    33.8480       3045    12.6833  0.000e+00
     88.450    10.0841   3.707286    33.8415       3046    12.6875  0.000e+00
     88.338    10.0739   3.705373    33.8316       3047    12.6917  0.000e+00
     88.216    10.0632   3.703225    33.8198       3048    12.6958  0.000e+00
     88.097    10.0518   3.701556    33.8136       3049    12.7000  0.000e+00
     87.987    10.0409   3.700428    33.8124       3050    12.7042  0.000e+00
     87.890    10.0313   3.698650    33.8033       3051    12.7083  0.000e+00
     87.789    10.0217   3.697529    33.8010       3052    12.7125  0.000e+00
     87.698    10.0127   3.696147    33.7953       3053    12.7167  0.000e+00
     87.612    10.0032   3.695752    33.8002       3054    12.7208  0.000e+00
     87.539     9.9966   3.695288    33.8017       3055    12.7250  0.000e+00
     87.472     9.9918   3.695205    33.8054       3056    12.7292  0.000e+00
     87.399     9.9889   3.695052    33.8066       3057    12.7333  0.000e+00
     87.347     9.9869   3.694918    33.8070       3058    12.7375  0.000e+00
     87.298     9.9856   3.694657    33.8056       3059    12.7417  0.000e+00
     87.259     9.9843   3.694396    33.8042       3060    12.7458  0.000e+00
     87.198     9.9827   3.693874    33.8005       3061    12.7500  0.000e+00
     87.149     9.9802   3.693670    33.8007       3062    12.7542  0.000e+00
     87.106     9.9780   3.693588    33.8020       3063    12.7583  0.000e+00
     87.045     9.9766   3.693358    33.8010       3064    12.7625  0.000e+00
     86.981     9.9751   3.693174    33.8005       3065    12.7667  0.000e+00
     86.896     9.9739   3.692913    33.7990       3066    12.7708  0.000e+00
     86.817     9.9723   3.692575    33.7971       3067    12.7750  0.000e+00
     86.732     9.9706   3.692028    33.7931       3068    12.7792  0.000e+00
     86.646     9.9679   3.691429    33.7896       3069    12.7833  0.000e+00
     86.540     9.9645   3.690882    33.7872       3070    12.7875  0.000e+00
     86.433     9.9611   3.689214    33.7735       3071    12.7917  0.000e+00
     86.332     9.9559   3.688559    33.7717       3072    12.7958  0.000e+00
     86.241     9.9509   3.688273    33.7735       3073    12.8000  0.000e+00
     86.134     9.9473   3.687732    33.7714       3074    12.8042  0.000e+00
     86.037     9.9440   3.687388    33.7710       3075    12.8083  0.000e+00
     85.961     9.9412   3.687076    33.7705       3076    12.8125  0.000e+00
     85.878     9.9394   3.686478    33.7662       3077    12.8167  0.000e+00
     85.805     9.9377   3.685696    33.7598       3078    12.8208  0.000e+00
     85.735     9.9350   3.685022    33.7555       3079    12.8250  0.000e+00
     85.671     9.9317   3.684786    33.7562       3080    12.8292  0.000e+00
     85.601     9.9287   3.684398    33.7550       3081    12.8333  0.000e+00
     85.537     9.9261   3.683800    33.7514       3082    12.8375  0.000e+00
     85.458     9.9230   3.683228    33.7486       3083    12.8417  0.000e+00
     85.385     9.9190   3.682141    33.7412       3084    12.8458  0.000e+00
     85.314     9.9134   3.681282    33.7377       3085    12.8500  0.000e+00
     85.232     9.9074   3.677468    33.7045       3086    12.8542  0.000e+00
