PC2501/sbe030.cnv
* Sea-Bird SBE 19plus Data File:
* FileName = C:\cruise\data\sbe030.hex
* Software Version Seasave V 7.26.7.121
* Temperature SN = 4684
* Conductivity SN = 4684
* System UpLoad Time = Jan 17 2025 03:07:03
* NMEA Latitude = 37 22.86 N
* NMEA Longitude = 075 07.02 W
* NMEA UTC (Time) = Jan 17 2025  03:06:26
** Ship: Pisces
** Cruise:  PC2501
** Program:  AMAPPS
# nquan = 7
# nvalues = 1356                                  
# units = specified
# name 0 = depSM: Depth [salt water, m]
# name 1 = tv290C: Temperature [ITS-90, deg C]
# name 2 = c0S/m: Conductivity [S/m]
# name 3 = sal00: Salinity, Practical [PSU]
# name 4 = scan: Scan Count
# name 5 = timeM: Time, Elapsed [minutes]
# name 6 = flag:  0.000e+00
# span 0 =     -0.041,     29.663                 
# span 1 =     6.4526,     7.5051                 
# span 2 =  -0.002420,   3.472087                 
# span 3 =     0.0000,    33.8788                 
# span 4 =         11,       1366                 
# span 5 =     0.0417,     5.6875                 
# span 6 = 0.0000e+00, 0.0000e+00                 
# interval = seconds: 0.25
# start_time = Jan 17 2025 03:06:26 [NMEA time, header]
# bad_flag = -9.990e-29
*END*
[from data line 1231]
      1.742     7.4667   3.456294    33.7451       1242     5.1708  0.000e+00
      1.681     7.4665   3.456592    33.7486       1243     5.1750  0.000e+00
      1.617     7.4675   3.456691    33.7487       1244     5.1792  0.000e+00
      1.574     7.4692   3.456648    33.7466       1245     5.1833  0.000e+00
      1.513     7.4699   3.456716    33.7467       1246     5.1875  0.000e+00
      1.474     7.4702   3.456728    33.7465       1247     5.1917  0.000e+00
      1.468     7.4706   3.456598    33.7447       1248     5.1958  0.000e+00
      1.483     7.4703   3.456474    33.7436       1249     5.2000  0.000e+00
      1.535     7.4693   3.456474    33.7446       1250     5.2042  0.000e+00
      1.605     7.4686   3.456499    33.7456       1251     5.2083  0.000e+00
      1.663     7.4683   3.456499    33.7458       1252     5.2125  0.000e+00
      1.733     7.4681   3.456474    33.7457       1253     5.2167  0.000e+00
      1.788     7.4680   3.456499    33.7460       1254     5.2208  0.000e+00
      1.846     7.4682   3.456524    33.7461       1255     5.2250  0.000e+00
      1.898     7.4683   3.456524    33.7460       1256     5.2292  0.000e+00
      1.889     7.4683   3.456648    33.7473       1257     5.2333  0.000e+00
      1.831     7.4689   3.456672    33.7470       1258     5.2375  0.000e+00
      1.706     7.4697   3.456697    33.7465       1259     5.2417  0.000e+00
      1.602     7.4703   3.456666    33.7457       1260     5.2458  0.000e+00
      1.529     7.4705   3.456623    33.7451       1261     5.2500  0.000e+00
      1.486     7.4702   3.456598    33.7451       1262     5.2542  0.000e+00
      1.446     7.4698   3.456716    33.7468       1263     5.2583  0.000e+00
      1.407     7.4703   3.456728    33.7465       1264     5.2625  0.000e+00
      1.352     7.4708   3.456778    33.7465       1265     5.2667  0.000e+00
      1.318     7.4712   3.456741    33.7457       1266     5.2708  0.000e+00
      1.306     7.4714   3.456803    33.7463       1267     5.2750  0.000e+00
      1.312     7.4716   3.456803    33.7461       1268     5.2792  0.000e+00
      1.327     7.4717   3.456778    33.7457       1269     5.2833  0.000e+00
      1.321     7.4717   3.456765    33.7455       1270     5.2875  0.000e+00
      1.297     7.4716   3.456803    33.7461       1271     5.2917  0.000e+00
      1.285     7.4717   3.456778    33.7457       1272     5.2958  0.000e+00
      1.297     7.4716   3.456790    33.7459       1273     5.3000  0.000e+00
      1.358     7.4716   3.456803    33.7460       1274     5.3042  0.000e+00
      1.401     7.4717   3.456753    33.7454       1275     5.3083  0.000e+00
      1.422     7.4715   3.456697    33.7450       1276     5.3125  0.000e+00
      1.437     7.4711   3.456765    33.7461       1277     5.3167  0.000e+00
      1.437     7.4711   3.456728    33.7457       1278     5.3208  0.000e+00
      1.397     7.4711   3.456753    33.7460       1279     5.3250  0.000e+00
      1.349     7.4712   3.456834    33.7468       1280     5.3292  0.000e+00
      1.294     7.4716   3.456852    33.7466       1281     5.3333  0.000e+00
      1.233     7.4721   3.456852    33.7462       1282     5.3375  0.000e+00
      1.123     7.4723   3.456833    33.7458       1283     5.3417  0.000e+00
      0.949     7.4725   3.456833    33.7457       1284     5.3458  0.000e+00
      0.736     7.4725   3.456877    33.7463       1285     5.3500  0.000e+00
      0.626     7.4727   3.456691    33.7441       1286     5.3542  0.000e+00
      0.675     7.4720   3.456672    33.7446       1287     5.3583  0.000e+00
      0.793     7.4712   3.456697    33.7455       1288     5.3625  0.000e+00
      0.903     7.4709   3.456765    33.7465       1289     5.3667  0.000e+00
      0.980     7.4711   3.456809    33.7468       1290     5.3708  0.000e+00
      1.089     7.4717   3.456852    33.7466       1291     5.3750  0.000e+00
      1.138     7.4721   3.456858    33.7463       1292     5.3792  0.000e+00
      1.160     7.4724   3.456902    33.7465       1293     5.3833  0.000e+00
      1.150     7.4727   3.456951    33.7467       1294     5.3875  0.000e+00
      1.089     7.4730   3.456958    33.7465       1295     5.3917  0.000e+00
      0.940     7.4732   3.457026    33.7471       1296     5.3958  0.000e+00
      0.806     7.4736   3.456902    33.7455       1297     5.4000  0.000e+00
      0.675     7.4736   3.456957    33.7461       1298     5.4042  0.000e+00
      0.577     7.4735   3.456852    33.7451       1299     5.4083  0.000e+00
      0.537     7.4734   3.456777    33.7445       1300     5.4125  0.000e+00
      0.546     7.4727   3.456715    33.7444       1301     5.4167  0.000e+00
      0.607     7.4720   3.456827    33.7463       1302     5.4208  0.000e+00
      0.678     7.4721   3.456802    33.7459       1303     5.4250  0.000e+00
      0.708     7.4721   3.456877    33.7467       1304     5.4292  0.000e+00
      0.723     7.4725   3.456883    33.7463       1305     5.4333  0.000e+00
      0.675     7.4728   3.456778    33.7449       1306     5.4375  0.000e+00
      0.607     7.4724   3.456728    33.7448       1307     5.4417  0.000e+00
      0.607     7.4716   3.456616    33.7444       1308     5.4458  0.000e+00
      0.617     7.4709   3.456697    33.7459       1309     5.4500  0.000e+00
      0.638     7.4707   3.456852    33.7478       1310     5.4542  0.000e+00
      0.598     7.4715   3.456827    33.7468       1311     5.4583  0.000e+00
      0.519     7.4721   3.456765    33.7456       1312     5.4625  0.000e+00
      0.516     7.4721   3.456802    33.7459       1313     5.4667  0.000e+00
      0.574     7.4722   3.456902    33.7469       1314     5.4708  0.000e+00
      0.620     7.4724   3.456933    33.7470       1315     5.4750  0.000e+00
      0.626     7.4730   3.456902    33.7461       1316     5.4792  0.000e+00
      0.562     7.4733   3.456877    33.7456       1317     5.4833  0.000e+00
      0.476     7.4733   3.456883    33.7457       1318     5.4875  0.000e+00
      0.409     7.4732   3.456852    33.7455       1319     5.4917  0.000e+00
      0.348     7.4731   3.456697    33.7439       1320     5.4958  0.000e+00
      0.318     7.4725   3.456622    33.7438       1321     5.5000  0.000e+00
      0.357     7.4713   3.456790    33.7466       1322     5.5042  0.000e+00
      0.415     7.4716   3.456728    33.7457       1323     5.5083  0.000e+00
      0.434     7.4718   3.456852    33.7468       1324     5.5125  0.000e+00
      0.376     7.4721   3.456808    33.7461       1325     5.5167  0.000e+00
      0.315     7.4725   3.456697    33.7445       1326     5.5208  0.000e+00
      0.278     7.4720   3.456399    33.7418       1327     5.5250  0.000e+00
      0.226     7.4701   3.456498    33.7447       1328     5.5292  0.000e+00
      0.226     7.4690   3.456498    33.7458       1329     5.5333  0.000e+00
      0.248     7.4690   3.456399    33.7448       1330     5.5375  0.000e+00
      0.266     7.4685   3.456672    33.7482       1331     5.5417  0.000e+00
      0.257     7.4693   3.456883    33.7497       1332     5.5458  0.000e+00
      0.184     7.4710   3.456777    33.7469       1333     5.5500  0.000e+00
      0.177     7.4719   3.456777    33.7461       1334     5.5542  0.000e+00
      0.211     7.4719   3.456424    33.7422       1335     5.5583  0.000e+00
      0.266     7.4704   3.456399    33.7434       1336     5.5625  0.000e+00
      0.278     7.4688   3.456318    33.7440       1337     5.5667  0.000e+00
      0.217     7.4678   3.456294    33.7448       1338     5.5708  0.000e+00
      0.046     7.4670   2.892442    27.7096       1339     5.5750  0.000e+00
      0.001     7.4642   0.703767     5.9792       1340     5.5792  0.000e+00
     -0.003     7.4434   0.421084     3.4558       1341     5.5833  0.000e+00
     -0.006     7.4051   0.370883     3.0225       1342     5.5875  0.000e+00
     -0.006     7.3807   0.349193     2.8370       1343     5.5917  0.000e+00
     -0.006     7.3761   0.354737     2.8853       1344     5.5958  0.000e+00
      0.000     7.3772   0.348902     2.8348       1345     5.6000  0.000e+00
      0.031     7.3785   0.313234     2.5281       1346     5.6042  0.000e+00
      0.135     7.3830   1.556742    14.1118       1347     5.6083  0.000e+00
      0.174     7.4006   3.445850    33.6969       1348     5.6125  0.000e+00
      0.147     7.4211   3.454806    33.7742       1349     5.6167  0.000e+00
      0.086     7.4315   3.455159    33.7679       1350     5.6208  0.000e+00
      0.007     7.4362   3.455506    33.7671       1351     5.6250  0.000e+00
     -0.003     7.4420   3.445521    33.6532       1352     5.6292  0.000e+00
     -0.006     7.4447   2.192089    20.4516       1353     5.6333  0.000e+00
     -0.006     7.4449   2.131035    19.8297       1354     5.6375  0.000e+00
     -0.009     7.4449   2.760988    26.3421       1355     5.6417  0.000e+00
     -0.003     7.4453   1.767692    16.1729       1356     5.6458  0.000e+00
     -0.009     7.4456   0.500558     4.1549       1357     5.6500  0.000e+00
     -0.009     7.4486   0.462668     3.8200       1358     5.6542  0.000e+00
     -0.003     7.4509   0.863593     7.4519       1359     5.6583  0.000e+00
     -0.003     7.4515   1.144726    10.0964       1360     5.6625  0.000e+00
     -0.003     7.4509   0.992048     8.6517       1361     5.6667  0.000e+00
     -0.015     7.4503   0.640794     5.4099       1362     5.6708  0.000e+00
     -0.006     7.4501   0.762401     6.5180       1363     5.6750  0.000e+00
     -0.006     7.4495   0.582476     4.8848       1364     5.6792  0.000e+00
     -0.006     7.4485   0.433364     3.5627       1365     5.6833  0.000e+00
     -0.006     7.4480   0.362931     2.9500       1366     5.6875  0.000e+00
