PC2501/sbe028.cnv
* Sea-Bird SBE 19plus Data File:
* FileName = C:\cruise\data\sbe028.hex
* Software Version Seasave V 7.26.7.121
* Temperature SN = 4684
* Conductivity SN = 4684
* System UpLoad Time = Jan 16 2025 22:55:25
* NMEA Latitude = 37 16.64 N
* NMEA Longitude = 074 31.62 W
* NMEA UTC (Time) = Jan 16 2025  22:54:49
** Ship: Pisces
** Cruise:  PC2501
** Program:  AMAPPS
# nquan = 7
# nvalues = 3622                                  
# units = specified
# name 0 = depSM: Depth [salt water, m]
# name 1 = tv290C: Temperature [ITS-90, deg C]
# name 2 = c0S/m: Conductivity [S/m]
# name 3 = sal00: Salinity, Practical [PSU]
# name 4 = scan: Scan Count
# name 5 = timeM: Time, Elapsed [minutes]
# name 6 = flag:  0.000e+00
# span 0 =     -0.027,    135.378                 
# span 1 =     6.8055,    12.3809                 
# span 2 =   0.000077,   4.050738                 
# span 3 =     0.0033,    38.4788                 
# span 4 =         11,       3632                 
# span 5 =     0.0417,    15.1292                 
# span 6 = 0.0000e+00, 0.0000e+00                 
# interval = seconds: 0.25
# start_time = Jan 16 2025 22:54:49 [NMEA time, header]
# bad_flag = -9.990e-29
*END*
[from data line 1847]
     98.441    11.3055   3.888954    34.5166       1858     7.7375  0.000e+00
     98.392    11.3019   3.888668    34.5172       1859     7.7417  0.000e+00
     98.325    11.2997   3.888597    34.5186       1860     7.7458  0.000e+00
     98.249    11.2982   3.887791    34.5120       1861     7.7500  0.000e+00
     98.160    11.2947   3.888096    34.5185       1862     7.7542  0.000e+00
     98.063    11.2929   3.888597    34.5251       1863     7.7583  0.000e+00
     97.978    11.2943   3.888772    34.5256       1864     7.7625  0.000e+00
     97.895    11.2966   3.888902    34.5248       1865     7.7667  0.000e+00
     97.810    11.2984   3.889273    34.5267       1866     7.7708  0.000e+00
     97.734    11.3003   3.889286    34.5251       1867     7.7750  0.000e+00
     97.667    11.3021   3.889429    34.5249       1868     7.7792  0.000e+00
     97.603    11.3034   3.889195    34.5214       1869     7.7833  0.000e+00
     97.560    11.3036   3.889311    34.5224       1870     7.7875  0.000e+00
     97.508    11.3036   3.889331    34.5226       1871     7.7917  0.000e+00
     97.475    11.3037   3.889233    34.5216       1872     7.7958  0.000e+00
     97.435    11.3035   3.888668    34.5162       1873     7.8000  0.000e+00
     97.414    11.3013   3.888674    34.5183       1874     7.8042  0.000e+00
     97.389    11.2995   3.889064    34.5238       1875     7.8083  0.000e+00
     97.359    11.3000   3.888928    34.5220       1876     7.8125  0.000e+00
     97.325    11.3007   3.888564    34.5178       1877     7.8167  0.000e+00
     97.292    11.2996   3.888531    34.5185       1878     7.8208  0.000e+00
     97.258    11.2984   3.888928    34.5236       1879     7.8250  0.000e+00
     97.225    11.2991   3.888648    34.5202       1880     7.8292  0.000e+00
     97.191    11.2989   3.888635    34.5202       1881     7.8333  0.000e+00
     97.146    11.2984   3.888843    34.5228       1882     7.8375  0.000e+00
     97.103    11.2989   3.888453    34.5185       1883     7.8417  0.000e+00
     97.042    11.2982   3.888622    34.5209       1884     7.8458  0.000e+00
     96.978    11.2977   3.888512    34.5203       1885     7.8500  0.000e+00
     96.896    11.2973   3.888720    34.5227       1886     7.8542  0.000e+00
     96.822    11.2981   3.889233    34.5271       1887     7.8583  0.000e+00
     96.731    11.3000   3.889779    34.5307       1888     7.8625  0.000e+00
     96.640    11.3036   3.889981    34.5294       1889     7.8667  0.000e+00
     96.551    11.3076   3.889259    34.5185       1890     7.8708  0.000e+00
     96.460    11.3067   3.888746    34.5144       1891     7.8750  0.000e+00
     96.381    11.3032   3.889012    34.5203       1892     7.8792  0.000e+00
     96.307    11.3027   3.889935    34.5300       1893     7.8833  0.000e+00
     96.240    11.3054   3.889590    34.5241       1894     7.8875  0.000e+00
     96.179    11.3075   3.889285    34.5191       1895     7.8917  0.000e+00
     96.131    11.3066   3.889168    34.5188       1896     7.8958  0.000e+00
     96.100    11.3054   3.889285    34.5211       1897     7.9000  0.000e+00
     96.079    11.3051   3.889272    34.5212       1898     7.9042  0.000e+00
     96.057    11.3049   3.889122    34.5199       1899     7.9083  0.000e+00
     96.033    11.3043   3.889038    34.5197       1900     7.9125  0.000e+00
     96.018    11.3035   3.889116    34.5212       1901     7.9167  0.000e+00
     95.984    11.3034   3.889200    34.5221       1902     7.9208  0.000e+00
     95.948    11.3037   3.889194    34.5218       1903     7.9250  0.000e+00
     95.905    11.3041   3.889233    34.5219       1904     7.9292  0.000e+00
     95.862    11.3042   3.889090    34.5204       1905     7.9333  0.000e+00
     95.792    11.3036   3.888635    34.5165       1906     7.9375  0.000e+00
     95.701    11.3019   3.888674    34.5185       1907     7.9417  0.000e+00
     95.612    11.3007   3.888745    34.5204       1908     7.9458  0.000e+00
     95.521    11.3000   3.888706    34.5206       1909     7.9500  0.000e+00
     95.445    11.3002   3.889148    34.5249       1910     7.9542  0.000e+00
     95.366    11.3015   3.888719    34.5195       1911     7.9583  0.000e+00
     95.292    11.3013   3.888817    34.5206       1912     7.9625  0.000e+00
     95.219    11.3010   3.888745    34.5202       1913     7.9667  0.000e+00
     95.155    11.3008   3.888706    34.5201       1914     7.9708  0.000e+00
     95.091    11.3007   3.889038    34.5235       1915     7.9750  0.000e+00
     95.033    11.3013   3.889090    34.5234       1916     7.9792  0.000e+00
     94.982    11.3027   3.888901    34.5203       1917     7.9833  0.000e+00
     94.936    11.3026   3.889038    34.5217       1918     7.9875  0.000e+00
     94.878    11.3026   3.889037    34.5218       1919     7.9917  0.000e+00
     94.826    11.3029   3.889063    34.5218       1920     7.9958  0.000e+00
     94.780    11.3033   3.889427    34.5251       1921     8.0000  0.000e+00
     94.741    11.3047   3.889200    34.5215       1922     8.0042  0.000e+00
     94.695    11.3048   3.888582    34.5153       1923     8.0083  0.000e+00
     94.646    11.3025   3.888400    34.5157       1924     8.0125  0.000e+00
     94.601    11.3003   3.888504    34.5188       1925     8.0167  0.000e+00
     94.549    11.2990   3.888511    34.5201       1926     8.0208  0.000e+00
     94.497    11.2987   3.888511    34.5204       1927     8.0250  0.000e+00
     94.442    11.2985   3.888322    34.5187       1928     8.0292  0.000e+00
     94.372    11.2979   3.888121    34.5174       1929     8.0333  0.000e+00
     94.305    11.2968   3.888030    34.5175       1930     8.0375  0.000e+00
     94.244    11.2954   3.888342    34.5219       1931     8.0417  0.000e+00
     94.171    11.2957   3.888121    34.5195       1932     8.0458  0.000e+00
     94.095    11.2959   3.888290    34.5210       1933     8.0500  0.000e+00
     94.024    11.2961   3.888121    34.5191       1934     8.0542  0.000e+00
     93.939    11.2960   3.888108    34.5192       1935     8.0583  0.000e+00
     93.869    11.2955   3.887958    34.5182       1936     8.0625  0.000e+00
     93.793    11.2950   3.888069    34.5198       1937     8.0667  0.000e+00
     93.723    11.2949   3.888530    34.5245       1938     8.0708  0.000e+00
     93.650    11.2961   3.888953    34.5276       1939     8.0750  0.000e+00
     93.576    11.2990   3.889564    34.5309       1940     8.0792  0.000e+00
     93.515    11.3032   3.889869    34.5301       1941     8.0833  0.000e+00
     93.464    11.3065   3.890031    34.5286       1942     8.0875  0.000e+00
     93.409    11.3087   3.889908    34.5254       1943     8.0917  0.000e+00
     93.372    11.3099   3.889784    34.5230       1944     8.0958  0.000e+00
     93.342    11.3096   3.889674    34.5222       1945     8.1000  0.000e+00
     93.317    11.3094   3.889674    34.5224       1946     8.1042  0.000e+00
     93.293    11.3091   3.889505    34.5210       1947     8.1083  0.000e+00
     93.278    11.3086   3.890044    34.5269       1948     8.1125  0.000e+00
     93.256    11.3101   3.890395    34.5290       1949     8.1167  0.000e+00
     93.232    11.3129   3.890363    34.5260       1950     8.1208  0.000e+00
     93.214    11.3145   3.890506    34.5260       1951     8.1250  0.000e+00
     93.189    11.3157   3.890337    34.5232       1952     8.1292  0.000e+00
     93.153    11.3157   3.890200    34.5218       1953     8.1333  0.000e+00
     93.122    11.3149   3.890395    34.5245       1954     8.1375  0.000e+00
     93.083    11.3148   3.890278    34.5234       1955     8.1417  0.000e+00
     93.034    11.3150   3.889921    34.5197       1956     8.1458  0.000e+00
     92.979    11.3133   3.889882    34.5209       1957     8.1500  0.000e+00
     92.930    11.3122   3.889869    34.5219       1958     8.1542  0.000e+00
     92.878    11.3116   3.889589    34.5197       1959     8.1583  0.000e+00
     92.817    11.3102   3.889615    34.5213       1960     8.1625  0.000e+00
     92.753    11.3095   3.889700    34.5228       1961     8.1667  0.000e+00
     92.677    11.3093   3.889804    34.5241       1962     8.1708  0.000e+00
     92.598    11.3097   3.889674    34.5225       1963     8.1750  0.000e+00
     92.500    11.3098   3.889700    34.5227       1964     8.1792  0.000e+00
     92.406    11.3097   3.889725    34.5231       1965     8.1833  0.000e+00
     92.318    11.3099   3.889589    34.5215       1966     8.1875  0.000e+00
     92.226    11.3095   3.889589    34.5220       1967     8.1917  0.000e+00
     92.138    11.3093   3.889615    34.5225       1968     8.1958  0.000e+00
     92.068    11.3093   3.889673    34.5231       1969     8.2000  0.000e+00
     92.001    11.3094   3.889589    34.5222       1970     8.2042  0.000e+00
     91.949    11.3093   3.889589    34.5223       1971     8.2083  0.000e+00
     91.903    11.3093   3.889537    34.5218       1972     8.2125  0.000e+00
     91.873    11.3091   3.889342    34.5200       1973     8.2167  0.000e+00
     91.857    11.3080   3.888783    34.5156       1974     8.2208  0.000e+00
     91.833    11.3056   3.888822    34.5182       1975     8.2250  0.000e+00
     91.812    11.3038   3.888731    34.5190       1976     8.2292  0.000e+00
     91.793    11.3028   3.888529    34.5180       1977     8.2333  0.000e+00
     91.757    11.3016   3.888620    34.5200       1978     8.2375  0.000e+00
     91.720    11.3010   3.888289    34.5173       1979     8.2417  0.000e+00
     91.678    11.2998   3.888211    34.5177       1980     8.2458  0.000e+00
     91.623    11.2984   3.888094    34.5179       1981     8.2500  0.000e+00
     91.546    11.2973   3.888029    34.5183       1982     8.2542  0.000e+00
     91.467    11.2966   3.887873    34.5174       1983     8.2583  0.000e+00
     91.391    11.2957   3.887814    34.5177       1984     8.2625  0.000e+00
     91.312    11.2948   3.887814    34.5186       1985     8.2667  0.000e+00
     91.229    11.2943   3.887788    34.5188       1986     8.2708  0.000e+00
     91.159    11.2940   3.887658    34.5178       1987     8.2750  0.000e+00
     91.095    11.2935   3.887567    34.5175       1988     8.2792  0.000e+00
     91.034    11.2928   3.887704    34.5195       1989     8.2833  0.000e+00
     90.983    11.2928   3.887710    34.5196       1990     8.2875  0.000e+00
     90.943    11.2931   3.887678    34.5190       1991     8.2917  0.000e+00
     90.891    11.2930   3.887736    34.5196       1992     8.2958  0.000e+00
     90.851    11.2932   3.887704    34.5192       1993     8.3000  0.000e+00
     90.800    11.2932   3.887652    34.5187       1994     8.3042  0.000e+00
     90.757    11.2927   3.886807    34.5108       1995     8.3083  0.000e+00
     90.702    11.2898   3.886625    34.5118       1996     8.3125  0.000e+00
     90.656    11.2866   3.886567    34.5142       1997     8.3167  0.000e+00
     90.592    11.2848   3.886599    34.5162       1998     8.3208  0.000e+00
     90.534    11.2840   3.886599    34.5170       1999     8.3250  0.000e+00
     90.480    11.2839   3.886885    34.5199       2000     8.3292  0.000e+00
     90.431    11.2848   3.886378    34.5141       2001     8.3333  0.000e+00
     90.376    11.2843   3.886014    34.5110       2002     8.3375  0.000e+00
     90.327    11.2824   3.885683    34.5095       2003     8.3417  0.000e+00
     90.288    11.2802   3.885793    34.5126       2004     8.3458  0.000e+00
     90.242    11.2791   3.885774    34.5136       2005     8.3500  0.000e+00
     90.205    11.2786   3.886320    34.5194       2006     8.3542  0.000e+00
     90.153    11.2799   3.886430    34.5193       2007     8.3583  0.000e+00
     90.108    11.2820   3.885988    34.5130       2008     8.3625  0.000e+00
     90.068    11.2813   3.885104    34.5049       2009     8.3667  0.000e+00
     90.007    11.2770   3.885007    34.5080       2010     8.3708  0.000e+00
     89.943    11.2731   3.884715    34.5088       2011     8.3750  0.000e+00
     89.876    11.2701   3.885072    34.5152       2012     8.3792  0.000e+00
     89.812    11.2698   3.885592    34.5206       2013     8.3833  0.000e+00
     89.739    11.2719   3.885351    34.5163       2014     8.3875  0.000e+00
     89.675    11.2732   3.885826    34.5198       2015     8.3917  0.000e+00
     89.605    11.2750   3.886183    34.5217       2016     8.3958  0.000e+00
     89.541    11.2779   3.886098    34.5182       2017     8.4000  0.000e+00
     89.468    11.2794   3.885988    34.5157       2018     8.4042  0.000e+00
     89.391    11.2801   3.886209    34.5173       2019     8.4083  0.000e+00
     89.327    11.2809   3.886124    34.5158       2020     8.4125  0.000e+00
     89.263    11.2810   3.886040    34.5148       2021     8.4167  0.000e+00
     89.196    11.2808   3.885819    34.5129       2022     8.4208  0.000e+00
     89.132    11.2799   3.886066    34.5161       2023     8.4250  0.000e+00
     89.077    11.2800   3.886014    34.5156       2024     8.4292  0.000e+00
     89.035    11.2803   3.885929    34.5145       2025     8.4333  0.000e+00
     88.995    11.2801   3.886144    34.5169       2026     8.4375  0.000e+00
     88.971    11.2804   3.885819    34.5133       2027     8.4417  0.000e+00
     88.946    11.2800   3.885533    34.5109       2028     8.4458  0.000e+00
     88.931    11.2783   3.885741    34.5146       2029     8.4500  0.000e+00
     88.898    11.2779   3.885767    34.5152       2030     8.4542  0.000e+00
     88.867    11.2783   3.885988    34.5170       2031     8.4583  0.000e+00
     88.821    11.2792   3.886098    34.5172       2032     8.4625  0.000e+00
     88.748    11.2803   3.885825    34.5136       2033     8.4667  0.000e+00
     88.678    11.2804   3.886183    34.5171       2034     8.4708  0.000e+00
     88.590    11.2809   3.885851    34.5134       2035     8.4750  0.000e+00
     88.495    11.2802   3.885136    34.5070       2036     8.4792  0.000e+00
     88.395    11.2772   3.885461    34.5130       2037     8.4833  0.000e+00
     88.294    11.2757   3.884714    34.5071       2038     8.4875  0.000e+00
     88.215    11.2724   3.884396    34.5070       2039     8.4917  0.000e+00
     88.133    11.2691   3.883220    34.4985       2040     8.4958  0.000e+00
     88.072    11.2633   3.883759    34.5093       2041     8.5000  0.000e+00
     88.017    11.2613   3.884714    34.5207       2042     8.5042  0.000e+00
     87.986    11.2640   3.884324    34.5143       2043     8.5083  0.000e+00
     87.971    11.2656   3.884844    34.5180       2044     8.5125  0.000e+00
     87.968    11.2679   3.885019    34.5176       2045     8.5167  0.000e+00
     87.974    11.2700   3.884876    34.5142       2046     8.5208  0.000e+00
     87.977    11.2710   3.884844    34.5129       2047     8.5250  0.000e+00
     87.989    11.2710   3.884909    34.5135       2048     8.5292  0.000e+00
     87.986    11.2711   3.884766    34.5120       2049     8.5333  0.000e+00
     87.962    11.2711   3.885071    34.5151       2050     8.5375  0.000e+00
     87.931    11.2716   3.884935    34.5132       2051     8.5417  0.000e+00
     87.901    11.2716   3.885136    34.5152       2052     8.5458  0.000e+00
     87.843    11.2724   3.885071    34.5139       2053     8.5500  0.000e+00
     87.770    11.2728   3.885162    34.5145       2054     8.5542  0.000e+00
     87.697    11.2730   3.885019    34.5129       2055     8.5583  0.000e+00
     87.605    11.2729   3.884824    34.5111       2056     8.5625  0.000e+00
     87.505    11.2720   3.885032    34.5141       2057     8.5667  0.000e+00
     87.407    11.2719   3.885045    34.5143       2058     8.5708  0.000e+00
     87.306    11.2720   3.884129    34.5052       2059     8.5750  0.000e+00
     87.206    11.2695   3.884025    34.5066       2060     8.5792  0.000e+00
     87.099    11.2668   3.884467    34.5135       2061     8.5833  0.000e+00
