PC2501/sbe074.cnv
* Sea-Bird SBE 19plus Data File:
* FileName = C:\cruise\data\sbe074.hex
* Software Version Seasave V 7.26.7.121
* Temperature SN = 4684
* Conductivity SN = 4684
* System UpLoad Time = Feb 08 2025 07:16:14
* NMEA Latitude = 36 28.54 N
* NMEA Longitude = 075 24.94 W
* NMEA UTC (Time) = Feb 08 2025  07:15:51
** Ship: Pisces
** Cruise:  PC2501
** Program:  AMAPPS
# nquan = 7
# nvalues = 1660                                  
# units = specified
# name 0 = depSM: Depth [salt water, m]
# name 1 = tv290C: Temperature [ITS-90, deg C]
# name 2 = c0S/m: Conductivity [S/m]
# name 3 = sal00: Salinity, Practical [PSU]
# name 4 = scan: Scan Count
# name 5 = timeM: Time, Elapsed [minutes]
# name 6 = flag:  0.000e+00
# span 0 =      0.117,     26.964                 
# span 1 =     7.3958,     8.5296                 
# span 2 =  -0.102291,   3.599498                 
# span 3 =     0.0000,    34.3751                 
# span 4 =         11,       1670                 
# span 5 =     0.0417,     6.9542                 
# span 6 = 0.0000e+00, 0.0000e+00                 
# interval = seconds: 0.25
# start_time = Feb 08 2025 07:15:51 [NMEA time, header]
# bad_flag = -9.990e-29
*END*
[from data line 206]
      8.939     8.5196   3.595326    34.2077        217     0.9000  0.000e+00
      9.036     8.5195   3.595175    34.2061        218     0.9042  0.000e+00
      9.152     8.5196   3.596365    34.2186        219     0.9083  0.000e+00
      9.268     8.5198   3.597247    34.2277        220     0.9125  0.000e+00
      9.378     8.5193   3.597399    34.2297        221     0.9167  0.000e+00
      9.488     8.5184   3.597399    34.2305        222     0.9208  0.000e+00
      9.576     8.5182   3.597474    34.2315        223     0.9250  0.000e+00
      9.655     8.5182   3.597449    34.2311        224     0.9292  0.000e+00
      9.716     8.5180   3.597298    34.2298        225     0.9333  0.000e+00
      9.768     8.5177   3.597197    34.2290        226     0.9375  0.000e+00
      9.832     8.5173   3.597248    34.2299        227     0.9417  0.000e+00
      9.893     8.5170   3.597298    34.2307        228     0.9458  0.000e+00
      9.942     8.5159   3.597374    34.2324        229     0.9500  0.000e+00
      9.985     8.5154   3.597475    34.2340        230     0.9542  0.000e+00
     10.012     8.5158   3.597500    34.2338        231     0.9583  0.000e+00
     10.028     8.5164   3.597500    34.2333        232     0.9625  0.000e+00
     10.055     8.5172   3.597525    34.2328        233     0.9667  0.000e+00
     10.089     8.5178   3.597550    34.2324        234     0.9708  0.000e+00
     10.140     8.5182   3.597525    34.2318        235     0.9750  0.000e+00
     10.211     8.5185   3.597550    34.2317        236     0.9792  0.000e+00
     10.287     8.5185   3.597550    34.2316        237     0.9833  0.000e+00
     10.378     8.5182   3.597500    34.2313        238     0.9875  0.000e+00
     10.458     8.5180   3.597525    34.2318        239     0.9917  0.000e+00
     10.555     8.5180   3.597576    34.2323        240     0.9958  0.000e+00
     10.647     8.5179   3.597550    34.2321        241     1.0000  0.000e+00
     10.741     8.5178   3.597475    34.2313        242     1.0042  0.000e+00
     10.814     8.5175   3.597374    34.2305        243     1.0083  0.000e+00
     10.900     8.5174   3.597273    34.2295        244     1.0125  0.000e+00
     10.973     8.5176   3.597399    34.2306        245     1.0167  0.000e+00
     11.068     8.5177   3.597544    34.2320        246     1.0208  0.000e+00
     11.138     8.5172   3.597576    34.2328        247     1.0250  0.000e+00
     11.211     8.5161   3.597576    34.2338        248     1.0292  0.000e+00
     11.290     8.5160   3.597651    34.2347        249     1.0333  0.000e+00
     11.357     8.5163   3.597626    34.2340        250     1.0375  0.000e+00
     11.428     8.5172   3.597551    34.2324        251     1.0417  0.000e+00
     11.492     8.5174   3.597425    34.2308        252     1.0458  0.000e+00
     11.571     8.5174   3.597324    34.2297        253     1.0500  0.000e+00
     11.666     8.5179   3.597500    34.2311        254     1.0542  0.000e+00
     11.757     8.5184   3.597752    34.2332        255     1.0583  0.000e+00
     11.852     8.5185   3.597929    34.2349        256     1.0625  0.000e+00
     11.949     8.5184   3.597500    34.2305        257     1.0667  0.000e+00
     12.029     8.5186   3.598238    34.2380        258     1.0708  0.000e+00
     12.102     8.5180   3.597450    34.2302        259     1.0750  0.000e+00
     12.157     8.5143   3.596921    34.2282        260     1.0792  0.000e+00
     12.202     8.5089   3.597198    34.2363        261     1.0833  0.000e+00
     12.257     8.5061   3.597501    34.2422        262     1.0875  0.000e+00
     12.318     8.5066   3.597904    34.2460        263     1.0917  0.000e+00
     12.355     8.5088   3.598017    34.2450        264     1.0958  0.000e+00
     12.401     8.5109   3.598055    34.2434        265     1.1000  0.000e+00
     12.443     8.5124   3.597979    34.2411        266     1.1042  0.000e+00
     12.483     8.5129   3.597601    34.2366        267     1.1083  0.000e+00
     12.517     8.5114   3.597425    34.2362        268     1.1125  0.000e+00
     12.556     8.5094   3.597627    34.2402        269     1.1167  0.000e+00
     12.611     8.5089   3.598005    34.2447        270     1.1208  0.000e+00
     12.669     8.5105   3.597929    34.2423        271     1.1250  0.000e+00
     12.751     8.5117   3.597828    34.2401        272     1.1292  0.000e+00
     12.843     8.5117   3.597728    34.2390        273     1.1333  0.000e+00
     12.953     8.5110   3.597677    34.2390        274     1.1375  0.000e+00
     13.053     8.5102   3.597753    34.2406        275     1.1417  0.000e+00
     13.169     8.5100   3.597703    34.2401        276     1.1458  0.000e+00
     13.285     8.5099   3.597728    34.2404        277     1.1500  0.000e+00
     13.404     8.5097   3.597577    34.2390        278     1.1542  0.000e+00
     13.520     8.5092   3.597350    34.2370        279     1.1583  0.000e+00
     13.630     8.5078   3.597274    34.2376        280     1.1625  0.000e+00
     13.749     8.5063   3.597274    34.2389        281     1.1667  0.000e+00
     13.846     8.5054   3.597331    34.2403        282     1.1708  0.000e+00
     13.938     8.5051   3.597400    34.2413        283     1.1750  0.000e+00
     14.014     8.5054   3.597274    34.2397        284     1.1792  0.000e+00
     14.048     8.5052   3.597022    34.2371        285     1.1833  0.000e+00
     14.063     8.5039   3.596670    34.2347        286     1.1875  0.000e+00
     14.078     8.5013   3.596392    34.2343        287     1.1917  0.000e+00
     14.084     8.4983   3.596493    34.2383        288     1.1958  0.000e+00
     14.118     8.4969   3.596569    34.2404        289     1.2000  0.000e+00
     14.145     8.4969   3.596544    34.2401        290     1.2042  0.000e+00
     14.176     8.4968   3.596720    34.2420        291     1.2083  0.000e+00
     14.215     8.4975   3.596771    34.2420        292     1.2125  0.000e+00
     14.264     8.4983   3.596569    34.2390        293     1.2167  0.000e+00
     14.319     8.4977   3.595832    34.2317        294     1.2208  0.000e+00
     14.392     8.4944   3.595076    34.2269        295     1.2250  0.000e+00
     14.481     8.4887   3.594371    34.2249        296     1.2292  0.000e+00
     14.569     8.4820   3.593942    34.2269        297     1.2333  0.000e+00
     14.655     8.4757   3.593508    34.2284        298     1.2375  0.000e+00
     14.771     8.4702   3.593458    34.2331        299     1.2417  0.000e+00
     14.880     8.4664   3.593540    34.2376        300     1.2458  0.000e+00
     15.002     8.4650   3.593584    34.2394        301     1.2500  0.000e+00
     15.128     8.4646   3.593615    34.2400        302     1.2542  0.000e+00
     15.243     8.4649   3.593489    34.2384        303     1.2583  0.000e+00
     15.341     8.4645   3.593597    34.2399        304     1.2625  0.000e+00
     15.426     8.4646   3.593490    34.2386        305     1.2667  0.000e+00
     15.487     8.4644   3.593357    34.2373        306     1.2708  0.000e+00
     15.551     8.4635   3.593282    34.2373        307     1.2750  0.000e+00
     15.616     8.4626   3.593490    34.2404        308     1.2792  0.000e+00
     15.689     8.4629   3.593918    34.2447        309     1.2833  0.000e+00
     15.756     8.4648   3.593767    34.2411        310     1.2875  0.000e+00
     15.823     8.4661   3.593540    34.2375        311     1.2917  0.000e+00
     15.872     8.4655   3.593490    34.2375        312     1.2958  0.000e+00
     15.921     8.4646   3.593641    34.2399        313     1.3000  0.000e+00
     15.957     8.4645   3.594120    34.2450        314     1.3042  0.000e+00
     15.991     8.4667   3.594775    34.2498        315     1.3083  0.000e+00
     16.040     8.4713   3.595102    34.2489        316     1.3125  0.000e+00
     16.085     8.4761   3.595329    34.2465        317     1.3167  0.000e+00
     16.131     8.4794   3.595026    34.2401        318     1.3208  0.000e+00
     16.198     8.4803   3.594875    34.2376        319     1.3250  0.000e+00
     16.256     8.4796   3.594472    34.2340        320     1.3292  0.000e+00
     16.326     8.4771   3.593792    34.2292        321     1.3333  0.000e+00
     16.390     8.4728   3.593509    34.2304        322     1.3375  0.000e+00
     16.463     8.4682   3.593282    34.2324        323     1.3417  0.000e+00
     16.537     8.4646   3.592929    34.2320        324     1.3458  0.000e+00
     16.610     8.4613   3.592652    34.2323        325     1.3500  0.000e+00
     16.683     8.4583   3.592652    34.2351        326     1.3542  0.000e+00
     16.775     8.4560   3.592678    34.2377        327     1.3583  0.000e+00
     16.863     8.4550   3.592577    34.2375        328     1.3625  0.000e+00
     16.964     8.4544   3.592779    34.2402        329     1.3667  0.000e+00
     17.058     8.4546   3.593358    34.2461        330     1.3708  0.000e+00
     17.159     8.4573   3.594019    34.2504        331     1.3750  0.000e+00
     17.253     8.4620   3.594145    34.2471        332     1.3792  0.000e+00
     17.336     8.4662   3.593994    34.2414        333     1.3833  0.000e+00
     17.412     8.4678   3.594019    34.2401        334     1.3875  0.000e+00
     17.494     8.4682   3.593767    34.2370        335     1.3917  0.000e+00
     17.592     8.4674   3.593434    34.2342        336     1.3958  0.000e+00
     17.687     8.4651   3.593383    34.2359        337     1.4000  0.000e+00
     17.775     8.4634   3.593232    34.2359        338     1.4042  0.000e+00
     17.854     8.4618   3.593157    34.2365        339     1.4083  0.000e+00
     17.924     8.4605   3.592930    34.2354        340     1.4125  0.000e+00
     17.982     8.4589   3.592754    34.2350        341     1.4167  0.000e+00
     18.040     8.4570   3.592728    34.2366        342     1.4208  0.000e+00
     18.068     8.4556   3.592653    34.2372        343     1.4250  0.000e+00
     18.095     8.4547   3.592779    34.2394        344     1.4292  0.000e+00
     18.095     8.4543   3.593308    34.2453        345     1.4333  0.000e+00
     18.080     8.4569   3.594397    34.2544        346     1.4375  0.000e+00
     18.077     8.4636   3.594271    34.2465        347     1.4417  0.000e+00
     18.071     8.4681   3.594145    34.2408        348     1.4458  0.000e+00
     18.074     8.4693   3.593919    34.2373        349     1.4500  0.000e+00
     18.080     8.4686   3.593793    34.2366        350     1.4542  0.000e+00
     18.089     8.4673   3.593667    34.2366        351     1.4583  0.000e+00
     18.101     8.4661   3.593616    34.2371        352     1.4625  0.000e+00
     18.126     8.4650   3.593717    34.2393        353     1.4667  0.000e+00
     18.144     8.4648   3.594322    34.2459        354     1.4708  0.000e+00
     18.165     8.4673   3.593768    34.2375        355     1.4750  0.000e+00
     18.187     8.4675   3.593868    34.2384        356     1.4792  0.000e+00
     18.223     8.4667   3.594045    34.2410        357     1.4833  0.000e+00
     18.251     8.4673   3.594448    34.2448        358     1.4875  0.000e+00
     18.269     8.4697   3.594574    34.2437        359     1.4917  0.000e+00
     18.300     8.4721   3.594750    34.2432        360     1.4958  0.000e+00
     18.318     8.4742   3.594725    34.2409        361     1.5000  0.000e+00
     18.336     8.4752   3.594372    34.2362        362     1.5042  0.000e+00
     18.342     8.4741   3.592804    34.2207        363     1.5083  0.000e+00
     18.348     8.4667   3.592426    34.2238        364     1.5125  0.000e+00
     18.358     8.4591   3.591771    34.2243        365     1.5167  0.000e+00
     18.379     8.4522   3.592351    34.2371        366     1.5208  0.000e+00
     18.385     8.4502   3.593006    34.2460        367     1.5250  0.000e+00
     18.391     8.4527   3.593358    34.2473        368     1.5292  0.000e+00
     18.388     8.4570   3.593743    34.2472        369     1.5333  0.000e+00
     18.397     8.4610   3.594045    34.2465        370     1.5375  0.000e+00
     18.409     8.4647   3.594675    34.2495        371     1.5417  0.000e+00
     18.422     8.4690   3.594851    34.2473        372     1.5458  0.000e+00
     18.437     8.4732   3.594649    34.2411        373     1.5500  0.000e+00
     18.449     8.4748   3.594675    34.2398        374     1.5542  0.000e+00
     18.470     8.4753   3.594725    34.2398        375     1.5583  0.000e+00
     18.501     8.4755   3.594675    34.2390        376     1.5625  0.000e+00
     18.522     8.4755   3.595052    34.2430        377     1.5667  0.000e+00
     18.553     8.4766   3.596243    34.2545        378     1.5708  0.000e+00
     18.577     8.4825   3.596722    34.2539        379     1.5750  0.000e+00
     18.611     8.4896   3.596772    34.2475        380     1.5792  0.000e+00
     18.641     8.4940   3.596974    34.2453        381     1.5833  0.000e+00
     18.675     8.4968   3.596974    34.2426        382     1.5875  0.000e+00
     18.708     8.4985   3.596974    34.2409        383     1.5917  0.000e+00
     18.751     8.4992   3.596848    34.2389        384     1.5958  0.000e+00
     18.788     8.4988   3.596268    34.2331        385     1.6000  0.000e+00
     18.824     8.4960   3.596092    34.2340        386     1.6042  0.000e+00
     18.842     8.4931   3.595506    34.2306        387     1.6083  0.000e+00
     18.876     8.4896   3.595078    34.2295        388     1.6125  0.000e+00
     18.894     8.4844   3.593793    34.2209        389     1.6167  0.000e+00
     18.900     8.4758   3.593509    34.2262        390     1.6208  0.000e+00
     18.903     8.4687   3.593541    34.2334        391     1.6250  0.000e+00
     18.913     8.4650   3.594524    34.2475        392     1.6292  0.000e+00
     18.913     8.4673   3.595002    34.2503        393     1.6333  0.000e+00
     18.916     8.4724   3.593358    34.2279        394     1.6375  0.000e+00
     18.922     8.4690   3.593566    34.2334        395     1.6417  0.000e+00
     18.916     8.4650   3.590689    34.2068        396     1.6458  0.000e+00
     18.925     8.4530   3.590154    34.2128        397     1.6500  0.000e+00
     18.952     8.4397   3.589071    34.2142        398     1.6542  0.000e+00
     18.977     8.4277   3.588945    34.2246        399     1.6583  0.000e+00
     19.010     8.4205   3.588442    34.2262        400     1.6625  0.000e+00
     19.065     8.4149   3.588467    34.2318        401     1.6667  0.000e+00
     19.117     8.4116   3.588316    34.2334        402     1.6708  0.000e+00
     19.184     8.4094   3.588417    34.2366        403     1.6750  0.000e+00
     19.248     8.4086   3.588719    34.2406        404     1.6792  0.000e+00
     19.312     8.4095   3.588719    34.2397        405     1.6833  0.000e+00
     19.385     8.4105   3.588618    34.2376        406     1.6875  0.000e+00
     19.452     8.4106   3.588341    34.2345        407     1.6917  0.000e+00
     19.529     8.4094   3.588014    34.2321        408     1.6958  0.000e+00
     19.602     8.4071   3.587813    34.2322        409     1.7000  0.000e+00
     19.663     8.4045   3.587813    34.2347        410     1.7042  0.000e+00
     19.721     8.4032   3.587687    34.2347        411     1.7083  0.000e+00
     19.776     8.4019   3.587662    34.2356        412     1.7125  0.000e+00
     19.819     8.4008   3.588417    34.2447        413     1.7167  0.000e+00
     19.855     8.4033   3.589777    34.2567        414     1.7208  0.000e+00
     19.895     8.4113   3.590488    34.2564        415     1.7250  0.000e+00
     19.928     8.4208   3.591168    34.2544        416     1.7292  0.000e+00
     19.974     8.4291   3.592226    34.2575        417     1.7333  0.000e+00
     20.020     8.4381   3.592553    34.2522        418     1.7375  0.000e+00
     20.075     8.4456   3.592528    34.2446        419     1.7417  0.000e+00
     20.133     8.4494   3.592729    34.2430        420     1.7458  0.000e+00
