PC2501/sbe047.cnv
* Sea-Bird SBE 19plus Data File:
* FileName = C:\cruise\data\sbe047.hex
* Software Version Seasave V 7.26.7.121
* Temperature SN = 4684
* Conductivity SN = 4684
* System UpLoad Time = Jan 23 2025 23:04:04
* NMEA Latitude = 38 08.98 N
* NMEA Longitude = 070 40.56 W
* NMEA UTC (Time) = Jan 23 2025  23:03:32
** Ship: Pisces
** Cruise:  PC2501
** Program:  AMAPPS
# nquan = 7
# nvalues = 5292                                  
# units = specified
# name 0 = depSM: Depth [salt water, m]
# name 1 = tv290C: Temperature [ITS-90, deg C]
# name 2 = c0S/m: Conductivity [S/m]
# name 3 = sal00: Salinity, Practical [PSU]
# name 4 = scan: Scan Count
# name 5 = timeM: Time, Elapsed [minutes]
# name 6 = flag:  0.000e+00
# span 0 =      0.042,    201.085                 
# span 1 =     6.4724,    14.7522                 
# span 2 =   0.000009,   4.353896                 
# span 3 =     0.0030,    36.6341                 
# span 4 =         11,       5302                 
# span 5 =     0.0417,    22.0875                 
# span 6 = 0.0000e+00, 0.0000e+00                 
# interval = seconds: 0.25
# start_time = Jan 23 2025 23:03:32 [NMEA time, header]
# bad_flag = -9.990e-29
*END*
[from data line 4308]
     49.979    12.0555   3.954966    34.4883       4319    17.9917  0.000e+00
     50.046    12.0767   3.958565    34.5037       4320    17.9958  0.000e+00
     50.116    12.1024   3.960791    34.5016       4321    18.0000  0.000e+00
     50.192    12.1259   3.960437    34.4764       4322    18.0042  0.000e+00
     50.253    12.1378   3.958349    34.4450       4323    18.0083  0.000e+00
     50.314    12.1360   3.955914    34.4230       4324    18.0125  0.000e+00
     50.363    12.1262   3.961171    34.4831       4325    18.0167  0.000e+00
     50.396    12.1339   3.964609    34.5094       4326    18.0208  0.000e+00
     50.406    12.1555   3.965454    34.4976       4327    18.0250  0.000e+00
     50.393    12.1722   3.967406    34.5012       4328    18.0292  0.000e+00
     50.360    12.1849   3.964857    34.4647       4329    18.0333  0.000e+00
     50.302    12.1847   3.960803    34.4256       4330    18.0375  0.000e+00
     50.220    12.1697   3.953427    34.3679       4331    18.0417  0.000e+00
     50.131    12.1365   3.951883    34.3836       4332    18.0458  0.000e+00
     49.994    12.1034   3.950588    34.4015       4333    18.0500  0.000e+00
     49.854    12.0876   3.947619    34.3873       4334    18.0542  0.000e+00
     49.701    12.0706   3.942664    34.3548       4335    18.0583  0.000e+00
     49.539    12.0415   3.942201    34.3772       4336    18.0625  0.000e+00
     49.363    12.0217   3.941469    34.3884       4337    18.0667  0.000e+00
     49.219    12.0111   3.940972    34.3934       4338    18.0708  0.000e+00
     49.088    12.0042   3.939450    34.3851       4339    18.0750  0.000e+00
     48.969    11.9956   3.939881    34.3972       4340    18.0792  0.000e+00
     48.878    11.9912   3.939456    34.3972       4341    18.0833  0.000e+00
     48.817    11.9886   3.940606    34.4108       4342    18.0875  0.000e+00
     48.771    11.9905   3.940717    34.4101       4343    18.0917  0.000e+00
     48.746    11.9935   3.940848    34.4087       4344    18.0958  0.000e+00
     48.759    11.9953   3.941789    34.4161       4345    18.1000  0.000e+00
     48.777    11.9990   3.941554    34.4105       4346    18.1042  0.000e+00
     48.820    12.0016   3.941580    34.4083       4347    18.1083  0.000e+00
     48.868    12.0020   3.941789    34.4099       4348    18.1125  0.000e+00
     48.926    12.0029   3.941685    34.4081       4349    18.1167  0.000e+00
     48.984    12.0035   3.940933    34.4001       4350    18.1208  0.000e+00
     49.033    12.0012   3.940077    34.3939       4351    18.1250  0.000e+00
     49.085    11.9967   3.939450    34.3919       4352    18.1292  0.000e+00
     49.128    11.9918   3.940175    34.4035       4353    18.1333  0.000e+00
     49.140    11.9908   3.940077    34.4034       4354    18.1375  0.000e+00
     49.140    11.9912   3.940018    34.4025       4355    18.1417  0.000e+00
     49.106    11.9911   3.942547    34.4272       4356    18.1458  0.000e+00
     49.054    11.9974   3.941123    34.4076       4357    18.1500  0.000e+00
     48.990    12.0012   3.940129    34.3945       4358    18.1542  0.000e+00
     48.920    11.9976   3.940665    34.4030       4359    18.1583  0.000e+00
     48.835    11.9962   3.940554    34.4033       4360    18.1625  0.000e+00
     48.750    11.9956   3.939992    34.3983       4361    18.1667  0.000e+00
     48.670    11.9942   3.940260    34.4023       4362    18.1708  0.000e+00
     48.579    11.9926   3.939371    34.3952       4363    18.1750  0.000e+00
     48.493    11.9893   3.938444    34.3893       4364    18.1792  0.000e+00
     48.411    11.9840   3.937784    34.3878       4365    18.1833  0.000e+00
     48.335    11.9795   3.937836    34.3924       4366    18.1875  0.000e+00
     48.268    11.9764   3.938581    34.4026       4367    18.1917  0.000e+00
     48.201    11.9773   3.937699    34.3931       4368    18.1958  0.000e+00
     48.136    11.9759   3.937353    34.3911       4369    18.2000  0.000e+00
     48.072    11.9735   3.937085    34.3908       4370    18.2042  0.000e+00
     48.011    11.9711   3.937712    34.3991       4371    18.2083  0.000e+00
     47.957    11.9715   3.940123    34.4223       4372    18.2125  0.000e+00
     47.889    11.9804   3.940123    34.4141       4373    18.2167  0.000e+00
     47.822    11.9872   3.939907    34.4057       4374    18.2208  0.000e+00
     47.761    11.9897   3.939260    34.3971       4375    18.2250  0.000e+00
     47.685    11.9878   3.939103    34.3974       4376    18.2292  0.000e+00
     47.621    11.9865   3.938104    34.3889       4377    18.2333  0.000e+00
     47.560    11.9828   3.938672    34.3978       4378    18.2375  0.000e+00
     47.499    11.9808   3.939044    34.4034       4379    18.2417  0.000e+00
     47.441    11.9821   3.938385    34.3957       4380    18.2458  0.000e+00
     47.395    11.9810   3.939502    34.4077       4381    18.2500  0.000e+00
     47.365    11.9842   3.939802    34.4077       4382    18.2542  0.000e+00
     47.347    11.9860   3.938894    34.3972       4383    18.2583  0.000e+00
     47.340    11.9861   3.939371    34.4017       4384    18.2625  0.000e+00
     47.331    11.9857   3.937326    34.3822       4385    18.2667  0.000e+00
     47.334    11.9800   3.940390    34.4173       4386    18.2708  0.000e+00
     47.356    11.9838   3.941455    34.4241       4387    18.2750  0.000e+00
     47.371    11.9932   3.940959    34.4106       4388    18.2792  0.000e+00
     47.377    11.9967   3.940070    34.3987       4389    18.2833  0.000e+00
     47.386    11.9956   3.941651    34.4151       4390    18.2875  0.000e+00
     47.386    11.9984   3.942357    34.4194       4391    18.2917  0.000e+00
     47.383    12.0030   3.942063    34.4123       4392    18.2958  0.000e+00
     47.377    12.0054   3.940468    34.3946       4393    18.3000  0.000e+00
     47.356    12.0021   3.940286    34.3959       4394    18.3042  0.000e+00
     47.307    11.9973   3.939776    34.3953       4395    18.3083  0.000e+00
     47.267    11.9946   3.939665    34.3967       4396    18.3125  0.000e+00
     47.225    11.9915   3.940919    34.4118       4397    18.3167  0.000e+00
     47.157    11.9935   3.941527    34.4159       4398    18.3208  0.000e+00
     47.099    11.9984   3.941096    34.4073       4399    18.3250  0.000e+00
     47.038    12.0001   3.940553    34.4004       4400    18.3292  0.000e+00
     46.981    11.9980   3.936248    34.3605       4401    18.3333  0.000e+00
     46.913    11.9838   3.935066    34.3621       4402    18.3375  0.000e+00
     46.846    11.9681   3.935236    34.3783       4403    18.3417  0.000e+00
     46.776    11.9604   3.935360    34.3866       4404    18.3458  0.000e+00
     46.700    11.9575   3.935171    34.3874       4405    18.3500  0.000e+00
     46.627    11.9559   3.935262    34.3898       4406    18.3542  0.000e+00
     46.554    11.9550   3.935387    34.3919       4407    18.3583  0.000e+00
     46.462    11.9548   3.933238    34.3712       4408    18.3625  0.000e+00
     46.367    11.9494   3.932063    34.3648       4409    18.3667  0.000e+00
     46.267    11.9405   3.932246    34.3748       4410    18.3708  0.000e+00
     46.178    11.9353   3.931221    34.3697       4411    18.3750  0.000e+00
     46.081    11.9309   3.932651    34.3877       4412    18.3792  0.000e+00
     45.992    11.9307   3.932056    34.3821       4413    18.3833  0.000e+00
     45.907    11.9315   3.932004    34.3809       4414    18.3875  0.000e+00
     45.822    11.9306   3.929928    34.3615       4415    18.3917  0.000e+00
     45.739    11.9234   3.929210    34.3613       4416    18.3958  0.000e+00
     45.666    11.9160   3.927709    34.3534       4417    18.4000  0.000e+00
     45.602    11.9075   3.927840    34.3626       4418    18.4042  0.000e+00
     45.559    11.9016   3.926365    34.3536       4419    18.4083  0.000e+00
     45.520    11.8956   3.927064    34.3660       4420    18.4125  0.000e+00
     45.498    11.8917   3.925080    34.3503       4421    18.4167  0.000e+00
     45.477    11.8853   3.925465    34.3599       4422    18.4208  0.000e+00
     45.468    11.8819   3.925909    34.3675       4423    18.4250  0.000e+00
     45.468    11.8813   3.926072    34.3696       4424    18.4292  0.000e+00
     45.477    11.8833   3.927149    34.3782       4425    18.4333  0.000e+00
     45.495    11.8879   3.927814    34.3805       4426    18.4375  0.000e+00
     45.526    11.8925   3.929126    34.3890       4427    18.4417  0.000e+00
     45.547    11.8997   3.929367    34.3848       4428    18.4458  0.000e+00
     45.571    11.9050   3.930660    34.3925       4429    18.4500  0.000e+00
     45.599    11.9121   3.931169    34.3909       4430    18.4542  0.000e+00
     45.614    11.9177   3.930653    34.3806       4431    18.4583  0.000e+00
     45.617    11.9201   3.932324    34.3947       4432    18.4625  0.000e+00
     45.617    11.9252   3.932004    34.3868       4433    18.4667  0.000e+00
     45.599    11.9282   3.930366    34.3681       4434    18.4708  0.000e+00
     45.571    11.9249   3.930927    34.3767       4435    18.4750  0.000e+00
     45.526    11.9226   3.927207    34.3425       4436    18.4792  0.000e+00
     45.462    11.9120   3.925400    34.3347       4437    18.4833  0.000e+00
     45.394    11.8950   3.927142    34.3674       4438    18.4875  0.000e+00
     45.324    11.8914   3.931188    34.4103       4439    18.4917  0.000e+00
     45.239    11.9052   3.929315    34.3793       4440    18.4958  0.000e+00
     45.157    11.9103   3.928806    34.3696       4441    18.5000  0.000e+00
     45.056    11.9084   3.929210    34.3754       4442    18.5042  0.000e+00
     44.946    11.9093   3.933212    34.4136       4443    18.5083  0.000e+00
     44.836    11.9205   3.935125    34.4220       4444    18.5125  0.000e+00
     44.724    11.9372   3.930124    34.3579       4445    18.5167  0.000e+00
     44.605    11.9324   3.927676    34.3385       4446    18.5208  0.000e+00
     44.489    11.9165   3.930966    34.3853       4447    18.5250  0.000e+00
     44.367    11.9165   3.925641    34.3334       4448    18.5292  0.000e+00
     44.242    11.9026   3.923364    34.3240       4449    18.5333  0.000e+00
     44.117    11.8834   3.924988    34.3577       4450    18.5375  0.000e+00
     44.004    11.8769   3.924088    34.3549       4451    18.5417  0.000e+00
     43.879    11.8737   3.919980    34.3178       4452    18.5458  0.000e+00
     43.757    11.8597   3.918089    34.3123       4453    18.5500  0.000e+00
     43.659    11.8413   3.918578    34.3341       4454    18.5542  0.000e+00
     43.565    11.8333   3.917607    34.3321       4455    18.5583  0.000e+00
     43.504    11.8261   3.917261    34.3354       4456    18.5625  0.000e+00
     43.443    11.8217   3.920984    34.3759       4457    18.5667  0.000e+00
     43.430    11.8303   3.924995    34.4071       4458    18.5708  0.000e+00
     43.424    11.8507   3.925745    34.3956       4459    18.5750  0.000e+00
     43.443    11.8685   3.925158    34.3734       4460    18.5792  0.000e+00
     43.482    11.8750   3.923873    34.3548       4461    18.5833  0.000e+00
     43.546    11.8729   3.922666    34.3450       4462    18.5875  0.000e+00
     43.619    11.8669   3.923606    34.3596       4463    18.5917  0.000e+00
     43.690    11.8651   3.923867    34.3638       4464    18.5958  0.000e+00
     43.778    11.8664   3.924004    34.3638       4465    18.6000  0.000e+00
     43.857    11.8681   3.924460    34.3668       4466    18.6042  0.000e+00
     43.931    11.8702   3.924401    34.3642       4467    18.6083  0.000e+00
     43.992    11.8715   3.923390    34.3531       4468    18.6125  0.000e+00
     44.013    11.8695   3.922719    34.3483       4469    18.6167  0.000e+00
     44.022    11.8642   3.919667    34.3234       4470    18.6208  0.000e+00
     44.016    11.8513   3.919080    34.3296       4471    18.6250  0.000e+00
     43.970    11.8409   3.923195    34.3795       4472    18.6292  0.000e+00
     43.909    11.8480   3.922425    34.3655       4473    18.6333  0.000e+00
     43.827    11.8545   3.921884    34.3542       4474    18.6375  0.000e+00
     43.726    11.8538   3.922882    34.3646       4475    18.6417  0.000e+00
     43.619    11.8549   3.924969    34.3840       4476    18.6458  0.000e+00
     43.491    11.8656   3.925328    34.3777       4477    18.6500  0.000e+00
     43.348    11.8732   3.926261    34.3799       4478    18.6542  0.000e+00
     43.205    11.8805   3.928551    34.3955       4479    18.6583  0.000e+00
     43.064    11.8911   3.929608    34.3961       4480    18.6625  0.000e+00
     42.933    11.9021   3.929262    34.3827       4481    18.6667  0.000e+00
     42.820    11.9087   3.926612    34.3507       4482    18.6708  0.000e+00
     42.720    11.9023   3.923605    34.3274       4483    18.6750  0.000e+00
     42.643    11.8855   3.922385    34.3309       4484    18.6792  0.000e+00
     42.570    11.8711   3.922079    34.3413       4485    18.6833  0.000e+00
     42.521    11.8619   3.922131    34.3503       4486    18.6875  0.000e+00
     42.485    11.8583   3.922275    34.3551       4487    18.6917  0.000e+00
     42.460    11.8571   3.922503    34.3584       4488    18.6958  0.000e+00
     42.448    11.8569   3.917547    34.3102       4489    18.7000  0.000e+00
     42.439    11.8423   3.915788    34.3064       4490    18.7042  0.000e+00
     42.439    11.8229   3.920736    34.3728       4491    18.7083  0.000e+00
     42.436    11.8287   3.921212    34.3721       4492    18.7125  0.000e+00
     42.430    11.8392   3.921114    34.3614       4493    18.7167  0.000e+00
     42.430    11.8443   3.924460    34.3894       4494    18.7208  0.000e+00
     42.418    11.8561   3.924597    34.3798       4495    18.7250  0.000e+00
     42.396    11.8664   3.924486    34.3692       4496    18.7292  0.000e+00
     42.366    11.8697   3.924068    34.3621       4497    18.7333  0.000e+00
     42.332    11.8707   3.924864    34.3689       4498    18.7375  0.000e+00
     42.290    11.8727   3.920651    34.3260       4499    18.7417  0.000e+00
     42.250    11.8630   3.921433    34.3426       4500    18.7458  0.000e+00
     42.204    11.8532   3.922157    34.3587       4501    18.7500  0.000e+00
     42.162    11.8539   3.922105    34.3576       4502    18.7542  0.000e+00
     42.122    11.8547   3.921544    34.3514       4503    18.7583  0.000e+00
     42.085    11.8535   3.922046    34.3574       4504    18.7625  0.000e+00
     42.055    11.8529   3.922020    34.3578       4505    18.7667  0.000e+00
     42.033    11.8539   3.922751    34.3639       4506    18.7708  0.000e+00
     42.012    11.8573   3.923070    34.3640       4507    18.7750  0.000e+00
     41.997    11.8600   3.922183    34.3528       4508    18.7792  0.000e+00
     41.975    11.8590   3.923840    34.3700       4509    18.7833  0.000e+00
     41.969    11.8620   3.919346    34.3233       4510    18.7875  0.000e+00
     41.939    11.8538   3.919810    34.3354       4511    18.7917  0.000e+00
     41.908    11.8433   3.918916    34.3363       4512    18.7958  0.000e+00
     41.866    11.8378   3.916563    34.3185       4513    18.8000  0.000e+00
     41.814    11.8269   3.916368    34.3266       4514    18.8042  0.000e+00
     41.753    11.8197   3.918356    34.3528       4515    18.8083  0.000e+00
     41.689    11.8208   3.914947    34.3184       4516    18.8125  0.000e+00
     41.625    11.8155   3.922614    34.3984       4517    18.8167  0.000e+00
     41.567    11.8270   3.915390    34.3171       4518    18.8208  0.000e+00
     41.493    11.8250   3.915305    34.3182       4519    18.8250  0.000e+00
     41.420    11.8138   3.917476    34.3497       4520    18.8292  0.000e+00
     41.356    11.8137   3.917235    34.3475       4521    18.8333  0.000e+00
     41.292    11.8162   3.916856    34.3415       4522    18.8375  0.000e+00
