PC2501/sbe025.cnv
* Sea-Bird SBE 19plus Data File:
* FileName = C:\cruise\data\sbe025.hex
* Software Version Seasave V 7.26.7.121
* Temperature SN = 4684
* Conductivity SN = 4684
* System UpLoad Time = Jan 15 2025 02:20:08
* NMEA Latitude = 39 13.47 N
* NMEA Longitude = 074 05.00 W
* NMEA UTC (Time) = Jan 15 2025  02:19:30
** Ship: Pisces
** Cruise:  PC2501
** Program:  AMAPPS
# nquan = 7
# nvalues = 1586                                  
# units = specified
# name 0 = depSM: Depth [salt water, m]
# name 1 = tv290C: Temperature [ITS-90, deg C]
# name 2 = c0S/m: Conductivity [S/m]
# name 3 = sal00: Salinity, Practical [PSU]
# name 4 = scan: Scan Count
# name 5 = timeM: Time, Elapsed [minutes]
# name 6 = flag:  0.000e+00
# span 0 =     -0.098,     24.324                 
# span 1 =    -0.5418,     5.7970                 
# span 2 =  -0.001461,   3.221628                 
# span 3 =    -0.0023,    33.2615                 
# span 4 =         11,       1596                 
# span 5 =     0.0417,     6.6458                 
# span 6 = 0.0000e+00, 0.0000e+00                 
# interval = seconds: 0.25
# start_time = Jan 15 2025 02:19:30 [NMEA time, header]
# bad_flag = -9.990e-29
*END*
[from data line 411]
     23.345     5.7941   3.221230    32.7627        422     1.7542  0.000e+00
     23.309     5.7936   3.221278    32.7638        423     1.7583  0.000e+00
     23.278     5.7933   3.221321    32.7645        424     1.7625  0.000e+00
     23.263     5.7935   3.221278    32.7640        425     1.7667  0.000e+00
     23.230     5.7935   3.221345    32.7647        426     1.7708  0.000e+00
     23.205     5.7938   3.221393    32.7650        427     1.7750  0.000e+00
     23.169     5.7940   3.221393    32.7648        428     1.7792  0.000e+00
     23.147     5.7946   3.221417    32.7645        429     1.7833  0.000e+00
     23.123     5.7947   3.221417    32.7644        430     1.7875  0.000e+00
     23.108     5.7948   3.221489    32.7651        431     1.7917  0.000e+00
     23.089     5.7951   3.221532    32.7653        432     1.7958  0.000e+00
     23.089     5.7957   3.221508    32.7645        433     1.8000  0.000e+00
     23.083     5.7958   3.221580    32.7652        434     1.8042  0.000e+00
     23.080     5.7960   3.221441    32.7634        435     1.8083  0.000e+00
     23.071     5.7957   3.221369    32.7629        436     1.8125  0.000e+00
     23.059     5.7952   3.221345    32.7631        437     1.8167  0.000e+00
     23.035     5.7945   3.221320    32.7636        438     1.8208  0.000e+00
     23.010     5.7943   3.221417    32.7649        439     1.8250  0.000e+00
     22.974     5.7946   3.221465    32.7651        440     1.8292  0.000e+00
     22.931     5.7949   3.221508    32.7653        441     1.8333  0.000e+00
     22.888     5.7955   3.221556    32.7653        442     1.8375  0.000e+00
     22.846     5.7961   3.221628    32.7656        443     1.8417  0.000e+00
     22.797     5.7968   3.221604    32.7646        444     1.8458  0.000e+00
     22.757     5.7970   3.221580    32.7642        445     1.8500  0.000e+00
     22.730     5.7966   3.221441    32.7629        446     1.8542  0.000e+00
     22.690     5.7960   3.220741    32.7557        447     1.8583  0.000e+00
     22.666     5.7930   3.220319    32.7538        448     1.8625  0.000e+00
     22.644     5.7886   3.220204    32.7569        449     1.8667  0.000e+00
     22.620     5.7854   3.220113    32.7590        450     1.8708  0.000e+00
     22.596     5.7837   3.220204    32.7617        451     1.8750  0.000e+00
     22.577     5.7830   3.220415    32.7647        452     1.8792  0.000e+00
     22.556     5.7838   3.220463    32.7645        453     1.8833  0.000e+00
     22.529     5.7845   3.220439    32.7636        454     1.8875  0.000e+00
     22.495     5.7849   3.220343    32.7621        455     1.8917  0.000e+00
     22.446     5.7846   3.220228    32.7612        456     1.8958  0.000e+00
     22.401     5.7841   3.220252    32.7619        457     1.9000  0.000e+00
     22.349     5.7835   3.220252    32.7625        458     1.9042  0.000e+00
     22.291     5.7835   3.220300    32.7630        459     1.9083  0.000e+00
     22.236     5.7837   3.220343    32.7634        460     1.9125  0.000e+00
     22.178     5.7841   3.220343    32.7630        461     1.9167  0.000e+00
     22.120     5.7845   3.220343    32.7627        462     1.9208  0.000e+00
     22.059     5.7846   3.220530    32.7647        463     1.9250  0.000e+00
     22.007     5.7855   3.220626    32.7650        464     1.9292  0.000e+00
     21.956     5.7865   3.220578    32.7635        465     1.9333  0.000e+00
     21.913     5.7869   3.220530    32.7626        466     1.9375  0.000e+00
     21.867     5.7868   3.220554    32.7629        467     1.9417  0.000e+00
     21.831     5.7868   3.220602    32.7635        468     1.9458  0.000e+00
     21.788     5.7871   3.220741    32.7648        469     1.9500  0.000e+00
     21.751     5.7878   3.220994    32.7670        470     1.9542  0.000e+00
     21.727     5.7895   3.221344    32.7693        471     1.9583  0.000e+00
     21.703     5.7921   3.221392    32.7674        472     1.9625  0.000e+00
     21.669     5.7941   3.221417    32.7657        473     1.9667  0.000e+00
     21.623     5.7950   3.221441    32.7651        474     1.9708  0.000e+00
     21.572     5.7953   3.221320    32.7635        475     1.9750  0.000e+00
     21.529     5.7953   3.221205    32.7622        476     1.9792  0.000e+00
     21.477     5.7946   3.221018    32.7608        477     1.9833  0.000e+00
     21.425     5.7934   3.220668    32.7580        478     1.9875  0.000e+00
     21.370     5.7911   3.220439    32.7577        479     1.9917  0.000e+00
     21.322     5.7886   3.220529    32.7612        480     1.9958  0.000e+00
     21.276     5.7874   3.220626    32.7634        481     2.0000  0.000e+00
     21.224     5.7876   3.220789    32.7651        482     2.0042  0.000e+00
     21.181     5.7884   3.220602    32.7622        483     2.0083  0.000e+00
     21.151     5.7883   3.220505    32.7613        484     2.0125  0.000e+00
     21.130     5.7875   3.220505    32.7621        485     2.0167  0.000e+00
     21.105     5.7871   3.220300    32.7602        486     2.0208  0.000e+00
     21.087     5.7860   3.220391    32.7622        487     2.0250  0.000e+00
     21.081     5.7856   3.220463    32.7635        488     2.0292  0.000e+00
     21.075     5.7858   3.220439    32.7630        489     2.0333  0.000e+00
     21.072     5.7860   3.220463    32.7630        490     2.0375  0.000e+00
     21.069     5.7862   3.220529    32.7636        491     2.0417  0.000e+00
     21.072     5.7866   3.220602    32.7641        492     2.0458  0.000e+00
     21.069     5.7871   3.220553    32.7630        493     2.0500  0.000e+00
     21.066     5.7874   3.220626    32.7635        494     2.0542  0.000e+00
     21.053     5.7877   3.220807    32.7653        495     2.0583  0.000e+00
     21.026     5.7885   3.220807    32.7646        496     2.0625  0.000e+00
     21.005     5.7891   3.220765    32.7635        497     2.0667  0.000e+00
     20.971     5.7895   3.220807    32.7636        498     2.0708  0.000e+00
     20.928     5.7896   3.220807    32.7635        499     2.0750  0.000e+00
     20.864     5.7899   3.220740    32.7626        500     2.0792  0.000e+00
     20.809     5.7896   3.220668    32.7620        501     2.0833  0.000e+00
     20.752     5.7892   3.220716    32.7630        502     2.0875  0.000e+00
     20.694     5.7889   3.220692    32.7630        503     2.0917  0.000e+00
     20.633     5.7889   3.220668    32.7628        504     2.0958  0.000e+00
     20.575     5.7888   3.220644    32.7626        505     2.1000  0.000e+00
     20.532     5.7888   3.220716    32.7635        506     2.1042  0.000e+00
     20.480     5.7889   3.220692    32.7632        507     2.1083  0.000e+00
     20.441     5.7891   3.220716    32.7633        508     2.1125  0.000e+00
     20.398     5.7892   3.220668    32.7626        509     2.1167  0.000e+00
     20.346     5.7890   3.220692    32.7631        510     2.1208  0.000e+00
     20.294     5.7890   3.220692    32.7631        511     2.1250  0.000e+00
     20.255     5.7892   3.220831    32.7645        512     2.1292  0.000e+00
     20.218     5.7897   3.220789    32.7636        513     2.1333  0.000e+00
     20.157     5.7902   3.221018    32.7657        514     2.1375  0.000e+00
     20.090     5.7910   3.220951    32.7642        515     2.1417  0.000e+00
     20.029     5.7917   3.220692    32.7607        516     2.1458  0.000e+00
     19.968     5.7908   3.220716    32.7618        517     2.1500  0.000e+00
     19.904     5.7901   3.220553    32.7607        518     2.1542  0.000e+00
     19.825     5.7891   3.220529    32.7614        519     2.1583  0.000e+00
     19.758     5.7882   3.220553    32.7626        520     2.1625  0.000e+00
     19.688     5.7882   3.220505    32.7621        521     2.1667  0.000e+00
     19.618     5.7879   3.220625    32.7638        522     2.1708  0.000e+00
     19.554     5.7880   3.220553    32.7630        523     2.1750  0.000e+00
     19.490     5.7881   3.220740    32.7650        524     2.1792  0.000e+00
     19.426     5.7888   3.221018    32.7674        525     2.1833  0.000e+00
     19.368     5.7906   3.221042    32.7660        526     2.1875  0.000e+00
     19.316     5.7920   3.221018    32.7644        527     2.1917  0.000e+00
     19.267     5.7927   3.221277    32.7667        528     2.1958  0.000e+00
     19.228     5.7938   3.221180    32.7645        529     2.2000  0.000e+00
     19.197     5.7944   3.220806    32.7597        530     2.2042  0.000e+00
     19.170     5.7930   3.220480    32.7575        531     2.2083  0.000e+00
     19.154     5.7903   3.220505    32.7603        532     2.2125  0.000e+00
     19.139     5.7887   3.220438    32.7611        533     2.2167  0.000e+00
     19.127     5.7880   3.220529    32.7629        534     2.2208  0.000e+00
     19.121     5.7877   3.220505    32.7629        535     2.2250  0.000e+00
     19.109     5.7878   3.220505    32.7628        536     2.2292  0.000e+00
     19.094     5.7876   3.220390    32.7617        537     2.2333  0.000e+00
     19.081     5.7873   3.220342    32.7615        538     2.2375  0.000e+00
     19.066     5.7867   3.220390    32.7626        539     2.2417  0.000e+00
     19.057     5.7865   3.220275    32.7615        540     2.2458  0.000e+00
     19.039     5.7860   3.220203    32.7611        541     2.2500  0.000e+00
     19.029     5.7852   3.220251    32.7625        542     2.2542  0.000e+00
     19.017     5.7850   3.220155    32.7616        543     2.2583  0.000e+00
     19.014     5.7847   3.220203    32.7625        544     2.2625  0.000e+00
     18.993     5.7845   3.220155    32.7622        545     2.2667  0.000e+00
     18.987     5.7842   3.220155    32.7624        546     2.2708  0.000e+00
     18.971     5.7841   3.220179    32.7628        547     2.2750  0.000e+00
     18.965     5.7840   3.220203    32.7632        548     2.2792  0.000e+00
     18.953     5.7842   3.220227    32.7632        549     2.2833  0.000e+00
     18.944     5.7845   3.220275    32.7635        550     2.2875  0.000e+00
     18.926     5.7848   3.220299    32.7635        551     2.2917  0.000e+00
     18.895     5.7850   3.220275    32.7630        552     2.2958  0.000e+00
     18.871     5.7853   3.220317    32.7632        553     2.3000  0.000e+00
     18.837     5.7855   3.219901    32.7584        554     2.3042  0.000e+00
     18.813     5.7837   3.219925    32.7604        555     2.3083  0.000e+00
     18.782     5.7823   3.220064    32.7634        556     2.3125  0.000e+00
     18.764     5.7823   3.219901    32.7615        557     2.3167  0.000e+00
     18.727     5.7818   3.219967    32.7627        558     2.3208  0.000e+00
     18.700     5.7812   3.219925    32.7629        559     2.3250  0.000e+00
     18.657     5.7811   3.219829    32.7619        560     2.3292  0.000e+00
     18.621     5.7807   3.219877    32.7628        561     2.3333  0.000e+00
     18.575     5.7807   3.219714    32.7611        562     2.3375  0.000e+00
     18.523     5.7798   3.219762    32.7625        563     2.3417  0.000e+00
     18.462     5.7793   3.219925    32.7648        564     2.3458  0.000e+00
     18.398     5.7801   3.219829    32.7630        565     2.3500  0.000e+00
     18.328     5.7802   3.219527    32.7595        566     2.3542  0.000e+00
     18.264     5.7788   3.219436    32.7600        567     2.3583  0.000e+00
     18.197     5.7773   3.219436    32.7614        568     2.3625  0.000e+00
     18.145     5.7765   3.219527    32.7632        569     2.3667  0.000e+00
     18.091     5.7766   3.219853    32.7668        570     2.3708  0.000e+00
     18.057     5.7784   3.219714    32.7636        571     2.3750  0.000e+00
     18.030     5.7791   3.219617    32.7618        572     2.3792  0.000e+00
     18.002     5.7786   3.219503    32.7610        573     2.3833  0.000e+00
     17.975     5.7778   3.219479    32.7615        574     2.3875  0.000e+00
     17.944     5.7772   3.219436    32.7616        575     2.3917  0.000e+00
     17.920     5.7768   3.219479    32.7625        576     2.3958  0.000e+00
     17.895     5.7766   3.219454    32.7625        577     2.4000  0.000e+00
     17.865     5.7765   3.219617    32.7644        578     2.4042  0.000e+00
     17.831     5.7772   3.219786    32.7656        579     2.4083  0.000e+00
     17.804     5.7785   3.219714    32.7636        580     2.4125  0.000e+00
     17.764     5.7790   3.219503    32.7607        581     2.4167  0.000e+00
     17.737     5.7782   3.219412    32.7605        582     2.4208  0.000e+00
     17.719     5.7772   3.219364    32.7610        583     2.4250  0.000e+00
     17.703     5.7762   3.219575    32.7643        584     2.4292  0.000e+00
     17.691     5.7768   3.219412    32.7619        585     2.4333  0.000e+00
     17.694     5.7768   3.219641    32.7644        586     2.4375  0.000e+00
     17.713     5.7774   3.219599    32.7634        587     2.4417  0.000e+00
     17.746     5.7776   3.219641    32.7637        588     2.4458  0.000e+00
     17.777     5.7781   3.219738    32.7643        589     2.4500  0.000e+00
     17.816     5.7787   3.219738    32.7636        590     2.4542  0.000e+00
     17.844     5.7792   3.219762    32.7634        591     2.4583  0.000e+00
     17.880     5.7792   3.220064    32.7668        592     2.4625  0.000e+00
     17.901     5.7807   3.219804    32.7624        593     2.4667  0.000e+00
     17.929     5.7814   3.220088    32.7649        594     2.4708  0.000e+00
     17.935     5.7822   3.220136    32.7647        595     2.4750  0.000e+00
     17.935     5.7829   3.219991    32.7624        596     2.4792  0.000e+00
     17.926     5.7830   3.220112    32.7637        597     2.4833  0.000e+00
     17.920     5.7831   3.219967    32.7619        598     2.4875  0.000e+00
     17.898     5.7827   3.220088    32.7636        599     2.4917  0.000e+00
     17.886     5.7829   3.220299    32.7659        600     2.4958  0.000e+00
     17.868     5.7842   3.220317    32.7648        601     2.5000  0.000e+00
     17.852     5.7853   3.220136    32.7617        602     2.5042  0.000e+00
     17.840     5.7848   3.219991    32.7605        603     2.5083  0.000e+00
     17.825     5.7836   3.219901    32.7607        604     2.5125  0.000e+00
     17.816     5.7824   3.219901    32.7619        605     2.5167  0.000e+00
     17.813     5.7817   3.219925    32.7628        606     2.5208  0.000e+00
     17.807     5.7816   3.220040    32.7642        607     2.5250  0.000e+00
     17.807     5.7820   3.220136    32.7649        608     2.5292  0.000e+00
     17.791     5.7832   3.220015    32.7624        609     2.5333  0.000e+00
     17.776     5.7835   3.220154    32.7636        610     2.5375  0.000e+00
     17.749     5.7838   3.220064    32.7624        611     2.5417  0.000e+00
     17.718     5.7838   3.220299    32.7650        612     2.5458  0.000e+00
     17.670     5.7846   3.220275    32.7641        613     2.5500  0.000e+00
     17.618     5.7852   3.220299    32.7637        614     2.5542  0.000e+00
     17.569     5.7857   3.220365    32.7641        615     2.5583  0.000e+00
     17.514     5.7863   3.220552    32.7656        616     2.5625  0.000e+00
     17.456     5.7873   3.220577    32.7649        617     2.5667  0.000e+00
     17.398     5.7883   3.220576    32.7640        618     2.5708  0.000e+00
     17.359     5.7887   3.220552    32.7633        619     2.5750  0.000e+00
     17.319     5.7888   3.220480    32.7624        620     2.5792  0.000e+00
     17.282     5.7888   3.220438    32.7620        621     2.5833  0.000e+00
     17.264     5.7881   3.220414    32.7624        622     2.5875  0.000e+00
     17.240     5.7876   3.220438    32.7632        623     2.5917  0.000e+00
     17.234     5.7876   3.220389    32.7626        624     2.5958  0.000e+00
     17.224     5.7875   3.220480    32.7637        625     2.6000  0.000e+00
