PC2501/sbe054.cnv
* Sea-Bird SBE 19plus Data File:
* FileName = C:\cruise\data\sbe054.hex
* Software Version Seasave V 7.26.7.121
* Temperature SN = 4684
* Conductivity SN = 4684
* System UpLoad Time = Jan 25 2025 01:19:17
* NMEA Latitude = 38 13.46 N
* NMEA Longitude = 071 52.31 W
* NMEA UTC (Time) = Jan 25 2025  01:18:46
** Ship: Pisces
** Cruise:  PC2501
** Program:  AMAPPS
# nquan = 7
# nvalues = 4928                                  
# units = specified
# name 0 = depSM: Depth [salt water, m]
# name 1 = tv290C: Temperature [ITS-90, deg C]
# name 2 = c0S/m: Conductivity [S/m]
# name 3 = sal00: Salinity, Practical [PSU]
# name 4 = scan: Scan Count
# name 5 = timeM: Time, Elapsed [minutes]
# name 6 = flag:  0.000e+00
# span 0 =      0.037,    201.415                 
# span 1 =     2.4802,    14.4093                 
# span 2 =   0.000004,   4.305693                 
# span 3 =     0.0001,    35.7409                 
# span 4 =         11,       4938                 
# span 5 =     0.0417,    20.5708                 
# span 6 = 0.0000e+00, 0.0000e+00                 
# interval = seconds: 0.25
# start_time = Jan 25 2025 01:18:46 [NMEA time, header]
# bad_flag = -9.990e-29
*END*
[from data line 3693]
     56.172    10.7435   3.779848    33.9733       3704    15.4292  0.000e+00
     56.114    10.7433   3.779154    33.9665       3705    15.4333  0.000e+00
     56.056    10.7444   3.778055    33.9545       3706    15.4375  0.000e+00
     56.016    10.7399   3.778055    33.9587       3707    15.4417  0.000e+00
     55.986    10.7368   3.778056    33.9616       3708    15.4458  0.000e+00
     55.949    10.7355   3.779366    33.9760       3709    15.4500  0.000e+00
     55.922    10.7381   3.780549    33.9854       3710    15.4542  0.000e+00
     55.901    10.7442   3.780304    33.9773       3711    15.4583  0.000e+00
     55.885    10.7477   3.782104    33.9921       3712    15.4625  0.000e+00
     55.867    10.7547   3.783280    33.9974       3713    15.4667  0.000e+00
     55.846    10.7650   3.780895    33.9639       3714    15.4708  0.000e+00
     55.827    10.7627   3.778460    33.9417       3715    15.4750  0.000e+00
     55.797    10.7512   3.778942    33.9572       3716    15.4792  0.000e+00
     55.769    10.7442   3.780227    33.9766       3717    15.4833  0.000e+00
     55.727    10.7449   3.779797    33.9716       3718    15.4875  0.000e+00
     55.684    10.7453   3.778486    33.9581       3719    15.4917  0.000e+00
     55.635    10.7422   3.778139    33.9576       3720    15.4958  0.000e+00
     55.590    10.7385   3.777895    33.9586       3721    15.5000  0.000e+00
     55.526    10.7363   3.777786    33.9596       3722    15.5042  0.000e+00
     55.474    10.7348   3.778190    33.9651       3723    15.5083  0.000e+00
     55.404    10.7352   3.778460    33.9674       3724    15.5125  0.000e+00
     55.340    10.7379   3.778833    33.9687       3725    15.5167  0.000e+00
     55.279    10.7411   3.779559    33.9730       3726    15.5208  0.000e+00
     55.205    10.7458   3.780066    33.9738       3727    15.5250  0.000e+00
     55.126    10.7510   3.782020    33.9885       3728    15.5292  0.000e+00
     55.044    10.7608   3.782502    33.9843       3729    15.5333  0.000e+00
     54.961    10.7700   3.783312    33.9838       3730    15.5375  0.000e+00
     54.897    10.7780   3.783440    33.9777       3731    15.5417  0.000e+00
     54.833    10.7833   3.783363    33.9721       3732    15.5458  0.000e+00
     54.779    10.7859   3.782559    33.9617       3733    15.5500  0.000e+00
     54.733    10.7847   3.782315    33.9604       3734    15.5542  0.000e+00
     54.705    10.7825   3.782424    33.9635       3735    15.5583  0.000e+00
     54.672    10.7812   3.782534    33.9658       3736    15.5625  0.000e+00
     54.644    10.7814   3.782611    33.9664       3737    15.5667  0.000e+00
     54.617    10.7818   3.782662    33.9665       3738    15.5708  0.000e+00
     54.586    10.7825   3.782694    33.9663       3739    15.5750  0.000e+00
     54.568    10.7828   3.782611    33.9651       3740    15.5792  0.000e+00
     54.538    10.7827   3.782424    33.9634       3741    15.5833  0.000e+00
     54.510    10.7822   3.782373    33.9634       3742    15.5875  0.000e+00
     54.480    10.7815   3.782373    33.9640       3743    15.5917  0.000e+00
     54.437    10.7814   3.782855    33.9689       3744    15.5958  0.000e+00
     54.385    10.7831   3.784436    33.9832       3745    15.6000  0.000e+00
     54.324    10.7902   3.785484    33.9871       3746    15.6042  0.000e+00
     54.257    10.7994   3.786313    33.9869       3747    15.6083  0.000e+00
     54.187    10.8081   3.787979    33.9955       3748    15.6125  0.000e+00
     54.092    10.8191   3.789670    34.0022       3749    15.6167  0.000e+00
     53.998    10.8328   3.790506    33.9979       3750    15.6208  0.000e+00
     53.906    10.8448   3.791175    33.9934       3751    15.6250  0.000e+00
     53.806    10.8539   3.793627    34.0095       3752    15.6292  0.000e+00
     53.717    10.8675   3.797314    34.0338       3753    15.6333  0.000e+00
     53.629    10.8900   3.799523    34.0350       3754    15.6375  0.000e+00
     53.550    10.9136   3.800437    34.0222       3755    15.6417  0.000e+00
     53.470    10.9314   3.800172    34.0031       3756    15.6458  0.000e+00
     53.413    10.9406   3.800790    34.0007       3757    15.6500  0.000e+00
     53.367    10.9459   3.801061    33.9985       3758    15.6542  0.000e+00
     53.333    10.9505   3.801466    33.9984       3759    15.6583  0.000e+00
     53.312    10.9538   3.801569    33.9963       3760    15.6625  0.000e+00
     53.303    10.9564   3.801634    33.9945       3761    15.6667  0.000e+00
     53.291    10.9578   3.801814    33.9950       3762    15.6708  0.000e+00
     53.287    10.9593   3.802168    33.9972       3763    15.6750  0.000e+00
     53.288    10.9613   3.802059    33.9942       3764    15.6792  0.000e+00
     53.291    10.9626   3.801898    33.9915       3765    15.6833  0.000e+00
     53.294    10.9619   3.801627    33.9894       3766    15.6875  0.000e+00
     53.266    10.9608   3.801653    33.9907       3767    15.6917  0.000e+00
     53.245    10.9600   3.801872    33.9936       3768    15.6958  0.000e+00
     53.217    10.9603   3.801924    33.9938       3769    15.7000  0.000e+00
     53.172    10.9609   3.801840    33.9925       3770    15.7042  0.000e+00
     53.129    10.9608   3.801975    33.9940       3771    15.7083  0.000e+00
     53.083    10.9613   3.802703    34.0007       3772    15.7125  0.000e+00
     53.041    10.9638   3.804732    34.0187       3773    15.7167  0.000e+00
     52.995    10.9741   3.809565    34.0573       3774    15.7208  0.000e+00
     52.943    10.9983   3.811815    34.0573       3775    15.7250  0.000e+00
     52.906    11.0260   3.816039    34.0736       3776    15.7292  0.000e+00
     52.864    11.0566   3.816799    34.0528       3777    15.7333  0.000e+00
     52.830    11.0804   3.817476    34.0375       3778    15.7375  0.000e+00
     52.775    11.0956   3.822710    34.0754       3779    15.7417  0.000e+00
     52.733    11.1201   3.824504    34.0706       3780    15.7458  0.000e+00
     52.681    11.1478   3.824613    34.0460       3781    15.7500  0.000e+00
     52.620    11.1638   3.823174    34.0170       3782    15.7542  0.000e+00
     52.553    11.1691   3.822709    34.0075       3783    15.7583  0.000e+00
     52.498    11.1687   3.822141    34.0022       3784    15.7625  0.000e+00
     52.415    11.1667   3.822928    34.0120       3785    15.7667  0.000e+00
     52.342    11.1664   3.821515    33.9983       3786    15.7708  0.000e+00
     52.272    11.1635   3.820701    33.9929       3787    15.7750  0.000e+00
     52.205    11.1580   3.820075    33.9918       3788    15.7792  0.000e+00
     52.147    11.1529   3.820430    34.0000       3789    15.7833  0.000e+00
     52.089    11.1507   3.819830    33.9961       3790    15.7875  0.000e+00
     52.053    11.1486   3.820050    34.0003       3791    15.7917  0.000e+00
     52.022    11.1470   3.820405    34.0053       3792    15.7958  0.000e+00
     52.010    11.1478   3.820050    34.0010       3793    15.8000  0.000e+00
     51.988    11.1474   3.820076    34.0017       3794    15.8042  0.000e+00
     51.985    11.1472   3.821921    34.0202       3795    15.8083  0.000e+00
     51.982    11.1516   3.821327    34.0102       3796    15.8125  0.000e+00
     51.973    11.1548   3.820295    33.9970       3797    15.8167  0.000e+00
     51.961    11.1523   3.819966    33.9961       3798    15.8208  0.000e+00
     51.940    11.1494   3.819914    33.9983       3799    15.8250  0.000e+00
     51.915    11.1465   3.818940    33.9913       3800    15.8292  0.000e+00
     51.879    11.1436   3.820940    34.0138       3801    15.8333  0.000e+00
     51.836    11.1457   3.820592    34.0084       3802    15.8375  0.000e+00
     51.793    11.1485   3.818856    33.9887       3803    15.8417  0.000e+00
     51.735    11.1446   3.817959    33.9834       3804    15.8458  0.000e+00
     51.665    11.1383   3.818095    33.9905       3805    15.8500  0.000e+00
     51.595    11.1342   3.817662    33.9902       3806    15.8542  0.000e+00
     51.525    11.1312   3.816088    33.9773       3807    15.8583  0.000e+00
     51.446    11.1252   3.814463    33.9668       3808    15.8625  0.000e+00
     51.363    11.1159   3.813057    33.9615       3809    15.8667  0.000e+00
     51.290    11.1053   3.812787    33.9686       3810    15.8708  0.000e+00
     51.205    11.0976   3.812052    33.9684       3811    15.8750  0.000e+00
     51.120    11.0915   3.810027    33.9540       3812    15.8792  0.000e+00
     51.046    11.0826   3.809215    33.9542       3813    15.8833  0.000e+00
     50.979    11.0732   3.808216    33.9529       3814    15.8875  0.000e+00
     50.903    11.0653   3.806702    33.9453       3815    15.8917  0.000e+00
     50.848    11.0557   3.804324    33.9305       3816    15.8958  0.000e+00
     50.793    11.0429   3.804112    33.9403       3817    15.9000  0.000e+00
     50.741    11.0331   3.804350    33.9517       3818    15.9042  0.000e+00
     50.708    11.0292   3.804054    33.9524       3819    15.9083  0.000e+00
     50.674    11.0268   3.804131    33.9554       3820    15.9125  0.000e+00
     50.650    11.0255   3.804241    33.9577       3821    15.9167  0.000e+00
     50.641    11.0256   3.803970    33.9550       3822    15.9208  0.000e+00
     50.641    11.0250   3.804241    33.9582       3823    15.9250  0.000e+00
     50.635    11.0251   3.804376    33.9595       3824    15.9292  0.000e+00
     50.632    11.0260   3.804028    33.9551       3825    15.9333  0.000e+00
     50.638    11.0256   3.804395    33.9591       3826    15.9375  0.000e+00
     50.638    11.0260   3.803783    33.9527       3827    15.9417  0.000e+00
     50.632    11.0251   3.804080    33.9565       3828    15.9458  0.000e+00
     50.616    11.0242   3.803674    33.9533       3829    15.9500  0.000e+00
     50.586    11.0236   3.803436    33.9514       3830    15.9542  0.000e+00
     50.555    11.0217   3.803378    33.9526       3831    15.9583  0.000e+00
     50.510    11.0198   3.801948    33.9402       3832    15.9625  0.000e+00
     50.458    11.0151   3.801439    33.9396       3833    15.9667  0.000e+00
     50.403    11.0092   3.799926    33.9299       3834    15.9708  0.000e+00
     50.351    11.0016   3.799546    33.9332       3835    15.9750  0.000e+00
     50.287    10.9947   3.795535    33.8997       3836    15.9792  0.000e+00
     50.238    10.9807   3.795104    33.9084       3837    15.9833  0.000e+00
     50.180    10.9671   3.794808    33.9180       3838    15.9875  0.000e+00
     50.125    10.9588   3.793675    33.9145       3839    15.9917  0.000e+00
     50.067    10.9515   3.792871    33.9133       3840    15.9958  0.000e+00
     50.037    10.9436   3.792305    33.9149       3841    16.0000  0.000e+00
     49.991    10.9375   3.791790    33.9154       3842    16.0042  0.000e+00
     49.973    10.9325   3.792788    33.9300       3843    16.0083  0.000e+00
     49.949    10.9322   3.793032    33.9327       3844    16.0125  0.000e+00
     49.918    10.9349   3.793431    33.9342       3845    16.0167  0.000e+00
     49.894    10.9372   3.792492    33.9228       3846    16.0208  0.000e+00
     49.866    10.9366   3.792086    33.9193       3847    16.0250  0.000e+00
     49.836    10.9333   3.792762    33.9290       3848    16.0292  0.000e+00
     49.796    10.9330   3.791874    33.9205       3849    16.0333  0.000e+00
     49.747    10.9311   3.786419    33.8679       3850    16.0375  0.000e+00
     49.705    10.9137   3.781264    33.8326       3851    16.0417  0.000e+00
     49.637    10.8812   3.776420    33.8144       3852    16.0458  0.000e+00
     49.564    10.8442   3.774410    33.8285       3853    16.0500  0.000e+00
     49.497    10.8137   3.770988    33.8226       3854    16.0542  0.000e+00
     49.412    10.7852   3.759549    33.7346       3855    16.0583  0.000e+00
     49.320    10.7369   3.747003    33.6537       3856    16.0625  0.000e+00
     49.226    10.6529   3.741735    33.6784       3857    16.0667  0.000e+00
     49.119    10.5827   3.739643    33.7223       3858    16.0708  0.000e+00
     49.037    10.5349   3.739906    33.7693       3859    16.0750  0.000e+00
     48.951    10.5098   3.741602    33.8097       3860    16.0792  0.000e+00
     48.863    10.5054   3.743670    33.8346       3861    16.0833  0.000e+00
     48.790    10.5127   3.733830    33.7288       3862    16.0875  0.000e+00
     48.732    10.4916   3.723176    33.6412       3863    16.0917  0.000e+00
     48.674    10.4287   3.720335    33.6708       3864    16.0958  0.000e+00
     48.637    10.3743   3.717655    33.6942       3865    16.1000  0.000e+00
     48.616    10.3399   3.718574    33.7354       3866    16.1042  0.000e+00
     48.598    10.3252   3.719966    33.7632       3867    16.1083  0.000e+00
     48.598    10.3237   3.720100    33.7659       3868    16.1125  0.000e+00
     48.604    10.3261   3.716366    33.7259       3869    16.1167  0.000e+00
     48.625    10.3174   3.711459    33.6844       3870    16.1208  0.000e+00
     48.646    10.2888   3.713954    33.7362       3871    16.1250  0.000e+00
     48.662    10.2831   3.725549    33.8588       3872    16.1292  0.000e+00
     48.671    10.3126   3.723785    33.8134       3873    16.1333  0.000e+00
     48.677    10.3437   3.718498    33.7311       3874    16.1375  0.000e+00
     48.671    10.3364   3.728449    33.8384       3875    16.1417  0.000e+00
     48.662    10.3563   3.729158    33.8271       3876    16.1458  0.000e+00
     48.646    10.3824   3.726391    33.7749       3877    16.1500  0.000e+00
     48.622    10.3836   3.727995    33.7900       3878    16.1542  0.000e+00
     48.588    10.3883   3.730002    33.8059       3879    16.1583  0.000e+00
     48.543    10.3978   3.732162    33.8188       3880    16.1625  0.000e+00
     48.500    10.4123   3.728998    33.7735       3881    16.1667  0.000e+00
     48.439    10.4132   3.726154    33.7439       3882    16.1708  0.000e+00
     48.375    10.4000   3.718944    33.6835       3883    16.1750  0.000e+00
     48.326    10.3690   3.716786    33.6905       3884    16.1792  0.000e+00
     48.265    10.3346   3.723549    33.7908       3885    16.1833  0.000e+00
     48.189    10.3363   3.728813    33.8424       3886    16.1875  0.000e+00
     48.131    10.3649   3.725043    33.7777       3887    16.1917  0.000e+00
     48.067    10.3713   3.703054    33.5500       3888    16.1958  0.000e+00
     48.006    10.3042   3.698168    33.5626       3889    16.2000  0.000e+00
     47.954    10.2214   3.685813    33.5143       3890    16.2042  0.000e+00
     47.887    10.1392   3.676956    33.5006       3891    16.2083  0.000e+00
     47.832    10.0531   3.667372    33.4831       3892    16.2125  0.000e+00
     47.783     9.9653   3.668071    33.5716       3893    16.2167  0.000e+00
     47.732     9.9176   3.669500    33.6307       3894    16.2208  0.000e+00
     47.671     9.9023   3.668827    33.6381       3895    16.2250  0.000e+00
     47.619     9.8948   3.669393    33.6509       3896    16.2292  0.000e+00
     47.564     9.8926   3.668878    33.6477       3897    16.2333  0.000e+00
     47.518     9.8916   3.667843    33.6381       3898    16.2375  0.000e+00
     47.469     9.8865   3.662594    33.5893       3899    16.2417  0.000e+00
     47.418     9.8642   3.656225    33.5451       3900    16.2458  0.000e+00
     47.375     9.8268   3.654679    33.5641       3901    16.2500  0.000e+00
     47.326     9.7910   3.640089    33.4483       3902    16.2542  0.000e+00
     47.293     9.7244   3.633635    33.4441       3903    16.2583  0.000e+00
     47.262     9.6642   3.630543    33.4685       3904    16.2625  0.000e+00
     47.225     9.6101   3.635838    33.5734       3905    16.2667  0.000e+00
     47.192     9.5936   3.619295    33.4189       3906    16.2708  0.000e+00
     47.171     9.5396   3.618481    33.4608       3907    16.2750  0.000e+00
