PC2501/sbe064.cnv
* Sea-Bird SBE 19plus Data File:
* FileName = C:\cruise\data\sbe064.hex
* Software Version Seasave V 7.26.7.121
* Temperature SN = 4684
* Conductivity SN = 4684
* System UpLoad Time = Feb 05 2025 09:04:14
* NMEA Latitude = 38 25.52 N
* NMEA Longitude = 072 57.24 W
* NMEA UTC (Time) = Feb 05 2025  09:03:49
** Ship: Pisces
** Cruise:  PC2501
** Program:  AMAPPS
# nquan = 7
# nvalues = 5202                                  
# units = specified
# name 0 = depSM: Depth [salt water, m]
# name 1 = tv290C: Temperature [ITS-90, deg C]
# name 2 = c0S/m: Conductivity [S/m]
# name 3 = sal00: Salinity, Practical [PSU]
# name 4 = scan: Scan Count
# name 5 = timeM: Time, Elapsed [minutes]
# name 6 = flag:  0.000e+00
# span 0 =      0.083,    202.282                 
# span 1 =     4.2086,    10.8973                 
# span 2 =   0.000024,   3.892269                 
# span 3 =     0.0014,    35.1963                 
# span 4 =         11,       5212                 
# span 5 =     0.0417,    21.7125                 
# span 6 = 0.0000e+00, 0.0000e+00                 
# interval = seconds: 0.25
# start_time = Feb 05 2025 09:03:49 [NMEA time, header]
# bad_flag = -9.990e-29
*END*
[from data line 2667]
    127.330    10.4805   3.849253    34.8877       2678    11.1542  0.000e+00
    127.333    10.4836   3.849305    34.8852       2679    11.1583  0.000e+00
    127.333    10.4843   3.849137    34.8828       2680    11.1625  0.000e+00
    127.336    10.4841   3.849551    34.8873       2681    11.1667  0.000e+00
    127.339    10.4848   3.849823    34.8894       2682    11.1708  0.000e+00
    127.321    10.4867   3.850483    34.8941       2683    11.1750  0.000e+00
    127.291    10.4895   3.849577    34.8823       2684    11.1792  0.000e+00
    127.263    10.4895   3.850470    34.8914       2685    11.1833  0.000e+00
    127.202    10.4907   3.851195    34.8976       2686    11.1875  0.000e+00
    127.135    10.4948   3.851687    34.8986       2687    11.1917  0.000e+00
    127.065    10.4994   3.851357    34.8909       2688    11.1958  0.000e+00
    126.983    10.5011   3.851823    34.8940       2689    11.2000  0.000e+00
    126.898    10.5031   3.852594    34.9000       2690    11.2042  0.000e+00
    126.812    10.5069   3.850483    34.8751       2691    11.2083  0.000e+00
    126.730    10.5040   3.849143    34.8643       2692    11.2125  0.000e+00
    126.654    10.4945   3.849195    34.8739       2693    11.2167  0.000e+00
    126.596    10.4887   3.850865    34.8964       2694    11.2208  0.000e+00
    126.541    10.4909   3.852723    34.9131       2695    11.2250  0.000e+00
    126.495    10.5013   3.853358    34.9097       2696    11.2292  0.000e+00
    126.474    10.5108   3.853086    34.8978       2697    11.2333  0.000e+00
    126.459    10.5154   3.852839    34.8909       2698    11.2375  0.000e+00
    126.459    10.5168   3.853034    34.8916       2699    11.2417  0.000e+00
    126.456    10.5171   3.852697    34.8878       2700    11.2458  0.000e+00
    126.459    10.5166   3.852813    34.8895       2701    11.2500  0.000e+00
    126.459    10.5161   3.852813    34.8899       2702    11.2542  0.000e+00
    126.462    10.5160   3.852645    34.8883       2703    11.2583  0.000e+00
    126.444    10.5154   3.852211    34.8846       2704    11.2625  0.000e+00
    126.419    10.5135   3.851991    34.8842       2705    11.2667  0.000e+00
    126.377    10.5112   3.852865    34.8952       2706    11.2708  0.000e+00
    126.331    10.5131   3.855689    34.9220       2707    11.2750  0.000e+00
    126.270    10.5241   3.856622    34.9209       2708    11.2792  0.000e+00
    126.203    10.5360   3.858273    34.9261       2709    11.2833  0.000e+00
    126.109    10.5498   3.860366    34.9341       2710    11.2875  0.000e+00
    126.029    10.5651   3.863107    34.9471       2711    11.2917  0.000e+00
    125.950    10.5830   3.864177    34.9408       2712    11.2958  0.000e+00
    125.871    10.6001   3.865473    34.9375       2713    11.3000  0.000e+00
    125.804    10.6133   3.866147    34.9317       2714    11.3042  0.000e+00
    125.740    10.6238   3.866627    34.9265       2715    11.3083  0.000e+00
    125.697    10.6311   3.866711    34.9204       2716    11.3125  0.000e+00
    125.673    10.6352   3.866705    34.9164       2717    11.3167  0.000e+00
    125.658    10.6370   3.867262    34.9203       2718    11.3208  0.000e+00
    125.636    10.6399   3.868196    34.9270       2719    11.3250  0.000e+00
    125.627    10.6449   3.868748    34.9277       2720    11.3292  0.000e+00
    125.612    10.6504   3.869098    34.9260       2721    11.3333  0.000e+00
    125.603    10.6549   3.868138    34.9120       2722    11.3375  0.000e+00
    125.579    10.6551   3.868170    34.9122       2723    11.3417  0.000e+00
    125.560    10.6535   3.869811    34.9303       2724    11.3458  0.000e+00
    125.524    10.6577   3.870155    34.9298       2725    11.3500  0.000e+00
    125.481    10.6639   3.870181    34.9241       2726    11.3542  0.000e+00
    125.442    10.6673   3.870486    34.9239       2727    11.3583  0.000e+00
    125.393    10.6698   3.870810    34.9248       2728    11.3625  0.000e+00
    125.350    10.6723   3.870563    34.9200       2729    11.3667  0.000e+00
    125.301    10.6730   3.870511    34.9188       2730    11.3708  0.000e+00
    125.259    10.6726   3.870070    34.9147       2731    11.3750  0.000e+00
    125.219    10.6710   3.870044    34.9161       2732    11.3792  0.000e+00
    125.161    10.6693   3.869765    34.9149       2733    11.3833  0.000e+00
    125.122    10.6676   3.869493    34.9137       2734    11.3875  0.000e+00
    125.073    10.6648   3.868857    34.9100       2735    11.3917  0.000e+00
    125.024    10.6618   3.867755    34.9019       2736    11.3958  0.000e+00
    124.975    10.6557   3.867450    34.9047       2737    11.4000  0.000e+00
    124.933    10.6499   3.867385    34.9096       2738    11.4042  0.000e+00
    124.887    10.6467   3.867450    34.9133       2739    11.4083  0.000e+00
    124.851    10.6455   3.867593    34.9159       2740    11.4125  0.000e+00
    124.832    10.6453   3.868047    34.9206       2741    11.4167  0.000e+00
    124.799    10.6470   3.868663    34.9252       2742    11.4208  0.000e+00
    124.774    10.6504   3.869078    34.9262       2743    11.4250  0.000e+00
    124.750    10.6546   3.869791    34.9294       2744    11.4292  0.000e+00
    124.741    10.6594   3.870498    34.9319       2745    11.4333  0.000e+00
    124.717    10.6652   3.871063    34.9321       2746    11.4375  0.000e+00
    124.701    10.6706   3.871666    34.9330       2747    11.4417  0.000e+00
    124.668    10.6758   3.872237    34.9337       2748    11.4458  0.000e+00
    124.640    10.6813   3.873126    34.9375       2749    11.4500  0.000e+00
    124.601    10.6871   3.873294    34.9336       2750    11.4542  0.000e+00
    124.561    10.6922   3.871945    34.9152       2751    11.4583  0.000e+00
    124.500    10.6917   3.867975    34.8757       2752    11.4625  0.000e+00
    124.448    10.6797   3.863021    34.8374       2753    11.4667  0.000e+00
    124.381    10.6580   3.862004    34.8479       2754    11.4708  0.000e+00
    124.317    10.6381   3.861414    34.8610       2755    11.4750  0.000e+00
    124.250    10.6255   3.860520    34.8641       2756    11.4792  0.000e+00
    124.180    10.6163   3.859969    34.8673       2757    11.4833  0.000e+00
    124.110    10.6095   3.859723    34.8714       2758    11.4875  0.000e+00
    124.049    10.6042   3.857131    34.8503       2759    11.4917  0.000e+00
    123.967    10.5931   3.856704    34.8566       2760    11.4958  0.000e+00
    123.894    10.5827   3.857857    34.8783       2761    11.5000  0.000e+00
    123.824    10.5803   3.863683    34.9394       2762    11.5042  0.000e+00
    123.757    10.5975   3.864908    34.9353       2763    11.5083  0.000e+00
    123.687    10.6138   3.866821    34.9390       2764    11.5125  0.000e+00
    123.629    10.6327   3.870375    34.9568       2765    11.5167  0.000e+00
    123.568    10.6508   3.869570    34.9313       2766    11.5208  0.000e+00
    123.525    10.6622   3.865251    34.8769       2767    11.5250  0.000e+00
    123.480    10.6556   3.861647    34.8471       2768    11.5292  0.000e+00
    123.455    10.6359   3.859612    34.8454       2769    11.5333  0.000e+00
    123.428    10.6161   3.861155    34.8798       2770    11.5375  0.000e+00
    123.404    10.6087   3.864279    34.9184       2771    11.5417  0.000e+00
    123.376    10.6167   3.861842    34.8862       2772    11.5458  0.000e+00
    123.370    10.6171   3.857662    34.8437       2773    11.5500  0.000e+00
    123.343    10.6022   3.856762    34.8488       2774    11.5542  0.000e+00
    123.327    10.5869   3.856814    34.8640       2775    11.5583  0.000e+00
    123.324    10.5788   3.856263    34.8662       2776    11.5625  0.000e+00
    123.321    10.5735   3.856153    34.8702       2777    11.5667  0.000e+00
    123.306    10.5699   3.856264    34.8747       2778    11.5708  0.000e+00
    123.294    10.5685   3.856212    34.8755       2779    11.5750  0.000e+00
    123.294    10.5679   3.856179    34.8758       2780    11.5792  0.000e+00
    123.279    10.5679   3.856290    34.8769       2781    11.5833  0.000e+00
    123.267    10.5680   3.856212    34.8761       2782    11.5875  0.000e+00
    123.224    10.5682   3.856264    34.8764       2783    11.5917  0.000e+00
    123.196    10.5683   3.856108    34.8748       2784    11.5958  0.000e+00
    123.145    10.5678   3.856264    34.8768       2785    11.6000  0.000e+00
    123.105    10.5677   3.857145    34.8858       2786    11.6042  0.000e+00
    123.047    10.5710   3.859587    34.9073       2787    11.6083  0.000e+00
    122.986    10.5832   3.861311    34.9131       2788    11.6125  0.000e+00
    122.898    10.5995   3.866931    34.9542       2789    11.6167  0.000e+00
    122.831    10.6271   3.868170    34.9403       2790    11.6208  0.000e+00
    122.758    10.6542   3.865718    34.8897       2791    11.6250  0.000e+00
    122.679    10.6610   3.866146    34.8875       2792    11.6292  0.000e+00
    122.612    10.6619   3.864836    34.8735       2793    11.6333  0.000e+00
    122.551    10.6583   3.863047    34.8589       2794    11.6375  0.000e+00
    122.496    10.6478   3.864642    34.8850       2795    11.6417  0.000e+00
    122.447    10.6453   3.865964    34.9008       2796    11.6458  0.000e+00
    122.404    10.6512   3.865854    34.8940       2797    11.6500  0.000e+00
    122.383    10.6560   3.865439    34.8853       2798    11.6542  0.000e+00
    122.347    10.6560   3.864518    34.8760       2799    11.6583  0.000e+00
    122.322    10.6533   3.864674    34.8802       2800    11.6625  0.000e+00
    122.292    10.6500   3.864862    34.8853       2801    11.6667  0.000e+00
    122.267    10.6494   3.865439    34.8917       2802    11.6708  0.000e+00
    122.237    10.6514   3.865646    34.8919       2803    11.6750  0.000e+00
    122.200    10.6538   3.865030    34.8834       2804    11.6792  0.000e+00
    122.161    10.6535   3.864149    34.8748       2805    11.6833  0.000e+00
    122.118    10.6495   3.863487    34.8720       2806    11.6875  0.000e+00
    122.060    10.6436   3.863176    34.8745       2807    11.6917  0.000e+00
    121.999    10.6388   3.863047    34.8778       2808    11.6958  0.000e+00
    121.941    10.6362   3.862282    34.8727       2809    11.7000  0.000e+00
    121.868    10.6317   3.861893    34.8730       2810    11.7042  0.000e+00
    121.795    10.6271   3.861595    34.8745       2811    11.7083  0.000e+00
    121.713    10.6234   3.861232    34.8744       2812    11.7125  0.000e+00
    121.631    10.6201   3.860739    34.8726       2813    11.7167  0.000e+00
    121.545    10.6160   3.860986    34.8790       2814    11.7208  0.000e+00
    121.457    10.6143   3.862172    34.8927       2815    11.7250  0.000e+00
    121.381    10.6180   3.863987    34.9075       2816    11.7292  0.000e+00
    121.302    10.6278   3.863403    34.8923       2817    11.7333  0.000e+00
    121.216    10.6348   3.871886    34.9710       2818    11.7375  0.000e+00
    121.155    10.6624   3.877856    35.0048       2819    11.7417  0.000e+00
    121.091    10.7119   3.878401    34.9629       2820    11.7458  0.000e+00
    121.024    10.7449   3.878414    34.9315       2821    11.7500  0.000e+00
    120.988    10.7614   3.878206    34.9136       2822    11.7542  0.000e+00
    120.954    10.7670   3.873071    34.8567       2823    11.7583  0.000e+00
    120.936    10.7542   3.874421    34.8825       2824    11.7625  0.000e+00
    120.921    10.7424   3.875116    34.9008       2825    11.7667  0.000e+00
    120.906    10.7411   3.873292    34.8837       2826    11.7708  0.000e+00
    120.900    10.7368   3.871171    34.8665       2827    11.7750  0.000e+00
    120.890    10.7241   3.870808    34.8750       2828    11.7792  0.000e+00
    120.884    10.7135   3.871035    34.8874       2829    11.7833  0.000e+00
    120.863    10.7089   3.871418    34.8956       2830    11.7875  0.000e+00
    120.842    10.7085   3.874240    34.9244       2831    11.7917  0.000e+00
    120.814    10.7190   3.874565    34.9177       2832    11.7958  0.000e+00
    120.781    10.7288   3.874727    34.9099       2833    11.8000  0.000e+00
    120.747    10.7347   3.873974    34.8967       2834    11.8042  0.000e+00
    120.686    10.7354   3.873896    34.8954       2835    11.8083  0.000e+00
    120.631    10.7337   3.874422    34.9022       2836    11.8125  0.000e+00
    120.567    10.7349   3.874344    34.9003       2837    11.8167  0.000e+00
    120.494    10.7354   3.874006    34.8965       2838    11.8208  0.000e+00
    120.424    10.7349   3.874311    34.9001       2839    11.8250  0.000e+00
    120.354    10.7354   3.875479    34.9114       2840    11.8292  0.000e+00
    120.272    10.7400   3.874616    34.8984       2841    11.8333  0.000e+00
    120.196    10.7399   3.874369    34.8960       2842    11.8375  0.000e+00
    120.120    10.7380   3.873344    34.8875       2843    11.8417  0.000e+00
    120.022    10.7337   3.872572    34.8839       2844    11.8458  0.000e+00
    119.955    10.7287   3.876823    34.9315       2845    11.8500  0.000e+00
    119.870    10.7366   3.874953    34.9051       2846    11.8542  0.000e+00
    119.788    10.7424   3.875473    34.9049       2847    11.8583  0.000e+00
    119.702    10.7433   3.874421    34.8935       2848    11.8625  0.000e+00
    119.605    10.7415   3.876985    34.9210       2849    11.8667  0.000e+00
    119.523    10.7472   3.880004    34.9460       2850    11.8708  0.000e+00
    119.425    10.7645   3.882322    34.9527       2851    11.8750  0.000e+00
    119.355    10.7844   3.884362    34.9542       2852    11.8792  0.000e+00
    119.270    10.8054   3.886252    34.9532       2853    11.8833  0.000e+00
    119.200    10.8227   3.889215    34.9665       2854    11.8875  0.000e+00
    119.139    10.8443   3.888994    34.9436       2855    11.8917  0.000e+00
    119.093    10.8585   3.888968    34.9298       2856    11.8958  0.000e+00
    119.063    10.8637   3.888942    34.9246       2857    11.9000  0.000e+00
    119.038    10.8669   3.888942    34.9216       2858    11.9042  0.000e+00
    119.035    10.8678   3.889247    34.9238       2859    11.9083  0.000e+00
    119.023    10.8685   3.888279    34.9134       2860    11.9125  0.000e+00
    119.017    10.8669   3.887414    34.9063       2861    11.9167  0.000e+00
    118.999    10.8611   3.888545    34.9231       2862    11.9208  0.000e+00
    118.986    10.8614   3.890216    34.9396       2863    11.9250  0.000e+00
    118.956    10.8674   3.890495    34.9367       2864    11.9292  0.000e+00
    118.913    10.8747   3.888545    34.9102       2865    11.9333  0.000e+00
    118.868    10.8724   3.889520    34.9222       2866    11.9375  0.000e+00
    118.794    10.8710   3.890827    34.9367       2867    11.9417  0.000e+00
    118.712    10.8763   3.891600    34.9394       2868    11.9458  0.000e+00
    118.630    10.8835   3.891860    34.9352       2869    11.9500  0.000e+00
    118.523    10.8890   3.892126    34.9327       2870    11.9542  0.000e+00
    118.426    10.8927   3.892269    34.9306       2871    11.9583  0.000e+00
    118.325    10.8954   3.892204    34.9274       2872    11.9625  0.000e+00
    118.237    10.8967   3.892269    34.9269       2873    11.9667  0.000e+00
    118.146    10.8973   3.892100    34.9246       2874    11.9708  0.000e+00
    118.082    10.8971   3.889136    34.8952       2875    11.9750  0.000e+00
    118.015    10.8909   3.887303    34.8828       2876    11.9792  0.000e+00
    117.972    10.8798   3.887407    34.8944       2877    11.9833  0.000e+00
    117.938    10.8734   3.887446    34.9009       2878    11.9875  0.000e+00
    117.908    10.8706   3.887615    34.9053       2879    11.9917  0.000e+00
    117.902    10.8699   3.888051    34.9103       2880    11.9958  0.000e+00
    117.893    10.8713   3.888330    34.9117       2881    12.0000  0.000e+00
