PC2501/sbe085.cnv
* Sea-Bird SBE 19plus Data File:
* FileName = C:\cruise\data\sbe085.hex
* Software Version Seasave V 7.26.7.121
* Temperature SN = 4684
* Conductivity SN = 4684
* System UpLoad Time = Feb 15 2025 21:28:37
* NMEA Latitude = 35 54.54 N
* NMEA Longitude = 074 24.03 W
* NMEA UTC (Time) = Feb 15 2025  21:28:19
** Ship: Pisces
** Cruise:  PC2501
** Program:  AMAPPS
# nquan = 7
# nvalues = 5065                                  
# units = specified
# name 0 = depSM: Depth [salt water, m]
# name 1 = tv290C: Temperature [ITS-90, deg C]
# name 2 = c0S/m: Conductivity [S/m]
# name 3 = sal00: Salinity, Practical [PSU]
# name 4 = scan: Scan Count
# name 5 = timeM: Time, Elapsed [minutes]
# name 6 = flag:  0.000e+00
# span 0 =      0.133,    201.160                 
# span 1 =    10.7301,    15.7498                 
# span 2 =   0.000054,   4.294673                 
# span 3 =     0.0081,    35.6659                 
# span 4 =         11,       5075                 
# span 5 =     0.0417,    21.1417                 
# span 6 = 0.0000e+00, 0.0000e+00                 
# interval = seconds: 0.25
# start_time = Feb 15 2025 21:28:19 [NMEA time, header]
# bad_flag = -9.990e-29
*END*
[from data line 616]
     68.705    11.1906   3.848919    34.2404        627     2.6083  0.000e+00
     68.842    11.1927   3.849055    34.2397        628     2.6125  0.000e+00
     68.983    11.1941   3.849003    34.2378        629     2.6167  0.000e+00
     69.117    11.1944   3.848835    34.2358        630     2.6208  0.000e+00
     69.257    11.1940   3.849055    34.2383        631     2.6250  0.000e+00
     69.410    11.1939   3.849631    34.2440        632     2.6292  0.000e+00
     69.556    11.1959   3.850395    34.2497        633     2.6333  0.000e+00
     69.703    11.1998   3.851547    34.2574        634     2.6375  0.000e+00
     69.846    11.2065   3.854396    34.2794        635     2.6417  0.000e+00
     70.005    11.2201   3.855083    34.2735        636     2.6458  0.000e+00
     70.154    11.2321   3.855769    34.2690        637     2.6500  0.000e+00
     70.297    11.2409   3.857116    34.2741        638     2.6542  0.000e+00
     70.447    11.2500   3.858023    34.2746        639     2.6583  0.000e+00
     70.593    11.2588   3.859144    34.2774        640     2.6625  0.000e+00
     70.740    11.2674   3.859468    34.2726        641     2.6667  0.000e+00
     70.883    11.2736   3.859254    34.2646        642     2.6708  0.000e+00
     71.020    11.2764   3.859144    34.2609        643     2.6750  0.000e+00
     71.170    11.2768   3.859915    34.2680        644     2.6792  0.000e+00
     71.301    11.2789   3.860544    34.2722        645     2.6833  0.000e+00
     71.435    11.2828   3.860110    34.2642        646     2.6875  0.000e+00
     71.554    11.2843   3.859365    34.2555        647     2.6917  0.000e+00
     71.679    11.2810   3.855963    34.2248        648     2.6958  0.000e+00
     71.801    11.2678   3.853639    34.2140        649     2.7000  0.000e+00
     71.923    11.2488   3.850757    34.2031        650     2.7042  0.000e+00
     72.049    11.2265   3.848317    34.1996        651     2.7083  0.000e+00
     72.161    11.2031   3.847088    34.2090        652     2.7125  0.000e+00
     72.293    11.1856   3.846267    34.2171        653     2.7167  0.000e+00
     72.418    11.1727   3.845749    34.2239        654     2.7208  0.000e+00
     72.555    11.1637   3.845575    34.2305        655     2.7250  0.000e+00
     72.689    11.1585   3.845691    34.2364        656     2.7292  0.000e+00
     72.826    11.1566   3.845717    34.2384        657     2.7333  0.000e+00
     72.958    11.1558   3.845911    34.2410        658     2.7375  0.000e+00
     73.107    11.1561   3.846403    34.2455        659     2.7417  0.000e+00
     73.260    11.1579   3.846047    34.2403        660     2.7458  0.000e+00
     73.409    11.1584   3.846021    34.2395        661     2.7500  0.000e+00
     73.562    11.1578   3.848513    34.2647        662     2.7542  0.000e+00
     73.726    11.1648   3.852456    34.2972        663     2.7583  0.000e+00
     73.891    11.1842   3.853472    34.2892        664     2.7625  0.000e+00
     74.059    11.2020   3.856484    34.3024        665     2.7667  0.000e+00
     74.211    11.2204   3.858498    34.3052        666     2.7708  0.000e+00
     74.358    11.2388   3.859865    34.3015        667     2.7750  0.000e+00
     74.507    11.2548   3.861427    34.3020        668     2.7792  0.000e+00
     74.651    11.2684   3.865336    34.3280        669     2.7833  0.000e+00
     74.779    11.2891   3.870102    34.3558        670     2.7875  0.000e+00
     74.913    11.3177   3.872548    34.3534        671     2.7917  0.000e+00
     75.041    11.3459   3.873514    34.3366        672     2.7958  0.000e+00
     75.166    11.3656   3.873027    34.3134        673     2.8000  0.000e+00
     75.303    11.3742   3.874617    34.3210        674     2.8042  0.000e+00
     75.444    11.3821   3.880752    34.3742        675     2.8083  0.000e+00
     75.587    11.4086   3.897788    34.5178        676     2.8125  0.000e+00
     75.731    11.4805   3.906118    34.5328        677     2.8167  0.000e+00
     75.883    11.5643   3.910357    34.4963        678     2.8208  0.000e+00
     76.026    11.6268   3.911997    34.4542        679     2.8250  0.000e+00
     76.179    11.6653   3.912890    34.4271        680     2.8292  0.000e+00
     76.331    11.6880   3.914290    34.4197        681     2.8333  0.000e+00
     76.481    11.7024   3.915535    34.4185        682     2.8375  0.000e+00
     76.640    11.7149   3.917673    34.4278        683     2.8417  0.000e+00
     76.795    11.7292   3.918990    34.4274        684     2.8458  0.000e+00
     76.951    11.7431   3.919068    34.4152        685     2.8500  0.000e+00
     77.103    11.7517   3.921057    34.4267        686     2.8542  0.000e+00
     77.259    11.7609   3.926758    34.4739        687     2.8583  0.000e+00
     77.424    11.7892   3.950309    34.6781        688     2.8625  0.000e+00
     77.573    11.8794   3.954756    34.6375        689     2.8667  0.000e+00
     77.726    11.9668   3.956411    34.5724        690     2.8708  0.000e+00
     77.872    12.0180   3.954597    34.5072        691     2.8750  0.000e+00
     78.015    12.0357   3.952085    34.4663        692     2.8792  0.000e+00
     78.162    12.0325   3.949220    34.4414        693     2.8833  0.000e+00
     78.299    12.0161   3.941833    34.3845        694     2.8875  0.000e+00
     78.433    11.9823   3.936528    34.3640        695     2.8917  0.000e+00
     78.574    11.9375   3.928759    34.3295        696     2.8958  0.000e+00
     78.705    11.8828   3.926215    34.3551        697     2.9000  0.000e+00
     78.851    11.8380   3.922308    34.3583        698     2.9042  0.000e+00
     78.979    11.8002   3.919713    34.3678        699     2.9083  0.000e+00
     79.113    11.7688   3.914017    34.3410        700     2.9125  0.000e+00
     79.254    11.7329   3.908903    34.3240        701     2.9167  0.000e+00
     79.388    11.6910   3.907074    34.3448        702     2.9208  0.000e+00
     79.504    11.6577   3.903695    34.3425        703     2.9250  0.000e+00
     79.632    11.6292   3.903670    34.3686        704     2.9292  0.000e+00
     79.751    11.6105   3.904282    34.3918        705     2.9333  0.000e+00
     79.882    11.6025   3.903507    34.3916        706     2.9375  0.000e+00
     80.016    11.5988   3.906704    34.4264        707     2.9417  0.000e+00
     80.145    11.6061   3.906489    34.4175        708     2.9458  0.000e+00
     80.273    11.6151   3.910494    34.4484        709     2.9500  0.000e+00
     80.398    11.6313   3.908677    34.4155        710     2.9542  0.000e+00
     80.535    11.6407   3.907954    34.3996        711     2.9583  0.000e+00
     80.675    11.6375   3.906463    34.3878        712     2.9625  0.000e+00
     80.809    11.6308   3.909713    34.4260        713     2.9667  0.000e+00
     80.953    11.6353   3.911745    34.4416        714     2.9708  0.000e+00
     81.084    11.6487   3.902192    34.3353        715     2.9750  0.000e+00
     81.230    11.6289   3.893748    34.2707        716     2.9792  0.000e+00
     81.365    11.5751   3.890166    34.2853        717     2.9833  0.000e+00
     81.514    11.5277   3.887730    34.3051        718     2.9875  0.000e+00
     81.657    11.4924   3.885372    34.3146        719     2.9917  0.000e+00
     81.819    11.4649   3.883657    34.3231        720     2.9958  0.000e+00
     81.975    11.4423   3.882118    34.3289        721     3.0000  0.000e+00
     82.127    11.4229   3.881196    34.3377        722     3.0042  0.000e+00
     82.286    11.4094   3.881248    34.3507        723     3.0083  0.000e+00
     82.441    11.4021   3.881138    34.3563        724     3.0125  0.000e+00
     82.609    11.3979   3.880865    34.3575        725     3.0167  0.000e+00
     82.771    11.3953   3.880398    34.3552        726     3.0208  0.000e+00
     82.929    11.3922   3.880508    34.3592        727     3.0250  0.000e+00
     83.073    11.3902   3.880670    34.3625        728     3.0292  0.000e+00
     83.225    11.3899   3.880872    34.3647        729     3.0333  0.000e+00
     83.372    11.3910   3.880671    34.3617        730     3.0375  0.000e+00
     83.506    11.3914   3.880508    34.3597        731     3.0417  0.000e+00
     83.637    11.3906   3.880372    34.3590        732     3.0458  0.000e+00
     83.774    11.3892   3.880314    34.3596        733     3.0500  0.000e+00
     83.902    11.3882   3.880314    34.3605        734     3.0542  0.000e+00
     84.028    11.3874   3.880372    34.3618        735     3.0583  0.000e+00
     84.165    11.3874   3.880392    34.3619        736     3.0625  0.000e+00
     84.302    11.3875   3.880476    34.3626        737     3.0667  0.000e+00
     84.445    11.3878   3.880398    34.3615        738     3.0708  0.000e+00
     84.574    11.3879   3.880476    34.3621        739     3.0750  0.000e+00
     84.711    11.3879   3.880450    34.3618        740     3.0792  0.000e+00
     84.848    11.3880   3.880691    34.3640        741     3.0833  0.000e+00
     84.985    11.3887   3.881197    34.3683        742     3.0875  0.000e+00
     85.116    11.3910   3.882171    34.3757        743     3.0917  0.000e+00
     85.254    11.3953   3.883880    34.3885        744     3.0958  0.000e+00
     85.385    11.4030   3.885374    34.3961        745     3.1000  0.000e+00
     85.510    11.4132   3.886193    34.3946        746     3.1042  0.000e+00
     85.635    11.4220   3.886537    34.3898        747     3.1083  0.000e+00
     85.766    11.4281   3.886907    34.3877        748     3.1125  0.000e+00
     85.900    11.4320   3.886979    34.3846        749     3.1167  0.000e+00
     86.028    11.4342   3.887037    34.3831        750     3.1208  0.000e+00
     86.172    11.4348   3.886803    34.3802        751     3.1250  0.000e+00
     86.315    11.4341   3.886485    34.3776        752     3.1292  0.000e+00
     86.455    11.4320   3.886232    34.3770        753     3.1333  0.000e+00
     86.605    11.4291   3.885745    34.3749        754     3.1375  0.000e+00
     86.760    11.4256   3.885348    34.3742        755     3.1417  0.000e+00
     86.916    11.4213   3.886804    34.3924        756     3.1458  0.000e+00
     87.072    11.4205   3.888643    34.4113        757     3.1500  0.000e+00
     87.218    11.4256   3.890918    34.4289        758     3.1542  0.000e+00
     87.377    11.4359   3.892426    34.4341        759     3.1583  0.000e+00
     87.523    11.4486   3.894527    34.4430        760     3.1625  0.000e+00
     87.672    11.4620   3.896354    34.4484        761     3.1667  0.000e+00
     87.816    11.4762   3.896582    34.4374        762     3.1708  0.000e+00
     87.941    11.4855   3.898032    34.4430        763     3.1750  0.000e+00
     88.072    11.4939   3.899223    34.4468        764     3.1792  0.000e+00
     88.188    11.5029   3.899997    34.4461        765     3.1833  0.000e+00
     88.301    11.5102   3.900999    34.4490        766     3.1875  0.000e+00
     88.420    11.5176   3.902763    34.4595        767     3.1917  0.000e+00
     88.548    11.5270   3.902919    34.4522        768     3.1958  0.000e+00
     88.682    11.5339   3.902698    34.4435        769     3.2000  0.000e+00
     88.807    11.5368   3.902418    34.4380        770     3.2042  0.000e+00
     88.944    11.5371   3.902561    34.4391        771     3.2083  0.000e+00
     89.097    11.5374   3.902848    34.4416        772     3.2125  0.000e+00
     89.255    11.5384   3.904898    34.4607        773     3.2167  0.000e+00
     89.423    11.5448   3.906389    34.4694        774     3.2208  0.000e+00
     89.594    11.5553   3.907431    34.4698        775     3.2250  0.000e+00
     89.756    11.5647   3.907268    34.4594        776     3.2292  0.000e+00
     89.920    11.5701   3.907236    34.4540        777     3.2333  0.000e+00
     90.070    11.5721   3.907027    34.4500        778     3.2375  0.000e+00
     90.219    11.5720   3.907600    34.4556        779     3.2417  0.000e+00
     90.357    11.5732   3.908017    34.4586        780     3.2458  0.000e+00
     90.475    11.5758   3.908284    34.4588        781     3.2500  0.000e+00
     90.585    11.5783   3.908629    34.4598        782     3.2542  0.000e+00
     90.692    11.5807   3.909457    34.4656        783     3.2583  0.000e+00
     90.808    11.5849   3.909860    34.4657        784     3.2625  0.000e+00
     90.924    11.5887   3.910232    34.4657        785     3.2667  0.000e+00
     91.055    11.5924   3.910329    34.4632        786     3.2708  0.000e+00
     91.183    11.5946   3.910499    34.4627        787     3.2750  0.000e+00
     91.311    11.5963   3.910864    34.4646        788     3.2792  0.000e+00
     91.448    11.5982   3.911137    34.4655        789     3.2833  0.000e+00
     91.589    11.6003   3.911502    34.4671        790     3.2875  0.000e+00
     91.747    11.6026   3.912603    34.4757        791     3.2917  0.000e+00
     91.900    11.6073   3.913014    34.4753        792     3.2958  0.000e+00
     92.058    11.6120   3.913756    34.4782        793     3.3000  0.000e+00
     92.214    11.6169   3.914271    34.4786        794     3.3042  0.000e+00
     92.376    11.6216   3.914929    34.4806        795     3.3083  0.000e+00
     92.531    11.6263   3.915555    34.4823        796     3.3125  0.000e+00
     92.696    11.6312   3.915861    34.4807        797     3.3167  0.000e+00
     92.845    11.6351   3.916344    34.4818        798     3.3208  0.000e+00
     92.986    11.6386   3.916422    34.4792        799     3.3250  0.000e+00
     93.114    11.6410   3.916637    34.4790        800     3.3292  0.000e+00
     93.251    11.6427   3.917009    34.4810        801     3.3333  0.000e+00
     93.385    11.6449   3.917361    34.4824        802     3.3375  0.000e+00
     93.522    11.6473   3.918599    34.4923        803     3.3417  0.000e+00
     93.654    11.6521   3.919264    34.4943        804     3.3458  0.000e+00
     93.788    11.6579   3.919584    34.4919        805     3.3500  0.000e+00
     93.910    11.6623   3.919297    34.4850        806     3.3542  0.000e+00
     94.044    11.6641   3.919101    34.4814        807     3.3583  0.000e+00
     94.178    11.6639   3.919610    34.4865        808     3.3625  0.000e+00
     94.312    11.6648   3.920008    34.4895        809     3.3667  0.000e+00
     94.437    11.6671   3.920249    34.4896        810     3.3708  0.000e+00
     94.569    11.6693   3.920386    34.4889        811     3.3750  0.000e+00
     94.697    11.6710   3.920601    34.4894        812     3.3792  0.000e+00
     94.825    11.6725   3.920614    34.4880        813     3.3833  0.000e+00
     94.962    11.6733   3.920653    34.4876        814     3.3875  0.000e+00
     95.096    11.6739   3.920810    34.4885        815     3.3917  0.000e+00
     95.233    11.6747   3.921058    34.4902        816     3.3958  0.000e+00
     95.377    11.6758   3.921188    34.4903        817     3.4000  0.000e+00
     95.520    11.6772   3.921821    34.4952        818     3.4042  0.000e+00
     95.663    11.6797   3.922017    34.4947        819     3.4083  0.000e+00
     95.816    11.6823   3.922297    34.4950        820     3.4125  0.000e+00
     95.968    11.6845   3.923034    34.5001        821     3.4167  0.000e+00
     96.130    11.6879   3.923439    34.5009        822     3.4208  0.000e+00
     96.267    11.6918   3.923947    34.5021        823     3.4250  0.000e+00
     96.408    11.6957   3.924267    34.5017        824     3.4292  0.000e+00
     96.542    11.6989   3.924424    34.5001        825     3.4333  0.000e+00
     96.667    11.7009   3.924965    34.5035        826     3.4375  0.000e+00
     96.804    11.7037   3.925233    34.5034        827     3.4417  0.000e+00
     96.932    11.7066   3.925487    34.5032        828     3.4458  0.000e+00
     97.054    11.7091   3.925715    34.5031        829     3.4500  0.000e+00
     97.188    11.7109   3.925996    34.5041        830     3.4542  0.000e+00
