PC2501/sbe014.cnv
* Sea-Bird SBE 19plus Data File:
* FileName = C:\cruise\data\sbe014.hex
* Software Version Seasave V 7.26.7.121
* Temperature SN = 4684
* Conductivity SN = 4684
* System UpLoad Time = Jan 13 2025 01:14:08
* NMEA Latitude = 38 22.36 N
* NMEA Longitude = 073 25.19 W
* NMEA UTC (Time) = Jan 13 2025  01:13:29
** Ship: Pisces
** Cruise:  PC2501
** Program:  AMAPPS
# nquan = 7
# nvalues = 4112                                  
# units = specified
# name 0 = depSM: Depth [salt water, m]
# name 1 = tv290C: Temperature [ITS-90, deg C]
# name 2 = c0S/m: Conductivity [S/m]
# name 3 = sal00: Salinity, Practical [PSU]
# name 4 = scan: Scan Count
# name 5 = timeM: Time, Elapsed [minutes]
# name 6 = flag:  0.000e+00
# span 0 =      0.235,    201.366                 
# span 1 =     9.4087,    13.2862                 
# span 2 =   2.546004,   4.170557                 
# span 3 =    22.7920,    35.5144                 
# span 4 =         11,       4122                 
# span 5 =     0.0417,    17.1708                 
# span 6 = 0.0000e+00, 0.0000e+00                 
# interval = seconds: 0.25
# start_time = Jan 13 2025 01:13:29 [NMEA time, header]
# bad_flag = -9.990e-29
*END*
[from data line 1231]
    190.203     9.7324   3.807446    35.1557       1242     5.1708  0.000e+00
    190.404     9.7278   3.804308    35.1277       1243     5.1750  0.000e+00
    190.608     9.7155   3.801287    35.1085       1244     5.1792  0.000e+00
    190.821     9.6931   3.800560    35.1228       1245     5.1833  0.000e+00
    191.040     9.6751   3.800451    35.1391       1246     5.1875  0.000e+00
    191.265     9.6648   3.800077    35.1452       1247     5.1917  0.000e+00
    191.487     9.6586   3.799479    35.1450       1248     5.1958  0.000e+00
    191.713     9.6531   3.798191    35.1370       1249     5.2000  0.000e+00
    191.938     9.6453   3.797593    35.1384       1250     5.2042  0.000e+00
    192.145     9.6375   3.797161    35.1414       1251     5.2083  0.000e+00
    192.337     9.6311   3.796762    35.1434       1252     5.2125  0.000e+00
    192.507     9.6261   3.795765    35.1380       1253     5.2167  0.000e+00
    192.656     9.6195   3.795411    35.1407       1254     5.2208  0.000e+00
    192.778     9.6138   3.795064    35.1426       1255     5.2250  0.000e+00
    192.888     9.6090   3.794497    35.1414       1256     5.2292  0.000e+00
    192.982     9.6042   3.793854    35.1394       1257     5.2333  0.000e+00
    193.067     9.5986   3.792966    35.1356       1258     5.2375  0.000e+00
    193.134     9.5915   3.791969    35.1323       1259     5.2417  0.000e+00
    193.220     9.5831   3.791673    35.1374       1260     5.2458  0.000e+00
    193.317     9.5766   3.792052    35.1477       1261     5.2500  0.000e+00
    193.414     9.5739   3.792213    35.1519       1262     5.2542  0.000e+00
    193.542     9.5744   3.791808    35.1472       1263     5.2583  0.000e+00
    193.679     9.5736   3.791673    35.1465       1264     5.2625  0.000e+00
    193.841     9.5719   3.791699    35.1483       1265     5.2667  0.000e+00
    194.014     9.5709   3.791461    35.1468       1266     5.2708  0.000e+00
    194.197     9.5698   3.790708    35.1400       1267     5.2750  0.000e+00
    194.407     9.5661   3.790387    35.1402       1268     5.2792  0.000e+00
    194.638     9.5618   3.790464    35.1451       1269     5.2833  0.000e+00
    194.885     9.5591   3.790091    35.1438       1270     5.2875  0.000e+00
    195.141     9.5568   3.789634    35.1412       1271     5.2917  0.000e+00
    195.405     9.5532   3.789416    35.1423       1272     5.2958  0.000e+00
    195.676     9.5498   3.788985    35.1410       1273     5.3000  0.000e+00
    195.926     9.5462   3.788773    35.1423       1274     5.3042  0.000e+00
    196.179     9.5430   3.788747    35.1451       1275     5.3083  0.000e+00
    196.425     9.5410   3.788587    35.1452       1276     5.3125  0.000e+00
    196.660     9.5397   3.788452    35.1450       1277     5.3167  0.000e+00
    196.873     9.5381   3.788259    35.1445       1278     5.3208  0.000e+00
    197.095     9.5362   3.787995    35.1434       1279     5.3250  0.000e+00
    197.296     9.5341   3.787642    35.1418       1280     5.3292  0.000e+00
    197.494     9.5312   3.787320    35.1411       1281     5.3333  0.000e+00
    197.649     9.5279   3.787082    35.1419       1282     5.3375  0.000e+00
    197.789     9.5252   3.787050    35.1441       1283     5.3417  0.000e+00
    197.902     9.5231   3.786761    35.1431       1284     5.3458  0.000e+00
    198.014     9.5211   3.785848    35.1356       1285     5.3500  0.000e+00
    198.133     9.5161   3.785899    35.1410       1286     5.3542  0.000e+00
    198.255     9.5125   3.785520    35.1405       1287     5.3583  0.000e+00
    198.374     9.5098   3.785199    35.1398       1288     5.3625  0.000e+00
    198.486     9.5065   3.784530    35.1361       1289     5.3667  0.000e+00
    198.620     9.5018   3.783997    35.1350       1290     5.3708  0.000e+00
    198.769     9.4961   3.783245    35.1328       1291     5.3750  0.000e+00
    198.937     9.4893   3.782891    35.1356       1292     5.3792  0.000e+00
    199.110     9.4835   3.782866    35.1410       1293     5.3833  0.000e+00
    199.308     9.4804   3.782949    35.1448       1294     5.3875  0.000e+00
    199.518     9.4789   3.782680    35.1434       1295     5.3917  0.000e+00
    199.743     9.4773   3.782307    35.1410       1296     5.3958  0.000e+00
    199.969     9.4744   3.782223    35.1429       1297     5.4000  0.000e+00
    200.200     9.4716   3.782384    35.1472       1298     5.4042  0.000e+00
    200.434     9.4705   3.782603    35.1504       1299     5.4083  0.000e+00
    200.657     9.4705   3.782815    35.1525       1300     5.4125  0.000e+00
    200.873     9.4711   3.783053    35.1543       1301     5.4167  0.000e+00
    201.077     9.4719   3.783349    35.1564       1302     5.4208  0.000e+00
    201.275     9.4736   3.783805    35.1594       1303     5.4250  0.000e+00
    201.366     9.4757   3.784049    35.1599       1304     5.4292  0.000e+00
    201.357     9.4778   3.784776    35.1653       1305     5.4333  0.000e+00
    201.308     9.4811   3.785200    35.1666       1306     5.4375  0.000e+00
    201.235     9.4843   3.785309    35.1646       1307     5.4417  0.000e+00
    201.198     9.4864   3.785335    35.1628       1308     5.4458  0.000e+00
    201.195     9.4877   3.785335    35.1615       1309     5.4500  0.000e+00
    201.195     9.4883   3.785361    35.1611       1310     5.4542  0.000e+00
    201.177     9.4888   3.785361    35.1607       1311     5.4583  0.000e+00
    201.150     9.4890   3.785393    35.1608       1312     5.4625  0.000e+00
    201.135     9.4893   3.785419    35.1608       1313     5.4667  0.000e+00
    201.147     9.4897   3.785444    35.1607       1314     5.4708  0.000e+00
    201.162     9.4898   3.785496    35.1611       1315     5.4750  0.000e+00
    201.159     9.4903   3.785496    35.1607       1316     5.4792  0.000e+00
    201.171     9.4904   3.785470    35.1603       1317     5.4833  0.000e+00
    201.180     9.4905   3.785444    35.1599       1318     5.4875  0.000e+00
    201.196     9.4903   3.785470    35.1603       1319     5.4917  0.000e+00
    201.202     9.4903   3.785393    35.1596       1320     5.4958  0.000e+00
    201.211     9.4899   3.785284    35.1588       1321     5.5000  0.000e+00
    201.229     9.4892   3.785149    35.1581       1322     5.5042  0.000e+00
    201.232     9.4882   3.784879    35.1562       1323     5.5083  0.000e+00
    201.244     9.4862   3.784641    35.1557       1324     5.5125  0.000e+00
    201.250     9.4841   3.784480    35.1561       1325     5.5167  0.000e+00
    201.263     9.4822   3.784422    35.1574       1326     5.5208  0.000e+00
    201.287     9.4809   3.784448    35.1589       1327     5.5250  0.000e+00
    201.320     9.4802   3.784287    35.1579       1328     5.5292  0.000e+00
    201.287     9.4794   3.784236    35.1582       1329     5.5333  0.000e+00
    201.199     9.4788   3.784583    35.1625       1330     5.5375  0.000e+00
    201.068     9.4798   3.784988    35.1658       1331     5.5417  0.000e+00
    200.913     9.4822   3.785335    35.1670       1332     5.5458  0.000e+00
    200.788     9.4852   3.785039    35.1611       1333     5.5500  0.000e+00
    200.666     9.4868   3.784718    35.1563       1334     5.5542  0.000e+00
    200.523     9.4862   3.784640    35.1561       1335     5.5583  0.000e+00
    200.386     9.4851   3.784396    35.1548       1336     5.5625  0.000e+00
    200.237     9.4837   3.784023    35.1523       1337     5.5667  0.000e+00
    200.085     9.4816   3.783567    35.1497       1338     5.5708  0.000e+00
    199.936     9.4790   3.783245    35.1490       1339     5.5750  0.000e+00
    199.783     9.4765   3.782866    35.1476       1340     5.5792  0.000e+00
    199.640     9.4736   3.782815    35.1500       1341     5.5833  0.000e+00
    199.500     9.4716   3.782815    35.1519       1342     5.5875  0.000e+00
    199.385     9.4709   3.782763    35.1522       1343     5.5917  0.000e+00
    199.266     9.4702   3.782223    35.1474       1344     5.5958  0.000e+00
    199.169     9.4686   3.781793    35.1445       1345     5.6000  0.000e+00
    199.077     9.4656   3.781715    35.1467       1346     5.6042  0.000e+00
    199.010     9.4637   3.782114    35.1527       1347     5.6083  0.000e+00
    198.949     9.4637   3.781503    35.1464       1348     5.6125  0.000e+00
    198.892     9.4627   3.781259    35.1449       1349     5.6167  0.000e+00
    198.828     9.4606   3.781176    35.1461       1350     5.6208  0.000e+00
    198.761     9.4590   3.781098    35.1469       1351     5.6250  0.000e+00
    198.685     9.4578   3.780777    35.1447       1352     5.6292  0.000e+00
    198.590     9.4564   3.780693    35.1453       1353     5.6333  0.000e+00
    198.481     9.4553   3.780719    35.1468       1354     5.6375  0.000e+00
    198.380     9.4546   3.780616    35.1464       1355     5.6417  0.000e+00
    198.289     9.4542   3.780456    35.1452       1356     5.6458  0.000e+00
    198.225     9.4538   3.780481    35.1459       1357     5.6500  0.000e+00
    198.176     9.4535   3.780533    35.1467       1358     5.6542  0.000e+00
    198.125     9.4534   3.780481    35.1463       1359     5.6583  0.000e+00
    198.082     9.4532   3.780404    35.1457       1360     5.6625  0.000e+00
    198.039     9.4531   3.780372    35.1455       1361     5.6667  0.000e+00
    198.009     9.4530   3.780372    35.1456       1362     5.6708  0.000e+00
    197.994     9.4528   3.780372    35.1458       1363     5.6750  0.000e+00
    197.997     9.4528   3.780372    35.1458       1364     5.6792  0.000e+00
    198.012     9.4528   3.780404    35.1461       1365     5.6833  0.000e+00
    198.024     9.4530   3.780430    35.1462       1366     5.6875  0.000e+00
    198.058     9.4532   3.780404    35.1457       1367     5.6917  0.000e+00
    198.079     9.4532   3.780430    35.1460       1368     5.6958  0.000e+00
    198.110     9.4532   3.780372    35.1454       1369     5.7000  0.000e+00
    198.137     9.4533   3.780372    35.1452       1370     5.7042  0.000e+00
    198.161     9.4533   3.780372    35.1453       1371     5.7083  0.000e+00
    198.183     9.4532   3.780430    35.1459       1372     5.7125  0.000e+00
    198.201     9.4536   3.780616    35.1474       1373     5.7167  0.000e+00
    198.225     9.4543   3.780886    35.1496       1374     5.7208  0.000e+00
    198.256     9.4564   3.781150    35.1502       1375     5.7250  0.000e+00
    198.283     9.4591   3.781420    35.1503       1376     5.7292  0.000e+00
    198.305     9.4616   3.781632    35.1501       1377     5.7333  0.000e+00
    198.332     9.4642   3.781471    35.1458       1378     5.7375  0.000e+00
    198.353     9.4654   3.781503    35.1450       1379     5.7417  0.000e+00
    198.359     9.4658   3.781445    35.1440       1380     5.7458  0.000e+00
    198.353     9.4656   3.781580    35.1456       1381     5.7500  0.000e+00
    198.344     9.4660   3.781394    35.1433       1382     5.7542  0.000e+00
    198.311     9.4654   3.780886    35.1386       1383     5.7583  0.000e+00
    198.259     9.4631   3.781150    35.1436       1384     5.7625  0.000e+00
    198.195     9.4622   3.781336    35.1465       1385     5.7667  0.000e+00
    198.113     9.4631   3.781419    35.1465       1386     5.7708  0.000e+00
    198.031     9.4638   3.781529    35.1470       1387     5.7750  0.000e+00
    197.945     9.4647   3.781580    35.1467       1388     5.7792  0.000e+00
    197.857     9.4661   3.781657    35.1462       1389     5.7833  0.000e+00
    197.772     9.4672   3.781766    35.1463       1390     5.7875  0.000e+00
    197.699     9.4680   3.781766    35.1455       1391     5.7917  0.000e+00
    197.656     9.4686   3.782062    35.1480       1392     5.7958  0.000e+00
    197.635     9.4697   3.782358    35.1500       1393     5.8000  0.000e+00
    197.647     9.4722   3.782602    35.1500       1394     5.8042  0.000e+00
    197.681     9.4748   3.782730    35.1489       1395     5.8083  0.000e+00
    197.723     9.4769   3.782627    35.1457       1396     5.8125  0.000e+00
    197.772     9.4776   3.782762    35.1464       1397     5.8167  0.000e+00
    197.815     9.4781   3.783000    35.1483       1398     5.8208  0.000e+00
    197.833     9.4796   3.782949    35.1463       1399     5.8250  0.000e+00
    197.833     9.4803   3.783161    35.1478       1400     5.8292  0.000e+00
    197.812     9.4815   3.783161    35.1466       1401     5.8333  0.000e+00
    197.781     9.4824   3.782891    35.1430       1402     5.8375  0.000e+00
    197.732     9.4820   3.782865    35.1431       1403     5.8417  0.000e+00
    197.675     9.4811   3.782274    35.1380       1404     5.8458  0.000e+00
    197.599     9.4782   3.782602    35.1442       1405     5.8500  0.000e+00
    197.504     9.4771   3.783244    35.1520       1406     5.8542  0.000e+00
    197.389     9.4795   3.783508    35.1524       1407     5.8583  0.000e+00
    197.267     9.4831   3.783566    35.1496       1408     5.8625  0.000e+00
    197.145     9.4855   3.784260    35.1545       1409     5.8667  0.000e+00
    197.026     9.4894   3.784125    35.1493       1410     5.8708  0.000e+00
    196.926     9.4918   3.784260    35.1484       1411     5.8750  0.000e+00
    196.844     9.4933   3.784183    35.1461       1412     5.8792  0.000e+00
    196.768     9.4939   3.784318    35.1469       1413     5.8833  0.000e+00
    196.710     9.4944   3.784260    35.1459       1414     5.8875  0.000e+00
    196.679     9.4949   3.784716    35.1502       1415     5.8917  0.000e+00
    196.655     9.4967   3.784877    35.1501       1416     5.8958  0.000e+00
    196.634     9.4989   3.785012    35.1494       1417     5.9000  0.000e+00
    196.628     9.5009   3.785038    35.1476       1418     5.9042  0.000e+00
    196.612     9.5021   3.785121    35.1473       1419     5.9083  0.000e+00
    196.570     9.5029   3.785198    35.1473       1420     5.9125  0.000e+00
    196.524     9.5037   3.784716    35.1416       1421     5.9167  0.000e+00
    196.454     9.5026   3.784774    35.1433       1422     5.9208  0.000e+00
    196.375     9.5013   3.785063    35.1476       1423     5.9250  0.000e+00
    196.287     9.5019   3.785950    35.1562       1424     5.9292  0.000e+00
    196.180     9.5058   3.787108    35.1645       1425     5.9333  0.000e+00
    196.052     9.5143   3.786220    35.1470       1426     5.9375  0.000e+00
    195.915     9.5170   3.786034    35.1425       1427     5.9417  0.000e+00
    195.760     9.5144   3.786111    35.1459       1428     5.9458  0.000e+00
    195.593     9.5140   3.787294    35.1587       1429     5.9500  0.000e+00
    195.422     9.5189   3.787403    35.1551       1430     5.9542  0.000e+00
    195.258     9.5238   3.787911    35.1556       1431     5.9583  0.000e+00
    195.103     9.5281   3.787937    35.1518       1432     5.9625  0.000e+00
    194.960     9.5311   3.788258    35.1522       1433     5.9667  0.000e+00
    194.826     9.5335   3.788342    35.1507       1434     5.9708  0.000e+00
    194.713     9.5358   3.788155    35.1467       1435     5.9750  0.000e+00
    194.628     9.5361   3.788232    35.1472       1436     5.9792  0.000e+00
    194.570     9.5365   3.787994    35.1443       1437     5.9833  0.000e+00
    194.521     9.5357   3.788071    35.1460       1438     5.9875  0.000e+00
    194.503     9.5351   3.787885    35.1446       1439     5.9917  0.000e+00
    194.479     9.5344   3.787885    35.1454       1440     5.9958  0.000e+00
    194.442     9.5336   3.787801    35.1452       1441     6.0000  0.000e+00
    194.406     9.5331   3.788258    35.1505       1442     6.0042  0.000e+00
    194.366     9.5343   3.788637    35.1533       1443     6.0083  0.000e+00
    194.311     9.5374   3.789120    35.1553       1444     6.0125  0.000e+00
    194.238     9.5410   3.788850    35.1490       1445     6.0167  0.000e+00
