PC2501/sbe063.cnv
* Sea-Bird SBE 19plus Data File:
* FileName = C:\cruise\data\sbe063.hex
* Software Version Seasave V 7.26.7.121
* Temperature SN = 4684
* Conductivity SN = 4684
* System UpLoad Time = Feb 05 2025 06:43:02
* NMEA Latitude = 38 40.09 N
* NMEA Longitude = 073 02.80 W
* NMEA UTC (Time) = Feb 05 2025  06:42:37
** Ship: Pisces
** Cruise:  PC2501
** Program:  AMAPPS
# nquan = 7
# nvalues = 4920                                  
# units = specified
# name 0 = depSM: Depth [salt water, m]
# name 1 = tv290C: Temperature [ITS-90, deg C]
# name 2 = c0S/m: Conductivity [S/m]
# name 3 = sal00: Salinity, Practical [PSU]
# name 4 = scan: Scan Count
# name 5 = timeM: Time, Elapsed [minutes]
# name 6 = flag:  0.000e+00
# span 0 =      0.063,    201.107                 
# span 1 =     4.3516,    12.3136                 
# span 2 =   0.000021,   4.045280                 
# span 3 =     0.0015,    35.2679                 
# span 4 =         11,       4930                 
# span 5 =     0.0417,    20.5375                 
# span 6 = 0.0000e+00, 0.0000e+00                 
# interval = seconds: 0.25
# start_time = Feb 05 2025 06:42:37 [NMEA time, header]
# bad_flag = -9.990e-29
*END*
      0.073     4.4844   0.000042     0.0016         11     0.0417  0.000e+00
      0.082     4.4845   0.000048     0.0017         12     0.0458  0.000e+00
      0.073     4.4842   0.000042     0.0016         13     0.0500  0.000e+00
      0.079     4.4844   0.000042     0.0016         14     0.0542  0.000e+00
      0.076     4.4846   0.000042     0.0016         15     0.0583  0.000e+00
      0.085     4.4852   0.000042     0.0016         16     0.0625  0.000e+00
      0.085     4.4859   0.000042     0.0016         17     0.0667  0.000e+00
      0.079     4.4866   0.000048     0.0017         18     0.0708  0.000e+00
      0.079     4.4872   0.000042     0.0016         19     0.0750  0.000e+00
      0.079     4.4873   0.000042     0.0016         20     0.0792  0.000e+00
      0.088     4.4875   0.000042     0.0016         21     0.0833  0.000e+00
      0.085     4.4876   0.000042     0.0016         22     0.0875  0.000e+00
      0.088     4.4875   0.000048     0.0017         23     0.0917  0.000e+00
      0.085     4.4870   0.000042     0.0016         24     0.0958  0.000e+00
      0.088     4.4866   0.000048     0.0017         25     0.1000  0.000e+00
      0.082     4.4862   0.000048     0.0017         26     0.1042  0.000e+00
      0.082     4.4858   0.000042     0.0016         27     0.1083  0.000e+00
      0.082     4.4853   0.000042     0.0016         28     0.1125  0.000e+00
      0.082     4.4848   0.000048     0.0017         29     0.1167  0.000e+00
      0.076     4.4843   0.000042     0.0016         30     0.1208  0.000e+00
      0.082     4.4839   0.000042     0.0016         31     0.1250  0.000e+00
      0.079     4.4834   0.000048     0.0017         32     0.1292  0.000e+00
      0.073     4.4821   0.000048     0.0017         33     0.1333  0.000e+00
      0.073     4.4816   0.000042     0.0016         34     0.1375  0.000e+00
      0.079     4.4816   0.000042     0.0016         35     0.1417  0.000e+00
      0.070     4.4820   0.000042     0.0016         36     0.1458  0.000e+00
      0.088     4.4823   0.000048     0.0017         37     0.1500  0.000e+00
      0.088     4.4822   0.000048     0.0017         38     0.1542  0.000e+00
      0.079     4.4815   0.000042     0.0016         39     0.1583  0.000e+00
      0.085     4.4806   0.000048     0.0017         40     0.1625  0.000e+00
      0.085     4.4796   0.000042     0.0016         41     0.1667  0.000e+00
      0.082     4.4785   0.000042     0.0016         42     0.1708  0.000e+00
      0.088     4.4779   0.000042     0.0016         43     0.1750  0.000e+00
      0.085     4.4774   0.000042     0.0016         44     0.1792  0.000e+00
      0.082     4.4771   0.000048     0.0017         45     0.1833  0.000e+00
      0.085     4.4764   0.000042     0.0016         46     0.1875  0.000e+00
      0.082     4.4763   0.000048     0.0017         47     0.1917  0.000e+00
      0.085     4.4764   0.000042     0.0016         48     0.1958  0.000e+00
      0.082     4.4764   0.000042     0.0016         49     0.2000  0.000e+00
      0.079     4.4759   0.000054     0.0017         50     0.2042  0.000e+00
      0.076     4.4754   0.000042     0.0016         51     0.2083  0.000e+00
      0.088     4.4748   0.000042     0.0016         52     0.2125  0.000e+00
      0.085     4.4743   0.000042     0.0016         53     0.2167  0.000e+00
      0.082     4.4738   0.000042     0.0016         54     0.2208  0.000e+00
      0.085     4.4734   0.000042     0.0016         55     0.2250  0.000e+00
      0.082     4.4731   0.000042     0.0016         56     0.2292  0.000e+00
      0.079     4.4726   0.000048     0.0017         57     0.2333  0.000e+00
      0.066     4.4721   0.000042     0.0016         58     0.2375  0.000e+00
      0.082     4.4713   0.000048     0.0017         59     0.2417  0.000e+00
      0.082     4.4705   0.000048     0.0017         60     0.2458  0.000e+00
      0.088     4.4698   0.000048     0.0016         61     0.2500  0.000e+00
      0.088     4.4689   0.000048     0.0016         62     0.2542  0.000e+00
      0.088     4.4682   0.000048     0.0016         63     0.2583  0.000e+00
      0.082     4.4674   0.000048     0.0016         64     0.2625  0.000e+00
      0.079     4.4658   0.000048     0.0016         65     0.2667  0.000e+00
      0.085     4.4565   0.000048     0.0016         66     0.2708  0.000e+00
      0.085     4.4430   0.000048     0.0016         67     0.2750  0.000e+00
      0.088     4.4360   0.000048     0.0016         68     0.2792  0.000e+00
      0.069     4.4361   0.000042     0.0016         69     0.2833  0.000e+00
      0.082     4.4364   0.000048     0.0016         70     0.2875  0.000e+00
      0.082     4.4350   0.000048     0.0016         71     0.2917  0.000e+00
      0.088     4.4364   0.000042     0.0016         72     0.2958  0.000e+00
      0.085     4.4383   0.000042     0.0016         73     0.3000  0.000e+00
      0.091     4.4339   0.000048     0.0016         74     0.3042  0.000e+00
      0.082     4.4170   0.000048     0.0016         75     0.3083  0.000e+00
      0.082     4.3987   0.000048     0.0016         76     0.3125  0.000e+00
      0.082     4.3903   0.000048     0.0016         77     0.3167  0.000e+00
      0.088     4.3885   0.000048     0.0016         78     0.3208  0.000e+00
      0.088     4.3770   0.000048     0.0016         79     0.3250  0.000e+00
      0.063     4.3604   0.000021     0.0015         80     0.3292  0.000e+00
      0.170     4.3516   0.000024     0.0015         81     0.3333  0.000e+00
      0.371     4.3590   0.000030     0.0015         82     0.3375  0.000e+00
      0.508     4.3735   0.122029     1.0220         83     0.3417  0.000e+00
      0.704     4.3900   2.292307    23.5046         84     0.3458  0.000e+00
      0.914     4.7254   2.405304    24.5270         85     0.3500  0.000e+00
      1.063     5.4442   3.031329    30.9632         86     0.3542  0.000e+00
      1.231     6.0182   1.608743    15.2177         87     0.3583  0.000e+00
      1.353     6.3697   2.289629    22.1292         88     0.3625  0.000e+00
      1.399     6.4681   2.829623    27.8424         89     0.3667  0.000e+00
      1.387     6.4559   2.573669    25.0935         90     0.3708  0.000e+00
      1.347     6.4537   3.060637    30.3742         91     0.3750  0.000e+00
      1.313     6.4627   2.382210    23.0483         92     0.3792  0.000e+00
      1.286     6.4784   1.760534    16.5595         93     0.3833  0.000e+00
      1.228     6.4840   1.714371    16.0851         94     0.3875  0.000e+00
      1.176     6.4827   2.032797    19.3664         95     0.3917  0.000e+00
      1.137     6.4835   2.139852    20.4824         96     0.3958  0.000e+00
      1.164     6.4815   3.292287    32.9024         97     0.4000  0.000e+00
      1.265     6.4249   3.294224    32.9786         98     0.4042  0.000e+00
      1.441     6.4016   3.290134    32.9555         99     0.4083  0.000e+00
      1.661     6.4238   3.277506    32.7939        100     0.4125  0.000e+00
      1.914     6.4389   3.275793    32.7603        101     0.4167  0.000e+00
      2.176     6.4650   3.279456    32.7756        102     0.4208  0.000e+00
      2.451     6.5602   3.299417    32.9048        103     0.4250  0.000e+00
      2.716     6.7135   3.326325    33.0540        104     0.4292  0.000e+00
      2.954     6.8915   3.338461    33.0158        105     0.4333  0.000e+00
      3.127     7.0639   3.344831    32.9202        106     0.4375  0.000e+00
      3.213     7.1914   3.345050    32.8010        107     0.4417  0.000e+00
      3.332     7.2717   3.318685    32.4389        108     0.4458  0.000e+00
      3.551     7.3117   3.314010    32.3506        109     0.4500  0.000e+00
      3.701     7.2529   3.329149    32.5698        110     0.4542  0.000e+00
      3.768     7.1419   3.325307    32.6329        111     0.4583  0.000e+00
      3.771     7.0790   3.319774    32.6321        112     0.4625  0.000e+00
      3.710     7.0447   3.319628    32.6631        113     0.4667  0.000e+00
      3.658     7.0282   3.316930    32.6493        114     0.4708  0.000e+00
      3.643     7.0337   3.313049    32.6018        115     0.4750  0.000e+00
      3.682     7.0444   3.315221    32.6153        116     0.4792  0.000e+00
      3.728     7.0219   3.316204    32.6473        117     0.4833  0.000e+00
      3.813     6.9781   3.315746    32.6839        118     0.4875  0.000e+00
      3.926     6.9498   3.313294    32.6839        119     0.4917  0.000e+00
      4.069     6.9287   3.310695    32.6755        120     0.4958  0.000e+00
      4.228     6.8925   3.308269    32.6833        121     0.5000  0.000e+00
      4.387     6.8629   3.306227    32.6890        122     0.5042  0.000e+00
      4.545     6.8425   3.304350    32.6878        123     0.5083  0.000e+00
      4.701     6.8265   3.303009    32.6882        124     0.5125  0.000e+00
      4.850     6.8110   3.305027    32.7251        125     0.5167  0.000e+00
      4.996     6.7931   3.308148    32.7763        126     0.5208  0.000e+00
      5.146     6.7697   3.312790    32.8497        127     0.5250  0.000e+00
      5.283     6.7653   3.315511    32.8838        128     0.5292  0.000e+00
      5.411     6.7879   3.317342    32.8822        129     0.5333  0.000e+00
      5.499     6.8165   3.318550    32.8680        130     0.5375  0.000e+00
      5.563     6.8463   3.320046    32.8558        131     0.5417  0.000e+00
      5.615     6.8699   3.323136    32.8671        132     0.5458  0.000e+00
      5.682     6.8707   3.323930    32.8751        133     0.5500  0.000e+00
      5.780     6.8815   3.324174    32.8674        134     0.5542  0.000e+00
      5.908     6.8962   3.324125    32.8526        135     0.5583  0.000e+00
      6.066     6.9130   3.323905    32.8341        136     0.5625  0.000e+00
      6.222     6.9291   3.323880    32.8184        137     0.5667  0.000e+00
      6.381     6.9356   3.323715    32.8103        138     0.5708  0.000e+00
      6.515     6.9320   3.323276    32.8088        139     0.5750  0.000e+00
      6.640     6.9280   3.322457    32.8037        140     0.5792  0.000e+00
      6.758     6.9257   3.321779    32.7984        141     0.5833  0.000e+00
      6.859     6.9258   3.321682    32.7971        142     0.5875  0.000e+00
      6.941     6.9272   3.322097    32.8003        143     0.5917  0.000e+00
      7.021     6.9329   3.322653    32.8009        144     0.5958  0.000e+00
      7.070     6.9412   3.322384    32.7900        145     0.6000  0.000e+00
      7.115     6.9431   3.322140    32.7855        146     0.6042  0.000e+00
      7.134     6.9357   3.322335    32.7947        147     0.6083  0.000e+00
      7.152     6.9261   3.323423    32.8158        148     0.6125  0.000e+00
      7.185     6.9268   3.324461    32.8265        149     0.6167  0.000e+00
      7.249     6.9258   3.325115    32.8346        150     0.6208  0.000e+00
      7.350     6.9294   3.325310    32.8332        151     0.6250  0.000e+00
      7.478     6.9376   3.325261    32.8248        152     0.6292  0.000e+00
      7.643     6.9456   3.324754    32.8115        153     0.6333  0.000e+00
      7.823     6.9478   3.323642    32.7971        154     0.6375  0.000e+00
      8.005     6.9501   3.318598    32.7397        155     0.6417  0.000e+00
      8.210     6.9538   3.311465    32.6580        156     0.6458  0.000e+00
      8.423     6.9517   3.310721    32.6518        157     0.6500  0.000e+00
      8.630     6.9553   3.316664    32.7133        158     0.6542  0.000e+00
      8.829     7.0008   3.326275    32.7749        159     0.6583  0.000e+00
      9.009     7.0739   3.331213    32.7592        160     0.6625  0.000e+00
      9.152     7.1468   3.323012    32.6007        161     0.6667  0.000e+00
      9.274     7.1898   3.319652    32.5235        162     0.6708  0.000e+00
      9.359     7.2039   3.319005    32.5032        163     0.6750  0.000e+00
      9.408     7.1499   3.318737    32.5511        164     0.6792  0.000e+00
      9.454     7.0836   3.318207    32.6080        165     0.6833  0.000e+00
      9.493     7.0342   3.316980    32.6414        166     0.6875  0.000e+00
      9.521     6.9988   3.315388    32.6575        167     0.6917  0.000e+00
      9.545     6.9787   3.314570    32.6677        168     0.6958  0.000e+00
      9.576     6.9714   3.314833    32.6775        169     0.7000  0.000e+00
      9.597     6.9633   3.313967    32.6757        170     0.7042  0.000e+00
      9.612     6.9591   3.311661    32.6545        171     0.7083  0.000e+00
      9.649     6.9593   3.314546    32.6858        172     0.7125  0.000e+00
      9.698     6.9504   3.318306    32.7353        173     0.7167  0.000e+00
      9.789     6.9190   3.319631    32.7798        174     0.7208  0.000e+00
      9.917     6.9057   3.322941    32.8287        175     0.7250  0.000e+00
     10.076     6.9096   3.324273    32.8394        176     0.7292  0.000e+00
     10.246     6.9260   3.324004    32.8207        177     0.7333  0.000e+00
     10.435     6.9337   3.318642    32.7546        178     0.7375  0.000e+00
     10.637     6.9327   3.315871    32.7251        179     0.7417  0.000e+00
     10.850     6.9327   3.321543    32.7872        180     0.7458  0.000e+00
     11.057     6.9799   3.342912    32.9757        181     0.7500  0.000e+00
     11.271     7.0881   3.356225    33.0175        182     0.7542  0.000e+00
     11.472     7.2049   3.359989    32.9467        183     0.7583  0.000e+00
     11.673     7.2970   3.362528    32.8864        184     0.7625  0.000e+00
     11.865     7.3594   3.362387    32.8256        185     0.7667  0.000e+00
     12.024     7.3966   3.361993    32.7860        186     0.7708  0.000e+00
     12.149     7.4169   3.361012    32.7561        187     0.7750  0.000e+00
     12.222     7.4271   3.360570    32.7416        188     0.7792  0.000e+00
     12.268     7.4327   3.361453    32.7458        189     0.7833  0.000e+00
     12.295     7.4347   3.362619    32.7565        190     0.7875  0.000e+00
     12.326     7.4342   3.362723    32.7581        191     0.7917  0.000e+00
     12.356     7.4361   3.362386    32.7527        192     0.7958  0.000e+00
     12.396     7.4390   3.361576    32.7412        193     0.8000  0.000e+00
     12.435     7.4407   3.361061    32.7340        194     0.8042  0.000e+00
     12.490     7.4412   3.361478    32.7380        195     0.8083  0.000e+00
     12.554     7.4404   3.362361    32.7483        196     0.8125  0.000e+00
     12.624     7.4377   3.362306    32.7502        197     0.8167  0.000e+00
     12.716     7.4347   3.361527    32.7445        198     0.8208  0.000e+00
     12.819     7.4332   3.359570    32.7248        199     0.8250  0.000e+00
     12.947     7.4299   3.352654    32.6531        200     0.8292  0.000e+00
     13.097     7.4235   3.349510    32.6251        201     0.8333  0.000e+00
     13.249     7.4213   3.349094    32.6226        202     0.8375  0.000e+00
     13.411     7.4068   3.349774    32.6435        203     0.8417  0.000e+00
     13.575     7.3961   3.355462    32.7150        204     0.8458  0.000e+00
     13.749     7.3942   3.360080    32.7667        205     0.8500  0.000e+00
     13.929     7.4022   3.362552    32.7858        206     0.8542  0.000e+00
     14.118     7.4112   3.363313    32.7854        207     0.8583  0.000e+00
     14.304     7.4197   3.363731    32.7818        208     0.8625  0.000e+00
     14.490     7.4265   3.364050    32.7787        209     0.8667  0.000e+00
     14.661     7.4309   3.364344    32.7777        210     0.8708  0.000e+00
     14.819     7.4336   3.364860    32.7806        211     0.8750  0.000e+00
     14.972     7.4354   3.365081    32.7812        212     0.8792  0.000e+00
     15.100     7.4364   3.365222    32.7817        213     0.8833  0.000e+00
     15.203     7.4367   3.364934    32.7783        214     0.8875  0.000e+00
     15.292     7.4368   3.364443    32.7729        215     0.8917  0.000e+00
