PC2501/sbe015.cnv
* Sea-Bird SBE 19plus Data File:
* FileName = C:\cruise\data\sbe015.hex
* Software Version Seasave V 7.26.7.121
* Temperature SN = 4684
* Conductivity SN = 4684
* System UpLoad Time = Jan 13 2025 02:31:17
* NMEA Latitude = 38 28.48 N
* NMEA Longitude = 073 32.64 W
* NMEA UTC (Time) = Jan 13 2025  02:30:39
** Ship: Pisces
** Cruise:  PC2501
** Program:  AMAPPS
# nquan = 7
# nvalues = 1973                                  
# units = specified
# name 0 = depSM: Depth [salt water, m]
# name 1 = tv290C: Temperature [ITS-90, deg C]
# name 2 = c0S/m: Conductivity [S/m]
# name 3 = sal00: Salinity, Practical [PSU]
# name 4 = scan: Scan Count
# name 5 = timeM: Time, Elapsed [minutes]
# name 6 = flag:  0.000e+00
# span 0 =      0.072,     95.955                 
# span 1 =     4.6432,    12.7137                 
# span 2 =   0.000036,   4.049912                 
# span 3 =     0.0017,    35.4513                 
# span 4 =         11,       1983                 
# span 5 =     0.0417,     8.2583                 
# span 6 = 0.0000e+00, 0.0000e+00                 
# interval = seconds: 0.25
# start_time = Jan 13 2025 02:30:39 [NMEA time, header]
# bad_flag = -9.990e-29
*END*
[from data line 1231]
     46.357    12.0862   3.962617    34.5360       1242     5.1708  0.000e+00
     46.238    12.0846   3.962872    34.5400       1243     5.1750  0.000e+00
     46.128    12.0837   3.964366    34.5553       1244     5.1792  0.000e+00
     46.018    12.0874   3.962440    34.5333       1245     5.1833  0.000e+00
     45.912    12.0860   3.961870    34.5291       1246     5.1875  0.000e+00
     45.811    12.0815   3.961680    34.5314       1247     5.1917  0.000e+00
     45.717    12.0782   3.961222    34.5300       1248     5.1958  0.000e+00
     45.613    12.0751   3.959677    34.5179       1249     5.2000  0.000e+00
     45.515    12.0686   3.961327    34.5400       1250     5.2042  0.000e+00
     45.430    12.0682   3.958839    34.5162       1251     5.2083  0.000e+00
     45.342    12.0637   3.957615    34.5085       1252     5.2125  0.000e+00
     45.250    12.0527   3.956528    34.5082       1253     5.2167  0.000e+00
     45.171    12.0434   3.955939    34.5111       1254     5.2208  0.000e+00
     45.098    12.0362   3.957209    34.5301       1255     5.2250  0.000e+00
     45.034    12.0352   3.957779    34.5366       1256     5.2292  0.000e+00
     44.973    12.0383   3.957798    34.5340       1257     5.2333  0.000e+00
     44.924    12.0409   3.958158    34.5351       1258     5.2375  0.000e+00
     44.875    12.0434   3.957942    34.5307       1259     5.2417  0.000e+00
     44.839    12.0446   3.958053    34.5307       1260     5.2458  0.000e+00
     44.802    12.0451   3.958917    34.5386       1261     5.2500  0.000e+00
     44.759    12.0472   3.958079    34.5286       1262     5.2542  0.000e+00
     44.729    12.0479   3.958996    34.5369       1263     5.2583  0.000e+00
     44.686    12.0493   3.958433    34.5301       1264     5.2625  0.000e+00
     44.640    12.0498   3.958433    34.5296       1265     5.2667  0.000e+00
     44.595    12.0491   3.956076    34.5074       1266     5.2708  0.000e+00
     44.540    12.0416   3.955029    34.5042       1267     5.2750  0.000e+00
     44.463    12.0323   3.955154    34.5140       1268     5.2792  0.000e+00
     44.393    12.0273   3.956155    34.5284       1269     5.2833  0.000e+00
     44.314    12.0278   3.955749    34.5240       1270     5.2875  0.000e+00
     44.229    12.0284   3.955507    34.5211       1271     5.2917  0.000e+00
     44.146    12.0275   3.955762    34.5245       1272     5.2958  0.000e+00
     44.049    12.0277   3.955317    34.5201       1273     5.3000  0.000e+00
     43.951    12.0271   3.955455    34.5219       1274     5.3042  0.000e+00
     43.866    12.0270   3.955860    34.5260       1275     5.3083  0.000e+00
     43.774    12.0277   3.955847    34.5254       1276     5.3125  0.000e+00
     43.695    12.0290   3.955697    34.5226       1277     5.3167  0.000e+00
     43.619    12.0290   3.955965    34.5253       1278     5.3208  0.000e+00
     43.549    12.0293   3.954990    34.5156       1279     5.3250  0.000e+00
     43.470    12.0273   3.955101    34.5185       1280     5.3292  0.000e+00
     43.406    12.0256   3.954571    34.5150       1281     5.3333  0.000e+00
     43.351    12.0231   3.953989    34.5116       1282     5.3375  0.000e+00
     43.290    12.0192   3.953590    34.5114       1283     5.3417  0.000e+00
     43.244    12.0158   3.953936    34.5179       1284     5.3458  0.000e+00
     43.189    12.0149   3.953982    34.5193       1285     5.3500  0.000e+00
     43.128    12.0151   3.954126    34.5205       1286     5.3542  0.000e+00
     43.067    12.0157   3.954048    34.5192       1287     5.3583  0.000e+00
     43.003    12.0161   3.954074    34.5191       1288     5.3625  0.000e+00
     42.930    12.0163   3.953910    34.5174       1289     5.3667  0.000e+00
     42.851    12.0159   3.953217    34.5110       1290     5.3708  0.000e+00
     42.765    12.0137   3.953452    34.5154       1291     5.3750  0.000e+00
     42.668    12.0124   3.953773    34.5197       1292     5.3792  0.000e+00
     42.555    12.0127   3.952641    34.5085       1293     5.3833  0.000e+00
     42.454    12.0102   3.951463    34.4994       1294     5.3875  0.000e+00
     42.357    12.0035   3.952072    34.5115       1295     5.3917  0.000e+00
     42.265    12.0008   3.952477    34.5180       1296     5.3958  0.000e+00
     42.183    12.0021   3.951908    34.5113       1297     5.4000  0.000e+00
     42.100    12.0011   3.951777    34.5110       1298     5.4042  0.000e+00
     42.036    11.9994   3.951130    34.5064       1299     5.4083  0.000e+00
     41.991    11.9966   3.950691    34.5047       1300     5.4125  0.000e+00
     41.933    11.9929   3.950613    34.5074       1301     5.4167  0.000e+00
     41.899    11.9903   3.950842    34.5120       1302     5.4208  0.000e+00
     41.847    11.9898   3.951018    34.5142       1303     5.4250  0.000e+00
     41.799    11.9910   3.950449    34.5076       1304     5.4292  0.000e+00
     41.747    11.9895   3.950613    34.5106       1305     5.4333  0.000e+00
     41.704    11.9887   3.950953    34.5147       1306     5.4375  0.000e+00
     41.643    11.9896   3.951535    34.5195       1307     5.4417  0.000e+00
     41.573    11.9925   3.952124    34.5226       1308     5.4458  0.000e+00
     41.500    11.9961   3.952209    34.5201       1309     5.4500  0.000e+00
     41.414    11.9987   3.951744    34.5133       1310     5.4542  0.000e+00
     41.320    11.9987   3.951692    34.5128       1311     5.4583  0.000e+00
     41.225    11.9976   3.951260    34.5096       1312     5.4625  0.000e+00
     41.128    11.9958   3.951286    34.5116       1313     5.4667  0.000e+00
     41.024    11.9949   3.951751    34.5169       1314     5.4708  0.000e+00
     40.933    11.9958   3.951777    34.5164       1315     5.4750  0.000e+00
     40.838    11.9969   3.951613    34.5139       1316     5.4792  0.000e+00
     40.747    11.9970   3.951934    34.5170       1317     5.4833  0.000e+00
     40.670    11.9973   3.951535    34.5128       1318     5.4875  0.000e+00
     40.594    11.9965   3.951266    34.5110       1319     5.4917  0.000e+00
     40.512    11.9951   3.951286    34.5125       1320     5.4958  0.000e+00
     40.445    11.9948   3.951692    34.5167       1321     5.5000  0.000e+00
     40.375    11.9953   3.951423    34.5137       1322     5.5042  0.000e+00
     40.298    11.9954   3.951155    34.5111       1323     5.5083  0.000e+00
     40.222    11.9944   3.950181    34.5025       1324     5.5125  0.000e+00
     40.140    11.9907   3.949965    34.5038       1325     5.5167  0.000e+00
     40.054    11.9869   3.949939    34.5071       1326     5.5208  0.000e+00
     39.957    11.9852   3.949912    34.5086       1327     5.5250  0.000e+00
     39.872    11.9843   3.950128    34.5115       1328     5.5292  0.000e+00
     39.786    11.9846   3.950017    34.5101       1329     5.5333  0.000e+00
     39.704    11.9846   3.950017    34.5102       1330     5.5375  0.000e+00
     39.631    11.9846   3.949965    34.5097       1331     5.5417  0.000e+00
     39.573    11.9843   3.950102    34.5114       1332     5.5458  0.000e+00
     39.527    11.9847   3.950180    34.5118       1333     5.5500  0.000e+00
     39.484    11.9855   3.950017    34.5095       1334     5.5542  0.000e+00
     39.451    11.9852   3.949879    34.5084       1335     5.5583  0.000e+00
     39.414    11.9845   3.949853    34.5088       1336     5.5625  0.000e+00
     39.387    11.9840   3.949938    34.5101       1337     5.5667  0.000e+00
     39.362    11.9840   3.949964    34.5104       1338     5.5708  0.000e+00
     39.335    11.9840   3.950082    34.5115       1339     5.5750  0.000e+00
     39.301    11.9845   3.950017    34.5105       1340     5.5792  0.000e+00
     39.271    11.9846   3.949696    34.5073       1341     5.5833  0.000e+00
     39.225    11.9836   3.950017    34.5114       1342     5.5875  0.000e+00
     39.149    11.9838   3.950278    34.5137       1343     5.5917  0.000e+00
     39.094    11.9848   3.949533    34.5055       1344     5.5958  0.000e+00
     39.009    11.9839   3.949749    34.5085       1345     5.6000  0.000e+00
     38.923    11.9823   3.949127    34.5040       1346     5.6042  0.000e+00
     38.826    11.9806   3.949206    34.5064       1347     5.6083  0.000e+00
     38.719    11.9785   3.948722    34.5036       1348     5.6125  0.000e+00
     38.615    11.9767   3.949722    34.5151       1349     5.6167  0.000e+00
     38.515    11.9781   3.950775    34.5241       1350     5.6208  0.000e+00
     38.414    11.9838   3.951632    34.5272       1351     5.6250  0.000e+00
     38.323    11.9901   3.951181    34.5171       1352     5.6292  0.000e+00
     38.231    11.9929   3.951043    34.5131       1353     5.6333  0.000e+00
     38.161    11.9932   3.951370    34.5161       1354     5.6375  0.000e+00
     38.085    11.9940   3.950952    34.5113       1355     5.6417  0.000e+00
     38.033    11.9934   3.950533    34.5078       1356     5.6458  0.000e+00
     37.972    11.9911   3.950775    34.5123       1357     5.6500  0.000e+00
     37.926    11.9903   3.950965    34.5150       1358     5.6542  0.000e+00
     37.856    11.9913   3.951154    34.5159       1359     5.6583  0.000e+00
     37.798    11.9921   3.950827    34.5120       1360     5.6625  0.000e+00
     37.737    11.9920   3.950559    34.5095       1361     5.6667  0.000e+00
     37.664    11.9908   3.950206    34.5072       1362     5.6708  0.000e+00
     37.600    11.9889   3.950585    34.5127       1363     5.6750  0.000e+00
     37.521    11.9885   3.949911    34.5065       1364     5.6792  0.000e+00
     37.447    11.9868   3.949127    34.5005       1365     5.6833  0.000e+00
     37.374    11.9827   3.949153    34.5046       1366     5.6875  0.000e+00
     37.298    11.9802   3.950415    34.5192       1367     5.6917  0.000e+00
     37.234    11.9828   3.949205    34.5050       1368     5.6958  0.000e+00
     37.164    11.9825   3.949722    34.5104       1369     5.7000  0.000e+00
     37.081    11.9811   3.949454    34.5091       1370     5.7042  0.000e+00
     37.008    11.9808   3.948551    34.5006       1371     5.7083  0.000e+00
     36.935    11.9779   3.947315    34.4913       1372     5.7125  0.000e+00
     36.859    11.9716   3.949558    34.5190       1373     5.7167  0.000e+00
     36.774    11.9741   3.946347    34.4854       1374     5.7208  0.000e+00
     36.691    11.9682   3.944975    34.4776       1375     5.7250  0.000e+00
     36.603    11.9571   3.945105    34.4892       1376     5.7292  0.000e+00
     36.517    11.9506   3.946106    34.5049       1377     5.7333  0.000e+00
     36.423    11.9513   3.946701    34.5102       1378     5.7375  0.000e+00
     36.344    11.9549   3.946576    34.5056       1379     5.7417  0.000e+00
     36.267    11.9572   3.946563    34.5034       1380     5.7458  0.000e+00
     36.185    11.9578   3.946589    34.5032       1381     5.7500  0.000e+00
     36.109    11.9580   3.946746    34.5045       1382     5.7542  0.000e+00
     36.045    11.9589   3.946426    34.5006       1383     5.7583  0.000e+00
     35.984    11.9585   3.946184    34.4987       1384     5.7625  0.000e+00
     35.929    11.9569   3.946373    34.5020       1385     5.7667  0.000e+00
     35.874    11.9568   3.946831    34.5066       1386     5.7708  0.000e+00
     35.810    11.9585   3.946726    34.5040       1387     5.7750  0.000e+00
     35.761    11.9593   3.946079    34.4970       1388     5.7792  0.000e+00
     35.709    11.9572   3.945700    34.4952       1389     5.7833  0.000e+00
     35.661    11.9544   3.946099    34.5017       1390     5.7875  0.000e+00
     35.609    11.9542   3.945994    34.5009       1391     5.7917  0.000e+00
     35.569    11.9545   3.945890    34.4997       1392     5.7958  0.000e+00
     35.520    11.9539   3.945536    34.4968       1393     5.8000  0.000e+00
     35.484    11.9520   3.944863    34.4920       1394     5.8042  0.000e+00
     35.441    11.9493   3.944595    34.4919       1395     5.8083  0.000e+00
     35.413    11.9459   3.944569    34.4948       1396     5.8125  0.000e+00
     35.380    11.9442   3.944772    34.4984       1397     5.8167  0.000e+00
     35.346    11.9442   3.945295    34.5035       1398     5.8208  0.000e+00
     35.310    11.9462   3.946184    34.5103       1399     5.8250  0.000e+00
     35.261    11.9503   3.946563    34.5102       1400     5.8292  0.000e+00
     35.194    11.9545   3.946609    34.5068       1401     5.8333  0.000e+00
     35.127    11.9571   3.946131    34.4998       1402     5.8375  0.000e+00
     35.051    11.9574   3.946615    34.5043       1403     5.8417  0.000e+00
     34.962    11.9574   3.947230    34.5103       1404     5.8458  0.000e+00
     34.865    11.9604   3.946563    34.5011       1405     5.8500  0.000e+00
     34.764    11.9605   3.946425    34.4996       1406     5.8542  0.000e+00
     34.648    11.9592   3.946262    34.4994       1407     5.8583  0.000e+00
     34.526    11.9581   3.945647    34.4944       1408     5.8625  0.000e+00
     34.407    11.9556   3.945026    34.4907       1409     5.8667  0.000e+00
     34.288    11.9515   3.944379    34.4882       1410     5.8708  0.000e+00
     34.166    11.9467   3.944346    34.4925       1411     5.8750  0.000e+00
     34.060    11.9439   3.944438    34.4960       1412     5.8792  0.000e+00
     33.953    11.9428   3.944752    34.5001       1413     5.8833  0.000e+00
     33.840    11.9434   3.944784    34.4999       1414     5.8875  0.000e+00
     33.755    11.9443   3.944686    34.4981       1415     5.8917  0.000e+00
     33.672    11.9442   3.944510    34.4965       1416     5.8958  0.000e+00
     33.596    11.9439   3.944568    34.4974       1417     5.9000  0.000e+00
     33.526    11.9437   3.944810    34.5000       1418     5.9042  0.000e+00
     33.465    11.9442   3.944719    34.4987       1419     5.9083  0.000e+00
     33.413    11.9447   3.945026    34.5013       1420     5.9125  0.000e+00
     33.361    11.9456   3.945026    34.5004       1421     5.9167  0.000e+00
     33.309    11.9465   3.944771    34.4971       1422     5.9208  0.000e+00
     33.258    11.9461   3.944673    34.4966       1423     5.9250  0.000e+00
     33.206    11.9450   3.944751    34.4983       1424     5.9292  0.000e+00
     33.160    11.9448   3.944751    34.4986       1425     5.9333  0.000e+00
     33.108    11.9447   3.944803    34.4992       1426     5.9375  0.000e+00
     33.050    11.9448   3.944784    34.4989       1427     5.9417  0.000e+00
     32.998    11.9449   3.944699    34.4980       1428     5.9458  0.000e+00
     32.953    11.9445   3.944686    34.4983       1429     5.9500  0.000e+00
     32.919    11.9443   3.944941    34.5010       1430     5.9542  0.000e+00
     32.879    11.9449   3.944941    34.5005       1431     5.9583  0.000e+00
     32.840    11.9455   3.944967    34.5001       1432     5.9625  0.000e+00
     32.809    11.9460   3.944973    34.4998       1433     5.9667  0.000e+00
     32.782    11.9460   3.944941    34.4994       1434     5.9708  0.000e+00
     32.745    11.9460   3.944999    34.5001       1435     5.9750  0.000e+00
     32.715    11.9463   3.944784    34.4977       1436     5.9792  0.000e+00
     32.666    11.9460   3.944941    34.4996       1437     5.9833  0.000e+00
     32.620    11.9459   3.944431    34.4947       1438     5.9875  0.000e+00
     32.559    11.9450   3.944163    34.4929       1439     5.9917  0.000e+00
     32.489    11.9430   3.944320    34.4964       1440     5.9958  0.000e+00
     32.416    11.9423   3.944699    34.5007       1441     6.0000  0.000e+00
     32.330    11.9436   3.944836    34.5009       1442     6.0042  0.000e+00
     32.242    11.9448   3.944535    34.4969       1443     6.0083  0.000e+00
     32.154    11.9446   3.944522    34.4970       1444     6.0125  0.000e+00
     32.056    11.9443   3.944725    34.4992       1445     6.0167  0.000e+00
