PC2501/sbe057.cnv
* Sea-Bird SBE 19plus Data File:
* FileName = C:\cruise\data\sbe057.hex
* Software Version Seasave V 7.26.7.121
* Temperature SN = 4684
* Conductivity SN = 4684
* System UpLoad Time = Jan 25 2025 07:28:14
* NMEA Latitude = 38 10.69 N
* NMEA Longitude = 071 43.32 W
* NMEA UTC (Time) = Jan 25 2025  07:27:43
** Ship: Pisces
** Cruise:  PC2501
** Program:  AMAPPS
# nquan = 7
# nvalues = 1463                                  
# units = specified
# name 0 = depSM: Depth [salt water, m]
# name 1 = tv290C: Temperature [ITS-90, deg C]
# name 2 = c0S/m: Conductivity [S/m]
# name 3 = sal00: Salinity, Practical [PSU]
# name 4 = scan: Scan Count
# name 5 = timeM: Time, Elapsed [minutes]
# name 6 = flag:  0.000e+00
# span 0 =      0.013,     52.967                 
# span 1 =     2.1373,     8.6976                 
# span 2 =  -0.000871,   3.534016                 
# span 3 =     0.0000,    35.0347                 
# span 4 =         11,       1473                 
# span 5 =     0.0417,     6.1333                 
# span 6 = 0.0000e+00, 0.0000e+00                 
# interval = seconds: 0.25
# start_time = Jan 25 2025 07:27:43 [NMEA time, header]
# bad_flag = -9.990e-29
*END*
      0.050     2.4522   0.000060     0.0003         11     0.0417  0.000e+00
      0.041     2.4454   0.000054     0.0002         12     0.0458  0.000e+00
      0.041     2.4387   0.000066     0.0003         13     0.0500  0.000e+00
      0.047     2.4287   0.000066     0.0003         14     0.0542  0.000e+00
      0.035     2.4212   0.000060     0.0002         15     0.0583  0.000e+00
      0.038     2.4199   0.000066     0.0003         16     0.0625  0.000e+00
      0.044     2.4185   0.000060     0.0002         17     0.0667  0.000e+00
      0.047     2.4167   0.000054     0.0002         18     0.0708  0.000e+00
      0.050     2.4106   0.000060     0.0002         19     0.0750  0.000e+00
      0.038     2.4036   0.000054     0.0002         20     0.0792  0.000e+00
      0.041     2.3846   0.000054     0.0002         21     0.0833  0.000e+00
      0.044     2.3611   0.000048     0.0001         22     0.0875  0.000e+00
      0.050     2.3393   0.000054     0.0001         23     0.0917  0.000e+00
      0.047     2.3196   0.000048     0.0001         24     0.0958  0.000e+00
      0.047     2.3072   0.000054     0.0001         25     0.1000  0.000e+00
      0.047     2.3013   0.000048     0.0001         26     0.1042  0.000e+00
      0.050     2.2881   0.000048     0.0001         27     0.1083  0.000e+00
      0.056     2.2706   0.000042     0.0000         28     0.1125  0.000e+00
      0.053     2.2565   0.000054     0.0001         29     0.1167  0.000e+00
      0.053     2.2397   0.000048     0.0000         30     0.1208  0.000e+00
      0.047     2.2189   0.000054     0.0001         31     0.1250  0.000e+00
      0.040     2.2002  -0.000315     0.0000         32     0.1292  0.000e+00
      0.031     2.1822  -0.000496     0.0000         33     0.1333  0.000e+00
      0.034     2.1702  -0.000357     0.0000         34     0.1375  0.000e+00
      0.047     2.1594  -0.000153     0.0000         35     0.1417  0.000e+00
      0.053     2.1496  -0.000230     0.0000         36     0.1458  0.000e+00
      0.028     2.1373  -0.000871     0.0000         37     0.1500  0.000e+00
      0.013     2.1484  -0.000658     0.0000         38     0.1542  0.000e+00
      0.065     2.1885   0.000054     0.0000         39     0.1583  0.000e+00
      0.168     2.2397   0.207146     1.9050         40     0.1625  0.000e+00
      0.141     2.3386   0.647400     6.3803         41     0.1667  0.000e+00
      0.074     2.9516   1.123736    11.3246         42     0.1708  0.000e+00
      0.053     4.2259   1.627571    16.2617         43     0.1750  0.000e+00
      0.059     5.0680   0.455899     4.0327         44     0.1792  0.000e+00
      0.059     5.2918   0.352766     3.0488         45     0.1833  0.000e+00
      0.052     5.3356   0.301649     2.5787         46     0.1875  0.000e+00
      0.056     5.3349   0.266795     2.2641         47     0.1917  0.000e+00
      0.059     5.3188   0.237575     2.0036         48     0.1958  0.000e+00
      0.055     5.2967   0.214761     1.8021         49     0.2000  0.000e+00
      0.052     5.2672   0.190861     1.5926         50     0.2042  0.000e+00
      0.162     5.2344   2.339344    23.4305         51     0.2083  0.000e+00
      0.543     5.3463   3.380008    35.0347         52     0.2125  0.000e+00
      0.839     5.8640   3.367641    34.3587         53     0.2167  0.000e+00
      1.089     6.2641   3.353104    33.7924         54     0.2208  0.000e+00
      1.303     6.5184   3.374261    33.7759         55     0.2250  0.000e+00
      1.476     6.8629   3.422149    33.9647         56     0.2292  0.000e+00
      1.595     7.2584   3.435840    33.7259         57     0.2333  0.000e+00
      1.702     7.5701   3.444764    33.5201         58     0.2375  0.000e+00
      1.687     7.7973   3.437295    33.2217         59     0.2417  0.000e+00
      1.696     7.9487   3.060031    29.0815         60     0.2458  0.000e+00
      1.647     8.0203   3.364358    32.2338         61     0.2500  0.000e+00
      1.501     8.0552   3.448259    33.0941         62     0.2542  0.000e+00
      1.366     8.0894   3.451091    33.0921         63     0.2583  0.000e+00
      1.254     8.1272   3.350933    31.9935         64     0.2625  0.000e+00
      1.263     8.1516   3.273831    31.1569         65     0.2667  0.000e+00
      1.400     8.1421   3.380870    32.2969         66     0.2708  0.000e+00
      1.598     8.0231   3.416220    32.7830         67     0.2750  0.000e+00
      1.833     7.9227   3.404523    32.7522         68     0.2792  0.000e+00
      2.062     7.8669   3.399112    32.7466         69     0.2833  0.000e+00
      2.269     7.8289   3.398120    32.7716         70     0.2875  0.000e+00
      2.449     7.8026   3.400080    32.8173         71     0.2917  0.000e+00
      2.626     7.7929   3.408774    32.9195         72     0.2958  0.000e+00
      2.787     7.8264   3.431572    33.1321         73     0.3000  0.000e+00
      2.934     7.8913   3.438049    33.1397         74     0.3042  0.000e+00
      3.083     7.9689   3.442747    33.1163         75     0.3083  0.000e+00
      3.178     8.0312   3.448719    33.1210         76     0.3125  0.000e+00
      3.226     8.0744   3.452704    33.1226         77     0.3167  0.000e+00
      3.208     8.1081   3.456691    33.1331         78     0.3208  0.000e+00
      3.171     8.1401   3.457782    33.1145         79     0.3250  0.000e+00
      3.117     8.1727   3.456826    33.0736         80     0.3292  0.000e+00
      3.065     8.1914   3.454265    33.0288         81     0.3333  0.000e+00
      3.068     8.1933   3.451239    32.9949         82     0.3375  0.000e+00
      3.159     8.1891   3.434073    32.8166         83     0.3417  0.000e+00
      3.315     8.1805   3.419658    32.6717         84     0.3458  0.000e+00
      3.486     8.1806   3.422228    32.6988         85     0.3500  0.000e+00
      3.656     8.1670   3.422160    32.7106         86     0.3542  0.000e+00
      3.806     8.1205   3.419486    32.7256         87     0.3583  0.000e+00
      3.970     8.0686   3.412553    32.7003         88     0.3625  0.000e+00
      4.120     8.0344   3.413850    32.7460         89     0.3667  0.000e+00
      4.251     8.0155   3.424813    32.8804         90     0.3708  0.000e+00
      4.373     8.0177   3.435833    32.9957         91     0.3750  0.000e+00
      4.507     8.0382   3.446928    33.0947         92     0.3792  0.000e+00
      4.626     8.0679   3.451576    33.1160         93     0.3833  0.000e+00
      4.720     8.1042   3.453132    33.0982         94     0.3875  0.000e+00
      4.760     8.1316   3.450707    33.0465         95     0.3917  0.000e+00
      4.763     8.1487   3.447355    32.9948         96     0.3958  0.000e+00
      4.775     8.1567   3.443588    32.9472         97     0.4000  0.000e+00
      4.824     8.1609   3.440028    32.9054         98     0.4042  0.000e+00
      4.909     8.1660   3.441966    32.9212         99     0.4083  0.000e+00
      5.031     8.1758   3.448941    32.9861        100     0.4125  0.000e+00
      5.150     8.1854   3.449715    32.9852        101     0.4167  0.000e+00
      5.296     8.1860   3.444610    32.9304        102     0.4208  0.000e+00
      5.449     8.1735   3.425133    32.7353        103     0.4250  0.000e+00
      5.589     8.1586   3.413448    32.6251        104     0.4292  0.000e+00
      5.729     8.1604   3.410214    32.5890        105     0.4333  0.000e+00
      5.866     8.1644   3.422785    32.7186        106     0.4375  0.000e+00
      6.001     8.1637   3.437843    32.8791        107     0.4417  0.000e+00
      6.116     8.1690   3.449381    32.9966        108     0.4458  0.000e+00
      6.232     8.1768   3.454824    33.0470        109     0.4500  0.000e+00
      6.327     8.1764   3.455382    33.0533        110     0.4542  0.000e+00
      6.415     8.1809   3.454545    33.0401        111     0.4583  0.000e+00
      6.491     8.1895   3.453912    33.0252        112     0.4625  0.000e+00
      6.552     8.1974   3.453937    33.0181        113     0.4667  0.000e+00
      6.619     8.2041   3.455227    33.0254        114     0.4708  0.000e+00
      6.677     8.2095   3.456852    33.0375        115     0.4750  0.000e+00
      6.754     8.2130   3.458539    33.0521        116     0.4792  0.000e+00
      6.818     8.2147   3.460109    33.0671        117     0.4833  0.000e+00
      6.888     8.2166   3.459755    33.0616        118     0.4875  0.000e+00
      6.973     8.2179   3.457770    33.0393        119     0.4917  0.000e+00
      7.071     8.2191   3.453788    32.9958        120     0.4958  0.000e+00
      7.184     8.2162   3.442467    32.8784        121     0.5000  0.000e+00
      7.308     8.2027   3.429312    32.7515        122     0.5042  0.000e+00
      7.433     8.1916   3.424188    32.7075        123     0.5083  0.000e+00
      7.568     8.1920   3.423706    32.7019        124     0.5125  0.000e+00
      7.708     8.1944   3.422612    32.6880        125     0.5167  0.000e+00
      7.842     8.1926   3.438499    32.8581        126     0.5208  0.000e+00
      7.967     8.1933   3.450509    32.9849        127     0.5250  0.000e+00
      8.089     8.2000   3.457051    33.0479        128     0.5292  0.000e+00
      8.202     8.1986   3.458664    33.0663        129     0.5333  0.000e+00
      8.309     8.1942   3.459806    33.0825        130     0.5375  0.000e+00
      8.403     8.1932   3.461146    33.0976        131     0.5417  0.000e+00
      8.498     8.1932   3.462095    33.1077        132     0.5458  0.000e+00
      8.577     8.1929   3.462921    33.1167        133     0.5500  0.000e+00
      8.644     8.1930   3.462946    33.1169        134     0.5542  0.000e+00
      8.711     8.1937   3.462362    33.1100        135     0.5583  0.000e+00
      8.772     8.1937   3.461630    33.1021        136     0.5625  0.000e+00
      8.845     8.1945   3.461326    33.0981        137     0.5667  0.000e+00
      8.924     8.1959   3.460234    33.0852        138     0.5708  0.000e+00
      9.022     8.1968   3.458311    33.0639        139     0.5750  0.000e+00
      9.135     8.1974   3.455935    33.0381        140     0.5792  0.000e+00
      9.254     8.1965   3.452419    33.0015        141     0.5833  0.000e+00
      9.385     8.1928   3.443249    32.9076        142     0.5875  0.000e+00
      9.528     8.1823   3.435331    32.8334        143     0.5917  0.000e+00
      9.668     8.1743   3.435635    32.8440        144     0.5958  0.000e+00
      9.821     8.1753   3.437015    32.8576        145     0.6000  0.000e+00
      9.985     8.1650   3.435109    32.8469        146     0.6042  0.000e+00
     10.150     8.1401   3.431602    32.8330        147     0.6083  0.000e+00
     10.314     8.1213   3.428968    32.8225        148     0.6125  0.000e+00
     10.467     8.1157   3.429394    32.8322        149     0.6167  0.000e+00
     10.601     8.1132   3.432171    32.8640        150     0.6208  0.000e+00
     10.720     8.1094   3.435865    32.9068        151     0.6250  0.000e+00
     10.811     8.1146   3.443758    32.9858        152     0.6292  0.000e+00
     10.918     8.1314   3.454274    33.0818        153     0.6333  0.000e+00
     11.000     8.1477   3.461451    33.1427        154     0.6375  0.000e+00
     11.095     8.1547   3.464871    33.1724        155     0.6417  0.000e+00
     11.171     8.1649   3.466455    33.1796        156     0.6458  0.000e+00
     11.241     8.1810   3.467994    33.1806        157     0.6500  0.000e+00
     11.296     8.1946   3.468473    33.1728        158     0.6542  0.000e+00
     11.339     8.2044   3.468292    33.1616        159     0.6583  0.000e+00
     11.375     8.2128   3.468118    33.1519        160     0.6625  0.000e+00
     11.418     8.2204   3.468392    33.1475        161     0.6667  0.000e+00
     11.470     8.2270   3.468603    33.1435        162     0.6708  0.000e+00
     11.552     8.2306   3.467690    33.1303        163     0.6750  0.000e+00
     11.653     8.2321   3.465703    33.1078        164     0.6792  0.000e+00
     11.781     8.2312   3.460439    33.0528        165     0.6833  0.000e+00
     11.915     8.2253   3.451769    32.9663        166     0.6875  0.000e+00
     12.067     8.2160   3.446929    32.9236        167     0.6917  0.000e+00
     12.229     8.2155   3.449674    32.9531        168     0.6958  0.000e+00
     12.393     8.2185   3.449073    32.9439        169     0.7000  0.000e+00
     12.570     8.2027   3.446297    32.9292        170     0.7042  0.000e+00
     12.741     8.1846   3.447456    32.9584        171     0.7083  0.000e+00
     12.903     8.1805   3.456203    33.0550        172     0.7125  0.000e+00
     13.058     8.1862   3.463227    33.1242        173     0.7167  0.000e+00
     13.195     8.1969   3.468243    33.1673        174     0.7208  0.000e+00
     13.314     8.2051   3.470305    33.1814        175     0.7250  0.000e+00
     13.415     8.2154   3.471548    33.1848        176     0.7292  0.000e+00
     13.512     8.2268   3.472008    33.1789        177     0.7333  0.000e+00
     13.613     8.2367   3.472411    33.1737        178     0.7375  0.000e+00
     13.729     8.2442   3.472995    33.1728        179     0.7417  0.000e+00
     13.848     8.2492   3.472852    33.1665        180     0.7458  0.000e+00
     13.970     8.2523   3.472206    33.1566        181     0.7500  0.000e+00
     14.088     8.2545   3.470808    33.1397        182     0.7542  0.000e+00
     14.217     8.2545   3.465144    33.0796        183     0.7583  0.000e+00
     14.342     8.2496   3.456848    32.9962        184     0.7625  0.000e+00
     14.479     8.2491   3.457983    33.0086        185     0.7667  0.000e+00
     14.625     8.2405   3.458833    33.0257        186     0.7708  0.000e+00
     14.765     8.2051   3.459504    33.0660        187     0.7750  0.000e+00
     14.899     8.1646   3.458617    33.0947        188     0.7792  0.000e+00
     15.027     8.1401   3.455243    33.0819        189     0.7833  0.000e+00
     15.162     8.1235   3.454021    33.0846        190     0.7875  0.000e+00
     15.293     8.1119   3.455386    33.1100        191     0.7917  0.000e+00
     15.408     8.1057   3.456093    33.1233        192     0.7958  0.000e+00
     15.524     8.1037   3.456664    33.1312        193     0.8000  0.000e+00
     15.625     8.1140   3.456670    33.1215        194     0.8042  0.000e+00
     15.732     8.1323   3.457029    33.1079        195     0.8083  0.000e+00
     15.817     8.1507   3.461496    33.1380        196     0.8125  0.000e+00
     15.908     8.1718   3.468145    33.1887        197     0.8167  0.000e+00
     15.988     8.1929   3.472618    33.2163        198     0.8208  0.000e+00
     16.064     8.2090   3.474451    33.2204        199     0.8250  0.000e+00
     16.146     8.2239   3.475029    33.2125        200     0.8292  0.000e+00
     16.225     8.2369   3.474892    33.1987        201     0.8333  0.000e+00
     16.317     8.2457   3.473506    33.1756        202     0.8375  0.000e+00
     16.417     8.2483   3.469641    33.1321        203     0.8417  0.000e+00
     16.530     8.2443   3.464127    33.0773        204     0.8458  0.000e+00
     16.640     8.2413   3.461123    33.0483        205     0.8500  0.000e+00
     16.765     8.2416   3.460366    33.0399        206     0.8542  0.000e+00
     16.911     8.2413   3.465245    33.0918        207     0.8583  0.000e+00
     17.055     8.2424   3.483106    33.2802        208     0.8625  0.000e+00
     17.207     8.2583   3.488750    33.3250        209     0.8667  0.000e+00
     17.362     8.2852   3.489298    33.3052        210     0.8708  0.000e+00
     17.524     8.3054   3.489846    33.2918        211     0.8750  0.000e+00
     17.686     8.3176   3.489983    33.2816        212     0.8792  0.000e+00
     17.856     8.3243   3.489821    33.2735        213     0.8833  0.000e+00
     18.021     8.3267   3.490275    33.2760        214     0.8875  0.000e+00
     18.179     8.3286   3.491097    33.2828        215     0.8917  0.000e+00
