PC2501/sbe080.cnv
* Sea-Bird SBE 19plus Data File:
* FileName = C:\cruise\data\sbe080.hex
* Software Version Seasave V 7.26.7.121
* Temperature SN = 4684
* Conductivity SN = 4684
* System UpLoad Time = Feb 11 2025 03:37:48
* NMEA Latitude = 36 28.37 N
* NMEA Longitude = 072 45.67 W
* NMEA UTC (Time) = Feb 11 2025  03:37:27
** Ship: Pisces
** Cruise:  PC2501
** Program:  AMAPPS
# nquan = 7
# nvalues = 6168                                  
# units = specified
# name 0 = depSM: Depth [salt water, m]
# name 1 = tv290C: Temperature [ITS-90, deg C]
# name 2 = c0S/m: Conductivity [S/m]
# name 3 = sal00: Salinity, Practical [PSU]
# name 4 = scan: Scan Count
# name 5 = timeM: Time, Elapsed [minutes]
# name 6 = flag:  0.000e+00
# span 0 =      0.149,    200.505                 
# span 1 =    10.0598,    22.2226                 
# span 2 =  -0.133716,   5.242240                 
# span 3 =     0.0000,    41.3948                 
# span 4 =         11,       6178                 
# span 5 =     0.0417,    25.7375                 
# span 6 = 0.0000e+00, 0.0000e+00                 
# interval = seconds: 0.25
# start_time = Feb 11 2025 03:37:27 [NMEA time, header]
# bad_flag = -9.990e-29
*END*
[from data line 3693]
    112.136    20.6214   5.078327    36.7727       3704    15.4292  0.000e+00
    112.066    20.6223   5.078290    36.7716       3705    15.4333  0.000e+00
    111.992    20.6228   5.078355    36.7718       3706    15.4375  0.000e+00
    111.910    20.6230   5.078290    36.7710       3707    15.4417  0.000e+00
    111.822    20.6231   5.078225    36.7705       3708    15.4458  0.000e+00
    111.727    20.6230   5.078326    36.7714       3709    15.4500  0.000e+00
    111.651    20.6227   5.078355    36.7719       3710    15.4542  0.000e+00
    111.562    20.6232   5.078355    36.7716       3711    15.4583  0.000e+00
    111.483    20.6235   5.078392    36.7716       3712    15.4625  0.000e+00
    111.419    20.6238   5.078428    36.7717       3713    15.4667  0.000e+00
    111.340    20.6236   5.078428    36.7719       3714    15.4708  0.000e+00
    111.288    20.6241   5.078493    36.7720       3715    15.4750  0.000e+00
    111.221    20.6244   5.078457    36.7714       3716    15.4792  0.000e+00
    111.154    20.6248   5.078595    36.7723       3717    15.4833  0.000e+00
    111.096    20.6250   5.078631    36.7724       3718    15.4875  0.000e+00
    111.029    20.6257   5.078696    36.7723       3719    15.4917  0.000e+00
    110.968    20.6262   5.078732    36.7722       3720    15.4958  0.000e+00
    110.888    20.6268   5.078732    36.7717       3721    15.5000  0.000e+00
    110.809    20.6270   5.078696    36.7713       3722    15.5042  0.000e+00
    110.730    20.6273   5.078834    36.7722       3723    15.5083  0.000e+00
    110.651    20.6277   5.078899    36.7724       3724    15.5125  0.000e+00
    110.568    20.6281   5.078899    36.7721       3725    15.5167  0.000e+00
    110.474    20.6285   5.078863    36.7715       3726    15.5208  0.000e+00
    110.370    20.6291   5.079001    36.7721       3727    15.5250  0.000e+00
    110.291    20.6295   5.079204    36.7734       3728    15.5292  0.000e+00
    110.218    20.6303   5.079233    36.7730       3729    15.5333  0.000e+00
    110.132    20.6312   5.079233    36.7722       3730    15.5375  0.000e+00
    110.047    20.6320   5.079233    36.7716       3731    15.5417  0.000e+00
    109.964    20.6322   5.079233    36.7715       3732    15.5458  0.000e+00
    109.894    20.6323   5.079305    36.7720       3733    15.5500  0.000e+00
    109.821    20.6329   5.079305    36.7715       3734    15.5542  0.000e+00
    109.742    20.6329   5.079371    36.7721       3735    15.5583  0.000e+00
    109.675    20.6332   5.079472    36.7727       3736    15.5625  0.000e+00
    109.605    20.6337   5.079508    36.7725       3737    15.5667  0.000e+00
    109.531    20.6345   5.079639    36.7729       3738    15.5708  0.000e+00
    109.458    20.6351   5.079712    36.7730       3739    15.5750  0.000e+00
    109.385    20.6360   5.079813    36.7731       3740    15.5792  0.000e+00
    109.309    20.6368   5.079813    36.7724       3741    15.5833  0.000e+00
    109.236    20.6376   5.080016    36.7735       3742    15.5875  0.000e+00
    109.162    20.6385   5.080220    36.7744       3743    15.5917  0.000e+00
    109.086    20.6398   5.080285    36.7738       3744    15.5958  0.000e+00
    109.001    20.6409   5.080249    36.7726       3745    15.6000  0.000e+00
    108.928    20.6419   5.080416    36.7731       3746    15.6042  0.000e+00
    108.851    20.6426   5.080553    36.7736       3747    15.6083  0.000e+00
    108.778    20.6436   5.080590    36.7731       3748    15.6125  0.000e+00
    108.696    20.6442   5.080619    36.7728       3749    15.6167  0.000e+00
    108.616    20.6451   5.080655    36.7724       3750    15.6208  0.000e+00
    108.534    20.6456   5.080655    36.7719       3751    15.6250  0.000e+00
    108.443    20.6460   5.080655    36.7717       3752    15.6292  0.000e+00
    108.360    20.6460   5.080655    36.7717       3753    15.6333  0.000e+00
    108.278    20.6461   5.080691    36.7719       3754    15.6375  0.000e+00
    108.196    20.6463   5.080793    36.7726       3755    15.6417  0.000e+00
    108.113    20.6468   5.080793    36.7722       3756    15.6458  0.000e+00
    108.031    20.6473   5.080858    36.7724       3757    15.6500  0.000e+00
    107.946    20.6478   5.080923    36.7725       3758    15.6542  0.000e+00
    107.860    20.6484   5.080959    36.7723       3759    15.6583  0.000e+00
    107.793    20.6486   5.080959    36.7721       3760    15.6625  0.000e+00
    107.717    20.6488   5.080959    36.7720       3761    15.6667  0.000e+00
    107.644    20.6493   5.081061    36.7724       3762    15.6708  0.000e+00
    107.576    20.6498   5.081228    36.7734       3763    15.6750  0.000e+00
    107.506    20.6505   5.081402    36.7742       3764    15.6792  0.000e+00
    107.442    20.6518   5.081569    36.7744       3765    15.6833  0.000e+00
    107.363    20.6534   5.082041    36.7770       3766    15.6875  0.000e+00
    107.296    20.6557   5.082615    36.7797       3767    15.6917  0.000e+00
    107.223    20.6594   5.083261    36.7817       3768    15.6958  0.000e+00
    107.140    20.6638   5.083835    36.7826       3769    15.7000  0.000e+00
    107.061    20.6689   5.084306    36.7820       3770    15.7042  0.000e+00
    107.006    20.6739   5.085192    36.7850       3771    15.7083  0.000e+00
    106.930    20.6798   5.086202    36.7881       3772    15.7125  0.000e+00
    106.860    20.6870   5.086950    36.7879       3773    15.7167  0.000e+00
    106.799    20.6945   5.087219    36.7837       3774    15.7208  0.000e+00
    106.735    20.7002   5.087320    36.7796       3775    15.7250  0.000e+00
    106.674    20.7036   5.087320    36.7767       3776    15.7292  0.000e+00
    106.610    20.7056   5.087284    36.7747       3777    15.7333  0.000e+00
    106.549    20.7062   5.087255    36.7739       3778    15.7375  0.000e+00
    106.482    20.7064   5.087255    36.7738       3779    15.7417  0.000e+00
    106.418    20.7065   5.087356    36.7745       3780    15.7458  0.000e+00
    106.341    20.7067   5.087356    36.7744       3781    15.7500  0.000e+00
    106.277    20.7070   5.087422    36.7747       3782    15.7542  0.000e+00
    106.210    20.7074   5.087625    36.7760       3783    15.7583  0.000e+00
    106.119    20.7084   5.087828    36.7769       3784    15.7625  0.000e+00
    106.049    20.7097   5.087894    36.7763       3785    15.7667  0.000e+00
    105.982    20.7110   5.088133    36.7771       3786    15.7708  0.000e+00
    105.911    20.7125   5.088300    36.7772       3787    15.7750  0.000e+00
    105.850    20.7141   5.088438    36.7770       3788    15.7792  0.000e+00
    105.780    20.7156   5.088475    36.7760       3789    15.7833  0.000e+00
    105.713    20.7165   5.088576    36.7761       3790    15.7875  0.000e+00
    105.661    20.7174   5.088642    36.7759       3791    15.7917  0.000e+00
    105.594    20.7180   5.088678    36.7757       3792    15.7958  0.000e+00
    105.533    20.7189   5.088780    36.7757       3793    15.8000  0.000e+00
    105.472    20.7196   5.089049    36.7773       3794    15.8042  0.000e+00
    105.405    20.7209   5.089252    36.7778       3795    15.8083  0.000e+00
    105.344    20.7227   5.089354    36.7772       3796    15.8125  0.000e+00
    105.277    20.7240   5.089593    36.7780       3797    15.8167  0.000e+00
    105.219    20.7259   5.090029    36.7799       3798    15.8208  0.000e+00
    105.140    20.7283   5.090472    36.7814       3799    15.8250  0.000e+00
    105.073    20.7315   5.090538    36.7793       3800    15.8292  0.000e+00
    105.003    20.7340   5.090574    36.7775       3801    15.8333  0.000e+00
    104.935    20.7354   5.090676    36.7770       3802    15.8375  0.000e+00
    104.862    20.7364   5.090915    36.7781       3803    15.8417  0.000e+00
    104.798    20.7377   5.091148    36.7789       3804    15.8458  0.000e+00
    104.722    20.7396   5.091250    36.7782       3805    15.8500  0.000e+00
    104.655    20.7412   5.091453    36.7784       3806    15.8542  0.000e+00
    104.603    20.7429   5.091591    36.7782       3807    15.8583  0.000e+00
    104.533    20.7442   5.091693    36.7779       3808    15.8625  0.000e+00
    104.466    20.7456   5.091758    36.7772       3809    15.8667  0.000e+00
    104.402    20.7465   5.091729    36.7762       3810    15.8708  0.000e+00
    104.335    20.7472   5.091729    36.7757       3811    15.8750  0.000e+00
    104.264    20.7475   5.091729    36.7754       3812    15.8792  0.000e+00
    104.194    20.7474   5.091692    36.7752       3813    15.8833  0.000e+00
    104.130    20.7474   5.091729    36.7755       3814    15.8875  0.000e+00
    104.072    20.7473   5.091692    36.7753       3815    15.8917  0.000e+00
    104.005    20.7472   5.091729    36.7757       3816    15.8958  0.000e+00
    103.932    20.7473   5.091729    36.7757       3817    15.9000  0.000e+00
    103.874    20.7474   5.091729    36.7756       3818    15.9042  0.000e+00
    103.810    20.7476   5.091729    36.7755       3819    15.9083  0.000e+00
    103.752    20.7476   5.091794    36.7760       3820    15.9125  0.000e+00
    103.685    20.7477   5.091830    36.7762       3821    15.9167  0.000e+00
    103.630    20.7481   5.091932    36.7767       3822    15.9208  0.000e+00
    103.575    20.7487   5.092034    36.7771       3823    15.9250  0.000e+00
    103.508    20.7492   5.092135    36.7775       3824    15.9292  0.000e+00
    103.453    20.7503   5.092164    36.7768       3825    15.9333  0.000e+00
    103.392    20.7510   5.092164    36.7762       3826    15.9375  0.000e+00
    103.331    20.7512   5.092201    36.7764       3827    15.9417  0.000e+00
    103.273    20.7516   5.092237    36.7763       3828    15.9458  0.000e+00
    103.215    20.7519   5.092201    36.7758       3829    15.9500  0.000e+00
    103.151    20.7519   5.092266    36.7763       3830    15.9542  0.000e+00
    103.087    20.7522   5.092302    36.7764       3831    15.9583  0.000e+00
    103.029    20.7524   5.092339    36.7765       3832    15.9625  0.000e+00
    102.974    20.7528   5.092339    36.7762       3833    15.9667  0.000e+00
    102.910    20.7530   5.092339    36.7761       3834    15.9708  0.000e+00
    102.849    20.7532   5.092339    36.7759       3835    15.9750  0.000e+00
    102.782    20.7532   5.092339    36.7760       3836    15.9792  0.000e+00
    102.703    20.7531   5.092338    36.7761       3837    15.9833  0.000e+00
    102.633    20.7532   5.092440    36.7769       3838    15.9875  0.000e+00
    102.553    20.7534   5.092644    36.7783       3839    15.9917  0.000e+00
    102.492    20.7544   5.092673    36.7777       3840    15.9958  0.000e+00
    102.413    20.7553   5.092607    36.7764       3841    16.0000  0.000e+00
    102.337    20.7558   5.092571    36.7757       3842    16.0042  0.000e+00
    102.273    20.7559   5.092571    36.7757       3843    16.0083  0.000e+00
    102.212    20.7558   5.092571    36.7758       3844    16.0125  0.000e+00
    102.154    20.7559   5.092607    36.7760       3845    16.0167  0.000e+00
    102.105    20.7556   5.092607    36.7763       3846    16.0208  0.000e+00
    102.062    20.7557   5.092643    36.7765       3847    16.0250  0.000e+00
    102.014    20.7561   5.092542    36.7754       3848    16.0292  0.000e+00
    101.965    20.7557   5.092672    36.7768       3849    16.0333  0.000e+00
    101.922    20.7558   5.092571    36.7759       3850    16.0375  0.000e+00
    101.861    20.7560   5.092571    36.7758       3851    16.0417  0.000e+00
    101.821    20.7557   5.092607    36.7764       3852    16.0458  0.000e+00
    101.770    20.7557   5.092607    36.7764       3853    16.0500  0.000e+00
    101.706    20.7559   5.092643    36.7765       3854    16.0542  0.000e+00
    101.632    20.7560   5.092643    36.7764       3855    16.0583  0.000e+00
    101.559    20.7561   5.092672    36.7766       3856    16.0625  0.000e+00
    101.507    20.7563   5.092643    36.7762       3857    16.0667  0.000e+00
    101.437    20.7562   5.092643    36.7763       3858    16.0708  0.000e+00
    101.364    20.7561   5.092643    36.7765       3859    16.0750  0.000e+00
    101.297    20.7564   5.092607    36.7759       3860    16.0792  0.000e+00
    101.227    20.7562   5.092672    36.7766       3861    16.0833  0.000e+00
    101.154    20.7564   5.092607    36.7760       3862    16.0875  0.000e+00
    101.090    20.7561   5.092643    36.7766       3863    16.0917  0.000e+00
    101.022    20.7562   5.092708    36.7770       3864    16.0958  0.000e+00
    100.949    20.7563   5.092708    36.7769       3865    16.1000  0.000e+00
    100.894    20.7567   5.092708    36.7766       3866    16.1042  0.000e+00
    100.824    20.7570   5.092708    36.7764       3867    16.1083  0.000e+00
    100.778    20.7571   5.092672    36.7761       3868    16.1125  0.000e+00
    100.724    20.7570   5.092672    36.7761       3869    16.1167  0.000e+00
    100.663    20.7570   5.092643    36.7759       3870    16.1208  0.000e+00
    100.611    20.7569   5.092643    36.7760       3871    16.1250  0.000e+00
    100.553    20.7569   5.092672    36.7763       3872    16.1292  0.000e+00
    100.501    20.7571   5.092672    36.7762       3873    16.1333  0.000e+00
    100.434    20.7569   5.092672    36.7763       3874    16.1375  0.000e+00
    100.373    20.7570   5.092643    36.7760       3875    16.1417  0.000e+00
    100.300    20.7569   5.092643    36.7761       3876    16.1458  0.000e+00
    100.245    20.7570   5.092672    36.7763       3877    16.1500  0.000e+00
    100.171    20.7570   5.092642    36.7761       3878    16.1542  0.000e+00
    100.104    20.7568   5.092642    36.7763       3879    16.1583  0.000e+00
    100.037    20.7568   5.092642    36.7763       3880    16.1625  0.000e+00
     99.973    20.7569   5.092642    36.7763       3881    16.1667  0.000e+00
     99.900    20.7568   5.092671    36.7766       3882    16.1708  0.000e+00
     99.848    20.7568   5.092606    36.7761       3883    16.1750  0.000e+00
     99.778    20.7567   5.092642    36.7765       3884    16.1792  0.000e+00
     99.726    20.7568   5.092606    36.7761       3885    16.1833  0.000e+00
     99.662    20.7567   5.092606    36.7762       3886    16.1875  0.000e+00
     99.607    20.7569   5.092606    36.7761       3887    16.1917  0.000e+00
     99.565    20.7568   5.092708    36.7770       3888    16.1958  0.000e+00
     99.497    20.7572   5.092773    36.7772       3889    16.2000  0.000e+00
     99.439    20.7577   5.092744    36.7766       3890    16.2042  0.000e+00
     99.391    20.7580   5.092809    36.7769       3891    16.2083  0.000e+00
     99.333    20.7582   5.092773    36.7764       3892    16.2125  0.000e+00
     99.266    20.7583   5.092809    36.7767       3893    16.2167  0.000e+00
     99.202    20.7584   5.092773    36.7763       3894    16.2208  0.000e+00
     99.125    20.7586   5.092773    36.7761       3895    16.2250  0.000e+00
     99.046    20.7586   5.092707    36.7756       3896    16.2292  0.000e+00
     98.970    20.7583   5.092773    36.7765       3897    16.2333  0.000e+00
     98.887    20.7580   5.092809    36.7770       3898    16.2375  0.000e+00
     98.814    20.7584   5.092773    36.7765       3899    16.2417  0.000e+00
     98.735    20.7585   5.092845    36.7770       3900    16.2458  0.000e+00
     98.665    20.7588   5.092772    36.7762       3901    16.2500  0.000e+00
     98.573    20.7588   5.092845    36.7768       3902    16.2542  0.000e+00
     98.512    20.7590   5.092809    36.7764       3903    16.2583  0.000e+00
     98.445    20.7590   5.092874    36.7768       3904    16.2625  0.000e+00
     98.384    20.7592   5.092947    36.7773       3905    16.2667  0.000e+00
     98.311    20.7595   5.092910    36.7768       3906    16.2708  0.000e+00
     98.265    20.7599   5.092874    36.7761       3907    16.2750  0.000e+00
