PC2501/sbe018.cnv
* Sea-Bird SBE 19plus Data File:
* FileName = C:\cruise\data\sbe018.hex
* Software Version Seasave V 7.26.7.121
* Temperature SN = 4684
* Conductivity SN = 4684
* System UpLoad Time = Jan 13 2025 07:09:00
* NMEA Latitude = 38 04.18 N
* NMEA Longitude = 073 08.16 W
* NMEA UTC (Time) = Jan 13 2025  07:08:22
** Ship: Pisces
** Cruise:  PC2501
** Program:  AMAPPS
# nquan = 7
# nvalues = 1825                                  
# units = specified
# name 0 = depSM: Depth [salt water, m]
# name 1 = tv290C: Temperature [ITS-90, deg C]
# name 2 = c0S/m: Conductivity [S/m]
# name 3 = sal00: Salinity, Practical [PSU]
# name 4 = scan: Scan Count
# name 5 = timeM: Time, Elapsed [minutes]
# name 6 = flag:  0.000e+00
# span 0 =      0.054,     49.987                 
# span 1 =     5.9912,    14.0980                 
# span 2 =   0.000030,   4.202830                 
# span 3 =     0.0026,    37.8762                 
# span 4 =         11,       1835                 
# span 5 =     0.0417,     7.6417                 
# span 6 = 0.0000e+00, 0.0000e+00                 
# interval = seconds: 0.25
# start_time = Jan 13 2025 07:08:22 [NMEA time, header]
# bad_flag = -9.990e-29
*END*
[from data line 1642]
      5.762    14.0558   4.195610    34.9641       1653     6.8833  0.000e+00
      5.725    14.0560   4.195584    34.9637       1654     6.8875  0.000e+00
      5.704    14.0558   4.195584    34.9639       1655     6.8917  0.000e+00
      5.683    14.0556   4.195671    34.9649       1656     6.8958  0.000e+00
      5.667    14.0555   4.195698    34.9652       1657     6.9000  0.000e+00
      5.664    14.0561   4.195557    34.9634       1658     6.9042  0.000e+00
      5.667    14.0560   4.195289    34.9610       1659     6.9083  0.000e+00
      5.673    14.0547   4.195235    34.9617       1660     6.9125  0.000e+00
      5.692    14.0534   4.194773    34.9586       1661     6.9167  0.000e+00
      5.704    14.0510   4.194216    34.9555       1662     6.9208  0.000e+00
      5.707    14.0476   4.194391    34.9602       1663     6.9250  0.000e+00
      5.713    14.0452   4.194598    34.9644       1664     6.9292  0.000e+00
      5.698    14.0448   4.195088    34.9692       1665     6.9333  0.000e+00
      5.686    14.0467   4.195175    34.9684       1666     6.9375  0.000e+00
      5.673    14.0489   4.195235    34.9669       1667     6.9417  0.000e+00
      5.643    14.0504   4.195148    34.9648       1668     6.9458  0.000e+00
      5.606    14.0508   4.194451    34.9579       1669     6.9500  0.000e+00
      5.567    14.0494   4.193841    34.9535       1670     6.9542  0.000e+00
      5.521    14.0450   4.193814    34.9573       1671     6.9583  0.000e+00
      5.481    14.0416   4.194076    34.9629       1672     6.9625  0.000e+00
      5.429    14.0408   4.194216    34.9650       1673     6.9667  0.000e+00
      5.371    14.0414   4.194216    34.9644       1674     6.9708  0.000e+00
      5.322    14.0421   4.194129    34.9630       1675     6.9750  0.000e+00
      5.277    14.0425   4.194511    34.9662       1676     6.9792  0.000e+00
      5.231    14.0436   4.194424    34.9644       1677     6.9833  0.000e+00
      5.173    14.0444   4.194364    34.9631       1678     6.9875  0.000e+00
      5.115    14.0446   4.194303    34.9624       1679     6.9917  0.000e+00
      5.054    14.0444   4.194042    34.9601       1680     6.9958  0.000e+00
      4.996    14.0434   4.194075    34.9614       1681     7.0000  0.000e+00
      4.944    14.0424   4.194042    34.9620       1682     7.0042  0.000e+00
      4.929    14.0420   4.193754    34.9597       1683     7.0083  0.000e+00
      4.938    14.0409   4.193988    34.9629       1684     7.0125  0.000e+00
      4.953    14.0405   4.195088    34.9735       1685     7.0167  0.000e+00
      4.978    14.0441   4.195148    34.9708       1686     7.0208  0.000e+00
      4.996    14.0477   4.193780    34.9548       1687     7.0250  0.000e+00
      4.990    14.0461   4.193231    34.9511       1688     7.0292  0.000e+00
      4.962    14.0416   4.193258    34.9555       1689     7.0333  0.000e+00
      4.929    14.0379   4.193519    34.9613       1690     7.0375  0.000e+00
      4.871    14.0368   4.193432    34.9615       1691     7.0417  0.000e+00
      4.813    14.0364   4.193814    34.9654       1692     7.0458  0.000e+00
      4.746    14.0372   4.193606    34.9628       1693     7.0500  0.000e+00
      4.706    14.0379   4.193492    34.9611       1694     7.0542  0.000e+00
      4.669    14.0375   4.193553    34.9620       1695     7.0583  0.000e+00
      4.633    14.0373   4.193519    34.9620       1696     7.0625  0.000e+00
      4.599    14.0373   4.193492    34.9617       1697     7.0667  0.000e+00
      4.557    14.0371   4.193519    34.9621       1698     7.0708  0.000e+00
      4.511    14.0369   4.193378    34.9610       1699     7.0750  0.000e+00
      4.483    14.0367   4.193171    34.9593       1700     7.0792  0.000e+00
      4.465    14.0356   4.192970    34.9584       1701     7.0833  0.000e+00
      4.453    14.0341   4.192970    34.9598       1702     7.0875  0.000e+00
      4.468    14.0330   4.192882    34.9599       1703     7.0917  0.000e+00
      4.489    14.0319   4.192420    34.9567       1704     7.0958  0.000e+00
      4.517    14.0295   4.192621    34.9607       1705     7.1000  0.000e+00
      4.547    14.0286   4.192735    34.9626       1706     7.1042  0.000e+00
      4.572    14.0286   4.192099    34.9567       1707     7.1083  0.000e+00
      4.596    14.0268   4.192735    34.9642       1708     7.1125  0.000e+00
      4.608    14.0267   4.192796    34.9648       1709     7.1167  0.000e+00
      4.590    14.0280   4.192420    34.9601       1710     7.1208  0.000e+00
      4.544    14.0269   4.192507    34.9620       1711     7.1250  0.000e+00
      4.483    14.0261   4.192420    34.9619       1712     7.1292  0.000e+00
      4.398    14.0258   4.193640    34.9736       1713     7.1333  0.000e+00
      4.300    14.0276   4.194162    34.9769       1714     7.1375  0.000e+00
      4.209    14.0322   4.194276    34.9738       1715     7.1417  0.000e+00
      4.135    14.0355   4.194303    34.9711       1716     7.1458  0.000e+00
      4.071    14.0378   4.194652    34.9723       1717     7.1500  0.000e+00
      4.032    14.0403   4.194511    34.9687       1718     7.1542  0.000e+00
      4.007    14.0413   4.194826    34.9707       1719     7.1583  0.000e+00
      3.998    14.0427   4.194826    34.9695       1720     7.1625  0.000e+00
      3.989    14.0441   4.194973    34.9696       1721     7.1667  0.000e+00
      4.001    14.0456   4.194886    34.9674       1722     7.1708  0.000e+00
      4.019    14.0461   4.194826    34.9663       1723     7.1750  0.000e+00
      4.044    14.0457   4.194739    34.9659       1724     7.1792  0.000e+00
      4.065    14.0450   4.194799    34.9671       1725     7.1833  0.000e+00
      4.083    14.0450   4.194913    34.9682       1726     7.1875  0.000e+00
      4.077    14.0455   4.194973    34.9683       1727     7.1917  0.000e+00
      4.059    14.0461   4.195174    34.9696       1728     7.1958  0.000e+00
      4.025    14.0473   4.195409    34.9707       1729     7.2000  0.000e+00
      3.973    14.0489   4.195985    34.9746       1730     7.2042  0.000e+00
      3.940    14.0518   4.196253    34.9746       1731     7.2083  0.000e+00
      3.909    14.0556   4.195583    34.9648       1732     7.2125  0.000e+00
      3.909    14.0556   4.195348    34.9627       1733     7.2167  0.000e+00
      3.909    14.0531   4.195322    34.9647       1734     7.2208  0.000e+00
      3.915    14.0516   4.195382    34.9666       1735     7.2250  0.000e+00
      3.906    14.0510   4.195382    34.9671       1736     7.2292  0.000e+00
      3.891    14.0510   4.195409    34.9674       1737     7.2333  0.000e+00
      3.836    14.0513   4.195321    34.9663       1738     7.2375  0.000e+00
      3.778    14.0510   4.195261    34.9661       1739     7.2417  0.000e+00
      3.705    14.0507   4.195234    34.9661       1740     7.2458  0.000e+00
      3.629    14.0502   4.195757    34.9715       1741     7.2500  0.000e+00
      3.552    14.0520   4.195409    34.9667       1742     7.2542  0.000e+00
      3.485    14.0526   4.195435    34.9664       1743     7.2583  0.000e+00
      3.409    14.0521   4.195288    34.9655       1744     7.2625  0.000e+00
      3.351    14.0516   4.195496    34.9679       1745     7.2667  0.000e+00
      3.290    14.0515   4.195784    34.9707       1746     7.2708  0.000e+00
      3.220    14.0531   4.195784    34.9693       1747     7.2750  0.000e+00
      3.159    14.0542   4.195784    34.9683       1748     7.2792  0.000e+00
      3.116    14.0548   4.195730    34.9673       1749     7.2833  0.000e+00
      3.095    14.0550   4.195757    34.9674       1750     7.2875  0.000e+00
      3.092    14.0548   4.195583    34.9659       1751     7.2917  0.000e+00
      3.119    14.0544   4.195757    34.9678       1752     7.2958  0.000e+00
      3.137    14.0544   4.195784    34.9681       1753     7.3000  0.000e+00
      3.165    14.0548   4.195844    34.9683       1754     7.3042  0.000e+00
      3.180    14.0550   4.195817    34.9678       1755     7.3083  0.000e+00
      3.211    14.0553   4.195757    34.9670       1756     7.3125  0.000e+00
      3.241    14.0553   4.195670    34.9662       1757     7.3167  0.000e+00
      3.268    14.0548   4.195730    34.9672       1758     7.3208  0.000e+00
      3.302    14.0546   4.195757    34.9676       1759     7.3250  0.000e+00
      3.314    14.0546   4.195784    34.9679       1760     7.3292  0.000e+00
      3.308    14.0548   4.195784    34.9676       1761     7.3333  0.000e+00
      3.290    14.0550   4.195784    34.9675       1762     7.3375  0.000e+00
      3.250    14.0550   4.196045    34.9699       1763     7.3417  0.000e+00
      3.189    14.0562   4.196018    34.9686       1764     7.3458  0.000e+00
      3.113    14.0572   4.196072    34.9683       1765     7.3500  0.000e+00
      3.043    14.0579   4.195931    34.9664       1766     7.3542  0.000e+00
      2.975    14.0578   4.195582    34.9632       1767     7.3583  0.000e+00
      2.914    14.0560   4.196072    34.9694       1768     7.3625  0.000e+00
      2.844    14.0560   4.196253    34.9711       1769     7.3667  0.000e+00
      2.780    14.0580   4.196367    34.9704       1770     7.3708  0.000e+00
      2.728    14.0593   4.196253    34.9682       1771     7.3750  0.000e+00
      2.686    14.0601   4.196541    34.9702       1772     7.3792  0.000e+00
      2.658    14.0610   4.196393    34.9680       1773     7.3833  0.000e+00
      2.631    14.0613   4.195636    34.9606       1774     7.3875  0.000e+00
      2.609    14.0584   4.196045    34.9671       1775     7.3917  0.000e+00
      2.563    14.0573   4.196568    34.9730       1776     7.3958  0.000e+00
      2.521    14.0595   4.196279    34.9684       1777     7.4000  0.000e+00
      2.472    14.0607   4.195984    34.9646       1778     7.4042  0.000e+00
      2.399    14.0597   4.196306    34.9684       1779     7.4083  0.000e+00
      2.335    14.0596   4.196045    34.9662       1780     7.4125  0.000e+00
      2.255    14.0595   4.195756    34.9636       1781     7.4167  0.000e+00
      2.194    14.0577   4.195870    34.9663       1782     7.4208  0.000e+00
      2.145    14.0566   4.195984    34.9684       1783     7.4250  0.000e+00
      2.103    14.0572   4.196045    34.9684       1784     7.4292  0.000e+00
      2.063    14.0579   4.196071    34.9680       1785     7.4333  0.000e+00
      2.008    14.0585   4.196105    34.9679       1786     7.4375  0.000e+00
      1.926    14.0589   4.196453    34.9707       1787     7.4417  0.000e+00
      1.822    14.0600   4.196306    34.9684       1788     7.4458  0.000e+00
      1.727    14.0611   4.196071    34.9653       1789     7.4500  0.000e+00
      1.660    14.0603   4.195930    34.9647       1790     7.4542  0.000e+00
      1.630    14.0591   4.195555    34.9623       1791     7.4583  0.000e+00
      1.602    14.0564   4.195233    34.9618       1792     7.4625  0.000e+00
      1.563    14.0532   4.195870    34.9706       1793     7.4667  0.000e+00
      1.505    14.0535   4.195904    34.9707       1794     7.4708  0.000e+00
      1.447    14.0554   4.195843    34.9685       1795     7.4750  0.000e+00
      1.383    14.0563   4.195870    34.9679       1796     7.4792  0.000e+00
      1.331    14.0566   4.195957    34.9685       1797     7.4833  0.000e+00
      1.294    14.0567   4.195521    34.9643       1798     7.4875  0.000e+00
      1.279    14.0548   4.194771    34.9591       1799     7.4917  0.000e+00
      1.251    14.0500   4.194824    34.9640       1800     7.4958  0.000e+00
      1.166    14.0469   4.195032    34.9688       1801     7.5000  0.000e+00
      1.074    14.0469   4.195669    34.9747       1802     7.5042  0.000e+00
      0.986    14.0499   4.195669    34.9721       1803     7.5083  0.000e+00
      0.907    14.0518   4.195173    34.9657       1804     7.5125  0.000e+00
      0.791    14.0518   4.196105    34.9745       1805     7.5167  0.000e+00
      0.717    14.0544   4.195903    34.9703       1806     7.5208  0.000e+00
      0.769    14.0562   4.195086    34.9609       1807     7.5250  0.000e+00
      0.873    14.0529   4.194972    34.9629       1808     7.5292  0.000e+00
      0.943    14.0495   4.195233    34.9683       1809     7.5333  0.000e+00
      0.943    14.0490   4.195260    34.9691       1810     7.5375  0.000e+00
      0.864    14.0493   4.195521    34.9712       1811     7.5417  0.000e+00
      0.785    14.0499   4.195146    34.9672       1812     7.5458  0.000e+00
      0.745    14.0493   4.194100    34.9581       1813     7.5500  0.000e+00
      0.690    14.0459   4.193343    34.9541       1814     7.5542  0.000e+00
      0.489    14.0383   4.193779    34.9652       1815     7.5583  0.000e+00
      0.293    14.0350   4.193517    34.9658       1816     7.5625  0.000e+00
      0.275    14.0336   4.199242    35.0205       1817     7.5667  0.000e+00
      0.357    14.0474   4.194797    34.9665       1818     7.5708  0.000e+00
      0.449    14.0556   4.192907    34.9413       1819     7.5750  0.000e+00
      0.464    14.0422   4.192331    34.9482       1820     7.5792  0.000e+00
      0.397    14.0306   4.192271    34.9581       1821     7.5833  0.000e+00
      0.370    14.0231   4.193169    34.9734       1822     7.5875  0.000e+00
      0.278    14.0232   4.193464    34.9761       1823     7.5917  0.000e+00
      0.092    14.0268   1.694060    12.9052       1824     7.5958  0.000e+00
      0.086    14.0074   0.732917     5.2264       1825     7.6000  0.000e+00
      0.086    13.8690   0.519515     3.6297       1826     7.6042  0.000e+00
      0.086    13.6599   0.469315     3.2746       1827     7.6083  0.000e+00
      0.086    13.5720   0.530579     3.7409       1828     7.6125  0.000e+00
      0.119    13.5642   1.500085    11.4451       1829     7.6167  0.000e+00
      0.244    13.6254   3.691196    30.6560       1830     7.6208  0.000e+00
      0.138    13.7780   4.175864    35.0354       1831     7.6250  0.000e+00
      0.086    13.8848   2.828814    22.6887       1832     7.6292  0.000e+00
      0.086    13.9168   0.852935     6.1649       1833     7.6333  0.000e+00
      0.080    13.9180   0.880634     6.3802       1834     7.6375  0.000e+00
      0.086    13.9166   1.057566     7.7710       1835     7.6417  0.000e+00
