PC2501/sbe024.cnv
* Sea-Bird SBE 19plus Data File:
* FileName = C:\cruise\data\sbe024.hex
* Software Version Seasave V 7.26.7.121
* Temperature SN = 4684
* Conductivity SN = 4684
* System UpLoad Time = Jan 15 2025 01:04:39
* NMEA Latitude = 39 08.83 N
* NMEA Longitude = 074 08.05 W
* NMEA UTC (Time) = Jan 15 2025  01:04:02
** Ship: Pisces
** Cruise:  PC2501
** Program:  AMAPPS
# nquan = 7
# nvalues = 1363                                  
# units = specified
# name 0 = depSM: Depth [salt water, m]
# name 1 = tv290C: Temperature [ITS-90, deg C]
# name 2 = c0S/m: Conductivity [S/m]
# name 3 = sal00: Salinity, Practical [PSU]
# name 4 = scan: Scan Count
# name 5 = timeM: Time, Elapsed [minutes]
# name 6 = flag:  0.000e+00
# span 0 =     -0.027,     30.985                 
# span 1 =     0.8097,     6.0575                 
# span 2 =  -0.058327,   3.251435                 
# span 3 =    -0.0012,    33.5171                 
# span 4 =         11,       1373                 
# span 5 =     0.0417,     5.7167                 
# span 6 = 0.0000e+00, 0.0000e+00                 
# interval = seconds: 0.25
# start_time = Jan 15 2025 01:04:02 [NMEA time, header]
# bad_flag = -9.990e-29
*END*
     -0.009     0.8288   0.000036    -0.0011         11     0.0417  0.000e+00
     -0.006     0.8290   0.000042    -0.0011         12     0.0458  0.000e+00
     -0.009     0.8298   0.000036    -0.0011         13     0.0500  0.000e+00
     -0.009     0.8314   0.000042    -0.0011         14     0.0542  0.000e+00
     -0.012     0.8325   0.000036    -0.0011         15     0.0583  0.000e+00
     -0.027     0.8308  -0.000894     0.0000         16     0.0625  0.000e+00
     -0.018     0.8274  -0.000268     0.0000         17     0.0667  0.000e+00
     -0.009     0.8282  -0.000085     0.0000         18     0.0708  0.000e+00
     -0.012     0.8277  -0.000537     0.0000         19     0.0750  0.000e+00
     -0.024     0.8251  -0.000918     0.0000         20     0.0792  0.000e+00
     -0.015     0.8209   0.000036    -0.0011         21     0.0833  0.000e+00
     -0.009     0.8202   0.000030    -0.0012         22     0.0875  0.000e+00
     -0.015     0.8172   0.000036    -0.0011         23     0.0917  0.000e+00
     -0.006     0.8151   0.000042    -0.0011         24     0.0958  0.000e+00
     -0.003     0.8128   0.000036    -0.0011         25     0.1000  0.000e+00
     -0.006     0.8108   0.000036    -0.0011         26     0.1042  0.000e+00
     -0.012     0.8097   0.000036    -0.0011         27     0.1083  0.000e+00
     -0.009     0.8108   0.000030    -0.0012         28     0.1125  0.000e+00
     -0.006     0.8127   0.000036    -0.0011         29     0.1167  0.000e+00
     -0.006     0.8141   0.000036    -0.0011         30     0.1208  0.000e+00
     -0.009     0.8160   0.000036    -0.0011         31     0.1250  0.000e+00
     -0.006     0.8160   0.000036    -0.0011         32     0.1292  0.000e+00
     -0.006     0.8146   0.000036    -0.0011         33     0.1333  0.000e+00
     -0.009     0.8151   0.000036    -0.0011         34     0.1375  0.000e+00
     -0.012     0.8165   0.000036    -0.0011         35     0.1417  0.000e+00
     -0.006     0.8180   0.000042    -0.0011         36     0.1458  0.000e+00
     -0.009     0.8198   0.000036    -0.0011         37     0.1500  0.000e+00
     -0.003     0.8217   0.000036    -0.0011         38     0.1542  0.000e+00
     -0.009     0.8231   0.000024    -0.0012         39     0.1583  0.000e+00
      0.015     0.8214   0.000021    -0.0012         40     0.1625  0.000e+00
      0.149     0.8171  -0.058327     0.0000         41     0.1667  0.000e+00
      0.210     0.8595   2.046068    23.1823         42     0.1708  0.000e+00
      0.259     1.6098   1.875879    20.5873         43     0.1750  0.000e+00
      0.268     2.6281   1.371742    14.1920         44     0.1792  0.000e+00
      0.238     3.2691   2.060732    21.6519         45     0.1833  0.000e+00
      0.247     3.6658   1.899580    19.5712         46     0.1875  0.000e+00
      0.308     3.9528   3.126557    33.5171         47     0.1917  0.000e+00
      0.445     4.1901   2.987649    31.6441         48     0.1958  0.000e+00
      0.655     4.4233   3.162165    33.4568         49     0.2000  0.000e+00
      0.890     4.6463   3.163170    33.2432         50     0.2042  0.000e+00
      1.113     4.8363   3.162113    33.0408         51     0.2083  0.000e+00
      1.302     5.0152   3.157960    32.8155         52     0.2125  0.000e+00
      1.466     5.1381   3.157234    32.6864         53     0.2167  0.000e+00
      1.619     5.2085   3.160078    32.6499         54     0.2208  0.000e+00
      1.759     5.2468   3.159874    32.6101         55     0.2250  0.000e+00
      1.890     5.2738   3.162954    32.6189         56     0.2292  0.000e+00
      2.012     5.3013   3.166130    32.6282         57     0.2333  0.000e+00
      2.128     5.3308   3.168738    32.6291         58     0.2375  0.000e+00
      2.259     5.3588   3.170429    32.6211         59     0.2417  0.000e+00
      2.381     5.3836   3.171827    32.6128         60     0.2458  0.000e+00
      2.527     5.4051   3.173273    32.6083         61     0.2500  0.000e+00
      2.692     5.4188   3.174989    32.6143         62     0.2542  0.000e+00
      2.845     5.4351   3.175469    32.6039         63     0.2583  0.000e+00
      2.976     5.4516   3.175313    32.5860         64     0.2625  0.000e+00
      3.097     5.4556   3.174413    32.5718         65     0.2667  0.000e+00
      3.229     5.4520   3.175973    32.5930         66     0.2708  0.000e+00
      3.357     5.4335   3.176916    32.6216         67     0.2750  0.000e+00
      3.472     5.4035   3.177102    32.6529         68     0.2792  0.000e+00
      3.582     5.3831   3.176412    32.6649         69     0.2833  0.000e+00
      3.686     5.3683   3.175266    32.6662         70     0.2875  0.000e+00
      3.789     5.3594   3.173592    32.6557         71     0.2917  0.000e+00
      3.905     5.3537   3.173226    32.6571         72     0.2958  0.000e+00
      4.027     5.3294   3.172356    32.6709         73     0.3000  0.000e+00
      4.158     5.2906   3.171966    32.7042         74     0.3042  0.000e+00
      4.299     5.2657   3.171487    32.7230         75     0.3083  0.000e+00
      4.448     5.2544   3.170869    32.7270         76     0.3125  0.000e+00
      4.594     5.2582   3.171121    32.7260         77     0.3167  0.000e+00
      4.725     5.2567   3.171025    32.7263         78     0.3208  0.000e+00
      4.866     5.2452   3.171277    32.7405         79     0.3250  0.000e+00
      4.991     5.2346   3.171235    32.7503         80     0.3292  0.000e+00
      5.122     5.2270   3.171667    32.7626         81     0.3333  0.000e+00
      5.228     5.2261   3.172171    32.7692         82     0.3375  0.000e+00
      5.335     5.2309   3.172699    32.7704         83     0.3417  0.000e+00
      5.408     5.2419   3.172903    32.7620         84     0.3458  0.000e+00
      5.494     5.2512   3.172951    32.7534         85     0.3500  0.000e+00
      5.585     5.2615   3.173545    32.7500         86     0.3542  0.000e+00
      5.683     5.2623   3.174625    32.7616         87     0.3583  0.000e+00
      5.789     5.2527   3.175862    32.7850         88     0.3625  0.000e+00
      5.917     5.2469   3.176162    32.7941         89     0.3667  0.000e+00
      6.042     5.2548   3.176714    32.7925         90     0.3708  0.000e+00
      6.180     5.2577   3.177675    32.8007         91     0.3750  0.000e+00
      6.314     5.2542   3.178666    32.8153         92     0.3792  0.000e+00
      6.445     5.2569   3.178960    32.8160         93     0.3833  0.000e+00
      6.570     5.2619   3.179854    32.8212         94     0.3875  0.000e+00
      6.692     5.2712   3.181698    32.8331         95     0.3917  0.000e+00
      6.817     5.2873   3.183074    32.8329         96     0.3958  0.000e+00
      6.942     5.3008   3.183716    32.8270         97     0.4000  0.000e+00
      7.076     5.3061   3.184822    32.8343         98     0.4042  0.000e+00
      7.201     5.3122   3.185994    32.8417         99     0.4083  0.000e+00
      7.341     5.3266   3.186643    32.8349        100     0.4125  0.000e+00
      7.466     5.3409   3.187514    32.8307        101     0.4167  0.000e+00
      7.594     5.3554   3.187538    32.8168        102     0.4208  0.000e+00
      7.719     5.3714   3.187634    32.8021        103     0.4250  0.000e+00
      7.832     5.3852   3.188163    32.7945        104     0.4292  0.000e+00
      7.954     5.3895   3.188854    32.7981        105     0.4333  0.000e+00
      8.057     5.3943   3.189774    32.8039        106     0.4375  0.000e+00
      8.173     5.4032   3.190790    32.8067        107     0.4417  0.000e+00
      8.271     5.4144   3.191091    32.7991        108     0.4458  0.000e+00
      8.371     5.4170   3.191848    32.8051        109     0.4500  0.000e+00
      8.472     5.4128   3.192588    32.8176        110     0.4542  0.000e+00
      8.573     5.4082   3.193051    32.8273        111     0.4583  0.000e+00
      8.685     5.4111   3.194062    32.8359        112     0.4625  0.000e+00
      8.801     5.4200   3.194826    32.8358        113     0.4667  0.000e+00
      8.926     5.4303   3.195614    32.8346        114     0.4708  0.000e+00
      9.048     5.4379   3.196330    32.8353        115     0.4750  0.000e+00
      9.167     5.4466   3.197299    32.8378        116     0.4792  0.000e+00
      9.292     5.4601   3.198225    32.8351        117     0.4833  0.000e+00
      9.417     5.4743   3.198917    32.8290        118     0.4875  0.000e+00
      9.545     5.4903   3.199381    32.8184        119     0.4917  0.000e+00
      9.670     5.5088   3.200301    32.8107        120     0.4958  0.000e+00
      9.792     5.5189   3.201066    32.8095        121     0.5000  0.000e+00
      9.908     5.5264   3.201277    32.8045        122     0.5042  0.000e+00
     10.030     5.5361   3.201602    32.7987        123     0.5083  0.000e+00
     10.149     5.5411   3.201903    32.7972        124     0.5125  0.000e+00
     10.255     5.5455   3.202667    32.8015        125     0.5167  0.000e+00
     10.350     5.5515   3.203197    32.8016        126     0.5208  0.000e+00
     10.444     5.5559   3.203685    32.8028        127     0.5250  0.000e+00
     10.530     5.5594   3.203872    32.8014        128     0.5292  0.000e+00
     10.612     5.5643   3.204101    32.7992        129     0.5333  0.000e+00
     10.682     5.5694   3.204637    32.8003        130     0.5375  0.000e+00
     10.761     5.5725   3.205257    32.8042        131     0.5417  0.000e+00
     10.840     5.5811   3.205956    32.8038        132     0.5458  0.000e+00
     10.929     5.5900   3.206835    32.8049        133     0.5500  0.000e+00
     11.020     5.5963   3.207624    32.8077        134     0.5542  0.000e+00
     11.115     5.6024   3.208341    32.8098        135     0.5583  0.000e+00
     11.234     5.6069   3.209504    32.8185        136     0.5625  0.000e+00
     11.365     5.6068   3.210481    32.8297        137     0.5667  0.000e+00
     11.499     5.6068   3.211059    32.8362        138     0.5708  0.000e+00
     11.639     5.6120   3.211457    32.8355        139     0.5750  0.000e+00
     11.782     5.6184   3.212036    32.8357        140     0.5792  0.000e+00
     11.926     5.6218   3.212663    32.8395        141     0.5833  0.000e+00
     12.069     5.6273   3.212874    32.8364        142     0.5875  0.000e+00
     12.209     5.6317   3.213127    32.8349        143     0.5917  0.000e+00
     12.349     5.6416   3.213501    32.8294        144     0.5958  0.000e+00
     12.481     5.6565   3.213851    32.8188        145     0.6000  0.000e+00
     12.599     5.6678   3.214080    32.8102        146     0.6042  0.000e+00
     12.697     5.6776   3.214104    32.8009        147     0.6083  0.000e+00
     12.767     5.6860   3.214104    32.7928        148     0.6125  0.000e+00
     12.834     5.6942   3.214266    32.7865        149     0.6167  0.000e+00
     12.880     5.6996   3.214664    32.7858        150     0.6208  0.000e+00
     12.932     5.7056   3.215056    32.7843        151     0.6250  0.000e+00
     13.002     5.7094   3.215569    32.7864        152     0.6292  0.000e+00
     13.081     5.7092   3.216431    32.7963        153     0.6333  0.000e+00
     13.179     5.7090   3.217010    32.8030        154     0.6375  0.000e+00
     13.285     5.7120   3.217638    32.8070        155     0.6417  0.000e+00
     13.413     5.7181   3.218150    32.8069        156     0.6458  0.000e+00
     13.538     5.7254   3.218784    32.8068        157     0.6500  0.000e+00
     13.688     5.7292   3.219363    32.8096        158     0.6542  0.000e+00
     13.819     5.7308   3.219641    32.8112        159     0.6583  0.000e+00
     13.962     5.7321   3.219924    32.8129        160     0.6625  0.000e+00
     14.093     5.7332   3.220226    32.8153        161     0.6667  0.000e+00
     14.233     5.7352   3.220805    32.8198        162     0.6708  0.000e+00
     14.346     5.7396   3.221137    32.8191        163     0.6750  0.000e+00
     14.468     5.7450   3.221367    32.8164        164     0.6792  0.000e+00
     14.572     5.7507   3.221789    32.8156        165     0.6833  0.000e+00
     14.681     5.7554   3.222115    32.8147        166     0.6875  0.000e+00
     14.779     5.7586   3.222393    32.8146        167     0.6917  0.000e+00
     14.876     5.7625   3.222839    32.8158        168     0.6958  0.000e+00
     14.980     5.7667   3.223117    32.8148        169     0.7000  0.000e+00
     15.078     5.7716   3.223558    32.8150        170     0.7042  0.000e+00
     15.184     5.7773   3.223841    32.8126        171     0.7083  0.000e+00
     15.297     5.7809   3.224306    32.8143        172     0.7125  0.000e+00
     15.407     5.7810   3.224843    32.8202        173     0.7167  0.000e+00
     15.526     5.7799   3.225194    32.8252        174     0.7208  0.000e+00
     15.645     5.7799   3.225635    32.8301        175     0.7250  0.000e+00
     15.773     5.7819   3.226057    32.8328        176     0.7292  0.000e+00
     15.904     5.7835   3.226383    32.8348        177     0.7333  0.000e+00
     16.035     5.7863   3.226667    32.8352        178     0.7375  0.000e+00
     16.172     5.7916   3.226945    32.8331        179     0.7417  0.000e+00
     16.306     5.7974   3.227205    32.8303        180     0.7458  0.000e+00
     16.446     5.8042   3.227410    32.8260        181     0.7500  0.000e+00
     16.580     5.8100   3.227597    32.8224        182     0.7542  0.000e+00
     16.708     5.8132   3.227833    32.8219        183     0.7583  0.000e+00
     16.830     5.8156   3.228044    32.8219        184     0.7625  0.000e+00
     16.946     5.8188   3.228394    32.8227        185     0.7667  0.000e+00
     17.050     5.8231   3.228582    32.8205        186     0.7708  0.000e+00
     17.153     5.8282   3.228721    32.8170        187     0.7750  0.000e+00
     17.257     5.8336   3.228956    32.8144        188     0.7792  0.000e+00
     17.358     5.8393   3.229258    32.8122        189     0.7833  0.000e+00
     17.470     5.8421   3.229681    32.8143        190     0.7875  0.000e+00
     17.589     5.8437   3.229983    32.8160        191     0.7917  0.000e+00
     17.699     5.8467   3.230243    32.8160        192     0.7958  0.000e+00
     17.821     5.8494   3.230472    32.8159        193     0.8000  0.000e+00
     17.937     5.8498   3.230799    32.8190        194     0.8042  0.000e+00
     18.056     5.8492   3.230920    32.8210        195     0.8083  0.000e+00
     18.181     5.8493   3.231083    32.8226        196     0.8125  0.000e+00
     18.312     5.8515   3.231173    32.8215        197     0.8167  0.000e+00
     18.440     5.8557   3.231457    32.8206        198     0.8208  0.000e+00
     18.568     5.8603   3.231711    32.8188        199     0.8250  0.000e+00
     18.686     5.8652   3.231923    32.8164        200     0.8292  0.000e+00
     18.805     5.8694   3.232044    32.8136        201     0.8333  0.000e+00
     18.927     5.8716   3.230285    32.7916        202     0.8375  0.000e+00
     19.031     5.8722   3.232908    32.8205        203     0.8417  0.000e+00
     19.122     5.8894   3.247007    32.9623        204     0.8458  0.000e+00
     19.211     5.9496   3.248162    32.9166        205     0.8500  0.000e+00
     19.305     5.9958   3.248634    32.8769        206     0.8542  0.000e+00
     19.397     6.0204   3.248822    32.8551        207     0.8583  0.000e+00
     19.485     6.0325   3.248846    32.8436        208     0.8625  0.000e+00
     19.589     6.0377   3.248912    32.8392        209     0.8667  0.000e+00
     19.699     6.0400   3.249076    32.8388        210     0.8708  0.000e+00
     19.811     6.0412   3.249124    32.8382        211     0.8750  0.000e+00
     19.942     6.0422   3.249124    32.8370        212     0.8792  0.000e+00
     20.064     6.0425   3.249245    32.8381        213     0.8833  0.000e+00
     20.214     6.0428   3.249336    32.8387        214     0.8875  0.000e+00
     20.348     6.0436   3.249409    32.8387        215     0.8917  0.000e+00
