PC2501/sbe084.cnv
* Sea-Bird SBE 19plus Data File:
* FileName = C:\cruise\data\sbe084.hex
* Software Version Seasave V 7.26.7.121
* Temperature SN = 4684
* Conductivity SN = 4684
* System UpLoad Time = Feb 15 2025 10:25:00
* NMEA Latitude = 35 29.30 N
* NMEA Longitude = 075 09.53 W
* NMEA UTC (Time) = Feb 15 2025  10:24:42
** Ship: Pisces
** Cruise:  PC2501
** Program:  AMAPPS
# nquan = 7
# nvalues = 958                                   
# units = specified
# name 0 = depSM: Depth [salt water, m]
# name 1 = tv290C: Temperature [ITS-90, deg C]
# name 2 = c0S/m: Conductivity [S/m]
# name 3 = sal00: Salinity, Practical [PSU]
# name 4 = scan: Scan Count
# name 5 = timeM: Time, Elapsed [minutes]
# name 6 = flag:  0.000e+00
# span 0 =      0.171,     29.956                 
# span 1 =     7.4602,    10.4616                 
# span 2 =  -0.000188,   3.819018                 
# span 3 =     0.0000,    34.9305                 
# span 4 =         11,        968                 
# span 5 =     0.0417,     4.0292                 
# span 6 = 0.0000e+00, 0.0000e+00                 
# interval = seconds: 0.25
# start_time = Feb 15 2025 10:24:42 [NMEA time, header]
# bad_flag = -9.990e-29
*END*
[from data line 206]
      9.893    10.4165   3.796119    34.4650        217     0.9000  0.000e+00
     10.015    10.4135   3.791814    34.4243        218     0.9042  0.000e+00
     10.137    10.4038   3.789794    34.4130        219     0.9083  0.000e+00
     10.259    10.3736   3.792001    34.4639        220     0.9125  0.000e+00
     10.402    10.3490   3.797781    34.5458        221     0.9167  0.000e+00
     10.549    10.3426   3.801780    34.5923        222     0.9208  0.000e+00
     10.686    10.3485   3.803455    34.6037        223     0.9250  0.000e+00
     10.823    10.3620   3.803996    34.5962        224     0.9292  0.000e+00
     10.951    10.3749   3.804234    34.5862        225     0.9333  0.000e+00
     11.079    10.3862   3.806103    34.5944        226     0.9375  0.000e+00
     11.201    10.3964   3.807611    34.5999        227     0.9417  0.000e+00
     11.308    10.4038   3.807965    34.5964        228     0.9458  0.000e+00
     11.412    10.4088   3.807069    34.5825        229     0.9500  0.000e+00
     11.509    10.4114   3.800150    34.5099        230     0.9542  0.000e+00
     11.607    10.4117   3.795206    34.4595        231     0.9583  0.000e+00
     11.699    10.4107   3.792214    34.4302        232     0.9625  0.000e+00
     11.796    10.3934   3.794209    34.4667        233     0.9667  0.000e+00
     11.897    10.3685   3.799378    34.5427        234     0.9708  0.000e+00
     11.998    10.3591   3.802508    34.5834        235     0.9750  0.000e+00
     12.086    10.3616   3.802322    34.5790        236     0.9792  0.000e+00
     12.202    10.3682   3.798464    34.5336        237     0.9833  0.000e+00
     12.324    10.3709   3.795014    34.4960        238     0.9875  0.000e+00
     12.440    10.3745   3.794583    34.4882        239     0.9917  0.000e+00
     12.571    10.3786   3.795394    34.4924        240     0.9958  0.000e+00
     12.684    10.3804   3.795715    34.4939        241     1.0000  0.000e+00
     12.791    10.3805   3.793263    34.4689        242     1.0042  0.000e+00
     12.900    10.3811   3.791951    34.4551        243     1.0083  0.000e+00
     13.001    10.3812   3.790896    34.4442        244     1.0125  0.000e+00
     13.099    10.3649   3.790832    34.4590        245     1.0167  0.000e+00
     13.193    10.3339   3.793000    34.5104        246     1.0208  0.000e+00
     13.288    10.3137   3.797628    34.5765        247     1.0250  0.000e+00
     13.370    10.3101   3.801324    34.6174        248     1.0292  0.000e+00
     13.446    10.3283   3.803534    34.6224        249     1.0333  0.000e+00
     13.523    10.3516   3.803295    34.5978        250     1.0375  0.000e+00
     13.614    10.3678   3.800867    34.5577        251     1.0417  0.000e+00
     13.709    10.3764   3.799218    34.5328        252     1.0458  0.000e+00
     13.797    10.3814   3.801730    34.5533        253     1.0500  0.000e+00
     13.892    10.3861   3.813298    34.6660        254     1.0542  0.000e+00
     13.980    10.4026   3.816380    34.6815        255     1.0583  0.000e+00
     14.072    10.4257   3.816870    34.6644        256     1.0625  0.000e+00
     14.157    10.4405   3.817090    34.6524        257     1.0667  0.000e+00
     14.240    10.4482   3.817225    34.6464        258     1.0708  0.000e+00
     14.334    10.4518   3.817302    34.6438        259     1.0750  0.000e+00
     14.432    10.4533   3.817360    34.6429        260     1.0792  0.000e+00
     14.526    10.4542   3.817412    34.6425        261     1.0833  0.000e+00
     14.609    10.4546   3.817438    34.6423        262     1.0875  0.000e+00
     14.700    10.4549   3.817412    34.6418        263     1.0917  0.000e+00
     14.792    10.4548   3.817412    34.6418        264     1.0958  0.000e+00
     14.877    10.4546   3.817438    34.6422        265     1.1000  0.000e+00
     14.953    10.4548   3.817438    34.6420        266     1.1042  0.000e+00
     15.011    10.4548   3.817438    34.6420        267     1.1083  0.000e+00
     15.060    10.4547   3.817496    34.6426        268     1.1125  0.000e+00
     15.103    10.4548   3.817548    34.6431        269     1.1167  0.000e+00
     15.139    10.4550   3.817548    34.6429        270     1.1208  0.000e+00
     15.179    10.4548   3.817522    34.6427        271     1.1250  0.000e+00
     15.222    10.4547   3.817496    34.6425        272     1.1292  0.000e+00
     15.252    10.4544   3.817496    34.6428        273     1.1333  0.000e+00
     15.292    10.4543   3.817522    34.6432        274     1.1375  0.000e+00
     15.322    10.4543   3.817496    34.6429        275     1.1417  0.000e+00
     15.356    10.4542   3.817522    34.6433        276     1.1458  0.000e+00
     15.405    10.4540   3.817387    34.6420        277     1.1500  0.000e+00
     15.454    10.4539   3.817548    34.6437        278     1.1542  0.000e+00
     15.502    10.4539   3.817548    34.6437        279     1.1583  0.000e+00
     15.548    10.4540   3.817574    34.6439        280     1.1625  0.000e+00
     15.594    10.4540   3.817632    34.6444        281     1.1667  0.000e+00
     15.633    10.4544   3.817767    34.6454        282     1.1708  0.000e+00
     15.673    10.4553   3.817819    34.6451        283     1.1750  0.000e+00
     15.734    10.4559   3.817819    34.6444        284     1.1792  0.000e+00
     15.780    10.4563   3.817819    34.6440        285     1.1833  0.000e+00
     15.844    10.4565   3.817793    34.6436        286     1.1875  0.000e+00
     15.896    10.4564   3.817845    34.6441        287     1.1917  0.000e+00
     15.945    10.4565   3.817819    34.6437        288     1.1958  0.000e+00
     16.009    10.4568   3.817877    34.6441        289     1.2000  0.000e+00
     16.076    10.4569   3.817877    34.6439        290     1.2042  0.000e+00
     16.134    10.4569   3.817845    34.6435        291     1.2083  0.000e+00
     16.192    10.4569   3.817877    34.6438        292     1.2125  0.000e+00
     16.250    10.4569   3.817845    34.6435        293     1.2167  0.000e+00
     16.301    10.4568   3.817877    34.6439        294     1.2208  0.000e+00
     16.341    10.4566   3.817903    34.6444        295     1.2250  0.000e+00
     16.408    10.4568   3.817929    34.6444        296     1.2292  0.000e+00
     16.469    10.4570   3.817955    34.6444        297     1.2333  0.000e+00
     16.542    10.4571   3.817877    34.6435        298     1.2375  0.000e+00
     16.619    10.4571   3.817845    34.6432        299     1.2417  0.000e+00
     16.683    10.4566   3.817768    34.6428        300     1.2458  0.000e+00
     16.753    10.4561   3.817768    34.6433        301     1.2500  0.000e+00
     16.832    10.4557   3.817710    34.6430        302     1.2542  0.000e+00
     16.912    10.4553   3.817710    34.6434        303     1.2583  0.000e+00
     16.988    10.4551   3.817710    34.6435        304     1.2625  0.000e+00
     17.043    10.4550   3.817658    34.6431        305     1.2667  0.000e+00
     17.082    10.4544   3.817574    34.6428        306     1.2708  0.000e+00
     17.104    10.4537   3.817471    34.6423        307     1.2750  0.000e+00
     17.137    10.4530   3.817439    34.6427        308     1.2792  0.000e+00
     17.180    10.4523   3.817413    34.6431        309     1.2833  0.000e+00
     17.217    10.4519   3.817439    34.6438        310     1.2875  0.000e+00
     17.256    10.4516   3.817413    34.6437        311     1.2917  0.000e+00
     17.305    10.4515   3.817413    34.6439        312     1.2958  0.000e+00
     17.363    10.4515   3.817439    34.6441        313     1.3000  0.000e+00
     17.415    10.4515   3.817439    34.6441        314     1.3042  0.000e+00
     17.482    10.4514   3.817439    34.6441        315     1.3083  0.000e+00
     17.570    10.4513   3.817439    34.6442        316     1.3125  0.000e+00
     17.674    10.4511   3.817471    34.6446        317     1.3167  0.000e+00
     17.781    10.4513   3.817439    34.6440        318     1.3208  0.000e+00
     17.900    10.4514   3.817439    34.6439        319     1.3250  0.000e+00
     18.031    10.4515   3.817523    34.6446        320     1.3292  0.000e+00
     18.165    10.4515   3.817523    34.6445        321     1.3333  0.000e+00
     18.287    10.4516   3.817549    34.6447        322     1.3375  0.000e+00
     18.421    10.4519   3.817549    34.6443        323     1.3417  0.000e+00
     18.540    10.4519   3.817575    34.6445        324     1.3458  0.000e+00
     18.638    10.4522   3.817633    34.6447        325     1.3500  0.000e+00
     18.717    10.4524   3.817607    34.6442        326     1.3542  0.000e+00
     18.787    10.4525   3.817710    34.6451        327     1.3583  0.000e+00
     18.848    10.4528   3.817685    34.6446        328     1.3625  0.000e+00
     18.879    10.4533   3.817710    34.6444        329     1.3667  0.000e+00
     18.900    10.4534   3.817768    34.6448        330     1.3708  0.000e+00
     18.919    10.4537   3.817768    34.6445        331     1.3750  0.000e+00
     18.940    10.4540   3.817743    34.6440        332     1.3792  0.000e+00
     18.958    10.4539   3.817685    34.6435        333     1.3833  0.000e+00
     18.970    10.4536   3.817743    34.6444        334     1.3875  0.000e+00
     19.007    10.4535   3.817769    34.6447        335     1.3917  0.000e+00
     19.053    10.4538   3.817794    34.6447        336     1.3958  0.000e+00
     19.114    10.4540   3.817794    34.6445        337     1.4000  0.000e+00
     19.181    10.4542   3.817846    34.6448        338     1.4042  0.000e+00
     19.272    10.4546   3.817878    34.6447        339     1.4083  0.000e+00
     19.373    10.4547   3.817820    34.6439        340     1.4125  0.000e+00
     19.492    10.4548   3.817794    34.6435        341     1.4167  0.000e+00
     19.626    10.4547   3.817820    34.6439        342     1.4208  0.000e+00
     19.769    10.4544   3.817846    34.6443        343     1.4250  0.000e+00
     19.913    10.4544   3.817930    34.6451        344     1.4292  0.000e+00
     20.075    10.4546   3.817872    34.6442        345     1.4333  0.000e+00
     20.230    10.4548   3.817821    34.6435        346     1.4375  0.000e+00
     20.392    10.4547   3.817879    34.6441        347     1.4417  0.000e+00
     20.556    10.4544   3.817930    34.6448        348     1.4458  0.000e+00
     20.706    10.4546   3.817905    34.6443        349     1.4500  0.000e+00
     20.843    10.4546   3.817930    34.6445        350     1.4542  0.000e+00
     20.968    10.4545   3.817956    34.6447        351     1.4583  0.000e+00
     21.075    10.4548   3.817956    34.6445        352     1.4625  0.000e+00
     21.151    10.4549   3.817905    34.6438        353     1.4667  0.000e+00
     21.230    10.4548   3.817905    34.6439        354     1.4708  0.000e+00
     21.304    10.4545   3.817956    34.6446        355     1.4750  0.000e+00
     21.371    10.4542   3.817956    34.6449        356     1.4792  0.000e+00
     21.432    10.4543   3.817957    34.6447        357     1.4833  0.000e+00
     21.487    10.4545   3.817957    34.6446        358     1.4875  0.000e+00
     21.535    10.4547   3.817982    34.6446        359     1.4917  0.000e+00
     21.578    10.4548   3.818066    34.6453        360     1.4958  0.000e+00
     21.618    10.4553   3.818176    34.6460        361     1.5000  0.000e+00
     21.657    10.4557   3.818228    34.6461        362     1.5042  0.000e+00
     21.712    10.4565   3.818228    34.6452        363     1.5083  0.000e+00
     21.770    10.4571   3.818228    34.6446        364     1.5125  0.000e+00
     21.840    10.4571   3.818176    34.6441        365     1.5167  0.000e+00
     21.911    10.4571   3.818228    34.6446        366     1.5208  0.000e+00
     21.990    10.4570   3.818228    34.6446        367     1.5250  0.000e+00
     22.078    10.4569   3.818176    34.6441        368     1.5292  0.000e+00
     22.182    10.4570   3.818202    34.6443        369     1.5333  0.000e+00
     22.289    10.4571   3.818228    34.6445        370     1.5375  0.000e+00
     22.405    10.4572   3.818312    34.6451        371     1.5417  0.000e+00
     22.511    10.4575   3.818338    34.6451        372     1.5458  0.000e+00
     22.630    10.4578   3.818338    34.6447        373     1.5500  0.000e+00
     22.743    10.4581   3.818363    34.6446        374     1.5542  0.000e+00
     22.868    10.4581   3.818389    34.6448        375     1.5583  0.000e+00
     22.987    10.4584   3.818389    34.6445        376     1.5625  0.000e+00
     23.112    10.4582   3.818389    34.6447        377     1.5667  0.000e+00
     23.237    10.4583   3.818338    34.6440        378     1.5708  0.000e+00
     23.362    10.4580   3.818338    34.6442        379     1.5750  0.000e+00
     23.469    10.4579   3.818254    34.6434        380     1.5792  0.000e+00
     23.570    10.4576   3.818202    34.6432        381     1.5833  0.000e+00
     23.680    10.4569   3.818202    34.6437        382     1.5875  0.000e+00
     23.786    10.4565   3.818228    34.6444        383     1.5917  0.000e+00
     23.890    10.4562   3.818254    34.6449        384     1.5958  0.000e+00
     23.985    10.4563   3.818286    34.6450        385     1.6000  0.000e+00
     24.064    10.4563   3.818286    34.6449        386     1.6042  0.000e+00
     24.152    10.4565   3.818287    34.6447        387     1.6083  0.000e+00
     24.235    10.4565   3.818287    34.6447        388     1.6125  0.000e+00
     24.308    10.4565   3.818312    34.6450        389     1.6167  0.000e+00
     24.393    10.4566   3.818287    34.6445        390     1.6208  0.000e+00
     24.488    10.4566   3.818312    34.6447        391     1.6250  0.000e+00
     24.570    10.4566   3.818312    34.6447        392     1.6292  0.000e+00
     24.656    10.4567   3.818364    34.6451        393     1.6333  0.000e+00
     24.741    10.4568   3.818364    34.6449        394     1.6375  0.000e+00
     24.823    10.4568   3.818364    34.6449        395     1.6417  0.000e+00
     24.915    10.4569   3.818177    34.6429        396     1.6458  0.000e+00
     24.997    10.4568   3.818287    34.6440        397     1.6500  0.000e+00
     25.104    10.4568   3.818338    34.6445        398     1.6542  0.000e+00
     25.202    10.4568   3.818364    34.6447        399     1.6583  0.000e+00
     25.290    10.4568   3.818313    34.6442        400     1.6625  0.000e+00
     25.372    10.4569   3.818287    34.6438        401     1.6667  0.000e+00
     25.467    10.4564   3.818313    34.6445        402     1.6708  0.000e+00
     25.555    10.4562   3.818229    34.6438        403     1.6750  0.000e+00
     25.632    10.4560   3.818177    34.6434        404     1.6792  0.000e+00
     25.708    10.4556   3.818094    34.6430        405     1.6833  0.000e+00
     25.790    10.4547   3.818068    34.6435        406     1.6875  0.000e+00
     25.851    10.4542   3.818016    34.6434        407     1.6917  0.000e+00
     25.924    10.4537   3.818016    34.6438        408     1.6958  0.000e+00
     25.988    10.4536   3.818042    34.6442        409     1.7000  0.000e+00
     26.056    10.4533   3.818042    34.6444        410     1.7042  0.000e+00
     26.132    10.4535   3.818203    34.6458        411     1.7083  0.000e+00
     26.214    10.4539   3.818255    34.6460        412     1.7125  0.000e+00
     26.300    10.4545   3.818255    34.6453        413     1.7167  0.000e+00
     26.397    10.4552   3.818255    34.6446        414     1.7208  0.000e+00
     26.504    10.4554   3.818204    34.6439        415     1.7250  0.000e+00
     26.595    10.4553   3.818255    34.6444        416     1.7292  0.000e+00
     26.699    10.4553   3.818204    34.6439        417     1.7333  0.000e+00
     26.803    10.4551   3.818120    34.6431        418     1.7375  0.000e+00
     26.913    10.4547   3.818204    34.6443        419     1.7417  0.000e+00
     27.022    10.4545   3.818391    34.6464        420     1.7458  0.000e+00
