PC2501/sbe068.cnv
* Sea-Bird SBE 19plus Data File:
* FileName = C:\cruise\data\sbe068.hex
* Software Version Seasave V 7.26.7.121
* Temperature SN = 4684
* Conductivity SN = 4684
* System UpLoad Time = Feb 07 2025 22:52:36
* NMEA Latitude = 35 49.17 N
* NMEA Longitude = 074 56.40 W
* NMEA UTC (Time) = Feb 07 2025  22:52:13
** Ship: Pisces
** Cruise:  PC2501
** Program:  AMAPPS
# nquan = 7
# nvalues = 1658                                  
# units = specified
# name 0 = depSM: Depth [salt water, m]
# name 1 = tv290C: Temperature [ITS-90, deg C]
# name 2 = c0S/m: Conductivity [S/m]
# name 3 = sal00: Salinity, Practical [PSU]
# name 4 = scan: Scan Count
# name 5 = timeM: Time, Elapsed [minutes]
# name 6 = flag:  0.000e+00
# span 0 =      0.098,     58.622                 
# span 1 =    12.4959,    13.4175                 
# span 2 =   0.000107,   4.212800                 
# span 3 =     0.0070,    35.7937                 
# span 4 =         11,       1668                 
# span 5 =     0.0417,     6.9458                 
# span 6 = 0.0000e+00, 0.0000e+00                 
# interval = seconds: 0.25
# start_time = Feb 07 2025 22:52:13 [NMEA time, header]
# bad_flag = -9.990e-29
*END*
      0.113    13.2323   0.000119     0.0070         11     0.0417  0.000e+00
      0.116    13.2404   0.000125     0.0070         12     0.0458  0.000e+00
      0.116    13.2489   0.000125     0.0070         13     0.0500  0.000e+00
      0.119    13.2574   0.000131     0.0070         14     0.0542  0.000e+00
      0.110    13.2640   0.000119     0.0070         15     0.0583  0.000e+00
      0.122    13.2706   0.000119     0.0070         16     0.0625  0.000e+00
      0.113    13.2778   0.000125     0.0070         17     0.0667  0.000e+00
      0.113    13.2855   0.000119     0.0070         18     0.0708  0.000e+00
      0.113    13.2927   0.000125     0.0070         19     0.0750  0.000e+00
      0.116    13.2990   0.000125     0.0070         20     0.0792  0.000e+00
      0.119    13.3029   0.000125     0.0070         21     0.0833  0.000e+00
      0.113    13.3040   0.000125     0.0070         22     0.0875  0.000e+00
      0.113    13.3079   0.000119     0.0070         23     0.0917  0.000e+00
      0.116    13.3122   0.000125     0.0070         24     0.0958  0.000e+00
      0.113    13.3158   0.000125     0.0070         25     0.1000  0.000e+00
      0.116    13.3217   0.000125     0.0070         26     0.1042  0.000e+00
      0.113    13.3282   0.000119     0.0070         27     0.1083  0.000e+00
      0.119    13.3342   0.000119     0.0070         28     0.1125  0.000e+00
      0.119    13.3405   0.000125     0.0070         29     0.1167  0.000e+00
      0.125    13.3472   0.000119     0.0070         30     0.1208  0.000e+00
      0.119    13.3541   0.000125     0.0070         31     0.1250  0.000e+00
      0.125    13.3606   0.000125     0.0071         32     0.1292  0.000e+00
      0.116    13.3665   0.000119     0.0070         33     0.1333  0.000e+00
      0.122    13.3718   0.000119     0.0070         34     0.1375  0.000e+00
      0.119    13.3771   0.000113     0.0070         35     0.1417  0.000e+00
      0.119    13.3818   0.000119     0.0070         36     0.1458  0.000e+00
      0.119    13.3865   0.000125     0.0071         37     0.1500  0.000e+00
      0.113    13.3879   0.000119     0.0070         38     0.1542  0.000e+00
      0.116    13.3829   0.000119     0.0070         39     0.1583  0.000e+00
      0.119    13.3749   0.000119     0.0070         40     0.1625  0.000e+00
      0.116    13.3649   0.000125     0.0071         41     0.1667  0.000e+00
      0.122    13.3542   0.000119     0.0070         42     0.1708  0.000e+00
      0.113    13.3485   0.000119     0.0070         43     0.1750  0.000e+00
      0.116    13.3496   0.000119     0.0070         44     0.1792  0.000e+00
      0.116    13.3511   0.000119     0.0070         45     0.1833  0.000e+00
      0.116    13.3518   0.000113     0.0070         46     0.1875  0.000e+00
      0.119    13.3542   0.000119     0.0070         47     0.1917  0.000e+00
      0.113    13.3536   0.000119     0.0070         48     0.1958  0.000e+00
      0.116    13.3561   0.000125     0.0070         49     0.2000  0.000e+00
      0.116    13.3609   0.000119     0.0070         50     0.2042  0.000e+00
      0.119    13.3666   0.000125     0.0071         51     0.2083  0.000e+00
      0.122    13.3728   0.000125     0.0071         52     0.2125  0.000e+00
      0.116    13.3780   0.000119     0.0070         53     0.2167  0.000e+00
      0.113    13.3827   0.000125     0.0071         54     0.2208  0.000e+00
      0.116    13.3839   0.000119     0.0070         55     0.2250  0.000e+00
      0.122    13.3752   0.000125     0.0071         56     0.2292  0.000e+00
      0.119    13.3644   0.000119     0.0070         57     0.2333  0.000e+00
      0.122    13.3617   0.000125     0.0071         58     0.2375  0.000e+00
      0.119    13.3564   0.000119     0.0070         59     0.2417  0.000e+00
      0.122    13.3372   0.000119     0.0070         60     0.2458  0.000e+00
      0.125    13.3103   0.000119     0.0070         61     0.2500  0.000e+00
      0.119    13.2836   0.000119     0.0070         62     0.2542  0.000e+00
      0.113    13.2611   0.000125     0.0070         63     0.2583  0.000e+00
      0.122    13.2370   0.000125     0.0070         64     0.2625  0.000e+00
      0.125    13.2177   0.000119     0.0070         65     0.2667  0.000e+00
      0.125    13.2103   0.000119     0.0070         66     0.2708  0.000e+00
      0.125    13.2169   0.000119     0.0070         67     0.2750  0.000e+00
      0.122    13.2300   0.000113     0.0070         68     0.2792  0.000e+00
      0.122    13.2473   0.000107     0.0070         69     0.2833  0.000e+00
      0.189    13.2644   1.412589    10.8073         70     0.2875  0.000e+00
      0.394    13.2837   1.681903    13.0541         71     0.2917  0.000e+00
      0.580    13.3025   1.050588     7.8396         72     0.2958  0.000e+00
      0.739    13.3116   1.943676    15.2692         73     0.3000  0.000e+00
      0.907    13.3154   1.994084    15.6999         74     0.3042  0.000e+00
      1.081    13.3168   1.207000     9.1033         75     0.3083  0.000e+00
      1.245    13.3161   1.522571    11.7066         76     0.3125  0.000e+00
      1.398    13.3160   1.986932    15.6381         77     0.3167  0.000e+00
      1.548    13.3216   4.165954    35.3625         78     0.3208  0.000e+00
      1.685    13.3330   4.193849    35.6167         79     0.3250  0.000e+00
      1.831    13.3379   4.198354    35.6548         80     0.3292  0.000e+00
      1.981    13.3380   4.205886    35.7261         81     0.3333  0.000e+00
      2.158    13.3372   4.209678    35.7628         82     0.3375  0.000e+00
      2.359    13.3359   4.212800    35.7937         83     0.3417  0.000e+00
      2.579    13.3335   4.212343    35.7915         84     0.3458  0.000e+00
      2.787    13.3282   4.204458    35.7215         85     0.3500  0.000e+00
      2.988    13.3215   4.191237    35.6020         86     0.3542  0.000e+00
      3.177    13.3151   4.176420    35.4672         87     0.3583  0.000e+00
      3.351    13.3089   4.165434    35.3685         88     0.3625  0.000e+00
      3.519    13.3036   4.159681    35.3188         89     0.3667  0.000e+00
      3.675    13.2990   4.156376    35.2917         90     0.3708  0.000e+00
      3.812    13.2947   4.154139    35.2743         91     0.3750  0.000e+00
      3.931    13.2911   4.153078    35.2675         92     0.3792  0.000e+00
      4.041    13.2883   4.152817    35.2676         93     0.3833  0.000e+00
      4.133    13.2862   4.152737    35.2687         94     0.3875  0.000e+00
      4.236    13.2850   4.152964    35.2720         95     0.3917  0.000e+00
      4.343    13.2840   4.154974    35.2919         96     0.3958  0.000e+00
      4.456    13.2838   4.161091    35.3502         97     0.4000  0.000e+00
      4.569    13.2837   4.165060    35.3880         98     0.4042  0.000e+00
      4.688    13.2838   4.166417    35.4007         99     0.4083  0.000e+00
      4.825    13.2835   4.166845    35.4050        100     0.4125  0.000e+00
      4.951    13.2837   4.166932    35.4056        101     0.4167  0.000e+00
      5.091    13.2838   4.166818    35.4043        102     0.4208  0.000e+00
      5.241    13.2842   4.166705    35.4028        103     0.4250  0.000e+00
      5.402    13.2847   4.167219    35.4071        104     0.4292  0.000e+00
      5.585    13.2855   4.166992    35.4042        105     0.4333  0.000e+00
      5.775    13.2863   4.165609    35.3902        106     0.4375  0.000e+00
      5.973    13.2866   4.159596    35.3327        107     0.4417  0.000e+00
      6.181    13.2862   4.155575    35.2948        108     0.4458  0.000e+00
      6.397    13.2847   4.151757    35.2599        109     0.4500  0.000e+00
      6.623    13.2822   4.149809    35.2436        110     0.4542  0.000e+00
      6.858    13.2798   4.148608    35.2344        111     0.4583  0.000e+00
      7.090    13.2771   4.147921    35.2302        112     0.4625  0.000e+00
      7.325    13.2746   4.147234    35.2259        113     0.4667  0.000e+00
      7.545    13.2720   4.146633    35.2226        114     0.4708  0.000e+00
      7.764    13.2695   4.146200    35.2207        115     0.4750  0.000e+00
      7.981    13.2671   4.145833    35.2193        116     0.4792  0.000e+00
      8.186    13.2645   4.145373    35.2172        117     0.4833  0.000e+00
      8.381    13.2616   4.145146    35.2177        118     0.4875  0.000e+00
      8.555    13.2590   4.144860    35.2173        119     0.4917  0.000e+00
      8.711    13.2563   4.144486    35.2162        120     0.4958  0.000e+00
      8.845    13.2539   4.144259    35.2162        121     0.5000  0.000e+00
      8.961    13.2511   4.144059    35.2168        122     0.5042  0.000e+00
      9.059    13.2486   4.143773    35.2164        123     0.5083  0.000e+00
      9.144    13.2459   4.143573    35.2170        124     0.5125  0.000e+00
      9.217    13.2429   4.143573    35.2197        125     0.5167  0.000e+00
      9.278    13.2404   4.143860    35.2247        126     0.5208  0.000e+00
      9.352    13.2387   4.145200    35.2390        127     0.5250  0.000e+00
      9.419    13.2380   4.149123    35.2769        128     0.5292  0.000e+00
      9.501    13.2378   4.150211    35.2874        129     0.5333  0.000e+00
      9.583    13.2380   4.151419    35.2986        130     0.5375  0.000e+00
      9.684    13.2426   4.151646    35.2965        131     0.5417  0.000e+00
      9.794    13.2503   4.151792    35.2907        132     0.5458  0.000e+00
      9.922    13.2577   4.151993    35.2856        133     0.5500  0.000e+00
     10.060    13.2645   4.151966    35.2790        134     0.5542  0.000e+00
     10.212    13.2697   4.151879    35.2733        135     0.5583  0.000e+00
     10.392    13.2729   4.151932    35.2708        136     0.5625  0.000e+00
     10.587    13.2748   4.152133    35.2709        137     0.5667  0.000e+00
     10.789    13.2760   4.152333    35.2715        138     0.5708  0.000e+00
     11.003    13.2771   4.152280    35.2699        139     0.5750  0.000e+00
     11.228    13.2784   4.150418    35.2509        140     0.5792  0.000e+00
     11.460    13.2775   4.149183    35.2400        141     0.5833  0.000e+00
     11.686    13.2684   4.145147    35.2100        142     0.5875  0.000e+00
     11.918    13.2516   4.141687    35.1925        143     0.5917  0.000e+00
     12.141    13.2341   4.140340    35.1959        144     0.5958  0.000e+00
     12.354    13.2202   4.139427    35.2000        145     0.6000  0.000e+00
     12.565    13.2099   4.138941    35.2049        146     0.6042  0.000e+00
     12.766    13.2018   4.138854    35.2114        147     0.6083  0.000e+00
     12.944    13.1958   4.138655    35.2151        148     0.6125  0.000e+00
     13.093    13.1917   4.138628    35.2185        149     0.6167  0.000e+00
     13.227    13.1888   4.138515    35.2201        150     0.6208  0.000e+00
     13.325    13.1871   4.138568    35.2221        151     0.6250  0.000e+00
     13.426    13.1867   4.138801    35.2247        152     0.6292  0.000e+00
     13.520    13.1868   4.139228    35.2286        153     0.6333  0.000e+00
     13.624    13.1874   4.139941    35.2348        154     0.6375  0.000e+00
     13.725    13.1884   4.141688    35.2504        155     0.6417  0.000e+00
     13.841    13.1895   4.143715    35.2687        156     0.6458  0.000e+00
     13.963    13.1897   4.144142    35.2725        157     0.6500  0.000e+00
     14.088    13.1897   4.144402    35.2749        158     0.6542  0.000e+00
     14.219    13.1928   4.144489    35.2728        159     0.6583  0.000e+00
     14.366    13.1976   4.144516    35.2685        160     0.6625  0.000e+00
     14.512    13.2047   4.144603    35.2627        161     0.6667  0.000e+00
     14.677    13.2102   4.144629    35.2578        162     0.6708  0.000e+00
     14.839    13.2138   4.144776    35.2557        163     0.6750  0.000e+00
     15.016    13.2168   4.145029    35.2553        164     0.6792  0.000e+00
     15.196    13.2194   4.145350    35.2559        165     0.6833  0.000e+00
     15.382    13.2206   4.144803    35.2495        166     0.6875  0.000e+00
     15.565    13.2217   4.144203    35.2426        167     0.6917  0.000e+00
     15.754    13.2222   4.143742    35.2377        168     0.6958  0.000e+00
     15.931    13.2200   4.143256    35.2351        169     0.7000  0.000e+00
     16.096    13.2170   4.142489    35.2305        170     0.7042  0.000e+00
     16.239    13.2144   4.142116    35.2293        171     0.7083  0.000e+00
     16.389    13.2121   4.141856    35.2289        172     0.7125  0.000e+00
     16.532    13.2104   4.141776    35.2296        173     0.7167  0.000e+00
     16.664    13.2092   4.141742    35.2304        174     0.7208  0.000e+00
     16.801    13.2081   4.141743    35.2314        175     0.7250  0.000e+00
     16.932    13.2073   4.141716    35.2317        176     0.7292  0.000e+00
     17.073    13.2071   4.141829    35.2330        177     0.7333  0.000e+00
     17.207    13.2070   4.142143    35.2360        178     0.7375  0.000e+00
     17.341    13.2075   4.143463    35.2481        179     0.7417  0.000e+00
     17.475    13.2081   4.144664    35.2589        180     0.7458  0.000e+00
     17.607    13.2086   4.145031    35.2618        181     0.7500  0.000e+00
     17.732    13.2117   4.145117    35.2597        182     0.7542  0.000e+00
     17.863    13.2173   4.145204    35.2552        183     0.7583  0.000e+00
     17.997    13.2217   4.145204    35.2511        184     0.7625  0.000e+00
     18.122    13.2239   4.144490    35.2422        185     0.7667  0.000e+00
     18.251    13.2255   4.143830    35.2344        186     0.7708  0.000e+00
     18.382    13.2249   4.143543    35.2322        187     0.7750  0.000e+00
     18.516    13.2225   4.143230    35.2314        188     0.7792  0.000e+00
     18.644    13.2199   4.143177    35.2332        189     0.7833  0.000e+00
     18.769    13.2181   4.144291    35.2454        190     0.7875  0.000e+00
     18.910    13.2173   4.145551    35.2581        191     0.7917  0.000e+00
     19.056    13.2167   4.146125    35.2641        192     0.7958  0.000e+00
     19.206    13.2215   4.146438    35.2625        193     0.8000  0.000e+00
     19.361    13.2276   4.146378    35.2562        194     0.8042  0.000e+00
     19.526    13.2315   4.145978    35.2487        195     0.8083  0.000e+00
     19.682    13.2333   4.145291    35.2404        196     0.8125  0.000e+00
     19.853    13.2342   4.145004    35.2368        197     0.8167  0.000e+00
     20.020    13.2336   4.145005    35.2372        198     0.8208  0.000e+00
     20.201    13.2298   4.145031    35.2409        199     0.8250  0.000e+00
     20.384    13.2257   4.145031    35.2447        200     0.8292  0.000e+00
     20.564    13.2223   4.144665    35.2443        201     0.8333  0.000e+00
     20.735    13.2191   4.144118    35.2420        202     0.8375  0.000e+00
     20.896    13.2158   4.143891    35.2429        203     0.8417  0.000e+00
     21.058    13.2130   4.144145    35.2478        204     0.8458  0.000e+00
     21.217    13.2115   4.144032    35.2481        205     0.8500  0.000e+00
     21.372    13.2104   4.143431    35.2433        206     0.8542  0.000e+00
     21.522    13.2085   4.142058    35.2319        207     0.8583  0.000e+00
     21.659    13.2059   4.141378    35.2278        208     0.8625  0.000e+00
     21.781    13.2037   4.141005    35.2263        209     0.8667  0.000e+00
     21.909    13.2014   4.140831    35.2267        210     0.8708  0.000e+00
     22.007    13.1994   4.140805    35.2283        211     0.8750  0.000e+00
     22.108    13.1977   4.140745    35.2292        212     0.8792  0.000e+00
     22.214    13.1967   4.140745    35.2301        213     0.8833  0.000e+00
     22.300    13.1960   4.140718    35.2304        214     0.8875  0.000e+00
     22.388    13.1954   4.140772    35.2315        215     0.8917  0.000e+00
