PC2501/sbe012.cnv
* Sea-Bird SBE 19plus Data File:
* FileName = C:\cruise\data\sbe012.hex
* Software Version Seasave V 7.26.7.121
* Temperature SN = 4684
* Conductivity SN = 4684
* System UpLoad Time = Jan 11 2025 11:36:20
* NMEA Latitude = 37 30.47 N
* NMEA Longitude = 073 13.74 W
* NMEA UTC (Time) = Jan 11 2025  11:35:41
** Ship: Pisces
** Cruise:  PC2501
** Program:  AMAPPS
# nquan = 7
# nvalues = 1613                                  
# units = specified
# name 0 = depSM: Depth [salt water, m]
# name 1 = tv290C: Temperature [ITS-90, deg C]
# name 2 = c0S/m: Conductivity [S/m]
# name 3 = sal00: Salinity, Practical [PSU]
# name 4 = scan: Scan Count
# name 5 = timeM: Time, Elapsed [minutes]
# name 6 = flag:  0.000e+00
# span 0 =     -0.116,     51.073                 
# span 1 =    17.4780,    21.3238                 
# span 2 =   0.179062,   5.115721                 
# span 3 =     0.9883,    36.9746                 
# span 4 =         11,       1623                 
# span 5 =     0.0417,     6.7583                 
# span 6 = 0.0000e+00, 0.0000e+00                 
# interval = seconds: 0.25
# start_time = Jan 11 2025 11:35:41 [NMEA time, header]
# bad_flag = -9.990e-29
*END*
      1.196    17.5881   2.729844    19.8737         11     0.0417  0.000e+00
      1.327    17.7070   3.914883    29.5155         12     0.0458  0.000e+00
      1.434    17.8088   4.523258    34.5929         13     0.0500  0.000e+00
      1.501    17.8474   3.507093    26.0334         14     0.0542  0.000e+00
      1.540    17.8560   4.163039    31.4917         15     0.0583  0.000e+00
      1.528    17.8820   4.327267    32.8611         16     0.0625  0.000e+00
      1.507    18.0006   3.715784    27.6528         17     0.0667  0.000e+00
      1.510    18.2247   4.538536    34.3719         18     0.0708  0.000e+00
      1.565    18.3321   4.743815    36.0255         19     0.0750  0.000e+00
      1.696    18.1420   4.744206    36.1965         20     0.0792  0.000e+00
      1.882    18.0145   4.745104    36.3174         21     0.0833  0.000e+00
      2.071    17.9809   4.735318    36.2631         22     0.0875  0.000e+00
      2.233    17.9799   4.729484    36.2138         23     0.0917  0.000e+00
      2.373    17.9670   4.738906    36.3062         24     0.0958  0.000e+00
      2.513    17.9180   4.780551    36.7088         25     0.1000  0.000e+00
      2.666    17.8900   4.793303    36.8442         26     0.1042  0.000e+00
      2.800    18.0083   4.736516    36.2487         27     0.1083  0.000e+00
      2.904    18.1013   4.704946    35.8956         28     0.1125  0.000e+00
      3.029    18.0775   4.775689    36.5235         29     0.1167  0.000e+00
      3.123    17.9894   4.506247    34.2943         30     0.1208  0.000e+00
      3.203    17.9989   3.986890    29.9051         31     0.1250  0.000e+00
      3.261    17.9917   4.598249    35.0778         32     0.1292  0.000e+00
      3.325    17.9492   4.524875    34.4870         33     0.1333  0.000e+00
      3.395    17.9005   4.480081    34.1457         34     0.1375  0.000e+00
      3.468    17.8591   4.024905    30.3263         35     0.1417  0.000e+00
      3.563    17.8600   4.286257    32.5301         36     0.1458  0.000e+00
      3.663    17.8648   4.606852    35.2608         37     0.1500  0.000e+00
      3.764    17.6622   4.752223    36.6944         38     0.1542  0.000e+00
      3.874    17.4780   4.749812    36.8406         39     0.1583  0.000e+00
      3.993    17.5729   4.743186    36.6967         40     0.1625  0.000e+00
      4.096    17.7109   4.742564    36.5666         41     0.1667  0.000e+00
      4.203    17.8210   4.753731    36.5640         42     0.1708  0.000e+00
      4.307    17.9178   4.761067    36.5403         43     0.1750  0.000e+00
      4.404    17.9919   4.755550    36.4264         44     0.1792  0.000e+00
      4.520    18.0439   4.748999    36.3236         45     0.1833  0.000e+00
      4.618    18.1115   4.746148    36.2390         46     0.1875  0.000e+00
      4.725    18.1857   4.747212    36.1824         47     0.1917  0.000e+00
      4.816    18.2344   4.751064    36.1722         48     0.1958  0.000e+00
      4.905    18.2509   4.753986    36.1826         49     0.2000  0.000e+00
      4.990    18.2428   4.750881    36.1632         50     0.2042  0.000e+00
      5.060    18.2154   4.737388    36.0720         51     0.2083  0.000e+00
      5.131    18.1339   4.731935    36.0972         52     0.2125  0.000e+00
      5.204    18.0280   4.736616    36.2311         53     0.2167  0.000e+00
      5.274    17.9042   4.771782    36.6445         54     0.2208  0.000e+00
      5.362    17.8139   4.793206    36.9113         55     0.2250  0.000e+00
      5.463    17.9629   4.781677    36.6770         56     0.2292  0.000e+00
      5.579    18.2386   4.777993    36.3986         57     0.2333  0.000e+00
      5.695    18.3882   4.787978    36.3509         58     0.2375  0.000e+00
      5.829    18.4575   4.803295    36.4199         59     0.2417  0.000e+00
      5.976    18.5549   4.815148    36.4343         60     0.2458  0.000e+00
      6.149    18.7012   4.821350    36.3576         61     0.2500  0.000e+00
      6.317    18.8293   4.824864    36.2743         62     0.2542  0.000e+00
      6.476    18.9231   4.829844    36.2340         63     0.2583  0.000e+00
      6.640    18.9942   4.830987    36.1813         64     0.2625  0.000e+00
      6.796    19.0609   4.828669    36.1035         65     0.2667  0.000e+00
      6.930    19.1009   4.823575    36.0259         66     0.2708  0.000e+00
      7.055    19.0931   4.796552    35.8060         67     0.2750  0.000e+00
      7.156    19.0364   4.730794    35.3037         68     0.2792  0.000e+00
      7.232    18.9414   4.717277    35.2713         69     0.2833  0.000e+00
      7.305    18.8511   4.763837    35.7402         70     0.2875  0.000e+00
      7.324    18.9849   4.848385    36.3357         71     0.2917  0.000e+00
      7.339    19.3663   4.923729    36.6325         72     0.2958  0.000e+00
      7.327    19.8006   4.961361    36.5649         73     0.3000  0.000e+00
      7.315    20.1605   4.972077    36.3408         74     0.3042  0.000e+00
      7.308    20.4127   4.975563    36.1526         75     0.3083  0.000e+00
      7.321    20.5816   4.945690    35.7656         76     0.3125  0.000e+00
      7.391    20.6614   4.871958    35.1011         77     0.3167  0.000e+00
      7.494    20.7025   4.836207    34.7784         78     0.3208  0.000e+00
      7.635    20.5438   4.824810    34.8163         79     0.3250  0.000e+00
      7.793    20.1349   4.834595    35.2350         80     0.3292  0.000e+00
      7.949    19.7469   4.840994    35.6150         81     0.3333  0.000e+00
      8.102    19.4930   4.837563    35.8035         82     0.3375  0.000e+00
      8.242    19.3163   4.830130    35.8937         83     0.3417  0.000e+00
      8.391    19.1844   4.822132    35.9408         84     0.3458  0.000e+00
      8.523    19.1003   4.817703    35.9766         85     0.3500  0.000e+00
      8.660    19.0522   4.816745    36.0102         86     0.3542  0.000e+00
      8.797    19.0252   4.810941    35.9849         87     0.3583  0.000e+00
      8.913    19.0070   4.796654    35.8807         88     0.3625  0.000e+00
      9.020    18.9980   4.791121    35.8419         89     0.3667  0.000e+00
      9.090    18.9953   4.818145    36.0713         90     0.3708  0.000e+00
      9.154    19.0306   4.834357    36.1768         91     0.3750  0.000e+00
      9.203    19.2158   4.835051    36.0214         92     0.3792  0.000e+00
      9.261    19.4088   4.813617    35.6761         93     0.3833  0.000e+00
      9.325    19.5150   4.837307    35.7820         94     0.3875  0.000e+00
      9.419    19.5610   4.837627    35.7452         95     0.3917  0.000e+00
      9.538    19.4166   4.825119    35.7651         96     0.3958  0.000e+00
      9.666    19.2516   4.817197    35.8410         97     0.4000  0.000e+00
      9.816    19.0924   4.813495    35.9477         98     0.4042  0.000e+00
      9.959    18.9594   4.812957    36.0587         99     0.4083  0.000e+00
     10.096    18.8582   4.813690    36.1532        100     0.4125  0.000e+00
     10.264    18.7902   4.811385    36.1933        101     0.4167  0.000e+00
     10.407    18.7409   4.809016    36.2165        102     0.4208  0.000e+00
     10.539    18.7137   4.802393    36.1843        103     0.4250  0.000e+00
     10.670    18.6932   4.791289    36.1083        104     0.4292  0.000e+00
     10.780    18.6661   4.786814    36.0940        105     0.4333  0.000e+00
     10.880    18.6421   4.788967    36.1334        106     0.4375  0.000e+00
     10.978    18.6232   4.789959    36.1583        107     0.4417  0.000e+00
     11.063    18.6133   4.790590    36.1723        108     0.4458  0.000e+00
     11.136    18.6187   4.791524    36.1755        109     0.4500  0.000e+00
     11.197    18.7120   4.789894    36.0798        110     0.4542  0.000e+00
     11.255    18.8946   4.782068    35.8546        111     0.4583  0.000e+00
     11.338    19.0041   4.772927    35.6830        112     0.4625  0.000e+00
     11.426    19.0383   4.788048    35.7804        113     0.4667  0.000e+00
     11.539    19.0319   4.810339    35.9730        114     0.4708  0.000e+00
     11.664    18.8742   4.813194    36.1345        115     0.4750  0.000e+00
     11.795    18.7599   4.805640    36.1707        116     0.4792  0.000e+00
     11.929    18.7268   4.802358    36.1720        117     0.4833  0.000e+00
     12.067    18.6629   4.802373    36.2282        118     0.4875  0.000e+00
     12.201    18.6072   4.801098    36.2664        119     0.4917  0.000e+00
     12.338    18.5623   4.793162    36.2385        120     0.4958  0.000e+00
     12.469    18.5244   4.783554    36.1903        121     0.5000  0.000e+00
     12.601    18.4976   4.776068    36.1502        122     0.5042  0.000e+00
     12.741    18.4823   4.772653    36.1346        123     0.5083  0.000e+00
     12.884    18.4738   4.774732    36.1597        124     0.5125  0.000e+00
     13.018    18.4661   4.774435    36.1638        125     0.5167  0.000e+00
     13.143    18.4674   4.774110    36.1599        126     0.5208  0.000e+00
     13.272    18.5506   4.776393    36.1061        127     0.5250  0.000e+00
     13.397    18.7088   4.780041    35.9984        128     0.5292  0.000e+00
     13.525    18.9343   4.783930    35.8350        129     0.5333  0.000e+00
     13.650    19.1222   4.789358    35.7181        130     0.5375  0.000e+00
     13.769    19.3269   4.798004    35.6146        131     0.5417  0.000e+00
     13.882    19.5527   4.809289    35.5156        132     0.5458  0.000e+00
     14.001    19.7195   4.817788    35.4443        133     0.5500  0.000e+00
     14.113    19.8359   4.824284    35.3994        134     0.5542  0.000e+00
     14.217    19.9547   4.828715    35.3356        135     0.5583  0.000e+00
     14.312    20.0608   4.828501    35.2448        136     0.5625  0.000e+00
     14.418    20.1327   4.816362    35.0853        137     0.5667  0.000e+00
     14.522    20.1476   4.793698    34.8877        138     0.5708  0.000e+00
     14.626    20.1102   4.784316    34.8420        139     0.5750  0.000e+00
     14.739    20.1290   4.788259    34.8585        140     0.5792  0.000e+00
     14.845    20.1368   4.809848    35.0285        141     0.5833  0.000e+00
     14.974    19.9536   4.831011    35.3552        142     0.5875  0.000e+00
     15.086    19.7000   4.835472    35.6066        143     0.5917  0.000e+00
     15.212    19.4578   4.833464    35.7970        144     0.5958  0.000e+00
     15.349    19.3174   4.821721    35.8199        145     0.6000  0.000e+00
     15.486    19.2502   4.807776    35.7613        146     0.6042  0.000e+00
     15.632    19.2010   4.804699    35.7779        147     0.6083  0.000e+00
     15.770    19.1513   4.805792    35.8299        148     0.6125  0.000e+00
     15.910    19.1051   4.806843    35.8785        149     0.6167  0.000e+00
     16.041    19.0695   4.809773    35.9339        150     0.6208  0.000e+00
     16.163    19.0423   4.807659    35.9397        151     0.6250  0.000e+00
     16.264    19.0231   4.792958    35.8329        152     0.6292  0.000e+00
     16.371    19.0113   4.789453    35.8136        153     0.6333  0.000e+00
     16.483    19.0142   4.804213    35.9351        154     0.6375  0.000e+00
     16.596    19.1090   4.823565    36.0151        155     0.6417  0.000e+00
     16.703    19.4233   4.847215    35.9406        156     0.6458  0.000e+00
     16.801    19.7526   4.875701    35.8937        157     0.6500  0.000e+00
     16.904    20.0015   4.898309    35.8672        158     0.6542  0.000e+00
     17.008    20.1810   4.908340    35.7967        159     0.6583  0.000e+00
     17.109    20.2912   4.908468    35.7042        160     0.6625  0.000e+00
     17.209    20.3484   4.891364    35.5162        161     0.6667  0.000e+00
     17.316    20.3603   4.859884    35.2496        162     0.6708  0.000e+00
     17.417    20.3709   4.858252    35.2275        163     0.6750  0.000e+00
     17.523    20.4519   5.048680    36.7128        164     0.6792  0.000e+00
     17.627    20.6627   5.103198    36.9746        165     0.6833  0.000e+00
     17.737    20.9506   5.106052    36.7479        166     0.6875  0.000e+00
     17.856    21.1285   5.107032    36.6027        167     0.6917  0.000e+00
     17.972    21.2166   5.107678    36.5324        168     0.6958  0.000e+00
     18.094    21.2573   5.108085    36.5009        169     0.7000  0.000e+00
     18.225    21.2757   5.108630    36.4896        170     0.7042  0.000e+00
     18.362    21.2854   5.109009    36.4842        171     0.7083  0.000e+00
     18.505    21.2904   5.109241    36.4818        172     0.7125  0.000e+00
     18.633    21.2932   5.109416    36.4808        173     0.7167  0.000e+00
     18.765    21.2944   5.109584    36.4810        174     0.7208  0.000e+00
     18.902    21.2946   5.109664    36.4814        175     0.7250  0.000e+00
     19.030    21.2951   5.109962    36.4834        176     0.7292  0.000e+00
     19.158    21.2957   5.110195    36.4847        177     0.7333  0.000e+00
     19.295    21.2963   5.110370    36.4855        178     0.7375  0.000e+00
     19.426    21.2969   5.110610    36.4869        179     0.7417  0.000e+00
     19.564    21.2981   5.110639    36.4861        180     0.7458  0.000e+00
     19.698    21.2985   5.110741    36.4865        181     0.7500  0.000e+00
     19.832    21.2990   5.110814    36.4866        182     0.7542  0.000e+00
     19.960    21.2988   5.110982    36.4881        183     0.7583  0.000e+00
     20.088    21.2993   5.111054    36.4882        184     0.7625  0.000e+00
     20.207    21.2997   5.111120    36.4884        185     0.7667  0.000e+00
     20.323    21.3000   5.111222    36.4888        186     0.7708  0.000e+00
     20.448    21.3002   5.111157    36.4881        187     0.7750  0.000e+00
     20.570    21.2998   5.111237    36.4891        188     0.7792  0.000e+00
     20.695    21.2993   5.111055    36.4879        189     0.7833  0.000e+00
     20.817    21.2988   5.111157    36.4891        190     0.7875  0.000e+00
     20.945    21.2983   5.111120    36.4892        191     0.7917  0.000e+00
     21.067    21.2982   5.111084    36.4890        192     0.7958  0.000e+00
     21.189    21.2978   5.111492    36.4926        193     0.8000  0.000e+00
     21.311    21.2988   5.111463    36.4914        194     0.8042  0.000e+00
     21.430    21.2997   5.111696    36.4925        195     0.8083  0.000e+00
     21.570    21.3003   5.111805    36.4929        196     0.8125  0.000e+00
     21.696    21.3012   5.112038    36.4939        197     0.8167  0.000e+00
     21.824    21.3020   5.112038    36.4932        198     0.8208  0.000e+00
     21.952    21.3025   5.112038    36.4927        199     0.8250  0.000e+00
     22.077    21.3025   5.112176    36.4937        200     0.8292  0.000e+00
     22.208    21.3030   5.112213    36.4935        201     0.8333  0.000e+00
     22.333    21.3034   5.112177    36.4929        202     0.8375  0.000e+00
     22.458    21.3030   5.112344    36.4946        203     0.8417  0.000e+00
     22.580    21.3032   5.112344    36.4943        204     0.8458  0.000e+00
     22.684    21.3035   5.112242    36.4932        205     0.8500  0.000e+00
     22.800    21.3029   5.112213    36.4935        206     0.8542  0.000e+00
     22.900    21.3025   5.112315    36.4946        207     0.8583  0.000e+00
     23.001    21.3023   5.112242    36.4941        208     0.8625  0.000e+00
     23.092    21.3021   5.112141    36.4934        209     0.8667  0.000e+00
     23.178    21.3014   5.111908    36.4921        210     0.8708  0.000e+00
     23.266    21.3004   5.111631    36.4908        211     0.8750  0.000e+00
     23.361    21.2990   5.111566    36.4914        212     0.8792  0.000e+00
     23.443    21.2975   5.111362    36.4910        213     0.8833  0.000e+00
     23.531    21.2965   5.111122    36.4899        214     0.8875  0.000e+00
     23.626    21.2952   5.110882    36.4890        215     0.8917  0.000e+00
