PC2501/sbe021.cnv
* Sea-Bird SBE 19plus Data File:
* FileName = C:\cruise\data\sbe021.hex
* Software Version Seasave V 7.26.7.121
* Temperature SN = 4684
* Conductivity SN = 4684
* System UpLoad Time = Jan 14 2025 22:47:20
* NMEA Latitude = 39 06.46 N
* NMEA Longitude = 074 17.98 W
* NMEA UTC (Time) = Jan 14 2025  22:46:43
** Ship: Pisces
** Cruise:  PC2501
** Program:  AMAPPS
# nquan = 7
# nvalues = 1669                                  
# units = specified
# name 0 = depSM: Depth [salt water, m]
# name 1 = tv290C: Temperature [ITS-90, deg C]
# name 2 = c0S/m: Conductivity [S/m]
# name 3 = sal00: Salinity, Practical [PSU]
# name 4 = scan: Scan Count
# name 5 = timeM: Time, Elapsed [minutes]
# name 6 = flag:  0.000e+00
# span 0 =     -0.083,     22.291                 
# span 1 =     0.0467,     5.6745                 
# span 2 =  -0.000008,   3.213428                 
# span 3 =    -0.0019,    32.9722                 
# span 4 =         11,       1679                 
# span 5 =     0.0417,     6.9917                 
# span 6 = 0.0000e+00, 0.0000e+00                 
# interval = seconds: 0.25
# start_time = Jan 14 2025 22:46:43 [NMEA time, header]
# bad_flag = -9.990e-29
*END*
[from data line 1436]
      2.803     5.6640   3.212871    32.8052       1447     6.0250  0.000e+00
      2.668     5.6658   3.212961    32.8045       1448     6.0292  0.000e+00
      2.510     5.6675   3.212497    32.7977       1449     6.0333  0.000e+00
      2.357     5.6666   3.212382    32.7974       1450     6.0375  0.000e+00
      2.251     5.6646   3.212635    32.8023       1451     6.0417  0.000e+00
      2.205     5.6648   3.212334    32.7986       1452     6.0458  0.000e+00
      2.202     5.6637   3.212382    32.8003       1453     6.0500  0.000e+00
      2.223     5.6632   3.212424    32.8012       1454     6.0542  0.000e+00
      2.272     5.6631   3.212521    32.8024       1455     6.0583  0.000e+00
      2.318     5.6636   3.212611    32.8029       1456     6.0625  0.000e+00
      2.370     5.6644   3.212497    32.8008       1457     6.0667  0.000e+00
      2.369     5.6646   3.212798    32.8041       1458     6.0708  0.000e+00
      2.354     5.6656   3.212611    32.8009       1459     6.0750  0.000e+00
      2.299     5.6656   3.212774    32.8028       1460     6.0792  0.000e+00
      2.208     5.6663   3.212587    32.8001       1461     6.0833  0.000e+00
      2.138     5.6660   3.212895    32.8039       1462     6.0875  0.000e+00
      2.086     5.6666   3.212774    32.8019       1463     6.0917  0.000e+00
      2.059     5.6672   3.212448    32.7977       1464     6.0958  0.000e+00
      2.074     5.6655   3.212406    32.7989       1465     6.1000  0.000e+00
      2.122     5.6642   3.212545    32.8016       1466     6.1042  0.000e+00
      2.193     5.6640   3.212521    32.8015       1467     6.1083  0.000e+00
      2.244     5.6643   3.212611    32.8023       1468     6.1125  0.000e+00
      2.278     5.6648   3.212871    32.8047       1469     6.1167  0.000e+00
      2.299     5.6663   3.212774    32.8021       1470     6.1208  0.000e+00
      2.317     5.6670   3.212913    32.8030       1471     6.1250  0.000e+00
      2.311     5.6676   3.212732    32.8004       1472     6.1292  0.000e+00
      2.278     5.6675   3.212732    32.8005       1473     6.1333  0.000e+00
      2.235     5.6669   3.212937    32.8034       1474     6.1375  0.000e+00
      2.223     5.6677   3.212913    32.8024       1475     6.1417  0.000e+00
      2.217     5.6685   3.212870    32.8011       1476     6.1458  0.000e+00
      2.226     5.6684   3.212659    32.7988       1477     6.1500  0.000e+00
      2.232     5.6675   3.212708    32.8003       1478     6.1542  0.000e+00
      2.232     5.6666   3.212937    32.8037       1479     6.1583  0.000e+00
      2.226     5.6677   3.213075    32.8042       1480     6.1625  0.000e+00
      2.195     5.6693   3.212985    32.8017       1481     6.1667  0.000e+00
      2.159     5.6697   3.212497    32.7957       1482     6.1708  0.000e+00
      2.159     5.6675   3.212219    32.7947       1483     6.1750  0.000e+00
      2.177     5.6643   3.212008    32.7954       1484     6.1792  0.000e+00
      2.198     5.6611   3.212123    32.7999       1485     6.1833  0.000e+00
      2.214     5.6599   3.212334    32.8034       1486     6.1875  0.000e+00
      2.235     5.6608   3.212497    32.8044       1487     6.1917  0.000e+00
      2.229     5.6622   3.212449    32.8025       1488     6.1958  0.000e+00
      2.198     5.6631   3.212358    32.8006       1489     6.2000  0.000e+00
      2.153     5.6631   3.212448    32.8016       1490     6.2042  0.000e+00
      2.110     5.6631   3.212473    32.8019       1491     6.2083  0.000e+00
      2.040     5.6635   3.212448    32.8013       1492     6.2125  0.000e+00
      1.967     5.6638   3.212545    32.8022       1493     6.2167  0.000e+00
      1.930     5.6640   3.212497    32.8014       1494     6.2208  0.000e+00
      1.902     5.6644   3.212473    32.8008       1495     6.2250  0.000e+00
      1.884     5.6641   3.212587    32.8023       1496     6.2292  0.000e+00
      1.851     5.6643   3.212587    32.8021       1497     6.2333  0.000e+00
      1.793     5.6650   3.212774    32.8037       1498     6.2375  0.000e+00
      1.710     5.6659   3.212358    32.7981       1499     6.2417  0.000e+00
      1.625     5.6648   3.212424    32.8000       1500     6.2458  0.000e+00
      1.540     5.6640   3.212545    32.8022       1501     6.2500  0.000e+00
      1.466     5.6644   3.212732    32.8039       1502     6.2542  0.000e+00
      1.396     5.6656   3.212774    32.8032       1503     6.2583  0.000e+00
      1.354     5.6666   3.212846    32.8031       1504     6.2625  0.000e+00
      1.314     5.6675   3.212569    32.7991       1505     6.2667  0.000e+00
      1.311     5.6668   3.212611    32.8003       1506     6.2708  0.000e+00
      1.360     5.6661   3.212569    32.8004       1507     6.2750  0.000e+00
      1.460     5.6656   3.212496    32.8001       1508     6.2792  0.000e+00
      1.542     5.6651   3.212587    32.8015       1509     6.2833  0.000e+00
      1.610     5.6651   3.212683    32.8026       1510     6.2875  0.000e+00
      1.683     5.6657   3.212750    32.8027       1511     6.2917  0.000e+00
      1.734     5.6663   3.212587    32.8003       1512     6.2958  0.000e+00
      1.701     5.6661   3.212569    32.8003       1513     6.3000  0.000e+00
      1.545     5.6654   3.212545    32.8008       1514     6.3042  0.000e+00
      1.268     5.6650   3.212587    32.8018       1515     6.3083  0.000e+00
      1.043     5.6650   3.212472    32.8006       1516     6.3125  0.000e+00
      0.881     5.6648   3.212219    32.7981       1517     6.3167  0.000e+00
      0.844     5.6631   3.212171    32.7991       1518     6.3208  0.000e+00
      0.936     5.6620   3.212267    32.8013       1519     6.3250  0.000e+00
      1.055     5.6616   3.212171    32.8005       1520     6.3292  0.000e+00
      1.177     5.6609   3.212080    32.8001       1521     6.3333  0.000e+00
      1.283     5.6603   3.212171    32.8017       1522     6.3375  0.000e+00
      1.393     5.6602   3.212243    32.8025       1523     6.3417  0.000e+00
      1.481     5.6606   3.212545    32.8055       1524     6.3458  0.000e+00
      1.539     5.6621   3.212081    32.7988       1525     6.3500  0.000e+00
      1.585     5.6614   3.212334    32.8023       1526     6.3542  0.000e+00
      1.612     5.6614   3.212171    32.8004       1527     6.3583  0.000e+00
      1.588     5.6611   3.212032    32.7992       1528     6.3625  0.000e+00
      1.518     5.6596   3.212171    32.8022       1529     6.3667  0.000e+00
      1.408     5.6596   3.212286    32.8036       1530     6.3708  0.000e+00
      1.323     5.6607   3.212406    32.8039       1531     6.3750  0.000e+00
      1.216     5.6620   3.212732    32.8064       1532     6.3792  0.000e+00
      1.125     5.6642   3.212750    32.8045       1533     6.3833  0.000e+00
      1.027     5.6659   3.212448    32.7995       1534     6.3875  0.000e+00
      0.926     5.6653   3.212309    32.7985       1535     6.3917  0.000e+00
      0.835     5.6633   3.212008    32.7971       1536     6.3958  0.000e+00
      0.780     5.6615   3.212080    32.7997       1537     6.4000  0.000e+00
      0.823     5.6604   3.212171    32.8018       1538     6.4042  0.000e+00
      0.957     5.6603   3.212147    32.8015       1539     6.4083  0.000e+00
      1.130     5.6606   3.212171    32.8015       1540     6.4125  0.000e+00
      1.268     5.6606   3.211936    32.7987       1541     6.4167  0.000e+00
      1.368     5.6597   3.211845    32.7986       1542     6.4208  0.000e+00
      1.435     5.6581   3.211936    32.8011       1543     6.4250  0.000e+00
      1.499     5.6572   3.211635    32.7985       1544     6.4292  0.000e+00
      1.402     5.6558   3.211845    32.8023       1545     6.4333  0.000e+00
      1.274     5.6557   3.211845    32.8024       1546     6.4375  0.000e+00
      1.106     5.6562   3.211845    32.8020       1547     6.4417  0.000e+00
      0.789     5.6563   3.211755    32.8011       1548     6.4458  0.000e+00
      0.490     5.6560   3.211731    32.8013       1549     6.4500  0.000e+00
      0.295     5.6557   3.211682    32.8011       1550     6.4542  0.000e+00
      0.246     5.6555   3.211936    32.8042       1551     6.4583  0.000e+00
      0.237     5.6563   3.212080    32.8050       1552     6.4625  0.000e+00
      0.252     5.6581   3.212147    32.8040       1553     6.4667  0.000e+00
      0.368     5.6593   3.212032    32.8015       1554     6.4708  0.000e+00
      0.557     5.6596   3.211869    32.7993       1555     6.4750  0.000e+00
      0.746     5.6586   3.211845    32.8000       1556     6.4792  0.000e+00
      0.905     5.6576   3.211869    32.8011       1557     6.4833  0.000e+00
      1.002     5.6572   3.212032    32.8033       1558     6.4875  0.000e+00
      1.081     5.6579   3.211894    32.8010       1559     6.4917  0.000e+00
      1.170     5.6579   3.212358    32.8062       1560     6.4958  0.000e+00
      1.246     5.6597   3.212334    32.8041       1561     6.5000  0.000e+00
      1.154     5.6613   3.212334    32.8026       1562     6.5042  0.000e+00
      0.911     5.6618   3.212104    32.7996       1563     6.5083  0.000e+00
      0.642     5.6610   3.212104    32.8005       1564     6.5125  0.000e+00
      0.469     5.6603   3.212243    32.8029       1565     6.5167  0.000e+00
      0.368     5.6607   3.212285    32.8030       1566     6.5208  0.000e+00
      0.319     5.6614   3.212219    32.8016       1567     6.5250  0.000e+00
      0.356     5.6615   3.212309    32.8025       1568     6.5292  0.000e+00
      0.453     5.6620   3.212243    32.8012       1569     6.5333  0.000e+00
      0.557     5.6621   3.212122    32.7998       1570     6.5375  0.000e+00
      0.655     5.6614   3.212080    32.7999       1571     6.5417  0.000e+00
      0.792     5.6610   3.212008    32.7994       1572     6.5458  0.000e+00
      0.914     5.6609   3.212195    32.8015       1573     6.5500  0.000e+00
      1.014     5.6609   3.212195    32.8015       1574     6.5542  0.000e+00
      1.093     5.6610   3.212358    32.8031       1575     6.5583  0.000e+00
      1.148     5.6618   3.212448    32.8034       1576     6.5625  0.000e+00
      1.182     5.6625   3.212659    32.8051       1577     6.5667  0.000e+00
      1.151     5.6643   3.212750    32.8043       1578     6.5708  0.000e+00
      0.996     5.6665   3.212961    32.8047       1579     6.5750  0.000e+00
      0.792     5.6677   3.212774    32.8015       1580     6.5792  0.000e+00
      0.627     5.6680   3.212472    32.7979       1581     6.5833  0.000e+00
      0.554     5.6668   3.212219    32.7962       1582     6.5875  0.000e+00
      0.530     5.6643   3.212520    32.8021       1583     6.5917  0.000e+00
      0.511     5.6640   3.212472    32.8019       1584     6.5958  0.000e+00
      0.530     5.6643   3.212243    32.7989       1585     6.6000  0.000e+00
      0.563     5.6628   3.212080    32.7986       1586     6.6042  0.000e+00
      0.639     5.6613   3.212147    32.8008       1587     6.6083  0.000e+00
      0.725     5.6606   3.212219    32.8022       1588     6.6125  0.000e+00
      0.810     5.6605   3.212123    32.8011       1589     6.6167  0.000e+00
      0.877     5.6603   3.212032    32.8003       1590     6.6208  0.000e+00
      0.913     5.6597   3.212123    32.8019       1591     6.6250  0.000e+00
      0.929     5.6596   3.212243    32.8033       1592     6.6292  0.000e+00
      0.941     5.6605   3.212171    32.8017       1593     6.6333  0.000e+00
      0.956     5.6608   3.212147    32.8011       1594     6.6375  0.000e+00
      0.923     5.6605   3.212382    32.8041       1595     6.6417  0.000e+00
      0.837     5.6614   3.212219    32.8014       1596     6.6458  0.000e+00
      0.746     5.6614   3.212382    32.8032       1597     6.6500  0.000e+00
      0.636     5.6622   3.212659    32.8056       1598     6.6542  0.000e+00
      0.526     5.6637   3.211936    32.7961       1599     6.6583  0.000e+00
      0.419     5.6623   3.212195    32.8004       1600     6.6625  0.000e+00
      0.392     5.6606   3.211984    32.7997       1601     6.6667  0.000e+00
      0.398     5.6599   3.212032    32.8009       1602     6.6708  0.000e+00
      0.410     5.6597   3.212171    32.8027       1603     6.6750  0.000e+00
      0.462     5.6597   3.212147    32.8024       1604     6.6792  0.000e+00
      0.550     5.6603   3.212406    32.8047       1605     6.6833  0.000e+00
      0.645     5.6612   3.212587    32.8059       1606     6.6875  0.000e+00
      0.706     5.6633   3.212520    32.8030       1607     6.6917  0.000e+00
      0.727     5.6642   3.212448    32.8012       1608     6.6958  0.000e+00
      0.709     5.6640   3.212358    32.8004       1609     6.7000  0.000e+00
      0.691     5.6636   3.212358    32.8009       1610     6.7042  0.000e+00
      0.688     5.6634   3.212333    32.8008       1611     6.7083  0.000e+00
      0.657     5.6632   3.212798    32.8063       1612     6.7125  0.000e+00
      0.602     5.6650   3.212122    32.7969       1613     6.7167  0.000e+00
      0.529     5.6638   3.212171    32.7987       1614     6.7208  0.000e+00
      0.450     5.6620   3.212333    32.8023       1615     6.7250  0.000e+00
      0.367     5.6620   3.212544    32.8047       1616     6.7292  0.000e+00
      0.285     5.6633   3.212659    32.8047       1617     6.7333  0.000e+00
      0.248     5.6650   3.212544    32.8018       1618     6.7375  0.000e+00
      0.224     5.6655   3.212683    32.8030       1619     6.7417  0.000e+00
      0.230     5.6661   3.212472    32.8000       1620     6.7458  0.000e+00
      0.242     5.6655   3.212544    32.8013       1621     6.7500  0.000e+00
      0.279     5.6653   3.212659    32.8028       1622     6.7542  0.000e+00
      0.358     5.6657   3.212635    32.8021       1623     6.7583  0.000e+00
      0.446     5.6655   3.212285    32.7983       1624     6.7625  0.000e+00
      0.517     5.6648   3.212985    32.8069       1625     6.7667  0.000e+00
      0.614     5.6666   3.212358    32.7980       1626     6.7708  0.000e+00
      0.669     5.6660   3.212032    32.7948       1627     6.7750  0.000e+00
      0.666     5.6623   3.211984    32.7979       1628     6.7792  0.000e+00
      0.556     5.6600   3.211821    32.7983       1629     6.7833  0.000e+00
      0.340     5.6583   3.211917    32.8012       1630     6.7875  0.000e+00
      0.120     5.6575   3.211797    32.8008       1631     6.7917  0.000e+00
      0.026     5.6570   3.211658    32.7997       1632     6.7958  0.000e+00
     -0.002     5.6550   1.067293     9.8662       1633     6.8000  0.000e+00
     -0.011     5.6224   0.474630     4.1405       1634     6.8042  0.000e+00
     -0.008     5.5141   0.389041     3.3609       1635     6.8083  0.000e+00
     -0.017     5.4020   0.346337     2.9800       1636     6.8125  0.000e+00
     -0.011     5.3748   0.304366     2.6003       1637     6.8167  0.000e+00
     -0.011     5.3781   0.231841     1.9491       1638     6.8208  0.000e+00
      0.007     5.3885   0.210768     1.7619       1639     6.8250  0.000e+00
      0.123     5.4250   0.294077     2.5034       1640     6.8292  0.000e+00
      0.245     5.4825   0.480772     4.2152       1641     6.8333  0.000e+00
      0.330     5.5222   1.674567    16.1310       1642     6.8375  0.000e+00
      0.312     5.5469   2.644023    26.5513       1643     6.8417  0.000e+00
      0.266     5.5835   3.211195    32.8661       1644     6.8458  0.000e+00
      0.230     5.6158   3.211357    32.8364       1645     6.8500  0.000e+00
      0.096     5.6347   3.211568    32.8204       1646     6.8542  0.000e+00
      0.001     5.6446   3.211170    32.8062       1647     6.8583  0.000e+00
     -0.011     5.6462   3.210501    32.7971       1648     6.8625  0.000e+00
     -0.011     5.6431   3.209916    32.7936       1649     6.8667  0.000e+00
     -0.014     5.6380   3.209916    32.7985       1650     6.8708  0.000e+00
     -0.011     5.6349   2.451788    24.3754       1651     6.8750  0.000e+00
