PC2501/sbe053.cnv
* Sea-Bird SBE 19plus Data File:
* FileName = C:\cruise\data\sbe053.hex
* Software Version Seasave V 7.26.7.121
* Temperature SN = 4684
* Conductivity SN = 4684
* System UpLoad Time = Jan 24 2025 22:57:35
* NMEA Latitude = 38 09.49 N
* NMEA Longitude = 071 32.76 W
* NMEA UTC (Time) = Jan 24 2025  22:57:03
** Ship: Pisces
** Cruise:  PC2501
** Program:  AMAPPS
# nquan = 7
# nvalues = 5575                                  
# units = specified
# name 0 = depSM: Depth [salt water, m]
# name 1 = tv290C: Temperature [ITS-90, deg C]
# name 2 = c0S/m: Conductivity [S/m]
# name 3 = sal00: Salinity, Practical [PSU]
# name 4 = scan: Scan Count
# name 5 = timeM: Time, Elapsed [minutes]
# name 6 = flag:  0.000e+00
# span 0 =      0.009,    200.883                 
# span 1 =     2.6144,    14.9497                 
# span 2 =   0.000009,   4.364779                 
# span 3 =     0.0003,    37.6409                 
# span 4 =         11,       5585                 
# span 5 =     0.0417,    23.2667                 
# span 6 = 0.0000e+00, 0.0000e+00                 
# interval = seconds: 0.25
# start_time = Jan 24 2025 22:57:03 [NMEA time, header]
# bad_flag = -9.990e-29
*END*
[from data line 5129]
     15.512     8.2103   3.468474    33.1560       5140    21.4125  0.000e+00
     15.490     8.2110   3.468424    33.1548       5141    21.4167  0.000e+00
     15.457     8.2121   3.468269    33.1522       5142    21.4208  0.000e+00
     15.429     8.2123   3.467940    33.1485       5143    21.4250  0.000e+00
     15.399     8.2103   3.467281    33.1434       5144    21.4292  0.000e+00
     15.365     8.2058   3.467350    33.1484       5145    21.4333  0.000e+00
     15.329     8.2026   3.467182    33.1496       5146    21.4375  0.000e+00
     15.280     8.2008   3.467182    33.1513       5147    21.4417  0.000e+00
     15.240     8.1996   3.467176    33.1525       5148    21.4458  0.000e+00
     15.191     8.1988   3.467207    33.1535       5149    21.4500  0.000e+00
     15.146     8.1989   3.467182    33.1532       5150    21.4542  0.000e+00
     15.082     8.1988   3.467083    33.1523       5151    21.4583  0.000e+00
     15.021     8.1984   3.467002    33.1518       5152    21.4625  0.000e+00
     14.951     8.1977   3.466977    33.1523       5153    21.4667  0.000e+00
     14.877     8.1971   3.466958    33.1527       5154    21.4708  0.000e+00
     14.795     8.1966   3.467083    33.1545       5155    21.4750  0.000e+00
     14.725     8.1967   3.467201    33.1557       5156    21.4792  0.000e+00
     14.655     8.1977   3.467281    33.1557       5157    21.4833  0.000e+00
     14.584     8.1987   3.467256    33.1544       5158    21.4875  0.000e+00
     14.520     8.1992   3.467225    33.1537       5159    21.4917  0.000e+00
     14.450     8.1996   3.467281    33.1540       5160    21.4958  0.000e+00
     14.386     8.1999   3.467331    33.1542       5161    21.5000  0.000e+00
     14.328     8.2002   3.467275    33.1534       5162    21.5042  0.000e+00
     14.282     8.2004   3.467331    33.1538       5163    21.5083  0.000e+00
     14.249     8.2007   3.467231    33.1525       5164    21.5125  0.000e+00
     14.209     8.2003   3.467225    33.1528       5165    21.5167  0.000e+00
     14.185     8.2000   3.467182    33.1526       5166    21.5208  0.000e+00
     14.161     8.1998   3.467331    33.1544       5167    21.5250  0.000e+00
     14.127     8.2000   3.467443    33.1555       5168    21.5292  0.000e+00
     14.112     8.2012   3.467411    33.1539       5169    21.5333  0.000e+00
     14.078     8.2019   3.467256    33.1517       5170    21.5375  0.000e+00
     14.045     8.2014   3.467107    33.1506       5171    21.5417  0.000e+00
     13.996     8.2003   3.467182    33.1525       5172    21.5458  0.000e+00
     13.947     8.1997   3.467275    33.1540       5173    21.5500  0.000e+00
     13.886     8.1998   3.467331    33.1545       5174    21.5542  0.000e+00
     13.825     8.2002   3.467461    33.1556       5175    21.5583  0.000e+00
     13.758     8.2013   3.467300    33.1528       5176    21.5625  0.000e+00
     13.691     8.2016   3.467132    33.1508       5177    21.5667  0.000e+00
     13.627     8.2007   3.467182    33.1523       5178    21.5708  0.000e+00
     13.563     8.2000   3.467057    33.1516       5179    21.5750  0.000e+00
     13.486     8.1992   3.466902    33.1507       5180    21.5792  0.000e+00
     13.413     8.1983   3.467157    33.1543       5181    21.5833  0.000e+00
     13.340     8.1982   3.467275    33.1558       5182    21.5875  0.000e+00
     13.267     8.1991   3.467610    33.1584       5183    21.5917  0.000e+00
     13.197     8.2012   3.467436    33.1546       5184    21.5958  0.000e+00
     13.127     8.2024   3.467399    33.1531       5185    21.6000  0.000e+00
     13.066     8.2027   3.467585    33.1549       5186    21.6042  0.000e+00
     13.020     8.2033   3.467666    33.1552       5187    21.6083  0.000e+00
     12.992     8.2043   3.467591    33.1534       5188    21.6125  0.000e+00
     12.974     8.2048   3.467690    33.1541       5189    21.6167  0.000e+00
     12.956     8.2050   3.467759    33.1546       5190    21.6208  0.000e+00
     12.947     8.2058   3.467740    33.1537       5191    21.6250  0.000e+00
     12.931     8.2062   3.467765    33.1535       5192    21.6292  0.000e+00
     12.934     8.2063   3.467684    33.1526       5193    21.6333  0.000e+00
     12.931     8.2064   3.467765    33.1534       5194    21.6375  0.000e+00
     12.940     8.2065   3.467765    33.1533       5195    21.6417  0.000e+00
     12.947     8.2065   3.467808    33.1537       5196    21.6458  0.000e+00
     12.947     8.2070   3.467815    33.1534       5197    21.6500  0.000e+00
     12.937     8.2072   3.467790    33.1528       5198    21.6542  0.000e+00
     12.916     8.2075   3.467759    33.1523       5199    21.6583  0.000e+00
     12.883     8.2075   3.467666    33.1513       5200    21.6625  0.000e+00
     12.831     8.2070   3.467666    33.1518       5201    21.6667  0.000e+00
     12.773     8.2066   3.467616    33.1517       5202    21.6708  0.000e+00
     12.690     8.2063   3.467510    33.1509       5203    21.6750  0.000e+00
     12.593     8.2057   3.467566    33.1521       5204    21.6792  0.000e+00
     12.504     8.2054   3.467492    33.1516       5205    21.6833  0.000e+00
     12.394     8.2052   3.467485    33.1518       5206    21.6875  0.000e+00
     12.306     8.2048   3.467467    33.1520       5207    21.6917  0.000e+00
     12.211     8.2045   3.467460    33.1523       5208    21.6958  0.000e+00
     12.126     8.2043   3.467423    33.1521       5209    21.7000  0.000e+00
     12.056     8.2041   3.467423    33.1524       5210    21.7042  0.000e+00
     11.995     8.2037   3.467560    33.1542       5211    21.7083  0.000e+00
     11.940     8.2041   3.467566    33.1539       5212    21.7125  0.000e+00
     11.900     8.2047   3.467585    33.1536       5213    21.7167  0.000e+00
     11.858     8.2052   3.467491    33.1521       5214    21.7208  0.000e+00
     11.824     8.2051   3.467467    33.1520       5215    21.7250  0.000e+00
     11.778     8.2048   3.467560    33.1532       5216    21.7292  0.000e+00
     11.742     8.2049   3.467616    33.1538       5217    21.7333  0.000e+00
     11.699     8.2053   3.467665    33.1540       5218    21.7375  0.000e+00
     11.672     8.2056   3.467640    33.1534       5219    21.7417  0.000e+00
     11.647     8.2059   3.467510    33.1517       5220    21.7458  0.000e+00
     11.604     8.2056   3.467510    33.1520       5221    21.7500  0.000e+00
     11.565     8.2053   3.467442    33.1517       5222    21.7542  0.000e+00
     11.522     8.2050   3.467411    33.1516       5223    21.7583  0.000e+00
     11.476     8.2046   3.467355    33.1514       5224    21.7625  0.000e+00
     11.421     8.2042   3.467324    33.1515       5225    21.7667  0.000e+00
     11.351     8.2037   3.467410    33.1529       5226    21.7708  0.000e+00
     11.296     8.2036   3.467460    33.1535       5227    21.7750  0.000e+00
     11.235     8.2040   3.467398    33.1526       5228    21.7792  0.000e+00
     11.165     8.2040   3.467435    33.1530       5229    21.7833  0.000e+00
     11.107     8.2042   3.467460    33.1530       5230    21.7875  0.000e+00
     11.049     8.2043   3.467398    33.1523       5231    21.7917  0.000e+00
     11.000     8.2042   3.467410    33.1526       5232    21.7958  0.000e+00
     10.952     8.2042   3.467386    33.1524       5233    21.8000  0.000e+00
     10.909     8.2042   3.467441    33.1530       5234    21.8042  0.000e+00
     10.881     8.2043   3.467559    33.1541       5235    21.8083  0.000e+00
     10.845     8.2048   3.467665    33.1548       5236    21.8125  0.000e+00
     10.820     8.2057   3.467690    33.1543       5237    21.8167  0.000e+00
     10.808     8.2063   3.467435    33.1509       5238    21.8208  0.000e+00
     10.799     8.2059   3.467423    33.1512       5239    21.8250  0.000e+00
     10.799     8.2052   3.467665    33.1544       5240    21.8292  0.000e+00
     10.793     8.2056   3.467690    33.1543       5241    21.8333  0.000e+00
     10.772     8.2061   3.467665    33.1536       5242    21.8375  0.000e+00
     10.747     8.2065   3.467584    33.1524       5243    21.8417  0.000e+00
     10.708     8.2064   3.467534    33.1520       5244    21.8458  0.000e+00
     10.680     8.2058   3.467665    33.1540       5245    21.8500  0.000e+00
     10.628     8.2061   3.467609    33.1531       5246    21.8542  0.000e+00
     10.586     8.2062   3.467609    33.1530       5247    21.8583  0.000e+00
     10.543     8.2062   3.467590    33.1528       5248    21.8625  0.000e+00
     10.461     8.2060   3.467584    33.1530       5249    21.8667  0.000e+00
     10.369     8.2058   3.467615    33.1535       5250    21.8708  0.000e+00
     10.256     8.2059   3.467541    33.1527       5251    21.8750  0.000e+00
     10.149     8.2059   3.467559    33.1530       5252    21.8792  0.000e+00
     10.043     8.2054   3.467565    33.1535       5253    21.8833  0.000e+00
      9.960     8.2053   3.467509    33.1531       5254    21.8875  0.000e+00
      9.887     8.2051   3.467491    33.1531       5255    21.8917  0.000e+00
      9.805     8.2048   3.467609    33.1547       5256    21.8958  0.000e+00
      9.738     8.2051   3.467689    33.1553       5257    21.9000  0.000e+00
      9.683     8.2061   3.467708    33.1546       5258    21.9042  0.000e+00
      9.649     8.2068   3.467714    33.1540       5259    21.9083  0.000e+00
      9.634     8.2074   3.467689    33.1532       5260    21.9125  0.000e+00
      9.600     8.2072   3.467640    33.1529       5261    21.9167  0.000e+00
      9.555     8.2071   3.467664    33.1532       5262    21.9208  0.000e+00
      9.521     8.2070   3.467609    33.1528       5263    21.9250  0.000e+00
      9.488     8.2069   3.467664    33.1534       5264    21.9292  0.000e+00
      9.451     8.2070   3.467714    33.1539       5265    21.9333  0.000e+00
      9.393     8.2072   3.467534    33.1518       5266    21.9375  0.000e+00
      9.332     8.2070   3.467590    33.1527       5267    21.9417  0.000e+00
      9.256     8.2067   3.467633    33.1534       5268    21.9458  0.000e+00
      9.170     8.2068   3.467757    33.1546       5269    21.9500  0.000e+00
      9.079     8.2073   3.467888    33.1556       5270    21.9542  0.000e+00
      8.984     8.2083   3.467739    33.1531       5271    21.9583  0.000e+00
      8.890     8.2086   3.467708    33.1526       5272    21.9625  0.000e+00
      8.780     8.2083   3.467689    33.1527       5273    21.9667  0.000e+00
      8.707     8.2080   3.467664    33.1527       5274    21.9708  0.000e+00
      8.643     8.2077   3.467708    33.1536       5275    21.9750  0.000e+00
      8.594     8.2077   3.467664    33.1531       5276    21.9792  0.000e+00
      8.557     8.2075   3.467583    33.1525       5277    21.9833  0.000e+00
      8.524     8.2073   3.467590    33.1527       5278    21.9875  0.000e+00
      8.508     8.2068   3.467583    33.1531       5279    21.9917  0.000e+00
      8.469     8.2067   3.467583    33.1532       5280    21.9958  0.000e+00
      8.450     8.2066   3.467639    33.1539       5281    22.0000  0.000e+00
      8.460     8.2068   3.467838    33.1559       5282    22.0042  0.000e+00
      8.475     8.2078   3.467863    33.1552       5283    22.0083  0.000e+00
      8.472     8.2090   3.467757    33.1529       5284    22.0125  0.000e+00
      8.386     8.2092   3.467763    33.1529       5285    22.0167  0.000e+00
      8.280     8.2089   3.467757    33.1531       5286    22.0208  0.000e+00
      8.155     8.2089   3.467689    33.1525       5287    22.0250  0.000e+00
      7.996     8.2087   3.467664    33.1524       5288    22.0292  0.000e+00
      7.856     8.2082   3.467683    33.1532       5289    22.0333  0.000e+00
      7.703     8.2079   3.467714    33.1538       5290    22.0375  0.000e+00
      7.578     8.2082   3.467713    33.1537       5291    22.0417  0.000e+00
      7.447     8.2082   3.467732    33.1539       5292    22.0458  0.000e+00
      7.340     8.2084   3.467763    33.1541       5293    22.0500  0.000e+00
      7.273     8.2087   3.467813    33.1543       5294    22.0542  0.000e+00
      7.200     8.2089   3.467831    33.1544       5295    22.0583  0.000e+00
      7.157     8.2095   3.467713    33.1526       5296    22.0625  0.000e+00
      7.108     8.2094   3.467688    33.1525       5297    22.0667  0.000e+00
      7.062     8.2088   3.467806    33.1543       5298    22.0708  0.000e+00
      7.014     8.2092   3.467788    33.1538       5299    22.0750  0.000e+00
      6.965     8.2093   3.467732    33.1530       5300    22.0792  0.000e+00
      6.901     8.2094   3.467763    33.1533       5301    22.0833  0.000e+00
      6.837     8.2094   3.467862    33.1544       5302    22.0875  0.000e+00
      6.770     8.2097   3.467806    33.1536       5303    22.0917  0.000e+00
      6.690     8.2099   3.467688    33.1522       5304    22.0958  0.000e+00
      6.632     8.2094   3.467788    33.1537       5305    22.1000  0.000e+00
      6.568     8.2093   3.467949    33.1556       5306    22.1042  0.000e+00
      6.532     8.2101   3.467993    33.1553       5307    22.1083  0.000e+00
      6.498     8.2110   3.467993    33.1544       5308    22.1125  0.000e+00
      6.462     8.2116   3.467881    33.1527       5309    22.1167  0.000e+00
      6.428     8.2114   3.467837    33.1524       5310    22.1208  0.000e+00
      6.376     8.2109   3.467862    33.1532       5311    22.1250  0.000e+00
      6.346     8.2108   3.467806    33.1528       5312    22.1292  0.000e+00
      6.297     8.2104   3.467837    33.1535       5313    22.1333  0.000e+00
      6.275     8.2103   3.467831    33.1535       5314    22.1375  0.000e+00
      6.193     8.2101   3.467837    33.1538       5315    22.1417  0.000e+00
      6.108     8.2103   3.467862    33.1539       5316    22.1458  0.000e+00
      6.013     8.2103   3.467856    33.1539       5317    22.1500  0.000e+00
      5.964     8.2104   3.467862    33.1539       5318    22.1542  0.000e+00
      5.934     8.2104   3.468141    33.1569       5319    22.1583  0.000e+00
      5.879     8.2116   3.468073    33.1551       5320    22.1625  0.000e+00
      5.781     8.2125   3.468042    33.1539       5321    22.1667  0.000e+00
      5.696     8.2123   3.467887    33.1525       5322    22.1708  0.000e+00
      5.601     8.2118   3.467905    33.1532       5323    22.1750  0.000e+00
      5.525     8.2113   3.467738    33.1520       5324    22.1792  0.000e+00
      5.443     8.2105   3.467607    33.1514       5325    22.1833  0.000e+00
      5.360     8.2093   3.467638    33.1528       5326    22.1875  0.000e+00
      5.275     8.2087   3.467663    33.1537       5327    22.1917  0.000e+00
      5.223     8.2083   3.467489    33.1522       5328    22.1958  0.000e+00
      5.156     8.2076   3.467508    33.1531       5329    22.2000  0.000e+00
      5.055     8.2071   3.467508    33.1537       5330    22.2042  0.000e+00
      4.942     8.2070   3.467514    33.1539       5331    22.2083  0.000e+00
      4.842     8.2067   3.467508    33.1542       5332    22.2125  0.000e+00
      4.729     8.2068   3.467458    33.1535       5333    22.2167  0.000e+00
      4.589     8.2066   3.467396    33.1532       5334    22.2208  0.000e+00
      4.418     8.2064   3.467408    33.1536       5335    22.2250  0.000e+00
      4.293     8.2059   3.467383    33.1538       5336    22.2292  0.000e+00
      4.183     8.2058   3.467296    33.1531       5337    22.2333  0.000e+00
      4.110     8.2054   3.467302    33.1536       5338    22.2375  0.000e+00
      4.088     8.2051   3.467278    33.1536       5339    22.2417  0.000e+00
      4.079     8.2049   3.467271    33.1537       5340    22.2458  0.000e+00
      4.100     8.2047   3.467408    33.1553       5341    22.2500  0.000e+00
      4.165     8.2053   3.467433    33.1550       5342    22.2542  0.000e+00
      4.253     8.2058   3.467371    33.1538       5343    22.2583  0.000e+00
