PC2501/sbe074.cnv
* Sea-Bird SBE 19plus Data File:
* FileName = C:\cruise\data\sbe074.hex
* Software Version Seasave V 7.26.7.121
* Temperature SN = 4684
* Conductivity SN = 4684
* System UpLoad Time = Feb 08 2025 07:16:14
* NMEA Latitude = 36 28.54 N
* NMEA Longitude = 075 24.94 W
* NMEA UTC (Time) = Feb 08 2025  07:15:51
** Ship: Pisces
** Cruise:  PC2501
** Program:  AMAPPS
# nquan = 7
# nvalues = 1660                                  
# units = specified
# name 0 = depSM: Depth [salt water, m]
# name 1 = tv290C: Temperature [ITS-90, deg C]
# name 2 = c0S/m: Conductivity [S/m]
# name 3 = sal00: Salinity, Practical [PSU]
# name 4 = scan: Scan Count
# name 5 = timeM: Time, Elapsed [minutes]
# name 6 = flag:  0.000e+00
# span 0 =      0.117,     26.964                 
# span 1 =     7.3958,     8.5296                 
# span 2 =  -0.102291,   3.599498                 
# span 3 =     0.0000,    34.3751                 
# span 4 =         11,       1670                 
# span 5 =     0.0417,     6.9542                 
# span 6 = 0.0000e+00, 0.0000e+00                 
# interval = seconds: 0.25
# start_time = Feb 08 2025 07:15:51 [NMEA time, header]
# bad_flag = -9.990e-29
*END*
[from data line 821]
     14.441     8.4914   3.595782    34.2373        832     3.4625  0.000e+00
     14.419     8.4905   3.595807    34.2384        833     3.4667  0.000e+00
     14.392     8.4898   3.595152    34.2322        834     3.4708  0.000e+00
     14.368     8.4877   3.595290    34.2357        835     3.4750  0.000e+00
     14.337     8.4860   3.594975    34.2341        836     3.4792  0.000e+00
     14.307     8.4837   3.594597    34.2323        837     3.4833  0.000e+00
     14.273     8.4808   3.595555    34.2452        838     3.4875  0.000e+00
     14.239     8.4815   3.596468    34.2543        839     3.4917  0.000e+00
     14.206     8.4872   3.596216    34.2461        840     3.4958  0.000e+00
     14.169     8.4917   3.595530    34.2344        841     3.5000  0.000e+00
     14.130     8.4905   3.595656    34.2370        842     3.5042  0.000e+00
     14.078     8.4890   3.595555    34.2374        843     3.5083  0.000e+00
     14.029     8.4884   3.595731    34.2399        844     3.5125  0.000e+00
     14.002     8.4883   3.595807    34.2408        845     3.5167  0.000e+00
     13.971     8.4885   3.595378    34.2360        846     3.5208  0.000e+00
     13.941     8.4877   3.595101    34.2339        847     3.5250  0.000e+00
     13.931     8.4857   3.595756    34.2428        848     3.5292  0.000e+00
     13.922     8.4861   3.595479    34.2394        849     3.5333  0.000e+00
     13.913     8.4869   3.596008    34.2443        850     3.5375  0.000e+00
     13.910     8.4885   3.596216    34.2450        851     3.5417  0.000e+00
     13.910     8.4911   3.596342    34.2437        852     3.5458  0.000e+00
     13.910     8.4933   3.596392    34.2422        853     3.5500  0.000e+00
     13.907     8.4949   3.596594    34.2427        854     3.5542  0.000e+00
     13.919     8.4962   3.596619    34.2417        855     3.5583  0.000e+00
     13.916     8.4973   3.596493    34.2393        856     3.5625  0.000e+00
     13.904     8.4976   3.596745    34.2417        857     3.5667  0.000e+00
     13.883     8.4983   3.597022    34.2440        858     3.5708  0.000e+00
     13.861     8.4999   3.597199    34.2443        859     3.5750  0.000e+00
     13.837     8.5020   3.597980    34.2506        860     3.5792  0.000e+00
     13.803     8.5062   3.598213    34.2489        861     3.5833  0.000e+00
     13.767     8.5105   3.598541    34.2483        862     3.5875  0.000e+00
     13.715     8.5142   3.598843    34.2478        863     3.5917  0.000e+00
     13.678     8.5175   3.599171    34.2482        864     3.5958  0.000e+00
     13.636     8.5209   3.599171    34.2449        865     3.6000  0.000e+00
     13.605     8.5233   3.598541    34.2359        866     3.6042  0.000e+00
     13.562     8.5224   3.598213    34.2333        867     3.6083  0.000e+00
     13.526     8.5193   3.598389    34.2382        868     3.6125  0.000e+00
     13.495     8.5180   3.598667    34.2425        869     3.6167  0.000e+00
     13.456     8.5181   3.598893    34.2448        870     3.6208  0.000e+00
     13.428     8.5196   3.598893    34.2433        871     3.6250  0.000e+00
     13.391     8.5213   3.599019    34.2430        872     3.6292  0.000e+00
     13.352     8.5223   3.599019    34.2420        873     3.6333  0.000e+00
     13.324     8.5232   3.598515    34.2358        874     3.6375  0.000e+00
     13.288     8.5225   3.598080    34.2319        875     3.6417  0.000e+00
     13.245     8.5192   3.597677    34.2309        876     3.6458  0.000e+00
     13.218     8.5149   3.597803    34.2364        877     3.6500  0.000e+00
     13.190     8.5125   3.597778    34.2385        878     3.6542  0.000e+00
     13.175     8.5117   3.597929    34.2409        879     3.6583  0.000e+00
     13.163     8.5117   3.598263    34.2445        880     3.6625  0.000e+00
     13.144     8.5135   3.598081    34.2407        881     3.6667  0.000e+00
     13.135     8.5139   3.597728    34.2366        882     3.6708  0.000e+00
     13.126     8.5122   3.595907    34.2190        883     3.6750  0.000e+00
     13.126     8.5051   3.596568    34.2329        884     3.6792  0.000e+00
     13.120     8.5000   3.596795    34.2402        885     3.6833  0.000e+00
     13.111     8.4996   3.596543    34.2380        886     3.6875  0.000e+00
     13.108     8.4993   3.595857    34.2310        887     3.6917  0.000e+00
     13.099     8.4961   3.595422    34.2295        888     3.6958  0.000e+00
     13.080     8.4917   3.596644    34.2468        889     3.7000  0.000e+00
     13.071     8.4921   3.596795    34.2479        890     3.7042  0.000e+00
     13.047     8.4975   3.595378    34.2277        891     3.7083  0.000e+00
     13.031     8.4936   3.597929    34.2585        892     3.7125  0.000e+00
     13.019     8.4984   3.595781    34.2311        893     3.7167  0.000e+00
     12.986     8.4984   3.594899    34.2218        894     3.7208  0.000e+00
     12.955     8.4914   3.594975    34.2294        895     3.7250  0.000e+00
     12.934     8.4863   3.595176    34.2365        896     3.7292  0.000e+00
     12.903     8.4843   3.595176    34.2385        897     3.7333  0.000e+00
     12.876     8.4839   3.596033    34.2480        898     3.7375  0.000e+00
     12.842     8.4866   3.596720    34.2526        899     3.7417  0.000e+00
     12.806     8.4925   3.597350    34.2536        900     3.7458  0.000e+00
     12.772     8.4981   3.597198    34.2465        901     3.7500  0.000e+00
     12.739     8.5022   3.597375    34.2444        902     3.7542  0.000e+00
     12.717     8.5046   3.597022    34.2384        903     3.7583  0.000e+00
     12.684     8.5050   3.597400    34.2420        904     3.7625  0.000e+00
     12.659     8.5050   3.597753    34.2458        905     3.7667  0.000e+00
     12.635     8.5077   3.597350    34.2389        906     3.7708  0.000e+00
     12.614     8.5080   3.597627    34.2416        907     3.7750  0.000e+00
     12.589     8.5082   3.597929    34.2446        908     3.7792  0.000e+00
     12.568     8.5101   3.597929    34.2428        909     3.7833  0.000e+00
     12.546     8.5115   3.597929    34.2414        910     3.7875  0.000e+00
     12.516     8.5123   3.597727    34.2384        911     3.7917  0.000e+00
     12.488     8.5121   3.597425    34.2355        912     3.7958  0.000e+00
     12.464     8.5103   3.597223    34.2351        913     3.8000  0.000e+00
     12.440     8.5081   3.597047    34.2354        914     3.8042  0.000e+00
     12.421     8.5062   3.597072    34.2375        915     3.8083  0.000e+00
     12.406     8.5047   3.597123    34.2395        916     3.8125  0.000e+00
     12.391     8.5045   3.597173    34.2403        917     3.8167  0.000e+00
     12.382     8.5046   3.597702    34.2458        918     3.8208  0.000e+00
     12.363     8.5065   3.598030    34.2474        919     3.8250  0.000e+00
     12.360     8.5098   3.598515    34.2493        920     3.8292  0.000e+00
     12.366     8.5141   3.598691    34.2471        921     3.8333  0.000e+00
     12.366     8.5175   3.598843    34.2453        922     3.8375  0.000e+00
     12.373     8.5197   3.598836    34.2431        923     3.8417  0.000e+00
     12.376     8.5214   3.598817    34.2412        924     3.8458  0.000e+00
     12.373     8.5218   3.598666    34.2392        925     3.8500  0.000e+00
     12.373     8.5217   3.598691    34.2396        926     3.8542  0.000e+00
     12.360     8.5213   3.598641    34.2395        927     3.8583  0.000e+00
     12.360     8.5209   3.598005    34.2331        928     3.8625  0.000e+00
     12.333     8.5186   3.597173    34.2266        929     3.8667  0.000e+00
     12.299     8.5128   3.595957    34.2194        930     3.8708  0.000e+00
     12.266     8.5050   3.596165    34.2292        931     3.8750  0.000e+00
     12.226     8.4988   3.596140    34.2349        932     3.8792  0.000e+00
     12.190     8.4960   3.595806    34.2342        933     3.8833  0.000e+00
     12.153     8.4937   3.595730    34.2355        934     3.8875  0.000e+00
     12.119     8.4920   3.596341    34.2437        935     3.8917  0.000e+00
     12.083     8.4928   3.596241    34.2419        936     3.8958  0.000e+00
     12.049     8.4939   3.595806    34.2363        937     3.9000  0.000e+00
     12.013     8.4931   3.595781    34.2368        938     3.9042  0.000e+00
     11.976     8.4919   3.595856    34.2387        939     3.9083  0.000e+00
     11.952     8.4913   3.595730    34.2380        940     3.9125  0.000e+00
     11.927     8.4911   3.597047    34.2522        941     3.9167  0.000e+00
     11.900     8.4947   3.597652    34.2551        942     3.9208  0.000e+00
     11.878     8.5023   3.598540    34.2571        943     3.9250  0.000e+00
     11.851     8.5095   3.596971    34.2335        944     3.9292  0.000e+00
     11.836     8.5101   3.595579    34.2182        945     3.9333  0.000e+00
     11.805     8.5011   3.596341    34.2351        946     3.9375  0.000e+00
     11.778     8.4971   3.596669    34.2424        947     3.9417  0.000e+00
     11.762     8.4975   3.596845    34.2439        948     3.9458  0.000e+00
     11.741     8.4996   3.596770    34.2411        949     3.9500  0.000e+00
     11.723     8.5006   3.596996    34.2425        950     3.9542  0.000e+00
     11.708     8.5014   3.596669    34.2382        951     3.9583  0.000e+00
     11.695     8.5015   3.597299    34.2448        952     3.9625  0.000e+00
     11.671     8.5028   3.596417    34.2342        953     3.9667  0.000e+00
     11.650     8.5022   3.596870    34.2396        954     3.9708  0.000e+00
     11.625     8.5014   3.598439    34.2570        955     3.9750  0.000e+00
     11.610     8.5069   3.599296    34.2608        956     3.9792  0.000e+00
     11.589     8.5165   3.599447    34.2531        957     3.9833  0.000e+00
     11.567     8.5230   3.599473    34.2470        958     3.9875  0.000e+00
     11.549     8.5265   3.599498    34.2439        959     3.9917  0.000e+00
     11.534     8.5281   3.599422    34.2416        960     3.9958  0.000e+00
     11.525     8.5287   3.599346    34.2402        961     4.0000  0.000e+00
     11.491     8.5285   3.599346    34.2403        962     4.0042  0.000e+00
     11.476     8.5284   3.599422    34.2413        963     4.0083  0.000e+00
     11.457     8.5283   3.599346    34.2406        964     4.0125  0.000e+00
     11.439     8.5283   3.599246    34.2395        965     4.0167  0.000e+00
     11.412     8.5277   3.599296    34.2406        966     4.0208  0.000e+00
     11.396     8.5276   3.599321    34.2410        967     4.0250  0.000e+00
     11.378     8.5274   3.599472    34.2428        968     4.0292  0.000e+00
     11.372     8.5280   3.599397    34.2414        969     4.0333  0.000e+00
     11.357     8.5283   3.599195    34.2390        970     4.0375  0.000e+00
     11.351     8.5278   3.599346    34.2411        971     4.0417  0.000e+00
     11.326     8.5276   3.599397    34.2419        972     4.0458  0.000e+00
     11.299     8.5279   3.599170    34.2392        973     4.0500  0.000e+00
     11.277     8.5273   3.599321    34.2413        974     4.0542  0.000e+00
     11.256     8.5272   3.599245    34.2407        975     4.0583  0.000e+00
     11.223     8.5272   3.599271    34.2409        976     4.0625  0.000e+00
     11.192     8.5271   3.599271    34.2411        977     4.0667  0.000e+00
     11.146     8.5272   3.599271    34.2410        978     4.0708  0.000e+00
     11.110     8.5273   3.599296    34.2411        979     4.0750  0.000e+00
     11.067     8.5273   3.599296    34.2412        980     4.0792  0.000e+00
     11.033     8.5273   3.599271    34.2409        981     4.0833  0.000e+00
     11.015     8.5273   3.599119    34.2393        982     4.0875  0.000e+00
     10.997     8.5268   3.599094    34.2396        983     4.0917  0.000e+00
     10.972     8.5260   3.599245    34.2420        984     4.0958  0.000e+00
     10.972     8.5260   3.599271    34.2422        985     4.1000  0.000e+00
     10.966     8.5265   3.599296    34.2420        986     4.1042  0.000e+00
     10.957     8.5269   3.599245    34.2411        987     4.1083  0.000e+00
     10.939     8.5270   3.599208    34.2406        988     4.1125  0.000e+00
     10.924     8.5268   3.599069    34.2393        989     4.1167  0.000e+00
     10.902     8.5262   3.599019    34.2394        990     4.1208  0.000e+00
     10.878     8.5254   3.599208    34.2422        991     4.1250  0.000e+00
     10.850     8.5255   3.599321    34.2434        992     4.1292  0.000e+00
     10.820     8.5263   3.599220    34.2415        993     4.1333  0.000e+00
     10.789     8.5267   3.599346    34.2425        994     4.1375  0.000e+00
     10.759     8.5271   3.599220    34.2408        995     4.1417  0.000e+00
     10.725     8.5272   3.599422    34.2428        996     4.1458  0.000e+00
     10.704     8.5277   3.599346    34.2415        997     4.1500  0.000e+00
     10.676     8.5280   3.599296    34.2407        998     4.1542  0.000e+00
     10.655     8.5279   3.599220    34.2401        999     4.1583  0.000e+00
     10.640     8.5274   3.599245    34.2408       1000     4.1625  0.000e+00
     10.640     8.5271   3.599044    34.2390       1001     4.1667  0.000e+00
     10.646     8.5264   3.599069    34.2399       1002     4.1708  0.000e+00
     10.661     8.5256   3.599195    34.2420       1003     4.1750  0.000e+00
     10.673     8.5258   3.599195    34.2418       1004     4.1792  0.000e+00
     10.695     8.5259   3.598514    34.2345       1005     4.1833  0.000e+00
     10.701     8.5237   3.598968    34.2414       1006     4.1875  0.000e+00
     10.707     8.5228   3.598766    34.2402       1007     4.1917  0.000e+00
     10.701     8.5226   3.598766    34.2404       1008     4.1958  0.000e+00
     10.683     8.5220   3.598029    34.2331       1009     4.2000  0.000e+00
     10.661     8.5193   3.597979    34.2352       1010     4.2042  0.000e+00
     10.634     8.5166   3.597399    34.2318       1011     4.2083  0.000e+00
     10.600     8.5133   3.597349    34.2345       1012     4.2125  0.000e+00
     10.555     8.5100   3.597324    34.2374       1013     4.2167  0.000e+00
     10.512     8.5084   3.596971    34.2352       1014     4.2208  0.000e+00
     10.457     8.5068   3.596517    34.2320       1015     4.2250  0.000e+00
     10.405     8.5038   3.596416    34.2339       1016     4.2292  0.000e+00
     10.353     8.5011   3.596114    34.2333       1017     4.2333  0.000e+00
     10.304     8.4987   3.596769    34.2426       1018     4.2375  0.000e+00
     10.262     8.4987   3.596794    34.2429       1019     4.2417  0.000e+00
     10.231     8.5000   3.598338    34.2580       1020     4.2458  0.000e+00
     10.207     8.5063   3.598363    34.2521       1021     4.2500  0.000e+00
     10.188     8.5124   3.598489    34.2476       1022     4.2542  0.000e+00
     10.182     8.5160   3.598439    34.2435       1023     4.2583  0.000e+00
     10.182     8.5179   3.598464    34.2420       1024     4.2625  0.000e+00
     10.191     8.5186   3.598539    34.2421       1025     4.2667  0.000e+00
     10.195     8.5192   3.598640    34.2425       1026     4.2708  0.000e+00
     10.198     8.5200   3.598716    34.2426       1027     4.2750  0.000e+00
     10.210     8.5209   3.598489    34.2393       1028     4.2792  0.000e+00
     10.213     8.5206   3.598539    34.2401       1029     4.2833  0.000e+00
     10.213     8.5200   3.598665    34.2420       1030     4.2875  0.000e+00
     10.219     8.5204   3.598338    34.2382       1031     4.2917  0.000e+00
     10.204     8.5195   3.597802    34.2334       1032     4.2958  0.000e+00
     10.195     8.5165   3.597550    34.2336       1033     4.3000  0.000e+00
     10.176     8.5134   3.598262    34.2442       1034     4.3042  0.000e+00
     10.158     8.5133   3.598439    34.2462       1035     4.3083  0.000e+00
