PC2501/sbe031.cnv
* Sea-Bird SBE 19plus Data File:
* FileName = C:\cruise\data\sbe031.hex
* Software Version Seasave V 7.26.7.121
* Temperature SN = 4684
* Conductivity SN = 4684
* System UpLoad Time = Jan 17 2025 22:55:26
* NMEA Latitude = 36 42.57 N
* NMEA Longitude = 073 58.81 W
* NMEA UTC (Time) = Jan 17 2025  22:54:48
** Ship: Pisces
** Cruise:  PC2501
** Program:  AMAPPS
# nquan = 7
# nvalues = 6806                                  
# units = specified
# name 0 = depSM: Depth [salt water, m]
# name 1 = tv290C: Temperature [ITS-90, deg C]
# name 2 = c0S/m: Conductivity [S/m]
# name 3 = sal00: Salinity, Practical [PSU]
# name 4 = scan: Scan Count
# name 5 = timeM: Time, Elapsed [minutes]
# name 6 = flag:  0.000e+00
# span 0 =      0.120,    200.224                 
# span 1 =    14.4150,    22.8786                 
# span 2 =  -0.000020,   5.290163                 
# span 3 =     0.0000,    38.1620                 
# span 4 =         11,       6816                 
# span 5 =     0.0417,    28.3958                 
# span 6 = 0.0000e+00, 0.0000e+00                 
# interval = seconds: 0.25
# start_time = Jan 17 2025 22:54:48 [NMEA time, header]
# bad_flag = -9.990e-29
*END*
[from data line 5744]
     38.165    22.1358   5.202106    36.4980       5755    23.9750  0.000e+00
     38.211    22.1238   5.201571    36.5039       5756    23.9792  0.000e+00
     38.256    22.1147   5.201233    36.5089       5757    23.9833  0.000e+00
     38.290    22.1087   5.201168    36.5134       5758    23.9875  0.000e+00
     38.314    22.1053   5.201028    36.5151       5759    23.9917  0.000e+00
     38.305    22.1033   5.200852    36.5155       5760    23.9958  0.000e+00
     38.287    22.1016   5.200603    36.5149       5761    24.0000  0.000e+00
     38.275    22.1000   5.201204    36.5210       5762    24.0042  0.000e+00
     38.232    22.1009   5.202598    36.5313       5763    24.0083  0.000e+00
     38.189    22.1063   5.204057    36.5383       5764    24.0125  0.000e+00
     38.147    22.1169   5.203712    36.5266       5765    24.0167  0.000e+00
     38.119    22.1216   5.203617    36.5219       5766    24.0208  0.000e+00
     38.098    22.1229   5.202319    36.5106       5767    24.0250  0.000e+00
     38.082    22.1198   5.201549    36.5071       5768    24.0292  0.000e+00
     38.073    22.1136   5.201204    36.5096       5769    24.0333  0.000e+00
     38.079    22.1085   5.200610    36.5092       5770    24.0375  0.000e+00
     38.098    22.1039   5.200163    36.5096       5771    24.0417  0.000e+00
     38.125    22.0995   5.199738    36.5099       5772    24.0458  0.000e+00
     38.156    22.0951   5.199217    36.5095       5773    24.0500  0.000e+00
     38.189    22.0910   5.198733    36.5091       5774    24.0542  0.000e+00
     38.238    22.0870   5.198205    36.5083       5775    24.0583  0.000e+00
     38.287    22.0829   5.197898    36.5093       5776    24.0625  0.000e+00
     38.330    22.0790   5.196886    36.5046       5777    24.0667  0.000e+00
     38.375    22.0738   5.196153    36.5031       5778    24.0708  0.000e+00
     38.415    22.0678   5.194592    36.4959       5779    24.0750  0.000e+00
     38.433    22.0591   5.194760    36.5045       5780    24.0792  0.000e+00
     38.443    22.0538   5.195215    36.5126       5781    24.0833  0.000e+00
     38.443    22.0528   5.194937    36.5112       5782    24.0875  0.000e+00
     38.436    22.0519   5.194849    36.5113       5783    24.0917  0.000e+00
     38.415    22.0512   5.194138    36.5062       5784    24.0958  0.000e+00
     38.385    22.0492   5.195809    36.5212       5785    24.1000  0.000e+00
     38.348    22.0523   5.195735    36.5180       5786    24.1042  0.000e+00
     38.308    22.0555   5.195809    36.5159       5787    24.1083  0.000e+00
     38.272    22.0571   5.196190    36.5176       5788    24.1125  0.000e+00
     38.235    22.0592   5.195948    36.5139       5789    24.1167  0.000e+00
     38.208    22.0598   5.196248    36.5157       5790    24.1208  0.000e+00
     38.177    22.0607   5.196366    36.5159       5791    24.1250  0.000e+00
     38.156    22.0622   5.195948    36.5114       5792    24.1292  0.000e+00
     38.156    22.0614   5.195493    36.5085       5793    24.1333  0.000e+00
     38.149    22.0591   5.195391    36.5096       5794    24.1375  0.000e+00
     38.153    22.0570   5.195251    36.5103       5795    24.1417  0.000e+00
     38.174    22.0554   5.195046    36.5100       5796    24.1458  0.000e+00
     38.192    22.0540   5.194834    36.5095       5797    24.1500  0.000e+00
     38.235    22.0525   5.194277    36.5063       5798    24.1542  0.000e+00
     38.278    22.0498   5.193339    36.5012       5799    24.1583  0.000e+00
     38.323    22.0448   5.193134    36.5038       5800    24.1625  0.000e+00
     38.360    22.0407   5.192958    36.5058       5801    24.1667  0.000e+00
     38.418    22.0380   5.192819    36.5070       5802    24.1708  0.000e+00
     38.476    22.0362   5.192438    36.5055       5803    24.1750  0.000e+00
     38.528    22.0337   5.192401    36.5073       5804    24.1792  0.000e+00
     38.568    22.0321   5.192189    36.5069       5805    24.1833  0.000e+00
     38.610    22.0308   5.192189    36.5080       5806    24.1875  0.000e+00
     38.638    22.0299   5.192086    36.5079       5807    24.1917  0.000e+00
     38.662    22.0291   5.192049    36.5083       5808    24.1958  0.000e+00
     38.665    22.0285   5.191983    36.5083       5809    24.2000  0.000e+00
     38.647    22.0282   5.192467    36.5124       5810    24.2042  0.000e+00
     38.623    22.0293   5.192804    36.5141       5811    24.2083  0.000e+00
     38.586    22.0315   5.193097    36.5146       5812    24.2125  0.000e+00
     38.546    22.0337   5.192855    36.5108       5813    24.2167  0.000e+00
     38.491    22.0346   5.193720    36.5169       5814    24.2208  0.000e+00
     38.439    22.0373   5.193720    36.5147       5815    24.2250  0.000e+00
     38.388    22.0400   5.194174    36.5160       5816    24.2292  0.000e+00
     38.342    22.0426   5.194101    36.5133       5817    24.2333  0.000e+00
     38.296    22.0438   5.193742    36.5094       5818    24.2375  0.000e+00
     38.272    22.0436   5.194211    36.5133       5819    24.2417  0.000e+00
     38.256    22.0438   5.193962    36.5111       5820    24.2458  0.000e+00
     38.241    22.0444   5.193932    36.5105       5821    24.2500  0.000e+00
     38.235    22.0443   5.193720    36.5089       5822    24.2542  0.000e+00
     38.256    22.0432   5.193375    36.5070       5823    24.2583  0.000e+00
     38.278    22.0413   5.193405    36.5089       5824    24.2625  0.000e+00
     38.317    22.0401   5.193676    36.5120       5825    24.2667  0.000e+00
     38.357    22.0407   5.193544    36.5104       5826    24.2708  0.000e+00
     38.397    22.0404   5.192921    36.5058       5827    24.2750  0.000e+00
     38.446    22.0380   5.192716    36.5061       5828    24.2792  0.000e+00
     38.500    22.0358   5.191881    36.5014       5829    24.2833  0.000e+00
     38.543    22.0322   5.191148    36.4986       5830    24.2875  0.000e+00
     38.598    22.0265   5.191148    36.5034       5831    24.2917  0.000e+00
     38.632    22.0235   5.190503    36.5008       5832    24.2958  0.000e+00
     38.659    22.0199   5.190247    36.5018       5833    24.3000  0.000e+00
     38.668    22.0160   5.190071    36.5037       5834    24.3042  0.000e+00
     38.656    22.0143   5.188752    36.4946       5835    24.3083  0.000e+00
     38.632    22.0090   5.189133    36.5022       5836    24.3125  0.000e+00
     38.604    22.0063   5.190005    36.5114       5837    24.3167  0.000e+00
     38.574    22.0078   5.190210    36.5117       5838    24.3208  0.000e+00
     38.531    22.0112   5.191148    36.5163       5839    24.3250  0.000e+00
     38.479    22.0155   5.191434    36.5149       5840    24.3292  0.000e+00
     38.430    22.0195   5.191668    36.5135       5841    24.3333  0.000e+00
     38.387    22.0225   5.192299    36.5159       5842    24.3375  0.000e+00
     38.348    22.0259   5.192540    36.5150       5843    24.3417  0.000e+00
     38.317    22.0290   5.193339    36.5187       5844    24.3458  0.000e+00
     38.296    22.0336   5.194138    36.5212       5845    24.3500  0.000e+00
     38.281    22.0396   5.193823    36.5136       5846    24.3542  0.000e+00
     38.268    22.0418   5.194380    36.5162       5847    24.3583  0.000e+00
     38.265    22.0443   5.194211    36.5127       5848    24.3625  0.000e+00
     38.278    22.0456   5.194138    36.5111       5849    24.3667  0.000e+00
     38.287    22.0453   5.194035    36.5105       5850    24.3708  0.000e+00
     38.314    22.0455   5.194211    36.5117       5851    24.3750  0.000e+00
     38.345    22.0455   5.194138    36.5111       5852    24.3792  0.000e+00
     38.378    22.0452   5.194277    36.5124       5853    24.3833  0.000e+00
     38.421    22.0457   5.193808    36.5083       5854    24.3875  0.000e+00
     38.470    22.0445   5.193376    36.5058       5855    24.3917  0.000e+00
     38.510    22.0419   5.193060    36.5056       5856    24.3958  0.000e+00
     38.552    22.0393   5.192188    36.5008       5857    24.4000  0.000e+00
     38.592    22.0352   5.192123    36.5038       5858    24.4042  0.000e+00
     38.626    22.0313   5.192123    36.5070       5859    24.4083  0.000e+00
     38.641    22.0293   5.189514    36.4881       5860    24.4125  0.000e+00
     38.644    22.0213   5.190525    36.5028       5861    24.4167  0.000e+00
     38.626    22.0156   5.192240    36.5212       5862    24.4208  0.000e+00
     38.601    22.0215   5.192299    36.5167       5863    24.4250  0.000e+00
     38.574    22.0261   5.193515    36.5224       5864    24.4292  0.000e+00
     38.546    22.0322   5.194277    36.5233       5865    24.4333  0.000e+00
     38.500    22.0390   5.194314    36.5179       5866    24.4375  0.000e+00
     38.458    22.0432   5.194695    36.5174       5867    24.4417  0.000e+00
     38.412    22.0463   5.195076    36.5178       5868    24.4458  0.000e+00
     38.375    22.0494   5.196080    36.5231       5869    24.4500  0.000e+00
     38.345    22.0550   5.196153    36.5190       5870    24.4542  0.000e+00
     38.314    22.0586   5.196190    36.5163       5871    24.4583  0.000e+00
     38.299    22.0606   5.196571    36.5176       5872    24.4625  0.000e+00
     38.284    22.0629   5.196850    36.5179       5873    24.4667  0.000e+00
     38.290    22.0655   5.196747    36.5149       5874    24.4708  0.000e+00
     38.290    22.0663   5.196820    36.5148       5875    24.4750  0.000e+00
     38.296    22.0671   5.196747    36.5135       5876    24.4792  0.000e+00
     38.311    22.0673   5.196571    36.5120       5877    24.4833  0.000e+00
     38.323    22.0666   5.196571    36.5126       5878    24.4875  0.000e+00
     38.339    22.0660   5.196644    36.5137       5879    24.4917  0.000e+00
     38.357    22.0660   5.196644    36.5137       5880    24.4958  0.000e+00
     38.372    22.0658   5.196586    36.5133       5881    24.5000  0.000e+00
     38.378    22.0658   5.196534    36.5129       5882    24.5042  0.000e+00
     38.387    22.0655   5.196395    36.5120       5883    24.5083  0.000e+00
     38.390    22.0648   5.196395    36.5126       5884    24.5125  0.000e+00
     38.384    22.0645   5.196644    36.5149       5885    24.5167  0.000e+00
     38.384    22.0652   5.196952    36.5167       5886    24.5208  0.000e+00
     38.369    22.0667   5.196351    36.5107       5887    24.5250  0.000e+00
     38.354    22.0660   5.196395    36.5117       5888    24.5292  0.000e+00
     38.338    22.0652   5.196784    36.5154       5889    24.5333  0.000e+00
     38.305    22.0659   5.197407    36.5198       5890    24.5375  0.000e+00
     38.284    22.0687   5.197480    36.5180       5891    24.5417  0.000e+00
     38.259    22.0711   5.198000    36.5201       5892    24.5458  0.000e+00
     38.244    22.0739   5.198088    36.5184       5893    24.5500  0.000e+00
     38.232    22.0762   5.198242    36.5177       5894    24.5542  0.000e+00
     38.201    22.0780   5.198660    36.5195       5895    24.5583  0.000e+00
     38.192    22.0805   5.198594    36.5169       5896    24.5625  0.000e+00
     38.183    22.0817   5.198733    36.5169       5897    24.5667  0.000e+00
     38.164    22.0827   5.198484    36.5142       5898    24.5708  0.000e+00
     38.152    22.0828   5.198594    36.5150       5899    24.5750  0.000e+00
     38.149    22.0825   5.198763    36.5165       5900    24.5792  0.000e+00
     38.146    22.0834   5.198763    36.5158       5901    24.5833  0.000e+00
     38.140    22.0837   5.198763    36.5155       5902    24.5875  0.000e+00
     38.131    22.0841   5.198697    36.5146       5903    24.5917  0.000e+00
     38.137    22.0842   5.198836    36.5157       5904    24.5958  0.000e+00
     38.116    22.0845   5.198763    36.5149       5905    24.6000  0.000e+00
     38.106    22.0847   5.198733    36.5145       5906    24.6042  0.000e+00
     38.094    22.0841   5.198733    36.5150       5907    24.6083  0.000e+00
     38.076    22.0841   5.198799    36.5155       5908    24.6125  0.000e+00
     38.052    22.0844   5.198763    36.5150       5909    24.6167  0.000e+00
     38.039    22.0846   5.198697    36.5143       5910    24.6208  0.000e+00
     38.012    22.0842   5.198895    36.5162       5911    24.6250  0.000e+00
     38.006    22.0847   5.198799    36.5150       5912    24.6292  0.000e+00
     38.003    22.0849   5.198660    36.5137       5913    24.6333  0.000e+00
     37.997    22.0845   5.198902    36.5160       5914    24.6375  0.000e+00
     37.997    22.0847   5.198939    36.5162       5915    24.6417  0.000e+00
     38.000    22.0850   5.198726    36.5142       5916    24.6458  0.000e+00
     38.009    22.0847   5.198697    36.5142       5917    24.6500  0.000e+00
     38.024    22.0844   5.199012    36.5169       5918    24.6542  0.000e+00
     38.036    22.0854   5.199181    36.5174       5919    24.6583  0.000e+00
     38.045    22.0866   5.199532    36.5192       5920    24.6625  0.000e+00
     38.055    22.0886   5.199562    36.5177       5921    24.6667  0.000e+00
     38.045    22.0902   5.200134    36.5209       5922    24.6708  0.000e+00
     38.039    22.0925   5.200156    36.5192       5923    24.6750  0.000e+00
     38.036    22.0947   5.200816    36.5225       5924    24.6792  0.000e+00
     38.018    22.0977   5.201725    36.5272       5925    24.6833  0.000e+00
     38.006    22.1029   5.202180    36.5264       5926    24.6875  0.000e+00
     37.978    22.1077   5.201937    36.5205       5927    24.6917  0.000e+00
     37.945    22.1100   5.202421    36.5223       5928    24.6958  0.000e+00
     37.911    22.1124   5.202524    36.5211       5929    24.7000  0.000e+00
     37.868    22.1141   5.202700    36.5211       5930    24.7042  0.000e+00
     37.819    22.1157   5.202876    36.5212       5931    24.7083  0.000e+00
     37.777    22.1172   5.203316    36.5234       5932    24.7125  0.000e+00
     37.731    22.1195   5.203397    36.5221       5933    24.7167  0.000e+00
     37.694    22.1215   5.203675    36.5227       5934    24.7208  0.000e+00
     37.667    22.1234   5.203851    36.5225       5935    24.7250  0.000e+00
     37.645    22.1251   5.203881    36.5212       5936    24.7292  0.000e+00
     37.627    22.1260   5.203983    36.5213       5937    24.7333  0.000e+00
     37.630    22.1272   5.204093    36.5212       5938    24.7375  0.000e+00
     37.627    22.1280   5.204233    36.5216       5939    24.7417  0.000e+00
     37.636    22.1289   5.204578    36.5236       5940    24.7458  0.000e+00
     37.664    22.1307   5.204511    36.5215       5941    24.7500  0.000e+00
     37.691    22.1319   5.204519    36.5205       5942    24.7542  0.000e+00
     37.728    22.1323   5.204511    36.5201       5943    24.7583  0.000e+00
     37.764    22.1322   5.204335    36.5188       5944    24.7625  0.000e+00
     37.801    22.1316   5.204159    36.5179       5945    24.7667  0.000e+00
     37.822    22.1304   5.203991    36.5176       5946    24.7708  0.000e+00
     37.844    22.1289   5.203983    36.5188       5947    24.7750  0.000e+00
     37.838    22.1284   5.204130    36.5204       5948    24.7792  0.000e+00
     37.822    22.1285   5.204233    36.5211       5949    24.7833  0.000e+00
     37.780    22.1286   5.204475    36.5229       5950    24.7875  0.000e+00
     37.734    22.1299   5.205032    36.5262       5951    24.7917  0.000e+00
     37.667    22.1329   5.205186    36.5250       5952    24.7958  0.000e+00
     37.603    22.1351   5.205971    36.5293       5953    24.8000  0.000e+00
     37.539    22.1391   5.206257    36.5283       5954    24.8042  0.000e+00
     37.474    22.1429   5.206287    36.5253       5955    24.8083  0.000e+00
     37.416    22.1451   5.205993    36.5211       5956    24.8125  0.000e+00
     37.358    22.1453   5.206081    36.5217       5957    24.8167  0.000e+00
     37.313    22.1447   5.206396    36.5247       5958    24.8208  0.000e+00
