PC2501/sbe081.cnv
* Sea-Bird SBE 19plus Data File:
* FileName = C:\cruise\data\sbe081.hex
* Software Version Seasave V 7.26.7.121
* Temperature SN = 4684
* Conductivity SN = 4684
* System UpLoad Time = Feb 11 2025 05:26:16
* NMEA Latitude = 36 26.58 N
* NMEA Longitude = 072 36.44 W
* NMEA UTC (Time) = Feb 11 2025  05:25:54
** Ship: Pisces
** Cruise:  PC2501
** Program:  AMAPPS
# nquan = 7
# nvalues = 2434                                  
# units = specified
# name 0 = depSM: Depth [salt water, m]
# name 1 = tv290C: Temperature [ITS-90, deg C]
# name 2 = c0S/m: Conductivity [S/m]
# name 3 = sal00: Salinity, Practical [PSU]
# name 4 = scan: Scan Count
# name 5 = timeM: Time, Elapsed [minutes]
# name 6 = flag:  0.000e+00
# span 0 =      0.182,     51.439                 
# span 1 =    10.3964,    21.8841                 
# span 2 =  -0.217830,   5.204615                 
# span 3 =     0.0000,    37.8932                 
# span 4 =         11,       2444                 
# span 5 =     0.0417,    10.1792                 
# span 6 = 0.0000e+00, 0.0000e+00                 
# interval = seconds: 0.25
# start_time = Feb 11 2025 05:25:54 [NMEA time, header]
# bad_flag = -9.990e-29
*END*
[from data line 206]
      6.919    21.7886   5.174250    36.5820        217     0.9000  0.000e+00
      6.974    21.7950   5.175707    36.5881        218     0.9042  0.000e+00
      7.020    21.7974   5.178890    36.6114        219     0.9083  0.000e+00
      7.051    21.7966   5.183569    36.6493        220     0.9125  0.000e+00
      7.063    21.8018   5.186689    36.6697        221     0.9167  0.000e+00
      7.038    21.8143   5.187582    36.6662        222     0.9208  0.000e+00
      7.023    21.8251   5.188842    36.6670        223     0.9250  0.000e+00
      6.983    21.8326   5.188637    36.6590        224     0.9292  0.000e+00
      6.956    21.8366   5.188395    36.6537        225     0.9333  0.000e+00
      6.953    21.8391   5.189157    36.6576        226     0.9375  0.000e+00
      6.953    21.8406   5.189084    36.6558        227     0.9417  0.000e+00
      6.974    21.8416   5.188534    36.6506        228     0.9458  0.000e+00
      7.029    21.8424   5.186967    36.6374        229     0.9500  0.000e+00
      7.109    21.8417   5.182807    36.6049        230     0.9542  0.000e+00
      7.200    21.8401   5.183012    36.6079        231     0.9583  0.000e+00
      7.310    21.8376   5.182565    36.6064        232     0.9625  0.000e+00
      7.423    21.8337   5.182353    36.6080        233     0.9667  0.000e+00
      7.542    21.8272   5.181145    36.6039        234     0.9708  0.000e+00
      7.661    21.8180   5.179476    36.5983        235     0.9750  0.000e+00
      7.774    21.8087   5.179550    36.6068        236     0.9792  0.000e+00
      7.881    21.7998   5.181146    36.6270        237     0.9833  0.000e+00
      7.984    21.7935   5.182046    36.6395        238     0.9875  0.000e+00
      8.082    21.7963   5.182874    36.6436        239     0.9917  0.000e+00
      8.158    21.8053   5.184089    36.6457        240     0.9958  0.000e+00
      8.231    21.8110   5.184368    36.6430        241     1.0000  0.000e+00
      8.289    21.8139   5.185305    36.6480        242     1.0042  0.000e+00
      8.326    21.8172   5.186689    36.6562        243     1.0083  0.000e+00
      8.369    21.8222   5.190023    36.6784        244     1.0125  0.000e+00
      8.393    21.8280   5.191415    36.6845        245     1.0167  0.000e+00
      8.405    21.8348   5.192529    36.6876        246     1.0208  0.000e+00
      8.411    21.8406   5.192770    36.6846        247     1.0250  0.000e+00
      8.421    21.8443   5.193049    36.6837        248     1.0292  0.000e+00
      8.424    21.8466   5.193122    36.6823        249     1.0333  0.000e+00
      8.439    21.8479   5.193188    36.6817        250     1.0375  0.000e+00
      8.445    21.8488   5.192624    36.6765        251     1.0417  0.000e+00
      8.457    21.8488   5.192316    36.6740        252     1.0458  0.000e+00
      8.503    21.8488   5.191451    36.6671        253     1.0500  0.000e+00
      8.564    21.8490   5.190477    36.6591        254     1.0542  0.000e+00
      8.631    21.8479   5.188147    36.6415        255     1.0583  0.000e+00
      8.717    21.8455   5.188257    36.6444        256     1.0625  0.000e+00
      8.811    21.8425   5.188044    36.6452        257     1.0667  0.000e+00
      8.890    21.8395   5.187488    36.6434        258     1.0708  0.000e+00
      8.979    21.8337   5.186345    36.6392        259     1.0750  0.000e+00
      9.074    21.8263   5.185313    36.6372        260     1.0792  0.000e+00
      9.171    21.8196   5.184785    36.6387        261     1.0833  0.000e+00
      9.269    21.8132   5.184573    36.6424        262     1.0875  0.000e+00
      9.351    21.8082   5.184573    36.6466        263     1.0917  0.000e+00
      9.443    21.8061   5.185511    36.6558        264     1.0958  0.000e+00
      9.516    21.8058   5.186558    36.6644        265     1.1000  0.000e+00
      9.586    21.8082   5.187840    36.6725        266     1.1042  0.000e+00
      9.647    21.8132   5.190580    36.6900        267     1.1083  0.000e+00
      9.696    21.8199   5.192771    36.7018        268     1.1125  0.000e+00
      9.736    21.8277   5.193431    36.7004        269     1.1167  0.000e+00
      9.760    21.8353   5.193365    36.6934        270     1.1208  0.000e+00
      9.772    21.8407   5.193782    36.6921        271     1.1250  0.000e+00
      9.778    21.8443   5.193951    36.6904        272     1.1292  0.000e+00
      9.788    21.8478   5.193987    36.6877        273     1.1333  0.000e+00
      9.806    21.8499   5.193987    36.6859        274     1.1375  0.000e+00
      9.818    21.8512   5.194200    36.6865        275     1.1417  0.000e+00
      9.842    21.8515   5.193965    36.6843        276     1.1458  0.000e+00
      9.861    21.8513   5.193782    36.6831        277     1.1500  0.000e+00
      9.900    21.8508   5.194266    36.6873        278     1.1542  0.000e+00
      9.943    21.8496   5.196839    36.7087        279     1.1583  0.000e+00
      9.998    21.8486   5.198613    36.7237        280     1.1625  0.000e+00
     10.062    21.8500   5.198863    36.7245        281     1.1667  0.000e+00
     10.135    21.8522   5.198819    36.7222        282     1.1708  0.000e+00
     10.209    21.8537   5.198929    36.7218        283     1.1750  0.000e+00
     10.291    21.8546   5.198929    36.7210        284     1.1792  0.000e+00
     10.376    21.8550   5.199031    36.7214        285     1.1833  0.000e+00
     10.459    21.8554   5.199031    36.7211        286     1.1875  0.000e+00
     10.550    21.8559   5.198789    36.7187        287     1.1917  0.000e+00
     10.639    21.8551   5.198819    36.7196        288     1.1958  0.000e+00
     10.746    21.8545   5.198826    36.7201        289     1.2000  0.000e+00
     10.840    21.8539   5.198826    36.7206        290     1.2042  0.000e+00
     10.947    21.8534   5.198790    36.7207        291     1.2083  0.000e+00
     11.048    21.8532   5.198863    36.7214        292     1.2125  0.000e+00
     11.145    21.8531   5.198790    36.7208        293     1.2167  0.000e+00
     11.228    21.8530   5.198848    36.7214        294     1.2208  0.000e+00
     11.298    21.8532   5.198892    36.7215        295     1.2250  0.000e+00
     11.350    21.8532   5.199032    36.7226        296     1.2292  0.000e+00
     11.392    21.8538   5.199032    36.7221        297     1.2333  0.000e+00
     11.417    21.8541   5.199002    36.7216        298     1.2375  0.000e+00
     11.426    21.8542   5.198966    36.7212        299     1.2417  0.000e+00
     11.435    21.8538   5.199017    36.7219        300     1.2458  0.000e+00
     11.450    21.8537   5.198892    36.7210        301     1.2500  0.000e+00
     11.456    21.8535   5.198790    36.7204        302     1.2542  0.000e+00
     11.463    21.8530   5.199032    36.7228        303     1.2583  0.000e+00
     11.484    21.8530   5.198929    36.7220        304     1.2625  0.000e+00
     11.517    21.8531   5.198885    36.7215        305     1.2667  0.000e+00
     11.569    21.8530   5.198893    36.7216        306     1.2708  0.000e+00
     11.636    21.8530   5.198893    36.7216        307     1.2750  0.000e+00
     11.719    21.8531   5.198893    36.7215        308     1.2792  0.000e+00
     11.813    21.8527   5.198893    36.7218        309     1.2833  0.000e+00
     11.917    21.8526   5.198863    36.7216        310     1.2875  0.000e+00
     12.030    21.8526   5.198819    36.7212        311     1.2917  0.000e+00
     12.149    21.8520   5.198827    36.7217        312     1.2958  0.000e+00
     12.265    21.8522   5.198864    36.7218        313     1.3000  0.000e+00
     12.378    21.8519   5.198790    36.7215        314     1.3042  0.000e+00
     12.488    21.8511   5.198724    36.7216        315     1.3083  0.000e+00
     12.601    21.8506   5.198724    36.7220        316     1.3125  0.000e+00
     12.707    21.8501   5.198754    36.7226        317     1.3167  0.000e+00
     12.805    21.8499   5.198688    36.7222        318     1.3208  0.000e+00
     12.900    21.8498   5.198651    36.7219        319     1.3250  0.000e+00
     12.985    21.8492   5.198585    36.7219        320     1.3292  0.000e+00
     13.064    21.8487   5.198512    36.7217        321     1.3333  0.000e+00
     13.144    21.8480   5.198446    36.7217        322     1.3375  0.000e+00
     13.199    21.8474   5.198512    36.7228        323     1.3417  0.000e+00
     13.241    21.8473   5.199033    36.7270        324     1.3458  0.000e+00
     13.278    21.8492   5.199106    36.7259        325     1.3500  0.000e+00
     13.308    21.8513   5.199245    36.7253        326     1.3542  0.000e+00
     13.336    21.8529   5.199942    36.7294        327     1.3583  0.000e+00
     13.363    21.8561   5.200323    36.7297        328     1.3625  0.000e+00
     13.394    21.8604   5.200221    36.7252        329     1.3667  0.000e+00
     13.434    21.8626   5.200221    36.7233        330     1.3708  0.000e+00
     13.479    21.8636   5.200111    36.7216        331     1.3750  0.000e+00
     13.540    21.8634   5.200184    36.7223        332     1.3792  0.000e+00
     13.620    21.8632   5.200111    36.7219        333     1.3833  0.000e+00
     13.696    21.8632   5.200125    36.7220        334     1.3875  0.000e+00
     13.790    21.8631   5.200147    36.7222        335     1.3917  0.000e+00
     13.891    21.8629   5.200081    36.7218        336     1.3958  0.000e+00
     13.974    21.8625   5.199906    36.7207        337     1.4000  0.000e+00
     14.071    21.8617   5.199803    36.7205        338     1.4042  0.000e+00
     14.160    21.8604   5.199752    36.7212        339     1.4083  0.000e+00
     14.239    21.8594   5.199832    36.7227        340     1.4125  0.000e+00
     14.306    21.8588   5.199832    36.7232        341     1.4167  0.000e+00
     14.361    21.8587   5.199832    36.7232        342     1.4208  0.000e+00
     14.407    21.8588   5.199942    36.7240        343     1.4250  0.000e+00
     14.449    21.8593   5.199942    36.7236        344     1.4292  0.000e+00
     14.486    21.8598   5.199891    36.7227        345     1.4333  0.000e+00
     14.514    21.8599   5.199869    36.7224        346     1.4375  0.000e+00
     14.544    21.8597   5.199906    36.7229        347     1.4417  0.000e+00
     14.575    21.8599   5.199906    36.7227        348     1.4458  0.000e+00
     14.611    21.8598   5.199869    36.7225        349     1.4500  0.000e+00
     14.657    21.8596   5.199855    36.7225        350     1.4542  0.000e+00
     14.721    21.8594   5.199906    36.7231        351     1.4583  0.000e+00
     14.788    21.8594   5.199972    36.7236        352     1.4625  0.000e+00
     14.877    21.8597   5.199972    36.7233        353     1.4667  0.000e+00
     14.971    21.8600   5.199943    36.7228        354     1.4708  0.000e+00
     15.075    21.8601   5.199943    36.7227        355     1.4750  0.000e+00
     15.182    21.8601   5.199752    36.7211        356     1.4792  0.000e+00
     15.292    21.8592   5.199730    36.7216        357     1.4833  0.000e+00
     15.398    21.8585   5.199694    36.7219        358     1.4875  0.000e+00
     15.496    21.8580   5.199730    36.7226        359     1.4917  0.000e+00
     15.594    21.8576   5.199730    36.7229        360     1.4958  0.000e+00
     15.682    21.8576   5.199789    36.7233        361     1.5000  0.000e+00
     15.764    21.8577   5.199943    36.7245        362     1.5042  0.000e+00
     15.841    21.8586   5.200009    36.7242        363     1.5083  0.000e+00
     15.908    21.8595   5.200046    36.7237        364     1.5125  0.000e+00
     15.963    21.8601   5.200046    36.7232        365     1.5167  0.000e+00
     15.999    21.8603   5.199247    36.7166        366     1.5208  0.000e+00
     16.024    21.8579   5.198953    36.7164        367     1.5250  0.000e+00
     16.045    21.8534   5.198895    36.7197        368     1.5292  0.000e+00
     16.048    21.8510   5.198932    36.7220        369     1.5333  0.000e+00
     16.060    21.8497   5.199137    36.7247        370     1.5375  0.000e+00
     16.066    21.8498   5.199247    36.7255        371     1.5417  0.000e+00
     16.088    21.8505   5.199525    36.7272        372     1.5458  0.000e+00
     16.109    21.8521   5.200251    36.7315        373     1.5500  0.000e+00
     16.161    21.8557   5.200046    36.7268        374     1.5542  0.000e+00
     16.213    21.8580   5.199694    36.7220        375     1.5583  0.000e+00
     16.277    21.8579   5.199731    36.7225        376     1.5625  0.000e+00
     16.359    21.8570   5.199731    36.7232        377     1.5667  0.000e+00
     16.463    21.8568   5.199687    36.7229        378     1.5708  0.000e+00
     16.567    21.8566   5.199731    36.7234        379     1.5750  0.000e+00
     16.680    21.8567   5.199768    36.7236        380     1.5792  0.000e+00
     16.796    21.8567   5.199973    36.7252        381     1.5833  0.000e+00
     16.905    21.8572   5.200362    36.7278        382     1.5875  0.000e+00
     17.021    21.8587   5.200523    36.7278        383     1.5917  0.000e+00
     17.131    21.8605   5.200706    36.7276        384     1.5958  0.000e+00
     17.238    21.8620   5.200809    36.7271        385     1.6000  0.000e+00
     17.336    21.8634   5.200883    36.7265        386     1.6042  0.000e+00
     17.430    21.8643   5.200985    36.7265        387     1.6083  0.000e+00
     17.522    21.8649   5.201022    36.7263        388     1.6125  0.000e+00
     17.604    21.8653   5.201132    36.7268        389     1.6167  0.000e+00
     17.680    21.8659   5.201161    36.7265        390     1.6208  0.000e+00
     17.747    21.8664   5.201088    36.7254        391     1.6250  0.000e+00
     17.808    21.8666   5.201125    36.7256        392     1.6292  0.000e+00
     17.863    21.8669   5.201198    36.7258        393     1.6333  0.000e+00
     17.906    21.8667   5.201132    36.7255        394     1.6375  0.000e+00
     17.952    21.8667   5.201125    36.7254        395     1.6417  0.000e+00
     17.988    21.8667   5.201059    36.7248        396     1.6458  0.000e+00
     18.043    21.8666   5.201088    36.7252        397     1.6500  0.000e+00
     18.092    21.8666   5.201162    36.7257        398     1.6542  0.000e+00
     18.141    21.8668   5.201162    36.7255        399     1.6583  0.000e+00
     18.205    21.8672   5.201162    36.7252        400     1.6625  0.000e+00
     18.284    21.8672   5.201198    36.7255        401     1.6667  0.000e+00
     18.379    21.8672   5.201198    36.7254        402     1.6708  0.000e+00
     18.467    21.8673   5.201198    36.7253        403     1.6750  0.000e+00
     18.562    21.8672   5.201125    36.7248        404     1.6792  0.000e+00
     18.656    21.8669   5.200993    36.7239        405     1.6833  0.000e+00
     18.763    21.8663   5.200949    36.7240        406     1.6875  0.000e+00
     18.864    21.8657   5.200883    36.7240        407     1.6917  0.000e+00
     18.974    21.8651   5.200883    36.7245        408     1.6958  0.000e+00
     19.074    21.8648   5.200810    36.7241        409     1.7000  0.000e+00
     19.172    21.8643   5.200795    36.7244        410     1.7042  0.000e+00
     19.276    21.8640   5.200920    36.7256        411     1.7083  0.000e+00
     19.358    21.8642   5.200950    36.7256        412     1.7125  0.000e+00
     19.440    21.8644   5.200950    36.7255        413     1.7167  0.000e+00
     19.511    21.8645   5.201060    36.7262        414     1.7208  0.000e+00
     19.575    21.8650   5.201067    36.7258        415     1.7250  0.000e+00
     19.642    21.8656   5.201162    36.7261        416     1.7292  0.000e+00
     19.691    21.8658   5.201265    36.7266        417     1.7333  0.000e+00
     19.739    21.8661   5.201228    36.7260        418     1.7375  0.000e+00
     19.779    21.8665   5.201126    36.7249        419     1.7417  0.000e+00
     19.816    21.8661   5.200847    36.7230        420     1.7458  0.000e+00
