PC2501/sbe075.cnv
* Sea-Bird SBE 19plus Data File:
* FileName = C:\cruise\data\sbe075.hex
* Software Version Seasave V 7.26.7.121
* Temperature SN = 4684
* Conductivity SN = 4684
* System UpLoad Time = Feb 08 2025 21:44:49
* NMEA Latitude = 36 46.86 N
* NMEA Longitude = 075 19.32 W
* NMEA UTC (Time) = Feb 08 2025  21:44:26
** Ship: Pisces
** Cruise:  PC2501
** Program:  AMAPPS
# nquan = 7
# nvalues = 1845                                  
# units = specified
# name 0 = depSM: Depth [salt water, m]
# name 1 = tv290C: Temperature [ITS-90, deg C]
# name 2 = c0S/m: Conductivity [S/m]
# name 3 = sal00: Salinity, Practical [PSU]
# name 4 = scan: Scan Count
# name 5 = timeM: Time, Elapsed [minutes]
# name 6 = flag:  0.000e+00
# span 0 =      0.048,     21.692                 
# span 1 =     6.1361,     7.7818                 
# span 2 =  -0.000032,   3.511855                 
# span 3 =     0.0000,    34.2712                 
# span 4 =         11,       1855                 
# span 5 =     0.0417,     7.7250                 
# span 6 = 0.0000e+00, 0.0000e+00                 
# interval = seconds: 0.25
# start_time = Feb 08 2025 21:44:26 [NMEA time, header]
# bad_flag = -9.990e-29
*END*
[from data line 616]
     17.986     7.7739   3.510801    34.0268        627     2.6083  0.000e+00
     18.013     7.7740   3.510808    34.0267        628     2.6125  0.000e+00
     18.047     7.7740   3.510801    34.0267        629     2.6167  0.000e+00
     18.077     7.7739   3.510839    34.0271        630     2.6208  0.000e+00
     18.111     7.7741   3.510801    34.0265        631     2.6250  0.000e+00
     18.148     7.7740   3.510776    34.0263        632     2.6292  0.000e+00
     18.175     7.7739   3.510758    34.0262        633     2.6333  0.000e+00
     18.190     7.7737   3.510702    34.0258        634     2.6375  0.000e+00
     18.209     7.7735   3.510708    34.0261        635     2.6417  0.000e+00
     18.205     7.7732   3.510752    34.0268        636     2.6458  0.000e+00
     18.205     7.7733   3.510826    34.0275        637     2.6500  0.000e+00
     18.193     7.7735   3.510801    34.0271        638     2.6542  0.000e+00
     18.175     7.7737   3.510677    34.0256        639     2.6583  0.000e+00
     18.144     7.7732   3.510727    34.0265        640     2.6625  0.000e+00
     18.108     7.7732   3.510708    34.0264        641     2.6667  0.000e+00
     18.065     7.7731   3.510702    34.0264        642     2.6708  0.000e+00
     18.032     7.7729   3.510733    34.0270        643     2.6750  0.000e+00
     17.992     7.7728   3.510726    34.0270        644     2.6792  0.000e+00
     17.968     7.7730   3.510726    34.0269        645     2.6833  0.000e+00
     17.937     7.7731   3.510808    34.0276        646     2.6875  0.000e+00
     17.910     7.7732   3.510701    34.0264        647     2.6917  0.000e+00
     17.894     7.7732   3.510708    34.0265        648     2.6958  0.000e+00
     17.885     7.7731   3.510751    34.0271        649     2.7000  0.000e+00
     17.870     7.7732   3.510801    34.0275        650     2.7042  0.000e+00
     17.858     7.7736   3.510733    34.0264        651     2.7083  0.000e+00
     17.858     7.7736   3.510801    34.0272        652     2.7125  0.000e+00
     17.842     7.7738   3.510864    34.0276        653     2.7167  0.000e+00
     17.842     7.7741   3.510826    34.0269        654     2.7208  0.000e+00
     17.839     7.7743   3.510864    34.0271        655     2.7250  0.000e+00
     17.836     7.7742   3.510851    34.0271        656     2.7292  0.000e+00
     17.830     7.7742   3.510826    34.0268        657     2.7333  0.000e+00
     17.818     7.7742   3.510733    34.0258        658     2.7375  0.000e+00
     17.797     7.7738   3.510701    34.0258        659     2.7417  0.000e+00
     17.785     7.7736   3.510733    34.0264        660     2.7458  0.000e+00
     17.760     7.7735   3.510701    34.0262        661     2.7500  0.000e+00
     17.739     7.7735   3.510701    34.0263        662     2.7542  0.000e+00
     17.705     7.7733   3.510708    34.0264        663     2.7583  0.000e+00
     17.675     7.7731   3.510651    34.0261        664     2.7625  0.000e+00
     17.644     7.7731   3.510683    34.0265        665     2.7667  0.000e+00
     17.617     7.7730   3.510676    34.0265        666     2.7708  0.000e+00
     17.583     7.7730   3.510626    34.0260        667     2.7750  0.000e+00
     17.550     7.7730   3.510633    34.0261        668     2.7792  0.000e+00
     17.531     7.7730   3.510651    34.0263        669     2.7833  0.000e+00
     17.504     7.7731   3.510658    34.0263        670     2.7875  0.000e+00
     17.476     7.7732   3.510651    34.0261        671     2.7917  0.000e+00
     17.449     7.7730   3.510626    34.0260        672     2.7958  0.000e+00
     17.437     7.7728   3.510683    34.0268        673     2.8000  0.000e+00
     17.419     7.7729   3.510701    34.0270        674     2.8042  0.000e+00
     17.409     7.7732   3.510658    34.0262        675     2.8083  0.000e+00
     17.403     7.7732   3.510651    34.0261        676     2.8125  0.000e+00
     17.400     7.7733   3.510651    34.0260        677     2.8167  0.000e+00
     17.400     7.7732   3.510658    34.0262        678     2.8208  0.000e+00
     17.406     7.7732   3.510626    34.0259        679     2.8250  0.000e+00
     17.412     7.7731   3.510633    34.0261        680     2.8292  0.000e+00
     17.428     7.7727   3.510626    34.0263        681     2.8333  0.000e+00
     17.437     7.7727   3.510626    34.0263        682     2.8375  0.000e+00
     17.449     7.7727   3.510658    34.0267        683     2.8417  0.000e+00
     17.455     7.7726   3.510626    34.0264        684     2.8458  0.000e+00
     17.473     7.7727   3.510683    34.0269        685     2.8500  0.000e+00
     17.489     7.7728   3.510701    34.0270        686     2.8542  0.000e+00
     17.513     7.7730   3.510726    34.0271        687     2.8583  0.000e+00
     17.510     7.7732   3.510708    34.0267        688     2.8625  0.000e+00
     17.516     7.7735   3.510726    34.0266        689     2.8667  0.000e+00
     17.513     7.7737   3.510708    34.0262        690     2.8708  0.000e+00
     17.507     7.7737   3.510701    34.0261        691     2.8750  0.000e+00
     17.495     7.7737   3.510708    34.0262        692     2.8792  0.000e+00
     17.467     7.7737   3.510701    34.0262        693     2.8833  0.000e+00
     17.440     7.7737   3.510826    34.0275        694     2.8875  0.000e+00
     17.403     7.7740   3.510839    34.0274        695     2.8917  0.000e+00
     17.354     7.7743   3.510826    34.0270        696     2.8958  0.000e+00
     17.318     7.7744   3.510732    34.0259        697     2.9000  0.000e+00
     17.272     7.7741   3.510701    34.0258        698     2.9042  0.000e+00
     17.223     7.7738   3.510676    34.0258        699     2.9083  0.000e+00
     17.193     7.7736   3.510707    34.0265        700     2.9125  0.000e+00
     17.153     7.7735   3.510676    34.0263        701     2.9167  0.000e+00
     17.132     7.7735   3.510682    34.0263        702     2.9208  0.000e+00
     17.107     7.7733   3.510726    34.0270        703     2.9250  0.000e+00
     17.089     7.7736   3.510726    34.0267        704     2.9292  0.000e+00
     17.086     7.7738   3.510707    34.0263        705     2.9333  0.000e+00
     17.077     7.7738   3.510701    34.0262        706     2.9375  0.000e+00
     17.068     7.7738   3.510707    34.0263        707     2.9417  0.000e+00
     17.065     7.7738   3.510626    34.0254        708     2.9458  0.000e+00
     17.052     7.7737   3.510651    34.0258        709     2.9500  0.000e+00
     17.031     7.7736   3.510732    34.0268        710     2.9542  0.000e+00
     17.022     7.7737   3.510776    34.0272        711     2.9583  0.000e+00
     17.000     7.7740   3.510732    34.0264        712     2.9625  0.000e+00
     16.976     7.7740   3.510776    34.0269        713     2.9667  0.000e+00
     16.949     7.7740   3.510651    34.0255        714     2.9708  0.000e+00
     16.924     7.7738   3.510633    34.0255        715     2.9750  0.000e+00
     16.891     7.7735   3.510601    34.0256        716     2.9792  0.000e+00
     16.882     7.7732   3.510601    34.0259        717     2.9833  0.000e+00
     16.857     7.7730   3.510583    34.0258        718     2.9875  0.000e+00
     16.845     7.7728   3.510583    34.0260        719     2.9917  0.000e+00
     16.842     7.7729   3.510576    34.0259        720     2.9958  0.000e+00
     16.842     7.7729   3.510533    34.0254        721     3.0000  0.000e+00
     16.848     7.7726   3.510576    34.0262        722     3.0042  0.000e+00
     16.854     7.7724   3.510583    34.0264        723     3.0083  0.000e+00
     16.866     7.7726   3.510533    34.0257        724     3.0125  0.000e+00
     16.872     7.7724   3.510632    34.0270        725     3.0167  0.000e+00
     16.879     7.7725   3.510651    34.0271        726     3.0208  0.000e+00
     16.882     7.7729   3.510632    34.0265        727     3.0250  0.000e+00
     16.869     7.7731   3.510583    34.0258        728     3.0292  0.000e+00
     16.866     7.7730   3.510508    34.0251        729     3.0333  0.000e+00
     16.863     7.7727   3.510576    34.0260        730     3.0375  0.000e+00
     16.854     7.7726   3.510583    34.0263        731     3.0417  0.000e+00
     16.842     7.7725   3.510682    34.0274        732     3.0458  0.000e+00
     16.839     7.7729   3.510651    34.0267        733     3.0500  0.000e+00
     16.842     7.7731   3.510632    34.0263        734     3.0542  0.000e+00
     16.827     7.7731   3.510651    34.0265        735     3.0583  0.000e+00
     16.824     7.7732   3.510626    34.0262        736     3.0625  0.000e+00
     16.817     7.7731   3.510601    34.0260        737     3.0667  0.000e+00
     16.811     7.7728   3.510626    34.0266        738     3.0708  0.000e+00
     16.811     7.7728   3.510732    34.0277        739     3.0750  0.000e+00
     16.793     7.7731   3.510676    34.0268        740     3.0792  0.000e+00
     16.778     7.7736   3.510776    34.0274        741     3.0833  0.000e+00
     16.769     7.7739   3.510838    34.0278        742     3.0875  0.000e+00
     16.738     7.7742   3.510826    34.0273        743     3.0917  0.000e+00
     16.720     7.7745   3.510782    34.0266        744     3.0958  0.000e+00
     16.692     7.7746   3.510751    34.0261        745     3.1000  0.000e+00
     16.668     7.7745   3.510801    34.0268        746     3.1042  0.000e+00
     16.641     7.7744   3.510782    34.0267        747     3.1083  0.000e+00
     16.610     7.7745   3.510751    34.0263        748     3.1125  0.000e+00
     16.586     7.7742   3.510657    34.0256        749     3.1167  0.000e+00
     16.561     7.7736   3.510626    34.0259        750     3.1208  0.000e+00
     16.546     7.7732   3.510601    34.0260        751     3.1250  0.000e+00
     16.522     7.7730   3.510632    34.0266        752     3.1292  0.000e+00
     16.500     7.7728   3.510557    34.0260        753     3.1333  0.000e+00
     16.476     7.7727   3.510526    34.0257        754     3.1375  0.000e+00
     16.442     7.7724   3.510508    34.0258        755     3.1417  0.000e+00
     16.412     7.7722   3.510582    34.0268        756     3.1458  0.000e+00
     16.381     7.7722   3.510551    34.0265        757     3.1500  0.000e+00
     16.357     7.7722   3.510557    34.0266        758     3.1542  0.000e+00
     16.329     7.7722   3.510601    34.0271        759     3.1583  0.000e+00
     16.305     7.7724   3.510582    34.0267        760     3.1625  0.000e+00
     16.287     7.7726   3.510582    34.0266        761     3.1667  0.000e+00
     16.287     7.7724   3.510601    34.0269        762     3.1708  0.000e+00
     16.287     7.7726   3.510601    34.0268        763     3.1750  0.000e+00
     16.284     7.7727   3.510657    34.0272        764     3.1792  0.000e+00
     16.290     7.7727   3.510701    34.0277        765     3.1833  0.000e+00
     16.299     7.7729   3.510751    34.0280        766     3.1875  0.000e+00
     16.311     7.7732   3.510726    34.0274        767     3.1917  0.000e+00
     16.326     7.7735   3.510751    34.0275        768     3.1958  0.000e+00
     16.323     7.7734   3.510851    34.0286        769     3.2000  0.000e+00
     16.326     7.7738   3.510863    34.0284        770     3.2042  0.000e+00
     16.336     7.7740   3.510826    34.0277        771     3.2083  0.000e+00
     16.333     7.7741   3.510888    34.0283        772     3.2125  0.000e+00
     16.339     7.7744   3.510851    34.0277        773     3.2167  0.000e+00
     16.323     7.7745   3.510851    34.0275        774     3.2208  0.000e+00
     16.314     7.7746   3.510913    34.0281        775     3.2250  0.000e+00
     16.302     7.7747   3.510826    34.0271        776     3.2292  0.000e+00
     16.290     7.7747   3.510732    34.0261        777     3.2333  0.000e+00
     16.281     7.7743   3.510726    34.0264        778     3.2375  0.000e+00
     16.253     7.7738   3.510701    34.0266        779     3.2417  0.000e+00
     16.229     7.7737   3.510707    34.0268        780     3.2458  0.000e+00
     16.207     7.7736   3.510751    34.0274        781     3.2500  0.000e+00
     16.186     7.7737   3.510757    34.0274        782     3.2542  0.000e+00
     16.155     7.7737   3.510726    34.0271        783     3.2583  0.000e+00
     16.128     7.7735   3.510701    34.0270        784     3.2625  0.000e+00
     16.098     7.7736   3.510707    34.0270        785     3.2667  0.000e+00
     16.064     7.7735   3.510751    34.0276        786     3.2708  0.000e+00
     16.024     7.7736   3.510782    34.0278        787     3.2750  0.000e+00
     15.991     7.7737   3.510751    34.0274        788     3.2792  0.000e+00
     15.945     7.7740   3.510757    34.0272        789     3.2833  0.000e+00
     15.896     7.7741   3.510776    34.0273        790     3.2875  0.000e+00
     15.854     7.7742   3.510751    34.0270        791     3.2917  0.000e+00
     15.811     7.7741   3.510732    34.0269        792     3.2958  0.000e+00
     15.780     7.7742   3.510776    34.0273        793     3.3000  0.000e+00
     15.756     7.7742   3.510807    34.0276        794     3.3042  0.000e+00
     15.729     7.7746   3.510851    34.0277        795     3.3083  0.000e+00
     15.713     7.7749   3.510875    34.0277        796     3.3125  0.000e+00
     15.692     7.7750   3.510863    34.0275        797     3.3167  0.000e+00
     15.683     7.7753   3.510850    34.0271        798     3.3208  0.000e+00
     15.683     7.7751   3.510863    34.0273        799     3.3250  0.000e+00
     15.680     7.7752   3.510850    34.0272        800     3.3292  0.000e+00
     15.677     7.7751   3.510850    34.0273        801     3.3333  0.000e+00
     15.671     7.7751   3.510863    34.0274        802     3.3375  0.000e+00
     15.677     7.7749   3.510776    34.0266        803     3.3417  0.000e+00
     15.674     7.7749   3.510782    34.0267        804     3.3458  0.000e+00
     15.677     7.7746   3.510601    34.0250        805     3.3500  0.000e+00
     15.667     7.7740   3.510601    34.0256        806     3.3542  0.000e+00
     15.652     7.7732   3.510601    34.0264        807     3.3583  0.000e+00
     15.625     7.7727   3.510601    34.0270        808     3.3625  0.000e+00
     15.594     7.7725   3.510576    34.0269        809     3.3667  0.000e+00
     15.567     7.7724   3.510601    34.0273        810     3.3708  0.000e+00
     15.533     7.7724   3.510626    34.0275        811     3.3750  0.000e+00
     15.491     7.7725   3.510632    34.0275        812     3.3792  0.000e+00
     15.463     7.7724   3.510601    34.0273        813     3.3833  0.000e+00
     15.427     7.7726   3.510657    34.0278        814     3.3875  0.000e+00
     15.396     7.7727   3.510626    34.0273        815     3.3917  0.000e+00
     15.381     7.7730   3.510626    34.0270        816     3.3958  0.000e+00
     15.356     7.7728   3.510732    34.0284        817     3.4000  0.000e+00
     15.353     7.7732   3.510701    34.0277        818     3.4042  0.000e+00
     15.353     7.7733   3.510707    34.0276        819     3.4083  0.000e+00
     15.366     7.7735   3.510701    34.0273        820     3.4125  0.000e+00
     15.387     7.7738   3.510726    34.0273        821     3.4167  0.000e+00
     15.405     7.7737   3.510732    34.0274        822     3.4208  0.000e+00
     15.439     7.7737   3.510726    34.0274        823     3.4250  0.000e+00
     15.469     7.7740   3.510732    34.0272        824     3.4292  0.000e+00
     15.490     7.7741   3.510726    34.0270        825     3.4333  0.000e+00
     15.500     7.7740   3.510757    34.0274        826     3.4375  0.000e+00
     15.506     7.7740   3.510751    34.0274        827     3.4417  0.000e+00
     15.503     7.7740   3.510751    34.0273        828     3.4458  0.000e+00
     15.484     7.7741   3.510782    34.0276        829     3.4500  0.000e+00
     15.457     7.7744   3.510751    34.0270        830     3.4542  0.000e+00
