PC2501/sbe039.cnv
* Sea-Bird SBE 19plus Data File:
* FileName = C:\cruise\data\sbe039.hex
* Software Version Seasave V 7.26.7.121
* Temperature SN = 4684
* Conductivity SN = 4684
* System UpLoad Time = Jan 19 2025 03:49:34
* NMEA Latitude = 36 45.74 N
* NMEA Longitude = 074 38.18 W
* NMEA UTC (Time) = Jan 19 2025  03:48:59
** Ship: Pisces
** Cruise:  PC2501
** Program:  AMAPPS
# nquan = 7
# nvalues = 5089                                  
# units = specified
# name 0 = depSM: Depth [salt water, m]
# name 1 = tv290C: Temperature [ITS-90, deg C]
# name 2 = c0S/m: Conductivity [S/m]
# name 3 = sal00: Salinity, Practical [PSU]
# name 4 = scan: Scan Count
# name 5 = timeM: Time, Elapsed [minutes]
# name 6 = flag:  0.000e+00
# span 0 =      0.001,    201.364                 
# span 1 =    12.0993,    14.9386                 
# span 2 =  -0.001154,   4.373664                 
# span 3 =     0.0000,    35.7803                 
# span 4 =         11,       5099                 
# span 5 =     0.0417,    21.2417                 
# span 6 = 0.0000e+00, 0.0000e+00                 
# interval = seconds: 0.25
# start_time = Jan 19 2025 03:48:59 [NMEA time, header]
# bad_flag = -9.990e-29
*END*
[from data line 2462]
    133.641    14.7283   4.337935    35.6141       2473    10.3000  0.000e+00
    133.559    14.7292   4.337724    35.6114       2474    10.3042  0.000e+00
    133.480    14.7294   4.337656    35.6106       2475    10.3083  0.000e+00
    133.388    14.7290   4.336793    35.6031       2476    10.3125  0.000e+00
    133.294    14.7279   4.337445    35.6102       2477    10.3167  0.000e+00
    133.193    14.7277   4.337255    35.6086       2478    10.3208  0.000e+00
    133.111    14.7270   4.337085    35.6077       2479    10.3250  0.000e+00
    133.025    14.7264   4.336677    35.6046       2480    10.3292  0.000e+00
    132.943    14.7254   4.336779    35.6064       2481    10.3333  0.000e+00
    132.876    14.7246   4.336942    35.6087       2482    10.3375  0.000e+00
    132.809    14.7236   4.336902    35.6092       2483    10.3417  0.000e+00
    132.745    14.7229   4.336705    35.6081       2484    10.3458  0.000e+00
    132.693    14.7225   4.336664    35.6082       2485    10.3500  0.000e+00
    132.644    14.7220   4.336562    35.6076       2486    10.3542  0.000e+00
    132.608    14.7218   4.336603    35.6083       2487    10.3583  0.000e+00
    132.568    14.7217   4.336650    35.6088       2488    10.3625  0.000e+00
    132.529    14.7220   4.336664    35.6086       2489    10.3667  0.000e+00
    132.492    14.7222   4.336650    35.6084       2490    10.3708  0.000e+00
    132.452    14.7220   4.336630    35.6083       2491    10.3750  0.000e+00
    132.401    14.7218   4.336562    35.6080       2492    10.3792  0.000e+00
    132.346    14.7217   4.336569    35.6081       2493    10.3833  0.000e+00
    132.282    14.7215   4.336562    35.6083       2494    10.3875  0.000e+00
    132.218    14.7217   4.336541    35.6079       2495    10.3917  0.000e+00
    132.144    14.7220   4.336507    35.6073       2496    10.3958  0.000e+00
    132.062    14.7227   4.336507    35.6068       2497    10.4000  0.000e+00
    131.971    14.7230   4.336473    35.6062       2498    10.4042  0.000e+00
    131.888    14.7235   4.336392    35.6050       2499    10.4083  0.000e+00
    131.800    14.7238   4.336303    35.6040       2500    10.4125  0.000e+00
    131.709    14.7233   4.336330    35.6047       2501    10.4167  0.000e+00
    131.626    14.7235   4.336358    35.6049       2502    10.4208  0.000e+00
    131.538    14.7246   4.336358    35.6038       2503    10.4250  0.000e+00
    131.465    14.7264   4.336473    35.6034       2504    10.4292  0.000e+00
    131.389    14.7279   4.336446    35.6018       2505    10.4333  0.000e+00
    131.322    14.7290   4.336419    35.6005       2506    10.4375  0.000e+00
    131.264    14.7294   4.336446    35.6004       2507    10.4417  0.000e+00
    131.209    14.7294   4.336446    35.6005       2508    10.4458  0.000e+00
    131.166    14.7300   4.336568    35.6010       2509    10.4500  0.000e+00
    131.129    14.7307   4.336622    35.6009       2510    10.4542  0.000e+00
    131.099    14.7311   4.336629    35.6006       2511    10.4583  0.000e+00
    131.075    14.7316   4.336622    35.6001       2512    10.4625  0.000e+00
    131.047    14.7324   4.336690    35.5999       2513    10.4667  0.000e+00
    131.011    14.7326   4.336649    35.5995       2514    10.4708  0.000e+00
    130.989    14.7322   4.336629    35.5996       2515    10.4750  0.000e+00
    130.965    14.7318   4.336622    35.6000       2516    10.4792  0.000e+00
    130.941    14.7310   4.336812    35.6024       2517    10.4833  0.000e+00
    130.904    14.7307   4.336738    35.6021       2518    10.4875  0.000e+00
    130.855    14.7307   4.336751    35.6022       2519    10.4917  0.000e+00
    130.803    14.7309   4.336738    35.6019       2520    10.4958  0.000e+00
    130.724    14.7311   4.336778    35.6021       2521    10.5000  0.000e+00
    130.648    14.7311   4.336765    35.6021       2522    10.5042  0.000e+00
    130.556    14.7311   4.336690    35.6014       2523    10.5083  0.000e+00
    130.459    14.7314   4.336391    35.5984       2524    10.5125  0.000e+00
    130.355    14.7314   4.336357    35.5982       2525    10.5167  0.000e+00
    130.246    14.7312   4.336534    35.6000       2526    10.5208  0.000e+00
    130.139    14.7314   4.333816    35.5748       2527    10.5250  0.000e+00
    130.035    14.7274   4.335025    35.5896       2528    10.5292  0.000e+00
    129.950    14.7281   4.337050    35.6077       2529    10.5333  0.000e+00
    129.865    14.7379   4.338185    35.6092       2530    10.5375  0.000e+00
    129.791    14.7489   4.339109    35.6077       2531    10.5417  0.000e+00
    129.727    14.7581   4.339720    35.6048       2532    10.5458  0.000e+00
    129.673    14.7655   4.340019    35.6008       2533    10.5500  0.000e+00
    129.627    14.7707   4.340243    35.5982       2534    10.5542  0.000e+00
    129.584    14.7740   4.340590    35.5983       2535    10.5583  0.000e+00
    129.554    14.7769   4.341922    35.6080       2536    10.5625  0.000e+00
    129.523    14.7840   4.345900    35.6380       2537    10.5667  0.000e+00
    129.487    14.8016   4.344437    35.6084       2538    10.5708  0.000e+00
    129.459    14.8133   4.343723    35.5912       2539    10.5750  0.000e+00
    129.429    14.8155   4.342921    35.5819       2540    10.5792  0.000e+00
    129.395    14.8134   4.341459    35.5704       2541    10.5833  0.000e+00
    129.356    14.8076   4.339712    35.5597       2542    10.5875  0.000e+00
    129.319    14.7988   4.340093    35.5713       2543    10.5917  0.000e+00
    129.270    14.7945   4.340712    35.5808       2544    10.5958  0.000e+00
    129.212    14.7955   4.340732    35.5802       2545    10.6000  0.000e+00
    129.157    14.7971   4.340739    35.5788       2546    10.6042  0.000e+00
    129.090    14.7978   4.340589    35.5768       2547    10.6083  0.000e+00
    129.008    14.7979   4.340440    35.5754       2548    10.6125  0.000e+00
    128.926    14.7975   4.340331    35.5748       2549    10.6167  0.000e+00
    128.834    14.7968   4.340290    35.5750       2550    10.6208  0.000e+00
    128.740    14.7964   4.340270    35.5752       2551    10.6250  0.000e+00
    128.642    14.7961   4.340242    35.5753       2552    10.6292  0.000e+00
    128.554    14.7961   4.340168    35.5747       2553    10.6333  0.000e+00
    128.453    14.7954   4.339896    35.5729       2554    10.6375  0.000e+00
    128.377    14.7947   4.339801    35.5727       2555    10.6417  0.000e+00
    128.298    14.7937   4.339835    35.5739       2556    10.6458  0.000e+00
    128.243    14.7931   4.339984    35.5759       2557    10.6500  0.000e+00
    128.185    14.7933   4.339950    35.5754       2558    10.6542  0.000e+00
    128.130    14.7937   4.339773    35.5734       2559    10.6583  0.000e+00
    128.084    14.7933   4.339427    35.5707       2560    10.6625  0.000e+00
    128.048    14.7920   4.338897    35.5670       2561    10.6667  0.000e+00
    128.011    14.7894   4.338095    35.5620       2562    10.6708  0.000e+00
    127.984    14.7854   4.336994    35.5556       2563    10.6750  0.000e+00
    127.956    14.7794   4.336763    35.5589       2564    10.6792  0.000e+00
    127.923    14.7750   4.336872    35.5640       2565    10.6833  0.000e+00
    127.902    14.7730   4.336736    35.5646       2566    10.6875  0.000e+00
    127.865    14.7720   4.336627    35.5645       2567    10.6917  0.000e+00
    127.825    14.7711   4.336790    35.5668       2568    10.6958  0.000e+00
    127.777    14.7710   4.336899    35.5679       2569    10.7000  0.000e+00
    127.722    14.7718   4.336763    35.5660       2570    10.7042  0.000e+00
    127.661    14.7718   4.336688    35.5654       2571    10.7083  0.000e+00
    127.594    14.7711   4.336702    35.5661       2572    10.7125  0.000e+00
    127.508    14.7708   4.336688    35.5663       2573    10.7167  0.000e+00
    127.426    14.7709   4.336647    35.5659       2574    10.7208  0.000e+00
    127.344    14.7707   4.336477    35.5646       2575    10.7250  0.000e+00
    127.265    14.7699   4.334446    35.5466       2576    10.7292  0.000e+00
    127.179    14.7643   4.334242    35.5499       2577    10.7333  0.000e+00
    127.091    14.7587   4.334127    35.5540       2578    10.7375  0.000e+00
    126.996    14.7557   4.334181    35.5573       2579    10.7417  0.000e+00
    126.908    14.7546   4.334100    35.5576       2580    10.7458  0.000e+00
    126.829    14.7542   4.334093    35.5580       2581    10.7500  0.000e+00
    126.743    14.7536   4.334269    35.5601       2582    10.7542  0.000e+00
    126.670    14.7540   4.334364    35.5607       2583    10.7583  0.000e+00
    126.600    14.7548   4.334385    35.5601       2584    10.7625  0.000e+00
    126.542    14.7555   4.334419    35.5598       2585    10.7667  0.000e+00
    126.481    14.7559   4.334127    35.5568       2586    10.7708  0.000e+00
    126.432    14.7551   4.333848    35.5550       2587    10.7750  0.000e+00
    126.390    14.7537   4.334154    35.5592       2588    10.7792  0.000e+00
    126.365    14.7537   4.334147    35.5590       2589    10.7833  0.000e+00
    126.335    14.7541   4.334242    35.5596       2590    10.7875  0.000e+00
    126.310    14.7544   4.333787    35.5552       2591    10.7917  0.000e+00
    126.283    14.7534   4.333515    35.5536       2592    10.7958  0.000e+00
    126.265    14.7515   4.333576    35.5558       2593    10.8000  0.000e+00
    126.231    14.7507   4.333427    35.5552       2594    10.8042  0.000e+00
    126.201    14.7498   4.333434    35.5562       2595    10.8083  0.000e+00
    126.155    14.7495   4.333454    35.5566       2596    10.8125  0.000e+00
    126.106    14.7492   4.333719    35.5594       2597    10.8167  0.000e+00
    126.051    14.7499   4.333271    35.5546       2598    10.8208  0.000e+00
    125.978    14.7496   4.333230    35.5546       2599    10.8250  0.000e+00
    125.899    14.7486   4.333305    35.5562       2600    10.8292  0.000e+00
    125.811    14.7481   4.333372    35.5574       2601    10.8333  0.000e+00
    125.725    14.7485   4.333332    35.5566       2602    10.8375  0.000e+00
    125.637    14.7486   4.333406    35.5572       2603    10.8417  0.000e+00
    125.536    14.7488   4.333155    35.5548       2604    10.8458  0.000e+00
    125.445    14.7483   4.333114    35.5549       2605    10.8500  0.000e+00
    125.359    14.7477   4.333060    35.5550       2606    10.8542  0.000e+00
    125.271    14.7472   4.332156    35.5472       2607    10.8583  0.000e+00
    125.183    14.7445   4.331796    35.5464       2608    10.8625  0.000e+00
    125.109    14.7413   4.331959    35.5509       2609    10.8667  0.000e+00
    125.039    14.7400   4.332034    35.5528       2610    10.8708  0.000e+00
    124.972    14.7398   4.331837    35.5512       2611    10.8750  0.000e+00
    124.911    14.7392   4.331912    35.5524       2612    10.8792  0.000e+00
    124.856    14.7394   4.332075    35.5537       2613    10.8833  0.000e+00
    124.808    14.7400   4.332245    35.5548       2614    10.8875  0.000e+00
    124.777    14.7408   4.332245    35.5541       2615    10.8917  0.000e+00
    124.738    14.7413   4.332129    35.5525       2616    10.8958  0.000e+00
    124.716    14.7413   4.332183    35.5530       2617    10.9000  0.000e+00
    124.695    14.7412   4.331871    35.5503       2618    10.9042  0.000e+00
    124.674    14.7405   4.331912    35.5513       2619    10.9083  0.000e+00
    124.655    14.7397   4.331986    35.5527       2620    10.9125  0.000e+00
    124.622    14.7396   4.331946    35.5525       2621    10.9167  0.000e+00
    124.591    14.7396   4.332156    35.5544       2622    10.9208  0.000e+00
    124.552    14.7402   4.332401    35.5561       2623    10.9250  0.000e+00
    124.497    14.7409   4.332156    35.5532       2624    10.9292  0.000e+00
    124.433    14.7413   4.332278    35.5541       2625    10.9333  0.000e+00
    124.363    14.7416   4.332421    35.5552       2626    10.9375  0.000e+00
    124.265    14.7424   4.331884    35.5495       2627    10.9417  0.000e+00
    124.161    14.7415   4.331755    35.5492       2628    10.9458  0.000e+00
    124.052    14.7402   4.331341    35.5466       2629    10.9500  0.000e+00
    123.939    14.7383   4.330974    35.5450       2630    10.9542  0.000e+00
    123.820    14.7359   4.330825    35.5458       2631    10.9583  0.000e+00
    123.713    14.7341   4.330825    35.5476       2632    10.9625  0.000e+00
    123.604    14.7331   4.330920    35.5494       2633    10.9667  0.000e+00
    123.503    14.7328   4.330920    35.5497       2634    10.9708  0.000e+00
    123.418    14.7332   4.331001    35.5501       2635    10.9750  0.000e+00
    123.338    14.7335   4.330920    35.5491       2636    10.9792  0.000e+00
    123.284    14.7335   4.331001    35.5499       2637    10.9833  0.000e+00
    123.241    14.7335   4.330376    35.5442       2638    10.9875  0.000e+00
    123.210    14.7322   4.330078    35.5426       2639    10.9917  0.000e+00
    123.192    14.7296   4.329772    35.5422       2640    10.9958  0.000e+00
    123.180    14.7274   4.329324    35.5401       2641    11.0000  0.000e+00
    123.183    14.7250   4.329711    35.5459       2642    11.0042  0.000e+00
    123.174    14.7244   4.329731    35.5466       2643    11.0083  0.000e+00
    123.177    14.7246   4.329684    35.5460       2644    11.0125  0.000e+00
    123.168    14.7248   4.330017    35.5489       2645    11.0167  0.000e+00
    123.149    14.7255   4.330105    35.5491       2646    11.0208  0.000e+00
    123.128    14.7265   4.328231    35.5309       2647    11.0250  0.000e+00
    123.088    14.7222   4.326697    35.5207       2648    11.0292  0.000e+00
    123.046    14.7136   4.326452    35.5264       2649    11.0333  0.000e+00
    122.988    14.7073   4.326351    35.5312       2650    11.0375  0.000e+00
    122.915    14.7042   4.326575    35.5362       2651    11.0417  0.000e+00
    122.839    14.7032   4.326812    35.5393       2652    11.0458  0.000e+00
    122.741    14.7038   4.328747    35.5565       2653    11.0500  0.000e+00
    122.653    14.7099   4.328659    35.5503       2654    11.0542  0.000e+00
    122.537    14.7140   4.327362    35.5346       2655    11.0583  0.000e+00
    122.433    14.7129   4.326873    35.5311       2656    11.0625  0.000e+00
    122.329    14.7092   4.327620    35.5415       2657    11.0667  0.000e+00
    122.235    14.7089   4.328475    35.5496       2658    11.0708  0.000e+00
    122.140    14.7122   4.328747    35.5492       2659    11.0750  0.000e+00
    122.055    14.7154   4.328054    35.5399       2660    11.0792  0.000e+00
    121.979    14.7153   4.327504    35.5349       2661    11.0833  0.000e+00
    121.909    14.7134   4.327362    35.5354       2662    11.0875  0.000e+00
    121.845    14.7119   4.327443    35.5376       2663    11.0917  0.000e+00
    121.790    14.7110   4.327749    35.5412       2664    11.0958  0.000e+00
    121.744    14.7114   4.327619    35.5396       2665    11.1000  0.000e+00
    121.686    14.7116   4.327361    35.5371       2666    11.1042  0.000e+00
    121.641    14.7112   4.327205    35.5361       2667    11.1083  0.000e+00
    121.607    14.7099   4.326981    35.5353       2668    11.1125  0.000e+00
    121.555    14.7088   4.327300    35.5392       2669    11.1167  0.000e+00
    121.519    14.7084   4.326839    35.5353       2670    11.1208  0.000e+00
    121.473    14.7078   4.327029    35.5376       2671    11.1250  0.000e+00
    121.439    14.7076   4.326893    35.5366       2672    11.1292  0.000e+00
    121.394    14.7073   4.326845    35.5364       2673    11.1333  0.000e+00
    121.345    14.7067   4.326723    35.5359       2674    11.1375  0.000e+00
    121.290    14.7061   4.325339    35.5237       2675    11.1417  0.000e+00
    121.238    14.7019   4.325101    35.5254       2676    11.1458  0.000e+00
