PC2501/sbe072.cnv
* Sea-Bird SBE 19plus Data File:
* FileName = C:\cruise\data\sbe072.hex
* Software Version Seasave V 7.26.7.121
* Temperature SN = 4684
* Conductivity SN = 4684
* System UpLoad Time = Feb 08 2025 04:36:36
* NMEA Latitude = 36 13.97 N
* NMEA Longitude = 075 08.46 W
* NMEA UTC (Time) = Feb 08 2025  04:36:13
** Ship: Pisces
** Cruise:  PC2501
** Program:  AMAPPS
# nquan = 7
# nvalues = 1225                                  
# units = specified
# name 0 = depSM: Depth [salt water, m]
# name 1 = tv290C: Temperature [ITS-90, deg C]
# name 2 = c0S/m: Conductivity [S/m]
# name 3 = sal00: Salinity, Practical [PSU]
# name 4 = scan: Scan Count
# name 5 = timeM: Time, Elapsed [minutes]
# name 6 = flag:  0.000e+00
# span 0 =      0.134,     26.553                 
# span 1 =     8.2287,    12.1634                 
# span 2 =   0.000015,   4.021032                 
# span 3 =     0.0041,    36.2000                 
# span 4 =         11,       1235                 
# span 5 =     0.0417,     5.1417                 
# span 6 = 0.0000e+00, 0.0000e+00                 
# interval = seconds: 0.25
# start_time = Feb 08 2025 04:36:13 [NMEA time, header]
# bad_flag = -9.990e-29
*END*
[from data line 411]
     25.470    11.0102   3.894782    34.8860        422     1.7542  0.000e+00
     25.403    11.0235   3.886786    34.7936        423     1.7583  0.000e+00
     25.348    11.0033   3.894034    34.8852        424     1.7625  0.000e+00
     25.293    11.0017   3.900396    34.9504        425     1.7667  0.000e+00
     25.256    11.0369   3.895913    34.8721        426     1.7708  0.000e+00
     25.229    11.0480   3.894866    34.8510        427     1.7750  0.000e+00
     25.210    11.0429   3.893923    34.8465        428     1.7792  0.000e+00
     25.220    11.0348   3.892701    34.8420        429     1.7833  0.000e+00
     25.217    11.0267   3.889834    34.8210        430     1.7875  0.000e+00
     25.229    11.0105   3.888931    34.8275        431     1.7917  0.000e+00
     25.247    10.9943   3.884830    34.8018        432     1.7958  0.000e+00
     25.253    10.9750   3.883187    34.8037        433     1.8000  0.000e+00
     25.256    10.9524   3.884415    34.8374        434     1.8042  0.000e+00
     25.238    10.9432   3.886286    34.8650        435     1.8083  0.000e+00
     25.220    10.9506   3.893398    34.9291        436     1.8125  0.000e+00
     25.177    10.9771   3.893176    34.9016        437     1.8167  0.000e+00
     25.128    10.9990   3.879271    34.7418        438     1.8208  0.000e+00
     25.061    10.9683   3.876538    34.7437        439     1.8250  0.000e+00
     24.985    10.9167   3.877337    34.8007        440     1.8292  0.000e+00
     24.905    10.8958   3.878584    34.8331        441     1.8333  0.000e+00
     24.820    10.8821   3.880434    34.8647        442     1.8375  0.000e+00
     24.735    10.8925   3.890128    34.9520        443     1.8417  0.000e+00
     24.646    10.9330   3.887631    34.8884        444     1.8458  0.000e+00
     24.561    10.9579   3.886357    34.8520        445     1.8500  0.000e+00
     24.484    10.9632   3.890549    34.8889        446     1.8542  0.000e+00
     24.408    10.9743   3.895478    34.9277        447     1.8583  0.000e+00
     24.353    11.0019   3.897058    34.9172        448     1.8625  0.000e+00
     24.298    11.0276   3.898814    34.9103        449     1.8667  0.000e+00
     24.250    11.0486   3.898704    34.8893        450     1.8708  0.000e+00
     24.210    11.0601   3.895783    34.8492        451     1.8750  0.000e+00
     24.179    11.0560   3.896784    34.8631        452     1.8792  0.000e+00
     24.149    11.0520   3.896576    34.8649        453     1.8833  0.000e+00
     24.140    11.0518   3.900734    34.9065        454     1.8875  0.000e+00
     24.131    11.0639   3.898970    34.8774        455     1.8917  0.000e+00
     24.121    11.0698   3.899783    34.8800        456     1.8958  0.000e+00
     24.115    11.0737   3.900779    34.8862        457     1.9000  0.000e+00
     24.100    11.0793   3.901729    34.8903        458     1.9042  0.000e+00
     24.085    11.0860   3.899555    34.8623        459     1.9083  0.000e+00
     24.060    11.0850   3.899757    34.8653        460     1.9125  0.000e+00
     24.021    11.0808   3.898651    34.8582        461     1.9167  0.000e+00
     23.969    11.0754   3.899146    34.8683        462     1.9208  0.000e+00
     23.923    11.0738   3.902159    34.8999        463     1.9250  0.000e+00
     23.871    11.0836   3.903343    34.9024        464     1.9292  0.000e+00
     23.801    11.0955   3.903571    34.8935        465     1.9333  0.000e+00
     23.737    11.1063   3.908447    34.9318        466     1.9375  0.000e+00
     23.664    11.1253   3.907809    34.9075        467     1.9417  0.000e+00
     23.591    11.1399   3.907750    34.8930        468     1.9458  0.000e+00
     23.505    11.1476   3.909860    34.9067        469     1.9500  0.000e+00
     23.429    11.1561   3.910785    34.9079        470     1.9542  0.000e+00
     23.365    11.1658   3.916702    34.9577        471     1.9583  0.000e+00
     23.292    11.1899   3.914805    34.9159        472     1.9625  0.000e+00
     23.225    11.2088   3.918063    34.9304        473     1.9667  0.000e+00
     23.164    11.2223   3.931417    35.0505        474     1.9708  0.000e+00
     23.103    11.2777   3.932513    35.0087        475     1.9750  0.000e+00
     23.054    11.3283   3.929529    34.9311        476     1.9792  0.000e+00
     23.008    11.3442   3.925855    34.8796        477     1.9833  0.000e+00
     22.971    11.3327   3.924218    34.8742        478     1.9875  0.000e+00
     22.929    11.3161   3.920226    34.8504        479     1.9917  0.000e+00
     22.889    11.2923   3.922131    34.8918        480     1.9958  0.000e+00
     22.852    11.2800   3.934740    35.0288        481     2.0000  0.000e+00
     22.804    11.3234   3.940468    35.0443        482     2.0042  0.000e+00
     22.776    11.3832   3.944003    35.0227        483     2.0083  0.000e+00
     22.740    11.4300   3.939774    34.9364        484     2.0125  0.000e+00
     22.712    11.4412   3.937696    34.9053        485     2.0167  0.000e+00
     22.676    11.4324   3.939957    34.9360        486     2.0208  0.000e+00
     22.642    11.4326   3.937618    34.9127        487     2.0250  0.000e+00
     22.605    11.4295   3.937670    34.9161        488     2.0292  0.000e+00
     22.566    11.4202   3.935796    34.9063        489     2.0333  0.000e+00
     22.523    11.4161   3.937350    34.9257        490     2.0375  0.000e+00
     22.471    11.4115   3.941767    34.9737        491     2.0417  0.000e+00
     22.416    11.4291   3.935123    34.8914        492     2.0458  0.000e+00
     22.349    11.4213   3.936625    34.9137        493     2.0500  0.000e+00
     22.288    11.4132   3.943303    34.9874        494     2.0542  0.000e+00
     22.224    11.4394   3.983602    35.3618        495     2.0583  0.000e+00
     22.169    11.5965   3.997155    35.3456        496     2.0625  0.000e+00
     22.099    11.7702   4.005661    35.2640        497     2.0667  0.000e+00
     22.041    11.9016   4.007027    35.1528        498     2.0708  0.000e+00
     21.980    11.9787   4.003349    35.0442        499     2.0750  0.000e+00
     21.922    11.9979   3.987632    34.8726        500     2.0792  0.000e+00
     21.864    11.9445   3.951849    34.5731        501     2.0833  0.000e+00
     21.818    11.7931   3.947848    34.6750        502     2.0875  0.000e+00
     21.770    11.6409   3.955203    34.8900        503     2.0917  0.000e+00
     21.733    11.5936   3.967999    35.0608        504     2.0958  0.000e+00
     21.684    11.6350   3.975287    35.0935        505     2.1000  0.000e+00
     21.641    11.6890   3.979694    35.0858        506     2.1042  0.000e+00
     21.605    11.7425   3.987333    35.1103        507     2.1083  0.000e+00
     21.568    11.8017   3.986623    35.0473        508     2.1125  0.000e+00
     21.544    11.8258   3.961753    34.7808        509     2.1167  0.000e+00
     21.510    11.7636   3.944520    34.6700        510     2.1208  0.000e+00
     21.489    11.6504   3.933605    34.6687        511     2.1250  0.000e+00
     21.458    11.5163   3.937643    34.8344        512     2.1292  0.000e+00
     21.422    11.4488   3.941002    34.9313        513     2.1333  0.000e+00
     21.391    11.4417   3.941250    34.9406        514     2.1375  0.000e+00
     21.352    11.4441   3.943916    34.9646        515     2.1417  0.000e+00
     21.312    11.4606   3.946413    34.9738        516     2.1458  0.000e+00
     21.266    11.4725   3.948290    34.9811        517     2.1500  0.000e+00
     21.217    11.4926   3.949938    34.9783        518     2.1542  0.000e+00
     21.168    11.5146   3.962274    35.0795        519     2.1583  0.000e+00
     21.107    11.5608   3.974114    35.1526        520     2.1625  0.000e+00
     21.050    11.6459   3.986513    35.1941        521     2.1667  0.000e+00
     20.992    11.7406   3.984411    35.0837        522     2.1708  0.000e+00
     20.931    11.8030   3.981254    34.9937        523     2.1750  0.000e+00
     20.867    11.8143   3.970741    34.8800        524     2.1792  0.000e+00
     20.812    11.7818   3.951150    34.7183        525     2.1833  0.000e+00
     20.741    11.6842   3.986512    35.1578        526     2.1875  0.000e+00
     20.680    11.7199   3.980376    35.0637        527     2.1917  0.000e+00
     20.616    11.7744   3.952446    34.7381        528     2.1958  0.000e+00
     20.565    11.6942   3.943730    34.7277        529     2.2000  0.000e+00
     20.522    11.5892   3.955641    34.9437        530     2.2042  0.000e+00
     20.485    11.5589   3.950748    34.9240        531     2.2083  0.000e+00
     20.449    11.5450   3.937968    34.8111        532     2.2125  0.000e+00
     20.418    11.5004   3.936245    34.8360        533     2.2167  0.000e+00
     20.375    11.4496   3.935409    34.8758        534     2.2208  0.000e+00
     20.342    11.4231   3.944243    34.9882        535     2.2250  0.000e+00
     20.311    11.4420   3.967102    35.1966        536     2.2292  0.000e+00
     20.293    11.5382   3.971833    35.1519        537     2.2333  0.000e+00
     20.263    11.6332   3.972671    35.0700        538     2.2375  0.000e+00
     20.232    11.6890   3.971261    35.0034        539     2.2417  0.000e+00
     20.205    11.7102   3.972670    34.9972        540     2.2458  0.000e+00
     20.171    11.7216   3.972125    34.9812        541     2.2500  0.000e+00
     20.137    11.7257   3.969517    34.9517        542     2.2542  0.000e+00
     20.095    11.7193   3.970631    34.9686        543     2.2583  0.000e+00
     20.055    11.7145   3.970087    34.9679        544     2.2625  0.000e+00
     20.006    11.7124   3.970356    34.9725        545     2.2667  0.000e+00
     19.961    11.7121   3.971037    34.9795        546     2.2708  0.000e+00
     19.903    11.7153   3.973109    34.9969        547     2.2750  0.000e+00
     19.842    11.7250   3.973161    34.9883        548     2.2792  0.000e+00
     19.771    11.7323   3.972315    34.9731        549     2.2833  0.000e+00
     19.713    11.7340   3.975174    34.9996        550     2.2875  0.000e+00
     19.659    11.7418   3.978223    35.0223        551     2.2917  0.000e+00
     19.604    11.7575   3.992310    35.1459        552     2.2958  0.000e+00
     19.552    11.8209   3.992447    35.0872        553     2.3000  0.000e+00
     19.500    11.8706   3.992361    35.0396        554     2.3042  0.000e+00
     19.451    11.8943   3.992006    35.0138        555     2.3083  0.000e+00
     19.402    11.9025   3.992117    35.0072        556     2.3125  0.000e+00
     19.350    11.9062   3.993595    35.0182        557     2.3167  0.000e+00
     19.314    11.9135   3.995895    35.0339        558     2.3208  0.000e+00
     19.253    11.9276   3.996138    35.0229        559     2.3250  0.000e+00
     19.207    11.9341   3.995040    35.0061        560     2.3292  0.000e+00
     19.167    11.9371   3.996492    35.0175        561     2.3333  0.000e+00
     19.122    11.9399   3.997288    35.0227        562     2.3375  0.000e+00
     19.085    11.9471   3.994685    34.9905        563     2.3417  0.000e+00
     19.051    11.9426   3.990993    34.9586        564     2.3458  0.000e+00
     19.012    11.9220   3.989542    34.9638        565     2.3500  0.000e+00
     18.984    11.9012   3.988479    34.9729        566     2.3542  0.000e+00
     18.960    11.8882   3.991270    35.0126        567     2.3583  0.000e+00
     18.939    11.8900   3.991237    35.0105        568     2.3625  0.000e+00
     18.908    11.8949   3.990718    35.0008        569     2.3667  0.000e+00
     18.874    11.8948   3.988886    34.9830        570     2.3708  0.000e+00
     18.850    11.8885   3.989930    34.9992        571     2.3750  0.000e+00
     18.813    11.8864   3.990475    35.0065        572     2.3792  0.000e+00
     18.780    11.8887   3.991184    35.0113        573     2.3833  0.000e+00
     18.740    11.8932   3.991106    35.0063        574     2.3875  0.000e+00
     18.707    11.8960   3.989359    34.9866        575     2.3917  0.000e+00
     18.658    11.8927   3.990009    34.9961        576     2.3958  0.000e+00
     18.618    11.8874   3.988919    34.9904        577     2.4000  0.000e+00
     18.582    11.8828   3.986621    34.9722        578     2.4042  0.000e+00
     18.548    11.8724   3.987908    34.9946        579     2.4083  0.000e+00
     18.514    11.8681   3.987744    34.9971        580     2.4125  0.000e+00
     18.493    11.8676   3.990199    35.0217        581     2.4167  0.000e+00
     18.469    11.8767   3.993234    35.0428        582     2.4208  0.000e+00
     18.444    11.8943   3.992879    35.0228        583     2.4250  0.000e+00
     18.411    11.9046   3.996604    35.0495        584     2.4292  0.000e+00
     18.377    11.9244   4.000114    35.0653        585     2.4333  0.000e+00
     18.328    11.9482   4.000771    35.0493        586     2.4375  0.000e+00
     18.273    11.9665   3.999423    35.0189        587     2.4417  0.000e+00
     18.212    11.9726   4.000139    35.0202        588     2.4458  0.000e+00
     18.130    11.9752   4.001428    35.0304        589     2.4500  0.000e+00
     18.035    11.9806   4.001014    35.0213        590     2.4542  0.000e+00
     17.947    11.9857   4.001947    35.0257        591     2.4583  0.000e+00
     17.849    11.9875   4.001724    35.0218        592     2.4625  0.000e+00
     17.749    11.9910   4.000494    35.0066        593     2.4667  0.000e+00
     17.654    11.9882   3.998851    34.9932        594     2.4708  0.000e+00
     17.566    11.9807   4.003098    35.0418        595     2.4750  0.000e+00
     17.483    11.9852   4.003210    35.0387        596     2.4792  0.000e+00
     17.410    11.9962   4.004472    35.0407        597     2.4833  0.000e+00
     17.364    12.0052   4.004913    35.0365        598     2.4875  0.000e+00
     17.322    12.0130   4.005156    35.0316        599     2.4917  0.000e+00
     17.300    12.0187   4.005406    35.0287        600     2.4958  0.000e+00
     17.297    12.0211   4.003847    35.0112        601     2.5000  0.000e+00
     17.300    12.0190   4.004827    35.0228        602     2.5042  0.000e+00
     17.322    12.0172   4.003209    35.0086        603     2.5083  0.000e+00
     17.328    12.0130   4.002966    35.0102        604     2.5125  0.000e+00
     17.367    12.0079   4.001894    35.0045        605     2.5167  0.000e+00
     17.389    12.0016   4.001894    35.0104        606     2.5208  0.000e+00
     17.413    11.9973   4.002039    35.0159        607     2.5250  0.000e+00
     17.444    11.9956   4.002249    35.0195        608     2.5292  0.000e+00
     17.465    11.9956   4.002000    35.0171        609     2.5333  0.000e+00
     17.477    11.9956   4.002335    35.0203        610     2.5375  0.000e+00
     17.495    11.9956   4.002604    35.0230        611     2.5417  0.000e+00
     17.495    11.9970   4.002276    35.0185        612     2.5458  0.000e+00
     17.483    11.9975   4.002992    35.0250        613     2.5500  0.000e+00
     17.456    11.9992   4.003295    35.0264        614     2.5542  0.000e+00
     17.401    12.0031   4.003400    35.0238        615     2.5583  0.000e+00
     17.334    12.0047   4.003236    35.0206        616     2.5625  0.000e+00
     17.258    12.0048   4.004334    35.0313        617     2.5667  0.000e+00
     17.166    12.0083   4.004498    35.0297        618     2.5708  0.000e+00
     17.071    12.0116   4.002137    35.0036        619     2.5750  0.000e+00
     16.971    12.0075   4.004584    35.0314        620     2.5792  0.000e+00
     16.864    12.0079   4.003485    35.0203        621     2.5833  0.000e+00
     16.760    12.0103   4.002828    35.0116        622     2.5875  0.000e+00
     16.660    12.0069   4.003038    35.0169        623     2.5917  0.000e+00
     16.568    12.0049   4.002906    35.0176        624     2.5958  0.000e+00
     16.489    12.0028   4.000027    34.9915        625     2.6000  0.000e+00
