PC2501/sbe043.cnv
* Sea-Bird SBE 19plus Data File:
* FileName = C:\cruise\data\sbe043.hex
* Software Version Seasave V 7.26.7.121
* Temperature SN = 4684
* Conductivity SN = 4684
* System UpLoad Time = Jan 20 2025 21:57:14
* NMEA Latitude = 36 50.16 N
* NMEA Longitude = 075 40.65 W
* NMEA UTC (Time) = Jan 20 2025  21:56:40
** Ship: Pisces
** Cruise:  PC2501
** Program:  AMAPPS
# nquan = 7
# nvalues = 1260                                  
# units = specified
# name 0 = depSM: Depth [salt water, m]
# name 1 = tv290C: Temperature [ITS-90, deg C]
# name 2 = c0S/m: Conductivity [S/m]
# name 3 = sal00: Salinity, Practical [PSU]
# name 4 = scan: Scan Count
# name 5 = timeM: Time, Elapsed [minutes]
# name 6 = flag:  0.000e+00
# span 0 =      0.084,     19.580                 
# span 1 =     2.5020,     6.6771                 
# span 2 =   0.000042,   3.347376                 
# span 3 =     0.0003,    35.1030                 
# span 4 =         11,       1270                 
# span 5 =     0.0417,     5.2875                 
# span 6 = 0.0000e+00, 0.0000e+00                 
# interval = seconds: 0.25
# start_time = Jan 20 2025 21:56:40 [NMEA time, header]
# bad_flag = -9.990e-29
*END*
      0.091     2.5020   0.000060     0.0003         11     0.0417  0.000e+00
      0.085     2.5032   0.000060     0.0003         12     0.0458  0.000e+00
      0.085     2.5041   0.000060     0.0003         13     0.0500  0.000e+00
      0.085     2.5052   0.000060     0.0003         14     0.0542  0.000e+00
      0.091     2.5062   0.000066     0.0003         15     0.0583  0.000e+00
      0.094     2.5072   0.000066     0.0003         16     0.0625  0.000e+00
      0.094     2.5079   0.000060     0.0003         17     0.0667  0.000e+00
      0.094     2.5087   0.000066     0.0003         18     0.0708  0.000e+00
      0.094     2.5092   0.000054     0.0003         19     0.0750  0.000e+00
      0.088     2.5098   0.000054     0.0003         20     0.0792  0.000e+00
      0.094     2.5105   0.000060     0.0003         21     0.0833  0.000e+00
      0.100     2.5109   0.000060     0.0003         22     0.0875  0.000e+00
      0.094     2.5112   0.000060     0.0003         23     0.0917  0.000e+00
      0.100     2.5116   0.000060     0.0003         24     0.0958  0.000e+00
      0.097     2.5122   0.000060     0.0003         25     0.1000  0.000e+00
      0.097     2.5134   0.000054     0.0003         26     0.1042  0.000e+00
      0.097     2.5149   0.000060     0.0003         27     0.1083  0.000e+00
      0.097     2.5166   0.000060     0.0003         28     0.1125  0.000e+00
      0.094     2.5182   0.000054     0.0003         29     0.1167  0.000e+00
      0.097     2.5197   0.000060     0.0003         30     0.1208  0.000e+00
      0.094     2.5210   0.000060     0.0003         31     0.1250  0.000e+00
      0.094     2.5223   0.000060     0.0003         32     0.1292  0.000e+00
      0.097     2.5239   0.000054     0.0003         33     0.1333  0.000e+00
      0.094     2.5255   0.000060     0.0003         34     0.1375  0.000e+00
      0.097     2.5269   0.000054     0.0003         35     0.1417  0.000e+00
      0.097     2.5279   0.000060     0.0003         36     0.1458  0.000e+00
      0.094     2.5285   0.000048     0.0003         37     0.1500  0.000e+00
      0.100     2.5289   0.000054     0.0003         38     0.1542  0.000e+00
      0.097     2.5292   0.000054     0.0003         39     0.1583  0.000e+00
      0.097     2.5294   0.000060     0.0003         40     0.1625  0.000e+00
      0.094     2.5300   0.000054     0.0003         41     0.1667  0.000e+00
      0.094     2.5308   0.000060     0.0003         42     0.1708  0.000e+00
      0.097     2.5317   0.000060     0.0003         43     0.1750  0.000e+00
      0.091     2.5325   0.000054     0.0003         44     0.1792  0.000e+00
      0.100     2.5337   0.000054     0.0003         45     0.1833  0.000e+00
      0.100     2.5347   0.000060     0.0003         46     0.1875  0.000e+00
      0.100     2.5360   0.000054     0.0003         47     0.1917  0.000e+00
      0.097     2.5370   0.000054     0.0003         48     0.1958  0.000e+00
      0.100     2.5374   0.000060     0.0003         49     0.2000  0.000e+00
      0.097     2.5381   0.000054     0.0003         50     0.2042  0.000e+00
      0.094     2.5387   0.000060     0.0003         51     0.2083  0.000e+00
      0.100     2.5388   0.000060     0.0003         52     0.2125  0.000e+00
      0.097     2.5391   0.000060     0.0003         53     0.2167  0.000e+00
      0.094     2.5398   0.000060     0.0003         54     0.2208  0.000e+00
      0.100     2.5404   0.000054     0.0003         55     0.2250  0.000e+00
      0.103     2.5413   0.000060     0.0003         56     0.2292  0.000e+00
      0.100     2.5419   0.000054     0.0003         57     0.2333  0.000e+00
      0.094     2.5420   0.000054     0.0003         58     0.2375  0.000e+00
      0.097     2.5426   0.000060     0.0003         59     0.2417  0.000e+00
      0.094     2.5435   0.000054     0.0003         60     0.2458  0.000e+00
      0.100     2.5435   0.000054     0.0003         61     0.2500  0.000e+00
      0.097     2.5432   0.000060     0.0003         62     0.2542  0.000e+00
      0.100     2.5433   0.000054     0.0003         63     0.2583  0.000e+00
      0.094     2.5435   0.000060     0.0003         64     0.2625  0.000e+00
      0.103     2.5439   0.000060     0.0003         65     0.2667  0.000e+00
      0.103     2.5446   0.000060     0.0003         66     0.2708  0.000e+00
      0.097     2.5453   0.000060     0.0003         67     0.2750  0.000e+00
      0.091     2.5459   0.000054     0.0003         68     0.2792  0.000e+00
      0.106     2.5461   0.000060     0.0003         69     0.2833  0.000e+00
      0.097     2.5466   0.000060     0.0003         70     0.2875  0.000e+00
      0.100     2.5472   0.000054     0.0003         71     0.2917  0.000e+00
      0.097     2.5484   0.000054     0.0003         72     0.2958  0.000e+00
      0.103     2.5486   0.000054     0.0003         73     0.3000  0.000e+00
      0.106     2.5482   0.000060     0.0003         74     0.3042  0.000e+00
      0.094     2.5478   0.000054     0.0003         75     0.3083  0.000e+00
      0.100     2.5474   0.000060     0.0003         76     0.3125  0.000e+00
      0.088     2.5473   0.000060     0.0003         77     0.3167  0.000e+00
      0.097     2.5473   0.000060     0.0003         78     0.3208  0.000e+00
      0.091     2.5471   0.000060     0.0003         79     0.3250  0.000e+00
      0.100     2.5472   0.000054     0.0003         80     0.3292  0.000e+00
      0.094     2.5478   0.000060     0.0003         81     0.3333  0.000e+00
      0.103     2.5490   0.000060     0.0003         82     0.3375  0.000e+00
      0.100     2.5499   0.000060     0.0003         83     0.3417  0.000e+00
      0.100     2.5509   0.000060     0.0003         84     0.3458  0.000e+00
      0.103     2.5515   0.000054     0.0003         85     0.3500  0.000e+00
      0.094     2.5521   0.000054     0.0003         86     0.3542  0.000e+00
      0.100     2.5524   0.000060     0.0003         87     0.3583  0.000e+00
      0.097     2.5520   0.000060     0.0003         88     0.3625  0.000e+00
      0.097     2.5515   0.000054     0.0003         89     0.3667  0.000e+00
      0.097     2.5509   0.000048     0.0003         90     0.3708  0.000e+00
      0.094     2.5511   0.000054     0.0003         91     0.3750  0.000e+00
      0.097     2.5516   0.000060     0.0003         92     0.3792  0.000e+00
      0.094     2.5522   0.000060     0.0003         93     0.3833  0.000e+00
      0.091     2.5524   0.000066     0.0004         94     0.3875  0.000e+00
      0.097     2.5528   0.000066     0.0004         95     0.3917  0.000e+00
      0.097     2.5535   0.000066     0.0004         96     0.3958  0.000e+00
      0.097     2.5543   0.000066     0.0004         97     0.4000  0.000e+00
      0.094     2.5558   0.000066     0.0004         98     0.4042  0.000e+00
      0.094     2.5569   0.000072     0.0004         99     0.4083  0.000e+00
      0.091     2.5581   0.000066     0.0004        100     0.4125  0.000e+00
      0.094     2.5596   0.000066     0.0004        101     0.4167  0.000e+00
      0.094     2.5609   0.000066     0.0004        102     0.4208  0.000e+00
      0.091     2.5622   0.000066     0.0004        103     0.4250  0.000e+00
      0.094     2.5635   0.000066     0.0004        104     0.4292  0.000e+00
      0.087     2.5647   0.000072     0.0004        105     0.4333  0.000e+00
      0.090     2.5657   0.000072     0.0004        106     0.4375  0.000e+00
      0.094     2.5670   0.000060     0.0003        107     0.4417  0.000e+00
      0.094     2.5682   0.000072     0.0004        108     0.4458  0.000e+00
      0.094     2.5692   0.000072     0.0004        109     0.4500  0.000e+00
      0.090     2.5696   0.000066     0.0004        110     0.4542  0.000e+00
      0.097     2.5701   0.000072     0.0004        111     0.4583  0.000e+00
      0.100     2.5710   0.000060     0.0003        112     0.4625  0.000e+00
      0.097     2.5721   0.000042     0.0003        113     0.4667  0.000e+00
      0.094     2.5728   0.000054     0.0003        114     0.4708  0.000e+00
      0.094     2.5732   0.000060     0.0004        115     0.4750  0.000e+00
      0.100     2.5741   0.000066     0.0004        116     0.4792  0.000e+00
      0.097     2.5752   0.000060     0.0004        117     0.4833  0.000e+00
      0.093     2.5763   0.000060     0.0004        118     0.4875  0.000e+00
      0.097     2.5770   0.000054     0.0003        119     0.4917  0.000e+00
      0.096     2.5780   0.000042     0.0003        120     0.4958  0.000e+00
      0.084     2.5791   0.000042     0.0003        121     0.5000  0.000e+00
      0.087     2.5800   0.000054     0.0003        122     0.5042  0.000e+00
      0.093     2.5807   0.000060     0.0004        123     0.5083  0.000e+00
      0.093     2.5814   0.000066     0.0004        124     0.5125  0.000e+00
      0.097     2.5821   0.000066     0.0004        125     0.5167  0.000e+00
      0.093     2.5832   0.000066     0.0004        126     0.5208  0.000e+00
      0.093     2.5841   0.000066     0.0004        127     0.5250  0.000e+00
      0.090     2.5850   0.000060     0.0004        128     0.5292  0.000e+00
      0.097     2.5860   0.000060     0.0004        129     0.5333  0.000e+00
      0.090     2.5871   0.000060     0.0004        130     0.5375  0.000e+00
      0.090     2.5879   0.000048     0.0003        131     0.5417  0.000e+00
      0.084     2.5887   0.000060     0.0004        132     0.5458  0.000e+00
      0.087     2.5893   0.000060     0.0004        133     0.5500  0.000e+00
      0.094     2.5900   0.000060     0.0004        134     0.5542  0.000e+00
      0.094     2.5907   0.000060     0.0004        135     0.5583  0.000e+00
      0.087     2.5909   0.000060     0.0004        136     0.5625  0.000e+00
      0.090     2.5913   0.000066     0.0004        137     0.5667  0.000e+00
      0.084     2.5918   0.000066     0.0004        138     0.5708  0.000e+00
      0.090     2.5924   0.000066     0.0004        139     0.5750  0.000e+00
      0.097     2.5933   0.000066     0.0004        140     0.5792  0.000e+00
      0.090     2.5940   0.000066     0.0004        141     0.5833  0.000e+00
      0.094     2.5946   0.000066     0.0004        142     0.5875  0.000e+00
      0.094     2.5955   0.000066     0.0004        143     0.5917  0.000e+00
      0.094     2.5964   0.000066     0.0004        144     0.5958  0.000e+00
      0.097     2.5972   0.000060     0.0004        145     0.6000  0.000e+00
      0.097     2.5977   0.000060     0.0004        146     0.6042  0.000e+00
      0.094     2.5982   0.000066     0.0004        147     0.6083  0.000e+00
      0.090     2.5988   0.000054     0.0003        148     0.6125  0.000e+00
      0.097     2.5994   0.000060     0.0004        149     0.6167  0.000e+00
      0.094     2.5995   0.000060     0.0004        150     0.6208  0.000e+00
      0.094     2.5995   0.000066     0.0004        151     0.6250  0.000e+00
      0.097     2.5970   0.000066     0.0004        152     0.6292  0.000e+00
      0.100     2.5949   0.000066     0.0004        153     0.6333  0.000e+00
      0.094     2.5945   0.000060     0.0004        154     0.6375  0.000e+00
      0.090     2.5943   0.000095     0.0006        155     0.6417  0.000e+00
      0.112     2.5944   0.520296     5.0095        156     0.6458  0.000e+00
      0.158     2.5965   2.408518    26.2223        157     0.6500  0.000e+00
      0.145     2.8033   2.727537    29.8689        158     0.6542  0.000e+00
      0.124     3.6542   3.232949    35.1030        159     0.6583  0.000e+00
      0.145     4.0991   3.239057    34.7004        160     0.6625  0.000e+00
      0.154     4.6797   3.241609    34.1237        161     0.6667  0.000e+00
      0.167     5.3055   3.239377    33.4623        162     0.6708  0.000e+00
      0.191     5.7325   3.240237    33.0490        163     0.6750  0.000e+00
      0.222     5.9967   3.194655    32.2808        164     0.6792  0.000e+00
      0.289     6.1483   1.981735    19.0221        165     0.6833  0.000e+00
      0.359     6.2002   0.767453     6.8075        166     0.6875  0.000e+00
      0.429     6.0903   2.737668    27.1476        167     0.6917  0.000e+00
      0.475     5.9696   3.095177    31.1951        168     0.6958  0.000e+00
      0.493     5.9597   3.179275    32.1437        169     0.7000  0.000e+00
      0.456     6.0472   3.273446    33.1145        170     0.7042  0.000e+00
      0.414     6.1964   3.290757    33.1626        171     0.7083  0.000e+00
      0.380     6.3156   3.291784    33.0578        172     0.7125  0.000e+00
      0.395     6.3693   3.259233    32.6441        173     0.7167  0.000e+00
      0.472     6.3908   3.234649    32.3509        174     0.7208  0.000e+00
      0.590     6.3948   3.232171    32.3196        175     0.7250  0.000e+00
      0.740     6.3114   3.216608    32.2261        176     0.7292  0.000e+00
      0.874     6.2108   3.224834    32.4130        177     0.7333  0.000e+00
      0.999     6.1668   3.252442    32.7631        178     0.7375  0.000e+00
      1.118     6.1660   3.270482    32.9653        179     0.7417  0.000e+00
      1.237     6.2214   3.278936    33.0057        180     0.7458  0.000e+00
      1.353     6.2905   3.277149    32.9187        181     0.7500  0.000e+00
      1.475     6.3464   3.252695    32.5930        182     0.7542  0.000e+00
      1.590     6.3834   3.239481    32.4109        183     0.7583  0.000e+00
      1.682     6.4039   3.241900    32.4183        184     0.7625  0.000e+00
      1.758     6.4196   3.283024    32.8591        185     0.7667  0.000e+00
      1.819     6.4397   3.293171    32.9522        186     0.7708  0.000e+00
      1.880     6.4531   3.298340    32.9966        187     0.7750  0.000e+00
      1.914     6.4616   3.299801    33.0045        188     0.7792  0.000e+00
      1.947     6.4780   3.297785    32.9664        189     0.7833  0.000e+00
      1.987     6.4932   3.279407    32.7481        190     0.7875  0.000e+00
      2.020     6.5008   3.270619    32.6436        191     0.7917  0.000e+00
      2.066     6.5038   3.283838    32.7869        192     0.7958  0.000e+00
      2.133     6.5074   3.296183    32.9202        193     0.8000  0.000e+00
      2.200     6.5104   3.302652    32.9888        194     0.8042  0.000e+00
      2.270     6.5085   3.305389    33.0210        195     0.8083  0.000e+00
      2.341     6.5062   3.305578    33.0253        196     0.8125  0.000e+00
      2.405     6.5117   3.304742    33.0106        197     0.8167  0.000e+00
      2.450     6.5180   3.297761    32.9272        198     0.8208  0.000e+00
      2.496     6.5206   3.271851    32.6380        199     0.8250  0.000e+00
      2.560     6.5192   3.265715    32.5715        200     0.8292  0.000e+00
      2.615     6.5138   3.283601    32.7744        201     0.8333  0.000e+00
      2.682     6.5136   3.303969    33.0001        202     0.8375  0.000e+00
      2.752     6.5143   3.310699    33.0739        203     0.8417  0.000e+00
      2.834     6.5085   3.311663    33.0902        204     0.8458  0.000e+00
      2.902     6.5100   3.310864    33.0798        205     0.8500  0.000e+00
      2.959     6.5176   3.307742    33.0379        206     0.8542  0.000e+00
      3.014     6.5236   3.291308    32.8501        207     0.8583  0.000e+00
      3.075     6.5250   3.278720    32.7094        208     0.8625  0.000e+00
      3.139     6.5218   3.296902    32.9137        209     0.8667  0.000e+00
      3.191     6.5223   3.308461    33.0412        210     0.8708  0.000e+00
      3.246     6.5245   3.312767    33.0867        211     0.8750  0.000e+00
      3.267     6.5230   3.315537    33.1188        212     0.8792  0.000e+00
      3.289     6.5235   3.318913    33.1557        213     0.8833  0.000e+00
      3.295     6.5313   3.320555    33.1663        214     0.8875  0.000e+00
      3.289     6.5423   3.321954    33.1712        215     0.8917  0.000e+00
