PC2501/sbe052.cnv
* Sea-Bird SBE 19plus Data File:
* FileName = C:\cruise\data\sbe052.hex
* Software Version Seasave V 7.26.7.121
* Temperature SN = 4684
* Conductivity SN = 4684
* System UpLoad Time = Jan 24 2025 10:06:46
* NMEA Latitude = 38 04.23 N
* NMEA Longitude = 070 34.97 W
* NMEA UTC (Time) = Jan 24 2025  10:06:14
** Ship: Pisces
** Cruise:  PC2501
** Program:  AMAPPS
# nquan = 7
# nvalues = 1317                                  
# units = specified
# name 0 = depSM: Depth [salt water, m]
# name 1 = tv290C: Temperature [ITS-90, deg C]
# name 2 = c0S/m: Conductivity [S/m]
# name 3 = sal00: Salinity, Practical [PSU]
# name 4 = scan: Scan Count
# name 5 = timeM: Time, Elapsed [minutes]
# name 6 = flag:  0.000e+00
# span 0 =      0.009,     51.256                 
# span 1 =     3.1154,    14.0756                 
# span 2 =   0.000004,   4.210970                 
# span 3 =     0.0006,    36.0879                 
# span 4 =         11,       1327                 
# span 5 =     0.0417,     5.5250                 
# span 6 = 0.0000e+00, 0.0000e+00                 
# interval = seconds: 0.25
# start_time = Jan 24 2025 10:06:14 [NMEA time, header]
# bad_flag = -9.990e-29
*END*
[from data line 616]
     33.643    13.3535   4.117819    34.8631        627     2.6083  0.000e+00
     33.677    13.3526   4.117785    34.8636        628     2.6125  0.000e+00
     33.716    13.3522   4.117706    34.8632        629     2.6167  0.000e+00
     33.759    13.3519   4.117845    34.8648        630     2.6208  0.000e+00
     33.786    13.3520   4.117958    34.8657        631     2.6250  0.000e+00
     33.826    13.3525   4.117759    34.8633        632     2.6292  0.000e+00
     33.847    13.3525   4.117958    34.8653        633     2.6333  0.000e+00
     33.856    13.3529   4.118012    34.8653        634     2.6375  0.000e+00
     33.856    13.3533   4.117932    34.8643        635     2.6417  0.000e+00
     33.829    13.3532   4.117932    34.8643        636     2.6458  0.000e+00
     33.777    13.3532   4.118158    34.8665        637     2.6500  0.000e+00
     33.716    13.3540   4.118211    34.8663        638     2.6542  0.000e+00
     33.612    13.3547   4.118184    34.8654        639     2.6583  0.000e+00
     33.469    13.3548   4.117932    34.8630        640     2.6625  0.000e+00
     33.308    13.3544   4.117586    34.8602        641     2.6667  0.000e+00
     33.100    13.3527   4.117705    34.8630        642     2.6708  0.000e+00
     32.887    13.3519   4.117359    34.8605        643     2.6750  0.000e+00
     32.649    13.3510   4.117958    34.8671        644     2.6792  0.000e+00
     32.390    13.3515   4.117246    34.8600        645     2.6833  0.000e+00
     32.152    13.3508   4.117359    34.8619        646     2.6875  0.000e+00
     31.917    13.3499   4.117306    34.8622        647     2.6917  0.000e+00
     31.707    13.3492   4.117159    34.8616        648     2.6958  0.000e+00
     31.509    13.3487   4.117106    34.8617        649     2.7000  0.000e+00
     31.326    13.3481   4.116906    34.8603        650     2.7042  0.000e+00
     31.174    13.3473   4.117192    34.8639        651     2.7083  0.000e+00
     31.036    13.3475   4.117671    34.8683        652     2.7125  0.000e+00
     30.942    13.3493   4.117585    34.8658        653     2.7167  0.000e+00
     30.881    13.3506   4.117305    34.8621        654     2.7208  0.000e+00
     30.847    13.3506   4.117359    34.8625        655     2.7250  0.000e+00
     30.835    13.3511   4.123240    34.9178        656     2.7292  0.000e+00
     30.838    13.3664   4.121197    34.8844        657     2.7333  0.000e+00
     30.856    13.3789   4.125916    34.9176        658     2.7375  0.000e+00
     30.878    13.3943   4.126515    34.9091        659     2.7417  0.000e+00
     30.902    13.4097   4.125942    34.8896        660     2.7458  0.000e+00
     30.893    13.4167   4.124950    34.8738        661     2.7500  0.000e+00
     30.884    13.4154   4.125003    34.8755        662     2.7542  0.000e+00
     30.853    13.4133   4.123213    34.8604        663     2.7583  0.000e+00
     30.811    13.4070   4.119121    34.8276        664     2.7625  0.000e+00
     30.734    13.3886   4.119493    34.8480        665     2.7667  0.000e+00
     30.661    13.3770   4.122841    34.8903        666     2.7708  0.000e+00
     30.564    13.3804   4.123353    34.8921        667     2.7750  0.000e+00
     30.457    13.3894   4.123386    34.8842        668     2.7792  0.000e+00
     30.356    13.3941   4.123153    34.8777        669     2.7833  0.000e+00
     30.241    13.3966   4.121310    34.8580        670     2.7875  0.000e+00
     30.146    13.3909   4.121363    34.8638        671     2.7917  0.000e+00
     30.061    13.3864   4.122561    34.8793        672     2.7958  0.000e+00
     29.994    13.3880   4.122388    34.8762        673     2.8000  0.000e+00
     29.939    13.3899   4.122301    34.8737        674     2.8042  0.000e+00
     29.905    13.3905   4.122561    34.8756        675     2.8083  0.000e+00
     29.881    13.3913   4.122873    34.8778        676     2.8125  0.000e+00
     29.844    13.3930   4.122927    34.8768        677     2.8167  0.000e+00
     29.817    13.3943   4.122960    34.8759        678     2.8208  0.000e+00
     29.777    13.3951   4.123040    34.8760        679     2.8250  0.000e+00
     29.722    13.3956   4.122787    34.8732        680     2.8292  0.000e+00
     29.634    13.3954   4.121735    34.8634        681     2.8333  0.000e+00
     29.530    13.3923   4.121336    34.8625        682     2.8375  0.000e+00
     29.374    13.3869   4.120285    34.8576        683     2.8417  0.000e+00
     29.210    13.3814   4.120085    34.8608        684     2.8458  0.000e+00
     29.030    13.3772   4.120537    34.8691        685     2.8500  0.000e+00
     28.814    13.3755   4.121249    34.8775        686     2.8542  0.000e+00
     28.600    13.3780   4.119320    34.8570        687     2.8583  0.000e+00
     28.384    13.3757   4.119346    34.8594        688     2.8625  0.000e+00
     28.182    13.3713   4.119459    34.8646        689     2.8667  0.000e+00
     27.984    13.3693   4.119858    34.8703        690     2.8708  0.000e+00
     27.814    13.3693   4.120371    34.8752        691     2.8750  0.000e+00
     27.673    13.3719   4.120171    34.8710        692     2.8792  0.000e+00
     27.560    13.3733   4.121282    34.8803        693     2.8833  0.000e+00
     27.472    13.3764   4.121249    34.8772        694     2.8875  0.000e+00
     27.420    13.3797   4.121535    34.8768        695     2.8917  0.000e+00
     27.387    13.3822   4.121109    34.8706        696     2.8958  0.000e+00
     27.374    13.3824   4.121136    34.8706        697     2.9000  0.000e+00
     27.377    13.3815   4.120144    34.8621        698     2.9042  0.000e+00
     27.380    13.3785   4.120284    34.8662        699     2.9083  0.000e+00
     27.396    13.3769   4.121335    34.8775        700     2.9125  0.000e+00
     27.399    13.3791   4.122187    34.8835        701     2.9167  0.000e+00
     27.399    13.3841   4.125914    34.9142        702     2.9208  0.000e+00
     27.386    13.3997   4.127792    34.9177        703     2.9250  0.000e+00
     27.356    13.4176   4.127392    34.8976        704     2.9292  0.000e+00
     27.304    13.4267   4.126713    34.8828        705     2.9333  0.000e+00
     27.234    13.4289   4.127851    34.8915        706     2.9375  0.000e+00
     27.152    13.4318   4.124749    34.8596        707     2.9417  0.000e+00
     27.057    13.4257   4.123437    34.8529        708     2.9458  0.000e+00
     26.941    13.4130   4.126200    34.8906        709     2.9500  0.000e+00
     26.828    13.4133   4.125035    34.8794        710     2.9542  0.000e+00
     26.713    13.4165   4.123637    34.8633        711     2.9583  0.000e+00
     26.597    13.4105   4.123611    34.8686        712     2.9625  0.000e+00
     26.487    13.4063   4.123897    34.8752        713     2.9667  0.000e+00
     26.377    13.4039   4.124150    34.8798        714     2.9708  0.000e+00
     26.267    13.4046   4.125175    34.8890        715     2.9750  0.000e+00
     26.170    13.4087   4.123976    34.8739        716     2.9792  0.000e+00
     26.072    13.4096   4.127565    34.9070        717     2.9833  0.000e+00
     25.984    13.4181   4.131467    34.9362        718     2.9875  0.000e+00
     25.892    13.4378   4.132553    34.9284        719     2.9917  0.000e+00
     25.798    13.4572   4.132692    34.9120        720     2.9958  0.000e+00
     25.706    13.4681   4.134544    34.9195        721     3.0000  0.000e+00
     25.603    13.4796   4.135177    34.9150        722     3.0042  0.000e+00
     25.499    13.4881   4.137856    34.9325        723     3.0083  0.000e+00
     25.386    13.4981   4.131466    34.8631        724     3.0125  0.000e+00
     25.270    13.4922   4.127790    34.8339        725     3.0167  0.000e+00
     25.145    13.4724   4.131526    34.8873        726     3.0208  0.000e+00
     25.005    13.4631   4.131639    34.8969        727     3.0250  0.000e+00
     24.874    13.4641   4.137116    34.9478        728     3.0292  0.000e+00
     24.734    13.4795   4.139229    34.9537        729     3.0333  0.000e+00
     24.600    13.5031   4.142975    34.9674        730     3.0375  0.000e+00
     24.472    13.5251   4.142228    34.9402        731     3.0417  0.000e+00
     24.359    13.5436   4.141088    34.9127        732     3.0458  0.000e+00
     24.243    13.5459   4.127735    34.7848        733     3.0500  0.000e+00
     24.145    13.5113   4.126451    34.8043        734     3.0542  0.000e+00
     24.057    13.4711   4.126677    34.8432        735     3.0583  0.000e+00
     23.965    13.4480   4.131526    34.9102        736     3.0625  0.000e+00
     23.883    13.4505   4.131213    34.9050        737     3.0667  0.000e+00
     23.798    13.4588   4.130213    34.8880        738     3.0708  0.000e+00
     23.712    13.4596   4.133577    34.9190        739     3.0750  0.000e+00
     23.615    13.4671   4.138115    34.9550        740     3.0792  0.000e+00
     23.511    13.4897   4.131978    34.8764        741     3.0833  0.000e+00
     23.404    13.4892   4.127336    34.8331        742     3.0875  0.000e+00
     23.295    13.4687   4.131212    34.8886        743     3.0917  0.000e+00
     23.173    13.4614   4.125998    34.8461        744     3.0958  0.000e+00
     23.057    13.4494   4.128528    34.8810        745     3.1000  0.000e+00
     22.932    13.4421   4.126225    34.8659        746     3.1042  0.000e+00
     22.810    13.4368   4.123662    34.8467        747     3.1083  0.000e+00
     22.685    13.4241   4.119995    34.8237        748     3.1125  0.000e+00
     22.566    13.4042   4.120082    34.8428        749     3.1167  0.000e+00
     22.447    13.3895   4.120082    34.8562        750     3.1208  0.000e+00
     22.349    13.3813   4.120056    34.8636        751     3.1250  0.000e+00
     22.264    13.3791   4.120395    34.8689        752     3.1292  0.000e+00
     22.182    13.3778   4.121360    34.8792        753     3.1333  0.000e+00
     22.124    13.3803   4.120794    34.8716        754     3.1375  0.000e+00
     22.087    13.3827   4.120255    34.8643        755     3.1417  0.000e+00
     22.041    13.3803   4.122185    34.8847        756     3.1458  0.000e+00
     22.002    13.3860   4.124062    34.8972        757     3.1500  0.000e+00
     21.953    13.3953   4.123436    34.8829        758     3.1542  0.000e+00
     21.895    13.4013   4.121333    34.8575        759     3.1583  0.000e+00
     21.822    13.3972   4.124208    34.8885        760     3.1625  0.000e+00
     21.743    13.3991   4.123722    34.8822        761     3.1667  0.000e+00
     21.636    13.4049   4.121985    34.8605        762     3.1708  0.000e+00
     21.520    13.4001   4.117328    34.8210        763     3.1750  0.000e+00
     21.401    13.3832   4.119144    34.8536        764     3.1792  0.000e+00
     21.273    13.3736   4.116590    34.8383        765     3.1833  0.000e+00
     21.145    13.3646   4.116250    34.8434        766     3.1875  0.000e+00
     21.017    13.3550   4.115373    34.8440        767     3.1917  0.000e+00
     20.895    13.3483   4.111177    34.8105        768     3.1958  0.000e+00
     20.776    13.3309   4.111058    34.8253        769     3.2000  0.000e+00
     20.666    13.3160   4.111370    34.8420        770     3.2042  0.000e+00
     20.559    13.3089   4.112334    34.8576        771     3.2083  0.000e+00
     20.471    13.3091   4.112906    34.8629        772     3.2125  0.000e+00
     20.401    13.3120   4.112221    34.8538        773     3.2167  0.000e+00
     20.337    13.3136   4.111543    34.8459        774     3.2208  0.000e+00
     20.282    13.3112   4.112620    34.8584        775     3.2250  0.000e+00
     20.227    13.3118   4.113185    34.8631        776     3.2292  0.000e+00
     20.175    13.3156   4.110805    34.8371        777     3.2333  0.000e+00
     20.105    13.3114   4.111483    34.8475        778     3.2375  0.000e+00
     20.035    13.3075   4.112254    34.8584        779     3.2417  0.000e+00
     19.934    13.3090   4.111569    34.8505        780     3.2458  0.000e+00
     19.824    13.3086   4.111031    34.8459        781     3.2500  0.000e+00
     19.693    13.3064   4.111177    34.8493        782     3.2542  0.000e+00
     19.556    13.3047   4.111742    34.8563        783     3.2583  0.000e+00
     19.404    13.3053   4.113211    34.8698        784     3.2625  0.000e+00
     19.260    13.3110   4.111483    34.8482        785     3.2667  0.000e+00
     19.120    13.3117   4.111057    34.8436        786     3.2708  0.000e+00
     19.001    13.3079   4.111629    34.8525        787     3.2750  0.000e+00
     18.900    13.3066   4.111257    34.8502        788     3.2792  0.000e+00
     18.818    13.3063   4.111682    34.8546        789     3.2833  0.000e+00
     18.754    13.3062   4.111655    34.8544        790     3.2875  0.000e+00
     18.699    13.3070   4.112108    34.8580        791     3.2917  0.000e+00
     18.644    13.3087   4.112134    34.8567        792     3.2958  0.000e+00
     18.592    13.3105   4.112393    34.8575        793     3.3000  0.000e+00
     18.547    13.3123   4.113922    34.8704        794     3.3042  0.000e+00
     18.495    13.3177   4.113410    34.8607        795     3.3083  0.000e+00
     18.440    13.3220   4.112672    34.8497        796     3.3125  0.000e+00
     18.385    13.3209   4.113184    34.8555        797     3.3167  0.000e+00
     18.324    13.3205   4.114374    34.8673        798     3.3208  0.000e+00
     18.257    13.3245   4.114747    34.8672        799     3.3250  0.000e+00
     18.184    13.3292   4.114860    34.8639        800     3.3292  0.000e+00
     18.083    13.3325   4.115112    34.8633        801     3.3333  0.000e+00
     17.970    13.3350   4.114574    34.8560        802     3.3375  0.000e+00
     17.861    13.3353   4.115259    34.8622        803     3.3417  0.000e+00
     17.732    13.3362   4.115338    34.8622        804     3.3458  0.000e+00
     17.607    13.3381   4.115684    34.8638        805     3.3500  0.000e+00
     17.485    13.3397   4.115258    34.8584        806     3.3542  0.000e+00
     17.370    13.3404   4.113782    34.8438        807     3.3583  0.000e+00
     17.266    13.3363   4.113556    34.8455        808     3.3625  0.000e+00
     17.150    13.3313   4.113835    34.8527        809     3.3667  0.000e+00
     17.059    13.3289   4.114008    34.8566        810     3.3708  0.000e+00
     16.982    13.3287   4.113868    34.8555        811     3.3750  0.000e+00
     16.900    13.3288   4.113895    34.8558        812     3.3792  0.000e+00
     16.824    13.3284   4.113922    34.8563        813     3.3833  0.000e+00
     16.763    13.3285   4.113782    34.8550        814     3.3875  0.000e+00
     16.689    13.3283   4.113523    34.8527        815     3.3917  0.000e+00
     16.622    13.3274   4.113410    34.8525        816     3.3958  0.000e+00
     16.564    13.3261   4.113017    34.8500        817     3.4000  0.000e+00
     16.516    13.3244   4.113157    34.8529        818     3.4042  0.000e+00
     16.470    13.3230   4.113410    34.8566        819     3.4083  0.000e+00
     16.415    13.3236   4.113270    34.8548        820     3.4125  0.000e+00
     16.375    13.3239   4.112166    34.8441        821     3.4167  0.000e+00
     16.326    13.3203   4.111628    34.8423        822     3.4208  0.000e+00
     16.278    13.3155   4.110830    34.8391        823     3.4250  0.000e+00
     16.211    13.3104   4.110717    34.8428        824     3.4292  0.000e+00
     16.147    13.3062   4.110943    34.8488        825     3.4333  0.000e+00
     16.079    13.3043   4.110976    34.8509        826     3.4375  0.000e+00
     16.000    13.3041   4.110863    34.8500        827     3.4417  0.000e+00
     15.924    13.3035   4.110830    34.8503        828     3.4458  0.000e+00
     15.829    13.3031   4.110916    34.8515        829     3.4500  0.000e+00
     15.744    13.3031   4.110890    34.8513        830     3.4542  0.000e+00
