PC2501/sbe029.cnv
* Sea-Bird SBE 19plus Data File:
* FileName = C:\cruise\data\sbe029.hex
* Software Version Seasave V 7.26.7.121
* Temperature SN = 4684
* Conductivity SN = 4684
* System UpLoad Time = Jan 17 2025 01:14:12
* NMEA Latitude = 37 19.14 N
* NMEA Longitude = 074 49.22 W
* NMEA UTC (Time) = Jan 17 2025  01:13:35
** Ship: Pisces
** Cruise:  PC2501
** Program:  AMAPPS
# nquan = 7
# nvalues = 1458                                  
# units = specified
# name 0 = depSM: Depth [salt water, m]
# name 1 = tv290C: Temperature [ITS-90, deg C]
# name 2 = c0S/m: Conductivity [S/m]
# name 3 = sal00: Salinity, Practical [PSU]
# name 4 = scan: Scan Count
# name 5 = timeM: Time, Elapsed [minutes]
# name 6 = flag:  0.000e+00
# span 0 =     -0.012,     45.263                 
# span 1 =     6.4409,     9.3459                 
# span 2 =  -0.000109,   3.663676                 
# span 3 =     0.0000,    34.6402                 
# span 4 =         11,       1468                 
# span 5 =     0.0417,     6.1125                 
# span 6 = 0.0000e+00, 0.0000e+00                 
# interval = seconds: 0.25
# start_time = Jan 17 2025 01:13:35 [NMEA time, header]
# bad_flag = -9.990e-29
*END*
[from data line 616]
     33.207     9.3285   3.662342    34.1195        627     2.6083  0.000e+00
     33.167     9.3290   3.662443    34.1202        628     2.6125  0.000e+00
     33.128     9.3293   3.662259    34.1180        629     2.6167  0.000e+00
     33.088     9.3291   3.662545    34.1212        630     2.6208  0.000e+00
     33.054     9.3296   3.662469    34.1199        631     2.6250  0.000e+00
     33.006     9.3300   3.662519    34.1201        632     2.6292  0.000e+00
     32.957     9.3303   3.662545    34.1200        633     2.6333  0.000e+00
     32.920     9.3306   3.662469    34.1190        634     2.6375  0.000e+00
     32.871     9.3304   3.661821    34.1125        635     2.6417  0.000e+00
     32.817     9.3282   3.661669    34.1130        636     2.6458  0.000e+00
     32.777     9.3255   3.661669    34.1156        637     2.6500  0.000e+00
     32.716     9.3241   3.661796    34.1183        638     2.6542  0.000e+00
     32.664     9.3239   3.661644    34.1170        639     2.6583  0.000e+00
     32.618     9.3236   3.661567    34.1165        640     2.6625  0.000e+00
     32.566     9.3228   3.661593    34.1175        641     2.6667  0.000e+00
     32.527     9.3225   3.661542    34.1173        642     2.6708  0.000e+00
     32.484     9.3224   3.661333    34.1153        643     2.6750  0.000e+00
     32.438     9.3221   3.661517    34.1174        644     2.6792  0.000e+00
     32.399     9.3221   3.661821    34.1207        645     2.6833  0.000e+00
     32.359     9.3230   3.661980    34.1214        646     2.6875  0.000e+00
     32.326     9.3246   3.662418    34.1245        647     2.6917  0.000e+00
     32.286     9.3271   3.662544    34.1235        648     2.6958  0.000e+00
     32.240     9.3292   3.662595    34.1220        649     2.7000  0.000e+00
     32.197     9.3305   3.662208    34.1167        650     2.7042  0.000e+00
     32.164     9.3299   3.661954    34.1147        651     2.7083  0.000e+00
     32.124     9.3278   3.661669    34.1138        652     2.7125  0.000e+00
     32.088     9.3254   3.661593    34.1153        653     2.7167  0.000e+00
     32.045     9.3241   3.661643    34.1171        654     2.7208  0.000e+00
     32.011     9.3234   3.661720    34.1186        655     2.7250  0.000e+00
     31.981     9.3234   3.661669    34.1180        656     2.7292  0.000e+00
     31.944     9.3234   3.661720    34.1185        657     2.7333  0.000e+00
     31.932     9.3236   3.661904    34.1203        658     2.7375  0.000e+00
     31.905     9.3243   3.662208    34.1228        659     2.7417  0.000e+00
     31.877     9.3258   3.662005    34.1192        660     2.7458  0.000e+00
     31.850     9.3264   3.661821    34.1168        661     2.7500  0.000e+00
     31.825     9.3260   3.662030    34.1194        662     2.7542  0.000e+00
     31.798     9.3261   3.662056    34.1196        663     2.7583  0.000e+00
     31.761     9.3265   3.662005    34.1187        664     2.7625  0.000e+00
     31.722     9.3265   3.661872    34.1173        665     2.7667  0.000e+00
     31.685     9.3262   3.661980    34.1187        666     2.7708  0.000e+00
     31.633     9.3262   3.662208    34.1211        667     2.7750  0.000e+00
     31.591     9.3271   3.662367    34.1219        668     2.7792  0.000e+00
     31.548     9.3285   3.662157    34.1185        669     2.7833  0.000e+00
     31.496     9.3285   3.662417    34.1212        670     2.7875  0.000e+00
     31.450     9.3291   3.662208    34.1184        671     2.7917  0.000e+00
     31.411     9.3291   3.662233    34.1187        672     2.7958  0.000e+00
     31.374     9.3288   3.662366    34.1204        673     2.8000  0.000e+00
     31.328     9.3291   3.662106    34.1175        674     2.8042  0.000e+00
     31.289     9.3284   3.661383    34.1106        675     2.8083  0.000e+00
     31.243     9.3252   3.661383    34.1137        676     2.8125  0.000e+00
     31.203     9.3231   3.661281    34.1147        677     2.8167  0.000e+00
     31.155     9.3214   3.661408    34.1176        678     2.8208  0.000e+00
     31.118     9.3211   3.661459    34.1185        679     2.8250  0.000e+00
     31.075     9.3212   3.661281    34.1165        680     2.8292  0.000e+00
     31.033     9.3209   3.661155    34.1155        681     2.8333  0.000e+00
     30.984     9.3200   3.661256    34.1174        682     2.8375  0.000e+00
     30.932     9.3198   3.661332    34.1185        683     2.8417  0.000e+00
     30.889     9.3200   3.661408    34.1191        684     2.8458  0.000e+00
     30.847     9.3208   3.662443    34.1291        685     2.8500  0.000e+00
     30.816     9.3245   3.662544    34.1266        686     2.8542  0.000e+00
     30.773     9.3281   3.662595    34.1237        687     2.8583  0.000e+00
     30.749     9.3303   3.662728    34.1230        688     2.8625  0.000e+00
     30.725     9.3316   3.662595    34.1204        689     2.8667  0.000e+00
     30.694     9.3319   3.662544    34.1196        690     2.8708  0.000e+00
     30.673     9.3316   3.662855    34.1231        691     2.8750  0.000e+00
     30.651     9.3324   3.662880    34.1226        692     2.8792  0.000e+00
     30.642     9.3334   3.662931    34.1222        693     2.8833  0.000e+00
     30.627     9.3343   3.662906    34.1211        694     2.8875  0.000e+00
     30.609     9.3345   3.662855    34.1204        695     2.8917  0.000e+00
     30.587     9.3344   3.662677    34.1186        696     2.8958  0.000e+00
     30.557     9.3338   3.662620    34.1186        697     2.9000  0.000e+00
     30.523     9.3330   3.662569    34.1189        698     2.9042  0.000e+00
     30.487     9.3322   3.662544    34.1194        699     2.9083  0.000e+00
     30.438     9.3317   3.662544    34.1199        700     2.9125  0.000e+00
     30.386     9.3317   3.662956    34.1242        701     2.9167  0.000e+00
     30.325     9.3330   3.663089    34.1244        702     2.9208  0.000e+00
     30.252     9.3347   3.663115    34.1231        703     2.9250  0.000e+00
     30.176     9.3357   3.663115    34.1222        704     2.9292  0.000e+00
     30.115     9.3362   3.662981    34.1203        705     2.9333  0.000e+00
     30.045     9.3361   3.662753    34.1181        706     2.9375  0.000e+00
     29.980     9.3350   3.662233    34.1137        707     2.9417  0.000e+00
     29.916     9.3326   3.662207    34.1158        708     2.9458  0.000e+00
     29.852     9.3306   3.661979    34.1153        709     2.9500  0.000e+00
     29.794     9.3286   3.662233    34.1199        710     2.9542  0.000e+00
     29.733     9.3285   3.662341    34.1212        711     2.9583  0.000e+00
     29.688     9.3292   3.662620    34.1235        712     2.9625  0.000e+00
     29.633     9.3306   3.662651    34.1224        713     2.9667  0.000e+00
     29.599     9.3317   3.662753    34.1224        714     2.9708  0.000e+00
     29.563     9.3325   3.662804    34.1222        715     2.9750  0.000e+00
     29.547     9.3333   3.662315    34.1164        716     2.9792  0.000e+00
     29.532     9.3322   3.662258    34.1169        717     2.9833  0.000e+00
     29.529     9.3307   3.662080    34.1165        718     2.9875  0.000e+00
     29.529     9.3293   3.661979    34.1168        719     2.9917  0.000e+00
     29.535     9.3282   3.661928    34.1172        720     2.9958  0.000e+00
     29.541     9.3274   3.661903    34.1178        721     3.0000  0.000e+00
     29.547     9.3268   3.661846    34.1178        722     3.0042  0.000e+00
     29.550     9.3264   3.661846    34.1182        723     3.0083  0.000e+00
     29.544     9.3261   3.661846    34.1185        724     3.0125  0.000e+00
     29.526     9.3258   3.661871    34.1190        725     3.0167  0.000e+00
     29.502     9.3258   3.661903    34.1193        726     3.0208  0.000e+00
     29.456     9.3258   3.661820    34.1185        727     3.0250  0.000e+00
     29.398     9.3258   3.661820    34.1185        728     3.0292  0.000e+00
     29.337     9.3260   3.661845    34.1186        729     3.0333  0.000e+00
     29.270     9.3260   3.661871    34.1190        730     3.0375  0.000e+00
     29.181     9.3260   3.661871    34.1190        731     3.0417  0.000e+00
     29.102     9.3260   3.661795    34.1182        732     3.0458  0.000e+00
     29.020     9.3258   3.661718    34.1177        733     3.0500  0.000e+00
     28.938     9.3255   3.661642    34.1172        734     3.0542  0.000e+00
     28.861     9.3250   3.661718    34.1185        735     3.0583  0.000e+00
     28.794     9.3249   3.661668    34.1181        736     3.0625  0.000e+00
     28.749     9.3249   3.661642    34.1178        737     3.0667  0.000e+00
     28.697     9.3248   3.661693    34.1184        738     3.0708  0.000e+00
     28.663     9.3248   3.661693    34.1185        739     3.0750  0.000e+00
     28.648     9.3248   3.661693    34.1185        740     3.0792  0.000e+00
     28.648     9.3250   3.661718    34.1186        741     3.0833  0.000e+00
     28.657     9.3250   3.661693    34.1183        742     3.0875  0.000e+00
     28.663     9.3252   3.661718    34.1184        743     3.0917  0.000e+00
     28.681     9.3252   3.661693    34.1181        744     3.0958  0.000e+00
     28.697     9.3252   3.661693    34.1181        745     3.1000  0.000e+00
     28.718     9.3251   3.661617    34.1174        746     3.1042  0.000e+00
     28.721     9.3248   3.661668    34.1182        747     3.1083  0.000e+00
     28.727     9.3248   3.661617    34.1177        748     3.1125  0.000e+00
     28.718     9.3245   3.661541    34.1171        749     3.1167  0.000e+00
     28.684     9.3241   3.661484    34.1169        750     3.1208  0.000e+00
     28.639     9.3239   3.661458    34.1169        751     3.1250  0.000e+00
     28.581     9.3235   3.661566    34.1185        752     3.1292  0.000e+00
     28.514     9.3236   3.661617    34.1190        753     3.1333  0.000e+00
     28.440     9.3239   3.661515    34.1176        754     3.1375  0.000e+00
     28.358     9.3240   3.661693    34.1194        755     3.1417  0.000e+00
     28.288     9.3244   3.661718    34.1193        756     3.1458  0.000e+00
     28.224     9.3248   3.661744    34.1192        757     3.1500  0.000e+00
     28.157     9.3252   3.661769    34.1191        758     3.1542  0.000e+00
     28.111     9.3257   3.661769    34.1187        759     3.1583  0.000e+00
     28.062     9.3257   3.661769    34.1187        760     3.1625  0.000e+00
     28.035     9.3257   3.661794    34.1190        761     3.1667  0.000e+00
     28.004     9.3257   3.661769    34.1187        762     3.1708  0.000e+00
     27.980     9.3257   3.661667    34.1177        763     3.1750  0.000e+00
     27.977     9.3257   3.661540    34.1164        764     3.1792  0.000e+00
     27.958     9.3256   3.661667    34.1178        765     3.1833  0.000e+00
     27.940     9.3254   3.661693    34.1183        766     3.1875  0.000e+00
     27.922     9.3251   3.661617    34.1178        767     3.1917  0.000e+00
     27.894     9.3249   3.661540    34.1172        768     3.1958  0.000e+00
     27.864     9.3243   3.661566    34.1181        769     3.2000  0.000e+00
     27.830     9.3240   3.661591    34.1186        770     3.2042  0.000e+00
     27.794     9.3240   3.661540    34.1181        771     3.2083  0.000e+00
     27.748     9.3240   3.661566    34.1184        772     3.2125  0.000e+00
     27.702     9.3239   3.661566    34.1185        773     3.2167  0.000e+00
     27.647     9.3240   3.661616    34.1189        774     3.2208  0.000e+00
     27.605     9.3242   3.661591    34.1185        775     3.2250  0.000e+00
     27.544     9.3242   3.661407    34.1166        776     3.2292  0.000e+00
     27.498     9.3237   3.661255    34.1156        777     3.2333  0.000e+00
     27.449     9.3226   3.661204    34.1161        778     3.2375  0.000e+00
     27.403     9.3216   3.661204    34.1171        779     3.2417  0.000e+00
     27.370     9.3212   3.661153    34.1169        780     3.2458  0.000e+00
     27.346     9.3209   3.661128    34.1170        781     3.2500  0.000e+00
     27.330     9.3206   3.661179    34.1178        782     3.2542  0.000e+00
     27.318     9.3207   3.661128    34.1172        783     3.2583  0.000e+00
     27.318     9.3207   3.661153    34.1175        784     3.2625  0.000e+00
     27.309     9.3207   3.661153    34.1174        785     3.2667  0.000e+00
     27.303     9.3207   3.661229    34.1182        786     3.2708  0.000e+00
     27.285     9.3207   3.661179    34.1177        787     3.2750  0.000e+00
     27.251     9.3209   3.661179    34.1176        788     3.2792  0.000e+00
     27.211     9.3208   3.661153    34.1174        789     3.2833  0.000e+00
     27.159     9.3206   3.661153    34.1176        790     3.2875  0.000e+00
     27.092     9.3204   3.661204    34.1184        791     3.2917  0.000e+00
     27.025     9.3204   3.661096    34.1172        792     3.2958  0.000e+00
     26.940     9.3200   3.661153    34.1182        793     3.3000  0.000e+00
     26.873     9.3197   3.661153    34.1186        794     3.3042  0.000e+00
     26.809     9.3197   3.661153    34.1186        795     3.3083  0.000e+00
     26.757     9.3196   3.661178    34.1190        796     3.3125  0.000e+00
     26.705     9.3199   3.661178    34.1188        797     3.3167  0.000e+00
     26.668     9.3199   3.661153    34.1185        798     3.3208  0.000e+00
     26.638     9.3199   3.661178    34.1188        799     3.3250  0.000e+00
     26.620     9.3200   3.661178    34.1187        800     3.3292  0.000e+00
     26.604     9.3200   3.661153    34.1185        801     3.3333  0.000e+00
     26.589     9.3199   3.661153    34.1186        802     3.3375  0.000e+00
     26.577     9.3200   3.661178    34.1187        803     3.3417  0.000e+00
     26.574     9.3201   3.661128    34.1181        804     3.3458  0.000e+00
     26.553     9.3202   3.661153    34.1183        805     3.3500  0.000e+00
     26.540     9.3201   3.661153    34.1184        806     3.3542  0.000e+00
     26.507     9.3203   3.661153    34.1182        807     3.3583  0.000e+00
     26.473     9.3204   3.661153    34.1181        808     3.3625  0.000e+00
     26.440     9.3204   3.661128    34.1179        809     3.3667  0.000e+00
     26.388     9.3202   3.661096    34.1177        810     3.3708  0.000e+00
     26.336     9.3200   3.661045    34.1175        811     3.3750  0.000e+00
     26.281     9.3195   3.661045    34.1180        812     3.3792  0.000e+00
     26.226     9.3194   3.661127    34.1189        813     3.3833  0.000e+00
     26.162     9.3195   3.661305    34.1207        814     3.3875  0.000e+00
     26.101     9.3203   3.661280    34.1197        815     3.3917  0.000e+00
     26.031     9.3207   3.661254    34.1191        816     3.3958  0.000e+00
     25.964     9.3209   3.661204    34.1184        817     3.4000  0.000e+00
     25.906     9.3209   3.661305    34.1195        818     3.4042  0.000e+00
     25.839     9.3209   3.661229    34.1187        819     3.4083  0.000e+00
     25.790     9.3209   3.661203    34.1185        820     3.4125  0.000e+00
     25.741     9.3206   3.661406    34.1209        821     3.4167  0.000e+00
     25.702     9.3212   3.661432    34.1206        822     3.4208  0.000e+00
     25.671     9.3219   3.661381    34.1194        823     3.4250  0.000e+00
     25.650     9.3222   3.661381    34.1191        824     3.4292  0.000e+00
     25.635     9.3223   3.661229    34.1175        825     3.4333  0.000e+00
     25.631     9.3220   3.661280    34.1183        826     3.4375  0.000e+00
     25.622     9.3214   3.661330    34.1194        827     3.4417  0.000e+00
     25.625     9.3215   3.661153    34.1175        828     3.4458  0.000e+00
     25.635     9.3210   3.661070    34.1171        829     3.4500  0.000e+00
     25.638     9.3200   3.661178    34.1192        830     3.4542  0.000e+00
