PC2501/sbe060.cnv
* Sea-Bird SBE 19plus Data File:
* FileName = C:\cruise\data\sbe060.hex
* Software Version Seasave V 7.26.7.121
* Temperature SN = 4684
* Conductivity SN = 4684
* System UpLoad Time = Jan 26 2025 01:02:10
* NMEA Latitude = 38 29.13 N
* NMEA Longitude = 073 08.63 W
* NMEA UTC (Time) = Jan 26 2025  01:01:39
** Ship: Pisces
** Cruise:  PC2501
** Program:  AMAPPS
# nquan = 7
# nvalues = 4878                                  
# units = specified
# name 0 = depSM: Depth [salt water, m]
# name 1 = tv290C: Temperature [ITS-90, deg C]
# name 2 = c0S/m: Conductivity [S/m]
# name 3 = sal00: Salinity, Practical [PSU]
# name 4 = scan: Scan Count
# name 5 = timeM: Time, Elapsed [minutes]
# name 6 = flag:  0.000e+00
# span 0 =      0.078,    201.142                 
# span 1 =     3.1444,    12.3353                 
# span 2 =  -0.000259,   4.045000                 
# span 3 =     0.0000,    35.3279                 
# span 4 =         11,       4888                 
# span 5 =     0.0417,    20.3625                 
# span 6 = 0.0000e+00, 0.0000e+00                 
# interval = seconds: 0.25
# start_time = Jan 26 2025 01:01:39 [NMEA time, header]
# bad_flag = -9.990e-29
*END*
[from data line 4103]
     42.365     8.6050   3.526640    33.3853       4114    17.1375  0.000e+00
     42.359     8.6059   3.527009    33.3883       4115    17.1417  0.000e+00
     42.356     8.6086   3.527328    33.3891       4116    17.1458  0.000e+00
     42.349     8.6113   3.527603    33.3894       4117    17.1500  0.000e+00
     42.356     8.6139   3.527653    33.3875       4118    17.1542  0.000e+00
     42.328     8.6156   3.527690    33.3862       4119    17.1583  0.000e+00
     42.310     8.6166   3.527728    33.3858       4120    17.1625  0.000e+00
     42.276     8.6171   3.527703    33.3850       4121    17.1667  0.000e+00
     42.240     8.6175   3.527996    33.3877       4122    17.1708  0.000e+00
     42.191     8.6185   3.527627    33.3829       4123    17.1750  0.000e+00
     42.142     8.6181   3.527359    33.3805       4124    17.1792  0.000e+00
     42.075     8.6164   3.527434    33.3829       4125    17.1833  0.000e+00
     42.008     8.6156   3.527778    33.3873       4126    17.1875  0.000e+00
     41.929     8.6166   3.527953    33.3883       4127    17.1917  0.000e+00
     41.843     8.6179   3.527777    33.3852       4128    17.1958  0.000e+00
     41.773     8.6185   3.527333    33.3801       4129    17.2000  0.000e+00
     41.700     8.6169   3.527121    33.3794       4130    17.2042  0.000e+00
     41.627     8.6147   3.526983    33.3801       4131    17.2083  0.000e+00
     41.557     8.6131   3.526958    33.3813       4132    17.2125  0.000e+00
     41.490     8.6121   3.526940    33.3821       4133    17.2167  0.000e+00
     41.426     8.6116   3.526983    33.3830       4134    17.2208  0.000e+00
     41.361     8.6117   3.527183    33.3851       4135    17.2250  0.000e+00
     41.294     8.6124   3.527352    33.3863       4136    17.2292  0.000e+00
     41.240     8.6132   3.527258    33.3845       4137    17.2333  0.000e+00
     41.185     8.6140   3.527408    33.3853       4138    17.2375  0.000e+00
     41.139     8.6143   3.527146    33.3824       4139    17.2417  0.000e+00
     41.087     8.6141   3.527033    33.3814       4140    17.2458  0.000e+00
     41.054     8.6131   3.527133    33.3834       4141    17.2500  0.000e+00
     41.005     8.6130   3.527208    33.3843       4142    17.2542  0.000e+00
     40.962     8.6132   3.527071    33.3827       4143    17.2583  0.000e+00
     40.922     8.6130   3.526889    33.3810       4144    17.2625  0.000e+00
     40.895     8.6123   3.527133    33.3842       4145    17.2667  0.000e+00
     40.858     8.6124   3.527071    33.3835       4146    17.2708  0.000e+00
     40.831     8.6125   3.527308    33.3859       4147    17.2750  0.000e+00
     40.797     8.6136   3.527383    33.3857       4148    17.2792  0.000e+00
     40.761     8.6144   3.527277    33.3838       4149    17.2833  0.000e+00
     40.736     8.6144   3.527333    33.3844       4150    17.2875  0.000e+00
     40.697     8.6146   3.527283    33.3837       4151    17.2917  0.000e+00
     40.663     8.6146   3.527433    33.3853       4152    17.2958  0.000e+00
     40.645     8.6150   3.527308    33.3836       4153    17.3000  0.000e+00
     40.611     8.6151   3.527308    33.3836       4154    17.3042  0.000e+00
     40.581     8.6146   3.526577    33.3763       4155    17.3083  0.000e+00
     40.556     8.6123   3.526864    33.3816       4156    17.3125  0.000e+00
     40.535     8.6111   3.526889    33.3829       4157    17.3167  0.000e+00
     40.511     8.6112   3.526245    33.3761       4158    17.3208  0.000e+00
     40.480     8.6090   3.526295    33.3787       4159    17.3250  0.000e+00
     40.428     8.6073   3.526320    33.3806       4160    17.3292  0.000e+00
     40.383     8.6066   3.526489    33.3831       4161    17.3333  0.000e+00
     40.322     8.6067   3.526527    33.3834       4162    17.3375  0.000e+00
     40.245     8.6074   3.526420    33.3816       4163    17.3417  0.000e+00
     40.160     8.6074   3.526445    33.3820       4164    17.3458  0.000e+00
     40.069     8.6073   3.526477    33.3825       4165    17.3500  0.000e+00
     39.986     8.6072   3.526464    33.3824       4166    17.3542  0.000e+00
     39.901     8.6073   3.526639    33.3842       4167    17.3583  0.000e+00
     39.815     8.6079   3.526683    33.3841       4168    17.3625  0.000e+00
     39.736     8.6086   3.526839    33.3851       4169    17.3667  0.000e+00
     39.660     8.6097   3.527008    33.3859       4170    17.3708  0.000e+00
     39.587     8.6110   3.526964    33.3843       4171    17.3750  0.000e+00
     39.517     8.6116   3.526814    33.3822       4172    17.3792  0.000e+00
     39.459     8.6112   3.526589    33.3802       4173    17.3833  0.000e+00
     39.401     8.6101   3.526445    33.3797       4174    17.3875  0.000e+00
     39.349     8.6088   3.526345    33.3800       4175    17.3917  0.000e+00
     39.300     8.6077   3.526345    33.3810       4176    17.3958  0.000e+00
     39.261     8.6071   3.526320    33.3813       4177    17.4000  0.000e+00
     39.224     8.6067   3.526320    33.3817       4178    17.4042  0.000e+00
     39.187     8.6065   3.526320    33.3820       4179    17.4083  0.000e+00
     39.154     8.6064   3.526270    33.3815       4180    17.4125  0.000e+00
     39.132     8.6063   3.526264    33.3815       4181    17.4167  0.000e+00
     39.117     8.6061   3.526345    33.3827       4182    17.4208  0.000e+00
     39.111     8.6062   3.526345    33.3825       4183    17.4250  0.000e+00
     39.087     8.6065   3.526420    33.3831       4184    17.4292  0.000e+00
     39.065     8.6067   3.526320    33.3818       4185    17.4333  0.000e+00
     39.053     8.6069   3.526220    33.3806       4186    17.4375  0.000e+00
     39.020     8.6063   3.526239    33.3813       4187    17.4417  0.000e+00
     38.995     8.6058   3.526345    33.3829       4188    17.4458  0.000e+00
     38.965     8.6061   3.526345    33.3827       4189    17.4500  0.000e+00
     38.931     8.6064   3.526320    33.3822       4190    17.4542  0.000e+00
     38.892     8.6065   3.526195    33.3807       4191    17.4583  0.000e+00
     38.858     8.6061   3.526564    33.3851       4192    17.4625  0.000e+00
     38.809     8.6069   3.526501    33.3836       4193    17.4667  0.000e+00
     38.760     8.6079   3.526370    33.3813       4194    17.4708  0.000e+00
     38.702     8.6077   3.526489    33.3828       4195    17.4750  0.000e+00
     38.638     8.6077   3.526295    33.3808       4196    17.4792  0.000e+00
     38.584     8.6071   3.526295    33.3813       4197    17.4833  0.000e+00
     38.507     8.6068   3.526345    33.3822       4198    17.4875  0.000e+00
     38.434     8.6067   3.526370    33.3826       4199    17.4917  0.000e+00
     38.364     8.6068   3.526370    33.3826       4200    17.4958  0.000e+00
     38.294     8.6070   3.526588    33.3847       4201    17.5000  0.000e+00
     38.215     8.6079   3.526613    33.3842       4202    17.5042  0.000e+00
     38.144     8.6087   3.526551    33.3828       4203    17.5083  0.000e+00
     38.074     8.6089   3.526738    33.3846       4204    17.5125  0.000e+00
     38.001     8.6096   3.526838    33.3851       4205    17.5167  0.000e+00
     37.925     8.6102   3.526526    33.3812       4206    17.5208  0.000e+00
     37.855     8.6099   3.526395    33.3801       4207    17.5250  0.000e+00
     37.775     8.6086   3.526488    33.3823       4208    17.5292  0.000e+00
     37.711     8.6081   3.526601    33.3841       4209    17.5333  0.000e+00
     37.647     8.6086   3.526488    33.3824       4210    17.5375  0.000e+00
     37.586     8.6088   3.526488    33.3823       4211    17.5417  0.000e+00
     37.519     8.6086   3.526601    33.3836       4212    17.5458  0.000e+00
     37.471     8.6089   3.526588    33.3833       4213    17.5500  0.000e+00
     37.425     8.6090   3.526688    33.3842       4214    17.5542  0.000e+00
     37.382     8.6096   3.526757    33.3844       4215    17.5583  0.000e+00
     37.349     8.6100   3.526688    33.3833       4216    17.5625  0.000e+00
     37.327     8.6104   3.526813    33.3843       4217    17.5667  0.000e+00
     37.300     8.6109   3.527307    33.3890       4218    17.5708  0.000e+00
     37.281     8.6127   3.527432    33.3887       4219    17.5750  0.000e+00
     37.260     8.6147   3.527476    33.3872       4220    17.5792  0.000e+00
     37.239     8.6163   3.527382    33.3848       4221    17.5833  0.000e+00
     37.220     8.6164   3.527276    33.3836       4222    17.5875  0.000e+00
     37.196     8.6163   3.527257    33.3835       4223    17.5917  0.000e+00
     37.169     8.6161   3.527501    33.3862       4224    17.5958  0.000e+00
     37.135     8.6163   3.527351    33.3845       4225    17.6000  0.000e+00
     37.108     8.6163   3.527282    33.3838       4226    17.6042  0.000e+00
     37.068     8.6161   3.527257    33.3837       4227    17.6083  0.000e+00
     37.034     8.6158   3.526888    33.3801       4228    17.6125  0.000e+00
     36.998     8.6143   3.526319    33.3756       4229    17.6167  0.000e+00
     36.961     8.6110   3.526119    33.3766       4230    17.6208  0.000e+00
     36.916     8.6086   3.526113    33.3789       4231    17.6250  0.000e+00
     36.870     8.6071   3.525994    33.3790       4232    17.6292  0.000e+00
     36.812     8.6062   3.526119    33.3812       4233    17.6333  0.000e+00
     36.757     8.6059   3.526094    33.3813       4234    17.6375  0.000e+00
     36.699     8.6059   3.526057    33.3809       4235    17.6417  0.000e+00
     36.623     8.6059   3.525994    33.3802       4236    17.6458  0.000e+00
     36.556     8.6056   3.525900    33.3796       4237    17.6500  0.000e+00
     36.489     8.6052   3.525982    33.3809       4238    17.6542  0.000e+00
     36.409     8.6047   3.525994    33.3815       4239    17.6583  0.000e+00
     36.321     8.6047   3.526144    33.3831       4240    17.6625  0.000e+00
     36.233     8.6054   3.526056    33.3816       4241    17.6667  0.000e+00
     36.153     8.6054   3.525994    33.3809       4242    17.6708  0.000e+00
     36.068     8.6052   3.526019    33.3815       4243    17.6750  0.000e+00
     35.998     8.6052   3.526113    33.3825       4244    17.6792  0.000e+00
     35.925     8.6054   3.526069    33.3818       4245    17.6833  0.000e+00
     35.867     8.6061   3.526144    33.3821       4246    17.6875  0.000e+00
     35.809     8.6065   3.526163    33.3818       4247    17.6917  0.000e+00
     35.742     8.6068   3.526344    33.3835       4248    17.6958  0.000e+00
     35.687     8.6076   3.525575    33.3747       4249    17.7000  0.000e+00
     35.635     8.6065   3.525981    33.3800       4250    17.7042  0.000e+00
     35.592     8.6059   3.524369    33.3636       4251    17.7083  0.000e+00
     35.540     8.6018   3.523900    33.3626       4252    17.7125  0.000e+00
     35.488     8.5961   3.523056    33.3591       4253    17.7167  0.000e+00
     35.455     8.5903   3.522219    33.3559       4254    17.7208  0.000e+00
     35.412     8.5848   3.523181    33.3711       4255    17.7250  0.000e+00
     35.382     8.5840   3.523475    33.3750       4256    17.7292  0.000e+00
     35.348     8.5856   3.523381    33.3726       4257    17.7333  0.000e+00
     35.324     8.5864   3.524019    33.3785       4258    17.7375  0.000e+00
     35.305     8.5885   3.524194    33.3784       4259    17.7417  0.000e+00
     35.290     8.5910   3.524419    33.3784       4260    17.7458  0.000e+00
     35.290     8.5930   3.524537    33.3778       4261    17.7500  0.000e+00
     35.284     8.5945   3.524662    33.3777       4262    17.7542  0.000e+00
     35.272     8.5956   3.524937    33.3795       4263    17.7583  0.000e+00
     35.257     8.5970   3.525056    33.3794       4264    17.7625  0.000e+00
     35.238     8.5986   3.524869    33.3760       4265    17.7667  0.000e+00
     35.205     8.5986   3.524887    33.3762       4266    17.7708  0.000e+00
     35.159     8.5983   3.523750    33.3645       4267    17.7750  0.000e+00
     35.113     8.5953   3.523625    33.3660       4268    17.7792  0.000e+00
     35.058     8.5919   3.523356    33.3664       4269    17.7833  0.000e+00
     35.007     8.5895   3.522588    33.3606       4270    17.7875  0.000e+00
     34.940     8.5857   3.521507    33.3529       4271    17.7917  0.000e+00
     34.882     8.5800   3.520888    33.3518       4272    17.7958  0.000e+00
     34.815     8.5738   3.520245    33.3509       4273    17.8000  0.000e+00
     34.750     8.5687   3.519957    33.3528       4274    17.8042  0.000e+00
     34.683     8.5643   3.518402    33.3406       4275    17.8083  0.000e+00
     34.604     8.5572   3.516772    33.3301       4276    17.8125  0.000e+00
     34.525     8.5470   3.516785    33.3399       4277    17.8167  0.000e+00
     34.446     8.5403   3.516429    33.3426       4278    17.8208  0.000e+00
     34.342     8.5361   3.514512    33.3264       4279    17.8250  0.000e+00
     34.247     8.5278   3.514106    33.3300       4280    17.8292  0.000e+00
     34.147     8.5194   3.513819    33.3349       4281    17.8333  0.000e+00
     34.046     8.5143   3.512789    33.3289       4282    17.8375  0.000e+00
     33.936     8.5077   3.509937    33.3052       4283    17.8417  0.000e+00
     33.827     8.4945   3.510330    33.3218       4284    17.8458  0.000e+00
     33.729     8.4877   3.512715    33.3535       4285    17.8500  0.000e+00
     33.644     8.4904   3.513158    33.3556       4286    17.8542  0.000e+00
     33.577     8.4975   3.513638    33.3540       4287    17.8583  0.000e+00
     33.528     8.5026   3.513401    33.3467       4288    17.8625  0.000e+00
     33.488     8.5051   3.513058    33.3408       4289    17.8667  0.000e+00
     33.455     8.5043   3.513282    33.3439       4290    17.8708  0.000e+00
     33.439     8.5041   3.512983    33.3409       4291    17.8750  0.000e+00
     33.442     8.5038   3.514131    33.3534       4292    17.8792  0.000e+00
     33.436     8.5071   3.514731    33.3565       4293    17.8833  0.000e+00
     33.439     8.5124   3.514755    33.3518       4294    17.8875  0.000e+00
     33.451     8.5155   3.514668    33.3479       4295    17.8917  0.000e+00
     33.464     8.5166   3.514512    33.3452       4296    17.8958  0.000e+00
     33.461     8.5156   3.509276    33.2909       4297    17.9000  0.000e+00
     33.458     8.4989   3.505945    33.2716       4298    17.9042  0.000e+00
     33.442     8.4731   3.501723    33.2514       4299    17.9083  0.000e+00
     33.430     8.4458   3.500041    33.2594       4300    17.9125  0.000e+00
     33.409     8.4247   3.499318    33.2717       4301    17.9167  0.000e+00
     33.375     8.4110   3.499218    33.2836       4302    17.9208  0.000e+00
     33.345     8.4037   3.499025    33.2885       4303    17.9250  0.000e+00
     33.293     8.3996   3.498963    33.2918       4304    17.9292  0.000e+00
     33.238     8.3972   3.498757    33.2918       4305    17.9333  0.000e+00
     33.177     8.3954   3.498732    33.2934       4306    17.9375  0.000e+00
     33.107     8.3940   3.497243    33.2789       4307    17.9417  0.000e+00
     33.025     8.3892   3.493536    33.2443       4308    17.9458  0.000e+00
     32.954     8.3748   3.490740    33.2284       4309    17.9500  0.000e+00
     32.866     8.3565   3.487167    33.2079       4310    17.9542  0.000e+00
     32.778     8.3337   3.482650    33.1817       4311    17.9583  0.000e+00
     32.677     8.3046   3.479796    33.1789       4312    17.9625  0.000e+00
     32.573     8.2772   3.477955    33.1854       4313    17.9667  0.000e+00
     32.473     8.2555   3.475239    33.1771       4314    17.9708  0.000e+00
     32.372     8.2354   3.474325    33.1865       4315    17.9750  0.000e+00
     32.277     8.2197   3.470796    33.1639       4316    17.9792  0.000e+00
     32.174     8.2012   3.466834    33.1393       4317    17.9833  0.000e+00
