HB2402/ctd024.cnv
* Sea-Bird SBE 9 Data File:
* FileName = C:\cruise\data\ctd024.hex
* Software Version Seasave V 7.26.7.121
* Temperature SN = 5253
* Conductivity SN = 4421
* Number of Bytes Per Scan = 37
* Number of Voltage Words = 4
* Number of Scans Averaged by the Deck Unit = 1
* NMEA Latitude = 35 00.10 N
* NMEA Longitude = 075 52.70 W
* NMEA UTC (Time) = Mar 12 2024 12:14:17
* NMEA baud rate = 4800
** Ship: Bigelow HB2304
** Program:  Fall Bottom Trawl Survey
** Chief Scientist: John Galbraith
# nquan = 7
# nvalues = 39                          
# units = specified
# name 0 = depSM: Depth [salt water, m]
# name 1 = t090C: Temperature [ITS-90, deg C]
# name 2 = c0S/m: Conductivity [S/m]
# name 3 = sal00: Salinity, Practical [PSU]
# name 4 = scan: Scan Count
# name 5 = timeM: Time, Elapsed [minutes]
# name 6 = flag: flag
# span 0 =      1.000,     21.000       
# span 1 =    15.1597,    16.1561       
# span 2 =   3.970205,   4.263532       
# span 3 =    31.9504,    33.7290       
# span 4 =         77,       3216       
# span 5 =     0.0526,     2.2325       
# span 6 = 0.0000e+00, 0.0000e+00       
# interval = meters: 1                  
# start_time = Mar 12 2024 12:14:17 [NMEA time, header]
# bad_flag = -9.990e-29
*END*
      3.000    15.1630   3.970205    31.9504         77     0.0526 0.0000e+00
      4.000    15.1627   3.970316    31.9512        231     0.1601 0.0000e+00
      5.000    15.1661   3.970810    31.9525        310     0.2144 0.0000e+00
      6.000    15.1704   3.971575    31.9555        364     0.2519 0.0000e+00
      7.000    15.1811   3.975575    31.9822        437     0.3025 0.0000e+00
      8.000    15.2913   4.037097    32.4429        476     0.3296 0.0000e+00
      9.000    15.3571   4.072958    32.7092        544     0.3771 0.0000e+00
     10.000    15.3486   4.074204    32.7271        605     0.4193 0.0000e+00
     11.000    15.3333   4.069910    32.7010        664     0.4605 0.0000e+00
     12.000    15.3331   4.069422    32.6963        732     0.5073 0.0000e+00
     13.000    15.3635   4.090357    32.8582        806     0.5590 0.0000e+00
     14.000    15.3871   4.108249    32.9985        928     0.6440 0.0000e+00
     15.000    15.5287   4.141907    33.1802       1038     0.7198 0.0000e+00
     16.000    15.6368   4.168900    33.3300       1149     0.7973 0.0000e+00
     17.000    15.8765   4.212855    33.5182       1265     0.8779 0.0000e+00
     18.000    16.0540   4.244851    33.6515       1386     0.9620 0.0000e+00
     19.000    16.1323   4.259062    33.7104       1502     1.0426 0.0000e+00
     20.000    16.1413   4.260821    33.7180       1630     1.1314 0.0000e+00
     21.000    16.1561   4.263532    33.7290       1884     1.3079 0.0000e+00
     20.000    16.1355   4.260216    33.7175       2158     1.4981 0.0000e+00
     19.000    16.1368   4.260326    33.7178       2129     1.4775 0.0000e+00
     18.000    16.1255   4.258181    33.7088       2186     1.5174 0.0000e+00
     17.000    16.1027   4.254095    33.6923       2253     1.5641 0.0000e+00
     16.000    15.8738   4.212159    33.5146       2281     1.5832 0.0000e+00
     15.000    15.6807   4.177821    33.3728       2308     1.6024 0.0000e+00
     14.000    15.6168   4.161750    33.2838       2353     1.6333 0.0000e+00
     13.000    15.5242   4.140809    33.1750       2396     1.6632 0.0000e+00
     12.000    15.3996   4.105378    32.9630       2422     1.6812 0.0000e+00
     11.000    15.3656   4.087355    32.8304       2449     1.7003 0.0000e+00
     10.000    15.3496   4.078286    32.7628       2492     1.7296 0.0000e+00
      9.000    15.3241   4.060018    32.6207       2531     1.7569 0.0000e+00
      8.000    15.2692   4.026580    32.3668       2559     1.7766 0.0000e+00
      7.000    15.2077   3.991403    32.1024       2589     1.7976 0.0000e+00
      6.000    15.1861   3.979895    32.0172       2632     1.8270 0.0000e+00
      5.000    15.1920   3.982024    32.0319       2670     1.8536 0.0000e+00
      4.000    15.1851   3.978595    32.0072       2696     1.8719 0.0000e+00
      3.000    15.1677   3.972227    31.9647       3046     2.1144 0.0000e+00
      2.000    15.1669   3.971690    31.9609       3159     2.1932 0.0000e+00
      1.000    15.1597   3.970855    31.9597       3216     2.2325 0.0000e+00
