HB2402/ctd096.cnv
* Sea-Bird SBE 9 Data File:
* FileName = C:\cruise\data\ctd096.hex
* Software Version Seasave V 7.26.7.121
* Temperature SN = 5253
* Conductivity SN = 4421
* Number of Bytes Per Scan = 37
* Number of Voltage Words = 4
* Number of Scans Averaged by the Deck Unit = 1
* NMEA Latitude = 41 04.16 N
* NMEA Longitude = 070 40.08 W
* NMEA UTC (Time) = Apr 05 2024 04:52:19
* NMEA baud rate = 4800
** Ship: Bigelow HB2304
** Program:  Fall Bottom Trawl Survey
** Chief Scientist: John Galbraith
# nquan = 7
# nvalues = 78                          
# units = specified
# name 0 = depSM: Depth [salt water, m]
# name 1 = t090C: Temperature [ITS-90, deg C]
# name 2 = c0S/m: Conductivity [S/m]
# name 3 = sal00: Salinity, Practical [PSU]
# name 4 = scan: Scan Count
# name 5 = timeM: Time, Elapsed [minutes]
# name 6 = flag: flag
# span 0 =      2.000,     42.000       
# span 1 =     5.5127,     5.5437       
# span 2 =   3.064856,   3.072409       
# span 3 =    31.2761,    31.3146       
# span 4 =        190,       3074       
# span 5 =     0.1316,     2.1342       
# span 6 = 0.0000e+00, 0.0000e+00       
# interval = meters: 1                  
# start_time = Apr 05 2024 04:52:19 [NMEA time, header]
# bad_flag = -9.990e-29
*END*
      5.000     5.5127   3.064856    31.2761        190     0.1316 0.0000e+00
      6.000     5.5129   3.066770    31.2971        284     0.1966 0.0000e+00
      7.000     5.5145   3.067093    31.2988        301     0.2082 0.0000e+00
      8.000     5.5164   3.067567    31.3018        326     0.2254 0.0000e+00
      9.000     5.5154   3.067620    31.3030        362     0.2505 0.0000e+00
     10.000     5.5160   3.067777    31.3037        394     0.2730 0.0000e+00
     11.000     5.5134   3.067626    31.3039        417     0.2891 0.0000e+00
     12.000     5.5159   3.067839    31.3035        440     0.3049 0.0000e+00
     13.000     5.5164   3.067955    31.3038        473     0.3275 0.0000e+00
     14.000     5.5139   3.067764    31.3035        509     0.3528 0.0000e+00
     15.000     5.5134   3.067770    31.3036        535     0.3707 0.0000e+00
     16.000     5.5153   3.067997    31.3039        557     0.3858 0.0000e+00
     17.000     5.5140   3.067915    31.3037        580     0.4023 0.0000e+00
     18.000     5.5148   3.068033    31.3038        608     0.4216 0.0000e+00
     19.000     5.5223   3.068867    31.3057        639     0.4431 0.0000e+00
     20.000     5.5216   3.068853    31.3057        671     0.4650 0.0000e+00
     21.000     5.5226   3.069013    31.3061        700     0.4854 0.0000e+00
     22.000     5.5224   3.069033    31.3061        729     0.5058 0.0000e+00
     23.000     5.5221   3.069014    31.3057        764     0.5297 0.0000e+00
     24.000     5.5217   3.069028    31.3057        795     0.5513 0.0000e+00
     25.000     5.5203   3.068933    31.3055        816     0.5662 0.0000e+00
     26.000     5.5239   3.069419    31.3071        834     0.5784 0.0000e+00
     27.000     5.5210   3.069114    31.3058        851     0.5904 0.0000e+00
     28.000     5.5239   3.069493    31.3069        875     0.6067 0.0000e+00
     29.000     5.5247   3.069592    31.3068        936     0.6491 0.0000e+00
     30.000     5.5227   3.069424    31.3063        972     0.6744 0.0000e+00
     31.000     5.5222   3.069411    31.3061        992     0.6880 0.0000e+00
     32.000     5.5225   3.069469    31.3061       1011     0.7013 0.0000e+00
     33.000     5.5251   3.069841    31.3074       1035     0.7178 0.0000e+00
     34.000     5.5257   3.069947    31.3075       1066     0.7398 0.0000e+00
     35.000     5.5242   3.069804    31.3068       1093     0.7586 0.0000e+00
     36.000     5.5277   3.070300    31.3087       1114     0.7727 0.0000e+00
     37.000     5.5300   3.070612    31.3095       1136     0.7884 0.0000e+00
     38.000     5.5295   3.070586    31.3092       1178     0.8172 0.0000e+00
     39.000     5.5319   3.070928    31.3104       1226     0.8507 0.0000e+00
     40.000     5.5342   3.071278    31.3117       1249     0.8668 0.0000e+00
     41.000     5.5358   3.071524    31.3125       1273     0.8835 0.0000e+00
     42.000     5.5437   3.072409    31.3146       1387     0.9626 0.0000e+00
     41.000     5.5377   3.071801    31.3138       1852     1.2853 0.0000e+00
     40.000     5.5381   3.071793    31.3138       2010     1.3951 0.0000e+00
     39.000     5.5384   3.071791    31.3140       2034     1.4117 0.0000e+00
     38.000     5.5385   3.071745    31.3139       2068     1.4352 0.0000e+00
     37.000     5.5387   3.071726    31.3140       2095     1.4542 0.0000e+00
     36.000     5.5384   3.071621    31.3136       2115     1.4681 0.0000e+00
     35.000     5.5364   3.071379    31.3132       2133     1.4806 0.0000e+00
     34.000     5.5346   3.071145    31.3127       2153     1.4943 0.0000e+00
     33.000     5.5295   3.070502    31.3106       2180     1.5135 0.0000e+00
     32.000     5.5294   3.070422    31.3104       2221     1.5420 0.0000e+00
     31.000     5.5266   3.070060    31.3093       2254     1.5644 0.0000e+00
     30.000     5.5269   3.070012    31.3090       2275     1.5794 0.0000e+00
     29.000     5.5272   3.069999    31.3091       2297     1.5945 0.0000e+00
     28.000     5.5262   3.069855    31.3088       2320     1.6105 0.0000e+00
     27.000     5.5239   3.069504    31.3075       2343     1.6262 0.0000e+00
     26.000     5.5229   3.069343    31.3072       2368     1.6435 0.0000e+00
     25.000     5.5235   3.069376    31.3075       2406     1.6698 0.0000e+00
     24.000     5.5224   3.069189    31.3069       2437     1.6919 0.0000e+00
     23.000     5.5203   3.068876    31.3058       2456     1.7051 0.0000e+00
     22.000     5.5204   3.068827    31.3056       2474     1.7171 0.0000e+00
     21.000     5.5201   3.068737    31.3053       2497     1.7336 0.0000e+00
     20.000     5.5199   3.068701    31.3056       2534     1.7590 0.0000e+00
     19.000     5.5188   3.068548    31.3054       2568     1.7826 0.0000e+00
     18.000     5.5171   3.068334    31.3050       2592     1.7991 0.0000e+00
     17.000     5.5164   3.068216    31.3049       2613     1.8141 0.0000e+00
     16.000     5.5155   3.068101    31.3049       2637     1.8307 0.0000e+00
     15.000     5.5165   3.068141    31.3049       2663     1.8486 0.0000e+00
     14.000     5.5168   3.068128    31.3049       2693     1.8695 0.0000e+00
     13.000     5.5169   3.068084    31.3048       2725     1.8914 0.0000e+00
     12.000     5.5171   3.068058    31.3048       2751     1.9100 0.0000e+00
     11.000     5.5167   3.067992    31.3049       2773     1.9250 0.0000e+00
     10.000     5.5164   3.067918    31.3049       2793     1.9390 0.0000e+00
      9.000     5.5165   3.067891    31.3049       2814     1.9535 0.0000e+00
      8.000     5.5153   3.067745    31.3049       2838     1.9700 0.0000e+00
      7.000     5.5144   3.067608    31.3047       2870     1.9925 0.0000e+00
      6.000     5.5144   3.067560    31.3046       2908     2.0191 0.0000e+00
      5.000     5.5146   3.067526    31.3045       2938     2.0398 0.0000e+00
      4.000     5.5144   3.067453    31.3044       2961     2.0555 0.0000e+00
      3.000     5.5143   3.067413    31.3045       2981     2.0694 0.0000e+00
      2.000     5.5142   3.067346    31.3043       3074     2.1342 0.0000e+00
