HB2402/ctd016.cnv
* Sea-Bird SBE 9 Data File:
* FileName = C:\cruise\data\ctd016.hex
* Software Version Seasave V 7.26.7.121
* Temperature SN = 5253
* Conductivity SN = 4421
* Number of Bytes Per Scan = 37
* Number of Voltage Words = 4
* Number of Scans Averaged by the Deck Unit = 1
* NMEA Latitude = 36 30.70 N
* NMEA Longitude = 075 38.26 W
* NMEA UTC (Time) = Mar 10 2024 18:43:18
* NMEA baud rate = 4800
** Ship: Bigelow HB2304
** Program:  Fall Bottom Trawl Survey
** Chief Scientist: John Galbraith
# nquan = 7
# nvalues = 38                          
# units = specified
# name 0 = depSM: Depth [salt water, m]
# name 1 = t090C: Temperature [ITS-90, deg C]
# name 2 = c0S/m: Conductivity [S/m]
# name 3 = sal00: Salinity, Practical [PSU]
# name 4 = scan: Scan Count
# name 5 = timeM: Time, Elapsed [minutes]
# name 6 = flag: flag
# span 0 =      3.000,     22.000       
# span 1 =     8.2399,     9.3881       
# span 2 =   3.225286,   3.248918       
# span 3 =    29.6026,    30.7675       
# span 4 =        176,       2169       
# span 5 =     0.1214,     1.5056       
# span 6 = 0.0000e+00, 0.0000e+00       
# interval = meters: 1                  
# start_time = Mar 10 2024 18:43:18 [NMEA time, header]
# bad_flag = -9.990e-29
*END*
      4.000     9.3521   3.225612    29.6270        176     0.1214 0.0000e+00
      5.000     9.2987   3.225803    29.6728        275     0.1899 0.0000e+00
      6.000     9.2107   3.228559    29.7737        296     0.2049 0.0000e+00
      7.000     9.1648   3.242671    29.9559        323     0.2233 0.0000e+00
      8.000     9.1177   3.247339    30.0428        349     0.2415 0.0000e+00
      9.000     9.0997   3.248044    30.0648        372     0.2575 0.0000e+00
     10.000     9.0562   3.248918    30.1100        395     0.2739 0.0000e+00
     11.000     9.0216   3.248745    30.1372        423     0.2933 0.0000e+00
     12.000     9.0052   3.248053    30.1435        454     0.3145 0.0000e+00
     13.000     8.9775   3.246894    30.1546        483     0.3345 0.0000e+00
     14.000     8.8785   3.242863    30.1967        507     0.3516 0.0000e+00
     15.000     8.7487   3.238081    30.2575        530     0.3671 0.0000e+00
     16.000     8.6104   3.234598    30.3394        554     0.3840 0.0000e+00
     17.000     8.3595   3.240305    30.6151        585     0.4054 0.0000e+00
     18.000     8.2699   3.242833    30.7192        613     0.4248 0.0000e+00
     19.000     8.2492   3.243951    30.7487        637     0.4415 0.0000e+00
     20.000     8.2427   3.244835    30.7632        664     0.4603 0.0000e+00
     21.000     8.2432   3.245144    30.7656        860     0.5967 0.0000e+00
     22.000     8.2399   3.245099    30.7675       1368     0.9491 0.0000e+00
     21.000     8.2424   3.244849    30.7631       1472     1.0212 0.0000e+00
     20.000     8.2439   3.244520    30.7588       1727     1.1986 0.0000e+00
     19.000     8.2448   3.244136    30.7545       1751     1.2150 0.0000e+00
     18.000     8.2475   3.243573    30.7466       1773     1.2305 0.0000e+00
     17.000     8.2580   3.242546    30.7271       1796     1.2465 0.0000e+00
     16.000     8.3198   3.239815    30.6450       1821     1.2638 0.0000e+00
     15.000     8.4631   3.235755    30.4786       1848     1.2830 0.0000e+00
     14.000     8.5996   3.235232    30.3561       1877     1.3026 0.0000e+00
     13.000     8.7141   3.237107    30.2778       1905     1.3224 0.0000e+00
     12.000     8.8624   3.241659    30.1988       1931     1.3406 0.0000e+00
     11.000     8.9409   3.244710    30.1641       1954     1.3563 0.0000e+00
     10.000     8.9924   3.246168    30.1358       1976     1.3714 0.0000e+00
      9.000     9.0394   3.246505    30.0999       1999     1.3878 0.0000e+00
      8.000     9.0985   3.245759    30.0428       2027     1.4073 0.0000e+00
      7.000     9.1310   3.241791    29.9752       2060     1.4300 0.0000e+00
      6.000     9.2167   3.235006    29.8348       2087     1.4487 0.0000e+00
      5.000     9.3573   3.225613    29.6223       2107     1.4624 0.0000e+00
      4.000     9.3744   3.225286    29.6052       2126     1.4754 0.0000e+00
      3.000     9.3881   3.226099    29.6026       2169     1.5056 0.0000e+00
