HB2402/ctd081.cnv
* Sea-Bird SBE 9 Data File:
* FileName = C:\cruise\data\ctd081.hex
* Software Version Seasave V 7.26.7.121
* Temperature SN = 5253
* Conductivity SN = 4421
* Number of Bytes Per Scan = 37
* Number of Voltage Words = 4
* Number of Scans Averaged by the Deck Unit = 1
* NMEA Latitude = 40 24.32 N
* NMEA Longitude = 073 33.86 W
* NMEA UTC (Time) = Mar 21 2024 19:32:45
* NMEA baud rate = 4800
** Ship: Bigelow HB2304
** Program:  Fall Bottom Trawl Survey
** Chief Scientist: John Galbraith
# nquan = 7
# nvalues = 42                          
# units = specified
# name 0 = depSM: Depth [salt water, m]
# name 1 = t090C: Temperature [ITS-90, deg C]
# name 2 = c0S/m: Conductivity [S/m]
# name 3 = sal00: Salinity, Practical [PSU]
# name 4 = scan: Scan Count
# name 5 = timeM: Time, Elapsed [minutes]
# name 6 = flag: flag
# span 0 =      3.000,     24.000       
# span 1 =     6.7195,     6.8759       
# span 2 =   3.096987,   3.222921       
# span 3 =    30.4584,    31.7563       
# span 4 =         63,       1973       
# span 5 =     0.0433,     1.3692       
# span 6 = 0.0000e+00, 0.0000e+00       
# interval = meters: 1                  
# start_time = Mar 21 2024 19:32:45 [NMEA time, header]
# bad_flag = -9.990e-29
*END*
      4.000     6.8035   3.097383    30.4634         63     0.0433 0.0000e+00
      5.000     6.8056   3.097414    30.4614        175     0.1208 0.0000e+00
      6.000     6.8054   3.097243    30.4593        211     0.1457 0.0000e+00
      7.000     6.8016   3.097394    30.4639        251     0.1735 0.0000e+00
      8.000     6.7873   3.098149    30.4843        276     0.1910 0.0000e+00
      9.000     6.7851   3.098309    30.4875        302     0.2093 0.0000e+00
     10.000     6.7600   3.099866    30.5264        331     0.2291 0.0000e+00
     11.000     6.7536   3.100824    30.5420        358     0.2477 0.0000e+00
     12.000     6.7407   3.103825    30.5858        384     0.2658 0.0000e+00
     13.000     6.7237   3.107192    30.6372        410     0.2840 0.0000e+00
     14.000     6.7195   3.109141    30.6617        436     0.3021 0.0000e+00
     15.000     6.7206   3.114986    30.7241        463     0.3209 0.0000e+00
     16.000     6.7216   3.118050    30.7561        490     0.3395 0.0000e+00
     17.000     6.7224   3.120458    30.7812        517     0.3580 0.0000e+00
     18.000     6.7243   3.126334    30.8432        545     0.3777 0.0000e+00
     19.000     6.7501   3.145263    31.0260        574     0.3978 0.0000e+00
     20.000     6.8153   3.175379    31.2950        598     0.4149 0.0000e+00
     21.000     6.8559   3.206930    31.6016        625     0.4331 0.0000e+00
     22.000     6.8724   3.219888    31.7273        654     0.4534 0.0000e+00
     23.000     6.8727   3.220501    31.7333        718     0.4982 0.0000e+00
     24.000     6.8759   3.222921    31.7563        857     0.5943 0.0000e+00
     23.000     6.8740   3.221782    31.7460       1315     0.9128 0.0000e+00
     22.000     6.8741   3.221450    31.7428       1464     1.0162 0.0000e+00
     21.000     6.8718   3.219509    31.7242       1487     1.0323 0.0000e+00
     20.000     6.8579   3.207499    31.6064       1511     1.0486 0.0000e+00
     19.000     6.8288   3.185676    31.3954       1535     1.0652 0.0000e+00
     18.000     6.7829   3.160213    31.1599       1561     1.0833 0.0000e+00
     17.000     6.7453   3.138344    30.9558       1588     1.1020 0.0000e+00
     16.000     6.7331   3.128500    30.8598       1615     1.1207 0.0000e+00
     15.000     6.7296   3.124219    30.8167       1640     1.1385 0.0000e+00
     14.000     6.7276   3.120948    30.7833       1665     1.1554 0.0000e+00
     13.000     6.7258   3.117630    30.7491       1688     1.1717 0.0000e+00
     12.000     6.7288   3.110457    30.6687       1714     1.1895 0.0000e+00
     11.000     6.7390   3.105304    30.6039       1742     1.2093 0.0000e+00
     10.000     6.7476   3.101930    30.5598       1770     1.2285 0.0000e+00
      9.000     6.7515   3.101487    30.5520       1796     1.2466 0.0000e+00
      8.000     6.7545   3.101143    30.5461       1821     1.2639 0.0000e+00
      7.000     6.7702   3.099682    30.5166       1844     1.2799 0.0000e+00
      6.000     6.7783   3.098890    30.5013       1868     1.2962 0.0000e+00
      5.000     6.7917   3.097834    30.4783       1892     1.3131 0.0000e+00
      4.000     6.7984   3.097288    30.4669       1922     1.3337 0.0000e+00
      3.000     6.8048   3.096987    30.4584       1973     1.3692 0.0000e+00
