HB2402/ctd066.cnv
* Sea-Bird SBE 9 Data File:
* FileName = C:\cruise\data\ctd066.hex
* Software Version Seasave V 7.26.7.121
* Temperature SN = 5253
* Conductivity SN = 4421
* Number of Bytes Per Scan = 37
* Number of Voltage Words = 4
* Number of Scans Averaged by the Deck Unit = 1
* NMEA Latitude = 39 07.19 N
* NMEA Longitude = 072 54.75 W
* NMEA UTC (Time) = Mar 19 2024 00:09:06
* NMEA baud rate = 4800
** Ship: Bigelow HB2304
** Program:  Fall Bottom Trawl Survey
** Chief Scientist: John Galbraith
# nquan = 7
# nvalues = 162                         
# units = specified
# name 0 = depSM: Depth [salt water, m]
# name 1 = t090C: Temperature [ITS-90, deg C]
# name 2 = c0S/m: Conductivity [S/m]
# name 3 = sal00: Salinity, Practical [PSU]
# name 4 = scan: Scan Count
# name 5 = timeM: Time, Elapsed [minutes]
# name 6 = flag: flag
# span 0 =      2.000,     83.000       
# span 1 =     6.6089,     7.6332       
# span 2 =   3.251472,   3.392501       
# span 3 =    32.2225,    32.8576       
# span 4 =       -282,       5877       
# span 5 =    -0.1962,     4.0808       
# span 6 = 0.0000e+00, 0.0000e+00       
# interval = meters: 1                  
# start_time = Mar 19 2024 00:09:06 [NMEA time, header]
# bad_flag = -9.990e-29
*END*
      3.000     7.5552   3.323613    32.2276       -282    -0.1962 0.0000e+00
      4.000     7.5488   3.323282    32.2295        542     0.3757 0.0000e+00
      5.000     7.5556   3.323908    32.2295        593     0.4114 0.0000e+00
      6.000     7.5535   3.323823    32.2301        618     0.4285 0.0000e+00
      7.000     7.5237   3.321514    32.2324        646     0.4478 0.0000e+00
      8.000     7.5009   3.319834    32.2350        673     0.4669 0.0000e+00
      9.000     7.4170   3.313452    32.2438        701     0.4862 0.0000e+00
     10.000     7.3632   3.309346    32.2490        729     0.5054 0.0000e+00
     11.000     7.3406   3.307551    32.2503        753     0.5224 0.0000e+00
     12.000     7.2958   3.304082    32.2540        777     0.5386 0.0000e+00
     13.000     7.2658   3.301747    32.2562        801     0.5559 0.0000e+00
     14.000     7.2415   3.299846    32.2579        828     0.5746 0.0000e+00
     15.000     7.2253   3.298616    32.2592        855     0.5932 0.0000e+00
     16.000     7.2117   3.297563    32.2600        880     0.6106 0.0000e+00
     17.000     7.1942   3.296224    32.2614        906     0.6286 0.0000e+00
     18.000     7.1832   3.295386    32.2621        934     0.6479 0.0000e+00
     19.000     7.1604   3.293625    32.2638        964     0.6687 0.0000e+00
     20.000     7.1211   3.290585    32.2670        994     0.6894 0.0000e+00
     21.000     7.0682   3.286524    32.2719       1023     0.7094 0.0000e+00
     22.000     7.0210   3.282796    32.2750       1047     0.7264 0.0000e+00
     23.000     6.8988   3.273135    32.2838       1069     0.7414 0.0000e+00
     24.000     6.7980   3.265229    32.2916       1090     0.7562 0.0000e+00
     25.000     6.6981   3.257528    32.3008       1115     0.7735 0.0000e+00
     26.000     6.6629   3.254874    32.3043       1149     0.7974 0.0000e+00
     27.000     6.6437   3.253359    32.3052       1184     0.8215 0.0000e+00
     28.000     6.6245   3.251953    32.3074       1207     0.8376 0.0000e+00
     29.000     6.6192   3.251730    32.3095       1230     0.8532 0.0000e+00
     30.000     6.6168   3.251810    32.3122       1254     0.8701 0.0000e+00
     31.000     6.6170   3.252276    32.3167       1282     0.8898 0.0000e+00
     32.000     6.6149   3.252277    32.3182       1312     0.9104 0.0000e+00
     33.000     6.6154   3.252510    32.3197       1342     0.9313 0.0000e+00
     34.000     6.6192   3.253003    32.3211       1369     0.9501 0.0000e+00
     35.000     6.6219   3.253379    32.3222       1393     0.9668 0.0000e+00
     36.000     6.6230   3.253552    32.3226       1417     0.9831 0.0000e+00
     37.000     6.6235   3.253698    32.3232       1442     1.0008 0.0000e+00
     38.000     6.6240   3.253818    32.3236       1470     1.0198 0.0000e+00
     39.000     6.6215   3.253739    32.3246       1497     1.0388 0.0000e+00
     40.000     6.6197   3.253713    32.3256       1525     1.0583 0.0000e+00
     41.000     6.6206   3.253887    32.3261       1556     1.0802 0.0000e+00
     42.000     6.6208   3.254039    32.3272       1586     1.1008 0.0000e+00
     43.000     6.6238   3.254590    32.3299       1612     1.1190 0.0000e+00
     44.000     6.6271   3.255066    32.3316       1636     1.1356 0.0000e+00
     45.000     6.6284   3.255259    32.3320       1659     1.1517 0.0000e+00
     46.000     6.6313   3.255691    32.3335       1683     1.1683 0.0000e+00
     47.000     6.6353   3.256220    32.3351       1708     1.1855 0.0000e+00
     48.000     6.6374   3.256522    32.3360       1737     1.2054 0.0000e+00
     49.000     6.6407   3.257001    32.3376       1769     1.2280 0.0000e+00
     50.000     6.6530   3.258608    32.3432       1799     1.2487 0.0000e+00
     51.000     6.6580   3.259262    32.3452       1825     1.2669 0.0000e+00
     52.000     6.6706   3.260806    32.3498       1851     1.2847 0.0000e+00
     53.000     6.7017   3.264583    32.3614       1876     1.3022 0.0000e+00
     54.000     6.7090   3.265671    32.3660       1903     1.3207 0.0000e+00
     55.000     6.7279   3.268095    32.3743       1929     1.3387 0.0000e+00
     56.000     6.7646   3.272138    32.3836       1953     1.3558 0.0000e+00
     57.000     6.7734   3.273433    32.3890       1978     1.3733 0.0000e+00
     58.000     6.7850   3.275549    32.4007       2008     1.3941 0.0000e+00
     59.000     6.7792   3.276001    32.4107       2039     1.4149 0.0000e+00
     60.000     6.7867   3.277378    32.4182       2064     1.4327 0.0000e+00
     61.000     6.8079   3.280117    32.4277       2090     1.4508 0.0000e+00
     62.000     6.8394   3.284575    32.4463       2119     1.4709 0.0000e+00
     63.000     6.8841   3.290979    32.4738       2147     1.4901 0.0000e+00
     64.000     6.9426   3.298982    32.5055       2171     1.5071 0.0000e+00
     65.000     7.0090   3.308001    32.5407       2195     1.5236 0.0000e+00
     66.000     7.0666   3.315246    32.5648       2223     1.5429 0.0000e+00
     67.000     7.1013   3.319821    32.5813       2253     1.5641 0.0000e+00
     68.000     7.1197   3.322245    32.5899       2279     1.5823 0.0000e+00
     69.000     7.1324   3.324292    32.5997       2305     1.6003 0.0000e+00
     70.000     7.1628   3.328268    32.6137       2331     1.6180 0.0000e+00
     71.000     7.1841   3.331135    32.6242       2356     1.6357 0.0000e+00
     72.000     7.1935   3.332437    32.6290       2384     1.6549 0.0000e+00
     73.000     7.2050   3.334033    32.6351       2413     1.6749 0.0000e+00
     74.000     7.2291   3.337161    32.6458       2442     1.6952 0.0000e+00
     75.000     7.2351   3.337956    32.6483       2468     1.7135 0.0000e+00
     76.000     7.2393   3.338601    32.6508       2493     1.7307 0.0000e+00
     77.000     7.2441   3.339269    32.6531       2519     1.7483 0.0000e+00
     78.000     7.2470   3.339712    32.6546       2547     1.7679 0.0000e+00
     79.000     7.2915   3.345436    32.6742       2574     1.7868 0.0000e+00
     80.000     7.3301   3.350297    32.6899       2599     1.8041 0.0000e+00
     81.000     7.3904   3.358699    32.7234       2625     1.8224 0.0000e+00
     82.000     7.5447   3.379904    32.8060       3047     2.1152 0.0000e+00
     83.000     7.6332   3.392501    32.8576       3744     2.5995 0.0000e+00
     82.000     7.5911   3.386539    32.8337       3743     2.5985 0.0000e+00
     81.000     7.5726   3.383953    32.8238       3829     2.6586 0.0000e+00
     80.000     7.5167   3.376153    32.7931       3850     2.6728 0.0000e+00
     79.000     7.4170   3.363119    32.7470       3869     2.6863 0.0000e+00
     78.000     7.3878   3.358275    32.7227       3890     2.7005 0.0000e+00
     77.000     7.3810   3.357554    32.7218       3916     2.7185 0.0000e+00
     76.000     7.3339   3.351286    32.6989       3950     2.7420 0.0000e+00
     75.000     7.3004   3.347095    32.6856       3981     2.7640 0.0000e+00
     74.000     7.2554   3.341022    32.6628       4005     2.7805 0.0000e+00
     73.000     7.2500   3.340368    32.6613       4027     2.7961 0.0000e+00
     72.000     7.2389   3.338697    32.6541       4053     2.8137 0.0000e+00
     71.000     7.2205   3.336189    32.6448       4081     2.8332 0.0000e+00
     70.000     7.1996   3.333448    32.6352       4107     2.8511 0.0000e+00
     69.000     7.1895   3.332111    32.6307       4131     2.8677 0.0000e+00
     68.000     7.1794   3.330765    32.6261       4156     2.8851 0.0000e+00
     67.000     7.1514   3.327019    32.6123       4182     2.9032 0.0000e+00
     66.000     7.1339   3.324658    32.6036       4208     2.9212 0.0000e+00
     65.000     7.1065   3.320880    32.5890       4234     2.9396 0.0000e+00
     64.000     7.0875   3.318421    32.5806       4263     2.9596 0.0000e+00
     63.000     7.0434   3.312684    32.5602       4290     2.9783 0.0000e+00
     62.000     7.0149   3.308792    32.5452       4314     2.9955 0.0000e+00
     61.000     6.9830   3.304732    32.5315       4339     3.0125 0.0000e+00
     60.000     6.9295   3.297342    32.5019       4365     3.0303 0.0000e+00
     59.000     6.8611   3.287643    32.4609       4392     3.0491 0.0000e+00
     58.000     6.8281   3.283077    32.4425       4419     3.0678 0.0000e+00
     57.000     6.8173   3.281516    32.4361       4444     3.0853 0.0000e+00
     56.000     6.8044   3.279370    32.4252       4467     3.1017 0.0000e+00
     55.000     6.8014   3.278274    32.4165       4491     3.1183 0.0000e+00
     54.000     6.7915   3.276130    32.4029       4518     3.1370 0.0000e+00
     53.000     6.7688   3.272871    32.3890       4550     3.1590 0.0000e+00
     52.000     6.7408   3.269431    32.3782       4578     3.1781 0.0000e+00
     51.000     6.7361   3.268719    32.3753       4600     3.1941 0.0000e+00
     50.000     6.7111   3.265701    32.3663       4623     3.2099 0.0000e+00
     49.000     6.6785   3.261868    32.3554       4648     3.2270 0.0000e+00
     48.000     6.6659   3.260094    32.3482       4675     3.2459 0.0000e+00
     47.000     6.6543   3.258542    32.3427       4704     3.2661 0.0000e+00
     46.000     6.6437   3.257246    32.3389       4732     3.2856 0.0000e+00
     45.000     6.6417   3.256890    32.3373       4757     3.3028 0.0000e+00
     44.000     6.6389   3.256544    32.3366       4781     3.3195 0.0000e+00
     43.000     6.6385   3.256392    32.3359       4806     3.3371 0.0000e+00
     42.000     6.6363   3.255920    32.3332       4833     3.3556 0.0000e+00
     41.000     6.6339   3.255460    32.3309       4859     3.3737 0.0000e+00
     40.000     6.6269   3.254537    32.3278       4885     3.3918 0.0000e+00
     39.000     6.6226   3.253974    32.3262       4910     3.4093 0.0000e+00
     38.000     6.6167   3.253209    32.3238       4935     3.4262 0.0000e+00
     37.000     6.6145   3.252859    32.3225       4959     3.4432 0.0000e+00
     36.000     6.6128   3.252575    32.3214       4987     3.4624 0.0000e+00
     35.000     6.6111   3.252255    32.3201       5019     3.4849 0.0000e+00
     34.000     6.6089   3.251858    32.3182       5049     3.5053 0.0000e+00
     33.000     6.6091   3.251784    32.3177       5070     3.5204 0.0000e+00
     32.000     6.6101   3.251728    32.3167       5090     3.5340 0.0000e+00
     31.000     6.6097   3.251582    32.3159       5111     3.5485 0.0000e+00
     30.000     6.6095   3.251511    32.3157       5140     3.5685 0.0000e+00
     29.000     6.6109   3.251472    32.3145       5172     3.5911 0.0000e+00
     28.000     6.6172   3.251537    32.3097       5198     3.6087 0.0000e+00
     27.000     6.6199   3.251570    32.3080       5220     3.6244 0.0000e+00
     26.000     6.6209   3.251577    32.3077       5247     3.6427 0.0000e+00
     25.000     6.6332   3.252305    32.3045       5277     3.6642 0.0000e+00
     24.000     6.6584   3.253891    32.2986       5306     3.6838 0.0000e+00
     23.000     6.6808   3.255395    32.2945       5327     3.6989 0.0000e+00
     22.000     6.7308   3.259002    32.2876       5349     3.7137 0.0000e+00
     21.000     6.7512   3.261015    32.2908       5372     3.7298 0.0000e+00
     20.000     6.7659   3.262473    32.2935       5400     3.7493 0.0000e+00
     19.000     6.8199   3.266580    32.2882       5430     3.7700 0.0000e+00
     18.000     7.0197   3.281251    32.2614       5456     3.7885 0.0000e+00
     17.000     7.0787   3.286010    32.2584       5481     3.8056 0.0000e+00
     16.000     7.0789   3.286439    32.2634       5505     3.8223 0.0000e+00
     15.000     7.1217   3.289595    32.2581       5531     3.8400 0.0000e+00
     14.000     7.1504   3.291913    32.2569       5560     3.8601 0.0000e+00
     13.000     7.1821   3.294316    32.2538       5585     3.8780 0.0000e+00
     12.000     7.2100   3.296352    32.2503       5607     3.8930 0.0000e+00
     11.000     7.2115   3.296638    32.2525       5629     3.9083 0.0000e+00
     10.000     7.2283   3.297970    32.2518       5656     3.9272 0.0000e+00
      9.000     7.2385   3.298621    32.2498       5687     3.9484 0.0000e+00
      8.000     7.2843   3.302026    32.2444       5711     3.9656 0.0000e+00
      7.000     7.3089   3.304017    32.2434       5733     3.9802 0.0000e+00
      6.000     7.3297   3.305606    32.2417       5758     3.9976 0.0000e+00
      5.000     7.3360   3.306138    32.2421       5786     4.0177 0.0000e+00
      4.000     7.4210   3.312492    32.2320       5811     4.0345 0.0000e+00
      3.000     7.4628   3.315969    32.2312       5834     4.0504 0.0000e+00
      2.000     7.5317   3.321071    32.2225       5877     4.0808 0.0000e+00
