HB2402/ctd079.cnv
* Sea-Bird SBE 9 Data File:
* FileName = C:\cruise\data\ctd079.hex
* Software Version Seasave V 7.26.7.121
* Temperature SN = 5253
* Conductivity SN = 4421
* Number of Bytes Per Scan = 37
* Number of Voltage Words = 4
* Number of Scans Averaged by the Deck Unit = 1
* NMEA Latitude = 40 07.64 N
* NMEA Longitude = 073 50.55 W
* NMEA UTC (Time) = Mar 21 2024 05:46:15
* NMEA baud rate = 4800
** Ship: Bigelow HB2304
** Program:  Fall Bottom Trawl Survey
** Chief Scientist: John Galbraith
# nquan = 7
# nvalues = 44                          
# units = specified
# name 0 = depSM: Depth [salt water, m]
# name 1 = t090C: Temperature [ITS-90, deg C]
# name 2 = c0S/m: Conductivity [S/m]
# name 3 = sal00: Salinity, Practical [PSU]
# name 4 = scan: Scan Count
# name 5 = timeM: Time, Elapsed [minutes]
# name 6 = flag: flag
# span 0 =      1.000,     24.000       
# span 1 =     6.6451,     7.5963       
# span 2 =   3.012669,   3.193293       
# span 3 =    28.8897,    31.5833       
# span 4 =         -3,       2343       
# span 5 =    -0.0030,     1.6266       
# span 6 = 0.0000e+00, 0.0000e+00       
# interval = meters: 1                  
# start_time = Mar 21 2024 05:46:15 [NMEA time, header]
# bad_flag = -9.990e-29
*END*
      4.000     7.5825   3.013859    28.8980         -3    -0.0030 0.0000e+00
      5.000     7.5816   3.013768    28.8974        285     0.1976 0.0000e+00
      6.000     7.5825   3.013945    28.8980        391     0.2711 0.0000e+00
      7.000     7.5826   3.013772    28.8957        425     0.2946 0.0000e+00
      8.000     7.5834   3.013555    28.8923        464     0.3215 0.0000e+00
      9.000     7.5830   3.013593    28.8926        501     0.3471 0.0000e+00
     10.000     7.5813   3.013222    28.8897        527     0.3656 0.0000e+00
     11.000     7.5952   3.021518    28.9655        551     0.3822 0.0000e+00
     12.000     7.5963   3.022130    28.9707        580     0.4019 0.0000e+00
     13.000     7.5916   3.032422    29.0832        608     0.4217 0.0000e+00
     14.000     7.5499   3.056603    29.3744        634     0.4394 0.0000e+00
     15.000     7.4912   3.081903    29.6929        666     0.4616 0.0000e+00
     16.000     7.3545   3.116223    30.1768        701     0.4858 0.0000e+00
     17.000     7.0321   3.150114    30.8267        724     0.5018 0.0000e+00
     18.000     6.6586   3.161308    31.2853        745     0.5167 0.0000e+00
     19.000     6.6451   3.162085    31.3055        785     0.5448 0.0000e+00
     20.000     6.6456   3.163042    31.3151        829     0.5751 0.0000e+00
     21.000     6.6477   3.165133    31.3356        848     0.5880 0.0000e+00
     22.000     6.6522   3.167674    31.3588        869     0.6027 0.0000e+00
     23.000     6.6727   3.177599    31.4483        935     0.6489 0.0000e+00
     24.000     6.7124   3.193293    31.5833       1066     0.7397 0.0000e+00
     23.000     6.6798   3.180104    31.4693       1104     0.7657 0.0000e+00
     22.000     6.6577   3.170709    31.3870       1295     0.8984 0.0000e+00
     21.000     6.6543   3.167631    31.3569       1321     0.9164 0.0000e+00
     20.000     6.6505   3.165414    31.3366       1338     0.9282 0.0000e+00
     19.000     6.6480   3.163475    31.3181       1357     0.9415 0.0000e+00
     18.000     6.6458   3.161316    31.2969       1386     0.9619 0.0000e+00
     17.000     6.7459   3.157108    31.1602       1425     0.9892 0.0000e+00
     16.000     6.9124   3.148673    30.9181       1450     1.0063 0.0000e+00
     15.000     7.0095   3.143142    30.7717       1470     1.0202 0.0000e+00
     14.000     7.2569   3.103675    30.1292       1491     1.0349 0.0000e+00
     13.000     7.4508   3.066167    29.5607       1521     1.0554 0.0000e+00
     12.000     7.5706   3.029452    29.0697       1561     1.0832 0.0000e+00
     11.000     7.5904   3.019103    28.9440       1594     1.1065 0.0000e+00
     10.000     7.5921   3.018327    28.9348       1622     1.1257 0.0000e+00
      9.000     7.5922   3.017640    28.9278       1651     1.1460 0.0000e+00
      8.000     7.5929   3.018403    28.9358       1687     1.1707 0.0000e+00
      7.000     7.5918   3.017787    28.9305       1718     1.1927 0.0000e+00
      6.000     7.5894   3.016437    28.9187       1741     1.2083 0.0000e+00
      5.000     7.5864   3.014672    28.9029       1770     1.2287 0.0000e+00
      4.000     7.5826   3.013794    28.8973       1822     1.2646 0.0000e+00
      3.000     7.5815   3.013333    28.8936       2115     1.4681 0.0000e+00
      2.000     7.5800   3.012884    28.8906       2341     1.6248 0.0000e+00
      1.000     7.5780   3.012669    28.8904       2343     1.6266 0.0000e+00
