HB2402/ctd053.cnv
* Sea-Bird SBE 9 Data File:
* FileName = C:\cruise\data\ctd053.hex
* Software Version Seasave V 7.26.7.121
* Temperature SN = 5253
* Conductivity SN = 4421
* Number of Bytes Per Scan = 37
* Number of Voltage Words = 4
* Number of Scans Averaged by the Deck Unit = 1
* NMEA Latitude = 37 42.91 N
* NMEA Longitude = 075 13.45 W
* NMEA UTC (Time) = Mar 16 2024 17:11:23
* NMEA baud rate = 4800
** Ship: Bigelow HB2304
** Program:  Fall Bottom Trawl Survey
** Chief Scientist: John Galbraith
# nquan = 7
# nvalues = 43                          
# units = specified
# name 0 = depSM: Depth [salt water, m]
# name 1 = t090C: Temperature [ITS-90, deg C]
# name 2 = c0S/m: Conductivity [S/m]
# name 3 = sal00: Salinity, Practical [PSU]
# name 4 = scan: Scan Count
# name 5 = timeM: Time, Elapsed [minutes]
# name 6 = flag: flag
# span 0 =      3.000,     24.000       
# span 1 =     7.7050,     9.0504       
# span 2 =   3.187661,   3.250326       
# span 3 =    30.1315,    30.7963       
# span 4 =        121,       2076       
# span 5 =     0.0831,     1.4412       
# span 6 = 0.0000e+00, 0.0000e+00       
# interval = meters: 1                  
# start_time = Mar 16 2024 17:11:23 [NMEA time, header]
# bad_flag = -9.990e-29
*END*
      3.000     9.0504   3.250326    30.1323        121     0.0831 0.0000e+00
      4.000     8.9669   3.243803    30.1356        254     0.1756 0.0000e+00
      5.000     8.9085   3.239243    30.1378        278     0.1926 0.0000e+00
      6.000     8.7701   3.230967    30.1696        304     0.2101 0.0000e+00
      7.000     8.5972   3.223609    30.2404        331     0.2294 0.0000e+00
      8.000     8.4262   3.217726    30.3254        361     0.2502 0.0000e+00
      9.000     8.3855   3.215083    30.3325        388     0.2689 0.0000e+00
     10.000     8.2652   3.207657    30.3581        411     0.2848 0.0000e+00
     11.000     8.0987   3.200261    30.4241        434     0.3004 0.0000e+00
     12.000     7.9569   3.194964    30.4911        460     0.3184 0.0000e+00
     13.000     7.7846   3.187661    30.5640        490     0.3393 0.0000e+00
     14.000     7.7479   3.192063    30.6425        516     0.3575 0.0000e+00
     15.000     7.7236   3.195856    30.7037        538     0.3730 0.0000e+00
     16.000     7.7118   3.197359    30.7297        561     0.3888 0.0000e+00
     17.000     7.7084   3.198070    30.7397        589     0.4084 0.0000e+00
     18.000     7.7067   3.198905    30.7497        623     0.4316 0.0000e+00
     19.000     7.7058   3.199539    30.7568        650     0.4510 0.0000e+00
     20.000     7.7054   3.199895    30.7605        674     0.4676 0.0000e+00
     21.000     7.7051   3.200439    30.7661        699     0.4844 0.0000e+00
     22.000     7.7050   3.201290    30.7748        724     0.5018 0.0000e+00
     23.000     7.7055   3.202489    30.7867        750     0.5199 0.0000e+00
     24.000     7.7064   3.203502    30.7963        773     0.5360 0.0000e+00
     23.000     7.7075   3.202974    30.7900       1326     0.9204 0.0000e+00
     22.000     7.7082   3.202256    30.7823       1568     1.0880 0.0000e+00
     21.000     7.7073   3.201550    30.7760       1580     1.0969 0.0000e+00
     20.000     7.7071   3.201133    30.7722       1605     1.1139 0.0000e+00
     19.000     7.7072   3.200826    30.7693       1633     1.1330 0.0000e+00
     18.000     7.7074   3.199791    30.7585       1659     1.1513 0.0000e+00
     17.000     7.7082   3.199291    30.7529       1683     1.1680 0.0000e+00
     16.000     7.7088   3.198448    30.7439       1707     1.1845 0.0000e+00
     15.000     7.7095   3.198040    30.7394       1733     1.2029 0.0000e+00
     14.000     7.7111   3.197605    30.7338       1762     1.2231 0.0000e+00
     13.000     7.7195   3.196291    30.7128       1789     1.2416 0.0000e+00
     12.000     7.7324   3.193370    30.6709       1812     1.2574 0.0000e+00
     11.000     7.7781   3.190942    30.6054       1834     1.2726 0.0000e+00
     10.000     7.8893   3.192298    30.5229       1858     1.2897 0.0000e+00
      9.000     8.0322   3.196749    30.4457       1886     1.3089 0.0000e+00
      8.000     8.1716   3.202914    30.3901       1912     1.3270 0.0000e+00
      7.000     8.2861   3.208723    30.3526       1937     1.3442 0.0000e+00
      6.000     8.4076   3.214290    30.3065       1963     1.3622 0.0000e+00
      5.000     8.5466   3.219332    30.2401       1989     1.3808 0.0000e+00
      4.000     8.7057   3.226745    30.1816       2013     1.3974 0.0000e+00
      3.000     8.9600   3.242793    30.1315       2076     1.4412 0.0000e+00
