HB2402/ctd027.cnv
* Sea-Bird SBE 9 Data File:
* FileName = C:\cruise\data\ctd027.hex
* Software Version Seasave V 7.26.7.121
* Temperature SN = 5253
* Conductivity SN = 4421
* Number of Bytes Per Scan = 37
* Number of Voltage Words = 4
* Number of Scans Averaged by the Deck Unit = 1
* NMEA Latitude = 34 46.74 N
* NMEA Longitude = 075 42.72 W
* NMEA UTC (Time) = Mar 12 2024 18:56:56
* NMEA baud rate = 4800
** Ship: Bigelow HB2304
** Program:  Fall Bottom Trawl Survey
** Chief Scientist: John Galbraith
# nquan = 7
# nvalues = 76                          
# units = specified
# name 0 = depSM: Depth [salt water, m]
# name 1 = t090C: Temperature [ITS-90, deg C]
# name 2 = c0S/m: Conductivity [S/m]
# name 3 = sal00: Salinity, Practical [PSU]
# name 4 = scan: Scan Count
# name 5 = timeM: Time, Elapsed [minutes]
# name 6 = flag: flag
# span 0 =      3.000,     41.000       
# span 1 =    15.0516,    19.3090       
# span 2 =   3.968576,   4.803565       
# span 3 =    32.0255,    35.6665       
# span 4 =        127,       3031       
# span 5 =     0.0878,     2.1040       
# span 6 = 0.0000e+00, 0.0000e+00       
# interval = meters: 1                  
# start_time = Mar 12 2024 18:56:56 [NMEA time, header]
# bad_flag = -9.990e-29
*END*
      4.000    15.0516   3.968576    32.0255        127     0.0878 0.0000e+00
      5.000    15.3416   4.037388    32.4043        220     0.1522 0.0000e+00
      6.000    15.9804   4.159562    32.9618        245     0.1693 0.0000e+00
      7.000    16.4913   4.252510    33.3548        275     0.1904 0.0000e+00
      8.000    16.8656   4.319604    33.6277        301     0.2082 0.0000e+00
      9.000    17.0731   4.358644    33.7925        325     0.2251 0.0000e+00
     10.000    17.2799   4.398108    33.9601        352     0.2440 0.0000e+00
     11.000    17.4608   4.438922    34.1593        378     0.2621 0.0000e+00
     12.000    17.9523   4.544364    34.6471        403     0.2791 0.0000e+00
     13.000    18.1818   4.595438    34.8874        429     0.2974 0.0000e+00
     14.000    18.1897   4.599607    34.9157        457     0.3164 0.0000e+00
     15.000    18.2194   4.607440    34.9566        481     0.3334 0.0000e+00
     16.000    18.2256   4.610512    34.9770        506     0.3504 0.0000e+00
     17.000    18.2254   4.611279    34.9834        533     0.3693 0.0000e+00
     18.000    18.2209   4.611176    34.9860        562     0.3894 0.0000e+00
     19.000    18.2292   4.614311    35.0051        589     0.4083 0.0000e+00
     20.000    18.4748   4.666339    35.2361        613     0.4249 0.0000e+00
     21.000    18.6462   4.694635    35.3281        636     0.4407 0.0000e+00
     22.000    18.6890   4.701272    35.3469        662     0.4590 0.0000e+00
     23.000    18.7275   4.707891    35.3694        692     0.4799 0.0000e+00
     24.000    18.7835   4.716853    35.3965        719     0.4988 0.0000e+00
     25.000    18.8033   4.720285    35.4081        744     0.5157 0.0000e+00
     26.000    18.8722   4.731223    35.4406        770     0.5342 0.0000e+00
     27.000    18.9442   4.742719    35.4750        798     0.5538 0.0000e+00
     28.000    19.0069   4.752801    35.5055        825     0.5721 0.0000e+00
     29.000    19.0306   4.756689    35.5174        851     0.5900 0.0000e+00
     30.000    19.0561   4.760894    35.5304        876     0.6078 0.0000e+00
     31.000    19.0728   4.763695    35.5391        903     0.6267 0.0000e+00
     32.000    19.1353   4.774107    35.5724        932     0.6466 0.0000e+00
     33.000    19.1689   4.779308    35.5867        958     0.6644 0.0000e+00
     34.000    19.2087   4.785936    35.6075        983     0.6817 0.0000e+00
     35.000    19.2345   4.790192    35.6206       1009     0.7002 0.0000e+00
     36.000    19.2416   4.791451    35.6247       1037     0.7191 0.0000e+00
     37.000    19.2558   4.793833    35.6320       1063     0.7376 0.0000e+00
     38.000    19.2681   4.795959    35.6388       1090     0.7565 0.0000e+00
     39.000    19.2648   4.795462    35.6371       1122     0.7786 0.0000e+00
     40.000    19.2708   4.796552    35.6408       1156     0.8023 0.0000e+00
     41.000    19.2756   4.797853    35.6471       1525     1.0585 0.0000e+00
     40.000    19.3090   4.803565    35.6665       2144     1.4885 0.0000e+00
     39.000    19.2999   4.801813    35.6600       2012     1.3967 0.0000e+00
     38.000    19.2984   4.801570    35.6597       2040     1.4158 0.0000e+00
     37.000    19.2971   4.801366    35.6594       2064     1.4323 0.0000e+00
     36.000    19.2951   4.801017    35.6586       2089     1.4501 0.0000e+00
     35.000    19.2807   4.798889    35.6536       2117     1.4692 0.0000e+00
     34.000    19.2525   4.794084    35.6380       2144     1.4881 0.0000e+00
     33.000    19.2247   4.789590    35.6248       2169     1.5059 0.0000e+00
     32.000    19.1975   4.785422    35.6137       2194     1.5228 0.0000e+00
     31.000    19.1749   4.781414    35.5999       2218     1.5395 0.0000e+00
     30.000    19.1678   4.780482    35.5985       2244     1.5575 0.0000e+00
     29.000    19.1534   4.778326    35.5933       2271     1.5763 0.0000e+00
     28.000    19.0911   4.768402    35.5640       2298     1.5949 0.0000e+00
     27.000    19.0608   4.762502    35.5410       2324     1.6131 0.0000e+00
     26.000    19.0200   4.756387    35.5251       2349     1.6309 0.0000e+00
     25.000    18.9843   4.751423    35.5145       2375     1.6484 0.0000e+00
     24.000    18.9500   4.745665    35.4959       2399     1.6652 0.0000e+00
     23.000    18.9426   4.743928    35.4881       2425     1.6833 0.0000e+00
     22.000    18.8936   4.735945    35.4634       2453     1.7030 0.0000e+00
     21.000    18.8706   4.733164    35.4601       2480     1.7216 0.0000e+00
     20.000    18.8740   4.732517    35.4522       2503     1.7378 0.0000e+00
     19.000    18.7658   4.716118    35.4073       2527     1.7539 0.0000e+00
     18.000    18.6833   4.702438    35.3632       2552     1.7718 0.0000e+00
     17.000    18.5730   4.686111    35.3203       2580     1.7909 0.0000e+00
     16.000    18.4287   4.659653    35.2205       2606     1.8091 0.0000e+00
     15.000    18.3750   4.645401    35.1460       2632     1.8268 0.0000e+00
     14.000    18.2910   4.627584    35.0670       2658     1.8448 0.0000e+00
     13.000    18.3496   4.636804    35.0956       2684     1.8629 0.0000e+00
     12.000    18.2868   4.625053    35.0499       2707     1.8795 0.0000e+00
     11.000    18.2911   4.624168    35.0391       2730     1.8953 0.0000e+00
     10.000    18.2887   4.623218    35.0334       2754     1.9119 0.0000e+00
      9.000    18.2715   4.618734    35.0104       2782     1.9309 0.0000e+00
      8.000    18.0961   4.581039    34.8391       2811     1.9515 0.0000e+00
      7.000    17.7772   4.508743    34.4934       2836     1.9686 0.0000e+00
      6.000    17.7030   4.489305    34.3897       2857     1.9831 0.0000e+00
      5.000    17.5283   4.453009    34.2260       2880     1.9990 0.0000e+00
      4.000    17.3419   4.413728    34.0451       2911     2.0209 0.0000e+00
      3.000    16.7570   4.299345    33.5462       3031     2.1040 0.0000e+00
