HB2402/ctd015.cnv
* Sea-Bird SBE 9 Data File:
* FileName = C:\cruise\data\ctd015.hex
* Software Version Seasave V 7.26.7.121
* Temperature SN = 5253
* Conductivity SN = 4421
* Number of Bytes Per Scan = 37
* Number of Voltage Words = 4
* Number of Scans Averaged by the Deck Unit = 1
* NMEA Latitude = 36 30.42 N
* NMEA Longitude = 075 29.12 W
* NMEA UTC (Time) = Mar 10 2024 15:58:30
* NMEA baud rate = 4800
** Ship: Bigelow HB2304
** Program:  Fall Bottom Trawl Survey
** Chief Scientist: John Galbraith
# nquan = 7
# nvalues = 42                          
# units = specified
# name 0 = depSM: Depth [salt water, m]
# name 1 = t090C: Temperature [ITS-90, deg C]
# name 2 = c0S/m: Conductivity [S/m]
# name 3 = sal00: Salinity, Practical [PSU]
# name 4 = scan: Scan Count
# name 5 = timeM: Time, Elapsed [minutes]
# name 6 = flag: flag
# span 0 =      3.000,     24.000       
# span 1 =     8.4300,     9.0020       
# span 2 =   3.275825,   3.322201       
# span 3 =    30.4372,    31.3893       
# span 4 =        183,       2337       
# span 5 =     0.1263,     1.6223       
# span 6 = 0.0000e+00, 0.0000e+00       
# interval = meters: 1                  
# start_time = Mar 10 2024 15:58:30 [NMEA time, header]
# bad_flag = -9.990e-29
*END*
      4.000     8.9970   3.276101    30.4423        183     0.1263 0.0000e+00
      5.000     9.0020   3.276054    30.4372        307     0.2127 0.0000e+00
      6.000     8.9709   3.277156    30.4747        330     0.2283 0.0000e+00
      7.000     8.9461   3.279637    30.5211        354     0.2452 0.0000e+00
      8.000     8.9270   3.282867    30.5703        377     0.2614 0.0000e+00
      9.000     8.8783   3.287849    30.6634        403     0.2791 0.0000e+00
     10.000     8.7898   3.291782    30.7803        432     0.2992 0.0000e+00
     11.000     8.6915   3.294414    30.8927        460     0.3188 0.0000e+00
     12.000     8.6543   3.295457    30.9356        488     0.3382 0.0000e+00
     13.000     8.6179   3.292944    30.9408        515     0.3569 0.0000e+00
     14.000     8.6020   3.293713    30.9623        541     0.3752 0.0000e+00
     15.000     8.6377   3.304076    31.0385        570     0.3951 0.0000e+00
     16.000     8.5376   3.312769    31.2170        599     0.4153 0.0000e+00
     17.000     8.4647   3.319266    31.3490        623     0.4322 0.0000e+00
     18.000     8.4473   3.319926    31.3710        645     0.4474 0.0000e+00
     19.000     8.4395   3.319469    31.3727        668     0.4631 0.0000e+00
     20.000     8.4326   3.319057    31.3741        693     0.4806 0.0000e+00
     21.000     8.4300   3.318986    31.3752        719     0.4988 0.0000e+00
     22.000     8.4320   3.319516    31.3785        748     0.5187 0.0000e+00
     23.000     8.4385   3.320331    31.3808       1188     0.8245 0.0000e+00
     24.000     8.4505   3.322201    31.3893       1894     1.3149 0.0000e+00
     23.000     8.4432   3.320976    31.3834       1635     1.1345 0.0000e+00
     22.000     8.4354   3.319768    31.3781       1795     1.2460 0.0000e+00
     21.000     8.4330   3.319314    31.3759       1847     1.2822 0.0000e+00
     20.000     8.4319   3.318932    31.3734       1868     1.2967 0.0000e+00
     19.000     8.4325   3.318808    31.3719       1892     1.3132 0.0000e+00
     18.000     8.4356   3.318898    31.3706       1917     1.3306 0.0000e+00
     17.000     8.4396   3.319054    31.3691       1942     1.3480 0.0000e+00
     16.000     8.4488   3.319166    31.3626       1966     1.3648 0.0000e+00
     15.000     8.4778   3.315972    31.3037       1992     1.3823 0.0000e+00
     14.000     8.5478   3.310081    31.1807       2018     1.4006 0.0000e+00
     13.000     8.5931   3.299357    31.0293       2044     1.4188 0.0000e+00
     12.000     8.6045   3.295476    30.9793       2072     1.4379 0.0000e+00
     11.000     8.6269   3.295069    30.9559       2100     1.4574 0.0000e+00
     10.000     8.6601   3.294461    30.9211       2125     1.4750 0.0000e+00
      9.000     8.7155   3.292579    30.8536       2149     1.4914 0.0000e+00
      8.000     8.7733   3.290488    30.7820       2171     1.5066 0.0000e+00
      7.000     8.8333   3.287295    30.6974       2193     1.5224 0.0000e+00
      6.000     8.8906   3.283724    30.6114       2220     1.5411 0.0000e+00
      5.000     8.9411   3.278158    30.5110       2248     1.5608 0.0000e+00
      4.000     8.9714   3.276443    30.4677       2275     1.5793 0.0000e+00
      3.000     8.9871   3.275825    30.4484       2337     1.6223 0.0000e+00
