HB2402/ctd013.cnv
* Sea-Bird SBE 9 Data File:
* FileName = C:\cruise\data\ctd013.hex
* Software Version Seasave V 7.26.7.121
* Temperature SN = 5253
* Conductivity SN = 4421
* Number of Bytes Per Scan = 37
* Number of Voltage Words = 4
* Number of Scans Averaged by the Deck Unit = 1
* NMEA Latitude = 36 44.96 N
* NMEA Longitude = 074 40.10 W
* NMEA UTC (Time) = Mar 09 2024 21:13:42
* NMEA baud rate = 4800
** Ship: Bigelow HB2304
** Program:  Fall Bottom Trawl Survey
** Chief Scientist: John Galbraith
# nquan = 7
# nvalues = 250                         
# units = specified
# name 0 = depSM: Depth [salt water, m]
# name 1 = t090C: Temperature [ITS-90, deg C]
# name 2 = c0S/m: Conductivity [S/m]
# name 3 = sal00: Salinity, Practical [PSU]
# name 4 = scan: Scan Count
# name 5 = timeM: Time, Elapsed [minutes]
# name 6 = flag: flag
# span 0 =      2.000,    127.000       
# span 1 =    11.8429,    13.9581       
# span 2 =   3.826555,   4.115538       
# span 3 =    33.4413,    34.7422       
# span 4 =         -5,       7973       
# span 5 =    -0.0043,     5.5364       
# span 6 = 0.0000e+00, 0.0000e+00       
# interval = meters: 1                  
# start_time = Mar 09 2024 21:13:42 [NMEA time, header]
# bad_flag = -9.990e-29
*END*
      2.000    12.0378   3.846425    33.4707         -5    -0.0043 0.0000e+00
      3.000    12.0381   3.846627    33.4720         22     0.0148 0.0000e+00
      4.000    12.0383   3.846686    33.4720         40     0.0274 0.0000e+00
      5.000    12.0367   3.846382    33.4701        289     0.2002 0.0000e+00
      6.000    12.0302   3.845796    33.4698        362     0.2508 0.0000e+00
      7.000    12.0112   3.844225    33.4712        409     0.2831 0.0000e+00
      8.000    12.0197   3.844938    33.4700        447     0.3095 0.0000e+00
      9.000    12.0146   3.844419    33.4692        462     0.3200 0.0000e+00
     10.000    12.0057   3.843560    33.4684        479     0.3316 0.0000e+00
     11.000    11.9817   3.841140    33.4660        497     0.3445 0.0000e+00
     12.000    11.9617   3.839486    33.4674        525     0.3641 0.0000e+00
     13.000    11.9691   3.840171    33.4671        584     0.4049 0.0000e+00
     14.000    11.9827   3.841484    33.4672        618     0.4283 0.0000e+00
     15.000    11.9787   3.841225    33.4678        634     0.4396 0.0000e+00
     16.000    11.9453   3.837238    33.4586        650     0.4505 0.0000e+00
     17.000    11.9243   3.835251    33.4578        667     0.4627 0.0000e+00
     18.000    11.8831   3.830674    33.4499        695     0.4821 0.0000e+00
     19.000    11.8797   3.830243    33.4483        738     0.5117 0.0000e+00
     20.000    11.8784   3.830058    33.4473        767     0.5316 0.0000e+00
     21.000    11.8714   3.829282    33.4456        799     0.5540 0.0000e+00
     22.000    11.8730   3.829369    33.4446        834     0.5785 0.0000e+00
     23.000    11.8585   3.827744    33.4413        857     0.5942 0.0000e+00
     24.000    11.8429   3.826555    33.4433        874     0.6060 0.0000e+00
     25.000    11.8630   3.829350    33.4521        893     0.6193 0.0000e+00
     26.000    11.8769   3.831118    33.4564        926     0.6421 0.0000e+00
     27.000    11.9794   3.844512    33.4940        972     0.6741 0.0000e+00
     28.000    12.1936   3.870329    33.5512       1001     0.6941 0.0000e+00
     29.000    12.3805   3.893749    33.6090       1023     0.7094 0.0000e+00
     30.000    12.5156   3.909815    33.6420       1044     0.7241 0.0000e+00
     31.000    12.7744   3.944993    33.7463       1068     0.7406 0.0000e+00
     32.000    12.9031   3.962323    33.7961       1103     0.7656 0.0000e+00
     33.000    12.8299   3.956184    33.8027       1147     0.7957 0.0000e+00
     34.000    12.7937   3.954408    33.8178       1171     0.8125 0.0000e+00
     35.000    12.9750   3.979809    33.8968       1189     0.8248 0.0000e+00
     36.000    13.1193   3.997441    33.9345       1207     0.8374 0.0000e+00
     37.000    13.2105   4.010049    33.9718       1231     0.8538 0.0000e+00
     38.000    13.3879   4.033951    34.0383       1274     0.8844 0.0000e+00
     39.000    13.5029   4.049762    34.0839       1319     0.9154 0.0000e+00
     40.000    13.6238   4.066816    34.1356       1347     0.9347 0.0000e+00
     41.000    13.7136   4.079808    34.1767       1369     0.9501 0.0000e+00
     42.000    13.8349   4.096940    34.2280       1389     0.9636 0.0000e+00
     43.000    13.9260   4.109438    34.2628       1409     0.9779 0.0000e+00
     44.000    13.7681   4.091121    34.2324       1436     0.9967 0.0000e+00
     45.000    13.6703   4.081516    34.2297       1476     1.0245 0.0000e+00
     46.000    13.5071   4.062743    34.1992       1510     1.0477 0.0000e+00
     47.000    13.3970   4.052293    34.1993       1542     1.0698 0.0000e+00
     48.000    13.4886   4.065679    34.2426       1571     1.0901 0.0000e+00
     49.000    13.8422   4.113881    34.3766       1591     1.1042 0.0000e+00
     50.000    13.7384   4.100987    34.3488       1610     1.1172 0.0000e+00
     51.000    13.2640   4.046186    34.2593       1633     1.1334 0.0000e+00
     52.000    12.8641   4.001244    34.1937       1671     1.1600 0.0000e+00
     53.000    12.7620   3.989363    34.1722       1707     1.1845 0.0000e+00
     54.000    12.7677   3.990543    34.1778       1738     1.2060 0.0000e+00
     55.000    12.7891   3.993211    34.1836       1772     1.2300 0.0000e+00
     56.000    12.8186   3.998217    34.2041       1795     1.2456 0.0000e+00
     57.000    12.9238   4.013137    34.2507       1813     1.2585 0.0000e+00
     58.000    13.0194   4.024906    34.2758       1832     1.2717 0.0000e+00
     59.000    13.0479   4.028766    34.2863       1860     1.2912 0.0000e+00
     60.000    13.0947   4.035587    34.3083       1908     1.3245 0.0000e+00
     61.000    13.1809   4.051873    34.3843       1936     1.3434 0.0000e+00
     62.000    13.1652   4.058091    34.4570       1957     1.3583 0.0000e+00
     63.000    13.0799   4.051451    34.4711       1982     1.3757 0.0000e+00
     64.000    13.0651   4.050270    34.4729       2014     1.3976 0.0000e+00
     65.000    13.0595   4.049808    34.4731       2048     1.4213 0.0000e+00
     66.000    13.0514   4.049180    34.4742       2079     1.4428 0.0000e+00
     67.000    13.0429   4.048467    34.4747       2106     1.4619 0.0000e+00
     68.000    13.0367   4.048012    34.4756       2129     1.4775 0.0000e+00
     69.000    13.0377   4.048123    34.4753       2149     1.4915 0.0000e+00
     70.000    13.0315   4.047509    34.4747       2176     1.5108 0.0000e+00
     71.000    13.0239   4.046851    34.4749       2222     1.5420 0.0000e+00
     72.000    13.0160   4.046045    34.4740       2245     1.5586 0.0000e+00
     73.000    13.0121   4.045731    34.4742       2268     1.5743 0.0000e+00
     74.000    13.0066   4.045186    34.4736       2293     1.5919 0.0000e+00
     75.000    12.9916   4.043717    34.4728       2324     1.6132 0.0000e+00
     76.000    12.9778   4.042485    34.4732       2353     1.6333 0.0000e+00
     77.000    12.9716   4.041835    34.4722       2376     1.6492 0.0000e+00
     78.000    12.9701   4.041712    34.4720       2395     1.6626 0.0000e+00
     79.000    12.9640   4.041239    34.4727       2415     1.6767 0.0000e+00
     80.000    12.9547   4.040560    34.4742       2457     1.7055 0.0000e+00
     81.000    12.9475   4.040074    34.4758       2511     1.7431 0.0000e+00
     82.000    12.9460   4.039982    34.4758       2526     1.7535 0.0000e+00
     83.000    12.9374   4.039233    34.4760       2541     1.7640 0.0000e+00
     84.000    12.9341   4.039120    34.4776       2557     1.7748 0.0000e+00
     85.000    12.9335   4.039140    34.4779       2589     1.7972 0.0000e+00
     86.000    12.9338   4.039396    34.4796       2644     1.8358 0.0000e+00
     87.000    12.9355   4.039867    34.4821       2659     1.8456 0.0000e+00
     88.000    12.9371   4.040286    34.4842       2674     1.8562 0.0000e+00
     89.000    12.9454   4.041451    34.4874       2691     1.8683 0.0000e+00
     90.000    12.9519   4.042463    34.4906       2720     1.8883 0.0000e+00
     91.000    12.9698   4.045154    34.4995       2774     1.9258 0.0000e+00
     92.000    12.9754   4.046263    34.5046       2810     1.9509 0.0000e+00
     93.000    12.9872   4.048477    34.5145       2828     1.9635 0.0000e+00
     94.000    12.9877   4.049103    34.5196       2843     1.9738 0.0000e+00
     95.000    12.9831   4.049708    34.5291       2859     1.9845 0.0000e+00
     96.000    12.9766   4.050012    34.5375       2877     1.9969 0.0000e+00
     97.000    12.9595   4.049975    34.5523       2905     2.0170 0.0000e+00
     98.000    12.9306   4.049553    34.5743       2948     2.0466 0.0000e+00
     99.000    12.9145   4.049098    34.5842       2979     2.0681 0.0000e+00
    100.000    12.8781   4.049416    34.6202       3006     2.0865 0.0000e+00
    101.000    12.8816   4.051161    34.6332       3032     2.1045 0.0000e+00
    102.000    12.8701   4.052448    34.6555       3056     2.1218 0.0000e+00
    103.000    12.8893   4.056015    34.6716       3079     2.1372 0.0000e+00
    104.000    12.8862   4.055931    34.6732       3101     2.1530 0.0000e+00
    105.000    12.9815   4.068753    34.7077       3130     2.1726 0.0000e+00
    106.000    13.0030   4.071273    34.7116       3159     2.1928 0.0000e+00
    107.000    13.0072   4.071970    34.7140       3183     2.2099 0.0000e+00
    108.000    13.0068   4.071970    34.7138       3206     2.2258 0.0000e+00
    109.000    13.0072   4.072087    34.7142       3231     2.2428 0.0000e+00
    110.000    13.0112   4.072701    34.7160       3258     2.2621 0.0000e+00
    111.000    13.0208   4.074008    34.7192       3287     2.2817 0.0000e+00
    112.000    13.0188   4.073853    34.7191       3314     2.3005 0.0000e+00
    113.000    13.0210   4.074155    34.7196       3343     2.3211 0.0000e+00
    114.000    13.0410   4.076682    34.7249       3381     2.3470 0.0000e+00
    115.000    13.0460   4.077412    34.7268       3407     2.3654 0.0000e+00
    116.000    13.0448   4.077374    34.7271       3425     2.3780 0.0000e+00
    117.000    13.0456   4.077475    34.7269       3441     2.3891 0.0000e+00
    118.000    13.0444   4.077345    34.7263       3458     2.4008 0.0000e+00
    119.000    13.0402   4.076861    34.7252       3478     2.4145 0.0000e+00
    120.000    13.0470   4.077743    34.7269       3508     2.4353 0.0000e+00
    121.000    13.0428   4.077219    34.7253       3561     2.4720 0.0000e+00
    122.000    13.0408   4.077044    34.7251       3592     2.4937 0.0000e+00
    123.000    13.0429   4.077468    34.7268       3611     2.5068 0.0000e+00
    124.000    13.0726   4.081130    34.7339       3628     2.5190 0.0000e+00
    125.000    13.0675   4.080396    34.7312       3649     2.5332 0.0000e+00
    126.000    13.0663   4.080427    34.7322       3827     2.6569 0.0000e+00
    127.000    13.1025   4.085005    34.7422       4065     2.8219 0.0000e+00
    126.000    13.0717   4.081080    34.7335       4075     2.8294 0.0000e+00
    125.000    13.0726   4.081356    34.7357       4369     3.0330 0.0000e+00
    124.000    13.0536   4.078862    34.7298       4743     3.2930 0.0000e+00
    123.000    13.0486   4.078175    34.7283       4754     3.3010 0.0000e+00
    122.000    13.0515   4.078491    34.7291       4777     3.3169 0.0000e+00
    121.000    13.0747   4.081465    34.7365       4852     3.3686 0.0000e+00
    120.000    13.0706   4.080791    34.7342       4882     3.3895 0.0000e+00
    119.000    13.0658   4.080174    34.7333       4899     3.4015 0.0000e+00
    118.000    13.0608   4.079547    34.7323       4918     3.4145 0.0000e+00
    117.000    13.0580   4.079134    34.7313       4962     3.4451 0.0000e+00
    116.000    13.0545   4.078596    34.7298       5016     3.4825 0.0000e+00
    115.000    13.0606   4.079301    34.7314       5033     3.4948 0.0000e+00
    114.000    13.0583   4.078961    34.7307       5050     3.5065 0.0000e+00
    113.000    13.0533   4.078308    34.7295       5068     3.5185 0.0000e+00
    112.000    13.0491   4.077765    34.7286       5091     3.5349 0.0000e+00
    111.000    13.0391   4.076442    34.7256       5128     3.5603 0.0000e+00
    110.000    13.0343   4.075690    34.7232       5163     3.5851 0.0000e+00
    109.000    13.0294   4.074923    34.7209       5192     3.6048 0.0000e+00
    108.000    13.0272   4.074612    34.7203       5222     3.6260 0.0000e+00
    107.000    13.0192   4.073514    34.7176       5251     3.6459 0.0000e+00
    106.000    12.9895   4.069781    34.7098       5271     3.6596 0.0000e+00
    105.000    12.9426   4.063947    34.6976       5287     3.6711 0.0000e+00
    104.000    12.9268   4.061904    34.6930       5305     3.6835 0.0000e+00
    103.000    12.9078   4.059137    34.6845       5332     3.7021 0.0000e+00
    102.000    12.8616   4.052821    34.6669       5373     3.7308 0.0000e+00
    101.000    12.8778   4.053896    34.6628       5409     3.7552 0.0000e+00
    100.000    12.8799   4.052907    34.6519       5439     3.7760 0.0000e+00
     99.000    12.8833   4.050875    34.6298       5462     3.7924 0.0000e+00
     98.000    12.8958   4.049902    34.6094       5481     3.8053 0.0000e+00
     97.000    12.9212   4.050225    34.5897       5499     3.8183 0.0000e+00
     96.000    12.9292   4.050331    34.5838       5521     3.8335 0.0000e+00
     95.000    12.9386   4.050457    34.5768       5551     3.8540 0.0000e+00
     94.000    12.9540   4.050448    34.5632       5580     3.8742 0.0000e+00
     93.000    12.9825   4.050271    34.5359       5607     3.8928 0.0000e+00
     92.000    12.9833   4.050050    34.5334       5639     3.9154 0.0000e+00
     91.000    12.9838   4.048927    34.5227       5668     3.9352 0.0000e+00
     90.000    12.9815   4.048325    34.5195       5688     3.9495 0.0000e+00
     89.000    12.9769   4.047111    34.5126       5709     3.9636 0.0000e+00
     88.000    12.9711   4.045964    34.5073       5735     3.9816 0.0000e+00
     87.000    12.9647   4.044975    34.5042       5770     4.0064 0.0000e+00
     86.000    12.9442   4.041797    34.4931       5798     4.0257 0.0000e+00
     85.000    12.9369   4.040572    34.4884       5819     4.0404 0.0000e+00
     84.000    12.9359   4.040290    34.4871       5840     4.0549 0.0000e+00
     83.000    12.9348   4.039921    34.4850       5861     4.0691 0.0000e+00
     82.000    12.9378   4.040013    34.4835       5883     4.0845 0.0000e+00
     81.000    12.9442   4.040392    34.4817       5914     4.1059 0.0000e+00
     80.000    12.9501   4.040801    34.4807       5960     4.1380 0.0000e+00
     79.000    12.9559   4.041218    34.4798       5983     4.1542 0.0000e+00
     78.000    12.9627   4.041728    34.4789       5999     4.1652 0.0000e+00
     77.000    12.9682   4.042148    34.4783       6014     4.1756 0.0000e+00
     76.000    12.9704   4.042294    34.4782       6028     4.1858 0.0000e+00
     75.000    12.9696   4.042201    34.4784       6047     4.1989 0.0000e+00
     74.000    12.9940   4.044380    34.4773       6116     4.2463 0.0000e+00
     73.000    12.9914   4.044109    34.4776       6151     4.2708 0.0000e+00
     72.000    12.9937   4.044255    34.4773       6161     4.2777 0.0000e+00
     71.000    13.0034   4.045118    34.4771       6171     4.2849 0.0000e+00
     70.000    13.0104   4.045692    34.4766       6184     4.2939 0.0000e+00
     69.000    13.0136   4.045978    34.4768       6200     4.3050 0.0000e+00
     68.000    13.0219   4.046720    34.4768       6236     4.3297 0.0000e+00
     67.000    13.0278   4.047262    34.4769       6281     4.3613 0.0000e+00
     66.000    13.0381   4.048206    34.4770       6307     4.3789 0.0000e+00
     65.000    13.0408   4.048444    34.4773       6336     4.3991 0.0000e+00
     64.000    13.0441   4.048727    34.4773       6368     4.4213 0.0000e+00
     63.000    13.0572   4.049875    34.4768       6391     4.4374 0.0000e+00
     62.000    13.0853   4.052284    34.4745       6408     4.4493 0.0000e+00
     61.000    13.1088   4.054250    34.4722       6425     4.4608 0.0000e+00
     60.000    13.1516   4.054813    34.4392       6444     4.4744 0.0000e+00
     59.000    13.1418   4.048468    34.3883       6474     4.4953 0.0000e+00
     58.000    13.1540   4.046091    34.3551       6513     4.5219 0.0000e+00
     57.000    13.1620   4.042768    34.3168       6545     4.5443 0.0000e+00
     56.000    13.1157   4.035920    34.2941       6584     4.5713 0.0000e+00
     55.000    13.0361   4.025725    34.2698       6608     4.5881 0.0000e+00
     54.000    12.9451   4.013994    34.2409       6622     4.5976 0.0000e+00
     53.000    12.8731   4.004816    34.2191       6635     4.6072 0.0000e+00
     52.000    12.8150   3.996921    34.1968       6648     4.6162 0.0000e+00
     51.000    12.8021   3.994996    34.1905       6663     4.6264 0.0000e+00
     50.000    13.0013   4.017008    34.2204       6717     4.6637 0.0000e+00
     49.000    13.1499   4.034329    34.2511       6765     4.6975 0.0000e+00
     48.000    13.5219   4.077787    34.3264       6778     4.7060 0.0000e+00
