HB2402/ctd009.cnv
* Sea-Bird SBE 9 Data File:
* FileName = C:\cruise\data\ctd009.hex
* Software Version Seasave V 7.26.7.121
* Temperature SN = 5253
* Conductivity SN = 4421
* Number of Bytes Per Scan = 37
* Number of Voltage Words = 4
* Number of Scans Averaged by the Deck Unit = 1
* NMEA Latitude = 37 11.23 N
* NMEA Longitude = 074 39.73 W
* NMEA UTC (Time) = Mar 09 2024 08:04:06
* NMEA baud rate = 4800
** Ship: Bigelow HB2304
** Program:  Fall Bottom Trawl Survey
** Chief Scientist: John Galbraith
# nquan = 7
# nvalues = 168                         
# units = specified
# name 0 = depSM: Depth [salt water, m]
# name 1 = t090C: Temperature [ITS-90, deg C]
# name 2 = c0S/m: Conductivity [S/m]
# name 3 = sal00: Salinity, Practical [PSU]
# name 4 = scan: Scan Count
# name 5 = timeM: Time, Elapsed [minutes]
# name 6 = flag: flag
# span 0 =      2.000,     86.000       
# span 1 =     7.9886,    10.8204       
# span 2 =   3.403295,   3.770105       
# span 3 =    32.4650,    33.7914       
# span 4 =       -152,       6127       
# span 5 =    -0.1066,     4.2543       
# span 6 = 0.0000e+00, 0.0000e+00       
# interval = meters: 1                  
# start_time = Mar 09 2024 08:04:06 [NMEA time, header]
# bad_flag = -9.990e-29
*END*
      3.000     8.9457   3.468911    32.4827       -152    -0.1066 0.0000e+00
      4.000     8.9486   3.469115    32.4818        253     0.1749 0.0000e+00
      5.000     8.9476   3.469074    32.4818        359     0.2487 0.0000e+00
      6.000     8.9379   3.468103    32.4801        461     0.3194 0.0000e+00
      7.000     8.9407   3.468344    32.4796        480     0.3325 0.0000e+00
      8.000     8.9432   3.468594    32.4795        503     0.3485 0.0000e+00
      9.000     8.9403   3.468307    32.4787        541     0.3753 0.0000e+00
     10.000     8.9193   3.466658    32.4803        586     0.4063 0.0000e+00
     11.000     8.9234   3.466997    32.4796        607     0.4208 0.0000e+00
     12.000     8.8760   3.463611    32.4873        626     0.4342 0.0000e+00
     13.000     8.8176   3.459857    32.5012        646     0.4481 0.0000e+00
     14.000     8.6388   3.452033    32.5835        685     0.4750 0.0000e+00
     15.000     8.5649   3.449083    32.6201        756     0.5244 0.0000e+00
     16.000     8.5527   3.447950    32.6191        785     0.5442 0.0000e+00
     17.000     8.5295   3.445835    32.6178        805     0.5581 0.0000e+00
     18.000     8.4955   3.442657    32.6155        823     0.5706 0.0000e+00
     19.000     8.4520   3.438765    32.6142        839     0.5819 0.0000e+00
     20.000     8.4287   3.436768    32.6143        856     0.5935 0.0000e+00
     21.000     8.4154   3.435604    32.6139        874     0.6064 0.0000e+00
     22.000     8.3840   3.433662    32.6220        897     0.6225 0.0000e+00
     23.000     8.3599   3.432330    32.6298        927     0.6428 0.0000e+00
     24.000     8.3524   3.431838    32.6312        964     0.6689 0.0000e+00
     25.000     8.3387   3.430899    32.6335       1008     0.6996 0.0000e+00
     26.000     8.3345   3.430604    32.6338       1047     0.7263 0.0000e+00
     27.000     8.3233   3.429791    32.6351       1072     0.7435 0.0000e+00
     28.000     8.3136   3.429103    32.6364       1092     0.7579 0.0000e+00
     29.000     8.3029   3.428386    32.6383       1112     0.7714 0.0000e+00
     30.000     8.2647   3.425240    32.6401       1132     0.7851 0.0000e+00
     31.000     8.2240   3.421924    32.6424       1151     0.7984 0.0000e+00
     32.000     8.1890   3.419424    32.6479       1170     0.8117 0.0000e+00
     33.000     8.1508   3.416765    32.6548       1190     0.8256 0.0000e+00
     34.000     8.1113   3.413220    32.6535       1223     0.8487 0.0000e+00
     35.000     8.0405   3.407094    32.6540       1292     0.8969 0.0000e+00
     36.000     7.9886   3.403295    32.6615       1321     0.9164 0.0000e+00
     37.000     8.0155   3.408647    32.6929       1342     0.9312 0.0000e+00
     38.000     8.0677   3.415182    32.7132       1360     0.9439 0.0000e+00
     39.000     8.1065   3.421219    32.7407       1378     0.9563 0.0000e+00
     40.000     8.1433   3.427238    32.7697       1395     0.9683 0.0000e+00
     41.000     8.1882   3.434961    32.8093       1415     0.9820 0.0000e+00
     42.000     8.2955   3.450059    32.8684       1444     1.0019 0.0000e+00
     43.000     8.4453   3.468109    32.9185       1499     1.0403 0.0000e+00
     44.000     8.4970   3.475307    32.9456       1531     1.0625 0.0000e+00
     45.000     8.5531   3.482827    32.9719       1550     1.0755 0.0000e+00
     46.000     8.5946   3.488496    32.9922       1567     1.0876 0.0000e+00
     47.000     8.6665   3.497250    33.0166       1586     1.1008 0.0000e+00
     48.000     8.7044   3.501904    33.0296       1611     1.1178 0.0000e+00
     49.000     8.7258   3.504520    33.0365       1651     1.1460 0.0000e+00
     50.000     8.7292   3.505139    33.0394       1696     1.1767 0.0000e+00
     51.000     8.7284   3.505110    33.0393       1721     1.1943 0.0000e+00
     52.000     8.7495   3.507847    33.0478       1742     1.2088 0.0000e+00
     53.000     8.7512   3.508035    33.0478       1761     1.2225 0.0000e+00
     54.000     8.8478   3.521022    33.0930       1782     1.2368 0.0000e+00
     55.000     8.9077   3.527929    33.1088       1801     1.2501 0.0000e+00
     56.000     8.9565   3.533885    33.1249       1821     1.2635 0.0000e+00
     57.000     8.9777   3.536552    33.1325       1843     1.2793 0.0000e+00
     58.000     9.0777   3.548929    33.1675       1901     1.3195 0.0000e+00
     59.000     9.2015   3.563973    33.2079       1952     1.3551 0.0000e+00
     60.000     9.2720   3.572869    33.2338       1975     1.3705 0.0000e+00
     61.000     9.5610   3.608078    33.3276       1994     1.3839 0.0000e+00
     62.000     9.8061   3.636923    33.3953       2011     1.3958 0.0000e+00
     63.000     9.8762   3.646889    33.4316       2028     1.4075 0.0000e+00
     64.000     9.9774   3.661038    33.4815       2048     1.4212 0.0000e+00
     65.000    10.1264   3.680846    33.5442       2076     1.4410 0.0000e+00
     66.000    10.3506   3.710004    33.6311       2112     1.4659 0.0000e+00
     67.000    10.4935   3.727624    33.6761       2138     1.4837 0.0000e+00
     68.000    10.5323   3.732360    33.6874       2162     1.5008 0.0000e+00
     69.000    10.5422   3.734363    33.6979       2197     1.5251 0.0000e+00
     70.000    10.6536   3.748161    33.7330       2241     1.5553 0.0000e+00
     71.000    10.6554   3.748302    33.7323       2269     1.5747 0.0000e+00
     72.000    10.7190   3.756633    33.7565       2294     1.5926 0.0000e+00
     73.000    10.7451   3.759638    33.7621       2320     1.6103 0.0000e+00
     74.000    10.7490   3.760298    33.7646       2341     1.6252 0.0000e+00
     75.000    10.7508   3.760673    33.7663       2358     1.6371 0.0000e+00
     76.000    10.7666   3.762724    33.7718       2374     1.6481 0.0000e+00
     77.000    10.7768   3.763969    33.7743       2392     1.6606 0.0000e+00
     78.000    10.7700   3.763258    33.7731       2444     1.6964 0.0000e+00
     79.000    10.7727   3.763797    33.7755       2506     1.7396 0.0000e+00
     80.000    10.7763   3.764229    33.7760       2525     1.7528 0.0000e+00
     81.000    10.7742   3.764124    33.7765       2544     1.7659 0.0000e+00
     82.000    10.7827   3.765253    33.7795       2562     1.7785 0.0000e+00
     83.000    10.7843   3.765467    33.7797       2580     1.7911 0.0000e+00
     84.000    10.7803   3.765051    33.7788       2599     1.8043 0.0000e+00
     85.000    10.7956   3.766997    33.7836       2627     1.8233 0.0000e+00
     86.000    10.8204   3.770105    33.7914       2812     1.9522 0.0000e+00
     85.000    10.8022   3.768146    33.7891       2912     2.0217 0.0000e+00
     84.000    10.7948   3.767081    33.7857       3202     2.2229 0.0000e+00
     83.000    10.7920   3.766770    33.7856       3408     2.3658 0.0000e+00
     82.000    10.7793   3.765145    33.7815       3424     2.3771 0.0000e+00
     81.000    10.7701   3.763981    33.7789       3460     2.4024 0.0000e+00
     80.000    10.7695   3.763857    33.7786       3503     2.4317 0.0000e+00
     79.000    10.7666   3.763430    33.7775       3537     2.4557 0.0000e+00
     78.000    10.7652   3.763213    33.7770       3572     2.4801 0.0000e+00
     77.000    10.7629   3.762869    33.7761       3600     2.4991 0.0000e+00
     76.000    10.7646   3.763030    33.7766       3619     2.5127 0.0000e+00
     75.000    10.7642   3.762893    33.7761       3636     2.5243 0.0000e+00
     74.000    10.7608   3.762483    33.7756       3653     2.5360 0.0000e+00
     73.000    10.7592   3.762246    33.7751       3674     2.5505 0.0000e+00
     72.000    10.7522   3.761350    33.7731       3705     2.5726 0.0000e+00
     71.000    10.7247   3.757851    33.7639       3746     2.6007 0.0000e+00
     70.000    10.6986   3.754548    33.7554       3804     2.6407 0.0000e+00
     69.000    10.6982   3.754537    33.7561       3834     2.6622 0.0000e+00
     68.000    10.6601   3.749698    33.7433       3854     2.6760 0.0000e+00
     67.000    10.6133   3.744034    33.7302       3872     2.6884 0.0000e+00
     66.000    10.5706   3.738433    33.7139       3889     2.7001 0.0000e+00
     65.000    10.4949   3.728531    33.6847       3906     2.7116 0.0000e+00
     64.000    10.4049   3.717641    33.6588       3921     2.7225 0.0000e+00
     63.000    10.3308   3.708219    33.6328       3939     2.7347 0.0000e+00
     62.000    10.2140   3.692362    33.5810       3959     2.7489 0.0000e+00
     61.000     9.8205   3.639901    33.4130       4027     2.7957 0.0000e+00
     60.000     9.6766   3.621640    33.3599       4086     2.8371 0.0000e+00
     59.000     9.5172   3.602712    33.3141       4105     2.8499 0.0000e+00
     58.000     9.3321   3.580546    33.2583       4122     2.8619 0.0000e+00
     57.000     9.1861   3.563232    33.2154       4137     2.8722 0.0000e+00
     56.000     9.0778   3.550136    33.1809       4152     2.8829 0.0000e+00
     55.000     9.0078   3.541112    33.1528       4169     2.8947 0.0000e+00
     54.000     8.9608   3.535463    33.1382       4192     2.9104 0.0000e+00
     53.000     8.9244   3.530444    33.1203       4231     2.9376 0.0000e+00
     52.000     8.8447   3.520619    33.0926       4263     2.9599 0.0000e+00
     51.000     8.7902   3.513829    33.0730       4285     2.9748 0.0000e+00
     50.000     8.7271   3.505745    33.0477       4316     2.9964 0.0000e+00
     49.000     8.6951   3.501555    33.0341       4378     3.0398 0.0000e+00
     48.000     8.6893   3.500615    33.0302       4403     3.0570 0.0000e+00
     47.000     8.6822   3.499758    33.0282       4423     3.0712 0.0000e+00
     46.000     8.6819   3.499683    33.0282       4443     3.0846 0.0000e+00
     45.000     8.6786   3.499109    33.0257       4465     3.1002 0.0000e+00
     44.000     8.6494   3.495124    33.0116       4492     3.1187 0.0000e+00
     43.000     8.5902   3.487760    32.9900       4517     3.1361 0.0000e+00
     42.000     8.5417   3.481084    32.9656       4537     3.1501 0.0000e+00
     41.000     8.4619   3.470512    32.9293       4557     3.1638 0.0000e+00
     40.000     8.3933   3.461392    32.8976       4579     3.1789 0.0000e+00
     39.000     8.1695   3.430647    32.7818       4644     3.2242 0.0000e+00
     38.000     8.1491   3.426957    32.7622       4707     3.2678 0.0000e+00
     37.000     8.1142   3.421601    32.7384       4722     3.2782 0.0000e+00
     36.000     8.1030   3.419656    32.7287       4735     3.2875 0.0000e+00
     35.000     8.0855   3.416779    32.7150       4748     3.2966 0.0000e+00
     34.000     8.0464   3.411434    32.6951       4762     3.3064 0.0000e+00
     33.000     8.0368   3.409373    32.6826       4779     3.3182 0.0000e+00
     32.000     8.0461   3.409231    32.6729       4804     3.3355 0.0000e+00
     31.000     8.0638   3.410389    32.6691       4845     3.3641 0.0000e+00
     30.000     8.1239   3.414723    32.6596       4903     3.4042 0.0000e+00
     29.000     8.1655   3.418089    32.6570       4945     3.4332 0.0000e+00
     28.000     8.1836   3.419362    32.6542       4968     3.4495 0.0000e+00
     27.000     8.1982   3.420332    32.6513       4989     3.4642 0.0000e+00
     26.000     8.2183   3.421862    32.6493       5010     3.4781 0.0000e+00
     25.000     8.2368   3.423362    32.6485       5030     3.4925 0.0000e+00
     24.000     8.2598   3.425113    32.6460       5052     3.5074 0.0000e+00
     23.000     8.2788   3.426512    32.6437       5076     3.5240 0.0000e+00
     22.000     8.2922   3.427399    32.6410       5105     3.5441 0.0000e+00
     21.000     8.3075   3.428502    32.6390       5142     3.5702 0.0000e+00
     20.000     8.3272   3.429893    32.6359       5216     3.6212 0.0000e+00
     19.000     8.3445   3.430979    32.6318       5253     3.6474 0.0000e+00
     18.000     8.3740   3.432521    32.6211       5274     3.6618 0.0000e+00
     17.000     8.3873   3.433009    32.6144       5293     3.6751 0.0000e+00
     16.000     8.3939   3.433316    32.6120       5316     3.6911 0.0000e+00
     15.000     8.4291   3.436245    32.6108       5365     3.7247 0.0000e+00
     14.000     8.4678   3.439638    32.6111       5411     3.7570 0.0000e+00
     13.000     8.5023   3.442715    32.6120       5445     3.7803 0.0000e+00
     12.000     8.5407   3.446229    32.6140       5507     3.8237 0.0000e+00
     11.000     8.5497   3.446950    32.6136       5543     3.8487 0.0000e+00
     10.000     8.5594   3.447575    32.6117       5562     3.8617 0.0000e+00
      9.000     8.6066   3.449350    32.5872       5581     3.8748 0.0000e+00
      8.000     8.7004   3.453405    32.5438       5603     3.8905 0.0000e+00
      7.000     8.8138   3.459102    32.4996       5639     3.9150 0.0000e+00
      6.000     8.9324   3.466167    32.4650       5725     3.9747 0.0000e+00
      5.000     8.9053   3.464555    32.4735       5757     3.9970 0.0000e+00
      4.000     8.9024   3.464436    32.4754       5779     4.0128 0.0000e+00
      3.000     8.9166   3.465523    32.4741       5817     4.0391 0.0000e+00
      2.000     8.9232   3.466202    32.4756       6127     4.2543 0.0000e+00
