HB2402/ctd028.cnv
* Sea-Bird SBE 9 Data File:
* FileName = C:\cruise\data\ctd028.hex
* Software Version Seasave V 7.26.7.121
* Temperature SN = 5253
* Conductivity SN = 4421
* Number of Bytes Per Scan = 37
* Number of Voltage Words = 4
* Number of Scans Averaged by the Deck Unit = 1
* NMEA Latitude = 34 45.00 N
* NMEA Longitude = 075 55.45 W
* NMEA UTC (Time) = Mar 12 2024 21:30:38
* NMEA baud rate = 4800
** Ship: Bigelow HB2304
** Program:  Fall Bottom Trawl Survey
** Chief Scientist: John Galbraith
# nquan = 7
# nvalues = 50                          
# units = specified
# name 0 = depSM: Depth [salt water, m]
# name 1 = t090C: Temperature [ITS-90, deg C]
# name 2 = c0S/m: Conductivity [S/m]
# name 3 = sal00: Salinity, Practical [PSU]
# name 4 = scan: Scan Count
# name 5 = timeM: Time, Elapsed [minutes]
# name 6 = flag: flag
# span 0 =      3.000,     28.000       
# span 1 =    16.6703,    18.4263       
# span 2 =   4.340152,   4.665037       
# span 3 =    33.9732,    35.2696       
# span 4 =        216,       2409       
# span 5 =     0.1496,     1.6719       
# span 6 = 0.0000e+00, 0.0000e+00       
# interval = meters: 1                  
# start_time = Mar 12 2024 21:30:38 [NMEA time, header]
# bad_flag = -9.990e-29
*END*
      4.000    16.6703   4.340152    33.9732        216     0.1496 0.0000e+00
      5.000    16.7340   4.355037    34.0490        271     0.1876 0.0000e+00
      6.000    16.8366   4.378592    34.1671        293     0.2025 0.0000e+00
      7.000    16.9979   4.416289    34.3578        318     0.2202 0.0000e+00
      8.000    17.1098   4.443157    34.4956        347     0.2402 0.0000e+00
      9.000    17.1285   4.448050    34.5217        375     0.2598 0.0000e+00
     10.000    17.1555   4.454075    34.5505        402     0.2783 0.0000e+00
     11.000    17.1978   4.461717    34.5802        428     0.2964 0.0000e+00
     12.000    17.2241   4.466250    34.5966        454     0.3144 0.0000e+00
     13.000    17.2434   4.469451    34.6074        480     0.3330 0.0000e+00
     14.000    17.3054   4.481229    34.6559        508     0.3520 0.0000e+00
     15.000    17.4006   4.495738    34.6995        534     0.3699 0.0000e+00
     16.000    17.4811   4.508053    34.7364        558     0.3871 0.0000e+00
     17.000    17.6183   4.529200    34.8006        583     0.4044 0.0000e+00
     18.000    17.7843   4.554226    34.8730        609     0.4224 0.0000e+00
     19.000    17.8230   4.560122    34.8901        635     0.4399 0.0000e+00
     20.000    17.9823   4.588379    34.9949        660     0.4577 0.0000e+00
     21.000    18.1726   4.620588    35.1063        688     0.4770 0.0000e+00
     22.000    18.2597   4.636260    35.1646        717     0.4972 0.0000e+00
     23.000    18.3293   4.648496    35.2085        743     0.5155 0.0000e+00
     24.000    18.3851   4.657698    35.2383        773     0.5361 0.0000e+00
     25.000    18.3990   4.660248    35.2476        808     0.5603 0.0000e+00
     26.000    18.4115   4.662622    35.2567        838     0.5813 0.0000e+00
     27.000    18.4263   4.665037    35.2640        863     0.5988 0.0000e+00
     28.000    18.4228   4.664878    35.2653       1007     0.6989 0.0000e+00
     27.000    18.4166   4.664706    35.2696       2146     1.4899 0.0000e+00
     26.000    18.4171   4.664285    35.2659       1774     1.2316 0.0000e+00
     25.000    18.4156   4.663988    35.2651       1787     1.2405 0.0000e+00
     24.000    18.4136   4.663606    35.2640       1813     1.2584 0.0000e+00
     23.000    18.4032   4.661846    35.2583       1839     1.2764 0.0000e+00
     22.000    18.3710   4.656307    35.2394       1866     1.2951 0.0000e+00
     21.000    18.3216   4.647763    35.2096       1892     1.3129 0.0000e+00
     20.000    18.2553   4.635909    35.1661       1914     1.3287 0.0000e+00
     19.000    18.1968   4.624748    35.1217       1937     1.3442 0.0000e+00
     18.000    18.0291   4.596399    35.0242       1961     1.3612 0.0000e+00
     17.000    17.9490   4.581546    34.9663       1990     1.3809 0.0000e+00
     16.000    17.7809   4.555225    34.8853       2017     1.4001 0.0000e+00
     15.000    17.6454   4.533490    34.8151       2043     1.4179 0.0000e+00
     14.000    17.5719   4.523290    34.7907       2069     1.4363 0.0000e+00
     13.000    17.4048   4.497079    34.7082       2096     1.4548 0.0000e+00
     12.000    17.2980   4.480158    34.6538       2122     1.4730 0.0000e+00
     11.000    17.2548   4.470920    34.6112       2148     1.4912 0.0000e+00
     10.000    17.2108   4.463058    34.5811       2173     1.5085 0.0000e+00
      9.000    17.1895   4.458819    34.5630       2197     1.5248 0.0000e+00
      8.000    17.1542   4.451988    34.5342       2219     1.5404 0.0000e+00
      7.000    17.1110   4.441665    34.4819       2241     1.5557 0.0000e+00
      6.000    16.9774   4.410442    34.3249       2266     1.5731 0.0000e+00
      5.000    16.8819   4.387850    34.2098       2296     1.5934 0.0000e+00
      4.000    16.8341   4.376373    34.1507       2321     1.6109 0.0000e+00
      3.000    16.7209   4.352581    34.0394       2409     1.6719 0.0000e+00
