HB2402/ctd086.cnv
* Sea-Bird SBE 9 Data File:
* FileName = C:\cruise\data\ctd086.hex
* Software Version Seasave V 7.26.7.121
* Temperature SN = 5253
* Conductivity SN = 4421
* Number of Bytes Per Scan = 37
* Number of Voltage Words = 4
* Number of Scans Averaged by the Deck Unit = 1
* NMEA Latitude = 40 34.31 N
* NMEA Longitude = 072 56.75 W
* NMEA UTC (Time) = Mar 22 2024 16:39:38
* NMEA baud rate = 4800
** Ship: Bigelow HB2304
** Program:  Fall Bottom Trawl Survey
** Chief Scientist: John Galbraith
# nquan = 7
# nvalues = 39                          
# units = specified
# name 0 = depSM: Depth [salt water, m]
# name 1 = t090C: Temperature [ITS-90, deg C]
# name 2 = c0S/m: Conductivity [S/m]
# name 3 = sal00: Salinity, Practical [PSU]
# name 4 = scan: Scan Count
# name 5 = timeM: Time, Elapsed [minutes]
# name 6 = flag: flag
# span 0 =      3.000,     22.000       
# span 1 =     6.0680,     6.4269       
# span 2 =   3.030427,   3.148856       
# span 3 =    30.2897,    31.3589       
# span 4 =       -585,       2182       
# span 5 =    -0.4068,     1.5148       
# span 6 = 0.0000e+00, 0.0000e+00       
# interval = meters: 1                  
# start_time = Mar 22 2024 16:39:38 [NMEA time, header]
# bad_flag = -9.990e-29
*END*
      3.000     6.1744   3.030427    30.2897       -585    -0.4068 0.0000e+00
      4.000     6.2218   3.088029    30.8832        599     0.4150 0.0000e+00
      5.000     6.1865   3.081537    30.8430        396     0.2746 0.0000e+00
      6.000     6.1513   3.081149    30.8702        384     0.2662 0.0000e+00
      7.000     6.1311   3.080170    30.8773        410     0.2842 0.0000e+00
      8.000     6.1190   3.079849    30.8843        437     0.3028 0.0000e+00
      9.000     6.1039   3.078929    30.8873        464     0.3213 0.0000e+00
     10.000     6.0928   3.078229    30.8892        489     0.3391 0.0000e+00
     11.000     6.0811   3.077513    30.8915        516     0.3580 0.0000e+00
     12.000     6.0846   3.077977    30.8929        544     0.3772 0.0000e+00
     13.000     6.1005   3.080217    30.9028        571     0.3956 0.0000e+00
     14.000     6.0963   3.080290    30.9070        596     0.4131 0.0000e+00
     15.000     6.0680   3.077882    30.9056        620     0.4301 0.0000e+00
     16.000     6.1367   3.085854    30.9309        646     0.4479 0.0000e+00
     17.000     6.1582   3.089577    30.9521        672     0.4663 0.0000e+00
     18.000     6.1557   3.089920    30.9578        700     0.4855 0.0000e+00
     19.000     6.1899   3.096908    31.0034        727     0.5041 0.0000e+00
     20.000     6.3037   3.119437    31.1482        753     0.5220 0.0000e+00
     21.000     6.4081   3.143535    31.3180        778     0.5398 0.0000e+00
     22.000     6.4269   3.148856    31.3589        994     0.6897 0.0000e+00
     21.000     6.4179   3.146948    31.3465       2182     1.5148 0.0000e+00
     20.000     6.3819   3.138408    31.2859       1624     1.1268 0.0000e+00
     19.000     6.3522   3.131011    31.2320       1646     1.1421 0.0000e+00
     18.000     6.2911   3.118384    31.1489       1673     1.1609 0.0000e+00
     17.000     6.2154   3.102888    31.0473       1699     1.1792 0.0000e+00
     16.000     6.1842   3.095594    30.9955       1724     1.1968 0.0000e+00
     15.000     6.1621   3.091682    30.9728       1750     1.2144 0.0000e+00
     14.000     6.1336   3.087744    30.9556       1774     1.2315 0.0000e+00
     13.000     6.1064   3.083375    30.9325       1798     1.2480 0.0000e+00
     12.000     6.1048   3.082202    30.9214       1822     1.2649 0.0000e+00
     11.000     6.1014   3.081404    30.9161       1848     1.2829 0.0000e+00
     10.000     6.0974   3.080330    30.9083       1876     1.3018 0.0000e+00
      9.000     6.0928   3.079290    30.9014       1902     1.3201 0.0000e+00
      8.000     6.0968   3.079078    30.8959       1927     1.3376 0.0000e+00
      7.000     6.1005   3.078987    30.8920       1952     1.3545 0.0000e+00
      6.000     6.1056   3.079164    30.8898       1976     1.3715 0.0000e+00
      5.000     6.1097   3.079471    30.8900       2002     1.3894 0.0000e+00
      4.000     6.1263   3.080416    30.8858       2028     1.4075 0.0000e+00
      3.000     6.2090   3.086498    30.8784       2127     1.4764 0.0000e+00
