HB2402/ctd006.cnv
* Sea-Bird SBE 9 Data File:
* FileName = C:\cruise\data\ctd006.hex
* Software Version Seasave V 7.26.7.121
* Temperature SN = 5253
* Conductivity SN = 4421
* Number of Bytes Per Scan = 37
* Number of Voltage Words = 4
* Number of Scans Averaged by the Deck Unit = 1
* NMEA Latitude = 38 22.59 N
* NMEA Longitude = 074 48.81 W
* NMEA UTC (Time) = Mar 08 2024 07:03:54
* NMEA baud rate = 4800
** Ship: Bigelow HB2304
** Program:  Fall Bottom Trawl Survey
** Chief Scientist: John Galbraith
# nquan = 7
# nvalues = 31                          
# units = specified
# name 0 = depSM: Depth [salt water, m]
# name 1 = t090C: Temperature [ITS-90, deg C]
# name 2 = c0S/m: Conductivity [S/m]
# name 3 = sal00: Salinity, Practical [PSU]
# name 4 = scan: Scan Count
# name 5 = timeM: Time, Elapsed [minutes]
# name 6 = flag: flag
# span 0 =      2.000,     17.000       
# span 1 =     7.2701,     7.3716       
# span 2 =   3.168811,   3.174446       
# span 3 =    30.7437,    30.8153       
# span 4 =        -13,       2039       
# span 5 =    -0.0096,     1.4156       
# span 6 = 0.0000e+00, 0.0000e+00       
# interval = meters: 1                  
# start_time = Mar 08 2024 07:03:54 [NMEA time, header]
# bad_flag = -9.990e-29
*END*
      2.000     7.3716   3.169918    30.7437        -13    -0.0096 0.0000e+00
      3.000     7.3700   3.173516    30.7833         42     0.0282 0.0000e+00
      4.000     7.3702   3.174338    30.7915         94     0.0649 0.0000e+00
      5.000     7.3689   3.174328    30.7921        291     0.2016 0.0000e+00
      6.000     7.3685   3.174328    30.7920        350     0.2425 0.0000e+00
      7.000     7.3655   3.174228    30.7931        427     0.2958 0.0000e+00
      8.000     7.3683   3.174422    30.7923        498     0.3451 0.0000e+00
      9.000     7.3681   3.174446    30.7923        571     0.3957 0.0000e+00
     10.000     7.3371   3.172780    30.8015        613     0.4253 0.0000e+00
     11.000     7.3282   3.172272    30.8035        707     0.4901 0.0000e+00
     12.000     7.3317   3.172477    30.8021        795     0.5511 0.0000e+00
     13.000     7.3137   3.171409    30.8062        820     0.5690 0.0000e+00
     14.000     7.3081   3.171073    30.8072        903     0.6267 0.0000e+00
     15.000     7.2909   3.170068    30.8112        992     0.6881 0.0000e+00
     16.000     7.2827   3.169575    30.8127       1090     0.7564 0.0000e+00
     17.000     7.2701   3.168811    30.8153       1277     0.8863 0.0000e+00
     16.000     7.2822   3.169499    30.8124       1434     0.9949 0.0000e+00
     15.000     7.2746   3.168972    30.8140       1522     1.0565 0.0000e+00
     14.000     7.2949   3.170182    30.8093       1556     1.0800 0.0000e+00
     13.000     7.3021   3.170581    30.8077       1590     1.1034 0.0000e+00
     12.000     7.3180   3.171474    30.8036       1616     1.1215 0.0000e+00
     11.000     7.3352   3.172479    30.7995       1637     1.1359 0.0000e+00
     10.000     7.3402   3.172761    30.7985       1656     1.1493 0.0000e+00
      9.000     7.3499   3.173245    30.7956       1676     1.1632 0.0000e+00
      8.000     7.3564   3.173575    30.7937       1699     1.1793 0.0000e+00
      7.000     7.3661   3.174069    30.7909       1726     1.1981 0.0000e+00
      6.000     7.3661   3.174071    30.7913       1758     1.2203 0.0000e+00
      5.000     7.3674   3.174121    30.7912       1793     1.2448 0.0000e+00
      4.000     7.3684   3.174148    30.7911       1823     1.2650 0.0000e+00
      3.000     7.3688   3.174130    30.7910       1848     1.2824 0.0000e+00
      2.000     7.3682   3.174115    30.7918       2039     1.4156 0.0000e+00
