HB2402/ctd062.cnv
* Sea-Bird SBE 9 Data File:
* FileName = C:\cruise\data\ctd062.hex
* Software Version Seasave V 7.26.7.121
* Temperature SN = 5253
* Conductivity SN = 4421
* Number of Bytes Per Scan = 37
* Number of Voltage Words = 4
* Number of Scans Averaged by the Deck Unit = 1
* NMEA Latitude = 38 30.56 N
* NMEA Longitude = 073 20.05 W
* NMEA UTC (Time) = Mar 18 2024 04:57:22
* NMEA baud rate = 4800
** Ship: Bigelow HB2304
** Program:  Fall Bottom Trawl Survey
** Chief Scientist: John Galbraith
# nquan = 7
# nvalues = 250                         
# units = specified
# name 0 = depSM: Depth [salt water, m]
# name 1 = t090C: Temperature [ITS-90, deg C]
# name 2 = c0S/m: Conductivity [S/m]
# name 3 = sal00: Salinity, Practical [PSU]
# name 4 = scan: Scan Count
# name 5 = timeM: Time, Elapsed [minutes]
# name 6 = flag: flag
# span 0 =      1.000,    127.000       
# span 1 =     6.9297,    12.3557       
# span 2 =   3.329345,   4.019328       
# span 3 =    32.3842,    34.8143       
# span 4 =         47,       7671       
# span 5 =     0.0317,     5.3261       
# span 6 = 0.0000e+00, 0.0000e+00       
# interval = meters: 1                  
# start_time = Mar 18 2024 04:57:22 [NMEA time, header]
# bad_flag = -9.990e-29
*END*
      4.000     7.8285   3.362210    32.3871         47     0.0317 0.0000e+00
      5.000     7.7663   3.359075    32.4110        226     0.1561 0.0000e+00
      6.000     7.7889   3.360248    32.4020        307     0.2126 0.0000e+00
      7.000     7.7514   3.358411    32.4167        348     0.2409 0.0000e+00
      8.000     7.7391   3.357817    32.4214        364     0.2518 0.0000e+00
      9.000     7.7537   3.358416    32.4138        378     0.2616 0.0000e+00
     10.000     7.7485   3.358128    32.4151        392     0.2717 0.0000e+00
     11.000     7.7388   3.357308    32.4148        414     0.2867 0.0000e+00
     12.000     7.7477   3.358081    32.4143        457     0.3166 0.0000e+00
     13.000     7.7495   3.358222    32.4137        494     0.3427 0.0000e+00
     14.000     7.5894   3.351094    32.4861        514     0.3565 0.0000e+00
     15.000     7.6943   3.355457    32.4346        532     0.3690 0.0000e+00
     16.000     7.4595   3.345659    32.5483        555     0.3846 0.0000e+00
     17.000     7.3525   3.342882    32.6184        585     0.4058 0.0000e+00
     18.000     7.2766   3.340113    32.6596        619     0.4289 0.0000e+00
     19.000     7.2852   3.341453    32.6655        643     0.4462 0.0000e+00
     20.000     7.2881   3.341844    32.6665        666     0.4617 0.0000e+00
     21.000     7.3142   3.345743    32.6836        690     0.4782 0.0000e+00
     22.000     7.3185   3.346726    32.6897        717     0.4970 0.0000e+00
     23.000     7.3267   3.348843    32.7045        745     0.5170 0.0000e+00
     24.000     7.3352   3.350782    32.7170        771     0.5346 0.0000e+00
     25.000     7.3150   3.350157    32.7288        794     0.5503 0.0000e+00
     26.000     7.3228   3.351312    32.7335        823     0.5708 0.0000e+00
     27.000     7.3088   3.350975    32.7426        859     0.5960 0.0000e+00
     28.000     7.3005   3.350836    32.7485        888     0.6158 0.0000e+00
     29.000     7.2863   3.350258    32.7552        910     0.6316 0.0000e+00
     30.000     7.2628   3.349259    32.7662        930     0.6453 0.0000e+00
     31.000     7.2262   3.347345    32.7796        950     0.6592 0.0000e+00
     32.000     7.1348   3.340675    32.7933        975     0.6766 0.0000e+00
     33.000     7.0883   3.336895    32.7960       1014     0.7035 0.0000e+00
     34.000     7.0970   3.338131    32.8006       1047     0.7264 0.0000e+00
     35.000     7.1043   3.339646    32.8098       1068     0.7411 0.0000e+00
     36.000     7.0984   3.339835    32.8170       1088     0.7548 0.0000e+00
     37.000     7.0945   3.340355    32.8258       1112     0.7712 0.0000e+00
     38.000     7.1007   3.341835    32.8356       1146     0.7948 0.0000e+00
     39.000     7.1025   3.342396    32.8395       1178     0.8174 0.0000e+00
     40.000     7.0790   3.340523    32.8410       1202     0.8343 0.0000e+00
     41.000     7.0471   3.337927    32.8426       1226     0.8504 0.0000e+00
     42.000     7.0364   3.336996    32.8421       1250     0.8675 0.0000e+00
     43.000     7.0290   3.336373    32.8419       1278     0.8871 0.0000e+00
     44.000     7.0181   3.335415    32.8414       1305     0.9056 0.0000e+00
     45.000     6.9913   3.333069    32.8408       1333     0.9252 0.0000e+00
     46.000     6.9683   3.331123    32.8410       1364     0.9462 0.0000e+00
     47.000     6.9593   3.330370    32.8409       1391     0.9653 0.0000e+00
     48.000     6.9507   3.329730    32.8416       1412     0.9800 0.0000e+00
     49.000     6.9511   3.329855    32.8421       1433     0.9945 0.0000e+00
     50.000     6.9513   3.329922    32.8422       1457     1.0110 0.0000e+00
     51.000     6.9506   3.329930    32.8425       1495     1.0374 0.0000e+00
     52.000     6.9491   3.329945    32.8436       1535     1.0656 0.0000e+00
     53.000     6.9480   3.329936    32.8440       1556     1.0800 0.0000e+00
     54.000     6.9442   3.329690    32.8445       1574     1.0923 0.0000e+00
     55.000     6.9427   3.329656    32.8451       1591     1.1045 0.0000e+00
     56.000     6.9420   3.329662    32.8453       1613     1.1193 0.0000e+00
     57.000     6.9413   3.329643    32.8453       1648     1.1436 0.0000e+00
     58.000     6.9390   3.329564    32.8462       1688     1.1718 0.0000e+00
     59.000     6.9387   3.329616    32.8465       1715     1.1904 0.0000e+00
     60.000     6.9297   3.329345    32.8517       1736     1.2050 0.0000e+00
     61.000     6.9356   3.330678    32.8601       1758     1.2200 0.0000e+00
     62.000     6.9535   3.332962    32.8676       1783     1.2376 0.0000e+00
     63.000     7.0083   3.339775    32.8892       1815     1.2595 0.0000e+00
     64.000     7.0808   3.348608    32.9159       1843     1.2792 0.0000e+00
     65.000     7.2514   3.369976    32.9851       1867     1.2961 0.0000e+00
     66.000     7.5204   3.403193    33.0878       1891     1.3126 0.0000e+00
     67.000     7.7585   3.433004    33.1814       1917     1.3306 0.0000e+00
     68.000     7.9616   3.459119    33.2673       1948     1.3522 0.0000e+00
     69.000     8.0504   3.470189    33.3005       1978     1.3728 0.0000e+00
     70.000     8.0806   3.474343    33.3157       2004     1.3912 0.0000e+00
     71.000     8.1640   3.485168    33.3511       2031     1.4098 0.0000e+00
     72.000     8.4019   3.515616    33.4475       2059     1.4292 0.0000e+00
     73.000     8.7818   3.565532    33.6115       2084     1.4465 0.0000e+00
     74.000     9.3216   3.631116    33.7836       2105     1.4612 0.0000e+00
     75.000     9.4650   3.648641    33.8289       2127     1.4763 0.0000e+00
     76.000     9.6755   3.676538    33.9168       2163     1.5014 0.0000e+00
     77.000     9.8949   3.705068    34.0018       2203     1.5294 0.0000e+00
     78.000     9.9609   3.713479    34.0250       2223     1.5427 0.0000e+00
     79.000    10.1353   3.735015    34.0795       2240     1.5550 0.0000e+00
     80.000    10.3530   3.760430    34.1321       2260     1.5687 0.0000e+00
     81.000    10.4341   3.770216    34.1543       2293     1.5915 0.0000e+00
     82.000    10.6598   3.799236    34.2343       2333     1.6196 0.0000e+00
     83.000    10.8392   3.821273    34.2866       2355     1.6344 0.0000e+00
     84.000    10.9607   3.836349    34.3230       2374     1.6478 0.0000e+00
     85.000    11.0562   3.848082    34.3501       2397     1.6641 0.0000e+00
     86.000    11.1398   3.859007    34.3801       2435     1.6901 0.0000e+00
     87.000    11.2579   3.874238    34.4205       2468     1.7129 0.0000e+00
     88.000    11.3364   3.884406    34.4474       2486     1.7258 0.0000e+00
     89.000    11.3711   3.888621    34.4562       2503     1.7378 0.0000e+00
     90.000    11.3877   3.890785    34.4617       2523     1.7515 0.0000e+00
     91.000    11.4347   3.896643    34.4752       2563     1.7789 0.0000e+00
     92.000    11.5075   3.906240    34.5015       2604     1.8079 0.0000e+00
     93.000    11.5528   3.911863    34.5142       2625     1.8224 0.0000e+00
     94.000    11.6353   3.922371    34.5402       2645     1.8363 0.0000e+00
     95.000    11.7304   3.934125    34.5666       2668     1.8523 0.0000e+00
     96.000    11.8210   3.945712    34.5954       2696     1.8717 0.0000e+00
     97.000    11.9126   3.957755    34.6274       2722     1.8898 0.0000e+00
     98.000    12.0381   3.974854    34.6770       2745     1.9058 0.0000e+00
     99.000    12.2147   3.997737    34.7350       2773     1.9251 0.0000e+00
    100.000    12.2349   4.001551    34.7528       2814     1.9533 0.0000e+00
    101.000    12.2857   4.008501    34.7725       2843     1.9736 0.0000e+00
    102.000    12.3216   4.013239    34.7847       2860     1.9857 0.0000e+00
    103.000    12.3207   4.013259    34.7852       2878     1.9978 0.0000e+00
    104.000    12.3170   4.012881    34.7846       2898     2.0119 0.0000e+00
    105.000    12.3280   4.014474    34.7893       2940     2.0408 0.0000e+00
    106.000    12.3339   4.015516    34.7935       2989     2.0749 0.0000e+00
    107.000    12.3520   4.018046    34.8007       3008     2.0883 0.0000e+00
    108.000    12.3516   4.018385    34.8039       3024     2.0992 0.0000e+00
    109.000    12.3549   4.019017    34.8066       3039     2.1096 0.0000e+00
    110.000    12.3557   4.019328    34.8085       3056     2.1212 0.0000e+00
    111.000    12.3127   4.015851    34.8143       3079     2.1374 0.0000e+00
    112.000    12.2664   4.010774    34.8077       3129     2.1723 0.0000e+00
    113.000    12.1287   3.995209    34.7843       3168     2.1990 0.0000e+00
    114.000    12.0827   3.989416    34.7703       3192     2.2163 0.0000e+00
    115.000    12.0113   3.981368    34.7580       3213     2.2303 0.0000e+00
    116.000    11.9302   3.971421    34.7362       3231     2.2430 0.0000e+00
    117.000    11.8959   3.967749    34.7318       3250     2.2562 0.0000e+00
    118.000    11.7682   3.952951    34.7057       3275     2.2736 0.0000e+00
    119.000    11.7915   3.955674    34.7102       3319     2.3042 0.0000e+00
    120.000    11.7538   3.950693    34.6962       3352     2.3269 0.0000e+00
    121.000    11.7426   3.949715    34.6966       3371     2.3401 0.0000e+00
    122.000    11.6947   3.943938    34.6843       3389     2.3529 0.0000e+00
    123.000    11.6985   3.944509    34.6859       3411     2.3679 0.0000e+00
    124.000    11.7058   3.945443    34.6878       3446     2.3921 0.0000e+00
    125.000    11.7372   3.948699    34.6899       3481     2.4168 0.0000e+00
    126.000    11.5991   3.933043    34.6648       3511     2.4377 0.0000e+00
    127.000    11.6158   3.934616    34.6642       3840     2.6658 0.0000e+00
    126.000    11.5470   3.926686    34.6510       4039     2.8040 0.0000e+00
    125.000    11.5564   3.927718    34.6529       4033     2.7998 0.0000e+00
    124.000    11.5786   3.930267    34.6576       4055     2.8153 0.0000e+00
    123.000    11.6066   3.933350    34.6622       4076     2.8297 0.0000e+00
    122.000    11.6198   3.934973    34.6663       4097     2.8445 0.0000e+00
    121.000    11.6129   3.934171    34.6652       4122     2.8620 0.0000e+00
    120.000    11.6124   3.934048    34.6649       4158     2.8866 0.0000e+00
    119.000    11.6291   3.935740    34.6664       4191     2.9100 0.0000e+00
    118.000    11.6627   3.939894    34.6762       4213     2.9252 0.0000e+00
    117.000    11.6318   3.936149    34.6688       4231     2.9377 0.0000e+00
    116.000    11.6653   3.939786    34.6737       4249     2.9498 0.0000e+00
    115.000    11.6759   3.941198    34.6780       4269     2.9639 0.0000e+00
    114.000    11.7612   3.951769    34.7025       4301     2.9860 0.0000e+00
    113.000    11.8627   3.963001    34.7182       4346     3.0175 0.0000e+00
    112.000    11.9561   3.974000    34.7389       4373     3.0358 0.0000e+00
    111.000    12.0981   3.990863    34.7713       4392     3.0492 0.0000e+00
    110.000    12.2303   4.005709    34.7930       4409     3.0612 0.0000e+00
    109.000    12.2832   4.011707    34.8024       4430     3.0754 0.0000e+00
    108.000    12.3137   4.015095    34.8073       4463     3.0988 0.0000e+00
    107.000    12.3207   4.015333    34.8036       4499     3.1237 0.0000e+00
    106.000    12.3210   4.014846    34.7990       4519     3.1372 0.0000e+00
    105.000    12.3235   4.014952    34.7981       4537     3.1498 0.0000e+00
    104.000    12.3266   4.015181    34.7980       4558     3.1642 0.0000e+00
    103.000    12.3171   4.013844    34.7943       4590     3.1869 0.0000e+00
    102.000    12.3008   4.011738    34.7895       4626     3.2118 0.0000e+00
    101.000    12.2984   4.011114    34.7860       4650     3.2282 0.0000e+00
    100.000    12.2894   4.009736    34.7815       4670     3.2422 0.0000e+00
     99.000    12.2405   4.003638    34.7683       4692     3.2573 0.0000e+00
     98.000    12.2247   4.000947    34.7572       4719     3.2765 0.0000e+00
     97.000    12.1867   3.996256    34.7474       4754     3.3005 0.0000e+00
     96.000    12.0701   3.980013    34.6984       4784     3.3214 0.0000e+00
     95.000    11.9256   3.961213    34.6500       4806     3.3367 0.0000e+00
     94.000    11.8696   3.953850    34.6306       4824     3.3495 0.0000e+00
     93.000    11.8091   3.945603    34.6067       4842     3.3618 0.0000e+00
     92.000    11.7859   3.942449    34.5978       4864     3.3771 0.0000e+00
     91.000    11.6891   3.930451    34.5709       4896     3.3994 0.0000e+00
     90.000    11.6568   3.926325    34.5609       4930     3.4228 0.0000e+00
     89.000    11.5964   3.918674    34.5424       4957     3.4416 0.0000e+00
     88.000    11.5594   3.914095    34.5322       4985     3.4611 0.0000e+00
     87.000    11.4825   3.904900    34.5138       5013     3.4805 0.0000e+00
     86.000    11.4337   3.898534    34.4971       5037     3.4973 0.0000e+00
     85.000    11.3964   3.893871    34.4863       5058     3.5120 0.0000e+00
     84.000    11.2955   3.881111    34.4548       5080     3.5268 0.0000e+00
     83.000    11.2434   3.873798    34.4314       5104     3.5441 0.0000e+00
     82.000    11.1919   3.867630    34.4188       5134     3.5643 0.0000e+00
     81.000    11.0262   3.846522    34.3644       5161     3.5835 0.0000e+00
     80.000    10.8755   3.827986    34.3210       5187     3.6015 0.0000e+00
     79.000    10.7427   3.812426    34.2902       5214     3.6199 0.0000e+00
     78.000    10.5713   3.790630    34.2326       5239     3.6377 0.0000e+00
     77.000    10.4895   3.780457    34.2074       5262     3.6538 0.0000e+00
     76.000    10.3112   3.758800    34.1567       5285     3.6692 0.0000e+00
     75.000    10.0634   3.727740    34.0750       5312     3.6880 0.0000e+00
     74.000     9.8929   3.706350    34.0181       5346     3.7118 0.0000e+00
     73.000     9.5971   3.668717    33.9119       5373     3.7309 0.0000e+00
     72.000     9.3811   3.640664    33.8271       5395     3.7461 0.0000e+00
     71.000     9.2007   3.618902    33.7728       5417     3.7613 0.0000e+00
     70.000     8.6477   3.550373    33.5813       5441     3.7781 0.0000e+00
     69.000     8.2765   3.502362    33.4276       5466     3.7955 0.0000e+00
     68.000     8.1772   3.489242    33.3833       5490     3.8116 0.0000e+00
     67.000     8.0860   3.477181    33.3422       5514     3.8287 0.0000e+00
     66.000     7.9618   3.461348    33.2920       5546     3.8506 0.0000e+00
     65.000     7.7774   3.438338    33.2215       5582     3.8755 0.0000e+00
     64.000     7.4127   3.392265    33.0734       5607     3.8930 0.0000e+00
     63.000     7.2893   3.375610    33.0111       5628     3.9075 0.0000e+00
     62.000     7.1561   3.359682    32.9656       5649     3.9223 0.0000e+00
     61.000     7.1057   3.352503    32.9360       5675     3.9403 0.0000e+00
     60.000     7.0190   3.341422    32.8984       5702     3.9593 0.0000e+00
     59.000     6.9847   3.337689    32.8909       5727     3.9763 0.0000e+00
     58.000     6.9703   3.335631    32.8826       5749     3.9916 0.0000e+00
     57.000     6.9618   3.334181    32.8753       5771     4.0069 0.0000e+00
     56.000     6.9576   3.332979    32.8667       5798     4.0255 0.0000e+00
     55.000     6.9612   3.332892    32.8628       5837     4.0529 0.0000e+00
     54.000     6.9682   3.333073    32.8586       5870     4.0759 0.0000e+00
     53.000     6.9608   3.332296    32.8576       5891     4.0904 0.0000e+00
     52.000     6.9611   3.332261    32.8574       5911     4.1040 0.0000e+00
     51.000     6.9617   3.332024    32.8548       5933     4.1194 0.0000e+00
     50.000     6.9645   3.331979    32.8521       5960     4.1382 0.0000e+00
     49.000     6.9625   3.331697    32.8513       5985     4.1557 0.0000e+00
     48.000     6.9623   3.331512    32.8500       6009     4.1721 0.0000e+00
     47.000     6.9589   3.331105    32.8494       6034     4.1899 0.0000e+00
     46.000     6.9666   3.331515    32.8470       6065     4.2109 0.0000e+00
