HB2402/ctd043.cnv
* Sea-Bird SBE 9 Data File:
* FileName = C:\cruise\data\ctd043.hex
* Software Version Seasave V 7.26.7.121
* Temperature SN = 5253
* Conductivity SN = 4421
* Number of Bytes Per Scan = 37
* Number of Voltage Words = 4
* Number of Scans Averaged by the Deck Unit = 1
* NMEA Latitude = 36 15.44 N
* NMEA Longitude = 074 51.32 W
* NMEA UTC (Time) = Mar 15 2024 04:28:10
** Ship: Bigelow HB2304
** Program:  Fall Bottom Trawl Survey
** Chief Scientist: John Galbraith
# nquan = 7
# nvalues = 160                         
# units = specified
# name 0 = depSM: Depth [salt water, m]
# name 1 = t090C: Temperature [ITS-90, deg C]
# name 2 = c0S/m: Conductivity [S/m]
# name 3 = sal00: Salinity, Practical [PSU]
# name 4 = scan: Scan Count
# name 5 = timeM: Time, Elapsed [minutes]
# name 6 = flag: flag
# span 0 =      2.000,     82.000       
# span 1 =     9.5920,    13.1706       
# span 2 =   3.560910,   4.059732       
# span 3 =    32.7411,    34.4593       
# span 4 =         77,       4865       
# span 5 =     0.0529,     3.3776       
# span 6 = 0.0000e+00, 0.0000e+00       
# interval = meters: 1                  
# start_time = Mar 15 2024 04:28:10 [NMEA time, header]
# bad_flag = -9.990e-29
*END*
      3.000    10.0999   3.596745    32.7440         77     0.0529 0.0000e+00
      4.000    10.1218   3.598592    32.7424        179     0.1235 0.0000e+00
      5.000    10.1260   3.599009    32.7423        209     0.1444 0.0000e+00
      6.000    10.1216   3.598531    32.7411        234     0.1617 0.0000e+00
      7.000     9.9050   3.580934    32.7585        258     0.1784 0.0000e+00
      8.000     9.5920   3.560910    32.8390        284     0.1966 0.0000e+00
      9.000     9.6094   3.565462    32.8693        312     0.2158 0.0000e+00
     10.000     9.6445   3.570712    32.8904        339     0.2345 0.0000e+00
     11.000     9.7243   3.580433    32.9164        365     0.2529 0.0000e+00
     12.000     9.8170   3.591939    32.9486        393     0.2723 0.0000e+00
     13.000     9.8986   3.601694    32.9729        421     0.2919 0.0000e+00
     14.000     9.9227   3.604803    32.9821        448     0.3105 0.0000e+00
     15.000     9.9408   3.607295    32.9904        473     0.3280 0.0000e+00
     16.000     9.9445   3.607969    32.9934        499     0.3458 0.0000e+00
     17.000     9.9586   3.609669    32.9973        525     0.3638 0.0000e+00
     18.000     9.9602   3.609991    32.9987        555     0.3845 0.0000e+00
     19.000    10.0939   3.626986    33.0485        583     0.4044 0.0000e+00
     20.000    10.3216   3.654879    33.1221        611     0.4236 0.0000e+00
     21.000    10.6647   3.696616    33.2280        638     0.4422 0.0000e+00
     22.000    11.0055   3.737822    33.3287        663     0.4601 0.0000e+00
     23.000    11.0698   3.745385    33.3448        689     0.4780 0.0000e+00
     24.000    11.0919   3.748667    33.3569        717     0.4973 0.0000e+00
     25.000    11.1663   3.757754    33.3789        745     0.5167 0.0000e+00
     26.000    11.2285   3.765907    33.4026        773     0.5363 0.0000e+00
     27.000    11.3071   3.775870    33.4292        800     0.5545 0.0000e+00
     28.000    11.3344   3.779411    33.4390        826     0.5727 0.0000e+00
     29.000    11.3350   3.779883    33.4426        854     0.5923 0.0000e+00
     30.000    11.3245   3.778950    33.4425        884     0.6129 0.0000e+00
     31.000    11.3090   3.777384    33.4407        910     0.6312 0.0000e+00
     32.000    11.2878   3.775187    33.4378        934     0.6476 0.0000e+00
     33.000    11.2729   3.773714    33.4364        957     0.6641 0.0000e+00
     34.000    11.2698   3.773419    33.4359        984     0.6826 0.0000e+00
     35.000    11.2585   3.772438    33.4360       1015     0.7039 0.0000e+00
     36.000    11.2408   3.771203    33.4394       1046     0.7259 0.0000e+00
     37.000    11.2893   3.777239    33.4545       1075     0.7456 0.0000e+00
     38.000    11.3227   3.781067    33.4615       1100     0.7630 0.0000e+00
     39.000    11.3491   3.784355    33.4696       1122     0.7787 0.0000e+00
     40.000    11.3602   3.785642    33.4717       1147     0.7955 0.0000e+00
     41.000    11.3619   3.785990    33.4732       1173     0.8142 0.0000e+00
     42.000    11.3684   3.786875    33.4755       1202     0.8339 0.0000e+00
     43.000    11.4008   3.790861    33.4850       1231     0.8545 0.0000e+00
     44.000    11.4028   3.791219    33.4863       1260     0.8741 0.0000e+00
     45.000    11.4104   3.792196    33.4886       1287     0.8931 0.0000e+00
     46.000    11.4421   3.796078    33.4976       1314     0.9118 0.0000e+00
     47.000    11.4427   3.796111    33.4969       1339     0.9293 0.0000e+00
     48.000    11.4279   3.794592    33.4949       1366     0.9477 0.0000e+00
     49.000    11.4456   3.796830    33.5005       1393     0.9668 0.0000e+00
     50.000    11.4944   3.802701    33.5135       1421     0.9861 0.0000e+00
     51.000    11.5055   3.804046    33.5163       1447     1.0043 0.0000e+00
     52.000    11.4948   3.803746    33.5226       1473     1.0224 0.0000e+00
     53.000    11.8313   3.846935    33.6397       1501     1.0415 0.0000e+00
     54.000    12.1926   3.892454    33.7547       1529     1.0609 0.0000e+00
     55.000    12.3988   3.918914    33.8238       1556     1.0796 0.0000e+00
     56.000    12.4074   3.921418    33.8397       1582     1.0981 0.0000e+00
     57.000    12.4115   3.923299    33.8536       1609     1.1169 0.0000e+00
     58.000    12.4085   3.923774    33.8605       1636     1.1356 0.0000e+00
     59.000    12.4010   3.923428    33.8635       1663     1.1538 0.0000e+00
     60.000    12.3694   3.920046    33.8590       1689     1.1719 0.0000e+00
     61.000    12.3533   3.918431    33.8576       1715     1.1900 0.0000e+00
     62.000    12.3154   3.913924    33.8480       1742     1.2087 0.0000e+00
     63.000    12.2365   3.905021    33.8329       1769     1.2281 0.0000e+00
     64.000    12.1261   3.892464    33.8108       1798     1.2478 0.0000e+00
     65.000    12.0727   3.888827    33.8235       1825     1.2666 0.0000e+00
     66.000    12.2000   3.906219    33.8763       1851     1.2845 0.0000e+00
     67.000    12.1361   3.901970    33.8926       1876     1.3018 0.0000e+00
     68.000    12.0563   3.897657    33.9228       1900     1.3187 0.0000e+00
     69.000    12.0635   3.902522    33.9630       1925     1.3362 0.0000e+00
     70.000    12.0986   3.909973    34.0029       1953     1.3559 0.0000e+00
     71.000    12.1332   3.916114    34.0306       1984     1.3773 0.0000e+00
     72.000    12.1557   3.920280    34.0500       2015     1.3983 0.0000e+00
     73.000    12.2265   3.930514    34.0841       2041     1.4168 0.0000e+00
     74.000    12.4778   3.965400    34.1914       2067     1.4346 0.0000e+00
     75.000    12.6711   3.989887    34.2503       2091     1.4512 0.0000e+00
     76.000    12.8384   4.012501    34.3141       2114     1.4676 0.0000e+00
     77.000    13.0013   4.034312    34.3736       2139     1.4845 0.0000e+00
     78.000    13.0904   4.046663    34.4097       2166     1.5035 0.0000e+00
     79.000    13.1315   4.052497    34.4274       2196     1.5240 0.0000e+00
     80.000    13.1443   4.054555    34.4348       2226     1.5452 0.0000e+00
     81.000    13.1595   4.057160    34.4454       2289     1.5890 0.0000e+00
     82.000    13.1706   4.059732    34.4593       2890     2.0060 0.0000e+00
     81.000    13.1578   4.057618    34.4512       2639     1.8320 0.0000e+00
     80.000    13.1491   4.056238    34.4465       2670     1.8536 0.0000e+00
     79.000    13.1422   4.055144    34.4428       2694     1.8703 0.0000e+00
     78.000    13.1334   4.053818    34.4386       2719     1.8873 0.0000e+00
     77.000    13.0987   4.049081    34.4256       2745     1.9056 0.0000e+00
     76.000    13.0552   4.042620    34.4041       2773     1.9248 0.0000e+00
     75.000    12.9428   4.027816    34.3657       2802     1.9449 0.0000e+00
     74.000    12.8226   4.010865    34.3136       2829     1.9637 0.0000e+00
     73.000    12.6811   3.991812    34.2605       2854     1.9813 0.0000e+00
     72.000    12.5407   3.973424    34.2122       2878     1.9981 0.0000e+00
     71.000    12.3508   3.948233    34.1429       2903     2.0151 0.0000e+00
     70.000    12.2531   3.933096    34.0861       2929     2.0333 0.0000e+00
     69.000    12.1421   3.916024    34.0224       2956     2.0523 0.0000e+00
     68.000    12.1178   3.911064    33.9969       2983     2.0706 0.0000e+00
     67.000    12.1191   3.907433    33.9609       3009     2.0887 0.0000e+00
     66.000    12.1513   3.906488    33.9230       3034     2.1060 0.0000e+00
     65.000    12.1378   3.900311    33.8758       3059     2.1233 0.0000e+00
     64.000    12.1169   3.894705    33.8409       3084     2.1408 0.0000e+00
     63.000    12.1494   3.896906    33.8332       3110     2.1593 0.0000e+00
     62.000    12.2084   3.903104    33.8402       3139     2.1791 0.0000e+00
     61.000    12.2776   3.910531    33.8498       3166     2.1981 0.0000e+00
     60.000    12.3122   3.914769    33.8598       3190     2.2145 0.0000e+00
     59.000    12.3452   3.918122    33.8628       3213     2.2303 0.0000e+00
     58.000    12.3843   3.922125    33.8665       3237     2.2475 0.0000e+00
     57.000    12.4009   3.923513    33.8653       3266     2.2671 0.0000e+00
     56.000    12.4015   3.922693    33.8573       3298     2.2896 0.0000e+00
     55.000    12.3926   3.919919    33.8390       3327     2.3094 0.0000e+00
     54.000    12.2211   3.897550    33.7784       3350     2.3257 0.0000e+00
     53.000    11.9758   3.864370    33.6790       3372     2.3411 0.0000e+00
     52.000    11.8042   3.843468    33.6311       3395     2.3567 0.0000e+00
     51.000    11.6590   3.823812    33.5709       3419     2.3736 0.0000e+00
     50.000    11.5375   3.809289    33.5392       3447     2.3928 0.0000e+00
     49.000    11.4849   3.802474    33.5203       3475     2.4128 0.0000e+00
     48.000    11.4704   3.800513    33.5146       3503     2.4322 0.0000e+00
     47.000    11.4571   3.798806    33.5103       3529     2.4500 0.0000e+00
     46.000    11.4375   3.796200    33.5029       3555     2.4679 0.0000e+00
     45.000    11.4224   3.794282    33.4982       3582     2.4865 0.0000e+00
     44.000    11.4041   3.791944    33.4922       3608     2.5051 0.0000e+00
     43.000    11.3898   3.790145    33.4879       3634     2.5230 0.0000e+00
     42.000    11.3840   3.789283    33.4851       3660     2.5408 0.0000e+00
     41.000    11.3770   3.788422    33.4834       3685     2.5586 0.0000e+00
     40.000    11.3762   3.788264    33.4830       3711     2.5764 0.0000e+00
     39.000    11.3721   3.787580    33.4805       3737     2.5943 0.0000e+00
     38.000    11.3518   3.785192    33.4758       3762     2.6117 0.0000e+00
     37.000    11.3327   3.782901    33.4709       3786     2.6285 0.0000e+00
     36.000    11.3028   3.779189    33.4620       3813     2.6470 0.0000e+00
     35.000    11.2826   3.776571    33.4549       3842     2.6674 0.0000e+00
     34.000    11.2677   3.774369    33.4471       3871     2.6875 0.0000e+00
     33.000    11.2835   3.775739    33.4467       3897     2.7055 0.0000e+00
     32.000    11.3035   3.777816    33.4495       3921     2.7225 0.0000e+00
     31.000    11.3193   3.779268    33.4499       3946     2.7393 0.0000e+00
     30.000    11.3261   3.779720    33.4487       3972     2.7574 0.0000e+00
     29.000    11.3197   3.778698    33.4448       3997     2.7752 0.0000e+00
     28.000    11.2779   3.773211    33.4290       4023     2.7933 0.0000e+00
     27.000    11.2448   3.769081    33.4187       4051     2.8123 0.0000e+00
     26.000    11.2131   3.764988    33.4075       4078     2.8310 0.0000e+00
     25.000    11.1820   3.761029    33.3970       4104     2.8491 0.0000e+00
     24.000    11.1279   3.754271    33.3796       4128     2.8661 0.0000e+00
     23.000    11.0733   3.747315    33.3608       4153     2.8832 0.0000e+00
     22.000    11.0301   3.742147    33.3492       4179     2.9011 0.0000e+00
     21.000    10.9490   3.732048    33.3231       4206     2.9203 0.0000e+00
     20.000    10.9138   3.727855    33.3138       4234     2.9397 0.0000e+00
     19.000    10.8642   3.721766    33.2987       4262     2.9589 0.0000e+00
     18.000    10.8016   3.713593    33.2746       4288     2.9770 0.0000e+00
     17.000    10.6596   3.695795    33.2264       4312     2.9940 0.0000e+00
     16.000    10.3776   3.662887    33.1535       4336     3.0105 0.0000e+00
     15.000    10.2440   3.644659    33.0922       4360     3.0270 0.0000e+00
     14.000    10.1301   3.630666    33.0550       4386     3.0452 0.0000e+00
     13.000    10.0682   3.622642    33.0307       4416     3.0658 0.0000e+00
     12.000     9.9693   3.610780    33.0011       4443     3.0846 0.0000e+00
     11.000     9.8500   3.595472    32.9548       4467     3.1013 0.0000e+00
     10.000     9.7680   3.585487    32.9285       4490     3.1176 0.0000e+00
      9.000     9.6916   3.575331    32.8950       4515     3.1349 0.0000e+00
      8.000     9.7778   3.577515    32.8391       4544     3.1549 0.0000e+00
      7.000    10.0091   3.591297    32.7693       4574     3.1759 0.0000e+00
      6.000    10.1141   3.598590    32.7485       4600     3.1940 0.0000e+00
      5.000    10.1223   3.599255    32.7482       4624     3.2105 0.0000e+00
      4.000    10.1135   3.598793    32.7519       4649     3.2274 0.0000e+00
      3.000    10.1123   3.598459    32.7500       4672     3.2437 0.0000e+00
      2.000    10.1095   3.597967    32.7481       4865     3.3776 0.0000e+00
