HB2402/ctd076.cnv
* Sea-Bird SBE 9 Data File:
* FileName = C:\cruise\data\ctd076.hex
* Software Version Seasave V 7.26.7.121
* Temperature SN = 5253
* Conductivity SN = 4421
* Number of Bytes Per Scan = 37
* Number of Voltage Words = 4
* Number of Scans Averaged by the Deck Unit = 1
* NMEA Latitude = 39 34.57 N
* NMEA Longitude = 073 55.45 W
* NMEA UTC (Time) = Mar 20 2024 15:30:33
* NMEA baud rate = 4800
** Ship: Bigelow HB2304
** Program:  Fall Bottom Trawl Survey
** Chief Scientist: John Galbraith
# nquan = 7
# nvalues = 37                          
# units = specified
# name 0 = depSM: Depth [salt water, m]
# name 1 = t090C: Temperature [ITS-90, deg C]
# name 2 = c0S/m: Conductivity [S/m]
# name 3 = sal00: Salinity, Practical [PSU]
# name 4 = scan: Scan Count
# name 5 = timeM: Time, Elapsed [minutes]
# name 6 = flag: flag
# span 0 =      3.000,     21.000       
# span 1 =     6.7383,     7.7076       
# span 2 =   3.160193,   3.204005       
# span 3 =    30.4806,    31.2497       
# span 4 =        -65,       1863       
# span 5 =    -0.0457,     1.2932       
# span 6 = 0.0000e+00, 0.0000e+00       
# interval = meters: 1                  
# start_time = Mar 20 2024 15:30:33 [NMEA time, header]
# bad_flag = -9.990e-29
*END*
      3.000     7.7076   3.204005    30.8099        -65    -0.0457 0.0000e+00
      4.000     7.6782   3.177721    30.5557        313     0.2166 0.0000e+00
      5.000     7.6798   3.176853    30.5446        323     0.2235 0.0000e+00
      6.000     7.6858   3.177125    30.5417        346     0.2397 0.0000e+00
      7.000     7.6902   3.175142    30.5163        375     0.2600 0.0000e+00
      8.000     7.6920   3.174116    30.5034        401     0.2777 0.0000e+00
      9.000     7.6940   3.173620    30.4960        426     0.2954 0.0000e+00
     10.000     7.6867   3.172793    30.4931        453     0.3140 0.0000e+00
     11.000     7.6813   3.172339    30.4926        478     0.3315 0.0000e+00
     12.000     7.6786   3.172069    30.4915        502     0.3482 0.0000e+00
     13.000     7.6754   3.171810    30.4912        527     0.3654 0.0000e+00
     14.000     7.6632   3.170825    30.4910        555     0.3850 0.0000e+00
     15.000     7.6334   3.168548    30.4924        585     0.4058 0.0000e+00
     16.000     7.6068   3.168912    30.5191        613     0.4251 0.0000e+00
     17.000     7.5779   3.174339    30.6020        638     0.4421 0.0000e+00
     18.000     7.4761   3.180284    30.7550        660     0.4579 0.0000e+00
     19.000     7.3301   3.180535    30.8870        684     0.4743 0.0000e+00
     20.000     6.9587   3.163741    31.0385        712     0.4936 0.0000e+00
     21.000     6.7383   3.164858    31.2497        965     0.6692 0.0000e+00
     20.000     6.7636   3.161387    31.1893       1418     0.9839 0.0000e+00
     19.000     6.9352   3.160193    31.0214       1457     1.0111 0.0000e+00
     18.000     7.1633   3.170525    30.9287       1481     1.0275 0.0000e+00
     17.000     7.3492   3.176247    30.8249       1504     1.0439 0.0000e+00
     16.000     7.3302   3.175725    30.8366       1530     1.0618 0.0000e+00
     15.000     7.4220   3.173713    30.7339       1560     1.0825 0.0000e+00
     14.000     7.4957   3.171108    30.6414       1587     1.1016 0.0000e+00
     13.000     7.6015   3.168240    30.5179       1612     1.1184 0.0000e+00
     12.000     7.6325   3.168703    30.4961       1634     1.1342 0.0000e+00
     11.000     7.6366   3.168854    30.4946       1656     1.1494 0.0000e+00
     10.000     7.6405   3.168901    30.4921       1679     1.1655 0.0000e+00
      9.000     7.6558   3.169405    30.4845       1708     1.1851 0.0000e+00
      8.000     7.6608   3.169914    30.4861       1738     1.2059 0.0000e+00
      7.000     7.6793   3.170950    30.4813       1762     1.2232 0.0000e+00
      6.000     7.6833   3.171366    30.4827       1786     1.2393 0.0000e+00
      5.000     7.6892   3.171677    30.4813       1810     1.2564 0.0000e+00
      4.000     7.6945   3.172004    30.4806       1834     1.2727 0.0000e+00
      3.000     7.7018   3.173095    30.4862       1863     1.2932 0.0000e+00
