HB2402/ctd046.cnv
* Sea-Bird SBE 9 Data File:
* FileName = C:\cruise\data\ctd046.hex
* Software Version Seasave V 7.26.7.121
* Temperature SN = 5253
* Conductivity SN = 4421
* Number of Bytes Per Scan = 37
* Number of Voltage Words = 4
* Number of Scans Averaged by the Deck Unit = 1
* NMEA Latitude = 36 27.16 N
* NMEA Longitude = 074 49.26 W
* NMEA UTC (Time) = Mar 15 2024 15:53:00
* NMEA baud rate = 4800
** Ship: Bigelow HB2304
** Program:  Fall Bottom Trawl Survey
** Chief Scientist: John Galbraith
# nquan = 7
# nvalues = 139                         
# units = specified
# name 0 = depSM: Depth [salt water, m]
# name 1 = t090C: Temperature [ITS-90, deg C]
# name 2 = c0S/m: Conductivity [S/m]
# name 3 = sal00: Salinity, Practical [PSU]
# name 4 = scan: Scan Count
# name 5 = timeM: Time, Elapsed [minutes]
# name 6 = flag: flag
# span 0 =      1.000,     71.000       
# span 1 =     9.3640,    11.7313       
# span 2 =   3.534415,   3.882340       
# span 3 =    32.5663,    34.0700       
# span 4 =         50,       4839       
# span 5 =     0.0341,     3.3601       
# span 6 = 0.0000e+00, 0.0000e+00       
# interval = meters: 1                  
# start_time = Mar 15 2024 15:53:00 [NMEA time, header]
# bad_flag = -9.990e-29
*END*
      3.000     9.9606   3.566801    32.5663         50     0.0341 0.0000e+00
      4.000     9.9590   3.566695    32.5663        208     0.1435 0.0000e+00
      5.000     9.9530   3.566298    32.5673        305     0.2114 0.0000e+00
      6.000     9.9550   3.566519    32.5673        313     0.2165 0.0000e+00
      7.000     9.9572   3.566720    32.5669        346     0.2397 0.0000e+00
      8.000     9.9531   3.566444    32.5673        390     0.2705 0.0000e+00
      9.000     9.9545   3.566599    32.5671        407     0.2819 0.0000e+00
     10.000     9.9555   3.566705    32.5669        424     0.2940 0.0000e+00
     11.000     9.9227   3.564338    32.5720        448     0.3107 0.0000e+00
     12.000     9.8601   3.565517    32.6402        484     0.3355 0.0000e+00
     13.000     9.8130   3.576636    32.7957        515     0.3567 0.0000e+00
     14.000     9.7798   3.573817    32.7968        538     0.3729 0.0000e+00
     15.000     9.7218   3.567937    32.7892        565     0.3917 0.0000e+00
     16.000     9.6489   3.560755    32.7818        597     0.4138 0.0000e+00
     17.000     9.5971   3.555961    32.7796        623     0.4320 0.0000e+00
     18.000     9.5487   3.551394    32.7766        646     0.4477 0.0000e+00
     19.000     9.6000   3.557144    32.7882        668     0.4633 0.0000e+00
     20.000     9.6103   3.558235    32.7894        697     0.4831 0.0000e+00
     21.000     9.6158   3.559003    32.7919        732     0.5079 0.0000e+00
     22.000     9.5806   3.555566    32.7883        758     0.5259 0.0000e+00
     23.000     9.5596   3.553778    32.7888        781     0.5418 0.0000e+00
     24.000     9.4968   3.547939    32.7858        807     0.5600 0.0000e+00
     25.000     9.5138   3.552204    32.8136        841     0.5832 0.0000e+00
     26.000     9.5522   3.557893    32.8364        870     0.6036 0.0000e+00
     27.000     9.5349   3.557688    32.8497        895     0.6208 0.0000e+00
     28.000     9.4901   3.554822    32.8608        921     0.6390 0.0000e+00
     29.000     9.4170   3.548580    32.8633        949     0.6581 0.0000e+00
     30.000     9.3720   3.544965    32.8670        975     0.6764 0.0000e+00
     31.000     9.3669   3.545105    32.8727       1000     0.6940 0.0000e+00
     32.000     9.3640   3.545306    32.8769       1027     0.7124 0.0000e+00
     33.000     9.3739   3.547047    32.8853       1056     0.7328 0.0000e+00
     34.000     9.3826   3.548738    32.8943       1089     0.7554 0.0000e+00
     35.000     9.3851   3.549446    32.8988       1117     0.7750 0.0000e+00
     36.000     9.3983   3.551987    32.9124       1143     0.7934 0.0000e+00
     37.000     9.4159   3.554634    32.9231       1170     0.8116 0.0000e+00
     38.000     9.4298   3.556723    32.9313       1195     0.8293 0.0000e+00
     39.000     9.4445   3.558577    32.9364       1221     0.8472 0.0000e+00
     40.000     9.4946   3.565276    32.9588       1250     0.8672 0.0000e+00
     41.000     9.5461   3.572034    32.9803       1279     0.8876 0.0000e+00
     42.000     9.6964   3.593060    33.0571       1308     0.9074 0.0000e+00
     43.000     9.7931   3.605275    33.0927       1336     0.9268 0.0000e+00
     44.000     9.8073   3.607400    33.1008       1362     0.9448 0.0000e+00
     45.000     9.8477   3.613182    33.1222       1388     0.9631 0.0000e+00
     46.000     9.9228   3.623681    33.1597       1416     0.9829 0.0000e+00
     47.000    10.0538   3.641700    33.2221       1448     1.0049 0.0000e+00
     48.000    10.1613   3.655978    33.2676       1474     1.0227 0.0000e+00
     49.000    10.2777   3.671340    33.3156       1496     1.0379 0.0000e+00
     50.000    10.4013   3.688027    33.3700       1522     1.0562 0.0000e+00
     51.000    10.4797   3.698202    33.3999       1559     1.0821 0.0000e+00
     52.000    10.5817   3.712309    33.4476       1588     1.1020 0.0000e+00
     53.000    10.6460   3.720674    33.4720       1612     1.1186 0.0000e+00
     54.000    10.8636   3.752963    33.5942       1640     1.1379 0.0000e+00
     55.000    11.5242   3.848186    33.9312       1673     1.1613 0.0000e+00
     56.000    11.6420   3.866491    34.0022       1699     1.1791 0.0000e+00
     57.000    11.6492   3.868162    34.0115       1722     1.1953 0.0000e+00
     58.000    11.6561   3.869757    34.0205       1750     1.2145 0.0000e+00
     59.000    11.6691   3.871662    34.0268       1782     1.2371 0.0000e+00
     60.000    11.6762   3.872964    34.0325       1810     1.2564 0.0000e+00
     61.000    11.6879   3.875126    34.0425       1835     1.2734 0.0000e+00
     62.000    11.6978   3.876688    34.0483       1865     1.2945 0.0000e+00
     63.000    11.6999   3.877140    34.0505       1900     1.3187 0.0000e+00
     64.000    11.7010   3.877457    34.0520       1926     1.3369 0.0000e+00
     65.000    11.7046   3.877970    34.0534       1949     1.3528 0.0000e+00
     66.000    11.7072   3.878519    34.0559       1975     1.3705 0.0000e+00
     67.000    11.7172   3.880076    34.0616       2004     1.3908 0.0000e+00
     68.000    11.7280   3.881699    34.0671       2036     1.4134 0.0000e+00
     69.000    11.7306   3.882179    34.0689       2065     1.4334 0.0000e+00
     70.000    11.7313   3.882340    34.0695       2093     1.4527 0.0000e+00
     71.000    11.7277   3.881877    34.0677       2120     1.4718 0.0000e+00
     70.000    11.7237   3.881679    34.0700       2580     1.7912 0.0000e+00
     69.000    11.7199   3.881255    34.0698       3025     2.1000 0.0000e+00
     68.000    11.7191   3.881139    34.0698       3017     2.0946 0.0000e+00
     67.000    11.7176   3.880884    34.0691       3043     2.1127 0.0000e+00
     66.000    11.7172   3.880782    34.0689       3071     2.1323 0.0000e+00
     65.000    11.7161   3.880590    34.0685       3101     2.1527 0.0000e+00
     64.000    11.7127   3.880021    34.0665       3131     2.1733 0.0000e+00
     63.000    11.7104   3.879407    34.0629       3159     2.1929 0.0000e+00
     62.000    11.7105   3.879249    34.0618       3182     2.2091 0.0000e+00
     61.000    11.7078   3.878762    34.0599       3204     2.2242 0.0000e+00
     60.000    11.6945   3.876688    34.0523       3230     2.2421 0.0000e+00
     59.000    11.6825   3.874657    34.0438       3260     2.2629 0.0000e+00
     58.000    11.6757   3.873313    34.0373       3287     2.2821 0.0000e+00
     57.000    11.6727   3.872580    34.0333       3316     2.3019 0.0000e+00
     56.000    11.6208   3.863700    33.9943       3346     2.3231 0.0000e+00
     55.000    11.2890   3.814306    33.8126       3372     2.3411 0.0000e+00
     54.000    10.8358   3.748216    33.5728       3399     2.3600 0.0000e+00
     53.000    10.6564   3.723636    33.4923       3429     2.3805 0.0000e+00
     52.000    10.5791   3.712513    33.4521       3454     2.3978 0.0000e+00
     51.000    10.4720   3.698729    33.4123       3475     2.4126 0.0000e+00
     50.000    10.4075   3.690057    33.3848       3499     2.4291 0.0000e+00
     49.000    10.3332   3.680355    33.3556       3531     2.4514 0.0000e+00
     48.000    10.1870   3.660573    33.2905       3563     2.4738 0.0000e+00
     47.000    10.0683   3.644311    33.2352       3589     2.4916 0.0000e+00
     46.000     9.9753   3.631868    33.1948       3614     2.5091 0.0000e+00
     45.000     9.9245   3.624688    33.1689       3640     2.5273 0.0000e+00
     44.000     9.8751   3.617662    33.1432       3668     2.5465 0.0000e+00
     43.000     9.8321   3.611563    33.1209       3696     2.5659 0.0000e+00
     42.000     9.8027   3.607645    33.1085       3725     2.5864 0.0000e+00
     41.000     9.7085   3.594384    33.0600       3754     2.6059 0.0000e+00
     40.000     9.5737   3.576390    33.0001       3778     2.6231 0.0000e+00
     39.000     9.5243   3.569640    32.9768       3804     2.6413 0.0000e+00
     38.000     9.4929   3.565221    32.9607       3833     2.6611 0.0000e+00
     37.000     9.4563   3.560519    32.9464       3862     2.6810 0.0000e+00
     36.000     9.4393   3.558244    32.9391       3887     2.6983 0.0000e+00
     35.000     9.4276   3.556726    32.9347       3911     2.7156 0.0000e+00
     34.000     9.4221   3.555828    32.9309       3940     2.7352 0.0000e+00
     33.000     9.4067   3.553463    32.9212       3969     2.7555 0.0000e+00
     32.000     9.3906   3.550842    32.9095       3996     2.7742 0.0000e+00
     31.000     9.3794   3.548665    32.8979       4021     2.7918 0.0000e+00
     30.000     9.3705   3.547107    32.8904       4047     2.8098 0.0000e+00
     29.000     9.3683   3.546465    32.8863       4075     2.8295 0.0000e+00
     28.000     9.3665   3.545515    32.8786       4106     2.8506 0.0000e+00
     27.000     9.3750   3.545538    32.8714       4132     2.8687 0.0000e+00
     26.000     9.4362   3.550118    32.8629       4153     2.8836 0.0000e+00
     25.000     9.4875   3.553826    32.8543       4175     2.8987 0.0000e+00
     24.000     9.4950   3.552358    32.8328       4203     2.9181 0.0000e+00
     23.000     9.4723   3.548267    32.8121       4238     2.9427 0.0000e+00
     22.000     9.4567   3.543867    32.7816       4264     2.9602 0.0000e+00
     21.000     9.5183   3.549178    32.7802       4287     2.9761 0.0000e+00
     20.000     9.4723   3.543425    32.7637       4314     2.9949 0.0000e+00
     19.000     9.4139   3.536519    32.7465       4346     3.0172 0.0000e+00
     18.000     9.3996   3.534415    32.7384       4371     3.0349 0.0000e+00
     17.000     9.5099   3.545379    32.7507       4394     3.0509 0.0000e+00
     16.000     9.5705   3.551817    32.7618       4420     3.0686 0.0000e+00
     15.000     9.6804   3.562839    32.7748       4447     3.0876 0.0000e+00
     14.000     9.7578   3.570720    32.7852       4473     3.1058 0.0000e+00
     13.000     9.8130   3.575695    32.7862       4498     3.1227 0.0000e+00
     12.000     9.8215   3.570464    32.7255       4524     3.1407 0.0000e+00
     11.000     9.8559   3.563768    32.6266       4551     3.1600 0.0000e+00
     10.000     9.8908   3.563083    32.5885       4579     3.1791 0.0000e+00
      9.000     9.9112   3.564294    32.5828       4608     3.1993 0.0000e+00
      8.000     9.9175   3.565036    32.5851       4642     3.2228 0.0000e+00
      7.000     9.9203   3.565063    32.5833       4671     3.2431 0.0000e+00
      6.000     9.9194   3.565198    32.5859       4692     3.2579 0.0000e+00
      5.000     9.9151   3.565149    32.5898       4711     3.2710 0.0000e+00
      4.000     9.9158   3.565196    32.5901       4737     3.2887 0.0000e+00
      3.000     9.9208   3.565273    32.5868       4776     3.3163 0.0000e+00
      2.000     9.9194   3.565225    32.5880       4798     3.3315 0.0000e+00
      1.000     9.9215   3.564972    32.5840       4839     3.3601 0.0000e+00
