HB2402/ctd017.cnv
* Sea-Bird SBE 9 Data File:
* FileName = C:\cruise\data\ctd017.hex
* Software Version Seasave V 7.26.7.121
* Temperature SN = 5253
* Conductivity SN = 4421
* Number of Bytes Per Scan = 37
* Number of Voltage Words = 4
* Number of Scans Averaged by the Deck Unit = 1
* NMEA Latitude = 36 25.63 N
* NMEA Longitude = 075 37.25 W
* NMEA UTC (Time) = Mar 10 2024 20:39:24
* NMEA baud rate = 4800
** Ship: Bigelow HB2304
** Program:  Fall Bottom Trawl Survey
** Chief Scientist: John Galbraith
# nquan = 7
# nvalues = 35                          
# units = specified
# name 0 = depSM: Depth [salt water, m]
# name 1 = t090C: Temperature [ITS-90, deg C]
# name 2 = c0S/m: Conductivity [S/m]
# name 3 = sal00: Salinity, Practical [PSU]
# name 4 = scan: Scan Count
# name 5 = timeM: Time, Elapsed [minutes]
# name 6 = flag: flag
# span 0 =      3.000,     20.000       
# span 1 =     8.8102,     9.6160       
# span 2 =   3.279524,   3.298245       
# span 3 =    30.1289,    30.7862       
# span 4 =       -305,       2457       
# span 5 =    -0.2125,     1.7054       
# span 6 = 0.0000e+00, 0.0000e+00       
# interval = meters: 1                  
# start_time = Mar 10 2024 20:39:24 [NMEA time, header]
# bad_flag = -9.990e-29
*END*
      3.000     9.6160   3.297826    30.1401       -305    -0.2125 0.0000e+00
      4.000     9.6125   3.298178    30.1462        365     0.2525 0.0000e+00
      5.000     9.6142   3.298165    30.1442        251     0.1734 0.0000e+00
      6.000     9.6148   3.298221    30.1439        274     0.1893 0.0000e+00
      7.000     9.6103   3.298081    30.1458        305     0.2112 0.0000e+00
      8.000     9.5383   3.297284    30.1978        338     0.2340 0.0000e+00
      9.000     9.3687   3.294726    30.3145        369     0.2554 0.0000e+00
     10.000     9.2434   3.291333    30.3858        397     0.2749 0.0000e+00
     11.000     9.2144   3.289131    30.3876        421     0.2916 0.0000e+00
     12.000     9.1815   3.288151    30.4051        443     0.3067 0.0000e+00
     13.000     9.1572   3.287410    30.4178        466     0.3229 0.0000e+00
     14.000     9.1080   3.286540    30.4505        491     0.3401 0.0000e+00
     15.000     9.0013   3.284308    30.5184        515     0.3571 0.0000e+00
     16.000     8.8820   3.279524    30.5712        539     0.3739 0.0000e+00
     17.000     8.8154   3.284378    30.6784        568     0.3937 0.0000e+00
     18.000     8.8144   3.289152    30.7282        604     0.4190 0.0000e+00
     19.000     8.8331   3.293628    30.7579        631     0.4375 0.0000e+00
     20.000     8.8551   3.298245    30.7862        864     0.5994 0.0000e+00
     19.000     8.8432   3.295510    30.7686       1858     1.2894 0.0000e+00
     18.000     8.8348   3.293467    30.7552       2025     1.4055 0.0000e+00
     17.000     8.8168   3.289306    30.7281       2045     1.4197 0.0000e+00
     16.000     8.8102   3.285686    30.6968       2071     1.4377 0.0000e+00
     15.000     8.8343   3.280817    30.6261       2097     1.4553 0.0000e+00
     14.000     8.9177   3.280647    30.5529       2120     1.4716 0.0000e+00
     13.000     8.9846   3.282603    30.5161       2144     1.4883 0.0000e+00
     12.000     9.0605   3.284120    30.4671       2171     1.5068 0.0000e+00
     11.000     9.1245   3.285422    30.4262       2196     1.5243 0.0000e+00
     10.000     9.1483   3.286183    30.4141       2220     1.5406 0.0000e+00
      9.000     9.1863   3.287335    30.3939       2244     1.5574 0.0000e+00
      8.000     9.2062   3.288223    30.3865       2270     1.5758 0.0000e+00
      7.000     9.2868   3.290668    30.3434       2298     1.5949 0.0000e+00
      6.000     9.3858   3.292455    30.2782       2322     1.6120 0.0000e+00
      5.000     9.5227   3.294628    30.1852       2346     1.6283 0.0000e+00
      4.000     9.6026   3.295644    30.1289       2397     1.6642 0.0000e+00
      3.000     9.6126   3.296868    30.1332       2457     1.7054 0.0000e+00
