HB2402/ctd012.cnv
* Sea-Bird SBE 9 Data File:
* FileName = C:\cruise\data\ctd012.hex
* Software Version Seasave V 7.26.7.121
* Temperature SN = 5253
* Conductivity SN = 4421
* Number of Bytes Per Scan = 37
* Number of Voltage Words = 4
* Number of Scans Averaged by the Deck Unit = 1
* NMEA Latitude = 36 51.88 N
* NMEA Longitude = 074 38.64 W
* NMEA UTC (Time) = Mar 09 2024 18:46:51
* NMEA baud rate = 4800
** Ship: Bigelow HB2304
** Program:  Fall Bottom Trawl Survey
** Chief Scientist: John Galbraith
# nquan = 7
# nvalues = 409                         
# units = specified
# name 0 = depSM: Depth [salt water, m]
# name 1 = t090C: Temperature [ITS-90, deg C]
# name 2 = c0S/m: Conductivity [S/m]
# name 3 = sal00: Salinity, Practical [PSU]
# name 4 = scan: Scan Count
# name 5 = timeM: Time, Elapsed [minutes]
# name 6 = flag: flag
# span 0 =      2.000,    207.000       
# span 1 =    11.3853,    15.1461       
# span 2 =   3.987258,   4.270246       
# span 3 =    33.9173,    35.4681       
# span 4 =         59,      12240       
# span 5 =     0.0404,     8.4994       
# span 6 = 0.0000e+00, 0.0000e+00       
# interval = meters: 1                  
# start_time = Mar 09 2024 18:46:51 [NMEA time, header]
# bad_flag = -9.990e-29
*END*
      4.000    13.2998   4.011259    33.9173         59     0.0404 0.0000e+00
      5.000    13.2994   4.011276    33.9174        120     0.0823 0.0000e+00
      6.000    13.2990   4.011283    33.9174        167     0.1152 0.0000e+00
      7.000    13.2999   4.011403    33.9173        209     0.1447 0.0000e+00
      8.000    13.2994   4.011434    33.9176        225     0.1557 0.0000e+00
      9.000    13.2980   4.011418    33.9183        242     0.1674 0.0000e+00
     10.000    13.2984   4.011592    33.9192        260     0.1797 0.0000e+00
     11.000    13.2983   4.011637    33.9192        281     0.1941 0.0000e+00
     12.000    13.2988   4.011705    33.9191        333     0.2304 0.0000e+00
     13.000    13.2997   4.011890    33.9196        363     0.2511 0.0000e+00
     14.000    13.2998   4.012089    33.9209        378     0.2617 0.0000e+00
     15.000    13.2990   4.012541    33.9255        392     0.2718 0.0000e+00
     16.000    13.2994   4.012640    33.9257        410     0.2838 0.0000e+00
     17.000    13.2985   4.012539    33.9251        448     0.3101 0.0000e+00
     18.000    13.3086   4.013968    33.9292        511     0.3538 0.0000e+00
     19.000    13.3075   4.013853    33.9286        525     0.3637 0.0000e+00
     20.000    13.3094   4.014212    33.9299        540     0.3745 0.0000e+00
     21.000    13.3128   4.014626    33.9304        557     0.3861 0.0000e+00
     22.000    13.3104   4.014338    33.9294        578     0.4004 0.0000e+00
     23.000    13.3300   4.017101    33.9375        608     0.4213 0.0000e+00
     24.000    13.3558   4.020836    33.9493        641     0.4445 0.0000e+00
     25.000    13.3776   4.023764    33.9570        668     0.4631 0.0000e+00
     26.000    13.3755   4.023526    33.9562        702     0.4870 0.0000e+00
     27.000    13.3647   4.022139    33.9524        747     0.5180 0.0000e+00
     28.000    13.3745   4.023464    33.9557        770     0.5341 0.0000e+00
     29.000    13.3910   4.026018    33.9646        787     0.5459 0.0000e+00
     30.000    13.3983   4.026946    33.9664        804     0.5575 0.0000e+00
     31.000    13.4089   4.028283    33.9691        822     0.5704 0.0000e+00
     32.000    13.4018   4.027346    33.9662        847     0.5877 0.0000e+00
     33.000    13.4214   4.030163    33.9749        884     0.6129 0.0000e+00
     34.000    13.5345   4.045141    34.0144        923     0.6400 0.0000e+00
     35.000    13.6025   4.054128    34.0377        955     0.6626 0.0000e+00
     36.000    13.6589   4.061529    34.0564        985     0.6831 0.0000e+00
     37.000    13.6776   4.064135    34.0637       1011     0.7014 0.0000e+00
     38.000    13.6759   4.064196    34.0654       1033     0.7167 0.0000e+00
     39.000    13.6914   4.066231    34.0702       1052     0.7299 0.0000e+00
     40.000    13.7090   4.068813    34.0783       1072     0.7435 0.0000e+00
     41.000    13.7421   4.073752    34.0946       1100     0.7634 0.0000e+00
     42.000    13.7855   4.080043    34.1143       1150     0.7977 0.0000e+00
     43.000    13.7996   4.082367    34.1230       1175     0.8156 0.0000e+00
     44.000    13.8768   4.094305    34.1652       1194     0.8286 0.0000e+00
     45.000    13.9910   4.109616    34.2057       1216     0.8437 0.0000e+00
     46.000    14.1512   4.132701    34.2770       1259     0.8734 0.0000e+00
     47.000    14.2683   4.149591    34.3288       1300     0.9019 0.0000e+00
     48.000    14.4723   4.179387    34.4218       1316     0.9130 0.0000e+00
     49.000    14.7797   4.218066    34.5034       1331     0.9236 0.0000e+00
     50.000    14.9660   4.243031    34.5656       1347     0.9347 0.0000e+00
     51.000    14.9622   4.244574    34.5827       1368     0.9495 0.0000e+00
     52.000    15.0973   4.263744    34.6370       1429     0.9915 0.0000e+00
     53.000    15.1461   4.270246    34.6524       1470     1.0204 0.0000e+00
     54.000    15.1404   4.270026    34.6551       1487     1.0321 0.0000e+00
     55.000    15.1285   4.268461    34.6510       1502     1.0424 0.0000e+00
     56.000    15.0770   4.261870    34.6363       1517     1.0526 0.0000e+00
     57.000    14.9906   4.252310    34.6256       1535     1.0652 0.0000e+00
     58.000    15.0293   4.257965    34.6423       1599     1.1095 0.0000e+00
     59.000    15.0027   4.253657    34.6263       1632     1.1324 0.0000e+00
     60.000    14.7672   4.224913    34.5727       1646     1.1426 0.0000e+00
     61.000    14.7475   4.223363    34.5756       1663     1.1538 0.0000e+00
     62.000    14.7272   4.220131    34.5636       1684     1.1687 0.0000e+00
     63.000    14.6345   4.209112    34.5446       1720     1.1937 0.0000e+00
     64.000    14.4382   4.184010    34.4882       1756     1.2185 0.0000e+00
     65.000    13.9112   4.118870    34.3544       1780     1.2357 0.0000e+00
     66.000    13.3912   4.059509    34.2646       1810     1.2561 0.0000e+00
     67.000    13.1530   4.032137    34.2201       1843     1.2791 0.0000e+00
     68.000    13.1335   4.029225    34.2096       1866     1.2954 0.0000e+00
     69.000    13.1240   4.028052    34.2065       1885     1.3085 0.0000e+00
     70.000    13.1102   4.026412    34.2030       1907     1.3233 0.0000e+00
     71.000    13.1095   4.026205    34.2013       1940     1.3467 0.0000e+00
     72.000    13.1406   4.029816    34.2070       1984     1.3768 0.0000e+00
     73.000    13.1987   4.037035    34.2226       2011     1.3961 0.0000e+00
     74.000    13.4281   4.067513    34.3032       2034     1.4119 0.0000e+00
     75.000    13.9413   4.130167    34.4290       2056     1.4272 0.0000e+00
     76.000    14.2145   4.166757    34.5236       2080     1.4441 0.0000e+00
     77.000    14.3484   4.184023    34.5632       2107     1.4627 0.0000e+00
     78.000    14.3007   4.181093    34.5784       2136     1.4823 0.0000e+00
     79.000    14.2768   4.179774    34.5871       2164     1.5023 0.0000e+00
     80.000    14.3000   4.183923    34.6044       2194     1.5228 0.0000e+00
     81.000    14.2505   4.178887    34.6017       2225     1.5442 0.0000e+00
     82.000    14.2399   4.178044    34.6030       2251     1.5625 0.0000e+00
     83.000    14.2646   4.182387    34.6206       2274     1.5787 0.0000e+00
     84.000    14.1791   4.171536    34.5962       2302     1.5976 0.0000e+00
     85.000    13.9910   4.151820    34.5818       2341     1.6248 0.0000e+00
     86.000    14.6320   4.233874    34.7651       2373     1.6470 0.0000e+00
     87.000    14.4358   4.207626    34.6985       2395     1.6625 0.0000e+00
     88.000    14.1441   4.175205    34.6602       2416     1.6768 0.0000e+00
     89.000    14.0477   4.163459    34.6373       2439     1.6932 0.0000e+00
     90.000    13.5880   4.108851    34.5414       2467     1.7126 0.0000e+00
     91.000    13.2612   4.069134    34.4622       2495     1.7317 0.0000e+00
     92.000    13.0246   4.042007    34.4193       2525     1.7526 0.0000e+00
     93.000    13.1973   4.064659    34.4770       2571     1.7849 0.0000e+00
     94.000    13.1180   4.053688    34.4445       2612     1.8130 0.0000e+00
     95.000    12.8845   4.028143    34.4134       2630     1.8259 0.0000e+00
     96.000    12.8876   4.031094    34.4383       2646     1.8370 0.0000e+00
     97.000    12.9019   4.032760    34.4408       2662     1.8479 0.0000e+00
     98.000    12.9259   4.036829    34.4573       2682     1.8620 0.0000e+00
     99.000    12.9299   4.039630    34.4799       2713     1.8837 0.0000e+00
    100.000    12.9330   4.041916    34.4985       2758     1.9144 0.0000e+00
    101.000    12.9369   4.043051    34.5052       2797     1.9419 0.0000e+00
    102.000    12.9390   4.043541    34.5076       2829     1.9638 0.0000e+00
    103.000    12.9394   4.043768    34.5089       2852     1.9801 0.0000e+00
    104.000    12.9418   4.044254    34.5110       2871     1.9928 0.0000e+00
    105.000    12.9422   4.044725    34.5147       2889     2.0052 0.0000e+00
    106.000    12.9374   4.045754    34.5284       2910     2.0205 0.0000e+00
    107.000    12.9364   4.046792    34.5388       2946     2.0449 0.0000e+00
    108.000    12.9394   4.047921    34.5464       2984     2.0716 0.0000e+00
    109.000    12.9610   4.052256    34.5676       3020     2.0967 0.0000e+00
    110.000    12.9671   4.053771    34.5760       3057     2.1220 0.0000e+00
    111.000    12.9786   4.055642    34.5829       3082     2.1397 0.0000e+00
    112.000    12.9948   4.058040    34.5906       3104     2.1550 0.0000e+00
    113.000    13.0097   4.060595    34.6008       3123     2.1683 0.0000e+00
    114.000    13.0096   4.061081    34.6051       3142     2.1810 0.0000e+00
    115.000    13.0134   4.062652    34.6161       3160     2.1937 0.0000e+00
    116.000    13.0265   4.065581    34.6316       3183     2.2101 0.0000e+00
    117.000    13.0087   4.064743    34.6395       3250     2.2563 0.0000e+00
    118.000    12.9734   4.061359    34.6392       3292     2.2852 0.0000e+00
    119.000    12.9642   4.061081    34.6445       3313     2.3001 0.0000e+00
    120.000    12.9633   4.067483    34.7059       3336     2.3162 0.0000e+00
    121.000    12.9791   4.071444    34.7287       3356     2.3302 0.0000e+00
    122.000    12.9829   4.072629    34.7361       3374     2.3425 0.0000e+00
    123.000    12.9820   4.072369    34.7341       3392     2.3548 0.0000e+00
    124.000    12.9814   4.073810    34.7479       3414     2.3700 0.0000e+00
    125.000    12.9739   4.073835    34.7546       3464     2.4051 0.0000e+00
    126.000    12.9404   4.071839    34.7659       3512     2.4380 0.0000e+00
    127.000    12.9183   4.070358    34.7717       3531     2.4514 0.0000e+00
    128.000    12.8867   4.067511    34.7731       3551     2.4650 0.0000e+00
    129.000    12.8428   4.063579    34.7755       3574     2.4811 0.0000e+00
    130.000    12.7873   4.059914    34.7911       3604     2.5022 0.0000e+00
    131.000    12.7918   4.062267    34.8090       3634     2.5229 0.0000e+00
    132.000    12.8413   4.069367    34.8309       3660     2.5409 0.0000e+00
    133.000    12.9434   4.083442    34.8709       3686     2.5593 0.0000e+00
    134.000    13.0199   4.093761    34.8983       3716     2.5798 0.0000e+00
    135.000    13.0168   4.093609    34.8993       3748     2.6021 0.0000e+00
    136.000    12.9906   4.091691    34.9048       3777     2.6225 0.0000e+00
    137.000    12.9863   4.092064    34.9119       3810     2.6451 0.0000e+00
    138.000    12.9218   4.085801    34.9111       3845     2.6698 0.0000e+00
    139.000    12.9104   4.084839    34.9121       3870     2.6870 0.0000e+00
    140.000    12.8884   4.082783    34.9122       3888     2.6993 0.0000e+00
    141.000    12.8940   4.083427    34.9128       3904     2.7101 0.0000e+00
    142.000    12.9083   4.084959    34.9139       3921     2.7222 0.0000e+00
    143.000    12.9270   4.087031    34.9160       3973     2.7580 0.0000e+00
    144.000    12.9366   4.088265    34.9184       4023     2.7929 0.0000e+00
    145.000    12.8789   4.081402    34.9057       4038     2.8032 0.0000e+00
    146.000    12.8625   4.080176    34.9087       4051     2.8123 0.0000e+00
    147.000    12.8625   4.080238    34.9088       4065     2.8221 0.0000e+00
    148.000    12.8622   4.080218    34.9085       4086     2.8365 0.0000e+00
    149.000    12.8649   4.080506    34.9084       4158     2.8865 0.0000e+00
    150.000    12.8539   4.079297    34.9065       4181     2.9025 0.0000e+00
    151.000    12.8736   4.082012    34.9139       4196     2.9134 0.0000e+00
    152.000    12.8792   4.082583    34.9137       4212     2.9243 0.0000e+00
    153.000    12.8816   4.082926    34.9144       4229     2.9363 0.0000e+00
    154.000    12.8831   4.083144    34.9146       4256     2.9551 0.0000e+00
    155.000    12.8873   4.083725    34.9159       4322     3.0006 0.0000e+00
    156.000    12.8821   4.083283    34.9160       4350     3.0199 0.0000e+00
    157.000    12.8785   4.083071    34.9169       4370     3.0338 0.0000e+00
    158.000    12.8721   4.082276    34.9147       4388     3.0465 0.0000e+00
    159.000    12.8792   4.083763    34.9220       4408     3.0604 0.0000e+00
    160.000    12.8840   4.084592    34.9250       4436     3.0801 0.0000e+00
    161.000    12.8855   4.084879    34.9260       4478     3.1094 0.0000e+00
    162.000    12.8900   4.085648    34.9288       4508     3.1299 0.0000e+00
    163.000    12.9119   4.089538    34.9452       4531     3.1459 0.0000e+00
    164.000    12.8907   4.085513    34.9259       4554     3.1619 0.0000e+00
    165.000    12.8911   4.086194    34.9317       4579     3.1794 0.0000e+00
    166.000    12.9310   4.093159    34.9609       4609     3.2000 0.0000e+00
    167.000    13.0160   4.108910    35.0322       4642     3.2227 0.0000e+00
    168.000    13.0457   4.114899    35.0613       4673     3.2441 0.0000e+00
    169.000    13.0745   4.120863    35.0911       4698     3.2621 0.0000e+00
    170.000    13.0827   4.122446    35.0981       4722     3.2784 0.0000e+00
    171.000    13.0890   4.123842    35.1051       4745     3.2946 0.0000e+00
    172.000    13.1024   4.126222    35.1150       4773     3.3138 0.0000e+00
    173.000    13.1139   4.128576    35.1263       4808     3.3381 0.0000e+00
    174.000    13.1229   4.130688    35.1377       4839     3.3598 0.0000e+00
    175.000    13.1690   4.139838    35.1815       4861     3.3751 0.0000e+00
    176.000    13.1936   4.143724    35.1952       4885     3.3915 0.0000e+00
    177.000    13.2088   4.147205    35.2137       4915     3.4122 0.0000e+00
    178.000    13.2246   4.150243    35.2275       4949     3.4360 0.0000e+00
    179.000    13.2074   4.148606    35.2275       4978     3.4560 0.0000e+00
    180.000    13.1452   4.141651    35.2187       5002     3.4729 0.0000e+00
    181.000    13.0877   4.138037    35.2372       5024     3.4882 0.0000e+00
    182.000    13.0550   4.137110    35.2583       5049     3.5058 0.0000e+00
    183.000    13.0233   4.136604    35.2826       5088     3.5326 0.0000e+00
    184.000    12.9660   4.136794    35.3374       5127     3.5600 0.0000e+00
    185.000    12.9518   4.135650    35.3392       5152     3.5773 0.0000e+00
    186.000    12.9255   4.134021    35.3478       5171     3.5903 0.0000e+00
    187.000    12.9012   4.133126    35.3616       5191     3.6040 0.0000e+00
    188.000    12.8801   4.132657    35.3763       5213     3.6198 0.0000e+00
    189.000    12.8678   4.135462    35.4143       5243     3.6403 0.0000e+00
    190.000    12.8628   4.137150    35.4347       5276     3.6633 0.0000e+00
    191.000    12.8338   4.136966    35.4597       5317     3.6916 0.0000e+00
    192.000    12.7975   4.134291    35.4677       5362     3.7232 0.0000e+00
    193.000    12.7973   4.134367    35.4681       5384     3.7385 0.0000e+00
    194.000    12.7705   4.131652    35.4668       5401     3.7503 0.0000e+00
    195.000    12.7244   4.127314    35.4680       5417     3.7608 0.0000e+00
    196.000    12.6974   4.124419    35.4652       5433     3.7720 0.0000e+00
    197.000    12.5703   4.111261    35.4577       5459     3.7902 0.0000e+00
    198.000    12.4933   4.103140    35.4514       5518     3.8309 0.0000e+00
    199.000    12.4080   4.094624    35.4491       5551     3.8540 0.0000e+00
    200.000    12.3217   4.085616    35.4430       5577     3.8723 0.0000e+00
    201.000    12.2590   4.079217    35.4397       5602     3.8893 0.0000e+00
    202.000    11.9810   4.049218    35.4104       5626     3.9060 0.0000e+00
    203.000    11.5730   4.007742    35.3911       5648     3.9216 0.0000e+00
    204.000    11.4690   3.997425    35.3882       5670     3.9365 0.0000e+00
    205.000    11.4478   3.994989    35.3840       5693     3.9525 0.0000e+00
    206.000    11.4829   3.998564    35.3853       5724     3.9741 0.0000e+00
    207.000    11.4145   3.990155    35.3671       6120     4.2491 0.0000e+00
    206.000    11.3853   3.987258    35.3668       6275     4.3566 0.0000e+00
