HB2402/ctd040.cnv
* Sea-Bird SBE 9 Data File:
* FileName = C:\cruise\data\ctd040.hex
* Software Version Seasave V 7.26.7.121
* Temperature SN = 5253
* Conductivity SN = 4421
* Number of Bytes Per Scan = 37
* Number of Voltage Words = 4
* Number of Scans Averaged by the Deck Unit = 1
* NMEA Latitude = 36 03.16 N
* NMEA Longitude = 074 49.82 W
* NMEA UTC (Time) = Mar 14 2024 16:17:40
* NMEA baud rate = 4800
** Ship: Bigelow HB2304
** Program:  Fall Bottom Trawl Survey
** Chief Scientist: John Galbraith
# nquan = 7
# nvalues = 191                         
# units = specified
# name 0 = depSM: Depth [salt water, m]
# name 1 = t090C: Temperature [ITS-90, deg C]
# name 2 = c0S/m: Conductivity [S/m]
# name 3 = sal00: Salinity, Practical [PSU]
# name 4 = scan: Scan Count
# name 5 = timeM: Time, Elapsed [minutes]
# name 6 = flag: flag
# span 0 =      3.000,     98.000       
# span 1 =    10.3165,    14.9401       
# span 2 =   3.628898,   4.283261       
# span 3 =    32.8013,    35.1005       
# span 4 =       -186,       6001       
# span 5 =    -0.1301,     4.1664       
# span 6 = 0.0000e+00, 0.0000e+00       
# interval = meters: 1                  
# start_time = Mar 14 2024 16:17:40 [NMEA time, header]
# bad_flag = -9.990e-29
*END*
      3.000    10.3964   3.629002    32.8013       -186    -0.1301 0.0000e+00
      4.000    10.4022   3.631685    32.8226        295     0.2041 0.0000e+00
      5.000    10.3666   3.631426    32.8518        260     0.1801 0.0000e+00
      6.000    10.3365   3.629665    32.8608        286     0.1981 0.0000e+00
      7.000    10.3165   3.628898    32.8707        310     0.2144 0.0000e+00
      8.000    10.3375   3.632283    32.8854        334     0.2312 0.0000e+00
      9.000    10.3432   3.634157    32.8987        360     0.2490 0.0000e+00
     10.000    10.3583   3.638092    32.9242        386     0.2676 0.0000e+00
     11.000    10.3706   3.641837    32.9503        413     0.2862 0.0000e+00
     12.000    10.3651   3.646151    32.9982        439     0.3044 0.0000e+00
     13.000    10.3715   3.647009    33.0007        465     0.3220 0.0000e+00
     14.000    10.3776   3.647890    33.0035        489     0.3388 0.0000e+00
     15.000    10.4287   3.654296    33.0211        515     0.3569 0.0000e+00
     16.000    10.4776   3.660558    33.0391        543     0.3762 0.0000e+00
     17.000    10.6445   3.682880    33.1110        571     0.3957 0.0000e+00
     18.000    10.8264   3.706528    33.1816        598     0.4145 0.0000e+00
     19.000    10.8738   3.712726    33.2000        624     0.4327 0.0000e+00
     20.000    10.8822   3.714292    33.2075        648     0.4493 0.0000e+00
     21.000    10.9173   3.719430    33.2263        673     0.4665 0.0000e+00
     22.000    10.9327   3.722311    33.2406        699     0.4846 0.0000e+00
     23.000    10.9365   3.723842    33.2519        727     0.5044 0.0000e+00
     24.000    11.0446   3.738272    33.2966        756     0.5242 0.0000e+00
     25.000    11.5664   3.800889    33.4411        782     0.5427 0.0000e+00
     26.000    11.8023   3.827698    33.4902        808     0.5605 0.0000e+00
     27.000    11.9303   3.845498    33.5475        835     0.5788 0.0000e+00
     28.000    12.2135   3.879883    33.6257        862     0.5979 0.0000e+00
     29.000    12.3773   3.900985    33.6815        888     0.6162 0.0000e+00
     30.000    12.7487   3.946781    33.7869        914     0.6340 0.0000e+00
     31.000    13.1872   4.001055    33.9100        940     0.6520 0.0000e+00
     32.000    13.4593   4.035757    33.9941        968     0.6714 0.0000e+00
     33.000    13.7097   4.068555    34.0782        996     0.6909 0.0000e+00
     34.000    13.8418   4.086401    34.1268       1023     0.7094 0.0000e+00
     35.000    14.0405   4.114029    34.2067       1047     0.7266 0.0000e+00
     36.000    14.1871   4.133438    34.2561       1072     0.7437 0.0000e+00
     37.000    14.2345   4.139976    34.2741       1097     0.7609 0.0000e+00
     38.000    14.2624   4.143904    34.2851       1126     0.7811 0.0000e+00
     39.000    14.2868   4.147372    34.2952       1156     0.8022 0.0000e+00
     40.000    14.2936   4.148515    34.2992       1183     0.8208 0.0000e+00
     41.000    14.3067   4.150320    34.3038       1207     0.8373 0.0000e+00
     42.000    14.3113   4.151079    34.3064       1231     0.8539 0.0000e+00
     43.000    14.3210   4.152452    34.3100       1258     0.8728 0.0000e+00
     44.000    14.3293   4.153730    34.3140       1287     0.8932 0.0000e+00
     45.000    14.3299   4.153923    34.3149       1314     0.9116 0.0000e+00
     46.000    14.2810   4.147986    34.3030       1338     0.9288 0.0000e+00
     47.000    14.1726   4.135276    34.2815       1364     0.9465 0.0000e+00
     48.000    14.1007   4.127070    34.2690       1392     0.9658 0.0000e+00
     49.000    14.0163   4.117005    34.2502       1420     0.9854 0.0000e+00
     50.000    13.9354   4.106952    34.2283       1446     1.0033 0.0000e+00
     51.000    13.8095   4.092144    34.2022       1470     1.0204 0.0000e+00
     52.000    13.7261   4.082465    34.1858       1497     1.0390 0.0000e+00
     53.000    13.6483   4.073490    34.1708       1528     1.0601 0.0000e+00
     54.000    13.5586   4.062973    34.1520       1555     1.0793 0.0000e+00
     55.000    13.4847   4.054401    34.1371       1579     1.0958 0.0000e+00
     56.000    13.4201   4.047951    34.1339       1603     1.1125 0.0000e+00
     57.000    13.4745   4.057874    34.1780       1631     1.1320 0.0000e+00
     58.000    13.6368   4.080996    34.2493       1660     1.1524 0.0000e+00
     59.000    13.7839   4.101347    34.3076       1686     1.1702 0.0000e+00
     60.000    13.9012   4.117495    34.3530       1710     1.1865 0.0000e+00
     61.000    13.9232   4.120662    34.3624       1735     1.2038 0.0000e+00
     62.000    13.9167   4.120399    34.3653       1764     1.2240 0.0000e+00
     63.000    13.9093   4.119988    34.3678       1794     1.2450 0.0000e+00
     64.000    13.8988   4.119597    34.3730       1821     1.2636 0.0000e+00
     65.000    14.0241   4.139265    34.4434       1846     1.2811 0.0000e+00
     66.000    14.1172   4.153079    34.4881       1871     1.2986 0.0000e+00
     67.000    14.1908   4.164126    34.5242       1898     1.3172 0.0000e+00
     68.000    14.3223   4.181004    34.5623       1926     1.3369 0.0000e+00
     69.000    14.4437   4.198222    34.6123       1953     1.3554 0.0000e+00
     70.000    14.5718   4.215668    34.6579       1977     1.3724 0.0000e+00
     71.000    14.7468   4.239648    34.7212       2000     1.3884 0.0000e+00
     72.000    14.7978   4.246154    34.7349       2026     1.4062 0.0000e+00
     73.000    14.9175   4.263267    34.7840       2058     1.4283 0.0000e+00
     74.000    14.9401   4.268096    34.8075       2089     1.4499 0.0000e+00
     75.000    14.8474   4.257530    34.7933       2114     1.4672 0.0000e+00
     76.000    14.6353   4.235052    34.7768       2138     1.4837 0.0000e+00
     77.000    14.6819   4.246730    34.8417       2164     1.5022 0.0000e+00
     78.000    14.8132   4.270898    34.9451       2193     1.5223 0.0000e+00
     79.000    14.8703   4.280818    34.9842       2221     1.5414 0.0000e+00
     80.000    14.8484   4.283261    35.0257       2245     1.5583 0.0000e+00
     81.000    14.7565   4.276855    35.0494       2268     1.5744 0.0000e+00
     82.000    14.6463   4.266234    35.0509       2293     1.5913 0.0000e+00
     83.000    14.4806   4.250240    35.0529       2320     1.6104 0.0000e+00
     84.000    14.3765   4.239894    35.0513       2350     1.6315 0.0000e+00
     85.000    14.2662   4.229766    35.0572       2380     1.6519 0.0000e+00
     86.000    14.2239   4.226149    35.0617       2407     1.6707 0.0000e+00
     87.000    14.2099   4.225548    35.0684       2433     1.6887 0.0000e+00
     88.000    14.1887   4.224103    35.0739       2460     1.7077 0.0000e+00
     89.000    14.1406   4.219226    35.0719       2488     1.7270 0.0000e+00
     90.000    13.9669   4.201564    35.0653       2514     1.7451 0.0000e+00
     91.000    13.8789   4.192720    35.0626       2538     1.7615 0.0000e+00
     92.000    13.8375   4.188601    35.0615       2560     1.7774 0.0000e+00
     93.000    13.7515   4.182463    35.0823       2585     1.7941 0.0000e+00
     94.000    13.6730   4.176792    35.1005       2612     1.8134 0.0000e+00
     95.000    13.6638   4.175782    35.0991       2642     1.8340 0.0000e+00
     96.000    13.6642   4.175790    35.0983       2671     1.8544 0.0000e+00
     97.000    13.6639   4.175695    35.0973       2701     1.8749 0.0000e+00
     98.000    13.6663   4.175595    35.0937       2946     2.0453 0.0000e+00
     97.000    13.6697   4.175778    35.0927       3821     2.6530 0.0000e+00
     96.000    13.6712   4.175925    35.0932       3528     2.4492 0.0000e+00
     95.000    13.6713   4.175843    35.0928       3546     2.4615 0.0000e+00
     94.000    13.6704   4.175693    35.0926       3567     2.4764 0.0000e+00
     93.000    13.6714   4.175690    35.0920       3589     2.4914 0.0000e+00
     92.000    13.6807   4.176357    35.0902       3612     2.5078 0.0000e+00
     91.000    13.7044   4.178131    35.0856       3640     2.5271 0.0000e+00
     90.000    13.7299   4.179908    35.0793       3672     2.5490 0.0000e+00
     89.000    13.8144   4.187325    35.0719       3701     2.5698 0.0000e+00
     88.000    13.9346   4.197826    35.0606       3727     2.5878 0.0000e+00
     87.000    13.9566   4.200087    35.0621       3752     2.6047 0.0000e+00
     86.000    14.0479   4.208394    35.0567       3777     2.6219 0.0000e+00
     85.000    14.1160   4.215246    35.0589       3802     2.6393 0.0000e+00
     84.000    14.1593   4.219538    35.0599       3826     2.6564 0.0000e+00
     83.000    14.2156   4.223912    35.0497       3849     2.6725 0.0000e+00
     82.000    14.3041   4.231828    35.0431       3873     2.6886 0.0000e+00
     81.000    14.3928   4.239751    35.0364       3898     2.7064 0.0000e+00
     80.000    14.4380   4.245172    35.0460       3928     2.7272 0.0000e+00
     79.000    14.4759   4.249425    35.0514       3959     2.7486 0.0000e+00
     78.000    14.7538   4.272564    35.0137       3986     2.7675 0.0000e+00
     77.000    14.7756   4.270122    34.9721       4011     2.7847 0.0000e+00
     76.000    14.7319   4.260842    34.9268       4034     2.8010 0.0000e+00
     75.000    14.6750   4.249174    34.8712       4058     2.8175 0.0000e+00
     74.000    14.6772   4.244540    34.8271       4083     2.8347 0.0000e+00
     73.000    14.7447   4.249559    34.8131       4109     2.8528 0.0000e+00
     72.000    14.8235   4.256472    34.8063       4135     2.8712 0.0000e+00
     71.000    14.8579   4.258191    34.7917       4160     2.8883 0.0000e+00
     70.000    14.8447   4.256214    34.7858       4185     2.9055 0.0000e+00
     69.000    14.8127   4.251299    34.7698       4213     2.9248 0.0000e+00
     68.000    14.7567   4.243743    34.7511       4243     2.9459 0.0000e+00
     67.000    14.5654   4.215781    34.6659       4270     2.9649 0.0000e+00
     66.000    14.4873   4.205389    34.6405       4294     2.9815 0.0000e+00
     65.000    14.3333   4.185236    34.5928       4317     2.9971 0.0000e+00
     64.000    14.2714   4.176850    34.5711       4340     3.0134 0.0000e+00
     63.000    14.2028   4.165574    34.5286       4367     3.0321 0.0000e+00
     62.000    14.1406   4.154221    34.4794       4396     3.0522 0.0000e+00
     61.000    13.9984   4.135623    34.4344       4423     3.0712 0.0000e+00
     60.000    13.9733   4.130041    34.4053       4449     3.0887 0.0000e+00
     59.000    13.9483   4.125891    34.3895       4473     3.1053 0.0000e+00
     58.000    13.9436   4.125200    34.3876       4498     3.1228 0.0000e+00
     57.000    13.8974   4.118793    34.3697       4524     3.1411 0.0000e+00
     56.000    13.8404   4.109977    34.3389       4551     3.1599 0.0000e+00
     55.000    13.7269   4.095069    34.3017       4578     3.1787 0.0000e+00
     54.000    13.6491   4.082927    34.2581       4604     3.1965 0.0000e+00
     53.000    13.5525   4.067874    34.2039       4629     3.2138 0.0000e+00
     52.000    13.5394   4.064506    34.1844       4654     3.2314 0.0000e+00
     51.000    13.5677   4.065557    34.1694       4681     3.2500 0.0000e+00
     50.000    13.6273   4.072213    34.1789       4709     3.2691 0.0000e+00
     49.000    13.6768   4.077561    34.1852       4734     3.2865 0.0000e+00
     48.000    13.7899   4.089851    34.1995       4757     3.3029 0.0000e+00
     47.000    13.8739   4.098955    34.2099       4781     3.3198 0.0000e+00
     46.000    13.9587   4.109248    34.2306       4807     3.3377 0.0000e+00
     45.000    14.0258   4.117784    34.2506       4835     3.3567 0.0000e+00
     44.000    14.1150   4.128216    34.2685       4862     3.3756 0.0000e+00
     43.000    14.2352   4.142374    34.2931       4889     3.3945 0.0000e+00
     42.000    14.2281   4.142389    34.3000       4915     3.4128 0.0000e+00
     41.000    14.2633   4.146188    34.3042       4941     3.4304 0.0000e+00
     40.000    14.2669   4.146810    34.3072       4967     3.4484 0.0000e+00
     39.000    14.2702   4.147068    34.3070       4993     3.4667 0.0000e+00
     38.000    14.2727   4.147277    34.3072       5019     3.4845 0.0000e+00
     37.000    14.2724   4.147105    34.3062       5043     3.5014 0.0000e+00
     36.000    14.2675   4.146447    34.3050       5067     3.5181 0.0000e+00
     35.000    14.2594   4.145369    34.3026       5092     3.5354 0.0000e+00
     34.000    14.2460   4.143581    34.2984       5118     3.5534 0.0000e+00
     33.000    14.1964   4.137753    34.2890       5145     3.5721 0.0000e+00
     32.000    14.0172   4.113087    34.2199       5173     3.5915 0.0000e+00
     31.000    13.9452   4.103872    34.1988       5201     3.6108 0.0000e+00
     30.000    13.8459   4.088864    34.1478       5228     3.6296 0.0000e+00
     29.000    13.5324   4.049984    34.0638       5252     3.6465 0.0000e+00
     28.000    13.3025   4.020712    33.9939       5277     3.6637 0.0000e+00
     27.000    12.7836   3.961905    33.9013       5302     3.6811 0.0000e+00
     26.000    12.5922   3.933621    33.8032       5327     3.6988 0.0000e+00
     25.000    12.3418   3.902304    33.7278       5353     3.7165 0.0000e+00
     24.000    11.9809   3.857068    33.6158       5378     3.7342 0.0000e+00
     23.000    11.6113   3.816806    33.5576       5405     3.7529 0.0000e+00
     22.000    11.6647   3.814590    33.4877       5432     3.7718 0.0000e+00
     21.000    11.1094   3.750303    33.3586       5458     3.7893 0.0000e+00
     20.000    11.1142   3.746862    33.3205       5481     3.8056 0.0000e+00
     19.000    11.0187   3.734775    33.2877       5506     3.8227 0.0000e+00
     18.000    10.9588   3.726314    33.2585       5533     3.8415 0.0000e+00
     17.000    10.9850   3.728575    33.2576       5561     3.8613 0.0000e+00
     16.000    10.9366   3.722793    33.2444       5588     3.8801 0.0000e+00
     15.000    10.6911   3.690216    33.1429       5613     3.8972 0.0000e+00
     14.000    10.5843   3.676661    33.1047       5637     3.9139 0.0000e+00
     13.000    10.5114   3.667660    33.0810       5662     3.9310 0.0000e+00
     12.000    10.5105   3.666669    33.0724       5688     3.9491 0.0000e+00
     11.000    10.4782   3.662915    33.0645       5714     3.9672 0.0000e+00
     10.000    10.4078   3.652529    33.0245       5738     3.9842 0.0000e+00
      9.000    10.3820   3.648192    33.0047       5762     4.0004 0.0000e+00
      8.000    10.3681   3.644184    32.9775       5786     4.0172 0.0000e+00
      7.000    10.3611   3.640954    32.9518       5812     4.0355 0.0000e+00
      6.000    10.3669   3.640639    32.9437       5839     4.0544 0.0000e+00
      5.000    10.3557   3.636908    32.9167       5865     4.0719 0.0000e+00
      4.000    10.3443   3.634401    32.9023       5899     4.0959 0.0000e+00
      3.000    10.3345   3.630868    32.8760       6001     4.1664 0.0000e+00
