HB2402/ctd045.cnv
* Sea-Bird SBE 9 Data File:
* FileName = C:\cruise\data\ctd045.hex
* Software Version Seasave V 7.26.7.121
* Temperature SN = 5253
* Conductivity SN = 4421
* Number of Bytes Per Scan = 37
* Number of Voltage Words = 4
* Number of Scans Averaged by the Deck Unit = 1
* NMEA Latitude = 36 28.55 N
* NMEA Longitude = 075 00.54 W
* NMEA UTC (Time) = Mar 15 2024 13:39:40
* NMEA baud rate = 4800
** Ship: Bigelow HB2304
** Program:  Fall Bottom Trawl Survey
** Chief Scientist: John Galbraith
# nquan = 7
# nvalues = 65                          
# units = specified
# name 0 = depSM: Depth [salt water, m]
# name 1 = t090C: Temperature [ITS-90, deg C]
# name 2 = c0S/m: Conductivity [S/m]
# name 3 = sal00: Salinity, Practical [PSU]
# name 4 = scan: Scan Count
# name 5 = timeM: Time, Elapsed [minutes]
# name 6 = flag: flag
# span 0 =      2.000,     35.000       
# span 1 =     9.4055,     9.7112       
# span 2 =   3.522423,   3.534580       
# span 3 =    32.4632,    32.6072       
# span 4 =        163,       2876       
# span 5 =     0.1123,     1.9966       
# span 6 = 0.0000e+00, 0.0000e+00       
# interval = meters: 1                  
# start_time = Mar 15 2024 13:39:40 [NMEA time, header]
# bad_flag = -9.990e-29
*END*
      4.000     9.7112   3.534580    32.4632        163     0.1123 0.0000e+00
      5.000     9.6244   3.530894    32.5035        286     0.1980 0.0000e+00
      6.000     9.5654   3.528507    32.5321        314     0.2175 0.0000e+00
      7.000     9.4612   3.524216    32.5823        346     0.2398 0.0000e+00
      8.000     9.4440   3.523414    32.5892        375     0.2595 0.0000e+00
      9.000     9.4691   3.524173    32.5737        400     0.2773 0.0000e+00
     10.000     9.4593   3.524069    32.5811        425     0.2947 0.0000e+00
     11.000     9.4683   3.524759    32.5796        453     0.3137 0.0000e+00
     12.000     9.4867   3.525613    32.5712        481     0.3330 0.0000e+00
     13.000     9.4896   3.525578    32.5677        506     0.3507 0.0000e+00
     14.000     9.4758   3.525160    32.5756        530     0.3673 0.0000e+00
     15.000     9.4951   3.526174    32.5680        555     0.3846 0.0000e+00
     16.000     9.4429   3.523919    32.5919        583     0.4045 0.0000e+00
     17.000     9.4428   3.524234    32.5948        613     0.4247 0.0000e+00
     18.000     9.4269   3.523532    32.6016        640     0.4438 0.0000e+00
     19.000     9.4155   3.523118    32.6072        668     0.4633 0.0000e+00
     20.000     9.4135   3.522900    32.6064        696     0.4824 0.0000e+00
     21.000     9.4121   3.522793    32.6061        722     0.5007 0.0000e+00
     22.000     9.4128   3.522888    32.6059        750     0.5202 0.0000e+00
     23.000     9.4130   3.522924    32.6057        779     0.5404 0.0000e+00
     24.000     9.4132   3.523008    32.6060        805     0.5583 0.0000e+00
     25.000     9.4141   3.523140    32.6061        829     0.5750 0.0000e+00
     26.000     9.4176   3.523532    32.6064        855     0.5933 0.0000e+00
     27.000     9.4158   3.523400    32.6063        884     0.6129 0.0000e+00
     28.000     9.4147   3.523331    32.6061        912     0.6324 0.0000e+00
     29.000     9.4143   3.523247    32.6052        940     0.6519 0.0000e+00
     30.000     9.4139   3.523297    32.6056        968     0.6715 0.0000e+00
     31.000     9.4110   3.523022    32.6049        996     0.6911 0.0000e+00
     32.000     9.4097   3.522899    32.6044       1024     0.7103 0.0000e+00
     33.000     9.4085   3.522816    32.6042       1050     0.7286 0.0000e+00
     34.000     9.4065   3.522641    32.6038       1076     0.7463 0.0000e+00
     35.000     9.4055   3.522569    32.6036       1091     0.7567 0.0000e+00
     34.000     9.4119   3.523236    32.6049       1529     1.0612 0.0000e+00
     33.000     9.4056   3.522457    32.6031       1578     1.0954 0.0000e+00
     32.000     9.4057   3.522423    32.6032       1605     1.1141 0.0000e+00
     31.000     9.4074   3.522567    32.6036       1630     1.1315 0.0000e+00
     30.000     9.4086   3.522675    32.6040       1655     1.1489 0.0000e+00
     29.000     9.4088   3.522650    32.6040       1680     1.1663 0.0000e+00
     28.000     9.4103   3.522777    32.6044       1705     1.1832 0.0000e+00
     27.000     9.4125   3.522996    32.6051       1731     1.2014 0.0000e+00
     26.000     9.4146   3.523176    32.6055       1759     1.2206 0.0000e+00
     25.000     9.4150   3.523164    32.6055       1785     1.2389 0.0000e+00
     24.000     9.4146   3.523107    32.6057       1809     1.2557 0.0000e+00
     23.000     9.4145   3.523051    32.6056       1834     1.2729 0.0000e+00
     22.000     9.4138   3.522932    32.6055       1862     1.2926 0.0000e+00
     21.000     9.4134   3.522848    32.6055       1892     1.3130 0.0000e+00
     20.000     9.4140   3.522867    32.6055       1918     1.3313 0.0000e+00
     19.000     9.4149   3.522930    32.6059       1943     1.3487 0.0000e+00
     18.000     9.4156   3.522876    32.6051       1968     1.3658 0.0000e+00
     17.000     9.4176   3.523134    32.6064       1992     1.3829 0.0000e+00
     16.000     9.4209   3.523427    32.6068       2017     1.3999 0.0000e+00
     15.000     9.4222   3.523509    32.6069       2043     1.4178 0.0000e+00
     14.000     9.4232   3.523522    32.6066       2071     1.4378 0.0000e+00
     13.000     9.4354   3.524157    32.6025       2101     1.4580 0.0000e+00
     12.000     9.4478   3.524876    32.5990       2127     1.4763 0.0000e+00
     11.000     9.4557   3.525466    32.5983       2151     1.4934 0.0000e+00
     10.000     9.4631   3.525960    32.5971       2176     1.5105 0.0000e+00
      9.000     9.4716   3.526372    32.5941       2201     1.5280 0.0000e+00
      8.000     9.4744   3.526536    32.5936       2230     1.5481 0.0000e+00
      7.000     9.5149   3.526445    32.5564       2257     1.5669 0.0000e+00
      6.000     9.5918   3.527166    32.4945       2280     1.5825 0.0000e+00
      5.000     9.5998   3.527567    32.4918       2307     1.6017 0.0000e+00
      4.000     9.6114   3.527703    32.4831       2341     1.6253 0.0000e+00
      3.000     9.6223   3.527817    32.4748       2441     1.6947 0.0000e+00
      2.000     9.5786   3.524873    32.4847       2876     1.9966 0.0000e+00
