HB2402/ctd047.cnv
* Sea-Bird SBE 9 Data File:
* FileName = C:\cruise\data\ctd047.hex
* Software Version Seasave V 7.26.7.121
* Temperature SN = 5253
* Conductivity SN = 4421
* Number of Bytes Per Scan = 37
* Number of Voltage Words = 4
* Number of Scans Averaged by the Deck Unit = 1
* NMEA Latitude = 36 40.43 N
* NMEA Longitude = 074 42.22 W
* NMEA UTC (Time) = Mar 15 2024 18:45:16
* NMEA baud rate = 4800
** Ship: Bigelow HB2304
** Program:  Fall Bottom Trawl Survey
** Chief Scientist: John Galbraith
# nquan = 7
# nvalues = 205                         
# units = specified
# name 0 = depSM: Depth [salt water, m]
# name 1 = t090C: Temperature [ITS-90, deg C]
# name 2 = c0S/m: Conductivity [S/m]
# name 3 = sal00: Salinity, Practical [PSU]
# name 4 = scan: Scan Count
# name 5 = timeM: Time, Elapsed [minutes]
# name 6 = flag: flag
# span 0 =      3.000,    105.000       
# span 1 =     9.1367,    14.5791       
# span 2 =   3.510379,   4.266148       
# span 3 =    32.6769,    35.1164       
# span 4 =        137,       6736       
# span 5 =     0.0945,     4.6769       
# span 6 = 0.0000e+00, 0.0000e+00       
# interval = meters: 1                  
# start_time = Mar 15 2024 18:45:16 [NMEA time, header]
# bad_flag = -9.990e-29
*END*
      3.000     9.3091   3.520066    32.6801        137     0.0945 0.0000e+00
      4.000     9.3107   3.520238    32.6800        281     0.1946 0.0000e+00
      5.000     9.3131   3.520444    32.6795        310     0.2145 0.0000e+00
      6.000     9.3248   3.521276    32.6769        334     0.2309 0.0000e+00
      7.000     9.3162   3.520701    32.6784        355     0.2461 0.0000e+00
      8.000     9.3062   3.519933    32.6792        380     0.2632 0.0000e+00
      9.000     9.2988   3.519435    32.6803        410     0.2842 0.0000e+00
     10.000     9.2926   3.519006    32.6812        441     0.3054 0.0000e+00
     11.000     9.2764   3.517938    32.6845        466     0.3232 0.0000e+00
     12.000     9.2610   3.516980    32.6882        490     0.3398 0.0000e+00
     13.000     9.2357   3.515285    32.6934        515     0.3567 0.0000e+00
     14.000     9.1923   3.512591    32.7049        540     0.3744 0.0000e+00
     15.000     9.1814   3.511895    32.7073        566     0.3921 0.0000e+00
     16.000     9.1656   3.511078    32.7129        594     0.4117 0.0000e+00
     17.000     9.1490   3.510379    32.7204        624     0.4328 0.0000e+00
     18.000     9.1367   3.511200    32.7398        650     0.4508 0.0000e+00
     19.000     9.1508   3.515301    32.7688        673     0.4666 0.0000e+00
     20.000     9.2155   3.525263    32.8119        697     0.4832 0.0000e+00
     21.000     9.4116   3.549193    32.8782        728     0.5047 0.0000e+00
     22.000     9.9733   3.619038    33.0745        761     0.5275 0.0000e+00
     23.000    11.5018   3.794148    33.4350        786     0.5449 0.0000e+00
     24.000    11.9249   3.845918    33.5577        808     0.5607 0.0000e+00
     25.000    12.3167   3.893104    33.6616        833     0.5777 0.0000e+00
     26.000    12.4874   3.913914    33.7082        861     0.5972 0.0000e+00
     27.000    12.5284   3.919394    33.7236        891     0.6180 0.0000e+00
     28.000    12.5247   3.919693    33.7294        920     0.6381 0.0000e+00
     29.000    12.5972   3.930436    33.7669        945     0.6553 0.0000e+00
     30.000    12.7960   3.955215    33.8251        968     0.6715 0.0000e+00
     31.000    12.8516   3.962059    33.8401        995     0.6902 0.0000e+00
     32.000    12.8598   3.963820    33.8491       1027     0.7127 0.0000e+00
     33.000    12.8546   3.963847    33.8536       1056     0.7329 0.0000e+00
     34.000    12.8128   3.958975    33.8442       1079     0.7489 0.0000e+00
     35.000    12.6958   3.946239    33.8272       1100     0.7629 0.0000e+00
     36.000    12.6859   3.945473    33.8283       1121     0.7777 0.0000e+00
     37.000    12.7192   3.949630    33.8378       1146     0.7954 0.0000e+00
     38.000    12.7483   3.953315    33.8464       1181     0.8194 0.0000e+00
     39.000    12.7530   3.954039    33.8487       1215     0.8432 0.0000e+00
     40.000    12.7549   3.954444    33.8505       1240     0.8605 0.0000e+00
     41.000    12.7639   3.955755    33.8545       1264     0.8771 0.0000e+00
     42.000    12.8000   3.960650    33.8684       1289     0.8947 0.0000e+00
     43.000    12.8240   3.963665    33.8752       1317     0.9139 0.0000e+00
     44.000    12.8287   3.964413    33.8776       1344     0.9324 0.0000e+00
     45.000    12.8331   3.965125    33.8800       1367     0.9489 0.0000e+00
     46.000    12.8388   3.965945    33.8824       1391     0.9653 0.0000e+00
     47.000    12.8455   3.966951    33.8855       1417     0.9833 0.0000e+00
     48.000    12.8494   3.967577    33.8875       1447     1.0043 0.0000e+00
     49.000    12.8605   3.969094    33.8916       1479     1.0263 0.0000e+00
     50.000    12.8735   3.970747    33.8953       1510     1.0478 0.0000e+00
     51.000    12.8729   3.970910    33.8970       1537     1.0665 0.0000e+00
     52.000    12.8756   3.971545    33.9001       1560     1.0828 0.0000e+00
     53.000    12.8858   3.972996    33.9044       1583     1.0985 0.0000e+00
     54.000    12.8965   3.974429    33.9081       1607     1.1154 0.0000e+00
     55.000    12.9162   3.977026    33.9147       1635     1.1349 0.0000e+00
     56.000    12.9304   3.978949    33.9198       1665     1.1554 0.0000e+00
     57.000    12.9426   3.980663    33.9247       1692     1.1746 0.0000e+00
     58.000    12.9437   3.981067    33.9272       1720     1.1936 0.0000e+00
     59.000    12.9555   3.983256    33.9370       1746     1.2117 0.0000e+00
     60.000    12.9799   3.987124    33.9515       1772     1.2297 0.0000e+00
     61.000    13.0272   3.994661    33.9801       1799     1.2487 0.0000e+00
     62.000    13.0641   4.002565    34.0216       1828     1.2690 0.0000e+00
     63.000    12.8825   3.985919    34.0262       1857     1.2890 0.0000e+00
     64.000    12.6997   3.967528    34.0150       1883     1.3066 0.0000e+00
     65.000    12.5643   3.952957    33.9973       1905     1.3225 0.0000e+00
     66.000    12.1851   3.911557    33.9414       1930     1.3397 0.0000e+00
     67.000    12.0555   3.900554    33.9521       1959     1.3599 0.0000e+00
     68.000    12.0180   3.896796    33.9492       1992     1.3827 0.0000e+00
     69.000    11.9191   3.886905    33.9427       2017     1.4001 0.0000e+00
     70.000    11.8330   3.877437    33.9285       2040     1.4159 0.0000e+00
     71.000    11.7231   3.866677    33.9233       2065     1.4336 0.0000e+00
     72.000    11.6993   3.865491    33.9330       2095     1.4540 0.0000e+00
     73.000    11.7577   3.875377    33.9758       2125     1.4753 0.0000e+00
     74.000    11.9166   3.898541    34.0562       2152     1.4936 0.0000e+00
     75.000    11.9821   3.907698    34.0850       2175     1.5097 0.0000e+00
     76.000    12.0161   3.912337    34.0986       2198     1.5256 0.0000e+00
     77.000    12.0300   3.914278    34.1043       2228     1.5466 0.0000e+00
     78.000    12.0612   3.918894    34.1202       2265     1.5720 0.0000e+00
     79.000    12.1505   3.931924    34.1646       2292     1.5909 0.0000e+00
     80.000    12.2068   3.939343    34.1846       2313     1.6056 0.0000e+00
     81.000    12.2462   3.945104    34.2038       2334     1.6201 0.0000e+00
     82.000    12.2895   3.951187    34.2227       2358     1.6369 0.0000e+00
     83.000    12.5251   3.983455    34.3180       2388     1.6579 0.0000e+00
     84.000    12.7836   4.017787    34.4111       2420     1.6797 0.0000e+00
     85.000    12.8414   4.025392    34.4306       2447     1.6986 0.0000e+00
     86.000    12.8447   4.026079    34.4337       2472     1.7162 0.0000e+00
     87.000    12.8706   4.029593    34.4433       2500     1.7354 0.0000e+00
     88.000    12.9678   4.043581    34.4875       2530     1.7560 0.0000e+00
     89.000    13.3637   4.098635    34.6487       2556     1.7746 0.0000e+00
     90.000    13.7164   4.144518    34.7597       2582     1.7926 0.0000e+00
     91.000    13.7990   4.155348    34.7857       2608     1.8101 0.0000e+00
     92.000    13.8363   4.160706    34.8015       2633     1.8281 0.0000e+00
     93.000    13.9903   4.181011    34.8510       2659     1.8455 0.0000e+00
     94.000    14.0523   4.188712    34.8662       2684     1.8629 0.0000e+00
     95.000    14.0595   4.189901    34.8702       2713     1.8833 0.0000e+00
     96.000    14.0595   4.190098    34.8717       2743     1.9041 0.0000e+00
     97.000    14.0756   4.192615    34.8801       2770     1.9227 0.0000e+00
     98.000    14.1392   4.201365    34.9034       2796     1.9410 0.0000e+00
     99.000    14.2803   4.219982    34.9479       2824     1.9603 0.0000e+00
    100.000    14.3476   4.229499    34.9747       2851     1.9791 0.0000e+00
    101.000    14.4092   4.238952    35.0060       2875     1.9960 0.0000e+00
    102.000    14.4525   4.245620    35.0279       2899     2.0128 0.0000e+00
    103.000    14.5277   4.256281    35.0578       2930     2.0339 0.0000e+00
    104.000    14.5791   4.265254    35.0935       2964     2.0580 0.0000e+00
    105.000    14.5625   4.266148    35.1164       3113     2.1609 0.0000e+00
    104.000    14.5489   4.259727    35.0700       4096     2.8436 0.0000e+00
    103.000    14.4848   4.251246    35.0502       3995     2.7735 0.0000e+00
    102.000    14.4513   4.246490    35.0371       4024     2.7939 0.0000e+00
    101.000    14.4393   4.244394    35.0290       4056     2.8157 0.0000e+00
    100.000    14.3559   4.232321    34.9933       4080     2.8328 0.0000e+00
     99.000    14.2421   4.216700    34.9521       4104     2.8492 0.0000e+00
     98.000    14.2020   4.210906    34.9351       4128     2.8661 0.0000e+00
     97.000    14.1417   4.202623    34.9132       4155     2.8849 0.0000e+00
     96.000    14.1195   4.199401    34.9039       4183     2.9043 0.0000e+00
     95.000    14.1054   4.197486    34.8993       4209     2.9225 0.0000e+00
     94.000    14.1025   4.197086    34.8986       4230     2.9366 0.0000e+00
     93.000    14.0855   4.194784    34.8929       4249     2.9501 0.0000e+00
     92.000    14.0373   4.188358    34.8773       4271     2.9652 0.0000e+00
     91.000    13.9462   4.175903    34.8442       4301     2.9863 0.0000e+00
     90.000    13.7787   4.157177    34.8215       4335     3.0097 0.0000e+00
     89.000    13.4018   4.104542    34.6699       4358     3.0254 0.0000e+00
     88.000    13.2469   4.083068    34.6084       4378     3.0394 0.0000e+00
     87.000    13.1375   4.067403    34.5600       4400     3.0551 0.0000e+00
     86.000    13.0212   4.051740    34.5175       4426     3.0730 0.0000e+00
     85.000    12.9714   4.044511    34.4945       4451     3.0901 0.0000e+00
     84.000    12.8896   4.033516    34.4646       4475     3.1068 0.0000e+00
     83.000    12.6852   4.004721    34.3760       4501     3.1252 0.0000e+00
     82.000    12.4302   3.971485    34.2901       4531     3.1461 0.0000e+00
     81.000    12.3287   3.957301    34.2463       4556     3.1633 0.0000e+00
     80.000    12.3066   3.954009    34.2352       4578     3.1787 0.0000e+00
     79.000    12.2472   3.945980    34.2123       4601     3.1943 0.0000e+00
     78.000    12.1885   3.937684    34.1861       4626     3.2117 0.0000e+00
     77.000    12.1139   3.926376    34.1451       4652     3.2299 0.0000e+00
     76.000    12.0663   3.920111    34.1282       4676     3.2466 0.0000e+00
     75.000    12.0325   3.915197    34.1119       4697     3.2614 0.0000e+00
     74.000    11.9876   3.908705    34.0902       4720     3.2771 0.0000e+00
     73.000    11.8609   3.890027    34.0245       4747     3.2961 0.0000e+00
     72.000    11.7994   3.880176    33.9851       4779     3.3183 0.0000e+00
     71.000    11.7502   3.870774    33.9386       4806     3.3365 0.0000e+00
     70.000    11.7875   3.873808    33.9346       4827     3.3511 0.0000e+00
     69.000    11.8515   3.879994    33.9370       4848     3.3658 0.0000e+00
     68.000    11.9407   3.888490    33.9389       4874     3.3839 0.0000e+00
     67.000    12.0279   3.896475    33.9376       4905     3.4059 0.0000e+00
     66.000    12.3239   3.925900    33.9540       4931     3.4239 0.0000e+00
     65.000    12.6221   3.958342    33.9967       4954     3.4393 0.0000e+00
     64.000    12.7615   3.973819    34.0194       4974     3.4533 0.0000e+00
     63.000    12.9651   3.990952    33.9998       4996     3.4690 0.0000e+00
     62.000    12.9939   3.991299    33.9777       5022     3.4866 0.0000e+00
     61.000    12.9754   3.987524    33.9589       5050     3.5062 0.0000e+00
     60.000    12.9575   3.984170    33.9434       5077     3.5252 0.0000e+00
     59.000    12.9448   3.981949    33.9341       5102     3.5422 0.0000e+00
     58.000    12.9297   3.979559    33.9254       5128     3.5605 0.0000e+00
     57.000    12.9139   3.977363    33.9191       5162     3.5842 0.0000e+00
     56.000    12.8969   3.975058    33.9128       5192     3.6048 0.0000e+00
     55.000    12.8861   3.973394    33.9071       5212     3.6189 0.0000e+00
     54.000    12.8822   3.972726    33.9046       5232     3.6323 0.0000e+00
     53.000    12.8704   3.971084    33.9000       5259     3.6513 0.0000e+00
     52.000    12.8619   3.969936    33.8971       5286     3.6701 0.0000e+00
     51.000    12.8587   3.969479    33.8960       5313     3.6892 0.0000e+00
     50.000    12.8559   3.969068    33.8950       5344     3.7105 0.0000e+00
     49.000    12.8511   3.968392    33.8934       5373     3.7308 0.0000e+00
     48.000    12.8381   3.966631    33.8886       5396     3.7466 0.0000e+00
     47.000    12.8262   3.964976    33.8839       5422     3.7644 0.0000e+00
     46.000    12.8215   3.964276    33.8820       5451     3.7845 0.0000e+00
     45.000    12.8164   3.963593    33.8804       5481     3.8054 0.0000e+00
     44.000    12.8075   3.962424    33.8777       5506     3.8229 0.0000e+00
     43.000    12.7855   3.959542    33.8704       5530     3.8397 0.0000e+00
     42.000    12.7691   3.957375    33.8648       5557     3.8582 0.0000e+00
     41.000    12.7600   3.956099    33.8612       5587     3.8795 0.0000e+00
     40.000    12.7350   3.952627    33.8510       5619     3.9014 0.0000e+00
     39.000    12.7224   3.951076    33.8478       5646     3.9202 0.0000e+00
     38.000    12.7175   3.950400    33.8462       5672     3.9384 0.0000e+00
     37.000    12.7050   3.948781    33.8424       5698     3.9562 0.0000e+00
     36.000    12.6986   3.947850    33.8396       5723     3.9735 0.0000e+00
     35.000    12.7522   3.953845    33.8492       5749     3.9919 0.0000e+00
     34.000    12.8109   3.960503    33.8605       5779     4.0128 0.0000e+00
     33.000    12.8581   3.965349    33.8648       5813     4.0361 0.0000e+00
     32.000    12.8548   3.964661    33.8616       5842     4.0566 0.0000e+00
     31.000    12.8182   3.959998    33.8504       5869     4.0748 0.0000e+00
     30.000    12.7225   3.947743    33.8197       5894     4.0923 0.0000e+00
     29.000    12.6555   3.938940    33.7961       5919     4.1100 0.0000e+00
     28.000    12.6482   3.937313    33.7874       5947     4.1290 0.0000e+00
     27.000    12.5836   3.928998    33.7662       5975     4.1483 0.0000e+00
     26.000    12.4112   3.908412    33.7237       6004     4.1685 0.0000e+00
     25.000    11.8561   3.841265    33.5743       6035     4.1902 0.0000e+00
     24.000    11.1715   3.759586    33.3918       6061     4.2086 0.0000e+00
     23.000    10.1175   3.632154    33.0776       6085     4.2251 0.0000e+00
     22.000     9.5152   3.564301    32.9379       6111     4.2431 0.0000e+00
     21.000     9.3011   3.538205    32.8666       6140     4.2635 0.0000e+00
     20.000     9.1943   3.523672    32.8150       6167     4.2820 0.0000e+00
     19.000     9.1710   3.518211    32.7804       6193     4.3000 0.0000e+00
     18.000     9.1743   3.516518    32.7602       6222     4.3200 0.0000e+00
     17.000     9.1854   3.515842    32.7435       6251     4.3401 0.0000e+00
     16.000     9.1965   3.515731    32.7326       6277     4.3580 0.0000e+00
     15.000     9.2091   3.516039    32.7247       6303     4.3766 0.0000e+00
     14.000     9.2145   3.516022    32.7200       6332     4.3962 0.0000e+00
     13.000     9.2236   3.516334    32.7154       6359     4.4156 0.0000e+00
     12.000     9.2502   3.517811    32.7067       6387     4.4345 0.0000e+00
     11.000     9.2832   3.520097    32.7005       6413     4.4531 0.0000e+00
     10.000     9.3285   3.523096    32.6905       6439     4.4708 0.0000e+00
      9.000     9.3404   3.523894    32.6883       6465     4.4890 0.0000e+00
      8.000     9.3423   3.523949    32.6875       6492     4.5077 0.0000e+00
      7.000     9.3444   3.524042    32.6871       6522     4.5287 0.0000e+00
      6.000     9.3489   3.524293    32.6860       6549     4.5475 0.0000e+00
      5.000     9.3465   3.524066    32.6862       6569     4.5614 0.0000e+00
      4.000     9.3408   3.523280    32.6838       6624     4.5995 0.0000e+00
      3.000     9.3377   3.523053    32.6847       6736     4.6769 0.0000e+00
