HB2402/ctd030.cnv
* Sea-Bird SBE 9 Data File:
* FileName = C:\cruise\data\ctd030.hex
* Software Version Seasave V 7.26.7.121
* Temperature SN = 5253
* Conductivity SN = 4421
* Number of Bytes Per Scan = 37
* Number of Voltage Words = 4
* Number of Scans Averaged by the Deck Unit = 1
* NMEA Latitude = 34 35.01 N
* NMEA Longitude = 075 41.56 W
* NMEA UTC (Time) = Mar 13 2024 03:48:01
* NMEA baud rate = 4800
** Ship: Bigelow HB2304
** Program:  Fall Bottom Trawl Survey
** Chief Scientist: John Galbraith
# nquan = 7
# nvalues = 324                         
# units = specified
# name 0 = depSM: Depth [salt water, m]
# name 1 = t090C: Temperature [ITS-90, deg C]
# name 2 = c0S/m: Conductivity [S/m]
# name 3 = sal00: Salinity, Practical [PSU]
# name 4 = scan: Scan Count
# name 5 = timeM: Time, Elapsed [minutes]
# name 6 = flag: flag
# span 0 =      1.000,    164.000       
# span 1 =    19.7267,    22.4394       
# span 2 =   4.936666,   5.220869       
# span 3 =    36.2806,    36.4495       
# span 4 =        137,      10745       
# span 5 =     0.0943,     7.4612       
# span 6 = 0.0000e+00, 0.0000e+00       
# interval = meters: 1                  
# start_time = Mar 13 2024 03:48:01 [NMEA time, header]
# bad_flag = -9.990e-29
*END*
[from data line 206]
    118.000    20.8547   5.048980    36.3313       6430     4.4643 0.0000e+00
    117.000    20.8564   5.049112    36.3313       6458     4.4841 0.0000e+00
    116.000    20.8572   5.049138    36.3312       6490     4.5060 0.0000e+00
    115.000    20.8593   5.049374    36.3318       6519     4.5265 0.0000e+00
    114.000    20.8597   5.049322    36.3314       6544     4.5437 0.0000e+00
    113.000    20.8567   5.048673    36.3290       6567     4.5598 0.0000e+00
    112.000    20.8548   5.048190    36.3271       6592     4.5770 0.0000e+00
    111.000    20.8542   5.048013    36.3266       6622     4.5976 0.0000e+00
    110.000    20.8534   5.047835    36.3261       6649     4.6164 0.0000e+00
    109.000    20.8534   5.047764    36.3259       6674     4.6340 0.0000e+00
    108.000    20.8568   5.048104    36.3261       6709     4.6582 0.0000e+00
    107.000    20.8606   5.048499    36.3264       6744     4.6824 0.0000e+00
    106.000    20.8682   5.049283    36.3267       6767     4.6985 0.0000e+00
    105.000    20.8749   5.049977    36.3269       6788     4.7133 0.0000e+00
    104.000    20.8785   5.050379    36.3275       6814     4.7314 0.0000e+00
    103.000    20.8853   5.051116    36.3280       6851     4.7569 0.0000e+00
    102.000    20.8946   5.052130    36.3286       6880     4.7770 0.0000e+00
    101.000    20.9048   5.052928    36.3268       6902     4.7922 0.0000e+00
    100.000    20.9125   5.052856    36.3200       6925     4.8083 0.0000e+00
     99.000    20.9459   5.055525    36.3134       6958     4.8314 0.0000e+00
     98.000    20.9787   5.058506    36.3099       6993     4.8554 0.0000e+00
     97.000    21.0043   5.060874    36.3076       7018     4.8729 0.0000e+00
     96.000    21.0022   5.060250    36.3047       7044     4.8908 0.0000e+00
     95.000    20.9972   5.059285    36.3015       7077     4.9139 0.0000e+00
     94.000    20.9914   5.058211    36.2981       7108     4.9353 0.0000e+00
     93.000    20.9830   5.056701    36.2935       7135     4.9540 0.0000e+00
     92.000    20.9749   5.055249    36.2890       7163     4.9733 0.0000e+00
     91.000    20.9687   5.054238    36.2865       7189     4.9920 0.0000e+00
     90.000    20.9667   5.053881    36.2857       7215     5.0096 0.0000e+00
     89.000    20.9661   5.053746    36.2854       7243     5.0291 0.0000e+00
     88.000    20.9672   5.053829    36.2856       7275     5.0511 0.0000e+00
     87.000    20.9676   5.053857    36.2858       7307     5.0737 0.0000e+00
     86.000    20.9654   5.053474    36.2850       7337     5.0946 0.0000e+00
     85.000    20.9633   5.053116    36.2842       7364     5.1130 0.0000e+00
     84.000    20.9609   5.052735    36.2835       7389     5.1305 0.0000e+00
     83.000    20.9592   5.052452    36.2830       7416     5.1492 0.0000e+00
     82.000    20.9585   5.052291    36.2827       7447     5.1708 0.0000e+00
     81.000    20.9586   5.052265    36.2828       7478     5.1926 0.0000e+00
     80.000    20.9564   5.051878    36.2819       7508     5.2129 0.0000e+00
     79.000    20.9541   5.051544    36.2815       7537     5.2332 0.0000e+00
     78.000    20.9521   5.051213    36.2809       7568     5.2547 0.0000e+00
     77.000    20.9518   5.051090    36.2806       7595     5.2736 0.0000e+00
     76.000    20.9555   5.051466    36.2808       7621     5.2920 0.0000e+00
     75.000    20.9609   5.052097    36.2816       7650     5.3121 0.0000e+00
     74.000    20.9775   5.054018    36.2834       7677     5.3307 0.0000e+00
     73.000    21.0338   5.061279    36.2944       7704     5.3491 0.0000e+00
     72.000    21.1358   5.074206    36.3123       7732     5.3688 0.0000e+00
     71.000    21.2880   5.093400    36.3376       7766     5.3923 0.0000e+00
     70.000    21.4522   5.114290    36.3661       7798     5.4145 0.0000e+00
     69.000    21.6042   5.134192    36.3968       7824     5.4327 0.0000e+00
     68.000    21.7260   5.150020    36.4202       7849     5.4499 0.0000e+00
     67.000    21.7785   5.156777    36.4300       7878     5.4702 0.0000e+00
     66.000    21.8235   5.162308    36.4363       7912     5.4936 0.0000e+00
     65.000    21.8587   5.166548    36.4405       7938     5.5120 0.0000e+00
     64.000    21.8672   5.167498    36.4413       7961     5.5275 0.0000e+00
     63.000    21.8714   5.167923    36.4415       7985     5.5448 0.0000e+00
     62.000    21.8876   5.169533    36.4410       8019     5.5678 0.0000e+00
     61.000    21.9181   5.172234    36.4370       8051     5.5903 0.0000e+00
     60.000    21.9387   5.174129    36.4350       8079     5.6094 0.0000e+00
     59.000    21.9536   5.175673    36.4350       8107     5.6292 0.0000e+00
     58.000    21.9570   5.176035    36.4354       8136     5.6495 0.0000e+00
     57.000    21.9696   5.177227    36.4345       8162     5.6673 0.0000e+00
     56.000    22.0058   5.180497    36.4303       8184     5.6830 0.0000e+00
     55.000    22.0081   5.180810    36.4312       8210     5.7005 0.0000e+00
     54.000    22.0066   5.180698    36.4319       8243     5.7235 0.0000e+00
     53.000    22.0186   5.181752    36.4306       8277     5.7470 0.0000e+00
     52.000    22.0314   5.182860    36.4289       8302     5.7646 0.0000e+00
     51.000    22.0392   5.183591    36.4285       8325     5.7804 0.0000e+00
     50.000    22.0460   5.184266    36.4284       8348     5.7964 0.0000e+00
     49.000    22.0680   5.186314    36.4265       8375     5.8153 0.0000e+00
     48.000    22.0954   5.188642    36.4221       8404     5.8357 0.0000e+00
     47.000    22.1053   5.189582    36.4216       8432     5.8547 0.0000e+00
     46.000    22.1047   5.189578    36.4225       8459     5.8734 0.0000e+00
     45.000    22.1082   5.189695    36.4207       8487     5.8930 0.0000e+00
     44.000    22.1172   5.190118    36.4169       8514     5.9116 0.0000e+00
     43.000    22.1340   5.191225    36.4119       8539     5.9293 0.0000e+00
     42.000    22.1670   5.193890    36.4056       8566     5.9480 0.0000e+00
     41.000    22.2009   5.196727    36.3998       8594     5.9676 0.0000e+00
     40.000    22.2008   5.196820    36.4010       8621     5.9862 0.0000e+00
     39.000    22.2049   5.197328    36.4019       8648     6.0045 0.0000e+00
     38.000    22.2192   5.198840    36.4022       8674     6.0230 0.0000e+00
     37.000    22.2391   5.200859    36.4017       8701     6.0414 0.0000e+00
     36.000    22.2387   5.200776    36.4018       8729     6.0609 0.0000e+00
     35.000    22.2478   5.201537    36.4005       8756     6.0800 0.0000e+00
     34.000    22.2552   5.202267    36.4003       8780     6.0967 0.0000e+00
     33.000    22.2584   5.202558    36.4003       8804     6.1135 0.0000e+00
     32.000    22.2649   5.203226    36.4005       8833     6.1336 0.0000e+00
     31.000    22.2806   5.204687    36.3992       8868     6.1575 0.0000e+00
     30.000    22.2916   5.205748    36.3987       8894     6.1758 0.0000e+00
     29.000    22.2998   5.206616    36.3990       8915     6.1902 0.0000e+00
     28.000    22.3085   5.207488    36.3989       8937     6.2052 0.0000e+00
     27.000    22.3178   5.208465    36.3992       8965     6.2253 0.0000e+00
     26.000    22.3399   5.210716    36.3987       9002     6.2506 0.0000e+00
     25.000    22.3838   5.215150    36.3972       9032     6.2716 0.0000e+00
     24.000    22.4159   5.218388    36.3961       9056     6.2883 0.0000e+00
     23.000    22.4238   5.219314    36.3971       9077     6.3031 0.0000e+00
     22.000    22.4286   5.219814    36.3974       9099     6.3181 0.0000e+00
     21.000    22.4322   5.220207    36.3977       9126     6.3367 0.0000e+00
     20.000    22.4351   5.220504    36.3980       9160     6.3601 0.0000e+00
     19.000    22.4393   5.220869    36.3978       9188     6.3801 0.0000e+00
     18.000    22.4392   5.220857    36.3980       9211     6.3959 0.0000e+00
     17.000    22.4388   5.220822    36.3984       9233     6.4113 0.0000e+00
     16.000    22.4394   5.220840    36.3985       9261     6.4302 0.0000e+00
     15.000    22.4377   5.220629    36.3986       9291     6.4514 0.0000e+00
     14.000    22.4374   5.220556    36.3986       9318     6.4698 0.0000e+00
     13.000    22.4369   5.220464    36.3987       9342     6.4869 0.0000e+00
     12.000    22.4355   5.220287    36.3988       9369     6.5054 0.0000e+00
     11.000    22.4369   5.220382    36.3987       9398     6.5255 0.0000e+00
     10.000    22.4336   5.220021    36.3990       9423     6.5434 0.0000e+00
      9.000    22.4303   5.219611    36.3989       9446     6.5590 0.0000e+00
      8.000    22.4270   5.219223    36.3990       9468     6.5742 0.0000e+00
      7.000    22.4228   5.218734    36.3990       9494     6.5927 0.0000e+00
      6.000    22.4127   5.217583    36.3988       9861     6.8474 0.0000e+00
      5.000    22.4098   5.217140    36.3981      10239     7.1097 0.0000e+00
      4.000    22.4099   5.217105    36.3981      10274     7.1340 0.0000e+00
      3.000    22.4130   5.217387    36.3980      10306     7.1560 0.0000e+00
      2.000    22.4126   5.217401    36.3988      10530     7.3119 0.0000e+00
      1.000    22.4109   5.217334    36.4002      10745     7.4612 0.0000e+00
