HB2402/ctd038.cnv
* Sea-Bird SBE 9 Data File:
* FileName = C:\cruise\data\ctd038.hex
* Software Version Seasave V 7.26.7.121
* Temperature SN = 5253
* Conductivity SN = 4421
* Number of Bytes Per Scan = 37
* Number of Voltage Words = 4
* Number of Scans Averaged by the Deck Unit = 1
* NMEA Latitude = 35 43.82 N
* NMEA Longitude = 074 50.63 W
* NMEA UTC (Time) = Mar 14 2024 10:58:00
* NMEA baud rate = 4800
** Ship: Bigelow HB2304
** Program:  Fall Bottom Trawl Survey
** Chief Scientist: John Galbraith
# nquan = 7
# nvalues = 211                         
# units = specified
# name 0 = depSM: Depth [salt water, m]
# name 1 = t090C: Temperature [ITS-90, deg C]
# name 2 = c0S/m: Conductivity [S/m]
# name 3 = sal00: Salinity, Practical [PSU]
# name 4 = scan: Scan Count
# name 5 = timeM: Time, Elapsed [minutes]
# name 6 = flag: flag
# span 0 =      2.000,    108.000       
# span 1 =    10.5714,    15.3311       
# span 2 =   3.614159,   4.329831       
# span 3 =    32.3328,    35.0290       
# span 4 =        177,       6594       
# span 5 =     0.1224,     4.5782       
# span 6 = 0.0000e+00, 0.0000e+00       
# interval = meters: 1                  
# start_time = Mar 14 2024 10:58:00 [NMEA time, header]
# bad_flag = -9.990e-29
*END*
      4.000    10.8520   3.626598    32.3700        177     0.1224 0.0000e+00
      5.000    10.6677   3.615911    32.4266        319     0.2211 0.0000e+00
      6.000    10.6251   3.614159    32.4465        347     0.2405 0.0000e+00
      7.000    10.6164   3.614188    32.4541        375     0.2601 0.0000e+00
      8.000    10.6054   3.614527    32.4668        401     0.2781 0.0000e+00
      9.000    10.5896   3.618030    32.5155        427     0.2958 0.0000e+00
     10.000    10.5714   3.620930    32.5603        453     0.3142 0.0000e+00
     11.000    10.5841   3.624659    32.5858        481     0.3335 0.0000e+00
     12.000    10.6023   3.628402    32.6064        507     0.3515 0.0000e+00
     13.000    10.6099   3.630521    32.6204        531     0.3680 0.0000e+00
     14.000    10.6336   3.634867    32.6422        554     0.3841 0.0000e+00
     15.000    10.6862   3.644050    32.6863        579     0.4011 0.0000e+00
     16.000    10.6683   3.645494    32.7164        606     0.4200 0.0000e+00
     17.000    10.7745   3.660388    32.7693        634     0.4396 0.0000e+00
     18.000    10.8637   3.670771    32.7923        662     0.4587 0.0000e+00
     19.000    10.9070   3.676814    32.8130        689     0.4779 0.0000e+00
     20.000    10.9205   3.680003    32.8322        717     0.4973 0.0000e+00
     21.000    10.9413   3.683262    32.8455        744     0.5159 0.0000e+00
     22.000    10.9481   3.686372    32.8698        769     0.5334 0.0000e+00
     23.000    11.0741   3.705035    32.9414        794     0.5505 0.0000e+00
     24.000    11.1815   3.723460    33.0267        819     0.5680 0.0000e+00
     25.000    11.3060   3.741612    33.0935        846     0.5865 0.0000e+00
     26.000    11.3778   3.752415    33.1350        872     0.6052 0.0000e+00
     27.000    11.4302   3.759580    33.1579        899     0.6233 0.0000e+00
     28.000    11.4848   3.767056    33.1819        926     0.6421 0.0000e+00
     29.000    11.6134   3.784221    33.2341        954     0.6618 0.0000e+00
     30.000    11.8216   3.810686    33.3054        984     0.6824 0.0000e+00
     31.000    11.9159   3.822745    33.3378       1012     0.7021 0.0000e+00
     32.000    12.0109   3.835549    33.3767       1038     0.7201 0.0000e+00
     33.000    12.1105   3.849037    33.4177       1062     0.7365 0.0000e+00
     34.000    12.2412   3.866790    33.4718       1085     0.7529 0.0000e+00
     35.000    12.3338   3.878074    33.4974       1110     0.7705 0.0000e+00
     36.000    12.3346   3.878422    33.4996       1137     0.7892 0.0000e+00
     37.000    12.3361   3.878787    33.5014       1164     0.8077 0.0000e+00
     38.000    12.3387   3.879370    33.5043       1191     0.8262 0.0000e+00
     39.000    12.3435   3.880218    33.5077       1220     0.8466 0.0000e+00
     40.000    12.4191   3.890672    33.5402       1251     0.8681 0.0000e+00
     41.000    12.4567   3.895219    33.5499       1279     0.8874 0.0000e+00
     42.000    12.5209   3.903338    33.5700       1304     0.9050 0.0000e+00
     43.000    12.5795   3.910299    33.5840       1329     0.9225 0.0000e+00
     44.000    12.6300   3.917190    33.6044       1355     0.9402 0.0000e+00
     45.000    12.7459   3.932496    33.6469       1380     0.9578 0.0000e+00
     46.000    12.8179   3.941574    33.6688       1406     0.9756 0.0000e+00
     47.000    12.8488   3.945681    33.6799       1432     0.9935 0.0000e+00
     48.000    12.8606   3.947414    33.6855       1458     1.0118 0.0000e+00
     49.000    12.9131   3.954733    33.7079       1484     1.0301 0.0000e+00
     50.000    13.0143   3.968791    33.7508       1512     1.0493 0.0000e+00
     51.000    13.0946   3.979656    33.7818       1542     1.0699 0.0000e+00
     52.000    13.1913   3.993474    33.8259       1571     1.0905 0.0000e+00
     53.000    13.5277   4.039553    33.9601       1599     1.1097 0.0000e+00
     54.000    13.6992   4.064222    34.0383       1624     1.1274 0.0000e+00
     55.000    13.7762   4.075729    34.0770       1650     1.1452 0.0000e+00
     56.000    13.7999   4.079822    34.0936       1675     1.1626 0.0000e+00
     57.000    13.8256   4.083928    34.1087       1700     1.1797 0.0000e+00
     58.000    13.8443   4.086593    34.1165       1724     1.1967 0.0000e+00
     59.000    13.8397   4.086226    34.1168       1750     1.2148 0.0000e+00
     60.000    13.8454   4.087251    34.1208       1779     1.2347 0.0000e+00
     61.000    13.9008   4.095542    34.1483       1808     1.2546 0.0000e+00
     62.000    14.0455   4.116366    34.2130       1836     1.2742 0.0000e+00
     63.000    14.1119   4.125200    34.2354       1863     1.2933 0.0000e+00
     64.000    14.2046   4.139844    34.2883       1890     1.3121 0.0000e+00
     65.000    14.2170   4.144659    34.3214       1916     1.3301 0.0000e+00
     66.000    14.0530   4.127635    34.3093       1943     1.3484 0.0000e+00
     67.000    13.8734   4.106100    34.2686       1969     1.3667 0.0000e+00
     68.000    13.6879   4.084879    34.2359       1995     1.3847 0.0000e+00
     69.000    13.5390   4.067819    34.2088       2021     1.4027 0.0000e+00
     70.000    13.4819   4.061991    34.2048       2047     1.4209 0.0000e+00
     71.000    13.4704   4.062036    34.2151       2075     1.4402 0.0000e+00
     72.000    13.5745   4.077221    34.2640       2103     1.4599 0.0000e+00
     73.000    13.7177   4.097365    34.3239       2129     1.4777 0.0000e+00
     74.000    13.9549   4.130685    34.4219       2154     1.4950 0.0000e+00
     75.000    14.1683   4.159086    34.4944       2181     1.5139 0.0000e+00
     76.000    14.2823   4.175378    34.5428       2211     1.5344 0.0000e+00
     77.000    14.3895   4.190126    34.5827       2240     1.5548 0.0000e+00
     78.000    14.4334   4.196358    34.6005       2266     1.5731 0.0000e+00
     79.000    14.8286   4.255184    34.7862       2292     1.5907 0.0000e+00
     80.000    15.2890   4.320816    34.9730       2317     1.6082 0.0000e+00
     81.000    15.2962   4.323584    34.9913       2343     1.6267 0.0000e+00
     82.000    15.3311   4.329677    35.0149       2370     1.6454 0.0000e+00
     83.000    15.3219   4.329723    35.0231       2397     1.6638 0.0000e+00
     84.000    15.2081   4.316446    35.0041       2423     1.6821 0.0000e+00
     85.000    15.1538   4.310596    34.9990       2450     1.7006 0.0000e+00
     86.000    15.0876   4.303620    34.9945       2478     1.7203 0.0000e+00
     87.000    14.9520   4.289380    34.9857       2507     1.7406 0.0000e+00
     88.000    14.7435   4.265990    34.9586       2535     1.7601 0.0000e+00
     89.000    14.6398   4.255771    34.9577       2561     1.7779 0.0000e+00
     90.000    14.6051   4.252860    34.9618       2587     1.7957 0.0000e+00
     91.000    14.5807   4.250829    34.9647       2613     1.8135 0.0000e+00
     92.000    14.5707   4.250887    34.9739       2638     1.8315 0.0000e+00
     93.000    14.6001   4.255605    34.9903       2664     1.8496 0.0000e+00
     94.000    14.5270   4.248913    34.9943       2692     1.8686 0.0000e+00
     95.000    14.4686   4.243326    34.9951       2722     1.8894 0.0000e+00
     96.000    14.3996   4.236231    34.9916       2752     1.9102 0.0000e+00
     97.000    14.2886   4.224904    34.9869       2779     1.9294 0.0000e+00
     98.000    14.1851   4.213626    34.9757       2805     1.9473 0.0000e+00
     99.000    14.0002   4.191799    34.9400       2830     1.9646 0.0000e+00
    100.000    13.5894   4.145348    34.8789       2855     1.9821 0.0000e+00
    101.000    13.5036   4.136642    34.8749       2883     2.0011 0.0000e+00
    102.000    13.4435   4.129832    34.8651       2912     2.0217 0.0000e+00
    103.000    13.4318   4.128333    34.8613       2941     2.0416 0.0000e+00
    104.000    13.2587   4.108812    34.8347       2967     2.0594 0.0000e+00
    105.000    13.0860   4.090888    34.8226       2993     2.0776 0.0000e+00
    106.000    12.8833   4.068913    34.7990       3022     2.0980 0.0000e+00
    107.000    12.8778   4.071292    34.8264       3053     2.1195 0.0000e+00
    108.000    13.0774   4.099388    34.9100       3281     2.2775 0.0000e+00
    107.000    13.0986   4.102004    34.9159       3533     2.4531 0.0000e+00
    106.000    13.0583   4.096540    34.9014       3557     2.4696 0.0000e+00
    105.000    13.0159   4.090008    34.8786       3580     2.4855 0.0000e+00
    104.000    12.9574   4.079690    34.8345       3603     2.5016 0.0000e+00
    103.000    13.0991   4.091846    34.8205       3628     2.5190 0.0000e+00
    102.000    13.2977   4.112241    34.8323       3653     2.5364 0.0000e+00
    101.000    13.3926   4.122863    34.8464       3679     2.5541 0.0000e+00
    100.000    13.4299   4.126674    34.8487       3706     2.5732 0.0000e+00
     99.000    13.5182   4.136461    34.8607       3736     2.5936 0.0000e+00
     98.000    13.7552   4.162565    34.8902       3764     2.6132 0.0000e+00
     97.000    14.0226   4.193223    34.9338       3789     2.6304 0.0000e+00
     96.000    14.1612   4.208893    34.9542       3812     2.6469 0.0000e+00
     95.000    14.2699   4.220124    34.9603       3836     2.6634 0.0000e+00
     94.000    14.3849   4.232735    34.9734       3861     2.6809 0.0000e+00
     93.000    14.4790   4.242985    34.9834       3889     2.7003 0.0000e+00
     92.000    14.5449   4.248886    34.9787       3918     2.7203 0.0000e+00
     91.000    14.5513   4.248341    34.9683       3945     2.7390 0.0000e+00
     90.000    14.5669   4.248862    34.9595       3970     2.7565 0.0000e+00
     89.000    14.5987   4.251239    34.9530       3995     2.7737 0.0000e+00
     88.000    14.6446   4.255143    34.9480       4021     2.7915 0.0000e+00
     87.000    14.7492   4.266318    34.9570       4047     2.8095 0.0000e+00
     86.000    14.9348   4.286688    34.9770       4073     2.8279 0.0000e+00
     85.000    15.0616   4.300347    34.9883       4100     2.8468 0.0000e+00
     84.000    15.1603   4.311564    35.0024       4130     2.8672 0.0000e+00
     83.000    15.2541   4.322792    35.0209       4159     2.8875 0.0000e+00
     82.000    15.3100   4.329156    35.0290       4185     2.9057 0.0000e+00
     81.000    15.3290   4.329831    35.0185       4209     2.9220 0.0000e+00
     80.000    15.2849   4.320902    34.9775       4232     2.9385 0.0000e+00
     79.000    15.1096   4.294997    34.8992       4258     2.9564 0.0000e+00
     78.000    14.7002   4.235041    34.7177       4285     2.9749 0.0000e+00
     77.000    14.5524   4.215476    34.6706       4311     2.9930 0.0000e+00
     76.000    14.4590   4.200857    34.6200       4336     3.0107 0.0000e+00
     75.000    14.2991   4.178313    34.5553       4364     3.0297 0.0000e+00
     74.000    14.1643   4.159423    34.5014       4395     3.0512 0.0000e+00
     73.000    13.9140   4.125258    34.4084       4424     3.0718 0.0000e+00
     72.000    13.7040   4.095818    34.3221       4450     3.0894 0.0000e+00
     71.000    13.5686   4.076417    34.2621       4473     3.1056 0.0000e+00
     70.000    13.5238   4.069176    34.2348       4498     3.1228 0.0000e+00
     69.000    13.5528   4.071253    34.2286       4524     3.1409 0.0000e+00
     68.000    13.6074   4.076502    34.2294       4550     3.1591 0.0000e+00
     67.000    13.7199   4.089087    34.2470       4575     3.1764 0.0000e+00
     66.000    13.8241   4.101076    34.2663       4601     3.1946 0.0000e+00
     65.000    14.0088   4.122297    34.2995       4630     3.2144 0.0000e+00
     64.000    14.1583   4.138042    34.3128       4659     3.2348 0.0000e+00
     63.000    14.1432   4.133721    34.2866       4687     3.2539 0.0000e+00
     62.000    14.1043   4.126739    34.2569       4712     3.2716 0.0000e+00
     61.000    14.0525   4.118976    34.2313       4738     3.2897 0.0000e+00
     60.000    13.9677   4.106256    34.1890       4766     3.3087 0.0000e+00
     59.000    13.8815   4.093924    34.1513       4793     3.3276 0.0000e+00
     58.000    13.8492   4.088986    34.1345       4819     3.3458 0.0000e+00
     57.000    13.8214   4.085133    34.1237       4843     3.3627 0.0000e+00
     56.000    13.8079   4.083021    34.1164       4868     3.3797 0.0000e+00
     55.000    13.7758   4.078494    34.1031       4893     3.3973 0.0000e+00
     54.000    13.7484   4.074434    34.0899       4919     3.4154 0.0000e+00
     53.000    13.7074   4.068044    34.0672       4948     3.4353 0.0000e+00
     52.000    13.6503   4.058439    34.0285       4977     3.4552 0.0000e+00
     51.000    13.4661   4.032238    33.9470       5004     3.4745 0.0000e+00
     50.000    13.2615   4.004394    33.8675       5031     3.4931 0.0000e+00
     49.000    13.1369   3.986110    33.8061       5056     3.5107 0.0000e+00
     48.000    13.0349   3.972795    33.7713       5082     3.5284 0.0000e+00
     47.000    12.9302   3.958245    33.7269       5108     3.5463 0.0000e+00
     46.000    12.9118   3.955852    33.7209       5134     3.5644 0.0000e+00
     45.000    12.8687   3.949679    33.7011       5161     3.5830 0.0000e+00
     44.000    12.8474   3.946753    33.6926       5187     3.6012 0.0000e+00
     43.000    12.8065   3.941352    33.6781       5212     3.6188 0.0000e+00
     42.000    12.7103   3.928772    33.6443       5237     3.6361 0.0000e+00
     41.000    12.6231   3.917451    33.6143       5263     3.6544 0.0000e+00
     40.000    12.5311   3.905838    33.5858       5291     3.6736 0.0000e+00
     39.000    12.4816   3.899492    33.5696       5319     3.6930 0.0000e+00
     38.000    12.4076   3.889991    33.5448       5347     3.7123 0.0000e+00
     37.000    12.3762   3.885445    33.5296       5372     3.7300 0.0000e+00
     36.000    12.3625   3.883587    33.5244       5397     3.7471 0.0000e+00
     35.000    12.3556   3.882593    33.5214       5421     3.7641 0.0000e+00
     34.000    12.3072   3.875796    33.4997       5447     3.7823 0.0000e+00
     33.000    12.1301   3.852895    33.4375       5475     3.8013 0.0000e+00
     32.000    11.9920   3.834857    33.3868       5502     3.8201 0.0000e+00
     31.000    11.8778   3.819487    33.3402       5528     3.8379 0.0000e+00
     30.000    11.7994   3.808996    33.3089       5552     3.8552 0.0000e+00
     29.000    11.7175   3.799029    33.2855       5578     3.8728 0.0000e+00
     28.000    11.6080   3.784357    33.2407       5606     3.8922 0.0000e+00
     27.000    11.5371   3.774601    33.2093       5634     3.9119 0.0000e+00
     26.000    11.4998   3.769545    33.1937       5661     3.9303 0.0000e+00
     25.000    11.4832   3.767332    33.1873       5686     3.9476 0.0000e+00
     24.000    11.4353   3.761024    33.1688       5710     3.9646 0.0000e+00
     23.000    11.3843   3.753801    33.1440       5735     3.9817 0.0000e+00
     22.000    11.3384   3.746460    33.1134       5760     3.9994 0.0000e+00
     21.000    11.2995   3.740502    33.0901       5787     4.0177 0.0000e+00
     20.000    11.2083   3.727284    33.0421       5813     4.0363 0.0000e+00
     19.000    11.1197   3.713775    32.9886       5840     4.0548 0.0000e+00
     18.000    11.0397   3.700736    32.9318       5866     4.0732 0.0000e+00
     17.000    11.0167   3.696046    32.9064       5893     4.0919 0.0000e+00
     16.000    10.9959   3.692343    32.8888       5920     4.1103 0.0000e+00
     15.000    10.9494   3.685017    32.8582       5945     4.1277 0.0000e+00
     14.000    10.8812   3.674805    32.8184       5969     4.1442 0.0000e+00
     13.000    10.7849   3.660435    32.7621       5992     4.1607 0.0000e+00
     12.000    10.7096   3.648059    32.7067       6018     4.1782 0.0000e+00
     11.000    10.6653   3.639997    32.6663       6045     4.1974 0.0000e+00
     10.000    10.6481   3.635506    32.6373       6073     4.2169 0.0000e+00
      9.000    10.6268   3.630101    32.6028       6098     4.2340 0.0000e+00
      8.000    10.6233   3.627385    32.5793       6120     4.2495 0.0000e+00
