HB2402/ctd018.cnv
* Sea-Bird SBE 9 Data File:
* FileName = C:\cruise\data\ctd018.hex
* Software Version Seasave V 7.26.7.121
* Temperature SN = 5253
* Conductivity SN = 4421
* Number of Bytes Per Scan = 37
* Number of Voltage Words = 4
* Number of Scans Averaged by the Deck Unit = 1
* NMEA Latitude = 36 20.31 N
* NMEA Longitude = 075 34.14 W
* NMEA UTC (Time) = Mar 10 2024 23:32:33
* NMEA baud rate = 4800
** Ship: Bigelow HB2304
** Program:  Fall Bottom Trawl Survey
** Chief Scientist: John Galbraith
# nquan = 7
# nvalues = 42                          
# units = specified
# name 0 = depSM: Depth [salt water, m]
# name 1 = t090C: Temperature [ITS-90, deg C]
# name 2 = c0S/m: Conductivity [S/m]
# name 3 = sal00: Salinity, Practical [PSU]
# name 4 = scan: Scan Count
# name 5 = timeM: Time, Elapsed [minutes]
# name 6 = flag: flag
# span 0 =      2.000,     23.000       
# span 1 =     9.1174,     9.4681       
# span 2 =   3.339573,   3.348667       
# span 3 =    30.7774,    30.9894       
# span 4 =        -63,       2211       
# span 5 =    -0.0443,     1.5345       
# span 6 = 0.0000e+00, 0.0000e+00       
# interval = meters: 1                  
# start_time = Mar 10 2024 23:32:33 [NMEA time, header]
# bad_flag = -9.990e-29
*END*
      3.000     9.4583   3.347621    30.7798        -63    -0.0443 0.0000e+00
      4.000     9.4586   3.347671    30.7796        219     0.1512 0.0000e+00
      5.000     9.4587   3.347767    30.7801        292     0.2022 0.0000e+00
      6.000     9.4584   3.347798    30.7802        311     0.2151 0.0000e+00
      7.000     9.4620   3.348124    30.7800        334     0.2310 0.0000e+00
      8.000     9.4656   3.348361    30.7789        360     0.2495 0.0000e+00
      9.000     9.4665   3.348526    30.7793        384     0.2663 0.0000e+00
     10.000     9.4681   3.348667    30.7790        409     0.2835 0.0000e+00
     11.000     9.4674   3.348632    30.7788        440     0.3049 0.0000e+00
     12.000     9.4669   3.348628    30.7788        476     0.3302 0.0000e+00
     13.000     9.4650   3.348521    30.7789        504     0.3492 0.0000e+00
     14.000     9.4582   3.348230    30.7814        525     0.3639 0.0000e+00
     15.000     9.4598   3.348303    30.7803        547     0.3793 0.0000e+00
     16.000     9.4367   3.347398    30.7905        577     0.3999 0.0000e+00
     17.000     9.4146   3.346552    30.8004        611     0.4236 0.0000e+00
     18.000     9.4123   3.346473    30.8012        640     0.4435 0.0000e+00
     19.000     9.4014   3.346069    30.8061        669     0.4638 0.0000e+00
     20.000     9.3525   3.343864    30.8252        700     0.4855 0.0000e+00
     21.000     9.2750   3.340940    30.8617        726     0.5037 0.0000e+00
     22.000     9.2433   3.340383    30.8829        753     0.5224 0.0000e+00
     23.000     9.1573   3.340052    30.9536       1098     0.7621 0.0000e+00
     22.000     9.2048   3.340035    30.9127       1258     0.8728 0.0000e+00
     21.000     9.1174   3.340071    30.9894       1542     1.0700 0.0000e+00
     20.000     9.1556   3.339573    30.9514       1672     1.1602 0.0000e+00
     19.000     9.2431   3.340093    30.8814       1694     1.1759 0.0000e+00
     18.000     9.3452   3.343061    30.8241       1725     1.1974 0.0000e+00
     17.000     9.4118   3.345790    30.7951       1758     1.2198 0.0000e+00
     16.000     9.4415   3.347110    30.7835       1792     1.2441 0.0000e+00
     15.000     9.4520   3.347644    30.7803       1819     1.2627 0.0000e+00
     14.000     9.4520   3.347739    30.7817       1842     1.2788 0.0000e+00
     13.000     9.4518   3.347699    30.7819       1865     1.2947 0.0000e+00
     12.000     9.4505   3.347632    30.7828       1895     1.3152 0.0000e+00
     11.000     9.4479   3.347448    30.7835       1922     1.3343 0.0000e+00
     10.000     9.4526   3.347609    30.7816       1943     1.3485 0.0000e+00
      9.000     9.4593   3.347836    30.7785       1961     1.3613 0.0000e+00
      8.000     9.4623   3.347939    30.7774       1994     1.3841 0.0000e+00
      7.000     9.4619   3.347891    30.7777       2046     1.4199 0.0000e+00
      6.000     9.4598   3.347791    30.7789       2068     1.4351 0.0000e+00
      5.000     9.4591   3.347761    30.7796       2104     1.4605 0.0000e+00
      4.000     9.4611   3.347791    30.7786       2149     1.4919 0.0000e+00
      3.000     9.4618   3.347834    30.7789       2166     1.5033 0.0000e+00
      2.000     9.4619   3.347846    30.7794       2211     1.5345 0.0000e+00
