HB2402/ctd021.cnv
* Sea-Bird SBE 9 Data File:
* FileName = C:\cruise\data\ctd021.hex
* Software Version Seasave V 7.26.7.121
* Temperature SN = 5253
* Conductivity SN = 4421
* Number of Bytes Per Scan = 37
* Number of Voltage Words = 4
* Number of Scans Averaged by the Deck Unit = 1
* NMEA Latitude = 35 49.67 N
* NMEA Longitude = 075 23.62 W
* NMEA UTC (Time) = Mar 11 2024 20:11:08
* NMEA baud rate = 4800
** Ship: Bigelow HB2304
** Program:  Fall Bottom Trawl Survey
** Chief Scientist: John Galbraith
# nquan = 7
# nvalues = 43                          
# units = specified
# name 0 = depSM: Depth [salt water, m]
# name 1 = t090C: Temperature [ITS-90, deg C]
# name 2 = c0S/m: Conductivity [S/m]
# name 3 = sal00: Salinity, Practical [PSU]
# name 4 = scan: Scan Count
# name 5 = timeM: Time, Elapsed [minutes]
# name 6 = flag: flag
# span 0 =      2.000,     24.000       
# span 1 =     9.1966,     9.2617       
# span 2 =   3.306059,   3.317858       
# span 3 =    30.5247,    30.6888       
# span 4 =        -86,       2037       
# span 5 =    -0.0603,     1.4141       
# span 6 = 0.0000e+00, 0.0000e+00       
# interval = meters: 1                  
# start_time = Mar 11 2024 20:11:08 [NMEA time, header]
# bad_flag = -9.990e-29
*END*
      4.000     9.2588   3.306465    30.5300        -86    -0.0603 0.0000e+00
      5.000     9.2609   3.306532    30.5285        159     0.1099 0.0000e+00
      6.000     9.2588   3.306557    30.5301        337     0.2336 0.0000e+00
      7.000     9.2562   3.306593    30.5323        393     0.2720 0.0000e+00
      8.000     9.2554   3.307066    30.5374        433     0.2998 0.0000e+00
      9.000     9.2528   3.307645    30.5451        453     0.3137 0.0000e+00
     10.000     9.2512   3.309691    30.5669        469     0.3250 0.0000e+00
     11.000     9.2476   3.312292    30.5962        485     0.3363 0.0000e+00
     12.000     9.2402   3.315722    30.6373        507     0.3513 0.0000e+00
     13.000     9.2352   3.316723    30.6514        546     0.3788 0.0000e+00
     14.000     9.2266   3.317369    30.6650        581     0.4024 0.0000e+00
     15.000     9.2219   3.317479    30.6697        602     0.4175 0.0000e+00
     16.000     9.2154   3.317556    30.6757        624     0.4324 0.0000e+00
     17.000     9.2112   3.317571    30.6790        649     0.4503 0.0000e+00
     18.000     9.2155   3.317696    30.6761        683     0.4733 0.0000e+00
     19.000     9.2173   3.317858    30.6758        714     0.4952 0.0000e+00
     20.000     9.2074   3.317494    30.6802        739     0.5124 0.0000e+00
     21.000     9.2064   3.317448    30.6801        760     0.5274 0.0000e+00
     22.000     9.2037   3.317466    30.6822        782     0.5427 0.0000e+00
     23.000     9.1974   3.317507    30.6876        809     0.5609 0.0000e+00
     24.000     9.1968   3.317493    30.6876        839     0.5817 0.0000e+00
     23.000     9.1966   3.317559    30.6888        947     0.6569 0.0000e+00
     22.000     9.2002   3.317408    30.6846       1522     1.0559 0.0000e+00
     21.000     9.2037   3.317435    30.6823       1540     1.0688 0.0000e+00
     20.000     9.2002   3.317367    30.6850       1560     1.0828 0.0000e+00
     19.000     9.1999   3.317329    30.6854       1582     1.0980 0.0000e+00
     18.000     9.2085   3.317368    30.6788       1618     1.1230 0.0000e+00
     17.000     9.2157   3.317513    30.6745       1655     1.1489 0.0000e+00
     16.000     9.2225   3.317676    30.6708       1675     1.1628 0.0000e+00
     15.000     9.2232   3.317643    30.6702       1693     1.1747 0.0000e+00
     14.000     9.2262   3.317166    30.6633       1710     1.1866 0.0000e+00
     13.000     9.2281   3.316618    30.6564       1732     1.2019 0.0000e+00
     12.000     9.2399   3.313783    30.6176       1770     1.2282 0.0000e+00
     11.000     9.2409   3.313533    30.6147       1807     1.2543 0.0000e+00
     10.000     9.2462   3.311427    30.5890       1828     1.2689 0.0000e+00
      9.000     9.2480   3.309531    30.5685       1846     1.2811 0.0000e+00
      8.000     9.2485   3.308994    30.5630       1863     1.2933 0.0000e+00
      7.000     9.2495   3.308174    30.5542       1885     1.3082 0.0000e+00
      6.000     9.2550   3.306905    30.5369       1921     1.3332 0.0000e+00
      5.000     9.2591   3.306384    30.5285       1961     1.3613 0.0000e+00
      4.000     9.2598   3.306078    30.5252       1982     1.3758 0.0000e+00
      3.000     9.2603   3.306059    30.5250       1999     1.3872 0.0000e+00
      2.000     9.2617   3.306100    30.5247       2037     1.4141 0.0000e+00
