HB2402/ctd093.cnv
* Sea-Bird SBE 9 Data File:
* FileName = C:\cruise\data\ctd093.hex
* Software Version Seasave V 7.26.7.121
* Temperature SN = 5253
* Conductivity SN = 4421
* Number of Bytes Per Scan = 37
* Number of Voltage Words = 4
* Number of Scans Averaged by the Deck Unit = 1
* NMEA Latitude = 41 05.59 N
* NMEA Longitude = 071 43.22 W
* NMEA UTC (Time) = Apr 03 2024 10:40:00
* NMEA baud rate = 4800
** Ship: Bigelow HB2304
** Program:  Fall Bottom Trawl Survey
** Chief Scientist: John Galbraith
# nquan = 7
# nvalues = 94                          
# units = specified
# name 0 = depSM: Depth [salt water, m]
# name 1 = t090C: Temperature [ITS-90, deg C]
# name 2 = c0S/m: Conductivity [S/m]
# name 3 = sal00: Salinity, Practical [PSU]
# name 4 = scan: Scan Count
# name 5 = timeM: Time, Elapsed [minutes]
# name 6 = flag: flag
# span 0 =      3.000,     50.000       
# span 1 =     5.5600,     6.0892       
# span 2 =   2.981964,   3.094728       
# span 3 =    29.8303,    31.4993       
# span 4 =        156,       3553       
# span 5 =     0.1078,     2.4669       
# span 6 = 0.0000e+00, 0.0000e+00       
# interval = meters: 1                  
# start_time = Apr 03 2024 10:40:00 [NMEA time, header]
# bad_flag = -9.990e-29
*END*
      4.000     6.0883   2.981964    29.8303        156     0.1078 0.0000e+00
      5.000     6.0889   2.984246    29.8545        284     0.1968 0.0000e+00
      6.000     6.0889   2.984424    29.8560        303     0.2099 0.0000e+00
      7.000     6.0892   2.984773    29.8591        343     0.2377 0.0000e+00
      8.000     6.0857   2.987216    29.8888        406     0.2815 0.0000e+00
      9.000     6.0844   2.987462    29.8922        420     0.2909 0.0000e+00
     10.000     6.0834   2.988177    29.9005        437     0.3025 0.0000e+00
     11.000     6.0780   2.989656    29.9211        453     0.3141 0.0000e+00
     12.000     6.0156   3.000053    30.0911        474     0.3283 0.0000e+00
     13.000     5.9007   3.010955    30.3141        508     0.3520 0.0000e+00
     14.000     5.8750   3.011348    30.3410        553     0.3835 0.0000e+00
     15.000     5.8706   3.012642    30.3589        584     0.4046 0.0000e+00
     16.000     5.8467   3.015325    30.4098        607     0.4206 0.0000e+00
     17.000     5.8136   3.018233    30.4716        627     0.4344 0.0000e+00
     18.000     5.7927   3.021970    30.5317        647     0.4487 0.0000e+00
     19.000     5.7413   3.024673    30.6080        673     0.4669 0.0000e+00
     20.000     5.6723   3.025589    30.6805        726     0.5033 0.0000e+00
     21.000     5.6544   3.027555    30.7184        759     0.5261 0.0000e+00
     22.000     5.6716   3.030008    30.7298        777     0.5386 0.0000e+00
     23.000     5.6764   3.030777    30.7335        795     0.5511 0.0000e+00
     24.000     5.6829   3.032182    30.7428        817     0.5668 0.0000e+00
     25.000     5.6969   3.036779    30.7811        854     0.5924 0.0000e+00
     26.000     5.7010   3.044540    30.8638        896     0.6218 0.0000e+00
     27.000     5.6746   3.049510    30.9433        922     0.6397 0.0000e+00
     28.000     5.5866   3.057622    31.1150        943     0.6539 0.0000e+00
     29.000     5.5680   3.065679    31.2225        964     0.6685 0.0000e+00
     30.000     5.5708   3.069687    31.2645       1003     0.6959 0.0000e+00
     31.000     5.5715   3.073464    31.3059       1051     0.7291 0.0000e+00
     32.000     5.5706   3.073678    31.3087       1070     0.7423 0.0000e+00
     33.000     5.5688   3.074239    31.3162       1087     0.7541 0.0000e+00
     34.000     5.5671   3.074664    31.3221       1107     0.7678 0.0000e+00
     35.000     5.5667   3.077227    31.3509       1140     0.7908 0.0000e+00
     36.000     5.5672   3.078229    31.3612       1197     0.8307 0.0000e+00
     37.000     5.5657   3.079226    31.3734       1220     0.8467 0.0000e+00
     38.000     5.5615   3.079930    31.3847       1239     0.8597 0.0000e+00
     39.000     5.5613   3.080148    31.3868       1257     0.8720 0.0000e+00
     40.000     5.5608   3.080898    31.3953       1279     0.8873 0.0000e+00
     41.000     5.5600   3.081718    31.4048       1309     0.9086 0.0000e+00
     42.000     5.5645   3.083596    31.4213       1357     0.9414 0.0000e+00
     43.000     5.5682   3.084475    31.4272       1387     0.9627 0.0000e+00
     44.000     5.5727   3.085635    31.4356       1410     0.9784 0.0000e+00
     45.000     5.5841   3.088251    31.4540       1434     0.9948 0.0000e+00
     46.000     5.5951   3.090965    31.4737       1460     1.0131 0.0000e+00
     47.000     5.5976   3.091417    31.4760       1489     1.0331 0.0000e+00
     48.000     5.5991   3.091887    31.4794       1518     1.0534 0.0000e+00
     49.000     5.6018   3.092550    31.4839       1676     1.1634 0.0000e+00
     50.000     5.6111   3.094728    31.4993       2284     1.5854 0.0000e+00
     49.000     5.6107   3.094566    31.4983       2235     1.5511 0.0000e+00
     48.000     5.6015   3.092367    31.4826       2303     1.5989 0.0000e+00
     47.000     5.5991   3.091696    31.4778       2384     1.6546 0.0000e+00
     46.000     5.5971   3.091164    31.4741       2393     1.6612 0.0000e+00
     45.000     5.5963   3.090940    31.4729       2407     1.6711 0.0000e+00
     44.000     5.5939   3.090311    31.4685       2422     1.6815 0.0000e+00
     43.000     5.5897   3.089245    31.4609       2440     1.6937 0.0000e+00
     42.000     5.5780   3.086147    31.4374       2472     1.7158 0.0000e+00
     41.000     5.5702   3.083912    31.4200       2533     1.7584 0.0000e+00
     40.000     5.5675   3.082959    31.4123       2555     1.7739 0.0000e+00
     39.000     5.5664   3.082133    31.4045       2576     1.7879 0.0000e+00
     38.000     5.5661   3.081173    31.3945       2595     1.8016 0.0000e+00
     37.000     5.5669   3.080326    31.3846       2615     1.8155 0.0000e+00
     36.000     5.5679   3.079602    31.3760       2637     1.8304 0.0000e+00
     35.000     5.5673   3.078954    31.3697       2663     1.8486 0.0000e+00
     34.000     5.5664   3.078332    31.3641       2695     1.8706 0.0000e+00
     33.000     5.5656   3.077539    31.3563       2729     1.8947 0.0000e+00
     32.000     5.5656   3.076911    31.3497       2762     1.9172 0.0000e+00
     31.000     5.5693   3.076473    31.3418       2787     1.9346 0.0000e+00
     30.000     5.5724   3.075242    31.3256       2807     1.9486 0.0000e+00
     29.000     5.5720   3.073274    31.3042       2826     1.9615 0.0000e+00
     28.000     5.5757   3.064173    31.1989       2845     1.9749 0.0000e+00
     27.000     5.5881   3.059665    31.1371       2870     1.9920 0.0000e+00
     26.000     5.6014   3.056674    31.0916       2906     2.0171 0.0000e+00
     25.000     5.6254   3.053667    31.0361       2942     2.0420 0.0000e+00
     24.000     5.6645   3.049740    30.9566       2968     2.0605 0.0000e+00
     23.000     5.6893   3.045299    30.8845       2992     2.0771 0.0000e+00
     22.000     5.6922   3.037226    30.7918       3016     2.0936 0.0000e+00
     21.000     5.6820   3.032208    30.7454       3040     2.1104 0.0000e+00
     20.000     5.6703   3.030939    30.7423       3065     2.1278 0.0000e+00
     19.000     5.6585   3.028721    30.7287       3088     2.1439 0.0000e+00
     18.000     5.6594   3.026164    30.6996       3110     2.1589 0.0000e+00
     17.000     5.7043   3.024227    30.6376       3135     2.1764 0.0000e+00
     16.000     5.7819   3.020081    30.5213       3190     2.2149 0.0000e+00
     15.000     5.8142   3.016715    30.4551       3222     2.2366 0.0000e+00
     14.000     5.8440   3.014189    30.4005       3239     2.2487 0.0000e+00
     13.000     5.8613   3.012252    30.3639       3255     2.2594 0.0000e+00
     12.000     5.8700   3.011093    30.3436       3271     2.2705 0.0000e+00
     11.000     5.9083   3.007898    30.2743       3290     2.2843 0.0000e+00
     10.000     6.0241   2.996157    30.0412       3329     2.3112 0.0000e+00
      9.000     6.0516   2.992230    29.9739       3366     2.3371 0.0000e+00
      8.000     6.0784   2.987739    29.9010       3392     2.3547 0.0000e+00
      7.000     6.0807   2.986021    29.8804       3422     2.3759 0.0000e+00
      6.000     6.0817   2.984965    29.8683       3453     2.3976 0.0000e+00
      5.000     6.0833   2.984557    29.8629       3478     2.4148 0.0000e+00
      4.000     6.0830   2.984270    29.8605       3503     2.4322 0.0000e+00
      3.000     6.0852   2.984440    29.8608       3553     2.4669 0.0000e+00
