HB2402/ctd041.cnv
* Sea-Bird SBE 9 Data File:
* FileName = C:\cruise\data\ctd041.hex
* Software Version Seasave V 7.26.7.121
* Temperature SN = 5253
* Conductivity SN = 4421
* Number of Bytes Per Scan = 37
* Number of Voltage Words = 4
* Number of Scans Averaged by the Deck Unit = 1
* NMEA Latitude = 36 06.37 N
* NMEA Longitude = 074 47.06 W
* NMEA UTC (Time) = Mar 14 2024 18:28:05
* NMEA baud rate = 4800
** Ship: Bigelow HB2304
** Program:  Fall Bottom Trawl Survey
** Chief Scientist: John Galbraith
# nquan = 7
# nvalues = 483                         
# units = specified
# name 0 = depSM: Depth [salt water, m]
# name 1 = t090C: Temperature [ITS-90, deg C]
# name 2 = c0S/m: Conductivity [S/m]
# name 3 = sal00: Salinity, Practical [PSU]
# name 4 = scan: Scan Count
# name 5 = timeM: Time, Elapsed [minutes]
# name 6 = flag: flag
# span 0 =      1.000,    243.000       
# span 1 =    10.6270,    17.9124       
# span 2 =   3.910230,   4.634937       
# span 3 =    33.7160,    35.4527       
# span 4 =         22,      14525       
# span 5 =     0.0147,    10.0862       
# span 6 = 0.0000e+00, 0.0000e+00       
# interval = meters: 1                  
# start_time = Mar 14 2024 18:28:05 [NMEA time, header]
# bad_flag = -9.990e-29
*END*
[from data line 411]
     72.000    14.6183   4.263949    35.0593      12063     8.3763 0.0000e+00
     71.000    14.6484   4.266833    35.0590      12089     8.3947 0.0000e+00
     70.000    14.6801   4.269276    35.0534      12118     8.4145 0.0000e+00
     69.000    14.7078   4.271159    35.0460      12144     8.4326 0.0000e+00
     68.000    14.7352   4.273280    35.0412      12168     8.4493 0.0000e+00
     67.000    14.7411   4.273396    35.0374      12194     8.4672 0.0000e+00
     66.000    14.7333   4.272331    35.0351      12223     8.4875 0.0000e+00
     65.000    14.7109   4.268477    35.0203      12251     8.5072 0.0000e+00
     64.000    14.7260   4.268887    35.0108      12275     8.5239 0.0000e+00
     63.000    14.7673   4.272504    35.0072      12298     8.5393 0.0000e+00
     62.000    14.7760   4.273188    35.0061      12321     8.5558 0.0000e+00
     61.000    14.7753   4.272675    35.0024      12349     8.5751 0.0000e+00
     60.000    14.7571   4.269531    34.9904      12380     8.5962 0.0000e+00
     59.000    14.7460   4.264497    34.9546      12407     8.6155 0.0000e+00
     58.000    14.7537   4.263973    34.9433      12433     8.6331 0.0000e+00
     57.000    14.7858   4.266588    34.9388      12458     8.6507 0.0000e+00
     56.000    14.8489   4.272787    34.9393      12484     8.6686 0.0000e+00
     55.000    14.8743   4.272897    34.9180      12508     8.6856 0.0000e+00
     54.000    14.9168   4.272069    34.8727      12531     8.7017 0.0000e+00
     53.000    15.0491   4.284476    34.8680      12555     8.7182 0.0000e+00
     52.000    15.1616   4.295992    34.8728      12583     8.7376 0.0000e+00
     51.000    15.4809   4.334864    34.9409      12614     8.7587 0.0000e+00
     50.000    16.3522   4.449096    35.1898      12639     8.7767 0.0000e+00
     49.000    16.8912   4.514101    35.2883      12664     8.7935 0.0000e+00
     48.000    16.9841   4.530911    35.3543      12690     8.8115 0.0000e+00
     47.000    16.9551   4.527048    35.3464      12719     8.8320 0.0000e+00
     46.000    16.7006   4.491034    35.2547      12747     8.8513 0.0000e+00
     45.000    16.4971   4.462329    35.1815      12771     8.8679 0.0000e+00
     44.000    16.3174   4.438174    35.1266      12794     8.8837 0.0000e+00
     43.000    16.1317   4.412870    35.0662      12818     8.9004 0.0000e+00
     42.000    15.8341   4.373936    34.9822      12843     8.9181 0.0000e+00
     41.000    15.5594   4.335927    34.8847      12870     8.9367 0.0000e+00
     40.000    15.6057   4.336895    34.8528      12897     8.9553 0.0000e+00
     39.000    16.0373   4.392918    34.9735      12922     8.9731 0.0000e+00
     38.000    16.5168   4.453187    35.0860      12948     8.9910 0.0000e+00
     37.000    16.8562   4.498597    35.1880      12976     9.0107 0.0000e+00
     36.000    16.9900   4.514319    35.2087      13005     9.0306 0.0000e+00
     35.000    17.1214   4.531429    35.2435      13031     9.0488 0.0000e+00
     34.000    17.2017   4.542476    35.2698      13056     9.0659 0.0000e+00
     33.000    17.3215   4.556466    35.2870      13080     9.0827 0.0000e+00
     32.000    17.4677   4.575743    35.3269      13105     9.0999 0.0000e+00
     31.000    17.5759   4.590058    35.3568      13131     9.1178 0.0000e+00
     30.000    17.6106   4.594409    35.3645      13157     9.1360 0.0000e+00
     29.000    17.6612   4.600970    35.3773      13184     9.1551 0.0000e+00
     28.000    17.7516   4.613007    35.4026      13211     9.1738 0.0000e+00
     27.000    17.7927   4.619266    35.4211      13236     9.1909 0.0000e+00
     26.000    17.8576   4.627438    35.4352      13259     9.2071 0.0000e+00
     25.000    17.9124   4.634937    35.4523      13284     9.2243 0.0000e+00
     24.000    17.9063   4.634331    35.4527      13314     9.2448 0.0000e+00
     23.000    17.8654   4.628652    35.4400      13344     9.2662 0.0000e+00
     22.000    17.7930   4.617661    35.4089      13370     9.2843 0.0000e+00
     21.000    17.5481   4.583387    35.3271      13393     9.3000 0.0000e+00
     20.000    17.3429   4.556552    35.2743      13416     9.3163 0.0000e+00
     19.000    17.3556   4.555665    35.2559      13443     9.3345 0.0000e+00
     18.000    17.2005   4.534506    35.2077      13471     9.3542 0.0000e+00
     17.000    16.7566   4.477814    35.1006      13496     9.3718 0.0000e+00
     16.000    16.4965   4.437177    34.9714      13520     9.3885 0.0000e+00
     15.000    16.4483   4.429608    34.9472      13545     9.4058 0.0000e+00
     14.000    16.4061   4.424759    34.9417      13572     9.4241 0.0000e+00
     13.000    16.1466   4.390258    34.8637      13597     9.4418 0.0000e+00
     12.000    15.6328   4.322920    34.7143      13622     9.4592 0.0000e+00
     11.000    15.2547   4.268956    34.5616      13647     9.4764 0.0000e+00
     10.000    14.7243   4.197701    34.3807      13673     9.4945 0.0000e+00
      9.000    14.1659   4.125457    34.2118      13700     9.5131 0.0000e+00
      8.000    13.7339   4.067504    34.0571      13727     9.5319 0.0000e+00
      7.000    13.6247   4.054789    34.0358      13753     9.5499 0.0000e+00
      6.000    13.2464   3.996327    33.8229      14069     9.7696 0.0000e+00
      5.000    13.1776   3.984540    33.7734      14432    10.0219 0.0000e+00
      4.000    13.1571   3.981915    33.7672      14457    10.0391 0.0000e+00
      3.000    13.1572   3.982075    33.7690      14482    10.0566 0.0000e+00
      2.000    13.1422   3.980202    33.7650      14504    10.0717 0.0000e+00
      1.000    13.1321   3.978925    33.7624      14525    10.0862 0.0000e+00
