HB2402/ctd092.cnv
* Sea-Bird SBE 9 Data File:
* FileName = C:\cruise\data\ctd092.hex
* Software Version Seasave V 7.26.7.121
* Temperature SN = 5253
* Conductivity SN = 4421
* Number of Bytes Per Scan = 37
* Number of Voltage Words = 4
* Number of Scans Averaged by the Deck Unit = 1
* NMEA Latitude = 39 20.96 N
* NMEA Longitude = 072 16.11 W
* NMEA UTC (Time) = Apr 02 2024 15:44:48
* NMEA baud rate = 4800
** Ship: Bigelow HB2304
** Program:  Fall Bottom Trawl Survey
** Chief Scientist: John Galbraith
# nquan = 7
# nvalues = 461                         
# units = specified
# name 0 = depSM: Depth [salt water, m]
# name 1 = t090C: Temperature [ITS-90, deg C]
# name 2 = c0S/m: Conductivity [S/m]
# name 3 = sal00: Salinity, Practical [PSU]
# name 4 = scan: Scan Count
# name 5 = timeM: Time, Elapsed [minutes]
# name 6 = flag: flag
# span 0 =      1.000,    232.000       
# span 1 =     6.6394,    12.4281       
# span 2 =   3.291340,   4.030612       
# span 3 =    32.6024,    35.3256       
# span 4 =       -105,      14586       
# span 5 =    -0.0738,    10.1285       
# span 6 = 0.0000e+00, 0.0000e+00       
# interval = meters: 1                  
# start_time = Apr 02 2024 15:44:48 [NMEA time, header]
# bad_flag = -9.990e-29
*END*
[from data line 411]
     50.000     6.8624   3.325127    32.8746      12434     8.6340 0.0000e+00
     49.000     6.8283   3.321124    32.8638      12475     8.6625 0.0000e+00
     48.000     6.7091   3.304840    32.7995      12499     8.6791 0.0000e+00
     47.000     6.6978   3.303175    32.7924      12516     8.6910 0.0000e+00
     46.000     6.6729   3.299967    32.7815      12532     8.7020 0.0000e+00
     45.000     6.6635   3.298245    32.7720      12548     8.7134 0.0000e+00
     44.000     6.6593   3.297517    32.7684      12570     8.7287 0.0000e+00
     43.000     6.6480   3.295484    32.7574      12615     8.7599 0.0000e+00
     42.000     6.6521   3.295659    32.7558      12655     8.7873 0.0000e+00
     41.000     6.6481   3.295075    32.7537      12676     8.8024 0.0000e+00
     40.000     6.6482   3.294974    32.7530      12695     8.8154 0.0000e+00
     39.000     6.6490   3.294904    32.7519      12715     8.8294 0.0000e+00
     38.000     6.6487   3.294740    32.7509      12741     8.8469 0.0000e+00
     37.000     6.6488   3.294632    32.7501      12771     8.8684 0.0000e+00
     36.000     6.6506   3.294685    32.7494      12801     8.8892 0.0000e+00
     35.000     6.6532   3.294728    32.7479      12828     8.9073 0.0000e+00
     34.000     6.6546   3.294684    32.7465      12850     8.9230 0.0000e+00
     33.000     6.6589   3.294844    32.7447      12872     8.9380 0.0000e+00
     32.000     6.6664   3.295133    32.7412      12895     8.9543 0.0000e+00
     31.000     6.6703   3.295280    32.7396      12922     8.9732 0.0000e+00
     30.000     6.6720   3.295258    32.7382      12955     8.9956 0.0000e+00
     29.000     6.6763   3.295502    32.7373      12988     9.0187 0.0000e+00
     28.000     6.6787   3.295535    32.7358      13015     9.0377 0.0000e+00
     27.000     6.6839   3.295631    32.7324      13037     9.0527 0.0000e+00
     26.000     6.6952   3.296178    32.7281      13057     9.0665 0.0000e+00
     25.000     6.7036   3.296611    32.7253      13078     9.0809 0.0000e+00
     24.000     6.7060   3.296707    32.7246      13102     9.0983 0.0000e+00
     23.000     6.7102   3.296867    32.7228      13138     9.1230 0.0000e+00
     22.000     6.7180   3.297295    32.7205      13172     9.1467 0.0000e+00
     21.000     6.7312   3.298041    32.7167      13196     9.1630 0.0000e+00
     20.000     6.7320   3.298057    32.7165      13216     9.1774 0.0000e+00
     19.000     6.7321   3.297969    32.7160      13238     9.1926 0.0000e+00
     18.000     6.7354   3.298000    32.7136      13264     9.2107 0.0000e+00
     17.000     6.7376   3.297963    32.7116      13294     9.2313 0.0000e+00
     16.000     6.7460   3.298248    32.7072      13320     9.2497 0.0000e+00
     15.000     6.7438   3.298332    32.7107      13345     9.2665 0.0000e+00
     14.000     6.7441   3.298303    32.7106      13370     9.2842 0.0000e+00
     13.000     6.7451   3.298192    32.7089      13396     9.3021 0.0000e+00
     12.000     6.7473   3.298193    32.7073      13421     9.3198 0.0000e+00
     11.000     6.7469   3.298104    32.7072      13449     9.3386 0.0000e+00
     10.000     6.7454   3.298020    32.7081      13477     9.3581 0.0000e+00
      9.000     6.7458   3.297938    32.7074      13501     9.3751 0.0000e+00
      8.000     6.7452   3.297891    32.7080      13523     9.3900 0.0000e+00
      7.000     6.7454   3.297873    32.7080      13544     9.4050 0.0000e+00
      6.000     6.7935   3.296497    32.6475      13999     9.7210 0.0000e+00
      5.000     6.7885   3.296569    32.6536      14400     9.9994 0.0000e+00
      4.000     6.7878   3.296428    32.6531      14437    10.0247 0.0000e+00
      3.000     6.7879   3.296392    32.6532      14511    10.0765 0.0000e+00
      2.000     6.7876   3.296224    32.6521      14543    10.0984 0.0000e+00
      1.000     6.7874   3.296094    32.6514      14586    10.1285 0.0000e+00
