HB2402/ctd001.cnv
* Sea-Bird SBE 9 Data File:
* FileName = C:\cruise\data\ctd001.hex
* Software Version Seasave V 7.26.7.121
* Temperature SN = 5253
* Conductivity SN = 4421
* Number of Bytes Per Scan = 37
* Number of Voltage Words = 4
* Number of Scans Averaged by the Deck Unit = 1
* NMEA Latitude = 38 40.31 N
* NMEA Longitude = 074 50.71 W
* NMEA UTC (Time) = Mar 07 2024 15:16:29
* NMEA baud rate = 4800
** Ship: Bigelow HB2304
** Program:  Fall Bottom Trawl Survey
** Chief Scientist: John Galbraith
# nquan = 7
# nvalues = 35                          
# units = specified
# name 0 = depSM: Depth [salt water, m]
# name 1 = t090C: Temperature [ITS-90, deg C]
# name 2 = c0S/m: Conductivity [S/m]
# name 3 = sal00: Salinity, Practical [PSU]
# name 4 = scan: Scan Count
# name 5 = timeM: Time, Elapsed [minutes]
# name 6 = flag: flag
# span 0 =      1.000,     19.000       
# span 1 =     7.1466,     7.2171       
# span 2 =   3.140856,   3.143892       
# span 3 =    30.5804,    30.6553       
# span 4 =          5,       1938       
# span 5 =     0.0026,     1.3455       
# span 6 = 0.0000e+00, 0.0000e+00       
# interval = meters: 1                  
# start_time = Mar 07 2024 15:16:29 [NMEA time, header]
# bad_flag = -9.990e-29
*END*
      3.000     7.2136   3.141780    30.5809          5     0.0026 0.0000e+00
      4.000     7.2143   3.141904    30.5810        196     0.1355 0.0000e+00
      5.000     7.2171   3.142142    30.5807        285     0.1975 0.0000e+00
      6.000     7.2166   3.142152    30.5808        319     0.2211 0.0000e+00
      7.000     7.2162   3.142136    30.5806        352     0.2440 0.0000e+00
      8.000     7.2020   3.141349    30.5842        381     0.2640 0.0000e+00
      9.000     7.2059   3.141555    30.5825        408     0.2825 0.0000e+00
     10.000     7.2008   3.141354    30.5844        434     0.3008 0.0000e+00
     11.000     7.1966   3.141244    30.5865        465     0.3224 0.0000e+00
     12.000     7.1857   3.140881    30.5918        505     0.3502 0.0000e+00
     13.000     7.1774   3.140923    30.5991        546     0.3781 0.0000e+00
     14.000     7.1699   3.141276    30.6092        575     0.3984 0.0000e+00
     15.000     7.1488   3.142593    30.6416        602     0.4171 0.0000e+00
     16.000     7.1472   3.142580    30.6424        636     0.4409 0.0000e+00
     17.000     7.1471   3.142679    30.6431        703     0.4878 0.0000e+00
     18.000     7.1466   3.143035    30.6469        752     0.5218 0.0000e+00
     19.000     7.1470   3.143892    30.6553        949     0.6583 0.0000e+00
     18.000     7.1475   3.143717    30.6535       1130     0.7837 0.0000e+00
     17.000     7.1470   3.143263    30.6495       1152     0.7993 0.0000e+00
     16.000     7.1472   3.143114    30.6482       1175     0.8149 0.0000e+00
     15.000     7.1490   3.142521    30.6407       1196     0.8299 0.0000e+00
     14.000     7.1512   3.142187    30.6356       1220     0.8468 0.0000e+00
     13.000     7.1545   3.141694    30.6277       1248     0.8658 0.0000e+00
     12.000     7.1590   3.141445    30.6215       1278     0.8865 0.0000e+00
     11.000     7.1834   3.141114    30.5968       1304     0.9050 0.0000e+00
     10.000     7.1927   3.141017    30.5879       1327     0.9208 0.0000e+00
      9.000     7.1937   3.140958    30.5869       1349     0.9362 0.0000e+00
      8.000     7.1909   3.140925    30.5894       1375     0.9541 0.0000e+00
      7.000     7.1920   3.140856    30.5882       1405     0.9751 0.0000e+00
      6.000     7.1993   3.141051    30.5843       1432     0.9935 0.0000e+00
      5.000     7.2039   3.141179    30.5820       1453     1.0083 0.0000e+00
      4.000     7.2083   3.141399    30.5809       1475     1.0235 0.0000e+00
      3.000     7.2118   3.141596    30.5804       1500     1.0407 0.0000e+00
      2.000     7.2107   3.141507    30.5809       1823     1.2656 0.0000e+00
      1.000     7.2096   3.141398    30.5811       1938     1.3455 0.0000e+00
