HB2402/ctd019.cnv
* Sea-Bird SBE 9 Data File:
* FileName = C:\cruise\data\ctd019.hex
* Software Version Seasave V 7.26.7.121
* Temperature SN = 5253
* Conductivity SN = 4421
* Number of Bytes Per Scan = 37
* Number of Voltage Words = 4
* Number of Scans Averaged by the Deck Unit = 1
* NMEA Latitude = 36 05.88 N
* NMEA Longitude = 075 30.83 W
* NMEA UTC (Time) = Mar 11 2024 12:30:53
* NMEA baud rate = 4800
** Ship: Bigelow HB2304
** Program:  Fall Bottom Trawl Survey
** Chief Scientist: John Galbraith
# nquan = 7
# nvalues = 41                          
# units = specified
# name 0 = depSM: Depth [salt water, m]
# name 1 = t090C: Temperature [ITS-90, deg C]
# name 2 = c0S/m: Conductivity [S/m]
# name 3 = sal00: Salinity, Practical [PSU]
# name 4 = scan: Scan Count
# name 5 = timeM: Time, Elapsed [minutes]
# name 6 = flag: flag
# span 0 =      1.000,     22.000       
# span 1 =     9.0198,     9.0406       
# span 2 =   3.316786,   3.319737       
# span 3 =    30.8391,    30.8562       
# span 4 =         30,       4462       
# span 5 =     0.0202,     3.0980       
# span 6 = 0.0000e+00, 0.0000e+00       
# interval = meters: 1                  
# start_time = Mar 11 2024 12:30:53 [NMEA time, header]
# bad_flag = -9.990e-29
*END*
      3.000     9.0324   3.319152    30.8556         30     0.0202 0.0000e+00
      4.000     9.0327   3.319223    30.8556        225     0.1554 0.0000e+00
      5.000     9.0328   3.319328    30.8562        312     0.2162 0.0000e+00
      6.000     9.0344   3.319361    30.8547        381     0.2638 0.0000e+00
      7.000     9.0366   3.319511    30.8539        431     0.2988 0.0000e+00
      8.000     9.0370   3.319543    30.8534        447     0.3099 0.0000e+00
      9.000     9.0363   3.319113    30.8492        524     0.3634 0.0000e+00
     10.000     9.0391   3.319527    30.8506        581     0.4027 0.0000e+00
     11.000     9.0378   3.319411    30.8501        655     0.4539 0.0000e+00
     12.000     9.0406   3.319737    30.8506        700     0.4852 0.0000e+00
     13.000     9.0393   3.319683    30.8507        767     0.5317 0.0000e+00
     14.000     9.0384   3.319630    30.8505        845     0.5863 0.0000e+00
     15.000     9.0321   3.319024    30.8493        935     0.6489 0.0000e+00
     16.000     9.0308   3.318926    30.8490       1107     0.7684 0.0000e+00
     17.000     9.0283   3.318674    30.8481       1218     0.8449 0.0000e+00
     18.000     9.0278   3.318576    30.8471       1319     0.9153 0.0000e+00
     19.000     9.0250   3.318035    30.8435       1414     0.9811 0.0000e+00
     20.000     9.0258   3.318185    30.8439       1510     1.0480 0.0000e+00
     21.000     9.0288   3.318543    30.8446       1654     1.1480 0.0000e+00
     22.000     9.0296   3.318456    30.8427       1849     1.2837 0.0000e+00
     21.000     9.0300   3.318510    30.8432       1885     1.3082 0.0000e+00
     20.000     9.0294   3.318384    30.8429       2199     1.5264 0.0000e+00
     19.000     9.0297   3.318351    30.8428       2239     1.5539 0.0000e+00
     18.000     9.0301   3.318366    30.8430       2330     1.6173 0.0000e+00
     17.000     9.0294   3.318277    30.8431       2380     1.6522 0.0000e+00
     16.000     9.0289   3.318153    30.8427       2456     1.7050 0.0000e+00
     15.000     9.0284   3.317982    30.8418       2546     1.7677 0.0000e+00
     14.000     9.0285   3.317947    30.8418       2582     1.7926 0.0000e+00
     13.000     9.0258   3.317622    30.8412       2653     1.8414 0.0000e+00
     12.000     9.0240   3.317422    30.8411       2727     1.8934 0.0000e+00
     11.000     9.0249   3.317440    30.8410       2814     1.9533 0.0000e+00
     10.000     9.0220   3.317129    30.8407       2909     2.0194 0.0000e+00
      9.000     9.0212   3.317024    30.8407       2955     2.0511 0.0000e+00
      8.000     9.0215   3.316955    30.8402       3029     2.1028 0.0000e+00
      7.000     9.0218   3.316938    30.8402       3090     2.1450 0.0000e+00
      6.000     9.0214   3.316892    30.8406       3152     2.1885 0.0000e+00
      5.000     9.0216   3.316897    30.8409       3237     2.2474 0.0000e+00
      4.000     9.0198   3.316832    30.8421       3319     2.3040 0.0000e+00
      3.000     9.0216   3.316786    30.8406       4090     2.8395 0.0000e+00
      2.000     9.0241   3.316839    30.8394       4412     3.0632 0.0000e+00
      1.000     9.0250   3.316848    30.8391       4462     3.0980 0.0000e+00
