HB2402/ctd049.cnv
* Sea-Bird SBE 9 Data File:
* FileName = C:\cruise\data\ctd049.hex
* Software Version Seasave V 7.26.7.121
* Temperature SN = 5253
* Conductivity SN = 4421
* Number of Bytes Per Scan = 37
* Number of Voltage Words = 4
* Number of Scans Averaged by the Deck Unit = 1
* NMEA Latitude = 36 40.73 N
* NMEA Longitude = 074 43.90 W
* NMEA UTC (Time) = Mar 15 2024 23:53:44
* NMEA baud rate = 4800
** Ship: Bigelow HB2304
** Program:  Fall Bottom Trawl Survey
** Chief Scientist: John Galbraith
# nquan = 7
# nvalues = 168                         
# units = specified
# name 0 = depSM: Depth [salt water, m]
# name 1 = t090C: Temperature [ITS-90, deg C]
# name 2 = c0S/m: Conductivity [S/m]
# name 3 = sal00: Salinity, Practical [PSU]
# name 4 = scan: Scan Count
# name 5 = timeM: Time, Elapsed [minutes]
# name 6 = flag: flag
# span 0 =      2.000,     86.000       
# span 1 =     8.8395,    12.2909       
# span 2 =   3.495755,   3.965134       
# span 3 =    32.5659,    34.3544       
# span 4 =        155,       5346       
# span 5 =     0.1072,     3.7121       
# span 6 = 0.0000e+00, 0.0000e+00       
# interval = meters: 1                  
# start_time = Mar 15 2024 23:53:44 [NMEA time, header]
# bad_flag = -9.990e-29
*END*
      3.000     9.3852   3.515805    32.5668        155     0.1072 0.0000e+00
      4.000     9.3854   3.515888    32.5670        235     0.1627 0.0000e+00
      5.000     9.3874   3.516004    32.5659        250     0.1731 0.0000e+00
      6.000     9.3839   3.515945    32.5680        270     0.1870 0.0000e+00
      7.000     9.3814   3.515915    32.5695        298     0.2064 0.0000e+00
      8.000     9.3851   3.516105    32.5677        331     0.2294 0.0000e+00
      9.000     9.3853   3.516178    32.5678        364     0.2523 0.0000e+00
     10.000     9.3177   3.514045    32.6070        393     0.2723 0.0000e+00
     11.000     9.2575   3.512117    32.6417        415     0.2878 0.0000e+00
     12.000     9.1747   3.509558    32.6906        435     0.3011 0.0000e+00
     13.000     9.1020   3.507264    32.7332        453     0.3142 0.0000e+00
     14.000     8.9007   3.500638    32.8495        477     0.3307 0.0000e+00
     15.000     8.8719   3.498970    32.8583        513     0.3555 0.0000e+00
     16.000     8.8448   3.496221    32.8543        548     0.3800 0.0000e+00
     17.000     8.8395   3.495755    32.8538        571     0.3956 0.0000e+00
     18.000     8.8459   3.496348    32.8536        591     0.4098 0.0000e+00
     19.000     8.8615   3.497897    32.8549        613     0.4247 0.0000e+00
     20.000     8.8597   3.497882    32.8560        640     0.4440 0.0000e+00
     21.000     8.9015   3.502607    32.8660        674     0.4672 0.0000e+00
     22.000     8.9318   3.505904    32.8718        705     0.4889 0.0000e+00
     23.000     8.9823   3.511631    32.8843        730     0.5059 0.0000e+00
     24.000     9.0288   3.516953    32.8961        752     0.5216 0.0000e+00
     25.000     9.0583   3.520215    32.9023        773     0.5363 0.0000e+00
     26.000     9.0599   3.520696    32.9054        796     0.5523 0.0000e+00
     27.000     9.0552   3.520650    32.9088        828     0.5746 0.0000e+00
     28.000     9.0614   3.521618    32.9127        864     0.5992 0.0000e+00
     29.000     9.1138   3.528335    32.9335        887     0.6151 0.0000e+00
     30.000     9.2008   3.538942    32.9625        908     0.6297 0.0000e+00
     31.000     9.4589   3.568312    33.0266        933     0.6472 0.0000e+00
     32.000     9.8695   3.613963    33.1160        966     0.6701 0.0000e+00
     33.000    10.1837   3.649899    33.1922        996     0.6913 0.0000e+00
     34.000    10.4309   3.677335    33.2423       1020     0.7078 0.0000e+00
     35.000    10.6329   3.702153    33.3062       1042     0.7229 0.0000e+00
     36.000    11.1098   3.756393    33.4119       1066     0.7394 0.0000e+00
     37.000    11.1758   3.764363    33.4304       1095     0.7596 0.0000e+00
     38.000    11.2847   3.779022    33.4758       1123     0.7795 0.0000e+00
     39.000    11.6879   3.826755    33.5788       1149     0.7970 0.0000e+00
     40.000    11.7129   3.829420    33.5817       1174     0.8143 0.0000e+00
     41.000    11.7365   3.832465    33.5897       1202     0.8340 0.0000e+00
     42.000    11.7203   3.830875    33.5884       1233     0.8552 0.0000e+00
     43.000    11.7088   3.829800    33.5879       1261     0.8749 0.0000e+00
     44.000    11.7049   3.829543    33.5884       1285     0.8913 0.0000e+00
     45.000    11.7037   3.829538    33.5890       1308     0.9073 0.0000e+00
     46.000    11.7002   3.829249    33.5889       1332     0.9246 0.0000e+00
     47.000    11.7000   3.829375    33.5899       1360     0.9441 0.0000e+00
     48.000    11.6970   3.829145    33.5900       1390     0.9643 0.0000e+00
     49.000    11.6985   3.829431    33.5910       1415     0.9821 0.0000e+00
     50.000    11.2512   3.777065    33.4807       1439     0.9987 0.0000e+00
     51.000    10.2791   3.672858    33.3291       1464     1.0160 0.0000e+00
     52.000    10.2426   3.669767    33.3306       1492     1.0354 0.0000e+00
     53.000    10.2478   3.669788    33.3256       1524     1.0577 0.0000e+00
     54.000    10.2564   3.670618    33.3256       1553     1.0779 0.0000e+00
     55.000    10.2171   3.665854    33.3132       1576     1.0939 0.0000e+00
     56.000    10.2091   3.665282    33.3143       1598     1.1090 0.0000e+00
     57.000    10.2212   3.666485    33.3149       1624     1.1269 0.0000e+00
     58.000    10.2190   3.666213    33.3137       1656     1.1494 0.0000e+00
     59.000    10.2155   3.665837    33.3127       1684     1.1688 0.0000e+00
     60.000    10.2029   3.664536    33.3107       1706     1.1839 0.0000e+00
     61.000    10.2098   3.665538    33.3140       1726     1.1982 0.0000e+00
     62.000    10.2375   3.668992    33.3230       1752     1.2159 0.0000e+00
     63.000    10.2929   3.675871    33.3412       1792     1.2435 0.0000e+00
     64.000    10.5009   3.702039    33.4133       1826     1.2674 0.0000e+00
     65.000    10.8877   3.749632    33.5344       1847     1.2817 0.0000e+00
     66.000    11.4567   3.818281    33.6940       1865     1.2942 0.0000e+00
     67.000    11.6067   3.834750    33.7186       1884     1.3079 0.0000e+00
     68.000    11.5769   3.835551    33.7532       1913     1.3279 0.0000e+00
     69.000    11.4885   3.833093    33.8092       1951     1.3543 0.0000e+00
     70.000    11.4422   3.832295    33.8433       1979     1.3735 0.0000e+00
     71.000    11.6150   3.857803    33.9352       2001     1.3886 0.0000e+00
     72.000    11.7465   3.877231    34.0046       2023     1.4041 0.0000e+00
     73.000    11.8238   3.891989    34.0777       2050     1.4229 0.0000e+00
     74.000    11.9003   3.905084    34.1349       2082     1.4448 0.0000e+00
     75.000    11.9256   3.909033    34.1497       2109     1.4640 0.0000e+00
     76.000    11.9613   3.914936    34.1741       2135     1.4822 0.0000e+00
     77.000    12.0102   3.922703    34.2044       2162     1.5010 0.0000e+00
     78.000    12.0543   3.929414    34.2288       2188     1.5189 0.0000e+00
     79.000    12.0879   3.934490    34.2468       2210     1.5343 0.0000e+00
     80.000    12.1151   3.938520    34.2605       2234     1.5504 0.0000e+00
     81.000    12.1584   3.945141    34.2846       2262     1.5699 0.0000e+00
     82.000    12.1812   3.948860    34.2993       2296     1.5939 0.0000e+00
     83.000    12.1982   3.951655    34.3104       2326     1.6142 0.0000e+00
     84.000    12.2161   3.954404    34.3201       2350     1.6311 0.0000e+00
     85.000    12.2490   3.959520    34.3391       2373     1.6475 0.0000e+00
     86.000    12.2909   3.965134    34.3544       2400     1.6660 0.0000e+00
     85.000    12.2506   3.960320    34.3454       2953     2.0499 0.0000e+00
     84.000    12.2343   3.957747    34.3358       3241     2.2499 0.0000e+00
     83.000    12.2207   3.955724    34.3291       3247     2.2543 0.0000e+00
     82.000    12.2116   3.954378    34.3249       3275     2.2737 0.0000e+00
     81.000    12.2033   3.953054    34.3201       3306     2.2948 0.0000e+00
     80.000    12.1739   3.948369    34.3021       3332     2.3132 0.0000e+00
     79.000    12.1512   3.944719    34.2880       3356     2.3298 0.0000e+00
     78.000    12.1209   3.940460    34.2749       3379     2.3461 0.0000e+00
     77.000    12.1081   3.938165    34.2648       3403     2.3622 0.0000e+00
     76.000    12.0750   3.933608    34.2514       3428     2.3801 0.0000e+00
     75.000    12.0511   3.929378    34.2326       3459     2.4013 0.0000e+00
     74.000    12.0108   3.923958    34.2173       3490     2.4230 0.0000e+00
     73.000    11.9769   3.917564    34.1866       3515     2.4401 0.0000e+00
     72.000    11.9137   3.908584    34.1576       3536     2.4552 0.0000e+00
     71.000    11.8594   3.899339    34.1177       3558     2.4700 0.0000e+00
     70.000    11.7955   3.886344    34.0497       3583     2.4872 0.0000e+00
     69.000    11.7198   3.875369    34.0123       3613     2.5085 0.0000e+00
     68.000    11.6465   3.863825    33.9667       3643     2.5291 0.0000e+00
     67.000    11.5687   3.845615    33.8598       3667     2.5455 0.0000e+00
     66.000    11.5962   3.846940    33.8481       3688     2.5607 0.0000e+00
     65.000    11.5494   3.836753    33.7912       3713     2.5775 0.0000e+00
     64.000    11.5366   3.834677    33.7830       3744     2.5993 0.0000e+00
     63.000    11.2338   3.799760    33.7161       3775     2.6206 0.0000e+00
     62.000    10.8724   3.751920    33.5726       3798     2.6365 0.0000e+00
     61.000    10.8012   3.740016    33.5194       3817     2.6503 0.0000e+00
     60.000    10.4703   3.699885    33.4215       3838     2.6645 0.0000e+00
     59.000    10.3675   3.686233    33.3790       3867     2.6847 0.0000e+00
     58.000    10.3786   3.686868    33.3756       3908     2.7133 0.0000e+00
     57.000    10.3072   3.677995    33.3522       3935     2.7319 0.0000e+00
     56.000    10.2907   3.675389    33.3414       3954     2.7449 0.0000e+00
     55.000    10.2683   3.672659    33.3349       3972     2.7578 0.0000e+00
     54.000    10.2713   3.672541    33.3314       3992     2.7718 0.0000e+00
     53.000    10.2660   3.671710    33.3283       4021     2.7917 0.0000e+00
     52.000    10.2652   3.671557    33.3280       4057     2.8169 0.0000e+00
     51.000    10.2827   3.673275    33.3297       4085     2.8360 0.0000e+00
     50.000    10.2888   3.673843    33.3303       4107     2.8513 0.0000e+00
     49.000    10.3712   3.682570    33.3430       4129     2.8667 0.0000e+00
     48.000    10.5541   3.699334    33.3445       4154     2.8838 0.0000e+00
     47.000    10.6771   3.713810    33.3775       4181     2.9029 0.0000e+00
     46.000    11.0094   3.750628    33.4417       4208     2.9216 0.0000e+00
     45.000    11.1414   3.766499    33.4793       4235     2.9404 0.0000e+00
     44.000    11.2913   3.781762    33.4943       4263     2.9596 0.0000e+00
     43.000    11.4845   3.803208    33.5305       4289     2.9781 0.0000e+00
     42.000    11.5477   3.811132    33.5514       4313     2.9946 0.0000e+00
     41.000    11.5922   3.815949    33.5587       4335     3.0094 0.0000e+00
     40.000    11.6695   3.825228    33.5801       4355     3.0237 0.0000e+00
     39.000    11.6666   3.826107    33.5917       4381     3.0415 0.0000e+00
     38.000    11.6883   3.828538    33.5963       4419     3.0678 0.0000e+00
     37.000    11.6526   3.824346    33.5880       4450     3.0897 0.0000e+00
     36.000    11.6251   3.820614    33.5768       4472     3.1048 0.0000e+00
     35.000    11.3813   3.792530    33.5224       4491     3.1183 0.0000e+00
     34.000    11.1892   3.769521    33.4705       4513     3.1331 0.0000e+00
     33.000    11.0143   3.750709    33.4436       4541     3.1526 0.0000e+00
     32.000    11.0247   3.748882    33.4166       4575     3.1765 0.0000e+00
     31.000    10.4693   3.690217    33.3380       4601     3.1947 0.0000e+00
     30.000    10.1504   3.649623    33.2206       4622     3.2093 0.0000e+00
     29.000     9.5135   3.579428    33.0914       4644     3.2242 0.0000e+00
     28.000     9.5440   3.579449    33.0642       4669     3.2415 0.0000e+00
     27.000     9.4059   3.563781    33.0308       4698     3.2620 0.0000e+00
     26.000     9.2995   3.550568    32.9934       4728     3.2827 0.0000e+00
     25.000     9.1852   3.537967    32.9691       4754     3.3005 0.0000e+00
     24.000     9.1637   3.533934    32.9476       4778     3.3172 0.0000e+00
     23.000     9.1239   3.529848    32.9426       4803     3.3349 0.0000e+00
     22.000     9.1369   3.529844    32.9310       4829     3.3528 0.0000e+00
     21.000     9.0853   3.524622    32.9249       4854     3.3702 0.0000e+00
     20.000     9.0108   3.515902    32.9037       4879     3.3878 0.0000e+00
     19.000     8.9505   3.509416    32.8925       4906     3.4065 0.0000e+00
     18.000     8.9614   3.509674    32.8856       4935     3.4264 0.0000e+00
     17.000     8.9132   3.504484    32.8766       4960     3.4438 0.0000e+00
     16.000     8.9070   3.503334    32.8708       4982     3.4593 0.0000e+00
     15.000     8.9070   3.502944    32.8673       5005     3.4749 0.0000e+00
     14.000     8.9085   3.502399    32.8606       5030     3.4924 0.0000e+00
     13.000     8.9851   3.504482    32.8120       5058     3.5116 0.0000e+00
     12.000     9.0313   3.505365    32.7790       5086     3.5312 0.0000e+00
     11.000     9.0695   3.506230    32.7532       5112     3.5492 0.0000e+00
     10.000     9.1352   3.508169    32.7133       5136     3.5657 0.0000e+00
      9.000     9.1730   3.509314    32.6910       5159     3.5817 0.0000e+00
      8.000     9.2146   3.510500    32.6656       5184     3.5990 0.0000e+00
      7.000     9.2479   3.511913    32.6502       5212     3.6190 0.0000e+00
      6.000     9.3095   3.513397    32.6096       5240     3.6383 0.0000e+00
      5.000     9.3257   3.514056    32.6021       5264     3.6548 0.0000e+00
      4.000     9.3618   3.515169    32.5811       5285     3.6694 0.0000e+00
      3.000     9.3716   3.515490    32.5759       5304     3.6826 0.0000e+00
      2.000     9.3757   3.515625    32.5740       5346     3.7121 0.0000e+00
