HB2402/ctd068.cnv
* Sea-Bird SBE 9 Data File:
* FileName = C:\cruise\data\ctd068.hex
* Software Version Seasave V 7.26.7.121
* Temperature SN = 5253
* Conductivity SN = 4421
* Number of Bytes Per Scan = 37
* Number of Voltage Words = 4
* Number of Scans Averaged by the Deck Unit = 1
* NMEA Latitude = 39 09.08 N
* NMEA Longitude = 072 53.15 W
* NMEA UTC (Time) = Mar 19 2024 03:55:41
* NMEA baud rate = 4800
** Ship: Bigelow HB2304
** Program:  Fall Bottom Trawl Survey
** Chief Scientist: John Galbraith
# nquan = 7
# nvalues = 163                         
# units = specified
# name 0 = depSM: Depth [salt water, m]
# name 1 = t090C: Temperature [ITS-90, deg C]
# name 2 = c0S/m: Conductivity [S/m]
# name 3 = sal00: Salinity, Practical [PSU]
# name 4 = scan: Scan Count
# name 5 = timeM: Time, Elapsed [minutes]
# name 6 = flag: flag
# span 0 =      1.000,     84.000       
# span 1 =     6.6448,     7.5814       
# span 2 =   3.254349,   3.384478       
# span 3 =    32.2207,    32.8207       
# span 4 =       -146,       5857       
# span 5 =    -0.1020,     4.0667       
# span 6 = 0.0000e+00, 0.0000e+00       
# interval = meters: 1                  
# start_time = Mar 19 2024 03:55:41 [NMEA time, header]
# bad_flag = -9.990e-29
*END*
      5.000     7.3497   3.305340    32.2207       -146    -0.1020 0.0000e+00
      6.000     7.3443   3.305194    32.2237        245     0.1692 0.0000e+00
      7.000     7.3376   3.304887    32.2261        385     0.2666 0.0000e+00
      8.000     7.3380   3.304946    32.2259        398     0.2756 0.0000e+00
      9.000     7.3387   3.305010    32.2255        431     0.2985 0.0000e+00
     10.000     7.3348   3.304769    32.2261        488     0.3379 0.0000e+00
     11.000     7.3403   3.305229    32.2254        519     0.3600 0.0000e+00
     12.000     7.3481   3.305901    32.2249        610     0.4230 0.0000e+00
     13.000     7.3426   3.305499    32.2253        688     0.4770 0.0000e+00
     14.000     7.3419   3.305487    32.2254        707     0.4905 0.0000e+00
     15.000     7.3428   3.305603    32.2253        743     0.5155 0.0000e+00
     16.000     7.3430   3.305667    32.2253        796     0.5519 0.0000e+00
     17.000     7.3439   3.305799    32.2254        814     0.5645 0.0000e+00
     18.000     7.3452   3.305950    32.2254        830     0.5758 0.0000e+00
     19.000     7.3454   3.306018    32.2255        846     0.5870 0.0000e+00
     20.000     7.3461   3.306098    32.2252        868     0.6017 0.0000e+00
     21.000     7.3326   3.305031    32.2258        916     0.6351 0.0000e+00
     22.000     7.3130   3.303721    32.2294        960     0.6659 0.0000e+00
     23.000     7.3139   3.303557    32.2263        977     0.6778 0.0000e+00
     24.000     7.1205   3.287904    32.2366        993     0.6891 0.0000e+00
     25.000     6.9938   3.278936    32.2571       1011     0.7015 0.0000e+00
     26.000     6.9395   3.275026    32.2649       1037     0.7191 0.0000e+00
     27.000     6.9481   3.275146    32.2576       1080     0.7495 0.0000e+00
     28.000     6.8173   3.265514    32.2747       1119     0.7761 0.0000e+00
     29.000     6.7751   3.262444    32.2802       1141     0.7915 0.0000e+00
     30.000     6.7425   3.260301    32.2870       1160     0.8047 0.0000e+00
     31.000     6.7132   3.258741    32.2970       1179     0.8180 0.0000e+00
     32.000     6.6847   3.257039    32.3046       1207     0.8373 0.0000e+00
     33.000     6.6581   3.255450    32.3118       1250     0.8671 0.0000e+00
     34.000     6.6458   3.254703    32.3147       1283     0.8905 0.0000e+00
     35.000     6.6454   3.254694    32.3146       1306     0.9063 0.0000e+00
     36.000     6.6455   3.254714    32.3142       1327     0.9210 0.0000e+00
     37.000     6.6456   3.254746    32.3139       1351     0.9376 0.0000e+00
     38.000     6.6457   3.254758    32.3135       1386     0.9616 0.0000e+00
     39.000     6.6455   3.254769    32.3134       1423     0.9877 0.0000e+00
     40.000     6.6448   3.254788    32.3137       1448     1.0051 0.0000e+00
     41.000     6.6472   3.255350    32.3171       1471     1.0207 0.0000e+00
     42.000     6.6677   3.257812    32.3243       1495     1.0378 0.0000e+00
     43.000     6.6746   3.258734    32.3275       1525     1.0585 0.0000e+00
     44.000     6.6666   3.258051    32.3271       1559     1.0822 0.0000e+00
     45.000     6.6682   3.258746    32.3328       1586     1.1008 0.0000e+00
     46.000     6.6762   3.259612    32.3342       1608     1.1156 0.0000e+00
     47.000     6.6762   3.259670    32.3344       1631     1.1321 0.0000e+00
     48.000     6.6760   3.259747    32.3349       1673     1.1609 0.0000e+00
     49.000     6.6760   3.259809    32.3351       1714     1.1896 0.0000e+00
     50.000     6.6757   3.259876    32.3356       1734     1.2032 0.0000e+00
     51.000     6.6753   3.259957    32.3364       1751     1.2156 0.0000e+00
     52.000     6.6762   3.260175    32.3375       1772     1.2300 0.0000e+00
     53.000     6.6763   3.260260    32.3379       1809     1.2552 0.0000e+00
     54.000     6.6764   3.260301    32.3378       1843     1.2789 0.0000e+00
     55.000     6.6757   3.260328    32.3382       1865     1.2941 0.0000e+00
     56.000     6.6765   3.260563    32.3396       1890     1.3118 0.0000e+00
     57.000     6.6829   3.261382    32.3421       1926     1.3369 0.0000e+00
     58.000     6.6879   3.262272    32.3466       1958     1.3594 0.0000e+00
     59.000     6.7014   3.264289    32.3556       1979     1.3737 0.0000e+00
     60.000     6.7171   3.267139    32.3716       2003     1.3902 0.0000e+00
     61.000     6.7465   3.271136    32.3873       2032     1.4103 0.0000e+00
     62.000     6.7642   3.273418    32.3950       2063     1.4323 0.0000e+00
     63.000     6.7882   3.276755    32.4085       2089     1.4499 0.0000e+00
     64.000     6.8389   3.284024    32.4399       2115     1.4678 0.0000e+00
     65.000     6.9229   3.294956    32.4796       2148     1.4913 0.0000e+00
     66.000     6.9606   3.299655    32.4949       2184     1.5158 0.0000e+00
     67.000     6.9925   3.304227    32.5141       2211     1.5344 0.0000e+00
     68.000     7.0340   3.310047    32.5380       2233     1.5498 0.0000e+00
     69.000     7.0777   3.315668    32.5574       2253     1.5642 0.0000e+00
     70.000     7.1078   3.320317    32.5791       2276     1.5797 0.0000e+00
     71.000     7.2620   3.340801    32.6556       2305     1.6002 0.0000e+00
     72.000     7.3238   3.348589    32.6812       2341     1.6250 0.0000e+00
     73.000     7.3345   3.350035    32.6863       2372     1.6465 0.0000e+00
     74.000     7.3427   3.351138    32.6900       2401     1.6666 0.0000e+00
     75.000     7.3433   3.351307    32.6907       2432     1.6879 0.0000e+00
     76.000     7.3444   3.351543    32.6918       2458     1.7064 0.0000e+00
     77.000     7.3598   3.353788    32.7011       2481     1.7221 0.0000e+00
     78.000     7.4249   3.362645    32.7349       2503     1.7378 0.0000e+00
     79.000     7.5028   3.373134    32.7741       2531     1.7568 0.0000e+00
     80.000     7.5362   3.377766    32.7921       2566     1.7810 0.0000e+00
     81.000     7.5610   3.381210    32.8052       2596     1.8023 0.0000e+00
     82.000     7.5574   3.380901    32.8048       2621     1.8197 0.0000e+00
     83.000     7.5735   3.383235    32.8144       2688     1.8659 0.0000e+00
     84.000     7.5814   3.384478    32.8197       2779     1.9290 0.0000e+00
     83.000     7.5809   3.384469    32.8207       2804     1.9463 0.0000e+00
     82.000     7.5605   3.381548    32.8089       3009     2.0886 0.0000e+00
     81.000     7.5634   3.381974    32.8112       3439     2.3875 0.0000e+00
     80.000     7.5380   3.378386    32.7970       3453     2.3974 0.0000e+00
     79.000     7.5217   3.376155    32.7888       3477     2.4138 0.0000e+00
     78.000     7.5185   3.375642    32.7867       3501     2.4303 0.0000e+00
     77.000     7.5083   3.374002    32.7792       3522     2.4454 0.0000e+00
     76.000     7.4577   3.367229    32.7544       3550     2.4645 0.0000e+00
     75.000     7.3988   3.359075    32.7224       3581     2.4863 0.0000e+00
     74.000     7.3576   3.353673    32.7034       3607     2.5044 0.0000e+00
     73.000     7.3494   3.352497    32.6988       3630     2.5204 0.0000e+00
     72.000     7.3471   3.352137    32.6976       3653     2.5358 0.0000e+00
     71.000     7.3432   3.351577    32.6957       3676     2.5518 0.0000e+00
     70.000     7.3353   3.350559    32.6926       3699     2.5680 0.0000e+00
     69.000     7.3216   3.348668    32.6856       3726     2.5870 0.0000e+00
     68.000     7.2874   3.344310    32.6711       3763     2.6124 0.0000e+00
     67.000     7.1844   3.330643    32.6205       3797     2.6364 0.0000e+00
     66.000     7.0943   3.318305    32.5719       3822     2.6535 0.0000e+00
     65.000     7.0821   3.316597    32.5653       3843     2.6683 0.0000e+00
     64.000     7.0621   3.313640    32.5524       3866     2.6842 0.0000e+00
     63.000     7.0015   3.305560    32.5221       3890     2.7005 0.0000e+00
     62.000     6.9712   3.301416    32.5060       3914     2.7173 0.0000e+00
     61.000     6.9558   3.299302    32.4979       3943     2.7373 0.0000e+00
     60.000     6.9353   3.296605    32.4883       3982     2.7645 0.0000e+00
     59.000     6.8790   3.289242    32.4614       4014     2.7867 0.0000e+00
     58.000     6.8392   3.283731    32.4392       4039     2.8041 0.0000e+00
     57.000     6.7883   3.276405    32.4075       4062     2.8200 0.0000e+00
     56.000     6.7654   3.273556    32.3983       4091     2.8401 0.0000e+00
     55.000     6.7314   3.268985    32.3808       4128     2.8663 0.0000e+00
     54.000     6.7108   3.265757    32.3652       4153     2.8835 0.0000e+00
     53.000     6.7056   3.264693    32.3589       4173     2.8971 0.0000e+00
     52.000     6.6958   3.263235    32.3527       4197     2.9138 0.0000e+00
     51.000     6.6857   3.261806    32.3470       4232     2.9380 0.0000e+00
     50.000     6.6801   3.260882    32.3425       4267     2.9625 0.0000e+00
     49.000     6.6763   3.260297    32.3402       4297     2.9835 0.0000e+00
     48.000     6.6769   3.260264    32.3397       4335     3.0098 0.0000e+00
     47.000     6.6764   3.260115    32.3391       4359     3.0264 0.0000e+00
     46.000     6.6766   3.259991    32.3380       4377     3.0390 0.0000e+00
     45.000     6.6765   3.259863    32.3372       4398     3.0535 0.0000e+00
     44.000     6.6766   3.259760    32.3365       4430     3.0756 0.0000e+00
     43.000     6.6769   3.259699    32.3359       4481     3.1111 0.0000e+00
     42.000     6.6768   3.259607    32.3355       4507     3.1294 0.0000e+00
     41.000     6.6769   3.259545    32.3352       4528     3.1439 0.0000e+00
     40.000     6.6758   3.259334    32.3345       4551     3.1599 0.0000e+00
     39.000     6.6696   3.258537    32.3320       4585     3.1836 0.0000e+00
     38.000     6.6689   3.258083    32.3281       4619     3.2072 0.0000e+00
     37.000     6.6675   3.257537    32.3239       4647     3.2261 0.0000e+00
     36.000     6.6540   3.255785    32.3179       4674     3.2454 0.0000e+00
     35.000     6.6468   3.254784    32.3141       4702     3.2643 0.0000e+00
     34.000     6.6455   3.254484    32.3125       4727     3.2819 0.0000e+00
     33.000     6.6455   3.254414    32.3122       4758     3.3032 0.0000e+00
     32.000     6.6455   3.254349    32.3120       4801     3.3334 0.0000e+00
     31.000     6.6471   3.254362    32.3112       4829     3.3531 0.0000e+00
     30.000     6.6519   3.254619    32.3099       4848     3.3662 0.0000e+00
     29.000     6.6592   3.255038    32.3081       4867     3.3792 0.0000e+00
     28.000     6.6665   3.255379    32.3055       4890     3.3955 0.0000e+00
     27.000     6.6848   3.256424    32.3002       4930     3.4230 0.0000e+00
     26.000     6.7183   3.258324    32.2900       4965     3.4471 0.0000e+00
     25.000     6.7744   3.262065    32.2786       4989     3.4636 0.0000e+00
     24.000     6.8447   3.266962    32.2666       5012     3.4799 0.0000e+00
     23.000     6.9129   3.272095    32.2592       5041     3.4997 0.0000e+00
     22.000     7.0155   3.279765    32.2472       5075     3.5237 0.0000e+00
     21.000     7.1271   3.288189    32.2349       5103     3.5431 0.0000e+00
     20.000     7.2183   3.295334    32.2278       5126     3.5592 0.0000e+00
     19.000     7.2592   3.298634    32.2259       5152     3.5771 0.0000e+00
     18.000     7.2804   3.300248    32.2240       5185     3.5999 0.0000e+00
     17.000     7.2989   3.301765    32.2238       5211     3.6184 0.0000e+00
     16.000     7.3157   3.303084    32.2228       5233     3.6333 0.0000e+00
     15.000     7.3242   3.303798    32.2230       5255     3.6488 0.0000e+00
     14.000     7.3298   3.304248    32.2231       5286     3.6698 0.0000e+00
     13.000     7.3359   3.304749    32.2234       5321     3.6946 0.0000e+00
     12.000     7.3404   3.305073    32.2231       5350     3.7147 0.0000e+00
     11.000     7.3399   3.305015    32.2235       5377     3.7332 0.0000e+00
     10.000     7.3388   3.304924    32.2240       5399     3.7488 0.0000e+00
      9.000     7.3324   3.304414    32.2250       5419     3.7626 0.0000e+00
      8.000     7.3257   3.303869    32.2258       5441     3.7780 0.0000e+00
      7.000     7.3334   3.304431    32.2251       5479     3.8045 0.0000e+00
      6.000     7.3349   3.304510    32.2251       5512     3.8270 0.0000e+00
      5.000     7.3379   3.304697    32.2247       5531     3.8400 0.0000e+00
      4.000     7.3383   3.304725    32.2252       5548     3.8519 0.0000e+00
      3.000     7.3381   3.304714    32.2257       5831     4.0487 0.0000e+00
      2.000     7.3382   3.304685    32.2258       5832     4.0494 0.0000e+00
      1.000     7.3388   3.304734    32.2262       5857     4.0667 0.0000e+00
