HB2402/ctd034.cnv
* Sea-Bird SBE 9 Data File:
* FileName = C:\cruise\data\ctd034.hex
* Software Version Seasave V 7.26.7.121
* Temperature SN = 5253
* Conductivity SN = 4421
* Number of Bytes Per Scan = 37
* Number of Voltage Words = 4
* Number of Scans Averaged by the Deck Unit = 1
* NMEA Latitude = 35 05.94 N
* NMEA Longitude = 075 13.84 W
* NMEA UTC (Time) = Mar 13 2024 14:41:56
* NMEA baud rate = 4800
** Ship: Bigelow HB2304
** Program:  Fall Bottom Trawl Survey
** Chief Scientist: John Galbraith
# nquan = 7
# nvalues = 161                         
# units = specified
# name 0 = depSM: Depth [salt water, m]
# name 1 = t090C: Temperature [ITS-90, deg C]
# name 2 = c0S/m: Conductivity [S/m]
# name 3 = sal00: Salinity, Practical [PSU]
# name 4 = scan: Scan Count
# name 5 = timeM: Time, Elapsed [minutes]
# name 6 = flag: flag
# span 0 =      1.000,     82.000       
# span 1 =    14.2090,    20.9160       
# span 2 =   3.831806,   5.055569       
# span 3 =    31.4755,    36.3870       
# span 4 =       -235,       4991       
# span 5 =    -0.1641,     3.4651       
# span 6 = 0.0000e+00, 0.0000e+00       
# interval = meters: 1                  
# start_time = Mar 13 2024 14:41:56 [NMEA time, header]
# bad_flag = -9.990e-29
*END*
      3.000    14.4790   3.857440    31.4956       -235    -0.1641 0.0000e+00
      4.000    15.1003   3.999601    32.2640        254     0.1757 0.0000e+00
      5.000    15.6759   4.096371    32.6518        236     0.1631 0.0000e+00
      6.000    16.6412   4.262959    33.3222        261     0.1805 0.0000e+00
      7.000    17.2785   4.377861    33.7869        284     0.1968 0.0000e+00
      8.000    18.0282   4.516498    34.3476        310     0.2147 0.0000e+00
      9.000    18.7033   4.640867    34.8309        336     0.2326 0.0000e+00
     10.000    18.9503   4.683116    34.9764        361     0.2503 0.0000e+00
     11.000    19.2711   4.747225    35.2395        387     0.2684 0.0000e+00
     12.000    19.5587   4.804170    35.4686        415     0.2874 0.0000e+00
     13.000    19.8113   4.849589    35.6293        443     0.3069 0.0000e+00
     14.000    19.9372   4.874003    35.7230        469     0.3249 0.0000e+00
     15.000    20.0681   4.900451    35.8287        494     0.3427 0.0000e+00
     16.000    20.1131   4.912801    35.8914        519     0.3600 0.0000e+00
     17.000    20.1044   4.913783    35.9065        545     0.3777 0.0000e+00
     18.000    20.1092   4.915470    35.9159        573     0.3970 0.0000e+00
     19.000    20.1153   4.917069    35.9235        601     0.4164 0.0000e+00
     20.000    20.1428   4.923494    35.9523        626     0.4342 0.0000e+00
     21.000    20.1704   4.929634    35.9788        650     0.4507 0.0000e+00
     22.000    20.1962   4.935720    36.0063        674     0.4673 0.0000e+00
     23.000    20.2108   4.939234    36.0222        700     0.4856 0.0000e+00
     24.000    20.2455   4.945857    36.0465        730     0.5061 0.0000e+00
     25.000    20.2810   4.950896    36.0570        760     0.5269 0.0000e+00
     26.000    20.4716   4.982200    36.1495        787     0.5457 0.0000e+00
     27.000    20.5757   4.997837    36.1877        812     0.5633 0.0000e+00
     28.000    20.6124   5.003743    36.2040        838     0.5810 0.0000e+00
     29.000    20.6784   5.014796    36.2371        864     0.5995 0.0000e+00
     30.000    20.7134   5.020185    36.2507        893     0.6191 0.0000e+00
     31.000    20.7192   5.021354    36.2548        919     0.6376 0.0000e+00
     32.000    20.7513   5.026716    36.2706        944     0.6546 0.0000e+00
     33.000    20.7795   5.031604    36.2857        968     0.6713 0.0000e+00
     34.000    20.8683   5.045656    36.3234        994     0.6898 0.0000e+00
     35.000    20.8893   5.049119    36.3332       1024     0.7104 0.0000e+00
     36.000    20.8823   5.048608    36.3346       1052     0.7300 0.0000e+00
     37.000    20.9031   5.052516    36.3482       1079     0.7483 0.0000e+00
     38.000    20.9132   5.054209    36.3529       1106     0.7677 0.0000e+00
     39.000    20.9157   5.054758    36.3548       1133     0.7862 0.0000e+00
     40.000    20.9160   5.055037    36.3564       1159     0.8044 0.0000e+00
     41.000    20.9017   5.053205    36.3535       1185     0.8225 0.0000e+00
     42.000    20.8968   5.052977    36.3554       1213     0.8418 0.0000e+00
     43.000    20.8988   5.053413    36.3569       1241     0.8608 0.0000e+00
     44.000    20.9112   5.055569    36.3634       1267     0.8789 0.0000e+00
     45.000    20.9071   5.055240    36.3638       1292     0.8963 0.0000e+00
     46.000    20.8937   5.053662    36.3622       1317     0.9139 0.0000e+00
     47.000    20.8836   5.052710    36.3627       1345     0.9332 0.0000e+00
     48.000    20.8865   5.053457    36.3659       1374     0.9538 0.0000e+00
     49.000    20.8841   5.053275    36.3662       1403     0.9733 0.0000e+00
     50.000    20.8726   5.053218    36.3751       1429     0.9914 0.0000e+00
     51.000    20.7965   5.045731    36.3792       1455     1.0101 0.0000e+00
     52.000    20.7460   5.040829    36.3823       1483     1.0290 0.0000e+00
     53.000    20.6563   5.031292    36.3813       1510     1.0481 0.0000e+00
     54.000    20.5951   5.024878    36.3813       1537     1.0669 0.0000e+00
     55.000    20.5439   5.019640    36.3822       1563     1.0844 0.0000e+00
     56.000    20.5455   5.019858    36.3823       1587     1.1014 0.0000e+00
     57.000    20.5412   5.019361    36.3815       1614     1.1199 0.0000e+00
     58.000    20.5374   5.018947    36.3811       1644     1.1407 0.0000e+00
     59.000    20.5339   5.018631    36.3812       1673     1.1610 0.0000e+00
     60.000    20.5314   5.018346    36.3806       1698     1.1787 0.0000e+00
     61.000    20.4911   5.013952    36.3790       1723     1.1961 0.0000e+00
     62.000    20.4555   5.010575    36.3817       1751     1.2151 0.0000e+00
     63.000    20.4471   5.009720    36.3815       1782     1.2365 0.0000e+00
     64.000    20.4191   5.006695    36.3806       1810     1.2561 0.0000e+00
     65.000    20.3620   5.000911    36.3821       1835     1.2733 0.0000e+00
     66.000    20.2972   4.994241    36.3830       1858     1.2897 0.0000e+00
     67.000    20.2586   4.990669    36.3866       1883     1.3070 0.0000e+00
     68.000    20.2297   4.987262    36.3832       1911     1.3260 0.0000e+00
     69.000    20.1640   4.980850    36.3870       1940     1.3468 0.0000e+00
     70.000    20.1362   4.977795    36.3855       1967     1.3656 0.0000e+00
     71.000    20.1115   4.975325    36.3862       1991     1.3821 0.0000e+00
     72.000    20.0944   4.973552    36.3860       2015     1.3989 0.0000e+00
     73.000    20.0698   4.970978    36.3858       2045     1.4192 0.0000e+00
     74.000    20.0620   4.970265    36.3863       2079     1.4428 0.0000e+00
     75.000    20.0684   4.970912    36.3857       2106     1.4621 0.0000e+00
     76.000    20.0517   4.968979    36.3838       2129     1.4776 0.0000e+00
     77.000    20.0298   4.966912    36.3854       2149     1.4920 0.0000e+00
     78.000    19.9823   4.961744    36.3835       2172     1.5074 0.0000e+00
     79.000    19.9404   4.957706    36.3862       2199     1.5265 0.0000e+00
     80.000    19.9137   4.955001    36.3866       2233     1.5500 0.0000e+00
     81.000    19.9035   4.953898    36.3860       2286     1.5867 0.0000e+00
     82.000    19.8931   4.952603    36.3839       2666     1.8508 0.0000e+00
     81.000    19.9189   4.955237    36.3837       2903     2.0156 0.0000e+00
     80.000    19.9073   4.954045    36.3843       2718     1.8869 0.0000e+00
     79.000    19.9078   4.954070    36.3844       2744     1.9051 0.0000e+00
     78.000    19.9360   4.956715    36.3822       2768     1.9215 0.0000e+00
     77.000    19.9801   4.961134    36.3808       2790     1.9368 0.0000e+00
     76.000    19.9975   4.962908    36.3807       2814     1.9536 0.0000e+00
     75.000    19.9814   4.961366    36.3823       2843     1.9738 0.0000e+00
     74.000    19.9837   4.961487    36.3817       2873     1.9944 0.0000e+00
     73.000    20.0367   4.966856    36.3805       2898     2.0117 0.0000e+00
     72.000    20.0696   4.970227    36.3801       2921     2.0277 0.0000e+00
     71.000    20.0829   4.971859    36.3824       2945     2.0446 0.0000e+00
     70.000    20.0816   4.971648    36.3821       2974     2.0643 0.0000e+00
     69.000    20.0944   4.972823    36.3811       3004     2.0852 0.0000e+00
     68.000    20.1140   4.974917    36.3818       3029     2.1027 0.0000e+00
     67.000    20.1572   4.979004    36.3784       3051     2.1183 0.0000e+00
     66.000    20.1959   4.983132    36.3792       3075     2.1345 0.0000e+00
     65.000    20.2034   4.983861    36.3792       3101     2.1527 0.0000e+00
     64.000    20.2569   4.988278    36.3696       3130     2.1730 0.0000e+00
     63.000    20.3382   4.997567    36.3759       3157     2.1918 0.0000e+00
     62.000    20.4233   5.006130    36.3731       3181     2.2086 0.0000e+00
     61.000    20.4521   5.009254    36.3742       3205     2.2249 0.0000e+00
     60.000    20.4760   5.011839    36.3751       3231     2.2428 0.0000e+00
     59.000    20.4534   5.009686    36.3773       3259     2.2627 0.0000e+00
     58.000    20.4745   5.011827    36.3771       3287     2.2817 0.0000e+00
     57.000    20.5002   5.014496    36.3771       3311     2.2985 0.0000e+00
     56.000    20.5412   5.018841    36.3777       3336     2.3156 0.0000e+00
     55.000    20.5698   5.021547    36.3755       3360     2.3327 0.0000e+00
     54.000    20.6257   5.027380    36.3754       3386     2.3506 0.0000e+00
     53.000    20.6550   5.030794    36.3784       3412     2.3689 0.0000e+00
     52.000    20.6934   5.034663    36.3773       3440     2.3880 0.0000e+00
     51.000    20.7358   5.038693    36.3741       3467     2.4068 0.0000e+00
     50.000    20.7886   5.044388    36.3755       3492     2.4241 0.0000e+00
     49.000    20.8401   5.049221    36.3709       3516     2.4410 0.0000e+00
     48.000    20.8574   5.050595    36.3677       3541     2.4582 0.0000e+00
     47.000    20.8684   5.051588    36.3667       3567     2.4767 0.0000e+00
     46.000    20.8723   5.051947    36.3665       3594     2.4949 0.0000e+00
     45.000    20.8747   5.052048    36.3657       3619     2.5124 0.0000e+00
     44.000    20.8751   5.051871    36.3643       3644     2.5298 0.0000e+00
     43.000    20.8742   5.051595    36.3632       3671     2.5484 0.0000e+00
     42.000    20.8734   5.051203    36.3610       3698     2.5671 0.0000e+00
     41.000    20.8692   5.050064    36.3558       3724     2.5853 0.0000e+00
     40.000    20.8663   5.049205    36.3517       3750     2.6033 0.0000e+00
     39.000    20.8667   5.048732    36.3479       3775     2.6210 0.0000e+00
     38.000    20.8697   5.048693    36.3454       3800     2.6382 0.0000e+00
     37.000    20.8745   5.048919    36.3434       3826     2.6563 0.0000e+00
     36.000    20.8811   5.049253    36.3409       3854     2.6757 0.0000e+00
     35.000    20.8831   5.049364    36.3405       3881     2.6947 0.0000e+00
     34.000    20.8852   5.049516    36.3403       3906     2.7115 0.0000e+00
     33.000    20.8836   5.049149    36.3390       3928     2.7271 0.0000e+00
     32.000    20.8755   5.047729    36.3348       3952     2.7438 0.0000e+00
     31.000    20.8188   5.038627    36.3098       3980     2.7631 0.0000e+00
     30.000    20.7630   5.029635    36.2850       4009     2.7836 0.0000e+00
     29.000    20.7246   5.023540    36.2686       4037     2.8025 0.0000e+00
     28.000    20.6975   5.019182    36.2568       4062     2.8201 0.0000e+00
     27.000    20.6595   5.013227    36.2412       4088     2.8381 0.0000e+00
     26.000    20.6158   5.005785    36.2184       4115     2.8568 0.0000e+00
     25.000    20.5633   4.997386    36.1953       4141     2.8748 0.0000e+00
     24.000    20.5166   4.989307    36.1697       4165     2.8918 0.0000e+00
     23.000    20.4353   4.976420    36.1345       4190     2.9090 0.0000e+00
     22.000    20.3649   4.965483    36.1057       4216     2.9270 0.0000e+00
     21.000    20.2601   4.948591    36.0575       4243     2.9456 0.0000e+00
     20.000    20.2289   4.942222    36.0323       4268     2.9635 0.0000e+00
     19.000    20.2112   4.938337    36.0160       4294     2.9810 0.0000e+00
     18.000    20.1810   4.932571    35.9949       4319     2.9989 0.0000e+00
     17.000    20.1601   4.927749    35.9736       4347     3.0178 0.0000e+00
     16.000    20.1326   4.922194    35.9518       4374     3.0371 0.0000e+00
     15.000    20.1231   4.919191    35.9357       4401     3.0557 0.0000e+00
     14.000    20.1152   4.916034    35.9169       4427     3.0734 0.0000e+00
     13.000    20.0880   4.908499    35.8785       4451     3.0902 0.0000e+00
     12.000    20.0207   4.893399    35.8122       4475     3.1070 0.0000e+00
     11.000    19.9341   4.875769    35.7413       4500     3.1241 0.0000e+00
     10.000    19.7969   4.849921    35.6453       4524     3.1410 0.0000e+00
      9.000    19.4508   4.785708    35.4084       4549     3.1581 0.0000e+00
      8.000    19.1631   4.731057    35.1977       4574     3.1756 0.0000e+00
      7.000    18.9553   4.687304    35.0083       4601     3.1944 0.0000e+00
      6.000    18.4461   4.592159    34.6370       4629     3.2137 0.0000e+00
      5.000    17.7301   4.463918    34.1491       4654     3.2312 0.0000e+00
      4.000    17.1136   4.348823    33.6754       4677     3.2471 0.0000e+00
      3.000    15.7480   4.101430    32.6392       4819     3.3459 0.0000e+00
      2.000    14.3894   3.862569    31.6098       4961     3.4445 0.0000e+00
      1.000    14.2090   3.831806    31.4755       4991     3.4651 0.0000e+00
