HB2402/ctd059.cnv
* Sea-Bird SBE 9 Data File:
* FileName = C:\cruise\data\ctd059.hex
* Software Version Seasave V 7.26.7.121
* Temperature SN = 5253
* Conductivity SN = 4421
* Number of Bytes Per Scan = 37
* Number of Voltage Words = 4
* Number of Scans Averaged by the Deck Unit = 1
* NMEA Latitude = 38 19.66 N
* NMEA Longitude = 073 53.25 W
* NMEA UTC (Time) = Mar 17 2024 15:53:47
* NMEA baud rate = 4800
** Ship: Bigelow HB2304
** Program:  Fall Bottom Trawl Survey
** Chief Scientist: John Galbraith
# nquan = 7
# nvalues = 132                         
# units = specified
# name 0 = depSM: Depth [salt water, m]
# name 1 = t090C: Temperature [ITS-90, deg C]
# name 2 = c0S/m: Conductivity [S/m]
# name 3 = sal00: Salinity, Practical [PSU]
# name 4 = scan: Scan Count
# name 5 = timeM: Time, Elapsed [minutes]
# name 6 = flag: flag
# span 0 =      2.000,     68.000       
# span 1 =     7.4372,     8.5037       
# span 2 =   3.341070,   3.492972       
# span 3 =    32.2482,    33.1150       
# span 4 =          3,       5030       
# span 5 =     0.0016,     3.4926       
# span 6 = 0.0000e+00, 0.0000e+00       
# interval = meters: 1                  
# start_time = Mar 17 2024 15:53:47 [NMEA time, header]
# bad_flag = -9.990e-29
*END*
      3.000     7.8949   3.355041    32.2496          3     0.0016 0.0000e+00
      4.000     7.8885   3.354542    32.2497        302     0.2089 0.0000e+00
      5.000     7.8837   3.354184    32.2499        323     0.2238 0.0000e+00
      6.000     7.8763   3.353540    32.2494        357     0.2470 0.0000e+00
      7.000     7.8712   3.353187    32.2499        385     0.2663 0.0000e+00
      8.000     7.8623   3.352502    32.2503        409     0.2833 0.0000e+00
      9.000     7.8648   3.352652    32.2492        433     0.2999 0.0000e+00
     10.000     7.8595   3.352404    32.2509        457     0.3165 0.0000e+00
     11.000     7.8611   3.352575    32.2508        481     0.3335 0.0000e+00
     12.000     7.8599   3.352613    32.2519        508     0.3518 0.0000e+00
     13.000     7.8600   3.352680    32.2520        536     0.3717 0.0000e+00
     14.000     7.8557   3.352481    32.2534        565     0.3917 0.0000e+00
     15.000     7.8582   3.352540    32.2513        594     0.4118 0.0000e+00
     16.000     7.8567   3.352610    32.2529        620     0.4301 0.0000e+00
     17.000     7.8552   3.352662    32.2544        644     0.4464 0.0000e+00
     18.000     7.8555   3.352722    32.2543        667     0.4623 0.0000e+00
     19.000     7.8547   3.352819    32.2556        692     0.4796 0.0000e+00
     20.000     7.8541   3.353087    32.2586        722     0.5004 0.0000e+00
     21.000     7.8527   3.353481    32.2636        753     0.5222 0.0000e+00
     22.000     7.8527   3.354172    32.2706        779     0.5400 0.0000e+00
     23.000     7.8531   3.354967    32.2781        801     0.5554 0.0000e+00
     24.000     7.8520   3.356638    32.2966        825     0.5722 0.0000e+00
     25.000     7.8421   3.359544    32.3363        857     0.5945 0.0000e+00
     26.000     7.8228   3.360288    32.3617        891     0.6178 0.0000e+00
     27.000     7.7600   3.359378    32.4098        914     0.6342 0.0000e+00
     28.000     7.6482   3.351314    32.4270        935     0.6490 0.0000e+00
     29.000     7.5149   3.343912    32.4714        960     0.6656 0.0000e+00
     30.000     7.4372   3.341070    32.5131        990     0.6866 0.0000e+00
     31.000     7.4450   3.343209    32.5284       1020     0.7077 0.0000e+00
     32.000     7.4580   3.347362    32.5605       1047     0.7263 0.0000e+00
     33.000     7.4732   3.351783    32.5934       1072     0.7439 0.0000e+00
     34.000     7.4982   3.356023    32.6152       1099     0.7626 0.0000e+00
     35.000     7.5674   3.367372    32.6719       1128     0.7829 0.0000e+00
     36.000     7.6834   3.385890    32.7615       1157     0.8025 0.0000e+00
     37.000     7.7221   3.392504    32.7955       1181     0.8198 0.0000e+00
     38.000     7.7505   3.397044    32.8170       1209     0.8389 0.0000e+00
     39.000     7.7940   3.403429    32.8440       1239     0.8594 0.0000e+00
     40.000     7.8259   3.407594    32.8581       1266     0.8786 0.0000e+00
     41.000     7.8686   3.413436    32.8799       1291     0.8959 0.0000e+00
     42.000     7.9024   3.417848    32.8948       1316     0.9131 0.0000e+00
     43.000     7.9337   3.422146    32.9107       1342     0.9310 0.0000e+00
     44.000     7.9650   3.426195    32.9240       1372     0.9520 0.0000e+00
     45.000     7.9657   3.426740    32.9287       1403     0.9739 0.0000e+00
     46.000     7.9672   3.427336    32.9331       1430     0.9921 0.0000e+00
     47.000     7.9869   3.430106    32.9437       1455     1.0094 0.0000e+00
     48.000     8.0340   3.435493    32.9563       1481     1.0280 0.0000e+00
     49.000     8.0504   3.437485    32.9616       1509     1.0474 0.0000e+00
     50.000     8.0492   3.437523    32.9626       1538     1.0672 0.0000e+00
     51.000     8.0484   3.437649    32.9642       1566     1.0870 0.0000e+00
     52.000     8.0524   3.438758    32.9719       1594     1.1059 0.0000e+00
     53.000     8.0616   3.440421    32.9804       1620     1.1242 0.0000e+00
     54.000     8.0834   3.442949    32.9863       1647     1.1429 0.0000e+00
     55.000     8.0961   3.444867    32.9943       1675     1.1624 0.0000e+00
     56.000     8.2420   3.462416    33.0429       1701     1.1808 0.0000e+00
     57.000     8.3525   3.474782    33.0694       1727     1.1988 0.0000e+00
     58.000     8.4058   3.481011    33.0847       1756     1.2187 0.0000e+00
     59.000     8.4349   3.484321    33.0918       1787     1.2406 0.0000e+00
     60.000     8.4630   3.487625    33.0999       1815     1.2598 0.0000e+00
     61.000     8.4694   3.488411    33.1017       1840     1.2769 0.0000e+00
     62.000     8.4725   3.488854    33.1029       1866     1.2952 0.0000e+00
     63.000     8.4726   3.488980    33.1037       1895     1.3156 0.0000e+00
     64.000     8.4731   3.489090    33.1040       1923     1.3349 0.0000e+00
     65.000     8.4734   3.489147    33.1038       1947     1.3517 0.0000e+00
     66.000     8.4736   3.489229    33.1040       1973     1.3694 0.0000e+00
     67.000     8.4746   3.489394    33.1043       2003     1.3905 0.0000e+00
     68.000     8.5009   3.492788    33.1150       3293     2.2859 0.0000e+00
     67.000     8.5037   3.492972    33.1148       3434     2.3843 0.0000e+00
     66.000     8.5016   3.492695    33.1142       3335     2.3155 0.0000e+00
     65.000     8.5013   3.492623    33.1142       3365     2.3359 0.0000e+00
     64.000     8.4998   3.492428    33.1141       3392     2.3547 0.0000e+00
     63.000     8.4995   3.492352    33.1140       3417     2.3722 0.0000e+00
     62.000     8.5005   3.492418    33.1142       3441     2.3890 0.0000e+00
     61.000     8.5009   3.492432    33.1145       3464     2.4050 0.0000e+00
     60.000     8.5018   3.492491    33.1147       3488     2.4216 0.0000e+00
     59.000     8.5024   3.492530    33.1150       3514     2.4398 0.0000e+00
     58.000     8.5012   3.492358    33.1148       3544     2.4606 0.0000e+00
     57.000     8.4938   3.491538    33.1136       3574     2.4809 0.0000e+00
     56.000     8.4781   3.489693    33.1093       3599     2.4986 0.0000e+00
     55.000     8.4475   3.486126    33.1009       3624     2.5157 0.0000e+00
     54.000     8.4121   3.482027    33.0914       3648     2.5329 0.0000e+00
     53.000     8.3819   3.478685    33.0849       3672     2.5496 0.0000e+00
     52.000     8.2998   3.468997    33.0601       3698     2.5671 0.0000e+00
     51.000     8.1944   3.456333    33.0255       3728     2.5881 0.0000e+00
     50.000     8.1367   3.449148    33.0039       3760     2.6106 0.0000e+00
     49.000     8.0741   3.441484    32.9818       3786     2.6283 0.0000e+00
     48.000     8.0304   3.435557    32.9604       3808     2.6436 0.0000e+00
     47.000     7.9869   3.429961    32.9421       3830     2.6587 0.0000e+00
     46.000     7.9662   3.427018    32.9307       3854     2.6760 0.0000e+00
     45.000     7.9424   3.423544    32.9165       3885     2.6972 0.0000e+00
     44.000     7.9003   3.418141    32.8989       3918     2.7199 0.0000e+00
     43.000     7.8616   3.412439    32.8749       3943     2.7372 0.0000e+00
     42.000     7.8141   3.406360    32.8551       3965     2.7525 0.0000e+00
     41.000     7.7768   3.401216    32.8356       3987     2.7680 0.0000e+00
     40.000     7.7307   3.393805    32.8000       4015     2.7872 0.0000e+00
     39.000     7.6352   3.378473    32.7256       4052     2.8130 0.0000e+00
     38.000     7.5188   3.360706    32.6444       4081     2.8334 0.0000e+00
     37.000     7.4668   3.351949    32.5994       4103     2.8488 0.0000e+00
     36.000     7.4496   3.347894    32.5722       4123     2.8627 0.0000e+00
     35.000     7.4421   3.344790    32.5462       4145     2.8777 0.0000e+00
     34.000     7.4600   3.342568    32.5059       4172     2.8965 0.0000e+00
     33.000     7.5324   3.345896    32.4746       4205     2.9191 0.0000e+00
     32.000     7.6658   3.353022    32.4270       4233     2.9390 0.0000e+00
     31.000     7.7184   3.356427    32.4150       4258     2.9560 0.0000e+00
     30.000     7.7490   3.358476    32.4090       4283     2.9734 0.0000e+00
     29.000     7.7827   3.360099    32.3954       4309     2.9914 0.0000e+00
     28.000     7.8120   3.359943    32.3670       4335     3.0099 0.0000e+00
     27.000     7.8341   3.358814    32.3350       4362     3.0285 0.0000e+00
     26.000     7.8471   3.357313    32.3074       4389     3.0475 0.0000e+00
     25.000     7.8512   3.355921    32.2892       4417     3.0667 0.0000e+00
     24.000     7.8530   3.355009    32.2783       4444     3.0852 0.0000e+00
     23.000     7.8537   3.354627    32.2741       4468     3.1022 0.0000e+00
     22.000     7.8539   3.354348    32.2713       4493     3.1193 0.0000e+00
     21.000     7.8536   3.354124    32.2697       4519     3.1374 0.0000e+00
     20.000     7.8534   3.353848    32.2674       4545     3.1556 0.0000e+00
     19.000     7.8537   3.353556    32.2644       4570     3.1732 0.0000e+00
     18.000     7.8539   3.353285    32.2618       4597     3.1916 0.0000e+00
     17.000     7.8543   3.353046    32.2594       4626     3.2115 0.0000e+00
     16.000     7.8542   3.352913    32.2585       4656     3.2327 0.0000e+00
     15.000     7.8562   3.352768    32.2556       4682     3.2506 0.0000e+00
     14.000     7.8588   3.352721    32.2531       4703     3.2655 0.0000e+00
     13.000     7.8610   3.352806    32.2525       4724     3.2797 0.0000e+00
     12.000     7.8641   3.352891    32.2509       4750     3.2977 0.0000e+00
     11.000     7.8669   3.352949    32.2494       4783     3.3208 0.0000e+00
     10.000     7.8721   3.353286    32.2487       4810     3.3395 0.0000e+00
      9.000     7.8818   3.354069    32.2486       4831     3.3545 0.0000e+00
      8.000     7.8849   3.354283    32.2484       4851     3.3680 0.0000e+00
      7.000     7.8895   3.354620    32.2482       4872     3.3828 0.0000e+00
      6.000     7.8908   3.354691    32.2483       4904     3.4047 0.0000e+00
      5.000     7.8905   3.354634    32.2484       4944     3.4325 0.0000e+00
      4.000     7.8910   3.354632    32.2484       4967     3.4486 0.0000e+00
      3.000     7.8913   3.354679    32.2491       4993     3.4666 0.0000e+00
      2.000     7.8887   3.354434    32.2494       5030     3.4926 0.0000e+00
