HB2402/ctd083.cnv
* Sea-Bird SBE 9 Data File:
* FileName = C:\cruise\data\ctd083.hex
* Software Version Seasave V 7.26.7.121
* Temperature SN = 5253
* Conductivity SN = 4421
* Number of Bytes Per Scan = 37
* Number of Voltage Words = 4
* Number of Scans Averaged by the Deck Unit = 1
* NMEA Latitude = 40 16.53 N
* NMEA Longitude = 073 40.43 W
* NMEA UTC (Time) = Mar 21 2024 22:38:13
* NMEA baud rate = 4800
** Ship: Bigelow HB2304
** Program:  Fall Bottom Trawl Survey
** Chief Scientist: John Galbraith
# nquan = 7
# nvalues = 40                          
# units = specified
# name 0 = depSM: Depth [salt water, m]
# name 1 = t090C: Temperature [ITS-90, deg C]
# name 2 = c0S/m: Conductivity [S/m]
# name 3 = sal00: Salinity, Practical [PSU]
# name 4 = scan: Scan Count
# name 5 = timeM: Time, Elapsed [minutes]
# name 6 = flag: flag
# span 0 =      3.000,     23.000       
# span 1 =     6.8825,     7.4189       
# span 2 =   2.946856,   3.262726       
# span 3 =    28.7660,    32.0543       
# span 4 =        157,       2016       
# span 5 =     0.1084,     1.3993       
# span 6 = 0.0000e+00, 0.0000e+00       
# interval = meters: 1                  
# start_time = Mar 21 2024 22:38:13 [NMEA time, header]
# bad_flag = -9.990e-29
*END*
      4.000     6.8825   2.946856    28.7660        157     0.1084 0.0000e+00
      5.000     6.8825   2.951261    28.8131        261     0.1808 0.0000e+00
      6.000     6.8874   2.953197    28.8294        282     0.1950 0.0000e+00
      7.000     6.8875   2.953828    28.8356        307     0.2123 0.0000e+00
      8.000     6.8875   2.954889    28.8466        331     0.2292 0.0000e+00
      9.000     6.8884   2.955560    28.8527        357     0.2470 0.0000e+00
     10.000     6.9053   2.958220    28.8668        384     0.2662 0.0000e+00
     11.000     6.9368   2.966367    28.9276        412     0.2856 0.0000e+00
     12.000     6.9767   2.976756    29.0054        439     0.3043 0.0000e+00
     13.000     6.9856   2.982860    29.0631        465     0.3222 0.0000e+00
     14.000     6.9901   2.988227    29.1165        490     0.3396 0.0000e+00
     15.000     7.0103   2.997067    29.1941        516     0.3577 0.0000e+00
     16.000     7.0646   3.017905    29.3716        543     0.3764 0.0000e+00
     17.000     7.2687   3.062397    29.6740        571     0.3958 0.0000e+00
     18.000     7.4189   3.113943    30.0956        598     0.4145 0.0000e+00
     19.000     7.4007   3.155507    30.5558        624     0.4325 0.0000e+00
     20.000     7.4137   3.196044    30.9785        649     0.4497 0.0000e+00
     21.000     7.3790   3.226872    31.3405        675     0.4678 0.0000e+00
     22.000     7.2136   3.253242    31.7756        704     0.4884 0.0000e+00
     23.000     7.0220   3.262726    32.0543       1018     0.7064 0.0000e+00
     22.000     7.1226   3.258585    31.9172       1831     1.2711 0.0000e+00
     21.000     7.2260   3.252160    31.7527       1504     1.0437 0.0000e+00
     20.000     7.3476   3.234690    31.4535       1532     1.0629 0.0000e+00
     19.000     7.3996   3.214253    31.1871       1557     1.0808 0.0000e+00
     18.000     7.3998   3.172563    30.7399       1580     1.0965 0.0000e+00
     17.000     7.4103   3.143475    30.4194       1603     1.1123 0.0000e+00
     16.000     7.3795   3.110015    30.0886       1629     1.1305 0.0000e+00
     15.000     7.2027   3.058123    29.6855       1657     1.1499 0.0000e+00
     14.000     7.0726   3.017624    29.3626       1682     1.1671 0.0000e+00
     13.000     7.0127   2.995961    29.1810       1706     1.1837 0.0000e+00
     12.000     6.9967   2.987748    29.1067       1732     1.2021 0.0000e+00
     11.000     6.9836   2.980732    29.0428       1759     1.2211 0.0000e+00
     10.000     6.9610   2.973894    28.9887       1785     1.2392 0.0000e+00
      9.000     6.9316   2.965998    28.9288       1811     1.2570 0.0000e+00
      8.000     6.9113   2.961096    28.8935       1840     1.2770 0.0000e+00
      7.000     6.9030   2.958876    28.8771       1868     1.2963 0.0000e+00
      6.000     6.8946   2.957552    28.8702       1890     1.3121 0.0000e+00
      5.000     6.8893   2.956743    28.8664       1912     1.3270 0.0000e+00
      4.000     6.8862   2.956194    28.8635       1943     1.3483 0.0000e+00
      3.000     6.8863   2.956190    28.8638       2016     1.3993 0.0000e+00
