HB2402/ctd023.cnv
* Sea-Bird SBE 9 Data File:
* FileName = C:\cruise\data\ctd023.hex
* Software Version Seasave V 7.26.7.121
* Temperature SN = 5253
* Conductivity SN = 4421
* Number of Bytes Per Scan = 37
* Number of Voltage Words = 4
* Number of Scans Averaged by the Deck Unit = 1
* NMEA Latitude = 35 19.39 N
* NMEA Longitude = 075 18.33 W
* NMEA UTC (Time) = Mar 12 2024 06:47:51
* NMEA baud rate = 4800
** Ship: Bigelow HB2304
** Program:  Fall Bottom Trawl Survey
** Chief Scientist: John Galbraith
# nquan = 7
# nvalues = 36                          
# units = specified
# name 0 = depSM: Depth [salt water, m]
# name 1 = t090C: Temperature [ITS-90, deg C]
# name 2 = c0S/m: Conductivity [S/m]
# name 3 = sal00: Salinity, Practical [PSU]
# name 4 = scan: Scan Count
# name 5 = timeM: Time, Elapsed [minutes]
# name 6 = flag: flag
# span 0 =      1.000,     20.000       
# span 1 =     9.8370,    13.1202       
# span 2 =   3.220358,   3.775452       
# span 3 =    29.1784,    31.8469       
# span 4 =        194,       4377       
# span 5 =     0.1342,     3.0391       
# span 6 = 0.0000e+00, 0.0000e+00       
# interval = meters: 1                  
# start_time = Mar 12 2024 06:47:51 [NMEA time, header]
# bad_flag = -9.990e-29
*END*
      4.000     9.8542   3.222655    29.1863        194     0.1342 0.0000e+00
      5.000     9.8658   3.224851    29.1985        368     0.2549 0.0000e+00
      6.000     9.8741   3.226617    29.2091        458     0.3176 0.0000e+00
      7.000     9.8853   3.229154    29.2251        530     0.3676 0.0000e+00
      8.000     9.9145   3.235711    29.2667        644     0.4463 0.0000e+00
      9.000     9.9453   3.242893    29.3132        791     0.5488 0.0000e+00
     10.000    10.0299   3.262218    29.4372        985     0.6830 0.0000e+00
     11.000    10.1618   3.284971    29.5566       1177     0.8168 0.0000e+00
     12.000    10.3229   3.323313    29.8057       1323     0.9178 0.0000e+00
     13.000    10.4673   3.370756    30.1577       1552     1.0768 0.0000e+00
     14.000    10.5096   3.382558    30.2390       1684     1.1691 0.0000e+00
     15.000    10.6010   3.400110    30.3365       1845     1.2805 0.0000e+00
     16.000    10.6507   3.410350    30.3960       1996     1.3852 0.0000e+00
     17.000    12.1046   3.622129    31.2385       2184     1.5157 0.0000e+00
     18.000    12.8466   3.732846    31.6738       2333     1.6194 0.0000e+00
     19.000    13.0255   3.760231    31.7836       2496     1.7326 0.0000e+00
     20.000    13.1202   3.775452    31.8469       2723     1.8902 0.0000e+00
     19.000    13.0205   3.760719    31.7924       3052     2.1185 0.0000e+00
     18.000    12.9990   3.757109    31.7768       3094     2.1477 0.0000e+00
     17.000    12.8119   3.729566    31.6740       3153     2.1892 0.0000e+00
     16.000    11.9055   3.591474    31.1148       3216     2.2323 0.0000e+00
     15.000    10.8419   3.442800    30.5576       3264     2.2663 0.0000e+00
     14.000    10.6480   3.406863    30.3644       3305     2.2946 0.0000e+00
     13.000    10.5732   3.392609    30.2861       3372     2.3408 0.0000e+00
     12.000    10.5134   3.376131    30.1727       3414     2.3702 0.0000e+00
     11.000    10.4204   3.354119    30.0320       3462     2.4036 0.0000e+00
     10.000    10.3999   3.346474    29.9733       3514     2.4397 0.0000e+00
      9.000    10.2513   3.307541    29.7087       3554     2.4671 0.0000e+00
      8.000    10.1203   3.278154    29.5236       3626     2.5176 0.0000e+00
      7.000    10.0554   3.267602    29.4714       3663     2.5427 0.0000e+00
      6.000    10.0127   3.256699    29.3976       3712     2.5774 0.0000e+00
      5.000     9.9258   3.237628    29.2778       3787     2.6294 0.0000e+00
      4.000     9.8724   3.226504    29.2101       3814     2.6481 0.0000e+00
      3.000     9.8569   3.223492    29.1929       4083     2.8347 0.0000e+00
      2.000     9.8483   3.221954    29.1849       4314     2.9948 0.0000e+00
      1.000     9.8370   3.220358    29.1784       4377     3.0391 0.0000e+00
