HB2402/ctd048.cnv
* Sea-Bird SBE 9 Data File:
* FileName = C:\cruise\data\ctd048.hex
* Software Version Seasave V 7.26.7.121
* Temperature SN = 5253
* Conductivity SN = 4421
* Number of Bytes Per Scan = 37
* Number of Voltage Words = 4
* Number of Scans Averaged by the Deck Unit = 1
* NMEA Latitude = 36 40.23 N
* NMEA Longitude = 074 44.56 W
* NMEA UTC (Time) = Mar 15 2024 20:37:38
* NMEA baud rate = 4800
** Ship: Bigelow HB2304
** Program:  Fall Bottom Trawl Survey
** Chief Scientist: John Galbraith
# nquan = 7
# nvalues = 163                         
# units = specified
# name 0 = depSM: Depth [salt water, m]
# name 1 = t090C: Temperature [ITS-90, deg C]
# name 2 = c0S/m: Conductivity [S/m]
# name 3 = sal00: Salinity, Practical [PSU]
# name 4 = scan: Scan Count
# name 5 = timeM: Time, Elapsed [minutes]
# name 6 = flag: flag
# span 0 =      3.000,     84.000       
# span 1 =     9.0758,    12.9261       
# span 2 =   3.507017,   3.981056       
# span 3 =    32.5852,    34.3372       
# span 4 =         89,       5123       
# span 5 =     0.0612,     3.5573       
# span 6 = 0.0000e+00, 0.0000e+00       
# interval = meters: 1                  
# start_time = Mar 15 2024 20:37:38 [NMEA time, header]
# bad_flag = -9.990e-29
*END*
      3.000     9.6049   3.537189    32.5864         89     0.0612 0.0000e+00
      4.000     9.6013   3.537014    32.5875        228     0.1573 0.0000e+00
      5.000     9.6036   3.537216    32.5870        244     0.1685 0.0000e+00
      6.000     9.6058   3.537420    32.5867        268     0.1854 0.0000e+00
      7.000     9.6110   3.537772    32.5852        293     0.2028 0.0000e+00
      8.000     9.6032   3.537359    32.5875        319     0.2209 0.0000e+00
      9.000     9.5896   3.536622    32.5919        347     0.2402 0.0000e+00
     10.000     9.5800   3.536154    32.5954        375     0.2597 0.0000e+00
     11.000     9.5701   3.535625    32.5985        400     0.2771 0.0000e+00
     12.000     9.5348   3.533721    32.6106        423     0.2932 0.0000e+00
     13.000     9.5088   3.531979    32.6160        448     0.3102 0.0000e+00
     14.000     9.3261   3.520036    32.6593        475     0.3288 0.0000e+00
     15.000     9.2812   3.516880    32.6673        504     0.3492 0.0000e+00
     16.000     9.2568   3.515104    32.6709        532     0.3691 0.0000e+00
     17.000     9.1906   3.510998    32.6887        559     0.3876 0.0000e+00
     18.000     9.1183   3.507654    32.7199        584     0.4046 0.0000e+00
     19.000     9.0898   3.507044    32.7393        610     0.4228 0.0000e+00
     20.000     9.0758   3.507017    32.7514        640     0.4439 0.0000e+00
     21.000     9.0773   3.508055    32.7604        670     0.4643 0.0000e+00
     22.000     9.1154   3.512742    32.7735        692     0.4802 0.0000e+00
     23.000     9.2196   3.524683    32.8008        714     0.4950 0.0000e+00
     24.000     9.3431   3.538805    32.8327        740     0.5135 0.0000e+00
     25.000    10.6730   3.699642    33.2481        777     0.5389 0.0000e+00
     26.000    11.2171   3.764973    33.4031        808     0.5601 0.0000e+00
     27.000    11.9068   3.845312    33.5672        829     0.5753 0.0000e+00
     28.000    12.2432   3.887160    33.6690        852     0.5908 0.0000e+00
     29.000    12.5322   3.922579    33.7499        881     0.6111 0.0000e+00
     30.000    12.5779   3.929055    33.7707        915     0.6347 0.0000e+00
     31.000    12.5871   3.930611    33.7768        941     0.6528 0.0000e+00
     32.000    12.5910   3.931476    33.7812        962     0.6674 0.0000e+00
     33.000    12.6026   3.933130    33.7862        982     0.6814 0.0000e+00
     34.000    12.5946   3.932484    33.7868       1006     0.6979 0.0000e+00
     35.000    12.5848   3.931645    33.7871       1037     0.7197 0.0000e+00
     36.000    12.5911   3.933052    33.7945       1074     0.7449 0.0000e+00
     37.000    12.6025   3.934735    33.8000       1105     0.7663 0.0000e+00
     38.000    12.6125   3.936255    33.8051       1130     0.7842 0.0000e+00
     39.000    12.6205   3.937330    33.8079       1154     0.8004 0.0000e+00
     40.000    12.6230   3.937805    33.8097       1176     0.8162 0.0000e+00
     41.000    12.6352   3.939498    33.8145       1204     0.8354 0.0000e+00
     42.000    12.6438   3.940691    33.8178       1236     0.8573 0.0000e+00
     43.000    12.6429   3.940768    33.8190       1262     0.8758 0.0000e+00
     44.000    12.6445   3.941239    33.8216       1284     0.8910 0.0000e+00
     45.000    12.6607   3.943434    33.8276       1307     0.9072 0.0000e+00
     46.000    12.6715   3.944839    33.8309       1338     0.9282 0.0000e+00
     47.000    12.6736   3.945231    33.8324       1372     0.9522 0.0000e+00
     48.000    12.6754   3.945557    33.8335       1400     0.9713 0.0000e+00
     49.000    12.7009   3.949025    33.8433       1423     0.9876 0.0000e+00
     50.000    12.7562   3.955959    33.8594       1449     1.0054 0.0000e+00
     51.000    12.7878   3.960080    33.8700       1478     1.0254 0.0000e+00
     52.000    12.8663   3.970525    33.8987       1507     1.0461 0.0000e+00
     53.000    12.9024   3.975091    33.9094       1533     1.0636 0.0000e+00
     54.000    12.9158   3.977073    33.9158       1558     1.0813 0.0000e+00
     55.000    12.9161   3.977746    33.9216       1587     1.1014 0.0000e+00
     56.000    12.9261   3.981056    33.9437       1615     1.1211 0.0000e+00
     57.000    12.8964   3.978026    33.9411       1639     1.1378 0.0000e+00
     58.000    12.4205   3.924446    33.8555       1663     1.1541 0.0000e+00
     59.000    11.7225   3.850342    33.7690       1692     1.1744 0.0000e+00
     60.000    11.1421   3.788179    33.6870       1731     1.2014 0.0000e+00
     61.000    11.1285   3.785909    33.6764       1760     1.2218 0.0000e+00
     62.000    11.0863   3.781243    33.6683       1781     1.2361 0.0000e+00
     63.000    11.0765   3.780217    33.6666       1802     1.2506 0.0000e+00
     64.000    11.0878   3.781763    33.6712       1829     1.2693 0.0000e+00
     65.000    11.1704   3.792618    33.7026       1863     1.2932 0.0000e+00
     66.000    11.3334   3.814188    33.7662       1891     1.3124 0.0000e+00
     67.000    11.4425   3.828862    33.8105       1913     1.3279 0.0000e+00
     68.000    11.4909   3.835450    33.8307       1938     1.3452 0.0000e+00
     69.000    11.4958   3.836355    33.8346       1970     1.3671 0.0000e+00
     70.000    11.5083   3.838878    33.8476       2000     1.3882 0.0000e+00
     71.000    11.6012   3.852886    33.8997       2027     1.4068 0.0000e+00
     72.000    11.7376   3.872415    33.9657       2055     1.4265 0.0000e+00
     73.000    11.8300   3.885366    34.0073       2084     1.4469 0.0000e+00
     74.000    11.8607   3.890500    34.0289       2113     1.4667 0.0000e+00
     75.000    12.0475   3.918223    34.1274       2137     1.4837 0.0000e+00
     76.000    12.1596   3.933561    34.1734       2160     1.4994 0.0000e+00
     77.000    12.2292   3.944743    34.2176       2186     1.5174 0.0000e+00
     78.000    12.3320   3.962102    34.2911       2219     1.5401 0.0000e+00
     79.000    12.3711   3.969455    34.3258       2250     1.5617 0.0000e+00
     80.000    12.3649   3.969571    34.3322       2274     1.5782 0.0000e+00
     81.000    12.3645   3.969671    34.3331       2297     1.5946 0.0000e+00
     82.000    12.3481   3.967992    34.3314       2329     1.6166 0.0000e+00
     83.000    12.3202   3.965450    34.3320       2407     1.6709 0.0000e+00
     84.000    12.2693   3.960441    34.3297       2506     1.7394 0.0000e+00
     83.000    12.3102   3.964700    34.3339       2705     1.8778 0.0000e+00
     82.000    12.3253   3.966300    34.3359       2996     2.0798 0.0000e+00
     81.000    12.3324   3.966946    34.3361       3017     2.0943 0.0000e+00
     80.000    12.3363   3.967274    34.3362       3050     2.1172 0.0000e+00
     79.000    12.3537   3.968985    34.3372       3074     2.1342 0.0000e+00
     78.000    12.3680   3.970186    34.3361       3096     2.1492 0.0000e+00
     77.000    12.3658   3.969038    34.3275       3119     2.1655 0.0000e+00
     76.000    12.3566   3.966948    34.3161       3149     2.1858 0.0000e+00
     75.000    12.3258   3.961611    34.2932       3177     2.2059 0.0000e+00
     74.000    12.2682   3.951454    34.2482       3201     2.2225 0.0000e+00
     73.000    12.1903   3.939020    34.1995       3223     2.2374 0.0000e+00
     72.000    12.0960   3.925218    34.1524       3244     2.2523 0.0000e+00
     71.000    11.9975   3.910400    34.0990       3267     2.2678 0.0000e+00
     70.000    11.8988   3.895036    34.0401       3291     2.2850 0.0000e+00
     69.000    11.7879   3.879493    33.9902       3319     2.3045 0.0000e+00
     68.000    11.6405   3.858519    33.9202       3348     2.3240 0.0000e+00
     67.000    11.5919   3.850653    33.8880       3374     2.3424 0.0000e+00
     66.000    11.5604   3.845646    33.8682       3399     2.3594 0.0000e+00
     65.000    11.5488   3.843680    33.8599       3423     2.3765 0.0000e+00
     64.000    11.5052   3.837487    33.8393       3449     2.3945 0.0000e+00
     63.000    11.4085   3.824081    33.7963       3473     2.4114 0.0000e+00
     62.000    11.3067   3.810235    33.7534       3496     2.4269 0.0000e+00
     61.000    11.1833   3.793908    33.7054       3517     2.4416 0.0000e+00
     60.000    11.1220   3.785416    33.6778       3540     2.4578 0.0000e+00
     59.000    11.0975   3.782020    33.6671       3566     2.4758 0.0000e+00
     58.000    11.1349   3.785813    33.6708       3598     2.4977 0.0000e+00
     57.000    11.2864   3.801391    33.6868       3626     2.5175 0.0000e+00
     56.000    11.9350   3.874518    33.8132       3650     2.5339 0.0000e+00
     55.000    12.6430   3.948613    33.8894       3671     2.5487 0.0000e+00
     54.000    12.8021   3.966179    33.9142       3694     2.5645 0.0000e+00
     53.000    12.8705   3.972396    33.9124       3724     2.5852 0.0000e+00
     52.000    12.8844   3.973124    33.9073       3751     2.6040 0.0000e+00
     51.000    12.8689   3.970836    33.8998       3775     2.6208 0.0000e+00
     50.000    12.8106   3.963266    33.8804       3797     2.6359 0.0000e+00
     49.000    12.7610   3.956684    33.8626       3822     2.6536 0.0000e+00
     48.000    12.7352   3.953396    33.8548       3854     2.6759 0.0000e+00
     47.000    12.6893   3.947704    33.8419       3885     2.6971 0.0000e+00
     46.000    12.6714   3.945427    33.8367       3910     2.7145 0.0000e+00
     45.000    12.6673   3.944849    33.8353       3934     2.7309 0.0000e+00
     44.000    12.6591   3.943772    33.8327       3957     2.7475 0.0000e+00
     43.000    12.6535   3.942975    33.8306       3982     2.7642 0.0000e+00
     42.000    12.6486   3.942216    33.8281       4007     2.7821 0.0000e+00
     41.000    12.6465   3.941723    33.8258       4037     2.8027 0.0000e+00
     40.000    12.6404   3.940771    33.8225       4068     2.8243 0.0000e+00
     39.000    12.6320   3.939659    33.8199       4095     2.8430 0.0000e+00
     38.000    12.6254   3.938812    33.8181       4122     2.8620 0.0000e+00
     37.000    12.6192   3.937986    33.8161       4148     2.8799 0.0000e+00
     36.000    12.6080   3.936514    33.8125       4173     2.8970 0.0000e+00
     35.000    12.5949   3.934754    33.8079       4199     2.9151 0.0000e+00
     34.000    12.5920   3.934091    33.8045       4227     2.9347 0.0000e+00
     33.000    12.5955   3.934402    33.8048       4255     2.9540 0.0000e+00
     32.000    12.6007   3.934914    33.8055       4279     2.9709 0.0000e+00
     31.000    12.5977   3.934387    33.8035       4304     2.9880 0.0000e+00
     30.000    12.5663   3.930415    33.7940       4336     3.0106 0.0000e+00
     29.000    12.4442   3.915081    33.7571       4370     3.0343 0.0000e+00
     28.000    12.0625   3.868298    33.6492       4394     3.0508 0.0000e+00
     27.000    11.5666   3.807026    33.5002       4417     3.0665 0.0000e+00
     26.000    10.9484   3.732629    33.3263       4443     3.0845 0.0000e+00
     25.000     9.9393   3.610303    33.0176       4475     3.1069 0.0000e+00
     24.000     9.3482   3.544203    32.8838       4505     3.1277 0.0000e+00
     23.000     9.1550   3.519918    32.8110       4527     3.1433 0.0000e+00
     22.000     9.1241   3.515383    32.7929       4549     3.1581 0.0000e+00
     21.000     9.1077   3.512607    32.7796       4572     3.1746 0.0000e+00
     20.000     9.1267   3.511690    32.7531       4611     3.2011 0.0000e+00
     19.000     9.1786   3.513370    32.7233       4646     3.2254 0.0000e+00
     18.000     9.2556   3.517370    32.6945       4668     3.2410 0.0000e+00
     17.000     9.3106   3.520622    32.6782       4689     3.2557 0.0000e+00
     16.000     9.3683   3.524096    32.6617       4717     3.2748 0.0000e+00
     15.000     9.4134   3.526772    32.6485       4753     3.3001 0.0000e+00
     14.000     9.4530   3.529204    32.6378       4782     3.3204 0.0000e+00
     13.000     9.4736   3.530432    32.6321       4808     3.3381 0.0000e+00
     12.000     9.5182   3.533161    32.6200       4833     3.3554 0.0000e+00
     11.000     9.5484   3.534994    32.6118       4858     3.3732 0.0000e+00
     10.000     9.5661   3.535998    32.6064       4888     3.3934 0.0000e+00
      9.000     9.5875   3.537217    32.5999       4921     3.4168 0.0000e+00
      8.000     9.6020   3.538046    32.5956       4952     3.4380 0.0000e+00
      7.000     9.6093   3.538450    32.5936       4974     3.4535 0.0000e+00
      6.000     9.6080   3.538326    32.5939       4997     3.4692 0.0000e+00
      5.000     9.6075   3.538215    32.5937       5027     3.4906 0.0000e+00
      4.000     9.6064   3.538067    32.5936       5055     3.5097 0.0000e+00
      3.000     9.6065   3.537882    32.5921       5123     3.5573 0.0000e+00
