HB2402/ctd003.cnv
* Sea-Bird SBE 9 Data File:
* FileName = C:\cruise\data\ctd003.hex
* Software Version Seasave V 7.26.7.121
* Temperature SN = 5253
* Conductivity SN = 4421
* Number of Bytes Per Scan = 37
* Number of Voltage Words = 4
* Number of Scans Averaged by the Deck Unit = 1
* NMEA Latitude = 38 30.29 N
* NMEA Longitude = 074 49.35 W
* NMEA UTC (Time) = Mar 08 2024 00:53:54
* NMEA baud rate = 4800
** Ship: Bigelow HB2304
** Program:  Fall Bottom Trawl Survey
** Chief Scientist: John Galbraith
# nquan = 7
# nvalues = 37                          
# units = specified
# name 0 = depSM: Depth [salt water, m]
# name 1 = t090C: Temperature [ITS-90, deg C]
# name 2 = c0S/m: Conductivity [S/m]
# name 3 = sal00: Salinity, Practical [PSU]
# name 4 = scan: Scan Count
# name 5 = timeM: Time, Elapsed [minutes]
# name 6 = flag: flag
# span 0 =      2.000,     21.000       
# span 1 =     7.0964,     7.3987       
# span 2 =   3.149293,   3.173091       
# span 3 =    30.7340,    30.7793       
# span 4 =        128,       1818       
# span 5 =     0.0882,     1.2616       
# span 6 = 0.0000e+00, 0.0000e+00       
# interval = meters: 1                  
# start_time = Mar 08 2024 00:53:54 [NMEA time, header]
# bad_flag = -9.990e-29
*END*
      4.000     7.3958   3.172733    30.7515        128     0.0882 0.0000e+00
      5.000     7.3963   3.172843    30.7518        238     0.1646 0.0000e+00
      6.000     7.3960   3.172838    30.7516        259     0.1789 0.0000e+00
      7.000     7.3987   3.173091    30.7515        283     0.1957 0.0000e+00
      8.000     7.3953   3.172832    30.7512        315     0.2180 0.0000e+00
      9.000     7.3825   3.171759    30.7506        345     0.2387 0.0000e+00
     10.000     7.2748   3.162049    30.7415        377     0.2614 0.0000e+00
     11.000     7.2028   3.156031    30.7403        412     0.2856 0.0000e+00
     12.000     7.1565   3.152636    30.7445        435     0.3014 0.0000e+00
     13.000     7.1180   3.149698    30.7466        453     0.3136 0.0000e+00
     14.000     7.1101   3.149357    30.7495        469     0.3253 0.0000e+00
     15.000     7.1102   3.149339    30.7487        489     0.3391 0.0000e+00
     16.000     7.1129   3.149677    30.7496        518     0.3590 0.0000e+00
     17.000     7.1129   3.149757    30.7500        561     0.3886 0.0000e+00
     18.000     7.1068   3.149489    30.7521        587     0.4071 0.0000e+00
     19.000     7.1023   3.149593    30.7567        608     0.4215 0.0000e+00
     20.000     7.1008   3.150406    30.7664        638     0.4422 0.0000e+00
     21.000     7.0964   3.151286    30.7793        786     0.5451 0.0000e+00
     20.000     7.1020   3.150327    30.7645       1161     0.8056 0.0000e+00
     19.000     7.1010   3.150045    30.7628       1357     0.9418 0.0000e+00
     18.000     7.1028   3.149655    30.7574       1383     0.9594 0.0000e+00
     17.000     7.1057   3.149448    30.7530       1407     0.9762 0.0000e+00
     16.000     7.1106   3.149447    30.7491       1428     0.9913 0.0000e+00
     15.000     7.1125   3.149496    30.7484       1453     1.0082 0.0000e+00
     14.000     7.1140   3.149451    30.7471       1485     1.0302 0.0000e+00
     13.000     7.1133   3.149293    30.7464       1514     1.0508 0.0000e+00
     12.000     7.1201   3.149513    30.7432       1537     1.0666 0.0000e+00
     11.000     7.1316   3.150303    30.7419       1559     1.0822 0.0000e+00
     10.000     7.1512   3.151748    30.7405       1585     1.1001 0.0000e+00
      9.000     7.1794   3.153711    30.7370       1612     1.1186 0.0000e+00
      8.000     7.2411   3.158488    30.7340       1634     1.1338 0.0000e+00
      7.000     7.2926   3.163022    30.7375       1654     1.1476 0.0000e+00
      6.000     7.3282   3.166105    30.7395       1673     1.1614 0.0000e+00
      5.000     7.3824   3.171260    30.7472       1715     1.1903 0.0000e+00
      4.000     7.3913   3.172103    30.7488       1760     1.2219 0.0000e+00
      3.000     7.3933   3.172251    30.7491       1779     1.2351 0.0000e+00
      2.000     7.3919   3.172168    30.7499       1818     1.2616 0.0000e+00
