HB2402/ctd069.cnv
* Sea-Bird SBE 9 Data File:
* FileName = C:\cruise\data\ctd069.hex
* Software Version Seasave V 7.26.7.121
* Temperature SN = 5253
* Conductivity SN = 4421
* Number of Bytes Per Scan = 37
* Number of Voltage Words = 4
* Number of Scans Averaged by the Deck Unit = 1
* NMEA Latitude = 39 15.71 N
* NMEA Longitude = 072 48.13 W
* NMEA UTC (Time) = Mar 19 2024 05:59:05
* NMEA baud rate = 4800
** Ship: Bigelow HB2304
** Program:  Fall Bottom Trawl Survey
** Chief Scientist: John Galbraith
# nquan = 7
# nvalues = 158                         
# units = specified
# name 0 = depSM: Depth [salt water, m]
# name 1 = t090C: Temperature [ITS-90, deg C]
# name 2 = c0S/m: Conductivity [S/m]
# name 3 = sal00: Salinity, Practical [PSU]
# name 4 = scan: Scan Count
# name 5 = timeM: Time, Elapsed [minutes]
# name 6 = flag: flag
# span 0 =      1.000,     80.000       
# span 1 =     6.1984,     7.8406       
# span 2 =   3.227796,   3.421418       
# span 3 =    32.1317,    32.9734       
# span 4 =         -1,       5498       
# span 5 =    -0.0013,     3.8177       
# span 6 = 0.0000e+00, 0.0000e+00       
# interval = meters: 1                  
# start_time = Mar 19 2024 05:59:05 [NMEA time, header]
# bad_flag = -9.990e-29
*END*
      2.000     7.1247   3.277662    32.1317         -1    -0.0013 0.0000e+00
      3.000     7.1311   3.280306    32.1541         22     0.0144 0.0000e+00
      4.000     7.1345   3.280540    32.1530         40     0.0268 0.0000e+00
      5.000     7.1349   3.280031    32.1466        138     0.0949 0.0000e+00
      6.000     7.1345   3.281683    32.1644        286     0.1982 0.0000e+00
      7.000     7.1376   3.281889    32.1633        321     0.2224 0.0000e+00
      8.000     7.1386   3.282031    32.1635        345     0.2389 0.0000e+00
      9.000     7.1243   3.281245    32.1678        366     0.2534 0.0000e+00
     10.000     7.1334   3.281836    32.1652        396     0.2744 0.0000e+00
     11.000     7.0516   3.277449    32.1934        428     0.2969 0.0000e+00
     12.000     7.0344   3.276351    32.1971        452     0.3132 0.0000e+00
     13.000     6.9929   3.273932    32.2090        476     0.3301 0.0000e+00
     14.000     7.0345   3.276225    32.1946        509     0.3531 0.0000e+00
     15.000     7.0868   3.279307    32.1788        539     0.3736 0.0000e+00
     16.000     7.0977   3.279969    32.1754        558     0.3865 0.0000e+00
     17.000     7.0267   3.276073    32.1989        576     0.3995 0.0000e+00
     18.000     7.0085   3.274887    32.2025        608     0.4213 0.0000e+00
     19.000     6.9361   3.270673    32.2238        656     0.4551 0.0000e+00
     20.000     6.9799   3.273324    32.2112        678     0.4700 0.0000e+00
     21.000     6.9739   3.272953    32.2124        698     0.4839 0.0000e+00
     22.000     7.0154   3.275519    32.2011        720     0.4994 0.0000e+00
     23.000     6.9076   3.269220    32.2328        746     0.5172 0.0000e+00
     24.000     6.6630   3.257900    32.3383        768     0.5330 0.0000e+00
     25.000     6.7434   3.264192    32.3311        792     0.5492 0.0000e+00
     26.000     6.7961   3.266449    32.3058        863     0.5986 0.0000e+00
     27.000     6.7407   3.264532    32.3365        885     0.6142 0.0000e+00
     28.000     6.7163   3.264001    32.3532        901     0.6248 0.0000e+00
     29.000     6.6959   3.264347    32.3759        917     0.6358 0.0000e+00
     30.000     6.6816   3.264036    32.3854        936     0.6490 0.0000e+00
     31.000     6.6761   3.264068    32.3905        966     0.6704 0.0000e+00
     32.000     6.6667   3.263689    32.3948       1016     0.7047 0.0000e+00
     33.000     6.6555   3.262998    32.3972       1052     0.7300 0.0000e+00
     34.000     6.6474   3.262617    32.4003       1079     0.7490 0.0000e+00
     35.000     6.6378   3.262202    32.4043       1099     0.7624 0.0000e+00
     36.000     6.6132   3.260363    32.4068       1116     0.7743 0.0000e+00
     37.000     6.5858   3.258429    32.4111       1136     0.7879 0.0000e+00
     38.000     6.5850   3.258719    32.4145       1179     0.8177 0.0000e+00
     39.000     6.5679   3.257452    32.4163       1232     0.8547 0.0000e+00
     40.000     6.5363   3.255402    32.4231       1252     0.8686 0.0000e+00
     41.000     6.5138   3.253679    32.4250       1270     0.8810 0.0000e+00
     42.000     6.3477   3.239442    32.4249       1286     0.8926 0.0000e+00
     43.000     6.2389   3.231386    32.4386       1306     0.9062 0.0000e+00
     44.000     6.2323   3.230587    32.4355       1363     0.9458 0.0000e+00
     45.000     6.2148   3.228993    32.4340       1413     0.9805 0.0000e+00
     46.000     6.2051   3.228369    32.4358       1429     0.9918 0.0000e+00
     47.000     6.1991   3.227796    32.4347       1445     1.0026 0.0000e+00
     48.000     6.1984   3.227907    32.4361       1461     1.0139 0.0000e+00
     49.000     6.2131   3.229346    32.4376       1481     1.0278 0.0000e+00
     50.000     6.2158   3.229675    32.4382       1520     1.0548 0.0000e+00
     51.000     6.2446   3.232840    32.4454       1589     1.1028 0.0000e+00
     52.000     6.3703   3.246211    32.4735       1611     1.1184 0.0000e+00
     53.000     6.4192   3.250756    32.4768       1630     1.1312 0.0000e+00
     54.000     6.4007   3.249239    32.4771       1648     1.1438 0.0000e+00
     55.000     6.4020   3.249518    32.4785       1668     1.1575 0.0000e+00
     56.000     6.3997   3.249367    32.4785       1692     1.1745 0.0000e+00
     57.000     6.4621   3.256571    32.4984       1739     1.2068 0.0000e+00
     58.000     6.5804   3.269839    32.5318       1783     1.2374 0.0000e+00
     59.000     6.5830   3.270175    32.5326       1805     1.2529 0.0000e+00
     60.000     6.6129   3.274345    32.5496       1828     1.2686 0.0000e+00
     61.000     6.7162   3.286302    32.5825       1854     1.2870 0.0000e+00
     62.000     6.7653   3.292031    32.5983       1895     1.3150 0.0000e+00
     63.000     6.7968   3.295986    32.6113       1930     1.3397 0.0000e+00
     64.000     6.9081   3.309056    32.6482       1952     1.3546 0.0000e+00
     65.000     7.0399   3.324219    32.6883       1975     1.3711 0.0000e+00
     66.000     7.2971   3.353459    32.7620       2008     1.3938 0.0000e+00
     67.000     7.3916   3.364696    32.7938       2056     1.4272 0.0000e+00
     68.000     7.5044   3.378616    32.8369       2083     1.4461 0.0000e+00
     69.000     7.5360   3.382422    32.8476       2105     1.4613 0.0000e+00
     70.000     7.5502   3.384587    32.8570       2132     1.4801 0.0000e+00
     71.000     7.5932   3.391197    32.8871       2183     1.5155 0.0000e+00
     72.000     7.6360   3.397122    32.9099       2218     1.5396 0.0000e+00
     73.000     7.6479   3.398848    32.9167       2236     1.5520 0.0000e+00
     74.000     7.6949   3.404587    32.9334       2254     1.5649 0.0000e+00
     75.000     7.7543   3.411290    32.9488       2324     1.6129 0.0000e+00
     76.000     7.7718   3.413457    32.9549       2363     1.6404 0.0000e+00
     77.000     7.7744   3.413770    32.9554       2377     1.6498 0.0000e+00
     78.000     7.7769   3.414111    32.9562       2394     1.6617 0.0000e+00
     79.000     7.7846   3.415049    32.9585       2432     1.6882 0.0000e+00
     80.000     7.8406   3.421418    32.9734       2561     1.7781 0.0000e+00
     79.000     7.8292   3.420220    32.9718       2732     1.8963 0.0000e+00
     78.000     7.8162   3.418790    32.9692       3000     2.0827 0.0000e+00
     77.000     7.8000   3.416969    32.9655       3017     2.0943 0.0000e+00
     76.000     7.7787   3.414591    32.9606       3035     2.1067 0.0000e+00
     75.000     7.7664   3.413175    32.9575       3063     2.1262 0.0000e+00
     74.000     7.7465   3.410846    32.9518       3106     2.1566 0.0000e+00
     73.000     7.7066   3.406240    32.9406       3131     2.1735 0.0000e+00
     72.000     7.6797   3.402969    32.9314       3151     2.1875 0.0000e+00
     71.000     7.6522   3.399682    32.9225       3175     2.2041 0.0000e+00
     70.000     7.6398   3.398114    32.9179       3206     2.2255 0.0000e+00
     69.000     7.6087   3.393917    32.9026       3237     2.2474 0.0000e+00
     68.000     7.5815   3.389905    32.8857       3269     2.2695 0.0000e+00
     67.000     7.5647   3.387421    32.8752       3300     2.2910 0.0000e+00
     66.000     7.5549   3.385810    32.8677       3328     2.3106 0.0000e+00
     65.000     7.5434   3.384095    32.8605       3353     2.3280 0.0000e+00
     64.000     7.5093   3.379736    32.8462       3380     2.3468 0.0000e+00
     63.000     7.4208   3.368738    32.8117       3410     2.3676 0.0000e+00
     62.000     7.2906   3.353563    32.7711       3448     2.3939 0.0000e+00
     61.000     7.0840   3.329935    32.7107       3491     2.4233 0.0000e+00
     60.000     6.9539   3.314977    32.6714       3517     2.4415 0.0000e+00
     59.000     6.8507   3.302819    32.6370       3536     2.4545 0.0000e+00
     58.000     6.7870   3.295268    32.6151       3552     2.4659 0.0000e+00
     57.000     6.7392   3.289609    32.5989       3572     2.4798 0.0000e+00
     56.000     6.5830   3.270899    32.5421       3636     2.5243 0.0000e+00
     55.000     6.5364   3.265418    32.5264       3673     2.5499 0.0000e+00
     54.000     6.5083   3.262109    32.5171       3690     2.5620 0.0000e+00
     53.000     6.4871   3.259587    32.5098       3709     2.5747 0.0000e+00
     52.000     6.4336   3.253551    32.4945       3737     2.5944 0.0000e+00
     51.000     6.4218   3.251883    32.4877       3787     2.6288 0.0000e+00
     50.000     6.4202   3.251404    32.4845       3822     2.6532 0.0000e+00
     49.000     6.4098   3.250111    32.4806       3842     2.6673 0.0000e+00
     48.000     6.3320   3.241908    32.4643       3864     2.6827 0.0000e+00
     47.000     6.2873   3.237322    32.4564       3893     2.7028 0.0000e+00
     46.000     6.2736   3.235684    32.4518       3943     2.7372 0.0000e+00
     45.000     6.2674   3.234866    32.4491       3973     2.7585 0.0000e+00
     44.000     6.2343   3.231345    32.4421       3993     2.7723 0.0000e+00
     43.000     6.2188   3.229742    32.4395       4012     2.7857 0.0000e+00
     42.000     6.2153   3.229172    32.4369       4039     2.8042 0.0000e+00
     41.000     6.2343   3.230431    32.4333       4095     2.8433 0.0000e+00
     40.000     6.2461   3.231378    32.4331       4125     2.8641 0.0000e+00
     39.000     6.2645   3.232890    32.4328       4146     2.8788 0.0000e+00
     38.000     6.3605   3.240564    32.4270       4167     2.8933 0.0000e+00
     37.000     6.4732   3.249608    32.4205       4191     2.9098 0.0000e+00
     36.000     6.5375   3.254803    32.4174       4230     2.9366 0.0000e+00
     35.000     6.5783   3.257691    32.4110       4281     2.9719 0.0000e+00
     34.000     6.6075   3.259722    32.4062       4302     2.9872 0.0000e+00
     33.000     6.6091   3.259509    32.4028       4322     3.0005 0.0000e+00
     32.000     6.6134   3.259661    32.4009       4343     3.0149 0.0000e+00
     31.000     6.6316   3.260992    32.3988       4373     3.0362 0.0000e+00
     30.000     6.6480   3.262060    32.3955       4416     3.0658 0.0000e+00
     29.000     6.6646   3.262808    32.3885       4449     3.0892 0.0000e+00
     28.000     6.6707   3.263025    32.3856       4478     3.1089 0.0000e+00
     27.000     6.6774   3.263188    32.3816       4500     3.1240 0.0000e+00
     26.000     6.6823   3.263283    32.3785       4519     3.1375 0.0000e+00
     25.000     6.6897   3.263581    32.3752       4540     3.1524 0.0000e+00
     24.000     6.7202   3.262771    32.3380       4591     3.1876 0.0000e+00
     23.000     6.7180   3.261560    32.3271       4626     3.2119 0.0000e+00
     22.000     6.7126   3.259869    32.3142       4644     3.2241 0.0000e+00
     21.000     6.7176   3.258997    32.3003       4659     3.2349 0.0000e+00
     20.000     6.7451   3.259847    32.2843       4679     3.2486 0.0000e+00
     19.000     6.9446   3.270384    32.2127       4733     3.2861 0.0000e+00
     18.000     6.9970   3.273434    32.1974       4767     3.3094 0.0000e+00
     17.000     7.0338   3.275712    32.1883       4784     3.3215 0.0000e+00
     16.000     7.0582   3.277157    32.1817       4802     3.3342 0.0000e+00
     15.000     7.0777   3.278402    32.1775       4829     3.3531 0.0000e+00
     14.000     7.0894   3.278993    32.1734       4874     3.3840 0.0000e+00
     13.000     7.1111   3.280301    32.1679       4901     3.4025 0.0000e+00
     12.000     7.1142   3.280534    32.1681       4918     3.4146 0.0000e+00
     11.000     7.1101   3.280310    32.1699       4934     3.4259 0.0000e+00
     10.000     7.1194   3.280833    32.1674       4957     3.4415 0.0000e+00
      9.000     7.1251   3.281070    32.1651       5004     3.4745 0.0000e+00
      8.000     7.1265   3.281110    32.1647       5033     3.4944 0.0000e+00
      7.000     7.1262   3.281059    32.1650       5052     3.5073 0.0000e+00
      6.000     7.1255   3.281017    32.1656       5075     3.5236 0.0000e+00
      5.000     7.1243   3.280907    32.1660       5109     3.5471 0.0000e+00
      4.000     7.1244   3.280863    32.1659       5137     3.5670 0.0000e+00
      3.000     7.1230   3.280740    32.1663       5155     3.5795 0.0000e+00
      2.000     7.1227   3.280719    32.1668       5350     3.7148 0.0000e+00
      1.000     7.1232   3.280678    32.1664       5498     3.8177 0.0000e+00
