HB2402/ctd099.cnv
* Sea-Bird SBE 9 Data File:
* FileName = C:\cruise\data\ctd099.hex
* Software Version Seasave V 7.26.7.121
* Temperature SN = 5253
* Conductivity SN = 4421
* Number of Bytes Per Scan = 37
* Number of Voltage Words = 4
* Number of Scans Averaged by the Deck Unit = 1
* NMEA Latitude = 40 59.76 N
* NMEA Longitude = 071 51.82 W
* NMEA UTC (Time) = Apr 05 2024 22:48:13
* NMEA baud rate = 4800
** Ship: Bigelow HB2304
** Program:  Fall Bottom Trawl Survey
** Chief Scientist: John Galbraith
# nquan = 7
# nvalues = 40                          
# units = specified
# name 0 = depSM: Depth [salt water, m]
# name 1 = t090C: Temperature [ITS-90, deg C]
# name 2 = c0S/m: Conductivity [S/m]
# name 3 = sal00: Salinity, Practical [PSU]
# name 4 = scan: Scan Count
# name 5 = timeM: Time, Elapsed [minutes]
# name 6 = flag: flag
# span 0 =      1.000,     22.000       
# span 1 =     5.7514,     5.9105       
# span 2 =   2.954515,   3.025149       
# span 3 =    29.6851,    30.5648       
# span 4 =        244,       2227       
# span 5 =     0.1684,     1.5458       
# span 6 = 0.0000e+00, 0.0000e+00       
# interval = meters: 1                  
# start_time = Apr 05 2024 22:48:13 [NMEA time, header]
# bad_flag = -9.990e-29
*END*
      4.000     5.9105   2.958154    29.7230        244     0.1684 0.0000e+00
      5.000     5.9091   2.955011    29.6889        401     0.2777 0.0000e+00
      6.000     5.9088   2.955234    29.6912        407     0.2818 0.0000e+00
      7.000     5.9097   2.955100    29.6884        435     0.3011 0.0000e+00
      8.000     5.9052   2.955317    29.6944        468     0.3244 0.0000e+00
      9.000     5.8952   2.956046    29.7108        513     0.3553 0.0000e+00
     10.000     5.8772   2.957937    29.7471        553     0.3833 0.0000e+00
     11.000     5.8321   2.963507    29.8484        591     0.4098 0.0000e+00
     12.000     5.7514   2.973548    30.0313        630     0.4366 0.0000e+00
     13.000     5.7640   2.977853    30.0676        662     0.4593 0.0000e+00
     14.000     5.7806   2.981603    30.0942        689     0.4776 0.0000e+00
     15.000     5.7936   2.986153    30.1328        718     0.4980 0.0000e+00
     16.000     5.8318   3.005837    30.3175        767     0.5322 0.0000e+00
     17.000     5.8326   3.014306    30.4107        813     0.5636 0.0000e+00
     18.000     5.8128   3.017386    30.4624        843     0.5845 0.0000e+00
     19.000     5.8000   3.022242    30.5276        875     0.6070 0.0000e+00
     20.000     5.7962   3.024019    30.5505        918     0.6368 0.0000e+00
     21.000     5.7938   3.025059    30.5638        970     0.6731 0.0000e+00
     22.000     5.7959   3.024467    30.5549       1029     0.7138 0.0000e+00
     21.000     5.7943   3.025050    30.5632       1201     0.8331 0.0000e+00
     20.000     5.7943   3.025149    30.5648       1377     0.9555 0.0000e+00
     19.000     5.7962   3.024092    30.5518       1386     0.9618 0.0000e+00
     18.000     5.7975   3.023336    30.5426       1407     0.9764 0.0000e+00
     17.000     5.8010   3.021600    30.5205       1429     0.9915 0.0000e+00
     16.000     5.8052   3.020142    30.5009       1453     1.0084 0.0000e+00
     15.000     5.8213   3.016196    30.4428       1481     1.0281 0.0000e+00
     14.000     5.8181   3.003590    30.3056       1512     1.0494 0.0000e+00
     13.000     5.8024   2.992807    30.2000       1541     1.0695 0.0000e+00
     12.000     5.7889   2.985707    30.1334       1569     1.0890 0.0000e+00
     11.000     5.7737   2.980013    30.0840       1597     1.1082 0.0000e+00
     10.000     5.7941   2.973214    29.9906       1621     1.1251 0.0000e+00
      9.000     5.8444   2.962883    29.8315       1642     1.1395 0.0000e+00
      8.000     5.8772   2.958245    29.7515       1662     1.1536 0.0000e+00
      7.000     5.8922   2.956225    29.7163       1684     1.1684 0.0000e+00
      6.000     5.8975   2.955611    29.7053       1708     1.1856 0.0000e+00
      5.000     5.9016   2.955188    29.6975       1736     1.2051 0.0000e+00
      4.000     5.9058   2.954704    29.6889       1838     1.2755 0.0000e+00
      3.000     5.9082   2.954515    29.6851       2130     1.4786 0.0000e+00
      2.000     5.9076   2.954584    29.6869       2178     1.5117 0.0000e+00
      1.000     5.9077   2.954530    29.6866       2227     1.5458 0.0000e+00
