HB2402/ctd077.cnv
* Sea-Bird SBE 9 Data File:
* FileName = C:\cruise\data\ctd077.hex
* Software Version Seasave V 7.26.7.121
* Temperature SN = 5253
* Conductivity SN = 4421
* Number of Bytes Per Scan = 37
* Number of Voltage Words = 4
* Number of Scans Averaged by the Deck Unit = 1
* NMEA Latitude = 39 48.49 N
* NMEA Longitude = 073 52.40 W
* NMEA UTC (Time) = Mar 20 2024 19:20:44
* NMEA baud rate = 4800
** Ship: Bigelow HB2304
** Program:  Fall Bottom Trawl Survey
** Chief Scientist: John Galbraith
# nquan = 7
# nvalues = 41                          
# units = specified
# name 0 = depSM: Depth [salt water, m]
# name 1 = t090C: Temperature [ITS-90, deg C]
# name 2 = c0S/m: Conductivity [S/m]
# name 3 = sal00: Salinity, Practical [PSU]
# name 4 = scan: Scan Count
# name 5 = timeM: Time, Elapsed [minutes]
# name 6 = flag: flag
# span 0 =      2.000,     22.000       
# span 1 =     6.7111,     7.8155       
# span 2 =   3.102821,   3.152717       
# span 3 =    29.6770,    31.1310       
# span 4 =         14,       1826       
# span 5 =     0.0093,     1.2677       
# span 6 = 0.0000e+00, 0.0000e+00       
# interval = meters: 1                  
# start_time = Mar 20 2024 19:20:44 [NMEA time, header]
# bad_flag = -9.990e-29
*END*
      2.000     7.8155   3.112504    29.7462         14     0.0093 0.0000e+00
      3.000     7.8139   3.108230    29.7020         37     0.0250 0.0000e+00
      4.000     7.8140   3.108907    29.7086        110     0.0757 0.0000e+00
      5.000     7.8094   3.106975    29.6916        274     0.1898 0.0000e+00
      6.000     7.8040   3.106729    29.6933        289     0.1999 0.0000e+00
      7.000     7.8094   3.107055    29.6917        309     0.2141 0.0000e+00
      8.000     7.8073   3.107027    29.6927        341     0.2363 0.0000e+00
      9.000     7.8051   3.106824    29.6920        385     0.2666 0.0000e+00
     10.000     7.8005   3.106377    29.6908        411     0.2844 0.0000e+00
     11.000     7.8035   3.106562    29.6897        430     0.2981 0.0000e+00
     12.000     7.7866   3.105530    29.6928        451     0.3126 0.0000e+00
     13.000     7.7676   3.104553    29.6982        480     0.3328 0.0000e+00
     14.000     7.6485   3.102821    29.7811        519     0.3599 0.0000e+00
     15.000     7.5060   3.131021    30.2036        546     0.3788 0.0000e+00
     16.000     7.2081   3.146345    30.6288        568     0.3935 0.0000e+00
     17.000     6.8057   3.152717    31.0582        591     0.4096 0.0000e+00
     18.000     6.7209   3.152374    31.1306        623     0.4318 0.0000e+00
     19.000     6.7148   3.151942    31.1310        656     0.4546 0.0000e+00
     20.000     6.7123   3.151676    31.1299        682     0.4732 0.0000e+00
     21.000     6.7117   3.151470    31.1277        745     0.5167 0.0000e+00
     22.000     6.7115   3.151227    31.1248        831     0.5761 0.0000e+00
     21.000     6.7112   3.150923    31.1222       1086     0.7533 0.0000e+00
     20.000     6.7111   3.150768    31.1211       1299     0.9012 0.0000e+00
     19.000     6.7114   3.150724    31.1208       1322     0.9171 0.0000e+00
     18.000     6.7121   3.150663    31.1200       1346     0.9342 0.0000e+00
     17.000     6.7173   3.150612    31.1151       1374     0.9532 0.0000e+00
     16.000     6.7460   3.150510    31.0885       1403     0.9736 0.0000e+00
     15.000     7.0158   3.145944    30.7965       1432     0.9937 0.0000e+00
     14.000     7.3676   3.130706    30.3217       1457     1.0109 0.0000e+00
     13.000     7.5460   3.110126    29.9473       1479     1.0265 0.0000e+00
     12.000     7.6413   3.104572    29.8067       1507     1.0459 0.0000e+00
     11.000     7.7342   3.103801    29.7195       1541     1.0696 0.0000e+00
     10.000     7.7879   3.104060    29.6770       1566     1.0867 0.0000e+00
      9.000     7.7965   3.104743    29.6773       1585     1.1002 0.0000e+00
      8.000     7.7997   3.105008    29.6779       1606     1.1149 0.0000e+00
      7.000     7.8028   3.105333    29.6791       1638     1.1371 0.0000e+00
      6.000     7.8025   3.105301    29.6794       1667     1.1571 0.0000e+00
      5.000     7.8037   3.105393    29.6799       1690     1.1732 0.0000e+00
      4.000     7.8065   3.105800    29.6822       1745     1.2113 0.0000e+00
      3.000     7.8057   3.105851    29.6838       1788     1.2411 0.0000e+00
      2.000     7.8080   3.106037    29.6843       1826     1.2677 0.0000e+00
