HB2402/ctd092.cnv
* Sea-Bird SBE 9 Data File:
* FileName = C:\cruise\data\ctd092.hex
* Software Version Seasave V 7.26.7.121
* Temperature SN = 5253
* Conductivity SN = 4421
* Number of Bytes Per Scan = 37
* Number of Voltage Words = 4
* Number of Scans Averaged by the Deck Unit = 1
* NMEA Latitude = 39 20.96 N
* NMEA Longitude = 072 16.11 W
* NMEA UTC (Time) = Apr 02 2024 15:44:48
* NMEA baud rate = 4800
** Ship: Bigelow HB2304
** Program:  Fall Bottom Trawl Survey
** Chief Scientist: John Galbraith
# nquan = 7
# nvalues = 461                         
# units = specified
# name 0 = depSM: Depth [salt water, m]
# name 1 = t090C: Temperature [ITS-90, deg C]
# name 2 = c0S/m: Conductivity [S/m]
# name 3 = sal00: Salinity, Practical [PSU]
# name 4 = scan: Scan Count
# name 5 = timeM: Time, Elapsed [minutes]
# name 6 = flag: flag
# span 0 =      1.000,    232.000       
# span 1 =     6.6394,    12.4281       
# span 2 =   3.291340,   4.030612       
# span 3 =    32.6024,    35.3256       
# span 4 =       -105,      14586       
# span 5 =    -0.0738,    10.1285       
# span 6 = 0.0000e+00, 0.0000e+00       
# interval = meters: 1                  
# start_time = Apr 02 2024 15:44:48 [NMEA time, header]
# bad_flag = -9.990e-29
*END*
      3.000     6.7867   3.306055    32.7604       -105    -0.0738 0.0000e+00
      4.000     6.7782   3.291919    32.6128        437     0.3028 0.0000e+00
      5.000     6.7819   3.291340    32.6024        505     0.3497 0.0000e+00
      6.000     6.7842   3.292219    32.6094        525     0.3642 0.0000e+00
      7.000     6.7853   3.295124    32.6398        546     0.3787 0.0000e+00
      8.000     6.7862   3.298159    32.6718        568     0.3939 0.0000e+00
      9.000     6.7883   3.299919    32.6886        595     0.4126 0.0000e+00
     10.000     6.7876   3.300205    32.6919        628     0.4352 0.0000e+00
     11.000     6.7874   3.300662    32.6966        656     0.4550 0.0000e+00
     12.000     6.7865   3.300966    32.7004        680     0.4717 0.0000e+00
     13.000     6.7734   3.300097    32.7028        702     0.4868 0.0000e+00
     14.000     6.7530   3.298696    32.7064        816     0.5662 0.0000e+00
     15.000     6.7349   3.297556    32.7106        933     0.6472 0.0000e+00
     16.000     6.7370   3.297754    32.7104        950     0.6588 0.0000e+00
     17.000     6.7372   3.297771    32.7099        997     0.6916 0.0000e+00
     18.000     6.7373   3.297878    32.7105       1032     0.7162 0.0000e+00
     19.000     6.7384   3.298091    32.7112       1052     0.7298 0.0000e+00
     20.000     6.7381   3.298116    32.7114       1069     0.7413 0.0000e+00
     21.000     6.7268   3.297485    32.7147       1086     0.7537 0.0000e+00
     22.000     6.7206   3.297130    32.7162       1113     0.7721 0.0000e+00
     23.000     6.7196   3.297088    32.7163       1165     0.8083 0.0000e+00
     24.000     6.7087   3.296386    32.7185       1194     0.8283 0.0000e+00
     25.000     6.6927   3.295387    32.7222       1212     0.8408 0.0000e+00
     26.000     6.6886   3.295138    32.7229       1229     0.8528 0.0000e+00
     27.000     6.6841   3.294847    32.7236       1249     0.8665 0.0000e+00
     28.000     6.6800   3.294709    32.7255       1277     0.8859 0.0000e+00
     29.000     6.6772   3.294678    32.7274       1316     0.9130 0.0000e+00
     30.000     6.6728   3.294594    32.7302       1346     0.9337 0.0000e+00
     31.000     6.6666   3.294400    32.7334       1368     0.9493 0.0000e+00
     32.000     6.6652   3.294385    32.7341       1389     0.9641 0.0000e+00
     33.000     6.6602   3.294177    32.7361       1414     0.9810 0.0000e+00
     34.000     6.6467   3.293579    32.7419       1441     1.0002 0.0000e+00
     35.000     6.6437   3.293456    32.7430       1468     1.0185 0.0000e+00
     36.000     6.6434   3.293466    32.7429       1494     1.0365 0.0000e+00
     37.000     6.6432   3.293486    32.7429       1524     1.0577 0.0000e+00
     38.000     6.6422   3.293479    32.7432       1558     1.0810 0.0000e+00
     39.000     6.6413   3.293452    32.7433       1585     1.0997 0.0000e+00
     40.000     6.6405   3.293452    32.7436       1607     1.1153 0.0000e+00
     41.000     6.6396   3.293485    32.7443       1629     1.1306 0.0000e+00
     42.000     6.6394   3.293531    32.7446       1655     1.1484 0.0000e+00
     43.000     6.6403   3.293835    32.7465       1685     1.1695 0.0000e+00
     44.000     6.6452   3.294885    32.7529       1712     1.1880 0.0000e+00
     45.000     6.6472   3.295426    32.7565       1734     1.2036 0.0000e+00
     46.000     6.6559   3.297000    32.7650       1756     1.2188 0.0000e+00
     47.000     6.6631   3.298003    32.7687       1785     1.2390 0.0000e+00
     48.000     6.6664   3.298504    32.7706       1821     1.2642 0.0000e+00
     49.000     6.6800   3.300509    32.7792       1849     1.2836 0.0000e+00
     50.000     6.6966   3.303108    32.7914       1871     1.2983 0.0000e+00
     51.000     6.7057   3.304979    32.8028       1890     1.3121 0.0000e+00
     52.000     6.7601   3.312119    32.8288       1913     1.3278 0.0000e+00
     53.000     6.8409   3.322209    32.8617       1949     1.3525 0.0000e+00
     54.000     7.1418   3.360559    32.9927       1992     1.3829 0.0000e+00
     55.000     7.2642   3.376402    33.0476       2017     1.3997 0.0000e+00
     56.000     7.3984   3.393176    33.1007       2035     1.4123 0.0000e+00
     57.000     7.5014   3.404392    33.1232       2052     1.4242 0.0000e+00
     58.000     7.5299   3.408398    33.1388       2072     1.4380 0.0000e+00
     59.000     7.6796   3.427258    33.1987       2100     1.4578 0.0000e+00
     60.000     7.7542   3.436877    33.2305       2138     1.4837 0.0000e+00
     61.000     7.7539   3.437927    33.2416       2165     1.5028 0.0000e+00
     62.000     7.7437   3.437819    33.2497       2187     1.5178 0.0000e+00
     63.000     7.7406   3.437832    33.2523       2208     1.5330 0.0000e+00
     64.000     7.7425   3.438251    33.2545       2234     1.5510 0.0000e+00
     65.000     7.7544   3.439930    33.2607       2266     1.5732 0.0000e+00
     66.000     7.7617   3.440920    33.2639       2299     1.5959 0.0000e+00
     67.000     7.7888   3.444490    33.2759       2329     1.6166 0.0000e+00
     68.000     7.8254   3.449561    33.2948       2356     1.6353 0.0000e+00
     69.000     7.8673   3.455866    33.3220       2380     1.6524 0.0000e+00
     70.000     7.8924   3.459975    33.3415       2402     1.6673 0.0000e+00
     71.000     7.9185   3.464035    33.3596       2423     1.6822 0.0000e+00
     72.000     7.9299   3.465599    33.3649       2446     1.6978 0.0000e+00
     73.000     7.9428   3.467229    33.3696       2471     1.7152 0.0000e+00
     74.000     7.9565   3.468876    33.3736       2500     1.7355 0.0000e+00
     75.000     7.9655   3.469916    33.3757       2532     1.7576 0.0000e+00
     76.000     7.9801   3.471613    33.3794       2564     1.7800 0.0000e+00
     77.000     8.0445   3.479566    33.4024       2592     1.7996 0.0000e+00
     78.000     8.1178   3.488103    33.4230       2617     1.8166 0.0000e+00
     79.000     8.2400   3.501713    33.4509       2639     1.8317 0.0000e+00
     80.000     8.3216   3.510824    33.4693       2660     1.8463 0.0000e+00
     81.000     8.5560   3.538979    33.5432       2684     1.8630 0.0000e+00
     82.000     9.4296   3.644171    33.8119       2717     1.8862 0.0000e+00
     83.000    10.1351   3.728648    34.0137       2756     1.9131 0.0000e+00
     84.000    10.2063   3.737221    34.0329       2782     1.9309 0.0000e+00
     85.000    10.2673   3.745023    34.0543       2802     1.9452 0.0000e+00
     86.000    10.3567   3.756335    34.0845       2821     1.9582 0.0000e+00
     87.000    10.4086   3.762781    34.1005       2841     1.9724 0.0000e+00
     88.000    10.4355   3.766341    34.1108       2868     1.9909 0.0000e+00
     89.000    10.4531   3.768958    34.1202       2904     2.0161 0.0000e+00
     90.000    10.5116   3.776573    34.1417       2939     2.0401 0.0000e+00
     91.000    10.5726   3.784085    34.1597       2963     2.0569 0.0000e+00
     92.000    10.5903   3.786570    34.1676       2984     2.0718 0.0000e+00
     93.000    10.6404   3.793248    34.1874       3005     2.0861 0.0000e+00
     94.000    10.7909   3.814156    34.2555       3028     2.1019 0.0000e+00
     95.000    11.2848   3.874757    34.3969       3056     2.1215 0.0000e+00
     96.000    11.5923   3.912161    34.4791       3091     2.1457 0.0000e+00
     97.000    11.6974   3.925656    34.5134       3125     2.1692 0.0000e+00
     98.000    11.7860   3.936793    34.5397       3152     2.1882 0.0000e+00
     99.000    11.8039   3.939120    34.5454       3175     2.2041 0.0000e+00
    100.000    11.8136   3.940527    34.5497       3196     2.2187 0.0000e+00
    101.000    11.8300   3.942570    34.5540       3216     2.2327 0.0000e+00
    102.000    11.8377   3.943631    34.5569       3236     2.2468 0.0000e+00
    103.000    11.8420   3.944311    34.5590       3263     2.2652 0.0000e+00
    104.000    11.8526   3.945778    34.5631       3301     2.2919 0.0000e+00
    105.000    11.8621   3.947101    34.5668       3338     2.3176 0.0000e+00
    106.000    11.8655   3.947597    34.5680       3365     2.3359 0.0000e+00
    107.000    11.8750   3.949053    34.5730       3385     2.3503 0.0000e+00
    108.000    11.8998   3.952129    34.5796       3405     2.3637 0.0000e+00
    109.000    11.9250   3.955543    34.5891       3425     2.3776 0.0000e+00
    110.000    11.9540   3.959358    34.5989       3449     2.3946 0.0000e+00
    111.000    12.0022   3.966093    34.6193       3485     2.4191 0.0000e+00
    112.000    12.0844   3.977500    34.6537       3524     2.4464 0.0000e+00
    113.000    12.1307   3.984279    34.6762       3552     2.4659 0.0000e+00
    114.000    12.1388   3.986473    34.6895       3574     2.4809 0.0000e+00
    115.000    12.1904   3.995180    34.7257       3593     2.4945 0.0000e+00
    116.000    12.2883   4.010451    34.7824       3613     2.5081 0.0000e+00
    117.000    12.3965   4.026079    34.8328       3634     2.5229 0.0000e+00
    118.000    12.4281   4.030612    34.8467       3660     2.5410 0.0000e+00
    119.000    12.4209   4.030083    34.8480       3696     2.5658 0.0000e+00
    120.000    12.3110   4.017671    34.8295       3734     2.5924 0.0000e+00
    121.000    12.0992   3.993153    34.7882       3761     2.6114 0.0000e+00
    122.000    11.8754   3.968540    34.7565       3784     2.6271 0.0000e+00
    123.000    12.1426   4.006965    34.8809       3806     2.6426 0.0000e+00
    124.000    12.0549   3.997621    34.8718       3831     2.6596 0.0000e+00
    125.000    12.0168   3.997264    34.9035       3857     2.6775 0.0000e+00
    126.000    12.0060   3.997081    34.9114       3883     2.6958 0.0000e+00
    127.000    11.9716   3.994447    34.9174       3910     2.7143 0.0000e+00
    128.000    11.9499   3.993744    34.9304       3937     2.7334 0.0000e+00
    129.000    11.8213   3.980941    34.9254       3964     2.7519 0.0000e+00
    130.000    11.7523   3.973585    34.9177       3990     2.7700 0.0000e+00
    131.000    11.6673   3.964532    34.9083       4015     2.7872 0.0000e+00
    132.000    11.5343   3.950501    34.8950       4040     2.8049 0.0000e+00
    133.000    11.4354   3.940181    34.8859       4069     2.8248 0.0000e+00
    134.000    11.3728   3.933627    34.8797       4102     2.8477 0.0000e+00
    135.000    11.3339   3.929604    34.8762       4130     2.8676 0.0000e+00
    136.000    11.2697   3.923890    34.8798       4154     2.8842 0.0000e+00
    137.000    11.2457   3.922020    34.8836       4177     2.8999 0.0000e+00
    138.000    11.2430   3.921748    34.8830       4201     2.9164 0.0000e+00
    139.000    11.2378   3.921312    34.8831       4228     2.9352 0.0000e+00
    140.000    11.2312   3.920646    34.8823       4258     2.9563 0.0000e+00
    141.000    11.2320   3.921015    34.8848       4287     2.9764 0.0000e+00
    142.000    11.2336   3.921324    34.8858       4311     2.9932 0.0000e+00
    143.000    11.2255   3.921536    34.8952       4333     3.0081 0.0000e+00
    144.000    11.2618   3.928415    34.9286       4354     3.0226 0.0000e+00
    145.000    11.3897   3.945983    34.9811       4377     3.0388 0.0000e+00
    146.000    11.6415   3.978502    35.0633       4409     3.0611 0.0000e+00
    147.000    11.6379   3.978918    35.0704       4455     3.0931 0.0000e+00
    148.000    11.5682   3.971116    35.0591       4486     3.1147 0.0000e+00
    149.000    11.5455   3.970804    35.0770       4508     3.1296 0.0000e+00
    150.000    11.6521   3.985104    35.1165       4527     3.1432 0.0000e+00
    151.000    11.7424   3.999440    35.1716       4548     3.1575 0.0000e+00
    152.000    11.8286   4.013267    35.2252       4570     3.1732 0.0000e+00
    153.000    11.8486   4.016765    35.2401       4595     3.1900 0.0000e+00
    154.000    11.8445   4.016877    35.2446       4620     3.2076 0.0000e+00
    155.000    11.8524   4.018084    35.2485       4647     3.2264 0.0000e+00
    156.000    11.8459   4.017494    35.2485       4677     3.2471 0.0000e+00
    157.000    11.8286   4.015647    35.2463       4708     3.2691 0.0000e+00
    158.000    11.8266   4.015523    35.2465       4738     3.2896 0.0000e+00
    159.000    11.8230   4.015162    35.2460       4767     3.3097 0.0000e+00
    160.000    11.8217   4.015148    35.2467       4792     3.3272 0.0000e+00
    161.000    11.8173   4.014677    35.2457       4815     3.3431 0.0000e+00
    162.000    11.8159   4.014609    35.2460       4840     3.3601 0.0000e+00
    163.000    11.8138   4.014739    35.2488       4870     3.3813 0.0000e+00
    164.000    11.8066   4.014704    35.2548       4901     3.4029 0.0000e+00
    165.000    11.7824   4.012241    35.2531       4925     3.4197 0.0000e+00
    166.000    11.7350   4.007329    35.2494       4946     3.4337 0.0000e+00
    167.000    11.7079   4.004465    35.2465       4966     3.4480 0.0000e+00
    168.000    11.6263   3.995144    35.2318       4990     3.4647 0.0000e+00
    169.000    11.5399   3.986322    35.2266       5020     3.4856 0.0000e+00
    170.000    11.5366   3.986356    35.2296       5051     3.5068 0.0000e+00
    171.000    11.5424   3.987878    35.2387       5079     3.5265 0.0000e+00
    172.000    11.4790   3.981468    35.2352       5109     3.5470 0.0000e+00
    173.000    11.4479   3.978099    35.2311       5140     3.5691 0.0000e+00
    174.000    11.4474   3.978069    35.2309       5170     3.5893 0.0000e+00
    175.000    11.4406   3.977576    35.2320       5192     3.6049 0.0000e+00
    176.000    11.4415   3.977727    35.2321       5214     3.6205 0.0000e+00
    177.000    11.4471   3.978881    35.2378       5239     3.6377 0.0000e+00
    178.000    11.4690   3.982042    35.2477       5268     3.6577 0.0000e+00
    179.000    11.4889   3.984833    35.2560       5295     3.6767 0.0000e+00
    180.000    11.4435   3.980607    35.2570       5318     3.6922 0.0000e+00
    181.000    11.3888   3.975278    35.2560       5337     3.7058 0.0000e+00
    182.000    11.3378   3.970909    35.2609       5360     3.7212 0.0000e+00
    183.000    11.3252   3.970084    35.2643       5392     3.7439 0.0000e+00
    184.000    11.3346   3.971671    35.2706       5435     3.7736 0.0000e+00
    185.000    11.3266   3.971125    35.2724       5461     3.7916 0.0000e+00
    186.000    11.3088   3.970117    35.2789       5482     3.8060 0.0000e+00
    187.000    11.2663   3.966947    35.2877       5503     3.8209 0.0000e+00
    188.000    11.2610   3.967560    35.2984       5530     3.8396 0.0000e+00
    189.000    11.2490   3.966787    35.3018       5562     3.8617 0.0000e+00
    190.000    11.2467   3.966551    35.3011       5591     3.8816 0.0000e+00
    191.000    11.2359   3.965582    35.3014       5615     3.8988 0.0000e+00
    192.000    11.2089   3.963945    35.3105       5639     3.9154 0.0000e+00
    193.000    11.1373   3.958611    35.3256       5663     3.9322 0.0000e+00
    194.000    11.1095   3.955802    35.3239       5687     3.9486 0.0000e+00
    195.000    11.0956   3.954270    35.3214       5710     3.9649 0.0000e+00
    196.000    11.0788   3.952423    35.3187       5736     3.9825 0.0000e+00
    197.000    11.0552   3.949611    35.3128       5765     4.0029 0.0000e+00
    198.000    10.9898   3.942051    35.2997       5800     4.0270 0.0000e+00
    199.000    10.8178   3.923045    35.2744       5833     4.0498 0.0000e+00
    200.000    10.7915   3.920631    35.2750       5859     4.0678 0.0000e+00
    201.000    10.7918   3.920907    35.2770       5881     4.0835 0.0000e+00
    202.000    10.8325   3.925947    35.2879       5902     4.0981 0.0000e+00
    203.000    10.7141   3.912628    35.2677       5925     4.1136 0.0000e+00
    204.000    10.6108   3.902911    35.2691       5953     4.1333 0.0000e+00
    205.000    10.6081   3.902548    35.2675       5989     4.1584 0.0000e+00
    206.000    10.6045   3.902184    35.2669       6017     4.1780 0.0000e+00
    207.000    10.5807   3.899587    35.2633       6037     4.1920 0.0000e+00
