HB2402/ctd061.cnv
* Sea-Bird SBE 9 Data File:
* FileName = C:\cruise\data\ctd061.hex
* Software Version Seasave V 7.26.7.121
* Temperature SN = 5253
* Conductivity SN = 4421
* Number of Bytes Per Scan = 37
* Number of Voltage Words = 4
* Number of Scans Averaged by the Deck Unit = 1
* NMEA Latitude = 38 26.26 N
* NMEA Longitude = 073 37.07 W
* NMEA UTC (Time) = Mar 17 2024 20:30:32
* NMEA baud rate = 4800
** Ship: Bigelow HB2304
** Program:  Fall Bottom Trawl Survey
** Chief Scientist: John Galbraith
# nquan = 7
# nvalues = 190                         
# units = specified
# name 0 = depSM: Depth [salt water, m]
# name 1 = t090C: Temperature [ITS-90, deg C]
# name 2 = c0S/m: Conductivity [S/m]
# name 3 = sal00: Salinity, Practical [PSU]
# name 4 = scan: Scan Count
# name 5 = timeM: Time, Elapsed [minutes]
# name 6 = flag: flag
# span 0 =      2.000,     97.000       
# span 1 =     6.9006,     9.8638       
# span 2 =   3.291048,   3.695921       
# span 3 =    32.2679,    33.9364       
# span 4 =       -311,       6178       
# span 5 =    -0.2166,     4.2895       
# span 6 = 0.0000e+00, 0.0000e+00       
# interval = meters: 1                  
# start_time = Mar 17 2024 20:30:32 [NMEA time, header]
# bad_flag = -9.990e-29
*END*
      3.000     7.6468   3.394847    32.9080       -311    -0.2166 0.0000e+00
      4.000     7.6039   3.343779    32.3985        330     0.2282 0.0000e+00
      5.000     7.4270   3.338626    32.5081        347     0.2404 0.0000e+00
      6.000     7.4600   3.330051    32.3842        358     0.2482 0.0000e+00
      7.000     7.4466   3.327167    32.3651        378     0.2615 0.0000e+00
      8.000     7.4583   3.324054    32.3202        395     0.2733 0.0000e+00
      9.000     7.4766   3.322146    32.2821        413     0.2860 0.0000e+00
     10.000     7.4467   3.322037    32.3083        439     0.3043 0.0000e+00
     11.000     7.3750   3.313896    32.2868        486     0.3366 0.0000e+00
     12.000     7.3707   3.313267    32.2835        515     0.3570 0.0000e+00
     13.000     7.3647   3.312813    32.2838        535     0.3709 0.0000e+00
     14.000     7.3554   3.312167    32.2849        554     0.3837 0.0000e+00
     15.000     7.3436   3.311451    32.2877        573     0.3973 0.0000e+00
     16.000     7.3311   3.310772    32.2916        600     0.4158 0.0000e+00
     17.000     7.3055   3.309297    32.2991        634     0.4399 0.0000e+00
     18.000     7.2546   3.306088    32.3114        666     0.4615 0.0000e+00
     19.000     7.2402   3.304997    32.3126        690     0.4788 0.0000e+00
     20.000     7.2035   3.302458    32.3189        712     0.4940 0.0000e+00
     21.000     7.1338   3.299143    32.3477        733     0.5087 0.0000e+00
     22.000     7.1096   3.298450    32.3625        757     0.5249 0.0000e+00
     23.000     7.0325   3.295833    32.4059        790     0.5477 0.0000e+00
     24.000     6.9483   3.292209    32.4452        828     0.5744 0.0000e+00
     25.000     6.9240   3.291051    32.4550        855     0.5931 0.0000e+00
     26.000     6.9115   3.291048    32.4663        875     0.6066 0.0000e+00
     27.000     6.9043   3.291077    32.4729        893     0.6192 0.0000e+00
     28.000     6.9018   3.291300    32.4772        913     0.6335 0.0000e+00
     29.000     6.9006   3.291983    32.4854        944     0.6549 0.0000e+00
     30.000     6.9043   3.292739    32.4897        986     0.6841 0.0000e+00
     31.000     6.9091   3.293345    32.4912       1013     0.7024 0.0000e+00
     32.000     6.9259   3.295413    32.4976       1033     0.7165 0.0000e+00
     33.000     6.9418   3.297495    32.5047       1054     0.7310 0.0000e+00
     34.000     6.9789   3.302675    32.5258       1079     0.7488 0.0000e+00
     35.000     7.0328   3.310717    32.5622       1112     0.7717 0.0000e+00
     36.000     7.0572   3.314475    32.5796       1142     0.7923 0.0000e+00
     37.000     7.1058   3.322206    32.6173       1166     0.8092 0.0000e+00
     38.000     7.2228   3.339560    32.6949       1189     0.8247 0.0000e+00
     39.000     7.2498   3.344153    32.7188       1213     0.8415 0.0000e+00
     40.000     7.2815   3.348800    32.7386       1243     0.8625 0.0000e+00
     41.000     7.3008   3.351640    32.7508       1274     0.8839 0.0000e+00
     42.000     7.3314   3.355849    32.7669       1297     0.8998 0.0000e+00
     43.000     7.3909   3.364148    32.7999       1319     0.9154 0.0000e+00
     44.000     7.4972   3.378942    32.8586       1346     0.9343 0.0000e+00
     45.000     7.6251   3.397291    32.9348       1381     0.9583 0.0000e+00
     46.000     7.6502   3.401388    32.9546       1409     0.9778 0.0000e+00
     47.000     7.6531   3.402674    32.9652       1430     0.9925 0.0000e+00
     48.000     7.6984   3.409809    32.9985       1451     1.0072 0.0000e+00
     49.000     7.7265   3.413144    33.0072       1478     1.0255 0.0000e+00
     50.000     7.7336   3.414120    33.0105       1511     1.0486 0.0000e+00
     51.000     7.7365   3.414638    33.0128       1537     1.0668 0.0000e+00
     52.000     7.7438   3.415715    33.0170       1558     1.0813 0.0000e+00
     53.000     7.7499   3.416629    33.0206       1580     1.0963 0.0000e+00
     54.000     7.7530   3.417134    33.0226       1613     1.1198 0.0000e+00
     55.000     7.7586   3.418041    33.0265       1652     1.1466 0.0000e+00
     56.000     7.7707   3.419999    33.0356       1674     1.1616 0.0000e+00
     57.000     7.7862   3.422075    33.0427       1691     1.1739 0.0000e+00
     58.000     7.8114   3.425893    33.0592       1711     1.1873 0.0000e+00
     59.000     7.8569   3.433070    33.0925       1742     1.2092 0.0000e+00
     60.000     7.9618   3.447451    33.1464       1784     1.2380 0.0000e+00
     61.000     7.9798   3.450250    33.1587       1806     1.2536 0.0000e+00
     62.000     7.9795   3.450976    33.1662       1824     1.2663 0.0000e+00
     63.000     7.9775   3.451271    33.1708       1843     1.2791 0.0000e+00
     64.000     7.9766   3.451708    33.1759       1868     1.2965 0.0000e+00
     65.000     7.9826   3.452557    33.1787       1907     1.3235 0.0000e+00
     66.000     8.0060   3.455674    33.1894       1944     1.3493 0.0000e+00
     67.000     8.0552   3.462023    33.2099       1965     1.3637 0.0000e+00
     68.000     8.1860   3.477949    33.2549       1983     1.3762 0.0000e+00
     69.000     8.2531   3.485394    33.2699       2003     1.3904 0.0000e+00
     70.000     8.3001   3.491535    33.2901       2034     1.4118 0.0000e+00
     71.000     8.3769   3.502305    33.3309       2072     1.4384 0.0000e+00
     72.000     8.4539   3.512588    33.3662       2097     1.4552 0.0000e+00
     73.000     8.4792   3.516020    33.3780       2117     1.4692 0.0000e+00
     74.000     8.5496   3.525460    33.4104       2139     1.4846 0.0000e+00
     75.000     8.5819   3.529519    33.4221       2169     1.5053 0.0000e+00
     76.000     8.5893   3.530626    33.4264       2200     1.5272 0.0000e+00
     77.000     8.6186   3.533951    33.4331       2225     1.5441 0.0000e+00
     78.000     8.6702   3.540298    33.4506       2247     1.5594 0.0000e+00
     79.000     8.7282   3.546759    33.4631       2272     1.5773 0.0000e+00
     80.000     8.7317   3.547366    33.4657       2308     1.6020 0.0000e+00
     81.000     8.7328   3.547708    33.4678       2339     1.6237 0.0000e+00
     82.000     8.7511   3.550362    33.4778       2359     1.6375 0.0000e+00
     83.000     8.7559   3.551141    33.4810       2377     1.6497 0.0000e+00
     84.000     8.7313   3.548682    33.4780       2398     1.6643 0.0000e+00
     85.000     8.7033   3.545994    33.4758       2435     1.6903 0.0000e+00
     86.000     8.7070   3.546528    33.4774       2474     1.7174 0.0000e+00
     87.000     8.7069   3.546607    33.4780       2495     1.7318 0.0000e+00
     88.000     8.7036   3.546332    33.4777       2512     1.7439 0.0000e+00
     89.000     8.7056   3.546717    33.4794       2530     1.7565 0.0000e+00
     90.000     8.7126   3.547669    33.4823       2557     1.7747 0.0000e+00
     91.000     8.7253   3.549368    33.4877       2607     1.8097 0.0000e+00
     92.000     8.7919   3.559176    33.5269       2636     1.8299 0.0000e+00
     93.000     9.0118   3.587677    33.6164       2654     1.8425 0.0000e+00
     94.000     9.4842   3.650921    33.8250       2671     1.8542 0.0000e+00
     95.000     9.8293   3.690317    33.9045       2690     1.8677 0.0000e+00
     96.000     9.8638   3.695022    33.9197       2718     1.8870 0.0000e+00
     97.000     9.8393   3.693347    33.9251       2946     2.0449 0.0000e+00
     96.000     9.8558   3.695921    33.9364       3793     2.6333 0.0000e+00
     95.000     9.8491   3.694921    33.9329       3747     2.6013 0.0000e+00
     94.000     9.8323   3.692811    33.9277       3770     2.6173 0.0000e+00
     93.000     9.7088   3.676962    33.8819       3793     2.6335 0.0000e+00
     92.000     9.4214   3.642009    33.7937       3817     2.6501 0.0000e+00
     91.000     9.3040   3.628227    33.7624       3842     2.6673 0.0000e+00
     90.000     9.1082   3.599755    33.6525       3868     2.6855 0.0000e+00
     89.000     9.0206   3.590457    33.6389       3899     2.7071 0.0000e+00
     88.000     8.9614   3.581723    33.6043       3930     2.7287 0.0000e+00
     87.000     8.8601   3.568243    33.5597       3955     2.7459 0.0000e+00
     86.000     8.8259   3.563209    33.5398       3976     2.7607 0.0000e+00
     85.000     8.7804   3.557023    33.5186       3998     2.7758 0.0000e+00
     84.000     8.7819   3.556315    33.5102       4023     2.7929 0.0000e+00
     83.000     8.7944   3.558309    33.5198       4050     2.8120 0.0000e+00
     82.000     8.7527   3.552703    33.5009       4077     2.8306 0.0000e+00
     81.000     8.7556   3.552312    33.4945       4102     2.8483 0.0000e+00
     80.000     8.7540   3.552013    33.4934       4130     2.8673 0.0000e+00
     79.000     8.7566   3.551807    33.4892       4159     2.8874 0.0000e+00
     78.000     8.7476   3.550537    33.4848       4185     2.9056 0.0000e+00
     77.000     8.7418   3.549623    33.4812       4208     2.9213 0.0000e+00
     76.000     8.6940   3.544248    33.4705       4230     2.9370 0.0000e+00
     75.000     8.6410   3.537643    33.4517       4257     2.9555 0.0000e+00
     74.000     8.6447   3.538996    33.4628       4288     2.9772 0.0000e+00
     73.000     8.6365   3.536741    33.4474       4315     2.9956 0.0000e+00
     72.000     8.5912   3.531378    33.4343       4336     3.0105 0.0000e+00
     71.000     8.5575   3.527133    33.4220       4356     3.0243 0.0000e+00
     70.000     8.4577   3.514691    33.3858       4381     3.0414 0.0000e+00
     69.000     8.4804   3.516637    33.3852       4414     3.0648 0.0000e+00
     68.000     8.4194   3.508477    33.3573       4446     3.0869 0.0000e+00
     67.000     8.3182   3.495580    33.3172       4469     3.1030 0.0000e+00
     66.000     8.2159   3.483078    33.2820       4491     3.1179 0.0000e+00
     65.000     8.1347   3.473187    33.2543       4514     3.1343 0.0000e+00
     64.000     8.2107   3.481625    33.2724       4542     3.1533 0.0000e+00
     63.000     8.0745   3.465523    33.2308       4570     3.1730 0.0000e+00
     62.000     8.0432   3.460581    33.2083       4596     3.1909 0.0000e+00
     61.000     8.0315   3.458767    33.2006       4619     3.2073 0.0000e+00
     60.000     8.0104   3.455522    33.1864       4642     3.2229 0.0000e+00
     59.000     7.9604   3.448867    33.1633       4666     3.2394 0.0000e+00
     58.000     7.9649   3.448969    33.1606       4694     3.2592 0.0000e+00
     57.000     7.9191   3.443122    33.1420       4727     3.2818 0.0000e+00
     56.000     7.9170   3.440863    33.1203       4756     3.3019 0.0000e+00
     55.000     7.8343   3.429602    33.0787       4779     3.3183 0.0000e+00
     54.000     7.8221   3.427991    33.0735       4801     3.3331 0.0000e+00
     53.000     7.7956   3.423927    33.0556       4823     3.3485 0.0000e+00
     52.000     7.7750   3.421097    33.0451       4848     3.3660 0.0000e+00
     51.000     7.7822   3.421401    33.0421       4879     3.3872 0.0000e+00
     50.000     7.7746   3.420356    33.0385       4906     3.4063 0.0000e+00
     49.000     7.7556   3.417794    33.0296       4929     3.4222 0.0000e+00
     48.000     7.7589   3.418062    33.0298       4951     3.4376 0.0000e+00
     47.000     7.7502   3.416813    33.0251       4977     3.4554 0.0000e+00
     46.000     7.7213   3.413282    33.0151       5007     3.4763 0.0000e+00
     45.000     7.6884   3.408244    32.9926       5036     3.4969 0.0000e+00
     44.000     7.6694   3.404866    32.9748       5064     3.5159 0.0000e+00
     43.000     7.6309   3.398908    32.9477       5090     3.5341 0.0000e+00
     42.000     7.5493   3.387388    32.9014       5113     3.5499 0.0000e+00
     41.000     7.5312   3.384262    32.8853       5133     3.5639 0.0000e+00
     40.000     7.5018   3.380250    32.8703       5154     3.5781 0.0000e+00
     39.000     7.4208   3.368636    32.8220       5180     3.5967 0.0000e+00
     38.000     7.3617   3.360510    32.7905       5218     3.6230 0.0000e+00
     37.000     7.3661   3.360542    32.7872       5248     3.6437 0.0000e+00
     36.000     7.2979   3.350951    32.7484       5269     3.6582 0.0000e+00
     35.000     7.1800   3.334138    32.6779       5289     3.6721 0.0000e+00
     34.000     7.1644   3.330505    32.6537       5313     3.6885 0.0000e+00
     33.000     7.1467   3.328297    32.6469       5344     3.7104 0.0000e+00
     32.000     7.0994   3.320672    32.6091       5372     3.7298 0.0000e+00
     31.000     7.0269   3.309920    32.5610       5393     3.7447 0.0000e+00
     30.000     6.9971   3.305572    32.5422       5415     3.7594 0.0000e+00
     29.000     6.9498   3.299061    32.5163       5441     3.7781 0.0000e+00
     28.000     6.9383   3.297195    32.5073       5478     3.8031 0.0000e+00
     27.000     6.9470   3.298162    32.5100       5505     3.8221 0.0000e+00
     26.000     6.9237   3.294960    32.4975       5524     3.8357 0.0000e+00
     25.000     6.9149   3.292796    32.4827       5544     3.8490 0.0000e+00
     24.000     6.9154   3.292339    32.4777       5569     3.8665 0.0000e+00
     23.000     6.9152   3.291716    32.4715       5604     3.8907 0.0000e+00
     22.000     6.9240   3.292190    32.4689       5632     3.9105 0.0000e+00
     21.000     6.9288   3.291699    32.4595       5653     3.9253 0.0000e+00
     20.000     7.0458   3.295358    32.3897       5675     3.9402 0.0000e+00
     19.000     7.0779   3.296625    32.3737       5702     3.9588 0.0000e+00
     18.000     7.0746   3.296831    32.3795       5730     3.9787 0.0000e+00
     17.000     7.1648   3.300225    32.3323       5754     3.9952 0.0000e+00
     16.000     7.1858   3.301566    32.3277       5777     4.0112 0.0000e+00
     15.000     7.2499   3.305229    32.3079       5806     4.0310 0.0000e+00
     14.000     7.2975   3.307864    32.2924       5838     4.0536 0.0000e+00
     13.000     7.3347   3.310079    32.2821       5862     4.0703 0.0000e+00
     12.000     7.3369   3.310331    32.2833       5882     4.0838 0.0000e+00
     11.000     7.3680   3.312850    32.2820       5901     4.0974 0.0000e+00
     10.000     7.3892   3.314399    32.2794       5928     4.1158 0.0000e+00
      9.000     7.4870   3.321727    32.2679       5965     4.1414 0.0000e+00
      8.000     7.4992   3.322950    32.2701       5992     4.1607 0.0000e+00
      7.000     7.4863   3.322002    32.2724       6013     4.1748 0.0000e+00
      6.000     7.4852   3.321798    32.2717       6031     4.1874 0.0000e+00
      5.000     7.4938   3.322421    32.2709       6051     4.2012 0.0000e+00
      4.000     7.4887   3.321968    32.2713       6080     4.2217 0.0000e+00
      3.000     7.4882   3.321851    32.2710       6118     4.2479 0.0000e+00
      2.000     7.4922   3.322200    32.2714       6178     4.2895 0.0000e+00
