HB2402/ctd051.cnv
* Sea-Bird SBE 9 Data File:
* FileName = C:\cruise\data\ctd051.hex
* Software Version Seasave V 7.26.7.121
* Temperature SN = 5253
* Conductivity SN = 4421
* Number of Bytes Per Scan = 37
* Number of Voltage Words = 4
* Number of Scans Averaged by the Deck Unit = 1
* NMEA Latitude = 37 21.69 N
* NMEA Longitude = 075 27.74 W
* NMEA UTC (Time) = Mar 16 2024 10:28:12
* NMEA baud rate = 4800
** Ship: Bigelow HB2304
** Program:  Fall Bottom Trawl Survey
** Chief Scientist: John Galbraith
# nquan = 7
# nvalues = 42                          
# units = specified
# name 0 = depSM: Depth [salt water, m]
# name 1 = t090C: Temperature [ITS-90, deg C]
# name 2 = c0S/m: Conductivity [S/m]
# name 3 = sal00: Salinity, Practical [PSU]
# name 4 = scan: Scan Count
# name 5 = timeM: Time, Elapsed [minutes]
# name 6 = flag: flag
# span 0 =      1.000,     23.000       
# span 1 =     8.0327,     9.2018       
# span 2 =   3.249098,   3.298963       
# span 3 =    30.4977,    31.0180       
# span 4 =        117,       2231       
# span 5 =     0.0805,     1.5489       
# span 6 = 0.0000e+00, 0.0000e+00       
# interval = meters: 1                  
# start_time = Mar 16 2024 10:28:12 [NMEA time, header]
# bad_flag = -9.990e-29
*END*
      4.000     9.2012   3.298828    30.5010        117     0.0805 0.0000e+00
      5.000     9.2009   3.298845    30.5010        285     0.1969 0.0000e+00
      6.000     9.2018   3.298963    30.5011        310     0.2146 0.0000e+00
      7.000     9.2011   3.298953    30.5011        337     0.2332 0.0000e+00
      8.000     9.1993   3.298898    30.5017        361     0.2501 0.0000e+00
      9.000     9.1284   3.295899    30.5312        383     0.2654 0.0000e+00
     10.000     8.8553   3.285778    30.6614        408     0.2825 0.0000e+00
     11.000     8.7729   3.282051    30.6937        434     0.3010 0.0000e+00
     12.000     8.2858   3.259768    30.8858        462     0.3200 0.0000e+00
     13.000     8.0869   3.250629    30.9642        489     0.3387 0.0000e+00
     14.000     8.0844   3.250776    30.9675        513     0.3558 0.0000e+00
     15.000     8.0693   3.250241    30.9748        538     0.3732 0.0000e+00
     16.000     8.0604   3.249837    30.9780        568     0.3935 0.0000e+00
     17.000     8.0551   3.249745    30.9813        598     0.4148 0.0000e+00
     18.000     8.0511   3.249886    30.9859        623     0.4318 0.0000e+00
     19.000     8.0457   3.250163    30.9931        648     0.4493 0.0000e+00
     20.000     8.0414   3.250436    30.9993        678     0.4704 0.0000e+00
     21.000     8.0387   3.250662    31.0037        707     0.4902 0.0000e+00
     22.000     8.0346   3.251089    31.0113        730     0.5059 0.0000e+00
     23.000     8.0327   3.251601    31.0180        772     0.5357 0.0000e+00
     22.000     8.0396   3.250755    31.0034       1143     0.7927 0.0000e+00
     21.000     8.0396   3.250597    31.0022       1240     0.8606 0.0000e+00
     20.000     8.0414   3.250342    30.9984       1265     0.8778 0.0000e+00
     19.000     8.0446   3.249954    30.9919       1311     0.9101 0.0000e+00
     18.000     8.0476   3.249786    30.9879       1354     0.9396 0.0000e+00
     17.000     8.0527   3.249371    30.9795       1376     0.9548 0.0000e+00
     16.000     8.0548   3.249198    30.9762       1399     0.9708 0.0000e+00
     15.000     8.0572   3.249098    30.9734       1425     0.9889 0.0000e+00
     14.000     8.0686   3.249321    30.9662       1451     1.0070 0.0000e+00
     13.000     8.0839   3.249781    30.9580       1474     1.0230 0.0000e+00
     12.000     8.1016   3.250094    30.9461       1498     1.0394 0.0000e+00
     11.000     8.3511   3.260656    30.8382       1527     1.0594 0.0000e+00
     10.000     8.7853   3.279697    30.6590       1558     1.0814 0.0000e+00
      9.000     8.9525   3.286557    30.5861       1584     1.0994 0.0000e+00
      8.000     9.0647   3.291373    30.5397       1610     1.1174 0.0000e+00
      7.000     9.1152   3.293669    30.5204       1644     1.1408 0.0000e+00
      6.000     9.1411   3.294763    30.5099       1673     1.1613 0.0000e+00
      5.000     9.1698   3.296380    30.5023       1695     1.1761 0.0000e+00
      4.000     9.1890   3.297485    30.4977       1737     1.2059 0.0000e+00
      3.000     9.1868   3.297285    30.4979       1788     1.2411 0.0000e+00
      2.000     9.1921   3.297834    30.4995       1931     1.3403 0.0000e+00
      1.000     9.1961   3.298345    30.5017       2231     1.5489 0.0000e+00
