HB2402/ctd008.cnv
* Sea-Bird SBE 9 Data File:
* FileName = C:\cruise\data\ctd008.hex
* Software Version Seasave V 7.26.7.121
* Temperature SN = 5253
* Conductivity SN = 4421
* Number of Bytes Per Scan = 37
* Number of Voltage Words = 4
* Number of Scans Averaged by the Deck Unit = 1
* NMEA Latitude = 37 47.53 N
* NMEA Longitude = 074 12.13 W
* NMEA UTC (Time) = Mar 08 2024 21:14:28
* NMEA baud rate = 4800
** Ship: Bigelow HB2304
** Program:  Fall Bottom Trawl Survey
** Chief Scientist: John Galbraith
# nquan = 7
# nvalues = 218                         
# units = specified
# name 0 = depSM: Depth [salt water, m]
# name 1 = t090C: Temperature [ITS-90, deg C]
# name 2 = c0S/m: Conductivity [S/m]
# name 3 = sal00: Salinity, Practical [PSU]
# name 4 = scan: Scan Count
# name 5 = timeM: Time, Elapsed [minutes]
# name 6 = flag: flag
# span 0 =      3.000,    112.000       
# span 1 =     8.0087,    11.9983       
# span 2 =   3.410189,   3.949116       
# span 3 =    32.6395,    34.5379       
# span 4 =       -135,       6644       
# span 5 =    -0.0943,     4.6131       
# span 6 = 0.0000e+00, 0.0000e+00       
# interval = meters: 1                  
# start_time = Mar 08 2024 21:14:28 [NMEA time, header]
# bad_flag = -9.990e-29
*END*
      4.000     8.4258   3.438302    32.6406       -135    -0.0943 0.0000e+00
      5.000     8.4269   3.438346    32.6395        207     0.1433 0.0000e+00
      6.000     8.4267   3.438415    32.6400        292     0.2019 0.0000e+00
      7.000     8.4268   3.438446    32.6398        321     0.2224 0.0000e+00
      8.000     8.4268   3.438561    32.6405        348     0.2409 0.0000e+00
      9.000     8.4267   3.438601    32.6405        373     0.2585 0.0000e+00
     10.000     8.4243   3.438488    32.6411        399     0.2765 0.0000e+00
     11.000     8.4207   3.438197    32.6409        424     0.2937 0.0000e+00
     12.000     8.4180   3.438182    32.6428        449     0.3108 0.0000e+00
     13.000     8.4145   3.438004    32.6438        474     0.3283 0.0000e+00
     14.000     8.4175   3.438188    32.6425        499     0.3460 0.0000e+00
     15.000     8.4184   3.438286    32.6421        527     0.3653 0.0000e+00
     16.000     8.4169   3.438269    32.6429        560     0.3884 0.0000e+00
     17.000     8.4147   3.438185    32.6436        593     0.4113 0.0000e+00
     18.000     8.4146   3.438213    32.6435        617     0.4281 0.0000e+00
     19.000     8.4149   3.438198    32.6427        636     0.4409 0.0000e+00
     20.000     8.4008   3.437173    32.6444        654     0.4534 0.0000e+00
     21.000     8.3962   3.436926    32.6457        673     0.4664 0.0000e+00
     22.000     8.3893   3.436484    32.6469        696     0.4825 0.0000e+00
     23.000     8.3768   3.435622    32.6489        725     0.5031 0.0000e+00
     24.000     8.3633   3.434609    32.6503        788     0.5467 0.0000e+00
     25.000     8.3676   3.434965    32.6496        828     0.5744 0.0000e+00
     26.000     8.3606   3.434298    32.6486        843     0.5849 0.0000e+00
     27.000     8.3196   3.431314    32.6547        856     0.5940 0.0000e+00
     28.000     8.3042   3.430244    32.6573        868     0.6022 0.0000e+00
     29.000     8.2839   3.428396    32.6561        880     0.6105 0.0000e+00
     30.000     8.2415   3.424985    32.6590        894     0.6201 0.0000e+00
     31.000     8.1964   3.421248    32.6609        915     0.6345 0.0000e+00
     32.000     8.1702   3.418942    32.6604       1009     0.7000 0.0000e+00
     33.000     8.1285   3.415927    32.6667       1038     0.7201 0.0000e+00
     34.000     8.1123   3.414666    32.6680       1053     0.7305 0.0000e+00
     35.000     8.0856   3.412617    32.6707       1067     0.7406 0.0000e+00
     36.000     8.0749   3.411789    32.6713       1083     0.7513 0.0000e+00
     37.000     8.0699   3.411416    32.6715       1100     0.7633 0.0000e+00
     38.000     8.0632   3.411148    32.6745       1120     0.7773 0.0000e+00
     39.000     8.0439   3.410739    32.6877       1147     0.7957 0.0000e+00
     40.000     8.0203   3.410189    32.7034       1197     0.8306 0.0000e+00
     41.000     8.0128   3.410476    32.7130       1248     0.8662 0.0000e+00
     42.000     8.0087   3.411654    32.7289       1271     0.8819 0.0000e+00
     43.000     8.0125   3.412793    32.7370       1290     0.8955 0.0000e+00
     44.000     8.0470   3.419040    32.7708       1308     0.9077 0.0000e+00
     45.000     8.1174   3.429196    32.8124       1326     0.9203 0.0000e+00
     46.000     8.1832   3.438079    32.8447       1345     0.9333 0.0000e+00
     47.000     8.2442   3.445795    32.8689       1366     0.9477 0.0000e+00
     48.000     8.2957   3.452586    32.8921       1391     0.9656 0.0000e+00
     49.000     8.4598   3.473052    32.9543       1434     0.9952 0.0000e+00
     50.000     8.5618   3.485936    32.9941       1480     1.0274 0.0000e+00
     51.000     8.5973   3.490730    33.0109       1507     1.0459 0.0000e+00
     52.000     8.6782   3.501115    33.0439       1530     1.0618 0.0000e+00
     53.000     8.7856   3.515661    33.0953       1550     1.0759 0.0000e+00
     54.000     9.1100   3.558594    33.2393       1569     1.0892 0.0000e+00
     55.000     9.7002   3.631600    33.4425       1589     1.1028 0.0000e+00
     56.000     9.8563   3.650219    33.4872       1610     1.1173 0.0000e+00
     57.000     9.9759   3.666367    33.5403       1635     1.1348 0.0000e+00
     58.000    10.0818   3.681252    33.5929       1666     1.1561 0.0000e+00
     59.000    10.2013   3.696764    33.6388       1707     1.1850 0.0000e+00
     60.000    10.3010   3.710504    33.6849       1751     1.2151 0.0000e+00
     61.000    10.4151   3.725707    33.7320       1775     1.2321 0.0000e+00
     62.000    10.5165   3.739111    33.7725       1794     1.2452 0.0000e+00
     63.000    10.6116   3.751376    33.8071       1812     1.2574 0.0000e+00
     64.000    10.6820   3.760485    33.8329       1829     1.2697 0.0000e+00
     65.000    10.7366   3.768189    33.8590       1848     1.2829 0.0000e+00
     66.000    10.7700   3.773314    33.8789       1872     1.2992 0.0000e+00
     67.000    10.7898   3.777333    33.9003       1908     1.3246 0.0000e+00
     68.000    10.8110   3.781192    33.9188       1956     1.3573 0.0000e+00
     69.000    10.8332   3.785039    33.9363       1985     1.3776 0.0000e+00
     70.000    10.9030   3.795215    33.9726       2008     1.3939 0.0000e+00
     71.000    11.0836   3.823509    34.0864       2030     1.4092 0.0000e+00
     72.000    11.2325   3.843651    34.1477       2049     1.4221 0.0000e+00
     73.000    11.2091   3.842727    34.1598       2066     1.4341 0.0000e+00
     74.000    11.3488   3.861868    34.2192       2084     1.4468 0.0000e+00
     75.000    11.5663   3.886962    34.2647       2113     1.4669 0.0000e+00
     76.000    11.5762   3.888771    34.2729       2180     1.5131 0.0000e+00
     77.000    11.7248   3.907717    34.3209       2203     1.5292 0.0000e+00
     78.000    11.8056   3.917411    34.3406       2220     1.5408 0.0000e+00
     79.000    11.8999   3.929851    34.3746       2234     1.5510 0.0000e+00
     80.000    11.9180   3.932532    34.3836       2250     1.5619 0.0000e+00
     81.000    11.8609   3.926404    34.3761       2270     1.5754 0.0000e+00
     82.000    11.9316   3.936634    34.4102       2301     1.5969 0.0000e+00
     83.000    11.9818   3.943027    34.4257       2348     1.6296 0.0000e+00
     84.000    11.9862   3.944083    34.4315       2382     1.6536 0.0000e+00
     85.000    11.9943   3.945869    34.4410       2405     1.6693 0.0000e+00
     86.000    11.9983   3.947835    34.4561       2426     1.6840 0.0000e+00
     87.000    11.9953   3.949116    34.4708       2449     1.6998 0.0000e+00
     88.000    11.9613   3.946165    34.4731       2474     1.7171 0.0000e+00
     89.000    11.9205   3.941637    34.4663       2497     1.7334 0.0000e+00
     90.000    11.8866   3.938031    34.4620       2520     1.7492 0.0000e+00
     91.000    11.8894   3.938345    34.4620       2548     1.7686 0.0000e+00
     92.000    11.8632   3.935380    34.4569       2586     1.7953 0.0000e+00
     93.000    11.8493   3.933746    34.4534       2616     1.8163 0.0000e+00
     94.000    11.8079   3.928786    34.4428       2638     1.8313 0.0000e+00
     95.000    11.7722   3.925023    34.4386       2657     1.8442 0.0000e+00
     96.000    11.7760   3.925773    34.4420       2677     1.8582 0.0000e+00
     97.000    11.7720   3.925519    34.4428       2713     1.8833 0.0000e+00
     98.000    11.7693   3.925255    34.4423       2762     1.9175 0.0000e+00
     99.000    11.7641   3.924758    34.4418       2784     1.9327 0.0000e+00
    100.000    11.7408   3.924482    34.4603       2800     1.9441 0.0000e+00
    101.000    11.7432   3.927840    34.4905       2816     1.9545 0.0000e+00
    102.000    11.7357   3.927901    34.4976       2832     1.9658 0.0000e+00
    103.000    11.7367   3.928097    34.4981       2854     1.9815 0.0000e+00
    104.000    11.7360   3.928036    34.4978       2893     2.0081 0.0000e+00
    105.000    11.7310   3.927436    34.4961       2932     2.0356 0.0000e+00
    106.000    11.7255   3.926923    34.4958       2960     2.0552 0.0000e+00
    107.000    11.7276   3.927597    34.5000       2987     2.0734 0.0000e+00
    108.000    11.7559   3.931530    34.5118       3013     2.0919 0.0000e+00
    109.000    11.7635   3.932588    34.5146       3040     2.1103 0.0000e+00
    110.000    11.7818   3.935413    34.5248       3062     2.1259 0.0000e+00
    111.000    11.7926   3.937026    34.5302       3097     2.1499 0.0000e+00
    112.000    11.8080   3.939323    34.5379       3864     2.6827 0.0000e+00
    111.000    11.7965   3.937728    34.5334       3624     2.5158 0.0000e+00
    110.000    11.7883   3.936386    34.5284       3734     2.5921 0.0000e+00
    109.000    11.7801   3.935156    34.5243       3848     2.6713 0.0000e+00
    108.000    11.7801   3.935085    34.5241       3858     2.6784 0.0000e+00
    107.000    11.7696   3.933595    34.5197       3878     2.6921 0.0000e+00
    106.000    11.7563   3.931628    34.5132       3898     2.7060 0.0000e+00
    105.000    11.7549   3.931408    34.5128       3922     2.7232 0.0000e+00
    104.000    11.7390   3.929094    34.5053       3969     2.7553 0.0000e+00
    103.000    11.7382   3.928949    34.5051       4008     2.7830 0.0000e+00
    102.000    11.7302   3.927731    34.5011       4028     2.7963 0.0000e+00
    101.000    11.7244   3.926797    34.4978       4045     2.8085 0.0000e+00
    100.000    11.7234   3.926402    34.4952       4063     2.8210 0.0000e+00
     99.000    11.7260   3.926394    34.4931       4087     2.8373 0.0000e+00
     98.000    11.7285   3.926093    34.4883       4126     2.8646 0.0000e+00
     97.000    11.7267   3.924477    34.4746       4157     2.8860 0.0000e+00
     96.000    11.7389   3.922723    34.4466       4175     2.8986 0.0000e+00
     95.000    11.7559   3.923711    34.4409       4192     2.9102 0.0000e+00
     94.000    11.7643   3.924363    34.4399       4210     2.9229 0.0000e+00
     93.000    11.7702   3.924849    34.4396       4236     2.9408 0.0000e+00
     92.000    11.7752   3.925274    34.4396       4276     2.9691 0.0000e+00
     91.000    11.7804   3.925767    34.4400       4311     2.9929 0.0000e+00
     90.000    11.8020   3.928117    34.4435       4341     3.0142 0.0000e+00
     89.000    11.8365   3.931778    34.4478       4373     3.0358 0.0000e+00
     88.000    11.8722   3.935951    34.4559       4394     3.0508 0.0000e+00
     87.000    11.8913   3.938232    34.4609       4410     3.0621 0.0000e+00
     86.000    11.9341   3.942676    34.4651       4426     3.0726 0.0000e+00
     85.000    11.9589   3.944566    34.4610       4441     3.0833 0.0000e+00
     84.000    11.9637   3.944424    34.4557       4459     3.0960 0.0000e+00
     83.000    11.9638   3.944036    34.4522       4491     3.1178 0.0000e+00
     82.000    11.9382   3.938810    34.4253       4546     3.1562 0.0000e+00
     81.000    11.9156   3.935385    34.4133       4583     3.1818 0.0000e+00
     80.000    11.8848   3.930133    34.3909       4605     3.1972 0.0000e+00
     79.000    11.7838   3.917029    34.3567       4622     3.2093 0.0000e+00
     78.000    11.6735   3.903238    34.3240       4639     3.2208 0.0000e+00
     77.000    11.4674   3.878499    34.2720       4657     3.2334 0.0000e+00
     76.000    11.4290   3.874534    34.2691       4680     3.2492 0.0000e+00
     75.000    11.4315   3.873311    34.2551       4710     3.2699 0.0000e+00
     74.000    11.4247   3.871922    34.2481       4741     3.2917 0.0000e+00
     73.000    11.3233   3.859354    34.2185       4771     3.3123 0.0000e+00
     72.000    11.3181   3.859131    34.2216       4798     3.3311 0.0000e+00
     71.000    11.2975   3.856285    34.2130       4823     3.3486 0.0000e+00
     70.000    11.2816   3.853228    34.1979       4848     3.3658 0.0000e+00
     69.000    11.1895   3.839608    34.1489       4874     3.3841 0.0000e+00
     68.000    11.0550   3.820944    34.0888       4902     3.4037 0.0000e+00
     67.000    10.9404   3.803677    34.0237       4929     3.4222 0.0000e+00
     66.000    10.9381   3.802512    34.0147       4951     3.4372 0.0000e+00
     65.000    10.8805   3.793646    33.9800       4971     3.4513 0.0000e+00
     64.000    10.7924   3.780312    33.9290       4993     3.4664 0.0000e+00
     63.000    10.8134   3.782262    33.9295       5023     3.4876 0.0000e+00
     62.000    10.7048   3.766976    33.8777       5063     3.5152 0.0000e+00
     61.000    10.6973   3.766612    33.8814       5091     3.5344 0.0000e+00
     60.000    10.5777   3.749581    33.8219       5110     3.5482 0.0000e+00
     59.000    10.3587   3.720851    33.7363       5130     3.5621 0.0000e+00
     58.000    10.3498   3.717862    33.7148       5154     3.5782 0.0000e+00
     57.000    10.2458   3.704677    33.6785       5181     3.5971 0.0000e+00
     56.000    10.1704   3.697406    33.6753       5208     3.6157 0.0000e+00
     55.000    10.0277   3.675914    33.5901       5233     3.6333 0.0000e+00
     54.000    10.0270   3.675406    33.5861       5257     3.6503 0.0000e+00
     53.000     9.9268   3.662692    33.5502       5281     3.6669 0.0000e+00
     52.000     9.7075   3.634483    33.4664       5307     3.6848 0.0000e+00
     51.000     9.4445   3.599961    33.3567       5343     3.7094 0.0000e+00
     50.000     8.8659   3.529599    33.1676       5377     3.7337 0.0000e+00
     49.000     8.7708   3.514491    33.0989       5398     3.7482 0.0000e+00
     48.000     8.6142   3.494016    33.0309       5416     3.7603 0.0000e+00
     47.000     8.4330   3.472866    32.9784       5434     3.7727 0.0000e+00
     46.000     8.3443   3.462260    32.9498       5456     3.7885 0.0000e+00
     45.000     8.3920   3.465144    32.9361       5496     3.8157 0.0000e+00
     44.000     8.3725   3.463134    32.9336       5529     3.8392 0.0000e+00
     43.000     8.2665   3.449467    32.8888       5548     3.8524 0.0000e+00
     42.000     8.1455   3.431891    32.8161       5566     3.8646 0.0000e+00
     41.000     8.0776   3.422277    32.7780       5585     3.8781 0.0000e+00
     40.000     8.0440   3.416778    32.7513       5613     3.8970 0.0000e+00
     39.000     8.0364   3.414090    32.7303       5650     3.9231 0.0000e+00
     38.000     8.0533   3.414533    32.7198       5684     3.9462 0.0000e+00
     37.000     8.0854   3.414450    32.6893       5709     3.9641 0.0000e+00
     36.000     8.0918   3.414047    32.6796       5731     3.9793 0.0000e+00
     35.000     8.0965   3.414083    32.6760       5752     3.9938 0.0000e+00
     34.000     8.0992   3.414218    32.6754       5775     4.0100 0.0000e+00
     33.000     8.1066   3.414631    32.6734       5802     4.0287 0.0000e+00
     32.000     8.1272   3.416080    32.6700       5830     4.0479 0.0000e+00
     31.000     8.1509   3.417933    32.6681       5854     4.0648 0.0000e+00
     30.000     8.1737   3.419521    32.6641       5876     4.0801 0.0000e+00
     29.000     8.1802   3.419900    32.6625       5898     4.0952 0.0000e+00
     28.000     8.1974   3.421079    32.6596       5921     4.1114 0.0000e+00
     27.000     8.2292   3.423849    32.6597       5953     4.1333 0.0000e+00
     26.000     8.2625   3.426631    32.6587       6003     4.1680 0.0000e+00
     25.000     8.2802   3.428025    32.6575       6029     4.1861 0.0000e+00
     24.000     8.3046   3.429911    32.6552       6047     4.1986 0.0000e+00
     23.000     8.3284   3.431789    32.6534       6064     4.2102 0.0000e+00
     22.000     8.3360   3.432404    32.6533       6083     4.2237 0.0000e+00
     21.000     8.3391   3.432675    32.6537       6108     4.2406 0.0000e+00
     20.000     8.3624   3.434231    32.6490       6136     4.2601 0.0000e+00
     19.000     8.3681   3.434644    32.6485       6160     4.2773 0.0000e+00
     18.000     8.3795   3.435457    32.6470       6183     4.2931 0.0000e+00
     17.000     8.3768   3.435298    32.6483       6210     4.3119 0.0000e+00
     16.000     8.3839   3.435721    32.6466       6244     4.3353 0.0000e+00
