HB2402/ctd025.cnv
* Sea-Bird SBE 9 Data File:
* FileName = C:\cruise\data\ctd025.hex
* Software Version Seasave V 7.26.7.121
* Temperature SN = 5253
* Conductivity SN = 4421
* Number of Bytes Per Scan = 37
* Number of Voltage Words = 4
* Number of Scans Averaged by the Deck Unit = 1
* NMEA Latitude = 34 56.29 N
* NMEA Longitude = 075 47.59 W
* NMEA UTC (Time) = Mar 12 2024 14:19:27
* NMEA baud rate = 4800
** Ship: Bigelow HB2304
** Program:  Fall Bottom Trawl Survey
** Chief Scientist: John Galbraith
# nquan = 7
# nvalues = 45                          
# units = specified
# name 0 = depSM: Depth [salt water, m]
# name 1 = t090C: Temperature [ITS-90, deg C]
# name 2 = c0S/m: Conductivity [S/m]
# name 3 = sal00: Salinity, Practical [PSU]
# name 4 = scan: Scan Count
# name 5 = timeM: Time, Elapsed [minutes]
# name 6 = flag: flag
# span 0 =      1.000,     24.000       
# span 1 =    14.7722,    16.2917       
# span 2 =   3.960823,   4.267225       
# span 3 =    32.1615,    33.6456       
# span 4 =        142,       2688       
# span 5 =     0.0976,     1.8662       
# span 6 = 0.0000e+00, 0.0000e+00       
# interval = meters: 1                  
# start_time = Mar 12 2024 14:19:27 [NMEA time, header]
# bad_flag = -9.990e-29
*END*
      3.000    14.7936   3.962376    32.1832        142     0.0976 0.0000e+00
      4.000    14.7731   3.962055    32.1968        292     0.2021 0.0000e+00
      5.000    14.7737   3.962428    32.1993        336     0.2326 0.0000e+00
      6.000    14.7722   3.963475    32.2096        388     0.2686 0.0000e+00
      7.000    14.7755   3.964271    32.2137        442     0.3061 0.0000e+00
      8.000    14.7832   3.965784    32.2206        487     0.3378 0.0000e+00
      9.000    14.7829   3.965756    32.2203        531     0.3677 0.0000e+00
     10.000    14.7856   3.966324    32.2228        580     0.4020 0.0000e+00
     11.000    14.8142   3.971461    32.2453        624     0.4328 0.0000e+00
     12.000    14.8655   3.981080    32.2894        663     0.4598 0.0000e+00
     13.000    14.9092   3.989676    32.3305        693     0.4806 0.0000e+00
     14.000    14.9475   3.996708    32.3619        726     0.5032 0.0000e+00
     15.000    15.1270   4.027930    32.4938        760     0.5268 0.0000e+00
     16.000    15.4104   4.081005    32.7339        793     0.5499 0.0000e+00
     17.000    15.6837   4.130529    32.9480        829     0.5753 0.0000e+00
     18.000    15.8674   4.166931    33.1176        867     0.6012 0.0000e+00
     19.000    16.0070   4.196794    33.2650        903     0.6265 0.0000e+00
     20.000    16.1610   4.238608    33.5049        939     0.6514 0.0000e+00
     21.000    16.2211   4.253309    33.5837        979     0.6792 0.0000e+00
     22.000    16.2466   4.258375    33.6064       1020     0.7075 0.0000e+00
     23.000    16.2541   4.259940    33.6135       1056     0.7325 0.0000e+00
     24.000    16.2917   4.267225    33.6456       1282     0.8893 0.0000e+00
     23.000    16.2721   4.264255    33.6364       1590     1.1037 0.0000e+00
     22.000    16.2534   4.260624    33.6205       1627     1.1288 0.0000e+00
     21.000    16.2250   4.255210    33.5971       1888     1.3102 0.0000e+00
     20.000    16.2168   4.253369    33.5882       2027     1.4071 0.0000e+00
     19.000    16.2021   4.249868    33.5701       2050     1.4229 0.0000e+00
     18.000    16.1306   4.232048    33.4733       2078     1.4426 0.0000e+00
     17.000    16.0140   4.201801    33.3043       2105     1.4613 0.0000e+00
     16.000    15.8847   4.172743    33.1556       2130     1.4785 0.0000e+00
     15.000    15.7659   4.148925    33.0438       2155     1.4958 0.0000e+00
     14.000    15.6321   4.122215    32.9181       2181     1.5136 0.0000e+00
     13.000    15.4770   4.093886    32.7950       2207     1.5319 0.0000e+00
     12.000    15.2265   4.047949    32.5923       2234     1.5505 0.0000e+00
     11.000    15.1164   4.026334    32.4900       2259     1.5680 0.0000e+00
     10.000    15.0050   4.006224    32.4016       2282     1.5840 0.0000e+00
      9.000    14.9461   3.995512    32.3541       2305     1.5997 0.0000e+00
      8.000    14.9178   3.987818    32.3085       2329     1.6164 0.0000e+00
      7.000    14.8526   3.978209    32.2760       2355     1.6351 0.0000e+00
      6.000    14.8344   3.973418    32.2481       2382     1.6534 0.0000e+00
      5.000    14.8124   3.969632    32.2325       2406     1.6704 0.0000e+00
      4.000    14.8031   3.967669    32.2228       2432     1.6883 0.0000e+00
      3.000    14.7940   3.964621    32.2031       2526     1.7532 0.0000e+00
      2.000    14.8049   3.963818    32.1872       2645     1.8358 0.0000e+00
      1.000    14.8037   3.960823    32.1615       2688     1.8662 0.0000e+00
