HB2402/ctd074.cnv
* Sea-Bird SBE 9 Data File:
* FileName = C:\cruise\data\ctd074.hex
* Software Version Seasave V 7.26.7.121
* Temperature SN = 5253
* Conductivity SN = 4421
* Number of Bytes Per Scan = 37
* Number of Voltage Words = 4
* Number of Scans Averaged by the Deck Unit = 1
* NMEA Latitude = 39 07.35 N
* NMEA Longitude = 074 29.86 W
* NMEA UTC (Time) = Mar 20 2024 04:50:08
* NMEA baud rate = 4800
** Ship: Bigelow HB2304
** Program:  Fall Bottom Trawl Survey
** Chief Scientist: John Galbraith
# nquan = 7
# nvalues = 32                          
# units = specified
# name 0 = depSM: Depth [salt water, m]
# name 1 = t090C: Temperature [ITS-90, deg C]
# name 2 = c0S/m: Conductivity [S/m]
# name 3 = sal00: Salinity, Practical [PSU]
# name 4 = scan: Scan Count
# name 5 = timeM: Time, Elapsed [minutes]
# name 6 = flag: flag
# span 0 =      1.000,     18.000       
# span 1 =     7.4442,     7.9627       
# span 2 =   3.167780,   3.192702       
# span 3 =    30.2045,    30.9122       
# span 4 =        201,       1927       
# span 5 =     0.1389,     1.3376       
# span 6 = 0.0000e+00, 0.0000e+00       
# interval = meters: 1                  
# start_time = Mar 20 2024 04:50:08 [NMEA time, header]
# bad_flag = -9.990e-29
*END*
      4.000     7.9606   3.167780    30.2045        201     0.1389 0.0000e+00
      5.000     7.9607   3.168042    30.2067        338     0.2343 0.0000e+00
      6.000     7.9610   3.168159    30.2073        375     0.2595 0.0000e+00
      7.000     7.9614   3.168331    30.2083        429     0.2970 0.0000e+00
      8.000     7.9619   3.168487    30.2091        454     0.3142 0.0000e+00
      9.000     7.9611   3.168479    30.2092        488     0.3383 0.0000e+00
     10.000     7.9589   3.168327    30.2091        538     0.3729 0.0000e+00
     11.000     7.9593   3.168417    30.2093        566     0.3921 0.0000e+00
     12.000     7.9604   3.168526    30.2091        601     0.4169 0.0000e+00
     13.000     7.9617   3.168753    30.2099        654     0.4537 0.0000e+00
     14.000     7.9613   3.169746    30.2203        681     0.4725 0.0000e+00
     15.000     7.9532   3.171365    30.2439        710     0.4926 0.0000e+00
     16.000     7.8231   3.180000    30.4482        764     0.5299 0.0000e+00
     17.000     7.4686   3.192702    30.8951        801     0.5554 0.0000e+00
     18.000     7.4442   3.192320    30.9122        933     0.6475 0.0000e+00
     17.000     7.4535   3.191794    30.8988       1145     0.7943 0.0000e+00
     16.000     7.4879   3.191047    30.8606       1227     0.8511 0.0000e+00
     15.000     7.7195   3.181724    30.5574       1261     0.8750 0.0000e+00
     14.000     7.9071   3.172377    30.2950       1292     0.8967 0.0000e+00
     13.000     7.9430   3.169871    30.2378       1337     0.9278 0.0000e+00
     12.000     7.9543   3.169329    30.2227       1388     0.9633 0.0000e+00
     11.000     7.9601   3.168856    30.2132       1421     0.9859 0.0000e+00
     10.000     7.9627   3.168790    30.2107       1458     1.0121 0.0000e+00
      9.000     7.9608   3.168498    30.2097       1510     1.0478 0.0000e+00
      8.000     7.9605   3.168319    30.2085       1542     1.0702 0.0000e+00
      7.000     7.9612   3.168313    30.2083       1580     1.0965 0.0000e+00
      6.000     7.9599   3.168203    30.2087       1632     1.1325 0.0000e+00
      5.000     7.9606   3.168180    30.2083       1664     1.1549 0.0000e+00
      4.000     7.9619   3.168328    30.2092       1697     1.1779 0.0000e+00
      3.000     7.9615   3.168266    30.2092       1811     1.2567 0.0000e+00
      2.000     7.9614   3.168200    30.2091       1905     1.3223 0.0000e+00
      1.000     7.9611   3.168140    30.2092       1927     1.3376 0.0000e+00
