HB2402/ctd052.cnv
* Sea-Bird SBE 9 Data File:
* FileName = C:\cruise\data\ctd052.hex
* Software Version Seasave V 7.26.7.121
* Temperature SN = 5253
* Conductivity SN = 4421
* Number of Bytes Per Scan = 37
* Number of Voltage Words = 4
* Number of Scans Averaged by the Deck Unit = 1
* NMEA Latitude = 37 29.20 N
* NMEA Longitude = 075 25.46 W
* NMEA UTC (Time) = Mar 16 2024 12:24:38
* NMEA baud rate = 4800
** Ship: Bigelow HB2304
** Program:  Fall Bottom Trawl Survey
** Chief Scientist: John Galbraith
# nquan = 7
# nvalues = 41                          
# units = specified
# name 0 = depSM: Depth [salt water, m]
# name 1 = t090C: Temperature [ITS-90, deg C]
# name 2 = c0S/m: Conductivity [S/m]
# name 3 = sal00: Salinity, Practical [PSU]
# name 4 = scan: Scan Count
# name 5 = timeM: Time, Elapsed [minutes]
# name 6 = flag: flag
# span 0 =      1.000,     22.000       
# span 1 =     7.9391,     8.9882       
# span 2 =   3.233495,   3.286543       
# span 3 =    30.5502,    30.9523       
# span 4 =         36,       1983       
# span 5 =     0.0241,     1.3762       
# span 6 = 0.0000e+00, 0.0000e+00       
# interval = meters: 1                  
# start_time = Mar 16 2024 12:24:38 [NMEA time, header]
# bad_flag = -9.990e-29
*END*
      3.000     8.9868   3.286412    30.5576         36     0.0241 0.0000e+00
      4.000     8.9882   3.286543    30.5573        280     0.1940 0.0000e+00
      5.000     8.9851   3.286415    30.5583        285     0.1969 0.0000e+00
      6.000     8.9745   3.285990    30.5626        311     0.2153 0.0000e+00
      7.000     8.9688   3.285716    30.5642        340     0.2352 0.0000e+00
      8.000     8.9564   3.284948    30.5665        367     0.2541 0.0000e+00
      9.000     8.9445   3.284161    30.5683        393     0.2725 0.0000e+00
     10.000     8.8827   3.280446    30.5826        419     0.2901 0.0000e+00
     11.000     8.6238   3.265742    30.6536        446     0.3088 0.0000e+00
     12.000     8.1609   3.243207    30.8212        472     0.3267 0.0000e+00
     13.000     8.1035   3.240128    30.8388        495     0.3431 0.0000e+00
     14.000     8.0563   3.237884    30.8563        519     0.3596 0.0000e+00
     15.000     7.9963   3.235609    30.8848        545     0.3775 0.0000e+00
     16.000     7.9653   3.234043    30.8952        573     0.3972 0.0000e+00
     17.000     7.9582   3.233849    30.8989        601     0.4169 0.0000e+00
     18.000     7.9509   3.234182    30.9084        630     0.4365 0.0000e+00
     19.000     7.9456   3.234543    30.9165        658     0.4561 0.0000e+00
     20.000     7.9418   3.234929    30.9235        685     0.4750 0.0000e+00
     21.000     7.9391   3.235823    30.9348        712     0.4935 0.0000e+00
     22.000     7.9403   3.237612    30.9523        873     0.6057 0.0000e+00
     21.000     7.9433   3.234964    30.9221       1272     0.8823 0.0000e+00
     20.000     7.9425   3.235318    30.9269       1190     0.8256 0.0000e+00
     19.000     7.9439   3.234975    30.9225       1219     0.8458 0.0000e+00
     18.000     7.9458   3.234556    30.9169       1245     0.8636 0.0000e+00
     17.000     7.9502   3.234141    30.9091       1271     0.8817 0.0000e+00
     16.000     7.9556   3.233684    30.8999       1296     0.8995 0.0000e+00
     15.000     7.9633   3.233495    30.8916       1321     0.9164 0.0000e+00
     14.000     7.9744   3.233891    30.8864       1348     0.9354 0.0000e+00
     13.000     8.0150   3.235287    30.8657       1377     0.9552 0.0000e+00
     12.000     8.0555   3.236643    30.8448       1402     0.9732 0.0000e+00
     11.000     8.0917   3.238392    30.8318       1428     0.9909 0.0000e+00
     10.000     8.2851   3.247596    30.7596       1454     1.0089 0.0000e+00
      9.000     8.5256   3.260271    30.6828       1478     1.0260 0.0000e+00
      8.000     8.7599   3.272226    30.6044       1500     1.0411 0.0000e+00
      7.000     8.8670   3.277787    30.5700       1522     1.0560 0.0000e+00
      6.000     8.9039   3.280636    30.5681       1547     1.0733 0.0000e+00
      5.000     8.9260   3.281801    30.5615       1579     1.0958 0.0000e+00
      4.000     8.9599   3.283813    30.5536       1607     1.1156 0.0000e+00
      3.000     8.9849   3.285532    30.5502       1701     1.1806 0.0000e+00
      2.000     8.9865   3.285904    30.5531       1938     1.3453 0.0000e+00
      1.000     8.9876   3.285816    30.5517       1983     1.3762 0.0000e+00
