HB2402/ctd097.cnv
* Sea-Bird SBE 9 Data File:
* FileName = C:\cruise\data\ctd097.hex
* Software Version Seasave V 7.26.7.121
* Temperature SN = 5253
* Conductivity SN = 4421
* Number of Bytes Per Scan = 37
* Number of Voltage Words = 4
* Number of Scans Averaged by the Deck Unit = 1
* NMEA Latitude = 40 56.76 N
* NMEA Longitude = 071 28.27 W
* NMEA UTC (Time) = Apr 05 2024 18:23:51
* NMEA baud rate = 4800
** Ship: Bigelow HB2304
** Program:  Fall Bottom Trawl Survey
** Chief Scientist: John Galbraith
# nquan = 7
# nvalues = 99                          
# units = specified
# name 0 = depSM: Depth [salt water, m]
# name 1 = t090C: Temperature [ITS-90, deg C]
# name 2 = c0S/m: Conductivity [S/m]
# name 3 = sal00: Salinity, Practical [PSU]
# name 4 = scan: Scan Count
# name 5 = timeM: Time, Elapsed [minutes]
# name 6 = flag: flag
# span 0 =      1.000,     51.000       
# span 1 =     5.3807,     5.4896       
# span 2 =   3.073843,   3.095920       
# span 3 =    31.4639,    31.6497       
# span 4 =       -146,       3439       
# span 5 =    -0.1022,     2.3872       
# span 6 = 0.0000e+00, 0.0000e+00       
# interval = meters: 1                  
# start_time = Apr 05 2024 18:23:51 [NMEA time, header]
# bad_flag = -9.990e-29
*END*
      3.000     5.4896   3.095920    31.6497       -146    -0.1022 0.0000e+00
      4.000     5.4698   3.081991    31.5104        220     0.1521 0.0000e+00
      5.000     5.4733   3.080550    31.4902        195     0.1350 0.0000e+00
      6.000     5.4720   3.080661    31.4922        222     0.1533 0.0000e+00
      7.000     5.4708   3.079141    31.4757        256     0.1773 0.0000e+00
      8.000     5.4621   3.078134    31.4720        282     0.1949 0.0000e+00
      9.000     5.4627   3.077916    31.4685        309     0.2139 0.0000e+00
     10.000     5.4640   3.078000    31.4678        338     0.2342 0.0000e+00
     11.000     5.4640   3.078014    31.4674        362     0.2509 0.0000e+00
     12.000     5.4705   3.078506    31.4664        385     0.2668 0.0000e+00
     13.000     5.4552   3.077531    31.4692        411     0.2846 0.0000e+00
     14.000     5.4341   3.076145    31.4728        441     0.3058 0.0000e+00
     15.000     5.4225   3.075495    31.4759        472     0.3271 0.0000e+00
     16.000     5.4058   3.074515    31.4800        499     0.3458 0.0000e+00
     17.000     5.4004   3.074187    31.4808        525     0.3640 0.0000e+00
     18.000     5.3959   3.074065    31.4832        552     0.3828 0.0000e+00
     19.000     5.3912   3.073909    31.4853        579     0.4013 0.0000e+00
     20.000     5.3873   3.073843    31.4878        605     0.4195 0.0000e+00
     21.000     5.3843   3.074101    31.4931        634     0.4397 0.0000e+00
     22.000     5.3832   3.074181    31.4945        666     0.4619 0.0000e+00
     23.000     5.3821   3.074326    31.4967        693     0.4802 0.0000e+00
     24.000     5.3807   3.074611    31.5007        715     0.4958 0.0000e+00
     25.000     5.3807   3.075202    31.5070        738     0.5119 0.0000e+00
     26.000     5.3811   3.075626    31.5109        767     0.5318 0.0000e+00
     27.000     5.3828   3.076271    31.5161        801     0.5557 0.0000e+00
     28.000     5.3875   3.077261    31.5224        833     0.5779 0.0000e+00
     29.000     5.3909   3.078026    31.5274        860     0.5966 0.0000e+00
     30.000     5.3924   3.078464    31.5304        885     0.6139 0.0000e+00
     31.000     5.3927   3.078646    31.5317        911     0.6323 0.0000e+00
     32.000     5.3926   3.078710    31.5321        938     0.6510 0.0000e+00
     33.000     5.3927   3.078953    31.5342        968     0.6713 0.0000e+00
     34.000     5.3937   3.079232    31.5360        996     0.6909 0.0000e+00
     35.000     5.3938   3.079351    31.5367       1022     0.7088 0.0000e+00
     36.000     5.3953   3.079783    31.5398       1046     0.7257 0.0000e+00
     37.000     5.3955   3.079883    31.5402       1075     0.7458 0.0000e+00
     38.000     5.3964   3.080096    31.5412       1107     0.7681 0.0000e+00
     39.000     5.3967   3.080185    31.5415       1135     0.7875 0.0000e+00
     40.000     5.3963   3.080182    31.5413       1161     0.8053 0.0000e+00
     41.000     5.3961   3.080188    31.5411       1188     0.8240 0.0000e+00
     42.000     5.3965   3.080264    31.5412       1217     0.8447 0.0000e+00
     43.000     5.3960   3.080218    31.5406       1247     0.8650 0.0000e+00
     44.000     5.3959   3.080237    31.5404       1274     0.8841 0.0000e+00
     45.000     5.3960   3.080285    31.5404       1302     0.9032 0.0000e+00
     46.000     5.3962   3.080369    31.5406       1330     0.9228 0.0000e+00
     47.000     5.3963   3.080413    31.5406       1356     0.9411 0.0000e+00
     48.000     5.3962   3.080430    31.5403       1381     0.9585 0.0000e+00
     49.000     5.3961   3.080436    31.5401       1406     0.9759 0.0000e+00
     50.000     5.3962   3.080506    31.5402       1434     0.9950 0.0000e+00
     51.000     5.3963   3.080571    31.5404       1476     1.0246 0.0000e+00
     50.000     5.3964   3.080515    31.5402       1501     1.0419 0.0000e+00
     49.000     5.3964   3.080436    31.5398       1857     1.2886 0.0000e+00
     48.000     5.3965   3.080423    31.5400       1928     1.3380 0.0000e+00
     47.000     5.3968   3.080448    31.5405       1949     1.3529 0.0000e+00
     46.000     5.3969   3.080437    31.5407       1972     1.3686 0.0000e+00
     45.000     5.3971   3.080448    31.5412       1994     1.3843 0.0000e+00
     44.000     5.3972   3.080411    31.5412       2018     1.4008 0.0000e+00
     43.000     5.3975   3.080416    31.5414       2043     1.4181 0.0000e+00
     42.000     5.3974   3.080369    31.5415       2066     1.4343 0.0000e+00
     41.000     5.3972   3.080302    31.5414       2088     1.4493 0.0000e+00
     40.000     5.3970   3.080259    31.5416       2113     1.4670 0.0000e+00
     39.000     5.3969   3.080201    31.5416       2150     1.4925 0.0000e+00
     38.000     5.3969   3.080148    31.5414       2182     1.5148 0.0000e+00
     37.000     5.3967   3.080059    31.5411       2204     1.5301 0.0000e+00
     36.000     5.3962   3.079949    31.5408       2225     1.5444 0.0000e+00
     35.000     5.3956   3.079811    31.5403       2248     1.5602 0.0000e+00
     34.000     5.3952   3.079705    31.5399       2275     1.5791 0.0000e+00
     33.000     5.3948   3.079557    31.5392       2305     1.5999 0.0000e+00
     32.000     5.3940   3.079286    31.5373       2332     1.6189 0.0000e+00
     31.000     5.3931   3.078995    31.5353       2359     1.6372 0.0000e+00
     30.000     5.3926   3.078720    31.5332       2383     1.6543 0.0000e+00
     29.000     5.3925   3.078574    31.5321       2407     1.6708 0.0000e+00
     28.000     5.3922   3.078400    31.5309       2431     1.6877 0.0000e+00
     27.000     5.3914   3.078092    31.5287       2456     1.7052 0.0000e+00
     26.000     5.3882   3.077266    31.5228       2483     1.7238 0.0000e+00
     25.000     5.3849   3.076288    31.5153       2510     1.7422 0.0000e+00
     24.000     5.3832   3.075598    31.5096       2538     1.7617 0.0000e+00
     23.000     5.3820   3.075031    31.5048       2569     1.7831 0.0000e+00
     22.000     5.3820   3.074599    31.5003       2600     1.8045 0.0000e+00
     21.000     5.3839   3.074330    31.4961       2624     1.8216 0.0000e+00
     20.000     5.3869   3.074165    31.4918       2644     1.8357 0.0000e+00
     19.000     5.3895   3.074111    31.4893       2664     1.8496 0.0000e+00
     18.000     5.3918   3.074094    31.4874       2690     1.8676 0.0000e+00
     17.000     5.3961   3.074161    31.4846       2723     1.8906 0.0000e+00
     16.000     5.4065   3.074611    31.4804       2754     1.9116 0.0000e+00
     15.000     5.4315   3.075969    31.4728       2780     1.9295 0.0000e+00
     14.000     5.4353   3.076199    31.4723       2804     1.9465 0.0000e+00
     13.000     5.4398   3.076403    31.4709       2829     1.9641 0.0000e+00
     12.000     5.4479   3.076833    31.4686       2856     1.9825 0.0000e+00
     11.000     5.4528   3.077113    31.4677       2883     2.0013 0.0000e+00
     10.000     5.4541   3.077156    31.4675       2908     2.0184 0.0000e+00
      9.000     5.4551   3.077211    31.4676       2929     2.0335 0.0000e+00
      8.000     5.4573   3.077273    31.4668       2950     2.0481 0.0000e+00
      7.000     5.4623   3.077537    31.4655       2977     2.0666 0.0000e+00
      6.000     5.4655   3.077751    31.4654       3021     2.0975 0.0000e+00
      5.000     5.4640   3.077582    31.4654       3056     2.1212 0.0000e+00
      4.000     5.4658   3.077680    31.4653       3089     2.1447 0.0000e+00
      3.000     5.4650   3.077561    31.4652       3251     2.2569 0.0000e+00
      2.000     5.4653   3.077527    31.4650       3406     2.3643 0.0000e+00
      1.000     5.4658   3.077421    31.4639       3439     2.3872 0.0000e+00
