HB2402/ctd012.cnv
* Sea-Bird SBE 9 Data File:
* FileName = C:\cruise\data\ctd012.hex
* Software Version Seasave V 7.26.7.121
* Temperature SN = 5253
* Conductivity SN = 4421
* Number of Bytes Per Scan = 37
* Number of Voltage Words = 4
* Number of Scans Averaged by the Deck Unit = 1
* NMEA Latitude = 36 51.88 N
* NMEA Longitude = 074 38.64 W
* NMEA UTC (Time) = Mar 09 2024 18:46:51
* NMEA baud rate = 4800
** Ship: Bigelow HB2304
** Program:  Fall Bottom Trawl Survey
** Chief Scientist: John Galbraith
# nquan = 7
# nvalues = 409                         
# units = specified
# name 0 = depSM: Depth [salt water, m]
# name 1 = t090C: Temperature [ITS-90, deg C]
# name 2 = c0S/m: Conductivity [S/m]
# name 3 = sal00: Salinity, Practical [PSU]
# name 4 = scan: Scan Count
# name 5 = timeM: Time, Elapsed [minutes]
# name 6 = flag: flag
# span 0 =      2.000,    207.000       
# span 1 =    11.3853,    15.1461       
# span 2 =   3.987258,   4.270246       
# span 3 =    33.9173,    35.4681       
# span 4 =         59,      12240       
# span 5 =     0.0404,     8.4994       
# span 6 = 0.0000e+00, 0.0000e+00       
# interval = meters: 1                  
# start_time = Mar 09 2024 18:46:51 [NMEA time, header]
# bad_flag = -9.990e-29
*END*
[from data line 206]
    204.000    11.5329   4.002125    35.3736       6728     4.6719 0.0000e+00
    203.000    11.5733   4.006361    35.3773       6752     4.6879 0.0000e+00
    202.000    11.5901   4.008080    35.3787       6773     4.7031 0.0000e+00
    201.000    11.6395   4.013319    35.3837       6802     4.7231 0.0000e+00
    200.000    11.7835   4.027349    35.3848       6842     4.7505 0.0000e+00
    199.000    12.0200   4.053212    35.4137       6868     4.7687 0.0000e+00
    198.000    12.2737   4.078208    35.4173       6887     4.7822 0.0000e+00
    197.000    12.3217   4.083361    35.4224       6906     4.7950 0.0000e+00
    196.000    12.3413   4.085673    35.4267       6926     4.8091 0.0000e+00
    195.000    12.3845   4.090728    35.4353       6953     4.8274 0.0000e+00
    194.000    12.4463   4.096755    35.4358       6985     4.8501 0.0000e+00
    193.000    12.5681   4.109797    35.4473       7018     4.8730 0.0000e+00
    192.000    12.6761   4.120765    35.4519       7048     4.8936 0.0000e+00
    191.000    12.7138   4.124798    35.4556       7076     4.9129 0.0000e+00
    190.000    12.7650   4.129004    35.4483       7098     4.9283 0.0000e+00
    189.000    12.8259   4.133007    35.4300       7117     4.9415 0.0000e+00
    188.000    12.8520   4.132309    35.3993       7136     4.9546 0.0000e+00
    187.000    12.8500   4.132328    35.4018       7158     4.9701 0.0000e+00
    186.000    12.9046   4.132834    35.3560       7193     4.9946 0.0000e+00
    185.000    12.9374   4.133261    35.3299       7235     5.0236 0.0000e+00
    184.000    12.9916   4.133452    35.2815       7263     5.0433 0.0000e+00
    183.000    13.0084   4.133424    35.2660       7285     5.0587 0.0000e+00
    182.000    13.0273   4.133689    35.2514       7307     5.0733 0.0000e+00
    181.000    13.0566   4.134640    35.2337       7328     5.0884 0.0000e+00
    180.000    13.0834   4.136059    35.2228       7350     5.1037 0.0000e+00
    179.000    13.1325   4.140253    35.2176       7373     5.1192 0.0000e+00
    178.000    13.1663   4.143585    35.2183       7398     5.1371 0.0000e+00
    177.000    13.1666   4.143539    35.2181       7434     5.1616 0.0000e+00
    176.000    13.1684   4.143173    35.2133       7469     5.1859 0.0000e+00
    175.000    13.1854   4.143209    35.1983       7495     5.2041 0.0000e+00
    174.000    13.1779   4.141596    35.1903       7520     5.2214 0.0000e+00
    173.000    13.1555   4.137517    35.1727       7545     5.2392 0.0000e+00
    172.000    13.1343   4.133213    35.1519       7568     5.2552 0.0000e+00
    171.000    13.1204   4.130198    35.1366       7589     5.2693 0.0000e+00
    170.000    13.1140   4.128689    35.1285       7611     5.2850 0.0000e+00
    169.000    13.1126   4.128198    35.1256       7643     5.3072 0.0000e+00
    168.000    13.1059   4.127009    35.1209       7677     5.3304 0.0000e+00
    167.000    13.0859   4.122916    35.1009       7702     5.3478 0.0000e+00
    166.000    13.0764   4.121100    35.0928       7725     5.3637 0.0000e+00
    165.000    13.0508   4.116158    35.0699       7752     5.3823 0.0000e+00
    164.000    12.9845   4.103555    35.0115       7780     5.4019 0.0000e+00
    163.000    12.9379   4.094590    34.9694       7806     5.4198 0.0000e+00
    162.000    12.9191   4.091039    34.9533       7832     5.4385 0.0000e+00
    161.000    12.9034   4.087931    34.9387       7862     5.4590 0.0000e+00
    160.000    12.8927   4.085980    34.9303       7889     5.4780 0.0000e+00
    159.000    12.8902   4.085446    34.9280       7909     5.4913 0.0000e+00
    158.000    12.8862   4.084682    34.9247       7928     5.5048 0.0000e+00
    157.000    12.8862   4.084565    34.9240       7952     5.5215 0.0000e+00
    156.000    12.9013   4.085841    34.9227       8008     5.5602 0.0000e+00
    155.000    12.9016   4.085783    34.9224       8043     5.5844 0.0000e+00
    154.000    12.8988   4.085503    34.9226       8056     5.5939 0.0000e+00
    153.000    12.8966   4.085183    34.9221       8071     5.6043 0.0000e+00
    152.000    12.8980   4.085221    34.9216       8087     5.6156 0.0000e+00
    151.000    12.9025   4.085507    34.9206       8114     5.6343 0.0000e+00
    150.000    12.9139   4.086600    34.9209       8161     5.6670 0.0000e+00
    149.000    12.9229   4.087615    34.9227       8187     5.6846 0.0000e+00
    148.000    12.9307   4.088466    34.9241       8205     5.6974 0.0000e+00
    147.000    12.9302   4.088477    34.9251       8226     5.7120 0.0000e+00
    146.000    12.9274   4.088146    34.9250       8256     5.7330 0.0000e+00
    145.000    12.9258   4.087913    34.9246       8296     5.7602 0.0000e+00
    144.000    12.9197   4.087160    34.9235       8324     5.7796 0.0000e+00
    143.000    12.9225   4.087313    34.9228       8344     5.7935 0.0000e+00
    142.000    12.9452   4.089648    34.9246       8360     5.8050 0.0000e+00
    141.000    12.9521   4.090342    34.9253       8381     5.8195 0.0000e+00
    140.000    12.9737   4.091276    34.9146       8419     5.8461 0.0000e+00
    139.000    12.9742   4.090402    34.9063       8460     5.8746 0.0000e+00
    138.000    12.9643   4.087421    34.8874       8485     5.8916 0.0000e+00
    137.000    12.9438   4.084374    34.8777       8507     5.9073 0.0000e+00
    136.000    12.9315   4.082224    34.8689       8530     5.9230 0.0000e+00
    135.000    12.9093   4.078293    34.8523       8552     5.9385 0.0000e+00
    134.000    12.9013   4.076593    34.8438       8578     5.9560 0.0000e+00
    133.000    12.8953   4.074982    34.8344       8614     5.9816 0.0000e+00
    132.000    12.8922   4.074137    34.8296       8647     6.0041 0.0000e+00
    131.000    12.8854   4.072523    34.8208       8669     6.0193 0.0000e+00
    130.000    12.8872   4.072056    34.8152       8690     6.0338 0.0000e+00
    129.000    12.8845   4.070679    34.8049       8714     6.0510 0.0000e+00
    128.000    12.8807   4.068329    34.7864       8743     6.0712 0.0000e+00
    127.000    12.8801   4.064914    34.7548       8771     6.0902 0.0000e+00
    126.000    12.8951   4.065535    34.7474       8799     6.1100 0.0000e+00
    125.000    12.9162   4.066673    34.7392       8829     6.1305 0.0000e+00
    124.000    12.9294   4.067420    34.7347       8853     6.1475 0.0000e+00
    123.000    12.9423   4.067588    34.7249       8874     6.1617 0.0000e+00
    122.000    12.9427   4.065446    34.7045       8897     6.1774 0.0000e+00
    121.000    12.9380   4.061951    34.6759       8931     6.2016 0.0000e+00
    120.000    12.9415   4.060616    34.6604       8963     6.2236 0.0000e+00
    119.000    12.9917   4.063793    34.6452       8984     6.2383 0.0000e+00
    118.000    13.0121   4.065164    34.6400       9005     6.2526 0.0000e+00
    117.000    12.9773   4.059088    34.6143       9034     6.2726 0.0000e+00
    116.000    12.9616   4.056290    34.6025       9069     6.2972 0.0000e+00
    115.000    12.9145   4.048669    34.5734       9093     6.3141 0.0000e+00
    114.000    12.9037   4.046314    34.5612       9115     6.3290 0.0000e+00
    113.000    12.8904   4.044007    34.5517       9142     6.3482 0.0000e+00
    112.000    12.8855   4.042754    34.5447       9175     6.3707 0.0000e+00
    111.000    12.8864   4.041637    34.5336       9202     6.3895 0.0000e+00
    110.000    12.8915   4.041198    34.5252       9225     6.4053 0.0000e+00
    109.000    12.8961   4.041051    34.5200       9247     6.4206 0.0000e+00
    108.000    12.8999   4.041061    34.5171       9271     6.4377 0.0000e+00
    107.000    12.9042   4.040856    34.5116       9299     6.4567 0.0000e+00
    106.000    12.9054   4.040516    34.5077       9329     6.4775 0.0000e+00
    105.000    12.9054   4.039287    34.4964       9356     6.4966 0.0000e+00
    104.000    12.9039   4.038306    34.4888       9380     6.5131 0.0000e+00
    103.000    12.9010   4.037159    34.4810       9406     6.5311 0.0000e+00
    102.000    12.8960   4.035341    34.4686       9433     6.5502 0.0000e+00
    101.000    12.8928   4.034075    34.4599       9461     6.5692 0.0000e+00
    100.000    12.8913   4.033536    34.4565       9487     6.5872 0.0000e+00
     99.000    12.8861   4.032169    34.4486       9515     6.6069 0.0000e+00
     98.000    12.8704   4.028850    34.4317       9543     6.6261 0.0000e+00
     97.000    12.8610   4.026934    34.4224       9565     6.6420 0.0000e+00
     96.000    12.8499   4.023882    34.4038       9586     6.6563 0.0000e+00
     95.000    12.8434   4.020858    34.3813       9607     6.6709 0.0000e+00
     94.000    12.8560   4.021246    34.3739       9631     6.6875 0.0000e+00
     93.000    12.8853   4.023964    34.3736       9661     6.7085 0.0000e+00
     92.000    12.9394   4.029257    34.3754       9705     6.7388 0.0000e+00
     91.000    13.0086   4.035255    34.3701       9737     6.7613 0.0000e+00
     90.000    13.0837   4.042264    34.3689       9759     6.7762 0.0000e+00
     89.000    13.1930   4.054339    34.3849       9776     6.7882 0.0000e+00
     88.000    13.2758   4.064054    34.4023       9791     6.7984 0.0000e+00
     87.000    13.3648   4.074988    34.4255       9806     6.8090 0.0000e+00
     86.000    13.8717   4.138992    34.5684       9830     6.8254 0.0000e+00
     85.000    14.6072   4.223160    34.6901       9914     6.8840 0.0000e+00
     84.000    14.3593   4.193161    34.6349       9934     6.8978 0.0000e+00
     83.000    14.2713   4.180433    34.5966       9948     6.9078 0.0000e+00
     82.000    14.2460   4.177309    34.5907       9961     6.9165 0.0000e+00
     81.000    14.2270   4.174280    34.5801       9976     6.9271 0.0000e+00
     80.000    14.2581   4.177189    34.5796       9996     6.9412 0.0000e+00
     79.000    14.3892   4.191758    34.5973      10054     6.9812 0.0000e+00
     78.000    14.4406   4.197344    34.6033      10097     7.0112 0.0000e+00
     77.000    14.5113   4.205613    34.6167      10115     7.0239 0.0000e+00
     76.000    14.4813   4.199695    34.5893      10136     7.0381 0.0000e+00
     75.000    14.2859   4.174776    34.5344      10159     7.0542 0.0000e+00
     74.000    14.1609   4.158633    34.4972      10185     7.0720 0.0000e+00
     73.000    13.9582   4.133770    34.4482      10208     7.0884 0.0000e+00
     72.000    13.7867   4.111643    34.3960      10231     7.1043 0.0000e+00
     71.000    13.6784   4.097441    34.3608      10257     7.1223 0.0000e+00
     70.000    13.5770   4.084701    34.3328      10297     7.1503 0.0000e+00
     69.000    13.4580   4.069426    34.2966      10331     7.1740 0.0000e+00
     68.000    13.4271   4.065178    34.2849      10352     7.1882 0.0000e+00
     67.000    13.4392   4.066440    34.2863      10371     7.2013 0.0000e+00
     66.000    13.4935   4.072742    34.2971      10391     7.2154 0.0000e+00
     65.000    13.8127   4.109573    34.3562      10432     7.2438 0.0000e+00
     64.000    14.2062   4.155562    34.4324      10474     7.2731 0.0000e+00
     63.000    14.3272   4.171000    34.4676      10494     7.2869 0.0000e+00
     62.000    14.4697   4.187290    34.4912      10509     7.2972 0.0000e+00
     61.000    14.6024   4.202450    34.5128      10530     7.3120 0.0000e+00
     60.000    14.7461   4.220338    34.5495      10565     7.3364 0.0000e+00
     59.000    14.9218   4.241462    34.5870      10613     7.3693 0.0000e+00
     58.000    15.0206   4.253653    34.6108      10640     7.3885 0.0000e+00
     57.000    15.0785   4.261075    34.6274      10664     7.4052 0.0000e+00
     56.000    15.1009   4.263840    34.6331      10691     7.4235 0.0000e+00
     55.000    15.0800   4.260939    34.6256      10717     7.4420 0.0000e+00
     54.000    15.0407   4.255130    34.6081      10742     7.4591 0.0000e+00
     53.000    15.0065   4.250152    34.5934      10769     7.4779 0.0000e+00
     52.000    14.9384   4.241101    34.5717      10807     7.5040 0.0000e+00
     51.000    14.8458   4.228519    34.5395      10854     7.5367 0.0000e+00
     50.000    14.7942   4.221381    34.5204      10880     7.5549 0.0000e+00
     49.000    14.7427   4.214296    34.5017      10899     7.5679 0.0000e+00
     48.000    14.6544   4.202290    34.4705      10925     7.5864 0.0000e+00
     47.000    14.5713   4.190598    34.4374      10950     7.6037 0.0000e+00
     46.000    14.4031   4.167582    34.3754      10977     7.6224 0.0000e+00
     45.000    14.2753   4.149829    34.3255      11022     7.6532 0.0000e+00
     44.000    14.1638   4.133541    34.2744      11065     7.6834 0.0000e+00
     43.000    14.0375   4.115562    34.2204      11092     7.7019 0.0000e+00
     42.000    13.9916   4.109048    34.2011      11114     7.7177 0.0000e+00
     41.000    13.9534   4.103729    34.1861      11143     7.7372 0.0000e+00
     40.000    13.9111   4.097610    34.1671      11175     7.7595 0.0000e+00
     39.000    13.8426   4.088149    34.1403      11202     7.7787 0.0000e+00
     38.000    13.8085   4.083276    34.1256      11230     7.7976 0.0000e+00
     37.000    13.7553   4.075712    34.1028      11262     7.8203 0.0000e+00
     36.000    13.7026   4.068275    34.0806      11307     7.8514 0.0000e+00
     35.000    13.6775   4.064801    34.0709      11343     7.8764 0.0000e+00
     34.000    13.6650   4.062925    34.0649      11367     7.8933 0.0000e+00
     33.000    13.6559   4.061543    34.0605      11388     7.9079 0.0000e+00
     32.000    13.6323   4.058274    34.0513      11412     7.9241 0.0000e+00
     31.000    13.6152   4.055920    34.0449      11443     7.9460 0.0000e+00
     30.000    13.5602   4.048624    34.0259      11475     7.9684 0.0000e+00
     29.000    13.4850   4.038476    33.9980      11503     7.9873 0.0000e+00
     28.000    13.4520   4.033941    33.9852      11532     8.0078 0.0000e+00
     27.000    13.4254   4.030402    33.9760      11570     8.0339 0.0000e+00
     26.000    13.3950   4.026356    33.9655      11603     8.0572 0.0000e+00
     25.000    13.3753   4.023674    33.9582      11627     8.0734 0.0000e+00
     24.000    13.3679   4.022666    33.9558      11648     8.0884 0.0000e+00
     23.000    13.3621   4.021859    33.9537      11673     8.1053 0.0000e+00
     22.000    13.3602   4.021485    33.9523      11703     8.1266 0.0000e+00
     21.000    13.3561   4.020875    33.9506      11734     8.1476 0.0000e+00
     20.000    13.3459   4.019405    33.9463      11758     8.1646 0.0000e+00
     19.000    13.3377   4.018260    33.9433      11782     8.1814 0.0000e+00
     18.000    13.3225   4.015951    33.9355      11818     8.2065 0.0000e+00
     17.000    13.3166   4.014983    33.9320      11858     8.2342 0.0000e+00
     16.000    13.3075   4.013568    33.9272      11881     8.2497 0.0000e+00
     15.000    13.3011   4.012560    33.9238      11899     8.2622 0.0000e+00
     14.000    13.2993   4.012237    33.9227      11917     8.2748 0.0000e+00
     13.000    13.2982   4.011973    33.9217      11939     8.2901 0.0000e+00
     12.000    13.2960   4.011603    33.9206      11972     8.3130 0.0000e+00
     11.000    13.2953   4.011393    33.9196      12008     8.3383 0.0000e+00
     10.000    13.2955   4.011371    33.9196      12035     8.3572 0.0000e+00
      9.000    13.2953   4.011290    33.9195      12058     8.3728 0.0000e+00
      8.000    13.2948   4.011197    33.9195      12080     8.3885 0.0000e+00
      7.000    13.2952   4.011228    33.9199      12108     8.4079 0.0000e+00
      6.000    13.2990   4.011622    33.9205      12147     8.4345 0.0000e+00
      5.000    13.3013   4.011843    33.9210      12177     8.4557 0.0000e+00
      4.000    13.3036   4.012102    33.9218      12195     8.4684 0.0000e+00
      3.000    13.3038   4.012113    33.9222      12216     8.4825 0.0000e+00
      2.000    13.3032   4.012127    33.9233      12240     8.4994 0.0000e+00
