HB2402/ctd085.cnv
* Sea-Bird SBE 9 Data File:
* FileName = C:\cruise\data\ctd085.hex
* Software Version Seasave V 7.26.7.121
* Temperature SN = 5253
* Conductivity SN = 4421
* Number of Bytes Per Scan = 37
* Number of Voltage Words = 4
* Number of Scans Averaged by the Deck Unit = 1
* NMEA Latitude = 40 31.33 N
* NMEA Longitude = 073 18.46 W
* NMEA UTC (Time) = Mar 22 2024 14:02:28
* NMEA baud rate = 4800
** Ship: Bigelow HB2304
** Program:  Fall Bottom Trawl Survey
** Chief Scientist: John Galbraith
# nquan = 7
# nvalues = 39                          
# units = specified
# name 0 = depSM: Depth [salt water, m]
# name 1 = t090C: Temperature [ITS-90, deg C]
# name 2 = c0S/m: Conductivity [S/m]
# name 3 = sal00: Salinity, Practical [PSU]
# name 4 = scan: Scan Count
# name 5 = timeM: Time, Elapsed [minutes]
# name 6 = flag: flag
# span 0 =      2.000,     22.000       
# span 1 =     6.1578,     6.4204       
# span 2 =   3.088947,   3.149306       
# span 3 =    30.9178,    31.3752       
# span 4 =         91,       1861       
# span 5 =     0.0626,     1.2915       
# span 6 = 0.0000e+00, 0.0000e+00       
# interval = meters: 1                  
# start_time = Mar 22 2024 14:02:28 [NMEA time, header]
# bad_flag = -9.990e-29
*END*
      4.000     6.1950   3.088947    30.9178         91     0.0626 0.0000e+00
      5.000     6.2015   3.097429    31.0052        229     0.1586 0.0000e+00
      6.000     6.2209   3.101096    31.0276        266     0.1837 0.0000e+00
      7.000     6.2443   3.105860    31.0586        301     0.2085 0.0000e+00
      8.000     6.2592   3.111205    31.1035        336     0.2325 0.0000e+00
      9.000     6.2792   3.119926    31.1812        368     0.2551 0.0000e+00
     10.000     6.2990   3.128992    31.2628        400     0.2772 0.0000e+00
     11.000     6.3026   3.132170    31.2941        433     0.3002 0.0000e+00
     12.000     6.3111   3.134207    31.3084        466     0.3232 0.0000e+00
     13.000     6.3474   3.139782    31.3361        498     0.3455 0.0000e+00
     14.000     6.3842   3.144888    31.3581        530     0.3671 0.0000e+00
     15.000     6.4069   3.147745    31.3683        562     0.3893 0.0000e+00
     16.000     6.4072   3.147931    31.3696        593     0.4113 0.0000e+00
     17.000     6.3979   3.146999    31.3674        625     0.4332 0.0000e+00
     18.000     6.4038   3.147728    31.3695        657     0.4559 0.0000e+00
     19.000     6.4204   3.149237    31.3704        690     0.4788 0.0000e+00
     20.000     6.4198   3.149296    31.3712        723     0.5014 0.0000e+00
     21.000     6.4077   3.148368    31.3716        755     0.5237 0.0000e+00
     22.000     6.4164   3.149306    31.3734       1005     0.6970 0.0000e+00
     21.000     6.4139   3.148880    31.3715       1174     0.8146 0.0000e+00
     20.000     6.4161   3.149215    31.3736       1206     0.8366 0.0000e+00
     19.000     6.4135   3.148950    31.3736       1235     0.8569 0.0000e+00
     18.000     6.4105   3.148666    31.3737       1263     0.8763 0.0000e+00
     17.000     6.4070   3.148403    31.3745       1289     0.8944 0.0000e+00
     16.000     6.4061   3.148354    31.3752       1314     0.9121 0.0000e+00
     15.000     6.4026   3.147960    31.3746       1340     0.9300 0.0000e+00
     14.000     6.3930   3.144511    31.3459       1366     0.9479 0.0000e+00
     13.000     6.3873   3.146168    31.3698       1392     0.9659 0.0000e+00
     12.000     6.3809   3.145201    31.3656       1417     0.9836 0.0000e+00
     11.000     6.3704   3.143894    31.3613       1442     1.0007 0.0000e+00
     10.000     6.3458   3.140407    31.3459       1467     1.0181 0.0000e+00
      9.000     6.3228   3.136701    31.3266       1493     1.0363 0.0000e+00
      8.000     6.3035   3.133146    31.3055       1520     1.0548 0.0000e+00
      7.000     6.2827   3.128915    31.2783       1546     1.0731 0.0000e+00
      6.000     6.2664   3.125557    31.2566       1572     1.0909 0.0000e+00
      5.000     6.2491   3.121005    31.2226       1597     1.1085 0.0000e+00
      4.000     6.2169   3.109994    31.1307       1638     1.1371 0.0000e+00
      3.000     6.1836   3.100173    31.0529       1815     1.2595 0.0000e+00
      2.000     6.1578   3.095739    31.0278       1861     1.2915 0.0000e+00
