HB2402/ctd022.cnv
* Sea-Bird SBE 9 Data File:
* FileName = C:\cruise\data\ctd022.hex
* Software Version Seasave V 7.26.7.121
* Temperature SN = 5253
* Conductivity SN = 4421
* Number of Bytes Per Scan = 37
* Number of Voltage Words = 4
* Number of Scans Averaged by the Deck Unit = 1
* NMEA Latitude = 35 27.65 N
* NMEA Longitude = 075 15.33 W
* NMEA UTC (Time) = Mar 12 2024 04:42:06
* NMEA baud rate = 4800
** Ship: Bigelow HB2304
** Program:  Fall Bottom Trawl Survey
** Chief Scientist: John Galbraith
# nquan = 7
# nvalues = 45                          
# units = specified
# name 0 = depSM: Depth [salt water, m]
# name 1 = t090C: Temperature [ITS-90, deg C]
# name 2 = c0S/m: Conductivity [S/m]
# name 3 = sal00: Salinity, Practical [PSU]
# name 4 = scan: Scan Count
# name 5 = timeM: Time, Elapsed [minutes]
# name 6 = flag: flag
# span 0 =      2.000,     25.000       
# span 1 =     9.5592,    10.1423       
# span 2 =   3.315221,   3.425426       
# span 3 =    30.3638,    30.9931       
# span 4 =        195,       3468       
# span 5 =     0.1350,     2.4078       
# span 6 = 0.0000e+00, 0.0000e+00       
# interval = meters: 1                  
# start_time = Mar 12 2024 04:42:06 [NMEA time, header]
# bad_flag = -9.990e-29
*END*
      4.000     9.5592   3.315221    30.3638        195     0.1350 0.0000e+00
      5.000     9.6042   3.325131    30.4259        336     0.2326 0.0000e+00
      6.000     9.6911   3.340568    30.5081        361     0.2498 0.0000e+00
      7.000     9.7190   3.345473    30.5337        446     0.3089 0.0000e+00
      8.000     9.7627   3.352379    30.5660        469     0.3251 0.0000e+00
      9.000     9.8167   3.360225    30.5990        499     0.3461 0.0000e+00
     10.000     9.8395   3.363488    30.6121        560     0.3879 0.0000e+00
     11.000     9.8635   3.366758    30.6244        603     0.4181 0.0000e+00
     12.000     9.8783   3.368695    30.6309        635     0.4405 0.0000e+00
     13.000     9.8873   3.370017    30.6362        682     0.4728 0.0000e+00
     14.000     9.8890   3.370292    30.6371        735     0.5096 0.0000e+00
     15.000     9.9072   3.373655    30.6551        816     0.5659 0.0000e+00
     16.000     9.9564   3.383974    30.7168        911     0.6318 0.0000e+00
     17.000    10.0285   3.398651    30.8026       1005     0.6974 0.0000e+00
     18.000    10.1133   3.414953    30.8938       1121     0.7781 0.0000e+00
     19.000    10.1375   3.420778    30.9310       1220     0.8463 0.0000e+00
     20.000    10.1423   3.424244    30.9613       1318     0.9147 0.0000e+00
     21.000    10.1381   3.425426    30.9763       1430     0.9925 0.0000e+00
     22.000    10.1241   3.425239    30.9860       1545     1.0721 0.0000e+00
     23.000    10.1129   3.424886    30.9916       1652     1.1462 0.0000e+00
     24.000    10.1056   3.424408    30.9926       1779     1.2346 0.0000e+00
     25.000    10.0893   3.423114    30.9931       2208     1.5328 0.0000e+00
     24.000    10.1074   3.424565    30.9927       2333     1.6198 0.0000e+00
     23.000    10.1071   3.424480    30.9925       2410     1.6729 0.0000e+00
     22.000    10.1101   3.424612    30.9917       2446     1.6976 0.0000e+00
     21.000    10.1173   3.424881    30.9886       2479     1.7205 0.0000e+00
     20.000    10.1277   3.424760    30.9790       2504     1.7384 0.0000e+00
     19.000    10.1343   3.423824    30.9643       2530     1.7560 0.0000e+00
     18.000    10.1336   3.422393    30.9510       2561     1.7775 0.0000e+00
     17.000    10.1244   3.419074    30.9259       2597     1.8030 0.0000e+00
     16.000    10.0689   3.407316    30.8557       2630     1.8255 0.0000e+00
     15.000    10.0158   3.396203    30.7897       2660     1.8465 0.0000e+00
     14.000     9.9716   3.386552    30.7307       2692     1.8685 0.0000e+00
     13.000     9.9418   3.380283    30.6933       2733     1.8972 0.0000e+00
     12.000     9.9211   3.376320    30.6714       2774     1.9255 0.0000e+00
     11.000     9.8982   3.371819    30.6459       2803     1.9459 0.0000e+00
     10.000     9.8881   3.370473    30.6413       2831     1.9650 0.0000e+00
      9.000     9.8783   3.368996    30.6352       2867     1.9901 0.0000e+00
      8.000     9.8569   3.366088    30.6245       2906     2.0170 0.0000e+00
      7.000     9.8291   3.361967    30.6069       2937     2.0391 0.0000e+00
      6.000     9.7908   3.355704    30.5766       2973     2.0637 0.0000e+00
      5.000     9.7352   3.346965    30.5359       3015     2.0930 0.0000e+00
      4.000     9.6929   3.339030    30.4919       3045     2.1142 0.0000e+00
      3.000     9.6231   3.327384    30.4336       3138     2.1787 0.0000e+00
      2.000     9.5814   3.318471    30.3789       3468     2.4078 0.0000e+00
