HB2402/ctd020.cnv
* Sea-Bird SBE 9 Data File:
* FileName = C:\cruise\data\ctd020.hex
* Software Version Seasave V 7.26.7.121
* Temperature SN = 5253
* Conductivity SN = 4421
* Number of Bytes Per Scan = 37
* Number of Voltage Words = 4
* Number of Scans Averaged by the Deck Unit = 1
* NMEA Latitude = 35 56.62 N
* NMEA Longitude = 075 14.43 W
* NMEA UTC (Time) = Mar 11 2024 17:54:30
* NMEA baud rate = 4800
** Ship: Bigelow HB2304
** Program:  Fall Bottom Trawl Survey
** Chief Scientist: John Galbraith
# nquan = 7
# nvalues = 53                          
# units = specified
# name 0 = depSM: Depth [salt water, m]
# name 1 = t090C: Temperature [ITS-90, deg C]
# name 2 = c0S/m: Conductivity [S/m]
# name 3 = sal00: Salinity, Practical [PSU]
# name 4 = scan: Scan Count
# name 5 = timeM: Time, Elapsed [minutes]
# name 6 = flag: flag
# span 0 =      2.000,     29.000       
# span 1 =     9.0659,     9.1974       
# span 2 =   3.394354,   3.398671       
# span 3 =    31.5053,    31.6349       
# span 4 =        138,       2705       
# span 5 =     0.0955,     1.8776       
# span 6 = 0.0000e+00, 0.0000e+00       
# interval = meters: 1                  
# start_time = Mar 11 2024 17:54:30 [NMEA time, header]
# bad_flag = -9.990e-29
*END*
      4.000     9.1926   3.395946    31.5056        138     0.0955 0.0000e+00
      5.000     9.1914   3.396076    31.5076        220     0.1523 0.0000e+00
      6.000     9.1913   3.396145    31.5079        251     0.1739 0.0000e+00
      7.000     9.1934   3.396250    31.5067        275     0.1905 0.0000e+00
      8.000     9.1946   3.396312    31.5059        297     0.2059 0.0000e+00
      9.000     9.1974   3.396536    31.5053        321     0.2225 0.0000e+00
     10.000     9.1853   3.395917    31.5092        348     0.2412 0.0000e+00
     11.000     9.1794   3.395574    31.5104        378     0.2618 0.0000e+00
     12.000     9.1785   3.395589    31.5109        407     0.2816 0.0000e+00
     13.000     9.1750   3.395496    31.5126        431     0.2985 0.0000e+00
     14.000     9.1731   3.395460    31.5134        455     0.3156 0.0000e+00
     15.000     9.1578   3.395240    31.5243        487     0.3373 0.0000e+00
     16.000     9.1498   3.395068    31.5292        518     0.3590 0.0000e+00
     17.000     9.1381   3.394892    31.5373        543     0.3764 0.0000e+00
     18.000     9.1344   3.394896    31.5401        568     0.3936 0.0000e+00
     19.000     9.1318   3.394942    31.5425        595     0.4127 0.0000e+00
     20.000     9.1238   3.395279    31.5526        624     0.4326 0.0000e+00
     21.000     9.1207   3.395360    31.5557        652     0.4518 0.0000e+00
     22.000     9.1128   3.395795    31.5668        677     0.4693 0.0000e+00
     23.000     9.1125   3.395837    31.5671        702     0.4866 0.0000e+00
     24.000     9.1104   3.395988    31.5700        729     0.5056 0.0000e+00
     25.000     9.1025   3.396501    31.5819        761     0.5277 0.0000e+00
     26.000     9.0912   3.397167    31.5983        788     0.5468 0.0000e+00
     27.000     9.0800   3.397910    31.6155        809     0.5610 0.0000e+00
     28.000     9.0710   3.398404    31.6281        830     0.5758 0.0000e+00
     29.000     9.0659   3.398671    31.6349       1079     0.7489 0.0000e+00
     28.000     9.0679   3.398577    31.6326       1208     0.8383 0.0000e+00
     27.000     9.0722   3.398244    31.6258       1799     1.2484 0.0000e+00
     26.000     9.0785   3.397799    31.6161       1906     1.3231 0.0000e+00
     25.000     9.0862   3.397210    31.6036       1925     1.3359 0.0000e+00
     24.000     9.0942   3.396622    31.5909       1942     1.3482 0.0000e+00
     23.000     9.1005   3.396232    31.5817       1961     1.3614 0.0000e+00
     22.000     9.1071   3.395886    31.5728       1986     1.3786 0.0000e+00
     21.000     9.1143   3.395569    31.5636       2030     1.4091 0.0000e+00
     20.000     9.1190   3.395364    31.5577       2068     1.4357 0.0000e+00
     19.000     9.1230   3.395217    31.5531       2092     1.4522 0.0000e+00
     18.000     9.1273   3.395055    31.5480       2114     1.4677 0.0000e+00
     17.000     9.1334   3.394837    31.5409       2137     1.4831 0.0000e+00
     16.000     9.1360   3.394728    31.5378       2161     1.4997 0.0000e+00
     15.000     9.1400   3.394354    31.5309       2188     1.5185 0.0000e+00
     14.000     9.1414   3.394497    31.5316       2220     1.5407 0.0000e+00
     13.000     9.1423   3.394425    31.5305       2252     1.5629 0.0000e+00
     12.000     9.1431   3.394357    31.5295       2279     1.5819 0.0000e+00
     11.000     9.1463   3.394378    31.5274       2300     1.5967 0.0000e+00
     10.000     9.1595   3.394810    31.5206       2318     1.6091 0.0000e+00
      9.000     9.1789   3.395030    31.5062       2335     1.6207 0.0000e+00
      8.000     9.1833   3.395450    31.5070       2353     1.6336 0.0000e+00
      7.000     9.1847   3.395592    31.5077       2396     1.6633 0.0000e+00
      6.000     9.1808   3.395366    31.5092       2473     1.7166 0.0000e+00
      5.000     9.1801   3.395325    31.5099       2508     1.7409 0.0000e+00
      4.000     9.1807   3.395153    31.5080       2527     1.7544 0.0000e+00
      3.000     9.1882   3.395770    31.5081       2621     1.8194 0.0000e+00
      2.000     9.1921   3.395910    31.5065       2705     1.8776 0.0000e+00
