HB2402/ctd088.cnv
* Sea-Bird SBE 9 Data File:
* FileName = C:\cruise\data\ctd088.hex
* Software Version Seasave V 7.26.7.121
* Temperature SN = 5253
* Conductivity SN = 4421
* Number of Bytes Per Scan = 37
* Number of Voltage Words = 4
* Number of Scans Averaged by the Deck Unit = 1
* NMEA Latitude = 39 40.39 N
* NMEA Longitude = 072 44.78 W
* NMEA UTC (Time) = Apr 02 2024 02:20:54
* NMEA baud rate = 4800
** Ship: Bigelow HB2304
** Program:  Fall Bottom Trawl Survey
** Chief Scientist: John Galbraith
# nquan = 7
# nvalues = 138                         
# units = specified
# name 0 = depSM: Depth [salt water, m]
# name 1 = t090C: Temperature [ITS-90, deg C]
# name 2 = c0S/m: Conductivity [S/m]
# name 3 = sal00: Salinity, Practical [PSU]
# name 4 = scan: Scan Count
# name 5 = timeM: Time, Elapsed [minutes]
# name 6 = flag: flag
# span 0 =      1.000,     71.000       
# span 1 =     6.3908,     7.5044       
# span 2 =   3.188579,   3.390505       
# span 3 =    31.6613,    32.9639       
# span 4 =        100,       5458       
# span 5 =     0.0688,     3.7897       
# span 6 = 0.0000e+00, 0.0000e+00       
# interval = meters: 1                  
# start_time = Apr 02 2024 02:20:54 [NMEA time, header]
# bad_flag = -9.990e-29
*END*
      4.000     6.7605   3.203950    31.6650        100     0.0688 0.0000e+00
      5.000     6.7613   3.204034    31.6646        200     0.1384 0.0000e+00
      6.000     6.7607   3.204026    31.6646        222     0.1537 0.0000e+00
      7.000     6.7605   3.204038    31.6645        246     0.1703 0.0000e+00
      8.000     6.7591   3.203956    31.6644        270     0.1870 0.0000e+00
      9.000     6.7585   3.203930    31.6642        296     0.2047 0.0000e+00
     10.000     6.7250   3.201423    31.6673        325     0.2252 0.0000e+00
     11.000     6.6908   3.199004    31.6719        355     0.2459 0.0000e+00
     12.000     6.6792   3.198499    31.6766        380     0.2634 0.0000e+00
     13.000     6.6601   3.197538    31.6832        404     0.2800 0.0000e+00
     14.000     6.6321   3.195960    31.6914        430     0.2978 0.0000e+00
     15.000     6.5953   3.193789    31.7011        456     0.3160 0.0000e+00
     16.000     6.5026   3.188579    31.7294        482     0.3343 0.0000e+00
     17.000     6.5158   3.193007    31.7655        509     0.3525 0.0000e+00
     18.000     6.5281   3.198075    31.8094        535     0.3712 0.0000e+00
     19.000     6.4937   3.197658    31.8363        563     0.3905 0.0000e+00
     20.000     6.4639   3.197397    31.8608        592     0.4102 0.0000e+00
     21.000     6.4397   3.200123    31.9130        617     0.4279 0.0000e+00
     22.000     6.4340   3.200059    31.9171        641     0.4442 0.0000e+00
     23.000     6.4355   3.201780    31.9343        666     0.4616 0.0000e+00
     24.000     6.4444   3.202724    31.9359        694     0.4813 0.0000e+00
     25.000     6.4496   3.204383    31.9489        724     0.5023 0.0000e+00
     26.000     6.4504   3.205624    31.9614        753     0.5225 0.0000e+00
     27.000     6.4515   3.207029    31.9753        781     0.5416 0.0000e+00
     28.000     6.4599   3.211465    32.0160        807     0.5597 0.0000e+00
     29.000     6.4715   3.216802    32.0635        830     0.5759 0.0000e+00
     30.000     6.4787   3.219897    32.0904        855     0.5933 0.0000e+00
     31.000     6.4839   3.223213    32.1217        884     0.6134 0.0000e+00
     32.000     6.4811   3.228200    32.1789        916     0.6353 0.0000e+00
     33.000     6.4847   3.231717    32.2139        941     0.6528 0.0000e+00
     34.000     6.5028   3.234562    32.2277        963     0.6681 0.0000e+00
     35.000     6.4933   3.234642    32.2371        988     0.6851 0.0000e+00
     36.000     6.4831   3.233909    32.2381       1025     0.7108 0.0000e+00
     37.000     6.4815   3.233938    32.2395       1061     0.7364 0.0000e+00
     38.000     6.4790   3.233830    32.2402       1085     0.7526 0.0000e+00
     39.000     6.4803   3.233926    32.2396       1104     0.7658 0.0000e+00
     40.000     6.4743   3.233477    32.2397       1124     0.7796 0.0000e+00
     41.000     6.4668   3.233021    32.2413       1150     0.7976 0.0000e+00
     42.000     6.4596   3.232625    32.2432       1186     0.8226 0.0000e+00
     43.000     6.4502   3.231997    32.2447       1218     0.8454 0.0000e+00
     44.000     6.4396   3.231290    32.2464       1244     0.8628 0.0000e+00
     45.000     6.4290   3.230481    32.2470       1265     0.8779 0.0000e+00
     46.000     6.4124   3.229142    32.2475       1291     0.8957 0.0000e+00
     47.000     6.4059   3.228679    32.2480       1321     0.9169 0.0000e+00
     48.000     6.3974   3.228212    32.2504       1352     0.9384 0.0000e+00
     49.000     6.3908   3.228298    32.2571       1377     0.9556 0.0000e+00
     50.000     6.3913   3.228689    32.2605       1400     0.9716 0.0000e+00
     51.000     6.3913   3.228975    32.2632       1428     0.9906 0.0000e+00
     52.000     6.3929   3.229428    32.2661       1461     1.0142 0.0000e+00
     53.000     6.3935   3.229993    32.2714       1490     1.0337 0.0000e+00
     54.000     6.3947   3.230484    32.2752       1512     1.0493 0.0000e+00
     55.000     6.3976   3.231131    32.2791       1535     1.0650 0.0000e+00
     56.000     6.4003   3.231698    32.2823       1563     1.0850 0.0000e+00
     57.000     6.4005   3.231910    32.2840       1599     1.1095 0.0000e+00
     58.000     6.3996   3.231978    32.2851       1625     1.1280 0.0000e+00
     59.000     6.4039   3.232731    32.2889       1647     1.1430 0.0000e+00
     60.000     6.4262   3.235447    32.2973       1670     1.1587 0.0000e+00
     61.000     6.4323   3.236849    32.3066       1701     1.1809 0.0000e+00
     62.000     6.4305   3.237750    32.3178       1738     1.2062 0.0000e+00
     63.000     6.4283   3.238149    32.3238       1762     1.2229 0.0000e+00
     64.000     6.4278   3.238840    32.3315       1782     1.2370 0.0000e+00
     65.000     6.4291   3.240772    32.3511       1804     1.2524 0.0000e+00
     66.000     6.4261   3.241456    32.3611       1836     1.2746 0.0000e+00
     67.000     6.4270   3.242292    32.3690       1872     1.2996 0.0000e+00
     68.000     6.5054   3.255926    32.4446       1898     1.3177 0.0000e+00
     69.000     6.8886   3.308077    32.6537       1920     1.3329 0.0000e+00
     70.000     7.0371   3.327907    32.7288       1943     1.3488 0.0000e+00
     71.000     7.5044   3.390505    32.9639       2164     1.5020 0.0000e+00
     70.000     6.9563   3.318401    32.7030       2581     1.7914 0.0000e+00
     69.000     7.0318   3.327991    32.7353       2646     1.8370 0.0000e+00
     68.000     6.9150   3.312223    32.6743       2684     1.8631 0.0000e+00
     67.000     6.6391   3.274461    32.5225       2721     1.8887 0.0000e+00
     66.000     6.4891   3.251867    32.4163       2755     1.9122 0.0000e+00
     65.000     6.4432   3.244645    32.3806       2789     1.9360 0.0000e+00
     64.000     6.4411   3.243236    32.3675       2820     1.9579 0.0000e+00
     63.000     6.4380   3.241434    32.3510       2855     1.9817 0.0000e+00
     62.000     6.4367   3.240137    32.3384       2900     2.0135 0.0000e+00
     61.000     6.4353   3.239018    32.3278       2933     2.0365 0.0000e+00
     60.000     6.4349   3.238229    32.3199       2961     2.0555 0.0000e+00
     59.000     6.4284   3.236142    32.3034       3011     2.0906 0.0000e+00
     58.000     6.4174   3.234605    32.2974       3074     2.1338 0.0000e+00
     57.000     6.4061   3.232984    32.2906       3110     2.1594 0.0000e+00
     56.000     6.4024   3.232344    32.2875       3143     2.1819 0.0000e+00
     55.000     6.4023   3.232126    32.2857       3178     2.2065 0.0000e+00
     54.000     6.3999   3.231655    32.2833       3213     2.2308 0.0000e+00
     53.000     6.3985   3.231139    32.2793       3250     2.2564 0.0000e+00
     52.000     6.3963   3.230593    32.2758       3284     2.2797 0.0000e+00
     51.000     6.3953   3.230049    32.2712       3313     2.3001 0.0000e+00
     50.000     6.3936   3.229495    32.2672       3349     2.3253 0.0000e+00
     49.000     6.3934   3.229243    32.2651       3399     2.3599 0.0000e+00
     48.000     6.3925   3.228853    32.2621       3429     2.3809 0.0000e+00
     47.000     6.3922   3.228618    32.2603       3455     2.3985 0.0000e+00
     46.000     6.3948   3.228377    32.2556       3488     2.4216 0.0000e+00
     45.000     6.4176   3.229351    32.2453       3790     2.6313 0.0000e+00
     44.000     6.4219   3.229764    32.2463       3939     2.7346 0.0000e+00
     43.000     6.4289   3.230357    32.2467       3963     2.7513 0.0000e+00
     42.000     6.4360   3.230885    32.2463       3991     2.7707 0.0000e+00
     41.000     6.4456   3.231529    32.2449       4021     2.7919 0.0000e+00
     40.000     6.4569   3.232242    32.2426       4047     2.8101 0.0000e+00
     39.000     6.4641   3.232505    32.2391       4069     2.8252 0.0000e+00
     38.000     6.4693   3.232985    32.2400       4089     2.8387 0.0000e+00
     37.000     6.4752   3.233410    32.2396       4113     2.8552 0.0000e+00
     36.000     6.4812   3.233810    32.2388       4153     2.8831 0.0000e+00
     35.000     6.4814   3.233698    32.2379       4186     2.9063 0.0000e+00
     34.000     6.4847   3.233743    32.2357       4204     2.9188 0.0000e+00
     33.000     6.4900   3.234119    32.2354       4220     2.9299 0.0000e+00
     32.000     6.4970   3.234298    32.2312       4238     2.9426 0.0000e+00
     31.000     6.4891   3.231147    32.2044       4273     2.9669 0.0000e+00
     30.000     6.4849   3.227425    32.1677       4315     2.9957 0.0000e+00
     29.000     6.4837   3.222928    32.1197       4334     3.0091 0.0000e+00
     28.000     6.4782   3.219645    32.0891       4351     3.0210 0.0000e+00
     27.000     6.4705   3.216478    32.0618       4370     3.0343 0.0000e+00
     26.000     6.4593   3.210138    32.0028       4407     3.0596 0.0000e+00
     25.000     6.4567   3.208064    31.9829       4447     3.0872 0.0000e+00
     24.000     6.4513   3.204707    31.9513       4465     3.1003 0.0000e+00
     23.000     6.4463   3.203392    31.9419       4482     3.1121 0.0000e+00
     22.000     6.4400   3.202157    31.9347       4501     3.1249 0.0000e+00
     21.000     6.4363   3.201405    31.9303       4530     3.1450 0.0000e+00
     20.000     6.4384   3.199389    31.9066       4572     3.1740 0.0000e+00
     19.000     6.4672   3.197516    31.8594       4597     3.1917 0.0000e+00
     18.000     6.4772   3.196969    31.8446       4617     3.2058 0.0000e+00
     17.000     6.4879   3.197027    31.8357       4639     3.2206 0.0000e+00
     16.000     6.5042   3.196826    31.8188       4667     3.2400 0.0000e+00
     15.000     6.5014   3.194675    31.7982       4697     3.2610 0.0000e+00
     14.000     6.5180   3.191072    31.7435       4721     3.2778 0.0000e+00
     13.000     6.5727   3.193117    31.7156       4743     3.2927 0.0000e+00
     12.000     6.6084   3.194531    31.6986       4765     3.3084 0.0000e+00
     11.000     6.6171   3.195053    31.6967       4790     3.3260 0.0000e+00
     10.000     6.6342   3.195747    31.6890       4820     3.3465 0.0000e+00
      9.000     6.6676   3.197277    31.6754       4850     3.3675 0.0000e+00
      8.000     6.7044   3.199601    31.6672       4875     3.3850 0.0000e+00
      7.000     6.7409   3.202094    31.6613       4897     3.4003 0.0000e+00
      6.000     6.7315   3.201563    31.6647       4918     3.4149 0.0000e+00
      5.000     6.7322   3.201708    31.6661       4944     3.4325 0.0000e+00
      4.000     6.7513   3.202990    31.6630       4976     3.4552 0.0000e+00
      3.000     6.7554   3.203301    31.6630       5028     3.4907 0.0000e+00
      2.000     6.7584   3.203560    31.6636       5435     3.7737 0.0000e+00
      1.000     6.7573   3.203421    31.6635       5458     3.7897 0.0000e+00
