HB2402/ctd039.cnv
* Sea-Bird SBE 9 Data File:
* FileName = C:\cruise\data\ctd039.hex
* Software Version Seasave V 7.26.7.121
* Temperature SN = 5253
* Conductivity SN = 4421
* Number of Bytes Per Scan = 37
* Number of Voltage Words = 4
* Number of Scans Averaged by the Deck Unit = 1
* NMEA Latitude = 35 54.78 N
* NMEA Longitude = 074 50.32 W
* NMEA UTC (Time) = Mar 14 2024 14:17:14
* NMEA baud rate = 4800
** Ship: Bigelow HB2304
** Program:  Fall Bottom Trawl Survey
** Chief Scientist: John Galbraith
# nquan = 7
# nvalues = 243                         
# units = specified
# name 0 = depSM: Depth [salt water, m]
# name 1 = t090C: Temperature [ITS-90, deg C]
# name 2 = c0S/m: Conductivity [S/m]
# name 3 = sal00: Salinity, Practical [PSU]
# name 4 = scan: Scan Count
# name 5 = timeM: Time, Elapsed [minutes]
# name 6 = flag: flag
# span 0 =      1.000,    123.000       
# span 1 =    10.6401,    15.5875       
# span 2 =   3.635416,   4.334178       
# span 3 =    32.6466,    35.1398       
# span 4 =         99,       7793       
# span 5 =     0.0678,     5.4113       
# span 6 = 0.0000e+00, 0.0000e+00       
# interval = meters: 1                  
# start_time = Mar 14 2024 14:17:14 [NMEA time, header]
# bad_flag = -9.990e-29
*END*
      3.000    10.6401   3.635416    32.6466         99     0.0678 0.0000e+00
      4.000    10.7074   3.647508    32.7067        190     0.1313 0.0000e+00
      5.000    10.7606   3.659044    32.7735        214     0.1480 0.0000e+00
      6.000    10.7870   3.665352    32.8123        240     0.1662 0.0000e+00
      7.000    10.7910   3.666721    32.8218        267     0.1848 0.0000e+00
      8.000    10.8093   3.670649    32.8441        293     0.2028 0.0000e+00
      9.000    10.8176   3.672932    32.8589        318     0.2201 0.0000e+00
     10.000    10.8506   3.678560    32.8849        343     0.2378 0.0000e+00
     11.000    10.8618   3.681675    32.9053        371     0.2573 0.0000e+00
     12.000    10.8804   3.685388    32.9252        400     0.2772 0.0000e+00
     13.000    10.9087   3.691323    32.9582        425     0.2947 0.0000e+00
     14.000    10.8690   3.689147    32.9719        501     0.3470 0.0000e+00
     15.000    10.8538   3.694786    33.0413        598     0.4147 0.0000e+00
     16.000    10.9546   3.708446    33.0856        631     0.4376 0.0000e+00
     17.000    11.0964   3.725913    33.1305        661     0.4581 0.0000e+00
     18.000    11.2064   3.739403    33.1643        687     0.4762 0.0000e+00
     19.000    11.2986   3.751872    33.2038        713     0.4947 0.0000e+00
     20.000    11.1107   3.731389    33.1704        741     0.5138 0.0000e+00
     21.000    10.9735   3.716642    33.1478        769     0.5332 0.0000e+00
     22.000    10.8903   3.707962    33.1363        796     0.5519 0.0000e+00
     23.000    10.8624   3.707315    33.1547        823     0.5705 0.0000e+00
     24.000    11.0124   3.726298    33.2071        849     0.5888 0.0000e+00
     25.000    11.1592   3.745047    33.2596        875     0.6070 0.0000e+00
     26.000    11.1397   3.743236    33.2590        901     0.6250 0.0000e+00
     27.000    11.1060   3.740408    33.2610        926     0.6422 0.0000e+00
     28.000    11.2253   3.754933    33.2963        953     0.6611 0.0000e+00
     29.000    11.3259   3.767761    33.3314        981     0.6804 0.0000e+00
     30.000    11.3004   3.766325    33.3399       1009     0.7002 0.0000e+00
     31.000    11.1447   3.751901    33.3379       1038     0.7199 0.0000e+00
     32.000    11.2393   3.764122    33.3726       1064     0.7384 0.0000e+00
     33.000    11.4400   3.790138    33.4467       1090     0.7561 0.0000e+00
     34.000    11.6461   3.815502    33.5086       1114     0.7732 0.0000e+00
     35.000    11.7914   3.833657    33.5543       1140     0.7909 0.0000e+00
     36.000    11.8360   3.839188    33.5675       1167     0.8096 0.0000e+00
     37.000    11.8905   3.846340    33.5875       1195     0.8294 0.0000e+00
     38.000    12.0287   3.863826    33.6322       1225     0.8498 0.0000e+00
     39.000    12.2654   3.892865    33.6997       1253     0.8696 0.0000e+00
     40.000    12.3716   3.905616    33.7266       1280     0.8879 0.0000e+00
     41.000    12.3806   3.907097    33.7324       1305     0.9053 0.0000e+00
     42.000    12.4573   3.917818    33.7660       1329     0.9223 0.0000e+00
     43.000    12.8366   3.966992    33.8955       1354     0.9397 0.0000e+00
     44.000    13.3521   4.032320    34.0523       1380     0.9580 0.0000e+00
     45.000    14.0279   4.122879    34.2951       1408     0.9773 0.0000e+00
     46.000    14.6566   4.204574    34.4900       1438     0.9982 0.0000e+00
     47.000    15.1876   4.277059    34.6795       1467     1.0180 0.0000e+00
     48.000    15.4572   4.312322    34.7598       1494     1.0365 0.0000e+00
     49.000    15.4363   4.310578    34.7621       1519     1.0541 0.0000e+00
     50.000    15.5385   4.325658    34.8072       1546     1.0726 0.0000e+00
     51.000    15.5772   4.331214    34.8226       1574     1.0925 0.0000e+00
     52.000    15.5875   4.334059    34.8387       1601     1.1110 0.0000e+00
     53.000    15.5815   4.334178    34.8447       1625     1.1281 0.0000e+00
     54.000    15.5478   4.330579    34.8417       1650     1.1450 0.0000e+00
     55.000    15.5126   4.326494    34.8357       1676     1.1631 0.0000e+00
     56.000    15.3935   4.311763    34.8079       1704     1.1825 0.0000e+00
     57.000    15.1624   4.285150    34.7717       1731     1.2016 0.0000e+00
     58.000    14.8355   4.247211    34.7165       1760     1.2218 0.0000e+00
     59.000    14.7415   4.237147    34.7079       1791     1.2432 0.0000e+00
     60.000    14.6744   4.229619    34.6985       1819     1.2625 0.0000e+00
     61.000    14.6414   4.226365    34.6977       1844     1.2800 0.0000e+00
     62.000    14.6463   4.227859    34.7066       1868     1.2968 0.0000e+00
     63.000    14.6699   4.232128    34.7243       1895     1.3151 0.0000e+00
     64.000    14.6926   4.235614    34.7356       1923     1.3346 0.0000e+00
     65.000    14.6804   4.234317    34.7342       1951     1.3538 0.0000e+00
     66.000    14.6791   4.234995    34.7411       1978     1.3732 0.0000e+00
     67.000    14.6981   4.237821    34.7496       2005     1.3915 0.0000e+00
     68.000    14.7444   4.244902    34.7728       2030     1.4093 0.0000e+00
     69.000    14.8393   4.258546    34.8124       2056     1.4272 0.0000e+00
     70.000    14.8951   4.268172    34.8500       2086     1.4480 0.0000e+00
     71.000    15.0570   4.295757    34.9564       2119     1.4707 0.0000e+00
     72.000    14.9666   4.285431    34.9428       2147     1.4901 0.0000e+00
     73.000    14.7554   4.263039    34.9271       2172     1.5076 0.0000e+00
     74.000    14.7480   4.262347    34.9269       2198     1.5257 0.0000e+00
     75.000    14.7481   4.262427    34.9272       2224     1.5439 0.0000e+00
     76.000    14.7493   4.262639    34.9277       2250     1.5617 0.0000e+00
     77.000    14.7355   4.261159    34.9261       2274     1.5787 0.0000e+00
     78.000    14.7230   4.259824    34.9246       2301     1.5974 0.0000e+00
     79.000    14.6444   4.252390    34.9267       2332     1.6187 0.0000e+00
     80.000    14.6132   4.250338    34.9354       2361     1.6388 0.0000e+00
     81.000    14.5990   4.249122    34.9366       2387     1.6567 0.0000e+00
     82.000    14.5945   4.249309    34.9420       2412     1.6742 0.0000e+00
     83.000    14.5896   4.248909    34.9423       2439     1.6931 0.0000e+00
     84.000    14.5840   4.248396    34.9423       2470     1.7145 0.0000e+00
     85.000    14.5773   4.248541    34.9492       2500     1.7355 0.0000e+00
     86.000    14.5795   4.250064    34.9608       2526     1.7535 0.0000e+00
     87.000    14.5784   4.250566    34.9660       2550     1.7703 0.0000e+00
     88.000    14.5511   4.249260    34.9782       2575     1.7874 0.0000e+00
     89.000    14.4557   4.241475    34.9922       2600     1.8052 0.0000e+00
     90.000    14.4400   4.239472    34.9875       2627     1.8236 0.0000e+00
     91.000    14.3864   4.233519    34.9805       2654     1.8422 0.0000e+00
     92.000    14.3387   4.228043    34.9726       2682     1.8619 0.0000e+00
     93.000    14.0907   4.200528    34.9416       2714     1.8838 0.0000e+00
     94.000    13.9478   4.187332    34.9482       2744     1.9051 0.0000e+00
     95.000    13.9273   4.186424    34.9579       2773     1.9247 0.0000e+00
     96.000    13.7993   4.171908    34.9383       2798     1.9426 0.0000e+00
     97.000    13.4861   4.137272    34.8985       2825     1.9608 0.0000e+00
     98.000    13.3383   4.120296    34.8730       2850     1.9788 0.0000e+00
     99.000    13.1266   4.096959    34.8455       2876     1.9968 0.0000e+00
    100.000    13.0028   4.082749    34.8237       2902     2.0146 0.0000e+00
    101.000    12.9564   4.077377    34.8147       2929     2.0330 0.0000e+00
    102.000    12.9175   4.073006    34.8084       2958     2.0536 0.0000e+00
    103.000    12.8801   4.068511    34.7994       2991     2.0761 0.0000e+00
    104.000    12.8128   4.061123    34.7904       3020     2.0963 0.0000e+00
    105.000    12.8001   4.060397    34.7947       3047     2.1150 0.0000e+00
    106.000    12.7848   4.060355    34.8079       3074     2.1341 0.0000e+00
    107.000    12.7833   4.061189    34.8169       3102     2.1532 0.0000e+00
    108.000    12.7805   4.062952    34.8359       3128     2.1716 0.0000e+00
    109.000    12.8380   4.071975    34.8688       3152     2.1885 0.0000e+00
    110.000    12.8557   4.075571    34.8864       3178     2.2063 0.0000e+00
    111.000    12.9084   4.082955    34.9079       3206     2.2257 0.0000e+00
    112.000    12.9306   4.086066    34.9167       3236     2.2465 0.0000e+00
    113.000    12.9360   4.087078    34.9209       3265     2.2668 0.0000e+00
    114.000    12.9455   4.088605    34.9264       3294     2.2865 0.0000e+00
    115.000    12.9685   4.092971    34.9463       3321     2.3059 0.0000e+00
    116.000    12.9780   4.095400    34.9603       3348     2.3246 0.0000e+00
    117.000    12.9666   4.094959    34.9662       3375     2.3432 0.0000e+00
    118.000    13.0060   4.102438    35.0007       3401     2.3610 0.0000e+00
    119.000    13.0370   4.107775    35.0225       3427     2.3791 0.0000e+00
    120.000    13.0622   4.112706    35.0457       3453     2.3975 0.0000e+00
    121.000    13.1155   4.123934    35.1030       3481     2.4167 0.0000e+00
    122.000    13.1522   4.130912    35.1349       3509     2.4360 0.0000e+00
    123.000    13.1501   4.130280    35.1303       3555     2.4684 0.0000e+00
    122.000    13.1602   4.132202    35.1398       3901     2.7085 0.0000e+00
    121.000    13.1487   4.130109    35.1310       3961     2.7501 0.0000e+00
    120.000    13.1289   4.126834    35.1186       3987     2.7679 0.0000e+00
    119.000    13.1005   4.120318    35.0832       4013     2.7859 0.0000e+00
    118.000    13.0699   4.114145    35.0532       4039     2.8043 0.0000e+00
    117.000    13.0433   4.108771    35.0270       4067     2.8234 0.0000e+00
    116.000    13.0162   4.103934    35.0065       4093     2.8418 0.0000e+00
    115.000    12.9883   4.098586    34.9816       4117     2.8584 0.0000e+00
    114.000    12.9803   4.096289    34.9676       4141     2.8750 0.0000e+00
    113.000    12.9714   4.093533    34.9499       4166     2.8926 0.0000e+00
    112.000    12.9549   4.090160    34.9333       4194     2.9116 0.0000e+00
    111.000    12.9446   4.088174    34.9243       4221     2.9303 0.0000e+00
    110.000    12.9293   4.085664    34.9149       4245     2.9474 0.0000e+00
    109.000    12.9030   4.081779    34.9026       4270     2.9647 0.0000e+00
    108.000    12.8671   4.076625    34.8868       4297     2.9830 0.0000e+00
    107.000    12.8510   4.073275    34.8701       4323     3.0015 0.0000e+00
    106.000    12.8044   4.065565    34.8398       4349     3.0193 0.0000e+00
    105.000    12.7975   4.063246    34.8243       4374     3.0371 0.0000e+00
    104.000    12.7999   4.061811    34.8089       4403     3.0570 0.0000e+00
    103.000    12.8051   4.060445    34.7914       4433     3.0779 0.0000e+00
    102.000    12.8284   4.062313    34.7882       4459     3.0958 0.0000e+00
    101.000    12.8725   4.066776    34.7908       4483     3.1124 0.0000e+00
    100.000    12.8946   4.069246    34.7944       4507     3.1291 0.0000e+00
     99.000    12.9214   4.071997    34.7965       4532     3.1467 0.0000e+00
     98.000    12.9870   4.079589    34.8089       4559     3.1651 0.0000e+00
     97.000    13.1452   4.096942    34.8292       4585     3.1834 0.0000e+00
     96.000    13.3692   4.122308    34.8646       4611     3.2016 0.0000e+00
     95.000    13.6204   4.151061    34.9064       4638     3.2203 0.0000e+00
     94.000    13.7655   4.167272    34.9266       4665     3.2388 0.0000e+00
     93.000    13.8834   4.179901    34.9377       4691     3.2571 0.0000e+00
     92.000    13.9321   4.183961    34.9318       4717     3.2753 0.0000e+00
     91.000    14.0727   4.198956    34.9442       4745     3.2947 0.0000e+00
     90.000    14.2872   4.221173    34.9565       4774     3.3146 0.0000e+00
     89.000    14.3832   4.231750    34.9678       4801     3.3333 0.0000e+00
     88.000    14.4236   4.236322    34.9740       4827     3.3513 0.0000e+00
     87.000    14.4350   4.237768    34.9774       4852     3.3691 0.0000e+00
     86.000    14.5009   4.243416    34.9705       4879     3.3872 0.0000e+00
     85.000    14.5455   4.246491    34.9590       4905     3.4056 0.0000e+00
     84.000    14.5569   4.246427    34.9485       4932     3.4245 0.0000e+00
     83.000    14.5642   4.246659    34.9445       4960     3.4436 0.0000e+00
     82.000    14.5711   4.247022    34.9421       4988     3.4631 0.0000e+00
     81.000    14.5760   4.247316    34.9408       5017     3.4830 0.0000e+00
     80.000    14.5864   4.247547    34.9339       5044     3.5023 0.0000e+00
     79.000    14.5944   4.248020    34.9315       5070     3.5202 0.0000e+00
     78.000    14.6082   4.249031    34.9287       5094     3.5368 0.0000e+00
     77.000    14.6390   4.251613    34.9252       5118     3.5535 0.0000e+00
     76.000    14.6755   4.254683    34.9210       5145     3.5723 0.0000e+00
     75.000    14.6945   4.256389    34.9200       5176     3.5939 0.0000e+00
     74.000    14.7127   4.257994    34.9187       5208     3.6157 0.0000e+00
     73.000    14.7255   4.259218    34.9189       5235     3.6350 0.0000e+00
     72.000    14.7406   4.260880    34.9210       5260     3.6520 0.0000e+00
     71.000    14.7802   4.265470    34.9278       5283     3.6683 0.0000e+00
     70.000    14.8523   4.273428    34.9364       5308     3.6852 0.0000e+00
     69.000    14.9340   4.278248    34.9076       5334     3.7033 0.0000e+00
     68.000    14.8659   4.265337    34.8511       5362     3.7231 0.0000e+00
     67.000    14.8089   4.255415    34.8117       5392     3.7436 0.0000e+00
     66.000    14.7334   4.243797    34.7733       5420     3.7632 0.0000e+00
     65.000    14.6933   4.237266    34.7497       5447     3.7823 0.0000e+00
     64.000    14.6813   4.235054    34.7405       5474     3.8008 0.0000e+00
     63.000    14.6837   4.234822    34.7366       5500     3.8185 0.0000e+00
     62.000    14.6820   4.234174    34.7327       5524     3.8352 0.0000e+00
     61.000    14.6636   4.231024    34.7206       5549     3.8525 0.0000e+00
     60.000    14.6485   4.228246    34.7090       5576     3.8716 0.0000e+00
     59.000    14.6367   4.226065    34.6999       5605     3.8915 0.0000e+00
     58.000    14.6683   4.228960    34.6987       5634     3.9117 0.0000e+00
     57.000    14.7573   4.238510    34.7071       5662     3.9313 0.0000e+00
     56.000    14.8360   4.247806    34.7224       5688     3.9492 0.0000e+00
     55.000    15.0619   4.273416    34.7551       5712     3.9661 0.0000e+00
     54.000    15.2458   4.294477    34.7833       5739     3.9845 0.0000e+00
     53.000    15.3906   4.312142    34.8151       5768     4.0051 0.0000e+00
     52.000    15.4907   4.324170    34.8354       5797     4.0252 0.0000e+00
     51.000    15.5196   4.327928    34.8440       5823     4.0432 0.0000e+00
     50.000    15.5350   4.329422    34.8442       5850     4.0617 0.0000e+00
     49.000    15.5149   4.325702    34.8289       5877     4.0808 0.0000e+00
     48.000    15.4997   4.322950    34.8180       5902     4.0981 0.0000e+00
     47.000    15.4558   4.316187    34.7963       5927     4.1154 0.0000e+00
     46.000    15.4004   4.307452    34.7668       5953     4.1335 0.0000e+00
     45.000    15.1103   4.269065    34.6766       5982     4.1535 0.0000e+00
     44.000    14.6714   4.209981    34.5275       6011     4.1734 0.0000e+00
     43.000    14.3044   4.159708    34.3919       6037     4.1920 0.0000e+00
     42.000    13.7811   4.090559    34.2161       6064     4.2103 0.0000e+00
     41.000    13.2734   4.025173    34.0566       6091     4.2292 0.0000e+00
     40.000    12.9128   3.978388    33.9369       6118     4.2479 0.0000e+00
     39.000    12.6402   3.942792    33.8424       6145     4.2666 0.0000e+00
