HB2402/ctd057.cnv
* Sea-Bird SBE 9 Data File:
* FileName = C:\cruise\data\ctd057.hex
* Software Version Seasave V 7.26.7.121
* Temperature SN = 5253
* Conductivity SN = 4421
* Number of Bytes Per Scan = 37
* Number of Voltage Words = 4
* Number of Scans Averaged by the Deck Unit = 1
* NMEA Latitude = 38 14.99 N
* NMEA Longitude = 073 40.70 W
* NMEA UTC (Time) = Mar 17 2024 09:28:21
* NMEA baud rate = 4800
** Ship: Bigelow HB2304
** Program:  Fall Bottom Trawl Survey
** Chief Scientist: John Galbraith
# nquan = 7
# nvalues = 261                         
# units = specified
# name 0 = depSM: Depth [salt water, m]
# name 1 = t090C: Temperature [ITS-90, deg C]
# name 2 = c0S/m: Conductivity [S/m]
# name 3 = sal00: Salinity, Practical [PSU]
# name 4 = scan: Scan Count
# name 5 = timeM: Time, Elapsed [minutes]
# name 6 = flag: flag
# span 0 =      1.000,    132.000       
# span 1 =     7.0484,    11.8673       
# span 2 =   3.321308,   3.974626       
# span 3 =    32.3048,    34.8229       
# span 4 =       -143,       7937       
# span 5 =    -0.1000,     5.5115       
# span 6 = 0.0000e+00, 0.0000e+00       
# interval = meters: 1                  
# start_time = Mar 17 2024 09:28:21 [NMEA time, header]
# bad_flag = -9.990e-29
*END*
[from data line 206]
     55.000     7.5332   3.396478    33.0085       6146     4.2676 0.0000e+00
     54.000     7.4961   3.391508    32.9905       6168     4.2827 0.0000e+00
     53.000     7.4689   3.388089    32.9800       6189     4.2973 0.0000e+00
     52.000     7.4116   3.380715    32.9552       6217     4.3164 0.0000e+00
     51.000     7.4112   3.380031    32.9486       6255     4.3433 0.0000e+00
     50.000     7.4091   3.377945    32.9286       6281     4.3615 0.0000e+00
     49.000     7.4121   3.377598    32.9224       6301     4.3748 0.0000e+00
     48.000     7.4181   3.377745    32.9188       6323     4.3902 0.0000e+00
     47.000     7.4265   3.378092    32.9151       6349     4.4086 0.0000e+00
     46.000     7.4425   3.379114    32.9114       6379     4.4293 0.0000e+00
     45.000     7.4274   3.376745    32.9006       6411     4.4515 0.0000e+00
     44.000     7.3917   3.372425    32.8883       6437     4.4695 0.0000e+00
     43.000     7.2832   3.360427    32.8617       6457     4.4836 0.0000e+00
     42.000     7.1902   3.350479    32.8426       6480     4.4990 0.0000e+00
     41.000     7.1817   3.348296    32.8274       6508     4.5186 0.0000e+00
     40.000     7.1579   3.344567    32.8100       6539     4.5402 0.0000e+00
     39.000     7.1262   3.340746    32.7990       6562     4.5564 0.0000e+00
     38.000     7.1144   3.338904    32.7906       6584     4.5712 0.0000e+00
     37.000     7.1208   3.338509    32.7807       6610     4.5899 0.0000e+00
     36.000     7.1257   3.337070    32.7608       6643     4.6127 0.0000e+00
     35.000     7.1103   3.332871    32.7302       6671     4.6322 0.0000e+00
     34.000     7.0885   3.329228    32.7117       6695     4.6485 0.0000e+00
     33.000     7.0687   3.325740    32.6929       6718     4.6649 0.0000e+00
     32.000     7.0617   3.324004    32.6812       6744     4.6829 0.0000e+00
     31.000     7.0667   3.323359    32.6698       6771     4.7012 0.0000e+00
     30.000     7.0881   3.324105    32.6582       6795     4.7180 0.0000e+00
     29.000     7.1213   3.326279    32.6509       6817     4.7336 0.0000e+00
     28.000     7.1409   3.326695    32.6373       6843     4.7512 0.0000e+00
     27.000     7.1361   3.323348    32.6059       6872     4.7718 0.0000e+00
     26.000     7.1638   3.322521    32.5712       6901     4.7920 0.0000e+00
     25.000     7.1957   3.322766    32.5443       6932     4.8131 0.0000e+00
     24.000     7.2468   3.324266    32.5130       6960     4.8325 0.0000e+00
     23.000     7.2875   3.325733    32.4910       6981     4.8474 0.0000e+00
     22.000     7.3054   3.326332    32.4812       7001     4.8614 0.0000e+00
     21.000     7.3170   3.326671    32.4744       7024     4.8771 0.0000e+00
     20.000     7.3302   3.327021    32.4663       7056     4.8990 0.0000e+00
     19.000     7.3360   3.327299    32.4644       7089     4.9222 0.0000e+00
     18.000     7.3603   3.328529    32.4553       7111     4.9376 0.0000e+00
     17.000     7.3665   3.328907    32.4541       7131     4.9517 0.0000e+00
     16.000     7.3693   3.329094    32.4540       7155     4.9677 0.0000e+00
     15.000     7.3782   3.329728    32.4530       7190     4.9921 0.0000e+00
     14.000     7.3898   3.330624    32.4523       7222     5.0148 0.0000e+00
     13.000     7.3973   3.331200    32.4519       7246     5.0310 0.0000e+00
     12.000     7.4067   3.331966    32.4519       7267     5.0458 0.0000e+00
     11.000     7.5158   3.339584    32.4324       7289     5.0612 0.0000e+00
     10.000     7.7053   3.351071    32.3797       7313     5.0777 0.0000e+00
      9.000     7.8184   3.357201    32.3407       7340     5.0965 0.0000e+00
      8.000     7.8760   3.360107    32.3188       7369     5.1168 0.0000e+00
      7.000     7.9088   3.361818    32.3072       7399     5.1374 0.0000e+00
      6.000     7.9178   3.362375    32.3052       7423     5.1543 0.0000e+00
      5.000     7.9215   3.362610    32.3048       7446     5.1705 0.0000e+00
      4.000     7.9257   3.362968    32.3052       7485     5.1974 0.0000e+00
      3.000     7.9235   3.362724    32.3051       7519     5.2208 0.0000e+00
      2.000     7.9282   3.363248    32.3068       7739     5.3733 0.0000e+00
      1.000     7.9298   3.363203    32.3053       7937     5.5115 0.0000e+00
