HB2402/ctd089.cnv
* Sea-Bird SBE 9 Data File:
* FileName = C:\cruise\data\ctd089.hex
* Software Version Seasave V 7.26.7.121
* Temperature SN = 5253
* Conductivity SN = 4421
* Number of Bytes Per Scan = 37
* Number of Voltage Words = 4
* Number of Scans Averaged by the Deck Unit = 1
* NMEA Latitude = 39 28.89 N
* NMEA Longitude = 072 36.11 W
* NMEA UTC (Time) = Apr 02 2024 07:33:44
* NMEA baud rate = 4800
** Ship: Bigelow HB2304
** Program:  Fall Bottom Trawl Survey
** Chief Scientist: John Galbraith
# nquan = 7
# nvalues = 177                         
# units = specified
# name 0 = depSM: Depth [salt water, m]
# name 1 = t090C: Temperature [ITS-90, deg C]
# name 2 = c0S/m: Conductivity [S/m]
# name 3 = sal00: Salinity, Practical [PSU]
# name 4 = scan: Scan Count
# name 5 = timeM: Time, Elapsed [minutes]
# name 6 = flag: flag
# span 0 =      3.000,     91.000       
# span 1 =     6.3375,    10.7318       
# span 2 =   3.188305,   3.815495       
# span 3 =    31.6768,    34.3263       
# span 4 =        -38,       5848       
# span 5 =    -0.0272,     4.0604       
# span 6 = 0.0000e+00, 0.0000e+00       
# interval = meters: 1                  
# start_time = Apr 02 2024 07:33:44 [NMEA time, header]
# bad_flag = -9.990e-29
*END*
      3.000     6.6526   3.195881    31.6768        -38    -0.0272 0.0000e+00
      4.000     6.6556   3.198438    31.7016        122     0.0841 0.0000e+00
      5.000     6.6549   3.197203    31.6881        228     0.1579 0.0000e+00
      6.000     6.6548   3.196888    31.6844        259     0.1793 0.0000e+00
      7.000     6.6544   3.196835    31.6836        293     0.2031 0.0000e+00
      8.000     6.6547   3.196881    31.6834        324     0.2241 0.0000e+00
      9.000     6.6499   3.197235    31.6913        347     0.2400 0.0000e+00
     10.000     6.6093   3.196190    31.7170        367     0.2539 0.0000e+00
     11.000     6.5729   3.193901    31.7251        387     0.2678 0.0000e+00
     12.000     6.5184   3.190594    31.7388        410     0.2844 0.0000e+00
     13.000     6.4546   3.188305    31.7725        446     0.3093 0.0000e+00
     14.000     6.4580   3.191008    31.7987        483     0.3345 0.0000e+00
     15.000     6.4639   3.193776    31.8232        506     0.3509 0.0000e+00
     16.000     6.4369   3.193795    31.8481        525     0.3640 0.0000e+00
     17.000     6.4208   3.193628    31.8609        544     0.3769 0.0000e+00
     18.000     6.4275   3.195497    31.8747        565     0.3917 0.0000e+00
     19.000     6.4122   3.198377    31.9204        597     0.4141 0.0000e+00
     20.000     6.3382   3.202643    32.0366        637     0.4419 0.0000e+00
     21.000     6.3779   3.211130    32.0927        666     0.4621 0.0000e+00
     22.000     6.4109   3.219551    32.1543        689     0.4775 0.0000e+00
     23.000     6.4056   3.220340    32.1676        710     0.4925 0.0000e+00
     24.000     6.4566   3.226533    32.1874        735     0.5096 0.0000e+00
     25.000     6.6148   3.245402    32.2459        762     0.5282 0.0000e+00
     26.000     6.6563   3.250919    32.2670        788     0.5465 0.0000e+00
     27.000     6.6477   3.251578    32.2819        812     0.5634 0.0000e+00
     28.000     6.5945   3.248772    32.3007        839     0.5819 0.0000e+00
     29.000     6.5029   3.241937    32.3115        871     0.6042 0.0000e+00
     30.000     6.4750   3.239661    32.3123        903     0.6267 0.0000e+00
     31.000     6.4619   3.238546    32.3118        929     0.6444 0.0000e+00
     32.000     6.4468   3.237358    32.3125        951     0.6600 0.0000e+00
     33.000     6.4390   3.236824    32.3136        974     0.6755 0.0000e+00
     34.000     6.4360   3.236630    32.3138       1000     0.6935 0.0000e+00
     35.000     6.4348   3.236575    32.3138       1031     0.7154 0.0000e+00
     36.000     6.4238   3.235763    32.3148       1062     0.7369 0.0000e+00
     37.000     6.4042   3.234330    32.3170       1088     0.7550 0.0000e+00
     38.000     6.3978   3.234004    32.3190       1113     0.7720 0.0000e+00
     39.000     6.3996   3.234436    32.3215       1139     0.7901 0.0000e+00
     40.000     6.3927   3.234050    32.3233       1165     0.8087 0.0000e+00
     41.000     6.3838   3.233516    32.3254       1189     0.8251 0.0000e+00
     42.000     6.3765   3.233118    32.3273       1212     0.8413 0.0000e+00
     43.000     6.3798   3.233638    32.3295       1240     0.8607 0.0000e+00
     44.000     6.3822   3.233388    32.3240       1276     0.8854 0.0000e+00
     45.000     6.3723   3.233457    32.3337       1306     0.9061 0.0000e+00
     46.000     6.3662   3.233256    32.3368       1329     0.9219 0.0000e+00
     47.000     6.3711   3.233989    32.3397       1351     0.9375 0.0000e+00
     48.000     6.3659   3.233624    32.3402       1375     0.9542 0.0000e+00
     49.000     6.3646   3.233605    32.3407       1403     0.9738 0.0000e+00
     50.000     6.3652   3.233733    32.3410       1433     0.9941 0.0000e+00
     51.000     6.3671   3.234020    32.3420       1461     1.0137 0.0000e+00
     52.000     6.3689   3.234357    32.3434       1487     1.0321 0.0000e+00
     53.000     6.3717   3.234819    32.3455       1513     1.0503 0.0000e+00
     54.000     6.3737   3.235147    32.3467       1541     1.0694 0.0000e+00
     55.000     6.3753   3.235361    32.3471       1568     1.0880 0.0000e+00
     56.000     6.3614   3.234136    32.3462       1591     1.1044 0.0000e+00
     57.000     6.3541   3.233632    32.3471       1613     1.1198 0.0000e+00
     58.000     6.3378   3.232163    32.3458       1639     1.1374 0.0000e+00
     59.000     6.3375   3.232316    32.3473       1673     1.1611 0.0000e+00
     60.000     6.3504   3.233781    32.3508       1706     1.1840 0.0000e+00
     61.000     6.3464   3.233752    32.3538       1729     1.2002 0.0000e+00
     62.000     6.3773   3.237974    32.3707       1751     1.2150 0.0000e+00
     63.000     6.4099   3.241791    32.3815       1773     1.2306 0.0000e+00
     64.000     6.4174   3.243057    32.3880       1803     1.2513 0.0000e+00
     65.000     6.4286   3.244873    32.3970       1840     1.2772 0.0000e+00
     66.000     6.4282   3.245199    32.4004       1869     1.2974 0.0000e+00
     67.000     6.4300   3.245733    32.4042       1890     1.3121 0.0000e+00
     68.000     6.4123   3.244248    32.4040       1911     1.3262 0.0000e+00
     69.000     6.3925   3.242371    32.4017       1933     1.3419 0.0000e+00
     70.000     6.3610   3.240004    32.4049       1962     1.3615 0.0000e+00
     71.000     6.5660   3.266734    32.5049       1992     1.3828 0.0000e+00
     72.000     6.7670   3.291282    32.5836       2020     1.4019 0.0000e+00
     73.000     6.9763   3.318839    32.6861       2045     1.4196 0.0000e+00
     74.000     7.1113   3.336240    32.7473       2072     1.4380 0.0000e+00
     75.000     7.1809   3.345161    32.7778       2101     1.4583 0.0000e+00
     76.000     7.2383   3.353514    32.8136       2130     1.4788 0.0000e+00
     77.000     7.3643   3.371058    32.8837       2157     1.4971 0.0000e+00
     78.000     7.7176   3.417608    33.0498       2181     1.5140 0.0000e+00
     79.000     8.2485   3.487398    33.2902       2206     1.5313 0.0000e+00
     80.000     9.2846   3.622800    33.7283       2234     1.5504 0.0000e+00
     81.000     9.8159   3.689112    33.9112       2262     1.5703 0.0000e+00
     82.000     9.9999   3.713942    33.9912       2289     1.5892 0.0000e+00
     83.000    10.0862   3.725071    34.0228       2315     1.6068 0.0000e+00
     84.000    10.1291   3.731166    34.0440       2339     1.6237 0.0000e+00
     85.000    10.1697   3.736565    34.0603       2363     1.6402 0.0000e+00
     86.000    10.2139   3.743142    34.0849       2387     1.6572 0.0000e+00
     87.000    10.2921   3.753911    34.1202       2413     1.6750 0.0000e+00
     88.000    10.4389   3.773602    34.1808       2443     1.6959 0.0000e+00
     89.000    10.5999   3.794550    34.2402       2478     1.7203 0.0000e+00
     90.000    10.7046   3.809738    34.2941       2506     1.7397 0.0000e+00
     91.000    10.7070   3.811061    34.3046       2659     1.8458 0.0000e+00
     90.000    10.7318   3.815495    34.3263       3505     2.4333 0.0000e+00
     89.000    10.7146   3.812900    34.3169       3520     2.4436 0.0000e+00
     88.000    10.6476   3.803786    34.2887       3541     2.4584 0.0000e+00
     87.000    10.5326   3.788447    34.2429       3561     2.4723 0.0000e+00
     86.000    10.4455   3.777220    34.2120       3581     2.4858 0.0000e+00
     85.000    10.3765   3.768872    34.1931       3604     2.5020 0.0000e+00
     84.000    10.3168   3.758929    34.1491       3638     2.5260 0.0000e+00
     83.000    10.3157   3.760004    34.1615       3673     2.5502 0.0000e+00
     82.000    10.1855   3.741358    34.0954       3698     2.5675 0.0000e+00
     81.000    10.0857   3.729056    34.0647       3720     2.5824 0.0000e+00
     80.000    10.0245   3.719767    34.0283       3743     2.5986 0.0000e+00
     79.000     9.8942   3.704158    33.9922       3770     2.6176 0.0000e+00
     78.000     9.5442   3.661104    33.8812       3800     2.6383 0.0000e+00
     77.000     8.8988   3.576338    33.6104       3825     2.6552 0.0000e+00
     76.000     8.6270   3.536899    33.4565       3845     2.6693 0.0000e+00
     75.000     8.1056   3.472905    33.2733       3865     2.6831 0.0000e+00
     74.000     7.5882   3.404401    33.0325       3887     2.6983 0.0000e+00
     73.000     7.6502   3.406202    32.9933       3914     2.7173 0.0000e+00
     72.000     7.2107   3.350195    32.8057       3951     2.7430 0.0000e+00
     71.000     7.1950   3.349266    32.8109       3986     2.7670 0.0000e+00
     70.000     6.8974   3.310636    32.6727       4008     2.7828 0.0000e+00
     69.000     6.7463   3.290948    32.6011       4027     2.7958 0.0000e+00
     68.000     6.5958   3.272318    32.5396       4046     2.8091 0.0000e+00
     67.000     6.4924   3.257158    32.4712       4068     2.8246 0.0000e+00
     66.000     6.4633   3.253016    32.4536       4104     2.8497 0.0000e+00
     65.000     6.4684   3.252329    32.4416       4147     2.8788 0.0000e+00
     64.000     6.4603   3.250180    32.4260       4167     2.8931 0.0000e+00
     63.000     6.4508   3.248925    32.4216       4183     2.9045 0.0000e+00
     62.000     6.4418   3.247542    32.4154       4199     2.9155 0.0000e+00
     61.000     6.4336   3.246367    32.4107       4217     2.9275 0.0000e+00
     60.000     6.4174   3.243879    32.3990       4241     2.9448 0.0000e+00
     59.000     6.3658   3.237057    32.3730       4284     2.9744 0.0000e+00
     58.000     6.3730   3.237309    32.3694       4319     2.9989 0.0000e+00
     57.000     6.3533   3.234840    32.3613       4342     3.0146 0.0000e+00
     56.000     6.3532   3.234629    32.3595       4363     3.0293 0.0000e+00
     55.000     6.3560   3.234612    32.3571       4386     3.0454 0.0000e+00
     54.000     6.3605   3.234858    32.3561       4412     3.0635 0.0000e+00
     53.000     6.3726   3.235782    32.3553       4439     3.0820 0.0000e+00
     52.000     6.3780   3.236139    32.3546       4465     3.1002 0.0000e+00
     51.000     6.3796   3.236164    32.3538       4492     3.1188 0.0000e+00
     50.000     6.3809   3.236145    32.3529       4520     3.1379 0.0000e+00
     49.000     6.3811   3.235953    32.3510       4544     3.1549 0.0000e+00
     48.000     6.3793   3.235608    32.3495       4566     3.1703 0.0000e+00
     47.000     6.3776   3.235283    32.3479       4589     3.1861 0.0000e+00
     46.000     6.3765   3.235080    32.3472       4615     3.2039 0.0000e+00
     45.000     6.3752   3.234541    32.3429       4644     3.2244 0.0000e+00
     44.000     6.3811   3.234898    32.3418       4674     3.2451 0.0000e+00
     43.000     6.3844   3.234741    32.3374       4702     3.2647 0.0000e+00
     42.000     6.3866   3.234714    32.3355       4728     3.2824 0.0000e+00
     41.000     6.3843   3.234396    32.3346       4752     3.2995 0.0000e+00
     40.000     6.3835   3.234076    32.3324       4777     3.3163 0.0000e+00
     39.000     6.3873   3.234048    32.3289       4801     3.3331 0.0000e+00
     38.000     6.3910   3.234166    32.3272       4825     3.3499 0.0000e+00
     37.000     6.3939   3.234323    32.3267       4849     3.3666 0.0000e+00
     36.000     6.3994   3.234516    32.3241       4876     3.3853 0.0000e+00
     35.000     6.4005   3.234556    32.3239       4908     3.4079 0.0000e+00
     34.000     6.4154   3.235407    32.3197       4937     3.4280 0.0000e+00
     33.000     6.4325   3.236486    32.3159       4960     3.4437 0.0000e+00
     32.000     6.4299   3.236315    32.3170       4981     3.4586 0.0000e+00
     31.000     6.4377   3.236746    32.3149       5006     3.4754 0.0000e+00
     30.000     6.4486   3.237574    32.3142       5034     3.4952 0.0000e+00
     29.000     6.4625   3.238577    32.3126       5063     3.5149 0.0000e+00
     28.000     6.4997   3.241539    32.3106       5089     3.5331 0.0000e+00
     27.000     6.5533   3.245379    32.3027       5114     3.5505 0.0000e+00
     26.000     6.5895   3.248073    32.2987       5138     3.5675 0.0000e+00
     25.000     6.6211   3.249423    32.2842       5162     3.5843 0.0000e+00
     24.000     6.6291   3.248935    32.2717       5186     3.6008 0.0000e+00
     23.000     6.5899   3.244231    32.2574       5212     3.6186 0.0000e+00
     22.000     6.5305   3.236547    32.2292       5244     3.6410 0.0000e+00
     21.000     6.4565   3.226404    32.1876       5277     3.6641 0.0000e+00
     20.000     6.3911   3.213343    32.1053       5301     3.6802 0.0000e+00
     19.000     6.3876   3.212011    32.0942       5320     3.6937 0.0000e+00
     18.000     6.4002   3.209468    32.0548       5340     3.7074 0.0000e+00
     17.000     6.4076   3.203056    31.9774       5364     3.7240 0.0000e+00
     16.000     6.4221   3.196446    31.8913       5396     3.7463 0.0000e+00
     15.000     6.4355   3.195448    31.8682       5428     3.7690 0.0000e+00
     14.000     6.4589   3.193761    31.8282       5453     3.7859 0.0000e+00
     13.000     6.4570   3.191312    31.8034       5473     3.8003 0.0000e+00
     12.000     6.4535   3.190039    31.7931       5493     3.8141 0.0000e+00
     11.000     6.4747   3.188851    31.7607       5516     3.8296 0.0000e+00
     10.000     6.4757   3.189698    31.7696       5545     3.8498 0.0000e+00
      9.000     6.5047   3.190950    31.7569       5579     3.8735 0.0000e+00
      8.000     6.5906   3.194497    31.7166       5608     3.8939 0.0000e+00
      7.000     6.6386   3.196165    31.6909       5632     3.9105 0.0000e+00
      6.000     6.6497   3.196471    31.6845       5653     3.9251 0.0000e+00
      5.000     6.6518   3.196510    31.6834       5673     3.9392 0.0000e+00
      4.000     6.6520   3.196493    31.6835       5701     3.9580 0.0000e+00
      3.000     6.6582   3.196835    31.6820       5848     4.0604 0.0000e+00
