HB2402/ctd071.cnv
* Sea-Bird SBE 9 Data File:
* FileName = C:\cruise\data\ctd071.hex
* Software Version Seasave V 7.26.7.121
* Temperature SN = 5253
* Conductivity SN = 4421
* Number of Bytes Per Scan = 37
* Number of Voltage Words = 4
* Number of Scans Averaged by the Deck Unit = 1
* NMEA Latitude = 38 44.48 N
* NMEA Longitude = 073 57.49 W
* NMEA UTC (Time) = Mar 19 2024 19:21:24
* NMEA baud rate = 4800
** Ship: Bigelow HB2304
** Program:  Fall Bottom Trawl Survey
** Chief Scientist: John Galbraith
# nquan = 7
# nvalues = 85                          
# units = specified
# name 0 = depSM: Depth [salt water, m]
# name 1 = t090C: Temperature [ITS-90, deg C]
# name 2 = c0S/m: Conductivity [S/m]
# name 3 = sal00: Salinity, Practical [PSU]
# name 4 = scan: Scan Count
# name 5 = timeM: Time, Elapsed [minutes]
# name 6 = flag: flag
# span 0 =      2.000,     45.000       
# span 1 =     7.6890,     8.0403       
# span 2 =   3.339873,   3.364897       
# span 3 =    32.2165,    32.2604       
# span 4 =        205,       3735       
# span 5 =     0.1420,     2.5933       
# span 6 = 0.0000e+00, 0.0000e+00       
# interval = meters: 1                  
# start_time = Mar 19 2024 19:21:24 [NMEA time, header]
# bad_flag = -9.990e-29
*END*
      4.000     8.0282   3.363584    32.2171        205     0.1420 0.0000e+00
      5.000     8.0364   3.364328    32.2171        361     0.2502 0.0000e+00
      6.000     8.0390   3.364618    32.2173        388     0.2684 0.0000e+00
      7.000     8.0340   3.364270    32.2177        410     0.2844 0.0000e+00
      8.000     8.0369   3.364529    32.2174        432     0.2994 0.0000e+00
      9.000     8.0388   3.364731    32.2173        458     0.3176 0.0000e+00
     10.000     8.0403   3.364897    32.2172        487     0.3375 0.0000e+00
     11.000     8.0339   3.364406    32.2174        514     0.3566 0.0000e+00
     12.000     8.0312   3.364237    32.2177        540     0.3745 0.0000e+00
     13.000     8.0272   3.363934    32.2177        566     0.3925 0.0000e+00
     14.000     8.0271   3.363990    32.2179        594     0.4117 0.0000e+00
     15.000     8.0371   3.364847    32.2173        622     0.4313 0.0000e+00
     16.000     8.0364   3.364818    32.2172        650     0.4504 0.0000e+00
     17.000     8.0332   3.364586    32.2172        675     0.4681 0.0000e+00
     18.000     8.0290   3.364284    32.2174        698     0.4843 0.0000e+00
     19.000     8.0059   3.362443    32.2186        727     0.5039 0.0000e+00
     20.000     8.0007   3.362019    32.2185        757     0.5249 0.0000e+00
     21.000     8.0022   3.362208    32.2186        784     0.5434 0.0000e+00
     22.000     8.0131   3.363146    32.2181        804     0.5576 0.0000e+00
     23.000     8.0137   3.363208    32.2178        827     0.5736 0.0000e+00
     24.000     8.0041   3.362442    32.2180        861     0.5971 0.0000e+00
     25.000     7.9919   3.361546    32.2192        896     0.6217 0.0000e+00
     26.000     7.9881   3.361315    32.2199        918     0.6370 0.0000e+00
     27.000     7.9853   3.361158    32.2202        939     0.6517 0.0000e+00
     28.000     7.9800   3.360851    32.2214        963     0.6683 0.0000e+00
     29.000     7.9734   3.360419    32.2225        998     0.6920 0.0000e+00
     30.000     7.9689   3.360155    32.2234       1030     0.7145 0.0000e+00
     31.000     7.9689   3.360198    32.2233       1054     0.7313 0.0000e+00
     32.000     7.9676   3.360150    32.2235       1077     0.7474 0.0000e+00
     33.000     7.9668   3.360129    32.2236       1104     0.7661 0.0000e+00
     34.000     7.9649   3.360031    32.2238       1135     0.7872 0.0000e+00
     35.000     7.9478   3.358919    32.2273       1162     0.8061 0.0000e+00
     36.000     7.9320   3.357892    32.2305       1186     0.8226 0.0000e+00
     37.000     7.9268   3.357542    32.2312       1211     0.8405 0.0000e+00
     38.000     7.8623   3.352916    32.2409       1241     0.8611 0.0000e+00
     39.000     7.7937   3.347753    32.2486       1275     0.8846 0.0000e+00
     40.000     7.7111   3.341737    32.2603       1302     0.9033 0.0000e+00
     41.000     7.7070   3.341429    32.2604       1324     0.9190 0.0000e+00
     42.000     7.7057   3.341289    32.2595       1348     0.9353 0.0000e+00
     43.000     7.6982   3.340740    32.2602       1376     0.9551 0.0000e+00
     44.000     7.6945   3.340459    32.2601       1420     0.9857 0.0000e+00
     45.000     7.6890   3.339873    32.2585       2085     1.4471 0.0000e+00
     44.000     7.6917   3.340088    32.2587       2206     1.5314 0.0000e+00
     43.000     7.6928   3.340115    32.2585       2545     1.7669 0.0000e+00
     42.000     7.6917   3.339980    32.2585       2631     1.8267 0.0000e+00
     41.000     7.6945   3.340155    32.2583       2657     1.8448 0.0000e+00
     40.000     7.7136   3.341409    32.2545       2684     1.8633 0.0000e+00
     39.000     7.7330   3.342893    32.2528       2709     1.8807 0.0000e+00
     38.000     7.7576   3.344830    32.2513       2734     1.8979 0.0000e+00
     37.000     7.8195   3.349180    32.2410       2760     1.9157 0.0000e+00
     36.000     7.8657   3.352605    32.2353       2785     1.9335 0.0000e+00
     35.000     7.9064   3.355512    32.2292       2809     1.9503 0.0000e+00
     34.000     7.9263   3.357008    32.2273       2834     1.9677 0.0000e+00
     33.000     7.9408   3.358041    32.2254       2862     1.9871 0.0000e+00
     32.000     7.9608   3.359387    32.2216       2890     2.0065 0.0000e+00
     31.000     7.9833   3.360933    32.2179       2914     2.0231 0.0000e+00
     30.000     7.9980   3.362030    32.2165       2938     2.0398 0.0000e+00
     29.000     8.0005   3.362227    32.2167       2964     2.0574 0.0000e+00
     28.000     8.0017   3.362314    32.2170       2993     2.0779 0.0000e+00
     27.000     8.0043   3.362477    32.2168       3025     2.1003 0.0000e+00
     26.000     8.0064   3.362626    32.2169       3052     2.1190 0.0000e+00
     25.000     8.0069   3.362599    32.2166       3074     2.1339 0.0000e+00
     24.000     8.0069   3.362604    32.2171       3096     2.1492 0.0000e+00
     23.000     8.0085   3.362684    32.2170       3126     2.1699 0.0000e+00
     22.000     8.0078   3.362593    32.2172       3157     2.1916 0.0000e+00
     21.000     8.0089   3.362648    32.2172       3182     2.2093 0.0000e+00
     20.000     8.0108   3.362740    32.2169       3208     2.2268 0.0000e+00
     19.000     8.0142   3.363001    32.2170       3232     2.2435 0.0000e+00
     18.000     8.0182   3.363287    32.2167       3256     2.2607 0.0000e+00
     17.000     8.0194   3.363368    32.2170       3287     2.2816 0.0000e+00
     16.000     8.0206   3.363403    32.2167       3319     2.3044 0.0000e+00
     15.000     8.0214   3.363434    32.2167       3347     2.3233 0.0000e+00
     14.000     8.0214   3.363384    32.2167       3369     2.3388 0.0000e+00
     13.000     8.0213   3.363351    32.2169       3392     2.3550 0.0000e+00
     12.000     8.0211   3.363294    32.2169       3419     2.3739 0.0000e+00
     11.000     8.0216   3.363300    32.2170       3448     2.3939 0.0000e+00
     10.000     8.0217   3.363267    32.2170       3473     2.4114 0.0000e+00
      9.000     8.0219   3.363238    32.2170       3498     2.4286 0.0000e+00
      8.000     8.0220   3.363201    32.2170       3526     2.4482 0.0000e+00
      7.000     8.0222   3.363183    32.2170       3555     2.4683 0.0000e+00
      6.000     8.0252   3.363397    32.2170       3591     2.4928 0.0000e+00
      5.000     8.0248   3.363326    32.2171       3613     2.5082 0.0000e+00
      4.000     8.0271   3.363487    32.2172       3653     2.5358 0.0000e+00
      3.000     8.0282   3.363526    32.2171       3705     2.5725 0.0000e+00
      2.000     8.0300   3.363703    32.2178       3735     2.5933 0.0000e+00
