HB2402/ctd037.cnv
* Sea-Bird SBE 9 Data File:
* FileName = C:\cruise\data\ctd037.hex
* Software Version Seasave V 7.26.7.121
* Temperature SN = 5253
* Conductivity SN = 4421
* Number of Bytes Per Scan = 37
* Number of Voltage Words = 4
* Number of Scans Averaged by the Deck Unit = 1
* NMEA Latitude = 35 23.49 N
* NMEA Longitude = 074 54.22 W
* NMEA UTC (Time) = Mar 14 2024 07:03:57
* NMEA baud rate = 4800
** Ship: Bigelow HB2304
** Program:  Fall Bottom Trawl Survey
** Chief Scientist: John Galbraith
# nquan = 7
# nvalues = 219                         
# units = specified
# name 0 = depSM: Depth [salt water, m]
# name 1 = t090C: Temperature [ITS-90, deg C]
# name 2 = c0S/m: Conductivity [S/m]
# name 3 = sal00: Salinity, Practical [PSU]
# name 4 = scan: Scan Count
# name 5 = timeM: Time, Elapsed [minutes]
# name 6 = flag: flag
# span 0 =      1.000,    111.000       
# span 1 =    15.9714,    20.5608       
# span 2 =   4.138769,   5.005414       
# span 3 =    32.7882,    36.3490       
# span 4 =         25,       7603       
# span 5 =     0.0166,     5.2792       
# span 6 = 0.0000e+00, 0.0000e+00       
# interval = meters: 1                  
# start_time = Mar 14 2024 07:03:57 [NMEA time, header]
# bad_flag = -9.990e-29
*END*
      3.000    16.1914   4.175565    32.9300         25     0.0166 0.0000e+00
      4.000    16.2209   4.179764    32.9422        240     0.1657 0.0000e+00
      5.000    16.2527   4.186196    32.9720        267     0.1848 0.0000e+00
      6.000    16.2747   4.190230    32.9889        292     0.2018 0.0000e+00
      7.000    16.2751   4.192329    33.0067        318     0.2198 0.0000e+00
      8.000    16.3013   4.200554    33.0569        347     0.2399 0.0000e+00
      9.000    16.3021   4.201775    33.0665        374     0.2592 0.0000e+00
     10.000    16.2794   4.199452    33.0646        398     0.2757 0.0000e+00
     11.000    16.2672   4.198938    33.0698        421     0.2915 0.0000e+00
     12.000    16.3273   4.209984    33.1166        447     0.3095 0.0000e+00
     13.000    16.4610   4.235009    33.2242        556     0.3854 0.0000e+00
     14.000    17.1819   4.362979    33.7369        637     0.4417 0.0000e+00
     15.000    17.5320   4.424304    33.9720        669     0.4638 0.0000e+00
     16.000    18.3064   4.562213    34.4983        700     0.4857 0.0000e+00
     17.000    18.6050   4.616745    34.7075        727     0.5041 0.0000e+00
     18.000    19.0220   4.690942    34.9784        750     0.5205 0.0000e+00
     19.000    19.0998   4.708703    35.0607        774     0.5368 0.0000e+00
     20.000    19.2353   4.735919    35.1727        800     0.5550 0.0000e+00
     21.000    19.3900   4.767342    35.3029        831     0.5764 0.0000e+00
     22.000    19.5200   4.792754    35.4033        862     0.5981 0.0000e+00
     23.000    19.6024   4.809568    35.4722        889     0.6165 0.0000e+00
     24.000    19.6584   4.821159    35.5203        912     0.6326 0.0000e+00
     25.000    19.7238   4.834727    35.5765        935     0.6484 0.0000e+00
     26.000    19.7691   4.843574    35.6107        960     0.6661 0.0000e+00
     27.000    19.8518   4.858945    35.6668        990     0.6866 0.0000e+00
     28.000    19.9377   4.873763    35.7155       1018     0.7062 0.0000e+00
     29.000    19.9867   4.883091    35.7502       1042     0.7227 0.0000e+00
     30.000    20.0328   4.891689    35.7813       1066     0.7396 0.0000e+00
     31.000    20.1130   4.905734    35.8280       1095     0.7598 0.0000e+00
     32.000    20.1616   4.914415    35.8574       1127     0.7819 0.0000e+00
     33.000    20.2092   4.923857    35.8939       1154     0.8007 0.0000e+00
     34.000    20.3227   4.942451    35.9490       1178     0.8171 0.0000e+00
     35.000    20.3453   4.947550    35.9711       1201     0.8336 0.0000e+00
     36.000    20.3636   4.952056    35.9920       1227     0.8516 0.0000e+00
     37.000    20.3492   4.950945    35.9948       1256     0.8712 0.0000e+00
     38.000    20.3633   4.954076    36.0079       1284     0.8910 0.0000e+00
     39.000    20.3779   4.956588    36.0156       1313     0.9113 0.0000e+00
     40.000    20.3750   4.957306    36.0237       1340     0.9299 0.0000e+00
     41.000    20.3533   4.955341    36.0257       1364     0.9468 0.0000e+00
     42.000    20.3259   4.953504    36.0338       1389     0.9638 0.0000e+00
     43.000    20.3372   4.955987    36.0441       1416     0.9824 0.0000e+00
     44.000    20.3382   4.956265    36.0451       1445     1.0027 0.0000e+00
     45.000    20.3517   4.959398    36.0587       1471     1.0210 0.0000e+00
     46.000    20.3967   4.968018    36.0904       1495     1.0375 0.0000e+00
     47.000    20.3342   4.966588    36.1318       1520     1.0550 0.0000e+00
     48.000    20.3097   4.964580    36.1360       1549     1.0752 0.0000e+00
     49.000    20.3047   4.963338    36.1298       1581     1.0970 0.0000e+00
     50.000    20.3006   4.962842    36.1288       1609     1.1165 0.0000e+00
     51.000    20.3007   4.965790    36.1525       1634     1.1340 0.0000e+00
     52.000    20.3086   4.969886    36.1789       1657     1.1503 0.0000e+00
     53.000    20.3345   4.976777    36.2127       1683     1.1678 0.0000e+00
     54.000    20.3978   4.990890    36.2734       1708     1.1856 0.0000e+00
     55.000    20.4563   5.003415    36.3251       1736     1.2049 0.0000e+00
     56.000    20.4599   5.004787    36.3329       1763     1.2235 0.0000e+00
     57.000    20.4593   5.005414    36.3381       1789     1.2416 0.0000e+00
     58.000    20.4504   5.004333    36.3366       1816     1.2601 0.0000e+00
     59.000    20.4407   5.003102    36.3345       1843     1.2795 0.0000e+00
     60.000    20.4359   5.002584    36.3340       1872     1.2991 0.0000e+00
     61.000    20.4341   5.002575    36.3351       1898     1.3175 0.0000e+00
     62.000    20.4273   5.002422    36.3393       1923     1.3346 0.0000e+00
     63.000    20.4196   5.002168    36.3435       1947     1.3515 0.0000e+00
     64.000    20.4025   5.000963    36.3481       1975     1.3711 0.0000e+00
     65.000    20.3893   4.999735    36.3490       2005     1.3916 0.0000e+00
     66.000    20.3808   4.998801    36.3483       2030     1.4088 0.0000e+00
     67.000    20.3697   4.997411    36.3461       2054     1.4254 0.0000e+00
     68.000    20.3576   4.995930    36.3441       2080     1.4437 0.0000e+00
     69.000    20.3551   4.995685    36.3438       2109     1.4638 0.0000e+00
     70.000    20.3501   4.995212    36.3438       2137     1.4834 0.0000e+00
     71.000    20.3515   4.995459    36.3443       2164     1.5018 0.0000e+00
     72.000    20.3495   4.995157    36.3432       2189     1.5195 0.0000e+00
     73.000    20.3409   4.994128    36.3418       2215     1.5372 0.0000e+00
     74.000    20.3370   4.993687    36.3412       2240     1.5552 0.0000e+00
     75.000    20.3329   4.993266    36.3409       2267     1.5735 0.0000e+00
     76.000    20.3310   4.993094    36.3407       2294     1.5925 0.0000e+00
     77.000    20.3306   4.993068    36.3405       2321     1.6110 0.0000e+00
     78.000    20.3275   4.992601    36.3390       2348     1.6299 0.0000e+00
     79.000    20.3156   4.991094    36.3366       2377     1.6499 0.0000e+00
     80.000    20.3148   4.991078    36.3367       2406     1.6699 0.0000e+00
     81.000    20.3114   4.990500    36.3346       2433     1.6887 0.0000e+00
     82.000    20.3008   4.989269    36.3333       2457     1.7053 0.0000e+00
     83.000    20.2939   4.988513    36.3326       2479     1.7206 0.0000e+00
     84.000    20.2810   4.986876    36.3300       2501     1.7361 0.0000e+00
     85.000    20.2763   4.986318    36.3291       2527     1.7543 0.0000e+00
     86.000    20.2722   4.985823    36.3281       2559     1.7762 0.0000e+00
     87.000    20.2574   4.983872    36.3245       2591     1.7987 0.0000e+00
     88.000    20.2413   4.981914    36.3220       2620     1.8185 0.0000e+00
     89.000    20.1788   4.974430    36.3141       2644     1.8356 0.0000e+00
     90.000    19.9970   4.955173    36.3122       2668     1.8524 0.0000e+00
     91.000    19.9404   4.949739    36.3160       2693     1.8696 0.0000e+00
     92.000    19.8867   4.944247    36.3167       2720     1.8881 0.0000e+00
     93.000    19.8238   4.937756    36.3172       2748     1.9077 0.0000e+00
     94.000    19.7545   4.931309    36.3236       2775     1.9267 0.0000e+00
     95.000    19.6892   4.924580    36.3241       2800     1.9438 0.0000e+00
     96.000    19.7164   4.927468    36.3240       2825     1.9610 0.0000e+00
     97.000    19.6820   4.924048    36.3252       2851     1.9790 0.0000e+00
     98.000    19.6451   4.920023    36.3234       2878     1.9983 0.0000e+00
     99.000    19.5748   4.913646    36.3313       2907     2.0177 0.0000e+00
    100.000    19.5815   4.914127    36.3290       2933     2.0361 0.0000e+00
    101.000    19.5617   4.912186    36.3297       2960     2.0547 0.0000e+00
    102.000    19.5522   4.911212    36.3295       2988     2.0742 0.0000e+00
    103.000    19.5359   4.909749    36.3312       3016     2.0936 0.0000e+00
    104.000    19.5325   4.909309    36.3301       3042     2.1116 0.0000e+00
    105.000    19.5212   4.908278    36.3310       3066     2.1282 0.0000e+00
    106.000    19.5165   4.907784    36.3306       3089     2.1446 0.0000e+00
    107.000    19.5189   4.908111    36.3309       3114     2.1621 0.0000e+00
    108.000    19.4434   4.900038    36.3290       3142     2.1814 0.0000e+00
    109.000    19.4158   4.897838    36.3343       3171     2.2016 0.0000e+00
    110.000    19.4079   4.896917    36.3332       3200     2.2217 0.0000e+00
    111.000    19.4419   4.900407    36.3322       3406     2.3644 0.0000e+00
    110.000    19.4225   4.897838    36.3281       4097     2.8441 0.0000e+00
    109.000    19.4177   4.897627    36.3310       3817     2.6498 0.0000e+00
    108.000    19.4514   4.900884    36.3291       3838     2.6646 0.0000e+00
    107.000    19.4480   4.900574    36.3298       3861     2.6807 0.0000e+00
    106.000    19.4458   4.900332    36.3301       3887     2.6987 0.0000e+00
    105.000    19.4635   4.902052    36.3294       3915     2.7183 0.0000e+00
    104.000    19.4712   4.902627    36.3278       3944     2.7381 0.0000e+00
    103.000    19.4959   4.904974    36.3263       3970     2.7559 0.0000e+00
    102.000    19.5026   4.905893    36.3285       3993     2.7726 0.0000e+00
    101.000    19.5291   4.908285    36.3256       4018     2.7895 0.0000e+00
    100.000    19.5415   4.909387    36.3244       4043     2.8069 0.0000e+00
     99.000    19.5352   4.908752    36.3250       4068     2.8246 0.0000e+00
     98.000    19.5556   4.910774    36.3245       4093     2.8417 0.0000e+00
     97.000    19.5727   4.912502    36.3243       4120     2.8602 0.0000e+00
     96.000    19.5944   4.914510    36.3225       4151     2.8818 0.0000e+00
     95.000    19.6010   4.914983    36.3210       4180     2.9023 0.0000e+00
     94.000    19.6241   4.917398    36.3214       4204     2.9190 0.0000e+00
     93.000    19.6537   4.920087    36.3184       4227     2.9345 0.0000e+00
     92.000    19.6791   4.922564    36.3173       4251     2.9512 0.0000e+00
     91.000    19.7000   4.925077    36.3203       4276     2.9688 0.0000e+00
     90.000    19.7644   4.930315    36.3082       4301     2.9859 0.0000e+00
     89.000    19.8886   4.942593    36.3026       4326     3.0032 0.0000e+00
     88.000    20.0743   4.961971    36.3022       4353     3.0222 0.0000e+00
     87.000    20.1825   4.973926    36.3074       4382     3.0423 0.0000e+00
     86.000    20.1938   4.975242    36.3089       4409     3.0614 0.0000e+00
     85.000    20.1724   4.973036    36.3096       4435     3.0791 0.0000e+00
     84.000    20.2478   4.982230    36.3204       4460     3.0964 0.0000e+00
     83.000    20.2563   4.983459    36.3236       4485     3.1141 0.0000e+00
     82.000    20.2824   4.986450    36.3259       4512     3.1323 0.0000e+00
     81.000    20.2837   4.986691    36.3272       4538     3.1504 0.0000e+00
     80.000    20.2894   4.987784    36.3316       4563     3.1678 0.0000e+00
     79.000    20.3042   4.989094    36.3300       4586     3.1838 0.0000e+00
     78.000    20.3027   4.989081    36.3315       4610     3.2005 0.0000e+00
     77.000    20.3113   4.989981    36.3318       4638     3.2198 0.0000e+00
     76.000    20.3143   4.990686    36.3354       4668     3.2408 0.0000e+00
     75.000    20.3297   4.992445    36.3369       4695     3.2595 0.0000e+00
     74.000    20.3319   4.992801    36.3383       4719     3.2763 0.0000e+00
     73.000    20.3352   4.993188    36.3390       4743     3.2932 0.0000e+00
     72.000    20.3376   4.993404    36.3391       4769     3.3112 0.0000e+00
     71.000    20.3379   4.993551    36.3404       4797     3.3302 0.0000e+00
     70.000    20.3422   4.993982    36.3406       4823     3.3483 0.0000e+00
     69.000    20.3441   4.994181    36.3410       4847     3.3651 0.0000e+00
     68.000    20.3498   4.994787    36.3414       4871     3.3816 0.0000e+00
     67.000    20.3496   4.994907    36.3429       4897     3.4001 0.0000e+00
     66.000    20.3613   4.996239    36.3441       4926     3.4200 0.0000e+00
     65.000    20.3648   4.996689    36.3452       4953     3.4386 0.0000e+00
     64.000    20.3787   4.998297    36.3467       4977     3.4558 0.0000e+00
     63.000    20.3917   4.999582    36.3464       5002     3.4728 0.0000e+00
     62.000    20.4008   5.000267    36.3445       5027     3.4904 0.0000e+00
     61.000    20.4100   5.000842    36.3417       5054     3.5092 0.0000e+00
     60.000    20.4220   5.001449    36.3367       5081     3.5278 0.0000e+00
     59.000    20.4270   5.001833    36.3359       5107     3.5458 0.0000e+00
     58.000    20.4340   5.002707    36.3374       5132     3.5634 0.0000e+00
     57.000    20.4451   5.003474    36.3345       5159     3.5817 0.0000e+00
     56.000    20.4519   5.003909    36.3326       5184     3.5993 0.0000e+00
     55.000    20.4507   5.003717    36.3324       5209     3.6164 0.0000e+00
     54.000    20.4413   4.999997    36.3104       5233     3.6336 0.0000e+00
     53.000    20.4283   4.994899    36.2803       5259     3.6516 0.0000e+00
     52.000    20.4123   4.987848    36.2369       5287     3.6708 0.0000e+00
     51.000    20.4063   4.985139    36.2202       5315     3.6901 0.0000e+00
     50.000    20.4225   4.984556    36.2020       5340     3.7078 0.0000e+00
     49.000    20.4483   4.985460    36.1876       5363     3.7239 0.0000e+00
     48.000    20.4882   4.987672    36.1719       5387     3.7401 0.0000e+00
     47.000    20.5075   4.989250    36.1686       5414     3.7589 0.0000e+00
     46.000    20.5330   4.991066    36.1620       5443     3.7794 0.0000e+00
     45.000    20.5608   4.993543    36.1588       5470     3.7976 0.0000e+00
     44.000    20.5437   4.989885    36.1440       5493     3.8136 0.0000e+00
     43.000    20.4618   4.976424    36.1045       5515     3.8290 0.0000e+00
     42.000    20.4496   4.973932    36.0950       5541     3.8472 0.0000e+00
     41.000    20.4183   4.968434    36.0772       5570     3.8676 0.0000e+00
     40.000    20.4153   4.967235    36.0703       5598     3.8870 0.0000e+00
     39.000    20.4163   4.966238    36.0618       5623     3.9040 0.0000e+00
     38.000    20.4131   4.964843    36.0534       5646     3.9205 0.0000e+00
     37.000    20.3977   4.960851    36.0344       5671     3.9378 0.0000e+00
     36.000    20.3795   4.955807    36.0090       5697     3.9559 0.0000e+00
     35.000    20.3674   4.952912    35.9960       5724     3.9744 0.0000e+00
     34.000    20.3325   4.945983    35.9696       5750     3.9926 0.0000e+00
     33.000    20.2601   4.933168    35.9268       5776     4.0101 0.0000e+00
     32.000    20.1662   4.915391    35.8615       5800     4.0273 0.0000e+00
     31.000    20.0354   4.892303    35.7837       5827     4.0455 0.0000e+00
     30.000    19.9712   4.881125    35.7468       5856     4.0662 0.0000e+00
     29.000    19.9519   4.877404    35.7330       5885     4.0861 0.0000e+00
     28.000    19.9079   4.869689    35.7073       5909     4.1031 0.0000e+00
     27.000    19.8202   4.853800    35.6513       5932     4.1189 0.0000e+00
     26.000    19.7630   4.842708    35.6088       5956     4.1356 0.0000e+00
     25.000    19.6984   4.830369    35.5621       5983     4.1541 0.0000e+00
     24.000    19.6266   4.815463    35.5002       6011     4.1733 0.0000e+00
     23.000    19.5097   4.792663    35.4109       6037     4.1915 0.0000e+00
     22.000    19.3959   4.770149    35.3208       6063     4.2095 0.0000e+00
     21.000    19.3420   4.758349    35.2688       6088     4.2274 0.0000e+00
     20.000    19.2220   4.735346    35.1793       6115     4.2456 0.0000e+00
     19.000    19.1237   4.713501    35.0805       6140     4.2634 0.0000e+00
     18.000    18.8459   4.663095    34.8936       6167     4.2818 0.0000e+00
     17.000    18.5790   4.612338    34.6922       6193     4.3003 0.0000e+00
     16.000    18.0520   4.524112    34.3886       6220     4.3185 0.0000e+00
     15.000    17.8156   4.482616    34.2341       6245     4.3363 0.0000e+00
