HB2402/ctd036.cnv
* Sea-Bird SBE 9 Data File:
* FileName = C:\cruise\data\ctd036.hex
* Software Version Seasave V 7.26.7.121
* Temperature SN = 5253
* Conductivity SN = 4421
* Number of Bytes Per Scan = 37
* Number of Voltage Words = 4
* Number of Scans Averaged by the Deck Unit = 1
* NMEA Latitude = 35 16.17 N
* NMEA Longitude = 074 59.89 W
* NMEA UTC (Time) = Mar 14 2024 02:45:23
* NMEA baud rate = 4800
** Ship: Bigelow HB2304
** Program:  Fall Bottom Trawl Survey
** Chief Scientist: John Galbraith
# nquan = 7
# nvalues = 263                         
# units = specified
# name 0 = depSM: Depth [salt water, m]
# name 1 = t090C: Temperature [ITS-90, deg C]
# name 2 = c0S/m: Conductivity [S/m]
# name 3 = sal00: Salinity, Practical [PSU]
# name 4 = scan: Scan Count
# name 5 = timeM: Time, Elapsed [minutes]
# name 6 = flag: flag
# span 0 =      2.000,    134.000       
# span 1 =    14.7860,    20.7959       
# span 2 =   3.915431,   5.042803       
# span 3 =    31.7652,    36.3422       
# span 4 =        142,       8620       
# span 5 =     0.0983,     5.9856       
# span 6 = 0.0000e+00, 0.0000e+00       
# interval = meters: 1                  
# start_time = Mar 14 2024 02:45:23 [NMEA time, header]
# bad_flag = -9.990e-29
*END*
      4.000    15.8571   4.094568    32.4897        142     0.0983 0.0000e+00
      5.000    16.1027   4.135069    32.6457        256     0.1768 0.0000e+00
      6.000    16.1135   4.137548    32.6583        283     0.1961 0.0000e+00
      7.000    16.2921   4.168022    32.7790        313     0.2169 0.0000e+00
      8.000    16.3733   4.183004    32.8432        341     0.2364 0.0000e+00
      9.000    16.7225   4.240982    33.0616        366     0.2536 0.0000e+00
     10.000    16.6301   4.224057    32.9899        390     0.2704 0.0000e+00
     11.000    17.2213   4.331483    33.4304        416     0.2883 0.0000e+00
     12.000    17.8263   4.428675    33.7658        443     0.3069 0.0000e+00
     13.000    17.7354   4.414275    33.7176        471     0.3267 0.0000e+00
     14.000    18.2090   4.499232    34.0467        499     0.3455 0.0000e+00
     15.000    18.5582   4.555200    34.2292        525     0.3642 0.0000e+00
     16.000    18.7827   4.593954    34.3675        553     0.3830 0.0000e+00
     17.000    18.9682   4.626751    34.4872        580     0.4022 0.0000e+00
     18.000    19.0898   4.646619    34.5515        608     0.4216 0.0000e+00
     19.000    19.3081   4.685761    34.6948        636     0.4412 0.0000e+00
     20.000    19.5910   4.737107    34.8836        666     0.4617 0.0000e+00
     21.000    20.0610   4.839892    35.3353        695     0.4818 0.0000e+00
     22.000    20.1645   4.866595    35.4669        723     0.5013 0.0000e+00
     23.000    20.1588   4.879620    35.5779        750     0.5204 0.0000e+00
     24.000    20.2540   4.902974    35.6882        779     0.5405 0.0000e+00
     25.000    20.2492   4.910533    35.7538        810     0.5620 0.0000e+00
     26.000    20.2913   4.926632    35.8493        842     0.5837 0.0000e+00
     27.000    20.2716   4.930351    35.8961        871     0.6042 0.0000e+00
     28.000    20.2419   4.930256    35.9203        899     0.6239 0.0000e+00
     29.000    20.2402   4.931351    35.9303        927     0.6430 0.0000e+00
     30.000    20.2320   4.930670    35.9313        954     0.6619 0.0000e+00
     31.000    20.2283   4.930887    35.9360        981     0.6805 0.0000e+00
     32.000    20.2292   4.931344    35.9386       1010     0.7007 0.0000e+00
     33.000    20.2301   4.932892    35.9501       1041     0.7223 0.0000e+00
     34.000    20.2463   4.936278    35.9636       1072     0.7439 0.0000e+00
     35.000    20.2489   4.936903    35.9662       1102     0.7642 0.0000e+00
     36.000    20.2565   4.938537    35.9727       1130     0.7839 0.0000e+00
     37.000    20.2622   4.939147    35.9725       1160     0.8047 0.0000e+00
     38.000    20.2726   4.942074    35.9872       1192     0.8268 0.0000e+00
     39.000    20.2737   4.942992    35.9934       1223     0.8483 0.0000e+00
     40.000    20.2731   4.943412    35.9970       1251     0.8679 0.0000e+00
     41.000    20.2743   4.943911    35.9997       1276     0.8855 0.0000e+00
     42.000    20.2772   4.944553    36.0021       1302     0.9033 0.0000e+00
     43.000    20.2809   4.945445    36.0058       1330     0.9231 0.0000e+00
     44.000    20.2826   4.945858    36.0074       1363     0.9461 0.0000e+00
     45.000    20.2846   4.946290    36.0089       1397     0.9693 0.0000e+00
     46.000    20.2894   4.947381    36.0133       1428     0.9908 0.0000e+00
     47.000    20.2956   4.948821    36.0194       1456     1.0105 0.0000e+00
     48.000    20.3162   4.953519    36.0399       1485     1.0303 0.0000e+00
     49.000    20.4085   4.968171    36.0805       1513     1.0499 0.0000e+00
     50.000    20.5467   4.989882    36.1392       1544     1.0714 0.0000e+00
     51.000    20.5752   4.993880    36.1471       1573     1.0916 0.0000e+00
     52.000    20.5686   4.992807    36.1436       1601     1.1110 0.0000e+00
     53.000    20.5572   4.991664    36.1437       1629     1.1309 0.0000e+00
     54.000    20.5806   4.995928    36.1580       1658     1.1510 0.0000e+00
     55.000    20.5929   4.998304    36.1665       1687     1.1706 0.0000e+00
     56.000    20.5905   4.998013    36.1658       1714     1.1896 0.0000e+00
     57.000    20.5853   4.997710    36.1675       1743     1.2095 0.0000e+00
     58.000    20.5682   4.995308    36.1621       1776     1.2324 0.0000e+00
     59.000    20.5464   4.993076    36.1621       1809     1.2555 0.0000e+00
     60.000    20.5495   4.993533    36.1629       1837     1.2750 0.0000e+00
     61.000    20.5361   4.991801    36.1599       1864     1.2936 0.0000e+00
     62.000    20.5401   4.992317    36.1603       1891     1.3122 0.0000e+00
     63.000    20.5406   4.992441    36.1605       1918     1.3313 0.0000e+00
     64.000    20.5194   4.989927    36.1577       1946     1.3510 0.0000e+00
     65.000    20.5226   4.990421    36.1586       1974     1.3703 0.0000e+00
     66.000    20.5186   4.989911    36.1576       2004     1.3906 0.0000e+00
     67.000    20.5121   4.989086    36.1560       2034     1.4121 0.0000e+00
     68.000    20.5087   4.988694    36.1554       2066     1.4338 0.0000e+00
     69.000    20.4896   4.986003    36.1494       2095     1.4543 0.0000e+00
     70.000    20.4343   4.979034    36.1394       2125     1.4749 0.0000e+00
     71.000    20.4494   4.981978    36.1502       2153     1.4944 0.0000e+00
     72.000    20.4613   4.984621    36.1612       2180     1.5133 0.0000e+00
     73.000    20.4881   4.989336    36.1764       2207     1.5318 0.0000e+00
     74.000    20.5390   4.997852    36.2019       2234     1.5507 0.0000e+00
     75.000    20.5942   5.007616    36.2339       2263     1.5707 0.0000e+00
     76.000    20.6680   5.020202    36.2728       2291     1.5905 0.0000e+00
     77.000    20.7138   5.028289    36.2989       2320     1.6103 0.0000e+00
     78.000    20.7491   5.034235    36.3166       2349     1.6304 0.0000e+00
     79.000    20.7680   5.037362    36.3255       2378     1.6505 0.0000e+00
     80.000    20.7729   5.038259    36.3282       2407     1.6707 0.0000e+00
     81.000    20.7748   5.038654    36.3294       2436     1.6911 0.0000e+00
     82.000    20.7816   5.040046    36.3345       2465     1.7108 0.0000e+00
     83.000    20.7848   5.040666    36.3364       2493     1.7307 0.0000e+00
     84.000    20.7891   5.041382    36.3383       2519     1.7489 0.0000e+00
     85.000    20.7914   5.041849    36.3397       2549     1.7692 0.0000e+00
     86.000    20.7917   5.041942    36.3398       2574     1.7866 0.0000e+00
     87.000    20.7921   5.042056    36.3401       2600     1.8048 0.0000e+00
     88.000    20.7949   5.042577    36.3415       2627     1.8238 0.0000e+00
     89.000    20.7959   5.042803    36.3422       2656     1.8438 0.0000e+00
     90.000    20.7942   5.042638    36.3419       2690     1.8671 0.0000e+00
     91.000    20.7798   5.041010    36.3407       2721     1.8891 0.0000e+00
     92.000    20.7262   5.034970    36.3371       2749     1.9083 0.0000e+00
     93.000    20.6443   5.026671    36.3394       2776     1.9269 0.0000e+00
     94.000    20.6105   5.022761    36.3362       2802     1.9448 0.0000e+00
     95.000    20.6560   5.027841    36.3382       2830     1.9644 0.0000e+00
     96.000    20.6198   5.024013    36.3377       2858     1.9839 0.0000e+00
     97.000    20.6108   5.023119    36.3378       2885     2.0028 0.0000e+00
     98.000    20.5915   5.020905    36.3359       2915     2.0236 0.0000e+00
     99.000    20.5954   5.021629    36.3381       2943     2.0431 0.0000e+00
    100.000    20.6094   5.023151    36.3382       2972     2.0632 0.0000e+00
    101.000    20.6273   5.024964    36.3372       3001     2.0834 0.0000e+00
    102.000    20.5656   5.018294    36.3354       3031     2.1044 0.0000e+00
    103.000    20.4857   5.009968    36.3357       3063     2.1264 0.0000e+00
    104.000    20.3708   4.997551    36.3326       3093     2.1476 0.0000e+00
    105.000    20.3116   4.991698    36.3353       3121     2.1664 0.0000e+00
    106.000    20.2994   4.990369    36.3346       3146     2.1843 0.0000e+00
    107.000    20.2745   4.987656    36.3334       3172     2.2020 0.0000e+00
    108.000    20.2508   4.985256    36.3338       3199     2.2206 0.0000e+00
    109.000    20.1866   4.978565    36.3339       3227     2.2400 0.0000e+00
    110.000    20.0564   4.964440    36.3298       3254     2.2589 0.0000e+00
    111.000    20.0136   4.960631    36.3350       3284     2.2796 0.0000e+00
    112.000    19.9976   4.958659    36.3322       3314     2.3009 0.0000e+00
    113.000    19.9703   4.955845    36.3323       3346     2.3229 0.0000e+00
    114.000    19.9712   4.955861    36.3313       3375     2.3428 0.0000e+00
    115.000    19.9489   4.953736    36.3327       3401     2.3609 0.0000e+00
    116.000    19.9404   4.952701    36.3311       3425     2.3780 0.0000e+00
    117.000    19.8948   4.947793    36.3297       3451     2.3961 0.0000e+00
    118.000    19.8798   4.946489    36.3315       3478     2.4146 0.0000e+00
    119.000    19.8950   4.947933    36.3300       3506     2.4341 0.0000e+00
    120.000    19.8498   4.943377    36.3310       3537     2.4553 0.0000e+00
    121.000    19.7688   4.934381    36.3265       3567     2.4763 0.0000e+00
    122.000    19.5711   4.914353    36.3317       3597     2.4976 0.0000e+00
    123.000    19.5469   4.911584    36.3294       3624     2.5161 0.0000e+00
    124.000    19.5301   4.909840    36.3291       3652     2.5355 0.0000e+00
    125.000    19.4965   4.906367    36.3290       3678     2.5536 0.0000e+00
    126.000    19.4909   4.905711    36.3281       3705     2.5724 0.0000e+00
    127.000    19.4643   4.903000    36.3283       3733     2.5918 0.0000e+00
    128.000    19.4311   4.899491    36.3277       3762     2.6116 0.0000e+00
    129.000    19.3953   4.895981    36.3292       3789     2.6304 0.0000e+00
    130.000    19.4098   4.897329    36.3274       3815     2.6488 0.0000e+00
    131.000    19.3209   4.887664    36.3239       3842     2.6675 0.0000e+00
    132.000    19.1985   4.875294    36.3270       3869     2.6860 0.0000e+00
    133.000    19.1488   4.869794    36.3240       4503     3.1263 0.0000e+00
    134.000    19.0669   4.861027    36.3218       5103     3.5433 0.0000e+00
    133.000    19.0738   4.861784    36.3225       4903     3.4042 0.0000e+00
    132.000    19.1183   4.865982    36.3191       4974     3.4535 0.0000e+00
    131.000    19.2382   4.878644    36.3208       5011     3.4794 0.0000e+00
    130.000    19.3235   4.887180    36.3180       5040     3.4990 0.0000e+00
    129.000    19.3636   4.891678    36.3210       5066     3.5174 0.0000e+00
    128.000    19.3860   4.894031    36.3214       5090     3.5342 0.0000e+00
    127.000    19.4244   4.897889    36.3206       5115     3.5512 0.0000e+00
    126.000    19.4578   4.901689    36.3235       5142     3.5705 0.0000e+00
    125.000    19.4811   4.903872    36.3217       5171     3.5906 0.0000e+00
    124.000    19.5179   4.907698    36.3219       5200     3.6105 0.0000e+00
    123.000    19.5385   4.909771    36.3216       5226     3.6283 0.0000e+00
    122.000    19.5539   4.911409    36.3222       5255     3.6488 0.0000e+00
    121.000    19.5609   4.912204    36.3231       5283     3.6683 0.0000e+00
    120.000    19.5734   4.913331    36.3220       5313     3.6889 0.0000e+00
    119.000    19.6315   4.919415    36.3223       5342     3.7088 0.0000e+00
    118.000    19.6658   4.923045    36.3231       5368     3.7270 0.0000e+00
    117.000    19.7164   4.928258    36.3228       5396     3.7463 0.0000e+00
    116.000    19.7527   4.931997    36.3226       5423     3.7653 0.0000e+00
    115.000    19.7971   4.936609    36.3227       5453     3.7863 0.0000e+00
    114.000    19.8409   4.941161    36.3228       5481     3.8053 0.0000e+00
    113.000    19.8956   4.946840    36.3226       5508     3.8242 0.0000e+00
    112.000    19.9232   4.949981    36.3251       5531     3.8405 0.0000e+00
    111.000    19.9762   4.955410    36.3244       5555     3.8571 0.0000e+00
    110.000    20.0629   4.964566    36.3253       5588     3.8801 0.0000e+00
    109.000    20.1071   4.969127    36.3249       5621     3.9029 0.0000e+00
    108.000    20.1955   4.978419    36.3254       5649     3.9226 0.0000e+00
    107.000    20.2488   4.983959    36.3253       5675     3.9403 0.0000e+00
    106.000    20.2500   4.984254    36.3270       5701     3.9580 0.0000e+00
    105.000    20.2573   4.985102    36.3280       5728     3.9772 0.0000e+00
    104.000    20.3236   4.992179    36.3293       5756     3.9964 0.0000e+00
    103.000    20.3627   4.996172    36.3287       5779     4.0126 0.0000e+00
    102.000    20.3813   4.998201    36.3297       5806     4.0312 0.0000e+00
    101.000    20.3995   5.000223    36.3309       5835     4.0512 0.0000e+00
    100.000    20.4396   5.004305    36.3302       5866     4.0728 0.0000e+00
     99.000    20.4589   5.006454    36.3315       5893     4.0918 0.0000e+00
     98.000    20.4651   5.007117    36.3320       5917     4.1083 0.0000e+00
     97.000    20.4895   5.009710    36.3325       5943     4.1266 0.0000e+00
     96.000    20.5332   5.014428    36.3339       5975     4.1485 0.0000e+00
     95.000    20.5443   5.015632    36.3345       6008     4.1714 0.0000e+00
     94.000    20.5409   5.015253    36.3348       6032     4.1882 0.0000e+00
     93.000    20.5843   5.019843    36.3353       6055     4.2043 0.0000e+00
     92.000    20.6109   5.022905    36.3377       6077     4.2193 0.0000e+00
     91.000    20.6485   5.026672    36.3365       6101     4.2360 0.0000e+00
     90.000    20.6802   5.029940    36.3363       6130     4.2564 0.0000e+00
     89.000    20.7126   5.033278    36.3361       6163     4.2791 0.0000e+00
     88.000    20.7254   5.034561    36.3359       6193     4.3001 0.0000e+00
     87.000    20.7501   5.036882    36.3340       6222     4.3200 0.0000e+00
     86.000    20.7663   5.037819    36.3281       6250     4.3394 0.0000e+00
     85.000    20.7660   5.037725    36.3279       6277     4.3581 0.0000e+00
     84.000    20.7672   5.037712    36.3272       6301     4.3751 0.0000e+00
     83.000    20.7641   5.037667    36.3298       6325     4.3913 0.0000e+00
     82.000    20.7591   5.037420    36.3324       6348     4.4078 0.0000e+00
     81.000    20.7571   5.037350    36.3340       6376     4.4273 0.0000e+00
     80.000    20.7647   5.037901    36.3323       6409     4.4499 0.0000e+00
     79.000    20.7618   5.037355    36.3307       6440     4.4714 0.0000e+00
     78.000    20.7624   5.037103    36.3285       6465     4.4892 0.0000e+00
     77.000    20.7644   5.036868    36.3253       6491     4.5070 0.0000e+00
     76.000    20.7028   5.025714    36.2878       6518     4.5256 0.0000e+00
     75.000    20.6002   5.008239    36.2338       6547     4.5456 0.0000e+00
     74.000    20.5473   4.999109    36.2051       6574     4.5647 0.0000e+00
     73.000    20.5466   4.998178    36.1984       6600     4.5827 0.0000e+00
     72.000    20.5538   4.998917    36.1987       6626     4.6004 0.0000e+00
     71.000    20.5654   5.000338    36.2007       6653     4.6195 0.0000e+00
     70.000    20.5694   5.000450    36.1985       6682     4.6399 0.0000e+00
     69.000    20.5657   4.999494    36.1943       6709     4.6585 0.0000e+00
     68.000    20.5655   4.999146    36.1920       6733     4.6753 0.0000e+00
     67.000    20.5651   4.998789    36.1898       6760     4.6935 0.0000e+00
     66.000    20.5754   4.999914    36.1905       6786     4.7121 0.0000e+00
     65.000    20.5883   5.001728    36.1946       6818     4.7340 0.0000e+00
     64.000    20.6177   5.005928    36.2041       6849     4.7557 0.0000e+00
     63.000    20.6561   5.011130    36.2140       6875     4.7735 0.0000e+00
     62.000    20.6734   5.013572    36.2194       6900     4.7908 0.0000e+00
     61.000    20.6795   5.014368    36.2210       6925     4.8083 0.0000e+00
     60.000    20.6559   5.010366    36.2090       6952     4.8273 0.0000e+00
