HB2402/ctd090.cnv
* Sea-Bird SBE 9 Data File:
* FileName = C:\cruise\data\ctd090.hex
* Software Version Seasave V 7.26.7.121
* Temperature SN = 5253
* Conductivity SN = 4421
* Number of Bytes Per Scan = 37
* Number of Voltage Words = 4
* Number of Scans Averaged by the Deck Unit = 1
* NMEA Latitude = 39 26.64 N
* NMEA Longitude = 072 24.15 W
* NMEA UTC (Time) = Apr 02 2024 10:35:15
* NMEA baud rate = 4800
** Ship: Bigelow HB2304
** Program:  Fall Bottom Trawl Survey
** Chief Scientist: John Galbraith
# nquan = 7
# nvalues = 243                         
# units = specified
# name 0 = depSM: Depth [salt water, m]
# name 1 = t090C: Temperature [ITS-90, deg C]
# name 2 = c0S/m: Conductivity [S/m]
# name 3 = sal00: Salinity, Practical [PSU]
# name 4 = scan: Scan Count
# name 5 = timeM: Time, Elapsed [minutes]
# name 6 = flag: flag
# span 0 =      3.000,    125.000       
# span 1 =     6.0253,    11.4902       
# span 2 =   3.198283,   3.915601       
# span 3 =    32.2294,    34.5978       
# span 4 =        186,       7321       
# span 5 =     0.1286,     5.0837       
# span 6 = 0.0000e+00, 0.0000e+00       
# interval = meters: 1                  
# start_time = Apr 02 2024 10:35:15 [NMEA time, header]
# bad_flag = -9.990e-29
*END*
[from data line 206]
     39.000     7.0607   3.338076    32.8322       6325     4.3914 0.0000e+00
     38.000     7.0343   3.334880    32.8229       6352     4.4103 0.0000e+00
     37.000     7.0203   3.333030    32.8166       6378     4.4283 0.0000e+00
     36.000     7.0102   3.331804    32.8133       6405     4.4470 0.0000e+00
     35.000     7.0011   3.330492    32.8081       6431     4.4655 0.0000e+00
     34.000     6.9797   3.327944    32.8012       6457     4.4837 0.0000e+00
     33.000     6.9629   3.325717    32.7933       6482     4.5005 0.0000e+00
     32.000     6.9394   3.322900    32.7853       6507     4.5177 0.0000e+00
     31.000     6.9026   3.317741    32.7644       6533     4.5364 0.0000e+00
     30.000     6.7424   3.299108    32.7133       6561     4.5558 0.0000e+00
     29.000     6.5889   3.279745    32.6471       6586     4.5729 0.0000e+00
     28.000     6.4776   3.264997    32.5908       6608     4.5879 0.0000e+00
     27.000     6.4251   3.257988    32.5640       6630     4.6035 0.0000e+00
     26.000     6.3862   3.252702    32.5429       6658     4.6226 0.0000e+00
     25.000     6.3025   3.241056    32.4942       6689     4.6443 0.0000e+00
     24.000     6.2688   3.235306    32.4629       6717     4.6639 0.0000e+00
     23.000     6.2062   3.226887    32.4295       6743     4.6817 0.0000e+00
     22.000     6.2138   3.227648    32.4312       6770     4.7004 0.0000e+00
     21.000     6.2036   3.225932    32.4224       6797     4.7197 0.0000e+00
     20.000     6.1890   3.223141    32.4056       6821     4.7362 0.0000e+00
     19.000     6.1791   3.221200    32.3939       6841     4.7500 0.0000e+00
     18.000     6.1718   3.219804    32.3858       6860     4.7634 0.0000e+00
     17.000     6.1740   3.219857    32.3849       6882     4.7786 0.0000e+00
     16.000     6.1381   3.215021    32.3656       6920     4.8049 0.0000e+00
     15.000     6.1171   3.212243    32.3552       6959     4.8322 0.0000e+00
     14.000     6.0742   3.206599    32.3337       6979     4.8461 0.0000e+00
     13.000     6.0458   3.202856    32.3194       6996     4.8579 0.0000e+00
     12.000     6.0404   3.201875    32.3140       7014     4.8699 0.0000e+00
     11.000     6.0274   3.200343    32.3098       7034     4.8842 0.0000e+00
     10.000     6.0451   3.199433    32.2832       7065     4.9055 0.0000e+00
      9.000     6.0822   3.200100    32.2559       7104     4.9326 0.0000e+00
      8.000     6.0759   3.200005    32.2613       7132     4.9522 0.0000e+00
      7.000     6.1047   3.200903    32.2444       7154     4.9675 0.0000e+00
      6.000     6.1224   3.201962    32.2399       7175     4.9822 0.0000e+00
      5.000     6.1368   3.202825    32.2363       7198     4.9980 0.0000e+00
      4.000     6.1450   3.203274    32.2340       7222     5.0142 0.0000e+00
      3.000     6.1585   3.203967    32.2294       7321     5.0837 0.0000e+00
