HB2402/ctd094.cnv
* Sea-Bird SBE 9 Data File:
* FileName = C:\cruise\data\ctd094.hex
* Software Version Seasave V 7.26.7.121
* Temperature SN = 5253
* Conductivity SN = 4421
* Number of Bytes Per Scan = 37
* Number of Voltage Words = 4
* Number of Scans Averaged by the Deck Unit = 1
* NMEA Latitude = 41 21.45 N
* NMEA Longitude = 071 23.59 W
* NMEA UTC (Time) = Apr 04 2024 16:23:53
* NMEA baud rate = 4800
** Ship: Bigelow HB2304
** Program:  Fall Bottom Trawl Survey
** Chief Scientist: John Galbraith
# nquan = 7
# nvalues = 59                          
# units = specified
# name 0 = depSM: Depth [salt water, m]
# name 1 = t090C: Temperature [ITS-90, deg C]
# name 2 = c0S/m: Conductivity [S/m]
# name 3 = sal00: Salinity, Practical [PSU]
# name 4 = scan: Scan Count
# name 5 = timeM: Time, Elapsed [minutes]
# name 6 = flag: flag
# span 0 =      1.000,     31.000       
# span 1 =     5.5037,     5.5512       
# span 2 =   3.036016,   3.037716       
# span 3 =    30.9265,    30.9522       
# span 4 =         -1,       2818       
# span 5 =    -0.0015,     1.9562       
# span 6 = 0.0000e+00, 0.0000e+00       
# interval = meters: 1                  
# start_time = Apr 04 2024 16:23:53 [NMEA time, header]
# bad_flag = -9.990e-29
*END*
      3.000     5.5482   3.036651    30.9265         -1    -0.0015 0.0000e+00
      4.000     5.5481   3.037040    30.9305        188     0.1299 0.0000e+00
      5.000     5.5478   3.037209    30.9321        228     0.1573 0.0000e+00
      6.000     5.5485   3.037270    30.9317        253     0.1748 0.0000e+00
      7.000     5.5512   3.037389    30.9300        278     0.1926 0.0000e+00
      8.000     5.5511   3.037663    30.9328        304     0.2105 0.0000e+00
      9.000     5.5499   3.037716    30.9340        328     0.2271 0.0000e+00
     10.000     5.5451   3.037467    30.9352        354     0.2455 0.0000e+00
     11.000     5.5331   3.036714    30.9373        385     0.2668 0.0000e+00
     12.000     5.5257   3.036202    30.9378        421     0.2920 0.0000e+00
     13.000     5.5250   3.036215    30.9381        451     0.3126 0.0000e+00
     14.000     5.5242   3.036219    30.9384        477     0.3304 0.0000e+00
     15.000     5.5235   3.036217    30.9385        505     0.3503 0.0000e+00
     16.000     5.5229   3.036214    30.9386        533     0.3694 0.0000e+00
     17.000     5.5204   3.036134    30.9395        559     0.3876 0.0000e+00
     18.000     5.5184   3.036106    30.9406        585     0.4056 0.0000e+00
     19.000     5.5165   3.036066    30.9414        613     0.4250 0.0000e+00
     20.000     5.5164   3.036096    30.9413        645     0.4469 0.0000e+00
     21.000     5.5156   3.036111    30.9417        677     0.4694 0.0000e+00
     22.000     5.5157   3.036185    30.9420        706     0.4899 0.0000e+00
     23.000     5.5162   3.036265    30.9420        735     0.5099 0.0000e+00
     24.000     5.5157   3.036307    30.9424        762     0.5283 0.0000e+00
     25.000     5.5160   3.036380    30.9425        787     0.5459 0.0000e+00
     26.000     5.5123   3.036344    30.9451        815     0.5655 0.0000e+00
     27.000     5.5085   3.036318    30.9478        846     0.5871 0.0000e+00
     28.000     5.5075   3.036357    30.9486        876     0.6076 0.0000e+00
     29.000     5.5086   3.036402    30.9477        906     0.6283 0.0000e+00
     30.000     5.5054   3.036456    30.9507        938     0.6505 0.0000e+00
     31.000     5.5044   3.036462    30.9512       1088     0.7548 0.0000e+00
     30.000     5.5037   3.036443    30.9522       1327     0.9206 0.0000e+00
     29.000     5.5041   3.036362    30.9513       1358     0.9422 0.0000e+00
     28.000     5.5041   3.036305    30.9512       1394     0.9673 0.0000e+00
     27.000     5.5046   3.036254    30.9507       1433     0.9944 0.0000e+00
     26.000     5.5065   3.036226    30.9491       1472     1.0217 0.0000e+00
     25.000     5.5083   3.036212    30.9477       1513     1.0502 0.0000e+00
     24.000     5.5089   3.036168    30.9472       1554     1.0786 0.0000e+00
     23.000     5.5088   3.036122    30.9472       1591     1.1044 0.0000e+00
     22.000     5.5094   3.036092    30.9468       1633     1.1331 0.0000e+00
     21.000     5.5143   3.036175    30.9436       1679     1.1651 0.0000e+00
     20.000     5.5163   3.036190    30.9424       1896     1.3158 0.0000e+00
     19.000     5.5136   3.036063    30.9440       2148     1.4913 0.0000e+00
     18.000     5.5144   3.036016    30.9432       2176     1.5106 0.0000e+00
     17.000     5.5208   3.036224    30.9402       2206     1.5312 0.0000e+00
     16.000     5.5272   3.036491    30.9378       2232     1.5491 0.0000e+00
     15.000     5.5273   3.036462    30.9378       2255     1.5651 0.0000e+00
     14.000     5.5292   3.036517    30.9372       2278     1.5813 0.0000e+00
     13.000     5.5329   3.036724    30.9366       2304     1.5993 0.0000e+00
     12.000     5.5360   3.036890    30.9360       2331     1.6181 0.0000e+00
     11.000     5.5375   3.036935    30.9356       2356     1.6356 0.0000e+00
     10.000     5.5369   3.036852    30.9358       2381     1.6529 0.0000e+00
      9.000     5.5404   3.037048    30.9353       2408     1.6715 0.0000e+00
      8.000     5.5436   3.037248    30.9350       2435     1.6900 0.0000e+00
      7.000     5.5442   3.037268    30.9351       2460     1.7078 0.0000e+00
      6.000     5.5428   3.037120    30.9353       2486     1.7257 0.0000e+00
      5.000     5.5425   3.037061    30.9353       2512     1.7439 0.0000e+00
      4.000     5.5457   3.037228    30.9348       2539     1.7625 0.0000e+00
      3.000     5.5480   3.037340    30.9344       2567     1.7821 0.0000e+00
      2.000     5.5486   3.037394    30.9350       2736     1.8991 0.0000e+00
      1.000     5.5487   3.037333    30.9346       2818     1.9562 0.0000e+00
