HB2402/ctd010.cnv
* Sea-Bird SBE 9 Data File:
* FileName = C:\cruise\data\ctd010.hex
* Software Version Seasave V 7.26.7.121
* Temperature SN = 5253
* Conductivity SN = 4421
* Number of Bytes Per Scan = 37
* Number of Voltage Words = 4
* Number of Scans Averaged by the Deck Unit = 1
* NMEA Latitude = 37 04.19 N
* NMEA Longitude = 074 37.87 W
* NMEA UTC (Time) = Mar 09 2024 10:04:30
* NMEA baud rate = 4800
** Ship: Bigelow HB2304
** Program:  Fall Bottom Trawl Survey
** Chief Scientist: John Galbraith
# nquan = 7
# nvalues = 448                         
# units = specified
# name 0 = depSM: Depth [salt water, m]
# name 1 = t090C: Temperature [ITS-90, deg C]
# name 2 = c0S/m: Conductivity [S/m]
# name 3 = sal00: Salinity, Practical [PSU]
# name 4 = scan: Scan Count
# name 5 = timeM: Time, Elapsed [minutes]
# name 6 = flag: flag
# span 0 =      1.000,    226.000       
# span 1 =    10.1930,    13.2264       
# span 2 =   3.648519,   4.153488       
# span 3 =    33.1404,    35.4420       
# span 4 =        -71,      14695       
# span 5 =    -0.0503,    10.2040       
# span 6 = 0.0000e+00, 0.0000e+00       
# interval = meters: 1                  
# start_time = Mar 09 2024 10:04:30 [NMEA time, header]
# bad_flag = -9.990e-29
*END*
[from data line 206]
    210.000    11.2238   3.970459    35.3529       6398     4.4425 0.0000e+00
    211.000    11.2238   3.970308    35.3510       6414     4.4535 0.0000e+00
    212.000    11.1937   3.966930    35.3458       6425     4.4609 0.0000e+00
    213.000    11.1029   3.956971    35.3332       6436     4.4688 0.0000e+00
    214.000    11.0397   3.951537    35.3393       6448     4.4773 0.0000e+00
    215.000    10.9590   3.942922    35.3304       6463     4.4877 0.0000e+00
    216.000    10.9216   3.939296    35.3296       6487     4.5039 0.0000e+00
    217.000    10.9034   3.937296    35.3266       6532     4.5356 0.0000e+00
    218.000    10.8875   3.935453    35.3230       6643     4.6128 0.0000e+00
    219.000    10.8460   3.931057    35.3185       6691     4.6458 0.0000e+00
    220.000    10.8319   3.929731    35.3183       6708     4.6578 0.0000e+00
    221.000    10.8144   3.927869    35.3160       6726     4.6701 0.0000e+00
    222.000    10.7983   3.926290    35.3153       6749     4.6864 0.0000e+00
    223.000    10.7998   3.926288    35.3133       6915     4.8011 0.0000e+00
    224.000    10.7919   3.925525    35.3128       6986     4.8509 0.0000e+00
    225.000    10.7993   3.926254    35.3126       7103     4.9319 0.0000e+00
    226.000    10.8073   3.927118    35.3131       7240     5.0269 0.0000e+00
    225.000    10.8074   3.927053    35.3128       7326     5.0867 0.0000e+00
    224.000    10.7937   3.925514    35.3110       7543     5.2378 0.0000e+00
    223.000    10.8057   3.926714    35.3119       7673     5.3279 0.0000e+00
    222.000    10.8168   3.927828    35.3129       7715     5.3566 0.0000e+00
    221.000    10.8193   3.928030    35.3130       7738     5.3731 0.0000e+00
    220.000    10.8251   3.928634    35.3139       7766     5.3924 0.0000e+00
    219.000    10.8368   3.929761    35.3143       7804     5.4185 0.0000e+00
    218.000    10.8694   3.933038    35.3162       7832     5.4382 0.0000e+00
    217.000    10.8980   3.936034    35.3191       7848     5.4492 0.0000e+00
    216.000    10.9201   3.938274    35.3208       7862     5.4588 0.0000e+00
    215.000    10.9371   3.939936    35.3215       7875     5.4678 0.0000e+00
    214.000    10.9558   3.941913    35.3238       7888     5.4774 0.0000e+00
    213.000    10.9849   3.944486    35.3219       7906     5.4898 0.0000e+00
    212.000    11.0793   3.954608    35.3328       7932     5.5077 0.0000e+00
    211.000    11.1749   3.964296    35.3381       7967     5.5320 0.0000e+00
    210.000    11.2235   3.969573    35.3444       8009     5.5610 0.0000e+00
    209.000    11.2306   3.970334    35.3456       8055     5.5930 0.0000e+00
    208.000    11.2415   3.971526    35.3475       8076     5.6075 0.0000e+00
    207.000    11.2511   3.972450    35.3479       8091     5.6181 0.0000e+00
    206.000    11.2555   3.972891    35.3485       8105     5.6276 0.0000e+00
    205.000    11.2604   3.973417    35.3495       8117     5.6363 0.0000e+00
    204.000    11.2711   3.974599    35.3515       8133     5.6469 0.0000e+00
    203.000    11.2930   3.976643    35.3512       8150     5.6591 0.0000e+00
    202.000    11.3473   3.982333    35.3561       8173     5.6748 0.0000e+00
    201.000    11.3820   3.985869    35.3584       8203     5.6956 0.0000e+00
    200.000    11.4989   3.997782    35.3649       8256     5.7328 0.0000e+00
    199.000    11.5764   4.005821    35.3708       8294     5.7589 0.0000e+00
    198.000    11.6280   4.011233    35.3754       8312     5.7715 0.0000e+00
    197.000    11.6500   4.013680    35.3789       8327     5.7820 0.0000e+00
    196.000    11.6850   4.017212    35.3808       8342     5.7927 0.0000e+00
    195.000    11.7141   4.020194    35.3829       8359     5.8043 0.0000e+00
    194.000    11.7573   4.025023    35.3896       8382     5.8202 0.0000e+00
    193.000    11.8155   4.030629    35.3897       8415     5.8430 0.0000e+00
    192.000    11.8410   4.033334    35.3924       8443     5.8627 0.0000e+00
    191.000    11.8722   4.036544    35.3946       8463     5.8767 0.0000e+00
    190.000    11.8787   4.037369    35.3970       8483     5.8903 0.0000e+00
    189.000    11.9371   4.043281    35.3999       8507     5.9068 0.0000e+00
    188.000    11.9865   4.048339    35.4028       8536     5.9273 0.0000e+00
    187.000    12.0584   4.055633    35.4063       8569     5.9497 0.0000e+00
    186.000    12.1096   4.061123    35.4117       8600     5.9714 0.0000e+00
    185.000    12.1222   4.062561    35.4142       8626     5.9897 0.0000e+00
    184.000    12.1232   4.062680    35.4149       8651     6.0067 0.0000e+00
    183.000    12.1444   4.064820    35.4161       8673     6.0220 0.0000e+00
    182.000    12.1886   4.069254    35.4178       8691     6.0344 0.0000e+00
    181.000    12.2141   4.071824    35.4191       8710     6.0481 0.0000e+00
    180.000    12.2704   4.077436    35.4209       8729     6.0611 0.0000e+00
    179.000    12.4463   4.095340    35.4287       8748     6.0743 0.0000e+00
    178.000    12.6754   4.115736    35.4102       8766     6.0865 0.0000e+00
    177.000    12.7599   4.123738    35.4082       8785     6.0998 0.0000e+00
    176.000    12.8782   4.134323    35.3993       8822     6.1256 0.0000e+00
    175.000    12.9203   4.137538    35.3910       8901     6.1804 0.0000e+00
    174.000    12.9270   4.138054    35.3901       8913     6.1888 0.0000e+00
    173.000    12.9552   4.139269    35.3758       8927     6.1987 0.0000e+00
    172.000    13.0345   4.143450    35.3422       8941     6.2085 0.0000e+00
    171.000    13.0629   4.145343    35.3342       8956     6.2191 0.0000e+00
    170.000    13.0862   4.146850    35.3273       8972     6.2296 0.0000e+00
    169.000    13.1058   4.147885    35.3193       8989     6.2415 0.0000e+00
    168.000    13.1301   4.149028    35.3080       9008     6.2550 0.0000e+00
    167.000    13.1687   4.152105    35.3018       9035     6.2734 0.0000e+00
    166.000    13.1852   4.153000    35.2954       9076     6.3024 0.0000e+00
    165.000    13.2079   4.151574    35.2612       9127     6.3377 0.0000e+00
    164.000    13.1863   4.144109    35.2107       9161     6.3612 0.0000e+00
    163.000    13.1803   4.142445    35.2009       9185     6.3778 0.0000e+00
    162.000    13.1901   4.143356    35.2009       9207     6.3932 0.0000e+00
    161.000    13.1799   4.140203    35.1808       9225     6.4054 0.0000e+00
    160.000    13.1620   4.136304    35.1608       9240     6.4158 0.0000e+00
    159.000    13.1479   4.132843    35.1414       9255     6.4262 0.0000e+00
    158.000    13.0617   4.117265    35.0733       9269     6.4363 0.0000e+00
    157.000    12.9661   4.101045    35.0076       9285     6.4474 0.0000e+00
    156.000    12.9302   4.094904    34.9826       9303     6.4599 0.0000e+00
    155.000    12.8608   4.084006    34.9430       9357     6.4970 0.0000e+00
    154.000    12.8236   4.077901    34.9195       9428     6.5466 0.0000e+00
    153.000    12.7921   4.072994    34.9020       9445     6.5582 0.0000e+00
    152.000    12.7735   4.070261    34.8935       9461     6.5698 0.0000e+00
    151.000    12.7667   4.069090    34.8890       9478     6.5813 0.0000e+00
    150.000    12.7495   4.066052    34.8761       9495     6.5933 0.0000e+00
    149.000    12.7214   4.061082    34.8549       9515     6.6067 0.0000e+00
    148.000    12.6599   4.050016    34.8060       9535     6.6206 0.0000e+00
    147.000    12.6176   4.040731    34.7563       9554     6.6342 0.0000e+00
    146.000    12.6279   4.037205    34.7134       9575     6.6484 0.0000e+00
    145.000    12.6561   4.038665    34.7019       9601     6.6668 0.0000e+00
    144.000    12.6884   4.040078    34.6861       9668     6.7129 0.0000e+00
    143.000    12.7047   4.040663    34.6772       9720     6.7494 0.0000e+00
    142.000    12.7058   4.040595    34.6759       9737     6.7609 0.0000e+00
    141.000    12.7060   4.040652    34.6766       9753     6.7720 0.0000e+00
    140.000    12.7085   4.040840    34.6766       9769     6.7830 0.0000e+00
    139.000    12.7101   4.040858    34.6758       9785     6.7941 0.0000e+00
    138.000    12.7141   4.040855    34.6724       9803     6.8067 0.0000e+00
    137.000    12.7201   4.040866    34.6675       9824     6.8212 0.0000e+00
    136.000    12.7235   4.040443    34.6608       9846     6.8370 0.0000e+00
    135.000    12.7252   4.040234    34.6576       9875     6.8570 0.0000e+00
    134.000    12.7263   4.039391    34.6490       9944     6.9046 0.0000e+00
    133.000    12.7262   4.038441    34.6404      10014     6.9532 0.0000e+00
    132.000    12.7160   4.036127    34.6280      10023     6.9594 0.0000e+00
    131.000    12.6935   4.032013    34.6096      10037     6.9693 0.0000e+00
    130.000    12.6945   4.031786    34.6070      10051     6.9790 0.0000e+00
    129.000    12.6950   4.031517    34.6044      10067     6.9902 0.0000e+00
    128.000    12.6966   4.031483    34.6030      10088     7.0051 0.0000e+00
    127.000    12.6951   4.031118    34.6013      10121     7.0277 0.0000e+00
    126.000    12.6879   4.029742    34.5951      10153     7.0497 0.0000e+00
    125.000    12.6884   4.029672    34.5945      10186     7.0730 0.0000e+00
    124.000    12.6963   4.030487    34.5955      10249     7.1165 0.0000e+00
    123.000    12.7038   4.031195    34.5958      10296     7.1490 0.0000e+00
    122.000    12.6985   4.030529    34.5947      10319     7.1655 0.0000e+00
    121.000    12.6931   4.029885    34.5939      10339     7.1794 0.0000e+00
    120.000    12.6948   4.030016    34.5940      10357     7.1914 0.0000e+00
    119.000    12.6895   4.029242    34.5919      10374     7.2036 0.0000e+00
    118.000    12.6931   4.029484    34.5913      10393     7.2170 0.0000e+00
    117.000    12.6884   4.028653    34.5881      10420     7.2355 0.0000e+00
    116.000    12.6362   4.021772    34.5704      10470     7.2701 0.0000e+00
    115.000    12.5624   4.011472    34.5397      10510     7.2982 0.0000e+00
    114.000    12.5525   4.009480    34.5300      10556     7.3302 0.0000e+00
    113.000    12.6114   4.015014    34.5296      10609     7.3669 0.0000e+00
    112.000    12.6491   4.018547    34.5293      10630     7.3811 0.0000e+00
    111.000    12.6494   4.017702    34.5214      10648     7.3941 0.0000e+00
    110.000    12.6409   4.016401    34.5172      10668     7.4080 0.0000e+00
    109.000    12.6597   4.018543    34.5209      10693     7.4252 0.0000e+00
    108.000    12.6947   4.022149    34.5239      10719     7.4428 0.0000e+00
    107.000    12.6921   4.021538    34.5208      10742     7.4589 0.0000e+00
    106.000    12.6296   4.013651    34.5028      10793     7.4942 0.0000e+00
    105.000    12.6052   4.010776    34.4981      10869     7.5474 0.0000e+00
    104.000    12.5209   4.000034    34.4725      10903     7.5708 0.0000e+00
    103.000    12.4716   3.993523    34.4554      10923     7.5845 0.0000e+00
    102.000    12.5174   3.998337    34.4601      10940     7.5968 0.0000e+00
    101.000    12.5105   3.997186    34.4558      10955     7.6073 0.0000e+00
    100.000    12.5161   3.997885    34.4579      10972     7.6187 0.0000e+00
     99.000    12.6068   4.008643    34.4786      11006     7.6422 0.0000e+00
     98.000    12.6658   4.015690    34.4927      11078     7.6925 0.0000e+00
     97.000    12.6613   4.015347    34.4939      11109     7.7139 0.0000e+00
     96.000    12.6717   4.016487    34.4957      11141     7.7363 0.0000e+00
     95.000    12.6819   4.017219    34.4939      11179     7.7625 0.0000e+00
     94.000    12.6648   4.014427    34.4832      11209     7.7832 0.0000e+00
     93.000    12.6643   4.014012    34.4800      11234     7.8008 0.0000e+00
     92.000    12.6655   4.013951    34.4788      11264     7.8214 0.0000e+00
     91.000    12.6634   4.013330    34.4752      11295     7.8432 0.0000e+00
     90.000    12.6627   4.013117    34.4742      11327     7.8655 0.0000e+00
     89.000    12.6613   4.012866    34.4735      11374     7.8979 0.0000e+00
     88.000    12.6728   4.014008    34.4744      11414     7.9260 0.0000e+00
     87.000    12.6462   4.010299    34.4636      11436     7.9411 0.0000e+00
     86.000    12.5308   3.995079    34.4234      11458     7.9565 0.0000e+00
     85.000    12.5064   3.991369    34.4106      11488     7.9773 0.0000e+00
     84.000    12.5403   3.994314    34.4083      11536     8.0103 0.0000e+00
     83.000    12.5399   3.993494    34.4011      11577     8.0390 0.0000e+00
     82.000    12.4891   3.987023    34.3858      11603     8.0571 0.0000e+00
     81.000    12.4914   3.986967    34.3837      11626     8.0731 0.0000e+00
     80.000    12.5246   3.989947    34.3824      11649     8.0891 0.0000e+00
     79.000    12.4573   3.980515    34.3536      11690     8.1173 0.0000e+00
     78.000    12.3697   3.968356    34.3169      11743     8.1540 0.0000e+00
     77.000    12.3556   3.966045    34.3079      11763     8.1678 0.0000e+00
     76.000    12.3659   3.966620    34.3045      11783     8.1822 0.0000e+00
     75.000    12.3460   3.963474    34.2927      11802     8.1950 0.0000e+00
     74.000    12.3328   3.961076    34.2821      11825     8.2113 0.0000e+00
     73.000    12.3675   3.962026    34.2600      11909     8.2697 0.0000e+00
     72.000    12.3696   3.961861    34.2568      11932     8.2857 0.0000e+00
     71.000    12.3843   3.962904    34.2540      11954     8.3004 0.0000e+00
     70.000    12.3784   3.960138    34.2331      11971     8.3125 0.0000e+00
     69.000    12.3500   3.952322    34.1840      11988     8.3241 0.0000e+00
     68.000    12.3498   3.949481    34.1572      12008     8.3380 0.0000e+00
     67.000    12.3506   3.947079    34.1337      12046     8.3647 0.0000e+00
     66.000    12.3511   3.945557    34.1190      12116     8.4132 0.0000e+00
     65.000    12.3648   3.945885    34.1101      12138     8.4283 0.0000e+00
     64.000    12.3701   3.946048    34.1073      12159     8.4432 0.0000e+00
     63.000    12.3654   3.945301    34.1048      12185     8.4609 0.0000e+00
     62.000    12.3497   3.943244    34.0997      12223     8.4874 0.0000e+00
     61.000    12.1991   3.924928    34.0601      12257     8.5110 0.0000e+00
     60.000    11.9407   3.893295    33.9891      12279     8.5267 0.0000e+00
     59.000    11.8583   3.882747    33.9620      12301     8.5416 0.0000e+00
     58.000    11.9230   3.889176    33.9660      12322     8.5562 0.0000e+00
     57.000    11.9515   3.891879    33.9668      12349     8.5750 0.0000e+00
     56.000    11.9650   3.892876    33.9646      12400     8.6103 0.0000e+00
     55.000    11.9899   3.895082    33.9638      12442     8.6394 0.0000e+00
     54.000    12.0040   3.895856    33.9589      12467     8.6567 0.0000e+00
     53.000    12.0116   3.895898    33.9529      12495     8.6761 0.0000e+00
     52.000    12.0419   3.898611    33.9520      12524     8.6969 0.0000e+00
     51.000    12.0708   3.901379    33.9531      12551     8.7154 0.0000e+00
     50.000    12.0776   3.901729    33.9506      12571     8.7292 0.0000e+00
     49.000    12.1108   3.905455    33.9570      12589     8.7414 0.0000e+00
     48.000    12.1672   3.911588    33.9656      12607     8.7545 0.0000e+00
     47.000    12.2207   3.917457    33.9742      12632     8.7715 0.0000e+00
     46.000    12.3411   3.930822    33.9945      12707     8.8233 0.0000e+00
     45.000    12.4386   3.940643    34.0012      12746     8.8510 0.0000e+00
     44.000    12.4573   3.941372    33.9917      12767     8.8654 0.0000e+00
     43.000    12.4375   3.938462    33.9820      12785     8.8779 0.0000e+00
     42.000    12.4391   3.938378    33.9802      12803     8.8900 0.0000e+00
     41.000    12.5181   3.946871    33.9908      12821     8.9031 0.0000e+00
     40.000    12.6242   3.958464    34.0065      12842     8.9172 0.0000e+00
     39.000    12.8063   3.978834    34.0375      12865     8.9336 0.0000e+00
