HB2402/ctd078.cnv
* Sea-Bird SBE 9 Data File:
* FileName = C:\cruise\data\ctd078.hex
* Software Version Seasave V 7.26.7.121
* Temperature SN = 5253
* Conductivity SN = 4421
* Number of Bytes Per Scan = 37
* Number of Voltage Words = 4
* Number of Scans Averaged by the Deck Unit = 1
* NMEA Latitude = 39 47.59 N
* NMEA Longitude = 073 34.17 W
* NMEA UTC (Time) = Mar 20 2024 21:43:35
* NMEA baud rate = 4800
** Ship: Bigelow HB2304
** Program:  Fall Bottom Trawl Survey
** Chief Scientist: John Galbraith
# nquan = 7
# nvalues = 66                          
# units = specified
# name 0 = depSM: Depth [salt water, m]
# name 1 = t090C: Temperature [ITS-90, deg C]
# name 2 = c0S/m: Conductivity [S/m]
# name 3 = sal00: Salinity, Practical [PSU]
# name 4 = scan: Scan Count
# name 5 = timeM: Time, Elapsed [minutes]
# name 6 = flag: flag
# span 0 =      2.000,     35.000       
# span 1 =     6.7993,     7.3652       
# span 2 =   3.197452,   3.230971       
# span 3 =    31.3319,    31.5480       
# span 4 =        125,       2770       
# span 5 =     0.0861,     1.9226       
# span 6 = 0.0000e+00, 0.0000e+00       
# interval = meters: 1                  
# start_time = Mar 20 2024 21:43:35 [NMEA time, header]
# bad_flag = -9.990e-29
*END*
      3.000     7.3652   3.230971    31.4053        125     0.0861 0.0000e+00
      4.000     7.3626   3.226963    31.3640        284     0.1964 0.0000e+00
      5.000     7.3639   3.226218    31.3544        312     0.2156 0.0000e+00
      6.000     7.3641   3.225205    31.3428        333     0.2302 0.0000e+00
      7.000     7.3535   3.224475    31.3441        352     0.2436 0.0000e+00
      8.000     7.3471   3.223372    31.3375        377     0.2608 0.0000e+00
      9.000     7.3527   3.223750    31.3361        408     0.2827 0.0000e+00
     10.000     7.3530   3.223816    31.3361        440     0.3049 0.0000e+00
     11.000     7.3545   3.223928    31.3355        468     0.3244 0.0000e+00
     12.000     7.3575   3.224236    31.3356        493     0.3420 0.0000e+00
     13.000     7.3518   3.223755    31.3351        517     0.3584 0.0000e+00
     14.000     7.3521   3.223778    31.3347        539     0.3735 0.0000e+00
     15.000     7.3428   3.223175    31.3361        562     0.3895 0.0000e+00
     16.000     7.3225   3.221587    31.3369        589     0.4081 0.0000e+00
     17.000     7.3108   3.220610    31.3365        622     0.4311 0.0000e+00
     18.000     7.3062   3.220271    31.3366        656     0.4545 0.0000e+00
     19.000     7.2839   3.218586    31.3382        680     0.4717 0.0000e+00
     20.000     7.2398   3.215275    31.3419        701     0.4861 0.0000e+00
     21.000     7.1901   3.211570    31.3465        722     0.5009 0.0000e+00
     22.000     7.1102   3.205783    31.3561        748     0.5188 0.0000e+00
     23.000     7.1094   3.205843    31.3570        782     0.5421 0.0000e+00
     24.000     7.1106   3.206037    31.3575        814     0.5648 0.0000e+00
     25.000     7.1117   3.206250    31.3584        841     0.5833 0.0000e+00
     26.000     7.1126   3.206432    31.3591        864     0.5994 0.0000e+00
     27.000     7.1143   3.207155    31.3648        887     0.6153 0.0000e+00
     28.000     7.1149   3.208055    31.3736        912     0.6328 0.0000e+00
     29.000     7.1145   3.208193    31.3750        942     0.6532 0.0000e+00
     30.000     7.0579   3.207381    31.4174        972     0.6745 0.0000e+00
     31.000     6.8384   3.199882    31.5360       1001     0.6944 0.0000e+00
     32.000     6.8008   3.197858    31.5480       1030     0.7146 0.0000e+00
     33.000     6.7993   3.197692    31.5471       1056     0.7330 0.0000e+00
     34.000     6.8002   3.197702    31.5459       1099     0.7622 0.0000e+00
     35.000     6.8236   3.199016    31.5382       1191     0.8266 0.0000e+00
     34.000     6.8026   3.197670    31.5434       1326     0.9202 0.0000e+00
     33.000     6.8035   3.197452    31.5407       2115     1.4683 0.0000e+00
     32.000     6.8034   3.197472    31.5414       1959     1.3595 0.0000e+00
     31.000     6.8090   3.197691    31.5392       1975     1.3706 0.0000e+00
     30.000     6.8442   3.199397    31.5259       1993     1.3830 0.0000e+00
     29.000     6.9167   3.201753    31.4856       2015     1.3986 0.0000e+00
     28.000     7.0552   3.206055    31.4063       2050     1.4232 0.0000e+00
     27.000     7.0498   3.205787    31.4088       2084     1.4468 0.0000e+00
     26.000     7.1091   3.206623    31.3643       2107     1.4622 0.0000e+00
     25.000     7.1082   3.206231    31.3613       2127     1.4761 0.0000e+00
     24.000     7.1085   3.205672    31.3555       2149     1.4916 0.0000e+00
     23.000     7.1072   3.205497    31.3552       2176     1.5105 0.0000e+00
     22.000     7.1091   3.205296    31.3518       2206     1.5315 0.0000e+00
     21.000     7.1284   3.206418    31.3469       2234     1.5509 0.0000e+00
     20.000     7.1840   3.210192    31.3377       2261     1.5697 0.0000e+00
     19.000     7.2437   3.214897    31.3348       2287     1.5875 0.0000e+00
     18.000     7.2706   3.217104    31.3347       2311     1.6042 0.0000e+00
     17.000     7.2985   3.219151    31.3319       2335     1.6207 0.0000e+00
     16.000     7.3176   3.220704    31.3319       2360     1.6380 0.0000e+00
     15.000     7.3372   3.222338    31.3322       2387     1.6567 0.0000e+00
     14.000     7.3493   3.223317    31.3322       2415     1.6764 0.0000e+00
     13.000     7.3535   3.223635    31.3323       2443     1.6958 0.0000e+00
     12.000     7.3527   3.223531    31.3324       2468     1.7132 0.0000e+00
     11.000     7.3523   3.223489    31.3327       2491     1.7291 0.0000e+00
     10.000     7.3520   3.223447    31.3330       2514     1.7449 0.0000e+00
      9.000     7.3516   3.223384    31.3332       2540     1.7629 0.0000e+00
      8.000     7.3517   3.223366    31.3333       2571     1.7847 0.0000e+00
      7.000     7.3522   3.223347    31.3332       2600     1.8046 0.0000e+00
      6.000     7.3528   3.223351    31.3331       2621     1.8197 0.0000e+00
      5.000     7.3525   3.223291    31.3331       2644     1.8356 0.0000e+00
      4.000     7.3525   3.223221    31.3329       2672     1.8545 0.0000e+00
      3.000     7.3531   3.223239    31.3330       2697     1.8721 0.0000e+00
      2.000     7.3525   3.223202    31.3336       2770     1.9226 0.0000e+00
