HB2402/ctd035.cnv
* Sea-Bird SBE 9 Data File:
* FileName = C:\cruise\data\ctd035.hex
* Software Version Seasave V 7.26.7.121
* Temperature SN = 5253
* Conductivity SN = 4421
* Number of Bytes Per Scan = 37
* Number of Voltage Words = 4
* Number of Scans Averaged by the Deck Unit = 1
* NMEA Latitude = 35 04.76 N
* NMEA Longitude = 075 08.23 W
* NMEA UTC (Time) = Mar 13 2024 17:32:22
* NMEA baud rate = 4800
** Ship: Bigelow HB2304
** Program:  Fall Bottom Trawl Survey
** Chief Scientist: John Galbraith
# nquan = 7
# nvalues = 662                         
# units = specified
# name 0 = depSM: Depth [salt water, m]
# name 1 = t090C: Temperature [ITS-90, deg C]
# name 2 = c0S/m: Conductivity [S/m]
# name 3 = sal00: Salinity, Practical [PSU]
# name 4 = scan: Scan Count
# name 5 = timeM: Time, Elapsed [minutes]
# name 6 = flag: flag
# span 0 =      1.000,    333.000       
# span 1 =     9.7019,    23.4509       
# span 2 =   3.817553,   5.329389       
# span 3 =    35.2215,    36.5679       
# span 4 =        268,      21398       
# span 5 =     0.1851,    14.8594       
# span 6 = 0.0000e+00, 0.0000e+00       
# interval = meters: 1                  
# start_time = Mar 13 2024 17:32:22 [NMEA time, header]
# bad_flag = -9.990e-29
*END*
      4.000    23.4461   5.328600    36.4038        268     0.1851 0.0000e+00
      5.000    23.4463   5.328713    36.4042        345     0.2386 0.0000e+00
      6.000    23.4444   5.328564    36.4042        373     0.2580 0.0000e+00
      7.000    23.4473   5.328959    36.4045        402     0.2782 0.0000e+00
      8.000    23.4509   5.329389    36.4045        430     0.2981 0.0000e+00
      9.000    23.4464   5.328874    36.4039        456     0.3161 0.0000e+00
     10.000    23.4409   5.328317    36.4038        482     0.3342 0.0000e+00
     11.000    23.4433   5.328680    36.4043        507     0.3511 0.0000e+00
     12.000    23.4399   5.328330    36.4040        530     0.3675 0.0000e+00
     13.000    23.4313   5.327388    36.4035        554     0.3842 0.0000e+00
     14.000    23.4237   5.326560    36.4031        579     0.4016 0.0000e+00
     15.000    23.4137   5.325538    36.4032        606     0.4202 0.0000e+00
     16.000    23.3780   5.321824    36.4037        633     0.4392 0.0000e+00
     17.000    23.3113   5.315035    36.4061        662     0.4590 0.0000e+00
     18.000    23.2861   5.312529    36.4072        690     0.4788 0.0000e+00
     19.000    23.2687   5.310716    36.4072        718     0.4977 0.0000e+00
     20.000    23.2282   5.306697    36.4094        743     0.5154 0.0000e+00
     21.000    23.1858   5.302385    36.4108        769     0.5331 0.0000e+00
     22.000    23.1320   5.296766    36.4115        794     0.5505 0.0000e+00
     23.000    23.0110   5.284570    36.4170        820     0.5686 0.0000e+00
     24.000    22.9645   5.279875    36.4188        846     0.5866 0.0000e+00
     25.000    22.8880   5.271730    36.4188        873     0.6053 0.0000e+00
     26.000    22.8103   5.263585    36.4197        899     0.6239 0.0000e+00
     27.000    22.7694   5.259252    36.4196        925     0.6420 0.0000e+00
     28.000    22.7438   5.256418    36.4184        951     0.6599 0.0000e+00
     29.000    22.6956   5.251327    36.4185        978     0.6787 0.0000e+00
     30.000    22.6690   5.248366    36.4172       1007     0.6988 0.0000e+00
     31.000    22.6491   5.246201    36.4166       1036     0.7186 0.0000e+00
     32.000    22.5966   5.240585    36.4161       1061     0.7363 0.0000e+00
     33.000    22.5554   5.236233    36.4161       1084     0.7524 0.0000e+00
     34.000    22.5108   5.231279    36.4143       1109     0.7696 0.0000e+00
     35.000    22.4466   5.224301    36.4129       1137     0.7890 0.0000e+00
     36.000    22.3593   5.214875    36.4116       1167     0.8096 0.0000e+00
     37.000    22.3251   5.211107    36.4103       1195     0.8289 0.0000e+00
     38.000    22.2768   5.205765    36.4084       1220     0.8463 0.0000e+00
     39.000    22.2582   5.203846    36.4085       1245     0.8640 0.0000e+00
     40.000    22.2767   5.205975    36.4094       1271     0.8820 0.0000e+00
     41.000    22.2868   5.207103    36.4095       1297     0.9000 0.0000e+00
     42.000    22.2904   5.207570    36.4098       1324     0.9184 0.0000e+00
     43.000    22.2964   5.208118    36.4087       1351     0.9375 0.0000e+00
     44.000    22.2871   5.207321    36.4099       1380     0.9573 0.0000e+00
     45.000    22.2946   5.207998    36.4086       1407     0.9766 0.0000e+00
     46.000    22.2611   5.204742    36.4107       1434     0.9951 0.0000e+00
     47.000    22.2039   5.199458    36.4167       1461     1.0141 0.0000e+00
     48.000    22.1684   5.195846    36.4177       1490     1.0338 0.0000e+00
     49.000    22.1438   5.193536    36.4197       1517     1.0529 0.0000e+00
     50.000    22.1231   5.191479    36.4206       1543     1.0707 0.0000e+00
     51.000    22.0713   5.186257    36.4225       1566     1.0865 0.0000e+00
     52.000    22.0465   5.184207    36.4268       1588     1.1021 0.0000e+00
     53.000    22.0353   5.182819    36.4249       1613     1.1194 0.0000e+00
     54.000    21.9693   5.176264    36.4282       1644     1.1410 0.0000e+00
     55.000    21.9313   5.172424    36.4295       1679     1.1655 0.0000e+00
     56.000    21.8807   5.166797    36.4272       1710     1.1866 0.0000e+00
     57.000    21.8501   5.163666    36.4278       1736     1.2047 0.0000e+00
     58.000    21.8391   5.162773    36.4297       1759     1.2211 0.0000e+00
     59.000    21.8393   5.162890    36.4300       1783     1.2377 0.0000e+00
     60.000    21.8476   5.164162    36.4328       1809     1.2559 0.0000e+00
     61.000    21.8493   5.164385    36.4327       1837     1.2748 0.0000e+00
     62.000    21.8483   5.164258    36.4322       1863     1.2927 0.0000e+00
     63.000    21.8452   5.163918    36.4318       1888     1.3107 0.0000e+00
     64.000    21.8601   5.166090    36.4361       1917     1.3303 0.0000e+00
     65.000    21.8702   5.167590    36.4392       1947     1.3516 0.0000e+00
     66.000    21.8749   5.168271    36.4402       1977     1.3724 0.0000e+00
     67.000    21.8761   5.168656    36.4420       2005     1.3915 0.0000e+00
     68.000    21.8680   5.167980    36.4430       2032     1.4106 0.0000e+00
     69.000    21.8542   5.166396    36.4418       2061     1.4304 0.0000e+00
     70.000    21.8462   5.165536    36.4413       2087     1.4489 0.0000e+00
     71.000    21.8435   5.165325    36.4416       2112     1.4661 0.0000e+00
     72.000    21.8380   5.164729    36.4411       2135     1.4820 0.0000e+00
     73.000    21.8238   5.163152    36.4402       2158     1.4978 0.0000e+00
     74.000    21.8182   5.162700    36.4410       2185     1.5163 0.0000e+00
     75.000    21.8158   5.162435    36.4406       2217     1.5390 0.0000e+00
     76.000    21.8137   5.162229    36.4403       2250     1.5617 0.0000e+00
     77.000    21.8136   5.162535    36.4425       2277     1.5808 0.0000e+00
     78.000    21.7883   5.159744    36.4414       2304     1.5992 0.0000e+00
     79.000    21.6975   5.148194    36.4258       2331     1.6183 0.0000e+00
     80.000    21.6389   5.142059    36.4263       2358     1.6369 0.0000e+00
     81.000    21.5934   5.136057    36.4165       2382     1.6538 0.0000e+00
     82.000    21.5742   5.133991    36.4159       2406     1.6704 0.0000e+00
     83.000    21.5689   5.134022    36.4203       2433     1.6887 0.0000e+00
     84.000    21.5449   5.131481    36.4200       2462     1.7092 0.0000e+00
     85.000    21.5488   5.133086    36.4291       2492     1.7297 0.0000e+00
     86.000    21.5402   5.131982    36.4272       2519     1.7488 0.0000e+00
     87.000    21.5069   5.127671    36.4207       2546     1.7671 0.0000e+00
     88.000    21.4915   5.126000    36.4200       2573     1.7860 0.0000e+00
     89.000    21.4933   5.126710    36.4238       2602     1.8060 0.0000e+00
     90.000    21.5030   5.128522    36.4297       2630     1.8259 0.0000e+00
     91.000    21.4809   5.126236    36.4298       2657     1.8448 0.0000e+00
     92.000    21.4184   5.119699    36.4302       2684     1.8629 0.0000e+00
     93.000    21.4620   5.127732    36.4571       2710     1.8811 0.0000e+00
     94.000    21.4601   5.128808    36.4670       2736     1.8991 0.0000e+00
     95.000    21.3738   5.118336    36.4561       2762     1.9174 0.0000e+00
     96.000    21.3133   5.112286    36.4587       2789     1.9361 0.0000e+00
     97.000    21.2694   5.106467    36.4490       2816     1.9550 0.0000e+00
     98.000    21.2460   5.103324    36.4433       2844     1.9745 0.0000e+00
     99.000    21.2159   5.099365    36.4367       2872     1.9938 0.0000e+00
    100.000    21.1829   5.095731    36.4353       2899     2.0127 0.0000e+00
    101.000    21.2419   5.106377    36.4703       2928     2.0326 0.0000e+00
    102.000    21.3240   5.120323    36.5119       2956     2.0523 0.0000e+00
    103.000    21.3830   5.130445    36.5424       2982     2.0705 0.0000e+00
    104.000    21.3787   5.130630    36.5473       3007     2.0876 0.0000e+00
    105.000    21.3161   5.124407    36.5503       3031     2.1043 0.0000e+00
    106.000    21.2831   5.121788    36.5571       3058     2.1226 0.0000e+00
    107.000    21.2150   5.114966    36.5601       3084     2.1413 0.0000e+00
    108.000    21.1719   5.110380    36.5597       3113     2.1609 0.0000e+00
    109.000    21.1272   5.105586    36.5589       3141     2.1802 0.0000e+00
    110.000    21.1040   5.103337    36.5603       3167     2.1984 0.0000e+00
    111.000    21.0858   5.101643    36.5619       3193     2.2165 0.0000e+00
    112.000    21.0606   5.098889    36.5609       3222     2.2367 0.0000e+00
    113.000    21.0329   5.096380    36.5640       3251     2.2568 0.0000e+00
    114.000    21.0085   5.094075    36.5660       3277     2.2749 0.0000e+00
    115.000    20.9893   5.092325    36.5679       3301     2.2917 0.0000e+00
    116.000    20.9687   5.090159    36.5677       3326     2.3091 0.0000e+00
    117.000    20.9032   5.082830    36.5643       3352     2.3273 0.0000e+00
    118.000    20.8805   5.080394    36.5636       3381     2.3470 0.0000e+00
    119.000    20.8562   5.077557    36.5612       3408     2.3659 0.0000e+00
    120.000    20.7930   5.070299    36.5563       3433     2.3836 0.0000e+00
    121.000    20.6776   5.057677    36.5527       3458     2.4006 0.0000e+00
    122.000    20.5882   5.048189    36.5521       3484     2.4188 0.0000e+00
    123.000    20.5510   5.044195    36.5513       3516     2.4411 0.0000e+00
    124.000    20.5358   5.042481    36.5501       3548     2.4634 0.0000e+00
    125.000    20.5190   5.040638    36.5492       3575     2.4819 0.0000e+00
    126.000    20.4993   5.038217    36.5460       3597     2.4975 0.0000e+00
    127.000    20.3136   5.017996    36.5408       3621     2.5139 0.0000e+00
    128.000    20.1915   5.005187    36.5412       3647     2.5317 0.0000e+00
    129.000    20.1777   5.003466    36.5386       3675     2.5514 0.0000e+00
    130.000    20.1530   5.000755    36.5374       3705     2.5720 0.0000e+00
    131.000    20.1379   4.999373    36.5388       3731     2.5906 0.0000e+00
    132.000    20.1164   4.996914    36.5369       3757     2.6083 0.0000e+00
    133.000    20.0613   4.991146    36.5368       3785     2.6281 0.0000e+00
    134.000    20.0125   4.985465    36.5320       3816     2.6495 0.0000e+00
    135.000    19.9009   4.972202    36.5193       3845     2.6693 0.0000e+00
    136.000    19.8630   4.967807    36.5156       3870     2.6868 0.0000e+00
    137.000    19.8015   4.960120    36.5051       3895     2.7041 0.0000e+00
    138.000    19.7433   4.953015    36.4967       3921     2.7224 0.0000e+00
    139.000    19.6974   4.947824    36.4932       3949     2.7419 0.0000e+00
    140.000    19.6865   4.946545    36.4918       3978     2.7616 0.0000e+00
    141.000    19.6580   4.943283    36.4892       4005     2.7806 0.0000e+00
    142.000    19.6327   4.940455    36.4874       4032     2.7991 0.0000e+00
    143.000    19.5961   4.936246    36.4840       4058     2.8174 0.0000e+00
    144.000    19.5481   4.931012    36.4820       4084     2.8356 0.0000e+00
    145.000    19.5258   4.928497    36.4802       4113     2.8556 0.0000e+00
    146.000    19.5053   4.926142    36.4781       4155     2.8849 0.0000e+00
    147.000    19.4195   4.916641    36.4736       4196     2.9130 0.0000e+00
    148.000    19.3923   4.913785    36.4732       4221     2.9307 0.0000e+00
    149.000    19.3617   4.910308    36.4706       4245     2.9475 0.0000e+00
    150.000    19.3222   4.906091    36.4696       4271     2.9653 0.0000e+00
    151.000    19.2752   4.901199    36.4696       4299     2.9845 0.0000e+00
    152.000    19.2863   4.903612    36.4796       4331     3.0070 0.0000e+00
    153.000    19.2711   4.901997    36.4790       4365     3.0305 0.0000e+00
    154.000    19.2492   4.899695    36.4786       4395     3.0513 0.0000e+00
    155.000    19.2336   4.898664    36.4832       4420     3.0690 0.0000e+00
    156.000    19.1932   4.894693    36.4851       4444     3.0857 0.0000e+00
    157.000    19.0779   4.881691    36.4769       4469     3.1028 0.0000e+00
    158.000    19.0494   4.878540    36.4751       4495     3.1210 0.0000e+00
    159.000    19.0435   4.877768    36.4735       4525     3.1418 0.0000e+00
    160.000    19.0262   4.875633    36.4704       4556     3.1630 0.0000e+00
    161.000    18.9921   4.871559    36.4657       4585     3.1830 0.0000e+00
    162.000    18.9364   4.864895    36.4583       4614     3.2033 0.0000e+00
    163.000    18.9027   4.860942    36.4543       4645     3.2249 0.0000e+00
    164.000    18.8685   4.856895    36.4499       4674     3.2451 0.0000e+00
    165.000    18.8302   4.852144    36.4432       4701     3.2638 0.0000e+00
    166.000    18.7430   4.841884    36.4330       4726     3.2814 0.0000e+00
    167.000    18.4689   4.810759    36.4110       4751     3.2987 0.0000e+00
    168.000    18.3749   4.801372    36.4141       4777     3.3167 0.0000e+00
    169.000    18.3586   4.799444    36.4117       4804     3.3355 0.0000e+00
    170.000    18.3445   4.798014    36.4116       4836     3.3576 0.0000e+00
    171.000    18.3263   4.796664    36.4159       4872     3.3826 0.0000e+00
    172.000    18.2982   4.795201    36.4279       4903     3.4045 0.0000e+00
    173.000    18.1612   4.778691    36.4082       4930     3.4227 0.0000e+00
    174.000    17.9870   4.758021    36.3856       4955     3.4404 0.0000e+00
    175.000    17.9282   4.751922    36.3853       4982     3.4589 0.0000e+00
    176.000    17.8779   4.745896    36.3779       5009     3.4781 0.0000e+00
    177.000    17.7692   4.733218    36.3653       5039     3.4983 0.0000e+00
    178.000    17.6766   4.722166    36.3522       5068     3.5189 0.0000e+00
    179.000    17.5940   4.711898    36.3369       5098     3.5397 0.0000e+00
    180.000    17.4507   4.694026    36.3098       5127     3.5595 0.0000e+00
    181.000    17.4318   4.691886    36.3078       5155     3.5794 0.0000e+00
    182.000    17.4295   4.691634    36.3073       5183     3.5986 0.0000e+00
    183.000    17.4264   4.691368    36.3074       5210     3.6175 0.0000e+00
    184.000    17.4253   4.691288    36.3073       5239     3.6372 0.0000e+00
    185.000    17.4120   4.689861    36.3064       5269     3.6581 0.0000e+00
    186.000    17.3383   4.680778    36.2931       5300     3.6798 0.0000e+00
    187.000    17.2715   4.672791    36.2831       5330     3.7004 0.0000e+00
    188.000    17.2069   4.665086    36.2735       5358     3.7202 0.0000e+00
    189.000    17.1371   4.656664    36.2623       5386     3.7394 0.0000e+00
    190.000    17.0497   4.646063    36.2478       5412     3.7579 0.0000e+00
    191.000    16.9714   4.636503    36.2341       5438     3.7756 0.0000e+00
    192.000    16.9384   4.632814    36.2310       5464     3.7939 0.0000e+00
    193.000    16.9195   4.630686    36.2290       5493     3.8140 0.0000e+00
    194.000    16.8883   4.626978    36.2241       5523     3.8350 0.0000e+00
    195.000    16.7902   4.615326    36.2098       5556     3.8575 0.0000e+00
    196.000    16.7265   4.608077    36.2030       5588     3.8799 0.0000e+00
    197.000    16.7020   4.605107    36.1985       5619     3.9014 0.0000e+00
    198.000    16.6812   4.602680    36.1955       5648     3.9218 0.0000e+00
    199.000    16.6329   4.596859    36.1874       5676     3.9412 0.0000e+00
    200.000    16.5952   4.592572    36.1832       5702     3.9591 0.0000e+00
    201.000    16.5751   4.590172    36.1798       5726     3.9760 0.0000e+00
    202.000    16.5656   4.589075    36.1783       5752     3.9935 0.0000e+00
    203.000    16.5559   4.587910    36.1764       5780     4.0135 0.0000e+00
    204.000    16.5451   4.586605    36.1742       5815     4.0376 0.0000e+00
    205.000    16.5347   4.585295    36.1716       5850     4.0621 0.0000e+00
    206.000    16.4280   4.572896    36.1579       5881     4.0835 0.0000e+00
    207.000    16.3524   4.564885    36.1549       5910     4.1032 0.0000e+00
    208.000    16.3273   4.562107    36.1526       5939     4.1237 0.0000e+00
