HB2402/ctd044.cnv
* Sea-Bird SBE 9 Data File:
* FileName = C:\cruise\data\ctd044.hex
* Software Version Seasave V 7.26.7.121
* Temperature SN = 5253
* Conductivity SN = 4421
* Number of Bytes Per Scan = 37
* Number of Voltage Words = 4
* Number of Scans Averaged by the Deck Unit = 1
* NMEA Latitude = 36 25.77 N
* NMEA Longitude = 075 10.64 W
* NMEA UTC (Time) = Mar 15 2024 10:37:51
* NMEA baud rate = 4800
** Ship: Bigelow HB2304
** Program:  Fall Bottom Trawl Survey
** Chief Scientist: John Galbraith
# nquan = 7
# nvalues = 54                          
# units = specified
# name 0 = depSM: Depth [salt water, m]
# name 1 = t090C: Temperature [ITS-90, deg C]
# name 2 = c0S/m: Conductivity [S/m]
# name 3 = sal00: Salinity, Practical [PSU]
# name 4 = scan: Scan Count
# name 5 = timeM: Time, Elapsed [minutes]
# name 6 = flag: flag
# span 0 =      2.000,     29.000       
# span 1 =     9.2255,     9.8378       
# span 2 =   3.491467,   3.519763       
# span 3 =    32.1982,    32.4634       
# span 4 =         39,       2263       
# span 5 =     0.0265,     1.5709       
# span 6 = 0.0000e+00, 0.0000e+00       
# interval = meters: 1                  
# start_time = Mar 15 2024 10:37:51 [NMEA time, header]
# bad_flag = -9.990e-29
*END*
      3.000     9.8378   3.519691    32.1982         39     0.0265 0.0000e+00
      4.000     9.8377   3.519763    32.1986        245     0.1695 0.0000e+00
      5.000     9.8226   3.518642    32.2003        301     0.2082 0.0000e+00
      6.000     9.8056   3.517418    32.2027        339     0.2344 0.0000e+00
      7.000     9.8080   3.517624    32.2021        380     0.2634 0.0000e+00
      8.000     9.8023   3.517232    32.2028        409     0.2836 0.0000e+00
      9.000     9.7939   3.516625    32.2037        437     0.3029 0.0000e+00
     10.000     9.7779   3.515466    32.2057        464     0.3218 0.0000e+00
     11.000     9.7606   3.514078    32.2067        491     0.3401 0.0000e+00
     12.000     9.7225   3.511264    32.2117        517     0.3587 0.0000e+00
     13.000     9.6368   3.504523    32.2193        546     0.3782 0.0000e+00
     14.000     9.5260   3.496519    32.2365        573     0.3969 0.0000e+00
     15.000     9.4301   3.492626    32.2825        597     0.4140 0.0000e+00
     16.000     9.3599   3.494485    32.3646        621     0.4305 0.0000e+00
     17.000     9.3065   3.495927    32.4273        645     0.4472 0.0000e+00
     18.000     9.2484   3.493244    32.4520        671     0.4654 0.0000e+00
     19.000     9.2344   3.492416    32.4558        703     0.4873 0.0000e+00
     20.000     9.2335   3.492287    32.4548        734     0.5093 0.0000e+00
     21.000     9.2297   3.491938    32.4542        764     0.5297 0.0000e+00
     22.000     9.2267   3.491709    32.4542        789     0.5474 0.0000e+00
     23.000     9.2259   3.491662    32.4539        815     0.5655 0.0000e+00
     24.000     9.2255   3.491682    32.4540        841     0.5836 0.0000e+00
     25.000     9.2311   3.492428    32.4562        867     0.6017 0.0000e+00
     26.000     9.2372   3.493246    32.4587        894     0.6199 0.0000e+00
     27.000     9.2461   3.494369    32.4617        921     0.6392 0.0000e+00
     28.000     9.2510   3.495005    32.4634        950     0.6590 0.0000e+00
     29.000     9.2524   3.495159    32.4632       1214     0.8422 0.0000e+00
     28.000     9.2442   3.494020    32.4594       1339     0.9293 0.0000e+00
     27.000     9.2425   3.493789    32.4590       1364     0.9468 0.0000e+00
     26.000     9.2391   3.493322    32.4577       1392     0.9661 0.0000e+00
     25.000     9.2334   3.492531    32.4552       1419     0.9847 0.0000e+00
     24.000     9.2285   3.491845    32.4530       1446     1.0038 0.0000e+00
     23.000     9.2274   3.491625    32.4521       1473     1.0226 0.0000e+00
     22.000     9.2273   3.491537    32.4518       1500     1.0412 0.0000e+00
     21.000     9.2274   3.491510    32.4518       1525     1.0583 0.0000e+00
     20.000     9.2275   3.491467    32.4518       1549     1.0753 0.0000e+00
     19.000     9.2304   3.491671    32.4517       1575     1.0929 0.0000e+00
     18.000     9.2333   3.491852    32.4514       1601     1.1112 0.0000e+00
     17.000     9.2402   3.492303    32.4502       1627     1.1293 0.0000e+00
     16.000     9.2696   3.493720    32.4385       1653     1.1472 0.0000e+00
     15.000     9.3250   3.495969    32.4119       1678     1.1648 0.0000e+00
     14.000     9.3587   3.494307    32.3647       1704     1.1827 0.0000e+00
     13.000     9.4214   3.492962    32.2947       1731     1.2012 0.0000e+00
     12.000     9.4760   3.494146    32.2581       1759     1.2205 0.0000e+00
     11.000     9.5749   3.499801    32.2275       1786     1.2396 0.0000e+00
     10.000     9.6397   3.504179    32.2145       1812     1.2575 0.0000e+00
      9.000     9.6861   3.507760    32.2099       1836     1.2741 0.0000e+00
      8.000     9.7281   3.510930    32.2050       1860     1.2911 0.0000e+00
      7.000     9.7514   3.512694    32.2026       1885     1.3085 0.0000e+00
      6.000     9.7639   3.513687    32.2020       1911     1.3262 0.0000e+00
      5.000     9.7919   3.515797    32.1989       1940     1.3468 0.0000e+00
      4.000     9.8077   3.517109    32.1984       1976     1.3715 0.0000e+00
      3.000     9.8131   3.517686    32.1999       2147     1.4906 0.0000e+00
      2.000     9.8113   3.517524    32.2003       2263     1.5709 0.0000e+00
