HB2402/ctd002.cnv
* Sea-Bird SBE 9 Data File:
* FileName = C:\cruise\data\ctd002.hex
* Software Version Seasave V 7.26.7.121
* Temperature SN = 5253
* Conductivity SN = 4421
* Number of Bytes Per Scan = 37
* Number of Voltage Words = 4
* Number of Scans Averaged by the Deck Unit = 1
* NMEA Latitude = 38 28.83 N
* NMEA Longitude = 074 28.57 W
* NMEA UTC (Time) = Mar 07 2024 19:05:31
* NMEA baud rate = 4800
** Ship: Bigelow HB2304
** Program:  Fall Bottom Trawl Survey
** Chief Scientist: John Galbraith
# nquan = 7
# nvalues = 65                          
# units = specified
# name 0 = depSM: Depth [salt water, m]
# name 1 = t090C: Temperature [ITS-90, deg C]
# name 2 = c0S/m: Conductivity [S/m]
# name 3 = sal00: Salinity, Practical [PSU]
# name 4 = scan: Scan Count
# name 5 = timeM: Time, Elapsed [minutes]
# name 6 = flag: flag
# span 0 =      3.000,     35.000       
# span 1 =     7.3600,     7.5486       
# span 2 =   3.200889,   3.292209       
# span 3 =    30.9485,    32.0517       
# span 4 =       -184,       2738       
# span 5 =    -0.1287,     1.9010       
# span 6 = 0.0000e+00, 0.0000e+00       
# interval = meters: 1                  
# start_time = Mar 07 2024 19:05:31 [NMEA time, header]
# bad_flag = -9.990e-29
*END*
      3.000     7.5473   3.203896    30.9510       -184    -0.1287 0.0000e+00
      4.000     7.5459   3.203817    30.9510        226     0.1560 0.0000e+00
      5.000     7.5460   3.203885    30.9512        316     0.2187 0.0000e+00
      6.000     7.5447   3.203816    30.9511        342     0.2367 0.0000e+00
      7.000     7.5486   3.204136    30.9507        375     0.2595 0.0000e+00
      8.000     7.5403   3.203569    30.9515        416     0.2879 0.0000e+00
      9.000     7.5113   3.202216    30.9625        443     0.3073 0.0000e+00
     10.000     7.5009   3.201980    30.9688        465     0.3225 0.0000e+00
     11.000     7.5022   3.202241    30.9699        487     0.3376 0.0000e+00
     12.000     7.4973   3.203201    30.9841        510     0.3538 0.0000e+00
     13.000     7.4927   3.203397    30.9898        537     0.3723 0.0000e+00
     14.000     7.4624   3.202584    31.0078        566     0.3927 0.0000e+00
     15.000     7.4463   3.201569    31.0108        594     0.4120 0.0000e+00
     16.000     7.4113   3.200889    31.0344        621     0.4308 0.0000e+00
     17.000     7.3739   3.212212    31.1892        649     0.4500 0.0000e+00
     18.000     7.3821   3.263958    31.7383        678     0.4702 0.0000e+00
     19.000     7.3600   3.290526    32.0446        705     0.4891 0.0000e+00
     20.000     7.3635   3.291503    32.0514        729     0.5052 0.0000e+00
     21.000     7.3637   3.291557    32.0514        751     0.5207 0.0000e+00
     22.000     7.3634   3.291509    32.0506        776     0.5383 0.0000e+00
     23.000     7.3638   3.291648    32.0513        807     0.5599 0.0000e+00
     24.000     7.3640   3.291714    32.0514        840     0.5823 0.0000e+00
     25.000     7.3640   3.291759    32.0514        869     0.6029 0.0000e+00
     26.000     7.3642   3.291823    32.0515        898     0.6228 0.0000e+00
     27.000     7.3643   3.291892    32.0516        923     0.6404 0.0000e+00
     28.000     7.3644   3.291948    32.0517        946     0.6562 0.0000e+00
     29.000     7.3644   3.291992    32.0517        968     0.6712 0.0000e+00
     30.000     7.3646   3.292047    32.0516        991     0.6873 0.0000e+00
     31.000     7.3648   3.292096    32.0514       1019     0.7067 0.0000e+00
     32.000     7.3650   3.292153    32.0515       1053     0.7307 0.0000e+00
     33.000     7.3651   3.292205    32.0515       1089     0.7553 0.0000e+00
     34.000     7.3650   3.292209    32.0511       1394     0.9676 0.0000e+00
     35.000     7.3647   3.292107    32.0498       1821     1.2635 0.0000e+00
     34.000     7.3650   3.292162    32.0506       1700     1.1801 0.0000e+00
     33.000     7.3647   3.292156    32.0513       1901     1.3196 0.0000e+00
     32.000     7.3651   3.292109    32.0509       1968     1.3660 0.0000e+00
     31.000     7.3650   3.292066    32.0510       1987     1.3794 0.0000e+00
     30.000     7.3649   3.292012    32.0510       2012     1.3965 0.0000e+00
     29.000     7.3645   3.291939    32.0510       2043     1.4182 0.0000e+00
     28.000     7.3643   3.291879    32.0510       2080     1.4435 0.0000e+00
     27.000     7.3642   3.291802    32.0507       2109     1.4638 0.0000e+00
     26.000     7.3641   3.291721    32.0505       2133     1.4806 0.0000e+00
     25.000     7.3639   3.291676    32.0506       2156     1.4965 0.0000e+00
     24.000     7.3638   3.291630    32.0506       2180     1.5129 0.0000e+00
     23.000     7.3637   3.291575    32.0506       2204     1.5302 0.0000e+00
     22.000     7.3636   3.291492    32.0503       2229     1.5470 0.0000e+00
     21.000     7.3633   3.291394    32.0500       2252     1.5635 0.0000e+00
     20.000     7.3632   3.291330    32.0499       2278     1.5816 0.0000e+00
     19.000     7.3629   3.291244    32.0497       2312     1.6047 0.0000e+00
     18.000     7.3624   3.291030    32.0483       2344     1.6268 0.0000e+00
     17.000     7.3623   3.289340    32.0306       2369     1.6446 0.0000e+00
     16.000     7.3749   3.266638    31.7747       2392     1.6602 0.0000e+00
     15.000     7.3743   3.229859    31.3796       2415     1.6761 0.0000e+00
     14.000     7.4011   3.210382    31.1464       2439     1.6929 0.0000e+00
     13.000     7.4475   3.205006    31.0475       2462     1.7088 0.0000e+00
     12.000     7.4680   3.203872    31.0175       2485     1.7250 0.0000e+00
     11.000     7.4853   3.203501    30.9985       2512     1.7439 0.0000e+00
     10.000     7.4921   3.203080    30.9884       2545     1.7667 0.0000e+00
      9.000     7.4969   3.202741    30.9809       2575     1.7876 0.0000e+00
      8.000     7.4958   3.202894    30.9840       2602     1.8064 0.0000e+00
      7.000     7.4989   3.202568    30.9782       2630     1.8255 0.0000e+00
      6.000     7.5110   3.201976    30.9616       2654     1.8425 0.0000e+00
      5.000     7.5314   3.202680    30.9513       2675     1.8572 0.0000e+00
      4.000     7.5391   3.203123    30.9496       2696     1.8714 0.0000e+00
      3.000     7.5415   3.203168    30.9485       2738     1.9010 0.0000e+00
