HB2402/ctd065.cnv
* Sea-Bird SBE 9 Data File:
* FileName = C:\cruise\data\ctd065.hex
* Software Version Seasave V 7.26.7.121
* Temperature SN = 5253
* Conductivity SN = 4421
* Number of Bytes Per Scan = 37
* Number of Voltage Words = 4
* Number of Scans Averaged by the Deck Unit = 1
* NMEA Latitude = 38 40.85 N
* NMEA Longitude = 073 06.12 W
* NMEA UTC (Time) = Mar 18 2024 13:07:21
* NMEA baud rate = 4800
** Ship: Bigelow HB2304
** Program:  Fall Bottom Trawl Survey
** Chief Scientist: John Galbraith
# nquan = 7
# nvalues = 385                         
# units = specified
# name 0 = depSM: Depth [salt water, m]
# name 1 = t090C: Temperature [ITS-90, deg C]
# name 2 = c0S/m: Conductivity [S/m]
# name 3 = sal00: Salinity, Practical [PSU]
# name 4 = scan: Scan Count
# name 5 = timeM: Time, Elapsed [minutes]
# name 6 = flag: flag
# span 0 =      1.000,    194.000       
# span 1 =     7.0598,    13.0397       
# span 2 =   3.331360,   4.108352       
# span 3 =    32.6835,    35.0356       
# span 4 =          3,      12160       
# span 5 =     0.0016,     8.4440       
# span 6 = 0.0000e+00, 0.0000e+00       
# interval = meters: 1                  
# start_time = Mar 18 2024 13:07:21 [NMEA time, header]
# bad_flag = -9.990e-29
*END*
[from data line 206]
    179.000    11.6456   3.968394    34.9455       6550     4.5478 0.0000e+00
    178.000    11.6587   3.969146    34.9409       6575     4.5654 0.0000e+00
    177.000    11.6734   3.970173    34.9377       6597     4.5805 0.0000e+00
    176.000    11.6886   3.971097    34.9328       6618     4.5948 0.0000e+00
    175.000    11.7017   3.972067    34.9305       6638     4.6093 0.0000e+00
    174.000    11.7216   3.973316    34.9245       6660     4.6240 0.0000e+00
    173.000    11.7450   3.974696    34.9165       6681     4.6386 0.0000e+00
    172.000    11.8043   3.979883    34.9121       6701     4.6530 0.0000e+00
    171.000    11.8960   3.988994    34.9156       6726     4.6700 0.0000e+00
    170.000    11.9595   3.995426    34.9194       6766     4.6976 0.0000e+00
    169.000    11.9929   3.998905    34.9225       6812     4.7301 0.0000e+00
    168.000    12.0540   4.004830    34.9235       6836     4.7462 0.0000e+00
    167.000    12.0790   4.007272    34.9244       6854     4.7591 0.0000e+00
    166.000    12.1051   4.009808    34.9252       6871     4.7708 0.0000e+00
    165.000    12.1362   4.012579    34.9234       6889     4.7831 0.0000e+00
    164.000    12.1550   4.014163    34.9217       6908     4.7967 0.0000e+00
    163.000    12.1758   4.015993    34.9205       6932     4.8133 0.0000e+00
    162.000    12.2034   4.018176    34.9163       6963     4.8348 0.0000e+00
    161.000    12.2335   4.020825    34.9144       6996     4.8573 0.0000e+00
    160.000    12.2610   4.023021    34.9106       7022     4.8755 0.0000e+00
    159.000    12.2690   4.023775    34.9108       7048     4.8936 0.0000e+00
    158.000    12.2788   4.024822    34.9122       7079     4.9152 0.0000e+00
    157.000    12.3100   4.028044    34.9148       7110     4.9367 0.0000e+00
    156.000    12.3329   4.030301    34.9158       7134     4.9537 0.0000e+00
    155.000    12.3497   4.031958    34.9166       7154     4.9671 0.0000e+00
    154.000    12.3569   4.032705    34.9175       7173     4.9803 0.0000e+00
    153.000    12.3702   4.034088    34.9190       7193     4.9946 0.0000e+00
    152.000    12.3842   4.035439    34.9195       7218     5.0116 0.0000e+00
    151.000    12.3896   4.036109    34.9213       7246     5.0311 0.0000e+00
    150.000    12.4005   4.037146    34.9217       7276     5.0518 0.0000e+00
    149.000    12.4083   4.037903    34.9221       7305     5.0726 0.0000e+00
    148.000    12.4107   4.037984    34.9211       7333     5.0915 0.0000e+00
    147.000    12.4098   4.037592    34.9186       7360     5.1104 0.0000e+00
    146.000    12.4115   4.037481    34.9164       7388     5.1300 0.0000e+00
    145.000    12.4310   4.039346    34.9167       7415     5.1486 0.0000e+00
    144.000    12.4765   4.044611    34.9257       7436     5.1635 0.0000e+00
    143.000    12.5745   4.054955    34.9347       7456     5.1772 0.0000e+00
    142.000    12.6778   4.066966    34.9547       7477     5.1914 0.0000e+00
    141.000    12.7611   4.076431    34.9688       7502     5.2091 0.0000e+00
    140.000    12.8567   4.086728    34.9793       7537     5.2330 0.0000e+00
    139.000    12.9737   4.100162    34.9998       7571     5.2571 0.0000e+00
    138.000    13.0322   4.107355    35.0148       7598     5.2754 0.0000e+00
    137.000    13.0347   4.107678    35.0160       7621     5.2915 0.0000e+00
    136.000    13.0317   4.107272    35.0153       7642     5.3066 0.0000e+00
    135.000    13.0234   4.106115    35.0124       7666     5.3226 0.0000e+00
    134.000    13.0080   4.104012    35.0070       7691     5.3405 0.0000e+00
    133.000    12.9893   4.101441    35.0002       7720     5.3607 0.0000e+00
    132.000    12.9807   4.100041    34.9952       7747     5.3791 0.0000e+00
    131.000    12.9679   4.098125    34.9892       7772     5.3964 0.0000e+00
    130.000    12.9253   4.092318    34.9736       7800     5.4157 0.0000e+00
    129.000    12.7122   4.064561    34.9054       7831     5.4376 0.0000e+00
    128.000    12.5597   4.045621    34.8651       7856     5.4548 0.0000e+00
    127.000    12.5028   4.037271    34.8378       7878     5.4700 0.0000e+00
    126.000    12.4928   4.035311    34.8287       7902     5.4871 0.0000e+00
    125.000    12.4686   4.031670    34.8164       7931     5.5071 0.0000e+00
    124.000    12.4457   4.028444    34.8070       7958     5.5254 0.0000e+00
    123.000    12.4427   4.027858    34.8044       7980     5.5412 0.0000e+00
    122.000    12.4614   4.029821    34.8065       8004     5.5573 0.0000e+00
    121.000    12.4915   4.032866    34.8085       8031     5.5760 0.0000e+00
    120.000    12.4911   4.032352    34.8043       8066     5.6004 0.0000e+00
    119.000    12.4315   4.024884    34.7879       8097     5.6220 0.0000e+00
    118.000    12.3799   4.018230    34.7719       8121     5.6387 0.0000e+00
    117.000    12.3274   4.011165    34.7526       8143     5.6539 0.0000e+00
    116.000    12.2539   4.001884    34.7314       8165     5.6695 0.0000e+00
    115.000    12.2077   3.995821    34.7160       8191     5.6875 0.0000e+00
    114.000    12.1782   3.991974    34.7064       8216     5.7047 0.0000e+00
    113.000    12.1728   3.991185    34.7042       8238     5.7199 0.0000e+00
    112.000    12.1670   3.990330    34.7017       8260     5.7356 0.0000e+00
    111.000    12.1655   3.989961    34.7000       8294     5.7589 0.0000e+00
    110.000    12.1663   3.989942    34.6994       8334     5.7869 0.0000e+00
    109.000    12.1675   3.989970    34.6990       8360     5.8046 0.0000e+00
    108.000    12.1677   3.989956    34.6991       8380     5.8188 0.0000e+00
    107.000    12.1682   3.989934    34.6989       8401     5.8336 0.0000e+00
    106.000    12.1665   3.989618    34.6979       8427     5.8512 0.0000e+00
    105.000    12.1489   3.987331    34.6925       8455     5.8708 0.0000e+00
    104.000    12.1319   3.985101    34.6870       8481     5.8887 0.0000e+00
    103.000    12.1181   3.983249    34.6822       8502     5.9037 0.0000e+00
    102.000    12.1099   3.982140    34.6795       8525     5.9193 0.0000e+00
    101.000    12.1076   3.981700    34.6778       8551     5.9372 0.0000e+00
    100.000    12.1024   3.980814    34.6744       8581     5.9584 0.0000e+00
     99.000    12.0727   3.976813    34.6635       8611     5.9795 0.0000e+00
     98.000    12.0521   3.974124    34.6569       8639     5.9984 0.0000e+00
     97.000    12.0108   3.968779    34.6437       8664     6.0161 0.0000e+00
     96.000    11.9756   3.964364    34.6338       8688     6.0326 0.0000e+00
     95.000    11.9571   3.961854    34.6269       8710     6.0477 0.0000e+00
     94.000    11.9273   3.958046    34.6179       8731     6.0624 0.0000e+00
     93.000    11.8895   3.952965    34.6039       8754     6.0781 0.0000e+00
     92.000    11.8075   3.942839    34.5815       8778     6.0951 0.0000e+00
     91.000    11.6407   3.921526    34.5282       8805     6.1137 0.0000e+00
     90.000    11.4084   3.892711    34.4614       8840     6.1384 0.0000e+00
     89.000    11.1754   3.865483    34.4095       8878     6.1647 0.0000e+00
     88.000    10.6889   3.805779    34.2701       8902     6.1811 0.0000e+00
     87.000    10.5067   3.783825    34.2206       8921     6.1945 0.0000e+00
     86.000    10.3567   3.765385    34.1760       8940     6.2074 0.0000e+00
     85.000    10.1523   3.740217    34.1136       8959     6.2212 0.0000e+00
     84.000     9.8044   3.697953    34.0111       8984     6.2382 0.0000e+00
     83.000     9.7811   3.693777    33.9908       9017     6.2614 0.0000e+00
     82.000     9.3645   3.643443    33.8668       9050     6.2837 0.0000e+00
     81.000     9.2001   3.622414    33.8052       9075     6.3017 0.0000e+00
     80.000     9.1214   3.612552    33.7778       9102     6.3199 0.0000e+00
     79.000     9.0453   3.603555    33.7567       9128     6.3385 0.0000e+00
     78.000     8.9579   3.593512    33.7353       9153     6.3555 0.0000e+00
     77.000     8.8620   3.581651    33.7028       9175     6.3709 0.0000e+00
     76.000     8.7535   3.567703    33.6602       9199     6.3875 0.0000e+00
     75.000     8.6896   3.559517    33.6355       9230     6.4087 0.0000e+00
     74.000     8.6687   3.556455    33.6237       9260     6.4301 0.0000e+00
     73.000     8.6355   3.551748    33.6062       9285     6.4473 0.0000e+00
     72.000     8.5806   3.543939    33.5766       9309     6.4637 0.0000e+00
     71.000     8.4776   3.528467    33.5119       9333     6.4807 0.0000e+00
     70.000     8.4395   3.522611    33.4867       9360     6.4993 0.0000e+00
     69.000     8.4151   3.518777    33.4698       9393     6.5220 0.0000e+00
     68.000     8.3714   3.512292    33.4432       9428     6.5464 0.0000e+00
     67.000     8.2123   3.487410    33.3310       9455     6.5656 0.0000e+00
     66.000     8.0279   3.460629    33.2215       9475     6.5795 0.0000e+00
     65.000     7.9314   3.447404    33.1724       9493     6.5916 0.0000e+00
     64.000     7.8329   3.434686    33.1302       9510     6.6035 0.0000e+00
     63.000     7.7075   3.418526    33.0763       9534     6.6201 0.0000e+00
     62.000     7.5740   3.400877    33.0137       9578     6.6509 0.0000e+00
     61.000     7.3791   3.374878    32.9187       9619     6.6791 0.0000e+00
     60.000     7.2719   3.360607    32.8663       9645     6.6972 0.0000e+00
     59.000     7.2131   3.352840    32.8384       9668     6.7133 0.0000e+00
     58.000     7.1751   3.347614    32.8182       9690     6.7287 0.0000e+00
     57.000     7.1523   3.344752    32.8091       9713     6.7442 0.0000e+00
     56.000     7.1408   3.343258    32.8043       9739     6.7622 0.0000e+00
     55.000     7.1390   3.342816    32.8017       9768     6.7829 0.0000e+00
     54.000     7.1338   3.342178    32.8002       9799     6.8039 0.0000e+00
     53.000     7.1295   3.341524    32.7976       9826     6.8228 0.0000e+00
     52.000     7.1267   3.341096    32.7960       9850     6.8396 0.0000e+00
     51.000     7.1227   3.340571    32.7946       9877     6.8583 0.0000e+00
     50.000     7.1211   3.340152    32.7921       9916     6.8855 0.0000e+00
     49.000     7.1219   3.339873    32.7888       9956     6.9129 0.0000e+00
     48.000     7.1243   3.339827    32.7865       9978     6.9288 0.0000e+00
     47.000     7.1195   3.338957    32.7820       9998     6.9423 0.0000e+00
     46.000     7.1106   3.337631    32.7765      10016     6.9552 0.0000e+00
     45.000     7.1038   3.336127    32.7670      10037     6.9695 0.0000e+00
     44.000     7.1024   3.335384    32.7608      10062     6.9868 0.0000e+00
     43.000     7.1074   3.335181    32.7543      10097     7.0109 0.0000e+00
     42.000     7.1321   3.336543    32.7462      10144     7.0438 0.0000e+00
     41.000     7.1549   3.337917    32.7399      10175     7.0656 0.0000e+00
     40.000     7.1772   3.339346    32.7348      10199     7.0817 0.0000e+00
     39.000     7.1938   3.340462    32.7317      10221     7.0975 0.0000e+00
     38.000     7.2106   3.341518    32.7278      10245     7.1141 0.0000e+00
     37.000     7.2216   3.342236    32.7256      10273     7.1331 0.0000e+00
     36.000     7.2303   3.342701    32.7229      10304     7.1549 0.0000e+00
     35.000     7.2358   3.342942    32.7208      10334     7.1756 0.0000e+00
     34.000     7.2416   3.343181    32.7184      10359     7.1932 0.0000e+00
     33.000     7.2455   3.343343    32.7169      10383     7.2098 0.0000e+00
     32.000     7.2549   3.343925    32.7148      10411     7.2289 0.0000e+00
     31.000     7.2692   3.344920    32.7125      10445     7.2529 0.0000e+00
     30.000     7.2839   3.346046    32.7113      10483     7.2791 0.0000e+00
     29.000     7.3017   3.347449    32.7102      10517     7.3025 0.0000e+00
     28.000     7.3316   3.349781    32.7076      10545     7.3220 0.0000e+00
     27.000     7.3466   3.350960    32.7067      10567     7.3377 0.0000e+00
     26.000     7.3514   3.351353    32.7069      10588     7.3518 0.0000e+00
     25.000     7.3560   3.351705    32.7068      10607     7.3652 0.0000e+00
     24.000     7.3607   3.352035    32.7064      10627     7.3791 0.0000e+00
     23.000     7.3646   3.352305    32.7061      10652     7.3969 0.0000e+00
     22.000     7.3709   3.352733    32.7053      10699     7.4289 0.0000e+00
     21.000     7.3934   3.354421    32.7028      10739     7.4566 0.0000e+00
     20.000     7.4297   3.357225    32.6993      10766     7.4754 0.0000e+00
     19.000     7.4642   3.359885    32.6960      10789     7.4915 0.0000e+00
     18.000     7.4936   3.362189    32.6936      10811     7.5072 0.0000e+00
     17.000     7.5227   3.364382    32.6904      10835     7.5236 0.0000e+00
     16.000     7.5231   3.364461    32.6912      10859     7.5403 0.0000e+00
     15.000     7.5398   3.365699    32.6893      10882     7.5563 0.0000e+00
     14.000     7.5600   3.367110    32.6860      10905     7.5720 0.0000e+00
     13.000     7.5846   3.369140    32.6852      10928     7.5885 0.0000e+00
     12.000     7.5987   3.370223    32.6841      10959     7.6100 0.0000e+00
     11.000     7.5990   3.370258    32.6847      10997     7.6360 0.0000e+00
     10.000     7.6016   3.370447    32.6847      11029     7.6587 0.0000e+00
      9.000     7.6064   3.370760    32.6840      11054     7.6760 0.0000e+00
      8.000     7.6079   3.370857    32.6842      11075     7.6903 0.0000e+00
      7.000     7.6005   3.370302    32.6856      11094     7.7035 0.0000e+00
      6.000     7.6006   3.370242    32.6853      11115     7.7178 0.0000e+00
      5.000     7.6248   3.372156    32.6836      12113     8.4112 0.0000e+00
      4.000     7.6210   3.371789    32.6838      12053     8.3696 0.0000e+00
      3.000     7.6198   3.371666    32.6840      12071     8.3818 0.0000e+00
      2.000     7.6200   3.371599    32.6835      12120     8.4159 0.0000e+00
      1.000     7.6201   3.371559    32.6835      12160     8.4440 0.0000e+00
