HB2402/ctd056.cnv
* Sea-Bird SBE 9 Data File:
* FileName = C:\cruise\data\ctd056.hex
* Software Version Seasave V 7.26.7.121
* Temperature SN = 5253
* Conductivity SN = 4421
* Number of Bytes Per Scan = 37
* Number of Voltage Words = 4
* Number of Scans Averaged by the Deck Unit = 1
* NMEA Latitude = 38 09.47 N
* NMEA Longitude = 073 54.47 W
* NMEA UTC (Time) = Mar 17 2024 06:53:11
* NMEA baud rate = 4800
** Ship: Bigelow HB2304
** Program:  Fall Bottom Trawl Survey
** Chief Scientist: John Galbraith
# nquan = 7
# nvalues = 220                         
# units = specified
# name 0 = depSM: Depth [salt water, m]
# name 1 = t090C: Temperature [ITS-90, deg C]
# name 2 = c0S/m: Conductivity [S/m]
# name 3 = sal00: Salinity, Practical [PSU]
# name 4 = scan: Scan Count
# name 5 = timeM: Time, Elapsed [minutes]
# name 6 = flag: flag
# span 0 =      1.000,    112.000       
# span 1 =     7.3791,    11.5933       
# span 2 =   3.327972,   3.928906       
# span 3 =    32.2656,    34.6358       
# span 4 =        166,       6503       
# span 5 =     0.1148,     4.5156       
# span 6 = 0.0000e+00, 0.0000e+00       
# interval = meters: 1                  
# start_time = Mar 17 2024 06:53:11 [NMEA time, header]
# bad_flag = -9.990e-29
*END*
      4.000     7.8465   3.352854    32.2706        166     0.1148 0.0000e+00
      5.000     7.8469   3.352936    32.2707        296     0.2049 0.0000e+00
      6.000     7.8465   3.352950    32.2707        319     0.2207 0.0000e+00
      7.000     7.8472   3.353061    32.2707        343     0.2377 0.0000e+00
      8.000     7.8448   3.352926    32.2710        368     0.2551 0.0000e+00
      9.000     7.8462   3.353087    32.2710        392     0.2717 0.0000e+00
     10.000     7.8469   3.353189    32.2709        417     0.2889 0.0000e+00
     11.000     7.8464   3.353174    32.2708        448     0.3102 0.0000e+00
     12.000     7.8454   3.353134    32.2708        480     0.3323 0.0000e+00
     13.000     7.8487   3.353451    32.2707        505     0.3501 0.0000e+00
     14.000     7.8484   3.353496    32.2710        526     0.3645 0.0000e+00
     15.000     7.8497   3.353635    32.2708        549     0.3805 0.0000e+00
     16.000     7.8475   3.353450    32.2704        575     0.3986 0.0000e+00
     17.000     7.8405   3.352856    32.2701        605     0.4192 0.0000e+00
     18.000     7.8370   3.352579    32.2699        636     0.4406 0.0000e+00
     19.000     7.7891   3.348277    32.2678        661     0.4585 0.0000e+00
     20.000     7.7198   3.342660    32.2714        684     0.4744 0.0000e+00
     21.000     7.6691   3.338726    32.2758        707     0.4903 0.0000e+00
     22.000     7.6609   3.338094    32.2762        735     0.5099 0.0000e+00
     23.000     7.6477   3.337028    32.2765        767     0.5317 0.0000e+00
     24.000     7.6415   3.336566    32.2768        793     0.5503 0.0000e+00
     25.000     7.6269   3.335404    32.2774        819     0.5680 0.0000e+00
     26.000     7.6066   3.333898    32.2797        846     0.5871 0.0000e+00
     27.000     7.5723   3.331706    32.2875        875     0.6070 0.0000e+00
     28.000     7.5216   3.329462    32.3101        900     0.6242 0.0000e+00
     29.000     7.4869   3.328026    32.3265        923     0.6404 0.0000e+00
     30.000     7.4849   3.327972    32.3272        949     0.6581 0.0000e+00
     31.000     7.4840   3.328703    32.3354        977     0.6778 0.0000e+00
     32.000     7.5107   3.335576    32.3841       1005     0.6973 0.0000e+00
     33.000     7.4808   3.334894    32.4042       1034     0.7173 0.0000e+00
     34.000     7.4323   3.331863    32.4164       1062     0.7370 0.0000e+00
     35.000     7.4174   3.331163    32.4224       1087     0.7543 0.0000e+00
     36.000     7.4117   3.331438    32.4301       1112     0.7714 0.0000e+00
     37.000     7.4190   3.332451    32.4338       1137     0.7890 0.0000e+00
     38.000     7.3993   3.331539    32.4419       1164     0.8075 0.0000e+00
     39.000     7.3982   3.332003    32.4475       1193     0.8276 0.0000e+00
     40.000     7.3927   3.331788    32.4498       1222     0.8479 0.0000e+00
     41.000     7.3825   3.331485    32.4557       1249     0.8665 0.0000e+00
     42.000     7.3801   3.331403    32.4565       1274     0.8841 0.0000e+00
     43.000     7.3819   3.331844    32.4592       1302     0.9035 0.0000e+00
     44.000     7.3840   3.332238    32.4609       1327     0.9210 0.0000e+00
     45.000     7.3791   3.332272    32.4654       1352     0.9381 0.0000e+00
     46.000     7.3838   3.334165    32.4810       1379     0.9568 0.0000e+00
     47.000     7.3955   3.338141    32.5125       1410     0.9783 0.0000e+00
     48.000     7.3869   3.338321    32.5221       1441     1.0000 0.0000e+00
     49.000     7.4261   3.344800    32.5548       1467     1.0180 0.0000e+00
     50.000     7.4652   3.350148    32.5753       1489     1.0336 0.0000e+00
     51.000     7.5552   3.362546    32.6239       1512     1.0495 0.0000e+00
     52.000     7.5835   3.366372    32.6380       1541     1.0692 0.0000e+00
     53.000     7.6151   3.371109    32.6589       1577     1.0943 0.0000e+00
     54.000     7.6818   3.380222    32.6936       1607     1.1152 0.0000e+00
     55.000     7.7493   3.389704    32.7315       1630     1.1313 0.0000e+00
     56.000     7.7862   3.395085    32.7540       1651     1.1456 0.0000e+00
     57.000     7.8559   3.404865    32.7927       1673     1.1613 0.0000e+00
     58.000     7.9128   3.412752    32.8230       1703     1.1821 0.0000e+00
     59.000     7.9676   3.420557    32.8543       1738     1.2061 0.0000e+00
     60.000     8.0912   3.438514    32.9289       1767     1.2265 0.0000e+00
     61.000     8.5012   3.495018    33.1415       1794     1.2452 0.0000e+00
     62.000     8.5877   3.507555    33.1917       1818     1.2617 0.0000e+00
     63.000     8.6176   3.512788    33.2181       1842     1.2784 0.0000e+00
     64.000     8.6349   3.515657    33.2316       1867     1.2961 0.0000e+00
     65.000     8.6488   3.517692    33.2393       1896     1.3160 0.0000e+00
     66.000     8.6981   3.525073    33.2700       1927     1.3374 0.0000e+00
     67.000     8.8883   3.551895    33.3715       1955     1.3568 0.0000e+00
     68.000     8.9786   3.564059    33.4131       1979     1.3734 0.0000e+00
     69.000     8.9918   3.566051    33.4210       2003     1.3902 0.0000e+00
     70.000     8.9900   3.566082    33.4226       2031     1.4094 0.0000e+00
     71.000     8.9895   3.566157    33.4233       2060     1.4296 0.0000e+00
     72.000     8.9948   3.567175    33.4285       2090     1.4506 0.0000e+00
     73.000     9.1060   3.583424    33.4926       2120     1.4713 0.0000e+00
     74.000     9.1590   3.591510    33.5264       2142     1.4870 0.0000e+00
     75.000     9.3192   3.614688    33.6153       2164     1.5019 0.0000e+00
     76.000     9.4764   3.636228    33.6896       2191     1.5209 0.0000e+00
     77.000     9.6109   3.654206    33.7478       2224     1.5441 0.0000e+00
     78.000     9.7068   3.667714    33.7959       2253     1.5636 0.0000e+00
     79.000     9.7935   3.678797    33.8275       2277     1.5809 0.0000e+00
     80.000    10.1588   3.728875    33.9944       2299     1.5961 0.0000e+00
     81.000    10.4415   3.764063    34.0853       2323     1.6128 0.0000e+00
     82.000    10.5000   3.772380    34.1139       2353     1.6332 0.0000e+00
     83.000    10.6019   3.786176    34.1569       2389     1.6583 0.0000e+00
     84.000    10.6995   3.799157    34.1954       2418     1.6781 0.0000e+00
     85.000    10.8279   3.815852    34.2421       2439     1.6933 0.0000e+00
     86.000    10.8308   3.816825    34.2486       2462     1.7094 0.0000e+00
     87.000    10.7946   3.813433    34.2481       2492     1.7296 0.0000e+00
     88.000    10.7986   3.815000    34.2596       2524     1.7523 0.0000e+00
     89.000    10.8235   3.818109    34.2669       2549     1.7691 0.0000e+00
     90.000    10.8753   3.826056    34.2974       2569     1.7835 0.0000e+00
     91.000    11.0713   3.852692    34.3792       2593     1.8001 0.0000e+00
     92.000    11.1893   3.868461    34.4251       2624     1.8213 0.0000e+00
     93.000    11.2521   3.877234    34.4529       2654     1.8421 0.0000e+00
     94.000    11.2911   3.882438    34.4676       2684     1.8629 0.0000e+00
     95.000    11.3034   3.884280    34.4739       2715     1.8847 0.0000e+00
     96.000    11.3090   3.885157    34.4769       2741     1.9027 0.0000e+00
     97.000    11.3114   3.885651    34.4791       2763     1.9182 0.0000e+00
     98.000    11.3360   3.889865    34.4973       2788     1.9357 0.0000e+00
     99.000    11.3699   3.895615    34.5221       2817     1.9557 0.0000e+00
    100.000    11.4082   3.901539    34.5444       2844     1.9742 0.0000e+00
    101.000    11.4403   3.906128    34.5592       2867     1.9904 0.0000e+00
    102.000    11.4798   3.911706    34.5768       2893     2.0082 0.0000e+00
    103.000    11.4990   3.914479    34.5858       2924     2.0300 0.0000e+00
    104.000    11.5054   3.915523    34.5897       2956     2.0519 0.0000e+00
    105.000    11.5259   3.918610    34.6005       2982     2.0704 0.0000e+00
    106.000    11.5505   3.922133    34.6118       3006     2.0871 0.0000e+00
    107.000    11.5636   3.924015    34.6176       3034     2.1065 0.0000e+00
    108.000    11.5681   3.924771    34.6205       3061     2.1253 0.0000e+00
    109.000    11.5751   3.925909    34.6246       3085     2.1420 0.0000e+00
    110.000    11.5794   3.926617    34.6271       3110     2.1590 0.0000e+00
    111.000    11.5859   3.927541    34.6297       3137     2.1775 0.0000e+00
    112.000    11.5933   3.928906    34.6358       3368     2.3380 0.0000e+00
    111.000    11.5863   3.928151    34.6353       3646     2.5311 0.0000e+00
    110.000    11.5827   3.927537    34.6331       3637     2.5249 0.0000e+00
    109.000    11.5803   3.927120    34.6317       3661     2.5419 0.0000e+00
    108.000    11.5791   3.926972    34.6317       3690     2.5621 0.0000e+00
    107.000    11.5761   3.926461    34.6300       3721     2.5837 0.0000e+00
    106.000    11.5694   3.925456    34.6268       3750     2.6037 0.0000e+00
    105.000    11.5642   3.924555    34.6233       3776     2.6212 0.0000e+00
    104.000    11.5563   3.923434    34.6201       3797     2.6362 0.0000e+00
    103.000    11.5419   3.921258    34.6125       3819     2.6511 0.0000e+00
    102.000    11.5239   3.918620    34.6038       3845     2.6696 0.0000e+00
    101.000    11.5127   3.917185    34.6006       3879     2.6933 0.0000e+00
    100.000    11.4888   3.913719    34.5892       3907     2.7126 0.0000e+00
     99.000    11.4559   3.908931    34.5732       3929     2.7280 0.0000e+00
     98.000    11.4261   3.904755    34.5602       3951     2.7432 0.0000e+00
     97.000    11.4062   3.901392    34.5461       3977     2.7611 0.0000e+00
     96.000    11.3660   3.895075    34.5217       4009     2.7834 0.0000e+00
     95.000    11.3340   3.890143    34.5033       4039     2.8038 0.0000e+00
     94.000    11.3204   3.887866    34.4939       4063     2.8205 0.0000e+00
     93.000    11.3115   3.886593    34.4901       4086     2.8370 0.0000e+00
     92.000    11.2863   3.883099    34.4795       4111     2.8539 0.0000e+00
     91.000    11.1929   3.871079    34.4481       4135     2.8706 0.0000e+00
     90.000    11.1085   3.858776    34.4054       4161     2.8886 0.0000e+00
     89.000    11.0103   3.844801    34.3586       4192     2.9102 0.0000e+00
     88.000    10.9106   3.831376    34.3184       4221     2.9306 0.0000e+00
     87.000    10.8651   3.825013    34.2979       4244     2.9462 0.0000e+00
     86.000    10.8572   3.823402    34.2897       4266     2.9615 0.0000e+00
     85.000    10.8557   3.822782    34.2854       4290     2.9786 0.0000e+00
     84.000    10.8338   3.818533    34.2638       4317     2.9970 0.0000e+00
     83.000    10.7678   3.809370    34.2342       4344     3.0157 0.0000e+00
     82.000    10.7037   3.801105    34.2119       4374     3.0367 0.0000e+00
     81.000    10.5716   3.784349    34.1678       4402     3.0563 0.0000e+00
     80.000    10.5102   3.775839    34.1401       4424     3.0716 0.0000e+00
     79.000    10.4211   3.763863    34.1032       4444     3.0851 0.0000e+00
     78.000    10.3119   3.747500    34.0406       4466     3.1008 0.0000e+00
     77.000    10.0299   3.712757    33.9532       4497     3.1223 0.0000e+00
     76.000     9.9283   3.697545    33.8938       4527     3.1431 0.0000e+00
     75.000     9.6855   3.666178    33.8016       4551     3.1600 0.0000e+00
     74.000     9.5473   3.647824    33.7433       4576     3.1771 0.0000e+00
     73.000     9.4270   3.631148    33.6850       4604     3.1965 0.0000e+00
     72.000     9.2379   3.603797    33.5805       4630     3.2146 0.0000e+00
     71.000     9.1336   3.588245    33.5177       4656     3.2325 0.0000e+00
     70.000     9.0593   3.577374    33.4750       4685     3.2529 0.0000e+00
     69.000     9.0085   3.569433    33.4406       4712     3.2718 0.0000e+00
     68.000     8.9867   3.566953    33.4357       4734     3.2869 0.0000e+00
     67.000     8.9708   3.564612    33.4267       4754     3.3010 0.0000e+00
     66.000     8.9540   3.561923    33.4149       4778     3.3176 0.0000e+00
     65.000     8.8899   3.552600    33.3783       4808     3.3383 0.0000e+00
     64.000     8.7679   3.534701    33.3062       4840     3.3605 0.0000e+00
     63.000     8.6735   3.522141    33.2637       4869     3.3806 0.0000e+00
     62.000     8.6422   3.517389    33.2437       4895     3.3988 0.0000e+00
     61.000     8.6074   3.512598    33.2266       4920     3.4160 0.0000e+00
     60.000     8.5796   3.508585    33.2110       4944     3.4328 0.0000e+00
     59.000     8.5568   3.504776    33.1929       4967     3.4485 0.0000e+00
     58.000     8.4741   3.493071    33.1477       4991     3.4655 0.0000e+00
     57.000     8.2649   3.462919    33.0260       5021     3.4862 0.0000e+00
     56.000     8.1179   3.442976    32.9532       5054     3.5089 0.0000e+00
     55.000     7.9748   3.422706    32.8724       5080     3.5273 0.0000e+00
     54.000     7.9128   3.413802    32.8361       5102     3.5424 0.0000e+00
     53.000     7.8452   3.405178    32.8079       5125     3.5584 0.0000e+00
     52.000     7.7934   3.396689    32.7663       5152     3.5768 0.0000e+00
     51.000     7.7167   3.385488    32.7188       5179     3.5959 0.0000e+00
     50.000     7.6248   3.373149    32.6731       5205     3.6137 0.0000e+00
     49.000     7.5938   3.368426    32.6518       5231     3.6317 0.0000e+00
     48.000     7.5047   3.356088    32.6032       5258     3.6505 0.0000e+00
     47.000     7.4524   3.348585    32.5719       5285     3.6695 0.0000e+00
     46.000     7.4221   3.343554    32.5465       5314     3.6892 0.0000e+00
     45.000     7.4098   3.340142    32.5217       5342     3.7089 0.0000e+00
     44.000     7.4012   3.336721    32.4932       5367     3.7267 0.0000e+00
     43.000     7.3935   3.334776    32.4799       5391     3.7430 0.0000e+00
     42.000     7.3902   3.334009    32.4752       5414     3.7588 0.0000e+00
     41.000     7.3934   3.333741    32.4698       5438     3.7755 0.0000e+00
     40.000     7.3925   3.333169    32.4649       5462     3.7926 0.0000e+00
     39.000     7.3908   3.332544    32.4602       5489     3.8114 0.0000e+00
     38.000     7.3972   3.332550    32.4547       5522     3.8339 0.0000e+00
     37.000     7.4108   3.332829    32.4455       5553     3.8556 0.0000e+00
     36.000     7.4187   3.332500    32.4351       5576     3.8714 0.0000e+00
     35.000     7.4222   3.332071    32.4276       5596     3.8855 0.0000e+00
     34.000     7.4308   3.332005    32.4193       5623     3.9042 0.0000e+00
     33.000     7.4547   3.333124    32.4095       5653     3.9253 0.0000e+00
     32.000     7.4822   3.333560    32.3891       5678     3.9426 0.0000e+00
     31.000     7.4824   3.329854    32.3494       5702     3.9592 0.0000e+00
     30.000     7.4834   3.328680    32.3363       5730     3.9784 0.0000e+00
     29.000     7.5055   3.328903    32.3185       5756     3.9964 0.0000e+00
     28.000     7.5357   3.330116    32.3039       5779     4.0123 0.0000e+00
     27.000     7.5647   3.331472    32.2921       5806     4.0312 0.0000e+00
     26.000     7.5917   3.333116    32.2851       5838     4.0533 0.0000e+00
     25.000     7.6303   3.335656    32.2770       5864     4.0719 0.0000e+00
     24.000     7.6542   3.337336    32.2733       5888     4.0879 0.0000e+00
     23.000     7.6825   3.339400    32.2696       5912     4.1047 0.0000e+00
     22.000     7.7060   3.341318    32.2689       5937     4.1220 0.0000e+00
     21.000     7.7584   3.345503    32.2656       5962     4.1396 0.0000e+00
     20.000     7.8036   3.349407    32.2660       5990     4.1590 0.0000e+00
     19.000     7.8154   3.350422    32.2664       6021     4.1803 0.0000e+00
     18.000     7.8273   3.351425    32.2665       6049     4.1999 0.0000e+00
     17.000     7.8315   3.351793    32.2670       6073     4.2167 0.0000e+00
     16.000     7.8340   3.351993    32.2674       6097     4.2332 0.0000e+00
