HB2402/ctd084.cnv
* Sea-Bird SBE 9 Data File:
* FileName = C:\cruise\data\ctd084.hex
* Software Version Seasave V 7.26.7.121
* Temperature SN = 5253
* Conductivity SN = 4421
* Number of Bytes Per Scan = 37
* Number of Voltage Words = 4
* Number of Scans Averaged by the Deck Unit = 1
* NMEA Latitude = 40 16.51 N
* NMEA Longitude = 073 11.00 W
* NMEA UTC (Time) = Mar 22 2024 11:39:19
* NMEA baud rate = 4800
** Ship: Bigelow HB2304
** Program:  Fall Bottom Trawl Survey
** Chief Scientist: John Galbraith
# nquan = 7
# nvalues = 69                          
# units = specified
# name 0 = depSM: Depth [salt water, m]
# name 1 = t090C: Temperature [ITS-90, deg C]
# name 2 = c0S/m: Conductivity [S/m]
# name 3 = sal00: Salinity, Practical [PSU]
# name 4 = scan: Scan Count
# name 5 = timeM: Time, Elapsed [minutes]
# name 6 = flag: flag
# span 0 =      1.000,     37.000       
# span 1 =     6.6800,     6.9075       
# span 2 =   3.143645,   3.240657       
# span 3 =    31.0747,    31.9352       
# span 4 =        125,       2558       
# span 5 =     0.0862,     1.7759       
# span 6 = 0.0000e+00, 0.0000e+00       
# interval = meters: 1                  
# start_time = Mar 22 2024 11:39:19 [NMEA time, header]
# bad_flag = -9.990e-29
*END*
      5.000     6.6821   3.144246    31.0830        125     0.0862 0.0000e+00
      6.000     6.6820   3.144301    31.0833        223     0.1540 0.0000e+00
      7.000     6.6806   3.144314    31.0842        253     0.1752 0.0000e+00
      8.000     6.6827   3.144245    31.0811        279     0.1927 0.0000e+00
      9.000     6.6874   3.144606    31.0803        304     0.2105 0.0000e+00
     10.000     6.6816   3.144120    31.0798        331     0.2291 0.0000e+00
     11.000     6.6819   3.144250    31.0805        357     0.2475 0.0000e+00
     12.000     6.6812   3.144208    31.0802        384     0.2662 0.0000e+00
     13.000     6.6911   3.145191    31.0815        412     0.2855 0.0000e+00
     14.000     6.7000   3.146346    31.0856        439     0.3044 0.0000e+00
     15.000     6.7006   3.146534    31.0866        468     0.3243 0.0000e+00
     16.000     6.7025   3.146995    31.0895        497     0.3442 0.0000e+00
     17.000     6.7020   3.146970    31.0891        525     0.3639 0.0000e+00
     18.000     6.7058   3.147657    31.0928        553     0.3832 0.0000e+00
     19.000     6.7199   3.149895    31.1040        579     0.4015 0.0000e+00
     20.000     6.7295   3.151504    31.1124        605     0.4194 0.0000e+00
     21.000     6.7800   3.161215    31.1721        632     0.4382 0.0000e+00
     22.000     6.8816   3.195337    31.4510        660     0.4578 0.0000e+00
     23.000     6.9075   3.235900    31.8691        689     0.4778 0.0000e+00
     24.000     6.8861   3.239934    31.9324        718     0.4976 0.0000e+00
     25.000     6.8854   3.239958    31.9329        744     0.5163 0.0000e+00
     26.000     6.8845   3.239971    31.9334        771     0.5348 0.0000e+00
     27.000     6.8847   3.240054    31.9337        800     0.5549 0.0000e+00
     28.000     6.8848   3.240140    31.9341        830     0.5755 0.0000e+00
     29.000     6.8849   3.240183    31.9340        858     0.5953 0.0000e+00
     30.000     6.8850   3.240243    31.9341        886     0.6143 0.0000e+00
     31.000     6.8851   3.240311    31.9342        912     0.6327 0.0000e+00
     32.000     6.8852   3.240366    31.9343        938     0.6504 0.0000e+00
     33.000     6.8853   3.240421    31.9343        964     0.6690 0.0000e+00
     34.000     6.8855   3.240486    31.9343        993     0.6889 0.0000e+00
     35.000     6.8855   3.240543    31.9344       1023     0.7094 0.0000e+00
     36.000     6.8856   3.240600    31.9345       1051     0.7292 0.0000e+00
     37.000     6.8856   3.240657    31.9347       1339     0.9294 0.0000e+00
     36.000     6.8843   3.240539    31.9351       1589     1.1030 0.0000e+00
     35.000     6.8847   3.240526    31.9351       1501     1.0415 0.0000e+00
     34.000     6.8848   3.240467    31.9348       1527     1.0598 0.0000e+00
     33.000     6.8845   3.240413    31.9350       1553     1.0778 0.0000e+00
     32.000     6.8844   3.240364    31.9350       1580     1.0963 0.0000e+00
     31.000     6.8842   3.240314    31.9350       1605     1.1138 0.0000e+00
     30.000     6.8843   3.240282    31.9351       1629     1.1309 0.0000e+00
     29.000     6.8840   3.240224    31.9352       1656     1.1493 0.0000e+00
     28.000     6.8842   3.240194    31.9352       1684     1.1687 0.0000e+00
     27.000     6.8840   3.240139    31.9352       1710     1.1870 0.0000e+00
     26.000     6.8843   3.240100    31.9351       1735     1.2042 0.0000e+00
     25.000     6.8842   3.240061    31.9352       1760     1.2215 0.0000e+00
     24.000     6.8844   3.240030    31.9352       1786     1.2398 0.0000e+00
     23.000     6.8861   3.240045    31.9342       1812     1.2576 0.0000e+00
     22.000     6.8910   3.239968    31.9293       1837     1.2751 0.0000e+00
     21.000     6.8970   3.232891    31.8469       1863     1.2933 0.0000e+00
     20.000     6.8745   3.207691    31.5932       1890     1.3118 0.0000e+00
     19.000     6.7979   3.175558    31.3132       1917     1.3304 0.0000e+00
     18.000     6.7645   3.163799    31.2158       1944     1.3491 0.0000e+00
     17.000     6.7547   3.161713    31.2024       1970     1.3670 0.0000e+00
     16.000     6.7379   3.155889    31.1545       1994     1.3841 0.0000e+00
     15.000     6.7304   3.153729    31.1382       2019     1.4011 0.0000e+00
     14.000     6.7214   3.151212    31.1193       2044     1.4187 0.0000e+00
     13.000     6.7156   3.149319    31.1044       2071     1.4373 0.0000e+00
     12.000     6.7124   3.148541    31.0992       2098     1.4560 0.0000e+00
     11.000     6.7081   3.147681    31.0942       2123     1.4735 0.0000e+00
     10.000     6.7065   3.147401    31.0930       2148     1.4907 0.0000e+00
      9.000     6.7032   3.146863    31.0907       2173     1.5082 0.0000e+00
      8.000     6.6975   3.145980    31.0866       2197     1.5253 0.0000e+00
      7.000     6.6907   3.145045    31.0830       2223     1.5430 0.0000e+00
      6.000     6.6855   3.144522    31.0824       2249     1.5613 0.0000e+00
      5.000     6.6831   3.144009    31.0795       2277     1.5806 0.0000e+00
      4.000     6.6800   3.143729    31.0797       2302     1.5982 0.0000e+00
      3.000     6.6802   3.143768    31.0804       2476     1.7185 0.0000e+00
      2.000     6.6810   3.143645    31.0789       2511     1.7434 0.0000e+00
      1.000     6.6883   3.143822    31.0747       2558     1.7759 0.0000e+00
