HB2402/ctd082.cnv
* Sea-Bird SBE 9 Data File:
* FileName = C:\cruise\data\ctd082.hex
* Software Version Seasave V 7.26.7.121
* Temperature SN = 5253
* Conductivity SN = 4421
* Number of Bytes Per Scan = 37
* Number of Voltage Words = 4
* Number of Scans Averaged by the Deck Unit = 1
* NMEA Latitude = 40 17.20 N
* NMEA Longitude = 073 37.19 W
* NMEA UTC (Time) = Mar 21 2024 21:40:44
* NMEA baud rate = 4800
** Ship: Bigelow HB2304
** Program:  Fall Bottom Trawl Survey
** Chief Scientist: John Galbraith
# nquan = 7
# nvalues = 44                          
# units = specified
# name 0 = depSM: Depth [salt water, m]
# name 1 = t090C: Temperature [ITS-90, deg C]
# name 2 = c0S/m: Conductivity [S/m]
# name 3 = sal00: Salinity, Practical [PSU]
# name 4 = scan: Scan Count
# name 5 = timeM: Time, Elapsed [minutes]
# name 6 = flag: flag
# span 0 =      3.000,     25.000       
# span 1 =     6.7782,     7.3974       
# span 2 =   3.019531,   3.257257       
# span 3 =    29.6380,    31.9532       
# span 4 =        142,       2325       
# span 5 =     0.0979,     1.6137       
# span 6 = 0.0000e+00, 0.0000e+00       
# interval = meters: 1                  
# start_time = Mar 21 2024 21:40:44 [NMEA time, header]
# bad_flag = -9.990e-29
*END*
      4.000     6.7785   3.020873    29.6545        142     0.0979 0.0000e+00
      5.000     6.7789   3.019887    29.6430        261     0.1808 0.0000e+00
      6.000     6.7782   3.019630    29.6404        290     0.2006 0.0000e+00
      7.000     6.7792   3.019531    29.6380        319     0.2206 0.0000e+00
      8.000     6.7819   3.019826    29.6384        343     0.2376 0.0000e+00
      9.000     6.7827   3.020024    29.6394        369     0.2558 0.0000e+00
     10.000     6.7844   3.020476    29.6424        398     0.2756 0.0000e+00
     11.000     6.7960   3.023941    29.6694        427     0.2956 0.0000e+00
     12.000     6.8036   3.026459    29.6897        456     0.3157 0.0000e+00
     13.000     6.8233   3.032284    29.7354        482     0.3341 0.0000e+00
     14.000     6.8809   3.049195    29.8681        507     0.3512 0.0000e+00
     15.000     6.9734   3.076679    30.0843        532     0.3688 0.0000e+00
     16.000     7.1204   3.116638    30.3862        560     0.3885 0.0000e+00
     17.000     7.3192   3.177121    30.8609        588     0.4079 0.0000e+00
     18.000     7.3031   3.212052    31.2509        614     0.4260 0.0000e+00
     19.000     7.3246   3.223941    31.3590        641     0.4442 0.0000e+00
     20.000     7.3974   3.238565    31.4500        667     0.4623 0.0000e+00
     21.000     7.3885   3.242753    31.5026        693     0.4809 0.0000e+00
     22.000     7.2385   3.250523    31.7232        722     0.5010 0.0000e+00
     23.000     7.0747   3.257257    31.9466        754     0.5230 0.0000e+00
     24.000     7.0638   3.256895    31.9523        803     0.5570 0.0000e+00
     25.000     7.0657   3.256498    31.9458       1005     0.6974 0.0000e+00
     24.000     7.0631   3.256917    31.9532       1828     1.2687 0.0000e+00
     23.000     7.0676   3.256866    31.9490       1699     1.1795 0.0000e+00
     22.000     7.1001   3.256353    31.9138       1701     1.1802 0.0000e+00
     21.000     7.2317   3.250001    31.7241       1727     1.1987 0.0000e+00
     20.000     7.3555   3.242989    31.5357       1752     1.2159 0.0000e+00
     19.000     7.3722   3.236705    31.4532       1777     1.2335 0.0000e+00
     18.000     7.3322   3.226582    31.3810       1803     1.2514 0.0000e+00
     17.000     7.3330   3.206609    31.1658       1829     1.2697 0.0000e+00
     16.000     7.2884   3.175596    30.8724       1855     1.2875 0.0000e+00
     15.000     7.1522   3.127948    30.4806       1881     1.3052 0.0000e+00
     14.000     7.0435   3.097168    30.2447       1906     1.3232 0.0000e+00
     13.000     6.9286   3.063007    29.9764       1933     1.3415 0.0000e+00
     12.000     6.8510   3.039486    29.7899       1959     1.3594 0.0000e+00
     11.000     6.8184   3.029263    29.7078       1983     1.3761 0.0000e+00
     10.000     6.8030   3.024767    29.6728       2007     1.3929 0.0000e+00
      9.000     6.7980   3.023385    29.6626       2033     1.4111 0.0000e+00
      8.000     6.7912   3.021554    29.6491       2062     1.4314 0.0000e+00
      7.000     6.7864   3.020330    29.6404       2090     1.4508 0.0000e+00
      6.000     6.7849   3.020213    29.6409       2115     1.4679 0.0000e+00
      5.000     6.7838   3.020037    29.6403       2138     1.4838 0.0000e+00
      4.000     6.7841   3.020074    29.6410       2180     1.5130 0.0000e+00
      3.000     6.7839   3.020030    29.6411       2325     1.6137 0.0000e+00
