HB2402/ctd031.cnv
* Sea-Bird SBE 9 Data File:
* FileName = C:\cruise\data\ctd031.hex
* Software Version Seasave V 7.26.7.121
* Temperature SN = 5253
* Conductivity SN = 4421
* Number of Bytes Per Scan = 37
* Number of Voltage Words = 4
* Number of Scans Averaged by the Deck Unit = 1
* NMEA Latitude = 34 54.48 N
* NMEA Longitude = 075 26.20 W
* NMEA UTC (Time) = Mar 13 2024 07:36:30
* NMEA baud rate = 4800
** Ship: Bigelow HB2304
** Program:  Fall Bottom Trawl Survey
** Chief Scientist: John Galbraith
# nquan = 7
# nvalues = 184                         
# units = specified
# name 0 = depSM: Depth [salt water, m]
# name 1 = t090C: Temperature [ITS-90, deg C]
# name 2 = c0S/m: Conductivity [S/m]
# name 3 = sal00: Salinity, Practical [PSU]
# name 4 = scan: Scan Count
# name 5 = timeM: Time, Elapsed [minutes]
# name 6 = flag: flag
# span 0 =      2.000,     95.000       
# span 1 =    12.8557,    20.7456       
# span 2 =   3.622295,   5.039147       
# span 3 =    30.6339,    36.3915       
# span 4 =        207,       8080       
# span 5 =     0.1432,     5.6102       
# span 6 = 0.0000e+00, 0.0000e+00       
# interval = meters: 1                  
# start_time = Mar 13 2024 07:36:30 [NMEA time, header]
# bad_flag = -9.990e-29
*END*
      4.000    13.4465   3.730254    31.1479        207     0.1432 0.0000e+00
      5.000    15.1685   4.028834    32.4626        350     0.2425 0.0000e+00
      6.000    16.2760   4.207411    33.1386        397     0.2749 0.0000e+00
      7.000    16.8199   4.304521    33.5343        436     0.3022 0.0000e+00
      8.000    17.6863   4.463890    34.1828        469     0.3250 0.0000e+00
      9.000    18.5389   4.619559    34.7896        503     0.3484 0.0000e+00
     10.000    18.6663   4.642723    34.8772        540     0.3744 0.0000e+00
     11.000    18.6872   4.647936    34.9031        574     0.3979 0.0000e+00
     12.000    18.7567   4.662265    34.9645        606     0.4200 0.0000e+00
     13.000    18.9142   4.695503    35.1096        645     0.4473 0.0000e+00
     14.000    19.1076   4.734556    35.2720        685     0.4748 0.0000e+00
     15.000    19.2913   4.774068    35.4449        714     0.4952 0.0000e+00
     16.000    19.5447   4.825092    35.6527        745     0.5164 0.0000e+00
     17.000    19.6694   4.849641    35.7493        786     0.5452 0.0000e+00
     18.000    19.7233   4.861044    35.7972        823     0.5710 0.0000e+00
     19.000    19.7435   4.866053    35.8209        852     0.5908 0.0000e+00
     20.000    19.7643   4.870076    35.8360        883     0.6127 0.0000e+00
     21.000    19.7793   4.873011    35.8470        926     0.6422 0.0000e+00
     22.000    19.8156   4.879665    35.8706        963     0.6679 0.0000e+00
     23.000    19.8992   4.893013    35.9088        995     0.6904 0.0000e+00
     24.000    19.9412   4.899540    35.9263       1031     0.7151 0.0000e+00
     25.000    19.9874   4.907936    35.9555       1064     0.7385 0.0000e+00
     26.000    20.0395   4.916077    35.9775       1098     0.7621 0.0000e+00
     27.000    20.0717   4.921104    35.9909       1132     0.7855 0.0000e+00
     28.000    20.0786   4.922421    35.9954       1167     0.8096 0.0000e+00
     29.000    20.1220   4.928981    36.0118       1207     0.8377 0.0000e+00
     30.000    20.1849   4.939432    36.0434       1246     0.8644 0.0000e+00
     31.000    20.2579   4.950917    36.0747       1275     0.8850 0.0000e+00
     32.000    20.3242   4.961479    36.1041       1312     0.9103 0.0000e+00
     33.000    20.3813   4.970635    36.1297       1356     0.9413 0.0000e+00
     34.000    20.4566   4.982552    36.1623       1393     0.9669 0.0000e+00
     35.000    20.4690   4.984697    36.1688       1429     0.9919 0.0000e+00
     36.000    20.4602   4.983607    36.1671       1472     1.0215 0.0000e+00
     37.000    20.4182   4.976910    36.1479       1511     1.0487 0.0000e+00
     38.000    20.1187   4.935738    36.0668       1544     1.0712 0.0000e+00
     39.000    20.1445   4.941845    36.0945       1581     1.0974 0.0000e+00
     40.000    20.1809   4.947422    36.1087       1625     1.1281 0.0000e+00
     41.000    20.1986   4.950066    36.1148       1658     1.1504 0.0000e+00
     42.000    20.2088   4.951747    36.1195       1691     1.1735 0.0000e+00
     43.000    20.2398   4.956835    36.1343       1730     1.2004 0.0000e+00
     44.000    20.2718   4.961800    36.1472       1769     1.2274 0.0000e+00
     45.000    20.3324   4.971658    36.1756       1804     1.2522 0.0000e+00
     46.000    20.4217   4.985802    36.2143       1839     1.2766 0.0000e+00
     47.000    20.5836   5.012461    36.2926       1876     1.3023 0.0000e+00
     48.000    20.6734   5.025572    36.3221       1910     1.3256 0.0000e+00
     49.000    20.6579   5.023565    36.3186       1954     1.3564 0.0000e+00
     50.000    20.6684   5.025440    36.3245       1990     1.3811 0.0000e+00
     51.000    20.6795   5.027366    36.3303       2021     1.4029 0.0000e+00
     52.000    20.7100   5.032404    36.3448       2057     1.4275 0.0000e+00
     53.000    20.7135   5.033087    36.3469       2096     1.4547 0.0000e+00
     54.000    20.7199   5.034275    36.3507       2133     1.4805 0.0000e+00
     55.000    20.7294   5.035931    36.3557       2172     1.5078 0.0000e+00
     56.000    20.7331   5.036660    36.3581       2206     1.5312 0.0000e+00
     57.000    20.7410   5.038016    36.3619       2239     1.5544 0.0000e+00
     58.000    20.7440   5.038623    36.3640       2279     1.5817 0.0000e+00
     59.000    20.7456   5.039048    36.3656       2319     1.6098 0.0000e+00
     60.000    20.7445   5.039147    36.3670       2355     1.6350 0.0000e+00
     61.000    20.7420   5.038973    36.3673       2391     1.6597 0.0000e+00
     62.000    20.7325   5.037881    36.3663       2427     1.6845 0.0000e+00
     63.000    20.7251   5.036997    36.3651       2465     1.7108 0.0000e+00
     64.000    20.7264   5.037230    36.3655       2502     1.7371 0.0000e+00
     65.000    20.7280   5.037516    36.3661       2539     1.7625 0.0000e+00
     66.000    20.7279   5.037528    36.3659       2577     1.7889 0.0000e+00
     67.000    20.7268   5.037487    36.3661       2615     1.8151 0.0000e+00
     68.000    20.7264   5.037524    36.3664       2654     1.8424 0.0000e+00
     69.000    20.7105   5.035486    36.3631       2687     1.8652 0.0000e+00
     70.000    20.7020   5.034551    36.3624       2721     1.8888 0.0000e+00
     71.000    20.6961   5.033916    36.3620       2761     1.9168 0.0000e+00
     72.000    20.6859   5.032747    36.3608       2800     1.9436 0.0000e+00
     73.000    20.6789   5.031920    36.3597       2837     1.9691 0.0000e+00
     74.000    20.6707   5.030910    36.3582       2882     2.0005 0.0000e+00
     75.000    20.6522   5.028682    36.3556       2920     2.0271 0.0000e+00
     76.000    20.6482   5.028269    36.3553       2952     2.0492 0.0000e+00
     77.000    20.6420   5.027990    36.3580       2983     2.0710 0.0000e+00
     78.000    20.6309   5.027077    36.3597       3025     2.1002 0.0000e+00
     79.000    20.6215   5.026477    36.3625       3066     2.1283 0.0000e+00
     80.000    20.6126   5.025924    36.3653       3098     2.1506 0.0000e+00
     81.000    20.6170   5.026786    36.3682       3134     2.1759 0.0000e+00
     82.000    20.3857   5.002227    36.3662       3188     2.2133 0.0000e+00
     83.000    19.8761   4.949167    36.3699       3224     2.2380 0.0000e+00
     84.000    19.7566   4.937412    36.3760       3294     2.2868 0.0000e+00
     85.000    19.7854   4.939923    36.3714       3478     2.4145 0.0000e+00
     86.000    20.0079   4.962822    36.3673       3652     2.5357 0.0000e+00
     87.000    19.8365   4.945158    36.3696       3791     2.6318 0.0000e+00
     88.000    19.6876   4.929473    36.3687       3918     2.7200 0.0000e+00
     89.000    19.6832   4.929062    36.3687       4042     2.8060 0.0000e+00
     90.000    19.6159   4.921935    36.3677       4163     2.8902 0.0000e+00
     91.000    19.4670   4.906177    36.3660       4260     2.9575 0.0000e+00
     92.000    19.3397   4.892671    36.3641       4403     3.0567 0.0000e+00
     93.000    19.3616   4.894915    36.3633       4512     3.1324 0.0000e+00
     94.000    19.3879   4.897659    36.3629       4611     3.2014 0.0000e+00
     95.000    19.3802   4.896881    36.3627       4623     3.2094 0.0000e+00
     93.000    19.3975   4.900901    36.3915       4622     3.2089 0.0000e+00
     92.000    19.3696   4.895599    36.3624       5066     3.5172 0.0000e+00
     91.000    19.3816   4.896794    36.3622       5130     3.5617 0.0000e+00
     90.000    19.3941   4.898206    36.3635       5147     3.5737 0.0000e+00
     89.000    19.4189   4.900679    36.3629       5170     3.5896 0.0000e+00
     88.000    19.4245   4.901256    36.3632       5194     3.6062 0.0000e+00
     87.000    19.4396   4.902936    36.3643       5225     3.6280 0.0000e+00
     86.000    19.5067   4.909716    36.3627       5257     3.6499 0.0000e+00
     85.000    19.6022   4.921277    36.3761       5279     3.6656 0.0000e+00
     84.000    19.7483   4.934308    36.3575       5301     3.6806 0.0000e+00
     83.000    19.7817   4.938590    36.3643       5327     3.6985 0.0000e+00
     82.000    19.9482   4.955204    36.3577       5354     3.7172 0.0000e+00
     81.000    20.2699   4.991591    36.3792       5381     3.7364 0.0000e+00
     80.000    20.5690   5.018480    36.3421       5406     3.7534 0.0000e+00
     79.000    20.5974   5.021685    36.3442       5432     3.7714 0.0000e+00
     78.000    20.6157   5.023677    36.3450       5458     3.7893 0.0000e+00
     77.000    20.6215   5.024444    36.3467       5486     3.8087 0.0000e+00
     76.000    20.6342   5.025775    36.3470       5512     3.8272 0.0000e+00
     75.000    20.6393   5.026528    36.3491       5536     3.8438 0.0000e+00
     74.000    20.6524   5.028117    36.3512       5565     3.8640 0.0000e+00
     73.000    20.6636   5.029375    36.3522       5593     3.8836 0.0000e+00
     72.000    20.6740   5.030648    36.3540       5619     3.9012 0.0000e+00
     71.000    20.6794   5.031334    36.3553       5645     3.9198 0.0000e+00
     70.000    20.6840   5.031885    36.3562       5674     3.9397 0.0000e+00
     69.000    20.6947   5.033185    36.3579       5704     3.9604 0.0000e+00
     68.000    20.7047   5.034331    36.3590       5731     3.9792 0.0000e+00
     67.000    20.7077   5.034675    36.3596       5755     3.9959 0.0000e+00
     66.000    20.7113   5.035056    36.3600       5781     4.0136 0.0000e+00
     65.000    20.7182   5.035836    36.3609       5808     4.0327 0.0000e+00
     64.000    20.7269   5.036887    36.3623       5836     4.0522 0.0000e+00
     63.000    20.7321   5.037524    36.3634       5864     4.0716 0.0000e+00
     62.000    20.7342   5.037769    36.3639       5891     4.0905 0.0000e+00
     61.000    20.7351   5.037807    36.3638       5919     4.1095 0.0000e+00
     60.000    20.7343   5.037562    36.3629       5950     4.1315 0.0000e+00
     59.000    20.7337   5.037355    36.3621       5981     4.1527 0.0000e+00
     58.000    20.7315   5.036922    36.3608       6007     4.1707 0.0000e+00
     57.000    20.7292   5.036409    36.3590       6031     4.1876 0.0000e+00
     56.000    20.7252   5.035637    36.3565       6057     4.2055 0.0000e+00
     55.000    20.7162   5.034015    36.3515       6084     4.2243 0.0000e+00
     54.000    20.7079   5.032545    36.3469       6112     4.2438 0.0000e+00
     53.000    20.6962   5.030599    36.3415       6137     4.2610 0.0000e+00
     52.000    20.6808   5.027922    36.3334       6163     4.2794 0.0000e+00
     51.000    20.6464   5.022347    36.3178       6195     4.3013 0.0000e+00
     50.000    20.5865   5.012706    36.2910       6223     4.3210 0.0000e+00
     49.000    20.5105   5.000279    36.2552       6249     4.3388 0.0000e+00
     48.000    20.4298   4.987226    36.2183       6278     4.3589 0.0000e+00
     47.000    20.3622   4.976401    36.1880       6307     4.3790 0.0000e+00
     46.000    20.3092   4.967867    36.1641       6331     4.3960 0.0000e+00
     45.000    20.2267   4.955234    36.1317       6359     4.4152 0.0000e+00
     44.000    20.1965   4.950299    36.1175       6386     4.4339 0.0000e+00
     43.000    20.1814   4.947956    36.1115       6412     4.4521 0.0000e+00
     42.000    20.1704   4.946203    36.1070       6436     4.4689 0.0000e+00
     41.000    20.1627   4.944909    36.1033       6466     4.4894 0.0000e+00
     40.000    20.1378   4.940769    36.0910       6496     4.5106 0.0000e+00
     39.000    20.2325   4.953607    36.1155       6528     4.5325 0.0000e+00
     38.000    20.3811   4.973938    36.1551       6556     4.5523 0.0000e+00
     37.000    20.4118   4.977293    36.1566       6584     4.5716 0.0000e+00
     36.000    20.4062   4.976108    36.1520       6617     4.5942 0.0000e+00
     35.000    20.3760   4.970871    36.1355       6647     4.6155 0.0000e+00
     34.000    20.3302   4.963557    36.1152       6673     4.6336 0.0000e+00
     33.000    20.2371   4.948466    36.0717       6697     4.6502 0.0000e+00
     32.000    20.1754   4.938617    36.0442       6722     4.6677 0.0000e+00
     31.000    20.1158   4.929056    36.0170       6752     4.6885 0.0000e+00
     30.000    20.0422   4.917678    35.9869       6784     4.7101 0.0000e+00
     29.000    19.9827   4.908183    35.9601       6812     4.7299 0.0000e+00
     28.000    19.9686   4.905704    35.9521       6838     4.7482 0.0000e+00
     27.000    19.9440   4.901532    35.9392       6875     4.7733 0.0000e+00
     26.000    19.9184   4.897316    35.9267       6907     4.7955 0.0000e+00
     25.000    19.8894   4.892643    35.9133       6934     4.8142 0.0000e+00
     24.000    19.8630   4.888371    35.9011       6959     4.8318 0.0000e+00
     23.000    19.8264   4.882679    35.8859       6988     4.8522 0.0000e+00
     22.000    19.7812   4.875303    35.8640       7019     4.8738 0.0000e+00
     21.000    19.7489   4.869744    35.8461       7050     4.8949 0.0000e+00
     20.000    19.7016   4.861435    35.8182       7078     4.9146 0.0000e+00
     19.000    19.6887   4.858446    35.8049       7104     4.9330 0.0000e+00
     18.000    19.6767   4.854661    35.7842       7134     4.9533 0.0000e+00
     17.000    19.6480   4.848202    35.7557       7167     4.9763 0.0000e+00
     16.000    19.5867   4.835592    35.7039       7199     4.9988 0.0000e+00
     15.000    19.4720   4.809841    35.5885       7229     5.0193 0.0000e+00
     14.000    19.2460   4.764077    35.4007       7266     5.0454 0.0000e+00
     13.000    18.9839   4.711210    35.1820       7306     5.0731 0.0000e+00
     12.000    18.7944   4.672035    35.0146       7337     5.0946 0.0000e+00
     11.000    18.6504   4.644543    34.9056       7373     5.1193 0.0000e+00
     10.000    18.5395   4.623065    34.8188       7415     5.1483 0.0000e+00
      9.000    18.4384   4.602507    34.7309       7447     5.1709 0.0000e+00
      8.000    18.2397   4.560873    34.5462       7479     5.1927 0.0000e+00
      7.000    17.6128   4.435303    34.0004       7519     5.2209 0.0000e+00
      6.000    16.4580   4.231782    33.2028       7557     5.2469 0.0000e+00
      5.000    15.4454   4.054077    32.4653       7586     5.2675 0.0000e+00
      4.000    13.9541   3.800098    31.3879       7621     5.2920 0.0000e+00
      3.000    12.8630   3.632732    30.7249       7801     5.4166 0.0000e+00
      2.000    12.8557   3.622295    30.6339       8080     5.6102 0.0000e+00
