HB2402/ctd087.cnv
* Sea-Bird SBE 9 Data File:
* FileName = C:\cruise\data\ctd087.hex
* Software Version Seasave V 7.26.7.121
* Temperature SN = 5253
* Conductivity SN = 4421
* Number of Bytes Per Scan = 37
* Number of Voltage Words = 4
* Number of Scans Averaged by the Deck Unit = 1
* NMEA Latitude = 40 21.41 N
* NMEA Longitude = 072 56.78 W
* NMEA UTC (Time) = Mar 22 2024 21:35:18
* NMEA baud rate = 4800
** Ship: Bigelow HB2304
** Program:  Fall Bottom Trawl Survey
** Chief Scientist: John Galbraith
# nquan = 7
# nvalues = 74                          
# units = specified
# name 0 = depSM: Depth [salt water, m]
# name 1 = t090C: Temperature [ITS-90, deg C]
# name 2 = c0S/m: Conductivity [S/m]
# name 3 = sal00: Salinity, Practical [PSU]
# name 4 = scan: Scan Count
# name 5 = timeM: Time, Elapsed [minutes]
# name 6 = flag: flag
# span 0 =      2.000,     39.000       
# span 1 =     6.8064,     7.1228       
# span 2 =   3.108671,   3.224855       
# span 3 =    30.3247,    31.8124       
# span 4 =       -199,       3254       
# span 5 =    -0.1387,     2.2588       
# span 6 = 0.0000e+00, 0.0000e+00       
# interval = meters: 1                  
# start_time = Mar 22 2024 21:35:18 [NMEA time, header]
# bad_flag = -9.990e-29
*END*
      3.000     7.0986   3.108671    30.3247       -199    -0.1387 0.0000e+00
      4.000     7.0489   3.166316    30.9922        268     0.1851 0.0000e+00
      5.000     7.0774   3.165887    30.9616        258     0.1785 0.0000e+00
      6.000     7.0927   3.168549    30.9762        285     0.1973 0.0000e+00
      7.000     7.1022   3.169619    30.9788        312     0.2157 0.0000e+00
      8.000     7.1228   3.171426    30.9794        338     0.2338 0.0000e+00
      9.000     6.9617   3.170741    31.1167        364     0.2520 0.0000e+00
     10.000     6.8471   3.159068    31.0929        390     0.2705 0.0000e+00
     11.000     6.8336   3.158037    31.0934        417     0.2889 0.0000e+00
     12.000     6.8109   3.156269    31.0943        445     0.3083 0.0000e+00
     13.000     6.8096   3.156178    31.0940        472     0.3272 0.0000e+00
     14.000     6.8078   3.156121    31.0945        499     0.3456 0.0000e+00
     15.000     6.8085   3.156337    31.0958        525     0.3637 0.0000e+00
     16.000     6.8074   3.156414    31.0972        551     0.3816 0.0000e+00
     17.000     6.8113   3.157165    31.1013        577     0.3999 0.0000e+00
     18.000     6.8098   3.157413    31.1050        604     0.4188 0.0000e+00
     19.000     6.8064   3.157680    31.1105        631     0.4378 0.0000e+00
     20.000     6.8167   3.159067    31.1158        659     0.4570 0.0000e+00
     21.000     6.8200   3.160038    31.1229        687     0.4761 0.0000e+00
     22.000     6.8261   3.161363    31.1314        714     0.4951 0.0000e+00
     23.000     6.8645   3.166912    31.1566        741     0.5142 0.0000e+00
     24.000     6.9183   3.177339    31.2208        769     0.5331 0.0000e+00
     25.000     6.9136   3.184450    31.3019        796     0.5521 0.0000e+00
     26.000     6.8907   3.192835    31.4137        823     0.5712 0.0000e+00
     27.000     6.8809   3.195180    31.4477        851     0.5902 0.0000e+00
     28.000     6.8715   3.197226    31.4781        878     0.6091 0.0000e+00
     29.000     6.8537   3.199173    31.5152        905     0.6278 0.0000e+00
     30.000     6.8363   3.202020    31.5618        932     0.6463 0.0000e+00
     31.000     6.8260   3.216116    31.7248        958     0.6643 0.0000e+00
     32.000     6.8291   3.224010    31.8077        984     0.6829 0.0000e+00
     33.000     6.8302   3.224287    31.8092       1013     0.7026 0.0000e+00
     34.000     6.8305   3.224570    31.8116       1044     0.7241 0.0000e+00
     35.000     6.8305   3.224593    31.8113       1072     0.7439 0.0000e+00
     36.000     6.8306   3.224640    31.8113       1099     0.7622 0.0000e+00
     37.000     6.8308   3.224727    31.8116       1123     0.7794 0.0000e+00
     38.000     6.8308   3.224758    31.8114       1160     0.8046 0.0000e+00
     39.000     6.8304   3.224755    31.8113       1948     1.3517 0.0000e+00
     38.000     6.8309   3.224855    31.8124       2997     2.0804 0.0000e+00
     37.000     6.8306   3.224754    31.8120       2273     1.5780 0.0000e+00
     36.000     6.8305   3.224696    31.8119       2299     1.5962 0.0000e+00
     35.000     6.8304   3.224643    31.8119       2326     1.6143 0.0000e+00
     34.000     6.8304   3.224565    31.8116       2352     1.6325 0.0000e+00
     33.000     6.8301   3.224407    31.8106       2378     1.6507 0.0000e+00
     32.000     6.8299   3.224240    31.8094       2404     1.6687 0.0000e+00
     31.000     6.8292   3.223403    31.8014       2429     1.6860 0.0000e+00
     30.000     6.8287   3.217054    31.7330       2453     1.7030 0.0000e+00
     29.000     6.8312   3.210429    31.6588       2479     1.7207 0.0000e+00
     28.000     6.8432   3.202947    31.5666       2505     1.7391 0.0000e+00
     27.000     6.8567   3.199918    31.5215       2532     1.7575 0.0000e+00
     26.000     6.8692   3.197758    31.4870       2558     1.7756 0.0000e+00
     25.000     6.8754   3.196513    31.4682       2584     1.7935 0.0000e+00
     24.000     6.8899   3.192207    31.4085       2610     1.8116 0.0000e+00
     23.000     6.9021   3.186733    31.3382       2636     1.8301 0.0000e+00
     22.000     6.8977   3.179010    31.2586       2662     1.8480 0.0000e+00
     21.000     6.8680   3.171945    31.2091       2688     1.8658 0.0000e+00
     20.000     6.8468   3.166872    31.1736       2713     1.8832 0.0000e+00
     19.000     6.8361   3.164211    31.1548       2739     1.9012 0.0000e+00
     18.000     6.8196   3.160405    31.1287       2765     1.9196 0.0000e+00
     17.000     6.8117   3.158907    31.1200       2791     1.9378 0.0000e+00
     16.000     6.8104   3.158154    31.1134       2817     1.9556 0.0000e+00
     15.000     6.8115   3.157946    31.1106       2842     1.9730 0.0000e+00
     14.000     6.8098   3.157354    31.1062       2867     1.9905 0.0000e+00
     13.000     6.8096   3.156959    31.1025       2892     2.0079 0.0000e+00
     12.000     6.8099   3.156704    31.0999       2918     2.0258 0.0000e+00
     11.000     6.8100   3.156551    31.0986       2944     2.0440 0.0000e+00
     10.000     6.8105   3.156497    31.0980       2970     2.0620 0.0000e+00
      9.000     6.8120   3.156563    31.0979       2996     2.0796 0.0000e+00
      8.000     6.8177   3.156915    31.0970       3020     2.0967 0.0000e+00
      7.000     6.8275   3.157498    31.0950       3045     2.1138 0.0000e+00
      6.000     6.9009   3.162172    31.0799       3070     2.1315 0.0000e+00
      5.000     7.0296   3.170619    31.0559       3097     2.1501 0.0000e+00
      4.000     7.0931   3.176296    31.0606       3124     2.1688 0.0000e+00
      3.000     7.0815   3.175718    31.0653       3153     2.1887 0.0000e+00
      2.000     7.1135   3.178198    31.0637       3254     2.2588 0.0000e+00
