HB2402/ctd005.cnv
* Sea-Bird SBE 9 Data File:
* FileName = C:\cruise\data\ctd005.hex
* Software Version Seasave V 7.26.7.121
* Temperature SN = 5253
* Conductivity SN = 4421
* Number of Bytes Per Scan = 37
* Number of Voltage Words = 4
* Number of Scans Averaged by the Deck Unit = 1
* NMEA Latitude = 38 27.58 N
* NMEA Longitude = 074 50.84 W
* NMEA UTC (Time) = Mar 08 2024 05:07:12
* NMEA baud rate = 4800
** Ship: Bigelow HB2304
** Program:  Fall Bottom Trawl Survey
** Chief Scientist: John Galbraith
# nquan = 7
# nvalues = 29                          
# units = specified
# name 0 = depSM: Depth [salt water, m]
# name 1 = t090C: Temperature [ITS-90, deg C]
# name 2 = c0S/m: Conductivity [S/m]
# name 3 = sal00: Salinity, Practical [PSU]
# name 4 = scan: Scan Count
# name 5 = timeM: Time, Elapsed [minutes]
# name 6 = flag: flag
# span 0 =      1.000,     16.000       
# span 1 =     7.1915,     7.1963       
# span 2 =   3.144161,   3.145232       
# span 3 =    30.6251,    30.6276       
# span 4 =       -148,       2425       
# span 5 =    -0.1033,     1.6834       
# span 6 = 0.0000e+00, 0.0000e+00       
# interval = meters: 1                  
# start_time = Mar 08 2024 05:07:12 [NMEA time, header]
# bad_flag = -9.990e-29
*END*
      3.000     7.1919   3.144161    30.6257       -148    -0.1033 0.0000e+00
      4.000     7.1917   3.144172    30.6255        306     0.2121 0.0000e+00
      5.000     7.1915   3.144186    30.6254        369     0.2553 0.0000e+00
      6.000     7.1917   3.144279    30.6258        476     0.3301 0.0000e+00
      7.000     7.1935   3.144521    30.6264        511     0.3540 0.0000e+00
      8.000     7.1942   3.144633    30.6265        619     0.4294 0.0000e+00
      9.000     7.1947   3.144709    30.6264        714     0.4948 0.0000e+00
     10.000     7.1948   3.144812    30.6269        747     0.5183 0.0000e+00
     11.000     7.1950   3.144852    30.6268        775     0.5377 0.0000e+00
     12.000     7.1958   3.145023    30.6274        936     0.6496 0.0000e+00
     13.000     7.1956   3.145022    30.6272       1101     0.7642 0.0000e+00
     14.000     7.1951   3.144926    30.6261       1241     0.8608 0.0000e+00
     15.000     7.1960   3.145140    30.6272       1427     0.9901 0.0000e+00
     16.000     7.1961   3.145232    30.6276       1685     1.1697 0.0000e+00
     15.000     7.1963   3.145187    30.6274       1656     1.1490 0.0000e+00
     14.000     7.1963   3.145156    30.6276       1814     1.2589 0.0000e+00
     13.000     7.1963   3.145095    30.6273       1869     1.2976 0.0000e+00
     12.000     7.1961   3.145039    30.6274       1892     1.3133 0.0000e+00
     11.000     7.1959   3.144967    30.6272       1917     1.3309 0.0000e+00
     10.000     7.1957   3.144890    30.6270       1947     1.3513 0.0000e+00
      9.000     7.1952   3.144708    30.6260       1973     1.3697 0.0000e+00
      8.000     7.1946   3.144579    30.6255       1996     1.3857 0.0000e+00
      7.000     7.1940   3.144476    30.6254       2026     1.4060 0.0000e+00
      6.000     7.1939   3.144414    30.6253       2059     1.4293 0.0000e+00
      5.000     7.1940   3.144387    30.6254       2084     1.4464 0.0000e+00
      4.000     7.1940   3.144341    30.6253       2103     1.4599 0.0000e+00
      3.000     7.1940   3.144309    30.6254       2297     1.5943 0.0000e+00
      2.000     7.1939   3.144234    30.6251       2401     1.6666 0.0000e+00
      1.000     7.1935   3.144201    30.6256       2425     1.6834 0.0000e+00
