HB2402/ctd032.cnv
* Sea-Bird SBE 9 Data File:
* FileName = C:\cruise\data\ctd032.hex
* Software Version Seasave V 7.26.7.121
* Temperature SN = 5253
* Conductivity SN = 4421
* Number of Bytes Per Scan = 37
* Number of Voltage Words = 4
* Number of Scans Averaged by the Deck Unit = 1
* NMEA Latitude = 34 57.41 N
* NMEA Longitude = 075 18.07 W
* NMEA UTC (Time) = Mar 13 2024 09:47:08
* NMEA baud rate = 4800
** Ship: Bigelow HB2304
** Program:  Fall Bottom Trawl Survey
** Chief Scientist: John Galbraith
# nquan = 7
# nvalues = 410                         
# units = specified
# name 0 = depSM: Depth [salt water, m]
# name 1 = t090C: Temperature [ITS-90, deg C]
# name 2 = c0S/m: Conductivity [S/m]
# name 3 = sal00: Salinity, Practical [PSU]
# name 4 = scan: Scan Count
# name 5 = timeM: Time, Elapsed [minutes]
# name 6 = flag: flag
# span 0 =      3.000,    208.000       
# span 1 =    15.3342,    21.5173       
# span 2 =   4.445899,   5.123420       
# span 3 =    35.9412,    36.5129       
# span 4 =        180,      12326       
# span 5 =     0.1242,     8.5589       
# span 6 = 0.0000e+00, 0.0000e+00       
# interval = meters: 1                  
# start_time = Mar 13 2024 09:47:08 [NMEA time, header]
# bad_flag = -9.990e-29
*END*
[from data line 206]
    206.000    15.3434   4.446403    36.0114       6408     4.4495 0.0000e+00
    205.000    15.3490   4.447025    36.0123       6424     4.4608 0.0000e+00
    204.000    15.3460   4.446675    36.0123       6451     4.4791 0.0000e+00
    203.000    15.3492   4.446973    36.0125       6473     4.4944 0.0000e+00
    202.000    15.4260   4.456778    36.0314       6493     4.5085 0.0000e+00
    201.000    15.5740   4.472360    36.0373       6517     4.5247 0.0000e+00
    200.000    15.5999   4.475414    36.0416       6548     4.5465 0.0000e+00
    199.000    15.6383   4.479872    36.0472       6581     4.5692 0.0000e+00
    198.000    15.7344   4.490611    36.0566       6605     4.5858 0.0000e+00
    197.000    15.7806   4.495946    36.0628       6626     4.6004 0.0000e+00
    196.000    15.8229   4.500808    36.0684       6647     4.6152 0.0000e+00
    195.000    15.8843   4.507670    36.0744       6671     4.6316 0.0000e+00
    194.000    15.9360   4.513862    36.0833       6698     4.6507 0.0000e+00
    193.000    16.0194   4.522693    36.0869       6729     4.6722 0.0000e+00
    192.000    16.0675   4.528859    36.0986       6760     4.6934 0.0000e+00
    191.000    16.1203   4.534865    36.1047       6787     4.7122 0.0000e+00
    190.000    16.1778   4.541472    36.1118       6811     4.7293 0.0000e+00
    189.000    16.2445   4.549221    36.1207       6837     4.7469 0.0000e+00
    188.000    16.3400   4.559367    36.1247       6863     4.7649 0.0000e+00
    187.000    16.4154   4.568534    36.1382       6887     4.7822 0.0000e+00
    186.000    16.4805   4.576035    36.1462       6911     4.7988 0.0000e+00
    185.000    16.5673   4.586146    36.1576       6937     4.8166 0.0000e+00
    184.000    16.6028   4.590477    36.1642       6964     4.8355 0.0000e+00
    183.000    16.6503   4.595940    36.1700       6989     4.8529 0.0000e+00
    182.000    16.6901   4.600801    36.1773       7013     4.8695 0.0000e+00
    181.000    16.7319   4.605457    36.1811       7040     4.8883 0.0000e+00
    180.000    16.7649   4.609725    36.1893       7072     4.9105 0.0000e+00
    179.000    16.8672   4.621554    36.2015       7101     4.9305 0.0000e+00
    178.000    16.9435   4.630334    36.2103       7125     4.9475 0.0000e+00
    177.000    17.0054   4.637703    36.2195       7149     4.9642 0.0000e+00
    176.000    17.0357   4.641364    36.2248       7175     4.9822 0.0000e+00
    175.000    17.0711   4.645500    36.2295       7201     4.9997 0.0000e+00
    174.000    17.1054   4.649696    36.2358       7225     5.0165 0.0000e+00
    173.000    17.1261   4.652235    36.2398       7252     5.0354 0.0000e+00
    172.000    17.1440   4.654307    36.2422       7282     5.0561 0.0000e+00
    171.000    17.1709   4.657469    36.2460       7308     5.0746 0.0000e+00
    170.000    17.2053   4.661420    36.2501       7331     5.0900 0.0000e+00
    169.000    17.2182   4.663054    36.2531       7353     5.1053 0.0000e+00
    168.000    17.2286   4.664338    36.2554       7379     5.1234 0.0000e+00
    167.000    17.2533   4.667348    36.2599       7410     5.1449 0.0000e+00
    166.000    17.3204   4.675330    36.2696       7439     5.1651 0.0000e+00
    165.000    17.4120   4.686331    36.2836       7465     5.1837 0.0000e+00
    164.000    17.4495   4.690814    36.2893       7492     5.2022 0.0000e+00
    163.000    17.4997   4.696685    36.2958       7518     5.2205 0.0000e+00
    162.000    17.5342   4.701137    36.3038       7544     5.2380 0.0000e+00
    161.000    17.6159   4.710255    36.3102       7568     5.2551 0.0000e+00
    160.000    17.7016   4.720325    36.3210       7593     5.2722 0.0000e+00
    159.000    17.7584   4.726982    36.3282       7617     5.2891 0.0000e+00
    158.000    17.8135   4.733650    36.3369       7644     5.3074 0.0000e+00
    157.000    17.8529   4.738662    36.3453       7673     5.3276 0.0000e+00
    156.000    17.9220   4.746660    36.3530       7702     5.3481 0.0000e+00
    155.000    17.9719   4.752207    36.3566       7729     5.3665 0.0000e+00
    154.000    18.0153   4.757310    36.3621       7754     5.3841 0.0000e+00
    153.000    18.0436   4.760524    36.3649       7779     5.4016 0.0000e+00
    152.000    18.0939   4.765488    36.3631       7806     5.4198 0.0000e+00
    151.000    18.1401   4.771231    36.3716       7832     5.4382 0.0000e+00
    150.000    18.1851   4.775917    36.3721       7861     5.4580 0.0000e+00
    149.000    18.2167   4.779393    36.3742       7889     5.4779 0.0000e+00
    148.000    18.2412   4.781843    36.3738       7915     5.4960 0.0000e+00
    147.000    18.2671   4.785075    36.3787       7940     5.5132 0.0000e+00
    146.000    18.3013   4.788616    36.3790       7965     5.5307 0.0000e+00
    145.000    18.3553   4.795040    36.3863       7993     5.5497 0.0000e+00
    144.000    18.4185   4.801199    36.3831       8019     5.5682 0.0000e+00
    143.000    18.4979   4.810681    36.3939       8042     5.5842 0.0000e+00
    142.000    18.5483   4.816068    36.3955       8064     5.5995 0.0000e+00
    141.000    18.5653   4.817948    36.3967       8088     5.6159 0.0000e+00
    140.000    18.5546   4.817183    36.4001       8118     5.6366 0.0000e+00
    139.000    18.5841   4.820643    36.4038       8152     5.6602 0.0000e+00
    138.000    18.6908   4.832117    36.4072       8180     5.6798 0.0000e+00
    137.000    18.8065   4.845353    36.4174       8203     5.6959 0.0000e+00
    136.000    18.9211   4.857476    36.4191       8226     5.7115 0.0000e+00
    135.000    18.9325   4.859610    36.4275       8250     5.7287 0.0000e+00
    134.000    18.9762   4.864759    36.4328       8280     5.7491 0.0000e+00
    133.000    18.9886   4.865812    36.4311       8311     5.7705 0.0000e+00
    132.000    19.2872   4.895953    36.4222       8337     5.7888 0.0000e+00
    131.000    19.2506   4.894509    36.4426       8359     5.8043 0.0000e+00
    130.000    19.2775   4.897965    36.4483       8381     5.8191 0.0000e+00
    129.000    19.5548   4.927183    36.4499       8404     5.8355 0.0000e+00
    128.000    19.5363   4.924562    36.4447       8431     5.8545 0.0000e+00
    127.000    19.5399   4.927353    36.4652       8459     5.8740 0.0000e+00
    126.000    19.6540   4.938766    36.4608       8485     5.8918 0.0000e+00
    125.000    19.7088   4.945202    36.4668       8510     5.9093 0.0000e+00
    124.000    19.6796   4.942253    36.4681       8538     5.9286 0.0000e+00
    123.000    19.7274   4.946983    36.4661       8568     5.9494 0.0000e+00
    122.000    19.7723   4.952606    36.4740       8595     5.9678 0.0000e+00
    121.000    19.8284   4.958549    36.4747       8620     5.9853 0.0000e+00
    120.000    19.8478   4.961499    36.4826       8644     6.0023 0.0000e+00
    119.000    19.8352   4.960579    36.4863       8669     6.0198 0.0000e+00
    118.000    19.8703   4.964745    36.4906       8694     6.0370 0.0000e+00
    117.000    19.8948   4.967389    36.4915       8717     6.0531 0.0000e+00
    116.000    19.9329   4.971417    36.4920       8741     6.0693 0.0000e+00
    115.000    19.9466   4.973290    36.4960       8765     6.0863 0.0000e+00
    114.000    19.9602   4.974920    36.4980       8792     6.1046 0.0000e+00
    113.000    19.9814   4.977241    36.4991       8821     6.1248 0.0000e+00
    112.000    20.0369   4.982525    36.4948       8851     6.1462 0.0000e+00
    111.000    20.0537   4.983646    36.4899       8880     6.1662 0.0000e+00
    110.000    20.0944   4.987962    36.4905       8905     6.1833 0.0000e+00
    109.000    20.1309   4.991079    36.4848       8927     6.1989 0.0000e+00
    108.000    20.1305   4.991242    36.4869       8950     6.2149 0.0000e+00
    107.000    20.1689   4.994274    36.4789       8975     6.2318 0.0000e+00
    106.000    20.2655   5.000367    36.4458       9001     6.2498 0.0000e+00
    105.000    20.3106   5.001253    36.4145       9027     6.2682 0.0000e+00
    104.000    20.3169   4.997075    36.3752       9053     6.2861 0.0000e+00
    103.000    20.3086   4.993825    36.3560       9080     6.3046 0.0000e+00
    102.000    20.3074   4.991664    36.3397       9107     6.3235 0.0000e+00
    101.000    20.3730   4.995901    36.3184       9133     6.3416 0.0000e+00
    100.000    20.3917   4.997454    36.3154       9159     6.3595 0.0000e+00
     99.000    20.4777   5.007523    36.3241       9185     6.3779 0.0000e+00
     98.000    20.5771   5.018923    36.3321       9211     6.3960 0.0000e+00
     97.000    20.6309   5.025761    36.3420       9235     6.4125 0.0000e+00
     96.000    20.7151   5.035217    36.3471       9259     6.4289 0.0000e+00
     95.000    20.7478   5.039040    36.3505       9286     6.4477 0.0000e+00
     94.000    20.7748   5.041755    36.3498       9317     6.4692 0.0000e+00
     93.000    20.7728   5.041106    36.3467       9346     6.4893 0.0000e+00
     92.000    20.8238   5.045634    36.3401       9370     6.5064 0.0000e+00
     91.000    20.8355   5.046557    36.3379       9393     6.5224 0.0000e+00
     90.000    20.8491   5.047427    36.3338       9416     6.5382 0.0000e+00
     89.000    20.8665   5.048269    36.3261       9439     6.5545 0.0000e+00
     88.000    20.8648   5.047549    36.3221       9465     6.5722 0.0000e+00
     87.000    20.8576   5.046155    36.3173       9493     6.5915 0.0000e+00
     86.000    20.8457   5.044136    36.3115       9521     6.6112 0.0000e+00
     85.000    20.8837   5.048036    36.3110       9549     6.6305 0.0000e+00
     84.000    20.9377   5.055432    36.3251       9574     6.6480 0.0000e+00
     83.000    20.9981   5.063127    36.3361       9599     6.6652 0.0000e+00
     82.000    21.0162   5.066178    36.3457       9626     6.6839 0.0000e+00
     81.000    21.0310   5.068424    36.3516       9655     6.7044 0.0000e+00
     80.000    21.0449   5.070389    36.3559       9682     6.7227 0.0000e+00
     79.000    21.0549   5.071395    36.3559       9705     6.7388 0.0000e+00
     78.000    21.0725   5.073189    36.3558       9727     6.7543 0.0000e+00
     77.000    21.0755   5.073495    36.3560       9752     6.7716 0.0000e+00
     76.000    21.0778   5.073718    36.3562       9782     6.7921 0.0000e+00
     75.000    21.0774   5.073453    36.3548       9810     6.8118 0.0000e+00
     74.000    21.0782   5.073371    36.3538       9833     6.8281 0.0000e+00
     73.000    21.0844   5.073888    36.3530       9855     6.8434 0.0000e+00
     72.000    21.0871   5.074104    36.3529       9881     6.8612 0.0000e+00
     71.000    21.0867   5.074073    36.3533       9913     6.8831 0.0000e+00
     70.000    21.0844   5.073644    36.3522       9942     6.9033 0.0000e+00
     69.000    21.0805   5.072929    36.3501       9967     6.9205 0.0000e+00
     68.000    21.0757   5.072080    36.3477       9990     6.9370 0.0000e+00
     67.000    21.0725   5.071538    36.3464      10015     6.9542 0.0000e+00
     66.000    21.0389   5.066459    36.3344      10042     6.9727 0.0000e+00
     65.000    21.0013   5.060522    36.3189      10069     6.9918 0.0000e+00
     64.000    20.9655   5.055016    36.3053      10095     7.0101 0.0000e+00
     63.000    20.9183   5.048141    36.2903      10119     7.0265 0.0000e+00
     62.000    20.8805   5.042366    36.2762      10141     7.0419 0.0000e+00
     61.000    20.8712   5.039948    36.2649      10165     7.0581 0.0000e+00
     60.000    20.8736   5.040151    36.2649      10195     7.0792 0.0000e+00
     59.000    20.8838   5.041456    36.2671      10230     7.1035 0.0000e+00
     58.000    20.9656   5.051353    36.2778      10256     7.1214 0.0000e+00
     57.000    20.9681   5.052039    36.2816      10277     7.1360 0.0000e+00
     56.000    20.9808   5.053810    36.2854      10298     7.1504 0.0000e+00
     55.000    20.9910   5.055171    36.2881      10321     7.1669 0.0000e+00
     54.000    21.0166   5.058859    36.2964      10353     7.1887 0.0000e+00
     53.000    21.0117   5.058201    36.2957      10384     7.2107 0.0000e+00
     52.000    21.0707   5.065995    36.3087      10408     7.2273 0.0000e+00
     51.000    21.0889   5.068996    36.3177      10429     7.2418 0.0000e+00
     50.000    21.0994   5.070883    36.3244      10451     7.2571 0.0000e+00
     49.000    21.1292   5.075162    36.3339      10478     7.2760 0.0000e+00
     48.000    21.1307   5.075155    36.3329      10510     7.2979 0.0000e+00
     47.000    21.1424   5.076916    36.3375      10538     7.3172 0.0000e+00
     46.000    21.1499   5.077976    36.3401      10562     7.3337 0.0000e+00
     45.000    21.1586   5.079118    36.3421      10585     7.3500 0.0000e+00
     44.000    21.1598   5.079575    36.3452      10611     7.3679 0.0000e+00
     43.000    21.1853   5.082918    36.3508      10639     7.3876 0.0000e+00
     42.000    21.2007   5.084925    36.3541      10666     7.4063 0.0000e+00
     41.000    21.2077   5.085683    36.3547      10690     7.4233 0.0000e+00
     40.000    21.2122   5.086200    36.3554      10715     7.4406 0.0000e+00
     39.000    21.2144   5.086491    36.3562      10742     7.4591 0.0000e+00
     38.000    21.2227   5.087556    36.3580      10769     7.4776 0.0000e+00
     37.000    21.2270   5.087998    36.3583      10794     7.4949 0.0000e+00
     36.000    21.2307   5.088462    36.3592      10817     7.5111 0.0000e+00
     35.000    21.2399   5.089549    36.3606      10840     7.5272 0.0000e+00
     34.000    21.2500   5.090913    36.3633      10868     7.5466 0.0000e+00
     33.000    21.2717   5.093638    36.3671      10897     7.5669 0.0000e+00
     32.000    21.2885   5.095937    36.3717      10926     7.5868 0.0000e+00
     31.000    21.2900   5.096054    36.3717      10953     7.6056 0.0000e+00
     30.000    21.2916   5.096226    36.3721      10978     7.6226 0.0000e+00
     29.000    21.3030   5.097460    36.3726      11001     7.6386 0.0000e+00
     28.000    21.3099   5.098251    36.3735      11024     7.6547 0.0000e+00
     27.000    21.3174   5.099128    36.3745      11048     7.6712 0.0000e+00
     26.000    21.3266   5.100171    36.3754      11074     7.6895 0.0000e+00
     25.000    21.3326   5.100864    36.3762      11105     7.7110 0.0000e+00
     24.000    21.3400   5.101721    36.3772      11135     7.7318 0.0000e+00
     23.000    21.3432   5.102103    36.3779      11161     7.7502 0.0000e+00
     22.000    21.3458   5.102335    36.3780      11188     7.7685 0.0000e+00
     21.000    21.3548   5.103538    36.3803      11219     7.7901 0.0000e+00
     20.000    21.3770   5.106389    36.3847      11254     7.8143 0.0000e+00
     19.000    21.3910   5.108055    36.3865      11292     7.8407 0.0000e+00
     18.000    21.3977   5.108902    36.3879      11328     7.8659 0.0000e+00
     17.000    21.4076   5.110155    36.3899      11365     7.8916 0.0000e+00
     16.000    21.4200   5.111744    36.3926      11408     7.9218 0.0000e+00
     15.000    21.4476   5.115276    36.3977      11450     7.9508 0.0000e+00
     14.000    21.4768   5.118928    36.4026      11492     7.9801 0.0000e+00
     13.000    21.4881   5.120321    36.4045      11531     8.0072 0.0000e+00
     12.000    21.4853   5.119373    36.3996      11572     8.0356 0.0000e+00
     11.000    21.4568   5.114074    36.3818      11618     8.0674 0.0000e+00
     10.000    21.4277   5.108475    36.3620      11661     8.0975 0.0000e+00
      9.000    21.3801   5.099777    36.3330      11697     8.1225 0.0000e+00
      8.000    21.3044   5.086814    36.2936      11736     8.1492 0.0000e+00
      7.000    21.2167   5.072804    36.2558      11790     8.1871 0.0000e+00
      6.000    21.1331   5.058084    36.2085      11826     8.2121 0.0000e+00
      5.000    20.6180   4.976876    35.9888      11875     8.2459 0.0000e+00
      4.000    20.5198   4.961319    35.9463      11945     8.2941 0.0000e+00
      3.000    20.5122   4.959861    35.9412      12326     8.5589 0.0000e+00
