HB2402/ctd042.cnv
* Sea-Bird SBE 9 Data File:
* FileName = C:\cruise\data\ctd042.hex
* Software Version Seasave V 7.26.7.121
* Temperature SN = 5253
* Conductivity SN = 4421
* Number of Bytes Per Scan = 37
* Number of Voltage Words = 4
* Number of Scans Averaged by the Deck Unit = 1
* NMEA Latitude = 36 16.79 N
* NMEA Longitude = 074 46.90 W
* NMEA UTC (Time) = Mar 15 2024 02:26:40
* NMEA baud rate = 4800
** Ship: Bigelow HB2304
** Program:  Fall Bottom Trawl Survey
** Chief Scientist: John Galbraith
# nquan = 7
# nvalues = 358                         
# units = specified
# name 0 = depSM: Depth [salt water, m]
# name 1 = t090C: Temperature [ITS-90, deg C]
# name 2 = c0S/m: Conductivity [S/m]
# name 3 = sal00: Salinity, Practical [PSU]
# name 4 = scan: Scan Count
# name 5 = timeM: Time, Elapsed [minutes]
# name 6 = flag: flag
# span 0 =      2.000,    181.000       
# span 1 =    11.8134,    15.9517       
# span 2 =   3.825359,   4.400902       
# span 3 =    33.2763,    35.4044       
# span 4 =        191,      10958       
# span 5 =     0.1322,     7.6092       
# span 6 = 0.0000e+00, 0.0000e+00       
# interval = meters: 1                  
# start_time = Mar 15 2024 02:26:40 [NMEA time, header]
# bad_flag = -9.990e-29
*END*
[from data line 206]
    153.000    12.2637   4.072620    35.3923       6854     4.7587 0.0000e+00
    152.000    12.2858   4.074487    35.3900       6882     4.7782 0.0000e+00
    151.000    12.3148   4.077302    35.3904       6909     4.7975 0.0000e+00
    150.000    12.3358   4.079269    35.3901       6934     4.8144 0.0000e+00
    149.000    12.3697   4.082755    35.3923       6957     4.8307 0.0000e+00
    148.000    12.4201   4.087176    35.3880       6980     4.8464 0.0000e+00
    147.000    12.4811   4.092563    35.3831       7004     4.8631 0.0000e+00
    146.000    12.5193   4.095947    35.3802       7029     4.8808 0.0000e+00
    145.000    12.5569   4.099522    35.3798       7056     4.8992 0.0000e+00
    144.000    12.5831   4.102052    35.3800       7084     4.9187 0.0000e+00
    143.000    12.5942   4.103102    35.3801       7113     4.9388 0.0000e+00
    142.000    12.6319   4.106541    35.3783       7142     4.9587 0.0000e+00
    141.000    12.6610   4.109506    35.3799       7167     4.9766 0.0000e+00
    140.000    12.6922   4.112278    35.3777       7190     4.9926 0.0000e+00
    139.000    12.7494   4.116858    35.3685       7213     5.0082 0.0000e+00
    138.000    12.8657   4.127130    35.3586       7237     5.0247 0.0000e+00
    137.000    13.2146   4.153790    35.2882       7263     5.0429 0.0000e+00
    136.000    13.6389   4.186047    35.2011       7289     5.0614 0.0000e+00
    135.000    13.7738   4.195307    35.1645       7316     5.0798 0.0000e+00
    134.000    13.8153   4.199318    35.1644       7341     5.0972 0.0000e+00
    133.000    13.8572   4.202874    35.1597       7366     5.1146 0.0000e+00
    132.000    13.9132   4.207006    35.1475       7393     5.1332 0.0000e+00
    131.000    13.9731   4.212160    35.1413       7422     5.1535 0.0000e+00
    130.000    14.0586   4.219278    35.1300       7450     5.1730 0.0000e+00
    129.000    14.1096   4.224293    35.1306       7475     5.1899 0.0000e+00
    128.000    14.1616   4.229223    35.1294       7497     5.2057 0.0000e+00
    127.000    14.2197   4.234918    35.1298       7521     5.2220 0.0000e+00
    126.000    14.2434   4.237390    35.1316       7548     5.2410 0.0000e+00
    125.000    14.2652   4.239444    35.1312       7578     5.2621 0.0000e+00
    124.000    14.2765   4.240263    35.1289       7606     5.2810 0.0000e+00
    123.000    14.3090   4.242450    35.1201       7631     5.2983 0.0000e+00
    122.000    14.3377   4.244387    35.1123       7654     5.3145 0.0000e+00
    121.000    14.3552   4.245160    35.1040       7679     5.3321 0.0000e+00
    120.000    14.3683   4.245666    35.0972       7705     5.3501 0.0000e+00
    119.000    14.3865   4.246911    35.0926       7732     5.3690 0.0000e+00
    118.000    14.4316   4.250319    35.0836       7760     5.3881 0.0000e+00
    117.000    14.4789   4.254128    35.0764       7787     5.4071 0.0000e+00
    116.000    14.5082   4.256359    35.0708       7814     5.4259 0.0000e+00
    115.000    14.5164   4.257057    35.0703       7840     5.4440 0.0000e+00
    114.000    14.5212   4.257439    35.0698       7866     5.4616 0.0000e+00
    113.000    14.5404   4.258682    35.0643       7891     5.4790 0.0000e+00
    112.000    14.5673   4.259626    35.0491       7917     5.4969 0.0000e+00
    111.000    14.5932   4.260380    35.0331       7943     5.5154 0.0000e+00
    110.000    14.6031   4.260799    35.0284       7971     5.5347 0.0000e+00
    109.000    14.6090   4.261070    35.0260       7999     5.5542 0.0000e+00
    108.000    14.6159   4.261532    35.0244       8027     5.5737 0.0000e+00
    107.000    14.6314   4.262806    35.0225       8055     5.5928 0.0000e+00
    106.000    14.6633   4.265492    35.0189       8081     5.6109 0.0000e+00
    105.000    14.6846   4.267453    35.0181       8106     5.6286 0.0000e+00
    104.000    14.7080   4.269878    35.0196       8132     5.6467 0.0000e+00
    103.000    14.7461   4.273999    35.0236       8158     5.6648 0.0000e+00
    102.000    14.7840   4.278294    35.0292       8185     5.6832 0.0000e+00
    101.000    14.8241   4.282836    35.0352       8211     5.7012 0.0000e+00
    100.000    14.8691   4.287819    35.0406       8238     5.7201 0.0000e+00
     99.000    14.9186   4.293447    35.0480       8266     5.7396 0.0000e+00
     98.000    14.9958   4.302011    35.0573       8295     5.7599 0.0000e+00
     97.000    15.0946   4.313107    35.0700       8324     5.7798 0.0000e+00
     96.000    15.1296   4.317234    35.0766       8351     5.7987 0.0000e+00
     95.000    15.1469   4.319424    35.0814       8378     5.8170 0.0000e+00
     94.000    15.1627   4.321269    35.0844       8404     5.8354 0.0000e+00
     93.000    15.1786   4.323170    35.0878       8431     5.8539 0.0000e+00
     92.000    15.1871   4.324088    35.0890       8457     5.8723 0.0000e+00
     91.000    15.1929   4.324620    35.0890       8483     5.8902 0.0000e+00
     90.000    15.1824   4.323033    35.0844       8510     5.9087 0.0000e+00
     89.000    15.1742   4.321585    35.0790       8537     5.9275 0.0000e+00
     88.000    15.1725   4.321000    35.0756       8565     5.9470 0.0000e+00
     87.000    15.1755   4.321054    35.0738       8593     5.9669 0.0000e+00
     86.000    15.1841   4.321683    35.0723       8622     5.9871 0.0000e+00
     85.000    15.1990   4.323182    35.0729       8651     6.0072 0.0000e+00
     84.000    15.2170   4.325151    35.0751       8680     6.0268 0.0000e+00
     83.000    15.2281   4.326428    35.0772       8707     6.0457 0.0000e+00
     82.000    15.2323   4.326335    35.0729       8733     6.0639 0.0000e+00
     81.000    15.1993   4.320742    35.0521       8759     6.0820 0.0000e+00
     80.000    15.1460   4.312671    35.0269       8786     6.1005 0.0000e+00
     79.000    15.1155   4.307877    35.0111       8812     6.1187 0.0000e+00
     78.000    15.0967   4.304676    34.9992       8838     6.1369 0.0000e+00
     77.000    15.0881   4.302969    34.9917       8866     6.1561 0.0000e+00
     76.000    15.0753   4.300853    34.9844       8897     6.1775 0.0000e+00
     75.000    15.0629   4.298854    34.9776       8928     6.1996 0.0000e+00
     74.000    14.9725   4.286766    34.9488       8957     6.2193 0.0000e+00
     73.000    14.8608   4.272171    34.9160       8983     6.2374 0.0000e+00
     72.000    14.7993   4.263729    34.8944       9008     6.2546 0.0000e+00
     71.000    14.7615   4.258563    34.8814       9034     6.2726 0.0000e+00
     70.000    14.6858   4.248742    34.8597       9061     6.2920 0.0000e+00
     69.000    14.6075   4.238542    34.8366       9089     6.3114 0.0000e+00
     68.000    14.7948   4.260808    34.8732       9116     6.3299 0.0000e+00
     67.000    15.2323   4.313291    34.9607       9144     6.3490 0.0000e+00
     66.000    15.6094   4.357069    35.0207       9171     6.3683 0.0000e+00
     65.000    15.4988   4.340582    34.9708       9199     6.3877 0.0000e+00
     64.000    15.3603   4.319939    34.9081       9226     6.4059 0.0000e+00
     63.000    15.3475   4.316766    34.8912       9251     6.4238 0.0000e+00
     62.000    15.3566   4.316892    34.8846       9279     6.4427 0.0000e+00
     61.000    15.3093   4.309643    34.8615       9308     6.4634 0.0000e+00
     60.000    15.1410   4.286077    34.7978       9337     6.4836 0.0000e+00
     59.000    14.9777   4.263878    34.7416       9364     6.5019 0.0000e+00
     58.000    14.8579   4.247519    34.6994       9389     6.5196 0.0000e+00
     57.000    14.8396   4.244277    34.6865       9413     6.5364 0.0000e+00
     56.000    14.7469   4.230931    34.6474       9439     6.5541 0.0000e+00
     55.000    14.5368   4.202208    34.5715       9465     6.5720 0.0000e+00
     54.000    14.4189   4.184598    34.5150       9493     6.5914 0.0000e+00
     53.000    14.4117   4.181854    34.4965       9521     6.6108 0.0000e+00
     52.000    14.4144   4.180828    34.4850       9550     6.6311 0.0000e+00
     51.000    14.4259   4.181353    34.4800       9578     6.6505 0.0000e+00
     50.000    14.4326   4.181502    34.4758       9605     6.6696 0.0000e+00
     49.000    14.4314   4.180871    34.4715       9633     6.6886 0.0000e+00
     48.000    14.4024   4.176652    34.4588       9659     6.7072 0.0000e+00
     47.000    14.3893   4.174593    34.4520       9685     6.7252 0.0000e+00
     46.000    14.3704   4.171925    34.4446       9709     6.7417 0.0000e+00
     45.000    14.3398   4.167846    34.4346       9732     6.7578 0.0000e+00
     44.000    14.2251   4.153239    34.4022       9756     6.7746 0.0000e+00
     43.000    14.1722   4.145772    34.3807       9784     6.7940 0.0000e+00
     42.000    14.1230   4.139466    34.3665       9817     6.8166 0.0000e+00
     41.000    14.0907   4.135324    34.3573       9849     6.8387 0.0000e+00
     40.000    14.0754   4.133279    34.3524       9875     6.8566 0.0000e+00
     39.000    14.0387   4.128331    34.3396       9898     6.8729 0.0000e+00
     38.000    13.9992   4.123181    34.3274       9921     6.8888 0.0000e+00
     37.000    13.9634   4.118244    34.3139       9946     6.9065 0.0000e+00
     36.000    13.9385   4.115060    34.3069       9974     6.9256 0.0000e+00
     35.000    13.9272   4.113474    34.3026      10002     6.9449 0.0000e+00
     34.000    13.9198   4.112116    34.2970      10029     6.9637 0.0000e+00
     33.000    13.9495   4.114507    34.2932      10056     6.9825 0.0000e+00
     32.000    13.9952   4.118698    34.2918      10083     7.0015 0.0000e+00
     31.000    13.9809   4.115600    34.2761      10109     7.0192 0.0000e+00
     30.000    13.9288   4.107458    34.2472      10133     7.0364 0.0000e+00
     29.000    13.8858   4.101526    34.2307      10158     7.0532 0.0000e+00
     28.000    13.8653   4.098578    34.2219      10183     7.0707 0.0000e+00
     27.000    13.8411   4.094908    34.2097      10211     7.0905 0.0000e+00
     26.000    13.8276   4.092723    34.2017      10242     7.1121 0.0000e+00
     25.000    13.8137   4.090843    34.1971      10270     7.1312 0.0000e+00
     24.000    13.8073   4.089645    34.1920      10294     7.1477 0.0000e+00
     23.000    13.8004   4.088564    34.1884      10317     7.1637 0.0000e+00
     22.000    13.7927   4.087224    34.1833      10341     7.1808 0.0000e+00
     21.000    13.7719   4.083579    34.1681      10369     7.1999 0.0000e+00
     20.000    13.7325   4.076800    34.1404      10397     7.2193 0.0000e+00
     19.000    13.6988   4.071503    34.1213      10423     7.2376 0.0000e+00
     18.000    13.6238   4.060818    34.0885      10449     7.2554 0.0000e+00
     17.000    13.4896   4.042075    34.0327      10474     7.2732 0.0000e+00
     16.000    13.3312   4.019882    33.9656      10500     7.2910 0.0000e+00
     15.000    13.1429   3.995196    33.9009      10525     7.3085 0.0000e+00
     14.000    12.9276   3.966700    33.8235      10550     7.3257 0.0000e+00
     13.000    12.6824   3.934380    33.7351      10576     7.3437 0.0000e+00
     12.000    12.5734   3.919599    33.6916      10604     7.3632 0.0000e+00
     11.000    12.4407   3.902599    33.6478      10633     7.3832 0.0000e+00
     10.000    12.3924   3.895904    33.6272      10659     7.4013 0.0000e+00
      9.000    12.4059   3.897191    33.6279      10682     7.4174 0.0000e+00
      8.000    12.4155   3.897685    33.6244      10704     7.4326 0.0000e+00
      7.000    12.4272   3.898953    33.6265      10728     7.4494 0.0000e+00
      6.000    12.4952   3.905884    33.6326      10754     7.4675 0.0000e+00
      5.000    12.5290   3.904055    33.5853      10780     7.4855 0.0000e+00
      4.000    12.3704   3.875237    33.4504      10808     7.5046 0.0000e+00
      3.000    12.1972   3.850077    33.3630      10845     7.5305 0.0000e+00
      2.000    12.0634   3.831406    33.3024      10958     7.6092 0.0000e+00
