HB2402/ctd004.cnv
* Sea-Bird SBE 9 Data File:
* FileName = C:\cruise\data\ctd004.hex
* Software Version Seasave V 7.26.7.121
* Temperature SN = 5253
* Conductivity SN = 4421
* Number of Bytes Per Scan = 37
* Number of Voltage Words = 4
* Number of Scans Averaged by the Deck Unit = 1
* NMEA Latitude = 38 32.81 N
* NMEA Longitude = 074 54.85 W
* NMEA UTC (Time) = Mar 08 2024 03:28:11
* NMEA baud rate = 4800
** Ship: Bigelow HB2304
** Program:  Fall Bottom Trawl Survey
** Chief Scientist: John Galbraith
# nquan = 7
# nvalues = 29                          
# units = specified
# name 0 = depSM: Depth [salt water, m]
# name 1 = t090C: Temperature [ITS-90, deg C]
# name 2 = c0S/m: Conductivity [S/m]
# name 3 = sal00: Salinity, Practical [PSU]
# name 4 = scan: Scan Count
# name 5 = timeM: Time, Elapsed [minutes]
# name 6 = flag: flag
# span 0 =      3.000,     17.000       
# span 1 =     7.1392,     7.2180       
# span 2 =   3.013705,   3.066816       
# span 3 =    29.2668,    29.7650       
# span 4 =        -75,       1576       
# span 5 =    -0.0531,     1.0935       
# span 6 = 0.0000e+00, 0.0000e+00       
# interval = meters: 1                  
# start_time = Mar 08 2024 03:28:11 [NMEA time, header]
# bad_flag = -9.990e-29
*END*
      3.000     7.1407   3.015308    29.2848        -75    -0.0531 0.0000e+00
      4.000     7.1409   3.015498    29.2862        198     0.1366 0.0000e+00
      5.000     7.1404   3.015233    29.2833        283     0.1956 0.0000e+00
      6.000     7.1413   3.015920    29.2895        310     0.2147 0.0000e+00
      7.000     7.1417   3.015441    29.2836        349     0.2415 0.0000e+00
      8.000     7.1646   3.020799    29.3212        381     0.2636 0.0000e+00
      9.000     7.1805   3.026049    29.3635        403     0.2793 0.0000e+00
     10.000     7.1767   3.026590    29.3721        426     0.2951 0.0000e+00
     11.000     7.1785   3.029911    29.4058        452     0.3130 0.0000e+00
     12.000     7.1811   3.034341    29.4506        478     0.3312 0.0000e+00
     13.000     7.1392   3.035022    29.4932        501     0.3472 0.0000e+00
     14.000     7.1640   3.046134    29.5909        524     0.3629 0.0000e+00
     15.000     7.2087   3.058275    29.6823        548     0.3799 0.0000e+00
     16.000     7.1890   3.061539    29.7339        891     0.6178 0.0000e+00
     17.000     7.2180   3.066816    29.7650       1391     0.9654 0.0000e+00
     16.000     7.2049   3.063147    29.7375       1221     0.8475 0.0000e+00
     15.000     7.2035   3.059117    29.6958       1241     0.8610 0.0000e+00
     14.000     7.1981   3.054565    29.6521       1260     0.8744 0.0000e+00
     13.000     7.1883   3.050573    29.6181       1284     0.8908 0.0000e+00
     12.000     7.1812   3.046490    29.5808       1312     0.9107 0.0000e+00
     11.000     7.1807   3.037200    29.4821       1339     0.9291 0.0000e+00
     10.000     7.1847   3.030439    29.4066       1362     0.9450 0.0000e+00
      9.000     7.1849   3.028745    29.3887       1384     0.9602 0.0000e+00
      8.000     7.1839   3.027650    29.3783       1408     0.9772 0.0000e+00
      7.000     7.1794   3.025262    29.3569       1439     0.9987 0.0000e+00
      6.000     7.1586   3.020325    29.3221       1469     1.0192 0.0000e+00
      5.000     7.1439   3.015214    29.2802       1492     1.0354 0.0000e+00
      4.000     7.1412   3.013705    29.2668       1515     1.0517 0.0000e+00
      3.000     7.1397   3.014546    29.2775       1576     1.0935 0.0000e+00
