HB2402/ctd067.cnv
* Sea-Bird SBE 9 Data File:
* FileName = C:\cruise\data\ctd067.hex
* Software Version Seasave V 7.26.7.121
* Temperature SN = 5253
* Conductivity SN = 4421
* Number of Bytes Per Scan = 37
* Number of Voltage Words = 4
* Number of Scans Averaged by the Deck Unit = 1
* NMEA Latitude = 39 08.08 N
* NMEA Longitude = 072 46.99 W
* NMEA UTC (Time) = Mar 19 2024 02:01:43
* NMEA baud rate = 4800
** Ship: Bigelow HB2304
** Program:  Fall Bottom Trawl Survey
** Chief Scientist: John Galbraith
# nquan = 7
# nvalues = 220                         
# units = specified
# name 0 = depSM: Depth [salt water, m]
# name 1 = t090C: Temperature [ITS-90, deg C]
# name 2 = c0S/m: Conductivity [S/m]
# name 3 = sal00: Salinity, Practical [PSU]
# name 4 = scan: Scan Count
# name 5 = timeM: Time, Elapsed [minutes]
# name 6 = flag: flag
# span 0 =      2.000,    112.000       
# span 1 =     6.2841,     9.1931       
# span 2 =   3.235556,   3.603842       
# span 3 =    32.2357,    33.6049       
# span 4 =       -143,       7374       
# span 5 =    -0.1002,     5.1205       
# span 6 = 0.0000e+00, 0.0000e+00       
# interval = meters: 1                  
# start_time = Mar 19 2024 02:01:43 [NMEA time, header]
# bad_flag = -9.990e-29
*END*
      3.000     7.4331   3.315034    32.2487       -143    -0.1002 0.0000e+00
      4.000     7.4331   3.315147    32.2494        258     0.1782 0.0000e+00
      5.000     7.4329   3.315161    32.2493        289     0.2003 0.0000e+00
      6.000     7.4351   3.315381    32.2492        316     0.2187 0.0000e+00
      7.000     7.4341   3.315327    32.2490        346     0.2393 0.0000e+00
      8.000     7.4348   3.315434    32.2491        374     0.2593 0.0000e+00
      9.000     7.4346   3.315462    32.2490        402     0.2785 0.0000e+00
     10.000     7.4348   3.315532    32.2492        427     0.2960 0.0000e+00
     11.000     7.4356   3.315662    32.2493        451     0.3123 0.0000e+00
     12.000     7.4355   3.315688    32.2492        475     0.3289 0.0000e+00
     13.000     7.4293   3.315139    32.2487        501     0.3474 0.0000e+00
     14.000     7.4259   3.314876    32.2485        530     0.3673 0.0000e+00
     15.000     7.4108   3.313576    32.2481        557     0.3862 0.0000e+00
     16.000     7.3730   3.310257    32.2469        582     0.4035 0.0000e+00
     17.000     7.2889   3.303304    32.2497        606     0.4202 0.0000e+00
     18.000     7.2556   3.301012    32.2554        632     0.4381 0.0000e+00
     19.000     7.1883   3.296384    32.2677        659     0.4567 0.0000e+00
     20.000     7.0423   3.286896    32.3007        686     0.4758 0.0000e+00
     21.000     6.9563   3.281806    32.3254        716     0.4965 0.0000e+00
     22.000     6.8889   3.278240    32.3495        744     0.5161 0.0000e+00
     23.000     6.8171   3.274484    32.3755        769     0.5331 0.0000e+00
     24.000     6.6940   3.266946    32.4086        794     0.5506 0.0000e+00
     25.000     6.6290   3.262701    32.4229        818     0.5677 0.0000e+00
     26.000     6.5894   3.259658    32.4265        845     0.5861 0.0000e+00
     27.000     6.5797   3.258885    32.4267        875     0.6070 0.0000e+00
     28.000     6.5793   3.258845    32.4262        906     0.6282 0.0000e+00
     29.000     6.5784   3.258871    32.4268        931     0.6458 0.0000e+00
     30.000     6.5678   3.258082    32.4277        954     0.6617 0.0000e+00
     31.000     6.5393   3.255815    32.4292        978     0.6787 0.0000e+00
     32.000     6.4503   3.248460    32.4320       1008     0.6993 0.0000e+00
     33.000     6.3991   3.244143    32.4325       1038     0.7200 0.0000e+00
     34.000     6.3853   3.242891    32.4312       1064     0.7382 0.0000e+00
     35.000     6.3730   3.241740    32.4297       1091     0.7567 0.0000e+00
     36.000     6.3568   3.240317    32.4288       1120     0.7774 0.0000e+00
     37.000     6.3422   3.239053    32.4282       1147     0.7960 0.0000e+00
     38.000     6.3348   3.238474    32.4284       1169     0.8111 0.0000e+00
     39.000     6.3316   3.238239    32.4283       1191     0.8261 0.0000e+00
     40.000     6.3175   3.237134    32.4290       1217     0.8446 0.0000e+00
     41.000     6.3041   3.236312    32.4322       1250     0.8674 0.0000e+00
     42.000     6.3009   3.236272    32.4343       1283     0.8906 0.0000e+00
     43.000     6.2942   3.235874    32.4358       1313     0.9113 0.0000e+00
     44.000     6.2878   3.235556    32.4378       1338     0.9286 0.0000e+00
     45.000     6.2841   3.235573    32.4411       1361     0.9447 0.0000e+00
     46.000     6.2864   3.236164    32.4450       1384     0.9606 0.0000e+00
     47.000     6.2947   3.237150    32.4475       1409     0.9777 0.0000e+00
     48.000     6.3581   3.244267    32.4655       1437     0.9974 0.0000e+00
     49.000     6.4432   3.253071    32.4815       1469     1.0192 0.0000e+00
     50.000     6.4234   3.251361    32.4809       1499     1.0403 0.0000e+00
     51.000     6.4168   3.251133    32.4843       1525     1.0586 0.0000e+00
     52.000     6.4026   3.249882    32.4835       1550     1.0760 0.0000e+00
     53.000     6.4205   3.252344    32.4931       1576     1.0938 0.0000e+00
     54.000     6.4454   3.255297    32.5016       1603     1.1125 0.0000e+00
     55.000     6.4913   3.260629    32.5164       1629     1.1303 0.0000e+00
     56.000     6.5276   3.265133    32.5311       1655     1.1487 0.0000e+00
     57.000     6.5222   3.265166    32.5362       1684     1.1689 0.0000e+00
     58.000     6.6207   3.277223    32.5748       1714     1.1894 0.0000e+00
     59.000     6.8659   3.303469    32.6296       1742     1.2087 0.0000e+00
     60.000     6.9310   3.310345    32.6426       1768     1.2274 0.0000e+00
     61.000     7.0037   3.319225    32.6701       1796     1.2468 0.0000e+00
     62.000     7.1873   3.338993    32.7109       1824     1.2656 0.0000e+00
     63.000     7.3316   3.355416    32.7519       1848     1.2826 0.0000e+00
     64.000     7.4897   3.372860    32.7906       1872     1.2993 0.0000e+00
     65.000     7.5178   3.377022    32.8085       1901     1.3195 0.0000e+00
     66.000     7.5833   3.387110    32.8547       1933     1.3413 0.0000e+00
     67.000     7.6127   3.391885    32.8780       1957     1.3585 0.0000e+00
     68.000     7.6414   3.396386    32.8987       1981     1.3750 0.0000e+00
     69.000     7.7034   3.405577    32.9384       2013     1.3970 0.0000e+00
     70.000     7.7236   3.408628    32.9516       2048     1.4215 0.0000e+00
     71.000     7.7564   3.413316    32.9704       2074     1.4398 0.0000e+00
     72.000     7.7928   3.418465    32.9906       2098     1.4559 0.0000e+00
     73.000     7.8820   3.430113    33.0306       2121     1.4721 0.0000e+00
     74.000     7.9286   3.436041    33.0493       2144     1.4885 0.0000e+00
     75.000     7.9600   3.440006    33.0615       2170     1.5066 0.0000e+00
     76.000     7.9929   3.444526    33.0782       2202     1.5284 0.0000e+00
     77.000     8.0329   3.449647    33.0945       2237     1.5527 0.0000e+00
     78.000     8.0494   3.452007    33.1035       2267     1.5738 0.0000e+00
     79.000     8.0579   3.453206    33.1078       2295     1.5932 0.0000e+00
     80.000     8.0669   3.454476    33.1124       2320     1.6107 0.0000e+00
     81.000     8.0971   3.458673    33.1280       2343     1.6266 0.0000e+00
     82.000     8.1727   3.468631    33.1620       2368     1.6439 0.0000e+00
     83.000     8.1930   3.471292    33.1706       2396     1.6629 0.0000e+00
     84.000     8.2513   3.479167    33.1986       2423     1.6823 0.0000e+00
     85.000     8.2792   3.482633    33.2085       2451     1.7015 0.0000e+00
     86.000     8.2939   3.484748    33.2166       2482     1.7230 0.0000e+00
     87.000     8.3032   3.486221    33.2229       2513     1.7445 0.0000e+00
     88.000     8.3121   3.487576    33.2283       2542     1.7647 0.0000e+00
     89.000     8.3126   3.487727    33.2290       2572     1.7854 0.0000e+00
     90.000     8.3243   3.489472    33.2360       2601     1.8053 0.0000e+00
     91.000     8.3802   3.497013    33.2625       2627     1.8235 0.0000e+00
     92.000     8.4122   3.501304    33.2771       2648     1.8384 0.0000e+00
     93.000     8.4536   3.506692    33.2944       2671     1.8543 0.0000e+00
     94.000     8.4586   3.507453    33.2973       2698     1.8731 0.0000e+00
     95.000     8.4826   3.510874    33.3102       2735     1.8987 0.0000e+00
     96.000     8.5444   3.519045    33.3376       2769     1.9220 0.0000e+00
     97.000     8.6538   3.533817    33.3891       2793     1.9391 0.0000e+00
     98.000     8.7625   3.547085    33.4253       2820     1.9579 0.0000e+00
     99.000     8.8489   3.558256    33.4603       2856     1.9826 0.0000e+00
    100.000     8.9085   3.566429    33.4891       2885     2.0030 0.0000e+00
    101.000     8.9348   3.569518    33.4960       2906     2.0174 0.0000e+00
    102.000     8.9783   3.575374    33.5156       2926     2.0316 0.0000e+00
    103.000     8.9968   3.577649    33.5215       2952     2.0490 0.0000e+00
    104.000     9.0223   3.581063    33.5326       2988     2.0740 0.0000e+00
    105.000     9.0317   3.582447    33.5376       3023     2.0986 0.0000e+00
    106.000     9.0518   3.584929    33.5440       3050     2.1173 0.0000e+00
    107.000     9.0478   3.584631    33.5442       3079     2.1376 0.0000e+00
    108.000     9.0843   3.589374    33.5588       3109     2.1581 0.0000e+00
    109.000     9.0983   3.591294    33.5651       3137     2.1777 0.0000e+00
    110.000     9.1362   3.596571    33.5838       3162     2.1953 0.0000e+00
    111.000     9.1694   3.600673    33.5946       3186     2.2120 0.0000e+00
    112.000     9.1931   3.603842    33.6047       3217     2.2330 0.0000e+00
    111.000     9.1863   3.603193    33.6049       3377     2.3441 0.0000e+00
    110.000     9.1339   3.596385    33.5840       3746     2.6010 0.0000e+00
    109.000     9.1209   3.594701    33.5792       4165     2.8916 0.0000e+00
    108.000     9.1191   3.594425    33.5785       4351     3.0205 0.0000e+00
    107.000     9.1105   3.593228    33.5746       4381     3.0419 0.0000e+00
    106.000     9.0914   3.590710    33.5669       4405     3.0581 0.0000e+00
    105.000     9.0621   3.586798    33.5543       4431     3.0762 0.0000e+00
    104.000     9.0167   3.580976    33.5369       4459     3.0958 0.0000e+00
    103.000     8.9848   3.576857    33.5245       4487     3.1151 0.0000e+00
    102.000     8.9370   3.570577    33.5046       4513     3.1331 0.0000e+00
    101.000     8.8862   3.563852    33.4827       4539     3.1510 0.0000e+00
    100.000     8.8101   3.554277    33.4548       4564     3.1688 0.0000e+00
     99.000     8.7109   3.541588    33.4159       4587     3.1844 0.0000e+00
     98.000     8.6101   3.528912    33.3784       4607     3.1988 0.0000e+00
     97.000     8.5683   3.523049    33.3566       4629     3.2140 0.0000e+00
     96.000     8.5213   3.516947    33.3372       4659     3.2344 0.0000e+00
     95.000     8.4720   3.509619    33.3070       4696     3.2604 0.0000e+00
     94.000     8.3673   3.496201    33.2646       4724     3.2802 0.0000e+00
     93.000     8.2997   3.487028    33.2320       4745     3.2947 0.0000e+00
     92.000     8.2932   3.486026    33.2280       4766     3.3088 0.0000e+00
     91.000     8.2822   3.484321    33.2207       4789     3.3250 0.0000e+00
     90.000     8.2679   3.482249    33.2127       4819     3.3461 0.0000e+00
     89.000     8.2316   3.477412    33.1963       4847     3.3656 0.0000e+00
     88.000     8.2005   3.473262    33.1821       4870     3.3814 0.0000e+00
     87.000     8.1742   3.469745    33.1700       4892     3.3968 0.0000e+00
     86.000     8.1478   3.466132    33.1571       4920     3.4159 0.0000e+00
     85.000     8.1046   3.460414    33.1375       4958     3.4424 0.0000e+00
     84.000     8.0613   3.454674    33.1179       4991     3.4651 0.0000e+00
     83.000     8.0446   3.452380    33.1097       5013     3.4809 0.0000e+00
     82.000     8.0298   3.450347    33.1025       5034     3.4953 0.0000e+00
     81.000     7.9920   3.445372    33.0857       5056     3.5106 0.0000e+00
     80.000     7.9578   3.440939    33.0712       5082     3.5288 0.0000e+00
     79.000     7.8947   3.432519    33.0414       5112     3.5490 0.0000e+00
     78.000     7.8042   3.420910    33.0032       5141     3.5691 0.0000e+00
     77.000     7.7632   3.415142    32.9807       5172     3.5912 0.0000e+00
     76.000     7.7255   3.409933    32.9609       5204     3.6131 0.0000e+00
     75.000     7.6798   3.403344    32.9339       5230     3.6312 0.0000e+00
     74.000     7.6495   3.398661    32.9127       5252     3.6466 0.0000e+00
     73.000     7.6274   3.395171    32.8966       5276     3.6635 0.0000e+00
     72.000     7.5978   3.390444    32.8742       5309     3.6860 0.0000e+00
     71.000     7.5485   3.383061    32.8417       5343     3.7100 0.0000e+00
     70.000     7.4686   3.372284    32.8015       5369     3.7275 0.0000e+00
     69.000     7.4011   3.364120    32.7776       5392     3.7435 0.0000e+00
     68.000     7.3058   3.353472    32.7530       5418     3.7615 0.0000e+00
     67.000     7.1770   3.338827    32.7165       5447     3.7819 0.0000e+00
     66.000     7.0292   3.322565    32.6800       5476     3.8019 0.0000e+00
     65.000     6.9238   3.310756    32.6515       5506     3.8228 0.0000e+00
     64.000     6.7120   3.287200    32.5949       5538     3.8450 0.0000e+00
     63.000     6.5589   3.270489    32.5571       5569     3.8667 0.0000e+00
     62.000     6.5314   3.266925    32.5444       5597     3.8860 0.0000e+00
     61.000     6.5174   3.264840    32.5352       5621     3.9025 0.0000e+00
     60.000     6.4837   3.260658    32.5216       5644     3.9187 0.0000e+00
     59.000     6.4538   3.256994    32.5100       5672     3.9383 0.0000e+00
     58.000     6.4487   3.256073    32.5052       5705     3.9613 0.0000e+00
     57.000     6.4418   3.255009    32.5004       5735     3.9817 0.0000e+00
     56.000     6.4410   3.254560    32.4967       5765     4.0027 0.0000e+00
     55.000     6.4384   3.254066    32.4942       5798     4.0254 0.0000e+00
     54.000     6.4386   3.253744    32.4910       5826     4.0453 0.0000e+00
     53.000     6.4453   3.253964    32.4875       5853     4.0638 0.0000e+00
     52.000     6.4177   3.250832    32.4796       5884     4.0857 0.0000e+00
     51.000     6.3692   3.245695    32.4694       5914     4.1065 0.0000e+00
     50.000     6.3208   3.240414    32.4574       5938     4.1227 0.0000e+00
     49.000     6.2939   3.237444    32.4506       5960     4.1380 0.0000e+00
     48.000     6.2910   3.236909    32.4479       5988     4.1575 0.0000e+00
     47.000     6.2910   3.236687    32.4459       6027     4.1845 0.0000e+00
     46.000     6.2968   3.237021    32.4445       6063     4.2096 0.0000e+00
     45.000     6.3046   3.237618    32.4442       6093     4.2306 0.0000e+00
     44.000     6.3032   3.237329    32.4428       6122     4.2505 0.0000e+00
     43.000     6.3049   3.237294    32.4413       6146     4.2676 0.0000e+00
     42.000     6.3094   3.237405    32.4388       6169     4.2835 0.0000e+00
     41.000     6.3091   3.237003    32.4350       6195     4.3015 0.0000e+00
     40.000     6.3218   3.237710    32.4313       6225     4.3219 0.0000e+00
     39.000     6.3347   3.238494    32.4281       6256     4.3434 0.0000e+00
     38.000     6.3423   3.238930    32.4263       6286     4.3648 0.0000e+00
     37.000     6.3529   3.239751    32.4258       6319     4.3877 0.0000e+00
     36.000     6.3675   3.241021    32.4265       6352     4.4104 0.0000e+00
     35.000     6.3812   3.242183    32.4268       6379     4.4290 0.0000e+00
     34.000     6.3929   3.243223    32.4277       6401     4.4447 0.0000e+00
     33.000     6.4185   3.245423    32.4282       6426     4.4618 0.0000e+00
     32.000     6.4533   3.248336    32.4277       6453     4.4807 0.0000e+00
     31.000     6.5059   3.252660    32.4261       6482     4.5009 0.0000e+00
     30.000     6.5448   3.255693    32.4231       6508     4.5184 0.0000e+00
     29.000     6.5666   3.257365    32.4214       6531     4.5349 0.0000e+00
     28.000     6.5789   3.258263    32.4201       6561     4.5556 0.0000e+00
     27.000     6.5821   3.258465    32.4197       6608     4.5881 0.0000e+00
     26.000     6.5887   3.258941    32.4193       6635     4.6069 0.0000e+00
     25.000     6.6059   3.260181    32.4171       6654     4.6204 0.0000e+00
     24.000     6.6216   3.261284    32.4149       6674     4.6342 0.0000e+00
     23.000     6.6514   3.263229    32.4085       6697     4.6503 0.0000e+00
     22.000     6.7465   3.268865    32.3810       6724     4.6686 0.0000e+00
     21.000     6.8486   3.274797    32.3502       6750     4.6870 0.0000e+00
     20.000     6.9061   3.277755    32.3289       6778     4.7062 0.0000e+00
     19.000     6.9876   3.282476    32.3043       6812     4.7301 0.0000e+00
     18.000     7.0335   3.285267    32.2922       6849     4.7556 0.0000e+00
     17.000     7.1593   3.292938    32.2583       6873     4.7726 0.0000e+00
