HB2402/ctd060.cnv
* Sea-Bird SBE 9 Data File:
* FileName = C:\cruise\data\ctd060.hex
* Software Version Seasave V 7.26.7.121
* Temperature SN = 5253
* Conductivity SN = 4421
* Number of Bytes Per Scan = 37
* Number of Voltage Words = 4
* Number of Scans Averaged by the Deck Unit = 1
* NMEA Latitude = 38 24.30 N
* NMEA Longitude = 073 52.73 W
* NMEA UTC (Time) = Mar 17 2024 17:58:35
* NMEA baud rate = 4800
** Ship: Bigelow HB2304
** Program:  Fall Bottom Trawl Survey
** Chief Scientist: John Galbraith
# nquan = 7
# nvalues = 120                         
# units = specified
# name 0 = depSM: Depth [salt water, m]
# name 1 = t090C: Temperature [ITS-90, deg C]
# name 2 = c0S/m: Conductivity [S/m]
# name 3 = sal00: Salinity, Practical [PSU]
# name 4 = scan: Scan Count
# name 5 = timeM: Time, Elapsed [minutes]
# name 6 = flag: flag
# span 0 =      2.000,     62.000       
# span 1 =     7.1514,     8.0570       
# span 2 =   3.316575,   3.382930       
# span 3 =    32.1884,    32.8364       
# span 4 =        -97,       4103       
# span 5 =    -0.0683,     2.8489       
# span 6 = 0.0000e+00, 0.0000e+00       
# interval = meters: 1                  
# start_time = Mar 17 2024 17:58:35 [NMEA time, header]
# bad_flag = -9.990e-29
*END*
      3.000     8.0086   3.359138    32.1884        -97    -0.0683 0.0000e+00
      4.000     8.0570   3.376553    32.3284        232     0.1607 0.0000e+00
      5.000     8.0461   3.373259    32.3030        237     0.1641 0.0000e+00
      6.000     8.0072   3.370231    32.3062        265     0.1836 0.0000e+00
      7.000     7.9329   3.365334    32.3223        292     0.2019 0.0000e+00
      8.000     7.8841   3.362794    32.3399        316     0.2188 0.0000e+00
      9.000     7.8474   3.361866    32.3636        340     0.2353 0.0000e+00
     10.000     7.8051   3.360646    32.3894        366     0.2532 0.0000e+00
     11.000     7.7389   3.356562    32.4068        395     0.2738 0.0000e+00
     12.000     7.6796   3.352517    32.4181        425     0.2943 0.0000e+00
     13.000     7.6376   3.349797    32.4276        451     0.3125 0.0000e+00
     14.000     7.6081   3.347950    32.4348        476     0.3295 0.0000e+00
     15.000     7.5890   3.347097    32.4431        501     0.3472 0.0000e+00
     16.000     7.5775   3.346909    32.4513        528     0.3662 0.0000e+00
     17.000     7.5703   3.346624    32.4545        556     0.3856 0.0000e+00
     18.000     7.5502   3.345320    32.4587        583     0.4043 0.0000e+00
     19.000     7.5448   3.344931    32.4591        612     0.4240 0.0000e+00
     20.000     7.5277   3.343602    32.4604        641     0.4445 0.0000e+00
     21.000     7.4833   3.340413    32.4670        669     0.4640 0.0000e+00
     22.000     7.4636   3.339143    32.4713        696     0.4824 0.0000e+00
     23.000     7.4595   3.338883    32.4719        723     0.5012 0.0000e+00
     24.000     7.4571   3.338769    32.4725        751     0.5211 0.0000e+00
     25.000     7.4570   3.338801    32.4724        777     0.5389 0.0000e+00
     26.000     7.4566   3.338816    32.4724        802     0.5563 0.0000e+00
     27.000     7.4552   3.338866    32.4738        831     0.5760 0.0000e+00
     28.000     7.4530   3.338854    32.4753        863     0.5988 0.0000e+00
     29.000     7.4470   3.338636    32.4781        893     0.6193 0.0000e+00
     30.000     7.4133   3.336316    32.4842        918     0.6368 0.0000e+00
     31.000     7.3155   3.329389    32.5006        943     0.6545 0.0000e+00
     32.000     7.2939   3.327670    32.5018        972     0.6741 0.0000e+00
     33.000     7.2686   3.325541    32.5020       1002     0.6954 0.0000e+00
     34.000     7.2328   3.322325    32.5003       1029     0.7138 0.0000e+00
     35.000     7.1920   3.318876    32.5008       1052     0.7299 0.0000e+00
     36.000     7.1776   3.317992    32.5042       1077     0.7470 0.0000e+00
     37.000     7.1646   3.317243    32.5079       1108     0.7689 0.0000e+00
     38.000     7.1514   3.316876    32.5158       1141     0.7917 0.0000e+00
     39.000     7.1629   3.318736    32.5248       1167     0.8099 0.0000e+00
     40.000     7.1707   3.320002    32.5307       1191     0.8265 0.0000e+00
     41.000     7.1778   3.320994    32.5343       1216     0.8438 0.0000e+00
     42.000     7.1803   3.321514    32.5371       1245     0.8637 0.0000e+00
     43.000     7.1752   3.321074    32.5367       1276     0.8851 0.0000e+00
     44.000     7.1823   3.322264    32.5424       1303     0.9043 0.0000e+00
     45.000     7.1869   3.323356    32.5495       1328     0.9212 0.0000e+00
     46.000     7.1976   3.325392    32.5610       1354     0.9395 0.0000e+00
     47.000     7.2472   3.334366    32.6111       1383     0.9594 0.0000e+00
     48.000     7.3238   3.345709    32.6614       1409     0.9778 0.0000e+00
     49.000     7.3566   3.350644    32.6833       1434     0.9955 0.0000e+00
     50.000     7.3912   3.355789    32.7059       1462     1.0149 0.0000e+00
     51.000     7.4228   3.361232    32.7345       1493     1.0363 0.0000e+00
     52.000     7.4640   3.367646    32.7643       1521     1.0558 0.0000e+00
     53.000     7.4891   3.371755    32.7844       1546     1.0728 0.0000e+00
     54.000     7.5109   3.375379    32.8025       1570     1.0898 0.0000e+00
     55.000     7.5374   3.379587    32.8223       1596     1.1079 0.0000e+00
     56.000     7.5490   3.381316    32.8295       1624     1.1272 0.0000e+00
     57.000     7.5510   3.381703    32.8314       1651     1.1458 0.0000e+00
     58.000     7.5530   3.382053    32.8328       1676     1.1634 0.0000e+00
     59.000     7.5536   3.382195    32.8332       1703     1.1821 0.0000e+00
     60.000     7.5544   3.382351    32.8338       1732     1.2023 0.0000e+00
     61.000     7.5549   3.382503    32.8344       1768     1.2271 0.0000e+00
     62.000     7.5571   3.382930    32.8364       2554     1.7730 0.0000e+00
     61.000     7.5577   3.382901    32.8360       2596     1.8022 0.0000e+00
     60.000     7.5574   3.382814    32.8359       2575     1.7872 0.0000e+00
     59.000     7.5572   3.382758    32.8359       2601     1.8056 0.0000e+00
     58.000     7.5567   3.382675    32.8359       2624     1.8217 0.0000e+00
     57.000     7.5565   3.382594    32.8358       2649     1.8388 0.0000e+00
     56.000     7.5562   3.382522    32.8357       2677     1.8580 0.0000e+00
     55.000     7.5546   3.382275    32.8351       2705     1.8778 0.0000e+00
     54.000     7.5500   3.381533    32.8319       2732     1.8967 0.0000e+00
     53.000     7.5412   3.380160    32.8259       2759     1.9150 0.0000e+00
     52.000     7.5252   3.377559    32.8134       2783     1.9321 0.0000e+00
     51.000     7.5106   3.375120    32.8014       2807     1.9486 0.0000e+00
     50.000     7.4863   3.371166    32.7822       2833     1.9668 0.0000e+00
     49.000     7.4355   3.363056    32.7430       2862     1.9868 0.0000e+00
     48.000     7.4037   3.357916    32.7180       2887     2.0043 0.0000e+00
     47.000     7.3937   3.356273    32.7102       2910     2.0199 0.0000e+00
     46.000     7.3693   3.352430    32.6921       2935     2.0374 0.0000e+00
     45.000     7.2972   3.341815    32.6457       2966     2.0592 0.0000e+00
     44.000     7.2260   3.330212    32.5875       2994     2.0787 0.0000e+00
     43.000     7.2183   3.328499    32.5767       3018     2.0949 0.0000e+00
     42.000     7.1914   3.324257    32.5565       3041     2.1109 0.0000e+00
     41.000     7.1818   3.322490    32.5468       3067     2.1291 0.0000e+00
     40.000     7.1708   3.320068    32.5313       3097     2.1502 0.0000e+00
     39.000     7.1648   3.319026    32.5261       3124     2.1685 0.0000e+00
     38.000     7.1611   3.318228    32.5214       3145     2.1836 0.0000e+00
     37.000     7.1557   3.317343    32.5174       3168     2.1992 0.0000e+00
     36.000     7.1538   3.316575    32.5112       3195     2.2181 0.0000e+00
     35.000     7.1827   3.318389    32.5042       3227     2.2403 0.0000e+00
     34.000     7.2259   3.321546    32.4983       3256     2.2606 0.0000e+00
     33.000     7.2297   3.321919    32.4993       3280     2.2774 0.0000e+00
     32.000     7.2565   3.323996    32.4970       3303     2.2932 0.0000e+00
     31.000     7.2886   3.326597    32.4956       3327     2.3097 0.0000e+00
     30.000     7.3655   3.332211    32.4846       3351     2.3267 0.0000e+00
     29.000     7.4105   3.335591    32.4794       3377     2.3441 0.0000e+00
     28.000     7.4381   3.337456    32.4741       3404     2.3633 0.0000e+00
     27.000     7.4543   3.338620    32.4720       3435     2.3845 0.0000e+00
     26.000     7.4641   3.339162    32.4692       3462     2.4037 0.0000e+00
     25.000     7.4685   3.339320    32.4672       3486     2.4201 0.0000e+00
     24.000     7.4712   3.339454    32.4667       3510     2.4371 0.0000e+00
     23.000     7.4714   3.339423    32.4666       3538     2.4565 0.0000e+00
     22.000     7.4730   3.339411    32.4654       3566     2.4758 0.0000e+00
     21.000     7.4760   3.339541    32.4644       3593     2.4941 0.0000e+00
     20.000     7.4867   3.340191    32.4619       3617     2.5114 0.0000e+00
     19.000     7.5014   3.341282    32.4604       3641     2.5275 0.0000e+00
     18.000     7.5291   3.343188    32.4555       3664     2.5436 0.0000e+00
     17.000     7.5434   3.344307    32.4547       3692     2.5631 0.0000e+00
     16.000     7.5609   3.345348    32.4500       3723     2.5850 0.0000e+00
     15.000     7.5747   3.346146    32.4461       3750     2.6033 0.0000e+00
     14.000     7.5838   3.346484    32.4418       3774     2.6202 0.0000e+00
     13.000     7.6018   3.347214    32.4332       3800     2.6380 0.0000e+00
     12.000     7.6425   3.349337    32.4186       3825     2.6556 0.0000e+00
     11.000     7.7626   3.355761    32.3762       3848     2.6718 0.0000e+00
     10.000     7.8433   3.360435    32.3517       3874     2.6895 0.0000e+00
      9.000     7.9037   3.363535    32.3293       3902     2.7088 0.0000e+00
      8.000     7.9156   3.364186    32.3256       3928     2.7270 0.0000e+00
      7.000     7.9182   3.364329    32.3252       3950     2.7426 0.0000e+00
      6.000     7.9302   3.365016    32.3219       3973     2.7585 0.0000e+00
      5.000     7.9595   3.366911    32.3155       4003     2.7794 0.0000e+00
      4.000     7.9959   3.369146    32.3061       4033     2.8000 0.0000e+00
      3.000     8.0026   3.369764    32.3069       4055     2.8151 0.0000e+00
      2.000     8.0247   3.371580    32.3063       4103     2.8489 0.0000e+00
