HB2402/ctd070.cnv
* Sea-Bird SBE 9 Data File:
* FileName = C:\cruise\data\ctd070.hex
* Software Version Seasave V 7.26.7.121
* Temperature SN = 5253
* Conductivity SN = 4421
* Number of Bytes Per Scan = 37
* Number of Voltage Words = 4
* Number of Scans Averaged by the Deck Unit = 1
* NMEA Latitude = 39 05.61 N
* NMEA Longitude = 073 39.15 W
* NMEA UTC (Time) = Mar 19 2024 13:41:26
* NMEA baud rate = 4800
** Ship: Bigelow HB2304
** Program:  Fall Bottom Trawl Survey
** Chief Scientist: John Galbraith
# nquan = 7
# nvalues = 85                          
# units = specified
# name 0 = depSM: Depth [salt water, m]
# name 1 = t090C: Temperature [ITS-90, deg C]
# name 2 = c0S/m: Conductivity [S/m]
# name 3 = sal00: Salinity, Practical [PSU]
# name 4 = scan: Scan Count
# name 5 = timeM: Time, Elapsed [minutes]
# name 6 = flag: flag
# span 0 =      1.000,     45.000       
# span 1 =     7.3001,     7.6242       
# span 2 =   3.292340,   3.309144       
# span 3 =    31.8749,    32.1089       
# span 4 =        143,       3263       
# span 5 =     0.0987,     2.2653       
# span 6 = 0.0000e+00, 0.0000e+00       
# interval = meters: 1                  
# start_time = Mar 19 2024 13:41:26 [NMEA time, header]
# bad_flag = -9.990e-29
*END*
      5.000     7.6197   3.296388    31.8749        143     0.0987 0.0000e+00
      6.000     7.6209   3.303824    31.9531        234     0.1619 0.0000e+00
      7.000     7.6218   3.305686    31.9718        258     0.1785 0.0000e+00
      8.000     7.6213   3.306602    31.9816        281     0.1945 0.0000e+00
      9.000     7.6220   3.307475    31.9898        318     0.2198 0.0000e+00
     10.000     7.6235   3.307548    31.9888        356     0.2465 0.0000e+00
     11.000     7.6240   3.307743    31.9900        384     0.2657 0.0000e+00
     12.000     7.6242   3.307877    31.9907        405     0.2805 0.0000e+00
     13.000     7.6219   3.307927    31.9929        423     0.2931 0.0000e+00
     14.000     7.6196   3.308076    31.9961        443     0.3067 0.0000e+00
     15.000     7.6209   3.308093    31.9947        475     0.3290 0.0000e+00
     16.000     7.6228   3.308105    31.9926        520     0.3606 0.0000e+00
     17.000     7.6221   3.308218    31.9940        547     0.3791 0.0000e+00
     18.000     7.6211   3.308301    31.9953        567     0.3928 0.0000e+00
     19.000     7.6180   3.308493    31.9998        585     0.4058 0.0000e+00
     20.000     7.6187   3.308484    31.9986        608     0.4218 0.0000e+00
     21.000     7.6183   3.308540    31.9991        651     0.4511 0.0000e+00
     22.000     7.6200   3.308569    31.9974        687     0.4764 0.0000e+00
     23.000     7.6214   3.308594    31.9958        706     0.4897 0.0000e+00
     24.000     7.6206   3.308666    31.9970        725     0.5026 0.0000e+00
     25.000     7.6201   3.308723    31.9975        749     0.5196 0.0000e+00
     26.000     7.6155   3.309044    32.0048        791     0.5488 0.0000e+00
     27.000     7.6157   3.309144    32.0052        826     0.5731 0.0000e+00
     28.000     7.6043   3.308771    32.0112        848     0.5883 0.0000e+00
     29.000     7.6004   3.308681    32.0133        866     0.6007 0.0000e+00
     30.000     7.5967   3.308666    32.0162        884     0.6133 0.0000e+00
     31.000     7.5805   3.308233    32.0260        907     0.6295 0.0000e+00
     32.000     7.5447   3.306635    32.0414        961     0.6669 0.0000e+00
     33.000     7.4101   3.299217    32.0855        998     0.6922 0.0000e+00
     34.000     7.4072   3.299002    32.0853       1015     0.7039 0.0000e+00
     35.000     7.3946   3.298243    32.0884       1030     0.7149 0.0000e+00
     36.000     7.3672   3.296558    32.0951       1050     0.7288 0.0000e+00
     37.000     7.3439   3.295073    32.1002       1093     0.7585 0.0000e+00
     38.000     7.3150   3.293214    32.1065       1135     0.7878 0.0000e+00
     39.000     7.3099   3.292938    32.1077       1156     0.8019 0.0000e+00
     40.000     7.3057   3.292703    32.1086       1175     0.8150 0.0000e+00
     41.000     7.3045   3.292648    32.1086       1195     0.8291 0.0000e+00
     42.000     7.3025   3.292529    32.1088       1221     0.8474 0.0000e+00
     43.000     7.3001   3.292379    32.1089       1269     0.8807 0.0000e+00
     44.000     7.3002   3.292406    32.1086       1328     0.9217 0.0000e+00
     45.000     7.3001   3.292423    32.1084       1384     0.9601 0.0000e+00
     44.000     7.3008   3.292429    32.1084       1411     0.9793 0.0000e+00
     43.000     7.3014   3.292396    32.1078       1637     1.1363 0.0000e+00
     42.000     7.3023   3.292411    32.1077       1737     1.2055 0.0000e+00
     41.000     7.3029   3.292383    32.1073       1776     1.2328 0.0000e+00
     40.000     7.3029   3.292358    32.1075       1798     1.2478 0.0000e+00
     39.000     7.3037   3.292340    32.1070       1817     1.2614 0.0000e+00
     38.000     7.3074   3.292572    32.1066       1843     1.2790 0.0000e+00
     37.000     7.3231   3.293452    32.1019       1884     1.3077 0.0000e+00
     36.000     7.3615   3.295760    32.0917       1912     1.3274 0.0000e+00
     35.000     7.3957   3.297854    32.0831       1931     1.3406 0.0000e+00
     34.000     7.4349   3.300111    32.0717       1951     1.3542 0.0000e+00
     33.000     7.5064   3.303767    32.0454       1978     1.3726 0.0000e+00
     32.000     7.5629   3.306010    32.0178       2010     1.3949 0.0000e+00
     31.000     7.6044   3.307927    32.0006       2034     1.4119 0.0000e+00
     30.000     7.6085   3.308287    32.0012       2058     1.4288 0.0000e+00
     29.000     7.6173   3.308400    31.9948       2095     1.4540 0.0000e+00
     28.000     7.6186   3.308356    31.9936       2125     1.4753 0.0000e+00
     27.000     7.6208   3.308563    31.9942       2144     1.4880 0.0000e+00
     26.000     7.6211   3.308547    31.9943       2160     1.4992 0.0000e+00
     25.000     7.6215   3.308564    31.9946       2180     1.5131 0.0000e+00
     24.000     7.6233   3.308532    31.9930       2232     1.5492 0.0000e+00
     23.000     7.6218   3.308404    31.9935       2264     1.5717 0.0000e+00
     22.000     7.6229   3.308387    31.9928       2278     1.5812 0.0000e+00
     21.000     7.6231   3.308325    31.9924       2292     1.5910 0.0000e+00
     20.000     7.6226   3.308260    31.9925       2310     1.6034 0.0000e+00
     19.000     7.6234   3.308262    31.9923       2364     1.6410 0.0000e+00
     18.000     7.6228   3.308142    31.9921       2399     1.6653 0.0000e+00
     17.000     7.6231   3.308129    31.9921       2413     1.6751 0.0000e+00
     16.000     7.6230   3.308098    31.9923       2426     1.6843 0.0000e+00
     15.000     7.6229   3.306638    31.9773       2441     1.6944 0.0000e+00
     14.000     7.6231   3.307878    31.9909       2475     1.7182 0.0000e+00
     13.000     7.6217   3.307880    31.9926       2529     1.7555 0.0000e+00
     12.000     7.6209   3.307633    31.9911       2544     1.7657 0.0000e+00
     11.000     7.6212   3.307621    31.9912       2558     1.7754 0.0000e+00
     10.000     7.6217   3.307691    31.9919       2573     1.7859 0.0000e+00
      9.000     7.6216   3.307636    31.9920       2601     1.8054 0.0000e+00
      8.000     7.6213   3.307531    31.9916       2657     1.8447 0.0000e+00
      7.000     7.6213   3.307341    31.9900       2675     1.8571 0.0000e+00
      6.000     7.6211   3.307445    31.9917       2689     1.8668 0.0000e+00
      5.000     7.6211   3.307398    31.9917       2703     1.8762 0.0000e+00
      4.000     7.6213   3.307351    31.9914       2722     1.8893 0.0000e+00
      3.000     7.6213   3.307290    31.9913       2789     1.9358 0.0000e+00
      2.000     7.6219   3.307358    31.9920       3032     2.1051 0.0000e+00
      1.000     7.6237   3.307406    31.9912       3263     2.2653 0.0000e+00
