HB2402/ctd091.cnv
* Sea-Bird SBE 9 Data File:
* FileName = C:\cruise\data\ctd091.hex
* Software Version Seasave V 7.26.7.121
* Temperature SN = 5253
* Conductivity SN = 4421
* Number of Bytes Per Scan = 37
* Number of Voltage Words = 4
* Number of Scans Averaged by the Deck Unit = 1
* NMEA Latitude = 39 19.39 N
* NMEA Longitude = 072 22.44 W
* NMEA UTC (Time) = Apr 02 2024 14:09:24
* NMEA baud rate = 4800
** Ship: Bigelow HB2304
** Program:  Fall Bottom Trawl Survey
** Chief Scientist: John Galbraith
# nquan = 7
# nvalues = 299                         
# units = specified
# name 0 = depSM: Depth [salt water, m]
# name 1 = t090C: Temperature [ITS-90, deg C]
# name 2 = c0S/m: Conductivity [S/m]
# name 3 = sal00: Salinity, Practical [PSU]
# name 4 = scan: Scan Count
# name 5 = timeM: Time, Elapsed [minutes]
# name 6 = flag: flag
# span 0 =      3.000,    152.000       
# span 1 =     6.4640,    11.7500       
# span 2 =   3.271397,   3.976845       
# span 3 =    32.6038,    35.0611       
# span 4 =        -17,       9039       
# span 5 =    -0.0124,     6.2767       
# span 6 = 0.0000e+00, 0.0000e+00       
# interval = meters: 1                  
# start_time = Apr 02 2024 14:09:24 [NMEA time, header]
# bad_flag = -9.990e-29
*END*
[from data line 206]
     95.000    10.6670   3.803129    34.2607       6534     4.5366 0.0000e+00
     94.000    10.6737   3.803643    34.2601       6564     4.5577 0.0000e+00
     93.000    10.6874   3.804876    34.2601       6589     4.5753 0.0000e+00
     92.000    10.6883   3.804930    34.2602       6614     4.5923 0.0000e+00
     91.000    10.6888   3.804436    34.2552       6640     4.6107 0.0000e+00
     90.000    10.6581   3.800220    34.2421       6666     4.6286 0.0000e+00
     89.000    10.6391   3.797172    34.2298       6688     4.6440 0.0000e+00
     88.000    10.6156   3.794062    34.2210       6711     4.6594 0.0000e+00
     87.000    10.6031   3.792144    34.2139       6737     4.6779 0.0000e+00
     86.000    10.5916   3.790454    34.2081       6778     4.7063 0.0000e+00
     85.000    10.5870   3.789742    34.2058       6813     4.7304 0.0000e+00
     84.000    10.5768   3.788339    34.2017       6833     4.7447 0.0000e+00
     83.000    10.5697   3.787220    34.1975       6852     4.7579 0.0000e+00
     82.000    10.5538   3.785014    34.1907       6873     4.7722 0.0000e+00
     81.000    10.5412   3.783145    34.1842       6898     4.7899 0.0000e+00
     80.000    10.5298   3.781544    34.1791       6927     4.8097 0.0000e+00
     79.000    10.5045   3.777848    34.1661       6956     4.8301 0.0000e+00
     78.000    10.4924   3.776204    34.1613       6986     4.8508 0.0000e+00
     77.000    10.4840   3.774984    34.1574       7013     4.8693 0.0000e+00
     76.000    10.4807   3.774388    34.1550       7037     4.8859 0.0000e+00
     75.000    10.4738   3.773226    34.1502       7059     4.9014 0.0000e+00
     74.000    10.4585   3.771050    34.1430       7082     4.9173 0.0000e+00
     73.000    10.4353   3.767911    34.1335       7110     4.9367 0.0000e+00
     72.000    10.4030   3.763807    34.1229       7148     4.9632 0.0000e+00
     71.000    10.2951   3.749881    34.0838       7181     4.9859 0.0000e+00
     70.000    10.1558   3.732627    34.0400       7204     5.0018 0.0000e+00
     69.000     9.9403   3.706617    33.9783       7222     5.0149 0.0000e+00
     68.000     9.7131   3.679186    33.9121       7242     5.0285 0.0000e+00
     67.000     9.6148   3.666268    33.8727       7265     5.0442 0.0000e+00
     66.000     9.3800   3.635698    33.7794       7294     5.0649 0.0000e+00
     65.000     8.6036   3.542074    33.5380       7327     5.0876 0.0000e+00
     64.000     8.1135   3.485035    33.4011       7353     5.1057 0.0000e+00
     63.000     7.9503   3.464750    33.3407       7377     5.1220 0.0000e+00
     62.000     7.8107   3.446823    33.2823       7405     5.1420 0.0000e+00
     61.000     7.7342   3.436411    33.2440       7444     5.1686 0.0000e+00
     60.000     7.6762   3.428894    33.2191       7472     5.1880 0.0000e+00
     59.000     7.6501   3.425689    33.2100       7492     5.2020 0.0000e+00
     58.000     7.6269   3.422484    33.1981       7511     5.2155 0.0000e+00
     57.000     7.6153   3.420623    33.1896       7535     5.2317 0.0000e+00
     56.000     7.5948   3.417945    33.1807       7564     5.2523 0.0000e+00
     55.000     7.5675   3.414065    33.1655       7591     5.2706 0.0000e+00
     54.000     7.5478   3.411422    33.1562       7612     5.2854 0.0000e+00
     53.000     7.5223   3.408150    33.1458       7634     5.3006 0.0000e+00
     52.000     7.4732   3.401446    33.1207       7667     5.3233 0.0000e+00
     51.000     7.4772   3.401729    33.1204       7713     5.3558 0.0000e+00
     50.000     7.4554   3.398478    33.1065       7736     5.3718 0.0000e+00
     49.000     7.4491   3.397742    33.1051       7755     5.3846 0.0000e+00
     48.000     7.4471   3.397183    33.1014       7773     5.3970 0.0000e+00
     47.000     7.4444   3.396714    33.0994       7793     5.4113 0.0000e+00
     46.000     7.4415   3.396208    33.0972       7824     5.4326 0.0000e+00
     45.000     7.4420   3.396157    33.0966       7863     5.4600 0.0000e+00
     44.000     7.4398   3.395765    33.0949       7891     5.4794 0.0000e+00
     43.000     7.4371   3.395407    33.0941       7911     5.4933 0.0000e+00
     42.000     7.4356   3.395183    33.0936       7930     5.5060 0.0000e+00
     41.000     7.4348   3.394907    33.0919       7950     5.5204 0.0000e+00
     40.000     7.4149   3.392129    33.0813       7980     5.5409 0.0000e+00
     39.000     7.3427   3.382105    33.0421       8015     5.5656 0.0000e+00
     38.000     7.2219   3.365862    32.9816       8044     5.5851 0.0000e+00
     37.000     7.1831   3.360691    32.9628       8072     5.6051 0.0000e+00
     36.000     7.1651   3.358046    32.9517       8105     5.6275 0.0000e+00
     35.000     7.1251   3.352761    32.9328       8131     5.6461 0.0000e+00
     34.000     7.0635   3.344890    32.9063       8152     5.6604 0.0000e+00
     33.000     7.0310   3.340823    32.8934       8171     5.6739 0.0000e+00
     32.000     6.9803   3.334506    32.8733       8192     5.6881 0.0000e+00
     31.000     6.8671   3.320815    32.8320       8217     5.7055 0.0000e+00
     30.000     6.7968   3.312902    32.8130       8253     5.7305 0.0000e+00
     29.000     6.6557   3.296701    32.7702       8289     5.7555 0.0000e+00
     28.000     6.5318   3.282129    32.7285       8313     5.7725 0.0000e+00
     27.000     6.5064   3.278259    32.7105       8334     5.7866 0.0000e+00
     26.000     6.4874   3.275132    32.6946       8356     5.8018 0.0000e+00
     25.000     6.4763   3.273433    32.6869       8383     5.8206 0.0000e+00
     24.000     6.4730   3.272611    32.6815       8414     5.8421 0.0000e+00
     23.000     6.4803   3.272770    32.6768       8443     5.8622 0.0000e+00
     22.000     6.4904   3.273465    32.6753       8469     5.8804 0.0000e+00
     21.000     6.4936   3.273419    32.6722       8494     5.8980 0.0000e+00
     20.000     6.4979   3.273581    32.6704       8520     5.9163 0.0000e+00
     19.000     6.5251   3.275610    32.6672       8547     5.9346 0.0000e+00
     18.000     6.5628   3.278470    32.6633       8570     5.9509 0.0000e+00
     17.000     6.6161   3.282131    32.6532       8593     5.9668 0.0000e+00
     16.000     6.6296   3.282761    32.6478       8619     5.9850 0.0000e+00
     15.000     6.6272   3.282122    32.6435       8649     6.0052 0.0000e+00
     14.000     6.6196   3.280901    32.6378       8676     6.0240 0.0000e+00
     13.000     6.6128   3.279869    32.6334       8703     6.0430 0.0000e+00
     12.000     6.6082   3.279005    32.6288       8736     6.0658 0.0000e+00
     11.000     6.6031   3.277899    32.6218       8763     6.0846 0.0000e+00
     10.000     6.6017   3.277511    32.6195       8783     6.0983 0.0000e+00
      9.000     6.6017   3.277415    32.6188       8801     6.1109 0.0000e+00
      8.000     6.6065   3.277534    32.6161       8822     6.1257 0.0000e+00
      7.000     6.6189   3.278046    32.6103       8863     6.1538 0.0000e+00
      6.000     6.6258   3.278265    32.6067       8906     6.1837 0.0000e+00
      5.000     6.6252   3.278232    32.6074       8934     6.2036 0.0000e+00
      4.000     6.6233   3.278076    32.6080       8962     6.2230 0.0000e+00
      3.000     6.6210   3.277847    32.6081       9039     6.2767 0.0000e+00
