HB2402/ctd007.cnv
* Sea-Bird SBE 9 Data File:
* FileName = C:\cruise\data\ctd007.hex
* Software Version Seasave V 7.26.7.121
* Temperature SN = 5253
* Conductivity SN = 4421
* Number of Bytes Per Scan = 37
* Number of Voltage Words = 4
* Number of Scans Averaged by the Deck Unit = 1
* NMEA Latitude = 38 12.69 N
* NMEA Longitude = 074 52.65 W
* NMEA UTC (Time) = Mar 08 2024 09:27:05
* NMEA baud rate = 4800
** Ship: Bigelow HB2304
** Program:  Fall Bottom Trawl Survey
** Chief Scientist: John Galbraith
# nquan = 7
# nvalues = 35                          
# units = specified
# name 0 = depSM: Depth [salt water, m]
# name 1 = t090C: Temperature [ITS-90, deg C]
# name 2 = c0S/m: Conductivity [S/m]
# name 3 = sal00: Salinity, Practical [PSU]
# name 4 = scan: Scan Count
# name 5 = timeM: Time, Elapsed [minutes]
# name 6 = flag: flag
# span 0 =      2.000,     20.000       
# span 1 =     7.4369,     7.5038       
# span 2 =   3.203185,   3.220154       
# span 3 =    30.9875,    31.2168       
# span 4 =        152,       2112       
# span 5 =     0.1048,     1.4657       
# span 6 = 0.0000e+00, 0.0000e+00       
# interval = meters: 1                  
# start_time = Mar 08 2024 09:27:05 [NMEA time, header]
# bad_flag = -9.990e-29
*END*
      4.000     7.4974   3.203185    30.9875        152     0.1048 0.0000e+00
      5.000     7.4984   3.203367    30.9881        264     0.1829 0.0000e+00
      6.000     7.4993   3.203589    30.9892        350     0.2425 0.0000e+00
      7.000     7.5008   3.203791    30.9896        391     0.2710 0.0000e+00
      8.000     7.5020   3.205790    31.0095        452     0.3131 0.0000e+00
      9.000     7.4993   3.211087    31.0681        515     0.3568 0.0000e+00
     10.000     7.4991   3.212342    31.0813        573     0.3975 0.0000e+00
     11.000     7.4901   3.214643    31.1136        614     0.4254 0.0000e+00
     12.000     7.4752   3.216517    31.1466        640     0.4437 0.0000e+00
     13.000     7.4540   3.218422    31.1857        673     0.4669 0.0000e+00
     14.000     7.4488   3.218835    31.1943        755     0.5238 0.0000e+00
     15.000     7.4429   3.219451    31.2058        791     0.5486 0.0000e+00
     16.000     7.4385   3.219868    31.2137        837     0.5808 0.0000e+00
     17.000     7.4369   3.220065    31.2168        909     0.6307 0.0000e+00
     18.000     7.4372   3.220075    31.2162        942     0.6533 0.0000e+00
     19.000     7.4380   3.220041    31.2147       1113     0.7723 0.0000e+00
     20.000     7.4381   3.220154    31.2153       1279     0.8873 0.0000e+00
     19.000     7.4387   3.220079    31.2145       1264     0.8769 0.0000e+00
     18.000     7.4397   3.219832    31.2113       1288     0.8941 0.0000e+00
     17.000     7.4411   3.219658    31.2086       1444     1.0021 0.0000e+00
     16.000     7.4409   3.219600    31.2087       1538     1.0671 0.0000e+00
     15.000     7.4428   3.219401    31.2052       1551     1.0764 0.0000e+00
     14.000     7.4438   3.219265    31.2034       1564     1.0852 0.0000e+00
     13.000     7.4453   3.219055    31.2002       1579     1.0960 0.0000e+00
     12.000     7.4699   3.216809    31.1545       1661     1.1531 0.0000e+00
     11.000     7.4837   3.214788    31.1209       1697     1.1780 0.0000e+00
     10.000     7.4969   3.212117    31.0809       1709     1.1859 0.0000e+00
      9.000     7.5003   3.210728    31.0634       1721     1.1946 0.0000e+00
      8.000     7.5038   3.209386    31.0464       1735     1.2043 0.0000e+00
      7.000     7.5038   3.208748    31.0400       1753     1.2164 0.0000e+00
      6.000     7.5013   3.205286    31.0056       1796     1.2464 0.0000e+00
      5.000     7.5002   3.203710    30.9902       1863     1.2929 0.0000e+00
      4.000     7.5007   3.203572    30.9887       1879     1.3045 0.0000e+00
      3.000     7.5009   3.203657    30.9899       1893     1.3138 0.0000e+00
      2.000     7.5020   3.203586    30.9886       2112     1.4657 0.0000e+00
