HB2402/ctd064.cnv
* Sea-Bird SBE 9 Data File:
* FileName = C:\cruise\data\ctd064.hex
* Software Version Seasave V 7.26.7.121
* Temperature SN = 5253
* Conductivity SN = 4421
* Number of Bytes Per Scan = 37
* Number of Voltage Words = 4
* Number of Scans Averaged by the Deck Unit = 1
* NMEA Latitude = 38 39.69 N
* NMEA Longitude = 073 12.59 W
* NMEA UTC (Time) = Mar 18 2024 11:33:21
* NMEA baud rate = 4800
** Ship: Bigelow HB2304
** Program:  Fall Bottom Trawl Survey
** Chief Scientist: John Galbraith
# nquan = 7
# nvalues = 234                         
# units = specified
# name 0 = depSM: Depth [salt water, m]
# name 1 = t090C: Temperature [ITS-90, deg C]
# name 2 = c0S/m: Conductivity [S/m]
# name 3 = sal00: Salinity, Practical [PSU]
# name 4 = scan: Scan Count
# name 5 = timeM: Time, Elapsed [minutes]
# name 6 = flag: flag
# span 0 =      1.000,    119.000       
# span 1 =     6.9566,    11.0257       
# span 2 =   3.327281,   3.852031       
# span 3 =    32.4181,    34.4037       
# span 4 =         52,       7391       
# span 5 =     0.0352,     5.1323       
# span 6 = 0.0000e+00, 0.0000e+00       
# interval = meters: 1                  
# start_time = Mar 18 2024 11:33:21 [NMEA time, header]
# bad_flag = -9.990e-29
*END*
      4.000     7.5710   3.350942    32.5064         52     0.0352 0.0000e+00
      5.000     7.5785   3.350907    32.4985        216     0.1494 0.0000e+00
      6.000     7.5880   3.350758    32.4875        271     0.1877 0.0000e+00
      7.000     7.5997   3.350847    32.4771        302     0.2089 0.0000e+00
      8.000     7.5991   3.350897    32.4777        326     0.2260 0.0000e+00
      9.000     7.6018   3.350912    32.4749        354     0.2452 0.0000e+00
     10.000     7.6065   3.351003    32.4710        381     0.2637 0.0000e+00
     11.000     7.6057   3.351091    32.4723        402     0.2787 0.0000e+00
     12.000     7.5922   3.351055    32.4840        425     0.2944 0.0000e+00
     13.000     7.4154   3.349829    32.6363        450     0.3120 0.0000e+00
     14.000     7.3434   3.349960    32.7051        479     0.3316 0.0000e+00
     15.000     7.3215   3.348714    32.7118        509     0.3528 0.0000e+00
     16.000     7.2891   3.346548    32.7185        540     0.3740 0.0000e+00
     17.000     7.2561   3.343847    32.7200        568     0.3938 0.0000e+00
     18.000     7.2331   3.342033    32.7215        593     0.4112 0.0000e+00
     19.000     7.2262   3.341530    32.7221        617     0.4281 0.0000e+00
     20.000     7.1922   3.339144    32.7279        645     0.4469 0.0000e+00
     21.000     7.1645   3.337186    32.7324        674     0.4671 0.0000e+00
     22.000     7.1533   3.336227    32.7322        699     0.4850 0.0000e+00
     23.000     7.1404   3.335246    32.7333        724     0.5021 0.0000e+00
     24.000     7.1270   3.334216    32.7343        751     0.5210 0.0000e+00
     25.000     7.1213   3.333874    32.7355        781     0.5416 0.0000e+00
     26.000     7.1203   3.333903    32.7363        808     0.5601 0.0000e+00
     27.000     7.1227   3.334285    32.7377        834     0.5784 0.0000e+00
     28.000     7.1237   3.334428    32.7378        862     0.5978 0.0000e+00
     29.000     7.1240   3.334565    32.7385        890     0.6172 0.0000e+00
     30.000     7.1244   3.334782    32.7401        918     0.6371 0.0000e+00
     31.000     7.1255   3.335093    32.7420        947     0.6571 0.0000e+00
     32.000     7.1254   3.335227    32.7430        973     0.6748 0.0000e+00
     33.000     7.1265   3.335453    32.7439        994     0.6896 0.0000e+00
     34.000     7.1268   3.335668    32.7455       1015     0.7042 0.0000e+00
     35.000     7.1251   3.335675    32.7467       1040     0.7217 0.0000e+00
     36.000     7.1241   3.335927    32.7500       1074     0.7454 0.0000e+00
     37.000     7.1234   3.336052    32.7514       1109     0.7696 0.0000e+00
     38.000     7.1224   3.336171    32.7532       1137     0.7892 0.0000e+00
     39.000     7.1318   3.337859    32.7622       1161     0.8056 0.0000e+00
     40.000     7.1447   3.341153    32.7854       1187     0.8234 0.0000e+00
     41.000     7.1014   3.338834    32.8007       1213     0.8419 0.0000e+00
     42.000     7.0581   3.335656    32.8068       1238     0.8592 0.0000e+00
     43.000     7.0335   3.333603    32.8074       1261     0.8752 0.0000e+00
     44.000     7.0209   3.332825    32.8104       1284     0.8908 0.0000e+00
     45.000     6.9566   3.327281    32.8106       1308     0.9077 0.0000e+00
     46.000     6.9737   3.329685    32.8202       1343     0.9323 0.0000e+00
     47.000     7.0366   3.336588    32.8350       1381     0.9581 0.0000e+00
     48.000     7.0839   3.341613    32.8443       1407     0.9766 0.0000e+00
     49.000     7.0967   3.342978    32.8465       1430     0.9926 0.0000e+00
     50.000     7.0974   3.343160    32.8474       1450     1.0061 0.0000e+00
     51.000     7.0941   3.342970    32.8479       1469     1.0196 0.0000e+00
     52.000     7.0927   3.343029    32.8495       1492     1.0351 0.0000e+00
     53.000     7.0971   3.343585    32.8509       1528     1.0603 0.0000e+00
     54.000     7.0988   3.343859    32.8518       1567     1.0872 0.0000e+00
     55.000     7.1033   3.344443    32.8534       1591     1.1041 0.0000e+00
     56.000     7.1029   3.344448    32.8533       1612     1.1190 0.0000e+00
     57.000     7.1004   3.344371    32.8544       1634     1.1344 0.0000e+00
     58.000     7.1038   3.344899    32.8564       1658     1.1509 0.0000e+00
     59.000     7.1083   3.345546    32.8587       1685     1.1695 0.0000e+00
     60.000     7.1157   3.346620    32.8629       1715     1.1904 0.0000e+00
     61.000     7.1221   3.347745    32.8686       1750     1.2143 0.0000e+00
     62.000     7.1416   3.350914    32.8840       1782     1.2367 0.0000e+00
     63.000     7.1649   3.354496    32.9003       1806     1.2535 0.0000e+00
     64.000     7.1701   3.355528    32.9061       1827     1.2680 0.0000e+00
     65.000     7.1848   3.358662    32.9257       1848     1.2823 0.0000e+00
     66.000     7.2423   3.367629    32.9679       1868     1.2966 0.0000e+00
     67.000     7.3708   3.384108    33.0236       1893     1.3141 0.0000e+00
     68.000     7.4225   3.390939    33.0478       1933     1.3419 0.0000e+00
     69.000     7.5367   3.405661    33.0975       1974     1.3703 0.0000e+00
     70.000     7.6351   3.418771    33.1445       2000     1.3882 0.0000e+00
     71.000     7.8865   3.451777    33.2588       2021     1.4030 0.0000e+00
     72.000     8.3135   3.505733    33.4267       2041     1.4168 0.0000e+00
     73.000     8.7225   3.555325    33.5611       2062     1.4310 0.0000e+00
     74.000     9.5090   3.652370    33.8258       2084     1.4468 0.0000e+00
     75.000     9.9030   3.701653    33.9602       2116     1.4690 0.0000e+00
     76.000    10.0951   3.727661    34.0440       2153     1.4941 0.0000e+00
     77.000    10.3669   3.762643    34.1427       2182     1.5144 0.0000e+00
     78.000    10.4420   3.771827    34.1645       2207     1.5316 0.0000e+00
     79.000    10.4908   3.778018    34.1807       2233     1.5497 0.0000e+00
     80.000    10.5493   3.785703    34.2027       2259     1.5682 0.0000e+00
     81.000    10.6013   3.792215    34.2191       2282     1.5837 0.0000e+00
     82.000    10.6365   3.796857    34.2322       2306     1.6004 0.0000e+00
     83.000    10.6614   3.800298    34.2430       2336     1.6218 0.0000e+00
     84.000    10.6909   3.804229    34.2544       2370     1.6454 0.0000e+00
     85.000    10.7166   3.807513    34.2628       2394     1.6618 0.0000e+00
     86.000    10.7419   3.810900    34.2726       2417     1.6780 0.0000e+00
     87.000    10.7761   3.815802    34.2891       2448     1.6993 0.0000e+00
     88.000    10.8032   3.819703    34.3024       2480     1.7216 0.0000e+00
     89.000    10.8563   3.827161    34.3267       2507     1.7401 0.0000e+00
     90.000    10.8966   3.832141    34.3383       2529     1.7554 0.0000e+00
     91.000    10.9129   3.834280    34.3440       2552     1.7714 0.0000e+00
     92.000    10.9212   3.835463    34.3476       2576     1.7882 0.0000e+00
     93.000    10.9279   3.836675    34.3529       2604     1.8078 0.0000e+00
     94.000    10.9368   3.838305    34.3604       2640     1.8327 0.0000e+00
     95.000    10.9726   3.843355    34.3768       2675     1.8573 0.0000e+00
     96.000    10.9828   3.844768    34.3809       2703     1.8761 0.0000e+00
     97.000    10.9880   3.845494    34.3828       2727     1.8932 0.0000e+00
     98.000    10.9898   3.845832    34.3840       2749     1.9087 0.0000e+00
     99.000    10.9926   3.846252    34.3851       2772     1.9241 0.0000e+00
    100.000    10.9933   3.846409    34.3856       2794     1.9395 0.0000e+00
    101.000    10.9936   3.846516    34.3860       2819     1.9571 0.0000e+00
    102.000    10.9941   3.846647    34.3864       2853     1.9803 0.0000e+00
    103.000    10.9942   3.846760    34.3869       2895     2.0100 0.0000e+00
    104.000    10.9944   3.846871    34.3875       2927     2.0320 0.0000e+00
    105.000    10.9943   3.846940    34.3877       2951     2.0489 0.0000e+00
    106.000    10.9948   3.847066    34.3881       2974     2.0644 0.0000e+00
    107.000    10.9950   3.847161    34.3884       2997     2.0805 0.0000e+00
    108.000    10.9955   3.847270    34.3886       3023     2.0985 0.0000e+00
    109.000    10.9961   3.847401    34.3889       3048     2.1160 0.0000e+00
    110.000    10.9962   3.847488    34.3892       3073     2.1331 0.0000e+00
    111.000    10.9986   3.847873    34.3904       3101     2.1524 0.0000e+00
    112.000    11.0028   3.848499    34.3922       3133     2.1747 0.0000e+00
    113.000    11.0055   3.848904    34.3932       3164     2.1964 0.0000e+00
    114.000    11.0145   3.850189    34.3972       3201     2.2225 0.0000e+00
    115.000    11.0178   3.850645    34.3982       3234     2.2453 0.0000e+00
    116.000    11.0208   3.851150    34.4000       3258     2.2619 0.0000e+00
    117.000    11.0233   3.851484    34.4005       3280     2.2770 0.0000e+00
    118.000    11.0248   3.851756    34.4014       3302     2.2925 0.0000e+00
    119.000    11.0251   3.851911    34.4021       3358     2.3311 0.0000e+00
    118.000    11.0210   3.851413    34.4016       3680     2.5545 0.0000e+00
    117.000    11.0257   3.852031    34.4037       3905     2.7111 0.0000e+00
    116.000    11.0228   3.851603    34.4026       3905     2.7111 0.0000e+00
    115.000    11.0187   3.851016    34.4011       3929     2.7279 0.0000e+00
    114.000    11.0156   3.850555    34.3998       3949     2.7419 0.0000e+00
    113.000    11.0117   3.850034    34.3987       3970     2.7564 0.0000e+00
    112.000    11.0062   3.849235    34.3963       3993     2.7720 0.0000e+00
    111.000    11.0010   3.848505    34.3944       4017     2.7890 0.0000e+00
    110.000    10.9986   3.848160    34.3936       4043     2.8070 0.0000e+00
    109.000    10.9968   3.847865    34.3929       4072     2.8268 0.0000e+00
    108.000    10.9953   3.847634    34.3924       4099     2.8458 0.0000e+00
    107.000    10.9951   3.847560    34.3923       4121     2.8609 0.0000e+00
    106.000    10.9952   3.847537    34.3924       4142     2.8754 0.0000e+00
    105.000    10.9947   3.847461    34.3926       4165     2.8916 0.0000e+00
    104.000    10.9940   3.847353    34.3926       4194     2.9116 0.0000e+00
    103.000    10.9937   3.847261    34.3924       4228     2.9354 0.0000e+00
    102.000    10.9926   3.847088    34.3921       4257     2.9557 0.0000e+00
    101.000    10.9915   3.846879    34.3915       4280     2.9712 0.0000e+00
    100.000    10.9909   3.846749    34.3912       4299     2.9850 0.0000e+00
     99.000    10.9907   3.846674    34.3912       4319     2.9989 0.0000e+00
     98.000    10.9898   3.846504    34.3908       4342     3.0149 0.0000e+00
     97.000    10.9874   3.846157    34.3899       4369     3.0333 0.0000e+00
     96.000    10.9810   3.845235    34.3872       4400     3.0548 0.0000e+00
     95.000    10.9639   3.843093    34.3823       4436     3.0797 0.0000e+00
     94.000    10.9336   3.838725    34.3676       4465     3.1001 0.0000e+00
     93.000    10.9267   3.837683    34.3641       4487     3.1154 0.0000e+00
     92.000    10.9270   3.837572    34.3632       4507     3.1292 0.0000e+00
     91.000    10.9235   3.836979    34.3610       4528     3.1437 0.0000e+00
     90.000    10.9118   3.835264    34.3553       4552     3.1603 0.0000e+00
     89.000    10.8846   3.831852    34.3471       4580     3.1799 0.0000e+00
     88.000    10.8408   3.825764    34.3278       4612     3.2024 0.0000e+00
     87.000    10.7922   3.819453    34.3106       4644     3.2245 0.0000e+00
     86.000    10.7553   3.814261    34.2936       4671     3.2428 0.0000e+00
     85.000    10.7263   3.810334    34.2819       4693     3.2582 0.0000e+00
     84.000    10.7102   3.808270    34.2768       4715     3.2738 0.0000e+00
     83.000    10.6850   3.805010    34.2681       4741     3.2918 0.0000e+00
     82.000    10.6604   3.801865    34.2601       4771     3.3127 0.0000e+00
     81.000    10.6274   3.797462    34.2473       4804     3.3352 0.0000e+00
     80.000    10.5908   3.793076    34.2380       4835     3.3573 0.0000e+00
     79.000    10.5339   3.785811    34.2187       4859     3.3737 0.0000e+00
     78.000    10.4632   3.777221    34.1991       4879     3.3876 0.0000e+00
     77.000    10.3724   3.765158    34.1630       4900     3.4019 0.0000e+00
     76.000    10.1597   3.738288    34.0911       4926     3.4200 0.0000e+00
     75.000    10.0124   3.719002    34.0341       4959     3.4430 0.0000e+00
     74.000     9.7226   3.683099    33.9405       4989     3.4639 0.0000e+00
     73.000     9.0510   3.596667    33.6821       5017     3.4835 0.0000e+00
     72.000     8.5378   3.534959    33.5227       5047     3.5041 0.0000e+00
     71.000     8.2232   3.495128    33.4006       5075     3.5237 0.0000e+00
     70.000     7.9070   3.455109    33.2755       5103     3.5433 0.0000e+00
     69.000     7.7457   3.433988    33.2033       5133     3.5638 0.0000e+00
     68.000     7.6054   3.415928    33.1432       5158     3.5815 0.0000e+00
     67.000     7.4761   3.399182    33.0863       5181     3.5973 0.0000e+00
     66.000     7.3863   3.387432    33.0453       5203     3.6128 0.0000e+00
     65.000     7.2908   3.374105    32.9924       5227     3.6295 0.0000e+00
     64.000     7.2198   3.363993    32.9508       5254     3.6476 0.0000e+00
     63.000     7.2043   3.361121    32.9348       5287     3.6705 0.0000e+00
     62.000     7.1934   3.359175    32.9245       5333     3.7026 0.0000e+00
     61.000     7.1719   3.355508    32.9056       5364     3.7246 0.0000e+00
     60.000     7.1443   3.351561    32.8895       5387     3.7401 0.0000e+00
     59.000     7.1329   3.350097    32.8848       5408     3.7546 0.0000e+00
     58.000     7.1289   3.349326    32.8807       5430     3.7702 0.0000e+00
     57.000     7.1185   3.347984    32.8765       5451     3.7850 0.0000e+00
     56.000     7.1111   3.346987    32.8732       5474     3.8004 0.0000e+00
     55.000     7.1036   3.345890    32.8689       5501     3.8196 0.0000e+00
     54.000     7.1047   3.345901    32.8684       5541     3.8474 0.0000e+00
     53.000     7.1080   3.345918    32.8660       5576     3.8714 0.0000e+00
     52.000     7.1092   3.345890    32.8649       5603     3.8901 0.0000e+00
     51.000     7.1061   3.345453    32.8636       5630     3.9089 0.0000e+00
     50.000     7.0873   3.343402    32.8596       5658     3.9284 0.0000e+00
     49.000     7.0440   3.338497    32.8479       5685     3.9476 0.0000e+00
     48.000     6.9856   3.331759    32.8305       5712     3.9663 0.0000e+00
     47.000     6.9642   3.328890    32.8200       5735     3.9819 0.0000e+00
     46.000     6.9622   3.328303    32.8160       5756     3.9962 0.0000e+00
     45.000     6.9709   3.328828    32.8139       5776     4.0106 0.0000e+00
     44.000     7.0055   3.331680    32.8125       5801     4.0278 0.0000e+00
     43.000     7.0247   3.333090    32.8102       5835     4.0515 0.0000e+00
     42.000     7.0550   3.335045    32.8031       5879     4.0819 0.0000e+00
     41.000     7.1158   3.339092    32.7899       5916     4.1076 0.0000e+00
     40.000     7.1420   3.339723    32.7724       5938     4.1231 0.0000e+00
     39.000     7.1293   3.337655    32.7624       5958     4.1367 0.0000e+00
     38.000     7.1253   3.336789    32.7572       5977     4.1500 0.0000e+00
     37.000     7.1254   3.336333    32.7526       5997     4.1641 0.0000e+00
     36.000     7.1278   3.336171    32.7490       6021     4.1806 0.0000e+00
     35.000     7.1293   3.336075    32.7470       6049     4.1999 0.0000e+00
     34.000     7.1298   3.335997    32.7462       6078     4.2203 0.0000e+00
     33.000     7.1293   3.335809    32.7451       6111     4.2430 0.0000e+00
     32.000     7.1288   3.335602    32.7439       6148     4.2688 0.0000e+00
     31.000     7.1278   3.335350    32.7425       6177     4.2887 0.0000e+00
     30.000     7.1263   3.335066    32.7413       6197     4.3031 0.0000e+00
