HB2402/ctd011.cnv
* Sea-Bird SBE 9 Data File:
* FileName = C:\cruise\data\ctd011.hex
* Software Version Seasave V 7.26.7.121
* Temperature SN = 5253
* Conductivity SN = 4421
* Number of Bytes Per Scan = 37
* Number of Voltage Words = 4
* Number of Scans Averaged by the Deck Unit = 1
* NMEA Latitude = 36 49.60 N
* NMEA Longitude = 074 38.45 W
* NMEA UTC (Time) = Mar 09 2024 16:03:31
* NMEA baud rate = 4800
** Ship: Bigelow HB2304
** Program:  Fall Bottom Trawl Survey
** Chief Scientist: John Galbraith
# nquan = 7
# nvalues = 614                         
# units = specified
# name 0 = depSM: Depth [salt water, m]
# name 1 = t090C: Temperature [ITS-90, deg C]
# name 2 = c0S/m: Conductivity [S/m]
# name 3 = sal00: Salinity, Practical [PSU]
# name 4 = scan: Scan Count
# name 5 = timeM: Time, Elapsed [minutes]
# name 6 = flag: flag
# span 0 =      1.000,    309.000       
# span 1 =     8.3948,    15.2256       
# span 2 =   3.681586,   4.314565       
# span 3 =    33.1510,    35.4587       
# span 4 =         82,      18030       
# span 5 =     0.0560,    12.5202       
# span 6 = 0.0000e+00, 0.0000e+00       
# interval = meters: 1                  
# start_time = Mar 09 2024 16:03:31 [NMEA time, header]
# bad_flag = -9.990e-29
*END*
      4.000    11.2267   3.739713    33.1551         82     0.0560 0.0000e+00
      5.000    11.2254   3.739610    33.1548        289     0.2002 0.0000e+00
      6.000    11.2297   3.740099    33.1553        350     0.2421 0.0000e+00
      7.000    11.2318   3.740328    33.1553        367     0.2544 0.0000e+00
      8.000    11.2366   3.740743    33.1547        388     0.2688 0.0000e+00
      9.000    11.2364   3.740769    33.1547        421     0.2914 0.0000e+00
     10.000    11.2220   3.739506    33.1548        456     0.3161 0.0000e+00
     11.000    11.2095   3.738431    33.1549        481     0.3336 0.0000e+00
     12.000    11.2055   3.738143    33.1553        503     0.3489 0.0000e+00
     13.000    11.2031   3.737936    33.1549        526     0.3646 0.0000e+00
     14.000    11.2043   3.738098    33.1551        553     0.3834 0.0000e+00
     15.000    11.2009   3.737783    33.1545        587     0.4070 0.0000e+00
     16.000    11.2039   3.738123    33.1548        696     0.4827 0.0000e+00
     17.000    11.1921   3.736961    33.1535        778     0.5396 0.0000e+00
     18.000    11.1829   3.736146    33.1533        794     0.5509 0.0000e+00
     19.000    11.1836   3.736270    33.1535        816     0.5662 0.0000e+00
     20.000    11.1829   3.736204    33.1530        859     0.5957 0.0000e+00
     21.000    11.1830   3.736262    33.1530        907     0.6292 0.0000e+00
     22.000    11.1848   3.736508    33.1535        929     0.6444 0.0000e+00
     23.000    11.1855   3.736619    33.1534        946     0.6565 0.0000e+00
     24.000    11.1859   3.736716    33.1536        963     0.6680 0.0000e+00
     25.000    11.1850   3.736651    33.1534        981     0.6807 0.0000e+00
     26.000    11.1845   3.736622    33.1531       1009     0.7002 0.0000e+00
     27.000    11.1849   3.736713    33.1532       1052     0.7297 0.0000e+00
     28.000    11.1825   3.736475    33.1526       1080     0.7494 0.0000e+00
     29.000    11.1780   3.736058    33.1521       1099     0.7628 0.0000e+00
     30.000    11.1685   3.735127    33.1510       1121     0.7780 0.0000e+00
     31.000    11.1909   3.738022    33.1590       1154     0.8007 0.0000e+00
     32.000    11.5076   3.777312    33.2602       1190     0.8255 0.0000e+00
     33.000    11.7302   3.805621    33.3367       1214     0.8421 0.0000e+00
     34.000    11.9672   3.837393    33.4326       1235     0.8571 0.0000e+00
     35.000    12.4656   3.903003    33.6184       1257     0.8725 0.0000e+00
     36.000    12.9052   3.957541    33.7469       1281     0.8888 0.0000e+00
     37.000    13.1122   3.985217    33.8246       1305     0.9056 0.0000e+00
     38.000    13.2421   4.005678    33.9018       1330     0.9231 0.0000e+00
     39.000    13.4497   4.032907    33.9730       1365     0.9475 0.0000e+00
     40.000    13.5242   4.043803    34.0085       1407     0.9765 0.0000e+00
     41.000    13.5761   4.050675    34.0264       1434     0.9949 0.0000e+00
     42.000    13.6015   4.054657    34.0406       1453     1.0084 0.0000e+00
     43.000    13.5887   4.053604    34.0418       1472     1.0217 0.0000e+00
     44.000    13.5796   4.055108    34.0636       1494     1.0369 0.0000e+00
     45.000    13.6476   4.064787    34.0933       1521     1.0555 0.0000e+00
     46.000    13.6300   4.064574    34.1065       1550     1.0755 0.0000e+00
     47.000    13.7540   4.082969    34.1676       1578     1.0949 0.0000e+00
     48.000    13.8311   4.093579    34.1975       1606     1.1149 0.0000e+00
     49.000    13.9625   4.111109    34.2432       1640     1.1380 0.0000e+00
     50.000    14.2024   4.145039    34.3442       1673     1.1612 0.0000e+00
     51.000    14.2766   4.157075    34.3889       1695     1.1765 0.0000e+00
     52.000    14.5053   4.189968    34.4882       1715     1.1903 0.0000e+00
     53.000    14.6588   4.210860    34.5431       1735     1.2041 0.0000e+00
     54.000    14.7183   4.218714    34.5618       1758     1.2200 0.0000e+00
     55.000    14.7343   4.221217    34.5701       1786     1.2397 0.0000e+00
     56.000    14.7528   4.224547    34.5838       1818     1.2617 0.0000e+00
     57.000    14.7754   4.228630    34.6006       1850     1.2842 0.0000e+00
     58.000    14.7898   4.232371    34.6216       1883     1.3066 0.0000e+00
     59.000    14.8325   4.240620    34.6586       1911     1.3265 0.0000e+00
     60.000    14.8769   4.248908    34.6944       1934     1.3423 0.0000e+00
     61.000    14.8941   4.254684    34.7314       1953     1.3553 0.0000e+00
     62.000    14.8775   4.255508    34.7533       1971     1.3679 0.0000e+00
     63.000    14.8446   4.252016    34.7503       1992     1.3824 0.0000e+00
     64.000    14.8168   4.249305    34.7500       2031     1.4098 0.0000e+00
     65.000    14.8622   4.257828    34.7869       2078     1.4422 0.0000e+00
     66.000    15.0066   4.280221    34.8619       2099     1.4567 0.0000e+00
     67.000    15.1710   4.305105    34.9411       2116     1.4688 0.0000e+00
     68.000    15.2256   4.313184    34.9653       2135     1.4820 0.0000e+00
     69.000    15.2132   4.314565    34.9885       2161     1.5000 0.0000e+00
     70.000    15.1135   4.305414    34.9941       2198     1.5258 0.0000e+00
     71.000    15.0674   4.300718    34.9922       2227     1.5457 0.0000e+00
     72.000    14.8785   4.279655    34.9691       2249     1.5609 0.0000e+00
     73.000    14.7055   4.260845    34.9517       2270     1.5755 0.0000e+00
     74.000    14.2905   4.214128    34.8948       2297     1.5947 0.0000e+00
     75.000    14.1483   4.198673    34.8797       2334     1.6202 0.0000e+00
     76.000    14.0466   4.187715    34.8695       2362     1.6398 0.0000e+00
     77.000    14.0203   4.186105    34.8780       2382     1.6533 0.0000e+00
     78.000    13.9654   4.180025    34.8706       2401     1.6665 0.0000e+00
     79.000    13.7181   4.152577    34.8383       2422     1.6815 0.0000e+00
     80.000    13.6072   4.139790    34.8188       2457     1.7056 0.0000e+00
     81.000    13.5762   4.135748    34.8086       2498     1.7341 0.0000e+00
     82.000    13.5148   4.128395    34.7950       2527     1.7541 0.0000e+00
     83.000    13.4418   4.119457    34.7769       2549     1.7695 0.0000e+00
     84.000    13.4085   4.115124    34.7659       2569     1.7831 0.0000e+00
     85.000    13.3333   4.106582    34.7534       2587     1.7961 0.0000e+00
     86.000    13.1942   4.089672    34.7199       2607     1.8098 0.0000e+00
     87.000    13.0890   4.077691    34.7020       2632     1.8273 0.0000e+00
     88.000    12.9545   4.061714    34.6726       2672     1.8551 0.0000e+00
     89.000    12.8723   4.052130    34.6561       2715     1.8845 0.0000e+00
     90.000    12.8739   4.052277    34.6556       2739     1.9016 0.0000e+00
     91.000    12.8691   4.051581    34.6529       2758     1.9143 0.0000e+00
     92.000    12.8201   4.045762    34.6419       2775     1.9261 0.0000e+00
     93.000    12.7993   4.044033    34.6439       2794     1.9396 0.0000e+00
     94.000    12.8104   4.046071    34.6528       2825     1.9608 0.0000e+00
     95.000    12.8062   4.045725    34.6529       2869     1.9918 0.0000e+00
     96.000    12.6910   4.032492    34.6315       2895     2.0099 0.0000e+00
     97.000    12.6558   4.028754    34.6276       2915     2.0239 0.0000e+00
     98.000    12.6360   4.026619    34.6249       2936     2.0384 0.0000e+00
     99.000    12.6311   4.026044    34.6234       2961     2.0558 0.0000e+00
    100.000    12.6192   4.025158    34.6255       2990     2.0756 0.0000e+00
    101.000    12.6233   4.026258    34.6318       3014     2.0927 0.0000e+00
    102.000    12.6263   4.026932    34.6351       3038     2.1089 0.0000e+00
    103.000    12.6254   4.026774    34.6340       3069     2.1303 0.0000e+00
    104.000    12.6344   4.029680    34.6532       3110     2.1587 0.0000e+00
    105.000    12.6373   4.031796    34.6703       3138     2.1783 0.0000e+00
    106.000    12.6342   4.032727    34.6818       3158     2.1927 0.0000e+00
    107.000    12.6318   4.032904    34.6852       3177     2.2058 0.0000e+00
    108.000    12.6279   4.033173    34.6909       3198     2.2198 0.0000e+00
    109.000    12.6171   4.032797    34.6969       3223     2.2372 0.0000e+00
    110.000    12.6067   4.032312    34.7014       3258     2.2615 0.0000e+00
    111.000    12.6065   4.032994    34.7077       3289     2.2833 0.0000e+00
    112.000    12.6088   4.033554    34.7105       3311     2.2983 0.0000e+00
    113.000    12.6171   4.034921    34.7156       3331     2.3125 0.0000e+00
    114.000    12.6289   4.036794    34.7222       3359     2.3320 0.0000e+00
    115.000    12.6499   4.040135    34.7345       3400     2.3605 0.0000e+00
    116.000    12.7151   4.049518    34.7641       3429     2.3806 0.0000e+00
    117.000    12.7293   4.051988    34.7742       3449     2.3944 0.0000e+00
    118.000    12.8557   4.071118    34.8403       3468     2.4073 0.0000e+00
    119.000    12.9501   4.083586    34.8720       3489     2.4223 0.0000e+00
    120.000    12.9824   4.087982    34.8838       3516     2.4412 0.0000e+00
    121.000    12.9815   4.087986    34.8842       3548     2.4634 0.0000e+00
    122.000    12.9968   4.090283    34.8916       3580     2.4857 0.0000e+00
    123.000    12.9994   4.090798    34.8937       3610     2.5065 0.0000e+00
    124.000    13.0112   4.092715    34.9007       3635     2.5239 0.0000e+00
    125.000    13.0450   4.097940    34.9188       3658     2.5394 0.0000e+00
    126.000    13.0535   4.099085    34.9215       3678     2.5535 0.0000e+00
    127.000    13.0525   4.098994    34.9211       3700     2.5690 0.0000e+00
    128.000    13.0534   4.099202    34.9219       3731     2.5903 0.0000e+00
    129.000    13.0533   4.099296    34.9224       3769     2.6164 0.0000e+00
    130.000    13.0545   4.099523    34.9231       3798     2.6365 0.0000e+00
    131.000    13.0579   4.100014    34.9241       3821     2.6529 0.0000e+00
    132.000    13.0595   4.100287    34.9249       3844     2.6688 0.0000e+00
    133.000    13.0669   4.101299    34.9272       3868     2.6851 0.0000e+00
    134.000    13.0775   4.102749    34.9308       3890     2.7010 0.0000e+00
    135.000    13.0762   4.102615    34.9303       3914     2.7170 0.0000e+00
    136.000    13.0930   4.104916    34.9363       3944     2.7379 0.0000e+00
    137.000    13.0906   4.104642    34.9355       3988     2.7686 0.0000e+00
    138.000    13.0947   4.105204    34.9366       4017     2.7891 0.0000e+00
    139.000    13.1028   4.106312    34.9393       4037     2.8031 0.0000e+00
    140.000    13.1046   4.106525    34.9392       4056     2.8160 0.0000e+00
    141.000    13.1041   4.106581    34.9398       4076     2.8298 0.0000e+00
    142.000    13.1045   4.106653    34.9397       4100     2.8462 0.0000e+00
    143.000    13.1040   4.106633    34.9395       4129     2.8667 0.0000e+00
    144.000    13.1015   4.106329    34.9386       4166     2.8925 0.0000e+00
    145.000    13.1083   4.107331    34.9413       4199     2.9154 0.0000e+00
    146.000    13.1150   4.108262    34.9437       4223     2.9323 0.0000e+00
    147.000    13.1207   4.109109    34.9460       4247     2.9487 0.0000e+00
    148.000    13.1197   4.108988    34.9453       4272     2.9659 0.0000e+00
    149.000    13.1303   4.110510    34.9497       4299     2.9848 0.0000e+00
    150.000    13.1570   4.113905    34.9568       4324     3.0018 0.0000e+00
    151.000    13.1821   4.118058    34.9727       4347     3.0183 0.0000e+00
    152.000    13.2021   4.120772    34.9797       4372     3.0354 0.0000e+00
    153.000    13.2158   4.123430    34.9919       4399     3.0539 0.0000e+00
    154.000    13.2315   4.126378    35.0050       4428     3.0741 0.0000e+00
    155.000    13.2453   4.129495    35.0214       4464     3.0993 0.0000e+00
    156.000    13.2772   4.136700    35.0599       4501     3.1253 0.0000e+00
    157.000    13.3302   4.146007    35.0987       4527     3.1433 0.0000e+00
    158.000    13.3357   4.148021    35.1123       4546     3.1560 0.0000e+00
    159.000    13.3075   4.145901    35.1177       4562     3.1672 0.0000e+00
    160.000    13.2973   4.145588    35.1238       4578     3.1783 0.0000e+00
    161.000    13.2865   4.144940    35.1272       4599     3.1934 0.0000e+00
    162.000    13.2770   4.144284    35.1294       4641     3.2223 0.0000e+00
    163.000    13.2707   4.143840    35.1305       4692     3.2576 0.0000e+00
    164.000    13.2641   4.143478    35.1328       4719     3.2761 0.0000e+00
    165.000    13.2630   4.143896    35.1373       4741     3.2916 0.0000e+00
    166.000    13.3017   4.150275    35.1616       4761     3.3056 0.0000e+00
    167.000    13.3909   4.162775    35.1971       4780     3.3191 0.0000e+00
    168.000    13.3993   4.164221    35.2026       4800     3.3330 0.0000e+00
    169.000    13.3905   4.163287    35.2015       4824     3.3493 0.0000e+00
    170.000    13.3599   4.159938    35.1976       4858     3.3727 0.0000e+00
    171.000    13.3513   4.159189    35.1980       4896     3.3996 0.0000e+00
    172.000    13.3415   4.158233    35.1976       4926     3.4202 0.0000e+00
    173.000    13.3373   4.158145    35.2002       4955     3.4400 0.0000e+00
    174.000    13.3375   4.158880    35.2066       4983     3.4599 0.0000e+00
    175.000    13.3290   4.158873    35.2140       5006     3.4758 0.0000e+00
    176.000    13.3166   4.158431    35.2208       5026     3.4896 0.0000e+00
    177.000    13.2651   4.155964    35.2447       5045     3.5025 0.0000e+00
    178.000    13.2094   4.152909    35.2670       5068     3.5186 0.0000e+00
    179.000    13.1500   4.149473    35.2890       5101     3.5420 0.0000e+00
    180.000    13.1181   4.147630    35.3007       5146     3.5727 0.0000e+00
    181.000    13.0956   4.146461    35.3100       5181     3.5969 0.0000e+00
    182.000    13.0747   4.146143    35.3261       5203     3.6126 0.0000e+00
    183.000    13.0710   4.149852    35.3644       5221     3.6247 0.0000e+00
    184.000    13.0738   4.152613    35.3877       5238     3.6368 0.0000e+00
    185.000    13.0767   4.154135    35.3991       5257     3.6499 0.0000e+00
    186.000    13.0868   4.156798    35.4146       5281     3.6670 0.0000e+00
    187.000    13.0032   4.150188    35.4293       5321     3.6947 0.0000e+00
    188.000    12.7766   4.130474    35.4524       5362     3.7230 0.0000e+00
    189.000    12.6559   4.119365    35.4587       5390     3.7421 0.0000e+00
    190.000    12.6331   4.117131    35.4582       5414     3.7590 0.0000e+00
    191.000    12.5986   4.113489    35.4551       5437     3.7753 0.0000e+00
    192.000    12.5712   4.110766    35.4542       5459     3.7902 0.0000e+00
    193.000    12.5589   4.109414    35.4524       5479     3.8044 0.0000e+00
    194.000    12.5435   4.107779    35.4507       5501     3.8195 0.0000e+00
    195.000    12.5257   4.105999    35.4499       5529     3.8392 0.0000e+00
    196.000    12.5005   4.103346    35.4475       5569     3.8665 0.0000e+00
    197.000    12.4052   4.093656    35.4433       5602     3.8893 0.0000e+00
    198.000    12.3668   4.089946    35.4431       5627     3.9072 0.0000e+00
    199.000    12.3573   4.088945    35.4420       5652     3.9244 0.0000e+00
    200.000    12.3540   4.088612    35.4414       5677     3.9415 0.0000e+00
    201.000    12.3485   4.088023    35.4405       5700     3.9578 0.0000e+00
    202.000    12.3279   4.085898    35.4389       5724     3.9745 0.0000e+00
    203.000    12.2795   4.080911    35.4359       5751     3.9930 0.0000e+00
    204.000    12.2557   4.078576    35.4353       5778     4.0115 0.0000e+00
    205.000    12.2106   4.073825    35.4314       5801     4.0281 0.0000e+00
    206.000    12.1484   4.067501    35.4282       5827     4.0457 0.0000e+00
    207.000    12.1096   4.063436    35.4250       5860     4.0691 0.0000e+00
    208.000    12.0857   4.061010    35.4236       5894     4.0922 0.0000e+00
