HB2402/ctd058.cnv
* Sea-Bird SBE 9 Data File:
* FileName = C:\cruise\data\ctd058.hex
* Software Version Seasave V 7.26.7.121
* Temperature SN = 5253
* Conductivity SN = 4421
* Number of Bytes Per Scan = 37
* Number of Voltage Words = 4
* Number of Scans Averaged by the Deck Unit = 1
* NMEA Latitude = 38 16.51 N
* NMEA Longitude = 073 37.15 W
* NMEA UTC (Time) = Mar 17 2024 12:30:10
* NMEA baud rate = 4800
** Ship: Bigelow HB2304
** Program:  Fall Bottom Trawl Survey
** Chief Scientist: John Galbraith
# nquan = 7
# nvalues = 617                         
# units = specified
# name 0 = depSM: Depth [salt water, m]
# name 1 = t090C: Temperature [ITS-90, deg C]
# name 2 = c0S/m: Conductivity [S/m]
# name 3 = sal00: Salinity, Practical [PSU]
# name 4 = scan: Scan Count
# name 5 = timeM: Time, Elapsed [minutes]
# name 6 = flag: flag
# span 0 =      3.000,    311.000       
# span 1 =     7.0184,    12.0400       
# span 2 =   3.332239,   4.033948       
# span 3 =    32.4163,    35.3290       
# span 4 =         -7,      17805       
# span 5 =    -0.0056,    12.3639       
# span 6 = 0.0000e+00, 0.0000e+00       
# interval = meters: 1                  
# start_time = Mar 17 2024 12:30:10 [NMEA time, header]
# bad_flag = -9.990e-29
*END*
[from data line 411]
    208.000    11.5989   4.001990    35.3076      11819     8.2072 0.0000e+00
    207.000    11.6309   4.004965    35.3068      11847     8.2267 0.0000e+00
    206.000    11.6687   4.008322    35.3043      11873     8.2443 0.0000e+00
    205.000    11.7202   4.012828    35.3001      11899     8.2628 0.0000e+00
    204.000    11.7504   4.015338    35.2965      11928     8.2829 0.0000e+00
    203.000    11.7633   4.016323    35.2945      11957     8.3029 0.0000e+00
    202.000    11.7827   4.017904    35.2920      11984     8.3214 0.0000e+00
    201.000    11.8074   4.020114    35.2907      12010     8.3394 0.0000e+00
    200.000    11.8360   4.022625    35.2886      12039     8.3598 0.0000e+00
    199.000    11.8742   4.025580    35.2818      12068     8.3800 0.0000e+00
    198.000    11.9065   4.028125    35.2765      12093     8.3970 0.0000e+00
    197.000    11.9428   4.031056    35.2713      12115     8.4127 0.0000e+00
    196.000    11.9603   4.032417    35.2685      12139     8.4291 0.0000e+00
    195.000    11.9756   4.033144    35.2616      12171     8.4514 0.0000e+00
    194.000    11.9899   4.032891    35.2461      12209     8.4779 0.0000e+00
    193.000    11.9913   4.029461    35.2117      12236     8.4968 0.0000e+00
    192.000    11.9723   4.023882    35.1756      12260     8.5132 0.0000e+00
    191.000    11.9562   4.020168    35.1549      12286     8.5312 0.0000e+00
    190.000    11.9537   4.017028    35.1270      12318     8.5535 0.0000e+00
    189.000    11.9658   4.013034    35.0770      12347     8.5736 0.0000e+00
    188.000    11.9905   4.012493    35.0490      12372     8.5912 0.0000e+00
    187.000    12.0151   4.013171    35.0330      12398     8.6092 0.0000e+00
    186.000    12.0241   4.012599    35.0193      12429     8.6306 0.0000e+00
    185.000    12.0273   4.011811    35.0091      12462     8.6533 0.0000e+00
    184.000    12.0316   4.011062    34.9983      12493     8.6750 0.0000e+00
    183.000    12.0343   4.010056    34.9863      12521     8.6945 0.0000e+00
    182.000    12.0328   4.008902    34.9769      12544     8.7107 0.0000e+00
    181.000    12.0352   4.008888    34.9750      12568     8.7268 0.0000e+00
    180.000    12.0400   4.009049    34.9725      12598     8.7481 0.0000e+00
    179.000    12.0375   4.008370    34.9687      12639     8.7763 0.0000e+00
    178.000    12.0300   4.006721    34.9600      12667     8.7957 0.0000e+00
    177.000    12.0252   4.005627    34.9543      12691     8.8124 0.0000e+00
    176.000    12.0229   4.005093    34.9517      12719     8.8319 0.0000e+00
    175.000    12.0193   4.004258    34.9474      12752     8.8547 0.0000e+00
    174.000    12.0165   4.003630    34.9444      12778     8.8727 0.0000e+00
    173.000    12.0134   4.003011    34.9416      12803     8.8901 0.0000e+00
    172.000    12.0118   4.002503    34.9387      12831     8.9098 0.0000e+00
    171.000    12.0134   4.002445    34.9369      12865     8.9333 0.0000e+00
    170.000    12.0160   4.002448    34.9350      12896     8.9548 0.0000e+00
    169.000    12.0123   4.001436    34.9290      12922     8.9728 0.0000e+00
    168.000    12.0104   4.000935    34.9264      12949     8.9916 0.0000e+00
    167.000    12.0098   4.000683    34.9249      12978     9.0116 0.0000e+00
    166.000    12.0059   3.999816    34.9206      13009     9.0332 0.0000e+00
    165.000    12.0043   3.999288    34.9173      13045     9.0583 0.0000e+00
    164.000    12.0019   3.998765    34.9150      13075     9.0790 0.0000e+00
    163.000    11.9965   3.997669    34.9097      13099     9.0956 0.0000e+00
    162.000    11.9945   3.997013    34.9057      13123     9.1125 0.0000e+00
    161.000    11.9894   3.995414    34.8952      13152     9.1326 0.0000e+00
    160.000    11.9766   3.992226    34.8765      13185     9.1558 0.0000e+00
    159.000    11.9474   3.986506    34.8485      13217     9.1776 0.0000e+00
    158.000    11.9400   3.984396    34.8353      13246     9.1977 0.0000e+00
    157.000    11.9189   3.980854    34.8208      13274     9.2172 0.0000e+00
    156.000    11.8993   3.977945    34.8111      13303     9.2373 0.0000e+00
    155.000    11.8351   3.969605    34.7901      13334     9.2591 0.0000e+00
    154.000    11.6948   3.952753    34.7566      13363     9.2794 0.0000e+00
    153.000    11.5965   3.939991    34.7238      13390     9.2979 0.0000e+00
    152.000    11.5681   3.935950    34.7110      13416     9.3163 0.0000e+00
    151.000    11.5467   3.933049    34.7029      13446     9.3365 0.0000e+00
    150.000    11.5294   3.930782    34.6972      13478     9.3589 0.0000e+00
    149.000    11.5174   3.929184    34.6932      13507     9.3790 0.0000e+00
    148.000    11.5036   3.927226    34.6873      13533     9.3971 0.0000e+00
    147.000    11.5004   3.926775    34.6863      13560     9.4158 0.0000e+00
    146.000    11.4979   3.926371    34.6850      13593     9.4387 0.0000e+00
    145.000    11.4950   3.925968    34.6842      13625     9.4610 0.0000e+00
    144.000    11.4926   3.925626    34.6836      13654     9.4813 0.0000e+00
    143.000    11.4916   3.925454    34.6833      13679     9.4988 0.0000e+00
    142.000    11.4904   3.925288    34.6832      13703     9.5155 0.0000e+00
    141.000    11.4905   3.925240    34.6830      13728     9.5325 0.0000e+00
    140.000    11.4887   3.924954    34.6824      13757     9.5525 0.0000e+00
    139.000    11.4837   3.924340    34.6815      13795     9.5792 0.0000e+00
    138.000    11.4810   3.923953    34.6806      13826     9.6004 0.0000e+00
    137.000    11.4764   3.923359    34.6795      13849     9.6169 0.0000e+00
    136.000    11.4742   3.923046    34.6789      13875     9.6347 0.0000e+00
    135.000    11.4698   3.922475    34.6779      13905     9.6556 0.0000e+00
    134.000    11.4943   3.925140    34.6816      13935     9.6762 0.0000e+00
    133.000    11.5073   3.926641    34.6847      13959     9.6934 0.0000e+00
    132.000    11.5037   3.926218    34.6843      13984     9.7106 0.0000e+00
    131.000    11.5062   3.926471    34.6849      14012     9.7300 0.0000e+00
    130.000    11.5118   3.927077    34.6860      14043     9.7512 0.0000e+00
    129.000    11.5218   3.928182    34.6881      14073     9.7723 0.0000e+00
    128.000    11.5384   3.930014    34.6910      14103     9.7932 0.0000e+00
    127.000    11.5455   3.930812    34.6926      14133     9.8136 0.0000e+00
    126.000    11.5456   3.930826    34.6931      14158     9.8314 0.0000e+00
    125.000    11.5481   3.931067    34.6936      14182     9.8477 0.0000e+00
    124.000    11.5726   3.933710    34.6971      14210     9.8675 0.0000e+00
    123.000    11.5907   3.935658    34.6997      14245     9.8918 0.0000e+00
    122.000    11.6034   3.936993    34.7014      14272     9.9106 0.0000e+00
    121.000    11.6353   3.940323    34.7048      14293     9.9253 0.0000e+00
    120.000    11.6617   3.943182    34.7086      14314     9.9396 0.0000e+00
    119.000    11.6753   3.944518    34.7095      14340     9.9576 0.0000e+00
    118.000    11.6761   3.944431    34.7083      14376     9.9826 0.0000e+00
    117.000    11.6739   3.943997    34.7065      14409    10.0055 0.0000e+00
    116.000    11.6835   3.944788    34.7058      14436    10.0241 0.0000e+00
    115.000    11.6883   3.945223    34.7060      14462    10.0427 0.0000e+00
    114.000    11.6937   3.945601    34.7051      14489    10.0614 0.0000e+00
    113.000    11.7060   3.946457    34.7025      14514    10.0785 0.0000e+00
    112.000    11.7058   3.945860    34.6972      14539    10.0960 0.0000e+00
    111.000    11.6539   3.938989    34.6787      14569    10.1166 0.0000e+00
    110.000    11.5906   3.930892    34.6587      14600    10.1383 0.0000e+00
    109.000    11.5650   3.927525    34.6499      14626    10.1564 0.0000e+00
    108.000    11.5527   3.925696    34.6439      14650    10.1727 0.0000e+00
    107.000    11.5479   3.924621    34.6383      14673    10.1887 0.0000e+00
    106.000    11.5439   3.923501    34.6314      14697    10.2055 0.0000e+00
    105.000    11.5412   3.922870    34.6281      14724    10.2241 0.0000e+00
    104.000    11.5388   3.922241    34.6247      14757    10.2473 0.0000e+00
    103.000    11.5303   3.920941    34.6203      14794    10.2731 0.0000e+00
    102.000    11.5262   3.920196    34.6172      14821    10.2918 0.0000e+00
    101.000    11.5237   3.919749    34.6156      14842    10.3062 0.0000e+00
    100.000    11.5207   3.919279    34.6142      14863    10.3207 0.0000e+00
     99.000    11.5164   3.918447    34.6105      14887    10.3377 0.0000e+00
     98.000    11.5786   3.924839    34.6157      14917    10.3586 0.0000e+00
     97.000    11.6687   3.934756    34.6295      14945    10.3778 0.0000e+00
     96.000    11.6523   3.932362    34.6217      14970    10.3950 0.0000e+00
     95.000    11.6225   3.927839    34.6055      14994    10.4117 0.0000e+00
     94.000    11.5674   3.920154    34.5818      15019    10.4294 0.0000e+00
     93.000    11.4836   3.909128    34.5519      15047    10.4489 0.0000e+00
     92.000    11.3823   3.895700    34.5144      15080    10.4713 0.0000e+00
     91.000    11.2511   3.879428    34.4765      15113    10.4942 0.0000e+00
     90.000    11.2372   3.877730    34.4731      15139    10.5126 0.0000e+00
     89.000    11.2759   3.881545    34.4752      15161    10.5275 0.0000e+00
     88.000    11.3281   3.886994    34.4807      15181    10.5416 0.0000e+00
     87.000    11.3592   3.890419    34.4860      15201    10.5559 0.0000e+00
     86.000    11.3028   3.883002    34.4657      15226    10.5732 0.0000e+00
     85.000    11.0946   3.858127    34.4140      15257    10.5945 0.0000e+00
     84.000    10.5513   3.792909    34.2715      15288    10.6158 0.0000e+00
     83.000    10.1297   3.743761    34.1718      15316    10.6355 0.0000e+00
     82.000     9.8738   3.711701    34.0872      15343    10.6542 0.0000e+00
     81.000     9.6605   3.687029    34.0365      15369    10.6722 0.0000e+00
     80.000     9.5997   3.679666    34.0189      15394    10.6896 0.0000e+00
     79.000     9.5181   3.669533    33.9923      15420    10.7077 0.0000e+00
     78.000     9.4977   3.666719    33.9831      15447    10.7264 0.0000e+00
     77.000     9.4709   3.663347    33.9742      15473    10.7445 0.0000e+00
     76.000     9.4422   3.660180    33.9691      15495    10.7600 0.0000e+00
     75.000     9.4239   3.657638    33.9607      15515    10.7740 0.0000e+00
     74.000     9.4014   3.654523    33.9503      15539    10.7903 0.0000e+00
     73.000     9.3797   3.651348    33.9385      15572    10.8130 0.0000e+00
     72.000     9.2553   3.636113    33.8991      15606    10.8365 0.0000e+00
     71.000     9.1559   3.623389    33.8618      15631    10.8544 0.0000e+00
     70.000     9.0611   3.611758    33.8313      15655    10.8710 0.0000e+00
     69.000     8.9193   3.594528    33.7868      15681    10.8887 0.0000e+00
     68.000     8.8108   3.580130    33.7398      15704    10.9046 0.0000e+00
     67.000     8.7351   3.570846    33.7149      15726    10.9205 0.0000e+00
     66.000     8.6456   3.559665    33.6831      15752    10.9379 0.0000e+00
     65.000     8.5917   3.552761    33.6623      15782    10.9593 0.0000e+00
     64.000     8.5485   3.547024    33.6434      15813    10.9806 0.0000e+00
     63.000     8.5352   3.545088    33.6362      15838    10.9982 0.0000e+00
     62.000     8.5055   3.540888    33.6207      15861    11.0142 0.0000e+00
     61.000     8.4501   3.533322    33.5940      15884    11.0297 0.0000e+00
     60.000     8.4114   3.527574    33.5706      15908    11.0463 0.0000e+00
     59.000     8.3658   3.519865    33.5329      15935    11.0650 0.0000e+00
     58.000     8.3124   3.507796    33.4563      15965    11.0861 0.0000e+00
     57.000     8.1923   3.488636    33.3676      15994    11.1060 0.0000e+00
     56.000     8.0418   3.470319    33.3162      16018    11.1230 0.0000e+00
     55.000     7.8809   3.449849    33.2511      16042    11.1397 0.0000e+00
     54.000     7.7712   3.434962    33.1966      16068    11.1577 0.0000e+00
     53.000     7.6822   3.421131    33.1333      16095    11.1761 0.0000e+00
     52.000     7.6338   3.412050    33.0820      16121    11.1942 0.0000e+00
     51.000     7.5807   3.404261    33.0492      16146    11.2116 0.0000e+00
     50.000     7.5626   3.400245    33.0235      16171    11.2290 0.0000e+00
     49.000     7.5224   3.393535    32.9898      16198    11.2476 0.0000e+00
     48.000     7.4494   3.384614    32.9634      16225    11.2667 0.0000e+00
     47.000     7.3830   3.376115    32.9350      16251    11.2845 0.0000e+00
     46.000     7.3369   3.370910    32.9230      16273    11.3002 0.0000e+00
     45.000     7.2222   3.357950    32.8920      16298    11.3172 0.0000e+00
     44.000     7.1371   3.347983    32.8650      16327    11.3373 0.0000e+00
     43.000     7.0823   3.341641    32.8486      16357    11.3581 0.0000e+00
     42.000     7.0520   3.338513    32.8438      16381    11.3751 0.0000e+00
     41.000     7.0504   3.337872    32.8389      16404    11.3911 0.0000e+00
     40.000     7.0765   3.340138    32.8391      16432    11.4102 0.0000e+00
     39.000     7.1124   3.343346    32.8404      16465    11.4332 0.0000e+00
     38.000     7.1594   3.347652    32.8431      16491    11.4511 0.0000e+00
     37.000     7.1910   3.350579    32.8453      16511    11.4653 0.0000e+00
     36.000     7.2029   3.351689    32.8466      16530    11.4784 0.0000e+00
     35.000     7.2088   3.352136    32.8462      16552    11.4937 0.0000e+00
     34.000     7.1950   3.350398    32.8410      16582    11.5144 0.0000e+00
     33.000     7.1723   3.347989    32.8368      16617    11.5391 0.0000e+00
     32.000     7.0704   3.337299    32.8179      16644    11.5579 0.0000e+00
     31.000     7.0248   3.332239    32.8066      16668    11.5745 0.0000e+00
     30.000     7.0309   3.332490    32.8040      16693    11.5917 0.0000e+00
     29.000     7.0569   3.334713    32.8040      16720    11.6102 0.0000e+00
     28.000     7.0857   3.336634    32.7980      16744    11.6273 0.0000e+00
     27.000     7.2330   3.347365    32.7753      16768    11.6436 0.0000e+00
     26.000     7.3906   3.360122    32.7648      16791    11.6600 0.0000e+00
     25.000     7.4498   3.364777    32.7595      16819    11.6793 0.0000e+00
     24.000     7.4806   3.366863    32.7535      16850    11.7010 0.0000e+00
     23.000     7.5027   3.367808    32.7433      16877    11.7198 0.0000e+00
     22.000     7.5059   3.366904    32.7310      16900    11.7357 0.0000e+00
     21.000     7.5010   3.364780    32.7132      16923    11.7512 0.0000e+00
     20.000     7.5082   3.363697    32.6952      16949    11.7696 0.0000e+00
     19.000     7.5138   3.363242    32.6855      16984    11.7934 0.0000e+00
     18.000     7.5100   3.359035    32.6442      17014    11.8147 0.0000e+00
     17.000     7.4701   3.351550    32.6014      17039    11.8321 0.0000e+00
     16.000     7.4641   3.348999    32.5800      17063    11.8485 0.0000e+00
     15.000     7.4397   3.344214    32.5518      17088    11.8656 0.0000e+00
     14.000     7.4928   3.345266    32.5138      17115    11.8845 0.0000e+00
     13.000     7.5693   3.348951    32.4823      17142    11.9038 0.0000e+00
     12.000     7.6133   3.351145    32.4653      17169    11.9223 0.0000e+00
     11.000     7.6245   3.351394    32.4579      17195    11.9400 0.0000e+00
     10.000     7.6279   3.351091    32.4520      17219    11.9572 0.0000e+00
      9.000     7.6300   3.350936    32.4489      17245    11.9749 0.0000e+00
      8.000     7.6336   3.350898    32.4455      17272    11.9938 0.0000e+00
      7.000     7.6358   3.350931    32.4443      17302    12.0146 0.0000e+00
      6.000     7.6376   3.350983    32.4437      17331    12.0346 0.0000e+00
      5.000     7.6394   3.351051    32.4432      17355    12.0515 0.0000e+00
