HB2402/ctd032.cnv
* Sea-Bird SBE 9 Data File:
* FileName = C:\cruise\data\ctd032.hex
* Software Version Seasave V 7.26.7.121
* Temperature SN = 5253
* Conductivity SN = 4421
* Number of Bytes Per Scan = 37
* Number of Voltage Words = 4
* Number of Scans Averaged by the Deck Unit = 1
* NMEA Latitude = 34 57.41 N
* NMEA Longitude = 075 18.07 W
* NMEA UTC (Time) = Mar 13 2024 09:47:08
* NMEA baud rate = 4800
** Ship: Bigelow HB2304
** Program:  Fall Bottom Trawl Survey
** Chief Scientist: John Galbraith
# nquan = 7
# nvalues = 410                         
# units = specified
# name 0 = depSM: Depth [salt water, m]
# name 1 = t090C: Temperature [ITS-90, deg C]
# name 2 = c0S/m: Conductivity [S/m]
# name 3 = sal00: Salinity, Practical [PSU]
# name 4 = scan: Scan Count
# name 5 = timeM: Time, Elapsed [minutes]
# name 6 = flag: flag
# span 0 =      3.000,    208.000       
# span 1 =    15.3342,    21.5173       
# span 2 =   4.445899,   5.123420       
# span 3 =    35.9412,    36.5129       
# span 4 =        180,      12326       
# span 5 =     0.1242,     8.5589       
# span 6 = 0.0000e+00, 0.0000e+00       
# interval = meters: 1                  
# start_time = Mar 13 2024 09:47:08 [NMEA time, header]
# bad_flag = -9.990e-29
*END*
      4.000    20.5834   4.970343    35.9657        180     0.1242 0.0000e+00
      5.000    20.7034   4.989635    36.0201        303     0.2099 0.0000e+00
      6.000    20.9194   5.024042    36.1152        330     0.2287 0.0000e+00
      7.000    21.0377   5.041684    36.1570        360     0.2490 0.0000e+00
      8.000    21.1407   5.059414    36.2121        386     0.2674 0.0000e+00
      9.000    21.2673   5.079507    36.2660        412     0.2857 0.0000e+00
     10.000    21.2967   5.084722    36.2826        439     0.3043 0.0000e+00
     11.000    21.3550   5.094472    36.3110        466     0.3226 0.0000e+00
     12.000    21.3827   5.099021    36.3237        492     0.3408 0.0000e+00
     13.000    21.4308   5.107335    36.3492        518     0.3590 0.0000e+00
     14.000    21.4553   5.112245    36.3673        544     0.3771 0.0000e+00
     15.000    21.5068   5.120906    36.3926        571     0.3961 0.0000e+00
     16.000    21.5173   5.123089    36.4008        598     0.4148 0.0000e+00
     17.000    21.5171   5.123420    36.4032        624     0.4326 0.0000e+00
     18.000    21.4930   5.120461    36.3996        650     0.4504 0.0000e+00
     19.000    21.4559   5.116010    36.3952        677     0.4691 0.0000e+00
     20.000    21.4419   5.114359    36.3935        704     0.4883 0.0000e+00
     21.000    21.4240   5.112128    36.3904        732     0.5075 0.0000e+00
     22.000    21.4069   5.109974    36.3873        758     0.5258 0.0000e+00
     23.000    21.3871   5.107546    36.3843        785     0.5446 0.0000e+00
     24.000    21.3718   5.105617    36.3815        812     0.5634 0.0000e+00
     25.000    21.3662   5.105019    36.3810        838     0.5810 0.0000e+00
     26.000    21.3556   5.103631    36.3785        863     0.5988 0.0000e+00
     27.000    21.3502   5.103023    36.3779        890     0.6174 0.0000e+00
     28.000    21.3484   5.102868    36.3779        917     0.6364 0.0000e+00
     29.000    21.3439   5.102413    36.3776        946     0.6562 0.0000e+00
     30.000    21.3413   5.102186    36.3777        973     0.6748 0.0000e+00
     31.000    21.3328   5.101218    36.3767        998     0.6924 0.0000e+00
     32.000    21.3229   5.099779    36.3732       1024     0.7102 0.0000e+00
     33.000    21.3082   5.098283    36.3734       1050     0.7286 0.0000e+00
     34.000    21.2888   5.095807    36.3696       1080     0.7495 0.0000e+00
     35.000    21.2786   5.094614    36.3683       1108     0.7684 0.0000e+00
     36.000    21.2617   5.092456    36.3650       1130     0.7843 0.0000e+00
     37.000    21.2484   5.090839    36.3630       1152     0.7990 0.0000e+00
     38.000    21.2328   5.088950    36.3607       1176     0.8159 0.0000e+00
     39.000    21.2258   5.088066    36.3592       1208     0.8383 0.0000e+00
     40.000    21.2129   5.086470    36.3569       1242     0.8618 0.0000e+00
     41.000    21.2011   5.085001    36.3548       1268     0.8800 0.0000e+00
     42.000    21.1866   5.082924    36.3501       1291     0.8959 0.0000e+00
     43.000    21.1813   5.082265    36.3490       1314     0.9121 0.0000e+00
     44.000    21.1777   5.081717    36.3472       1341     0.9308 0.0000e+00
     45.000    21.1701   5.080589    36.3442       1371     0.9516 0.0000e+00
     46.000    21.1563   5.078552    36.3392       1398     0.9698 0.0000e+00
     47.000    21.1545   5.078266    36.3381       1420     0.9857 0.0000e+00
     48.000    21.1393   5.076043    36.3327       1443     1.0015 0.0000e+00
     49.000    21.1066   5.071615    36.3245       1470     1.0199 0.0000e+00
     50.000    21.0790   5.067718    36.3162       1500     1.0408 0.0000e+00
     51.000    21.0550   5.064219    36.3081       1529     1.0614 0.0000e+00
     52.000    21.0386   5.061926    36.3032       1558     1.0813 0.0000e+00
     53.000    21.0365   5.061581    36.3019       1584     1.0991 0.0000e+00
     54.000    21.0432   5.062586    36.3039       1608     1.1159 0.0000e+00
     55.000    21.0522   5.063749    36.3053       1631     1.1323 0.0000e+00
     56.000    21.0444   5.062679    36.3029       1656     1.1495 0.0000e+00
     57.000    21.0421   5.062442    36.3026       1684     1.1690 0.0000e+00
     58.000    21.0209   5.059267    36.2946       1714     1.1894 0.0000e+00
     59.000    20.9371   5.047576    36.2712       1742     1.2088 0.0000e+00
     60.000    20.8741   5.039075    36.2558       1768     1.2268 0.0000e+00
     61.000    20.8297   5.032944    36.2436       1793     1.2445 0.0000e+00
     62.000    20.8014   5.029641    36.2406       1819     1.2628 0.0000e+00
     63.000    20.8195   5.032463    36.2476       1847     1.2822 0.0000e+00
     64.000    20.8307   5.034418    36.2535       1874     1.3009 0.0000e+00
     65.000    20.8578   5.038545    36.2635       1898     1.3176 0.0000e+00
     66.000    20.9672   5.056138    36.3122       1921     1.3336 0.0000e+00
     67.000    21.0479   5.067596    36.3356       1946     1.3509 0.0000e+00
     68.000    21.0700   5.071099    36.3446       1977     1.3723 0.0000e+00
     69.000    21.0897   5.074021    36.3510       2011     1.3960 0.0000e+00
     70.000    21.0919   5.074506    36.3528       2039     1.4153 0.0000e+00
     71.000    21.0941   5.074911    36.3538       2061     1.4305 0.0000e+00
     72.000    21.0945   5.075072    36.3543       2082     1.4449 0.0000e+00
     73.000    21.0943   5.075124    36.3546       2105     1.4608 0.0000e+00
     74.000    21.0941   5.075181    36.3549       2132     1.4797 0.0000e+00
     75.000    21.0930   5.075139    36.3551       2163     1.5013 0.0000e+00
     76.000    21.0875   5.074514    36.3544       2192     1.5217 0.0000e+00
     77.000    21.0869   5.074775    36.3566       2219     1.5405 0.0000e+00
     78.000    21.0880   5.075240    36.3591       2247     1.5596 0.0000e+00
     79.000    21.0904   5.075843    36.3615       2277     1.5806 0.0000e+00
     80.000    21.0894   5.075863    36.3622       2303     1.5989 0.0000e+00
     81.000    21.0888   5.075988    36.3634       2328     1.6159 0.0000e+00
     82.000    21.0878   5.076032    36.3642       2350     1.6315 0.0000e+00
     83.000    21.0762   5.074787    36.3637       2373     1.6474 0.0000e+00
     84.000    21.0652   5.073313    36.3608       2398     1.6645 0.0000e+00
     85.000    21.0430   5.070275    36.3548       2426     1.6842 0.0000e+00
     86.000    20.9655   5.058709    36.3271       2456     1.7047 0.0000e+00
     87.000    20.8293   5.040916    36.2990       2483     1.7238 0.0000e+00
     88.000    20.8496   5.044509    36.3104       2512     1.7435 0.0000e+00
     89.000    20.8851   5.049916    36.3235       2543     1.7651 0.0000e+00
     90.000    20.8743   5.049099    36.3258       2571     1.7849 0.0000e+00
     91.000    20.8798   5.050018    36.3282       2595     1.8013 0.0000e+00
     92.000    20.8572   5.048032    36.3310       2618     1.8173 0.0000e+00
     93.000    20.8481   5.047772    36.3364       2643     1.8350 0.0000e+00
     94.000    20.8497   5.048341    36.3392       2672     1.8546 0.0000e+00
     95.000    20.8453   5.048326    36.3425       2700     1.8746 0.0000e+00
     96.000    20.8338   5.047761    36.3474       2727     1.8928 0.0000e+00
     97.000    20.8446   5.051798    36.3704       2751     1.9094 0.0000e+00
     98.000    20.7480   5.040560    36.3616       2776     1.9267 0.0000e+00
     99.000    20.6420   5.028100    36.3508       2804     1.9467 0.0000e+00
    100.000    20.5307   5.014141    36.3322       2835     1.9682 0.0000e+00
    101.000    20.4619   5.004944    36.3159       2863     1.9876 0.0000e+00
    102.000    20.3009   4.983424    36.2779       2887     2.0042 0.0000e+00
    103.000    20.3024   4.985543    36.2936       2911     2.0207 0.0000e+00
    104.000    20.3146   4.988676    36.3084       2940     2.0410 0.0000e+00
    105.000    20.3444   4.996240    36.3442       2974     2.0646 0.0000e+00
    106.000    20.3910   5.008659    36.4054       3000     2.0830 0.0000e+00
    107.000    20.4202   5.015753    36.4378       3022     2.0978 0.0000e+00
    108.000    20.2995   5.006565    36.4664       3043     2.1127 0.0000e+00
    109.000    20.1935   4.998760    36.4938       3071     2.1321 0.0000e+00
    110.000    20.1772   4.997194    36.4946       3106     2.1562 0.0000e+00
    111.000    20.1586   4.995578    36.4970       3133     2.1750 0.0000e+00
    112.000    20.1444   4.994440    36.4996       3154     2.1898 0.0000e+00
    113.000    20.1170   4.992292    36.5054       3175     2.2038 0.0000e+00
    114.000    20.0733   4.988525    36.5119       3200     2.2213 0.0000e+00
    115.000    20.0442   4.985623    36.5129       3237     2.2476 0.0000e+00
    116.000    20.0187   4.982691    36.5105       3275     2.2739 0.0000e+00
    117.000    19.9973   4.980393    36.5098       3296     2.2883 0.0000e+00
    118.000    19.9639   4.976565    36.5069       3316     2.3024 0.0000e+00
    119.000    19.9259   4.972498    36.5059       3339     2.3178 0.0000e+00
    120.000    19.9100   4.970751    36.5049       3370     2.3399 0.0000e+00
    121.000    19.8953   4.969095    36.5038       3404     2.3635 0.0000e+00
    122.000    19.8835   4.967709    36.5022       3426     2.3786 0.0000e+00
    123.000    19.8713   4.966263    36.5005       3444     2.3912 0.0000e+00
    124.000    19.8514   4.963815    36.4971       3463     2.4041 0.0000e+00
    125.000    19.8408   4.962530    36.4954       3488     2.4217 0.0000e+00
    126.000    19.8349   4.961720    36.4935       3530     2.4510 0.0000e+00
    127.000    19.8316   4.961335    36.4927       3565     2.4750 0.0000e+00
    128.000    19.8249   4.960520    36.4915       3588     2.4908 0.0000e+00
    129.000    19.8049   4.957897    36.4868       3609     2.5055 0.0000e+00
    130.000    19.7673   4.953358    36.4815       3633     2.5220 0.0000e+00
    131.000    19.7121   4.947561    36.4812       3662     2.5423 0.0000e+00
    132.000    19.6825   4.944318    36.4798       3693     2.5638 0.0000e+00
    133.000    19.6005   4.935129    36.4746       3719     2.5817 0.0000e+00
    134.000    19.5376   4.927825    36.4684       3740     2.5962 0.0000e+00
    135.000    19.3469   4.906176    36.4544       3760     2.6104 0.0000e+00
    136.000    19.1756   4.888673    36.4577       3783     2.6265 0.0000e+00
    137.000    19.0722   4.877822    36.4570       3816     2.6493 0.0000e+00
    138.000    18.9880   4.868131    36.4493       3852     2.6741 0.0000e+00
    139.000    18.8654   4.854241    36.4398       3877     2.6919 0.0000e+00
    140.000    18.7849   4.844903    36.4315       3900     2.7077 0.0000e+00
    141.000    18.7283   4.838379    36.4260       3923     2.7233 0.0000e+00
    142.000    18.6217   4.826462    36.4188       3949     2.7415 0.0000e+00
    143.000    18.5846   4.822209    36.4151       3978     2.7620 0.0000e+00
    144.000    18.5301   4.816017    36.4104       4008     2.7827 0.0000e+00
    145.000    18.4895   4.811224    36.4052       4034     2.8008 0.0000e+00
    146.000    18.4104   4.802498    36.4006       4056     2.8162 0.0000e+00
    147.000    18.3770   4.798791    36.3983       4077     2.8306 0.0000e+00
    148.000    18.3183   4.792241    36.3941       4100     2.8462 0.0000e+00
    149.000    18.2918   4.789453    36.3935       4131     2.8678 0.0000e+00
    150.000    18.2659   4.786515    36.3909       4169     2.8945 0.0000e+00
    151.000    18.2513   4.784871    36.3895       4196     2.9132 0.0000e+00
    152.000    18.2102   4.780302    36.3866       4218     2.9282 0.0000e+00
    153.000    18.1488   4.773530    36.3828       4237     2.9419 0.0000e+00
    154.000    18.1040   4.768786    36.3816       4260     2.9575 0.0000e+00
    155.000    18.0517   4.763179    36.3797       4293     2.9803 0.0000e+00
    156.000    18.0302   4.760738    36.3775       4331     3.0067 0.0000e+00
    157.000    17.9747   4.754198    36.3704       4361     3.0278 0.0000e+00
    158.000    17.8870   4.744064    36.3611       4388     3.0468 0.0000e+00
    159.000    17.8733   4.742433    36.3588       4420     3.0686 0.0000e+00
    160.000    17.8622   4.741002    36.3560       4454     3.0925 0.0000e+00
    161.000    17.8177   4.735751    36.3501       4483     3.1122 0.0000e+00
    162.000    17.7847   4.731299    36.3408       4506     3.1284 0.0000e+00
    163.000    17.6507   4.716075    36.3286       4528     3.1436 0.0000e+00
    164.000    17.5376   4.702531    36.3121       4551     3.1600 0.0000e+00
    165.000    17.4541   4.692979    36.3036       4581     3.1806 0.0000e+00
    166.000    17.3771   4.683345    36.2885       4612     3.2018 0.0000e+00
    167.000    17.3063   4.675420    36.2826       4638     3.2199 0.0000e+00
    168.000    17.3159   4.676215    36.2806       4664     3.2380 0.0000e+00
    169.000    17.2796   4.671720    36.2736       4695     3.2597 0.0000e+00
    170.000    17.2260   4.665450    36.2667       4726     3.2814 0.0000e+00
    171.000    17.2200   4.664696    36.2651       4749     3.2975 0.0000e+00
    172.000    17.1999   4.662197    36.2609       4770     3.3116 0.0000e+00
    173.000    17.1660   4.658362    36.2575       4790     3.3257 0.0000e+00
    174.000    17.1573   4.657315    36.2557       4813     3.3415 0.0000e+00
    175.000    17.1300   4.654053    36.2514       4844     3.3630 0.0000e+00
    176.000    17.1208   4.652946    36.2496       4880     3.3880 0.0000e+00
    177.000    17.0994   4.650326    36.2455       4907     3.4072 0.0000e+00
    178.000    17.0723   4.647176    36.2420       4931     3.4237 0.0000e+00
    179.000    17.0164   4.640430    36.2328       4955     3.4406 0.0000e+00
    180.000    16.9637   4.634384    36.2268       4983     3.4598 0.0000e+00
    181.000    16.8989   4.626672    36.2171       5012     3.4799 0.0000e+00
    182.000    16.8104   4.616176    36.2042       5039     3.4986 0.0000e+00
    183.000    16.7464   4.608790    36.1966       5063     3.5152 0.0000e+00
    184.000    16.7005   4.603350    36.1896       5086     3.5313 0.0000e+00
    185.000    16.6448   4.596868    36.1823       5111     3.5485 0.0000e+00
    186.000    16.5893   4.590351    36.1745       5140     3.5689 0.0000e+00
    187.000    16.5173   4.581933    36.1647       5171     3.5903 0.0000e+00
    188.000    16.4299   4.571662    36.1524       5200     3.6102 0.0000e+00
    189.000    16.3213   4.559383    36.1414       5226     3.6284 0.0000e+00
    190.000    16.2533   4.551526    36.1328       5251     3.6455 0.0000e+00
    191.000    16.1822   4.543385    36.1245       5276     3.6631 0.0000e+00
    192.000    16.1328   4.537736    36.1185       5303     3.6819 0.0000e+00
    193.000    16.0817   4.531890    36.1124       5331     3.7015 0.0000e+00
    194.000    16.0251   4.525244    36.1040       5357     3.7196 0.0000e+00
    195.000    15.9562   4.517307    36.0953       5384     3.7380 0.0000e+00
    196.000    15.8167   4.501527    36.0804       5415     3.7594 0.0000e+00
    197.000    15.7902   4.498508    36.0771       5449     3.7837 0.0000e+00
    198.000    15.7224   4.490629    36.0676       5480     3.8049 0.0000e+00
    199.000    15.7037   4.488500    36.0652       5525     3.8362 0.0000e+00
    200.000    15.7241   4.490476    36.0639       5572     3.8691 0.0000e+00
    201.000    15.5960   4.476375    36.0535       5601     3.8887 0.0000e+00
    202.000    15.5266   4.468175    36.0425       5627     3.9070 0.0000e+00
    203.000    15.4298   4.456993    36.0294       5667     3.9345 0.0000e+00
    204.000    15.4009   4.453745    36.0261       5718     3.9702 0.0000e+00
    205.000    15.3619   4.449018    36.0185       5748     3.9909 0.0000e+00
    206.000    15.3344   4.446058    36.0165       5776     4.0101 0.0000e+00
    207.000    15.3342   4.445899    36.0148       5846     4.0591 0.0000e+00
    208.000    15.3369   4.445979    36.0125       5988     4.1576 0.0000e+00
