HB2402/ctd075.cnv
* Sea-Bird SBE 9 Data File:
* FileName = C:\cruise\data\ctd075.hex
* Software Version Seasave V 7.26.7.121
* Temperature SN = 5253
* Conductivity SN = 4421
* Number of Bytes Per Scan = 37
* Number of Voltage Words = 4
* Number of Scans Averaged by the Deck Unit = 1
* NMEA Latitude = 39 29.89 N
* NMEA Longitude = 074 05.32 W
* NMEA UTC (Time) = Mar 20 2024 13:34:48
* NMEA baud rate = 4800
** Ship: Bigelow HB2304
** Program:  Fall Bottom Trawl Survey
** Chief Scientist: John Galbraith
# nquan = 7
# nvalues = 32                          
# units = specified
# name 0 = depSM: Depth [salt water, m]
# name 1 = t090C: Temperature [ITS-90, deg C]
# name 2 = c0S/m: Conductivity [S/m]
# name 3 = sal00: Salinity, Practical [PSU]
# name 4 = scan: Scan Count
# name 5 = timeM: Time, Elapsed [minutes]
# name 6 = flag: flag
# span 0 =      1.000,     18.000       
# span 1 =     6.8237,     7.2919       
# span 2 =   3.121704,   3.151417       
# span 3 =    30.3400,    30.8119       
# span 4 =        120,       2331       
# span 5 =     0.0825,     1.6182       
# span 6 = 0.0000e+00, 0.0000e+00       
# interval = meters: 1                  
# start_time = Mar 20 2024 13:34:48 [NMEA time, header]
# bad_flag = -9.990e-29
*END*
      4.000     7.2919   3.151417    30.6148        120     0.0825 0.0000e+00
      5.000     7.2668   3.133201    30.4406        318     0.2204 0.0000e+00
      6.000     7.2700   3.131283    30.4168        345     0.2386 0.0000e+00
      7.000     7.2718   3.130457    30.4059        393     0.2724 0.0000e+00
      8.000     7.2705   3.127579    30.3757        437     0.3029 0.0000e+00
      9.000     7.2666   3.125489    30.3562        472     0.3272 0.0000e+00
     10.000     7.2642   3.124592    30.3482        508     0.3520 0.0000e+00
     11.000     7.2669   3.124596    30.3455        550     0.3810 0.0000e+00
     12.000     7.2647   3.124468    30.3455        592     0.4103 0.0000e+00
     13.000     7.2370   3.122791    30.3514        628     0.4356 0.0000e+00
     14.000     7.2317   3.122641    30.3540        662     0.4593 0.0000e+00
     15.000     7.2266   3.122521    30.3567        701     0.4864 0.0000e+00
     16.000     7.1870   3.122431    30.3902        743     0.5150 0.0000e+00
     17.000     6.8599   3.130837    30.7710        783     0.5427 0.0000e+00
     18.000     6.8305   3.131585    30.8050       1001     0.6943 0.0000e+00
     17.000     6.8237   3.131617    30.8119       1313     0.9109 0.0000e+00
     16.000     6.8238   3.131455    30.8105       1366     0.9477 0.0000e+00
     15.000     6.8468   3.130236    30.7771       1420     0.9856 0.0000e+00
     14.000     6.9368   3.127916    30.6719       1474     1.0230 0.0000e+00
     13.000     7.1179   3.123470    30.4638       1531     1.0626 0.0000e+00
     12.000     7.2079   3.121704    30.3657       1587     1.1011 0.0000e+00
     11.000     7.2336   3.121958    30.3463       1640     1.1384 0.0000e+00
     10.000     7.2377   3.122187    30.3457       1694     1.1759 0.0000e+00
      9.000     7.2409   3.122395    30.3455       1755     1.2182 0.0000e+00
      8.000     7.2559   3.123067    30.3400       1812     1.2578 0.0000e+00
      7.000     7.2693   3.124130    30.3401       1842     1.2781 0.0000e+00
      6.000     7.2706   3.124220    30.3404       1885     1.3084 0.0000e+00
      5.000     7.2687   3.124022    30.3404       1924     1.3357 0.0000e+00
      4.000     7.2713   3.124192    30.3404       1961     1.3614 0.0000e+00
      3.000     7.2734   3.124488    30.3422       2159     1.4983 0.0000e+00
      2.000     7.2738   3.124459    30.3420       2289     1.5888 0.0000e+00
      1.000     7.2756   3.124567    30.3420       2331     1.6182 0.0000e+00
