HB2402/ctd029.cnv
* Sea-Bird SBE 9 Data File:
* FileName = C:\cruise\data\ctd029.hex
* Software Version Seasave V 7.26.7.121
* Temperature SN = 5253
* Conductivity SN = 4421
* Number of Bytes Per Scan = 37
* Number of Voltage Words = 4
* Number of Scans Averaged by the Deck Unit = 1
* NMEA Latitude = 34 25.50 N
* NMEA Longitude = 075 48.12 W
* NMEA UTC (Time) = Mar 13 2024 00:28:30
* NMEA baud rate = 4800
** Ship: Bigelow HB2304
** Program:  Fall Bottom Trawl Survey
** Chief Scientist: John Galbraith
# nquan = 7
# nvalues = 447                         
# units = specified
# name 0 = depSM: Depth [salt water, m]
# name 1 = t090C: Temperature [ITS-90, deg C]
# name 2 = c0S/m: Conductivity [S/m]
# name 3 = sal00: Salinity, Practical [PSU]
# name 4 = scan: Scan Count
# name 5 = timeM: Time, Elapsed [minutes]
# name 6 = flag: flag
# span 0 =      3.000,    226.000       
# span 1 =    16.8471,    23.8826       
# span 2 =   4.622563,   5.371754       
# span 3 =    36.2099,    36.5676       
# span 4 =         36,      14031       
# span 5 =     0.0245,     9.7434       
# span 6 = 0.0000e+00, 0.0000e+00       
# interval = meters: 1                  
# start_time = Mar 13 2024 00:28:30 [NMEA time, header]
# bad_flag = -9.990e-29
*END*
      3.000    23.8493   5.367520    36.3709         36     0.0245 0.0000e+00
      4.000    23.8574   5.368461    36.3711        247     0.1709 0.0000e+00
      5.000    23.8415   5.366824    36.3713        340     0.2357 0.0000e+00
      6.000    23.8698   5.369969    36.3718        352     0.2438 0.0000e+00
      7.000    23.8806   5.370905    36.3697        373     0.2586 0.0000e+00
      8.000    23.8818   5.371128    36.3701        407     0.2817 0.0000e+00
      9.000    23.8809   5.371141    36.3706        442     0.3065 0.0000e+00
     10.000    23.8808   5.371186    36.3707        464     0.3212 0.0000e+00
     11.000    23.8811   5.371271    36.3708        485     0.3359 0.0000e+00
     12.000    23.8814   5.371337    36.3706        512     0.3547 0.0000e+00
     13.000    23.8821   5.371445    36.3706        544     0.3774 0.0000e+00
     14.000    23.8823   5.371514    36.3707        570     0.3953 0.0000e+00
     15.000    23.8826   5.371589    36.3706        594     0.4119 0.0000e+00
     16.000    23.8822   5.371622    36.3708        621     0.4309 0.0000e+00
     17.000    23.8806   5.371547    36.3712        653     0.4526 0.0000e+00
     18.000    23.8826   5.371754    36.3709        681     0.4720 0.0000e+00
     19.000    23.8817   5.371730    36.3710        705     0.4891 0.0000e+00
     20.000    23.8697   5.370632    36.3721        728     0.5052 0.0000e+00
     21.000    23.8696   5.370670    36.3722        756     0.5240 0.0000e+00
     22.000    23.8684   5.370584    36.3721        787     0.5455 0.0000e+00
     23.000    23.8685   5.370700    36.3727        815     0.5651 0.0000e+00
     24.000    23.8725   5.371153    36.3724        840     0.5825 0.0000e+00
     25.000    23.8701   5.370911    36.3723        866     0.6005 0.0000e+00
     26.000    23.8733   5.371295    36.3722        894     0.6204 0.0000e+00
     27.000    23.8745   5.371430    36.3719        922     0.6399 0.0000e+00
     28.000    23.8739   5.371450    36.3723        951     0.6595 0.0000e+00
     29.000    23.8715   5.371254    36.3724        981     0.6808 0.0000e+00
     30.000    23.7762   5.362296    36.3817       1009     0.6998 0.0000e+00
     31.000    23.7625   5.361237    36.3846       1032     0.7156 0.0000e+00
     32.000    23.7599   5.361047    36.3849       1054     0.7315 0.0000e+00
     33.000    23.7671   5.361667    36.3833       1081     0.7500 0.0000e+00
     34.000    23.7668   5.361625    36.3829       1111     0.7710 0.0000e+00
     35.000    23.7625   5.361321    36.3838       1141     0.7919 0.0000e+00
     36.000    23.7532   5.360488    36.3847       1169     0.8114 0.0000e+00
     37.000    23.7229   5.357615    36.3873       1197     0.8306 0.0000e+00
     38.000    23.4936   5.335558    36.4064       1226     0.8507 0.0000e+00
     39.000    23.3335   5.319554    36.4150       1252     0.8685 0.0000e+00
     40.000    23.1378   5.299090    36.4184       1277     0.8861 0.0000e+00
     41.000    22.9469   5.276782    36.4035       1307     0.9067 0.0000e+00
     42.000    22.8042   5.259730    36.3891       1340     0.9299 0.0000e+00
     43.000    22.7404   5.252509    36.3856       1366     0.9476 0.0000e+00
     44.000    22.7283   5.251137    36.3846       1388     0.9634 0.0000e+00
     45.000    22.6875   5.246286    36.3803       1415     0.9820 0.0000e+00
     46.000    22.6522   5.242226    36.3777       1447     1.0040 0.0000e+00
     47.000    22.6358   5.240542    36.3779       1474     1.0227 0.0000e+00
     48.000    22.6471   5.242631    36.3844       1500     1.0407 0.0000e+00
     49.000    22.6518   5.243342    36.3857       1533     1.0638 0.0000e+00
     50.000    22.6500   5.243169    36.3855       1565     1.0862 0.0000e+00
     51.000    22.6507   5.243475    36.3870       1591     1.1043 0.0000e+00
     52.000    22.6502   5.244108    36.3919       1616     1.1214 0.0000e+00
     53.000    22.6333   5.242661    36.3944       1645     1.1416 0.0000e+00
     54.000    22.6207   5.241249    36.3935       1678     1.1642 0.0000e+00
     55.000    22.5510   5.233468    36.3905       1705     1.1832 0.0000e+00
     56.000    22.4807   5.225743    36.3883       1731     1.2015 0.0000e+00
     57.000    22.4547   5.222719    36.3860       1761     1.2221 0.0000e+00
     58.000    22.4274   5.219454    36.3828       1789     1.2420 0.0000e+00
     59.000    22.4181   5.218040    36.3791       1815     1.2597 0.0000e+00
     60.000    22.4033   5.215983    36.3750       1843     1.2794 0.0000e+00
     61.000    22.4053   5.216243    36.3750       1872     1.2996 0.0000e+00
     62.000    22.4054   5.216228    36.3745       1901     1.3194 0.0000e+00
     63.000    22.3966   5.214849    36.3706       1932     1.3412 0.0000e+00
     64.000    22.3811   5.212688    36.3663       1963     1.3627 0.0000e+00
     65.000    22.3815   5.212752    36.3662       1990     1.3814 0.0000e+00
     66.000    22.3827   5.212942    36.3663       2018     1.4007 0.0000e+00
     67.000    22.3784   5.212394    36.3652       2047     1.4210 0.0000e+00
     68.000    22.3785   5.212444    36.3652       2077     1.4414 0.0000e+00
     69.000    22.3710   5.211370    36.3626       2105     1.4611 0.0000e+00
     70.000    22.3664   5.210783    36.3615       2131     1.4792 0.0000e+00
     71.000    22.3590   5.209778    36.3595       2157     1.4973 0.0000e+00
     72.000    22.3571   5.209542    36.3589       2187     1.5181 0.0000e+00
     73.000    22.3487   5.208374    36.3564       2220     1.5408 0.0000e+00
     74.000    22.3407   5.207271    36.3541       2249     1.5612 0.0000e+00
     75.000    22.3295   5.205789    36.3514       2277     1.5805 0.0000e+00
     76.000    22.3157   5.204114    36.3494       2306     1.6009 0.0000e+00
     77.000    22.3036   5.202793    36.3488       2333     1.6198 0.0000e+00
     78.000    22.2877   5.200791    36.3460       2361     1.6387 0.0000e+00
     79.000    22.2669   5.198462    36.3447       2389     1.6584 0.0000e+00
     80.000    22.2448   5.196044    36.3438       2417     1.6780 0.0000e+00
     81.000    22.1872   5.188961    36.3360       2445     1.6974 0.0000e+00
     82.000    22.1226   5.181234    36.3287       2476     1.7186 0.0000e+00
     83.000    22.0836   5.176412    36.3231       2507     1.7402 0.0000e+00
     84.000    22.0078   5.167680    36.3173       2535     1.7597 0.0000e+00
     85.000    21.9803   5.164855    36.3176       2561     1.7780 0.0000e+00
     86.000    21.9503   5.161930    36.3194       2589     1.7971 0.0000e+00
     87.000    21.9242   5.159388    36.3208       2617     1.8168 0.0000e+00
     88.000    21.9074   5.158078    36.3242       2645     1.8359 0.0000e+00
     89.000    21.8934   5.157090    36.3278       2671     1.8539 0.0000e+00
     90.000    21.8533   5.153156    36.3300       2700     1.8745 0.0000e+00
     91.000    21.8185   5.149637    36.3310       2731     1.8958 0.0000e+00
     92.000    21.7729   5.144847    36.3309       2759     1.9153 0.0000e+00
     93.000    21.7357   5.140802    36.3298       2787     1.9347 0.0000e+00
     94.000    21.7014   5.137134    36.3292       2817     1.9558 0.0000e+00
     95.000    21.6717   5.135180    36.3383       2848     1.9771 0.0000e+00
     96.000    21.6242   5.131425    36.3482       2877     1.9970 0.0000e+00
     97.000    21.6166   5.131474    36.3546       2904     2.0161 0.0000e+00
     98.000    21.6078   5.130854    36.3567       2932     2.0351 0.0000e+00
     99.000    21.6041   5.130534    36.3569       2960     2.0552 0.0000e+00
    100.000    21.5978   5.130023    36.3578       2991     2.0767 0.0000e+00
    101.000    21.5884   5.129377    36.3602       3020     2.0966 0.0000e+00
    102.000    21.5779   5.128592    36.3625       3047     2.1154 0.0000e+00
    103.000    21.5505   5.126489    36.3686       3077     2.1360 0.0000e+00
    104.000    21.4971   5.122999    36.3856       3110     2.1590 0.0000e+00
    105.000    21.4542   5.121798    36.4120       3139     2.1790 0.0000e+00
    106.000    21.3853   5.115780    36.4219       3165     2.1971 0.0000e+00
    107.000    21.3670   5.114421    36.4262       3194     2.2170 0.0000e+00
    108.000    21.3493   5.113117    36.4304       3225     2.2390 0.0000e+00
    109.000    21.3345   5.112009    36.4338       3254     2.2592 0.0000e+00
    110.000    21.3214   5.110950    36.4360       3280     2.2773 0.0000e+00
    111.000    21.2928   5.109398    36.4476       3309     2.2974 0.0000e+00
    112.000    21.2712   5.108120    36.4553       3339     2.3182 0.0000e+00
    113.000    21.2543   5.106215    36.4540       3368     2.3383 0.0000e+00
    114.000    21.2478   5.105374    36.4524       3395     2.3571 0.0000e+00
    115.000    21.2401   5.104395    36.4508       3424     2.3767 0.0000e+00
    116.000    21.2326   5.103815    36.4522       3453     2.3971 0.0000e+00
    117.000    21.2382   5.105555    36.4610       3483     2.4182 0.0000e+00
    118.000    21.2226   5.105076    36.4701       3512     2.4379 0.0000e+00
    119.000    21.1832   5.101831    36.4773       3537     2.4556 0.0000e+00
    120.000    21.1310   5.096786    36.4808       3563     2.4739 0.0000e+00
    121.000    21.0415   5.087089    36.4787       3593     2.4943 0.0000e+00
    122.000    21.0115   5.083277    36.4732       3624     2.5160 0.0000e+00
    123.000    20.9542   5.075669    36.4605       3652     2.5358 0.0000e+00
    124.000    20.9013   5.068912    36.4507       3680     2.5547 0.0000e+00
    125.000    20.8433   5.061559    36.4404       3707     2.5739 0.0000e+00
    126.000    20.7923   5.056457    36.4425       3737     2.5946 0.0000e+00
    127.000    20.7693   5.055042    36.4504       3768     2.6162 0.0000e+00
    128.000    20.7532   5.053068    36.4477       3795     2.6345 0.0000e+00
    129.000    20.7468   5.053217    36.4541       3819     2.6513 0.0000e+00
    130.000    20.7548   5.055323    36.4640       3846     2.6704 0.0000e+00
    131.000    20.7514   5.055669    36.4693       3877     2.6914 0.0000e+00
    132.000    20.7850   5.062180    36.4929       3906     2.7117 0.0000e+00
    133.000    20.7584   5.061102    36.5066       3936     2.7323 0.0000e+00
    134.000    20.7474   5.060224    36.5086       3965     2.7531 0.0000e+00
    135.000    20.7253   5.058537    36.5135       3994     2.7728 0.0000e+00
    136.000    20.7219   5.058990    36.5198       4021     2.7918 0.0000e+00
    137.000    20.7262   5.060341    36.5267       4047     2.8098 0.0000e+00
    138.000    20.7160   5.060267    36.5345       4071     2.8267 0.0000e+00
    139.000    20.6934   5.058179    36.5366       4098     2.8454 0.0000e+00
    140.000    20.6877   5.058052    36.5401       4131     2.8682 0.0000e+00
    141.000    20.6267   5.050681    36.5323       4162     2.8898 0.0000e+00
    142.000    20.5744   5.045907    36.5381       4188     2.9074 0.0000e+00
    143.000    20.5792   5.047010    36.5426       4213     2.9250 0.0000e+00
    144.000    20.5453   5.044069    36.5475       4243     2.9456 0.0000e+00
    145.000    20.4983   5.038979    36.5462       4275     2.9681 0.0000e+00
    146.000    20.4748   5.036409    36.5451       4305     2.9888 0.0000e+00
    147.000    20.4400   5.033524    36.5513       4331     3.0072 0.0000e+00
    148.000    20.4054   5.031178    36.5616       4357     3.0248 0.0000e+00
    149.000    20.3715   5.028240    36.5665       4384     3.0436 0.0000e+00
    150.000    20.3199   5.022926    36.5673       4413     3.0640 0.0000e+00
    151.000    20.2838   5.019197    36.5676       4443     3.0847 0.0000e+00
    152.000    20.2560   5.016235    36.5671       4474     3.1064 0.0000e+00
    153.000    20.2389   5.014512    36.5674       4506     3.1285 0.0000e+00
    154.000    20.1944   5.009705    36.5662       4535     3.1485 0.0000e+00
    155.000    20.1227   5.002105    36.5656       4560     3.1661 0.0000e+00
    156.000    20.0727   4.996812    36.5651       4589     3.1863 0.0000e+00
    157.000    20.0569   4.995012    36.5636       4623     3.2095 0.0000e+00
    158.000    20.0405   4.993133    36.5620       4653     3.2305 0.0000e+00
    159.000    20.0363   4.992616    36.5610       4678     3.2480 0.0000e+00
    160.000    20.0323   4.992156    36.5603       4702     3.2642 0.0000e+00
    161.000    20.0089   4.989337    36.5571       4728     3.2824 0.0000e+00
    162.000    19.9678   4.984631    36.5536       4760     3.3046 0.0000e+00
    163.000    19.9472   4.982294    36.5519       4792     3.3268 0.0000e+00
    164.000    19.9312   4.980553    36.5511       4822     3.3480 0.0000e+00
    165.000    19.9109   4.978135    36.5484       4853     3.3694 0.0000e+00
    166.000    19.9006   4.976866    36.5465       4883     3.3900 0.0000e+00
    167.000    19.8802   4.974477    36.5441       4911     3.4095 0.0000e+00
    168.000    19.8688   4.973065    36.5421       4936     3.4271 0.0000e+00
    169.000    19.8438   4.970118    36.5391       4964     3.4464 0.0000e+00
    170.000    19.8010   4.965356    36.5367       4996     3.4689 0.0000e+00
    171.000    19.7773   4.962987    36.5373       5026     3.4895 0.0000e+00
    172.000    19.7366   4.958263    36.5332       5051     3.5067 0.0000e+00
    173.000    19.6297   4.946904    36.5320       5075     3.5235 0.0000e+00
    174.000    19.5390   4.935738    36.5180       5104     3.5434 0.0000e+00
    175.000    19.4038   4.919093    36.4972       5135     3.5655 0.0000e+00
    176.000    19.3407   4.910992    36.4845       5166     3.5867 0.0000e+00
    177.000    19.2633   4.901157    36.4698       5196     3.6076 0.0000e+00
    178.000    19.2016   4.893390    36.4585       5227     3.6295 0.0000e+00
    179.000    19.1614   4.888403    36.4516       5257     3.6498 0.0000e+00
    180.000    19.0817   4.878383    36.4371       5283     3.6681 0.0000e+00
    181.000    19.0613   4.875830    36.4332       5308     3.6853 0.0000e+00
    182.000    19.0205   4.870853    36.4269       5335     3.7039 0.0000e+00
    183.000    18.9940   4.867848    36.4245       5366     3.7254 0.0000e+00
    184.000    18.9733   4.865514    36.4227       5393     3.7444 0.0000e+00
    185.000    18.9424   4.862167    36.4213       5418     3.7615 0.0000e+00
    186.000    18.8783   4.855125    36.4179       5448     3.7826 0.0000e+00
    187.000    18.8372   4.850642    36.4160       5482     3.8065 0.0000e+00
    188.000    18.8240   4.849084    36.4141       5510     3.8258 0.0000e+00
    189.000    18.8072   4.847205    36.4126       5537     3.8442 0.0000e+00
    190.000    18.7978   4.846155    36.4117       5567     3.8652 0.0000e+00
    191.000    18.7866   4.844910    36.4107       5597     3.8859 0.0000e+00
    192.000    18.7694   4.843026    36.4095       5624     3.9049 0.0000e+00
    193.000    18.7375   4.839586    36.4082       5651     3.9237 0.0000e+00
    194.000    18.5961   4.823193    36.3937       5678     3.9424 0.0000e+00
    195.000    18.4526   4.807677    36.3885       5705     3.9614 0.0000e+00
    196.000    18.4923   4.812062    36.3902       5734     3.9809 0.0000e+00
    197.000    18.4054   4.801758    36.3791       5762     4.0008 0.0000e+00
    198.000    18.2935   4.789549    36.3738       5791     4.0207 0.0000e+00
    199.000    18.1643   4.775001    36.3638       5823     4.0431 0.0000e+00
    200.000    18.0108   4.757510    36.3500       5856     4.0657 0.0000e+00
    201.000    17.9620   4.752375    36.3489       5882     4.0841 0.0000e+00
    202.000    17.9450   4.750177    36.3448       5907     4.1016 0.0000e+00
    203.000    17.9423   4.749937    36.3448       5934     4.1201 0.0000e+00
    204.000    17.9365   4.748866    36.3403       5963     4.1401 0.0000e+00
    205.000    17.9157   4.746673    36.3396       5991     4.1600 0.0000e+00
    206.000    17.9049   4.745092    36.3353       6018     4.1788 0.0000e+00
    207.000    17.8974   4.744571    36.3371       6046     4.1980 0.0000e+00
