HB2402/ctd063.cnv
* Sea-Bird SBE 9 Data File:
* FileName = C:\cruise\data\ctd063.hex
* Software Version Seasave V 7.26.7.121
* Temperature SN = 5253
* Conductivity SN = 4421
* Number of Bytes Per Scan = 37
* Number of Voltage Words = 4
* Number of Scans Averaged by the Deck Unit = 1
* NMEA Latitude = 38 42.20 N
* NMEA Longitude = 073 27.60 W
* NMEA UTC (Time) = Mar 18 2024 08:58:30
* NMEA baud rate = 4800
** Ship: Bigelow HB2304
** Program:  Fall Bottom Trawl Survey
** Chief Scientist: John Galbraith
# nquan = 7
# nvalues = 141                         
# units = specified
# name 0 = depSM: Depth [salt water, m]
# name 1 = t090C: Temperature [ITS-90, deg C]
# name 2 = c0S/m: Conductivity [S/m]
# name 3 = sal00: Salinity, Practical [PSU]
# name 4 = scan: Scan Count
# name 5 = timeM: Time, Elapsed [minutes]
# name 6 = flag: flag
# span 0 =      1.000,     72.000       
# span 1 =     6.7993,     7.5838       
# span 2 =   3.279420,   3.379287       
# span 3 =    32.3014,    32.7961       
# span 4 =         -3,       4697       
# span 5 =    -0.0026,     3.2614       
# span 6 = 0.0000e+00, 0.0000e+00       
# interval = meters: 1                  
# start_time = Mar 18 2024 08:58:30 [NMEA time, header]
# bad_flag = -9.990e-29
*END*
      3.000     7.5752   3.332593    32.3056         -3    -0.0026 0.0000e+00
      4.000     7.5838   3.333414    32.3059        315     0.2178 0.0000e+00
      5.000     7.5802   3.333178    32.3063        364     0.2519 0.0000e+00
      6.000     7.5805   3.333243    32.3062        392     0.2718 0.0000e+00
      7.000     7.5798   3.333244    32.3064        418     0.2899 0.0000e+00
      8.000     7.5822   3.333463    32.3061        445     0.3080 0.0000e+00
      9.000     7.5129   3.328044    32.3118        471     0.3261 0.0000e+00
     10.000     7.4465   3.322861    32.3174        496     0.3438 0.0000e+00
     11.000     7.3434   3.314814    32.3261        522     0.3621 0.0000e+00
     12.000     7.3366   3.314097    32.3243        550     0.3810 0.0000e+00
     13.000     7.3001   3.311034    32.3248        576     0.3990 0.0000e+00
     14.000     7.2733   3.309029    32.3277        600     0.4159 0.0000e+00
     15.000     7.2456   3.307534    32.3369        626     0.4338 0.0000e+00
     16.000     7.2076   3.305024    32.3448        653     0.4531 0.0000e+00
     17.000     7.0343   3.292203    32.3675        682     0.4730 0.0000e+00
     18.000     6.9856   3.288462    32.3720        710     0.4920 0.0000e+00
     19.000     6.9627   3.286464    32.3713        735     0.5096 0.0000e+00
     20.000     6.9507   3.285364    32.3700        759     0.5262 0.0000e+00
     21.000     6.9401   3.284473    32.3698        781     0.5419 0.0000e+00
     22.000     6.9280   3.283597    32.3712        805     0.5584 0.0000e+00
     23.000     6.9187   3.283368    32.3769        834     0.5787 0.0000e+00
     24.000     6.9011   3.282523    32.3838        871     0.6041 0.0000e+00
     25.000     6.8812   3.281188    32.3875        900     0.6241 0.0000e+00
     26.000     6.8658   3.280141    32.3901        922     0.6396 0.0000e+00
     27.000     6.8607   3.280000    32.3929        943     0.6542 0.0000e+00
     28.000     6.8627   3.280389    32.3947        966     0.6704 0.0000e+00
     29.000     6.8611   3.280464    32.3966        994     0.6896 0.0000e+00
     30.000     6.8576   3.280486    32.3997       1026     0.7120 0.0000e+00
     31.000     6.8586   3.280783    32.4015       1055     0.7322 0.0000e+00
     32.000     6.8587   3.281281    32.4064       1082     0.7505 0.0000e+00
     33.000     6.8507   3.281029    32.4108       1105     0.7669 0.0000e+00
     34.000     6.8417   3.280814    32.4164       1130     0.7840 0.0000e+00
     35.000     6.8251   3.279914    32.4217       1156     0.8022 0.0000e+00
     36.000     6.8080   3.279420    32.4319       1184     0.8213 0.0000e+00
     37.000     6.8035   3.279666    32.4384       1211     0.8403 0.0000e+00
     38.000     6.8061   3.280087    32.4401       1237     0.8582 0.0000e+00
     39.000     6.8020   3.280164    32.4444       1264     0.8773 0.0000e+00
     40.000     6.7998   3.280236    32.4468       1294     0.8977 0.0000e+00
     41.000     6.7994   3.280261    32.4469       1321     0.9169 0.0000e+00
     42.000     6.7993   3.280386    32.4479       1346     0.9341 0.0000e+00
     43.000     6.8033   3.281292    32.4536       1369     0.9501 0.0000e+00
     44.000     6.8142   3.282596    32.4571       1392     0.9660 0.0000e+00
     45.000     6.8281   3.284131    32.4603       1416     0.9825 0.0000e+00
     46.000     6.8355   3.285389    32.4666       1444     1.0018 0.0000e+00
     47.000     6.8354   3.287111    32.4850       1479     1.0266 0.0000e+00
     48.000     6.8196   3.287987    32.5092       1515     1.0517 0.0000e+00
     49.000     6.8388   3.290655    32.5197       1540     1.0690 0.0000e+00
     50.000     6.8560   3.292638    32.5247       1561     1.0835 0.0000e+00
     51.000     6.8700   3.294314    32.5292       1581     1.0973 0.0000e+00
     52.000     6.8820   3.295778    32.5335       1603     1.1128 0.0000e+00
     53.000     6.8817   3.295956    32.5352       1629     1.1308 0.0000e+00
     54.000     6.8828   3.296167    32.5360       1659     1.1511 0.0000e+00
     55.000     6.9174   3.300351    32.5485       1688     1.1714 0.0000e+00
     56.000     7.0146   3.312043    32.5838       1715     1.1904 0.0000e+00
     57.000     7.1285   3.326602    32.6342       1744     1.2105 0.0000e+00
     58.000     7.2238   3.338419    32.6721       1774     1.2316 0.0000e+00
     59.000     7.3196   3.350459    32.7115       1803     1.2512 0.0000e+00
     60.000     7.3939   3.359404    32.7377       1827     1.2682 0.0000e+00
     61.000     7.4284   3.363510    32.7490       1851     1.2847 0.0000e+00
     62.000     7.4638   3.367929    32.7628       1875     1.3015 0.0000e+00
     63.000     7.4900   3.371092    32.7718       1901     1.3192 0.0000e+00
     64.000     7.5092   3.373436    32.7784       1926     1.3368 0.0000e+00
     65.000     7.5286   3.375790    32.7850       1951     1.3540 0.0000e+00
     66.000     7.5318   3.376251    32.7864       1975     1.3711 0.0000e+00
     67.000     7.5337   3.376558    32.7875       2003     1.3900 0.0000e+00
     68.000     7.5447   3.377927    32.7914       2034     1.4115 0.0000e+00
     69.000     7.5467   3.378273    32.7928       2068     1.4352 0.0000e+00
     70.000     7.5502   3.378780    32.7944       2102     1.4593 0.0000e+00
     71.000     7.5538   3.379287    32.7961       2168     1.5048 0.0000e+00
     72.000     7.5514   3.379111    32.7960       2249     1.5608 0.0000e+00
     71.000     7.5491   3.378843    32.7957       2275     1.5792 0.0000e+00
     70.000     7.5442   3.378197    32.7938       2564     1.7798 0.0000e+00
     69.000     7.5416   3.377838    32.7929       2628     1.8242 0.0000e+00
     68.000     7.5410   3.377722    32.7927       2645     1.8358 0.0000e+00
     67.000     7.5387   3.377421    32.7921       2665     1.8502 0.0000e+00
     66.000     7.5356   3.377000    32.7909       2691     1.8677 0.0000e+00
     65.000     7.5264   3.375886    32.7881       2727     1.8931 0.0000e+00
     64.000     7.5237   3.375542    32.7874       2771     1.9233 0.0000e+00
     63.000     7.5222   3.375300    32.7867       2798     1.9425 0.0000e+00
     62.000     7.5133   3.374205    32.7838       2819     1.9567 0.0000e+00
     61.000     7.4820   3.370525    32.7742       2837     1.9695 0.0000e+00
     60.000     7.4624   3.368155    32.7675       2856     1.9823 0.0000e+00
     59.000     7.4413   3.365758    32.7620       2875     1.9959 0.0000e+00
     58.000     7.3891   3.359033    32.7392       2897     2.0111 0.0000e+00
     57.000     7.4117   3.361650    32.7466       2923     2.0288 0.0000e+00
     56.000     7.2918   3.348334    32.7162       2953     2.0497 0.0000e+00
     55.000     7.2378   3.339518    32.6721       2985     2.0721 0.0000e+00
     54.000     7.0185   3.313524    32.5972       3018     2.0952 0.0000e+00
     53.000     6.9485   3.304934    32.5702       3050     2.1175 0.0000e+00
     52.000     6.9369   3.303135    32.5620       3078     2.1368 0.0000e+00
     51.000     6.9207   3.301052    32.5550       3101     2.1527 0.0000e+00
     50.000     6.8995   3.298571    32.5485       3121     2.1668 0.0000e+00
     49.000     6.8689   3.294679    32.5353       3140     2.1798 0.0000e+00
     48.000     6.8501   3.292118    32.5255       3158     2.1925 0.0000e+00
     47.000     6.8457   3.291027    32.5182       3178     2.2059 0.0000e+00
     46.000     6.8399   3.287766    32.4885       3200     2.2215 0.0000e+00
     45.000     6.8375   3.286554    32.4780       3231     2.2433 0.0000e+00
     44.000     6.8272   3.284922    32.4702       3274     2.2731 0.0000e+00
     43.000     6.8137   3.282666    32.4588       3309     2.2969 0.0000e+00
     42.000     6.8066   3.281467    32.4528       3336     2.3156 0.0000e+00
     41.000     6.8053   3.281065    32.4502       3359     2.3316 0.0000e+00
     40.000     6.8048   3.280847    32.4488       3380     2.3464 0.0000e+00
     39.000     6.8071   3.280699    32.4454       3401     2.3608 0.0000e+00
     38.000     6.8078   3.280588    32.4440       3421     2.3752 0.0000e+00
     37.000     6.8052   3.280058    32.4412       3443     2.3904 0.0000e+00
     36.000     6.8070   3.279761    32.4367       3467     2.4072 0.0000e+00
     35.000     6.8148   3.279787    32.4301       3494     2.4254 0.0000e+00
     34.000     6.8331   3.280372    32.4196       3520     2.4435 0.0000e+00
     33.000     6.8447   3.280679    32.4125       3546     2.4620 0.0000e+00
     32.000     6.8541   3.280810    32.4056       3576     2.4829 0.0000e+00
     31.000     6.8557   3.280728    32.4037       3615     2.5100 0.0000e+00
     30.000     6.8603   3.280530    32.3976       3651     2.5350 0.0000e+00
     29.000     6.8621   3.280432    32.3953       3673     2.5500 0.0000e+00
     28.000     6.8625   3.280389    32.3950       3692     2.5629 0.0000e+00
     27.000     6.8634   3.280042    32.3908       3709     2.5748 0.0000e+00
     26.000     6.8642   3.279853    32.3884       3725     2.5863 0.0000e+00
     25.000     6.8691   3.280058    32.3865       3743     2.5989 0.0000e+00
     24.000     6.8890   3.281371    32.3827       3765     2.6139 0.0000e+00
     23.000     6.9041   3.282151    32.3774       3796     2.6354 0.0000e+00
     22.000     6.9155   3.282675    32.3729       3841     2.6668 0.0000e+00
     21.000     6.9407   3.284215    32.3665       3881     2.6943 0.0000e+00
     20.000     6.9561   3.285370    32.3651       3908     2.7131 0.0000e+00
     19.000     6.9665   3.286259    32.3655       3929     2.7277 0.0000e+00
     18.000     6.9878   3.287769    32.3624       3948     2.7411 0.0000e+00
     17.000     7.0397   3.291742    32.3574       3967     2.7541 0.0000e+00
     16.000     7.1190   3.297391    32.3449       3987     2.7677 0.0000e+00
     15.000     7.1850   3.302153    32.3353       4008     2.7825 0.0000e+00
     14.000     7.2323   3.305158    32.3240       4033     2.8000 0.0000e+00
     13.000     7.2424   3.306041    32.3246       4064     2.8216 0.0000e+00
     12.000     7.2698   3.308194    32.3228       4099     2.8461 0.0000e+00
     11.000     7.3688   3.315579    32.3107       4129     2.8669 0.0000e+00
     10.000     7.4288   3.320374    32.3070       4153     2.8833 0.0000e+00
      9.000     7.4758   3.324244    32.3054       4175     2.8985 0.0000e+00
      8.000     7.5165   3.327451    32.3026       4197     2.9138 0.0000e+00
      7.000     7.5468   3.329990    32.3022       4223     2.9319 0.0000e+00
      6.000     7.5614   3.331147    32.3014       4253     2.9529 0.0000e+00
      5.000     7.5687   3.331784    32.3020       4279     2.9709 0.0000e+00
      4.000     7.5740   3.332241    32.3024       4301     2.9858 0.0000e+00
      3.000     7.5760   3.332456    32.3034       4328     3.0048 0.0000e+00
      2.000     7.5761   3.332574    32.3050       4632     3.2158 0.0000e+00
      1.000     7.5764   3.332571    32.3051       4697     3.2614 0.0000e+00
