HB2402/ctd194.cnv
* Sea-Bird SBE 9 Data File:
* FileName = C:\cruise\data\ctd194.hex
* Software Version Seasave V 7.26.7.121
* Temperature SN = 5253
* Conductivity SN = 4421
* Number of Bytes Per Scan = 37
* Number of Voltage Words = 4
* Number of Scans Averaged by the Deck Unit = 1
* NMEA Latitude = 41 55.50 N
* NMEA Longitude = 067 51.67 W
* NMEA UTC (Time) = May 02 2024 07:55:22
* NMEA baud rate = 4800
** Ship: Bigelow HB2402
** Program:  Spring Bottom Trawl Survey
** Chief Scientist: John Galbraith
# nquan = 7
# nvalues = 120                         
# units = specified
# name 0 = depSM: Depth [salt water, m]
# name 1 = t090C: Temperature [ITS-90, deg C]
# name 2 = c0S/m: Conductivity [S/m]
# name 3 = sal00: Salinity, Practical [PSU]
# name 4 = scan: Scan Count
# name 5 = timeM: Time, Elapsed [minutes]
# name 6 = flag: flag
# span 0 =      1.000,     62.000       
# span 1 =     6.4130,     6.7216       
# span 2 =   3.207257,   3.228066       
# span 3 =    31.9634,    31.9977       
# span 4 =        171,       4430       
# span 5 =     0.1183,     3.0758       
# span 6 = 0.0000e+00, 0.0000e+00       
# interval = meters: 1                  
# start_time = May 02 2024 07:55:22 [NMEA time, header]
# bad_flag = -9.990e-29
*END*
      4.000     6.6982   3.228066    31.9871        171     0.1183 0.0000e+00
      5.000     6.6956   3.227113    31.9786        287     0.1987 0.0000e+00
      6.000     6.6988   3.226796    31.9717        324     0.2245 0.0000e+00
      7.000     6.7012   3.226831    31.9693        357     0.2472 0.0000e+00
      8.000     6.7028   3.226986    31.9690        380     0.2629 0.0000e+00
      9.000     6.6998   3.226966    31.9712        400     0.2771 0.0000e+00
     10.000     6.6905   3.226428    31.9734        424     0.2935 0.0000e+00
     11.000     6.6825   3.225694    31.9724        451     0.3124 0.0000e+00
     12.000     6.6797   3.225469    31.9721        480     0.3328 0.0000e+00
     13.000     6.6727   3.225009    31.9730        507     0.3516 0.0000e+00
     14.000     6.6476   3.223219    31.9764        534     0.3699 0.0000e+00
     15.000     6.6464   3.223105    31.9758        563     0.3900 0.0000e+00
     16.000     6.6429   3.222863    31.9759        592     0.4106 0.0000e+00
     17.000     6.6461   3.223141    31.9755        616     0.4274 0.0000e+00
     18.000     6.6409   3.222789    31.9760        640     0.4439 0.0000e+00
     19.000     6.6371   3.222527    31.9762        667     0.4623 0.0000e+00
     20.000     6.6236   3.221564    31.9778        696     0.4829 0.0000e+00
     21.000     6.6165   3.221074    31.9785        724     0.5022 0.0000e+00
     22.000     6.6125   3.220817    31.9790        750     0.5199 0.0000e+00
     23.000     6.6084   3.220529    31.9792        776     0.5384 0.0000e+00
     24.000     6.6076   3.220517    31.9793        804     0.5579 0.0000e+00
     25.000     6.6038   3.220259    31.9795        833     0.5779 0.0000e+00
     26.000     6.5977   3.219839    31.9802        863     0.5984 0.0000e+00
     27.000     6.5857   3.218994    31.9816        890     0.6175 0.0000e+00
     28.000     6.5828   3.218811    31.9818        915     0.6345 0.0000e+00
     29.000     6.5780   3.218483    31.9822        938     0.6505 0.0000e+00
     30.000     6.5734   3.218177    31.9827        963     0.6680 0.0000e+00
     31.000     6.5794   3.218672    31.9820        993     0.6890 0.0000e+00
     32.000     6.5627   3.217472    31.9840       1025     0.7114 0.0000e+00
     33.000     6.5523   3.216724    31.9849       1053     0.7302 0.0000e+00
     34.000     6.5512   3.216648    31.9848       1077     0.7471 0.0000e+00
     35.000     6.5451   3.216234    31.9854       1101     0.7637 0.0000e+00
     36.000     6.5445   3.216204    31.9851       1128     0.7826 0.0000e+00
     37.000     6.5331   3.215420    31.9866       1158     0.8033 0.0000e+00
     38.000     6.5291   3.215124    31.9867       1186     0.8229 0.0000e+00
     39.000     6.5228   3.214699    31.9874       1210     0.8396 0.0000e+00
     40.000     6.5203   3.214549    31.9877       1234     0.8565 0.0000e+00
     41.000     6.5189   3.214465    31.9875       1261     0.8749 0.0000e+00
     42.000     6.5144   3.214176    31.9881       1291     0.8956 0.0000e+00
     43.000     6.4867   3.212126    31.9909       1321     0.9167 0.0000e+00
     44.000     6.4705   3.210986    31.9931       1349     0.9359 0.0000e+00
     45.000     6.4669   3.210778    31.9937       1372     0.9523 0.0000e+00
     46.000     6.4649   3.210659    31.9938       1395     0.9679 0.0000e+00
     47.000     6.4663   3.210778    31.9932       1419     0.9848 0.0000e+00
     48.000     6.4600   3.210326    31.9938       1450     1.0062 0.0000e+00
     49.000     6.4592   3.210328    31.9940       1483     1.0292 0.0000e+00
     50.000     6.4602   3.210382    31.9932       1510     1.0482 0.0000e+00
     51.000     6.4578   3.210288    31.9939       1534     1.0649 0.0000e+00
     52.000     6.4541   3.210046    31.9943       1558     1.0811 0.0000e+00
     53.000     6.4535   3.210062    31.9945       1582     1.0980 0.0000e+00
     54.000     6.4353   3.208728    31.9964       1610     1.1174 0.0000e+00
     55.000     6.4375   3.208886    31.9956       1643     1.1400 0.0000e+00
     56.000     6.4378   3.208967    31.9957       1672     1.1603 0.0000e+00
     57.000     6.4355   3.208847    31.9960       1697     1.1778 0.0000e+00
     58.000     6.4289   3.208364    31.9964       1720     1.1935 0.0000e+00
     59.000     6.4211   3.207849    31.9975       1743     1.2097 0.0000e+00
     60.000     6.4227   3.207997    31.9973       1768     1.2270 0.0000e+00
     61.000     6.4206   3.207853    31.9972       1796     1.2467 0.0000e+00
     62.000     6.4130   3.207304    31.9977       2002     1.3897 0.0000e+00
     61.000     6.4135   3.207257    31.9971       2742     1.9035 0.0000e+00
     60.000     6.4154   3.207353    31.9970       2583     1.7931 0.0000e+00
     59.000     6.4213   3.207779    31.9966       2604     1.8076 0.0000e+00
     58.000     6.4321   3.208504    31.9950       2624     1.8214 0.0000e+00
     57.000     6.4355   3.208744    31.9949       2644     1.8357 0.0000e+00
     56.000     6.4386   3.208930    31.9946       2669     1.8527 0.0000e+00
     55.000     6.4383   3.208885    31.9948       2702     1.8759 0.0000e+00
     54.000     6.4389   3.208882    31.9947       2738     1.9009 0.0000e+00
     53.000     6.4444   3.209256    31.9942       2764     1.9185 0.0000e+00
     52.000     6.4454   3.209293    31.9941       2784     1.9326 0.0000e+00
     51.000     6.4467   3.209360    31.9941       2804     1.9464 0.0000e+00
     50.000     6.4479   3.209412    31.9940       2825     1.9613 0.0000e+00
     49.000     6.4488   3.209442    31.9940       2850     1.9787 0.0000e+00
     48.000     6.4498   3.209474    31.9939       2880     1.9995 0.0000e+00
     47.000     6.4508   3.209494    31.9937       2915     2.0239 0.0000e+00
     46.000     6.4551   3.209785    31.9933       2948     2.0469 0.0000e+00
     45.000     6.4654   3.210497    31.9920       2971     2.0628 0.0000e+00
     44.000     6.4758   3.211179    31.9903       2991     2.0764 0.0000e+00
     43.000     6.4845   3.211802    31.9894       3010     2.0893 0.0000e+00
     42.000     6.4863   3.211941    31.9898       3030     2.1038 0.0000e+00
     41.000     6.4884   3.212061    31.9896       3059     2.1236 0.0000e+00
     40.000     6.4875   3.211961    31.9898       3095     2.1483 0.0000e+00
     39.000     6.4934   3.212382    31.9894       3124     2.1689 0.0000e+00
     38.000     6.5034   3.213034    31.9877       3151     2.1872 0.0000e+00
     37.000     6.5084   3.213371    31.9873       3175     2.2042 0.0000e+00
     36.000     6.5098   3.213474    31.9876       3198     2.2204 0.0000e+00
     35.000     6.5110   3.213523    31.9875       3222     2.2369 0.0000e+00
     34.000     6.5166   3.213878    31.9866       3247     2.2540 0.0000e+00
     33.000     6.5272   3.214612    31.9852       3272     2.2715 0.0000e+00
     32.000     6.5352   3.215199    31.9847       3297     2.2885 0.0000e+00
     31.000     6.5374   3.215352    31.9848       3326     2.3090 0.0000e+00
     30.000     6.5420   3.215658    31.9843       3359     2.3317 0.0000e+00
     29.000     6.5475   3.216017    31.9836       3385     2.3503 0.0000e+00
     28.000     6.5525   3.216345    31.9830       3407     2.3656 0.0000e+00
     27.000     6.5616   3.217000    31.9821       3429     2.3807 0.0000e+00
     26.000     6.5740   3.217847    31.9804       3454     2.3982 0.0000e+00
     25.000     6.5808   3.218506    31.9817       3484     2.4188 0.0000e+00
     24.000     6.5997   3.219730    31.9780       3513     2.4392 0.0000e+00
     23.000     6.6132   3.220711    31.9767       3539     2.4569 0.0000e+00
     22.000     6.6212   3.221275    31.9759       3561     2.4723 0.0000e+00
     21.000     6.6283   3.221814    31.9756       3583     2.4872 0.0000e+00
     20.000     6.6338   3.222188    31.9751       3607     2.5040 0.0000e+00
     19.000     6.6387   3.222533    31.9747       3639     2.5267 0.0000e+00
     18.000     6.6416   3.222707    31.9745       3674     2.5505 0.0000e+00
     17.000     6.6483   3.223168    31.9738       3700     2.5688 0.0000e+00
     16.000     6.6521   3.223424    31.9734       3721     2.5833 0.0000e+00
     15.000     6.6527   3.223431    31.9735       3740     2.5969 0.0000e+00
     14.000     6.6582   3.223777    31.9726       3762     2.6116 0.0000e+00
     13.000     6.6653   3.224306    31.9722       3789     2.6304 0.0000e+00
     12.000     6.6688   3.224496    31.9715       3821     2.6527 0.0000e+00
     11.000     6.6734   3.224789    31.9709       3849     2.6722 0.0000e+00
     10.000     6.6751   3.224880    31.9709       3873     2.6889 0.0000e+00
      9.000     6.6767   3.224942    31.9705       3896     2.7050 0.0000e+00
      8.000     6.6804   3.225154    31.9699       3920     2.7214 0.0000e+00
      7.000     6.6912   3.225867    31.9681       3946     2.7394 0.0000e+00
      6.000     6.7005   3.226522    31.9670       3975     2.7597 0.0000e+00
      5.000     6.7032   3.226643    31.9663       4001     2.7780 0.0000e+00
      4.000     6.7043   3.226732    31.9668       4023     2.7928 0.0000e+00
      3.000     6.7164   3.227648    31.9660       4186     2.9064 0.0000e+00
      2.000     6.7169   3.227684    31.9664       4360     3.0269 0.0000e+00
      1.000     6.7216   3.227768    31.9634       4430     3.0758 0.0000e+00
