HB2402/ctd139.cnv
* Sea-Bird SBE 9 Data File:
* FileName = C:\cruise\data\ctd139.hex
* Software Version Seasave V 7.26.7.121
* Temperature SN = 5253
* Conductivity SN = 4421
* Number of Bytes Per Scan = 37
* Number of Voltage Words = 4
* Number of Scans Averaged by the Deck Unit = 1
* NMEA Latitude = 42 08.78 N
* NMEA Longitude = 070 11.27 W
* NMEA UTC (Time) = Apr 13 2024 10:00:56
* NMEA baud rate = 4800
** Ship: Bigelow HB2304
** Program:  Fall Bottom Trawl Survey
** Chief Scientist: John Galbraith
# nquan = 7
# nvalues = 82                          
# units = specified
# name 0 = depSM: Depth [salt water, m]
# name 1 = t090C: Temperature [ITS-90, deg C]
# name 2 = c0S/m: Conductivity [S/m]
# name 3 = sal00: Salinity, Practical [PSU]
# name 4 = scan: Scan Count
# name 5 = timeM: Time, Elapsed [minutes]
# name 6 = flag: flag
# span 0 =      1.000,     43.000       
# span 1 =     5.1063,     5.8004       
# span 2 =   3.034558,   3.061014       
# span 3 =    30.6771,    31.5943       
# span 4 =        120,       4371       
# span 5 =     0.0829,     3.0346       
# span 6 = 0.0000e+00, 0.0000e+00       
# interval = meters: 1                  
# start_time = Apr 13 2024 10:00:56 [NMEA time, header]
# bad_flag = -9.990e-29
*END*
      4.000     5.7875   3.050175    30.8582        120     0.0829 0.0000e+00
      5.000     5.7797   3.040377    30.7552        226     0.1561 0.0000e+00
      6.000     5.7838   3.038695    30.7323        264     0.1824 0.0000e+00
      7.000     5.7587   3.038286    30.7501        290     0.2008 0.0000e+00
      8.000     5.7384   3.038785    30.7737        312     0.2157 0.0000e+00
      9.000     5.7308   3.038964    30.7822        333     0.2305 0.0000e+00
     10.000     5.7218   3.038693    30.7869        358     0.2480 0.0000e+00
     11.000     5.7178   3.038419    30.7870        392     0.2714 0.0000e+00
     12.000     5.7092   3.038535    30.7957        425     0.2945 0.0000e+00
     13.000     5.6907   3.039083    30.8183        449     0.3114 0.0000e+00
     14.000     5.6721   3.039915    30.8441        472     0.3267 0.0000e+00
     15.000     5.6593   3.040564    30.8627        494     0.3421 0.0000e+00
     16.000     5.6560   3.040669    30.8664        518     0.3593 0.0000e+00
     17.000     5.6293   3.042794    30.9143        548     0.3798 0.0000e+00
     18.000     5.6077   3.044287    30.9504        582     0.4037 0.0000e+00
     19.000     5.5526   3.045682    31.0163        612     0.4241 0.0000e+00
     20.000     5.5276   3.045831    31.0406        636     0.4408 0.0000e+00
     21.000     5.5169   3.045921    31.0510        659     0.4567 0.0000e+00
     22.000     5.5096   3.046010    31.0583        682     0.4733 0.0000e+00
     23.000     5.4983   3.046302    31.0716        706     0.4895 0.0000e+00
     24.000     5.4882   3.046460    31.0822        732     0.5074 0.0000e+00
     25.000     5.4841   3.046549    31.0866        763     0.5291 0.0000e+00
     26.000     5.4827   3.046564    31.0876        800     0.5546 0.0000e+00
     27.000     5.4745   3.046683    31.0960        832     0.5771 0.0000e+00
     28.000     5.4664   3.046711    31.1034        857     0.5941 0.0000e+00
     29.000     5.4511   3.046669    31.1166        877     0.6086 0.0000e+00
     30.000     5.4339   3.046662    31.1320        898     0.6229 0.0000e+00
     31.000     5.4183   3.046629    31.1456        921     0.6388 0.0000e+00
     32.000     5.3969   3.046716    31.1660        950     0.6594 0.0000e+00
     33.000     5.3431   3.047462    31.2241        984     0.6828 0.0000e+00
     34.000     5.3122   3.049278    31.2729       1012     0.7019 0.0000e+00
     35.000     5.2700   3.052494    31.3484       1035     0.7179 0.0000e+00
     36.000     5.2397   3.054598    31.4003       1059     0.7349 0.0000e+00
     37.000     5.1994   3.057082    31.4659       1092     0.7579 0.0000e+00
     38.000     5.1686   3.058532    31.5110       1131     0.7845 0.0000e+00
     39.000     5.1239   3.059565    31.5644       1159     0.8041 0.0000e+00
     40.000     5.1123   3.060147    31.5815       1181     0.8195 0.0000e+00
     41.000     5.1063   3.060723    31.5933       1203     0.8349 0.0000e+00
     42.000     5.1063   3.060800    31.5937       1228     0.8517 0.0000e+00
     43.000     5.1077   3.061014    31.5943       1266     0.8788 0.0000e+00
     42.000     5.1073   3.060811    31.5929       1734     1.2035 0.0000e+00
     41.000     5.1084   3.060764    31.5917       2071     1.4373 0.0000e+00
     40.000     5.1144   3.060015    31.5780       2146     1.4898 0.0000e+00
     39.000     5.1175   3.059951    31.5749       2187     1.5178 0.0000e+00
     38.000     5.1311   3.059068    31.5524       2211     1.5345 0.0000e+00
     37.000     5.1633   3.057766    31.5077       2241     1.5553 0.0000e+00
     36.000     5.1955   3.056148    31.4594       2292     1.5909 0.0000e+00
     35.000     5.2347   3.053974    31.3983       2348     1.6298 0.0000e+00
     34.000     5.2616   3.052079    31.3521       2380     1.6519 0.0000e+00
     33.000     5.2958   3.049467    31.2909       2407     1.6711 0.0000e+00
     32.000     5.3202   3.047886    31.2507       2443     1.6957 0.0000e+00
     31.000     5.3868   3.046204    31.1701       2521     1.7502 0.0000e+00
     30.000     5.4028   3.045992    31.1532       2558     1.7756 0.0000e+00
     29.000     5.4223   3.045857    31.1341       2585     1.7945 0.0000e+00
     28.000     5.4390   3.045988    31.1206       2616     1.8161 0.0000e+00
     27.000     5.4490   3.046151    31.1136       2661     1.8472 0.0000e+00
     26.000     5.4839   3.046463    31.0853       3118     2.1647 0.0000e+00
     25.000     5.4784   3.046433    31.0905       3441     2.3886 0.0000e+00
     24.000     5.4862   3.046206    31.0813       3464     2.4047 0.0000e+00
     23.000     5.4940   3.045839    31.0703       3485     2.4192 0.0000e+00
     22.000     5.5000   3.045809    31.0650       3503     2.4322 0.0000e+00
     21.000     5.5072   3.045645    31.0570       3522     2.4454 0.0000e+00
     20.000     5.5086   3.045600    31.0556       3546     2.4618 0.0000e+00
     19.000     5.5239   3.045384    31.0396       3583     2.4872 0.0000e+00
     18.000     5.5531   3.044949    31.0081       3620     2.5129 0.0000e+00
     17.000     5.5934   3.043895    30.9596       3645     2.5302 0.0000e+00
     16.000     5.6201   3.042640    30.9215       3666     2.5451 0.0000e+00
     15.000     5.6389   3.041133    30.8877       3688     2.5606 0.0000e+00
     14.000     5.6479   3.040343    30.8711       3713     2.5780 0.0000e+00
     13.000     5.6558   3.039813    30.8584       3741     2.5973 0.0000e+00
     12.000     5.6769   3.038795    30.8281       3768     2.6162 0.0000e+00
     11.000     5.6944   3.038108    30.8049       3796     2.6356 0.0000e+00
     10.000     5.7083   3.037664    30.7877       3823     2.6545 0.0000e+00
      9.000     5.7213   3.037187    30.7710       3850     2.6730 0.0000e+00
      8.000     5.7342   3.036668    30.7538       3879     2.6931 0.0000e+00
      7.000     5.7529   3.035950    30.7292       3912     2.7163 0.0000e+00
      6.000     5.7808   3.034864    30.6922       3944     2.7380 0.0000e+00
      5.000     5.7910   3.034572    30.6801       3973     2.7586 0.0000e+00
      4.000     5.7946   3.034558    30.6771       4009     2.7830 0.0000e+00
      3.000     5.7982   3.034848    30.6776       4042     2.8060 0.0000e+00
      2.000     5.7953   3.035448    30.6874       4265     2.9613 0.0000e+00
      1.000     5.8004   3.035446    30.6832       4371     3.0346 0.0000e+00
