HB2402/ctd112.cnv
* Sea-Bird SBE 9 Data File:
* FileName = C:\cruise\data\ctd112.hex
* Software Version Seasave V 7.26.7.121
* Temperature SN = 5253
* Conductivity SN = 4421
* Number of Bytes Per Scan = 37
* Number of Voltage Words = 4
* Number of Scans Averaged by the Deck Unit = 1
* NMEA Latitude = 40 05.24 N
* NMEA Longitude = 070 43.72 W
* NMEA UTC (Time) = Apr 08 2024 00:56:21
* NMEA baud rate = 4800
** Ship: Bigelow HB2304
** Program:  Fall Bottom Trawl Survey
** Chief Scientist: John Galbraith
# nquan = 7
# nvalues = 264                         
# units = specified
# name 0 = depSM: Depth [salt water, m]
# name 1 = t090C: Temperature [ITS-90, deg C]
# name 2 = c0S/m: Conductivity [S/m]
# name 3 = sal00: Salinity, Practical [PSU]
# name 4 = scan: Scan Count
# name 5 = timeM: Time, Elapsed [minutes]
# name 6 = flag: flag
# span 0 =      2.000,    134.000       
# span 1 =     5.4285,    10.9904       
# span 2 =   3.152024,   3.895215       
# span 3 =    32.1730,    34.8602       
# span 4 =         29,       9306       
# span 5 =     0.0193,     6.4617       
# span 6 = 0.0000e+00, 0.0000e+00       
# interval = meters: 1                  
# start_time = Apr 08 2024 00:56:21 [NMEA time, header]
# bad_flag = -9.990e-29
*END*
[from data line 206]
     59.000     5.4285   3.157587    32.3791       6805     4.7250 0.0000e+00
     58.000     5.4406   3.157376    32.3655       6835     4.7459 0.0000e+00
     57.000     5.4723   3.159223    32.3563       6862     4.7645 0.0000e+00
     56.000     5.5020   3.161479    32.3538       6893     4.7859 0.0000e+00
     55.000     5.5285   3.163159    32.3479       6943     4.8207 0.0000e+00
     54.000     5.5724   3.165686    32.3347       6981     4.8471 0.0000e+00
     53.000     5.5817   3.163272    32.2989       6998     4.8587 0.0000e+00
     52.000     5.5744   3.161507    32.2866       7013     4.8692 0.0000e+00
     51.000     5.5693   3.160141    32.2764       7028     4.8798 0.0000e+00
     50.000     5.5608   3.157707    32.2576       7051     4.8960 0.0000e+00
     49.000     5.5612   3.153724    32.2126       7107     4.9347 0.0000e+00
     48.000     5.5757   3.153441    32.1960       7135     4.9540 0.0000e+00
     47.000     5.5915   3.153950    32.1872       7155     4.9683 0.0000e+00
     46.000     5.6076   3.154963    32.1837       7175     4.9823 0.0000e+00
     45.000     5.6285   3.156440    32.1809       7197     4.9973 0.0000e+00
     44.000     5.6487   3.157908    32.1786       7224     5.0160 0.0000e+00
     43.000     5.6727   3.159801    32.1776       7289     5.0611 0.0000e+00
     42.000     5.6770   3.160076    32.1770       7316     5.0799 0.0000e+00
     41.000     5.6974   3.161717    32.1765       7331     5.0900 0.0000e+00
     40.000     5.7437   3.165339    32.1736       7344     5.0993 0.0000e+00
     39.000     5.7642   3.167004    32.1733       7358     5.1088 0.0000e+00
     38.000     5.7732   3.167931    32.1757       7375     5.1208 0.0000e+00
     37.000     5.8218   3.172030    32.1759       7421     5.1531 0.0000e+00
     36.000     5.8406   3.173606    32.1762       7475     5.1906 0.0000e+00
     35.000     5.8598   3.175224    32.1764       7497     5.2054 0.0000e+00
     34.000     5.8690   3.175985    32.1767       7517     5.2192 0.0000e+00
     33.000     5.8738   3.176394    32.1772       7536     5.2328 0.0000e+00
     32.000     5.8753   3.176479    32.1773       7556     5.2469 0.0000e+00
     31.000     5.8741   3.176345    32.1773       7579     5.2623 0.0000e+00
     30.000     5.8720   3.176124    32.1774       7609     5.2830 0.0000e+00
     29.000     5.8712   3.175996    32.1772       7647     5.3098 0.0000e+00
     28.000     5.8650   3.175429    32.1773       7679     5.3316 0.0000e+00
     27.000     5.8677   3.175601    32.1771       7705     5.3497 0.0000e+00
     26.000     5.8749   3.176218    32.1776       7728     5.3662 0.0000e+00
     25.000     5.8810   3.176715    32.1779       7749     5.3806 0.0000e+00
     24.000     5.8870   3.177217    32.1783       7768     5.3941 0.0000e+00
     23.000     5.8888   3.177381    32.1790       7790     5.4087 0.0000e+00
     22.000     5.8900   3.177467    32.1792       7827     5.4347 0.0000e+00
     21.000     5.8913   3.177541    32.1793       7869     5.4642 0.0000e+00
     20.000     5.8915   3.177511    32.1793       7888     5.4771 0.0000e+00
     19.000     5.8912   3.177454    32.1794       7904     5.4881 0.0000e+00
     18.000     5.8912   3.177412    32.1794       7920     5.4991 0.0000e+00
     17.000     5.8905   3.177320    32.1795       7945     5.5170 0.0000e+00
     16.000     5.8897   3.177207    32.1796       8000     5.5547 0.0000e+00
     15.000     5.8895   3.177136    32.1794       8022     5.5703 0.0000e+00
     14.000     5.8892   3.177087    32.1797       8039     5.5818 0.0000e+00
     13.000     5.8888   3.176995    32.1795       8055     5.5933 0.0000e+00
     12.000     5.8889   3.176968    32.1796       8077     5.6085 0.0000e+00
     11.000     5.8902   3.177023    32.1795       8112     5.6327 0.0000e+00
     10.000     5.8900   3.176975    32.1796       8142     5.6536 0.0000e+00
      9.000     5.8901   3.176926    32.1795       8162     5.6675 0.0000e+00
      8.000     5.8896   3.176854    32.1796       8181     5.6808 0.0000e+00
      7.000     5.8895   3.176799    32.1796       8211     5.7011 0.0000e+00
      6.000     5.8945   3.177179    32.1795       8398     5.8310 0.0000e+00
      5.000     5.8920   3.176905    32.1794       9132     6.3413 0.0000e+00
      4.000     5.8904   3.176717    32.1793       9219     6.4013 0.0000e+00
      3.000     5.8896   3.176609    32.1793       9259     6.4291 0.0000e+00
      2.000     5.8896   3.176565    32.1793       9306     6.4617 0.0000e+00
