HB2402/ctd133.cnv
* Sea-Bird SBE 9 Data File:
* FileName = C:\cruise\data\ctd133.hex
* Software Version Seasave V 7.26.7.121
* Temperature SN = 5253
* Conductivity SN = 4421
* Number of Bytes Per Scan = 37
* Number of Voltage Words = 4
* Number of Scans Averaged by the Deck Unit = 1
* NMEA Latitude = 41 50.48 N
* NMEA Longitude = 070 20.39 W
* NMEA UTC (Time) = Apr 12 2024 21:38:19
* NMEA baud rate = 4800
** Ship: Bigelow HB2304
** Program:  Fall Bottom Trawl Survey
** Chief Scientist: John Galbraith
# nquan = 7
# nvalues = 44                          
# units = specified
# name 0 = depSM: Depth [salt water, m]
# name 1 = t090C: Temperature [ITS-90, deg C]
# name 2 = c0S/m: Conductivity [S/m]
# name 3 = sal00: Salinity, Practical [PSU]
# name 4 = scan: Scan Count
# name 5 = timeM: Time, Elapsed [minutes]
# name 6 = flag: flag
# span 0 =      2.000,     24.000       
# span 1 =     5.7136,     5.9512       
# span 2 =   3.009361,   3.015416       
# span 3 =    30.3227,    30.4605       
# span 4 =       -327,       2170       
# span 5 =    -0.2280,     1.5063       
# span 6 = 0.0000e+00, 0.0000e+00       
# interval = meters: 1                  
# start_time = Apr 12 2024 21:38:19 [NMEA time, header]
# bad_flag = -9.990e-29
*END*
      3.000     5.9316   3.014588    30.3313       -327    -0.2280 0.0000e+00
      4.000     5.9512   3.015416    30.3227        386     0.2676 0.0000e+00
      5.000     5.9484   3.015405    30.3245        350     0.2421 0.0000e+00
      6.000     5.9400   3.014959    30.3266        368     0.2547 0.0000e+00
      7.000     5.9415   3.015097    30.3263        394     0.2727 0.0000e+00
      8.000     5.9334   3.014719    30.3289        422     0.2920 0.0000e+00
      9.000     5.9309   3.014660    30.3300        448     0.3102 0.0000e+00
     10.000     5.9305   3.014631    30.3296        474     0.3284 0.0000e+00
     11.000     5.9310   3.014689    30.3293        500     0.3468 0.0000e+00
     12.000     5.9299   3.014686    30.3298        527     0.3649 0.0000e+00
     13.000     5.9286   3.014691    30.3306        553     0.3830 0.0000e+00
     14.000     5.9295   3.014759    30.3301        580     0.4021 0.0000e+00
     15.000     5.9235   3.014614    30.3334        606     0.4199 0.0000e+00
     16.000     5.9180   3.014497    30.3366        631     0.4374 0.0000e+00
     17.000     5.9209   3.014608    30.3347        658     0.4564 0.0000e+00
     18.000     5.9179   3.014574    30.3365        686     0.4760 0.0000e+00
     19.000     5.9114   3.014448    30.3405        712     0.4941 0.0000e+00
     20.000     5.9076   3.014386    30.3427        739     0.5128 0.0000e+00
     21.000     5.8952   3.014066    30.3498        769     0.5331 0.0000e+00
     22.000     5.8927   3.014023    30.3511        796     0.5519 0.0000e+00
     23.000     5.8861   3.013872    30.3550        821     0.5698 0.0000e+00
     24.000     5.7599   3.010738    30.4332       1066     0.7394 0.0000e+00
     23.000     5.7157   3.009467    30.4592       1260     0.8743 0.0000e+00
     22.000     5.7136   3.009361    30.4605       1281     0.8888 0.0000e+00
     21.000     5.7643   3.010503    30.4279       1307     0.9067 0.0000e+00
     20.000     5.8619   3.012853    30.3668       1333     0.9247 0.0000e+00
     19.000     5.8994   3.013837    30.3445       1358     0.9423 0.0000e+00
     18.000     5.9166   3.014346    30.3351       1384     0.9607 0.0000e+00
     17.000     5.9251   3.014604    30.3309       1411     0.9791 0.0000e+00
     16.000     5.9265   3.014645    30.3305       1437     0.9969 0.0000e+00
     15.000     5.9275   3.014653    30.3302       1462     1.0145 0.0000e+00
     14.000     5.9300   3.014717    30.3292       1488     1.0330 0.0000e+00
     13.000     5.9322   3.014777    30.3284       1515     1.0514 0.0000e+00
     12.000     5.9346   3.014845    30.3274       1540     1.0689 0.0000e+00
     11.000     5.9397   3.015052    30.3256       1565     1.0862 0.0000e+00
     10.000     5.9426   3.015160    30.3246       1592     1.1050 0.0000e+00
      9.000     5.9434   3.015177    30.3246       1619     1.1234 0.0000e+00
      8.000     5.9446   3.015198    30.3242       1643     1.1401 0.0000e+00
      7.000     5.9443   3.015124    30.3242       1668     1.1573 0.0000e+00
      6.000     5.9444   3.015100    30.3242       1696     1.1768 0.0000e+00
      5.000     5.9439   3.015015    30.3242       1722     1.1953 0.0000e+00
      4.000     5.9425   3.014895    30.3246       1746     1.2119 0.0000e+00
      3.000     5.9409   3.014776    30.3252       1974     1.3698 0.0000e+00
      2.000     5.9409   3.014747    30.3253       2170     1.5063 0.0000e+00
