HB2402/ctd171.cnv
* Sea-Bird SBE 9 Data File:
* FileName = C:\cruise\data\ctd171.hex
* Software Version Seasave V 7.26.7.121
* Temperature SN = 5253
* Conductivity SN = 4421
* Number of Bytes Per Scan = 37
* Number of Voltage Words = 4
* Number of Scans Averaged by the Deck Unit = 1
* NMEA Latitude = 40 32.67 N
* NMEA Longitude = 067 15.49 W
* NMEA UTC (Time) = Apr 26 2024 15:38:24
* NMEA baud rate = 4800
** Ship: Bigelow HB2402
** Program:  Spring Bottom Trawl Survey
** Chief Scientist: John Galbraith
# nquan = 7
# nvalues = 275                         
# units = specified
# name 0 = depSM: Depth [salt water, m]
# name 1 = t090C: Temperature [ITS-90, deg C]
# name 2 = c0S/m: Conductivity [S/m]
# name 3 = sal00: Salinity, Practical [PSU]
# name 4 = scan: Scan Count
# name 5 = timeM: Time, Elapsed [minutes]
# name 6 = flag: flag
# span 0 =      2.000,    140.000       
# span 1 =     5.1114,     9.1145       
# span 2 =   3.118752,   3.701960       
# span 3 =    31.9405,    34.6892       
# span 4 =        113,       7902       
# span 5 =     0.0778,     5.4868       
# span 6 = 0.0000e+00, 0.0000e+00       
# interval = meters: 1                  
# start_time = Apr 26 2024 15:38:24 [NMEA time, header]
# bad_flag = -9.990e-29
*END*
[from data line 206]
     70.000     5.3071   3.165002    32.5756       6108     4.2407 0.0000e+00
     69.000     5.3073   3.164745    32.5730       6141     4.2637 0.0000e+00
     68.000     5.2998   3.163359    32.5650       6160     4.2772 0.0000e+00
     67.000     5.2916   3.162024    32.5581       6178     4.2893 0.0000e+00
     66.000     5.2873   3.161234    32.5538       6199     4.3044 0.0000e+00
     65.000     5.2773   3.159370    32.5428       6232     4.3271 0.0000e+00
     64.000     5.2734   3.158133    32.5330       6261     4.3476 0.0000e+00
     63.000     5.2667   3.156179    32.5177       6283     4.3625 0.0000e+00
     62.000     5.2588   3.154414    32.5058       6305     4.3778 0.0000e+00
     61.000     5.2483   3.152128    32.4904       6335     4.3986 0.0000e+00
     60.000     5.2395   3.150004    32.4752       6370     4.4230 0.0000e+00
     59.000     5.2241   3.146011    32.4450       6395     4.4405 0.0000e+00
     58.000     5.2171   3.144289    32.4327       6416     4.4549 0.0000e+00
     57.000     5.2137   3.142843    32.4200       6438     4.4703 0.0000e+00
     56.000     5.2104   3.141369    32.4068       6466     4.4895 0.0000e+00
     55.000     5.2096   3.139813    32.3903       6496     4.5104 0.0000e+00
     54.000     5.2079   3.138086    32.3728       6521     4.5276 0.0000e+00
     53.000     5.2066   3.137040    32.3626       6544     4.5438 0.0000e+00
     52.000     5.2035   3.136025    32.3545       6570     4.5615 0.0000e+00
     51.000     5.1950   3.133932    32.3393       6597     4.5808 0.0000e+00
     50.000     5.1903   3.131942    32.3216       6625     4.6001 0.0000e+00
     49.000     5.1889   3.130977    32.3124       6652     4.6189 0.0000e+00
     48.000     5.1890   3.130696    32.3097       6677     4.6360 0.0000e+00
     47.000     5.1912   3.130069    32.3009       6701     4.6527 0.0000e+00
     46.000     5.1937   3.129614    32.2938       6726     4.6704 0.0000e+00
     45.000     5.1908   3.127942    32.2780       6755     4.6903 0.0000e+00
     44.000     5.1593   3.123370    32.2566       6785     4.7113 0.0000e+00
     43.000     5.1771   3.121522    32.2188       6813     4.7303 0.0000e+00
     42.000     5.2559   3.126044    32.1950       6836     4.7468 0.0000e+00
     41.000     5.4194   3.135640    32.1477       6858     4.7618 0.0000e+00
     40.000     5.7280   3.154882    32.0709       6880     4.7768 0.0000e+00
     39.000     5.8950   3.166884    32.0476       6905     4.7942 0.0000e+00
     38.000     5.9500   3.171231    32.0446       6937     4.8169 0.0000e+00
     37.000     5.9826   3.173473    32.0393       6969     4.8391 0.0000e+00
     36.000     6.0920   3.181344    32.0243       6994     4.8562 0.0000e+00
     35.000     6.1080   3.182639    32.0240       7016     4.8718 0.0000e+00
     34.000     6.1168   3.183382    32.0245       7039     4.8876 0.0000e+00
     33.000     6.1190   3.183622    32.0256       7064     4.9050 0.0000e+00
     32.000     6.1225   3.183789    32.0246       7092     4.9246 0.0000e+00
     31.000     6.1221   3.183758    32.0252       7122     4.9450 0.0000e+00
     30.000     6.1270   3.184113    32.0249       7151     4.9650 0.0000e+00
     29.000     6.1350   3.184680    32.0242       7177     4.9834 0.0000e+00
     28.000     6.1444   3.185400    32.0238       7200     4.9995 0.0000e+00
     27.000     6.1537   3.186098    32.0233       7221     5.0139 0.0000e+00
     26.000     6.1596   3.186530    32.0230       7243     5.0290 0.0000e+00
     25.000     6.1671   3.187029    32.0220       7268     5.0462 0.0000e+00
     24.000     6.1676   3.187020    32.0219       7298     5.0675 0.0000e+00
     23.000     6.1670   3.186821    32.0208       7330     5.0898 0.0000e+00
     22.000     6.1698   3.186591    32.0160       7361     5.1108 0.0000e+00
     21.000     6.1619   3.185701    32.0140       7387     5.1290 0.0000e+00
     20.000     6.1561   3.184951    32.0117       7409     5.1447 0.0000e+00
     19.000     6.1384   3.183075    32.0079       7430     5.1588 0.0000e+00
     18.000     6.1141   3.180353    32.0011       7450     5.1728 0.0000e+00
     17.000     6.1107   3.179989    32.0007       7472     5.1881 0.0000e+00
     16.000     6.0950   3.178263    31.9968       7501     5.2084 0.0000e+00
     15.000     6.0702   3.175518    31.9901       7539     5.2351 0.0000e+00
     14.000     6.0261   3.170384    31.9748       7567     5.2540 0.0000e+00
     13.000     6.0002   3.167213    31.9643       7586     5.2673 0.0000e+00
     12.000     6.0008   3.166567    31.9570       7604     5.2799 0.0000e+00
     11.000     6.0144   3.167040    31.9500       7625     5.2947 0.0000e+00
     10.000     6.0486   3.169544    31.9461       7660     5.3184 0.0000e+00
      9.000     6.0808   3.171893    31.9426       7694     5.3424 0.0000e+00
      8.000     6.0971   3.173123    31.9413       7715     5.3569 0.0000e+00
      7.000     6.1015   3.173407    31.9409       7733     5.3695 0.0000e+00
      6.000     6.1054   3.173720    31.9411       7753     5.3831 0.0000e+00
      5.000     6.1070   3.173789    31.9410       7780     5.4024 0.0000e+00
      4.000     6.1072   3.173748    31.9408       7821     5.4306 0.0000e+00
      3.000     6.1069   3.173660    31.9405       7851     5.4512 0.0000e+00
      2.000     6.1075   3.173716    31.9411       7902     5.4868 0.0000e+00
