HB2402/ctd196.cnv
* Sea-Bird SBE 9 Data File:
* FileName = C:\cruise\data\ctd196.hex
* Software Version Seasave V 7.26.7.121
* Temperature SN = 5253
* Conductivity SN = 4421
* Number of Bytes Per Scan = 37
* Number of Voltage Words = 4
* Number of Scans Averaged by the Deck Unit = 1
* NMEA Latitude = 42 04.51 N
* NMEA Longitude = 067 35.16 W
* NMEA UTC (Time) = May 02 2024 12:12:45
** Ship: Bigelow HB2402
** Program:  Spring Bottom Trawl Survey
** Chief Scientist: John Galbraith
# nquan = 7
# nvalues = 229                         
# units = specified
# name 0 = depSM: Depth [salt water, m]
# name 1 = t090C: Temperature [ITS-90, deg C]
# name 2 = c0S/m: Conductivity [S/m]
# name 3 = sal00: Salinity, Practical [PSU]
# name 4 = scan: Scan Count
# name 5 = timeM: Time, Elapsed [minutes]
# name 6 = flag: flag
# span 0 =      1.000,    116.000       
# span 1 =     5.3352,     7.1833       
# span 2 =   3.092894,   3.278831       
# span 3 =    31.5799,    32.6838       
# span 4 =       -183,       7997       
# span 5 =    -0.1278,     5.5530       
# span 6 = 0.0000e+00, 0.0000e+00       
# interval = meters: 1                  
# start_time = May 02 2024 12:12:45 [NMEA time, header]
# bad_flag = -9.990e-29
*END*
      3.000     7.0871   3.223673    31.5799       -183    -0.1278 0.0000e+00
      4.000     7.1833   3.235459    31.6191        329     0.2277 0.0000e+00
      5.000     7.1188   3.236433    31.6882        293     0.2031 0.0000e+00
      6.000     7.0619   3.237097    31.7474        317     0.2195 0.0000e+00
      7.000     7.0102   3.235249    31.7744        342     0.2365 0.0000e+00
      8.000     6.9845   3.229302    31.7330        366     0.2536 0.0000e+00
      9.000     6.9244   3.222986    31.7192        393     0.2720 0.0000e+00
     10.000     6.9387   3.222450    31.6997        420     0.2913 0.0000e+00
     11.000     6.9036   3.219771    31.7024        447     0.3097 0.0000e+00
     12.000     6.8690   3.216795    31.7014        472     0.3268 0.0000e+00
     13.000     6.8302   3.213622    31.7021        497     0.3445 0.0000e+00
     14.000     6.7397   3.206212    31.7042        525     0.3638 0.0000e+00
     15.000     6.6390   3.197658    31.7031        626     0.4344 0.0000e+00
     16.000     6.5297   3.188965    31.7085        721     0.5001 0.0000e+00
     17.000     6.4956   3.186307    31.7104        746     0.5172 0.0000e+00
     18.000     6.4641   3.184293    31.7170        775     0.5377 0.0000e+00
     19.000     6.4361   3.182627    31.7241        809     0.5610 0.0000e+00
     20.000     6.3791   3.179051    31.7373        841     0.5835 0.0000e+00
     21.000     6.2146   3.167033    31.7571        867     0.6014 0.0000e+00
     22.000     5.9477   3.144407    31.7545        890     0.6172 0.0000e+00
     23.000     5.7746   3.128454    31.7381        913     0.6333 0.0000e+00
     24.000     5.7032   3.121462    31.7262        938     0.6505 0.0000e+00
     25.000     5.6749   3.118572    31.7199        966     0.6702 0.0000e+00
     26.000     5.6513   3.116213    31.7151        998     0.6921 0.0000e+00
     27.000     5.6286   3.114068    31.7118       1028     0.7131 0.0000e+00
     28.000     5.6114   3.112511    31.7100       1054     0.7310 0.0000e+00
     29.000     5.5996   3.111468    31.7088       1077     0.7470 0.0000e+00
     30.000     5.5728   3.109299    31.7091       1100     0.7629 0.0000e+00
     31.000     5.5586   3.108092    31.7084       1125     0.7804 0.0000e+00
     32.000     5.5461   3.107013    31.7076       1154     0.8004 0.0000e+00
     33.000     5.5390   3.106413    31.7070       1184     0.8213 0.0000e+00
     34.000     5.5327   3.105848    31.7060       1212     0.8412 0.0000e+00
     35.000     5.5077   3.103730    31.7052       1239     0.8598 0.0000e+00
     36.000     5.4719   3.100879    31.7063       1265     0.8776 0.0000e+00
     37.000     5.4459   3.099015    31.7093       1290     0.8950 0.0000e+00
     38.000     5.4107   3.096622    31.7150       1315     0.9123 0.0000e+00
     39.000     5.3837   3.094799    31.7194       1341     0.9304 0.0000e+00
     40.000     5.3439   3.092894    31.7350       1368     0.9493 0.0000e+00
     41.000     5.3688   3.096081    31.7470       1394     0.9676 0.0000e+00
     42.000     5.3425   3.094195    31.7501       1421     0.9859 0.0000e+00
     43.000     5.3352   3.093872    31.7528       1447     1.0041 0.0000e+00
     44.000     5.3494   3.095549    31.7579       1476     1.0242 0.0000e+00
     45.000     5.3695   3.097610    31.7618       1507     1.0459 0.0000e+00
     46.000     5.4055   3.101372    31.7698       1536     1.0658 0.0000e+00
     47.000     5.4212   3.103113    31.7741       1560     1.0828 0.0000e+00
     48.000     5.4466   3.106314    31.7859       1582     1.0978 0.0000e+00
     49.000     5.5973   3.122074    31.8208       1603     1.1126 0.0000e+00
     50.000     5.6516   3.127127    31.8260       1627     1.1288 0.0000e+00
     51.000     5.6624   3.128396    31.8296       1655     1.1488 0.0000e+00
     52.000     5.6776   3.130015    31.8330       1692     1.1743 0.0000e+00
     53.000     5.6988   3.132220    31.8373       1725     1.1972 0.0000e+00
     54.000     5.7117   3.133631    31.8405       1750     1.2143 0.0000e+00
     55.000     5.7279   3.135627    31.8472       1771     1.2290 0.0000e+00
     56.000     5.8209   3.145657    31.8715       1792     1.2436 0.0000e+00
     57.000     5.9568   3.159524    31.8980       1816     1.2605 0.0000e+00
     58.000     5.9606   3.160268    31.9023       1846     1.2816 0.0000e+00
     59.000     5.9437   3.158970    31.9032       1877     1.3031 0.0000e+00
     60.000     5.9293   3.157869    31.9040       1903     1.3209 0.0000e+00
     61.000     5.9262   3.157837    31.9061       1927     1.3376 0.0000e+00
     62.000     5.9629   3.161889    31.9163       1952     1.3551 0.0000e+00
     63.000     6.0875   3.175357    31.9487       1981     1.3749 0.0000e+00
     64.000     6.1447   3.181813    31.9662       2011     1.3961 0.0000e+00
     65.000     6.1343   3.181957    31.9772       2041     1.4165 0.0000e+00
     66.000     6.1373   3.182525    31.9801       2067     1.4348 0.0000e+00
     67.000     6.1479   3.183711    31.9829       2090     1.4507 0.0000e+00
     68.000     6.1467   3.184513    31.9925       2111     1.4652 0.0000e+00
     69.000     6.1220   3.183076    31.9993       2133     1.4806 0.0000e+00
     70.000     6.1107   3.182637    32.0045       2161     1.5000 0.0000e+00
     71.000     6.1040   3.182392    32.0077       2199     1.5266 0.0000e+00
     72.000     6.0955   3.181934    32.0101       2232     1.5491 0.0000e+00
     73.000     6.0957   3.182180    32.0122       2254     1.5648 0.0000e+00
     74.000     6.0870   3.181952    32.0174       2274     1.5785 0.0000e+00
     75.000     6.1031   3.184769    32.0331       2295     1.5930 0.0000e+00
     76.000     6.1128   3.186157    32.0389       2321     1.6112 0.0000e+00
     77.000     6.0804   3.184430    32.0497       2356     1.6353 0.0000e+00
     78.000     6.0480   3.183985    32.0750       2387     1.6569 0.0000e+00
     79.000     6.0261   3.186039    32.1181       2411     1.6733 0.0000e+00
     80.000     6.0154   3.186323    32.1309       2432     1.6880 0.0000e+00
     81.000     6.0175   3.187842    32.1454       2455     1.7043 0.0000e+00
     82.000     6.0180   3.189064    32.1581       2484     1.7246 0.0000e+00
     83.000     6.0203   3.193270    32.2024       2518     1.7482 0.0000e+00
     84.000     6.0303   3.196019    32.2231       2547     1.7678 0.0000e+00
     85.000     6.0485   3.200114    32.2511       2570     1.7841 0.0000e+00
     86.000     6.0514   3.200803    32.2555       2591     1.7988 0.0000e+00
     87.000     6.0565   3.202047    32.2640       2615     1.8153 0.0000e+00
     88.000     6.0625   3.203144    32.2701       2643     1.8347 0.0000e+00
     89.000     6.0668   3.203943    32.2745       2673     1.8557 0.0000e+00
     90.000     6.0698   3.204499    32.2773       2701     1.8751 0.0000e+00
     91.000     6.0749   3.205491    32.2830       2727     1.8931 0.0000e+00
     92.000     6.0826   3.206978    32.2918       2753     1.9112 0.0000e+00
     93.000     6.0961   3.209337    32.3048       2780     1.9297 0.0000e+00
     94.000     6.1107   3.212233    32.3227       2808     1.9490 0.0000e+00
     95.000     6.1303   3.218457    32.3729       2833     1.9670 0.0000e+00
     96.000     6.1509   3.223799    32.4123       2858     1.9843 0.0000e+00
     97.000     6.1450   3.223478    32.4139       2884     2.0018 0.0000e+00
     98.000     6.1669   3.226608    32.4273       2911     2.0206 0.0000e+00
     99.000     6.1828   3.228994    32.4382       2938     2.0395 0.0000e+00
    100.000     6.1877   3.229688    32.4408       2963     2.0570 0.0000e+00
    101.000     6.1963   3.231007    32.4468       2987     2.0738 0.0000e+00
    102.000     6.2191   3.234361    32.4619       3013     2.0919 0.0000e+00
    103.000     6.2511   3.238881    32.4811       3047     2.1150 0.0000e+00
    104.000     6.2570   3.239794    32.4851       3081     2.1387 0.0000e+00
    105.000     6.2710   3.241869    32.4943       3106     2.1559 0.0000e+00
    106.000     6.3049   3.246921    32.5176       3126     2.1704 0.0000e+00
    107.000     6.3524   3.253832    32.5484       3146     2.1841 0.0000e+00
    108.000     6.4674   3.270422    32.6218       3167     2.1988 0.0000e+00
    109.000     6.4806   3.272310    32.6296       3194     2.2173 0.0000e+00
    110.000     6.4946   3.274898    32.6443       3228     2.2410 0.0000e+00
    111.000     6.5049   3.277007    32.6573       3260     2.2635 0.0000e+00
    112.000     6.5058   3.277572    32.6622       3287     2.2817 0.0000e+00
    113.000     6.5044   3.278831    32.6770       3310     2.2980 0.0000e+00
    114.000     6.4952   3.278650    32.6833       3334     2.3146 0.0000e+00
    115.000     6.4940   3.278642    32.6838       3360     2.3327 0.0000e+00
    116.000     6.4957   3.278668    32.6821       3531     2.4515 0.0000e+00
    115.000     6.4976   3.278774    32.6819       4325     3.0026 0.0000e+00
    114.000     6.4969   3.278687    32.6821       4391     3.0484 0.0000e+00
    113.000     6.4985   3.278647    32.6806       4407     3.0600 0.0000e+00
    112.000     6.4988   3.278519    32.6793       4433     3.0776 0.0000e+00
    111.000     6.4998   3.278508    32.6788       4454     3.0926 0.0000e+00
    110.000     6.5005   3.277746    32.6701       4475     3.1071 0.0000e+00
    109.000     6.4996   3.277099    32.6643       4499     3.1238 0.0000e+00
    108.000     6.4975   3.276614    32.6615       4529     3.1441 0.0000e+00
    107.000     6.4911   3.275149    32.6519       4557     3.1640 0.0000e+00
    106.000     6.4759   3.272463    32.6372       4581     3.1804 0.0000e+00
    105.000     6.4611   3.270261    32.6275       4603     3.1957 0.0000e+00
    104.000     6.3972   3.260985    32.5864       4627     3.2128 0.0000e+00
    103.000     6.3665   3.256078    32.5618       4657     3.2330 0.0000e+00
    102.000     6.3476   3.253769    32.5547       4686     3.2535 0.0000e+00
    101.000     6.3152   3.248353    32.5260       4712     3.2715 0.0000e+00
    100.000     6.2840   3.243911    32.5070       4737     3.2890 0.0000e+00
     99.000     6.2820   3.243440    32.5042       4762     3.3065 0.0000e+00
     98.000     6.2356   3.237270    32.4804       4789     3.3250 0.0000e+00
     97.000     6.2355   3.236884    32.4767       4816     3.3438 0.0000e+00
     96.000     6.2001   3.231758    32.4539       4841     3.3613 0.0000e+00
     95.000     6.1849   3.229163    32.4401       4864     3.3771 0.0000e+00
     94.000     6.1632   3.225083    32.4158       4886     3.3926 0.0000e+00
     93.000     6.1457   3.220941    32.3869       4911     3.4098 0.0000e+00
     92.000     6.1484   3.221222    32.3879       4941     3.4305 0.0000e+00
     91.000     6.1209   3.215047    32.3458       4972     3.4519 0.0000e+00
     90.000     6.1042   3.211390    32.3215       4998     3.4704 0.0000e+00
     89.000     6.0916   3.208768    32.3047       5022     3.4869 0.0000e+00
     88.000     6.0835   3.207303    32.2965       5046     3.5035 0.0000e+00
     87.000     6.0692   3.204578    32.2802       5071     3.5206 0.0000e+00
     86.000     6.0666   3.203875    32.2753       5096     3.5382 0.0000e+00
     85.000     6.0653   3.203542    32.2733       5123     3.5571 0.0000e+00
     84.000     6.0570   3.201625    32.2604       5152     3.5769 0.0000e+00
     83.000     6.0409   3.198350    32.2396       5180     3.5962 0.0000e+00
     82.000     6.0360   3.196489    32.2239       5204     3.6135 0.0000e+00
     81.000     6.0313   3.193773    32.1986       5227     3.6290 0.0000e+00
     80.000     6.0239   3.190009    32.1640       5249     3.6447 0.0000e+00
     79.000     6.0229   3.189075    32.1551       5273     3.6614 0.0000e+00
     78.000     6.0290   3.190071    32.1609       5301     3.6808 0.0000e+00
     77.000     6.0436   3.185860    32.1005       5332     3.7020 0.0000e+00
     76.000     6.0778   3.185625    32.0660       5360     3.7215 0.0000e+00
     75.000     6.0778   3.186142    32.0723       5385     3.7387 0.0000e+00
     74.000     6.0801   3.183448    32.0405       5408     3.7546 0.0000e+00
     73.000     6.0943   3.182858    32.0210       5432     3.7713 0.0000e+00
     72.000     6.0999   3.183044    32.0183       5458     3.7898 0.0000e+00
     71.000     6.1061   3.183410    32.0170       5487     3.8101 0.0000e+00
     70.000     6.1118   3.183416    32.0122       5515     3.8291 0.0000e+00
     69.000     6.1133   3.183237    32.0093       5539     3.8458 0.0000e+00
     68.000     6.1248   3.183663    32.0036       5562     3.8616 0.0000e+00
     67.000     6.1402   3.184048    31.9940       5585     3.8779 0.0000e+00
     66.000     6.1399   3.183404    31.9875       5611     3.8957 0.0000e+00
     65.000     6.1383   3.182835    31.9832       5639     3.9152 0.0000e+00
     64.000     6.1380   3.182338    31.9784       5667     3.9347 0.0000e+00
     63.000     6.1390   3.181620    31.9699       5693     3.9529 0.0000e+00
     62.000     6.1000   3.177037    31.9562       5719     3.9707 0.0000e+00
     61.000     6.0119   3.167650    31.9350       5745     3.9892 0.0000e+00
     60.000     5.9596   3.161985    31.9214       5772     4.0076 0.0000e+00
     59.000     5.9479   3.160435    31.9157       5797     4.0250 0.0000e+00
     58.000     5.9564   3.160862    31.9129       5821     4.0415 0.0000e+00
     57.000     5.9848   3.163233    31.9131       5845     4.0581 0.0000e+00
     56.000     5.9489   3.159240    31.9028       5870     4.0759 0.0000e+00
     55.000     5.8661   3.151070    31.8900       5898     4.0952 0.0000e+00
     54.000     5.7711   3.140830    31.8652       5926     4.1145 0.0000e+00
     53.000     5.7145   3.134373    31.8466       5952     4.1324 0.0000e+00
     52.000     5.6901   3.131803    31.8413       5976     4.1494 0.0000e+00
     51.000     5.6822   3.130838    31.8383       6001     4.1667 0.0000e+00
     50.000     5.6663   3.129240    31.8359       6028     4.1853 0.0000e+00
     49.000     5.6718   3.129590    31.8351       6056     4.2047 0.0000e+00
     48.000     5.6418   3.126557    31.8298       6083     4.2235 0.0000e+00
     47.000     5.5795   3.120386    31.8196       6108     4.2407 0.0000e+00
     46.000     5.5151   3.113620    31.8046       6132     4.2576 0.0000e+00
     45.000     5.4628   3.107788    31.7887       6156     4.2743 0.0000e+00
     44.000     5.4585   3.106904    31.7833       6181     4.2917 0.0000e+00
     43.000     5.4262   3.103628    31.7772       6208     4.3104 0.0000e+00
     42.000     5.4274   3.103678    31.7772       6236     4.3296 0.0000e+00
     41.000     5.3808   3.098298    31.7608       6262     4.3483 0.0000e+00
     40.000     5.3713   3.097060    31.7563       6288     4.3661 0.0000e+00
     39.000     5.3670   3.095855    31.7472       6314     4.3839 0.0000e+00
     38.000     5.3523   3.093645    31.7365       6339     4.4017 0.0000e+00
     37.000     5.3718   3.094521    31.7285       6365     4.4197 0.0000e+00
     36.000     5.3991   3.095565    31.7150       6391     4.4372 0.0000e+00
     35.000     5.4266   3.097236    31.7084       6416     4.4547 0.0000e+00
     34.000     5.4542   3.099122    31.7042       6441     4.4725 0.0000e+00
     33.000     5.4638   3.100078    31.7064       6468     4.4910 0.0000e+00
     32.000     5.4854   3.101528    31.7029       6495     4.5100 0.0000e+00
     31.000     5.5063   3.103173    31.7023       6522     4.5282 0.0000e+00
     30.000     5.5165   3.103951    31.7018       6546     4.5452 0.0000e+00
     29.000     5.5250   3.104573    31.7013       6570     4.5617 0.0000e+00
     28.000     5.5289   3.104847    31.7013       6595     4.5795 0.0000e+00
     27.000     5.5379   3.105581    31.7016       6624     4.5992 0.0000e+00
     26.000     5.5554   3.106844    31.6998       6653     4.6193 0.0000e+00
     25.000     5.5952   3.110273    31.7014       6678     4.6369 0.0000e+00
