HB2402/ctd197.cnv
* Sea-Bird SBE 9 Data File:
* FileName = C:\cruise\data\ctd197.hex
* Software Version Seasave V 7.26.7.121
* Temperature SN = 5253
* Conductivity SN = 4421
* Number of Bytes Per Scan = 37
* Number of Voltage Words = 4
* Number of Scans Averaged by the Deck Unit = 1
* NMEA Latitude = 42 10.60 N
* NMEA Longitude = 068 34.83 W
* NMEA UTC (Time) = May 02 2024 20:45:21
* NMEA baud rate = 4800
** Ship: Bigelow HB2402
** Program:  Spring Bottom Trawl Survey
** Chief Scientist: John Galbraith
# nquan = 7
# nvalues = 334                         
# units = specified
# name 0 = depSM: Depth [salt water, m]
# name 1 = t090C: Temperature [ITS-90, deg C]
# name 2 = c0S/m: Conductivity [S/m]
# name 3 = sal00: Salinity, Practical [PSU]
# name 4 = scan: Scan Count
# name 5 = timeM: Time, Elapsed [minutes]
# name 6 = flag: flag
# span 0 =      1.000,    169.000       
# span 1 =     5.0319,     7.8570       
# span 2 =   3.072965,   3.473493       
# span 3 =    31.6711,    33.5145       
# span 4 =        139,       9853       
# span 5 =     0.0958,     6.8417       
# span 6 = 0.0000e+00, 0.0000e+00       
# interval = meters: 1                  
# start_time = May 02 2024 20:45:21 [NMEA time, header]
# bad_flag = -9.990e-29
*END*
[from data line 206]
    128.000     7.0874   3.351145    32.9065       6227     4.3236 0.0000e+00
    127.000     7.0805   3.349912    32.9001       6254     4.3422 0.0000e+00
    126.000     7.0552   3.346300    32.8854       6280     4.3606 0.0000e+00
    125.000     7.0565   3.346408    32.8858       6307     4.3795 0.0000e+00
    124.000     7.0362   3.343446    32.8734       6335     4.3988 0.0000e+00
    123.000     7.0266   3.342072    32.8680       6361     4.4166 0.0000e+00
    122.000     7.0254   3.341776    32.8664       6385     4.4336 0.0000e+00
    121.000     7.0167   3.340475    32.8609       6413     4.4529 0.0000e+00
    120.000     7.0106   3.339525    32.8569       6440     4.4712 0.0000e+00
    119.000     7.0013   3.338242    32.8522       6461     4.4861 0.0000e+00
    118.000     6.9899   3.336604    32.8457       6482     4.5009 0.0000e+00
    117.000     6.9268   3.327505    32.8069       6509     4.5197 0.0000e+00
    116.000     6.9197   3.325983    32.7975       6544     4.5435 0.0000e+00
    115.000     6.7945   3.309959    32.7417       6572     4.5630 0.0000e+00
    114.000     6.7543   3.303091    32.7052       6595     4.5792 0.0000e+00
    113.000     6.6609   3.291194    32.6639       6619     4.5955 0.0000e+00
    112.000     6.6492   3.289450    32.6563       6644     4.6129 0.0000e+00
    111.000     6.5898   3.281574    32.6267       6669     4.6305 0.0000e+00
    110.000     6.4895   3.267531    32.5678       6695     4.6483 0.0000e+00
    109.000     6.4950   3.267643    32.5643       6721     4.6667 0.0000e+00
    108.000     6.4666   3.263914    32.5506       6748     4.6854 0.0000e+00
    107.000     6.4571   3.262497    32.5444       6774     4.7038 0.0000e+00
    106.000     6.4334   3.259359    32.5329       6801     4.7226 0.0000e+00
    105.000     6.4044   3.255723    32.5207       6829     4.7418 0.0000e+00
    104.000     6.3667   3.250500    32.4993       6854     4.7591 0.0000e+00
    103.000     6.2968   3.241736    32.4692       6876     4.7746 0.0000e+00
    102.000     6.2999   3.241556    32.4647       6901     4.7914 0.0000e+00
    101.000     6.2613   3.237371    32.4556       6926     4.8093 0.0000e+00
    100.000     6.2674   3.236979    32.4459       6953     4.8281 0.0000e+00
     99.000     6.2317   3.231606    32.4207       6984     4.8490 0.0000e+00
     98.000     6.0649   3.210858    32.3490       7014     4.8704 0.0000e+00
     97.000     5.9688   3.198635    32.3046       7039     4.8875 0.0000e+00
     96.000     6.0044   3.202160    32.3105       7061     4.9030 0.0000e+00
     95.000     5.8540   3.183323    32.2435       7085     4.9197 0.0000e+00
     94.000     5.6817   3.163941    32.1905       7110     4.9366 0.0000e+00
     93.000     5.5945   3.150764    32.1257       7132     4.9523 0.0000e+00
     92.000     5.5358   3.142637    32.0904       7155     4.9683 0.0000e+00
     91.000     5.5285   3.140820    32.0773       7183     4.9872 0.0000e+00
     90.000     5.5029   3.137394    32.0635       7217     5.0111 0.0000e+00
     89.000     5.4904   3.135756    32.0574       7250     5.0339 0.0000e+00
     88.000     5.4175   3.126381    32.0213       7275     5.0514 0.0000e+00
     87.000     5.4028   3.124421    32.0136       7297     5.0663 0.0000e+00
     86.000     5.3773   3.121164    32.0014       7318     5.0811 0.0000e+00
     85.000     5.3222   3.114533    31.9792       7341     5.0969 0.0000e+00
     84.000     5.3142   3.112549    31.9647       7364     5.1133 0.0000e+00
     83.000     5.2998   3.110574    31.9565       7391     5.1318 0.0000e+00
     82.000     5.3084   3.111360    31.9578       7421     5.1530 0.0000e+00
     81.000     5.2591   3.104819    31.9309       7450     5.1730 0.0000e+00
     80.000     5.2271   3.100366    31.9113       7476     5.1908 0.0000e+00
     79.000     5.2083   3.097621    31.8984       7500     5.2077 0.0000e+00
     78.000     5.1949   3.095401    31.8864       7524     5.2245 0.0000e+00
     77.000     5.1687   3.092181    31.8752       7550     5.2420 0.0000e+00
     76.000     5.1549   3.089652    31.8600       7580     5.2629 0.0000e+00
     75.000     5.1619   3.090283    31.8610       7610     5.2840 0.0000e+00
     74.000     5.1259   3.085561    31.8419       7633     5.3001 0.0000e+00
     73.000     5.0893   3.081242    31.8280       7652     5.3134 0.0000e+00
     72.000     5.0691   3.078475    31.8162       7672     5.3274 0.0000e+00
     71.000     5.0632   3.077064    31.8062       7700     5.3462 0.0000e+00
     70.000     5.0689   3.076349    31.7930       7732     5.3686 0.0000e+00
     69.000     5.1035   3.078024    31.7797       7759     5.3873 0.0000e+00
     68.000     5.1265   3.079293    31.7728       7787     5.4068 0.0000e+00
     67.000     5.1304   3.079593    31.7730       7816     5.4269 0.0000e+00
     66.000     5.1413   3.080186    31.7699       7841     5.4443 0.0000e+00
     65.000     5.1538   3.080895    31.7666       7863     5.4596 0.0000e+00
     64.000     5.1659   3.081586    31.7634       7885     5.4748 0.0000e+00
     63.000     5.1715   3.081892    31.7621       7907     5.4904 0.0000e+00
     62.000     5.1709   3.081889    31.7631       7934     5.5088 0.0000e+00
     61.000     5.1817   3.082502    31.7603       7967     5.5316 0.0000e+00
     60.000     5.1893   3.082969    31.7589       7995     5.5512 0.0000e+00
     59.000     5.2034   3.083796    31.7554       8017     5.5668 0.0000e+00
     58.000     5.2059   3.083943    31.7552       8039     5.5820 0.0000e+00
     57.000     5.2109   3.084160    31.7534       8064     5.5992 0.0000e+00
     56.000     5.2159   3.084470    31.7527       8092     5.6191 0.0000e+00
     55.000     5.2203   3.084717    31.7519       8123     5.6405 0.0000e+00
     54.000     5.2551   3.086902    31.7441       8154     5.6620 0.0000e+00
     53.000     5.2906   3.089267    31.7379       8179     5.6792 0.0000e+00
     52.000     5.3060   3.090324    31.7358       8199     5.6932 0.0000e+00
     51.000     5.3362   3.092280    31.7299       8219     5.7069 0.0000e+00
     50.000     5.3351   3.092319    31.7319       8241     5.7222 0.0000e+00
     49.000     5.3526   3.093569    31.7300       8268     5.7411 0.0000e+00
     48.000     5.3615   3.094116    31.7282       8299     5.7626 0.0000e+00
     47.000     5.4129   3.097641    31.7201       8328     5.7829 0.0000e+00
     46.000     5.4612   3.101507    31.7187       8356     5.8024 0.0000e+00
     45.000     5.4781   3.102852    31.7184       8386     5.8231 0.0000e+00
     44.000     5.4968   3.104416    31.7188       8412     5.8408 0.0000e+00
     43.000     5.5173   3.105875    31.7165       8433     5.8553 0.0000e+00
     42.000     5.5297   3.106836    31.7161       8452     5.8687 0.0000e+00
     41.000     5.5404   3.107741    31.7167       8473     5.8836 0.0000e+00
     40.000     5.5667   3.109892    31.7167       8502     5.9035 0.0000e+00
     39.000     5.6232   3.113785    31.7078       8536     5.9270 0.0000e+00
     38.000     5.6985   3.119950    31.7069       8563     5.9457 0.0000e+00
     37.000     5.7496   3.124182    31.7068       8587     5.9624 0.0000e+00
     36.000     5.7711   3.125973    31.7072       8612     5.9800 0.0000e+00
     35.000     5.8888   3.134469    31.6924       8638     5.9981 0.0000e+00
     34.000     5.9644   3.141512    31.7008       8663     6.0151 0.0000e+00
     33.000     6.0136   3.145239    31.6968       8688     6.0327 0.0000e+00
     32.000     6.0617   3.148822    31.6922       8717     6.0528 0.0000e+00
     31.000     6.1513   3.156536    31.6948       8745     6.0720 0.0000e+00
     30.000     6.2056   3.161083    31.6952       8768     6.0884 0.0000e+00
     29.000     6.2474   3.164338    31.6928       8790     6.1035 0.0000e+00
     28.000     6.2780   3.166435    31.6880       8812     6.1190 0.0000e+00
     27.000     6.3336   3.171156    31.6890       8840     6.1379 0.0000e+00
     26.000     6.3581   3.173155    31.6888       8874     6.1615 0.0000e+00
     25.000     6.4474   3.180390    31.6861       8903     6.1820 0.0000e+00
     24.000     6.5403   3.188135    31.6857       8926     6.1982 0.0000e+00
     23.000     6.6303   3.195308    31.6817       8948     6.2132 0.0000e+00
     22.000     6.7218   3.202976    31.6815       8970     6.2285 0.0000e+00
     21.000     6.7528   3.206125    31.6878       8995     6.2461 0.0000e+00
     20.000     6.8058   3.210744    31.6899       9024     6.2663 0.0000e+00
     19.000     6.8868   3.217989    31.6947       9053     6.2861 0.0000e+00
     18.000     6.9515   3.223356    31.6940       9080     6.3049 0.0000e+00
     17.000     7.0631   3.233009    31.6967       9106     6.3228 0.0000e+00
     16.000     7.1081   3.238178    31.7119       9131     6.3400 0.0000e+00
     15.000     7.3574   3.258161    31.6997       9155     6.3568 0.0000e+00
     14.000     7.4584   3.267695    31.7104       9177     6.3725 0.0000e+00
     13.000     7.5625   3.275351    31.6981       9200     6.3884 0.0000e+00
     12.000     7.6209   3.280381    31.6991       9228     6.4078 0.0000e+00
     11.000     7.6939   3.285752    31.6905       9260     6.4296 0.0000e+00
     10.000     7.7857   3.293179    31.6868       9285     6.4475 0.0000e+00
      9.000     7.7758   3.292681    31.6910       9308     6.4631 0.0000e+00
      8.000     7.7908   3.293844    31.6902       9332     6.4800 0.0000e+00
      7.000     7.8038   3.294925    31.6904       9357     6.4971 0.0000e+00
      6.000     7.8240   3.296441    31.6886       9382     6.5145 0.0000e+00
      5.000     7.8339   3.297271    31.6889       9409     6.5330 0.0000e+00
      4.000     7.8309   3.296998    31.6893       9437     6.5527 0.0000e+00
      3.000     7.8405   3.297729    31.6888       9459     6.5679 0.0000e+00
      2.000     7.8535   3.299648    31.6978       9788     6.7963 0.0000e+00
      1.000     7.8489   3.299072    31.6963       9853     6.8417 0.0000e+00
