HB2402/ctd116.cnv
* Sea-Bird SBE 9 Data File:
* FileName = C:\cruise\data\ctd116.hex
* Software Version Seasave V 7.26.7.121
* Temperature SN = 5253
* Conductivity SN = 4421
* Number of Bytes Per Scan = 37
* Number of Voltage Words = 4
* Number of Scans Averaged by the Deck Unit = 1
* NMEA Latitude = 40 09.91 N
* NMEA Longitude = 070 20.91 W
* NMEA UTC (Time) = Apr 08 2024 19:34:49
* NMEA baud rate = 4800
** Ship: Bigelow HB2304
** Program:  Fall Bottom Trawl Survey
** Chief Scientist: John Galbraith
# nquan = 7
# nvalues = 218                         
# units = specified
# name 0 = depSM: Depth [salt water, m]
# name 1 = t090C: Temperature [ITS-90, deg C]
# name 2 = c0S/m: Conductivity [S/m]
# name 3 = sal00: Salinity, Practical [PSU]
# name 4 = scan: Scan Count
# name 5 = timeM: Time, Elapsed [minutes]
# name 6 = flag: flag
# span 0 =      1.000,    111.000       
# span 1 =     5.6871,     9.7250       
# span 2 =   3.164905,   3.701745       
# span 3 =    32.1867,    34.1127       
# span 4 =        188,       8203       
# span 5 =     0.1301,     5.6960       
# span 6 = 0.0000e+00, 0.0000e+00       
# interval = meters: 1                  
# start_time = Apr 08 2024 19:34:49 [NMEA time, header]
# bad_flag = -9.990e-29
*END*
      4.000     6.1080   3.195933    32.1873        188     0.1301 0.0000e+00
      5.000     6.1171   3.196740    32.1872        359     0.2487 0.0000e+00
      6.000     6.1377   3.198496    32.1867        394     0.2729 0.0000e+00
      7.000     6.0953   3.195163    32.1893        433     0.3002 0.0000e+00
      8.000     6.0855   3.194304    32.1885        473     0.3277 0.0000e+00
      9.000     6.0835   3.194187    32.1886        503     0.3486 0.0000e+00
     10.000     6.0404   3.190788    32.1911        527     0.3655 0.0000e+00
     11.000     5.8881   3.178556    32.1986        552     0.3825 0.0000e+00
     12.000     5.7816   3.169918    32.2027        579     0.4013 0.0000e+00
     13.000     5.7596   3.168033    32.2021        607     0.4210 0.0000e+00
     14.000     5.7554   3.167701    32.2018        633     0.4386 0.0000e+00
     15.000     5.7497   3.167301    32.2022        656     0.4550 0.0000e+00
     16.000     5.7394   3.166516    32.2028        680     0.4712 0.0000e+00
     17.000     5.7327   3.165981    32.2026        706     0.4899 0.0000e+00
     18.000     5.7314   3.165903    32.2025        784     0.5437 0.0000e+00
     19.000     5.7275   3.165585    32.2021        915     0.6345 0.0000e+00
     20.000     5.7247   3.165429    32.2026        942     0.6538 0.0000e+00
     21.000     5.7220   3.165262    32.2028        974     0.6754 0.0000e+00
     22.000     5.7175   3.164957    32.2032       1006     0.6982 0.0000e+00
     23.000     5.7161   3.164905    32.2035       1041     0.7225 0.0000e+00
     24.000     5.7158   3.165005    32.2044       1071     0.7434 0.0000e+00
     25.000     5.7152   3.165086    32.2053       1095     0.7595 0.0000e+00
     26.000     5.7120   3.164957    32.2064       1115     0.7738 0.0000e+00
     27.000     5.7113   3.165136    32.2087       1137     0.7887 0.0000e+00
     28.000     5.7107   3.165354    32.2112       1162     0.8065 0.0000e+00
     29.000     5.7032   3.165150    32.2156       1189     0.8251 0.0000e+00
     30.000     5.7021   3.165544    32.2206       1213     0.8413 0.0000e+00
     31.000     5.6984   3.165591    32.2241       1245     0.8640 0.0000e+00
     32.000     5.6933   3.165634    32.2291       1295     0.8985 0.0000e+00
     33.000     5.6871   3.166319    32.2422       1320     0.9161 0.0000e+00
     34.000     5.6874   3.167569    32.2555       1341     0.9303 0.0000e+00
     35.000     5.7025   3.170827    32.2773       1361     0.9441 0.0000e+00
     36.000     5.7270   3.175261    32.3032       1380     0.9575 0.0000e+00
     37.000     5.7733   3.186376    32.3836       1398     0.9705 0.0000e+00
     38.000     5.7948   3.192563    32.4320       1417     0.9837 0.0000e+00
     39.000     5.8053   3.195562    32.4551       1443     1.0013 0.0000e+00
     40.000     5.8161   3.198375    32.4759       1496     1.0380 0.0000e+00
     41.000     5.8335   3.203022    32.5109       1544     1.0718 0.0000e+00
     42.000     5.8798   3.210740    32.5526       1568     1.0881 0.0000e+00
     43.000     5.9186   3.215338    32.5663       1587     1.1015 0.0000e+00
     44.000     5.9319   3.216979    32.5715       1604     1.1134 0.0000e+00
     45.000     5.9388   3.218087    32.5767       1621     1.1253 0.0000e+00
     46.000     5.9462   3.219201    32.5816       1640     1.1382 0.0000e+00
     47.000     5.9579   3.220953    32.5894       1662     1.1536 0.0000e+00
     48.000     5.9654   3.221988    32.5934       1695     1.1766 0.0000e+00
     49.000     5.9751   3.223516    32.6006       1743     1.2097 0.0000e+00
     50.000     6.0252   3.230789    32.6334       1774     1.2316 0.0000e+00
     51.000     6.0532   3.234124    32.6432       1800     1.2494 0.0000e+00
     52.000     6.1434   3.245085    32.6784       1825     1.2664 0.0000e+00
     53.000     6.2204   3.254089    32.7041       1849     1.2833 0.0000e+00
     54.000     6.2561   3.258297    32.7161       1872     1.2991 0.0000e+00
     55.000     6.2635   3.259228    32.7189       1895     1.3152 0.0000e+00
     56.000     6.2652   3.259544    32.7203       1922     1.3338 0.0000e+00
     57.000     6.2659   3.259891    32.7230       1952     1.3550 0.0000e+00
     58.000     6.2778   3.261628    32.7304       1981     1.3751 0.0000e+00
     59.000     6.3141   3.265990    32.7435       2009     1.3947 0.0000e+00
     60.000     6.3984   3.275940    32.7723       2035     1.4127 0.0000e+00
     61.000     6.4477   3.281685    32.7882       2060     1.4302 0.0000e+00
     62.000     6.4883   3.286945    32.8069       2088     1.4494 0.0000e+00
     63.000     6.5065   3.289292    32.8150       2119     1.4708 0.0000e+00
     64.000     6.5034   3.289177    32.8162       2151     1.4927 0.0000e+00
     65.000     6.4996   3.289122    32.8187       2182     1.5147 0.0000e+00
     66.000     6.5248   3.295621    32.8659       2208     1.5328 0.0000e+00
     67.000     6.5492   3.303370    32.9275       2232     1.5496 0.0000e+00
     68.000     6.8010   3.334326    33.0258       2254     1.5647 0.0000e+00
     69.000     7.0342   3.361224    33.0957       2276     1.5802 0.0000e+00
     70.000     7.3792   3.399194    33.1776       2301     1.5971 0.0000e+00
     71.000     7.4848   3.411324    33.2073       2331     1.6178 0.0000e+00
     72.000     7.5307   3.416881    33.2229       2367     1.6431 0.0000e+00
     73.000     7.5434   3.418670    33.2296       2402     1.6673 0.0000e+00
     74.000     7.5615   3.421002    33.2370       2430     1.6867 0.0000e+00
     75.000     7.6188   3.427648    33.2534       2454     1.7037 0.0000e+00
     76.000     7.6498   3.431551    33.2653       2479     1.7207 0.0000e+00
     77.000     7.6598   3.436986    33.3137       2504     1.7381 0.0000e+00
     78.000     7.5783   3.432686    33.3450       2528     1.7552 0.0000e+00
     79.000     7.5809   3.437096    33.3896       2557     1.7748 0.0000e+00
     80.000     7.6057   3.443588    33.4354       2587     1.7959 0.0000e+00
     81.000     7.6354   3.449021    33.4649       2615     1.8155 0.0000e+00
     82.000     7.7276   3.460393    33.4982       2645     1.8358 0.0000e+00
     83.000     7.7576   3.464011    33.5077       2675     1.8571 0.0000e+00
     84.000     7.8052   3.469818    33.5239       2705     1.8781 0.0000e+00
     85.000     7.9523   3.486481    33.5607       2732     1.8968 0.0000e+00
     86.000     8.0820   3.500858    33.5894       2757     1.9138 0.0000e+00
     87.000     8.1485   3.507971    33.6009       2780     1.9295 0.0000e+00
     88.000     8.2305   3.518109    33.6298       2804     1.9466 0.0000e+00
     89.000     8.3489   3.531856    33.6619       2835     1.9681 0.0000e+00
     90.000     8.6238   3.564074    33.7391       2869     1.9919 0.0000e+00
     91.000     8.6902   3.571872    33.7572       2897     2.0113 0.0000e+00
     92.000     8.8036   3.585025    33.7868       2927     2.0316 0.0000e+00
     93.000     9.0334   3.612526    33.8549       2957     2.0525 0.0000e+00
     94.000     9.2859   3.642484    33.9261       2984     2.0717 0.0000e+00
     95.000     9.3525   3.651035    33.9508       3009     2.0887 0.0000e+00
     96.000     9.3733   3.653752    33.9588       3033     2.1056 0.0000e+00
     97.000     9.3862   3.655773    33.9670       3062     2.1257 0.0000e+00
     98.000     9.3932   3.656916    33.9717       3091     2.1460 0.0000e+00
     99.000     9.4254   3.661112    33.9841       3118     2.1645 0.0000e+00
    100.000     9.4328   3.662202    33.9878       3146     2.1841 0.0000e+00
    101.000     9.4283   3.661965    33.9892       3177     2.2058 0.0000e+00
    102.000     9.4326   3.662836    33.9937       3207     2.2263 0.0000e+00
    103.000     9.4342   3.663152    33.9949       3237     2.2469 0.0000e+00
    104.000     9.4422   3.664347    33.9992       3268     2.2687 0.0000e+00
    105.000     9.4478   3.665305    34.0033       3296     2.2882 0.0000e+00
    106.000     9.4642   3.667430    34.0093       3321     2.3052 0.0000e+00
    107.000     9.4759   3.669158    34.0155       3344     2.3215 0.0000e+00
    108.000     9.5180   3.675270    34.0382       3369     2.3386 0.0000e+00
    109.000     9.6538   3.692414    34.0854       3397     2.3581 0.0000e+00
    110.000     9.6496   3.691759    34.0821       3428     2.3798 0.0000e+00
    111.000     9.7250   3.701745    34.1127       3461     2.4025 0.0000e+00
    110.000     9.6632   3.693917    34.0914       3676     2.5520 0.0000e+00
    109.000     9.6189   3.688371    34.0768       4169     2.8947 0.0000e+00
    108.000     9.5342   3.677333    34.0440       4283     2.9733 0.0000e+00
    107.000     9.5017   3.672693    34.0275       4310     2.9926 0.0000e+00
    106.000     9.4934   3.671357    34.0220       4336     3.0103 0.0000e+00
    105.000     9.4995   3.671855    34.0219       4361     3.0279 0.0000e+00
    104.000     9.4911   3.670700    34.0183       4384     3.0439 0.0000e+00
    103.000     9.4803   3.669270    34.0143       4405     3.0585 0.0000e+00
    102.000     9.4696   3.667889    34.0107       4425     3.0726 0.0000e+00
    101.000     9.4606   3.666680    34.0072       4445     3.0863 0.0000e+00
    100.000     9.4524   3.665559    34.0039       4466     3.1009 0.0000e+00
     99.000     9.4482   3.664985    34.0024       4492     3.1185 0.0000e+00
     98.000     9.4472   3.664763    34.0015       4529     3.1448 0.0000e+00
     97.000     9.4390   3.663703    33.9988       4578     3.1781 0.0000e+00
     96.000     9.4337   3.662868    33.9957       4604     3.1963 0.0000e+00
     95.000     9.4255   3.661646    33.9913       4622     3.2089 0.0000e+00
     94.000     9.4131   3.659923    33.9857       4638     3.2200 0.0000e+00
     93.000     9.3753   3.655062    33.9718       4654     3.2311 0.0000e+00
     92.000     9.3039   3.645693    33.9431       4672     3.2435 0.0000e+00
     91.000     9.0884   3.619375    33.8750       4693     3.2581 0.0000e+00
     90.000     8.7669   3.582722    33.7984       4718     3.2758 0.0000e+00
     89.000     8.4593   3.546188    33.7079       4763     3.3070 0.0000e+00
     88.000     8.2402   3.521757    33.6592       4814     3.3424 0.0000e+00
     87.000     8.1549   3.511100    33.6282       4834     3.3566 0.0000e+00
     86.000     8.1040   3.505185    33.6144       4853     3.3694 0.0000e+00
     85.000     8.0283   3.496526    33.5951       4872     3.3825 0.0000e+00
     84.000     7.9257   3.484731    33.5680       4892     3.3968 0.0000e+00
     83.000     7.8597   3.477019    33.5493       4914     3.4120 0.0000e+00
     82.000     7.7716   3.466424    33.5207       4939     3.4293 0.0000e+00
     81.000     7.7191   3.460203    33.5048       4973     3.4529 0.0000e+00
     80.000     7.6615   3.450797    33.4593       5019     3.4844 0.0000e+00
     79.000     7.6111   3.441831    33.4116       5047     3.5039 0.0000e+00
     78.000     7.6065   3.437042    33.3650       5069     3.5197 0.0000e+00
     77.000     7.6504   3.438571    33.3398       5093     3.5359 0.0000e+00
     76.000     7.6794   3.438543    33.3122       5119     3.5542 0.0000e+00
     75.000     7.6574   3.433841    33.2831       5146     3.5730 0.0000e+00
     74.000     7.6185   3.429171    33.2705       5172     3.5911 0.0000e+00
     73.000     7.5967   3.426501    33.2631       5197     3.6085 0.0000e+00
     72.000     7.5780   3.424101    33.2556       5225     3.6279 0.0000e+00
     71.000     7.5479   3.420545    33.2465       5262     3.6532 0.0000e+00
     70.000     7.4247   3.406075    33.2085       5297     3.6776 0.0000e+00
     69.000     7.1163   3.371014    33.1238       5325     3.6973 0.0000e+00
     68.000     6.8360   3.338889    33.0422       5354     3.7170 0.0000e+00
     67.000     6.6469   3.316796    32.9818       5379     3.7349 0.0000e+00
     66.000     6.5621   3.303219    32.9139       5401     3.7497 0.0000e+00
     65.000     6.5419   3.297801    32.8740       5421     3.7640 0.0000e+00
     64.000     6.5235   3.294091    32.8512       5444     3.7801 0.0000e+00
     63.000     6.5163   3.292716    32.8434       5476     3.8018 0.0000e+00
     62.000     6.5144   3.291797    32.8356       5517     3.8308 0.0000e+00
     61.000     6.4735   3.286130    32.8126       5557     3.8583 0.0000e+00
     60.000     6.4041   3.277673    32.7861       5583     3.8767 0.0000e+00
     59.000     6.3603   3.272086    32.7667       5605     3.8920 0.0000e+00
     58.000     6.3351   3.269012    32.7573       5628     3.9075 0.0000e+00
     57.000     6.3016   3.265168    32.7474       5651     3.9238 0.0000e+00
     56.000     6.2779   3.262188    32.7375       5676     3.9411 0.0000e+00
     55.000     6.2627   3.260088    32.7292       5706     3.9616 0.0000e+00
     54.000     6.2504   3.258564    32.7246       5744     3.9881 0.0000e+00
     53.000     6.2388   3.257052    32.7194       5774     4.0092 0.0000e+00
     52.000     6.2332   3.256269    32.7166       5799     4.0260 0.0000e+00
     51.000     6.2308   3.255814    32.7144       5825     4.0442 0.0000e+00
     50.000     6.2126   3.253623    32.7079       5857     4.0665 0.0000e+00
     49.000     6.1376   3.244817    32.6824       5888     4.0881 0.0000e+00
     48.000     6.0725   3.236983    32.6581       5914     4.1065 0.0000e+00
     47.000     6.0197   3.230437    32.6362       5939     4.1233 0.0000e+00
     46.000     5.9851   3.225569    32.6155       5962     4.1396 0.0000e+00
     45.000     5.9757   3.223837    32.6057       5986     4.1564 0.0000e+00
     44.000     5.9669   3.222514    32.5998       6015     4.1763 0.0000e+00
     43.000     5.9574   3.221148    32.5941       6056     4.2050 0.0000e+00
     42.000     5.9409   3.218989    32.5863       6095     4.2317 0.0000e+00
     41.000     5.9260   3.217092    32.5799       6118     4.2478 0.0000e+00
     40.000     5.9070   3.214900    32.5741       6138     4.2619 0.0000e+00
     39.000     5.8724   3.210350    32.5568       6157     4.2752 0.0000e+00
     38.000     5.8422   3.205847    32.5358       6179     4.2900 0.0000e+00
     37.000     5.8322   3.203864    32.5237       6205     4.3085 0.0000e+00
     36.000     5.8248   3.201872    32.5088       6237     4.3309 0.0000e+00
     35.000     5.8044   3.197108    32.4754       6270     4.3534 0.0000e+00
     34.000     5.7924   3.193529    32.4472       6301     4.3748 0.0000e+00
     33.000     5.7835   3.190301    32.4198       6329     4.3943 0.0000e+00
     32.000     5.7748   3.186988    32.3915       6355     4.4122 0.0000e+00
     31.000     5.7479   3.179546    32.3340       6383     4.4317 0.0000e+00
     30.000     5.7211   3.173446    32.2914       6413     4.4530 0.0000e+00
     29.000     5.7054   3.169729    32.2651       6440     4.4719 0.0000e+00
     28.000     5.7011   3.167873    32.2488       6462     4.4865 0.0000e+00
     27.000     5.7007   3.167051    32.2404       6481     4.5000 0.0000e+00
     26.000     5.7036   3.166447    32.2313       6503     4.5153 0.0000e+00
     25.000     5.7048   3.166128    32.2270       6535     4.5372 0.0000e+00
     24.000     5.7061   3.166064    32.2256       6572     4.5633 0.0000e+00
     23.000     5.7136   3.165558    32.2132       6601     4.5832 0.0000e+00
     22.000     5.7163   3.165516    32.2106       6626     4.6004 0.0000e+00
     21.000     5.7164   3.165435    32.2101       6649     4.6168 0.0000e+00
     20.000     5.7174   3.165323    32.2084       6673     4.6332 0.0000e+00
     19.000     5.7196   3.165325    32.2068       6697     4.6503 0.0000e+00
     18.000     5.7210   3.165313    32.2058       6725     4.6693 0.0000e+00
     17.000     5.7240   3.165412    32.2045       6754     4.6897 0.0000e+00
     16.000     5.7279   3.165621    32.2037       6783     4.7095 0.0000e+00
     15.000     5.7278   3.165583    32.2039       6807     4.7265 0.0000e+00
     14.000     5.7298   3.165679    32.2035       6828     4.7411 0.0000e+00
