HB2402/ctd163.cnv
* Sea-Bird SBE 9 Data File:
* FileName = C:\cruise\data\ctd163.hex
* Software Version Seasave V 7.26.7.121
* Temperature SN = 5253
* Conductivity SN = 4421
* Number of Bytes Per Scan = 37
* Number of Voltage Words = 4
* Number of Scans Averaged by the Deck Unit = 1
* NMEA Latitude = 41 19.99 N
* NMEA Longitude = 068 14.13 W
* NMEA UTC (Time) = Apr 17 2024 05:16:07
* NMEA baud rate = 4800
** Ship: Bigelow HB2304
** Program:  Fall Bottom Trawl Survey
** Chief Scientist: John Galbraith
# nquan = 7
# nvalues = 88                          
# units = specified
# name 0 = depSM: Depth [salt water, m]
# name 1 = t090C: Temperature [ITS-90, deg C]
# name 2 = c0S/m: Conductivity [S/m]
# name 3 = sal00: Salinity, Practical [PSU]
# name 4 = scan: Scan Count
# name 5 = timeM: Time, Elapsed [minutes]
# name 6 = flag: flag
# span 0 =      1.000,     46.000       
# span 1 =     6.4886,     6.5048       
# span 2 =   3.211010,   3.214923       
# span 3 =    31.9949,    32.0036       
# span 4 =        186,       4577       
# span 5 =     0.1282,     3.1779       
# span 6 = 0.0000e+00, 0.0000e+00       
# interval = meters: 1                  
# start_time = Apr 17 2024 05:16:07 [NMEA time, header]
# bad_flag = -9.990e-29
*END*
      4.000     6.4888   3.211361    31.9992        186     0.1282 0.0000e+00
      5.000     6.4886   3.211337    31.9986        276     0.1910 0.0000e+00
      6.000     6.4891   3.211421    31.9986        296     0.2047 0.0000e+00
      7.000     6.4965   3.211967    31.9973        321     0.2220 0.0000e+00
      8.000     6.4986   3.212201    31.9974        347     0.2400 0.0000e+00
      9.000     6.4933   3.211871    31.9983        374     0.2590 0.0000e+00
     10.000     6.4972   3.212379    31.9997        402     0.2787 0.0000e+00
     11.000     6.5029   3.213122    32.0021        430     0.2976 0.0000e+00
     12.000     6.5001   3.212919    32.0020        454     0.3144 0.0000e+00
     13.000     6.5008   3.213026    32.0020        477     0.3308 0.0000e+00
     14.000     6.5017   3.213192    32.0025        504     0.3494 0.0000e+00
     15.000     6.5047   3.213466    32.0023        533     0.3697 0.0000e+00
     16.000     6.5046   3.213507    32.0024        560     0.3883 0.0000e+00
     17.000     6.5035   3.213445    32.0022        585     0.4054 0.0000e+00
     18.000     6.5036   3.213507    32.0023        609     0.4221 0.0000e+00
     19.000     6.5031   3.213513    32.0024        632     0.4381 0.0000e+00
     20.000     6.5029   3.213554    32.0025        656     0.4549 0.0000e+00
     21.000     6.5048   3.213247    31.9969        689     0.4776 0.0000e+00
     22.000     6.5048   3.213811    32.0026        728     0.5047 0.0000e+00
     23.000     6.5040   3.213824    32.0030        753     0.5223 0.0000e+00
     24.000     6.5030   3.213810    32.0034        771     0.5350 0.0000e+00
     25.000     6.5034   3.213891    32.0034        789     0.5471 0.0000e+00
     26.000     6.5032   3.213917    32.0034        809     0.5612 0.0000e+00
     27.000     6.5030   3.213935    32.0033        843     0.5846 0.0000e+00
     28.000     6.5026   3.213928    32.0031        887     0.6151 0.0000e+00
     29.000     6.5014   3.213885    32.0032        915     0.6344 0.0000e+00
     30.000     6.5019   3.213974    32.0033        935     0.6489 0.0000e+00
     31.000     6.5028   3.214078    32.0031        954     0.6619 0.0000e+00
     32.000     6.5029   3.214137    32.0032        974     0.6758 0.0000e+00
     33.000     6.5019   3.214094    32.0032       1001     0.6943 0.0000e+00
     34.000     6.5015   3.214091    32.0031       1038     0.7202 0.0000e+00
     35.000     6.5017   3.214155    32.0031       1069     0.7419 0.0000e+00
     36.000     6.5020   3.214240    32.0032       1092     0.7580 0.0000e+00
     37.000     6.5022   3.214298    32.0033       1114     0.7726 0.0000e+00
     38.000     6.5031   3.214399    32.0031       1137     0.7890 0.0000e+00
     39.000     6.5032   3.214445    32.0030       1169     0.8108 0.0000e+00
     40.000     6.5031   3.214499    32.0032       1201     0.8336 0.0000e+00
     41.000     6.5033   3.214586    32.0035       1227     0.8516 0.0000e+00
     42.000     6.5035   3.214649    32.0036       1250     0.8674 0.0000e+00
     43.000     6.5040   3.214739    32.0036       1274     0.8839 0.0000e+00
     44.000     6.5037   3.214750    32.0035       1302     0.9034 0.0000e+00
     45.000     6.5034   3.214768    32.0035       1332     0.9242 0.0000e+00
     46.000     6.5048   3.214923    32.0034       1860     1.2908 0.0000e+00
     45.000     6.5048   3.214883    32.0034       2091     1.4511 0.0000e+00
     44.000     6.5045   3.214816    32.0034       2156     1.4963 0.0000e+00
     43.000     6.5047   3.214617    32.0016       2216     1.5381 0.0000e+00
     42.000     6.5043   3.214690    32.0032       2251     1.5626 0.0000e+00
     41.000     6.5041   3.214621    32.0032       2290     1.5893 0.0000e+00
     40.000     6.5040   3.214549    32.0029       2356     1.6351 0.0000e+00
     39.000     6.5042   3.214519    32.0029       2390     1.6590 0.0000e+00
     38.000     6.5038   3.214451    32.0030       2417     1.6775 0.0000e+00
     37.000     6.5036   3.214408    32.0032       2466     1.7115 0.0000e+00
     36.000     6.5037   3.214354    32.0029       2542     1.7646 0.0000e+00
     35.000     6.5034   3.214281    32.0029       2569     1.7832 0.0000e+00
     34.000     6.5016   3.214054    32.0025       2593     1.8000 0.0000e+00
     33.000     6.5012   3.213970    32.0024       2627     1.8234 0.0000e+00
     32.000     6.5021   3.213981    32.0022       2713     1.8832 0.0000e+00
     31.000     6.5019   3.213915    32.0022       2744     1.9049 0.0000e+00
     30.000     6.4960   3.213244    32.0008       3142     2.1815 0.0000e+00
     29.000     6.4974   3.213429    32.0020       3459     2.4014 0.0000e+00
     28.000     6.4972   3.213388    32.0022       3526     2.4476 0.0000e+00
     27.000     6.4971   3.213317    32.0020       3562     2.4731 0.0000e+00
     26.000     6.4972   3.213292    32.0021       3583     2.4873 0.0000e+00
     25.000     6.4972   3.213251    32.0022       3600     2.4990 0.0000e+00
     24.000     6.4974   3.213219    32.0021       3615     2.5098 0.0000e+00
     23.000     6.4979   3.213239    32.0023       3633     2.5219 0.0000e+00
     22.000     6.4972   3.213137    32.0023       3659     2.5402 0.0000e+00
     21.000     6.4969   3.213056    32.0021       3712     2.5768 0.0000e+00
     20.000     6.4971   3.212998    32.0019       3742     2.5981 0.0000e+00
     19.000     6.4970   3.212948    32.0019       3761     2.6110 0.0000e+00
     18.000     6.4964   3.212817    32.0014       3778     2.6229 0.0000e+00
     17.000     6.4964   3.212747    32.0012       3797     2.6361 0.0000e+00
     16.000     6.4961   3.212681    32.0012       3820     2.6523 0.0000e+00
     15.000     6.4958   3.212578    32.0008       3849     2.6724 0.0000e+00
     14.000     6.4956   3.212484    32.0004       3879     2.6932 0.0000e+00
     13.000     6.4948   3.212360    32.0004       3906     2.7116 0.0000e+00
     12.000     6.4939   3.212199    31.9998       3932     2.7296 0.0000e+00
     11.000     6.4915   3.211867    31.9989       3961     2.7500 0.0000e+00
     10.000     6.4915   3.211782    31.9985       3988     2.7690 0.0000e+00
      9.000     6.4910   3.211657    31.9980       4010     2.7838 0.0000e+00
      8.000     6.4899   3.211383    31.9965       4029     2.7969 0.0000e+00
      7.000     6.4901   3.211257    31.9954       4049     2.8109 0.0000e+00
      6.000     6.4895   3.211137    31.9952       4076     2.8302 0.0000e+00
      5.000     6.4887   3.211010    31.9949       4113     2.8554 0.0000e+00
      4.000     6.4904   3.211195    31.9958       4142     2.8757 0.0000e+00
      3.000     6.4906   3.211265    31.9970       4303     2.9874 0.0000e+00
      2.000     6.4906   3.211237    31.9972       4495     3.1205 0.0000e+00
      1.000     6.4906   3.211139    31.9965       4577     3.1779 0.0000e+00
