HB2402/ctd159.cnv
* Sea-Bird SBE 9 Data File:
* FileName = C:\cruise\data\ctd159.hex
* Software Version Seasave V 7.26.7.121
* Temperature SN = 5253
* Conductivity SN = 4421
* Number of Bytes Per Scan = 37
* Number of Voltage Words = 4
* Number of Scans Averaged by the Deck Unit = 1
* NMEA Latitude = 41 35.56 N
* NMEA Longitude = 069 38.92 W
* NMEA UTC (Time) = Apr 16 2024 05:43:33
* NMEA baud rate = 4800
** Ship: Bigelow HB2304
** Program:  Fall Bottom Trawl Survey
** Chief Scientist: John Galbraith
# nquan = 7
# nvalues = 84                          
# units = specified
# name 0 = depSM: Depth [salt water, m]
# name 1 = t090C: Temperature [ITS-90, deg C]
# name 2 = c0S/m: Conductivity [S/m]
# name 3 = sal00: Salinity, Practical [PSU]
# name 4 = scan: Scan Count
# name 5 = timeM: Time, Elapsed [minutes]
# name 6 = flag: flag
# span 0 =      1.000,     44.000       
# span 1 =     5.2397,     6.3162       
# span 2 =   3.078467,   3.137462       
# span 3 =    31.3443,    31.6730       
# span 4 =        134,       3816       
# span 5 =     0.0921,     2.6496       
# span 6 = 0.0000e+00, 0.0000e+00       
# interval = meters: 1                  
# start_time = Apr 16 2024 05:43:33 [NMEA time, header]
# bad_flag = -9.990e-29
*END*
      4.000     5.9317   3.110523    31.3997        134     0.0921 0.0000e+00
      5.000     5.9734   3.113149    31.3898        249     0.1725 0.0000e+00
      6.000     6.0409   3.117819    31.3787        282     0.1952 0.0000e+00
      7.000     6.1366   3.124463    31.3636        310     0.2146 0.0000e+00
      8.000     6.0746   3.120607    31.3777        336     0.2329 0.0000e+00
      9.000     5.9037   3.109566    31.4126        360     0.2495 0.0000e+00
     10.000     5.9254   3.110763    31.4053        385     0.2669 0.0000e+00
     11.000     5.9088   3.109692    31.4083        412     0.2852 0.0000e+00
     12.000     5.9177   3.110087    31.4039        441     0.3054 0.0000e+00
     13.000     5.8904   3.108503    31.4111        470     0.3256 0.0000e+00
     14.000     5.7894   3.102337    31.4356        496     0.3439 0.0000e+00
     15.000     5.7547   3.100410    31.4459        519     0.3599 0.0000e+00
     16.000     5.7748   3.101667    31.4407        542     0.3758 0.0000e+00
     17.000     5.7165   3.098974    31.4644        567     0.3927 0.0000e+00
     18.000     5.6376   3.095713    31.5010        592     0.4105 0.0000e+00
     19.000     5.5682   3.091898    31.5225        620     0.4299 0.0000e+00
     20.000     5.5388   3.090285    31.5315        650     0.4510 0.0000e+00
     21.000     5.5163   3.089405    31.5422        683     0.4736 0.0000e+00
     22.000     5.4681   3.087436    31.5647        711     0.4932 0.0000e+00
     23.000     5.4216   3.085756    31.5889        735     0.5101 0.0000e+00
     24.000     5.3828   3.084445    31.6102        759     0.5263 0.0000e+00
     25.000     5.3459   3.083196    31.6304        783     0.5430 0.0000e+00
     26.000     5.3321   3.082684    31.6371        808     0.5608 0.0000e+00
     27.000     5.2991   3.081409    31.6533        836     0.5799 0.0000e+00
     28.000     5.2782   3.080455    31.6618        864     0.5993 0.0000e+00
     29.000     5.2731   3.080203    31.6633        891     0.6180 0.0000e+00
     30.000     5.2691   3.079995    31.6642        918     0.6371 0.0000e+00
     31.000     5.2610   3.079594    31.6668        949     0.6582 0.0000e+00
     32.000     5.2549   3.079298    31.6687        981     0.6807 0.0000e+00
     33.000     5.2495   3.079048    31.6704       1009     0.6997 0.0000e+00
     34.000     5.2442   3.078773    31.6719       1033     0.7166 0.0000e+00
     35.000     5.2420   3.078713    31.6728       1056     0.7327 0.0000e+00
     36.000     5.2412   3.078707    31.6730       1079     0.7488 0.0000e+00
     37.000     5.2417   3.078739    31.6724       1103     0.7656 0.0000e+00
     38.000     5.2415   3.078787    31.6726       1130     0.7840 0.0000e+00
     39.000     5.2415   3.078784    31.6721       1159     0.8042 0.0000e+00
     40.000     5.2418   3.078841    31.6720       1193     0.8276 0.0000e+00
     41.000     5.2428   3.078930    31.6715       1225     0.8500 0.0000e+00
     42.000     5.2432   3.078973    31.6711       1253     0.8696 0.0000e+00
     43.000     5.2422   3.078985    31.6717       1278     0.8871 0.0000e+00
     44.000     5.2426   3.079039    31.6715       1389     0.9636 0.0000e+00
     43.000     5.2405   3.078763    31.6709       2142     1.4866 0.0000e+00
     42.000     5.2402   3.078715    31.6711       2241     1.5553 0.0000e+00
     41.000     5.2397   3.078656    31.6713       2278     1.5811 0.0000e+00
     40.000     5.2409   3.078660    31.6707       2343     1.6267 0.0000e+00
     39.000     5.2419   3.078657    31.6703       2406     1.6700 0.0000e+00
     38.000     5.2414   3.078600    31.6706       2429     1.6860 0.0000e+00
     37.000     5.2412   3.078518    31.6703       2451     1.7016 0.0000e+00
     36.000     5.2412   3.078467    31.6703       2473     1.7164 0.0000e+00
     35.000     5.2429   3.078518    31.6697       2494     1.7311 0.0000e+00
     34.000     5.2466   3.078671    31.6684       2517     1.7470 0.0000e+00
     33.000     5.2496   3.078762    31.6672       2543     1.7655 0.0000e+00
     32.000     5.2504   3.078786    31.6671       2573     1.7860 0.0000e+00
     31.000     5.2523   3.078823    31.6662       2603     1.8069 0.0000e+00
     30.000     5.2565   3.079026    31.6651       2633     1.8276 0.0000e+00
     29.000     5.2592   3.079107    31.6639       2661     1.8470 0.0000e+00
     28.000     5.2635   3.079273    31.6622       2685     1.8637 0.0000e+00
     27.000     5.2668   3.079393    31.6610       2707     1.8795 0.0000e+00
     26.000     5.2789   3.079881    31.6555       2730     1.8952 0.0000e+00
     25.000     5.2892   3.080335    31.6515       2754     1.9115 0.0000e+00
     24.000     5.3170   3.081354    31.6373       2778     1.9285 0.0000e+00
     23.000     5.3474   3.082412    31.6210       2804     1.9464 0.0000e+00
     22.000     5.3843   3.083659    31.6008       2832     1.9659 0.0000e+00
     21.000     5.4208   3.084842    31.5804       2863     1.9873 0.0000e+00
     20.000     5.4667   3.086494    31.5564       2894     2.0088 0.0000e+00
     19.000     5.4945   3.087592    31.5431       2920     2.0274 0.0000e+00
     18.000     5.5129   3.088320    31.5345       2945     2.0443 0.0000e+00
     17.000     5.5258   3.089021    31.5308       2968     2.0606 0.0000e+00
     16.000     5.5841   3.091781    31.5079       2992     2.0773 0.0000e+00
     15.000     5.6372   3.094264    31.4866       3017     2.0947 0.0000e+00
     14.000     5.6900   3.096511    31.4629       3043     2.1122 0.0000e+00
     13.000     5.7238   3.097950    31.4480       3067     2.1294 0.0000e+00
     12.000     5.7479   3.098811    31.4357       3091     2.1461 0.0000e+00
     11.000     5.7604   3.099184    31.4287       3117     2.1639 0.0000e+00
     10.000     5.7802   3.099868    31.4184       3146     2.1838 0.0000e+00
      9.000     5.8161   3.101781    31.4069       3175     2.2042 0.0000e+00
      8.000     5.8658   3.104914    31.3962       3201     2.2224 0.0000e+00
      7.000     5.9366   3.109806    31.3856       3225     2.2391 0.0000e+00
      6.000     6.0103   3.114808    31.3736       3250     2.2561 0.0000e+00
      5.000     6.1013   3.120815    31.3567       3277     2.2751 0.0000e+00
      4.000     6.2064   3.128559    31.3460       3302     2.2925 0.0000e+00
      3.000     6.2654   3.133344    31.3451       3349     2.3248 0.0000e+00
      2.000     6.3162   3.137462    31.3443       3747     2.6012 0.0000e+00
      1.000     6.3108   3.137140    31.3463       3816     2.6496 0.0000e+00
