HB2402/ctd146.cnv
* Sea-Bird SBE 9 Data File:
* FileName = C:\cruise\data\ctd146.hex
* Software Version Seasave V 7.26.7.121
* Temperature SN = 5253
* Conductivity SN = 4421
* Number of Bytes Per Scan = 37
* Number of Voltage Words = 4
* Number of Scans Averaged by the Deck Unit = 1
* NMEA Latitude = 42 28.42 N
* NMEA Longitude = 070 46.66 W
* NMEA UTC (Time) = Apr 14 2024 03:09:37
* NMEA baud rate = 4800
** Ship: Bigelow HB2304
** Program:  Fall Bottom Trawl Survey
** Chief Scientist: John Galbraith
# nquan = 7
# nvalues = 69                          
# units = specified
# name 0 = depSM: Depth [salt water, m]
# name 1 = t090C: Temperature [ITS-90, deg C]
# name 2 = c0S/m: Conductivity [S/m]
# name 3 = sal00: Salinity, Practical [PSU]
# name 4 = scan: Scan Count
# name 5 = timeM: Time, Elapsed [minutes]
# name 6 = flag: flag
# span 0 =      1.000,     36.000       
# span 1 =     4.8617,     6.2339       
# span 2 =   2.984876,   3.053309       
# span 3 =    30.1857,    31.0829       
# span 4 =       -106,       2894       
# span 5 =    -0.0740,     2.0090       
# span 6 = 0.0000e+00, 0.0000e+00       
# interval = meters: 1                  
# start_time = Apr 14 2024 03:09:37 [NMEA time, header]
# bad_flag = -9.990e-29
*END*
      3.000     6.2264   3.053309    30.4959       -106    -0.0740 0.0000e+00
      4.000     6.2225   3.034093    30.2869        209     0.1446 0.0000e+00
      5.000     6.2236   3.032158    30.2641        240     0.1661 0.0000e+00
      6.000     6.2248   3.031270    30.2528        264     0.1828 0.0000e+00
      7.000     6.2303   3.030993    30.2444        294     0.2035 0.0000e+00
      8.000     6.2315   3.030176    30.2339        327     0.2261 0.0000e+00
      9.000     6.2320   3.029327    30.2236        358     0.2477 0.0000e+00
     10.000     6.2325   3.029076    30.2199        385     0.2667 0.0000e+00
     11.000     6.2314   3.028995    30.2195        412     0.2857 0.0000e+00
     12.000     6.2172   3.028495    30.2262        442     0.3062 0.0000e+00
     13.000     6.1962   3.027653    30.2352        473     0.3275 0.0000e+00
     14.000     6.1216   3.024679    30.2683        503     0.3487 0.0000e+00
     15.000     6.1109   3.024203    30.2721        532     0.3689 0.0000e+00
     16.000     6.0822   3.023012    30.2841        559     0.3878 0.0000e+00
     17.000     5.9489   3.017793    30.3451        586     0.4066 0.0000e+00
     18.000     5.3907   2.997244    30.6196        615     0.4265 0.0000e+00
     19.000     5.1639   2.988280    30.7254        647     0.4484 0.0000e+00
     20.000     5.0029   2.986815    30.8569        679     0.4711 0.0000e+00
     21.000     4.9570   2.987480    30.9065        712     0.4938 0.0000e+00
     22.000     4.9267   2.989752    30.9603        741     0.5141 0.0000e+00
     23.000     4.9084   2.991865    31.0010        768     0.5325 0.0000e+00
     24.000     4.8961   2.993984    31.0362        793     0.5499 0.0000e+00
     25.000     4.8866   2.995365    31.0604        819     0.5683 0.0000e+00
     26.000     4.8629   2.995427    31.0828        853     0.5920 0.0000e+00
     27.000     4.8617   2.995382    31.0829        893     0.6193 0.0000e+00
     28.000     4.8619   2.995350    31.0819        923     0.6403 0.0000e+00
     29.000     4.8621   2.995348    31.0812        948     0.6579 0.0000e+00
     30.000     4.8621   2.995357    31.0808        972     0.6746 0.0000e+00
     31.000     4.8623   2.995368    31.0802        998     0.6923 0.0000e+00
     32.000     4.8622   2.995375    31.0799       1027     0.7123 0.0000e+00
     33.000     4.8624   2.995386    31.0794       1057     0.7336 0.0000e+00
     34.000     4.8625   2.995402    31.0790       1093     0.7582 0.0000e+00
     35.000     4.8627   2.995421    31.0785       1134     0.7867 0.0000e+00
     36.000     4.8637   2.995483    31.0778       1314     0.9118 0.0000e+00
     35.000     4.8631   2.995212    31.0757       1905     1.3220 0.0000e+00
     34.000     4.8637   2.995271    31.0763       1834     1.2728 0.0000e+00
     33.000     4.8634   2.995213    31.0764       1864     1.2937 0.0000e+00
     32.000     4.8636   2.995191    31.0765       1889     1.3112 0.0000e+00
     31.000     4.8635   2.995142    31.0765       1913     1.3277 0.0000e+00
     30.000     4.8633   2.995068    31.0764       1936     1.3440 0.0000e+00
     29.000     4.8632   2.995015    31.0763       1960     1.3606 0.0000e+00
     28.000     4.8630   2.994960    31.0764       1985     1.3779 0.0000e+00
     27.000     4.8627   2.994872    31.0762       2012     1.3967 0.0000e+00
     26.000     4.8623   2.994782    31.0760       2040     1.4159 0.0000e+00
     25.000     4.8618   2.994667    31.0756       2066     1.4342 0.0000e+00
     24.000     4.8679   2.994588    31.0695       2092     1.4520 0.0000e+00
     23.000     4.8839   2.994092    31.0493       2119     1.4707 0.0000e+00
     22.000     4.8954   2.992674    31.0228       2146     1.4897 0.0000e+00
     21.000     4.9080   2.990635    30.9883       2174     1.5088 0.0000e+00
     20.000     4.9263   2.988320    30.9452       2200     1.5274 0.0000e+00
     19.000     4.9502   2.986251    30.8998       2226     1.5449 0.0000e+00
     18.000     4.9826   2.984940    30.8553       2250     1.5616 0.0000e+00
     17.000     5.0657   2.984876    30.7782       2273     1.5781 0.0000e+00
     16.000     5.2000   2.987582    30.6858       2298     1.5953 0.0000e+00
     15.000     5.4304   2.995930    30.5701       2325     1.6137 0.0000e+00
     14.000     5.7442   3.007611    30.4170       2354     1.6337 0.0000e+00
     13.000     5.9783   3.016402    30.3051       2382     1.6537 0.0000e+00
     12.000     6.0892   3.020941    30.2568       2410     1.6727 0.0000e+00
     11.000     6.1333   3.022940    30.2400       2437     1.6915 0.0000e+00
     10.000     6.1476   3.023652    30.2356       2462     1.7093 0.0000e+00
      9.000     6.1598   3.024259    30.2319       2487     1.7266 0.0000e+00
      8.000     6.1739   3.024885    30.2267       2512     1.7441 0.0000e+00
      7.000     6.2059   3.026046    30.2116       2538     1.7619 0.0000e+00
      6.000     6.2244   3.026793    30.2038       2563     1.7795 0.0000e+00
      5.000     6.2276   3.026923    30.2028       2590     1.7977 0.0000e+00
      4.000     6.2276   3.027043    30.2046       2615     1.8153 0.0000e+00
      3.000     6.2339   3.027912    30.2091       2760     1.9157 0.0000e+00
      2.000     6.2317   3.025571    30.1857       2868     1.9912 0.0000e+00
      1.000     6.2316   3.027802    30.2108       2894     2.0090 0.0000e+00
