HB2402/ctd187.cnv
* Sea-Bird SBE 9 Data File:
* FileName = C:\cruise\data\ctd187.hex
* Software Version Seasave V 7.26.7.121
* Temperature SN = 5253
* Conductivity SN = 4421
* Number of Bytes Per Scan = 37
* Number of Voltage Words = 4
* Number of Scans Averaged by the Deck Unit = 1
* NMEA Latitude = 42 28.65 N
* NMEA Longitude = 067 08.60 W
* NMEA UTC (Time) = Apr 30 2024 14:26:13
* NMEA baud rate = 4800
** Ship: Bigelow HB2402
** Program:  Spring Bottom Trawl Survey
** Chief Scientist: John Galbraith
# nquan = 7
# nvalues = 674                         
# units = specified
# name 0 = depSM: Depth [salt water, m]
# name 1 = t090C: Temperature [ITS-90, deg C]
# name 2 = c0S/m: Conductivity [S/m]
# name 3 = sal00: Salinity, Practical [PSU]
# name 4 = scan: Scan Count
# name 5 = timeM: Time, Elapsed [minutes]
# name 6 = flag: flag
# span 0 =      1.000,    339.000       
# span 1 =     5.3549,     8.5552       
# span 2 =   3.104351,   3.651587       
# span 3 =    31.6061,    34.8585       
# span 4 =        203,      20703       
# span 5 =     0.1406,    14.3766       
# span 6 = 0.0000e+00, 0.0000e+00       
# interval = meters: 1                  
# start_time = Apr 30 2024 14:26:13 [NMEA time, header]
# bad_flag = -9.990e-29
*END*
[from data line 616]
     58.000     5.9325   3.232104    32.7336      18260    12.6801 0.0000e+00
     57.000     5.8617   3.219548    32.6616      18289    12.7003 0.0000e+00
     56.000     5.7646   3.202419    32.5631      18320    12.7218 0.0000e+00
     55.000     5.7261   3.191903    32.4822      18348    12.7408 0.0000e+00
     54.000     5.7358   3.188491    32.4350      18374    12.7590 0.0000e+00
     53.000     5.7405   3.186560    32.4092      18402    12.7783 0.0000e+00
     52.000     5.7442   3.185048    32.3891      18433    12.8001 0.0000e+00
     51.000     5.7524   3.184664    32.3774      18464    12.8218 0.0000e+00
     50.000     5.7538   3.184076    32.3699      18494    12.8422 0.0000e+00
     49.000     5.7581   3.183659    32.3617      18522    12.8617 0.0000e+00
     48.000     5.7603   3.182350    32.3453      18550    12.8814 0.0000e+00
     47.000     5.7557   3.180206    32.3260      18579    12.9016 0.0000e+00
     46.000     5.7404   3.175858    32.2922      18612    12.9243 0.0000e+00
     45.000     5.7231   3.171484    32.2600      18640    12.9435 0.0000e+00
     44.000     5.6919   3.165677    32.2250      18661    12.9582 0.0000e+00
     43.000     5.6676   3.161054    32.1965      18684    12.9746 0.0000e+00
     42.000     5.6516   3.158151    32.1796      18721    13.0002 0.0000e+00
     41.000     5.6266   3.152924    32.1450      18762    13.0283 0.0000e+00
     40.000     5.6150   3.151007    32.1349      18787    13.0460 0.0000e+00
     39.000     5.6024   3.149269    32.1278      18811    13.0627 0.0000e+00
     38.000     5.5983   3.148546    32.1241      18841    13.0830 0.0000e+00
     37.000     5.5898   3.147236    32.1179      18871    13.1045 0.0000e+00
     36.000     5.5754   3.145490    32.1123      18898    13.1228 0.0000e+00
     35.000     5.5662   3.144356    32.1088      18924    13.1408 0.0000e+00
     34.000     5.5545   3.142977    32.1050      18955    13.1626 0.0000e+00
     33.000     5.4792   3.134828    32.0852      18988    13.1853 0.0000e+00
     32.000     5.4340   3.129564    32.0691      19016    13.2051 0.0000e+00
     31.000     5.4283   3.127903    32.0563      19043    13.2236 0.0000e+00
     30.000     5.4471   3.127832    32.0380      19071    13.2429 0.0000e+00
     29.000     5.4304   3.124234    32.0137      19100    13.2629 0.0000e+00
     28.000     5.3835   3.116510    31.9713      19130    13.2841 0.0000e+00
     27.000     5.3808   3.112598    31.9300      19159    13.3043 0.0000e+00
     26.000     5.4464   3.115383    31.8996      19187    13.3235 0.0000e+00
     25.000     5.5517   3.119957    31.8518      19215    13.3428 0.0000e+00
     24.000     5.6674   3.124306    31.7919      19239    13.3600 0.0000e+00
     23.000     5.6778   3.122668    31.7642      19265    13.3780 0.0000e+00
     22.000     5.6485   3.118108    31.7409      19293    13.3975 0.0000e+00
     21.000     5.6169   3.113275    31.7168      19326    13.4198 0.0000e+00
     20.000     5.6332   3.113188    31.7010      19357    13.4413 0.0000e+00
     19.000     5.6515   3.113680    31.6898      19384    13.4605 0.0000e+00
     18.000     5.6289   3.111056    31.6820      19411    13.4792 0.0000e+00
     17.000     5.6037   3.107797    31.6695      19438    13.4978 0.0000e+00
     16.000     5.6071   3.106968    31.6574      19464    13.5158 0.0000e+00
     15.000     5.6196   3.107411    31.6511      19487    13.5318 0.0000e+00
     14.000     5.6444   3.108917    31.6453      19508    13.5466 0.0000e+00
     13.000     5.6821   3.111395    31.6382      19533    13.5637 0.0000e+00
     12.000     5.7135   3.113154    31.6289      19570    13.5895 0.0000e+00
     11.000     5.7343   3.114368    31.6235      19603    13.6128 0.0000e+00
     10.000     5.7627   3.115962    31.6153      19625    13.6280 0.0000e+00
      9.000     5.7750   3.116671    31.6122      19647    13.6429 0.0000e+00
      8.000     5.7801   3.117167    31.6135      19673    13.6611 0.0000e+00
      7.000     5.8264   3.120325    31.6061      19699    13.6793 0.0000e+00
      6.000     5.8462   3.121962    31.6063      19723    13.6957 0.0000e+00
      5.000     5.8663   3.123669    31.6071      20373    14.1472 0.0000e+00
      4.000     5.8661   3.123638    31.6074      20596    14.3021 0.0000e+00
      3.000     5.8643   3.123463    31.6077      20619    14.3182 0.0000e+00
      2.000     5.8633   3.123343    31.6077      20658    14.3449 0.0000e+00
      1.000     5.8636   3.123316    31.6076      20703    14.3766 0.0000e+00
