HB2402/ctd155.cnv
* Sea-Bird SBE 9 Data File:
* FileName = C:\cruise\data\ctd155.hex
* Software Version Seasave V 7.26.7.121
* Temperature SN = 5253
* Conductivity SN = 4421
* Number of Bytes Per Scan = 37
* Number of Voltage Words = 4
* Number of Scans Averaged by the Deck Unit = 1
* NMEA Latitude = 41 58.27 N
* NMEA Longitude = 069 36.88 W
* NMEA UTC (Time) = Apr 15 2024 14:29:57
* NMEA baud rate = 4800
** Ship: Bigelow HB2304
** Program:  Fall Bottom Trawl Survey
** Chief Scientist: John Galbraith
# nquan = 7
# nvalues = 400                         
# units = specified
# name 0 = depSM: Depth [salt water, m]
# name 1 = t090C: Temperature [ITS-90, deg C]
# name 2 = c0S/m: Conductivity [S/m]
# name 3 = sal00: Salinity, Practical [PSU]
# name 4 = scan: Scan Count
# name 5 = timeM: Time, Elapsed [minutes]
# name 6 = flag: flag
# span 0 =      1.000,    202.000       
# span 1 =     4.9536,     8.0042       
# span 2 =   3.062123,   3.511940       
# span 3 =    31.4609,    33.7283       
# span 4 =        172,      11923       
# span 5 =     0.1186,     8.2791       
# span 6 = 0.0000e+00, 0.0000e+00       
# interval = meters: 1                  
# start_time = Apr 15 2024 14:29:57 [NMEA time, header]
# bad_flag = -9.990e-29
*END*
[from data line 206]
    194.000     8.0018   3.511272    33.7263       6494     4.5090 0.0000e+00
    193.000     8.0013   3.511170    33.7261       6513     4.5223 0.0000e+00
    192.000     8.0011   3.511096    33.7260       6535     4.5375 0.0000e+00
    191.000     8.0008   3.511026    33.7260       6565     4.5582 0.0000e+00
    190.000     8.0001   3.510875    33.7256       6604     4.5855 0.0000e+00
    189.000     7.9976   3.510460    33.7240       6637     4.6081 0.0000e+00
    188.000     7.9965   3.510222    33.7230       6660     4.6243 0.0000e+00
    187.000     7.9936   3.509708    33.7208       6681     4.6390 0.0000e+00
    186.000     7.9902   3.509063    33.7176       6701     4.6529 0.0000e+00
    185.000     7.9897   3.508900    33.7169       6721     4.6668 0.0000e+00
    184.000     7.9892   3.508763    33.7164       6741     4.6808 0.0000e+00
    183.000     7.9880   3.508541    33.7156       6763     4.6958 0.0000e+00
    182.000     7.9839   3.507767    33.7117       6787     4.7127 0.0000e+00
    181.000     7.9795   3.506929    33.7075       6814     4.7310 0.0000e+00
    180.000     7.9726   3.505605    33.7004       6841     4.7503 0.0000e+00
    179.000     7.9550   3.502191    33.6814       6869     4.7696 0.0000e+00
    178.000     7.9428   3.499979    33.6700       6899     4.7900 0.0000e+00
    177.000     7.9267   3.497196    33.6561       6929     4.8111 0.0000e+00
    176.000     7.8965   3.491524    33.6250       6955     4.8290 0.0000e+00
    175.000     7.8781   3.487967    33.6050       6976     4.8436 0.0000e+00
    174.000     7.8603   3.484391    33.5844       6995     4.8568 0.0000e+00
    173.000     7.8468   3.481629    33.5682       7014     4.8703 0.0000e+00
    172.000     7.8416   3.480522    33.5617       7035     4.8850 0.0000e+00
    171.000     7.8434   3.480962    33.5653       7059     4.9013 0.0000e+00
    170.000     7.8229   3.477886    33.5524       7084     4.9187 0.0000e+00
    169.000     7.7949   3.472588    33.5230       7109     4.9363 0.0000e+00
    168.000     7.7615   3.465675    33.4813       7136     4.9551 0.0000e+00
    167.000     7.7512   3.463471    33.4680       7166     4.9759 0.0000e+00
    166.000     7.7530   3.463581    33.4679       7198     4.9979 0.0000e+00
    165.000     7.7385   3.460691    33.4513       7226     5.0176 0.0000e+00
    164.000     7.7310   3.459137    33.4423       7250     5.0341 0.0000e+00
    163.000     7.7256   3.458039    33.4362       7270     5.0483 0.0000e+00
    162.000     7.7221   3.457325    33.4323       7290     5.0618 0.0000e+00
    161.000     7.7175   3.456301    33.4262       7310     5.0756 0.0000e+00
    160.000     7.7160   3.455893    33.4237       7331     5.0906 0.0000e+00
    159.000     7.7087   3.454213    33.4131       7356     5.1076 0.0000e+00
    158.000     7.6949   3.450831    33.3904       7382     5.1259 0.0000e+00
    157.000     7.6325   3.438722    33.3204       7409     5.1442 0.0000e+00
    156.000     7.5980   3.432504    33.2869       7437     5.1637 0.0000e+00
    155.000     7.6011   3.432395    33.2833       7468     5.1851 0.0000e+00
    154.000     7.5643   3.426054    33.2506       7497     5.2056 0.0000e+00
    153.000     7.5522   3.423720    33.2375       7522     5.2227 0.0000e+00
    152.000     7.5299   3.419946    33.2186       7543     5.2374 0.0000e+00
    151.000     7.4847   3.412418    33.1810       7564     5.2520 0.0000e+00
    150.000     7.4745   3.410196    33.1672       7586     5.2672 0.0000e+00
    149.000     7.4614   3.408240    33.1591       7611     5.2847 0.0000e+00
    148.000     7.4483   3.405939    33.1472       7638     5.3035 0.0000e+00
    147.000     7.4230   3.401864    33.1278       7663     5.3208 0.0000e+00
    146.000     7.4172   3.400889    33.1233       7685     5.3362 0.0000e+00
    145.000     7.4071   3.399130    33.1144       7708     5.3518 0.0000e+00
    144.000     7.3990   3.397793    33.1081       7737     5.3721 0.0000e+00
    143.000     7.3896   3.396251    33.1009       7775     5.3984 0.0000e+00
    142.000     7.3614   3.391445    33.0762       7804     5.4190 0.0000e+00
    141.000     7.3346   3.387234    33.0566       7825     5.4335 0.0000e+00
    140.000     7.3238   3.385578    33.0495       7845     5.4474 0.0000e+00
    139.000     7.3064   3.382323    33.0313       7866     5.4617 0.0000e+00
    138.000     7.2947   3.379572    33.0131       7889     5.4776 0.0000e+00
    137.000     7.2818   3.377209    33.0003       7916     5.4962 0.0000e+00
    136.000     7.2638   3.373424    32.9768       7944     5.5160 0.0000e+00
    135.000     7.2576   3.371450    32.9618       7971     5.5348 0.0000e+00
    134.000     7.2561   3.371142    32.9604       7995     5.5516 0.0000e+00
    133.000     7.2542   3.370738    32.9582       8021     5.5694 0.0000e+00
    132.000     7.2534   3.370506    32.9570       8052     5.5910 0.0000e+00
    131.000     7.2510   3.369997    32.9542       8084     5.6131 0.0000e+00
    130.000     7.2483   3.369554    32.9524       8108     5.6302 0.0000e+00
    129.000     7.2446   3.369034    32.9508       8130     5.6453 0.0000e+00
    128.000     7.2408   3.368474    32.9488       8153     5.6612 0.0000e+00
    127.000     7.2299   3.367023    32.9439       8179     5.6788 0.0000e+00
    126.000     7.2067   3.363922    32.9328       8204     5.6967 0.0000e+00
    125.000     7.1687   3.358866    32.9145       8228     5.7135 0.0000e+00
    124.000     7.1551   3.356593    32.9032       8252     5.7297 0.0000e+00
    123.000     7.1358   3.353286    32.8861       8279     5.7485 0.0000e+00
    122.000     7.1140   3.348970    32.8604       8310     5.7700 0.0000e+00
    121.000     7.0739   3.342760    32.8313       8341     5.7919 0.0000e+00
    120.000     7.0455   3.338476    32.8122       8370     5.8116 0.0000e+00
    119.000     7.0228   3.334888    32.7952       8396     5.8298 0.0000e+00
    118.000     7.0173   3.333946    32.7905       8421     5.8471 0.0000e+00
    117.000     6.9970   3.330912    32.7772       8444     5.8635 0.0000e+00
    116.000     6.9793   3.328115    32.7640       8467     5.8794 0.0000e+00
    115.000     6.9622   3.324701    32.7435       8490     5.8950 0.0000e+00
    114.000     6.9449   3.321576    32.7263       8515     5.9122 0.0000e+00
    113.000     6.9166   3.317626    32.7104       8543     5.9317 0.0000e+00
    112.000     6.8935   3.314772    32.7016       8574     5.9537 0.0000e+00
    111.000     6.8484   3.308514    32.6765       8607     5.9761 0.0000e+00
    110.000     6.8292   3.305834    32.6659       8637     5.9970 0.0000e+00
    109.000     6.8041   3.302204    32.6505       8664     6.0160 0.0000e+00
    108.000     6.7945   3.300460    32.6409       8688     6.0327 0.0000e+00
    107.000     6.7906   3.299831    32.6382       8710     6.0481 0.0000e+00
    106.000     6.7858   3.299004    32.6342       8733     6.0636 0.0000e+00
    105.000     6.7726   3.296974    32.6250       8756     6.0802 0.0000e+00
    104.000     6.7564   3.294167    32.6100       8784     6.0995 0.0000e+00
    103.000     6.7135   3.288552    32.5896       8818     6.1230 0.0000e+00
    102.000     6.6811   3.284274    32.5738       8851     6.1460 0.0000e+00
    101.000     6.6616   3.281740    32.5650       8879     6.1654 0.0000e+00
    100.000     6.6249   3.277075    32.5490       8904     6.1829 0.0000e+00
     99.000     6.6048   3.274527    32.5405       8929     6.2001 0.0000e+00
     98.000     6.5877   3.272045    32.5299       8953     6.2168 0.0000e+00
     97.000     6.5771   3.270546    32.5239       8979     6.2345 0.0000e+00
     96.000     6.5734   3.269987    32.5218       9007     6.2539 0.0000e+00
     95.000     6.5710   3.269588    32.5201       9038     6.2757 0.0000e+00
     94.000     6.5673   3.268973    32.5174       9067     6.2961 0.0000e+00
     93.000     6.5596   3.267740    32.5116       9096     6.3157 0.0000e+00
     92.000     6.5515   3.266261    32.5034       9123     6.3349 0.0000e+00
     91.000     6.5221   3.262127    32.4863       9150     6.3533 0.0000e+00
     90.000     6.4923   3.257913    32.4685       9175     6.3708 0.0000e+00
     89.000     6.4708   3.254840    32.4555       9201     6.3889 0.0000e+00
     88.000     6.4549   3.252476    32.4449       9232     6.4106 0.0000e+00
     87.000     6.4318   3.248824    32.4270       9265     6.4331 0.0000e+00
     86.000     6.4125   3.245919    32.4137       9291     6.4515 0.0000e+00
     85.000     6.4038   3.244605    32.4079       9315     6.4684 0.0000e+00
     84.000     6.3956   3.243474    32.4036       9341     6.4860 0.0000e+00
     83.000     6.3716   3.240133    32.3899       9368     6.5048 0.0000e+00
     82.000     6.3277   3.235135    32.3767       9396     6.5240 0.0000e+00
     81.000     6.3017   3.231977    32.3669       9424     6.5436 0.0000e+00
     80.000     6.2489   3.226286    32.3544       9453     6.5637 0.0000e+00
     79.000     6.2193   3.222818    32.3445       9485     6.5859 0.0000e+00
     78.000     6.1681   3.217096    32.3300       9514     6.6063 0.0000e+00
     77.000     6.1302   3.212599    32.3165       9539     6.6236 0.0000e+00
     76.000     6.0943   3.208193    32.3020       9563     6.6399 0.0000e+00
     75.000     6.0705   3.205005    32.2896       9589     6.6583 0.0000e+00
     74.000     6.0295   3.199475    32.2674       9619     6.6789 0.0000e+00
     73.000     5.9962   3.195004    32.2496       9645     6.6975 0.0000e+00
     72.000     5.9710   3.191588    32.2358       9670     6.7149 0.0000e+00
     71.000     5.9500   3.188743    32.2245       9698     6.7341 0.0000e+00
     70.000     5.9291   3.185643    32.2102       9730     6.7563 0.0000e+00
     69.000     5.8792   3.179283    32.1869       9760     6.7773 0.0000e+00
     68.000     5.8344   3.173457    32.1647       9787     6.7959 0.0000e+00
     67.000     5.7431   3.161542    32.1182       9812     6.8130 0.0000e+00
     66.000     5.6661   3.151228    32.0759       9836     6.8298 0.0000e+00
     65.000     5.5982   3.143234    32.0509       9862     6.8479 0.0000e+00
     64.000     5.5840   3.141207    32.0420       9890     6.8671 0.0000e+00
     63.000     5.5647   3.138672    32.0323       9917     6.8862 0.0000e+00
     62.000     5.5108   3.131401    32.0019       9945     6.9054 0.0000e+00
     61.000     5.4774   3.126768    31.9818       9975     6.9267 0.0000e+00
     60.000     5.4065   3.117481    31.9446      10005     6.9472 0.0000e+00
     59.000     5.3552   3.110869    31.9190      10029     6.9638 0.0000e+00
     58.000     5.3152   3.106208    31.9046      10051     6.9790 0.0000e+00
     57.000     5.3049   3.105040    31.9016      10073     6.9946 0.0000e+00
     56.000     5.2844   3.102265    31.8901      10101     7.0136 0.0000e+00
     55.000     5.2881   3.102538    31.8901      10132     7.0352 0.0000e+00
     54.000     5.2620   3.099667    31.8829      10159     7.0543 0.0000e+00
     53.000     5.2484   3.098097    31.8784      10184     7.0713 0.0000e+00
     52.000     5.2399   3.097173    31.8765      10209     7.0889 0.0000e+00
     51.000     5.2341   3.096466    31.8745      10238     7.1094 0.0000e+00
     50.000     5.2194   3.094727    31.8692      10268     7.1299 0.0000e+00
     49.000     5.2001   3.092614    31.8640      10293     7.1474 0.0000e+00
     48.000     5.1821   3.090321    31.8555      10316     7.1631 0.0000e+00
     47.000     5.1432   3.085726    31.8407      10338     7.1787 0.0000e+00
     46.000     5.0996   3.081020    31.8291      10363     7.1960 0.0000e+00
     45.000     5.0378   3.073354    31.8008      10391     7.2153 0.0000e+00
     44.000     5.0064   3.068791    31.7790      10418     7.2344 0.0000e+00
     43.000     4.9791   3.065275    31.7653      10444     7.2520 0.0000e+00
     42.000     4.9784   3.064545    31.7580      10470     7.2700 0.0000e+00
     41.000     4.9898   3.064693    31.7493      10499     7.2901 0.0000e+00
     40.000     5.0074   3.065429    31.7416      10530     7.3116 0.0000e+00
     39.000     5.0435   3.066894    31.7245      10556     7.3299 0.0000e+00
     38.000     5.0704   3.068089    31.7129      10579     7.3456 0.0000e+00
     37.000     5.0754   3.068346    31.7117      10600     7.3607 0.0000e+00
     36.000     5.0834   3.068725    31.7089      10624     7.3771 0.0000e+00
     35.000     5.0952   3.069152    31.7031      10651     7.3955 0.0000e+00
     34.000     5.1122   3.069410    31.6903      10678     7.4144 0.0000e+00
     33.000     5.1289   3.069332    31.6740      10704     7.4326 0.0000e+00
     32.000     5.1563   3.069642    31.6521      10729     7.4501 0.0000e+00
     31.000     5.1885   3.070093    31.6272      10755     7.4681 0.0000e+00
     30.000     5.2120   3.070780    31.6133      10784     7.4879 0.0000e+00
     29.000     5.2288   3.071441    31.6054      10814     7.5091 0.0000e+00
     28.000     5.2541   3.072571    31.5949      10841     7.5276 0.0000e+00
     27.000     5.2686   3.073317    31.5902      10863     7.5430 0.0000e+00
     26.000     5.2874   3.074405    31.5853      10885     7.5583 0.0000e+00
     25.000     5.3002   3.074949    31.5799      10909     7.5753 0.0000e+00
     24.000     5.3001   3.075093    31.5821      10938     7.5951 0.0000e+00
     23.000     5.3137   3.075623    31.5758      10964     7.6135 0.0000e+00
     22.000     5.3334   3.076788    31.5709      10987     7.6295 0.0000e+00
     21.000     5.3355   3.076913    31.5709      11012     7.6465 0.0000e+00
     20.000     5.3374   3.076880    31.5692      11041     7.6667 0.0000e+00
     19.000     5.3589   3.078000    31.5621      11073     7.6892 0.0000e+00
     18.000     5.3897   3.080004    31.5563      11099     7.7070 0.0000e+00
     17.000     5.4373   3.083417    31.5507      11120     7.7218 0.0000e+00
     16.000     5.5305   3.089829    31.5360      11141     7.7364 0.0000e+00
     15.000     5.5292   3.089851    31.5380      11166     7.7535 0.0000e+00
     14.000     5.5407   3.090300    31.5327      11199     7.7762 0.0000e+00
     13.000     5.5381   3.089745    31.5294      11229     7.7970 0.0000e+00
     12.000     5.5510   3.089978    31.5204      11250     7.8117 0.0000e+00
     11.000     5.6111   3.092344    31.4913      11269     7.8253 0.0000e+00
     10.000     5.6379   3.093095    31.4752      11290     7.8399 0.0000e+00
      9.000     5.6235   3.092629    31.4839      11321     7.8608 0.0000e+00
      8.000     5.6769   3.095765    31.4697      11353     7.8835 0.0000e+00
      7.000     5.6941   3.096689    31.4645      11378     7.9004 0.0000e+00
      6.000     5.7216   3.098833    31.4634      11400     7.9157 0.0000e+00
      5.000     5.6919   3.096566    31.4661      11424     7.9325 0.0000e+00
      4.000     5.6764   3.095374    31.4677      11451     7.9516 0.0000e+00
      3.000     5.6751   3.095027    31.4655      11494     7.9813 0.0000e+00
      2.000     5.7682   3.102585    31.4639      11884     8.2522 0.0000e+00
      1.000     5.8242   3.106928    31.4609      11923     8.2791 0.0000e+00
