HB2402/ctd195.cnv
* Sea-Bird SBE 9 Data File:
* FileName = C:\cruise\data\ctd195.hex
* Software Version Seasave V 7.26.7.121
* Temperature SN = 5253
* Conductivity SN = 4421
* Number of Bytes Per Scan = 37
* Number of Voltage Words = 4
* Number of Scans Averaged by the Deck Unit = 1
* NMEA Latitude = 41 58.29 N
* NMEA Longitude = 067 35.36 W
* NMEA UTC (Time) = May 02 2024 10:01:20
* NMEA baud rate = 4800
** Ship: Bigelow HB2402
** Program:  Spring Bottom Trawl Survey
** Chief Scientist: John Galbraith
# nquan = 7
# nvalues = 81                          
# units = specified
# name 0 = depSM: Depth [salt water, m]
# name 1 = t090C: Temperature [ITS-90, deg C]
# name 2 = c0S/m: Conductivity [S/m]
# name 3 = sal00: Salinity, Practical [PSU]
# name 4 = scan: Scan Count
# name 5 = timeM: Time, Elapsed [minutes]
# name 6 = flag: flag
# span 0 =      1.000,     42.000       
# span 1 =     6.8750,     6.9150       
# span 2 =   3.240478,   3.244421       
# span 3 =    31.9395,    31.9649       
# span 4 =         14,       3555       
# span 5 =     0.0091,     2.4681       
# span 6 = 0.0000e+00, 0.0000e+00       
# interval = meters: 1                  
# start_time = May 02 2024 10:01:20 [NMEA time, header]
# bad_flag = -9.990e-29
*END*
      3.000     6.9146   3.244421    31.9649         14     0.0091 0.0000e+00
      4.000     6.9105   3.242669    31.9491        239     0.1653 0.0000e+00
      5.000     6.9110   3.242212    31.9432        330     0.2282 0.0000e+00
      6.000     6.9089   3.242252    31.9451        349     0.2419 0.0000e+00
      7.000     6.8971   3.241453    31.9468        373     0.2586 0.0000e+00
      8.000     6.8948   3.240844    31.9419        403     0.2793 0.0000e+00
      9.000     6.8937   3.240732    31.9412        433     0.2999 0.0000e+00
     10.000     6.8932   3.240708    31.9410        456     0.3162 0.0000e+00
     11.000     6.8941   3.240819    31.9408        481     0.3332 0.0000e+00
     12.000     6.8947   3.240894    31.9407        509     0.3528 0.0000e+00
     13.000     6.8943   3.240908    31.9407        540     0.3746 0.0000e+00
     14.000     6.8933   3.240878    31.9408        566     0.3924 0.0000e+00
     15.000     6.8930   3.240874    31.9406        588     0.4074 0.0000e+00
     16.000     6.8930   3.240947    31.9409        609     0.4221 0.0000e+00
     17.000     6.8922   3.240902    31.9407        634     0.4397 0.0000e+00
     18.000     6.8918   3.240901    31.9406        666     0.4616 0.0000e+00
     19.000     6.8920   3.240976    31.9407        696     0.4829 0.0000e+00
     20.000     6.8925   3.241054    31.9407        721     0.5002 0.0000e+00
     21.000     6.8929   3.241140    31.9407        744     0.5161 0.0000e+00
     22.000     6.8929   3.241174    31.9406        770     0.5343 0.0000e+00
     23.000     6.8926   3.241191    31.9406        801     0.5556 0.0000e+00
     24.000     6.8922   3.241207    31.9407        831     0.5761 0.0000e+00
     25.000     6.8924   3.241274    31.9408        855     0.5928 0.0000e+00
     26.000     6.8915   3.241237    31.9407        878     0.6088 0.0000e+00
     27.000     6.8907   3.241212    31.9407        902     0.6260 0.0000e+00
     28.000     6.8909   3.241263    31.9407        930     0.6453 0.0000e+00
     29.000     6.8907   3.241288    31.9406        960     0.6658 0.0000e+00
     30.000     6.8948   3.241680    31.9406        986     0.6841 0.0000e+00
     31.000     6.8979   3.241960    31.9404       1013     0.7028 0.0000e+00
     32.000     6.8927   3.241590    31.9407       1041     0.7222 0.0000e+00
     33.000     6.8925   3.241602    31.9404       1069     0.7414 0.0000e+00
     34.000     6.8833   3.240884    31.9407       1095     0.7595 0.0000e+00
     35.000     6.8829   3.240895    31.9408       1121     0.7777 0.0000e+00
     36.000     6.8832   3.240953    31.9406       1148     0.7962 0.0000e+00
     37.000     6.8835   3.241013    31.9405       1173     0.8137 0.0000e+00
     38.000     6.8847   3.241178    31.9408       1197     0.8306 0.0000e+00
     39.000     6.8854   3.241284    31.9407       1222     0.8482 0.0000e+00
     40.000     6.8850   3.241286    31.9407       1251     0.8679 0.0000e+00
     41.000     6.8853   3.241341    31.9406       1309     0.9085 0.0000e+00
     42.000     6.8750   3.240478    31.9403       1890     1.3117 0.0000e+00
     41.000     6.8791   3.240777    31.9402       2430     1.6871 0.0000e+00
     40.000     6.8769   3.240556    31.9403       2308     1.6020 0.0000e+00
     39.000     6.8773   3.240529    31.9401       2334     1.6204 0.0000e+00
     38.000     6.8779   3.240559    31.9403       2363     1.6401 0.0000e+00
     37.000     6.8794   3.240639    31.9402       2389     1.6585 0.0000e+00
     36.000     6.8816   3.240781    31.9402       2414     1.6754 0.0000e+00
     35.000     6.8832   3.240874    31.9402       2437     1.6914 0.0000e+00
     34.000     6.8844   3.240922    31.9402       2460     1.7075 0.0000e+00
     33.000     6.8839   3.240868    31.9404       2484     1.7245 0.0000e+00
     32.000     6.8852   3.240908    31.9402       2511     1.7431 0.0000e+00
     31.000     6.8852   3.240872    31.9402       2541     1.7638 0.0000e+00
     30.000     6.8887   3.241159    31.9406       2571     1.7848 0.0000e+00
     29.000     6.8947   3.241573    31.9400       2596     1.8022 0.0000e+00
     28.000     6.8946   3.241539    31.9403       2617     1.8166 0.0000e+00
     27.000     6.8951   3.241550    31.9404       2637     1.8308 0.0000e+00
     26.000     6.8971   3.241678    31.9403       2661     1.8471 0.0000e+00
     25.000     6.8976   3.241697    31.9406       2692     1.8691 0.0000e+00
     24.000     6.8987   3.241735    31.9404       2727     1.8931 0.0000e+00
     23.000     6.8994   3.241756    31.9404       2752     1.9103 0.0000e+00
     22.000     6.9002   3.241770    31.9403       2773     1.9250 0.0000e+00
     21.000     6.9007   3.241777    31.9405       2793     1.9389 0.0000e+00
     20.000     6.9019   3.241846    31.9406       2816     1.9546 0.0000e+00
     19.000     6.9015   3.241782    31.9407       2845     1.9751 0.0000e+00
     18.000     6.9014   3.241732    31.9407       2879     1.9988 0.0000e+00
     17.000     6.9019   3.241721    31.9406       2908     2.0190 0.0000e+00
     16.000     6.9029   3.241754    31.9406       2931     2.0346 0.0000e+00
     15.000     6.9040   3.241801    31.9405       2951     2.0487 0.0000e+00
     14.000     6.9046   3.241820    31.9406       2971     2.0627 0.0000e+00
     13.000     6.9057   3.241843    31.9402       2995     2.0790 0.0000e+00
     12.000     6.9061   3.241873    31.9407       3024     2.0993 0.0000e+00
     11.000     6.9064   3.241852    31.9406       3055     2.1212 0.0000e+00
     10.000     6.9081   3.241939    31.9405       3082     2.1399 0.0000e+00
      9.000     6.9085   3.241930    31.9406       3105     2.1556 0.0000e+00
      8.000     6.9081   3.241842    31.9404       3127     2.1707 0.0000e+00
      7.000     6.9084   3.241814    31.9403       3151     2.1876 0.0000e+00
      6.000     6.9089   3.241812    31.9403       3180     2.2076 0.0000e+00
      5.000     6.9111   3.241898    31.9397       3209     2.2277 0.0000e+00
      4.000     6.9144   3.242124    31.9395       3235     2.2458 0.0000e+00
      3.000     6.9146   3.242118    31.9398       3264     2.2662 0.0000e+00
      2.000     6.9150   3.242134    31.9401       3439     2.3878 0.0000e+00
      1.000     6.9146   3.242055    31.9400       3555     2.4681 0.0000e+00
