HB2402/ctd103.cnv
* Sea-Bird SBE 9 Data File:
* FileName = C:\cruise\data\ctd103.hex
* Software Version Seasave V 7.26.7.121
* Temperature SN = 5253
* Conductivity SN = 4421
* Number of Bytes Per Scan = 37
* Number of Voltage Words = 4
* Number of Scans Averaged by the Deck Unit = 1
* NMEA Latitude = 40 45.53 N
* NMEA Longitude = 072 38.66 W
* NMEA UTC (Time) = Apr 06 2024 07:38:45
* NMEA baud rate = 4800
** Ship: Bigelow HB2304
** Program:  Fall Bottom Trawl Survey
** Chief Scientist: John Galbraith
# nquan = 7
# nvalues = 37                          
# units = specified
# name 0 = depSM: Depth [salt water, m]
# name 1 = t090C: Temperature [ITS-90, deg C]
# name 2 = c0S/m: Conductivity [S/m]
# name 3 = sal00: Salinity, Practical [PSU]
# name 4 = scan: Scan Count
# name 5 = timeM: Time, Elapsed [minutes]
# name 6 = flag: flag
# span 0 =      1.000,     20.000       
# span 1 =     6.1899,     6.2228       
# span 2 =   2.960501,   3.019220       
# span 3 =    29.5015,    30.1426       
# span 4 =         16,       3101       
# span 5 =     0.0105,     2.1525       
# span 6 = 0.0000e+00, 0.0000e+00       
# interval = meters: 1                  
# start_time = Apr 06 2024 07:38:45 [NMEA time, header]
# bad_flag = -9.990e-29
*END*
      3.000     6.1943   2.960501    29.5015         16     0.0105 0.0000e+00
      4.000     6.1899   2.964004    29.5435        303     0.2098 0.0000e+00
      5.000     6.1920   2.964022    29.5413        329     0.2280 0.0000e+00
      6.000     6.1923   2.964285    29.5435        373     0.2583 0.0000e+00
      7.000     6.1925   2.964512    29.5454        405     0.2809 0.0000e+00
      8.000     6.1938   2.965004    29.5492        436     0.3023 0.0000e+00
      9.000     6.1950   2.965490    29.5531        471     0.3264 0.0000e+00
     10.000     6.2009   2.967454    29.5691        505     0.3502 0.0000e+00
     11.000     6.2012   2.969165    29.5872        537     0.3720 0.0000e+00
     12.000     6.2044   2.974328    29.6408        567     0.3929 0.0000e+00
     13.000     6.2228   2.983482    29.7250        596     0.4134 0.0000e+00
     14.000     6.2110   3.013757    30.0683        628     0.4355 0.0000e+00
     15.000     6.2069   3.016808    30.1051        661     0.4587 0.0000e+00
     16.000     6.2028   3.017109    30.1116        691     0.4792 0.0000e+00
     17.000     6.2009   3.017685    30.1192        718     0.4977 0.0000e+00
     18.000     6.1967   3.018505    30.1315        746     0.5174 0.0000e+00
     19.000     6.1926   3.019173    30.1421        779     0.5401 0.0000e+00
     20.000     6.1921   3.019220    30.1426       1122     0.7784 0.0000e+00
     19.000     6.1923   3.019199    30.1426       1599     1.1099 0.0000e+00
     18.000     6.1929   3.019120    30.1416       1563     1.0849 0.0000e+00
     17.000     6.1944   3.018847    30.1378       1639     1.1374 0.0000e+00
     16.000     6.2008   3.017662    30.1195       1965     1.3636 0.0000e+00
     15.000     6.2015   3.017460    30.1171       2290     1.5894 0.0000e+00
     14.000     6.2016   3.017348    30.1162       2330     1.6174 0.0000e+00
     13.000     6.2027   3.017073    30.1127       2384     1.6546 0.0000e+00
     12.000     6.2055   3.016591    30.1053       2420     1.6799 0.0000e+00
     11.000     6.2079   3.016145    30.0987       2452     1.7024 0.0000e+00
     10.000     6.2091   3.015073    30.0863       2493     1.7302 0.0000e+00
      9.000     6.2179   3.000296    29.9162       2543     1.7656 0.0000e+00
      8.000     6.2153   2.987711    29.7804       2575     1.7873 0.0000e+00
      7.000     6.2104   2.980195    29.7024       2604     1.8075 0.0000e+00
      6.000     6.2045   2.974041    29.6403       2646     1.8368 0.0000e+00
      5.000     6.2047   2.973802    29.6379       2688     1.8659 0.0000e+00
      4.000     6.2019   2.969363    29.5920       2723     1.8905 0.0000e+00
      3.000     6.1924   2.963965    29.5413       2899     2.0128 0.0000e+00
      2.000     6.1933   2.964562    29.5475       3045     2.1137 0.0000e+00
      1.000     6.1940   2.964828    29.5503       3101     2.1525 0.0000e+00
