HB2402/ctd198.cnv
* Sea-Bird SBE 9 Data File:
* FileName = C:\cruise\data\ctd198.hex
* Software Version Seasave V 7.26.7.121
* Temperature SN = 5253
* Conductivity SN = 4421
* Number of Bytes Per Scan = 37
* Number of Voltage Words = 4
* Number of Scans Averaged by the Deck Unit = 1
* NMEA Latitude = 42 11.64 N
* NMEA Longitude = 068 42.64 W
* NMEA UTC (Time) = May 03 2024 02:37:40
* NMEA baud rate = 4800
** Ship: Bigelow HB2402
** Program:  Spring Bottom Trawl Survey
** Chief Scientist: John Galbraith
# nquan = 7
# nvalues = 388                         
# units = specified
# name 0 = depSM: Depth [salt water, m]
# name 1 = t090C: Temperature [ITS-90, deg C]
# name 2 = c0S/m: Conductivity [S/m]
# name 3 = sal00: Salinity, Practical [PSU]
# name 4 = scan: Scan Count
# name 5 = timeM: Time, Elapsed [minutes]
# name 6 = flag: flag
# span 0 =      1.000,    196.000       
# span 1 =     5.0859,     7.9235       
# span 2 =   3.071637,   3.520931       
# span 3 =    31.5218,    33.9177       
# span 4 =        103,      11516       
# span 5 =     0.0706,     7.9964       
# span 6 = 0.0000e+00, 0.0000e+00       
# interval = meters: 1                  
# start_time = May 03 2024 02:37:40 [NMEA time, header]
# bad_flag = -9.990e-29
*END*
[from data line 206]
    182.000     7.9206   3.506879    33.7632       6520     4.5269 0.0000e+00
    181.000     7.9204   3.506640    33.7613       6538     4.5393 0.0000e+00
    180.000     7.9197   3.506003    33.7557       6557     4.5528 0.0000e+00
    179.000     7.9177   3.504597    33.7431       6586     4.5731 0.0000e+00
    178.000     7.9163   3.503787    33.7362       6629     4.6029 0.0000e+00
    177.000     7.9150   3.502895    33.7284       6654     4.6204 0.0000e+00
    176.000     7.9147   3.502775    33.7278       6674     4.6338 0.0000e+00
    175.000     7.9144   3.502661    33.7274       6694     4.6476 0.0000e+00
    174.000     7.9140   3.502479    33.7263       6718     4.6645 0.0000e+00
    173.000     7.9129   3.502049    33.7233       6749     4.6864 0.0000e+00
    172.000     7.9105   3.501203    33.7170       6778     4.7064 0.0000e+00
    171.000     7.9061   3.499794    33.7067       6801     4.7226 0.0000e+00
    170.000     7.9002   3.498250    33.6963       6824     4.7380 0.0000e+00
    169.000     7.8965   3.497302    33.6902       6847     4.7539 0.0000e+00
    168.000     7.8855   3.494738    33.6738       6870     4.7705 0.0000e+00
    167.000     7.8652   3.490487    33.6483       6897     4.7887 0.0000e+00
    166.000     7.8546   3.488145    33.6339       6927     4.8100 0.0000e+00
    165.000     7.8360   3.483922    33.6070       6956     4.8301 0.0000e+00
    164.000     7.8324   3.483127    33.6023       6983     4.8486 0.0000e+00
    163.000     7.8240   3.481256    33.5908       7009     4.8664 0.0000e+00
    162.000     7.8177   3.479713    33.5808       7033     4.8834 0.0000e+00
    161.000     7.8116   3.478308    33.5721       7056     4.8996 0.0000e+00
    160.000     7.8078   3.477391    33.5664       7080     4.9161 0.0000e+00
    159.000     7.8049   3.476465    33.5597       7105     4.9337 0.0000e+00
    158.000     7.8039   3.475630    33.5522       7132     4.9518 0.0000e+00
    157.000     7.8041   3.475442    33.5505       7159     4.9706 0.0000e+00
    156.000     7.8042   3.475283    33.5491       7186     4.9898 0.0000e+00
    155.000     7.8030   3.474613    33.5436       7212     5.0079 0.0000e+00
    154.000     7.7981   3.472915    33.5305       7237     5.0249 0.0000e+00
    153.000     7.7893   3.470103    33.5093       7262     5.0424 0.0000e+00
    152.000     7.7788   3.466921    33.4857       7290     5.0619 0.0000e+00
    151.000     7.7674   3.463379    33.4591       7319     5.0821 0.0000e+00
    150.000     7.7647   3.462298    33.4506       7344     5.0994 0.0000e+00
    149.000     7.7568   3.460699    33.4415       7367     5.1154 0.0000e+00
    148.000     7.7414   3.457771    33.4252       7392     5.1324 0.0000e+00
    147.000     7.7194   3.453797    33.4041       7419     5.1511 0.0000e+00
    146.000     7.6839   3.447297    33.3687       7447     5.1706 0.0000e+00
    145.000     7.6545   3.442144    33.3419       7475     5.1904 0.0000e+00
    144.000     7.6026   3.433508    33.2990       7500     5.2078 0.0000e+00
    143.000     7.5220   3.420244    33.2337       7523     5.2238 0.0000e+00
    142.000     7.4655   3.411806    33.1970       7547     5.2404 0.0000e+00
    141.000     7.4060   3.402095    33.1494       7575     5.2596 0.0000e+00
    140.000     7.3350   3.391516    33.1032       7604     5.2801 0.0000e+00
    139.000     7.3106   3.387342    33.0817       7632     5.2993 0.0000e+00
    138.000     7.2923   3.384423    33.0680       7657     5.3170 0.0000e+00
    137.000     7.2710   3.381214    33.0540       7682     5.3338 0.0000e+00
    136.000     7.2514   3.378176    33.0403       7707     5.3512 0.0000e+00
    135.000     7.2353   3.375420    33.0262       7735     5.3707 0.0000e+00
    134.000     7.2181   3.372770    33.0143       7761     5.3892 0.0000e+00
    133.000     7.2075   3.371015    33.0058       7785     5.4054 0.0000e+00
    132.000     7.1832   3.367390    32.9901       7808     5.4212 0.0000e+00
    131.000     7.1645   3.364582    32.9779       7834     5.4393 0.0000e+00
    130.000     7.1159   3.357110    32.9434       7862     5.4591 0.0000e+00
    129.000     7.0517   3.347385    32.8991       7889     5.4776 0.0000e+00
    128.000     7.0272   3.343638    32.8821       7915     5.4957 0.0000e+00
    127.000     7.0070   3.340411    32.8666       7945     5.5165 0.0000e+00
    126.000     6.9769   3.335957    32.8472       7974     5.5371 0.0000e+00
    125.000     6.8821   3.322132    32.7869       7999     5.5545 0.0000e+00
    124.000     6.7673   3.305357    32.7129       8022     5.5700 0.0000e+00
    123.000     6.7252   3.298887    32.6824       8043     5.5849 0.0000e+00
    122.000     6.6841   3.292777    32.6548       8066     5.6004 0.0000e+00
    121.000     6.6423   3.286667    32.6279       8093     5.6195 0.0000e+00
    120.000     6.6127   3.282289    32.6084       8126     5.6423 0.0000e+00
    119.000     6.5758   3.277071    32.5865       8154     5.6616 0.0000e+00
    118.000     6.5516   3.273403    32.5696       8179     5.6792 0.0000e+00
    117.000     6.5200   3.268916    32.5507       8206     5.6977 0.0000e+00
    116.000     6.4676   3.262095    32.5257       8235     5.7181 0.0000e+00
    115.000     6.4121   3.254836    32.4988       8260     5.7354 0.0000e+00
    114.000     6.3685   3.249156    32.4779       8282     5.7510 0.0000e+00
    113.000     6.3436   3.245759    32.4644       8305     5.7667 0.0000e+00
    112.000     6.3126   3.241516    32.4473       8331     5.7846 0.0000e+00
    111.000     6.2856   3.238301    32.4379       8361     5.8059 0.0000e+00
    110.000     6.2620   3.235054    32.4248       8390     5.8258 0.0000e+00
    109.000     6.2413   3.232312    32.4145       8416     5.8438 0.0000e+00
    108.000     6.2096   3.228013    32.3974       8440     5.8605 0.0000e+00
    107.000     6.1811   3.224194    32.3826       8466     5.8787 0.0000e+00
    106.000     6.1331   3.217798    32.3575       8495     5.8986 0.0000e+00
    105.000     6.0918   3.212393    32.3372       8521     5.9168 0.0000e+00
    104.000     6.0670   3.209040    32.3238       8546     5.9343 0.0000e+00
    103.000     6.0486   3.206392    32.3123       8573     5.9526 0.0000e+00
    102.000     6.0170   3.202063    32.2946       8598     5.9704 0.0000e+00
    101.000     5.9901   3.198303    32.2786       8623     5.9874 0.0000e+00
    100.000     5.9682   3.195172    32.2650       8648     6.0047 0.0000e+00
     99.000     5.9513   3.192764    32.2547       8676     6.0246 0.0000e+00
     98.000     5.9208   3.188652    32.2381       8706     6.0453 0.0000e+00
     97.000     5.8991   3.185758    32.2268       8732     6.0632 0.0000e+00
     96.000     5.8848   3.183857    32.2196       8756     6.0796 0.0000e+00
     95.000     5.8631   3.181040    32.2092       8783     6.0988 0.0000e+00
     94.000     5.8370   3.177544    32.1954       8812     6.1191 0.0000e+00
     93.000     5.7890   3.171658    32.1756       8838     6.1365 0.0000e+00
     92.000     5.7566   3.167387    32.1589       8861     6.1529 0.0000e+00
     91.000     5.7459   3.165898    32.1528       8886     6.1704 0.0000e+00
     90.000     5.7328   3.163997    32.1445       8915     6.1900 0.0000e+00
     89.000     5.7145   3.161715    32.1367       8941     6.2084 0.0000e+00
     88.000     5.7005   3.159806    32.1290       8964     6.2246 0.0000e+00
     87.000     5.6905   3.158598    32.1254       8992     6.2436 0.0000e+00
     86.000     5.6845   3.157849    32.1232       9023     6.2653 0.0000e+00
     85.000     5.6791   3.157110    32.1205       9052     6.2853 0.0000e+00
     84.000     5.6659   3.155529    32.1158       9078     6.3031 0.0000e+00
     83.000     5.6499   3.153535    32.1091       9103     6.3205 0.0000e+00
     82.000     5.6151   3.149226    32.0941       9128     6.3381 0.0000e+00
     81.000     5.5748   3.144033    32.0744       9152     6.3551 0.0000e+00
     80.000     5.5528   3.140765    32.0590       9178     6.3727 0.0000e+00
     79.000     5.5481   3.139690    32.0517       9205     6.3917 0.0000e+00
     78.000     5.5441   3.138621    32.0440       9233     6.4113 0.0000e+00
     77.000     5.5321   3.136791    32.0352       9262     6.4312 0.0000e+00
     76.000     5.5078   3.133383    32.0203       9290     6.4510 0.0000e+00
     75.000     5.4839   3.129858    32.0037       9316     6.4690 0.0000e+00
     74.000     5.4681   3.127537    31.9930       9341     6.4861 0.0000e+00
     73.000     5.4464   3.124361    31.9782       9368     6.5048 0.0000e+00
     72.000     5.3923   3.116986    31.9466       9398     6.5255 0.0000e+00
     71.000     5.3394   3.109978    31.9179       9426     6.5449 0.0000e+00
     70.000     5.3283   3.108209    31.9089       9451     6.5625 0.0000e+00
     69.000     5.3203   3.106979    31.9031       9476     6.5801 0.0000e+00
     68.000     5.3093   3.105642    31.8988       9500     6.5967 0.0000e+00
     67.000     5.3037   3.104838    31.8955       9523     6.6122 0.0000e+00
     66.000     5.3002   3.104319    31.8935       9547     6.6294 0.0000e+00
     65.000     5.2953   3.103706    31.8917       9583     6.6542 0.0000e+00
     64.000     5.2919   3.103193    31.8896       9621     6.6805 0.0000e+00
     63.000     5.2777   3.101348    31.8826       9648     6.6993 0.0000e+00
     62.000     5.2615   3.099306    31.8753       9671     6.7153 0.0000e+00
     61.000     5.2488   3.097586    31.8683       9693     6.7305 0.0000e+00
     60.000     5.2092   3.092491    31.8485       9717     6.7469 0.0000e+00
     59.000     5.1657   3.086519    31.8223       9743     6.7653 0.0000e+00
     58.000     5.1243   3.080075    31.7887       9771     6.7849 0.0000e+00
     57.000     5.1168   3.077646    31.7687       9800     6.8048 0.0000e+00
     56.000     5.1162   3.076466    31.7562       9828     6.8243 0.0000e+00
     55.000     5.1157   3.075695    31.7483       9857     6.8445 0.0000e+00
     54.000     5.1151   3.075304    31.7449       9885     6.8636 0.0000e+00
     53.000     5.1149   3.074974    31.7419       9913     6.8831 0.0000e+00
     52.000     5.1253   3.075270    31.7359       9942     6.9032 0.0000e+00
     51.000     5.1351   3.075769    31.7328       9968     6.9213 0.0000e+00
     50.000     5.1447   3.076330    31.7305       9990     6.9366 0.0000e+00
     49.000     5.1582   3.077087    31.7268      10011     6.9511 0.0000e+00
     48.000     5.1665   3.077461    31.7237      10037     6.9692 0.0000e+00
     47.000     5.1691   3.077445    31.7215      10071     6.9934 0.0000e+00
     46.000     5.1824   3.077628    31.7115      10104     7.0161 0.0000e+00
     45.000     5.2061   3.078012    31.6939      10131     7.0344 0.0000e+00
     44.000     5.2159   3.076671    31.6698      10153     7.0499 0.0000e+00
     43.000     5.2107   3.074673    31.6525      10173     7.0640 0.0000e+00
     42.000     5.2063   3.072696    31.6347      10195     7.0792 0.0000e+00
     41.000     5.2209   3.072622    31.6205      10228     7.1019 0.0000e+00
     40.000     5.2298   3.072778    31.6143      10271     7.1321 0.0000e+00
     39.000     5.2801   3.074626    31.5883      10295     7.1484 0.0000e+00
     38.000     5.4142   3.084154    31.5705      10313     7.1610 0.0000e+00
     37.000     5.6327   3.100407    31.5492      10333     7.1753 0.0000e+00
     36.000     5.6940   3.105081    31.5449      10360     7.1935 0.0000e+00
     35.000     5.8607   3.119028    31.5460      10388     7.2129 0.0000e+00
     34.000     6.0171   3.131579    31.5408      10413     7.2308 0.0000e+00
     33.000     6.0909   3.137918    31.5432      10442     7.2509 0.0000e+00
     32.000     6.2649   3.151573    31.5336      10474     7.2730 0.0000e+00
     31.000     6.3923   3.161840    31.5297      10499     7.2906 0.0000e+00
     30.000     6.4622   3.167702    31.5301      10522     7.3063 0.0000e+00
     29.000     6.5149   3.172483    31.5346      10546     7.3229 0.0000e+00
     28.000     6.6723   3.185576    31.5337      10574     7.3421 0.0000e+00
     27.000     6.7729   3.193240    31.5256      10602     7.3621 0.0000e+00
     26.000     6.8148   3.196443    31.5225      10631     7.3820 0.0000e+00
     25.000     6.8381   3.198454    31.5236      10657     7.4003 0.0000e+00
     24.000     6.8491   3.199397    31.5242      10681     7.4165 0.0000e+00
     23.000     6.8553   3.199951    31.5251      10703     7.4319 0.0000e+00
     22.000     6.8661   3.200883    31.5257      10725     7.4473 0.0000e+00
     21.000     6.8998   3.203636    31.5253      10750     7.4647 0.0000e+00
     20.000     6.9416   3.207312    31.5275      10783     7.4877 0.0000e+00
     19.000     6.9634   3.208907    31.5254      10819     7.5125 0.0000e+00
     18.000     6.9906   3.211083    31.5246      10845     7.5305 0.0000e+00
     17.000     7.0318   3.214258    31.5218      10867     7.5457 0.0000e+00
     16.000     7.0637   3.216970    31.5225      10888     7.5602 0.0000e+00
     15.000     7.1564   3.225191    31.5273      10908     7.5745 0.0000e+00
     14.000     7.3357   3.240370    31.5282      10931     7.5904 0.0000e+00
     13.000     7.4906   3.253579    31.5298      10961     7.6109 0.0000e+00
     12.000     7.5405   3.257865    31.5310      10994     7.6344 0.0000e+00
     11.000     7.6214   3.264653    31.5308      11022     7.6534 0.0000e+00
     10.000     7.6330   3.265603    31.5309      11045     7.6692 0.0000e+00
      9.000     7.6333   3.265718    31.5323      11067     7.6850 0.0000e+00
      8.000     7.6419   3.266503    31.5334      11093     7.7025 0.0000e+00
      7.000     7.6456   3.266819    31.5338      11118     7.7204 0.0000e+00
      6.000     7.6467   3.266976    31.5350      11143     7.7372 0.0000e+00
      5.000     7.6450   3.266870    31.5359      11169     7.7555 0.0000e+00
      4.000     7.6451   3.266838    31.5359      11198     7.7755 0.0000e+00
      3.000     7.6447   3.266775    31.5360      11223     7.7928 0.0000e+00
      2.000     7.6483   3.267255    31.5384      11427     7.9349 0.0000e+00
      1.000     7.6439   3.266846    31.5384      11516     7.9964 0.0000e+00
