HB2402/ctd173.cnv
* Sea-Bird SBE 9 Data File:
* FileName = C:\cruise\data\ctd173.hex
* Software Version Seasave V 7.26.7.121
* Temperature SN = 5253
* Conductivity SN = 4421
* Number of Bytes Per Scan = 37
* Number of Voltage Words = 4
* Number of Scans Averaged by the Deck Unit = 1
* NMEA Latitude = 40 45.60 N
* NMEA Longitude = 066 46.69 W
* NMEA UTC (Time) = Apr 26 2024 23:51:24
* NMEA baud rate = 4800
** Ship: Bigelow HB2402
** Program:  Spring Bottom Trawl Survey
** Chief Scientist: John Galbraith
# nquan = 7
# nvalues = 443                         
# units = specified
# name 0 = depSM: Depth [salt water, m]
# name 1 = t090C: Temperature [ITS-90, deg C]
# name 2 = c0S/m: Conductivity [S/m]
# name 3 = sal00: Salinity, Practical [PSU]
# name 4 = scan: Scan Count
# name 5 = timeM: Time, Elapsed [minutes]
# name 6 = flag: flag
# span 0 =      1.000,    223.000       
# span 1 =     5.8545,     9.4416       
# span 2 =   3.251171,   3.757200       
# span 3 =    32.7451,    34.9685       
# span 4 =        -37,      12587       
# span 5 =    -0.0267,     8.7406       
# span 6 = 0.0000e+00, 0.0000e+00       
# interval = meters: 1                  
# start_time = Apr 26 2024 23:51:24 [NMEA time, header]
# bad_flag = -9.990e-29
*END*
[from data line 411]
     32.000     6.2438   3.300416    33.2084      11651     8.0905 0.0000e+00
     31.000     6.2371   3.299326    33.2032      11674     8.1059 0.0000e+00
     30.000     6.2248   3.297680    33.1973      11702     8.1257 0.0000e+00
     29.000     6.1966   3.294235    33.1869      11735     8.1488 0.0000e+00
     28.000     6.1634   3.288744    33.1585      11763     8.1683 0.0000e+00
     27.000     6.1506   3.286086    33.1418      11788     8.1854 0.0000e+00
     26.000     6.1121   3.282263    33.1370      11813     8.2026 0.0000e+00
     25.000     6.0402   3.272536    33.0989      11838     8.2203 0.0000e+00
     24.000     5.9372   3.259509    33.0538      11863     8.2377 0.0000e+00
     23.000     5.9747   3.258696    33.0086      11888     8.2552 0.0000e+00
     22.000     6.1928   3.276938    33.0009      11915     8.2733 0.0000e+00
     21.000     6.5478   3.304870    32.9681      11940     8.2911 0.0000e+00
     20.000     6.5357   3.306888    33.0025      11965     8.3082 0.0000e+00
     19.000     6.7366   3.323666    32.9944      11991     8.3262 0.0000e+00
     18.000     7.1662   3.353064    32.9051      12019     8.3459 0.0000e+00
     17.000     7.2684   3.361516    32.9001      12046     8.3647 0.0000e+00
     16.000     7.3883   3.371319    32.8928      12070     8.3812 0.0000e+00
     15.000     7.4204   3.374440    32.8967      12093     8.3973 0.0000e+00
     14.000     7.5568   3.385489    32.8871      12119     8.4153 0.0000e+00
     13.000     7.6360   3.392423    32.8873      12149     8.4359 0.0000e+00
     12.000     7.6174   3.390951    32.8895      12175     8.4544 0.0000e+00
     11.000     7.7151   3.399924    32.8940      12197     8.4696 0.0000e+00
     10.000     7.7369   3.401990    32.8961      12218     8.4840 0.0000e+00
      9.000     7.7290   3.401618    32.9001      12239     8.4990 0.0000e+00
      8.000     7.7378   3.402043    32.8968      12269     8.5196 0.0000e+00
      7.000     7.7316   3.401435    32.8966      12305     8.5443 0.0000e+00
      6.000     7.7246   3.400516    32.8938      12328     8.5604 0.0000e+00
      5.000     7.7312   3.400896    32.8921      12346     8.5732 0.0000e+00
      4.000     7.7284   3.400405    32.8900      12369     8.5887 0.0000e+00
      3.000     7.7165   3.399018    32.8868      12516     8.6912 0.0000e+00
      2.000     7.7168   3.399075    32.8876      12569     8.7280 0.0000e+00
      1.000     7.7008   3.397390    32.8851      12587     8.7406 0.0000e+00
