HB2402/ctd149.cnv
* Sea-Bird SBE 9 Data File:
* FileName = C:\cruise\data\ctd149.hex
* Software Version Seasave V 7.26.7.121
* Temperature SN = 5253
* Conductivity SN = 4421
* Number of Bytes Per Scan = 37
* Number of Voltage Words = 4
* Number of Scans Averaged by the Deck Unit = 1
* NMEA Latitude = 42 51.55 N
* NMEA Longitude = 070 39.54 W
* NMEA UTC (Time) = Apr 14 2024 16:04:54
* NMEA baud rate = 4800
** Ship: Bigelow HB2304
** Program:  Fall Bottom Trawl Survey
** Chief Scientist: John Galbraith
# nquan = 7
# nvalues = 109                         
# units = specified
# name 0 = depSM: Depth [salt water, m]
# name 1 = t090C: Temperature [ITS-90, deg C]
# name 2 = c0S/m: Conductivity [S/m]
# name 3 = sal00: Salinity, Practical [PSU]
# name 4 = scan: Scan Count
# name 5 = timeM: Time, Elapsed [minutes]
# name 6 = flag: flag
# span 0 =      1.000,     56.000       
# span 1 =     4.6991,     5.8164       
# span 2 =   2.919086,   3.022256       
# span 3 =    29.4351,    31.4239       
# span 4 =       -133,       4213       
# span 5 =    -0.0932,     2.9248       
# span 6 = 0.0000e+00, 0.0000e+00       
# interval = meters: 1                  
# start_time = Apr 14 2024 16:04:54 [NMEA time, header]
# bad_flag = -9.990e-29
*END*
      3.000     5.7390   2.929271    29.5530       -133    -0.0932 0.0000e+00
      4.000     5.7209   2.928071    29.5551        233     0.1614 0.0000e+00
      5.000     5.7091   2.927419    29.5576        284     0.1967 0.0000e+00
      6.000     5.6100   2.922042    29.5843        313     0.2165 0.0000e+00
      7.000     5.5694   2.920601    29.6034        342     0.2367 0.0000e+00
      8.000     5.5463   2.920045    29.6171        369     0.2555 0.0000e+00
      9.000     5.4887   2.919086    29.6566        394     0.2729 0.0000e+00
     10.000     5.4559   2.920983    29.7064        419     0.2904 0.0000e+00
     11.000     5.3923   2.928889    29.8514        446     0.3092 0.0000e+00
     12.000     5.2652   2.941134    30.1027        475     0.3289 0.0000e+00
     13.000     5.2025   2.956338    30.3308        502     0.3480 0.0000e+00
     14.000     5.1810   2.962388    30.4184        527     0.3651 0.0000e+00
     15.000     5.1636   2.964465    30.4573        550     0.3812 0.0000e+00
     16.000     5.1184   2.965498    30.5098        572     0.3967 0.0000e+00
     17.000     5.0940   2.965898    30.5362        596     0.4134 0.0000e+00
     18.000     5.0895   2.966482    30.5465        623     0.4323 0.0000e+00
     19.000     5.0890   2.966762    30.5497        654     0.4537 0.0000e+00
     20.000     5.0513   2.970046    30.6211        686     0.4755 0.0000e+00
     21.000     4.9994   2.973390    30.7065        716     0.4962 0.0000e+00
     22.000     4.9163   2.977782    30.8330        743     0.5150 0.0000e+00
     23.000     4.8421   2.982100    30.9509        768     0.5323 0.0000e+00
     24.000     4.7792   2.991884    31.1215        791     0.5486 0.0000e+00
     25.000     4.7337   2.994803    31.1974        815     0.5650 0.0000e+00
     26.000     4.7215   2.994663    31.2067        838     0.5812 0.0000e+00
     27.000     4.7157   2.996483    31.2326        862     0.5976 0.0000e+00
     28.000     4.7023   2.996150    31.2409        887     0.6154 0.0000e+00
     29.000     4.7075   2.996804    31.2431        916     0.6358 0.0000e+00
     30.000     4.7072   2.997065    31.2458        950     0.6588 0.0000e+00
     31.000     4.6991   2.997105    31.2535        983     0.6819 0.0000e+00
     32.000     4.7064   2.998702    31.2645       1013     0.7027 0.0000e+00
     33.000     4.7102   2.999227    31.2664       1039     0.7208 0.0000e+00
     34.000     4.7095   2.999583    31.2707       1063     0.7373 0.0000e+00
     35.000     4.7093   3.000003    31.2752       1085     0.7526 0.0000e+00
     36.000     4.7109   3.000425    31.2780       1106     0.7675 0.0000e+00
     37.000     4.7317   3.003103    31.2888       1128     0.7829 0.0000e+00
     38.000     4.7920   3.009657    31.3068       1153     0.7997 0.0000e+00
     39.000     4.7974   3.010369    31.3094       1181     0.8194 0.0000e+00
     40.000     4.7934   3.010250    31.3114       1211     0.8405 0.0000e+00
     41.000     4.7777   3.009728    31.3197       1242     0.8618 0.0000e+00
     42.000     4.7739   3.009847    31.3241       1272     0.8827 0.0000e+00
     43.000     4.7728   3.009981    31.3262       1304     0.9047 0.0000e+00
     44.000     4.7692   3.010083    31.3302       1334     0.9257 0.0000e+00
     45.000     4.7673   3.011600    31.3490       1358     0.9423 0.0000e+00
     46.000     4.7679   3.013314    31.3676       1379     0.9572 0.0000e+00
     47.000     4.7665   3.013757    31.3736       1401     0.9719 0.0000e+00
     48.000     4.7669   3.014002    31.3756       1422     0.9871 0.0000e+00
     49.000     4.7673   3.014067    31.3754       1448     1.0050 0.0000e+00
     50.000     4.7682   3.014296    31.3767       1476     1.0243 0.0000e+00
     51.000     4.7699   3.014841    31.3809       1504     1.0437 0.0000e+00
     52.000     4.7781   3.016465    31.3913       1533     1.0638 0.0000e+00
     53.000     4.7905   3.018662    31.4044       1563     1.0847 0.0000e+00
     54.000     4.7981   3.019949    31.4115       1594     1.1062 0.0000e+00
     55.000     4.8039   3.020906    31.4165       1689     1.1725 0.0000e+00
     56.000     4.8121   3.022256    31.4239       1822     1.2645 0.0000e+00
     55.000     4.8078   3.021505    31.4197       2069     1.4363 0.0000e+00
     54.000     4.8057   3.021050    31.4170       2377     1.6503 0.0000e+00
     53.000     4.8003   3.020187    31.4126       2410     1.6731 0.0000e+00
     52.000     4.7940   3.019118    31.4068       2438     1.6921 0.0000e+00
     51.000     4.7884   3.018080    31.4006       2460     1.7077 0.0000e+00
     50.000     4.7836   3.017157    31.3951       2482     1.7227 0.0000e+00
     49.000     4.7749   3.015563    31.3855       2502     1.7367 0.0000e+00
     48.000     4.7731   3.015091    31.3823       2522     1.7507 0.0000e+00
     47.000     4.7701   3.014447    31.3781       2544     1.7658 0.0000e+00
     46.000     4.7699   3.014320    31.3773       2567     1.7822 0.0000e+00
     45.000     4.7687   3.013845    31.3736       2594     1.8005 0.0000e+00
     44.000     4.7675   3.012866    31.3639       2625     1.8223 0.0000e+00
     43.000     4.7679   3.012687    31.3620       2663     1.8485 0.0000e+00
     42.000     4.7697   3.011482    31.3469       2696     1.8713 0.0000e+00
     41.000     4.7726   3.010404    31.3323       2721     1.8889 0.0000e+00
     40.000     4.7721   3.010725    31.3369       2743     1.9038 0.0000e+00
     39.000     4.7769   3.009904    31.3235       2763     1.9180 0.0000e+00
     38.000     4.7823   3.009853    31.3182       2784     1.9325 0.0000e+00
     37.000     4.7871   3.009924    31.3150       2806     1.9479 0.0000e+00
     36.000     4.7896   3.009786    31.3115       2830     1.9647 0.0000e+00
     35.000     4.7734   3.007782    31.3043       2856     1.9829 0.0000e+00
     34.000     4.7516   3.005390    31.2979       2884     2.0020 0.0000e+00
     33.000     4.7327   3.002806    31.2865       2911     2.0211 0.0000e+00
     32.000     4.7226   3.001065    31.2764       2940     2.0407 0.0000e+00
     31.000     4.7172   3.000158    31.2716       2969     2.0610 0.0000e+00
     30.000     4.7141   2.999633    31.2689       2998     2.0814 0.0000e+00
     29.000     4.7110   2.998983    31.2649       3025     2.0999 0.0000e+00
     28.000     4.7080   2.998162    31.2587       3049     2.1170 0.0000e+00
     27.000     4.7087   2.997773    31.2541       3073     2.1334 0.0000e+00
     26.000     4.7078   2.997034    31.2469       3096     2.1497 0.0000e+00
     25.000     4.7078   2.996592    31.2423       3120     2.1657 0.0000e+00
     24.000     4.7112   2.996128    31.2343       3143     2.1820 0.0000e+00
     23.000     4.7158   2.995477    31.2229       3167     2.1985 0.0000e+00
     22.000     4.7239   2.994735    31.2072       3193     2.2164 0.0000e+00
     21.000     4.7353   2.994113    31.1898       3222     2.2369 0.0000e+00
     20.000     4.7372   2.993176    31.1778       3254     2.2591 0.0000e+00
     19.000     4.8081   2.985227    31.0205       3283     2.2792 0.0000e+00
     18.000     4.8765   2.979841    30.8955       3308     2.2968 0.0000e+00
     17.000     4.9348   2.976334    30.8017       3332     2.3132 0.0000e+00
     16.000     4.9824   2.972908    30.7191       3355     2.3290 0.0000e+00
     15.000     5.0344   2.969270    30.6302       3379     2.3456 0.0000e+00
     14.000     5.0568   2.967004    30.5843       3403     2.3622 0.0000e+00
     13.000     5.0719   2.966159    30.5613       3426     2.3788 0.0000e+00
     12.000     5.0909   2.965328    30.5350       3451     2.3956 0.0000e+00
     11.000     5.1197   2.964234    30.4967       3477     2.4137 0.0000e+00
     10.000     5.1137   2.964295    30.5033       3506     2.4339 0.0000e+00
      9.000     5.1550   2.960283    30.4207       3535     2.4545 0.0000e+00
      8.000     5.2684   2.951452    30.2183       3562     2.4730 0.0000e+00
      7.000     5.3973   2.940319    29.9773       3587     2.4901 0.0000e+00
      6.000     5.3881   2.940479    29.9878       3610     2.5060 0.0000e+00
      5.000     5.4274   2.937838    29.9234       3632     2.5215 0.0000e+00
      4.000     5.4934   2.933735    29.8191       3655     2.5373 0.0000e+00
      3.000     5.8164   2.924845    29.4351       4048     2.8104 0.0000e+00
      2.000     5.6830   2.925621    29.5619       4177     2.9000 0.0000e+00
      1.000     5.6935   2.926097    29.5585       4213     2.9248 0.0000e+00
