HB2402/ctd156.cnv
* Sea-Bird SBE 9 Data File:
* FileName = C:\cruise\data\ctd156.hex
* Software Version Seasave V 7.26.7.121
* Temperature SN = 5253
* Conductivity SN = 4421
* Number of Bytes Per Scan = 37
* Number of Voltage Words = 4
* Number of Scans Averaged by the Deck Unit = 1
* NMEA Latitude = 42 00.50 N
* NMEA Longitude = 069 51.95 W
* NMEA UTC (Time) = Apr 15 2024 17:14:43
* NMEA baud rate = 4800
** Ship: Bigelow HB2304
** Program:  Fall Bottom Trawl Survey
** Chief Scientist: John Galbraith
# nquan = 7
# nvalues = 154                         
# units = specified
# name 0 = depSM: Depth [salt water, m]
# name 1 = t090C: Temperature [ITS-90, deg C]
# name 2 = c0S/m: Conductivity [S/m]
# name 3 = sal00: Salinity, Practical [PSU]
# name 4 = scan: Scan Count
# name 5 = timeM: Time, Elapsed [minutes]
# name 6 = flag: flag
# span 0 =      1.000,     79.000       
# span 1 =     5.1347,     6.2176       
# span 2 =   3.055635,   3.104719       
# span 3 =    30.9935,    31.8585       
# span 4 =        226,       5862       
# span 5 =     0.1559,     4.0702       
# span 6 = 0.0000e+00, 0.0000e+00       
# interval = meters: 1                  
# start_time = Apr 15 2024 17:14:43 [NMEA time, header]
# bad_flag = -9.990e-29
*END*
      4.000     5.8949   3.075303    31.0404        226     0.1559 0.0000e+00
      5.000     5.8379   3.071761    31.0528        389     0.2693 0.0000e+00
      6.000     5.7927   3.068939    31.0624        421     0.2913 0.0000e+00
      7.000     5.7741   3.068154    31.0703        443     0.3072 0.0000e+00
      8.000     5.7698   3.068017    31.0722        465     0.3220 0.0000e+00
      9.000     5.7694   3.068367    31.0760        485     0.3364 0.0000e+00
     10.000     5.7591   3.068732    31.0891        508     0.3519 0.0000e+00
     11.000     5.7457   3.068975    31.1037        534     0.3699 0.0000e+00
     12.000     5.7306   3.068571    31.1126        566     0.3923 0.0000e+00
     13.000     5.7170   3.067905    31.1172        599     0.4156 0.0000e+00
     14.000     5.6842   3.066135    31.1272        627     0.4347 0.0000e+00
     15.000     5.6648   3.065640    31.1391        650     0.4510 0.0000e+00
     16.000     5.6584   3.065478    31.1427        673     0.4665 0.0000e+00
     17.000     5.6349   3.064237    31.1500        696     0.4828 0.0000e+00
     18.000     5.5840   3.061849    31.1698        722     0.5004 0.0000e+00
     19.000     5.4690   3.056552    31.2164        748     0.5186 0.0000e+00
     20.000     5.4384   3.055635    31.2340        773     0.5361 0.0000e+00
     21.000     5.4129   3.056666    31.2689        800     0.5546 0.0000e+00
     22.000     5.4023   3.057312    31.2857        831     0.5762 0.0000e+00
     23.000     5.3979   3.058857    31.3068        862     0.5980 0.0000e+00
     24.000     5.3809   3.061184    31.3485        888     0.6163 0.0000e+00
     25.000     5.3873   3.064192    31.3761        912     0.6328 0.0000e+00
     26.000     5.3903   3.064806    31.3797        935     0.6488 0.0000e+00
     27.000     5.3974   3.065614    31.3818        961     0.6663 0.0000e+00
     28.000     5.4000   3.065980    31.3829        986     0.6844 0.0000e+00
     29.000     5.4059   3.066651    31.3845       1014     0.7037 0.0000e+00
     30.000     5.4093   3.067088    31.3858       1042     0.7232 0.0000e+00
     31.000     5.4160   3.068729    31.3976       1071     0.7428 0.0000e+00
     32.000     5.4167   3.069996    31.4108       1097     0.7612 0.0000e+00
     33.000     5.3890   3.068566    31.4201       1122     0.7786 0.0000e+00
     34.000     5.3559   3.067123    31.4343       1148     0.7962 0.0000e+00
     35.000     5.3393   3.066894    31.4468       1176     0.8161 0.0000e+00
     36.000     5.3224   3.067021    31.4636       1205     0.8362 0.0000e+00
     37.000     5.2834   3.067325    31.5033       1231     0.8542 0.0000e+00
     38.000     5.2587   3.067628    31.5295       1255     0.8706 0.0000e+00
     39.000     5.2565   3.067648    31.5313       1280     0.8881 0.0000e+00
     40.000     5.2545   3.067734    31.5337       1308     0.9076 0.0000e+00
     41.000     5.2529   3.067830    31.5358       1336     0.9268 0.0000e+00
     42.000     5.2524   3.067885    31.5364       1362     0.9448 0.0000e+00
     43.000     5.2498   3.068067    31.5404       1388     0.9632 0.0000e+00
     44.000     5.2469   3.068300    31.5453       1416     0.9829 0.0000e+00
     45.000     5.2420   3.068874    31.5559       1444     1.0021 0.0000e+00
     46.000     5.2351   3.069569    31.5699       1470     1.0200 0.0000e+00
     47.000     5.2246   3.069884    31.5828       1494     1.0371 0.0000e+00
     48.000     5.2163   3.070107    31.5928       1520     1.0550 0.0000e+00
     49.000     5.1664   3.069734    31.6353       1549     1.0752 0.0000e+00
     50.000     5.1503   3.069112    31.6429       1578     1.0953 0.0000e+00
     51.000     5.1440   3.069010    31.6472       1603     1.1124 0.0000e+00
     52.000     5.1380   3.069079    31.6532       1626     1.1284 0.0000e+00
     53.000     5.1375   3.069183    31.6544       1650     1.1450 0.0000e+00
     54.000     5.1357   3.069519    31.6594       1678     1.1646 0.0000e+00
     55.000     5.1347   3.070292    31.6687       1708     1.1851 0.0000e+00
     56.000     5.1360   3.071356    31.6791       1737     1.2055 0.0000e+00
     57.000     5.1381   3.071979    31.6837       1765     1.2249 0.0000e+00
     58.000     5.1411   3.072920    31.6911       1791     1.2433 0.0000e+00
     59.000     5.1517   3.075149    31.7059       1815     1.2597 0.0000e+00
     60.000     5.1668   3.077622    31.7194       1839     1.2764 0.0000e+00
     61.000     5.1783   3.079518    31.7296       1864     1.2937 0.0000e+00
     62.000     5.1961   3.082684    31.7482       1890     1.3120 0.0000e+00
     63.000     5.2041   3.084110    31.7564       1920     1.3323 0.0000e+00
     64.000     5.2163   3.086200    31.7681       1950     1.3532 0.0000e+00
     65.000     5.2115   3.086451    31.7750       1977     1.3723 0.0000e+00
     66.000     5.2159   3.087388    31.7810       2002     1.3897 0.0000e+00
     67.000     5.2240   3.088484    31.7853       2028     1.4075 0.0000e+00
     68.000     5.2339   3.089978    31.7924       2055     1.4263 0.0000e+00
     69.000     5.2412   3.090976    31.7964       2083     1.4457 0.0000e+00
     70.000     5.2440   3.091481    31.7989       2108     1.4633 0.0000e+00
     71.000     5.2534   3.093105    31.8080       2134     1.4810 0.0000e+00
     72.000     5.2765   3.096537    31.8246       2159     1.4986 0.0000e+00
     73.000     5.3031   3.100031    31.8385       2186     1.5175 0.0000e+00
     74.000     5.3043   3.100261    31.8395       2216     1.5382 0.0000e+00
     75.000     5.3065   3.100629    31.8411       2245     1.5582 0.0000e+00
     76.000     5.3156   3.101922    31.8467       2269     1.5750 0.0000e+00
     77.000     5.3199   3.102553    31.8492       2293     1.5917 0.0000e+00
     78.000     5.3243   3.103219    31.8521       2320     1.6103 0.0000e+00
     79.000     5.3350   3.104719    31.8585       2898     2.0120 0.0000e+00
     78.000     5.3311   3.104115    31.8558       3253     2.2583 0.0000e+00
     77.000     5.3299   3.103900    31.8550       3300     2.2909 0.0000e+00
     76.000     5.3293   3.103773    31.8547       3333     2.3142 0.0000e+00
     75.000     5.3239   3.103048    31.8520       3366     2.3366 0.0000e+00
     74.000     5.3154   3.101832    31.8468       3398     2.3591 0.0000e+00
     73.000     5.3095   3.100957    31.8429       3428     2.3799 0.0000e+00
     72.000     5.3020   3.099911    31.8387       3455     2.3984 0.0000e+00
     71.000     5.2940   3.098704    31.8330       3482     2.4171 0.0000e+00
     70.000     5.2799   3.096879    31.8262       3511     2.4378 0.0000e+00
     69.000     5.2725   3.095582    31.8190       3542     2.4592 0.0000e+00
     68.000     5.2544   3.092844    31.8056       3570     2.4784 0.0000e+00
     67.000     5.2448   3.091206    31.7965       3596     2.4968 0.0000e+00
     66.000     5.2359   3.089954    31.7912       3621     2.5142 0.0000e+00
     65.000     5.2248   3.088552    31.7863       3647     2.5319 0.0000e+00
     64.000     5.2204   3.087674    31.7810       3673     2.5499 0.0000e+00
     63.000     5.2183   3.086794    31.7735       3697     2.5670 0.0000e+00
     62.000     5.2137   3.085817    31.7672       3721     2.5832 0.0000e+00
     61.000     5.2037   3.084141    31.7582       3745     2.5999 0.0000e+00
     60.000     5.2030   3.083820    31.7556       3772     2.6186 0.0000e+00
     59.000     5.1825   3.080382    31.7364       3803     2.6401 0.0000e+00
     58.000     5.1795   3.079871    31.7339       3834     2.6619 0.0000e+00
     57.000     5.1547   3.075104    31.7036       3860     2.6797 0.0000e+00
     56.000     5.1459   3.073490    31.6941       3881     2.6945 0.0000e+00
     55.000     5.1418   3.072529    31.6874       3901     2.7085 0.0000e+00
     54.000     5.1395   3.071603    31.6796       3923     2.7239 0.0000e+00
     53.000     5.1396   3.071455    31.6783       3950     2.7421 0.0000e+00
     52.000     5.1399   3.071227    31.6759       3980     2.7632 0.0000e+00
     51.000     5.1395   3.070360    31.6668       4010     2.7840 0.0000e+00
     50.000     5.1420   3.069120    31.6508       4039     2.8040 0.0000e+00
     49.000     5.1439   3.068997    31.6481       4067     2.8234 0.0000e+00
     48.000     5.1477   3.068942    31.6444       4092     2.8411 0.0000e+00
     47.000     5.1699   3.069232    31.6272       4114     2.8566 0.0000e+00
     46.000     5.1967   3.069354    31.6037       4136     2.8713 0.0000e+00
     45.000     5.2060   3.069328    31.5951       4158     2.8866 0.0000e+00
     44.000     5.2179   3.069066    31.5814       4183     2.9040 0.0000e+00
     43.000     5.2303   3.068496    31.5636       4212     2.9243 0.0000e+00
     42.000     5.2246   3.068623    31.5710       4244     2.9468 0.0000e+00
     41.000     5.2289   3.068360    31.5645       4275     2.9678 0.0000e+00
     40.000     5.2428   3.067852    31.5460       4299     2.9850 0.0000e+00
     39.000     5.2422   3.067863    31.5472       4321     3.0001 0.0000e+00
     38.000     5.2456   3.067688    31.5425       4342     3.0147 0.0000e+00
     37.000     5.2514   3.067411    31.5344       4365     3.0306 0.0000e+00
     36.000     5.2619   3.067162    31.5222       4394     3.0510 0.0000e+00
     35.000     5.2733   3.067012    31.5102       4428     3.0744 0.0000e+00
     34.000     5.3100   3.066631    31.4718       4455     3.0931 0.0000e+00
     33.000     5.3130   3.066585    31.4690       4478     3.1087 0.0000e+00
     32.000     5.3093   3.066768    31.4750       4499     3.1239 0.0000e+00
     31.000     5.3617   3.067584    31.4355       4523     3.1402 0.0000e+00
     30.000     5.3748   3.067782    31.4260       4549     3.1581 0.0000e+00
     29.000     5.3836   3.067869    31.4192       4574     3.1757 0.0000e+00
     28.000     5.3971   3.067503    31.4029       4600     3.1937 0.0000e+00
     27.000     5.4006   3.066666    31.3906       4629     3.2137 0.0000e+00
     26.000     5.3967   3.066311    31.3908       4662     3.2365 0.0000e+00
     25.000     5.3938   3.065774    31.3878       4690     3.2565 0.0000e+00
     24.000     5.3917   3.064628    31.3773       4713     3.2724 0.0000e+00
     23.000     5.3920   3.064290    31.3737       4734     3.2865 0.0000e+00
     22.000     5.3897   3.061706    31.3471       4754     3.3006 0.0000e+00
     21.000     5.3944   3.059366    31.3167       4777     3.3166 0.0000e+00
     20.000     5.4055   3.057608    31.2869       4806     3.3365 0.0000e+00
     19.000     5.4222   3.056911    31.2640       4836     3.3578 0.0000e+00
     18.000     5.4543   3.057957    31.2464       4863     3.3767 0.0000e+00
     17.000     5.5012   3.058236    31.2064       4889     3.3946 0.0000e+00
     16.000     5.5838   3.061464    31.1666       4916     3.4129 0.0000e+00
     15.000     5.6167   3.062697    31.1505       4942     3.4315 0.0000e+00
     14.000     5.6434   3.063514    31.1354       4967     3.4487 0.0000e+00
     13.000     5.6667   3.064589    31.1264       4990     3.4647 0.0000e+00
     12.000     5.6800   3.065308    31.1227       5013     3.4806 0.0000e+00
     11.000     5.6993   3.066170    31.1150       5037     3.4971 0.0000e+00
     10.000     5.7148   3.066694    31.1071       5062     3.5149 0.0000e+00
      9.000     5.7228   3.066698    31.1003       5090     3.5342 0.0000e+00
      8.000     5.7450   3.067011    31.0837       5118     3.5535 0.0000e+00
      7.000     5.7573   3.067092    31.0738       5143     3.5710 0.0000e+00
      6.000     5.7607   3.067280    31.0733       5166     3.5871 0.0000e+00
      5.000     5.7517   3.067102    31.0800       5190     3.6033 0.0000e+00
      4.000     5.7684   3.067875    31.0737       5217     3.6224 0.0000e+00
      3.000     5.8456   3.072074    31.0502       5248     3.6436 0.0000e+00
      2.000     6.1986   3.096058    30.9942       5721     3.9724 0.0000e+00
      1.000     6.2176   3.097523    30.9935       5862     4.0702 0.0000e+00
