HB2402/ctd161.cnv
* Sea-Bird SBE 9 Data File:
* FileName = C:\cruise\data\ctd161.hex
* Software Version Seasave V 7.26.7.121
* Temperature SN = 5253
* Conductivity SN = 4421
* Number of Bytes Per Scan = 37
* Number of Voltage Words = 4
* Number of Scans Averaged by the Deck Unit = 1
* NMEA Latitude = 41 29.85 N
* NMEA Longitude = 068 36.18 W
* NMEA UTC (Time) = Apr 16 2024 21:02:33
* NMEA baud rate = 4800
** Ship: Bigelow HB2304
** Program:  Fall Bottom Trawl Survey
** Chief Scientist: John Galbraith
# nquan = 7
# nvalues = 200                         
# units = specified
# name 0 = depSM: Depth [salt water, m]
# name 1 = t090C: Temperature [ITS-90, deg C]
# name 2 = c0S/m: Conductivity [S/m]
# name 3 = sal00: Salinity, Practical [PSU]
# name 4 = scan: Scan Count
# name 5 = timeM: Time, Elapsed [minutes]
# name 6 = flag: flag
# span 0 =      2.000,    102.000       
# span 1 =     5.5507,     7.4491       
# span 2 =   3.117715,   3.272367       
# span 3 =    31.7418,    32.2458       
# span 4 =        -96,       6124       
# span 5 =    -0.0676,     4.2522       
# span 6 = 0.0000e+00, 0.0000e+00       
# interval = meters: 1                  
# start_time = Apr 16 2024 21:02:33 [NMEA time, header]
# bad_flag = -9.990e-29
*END*
      3.000     6.7107   3.252693    32.2458        -96    -0.0676 0.0000e+00
      4.000     6.8221   3.220952    31.7937        191     0.1318 0.0000e+00
      5.000     6.8162   3.220215    31.7909        245     0.1695 0.0000e+00
      6.000     6.6125   3.217982    31.9554        284     0.1965 0.0000e+00
      7.000     6.4828   3.206392    31.9485        307     0.2123 0.0000e+00
      8.000     6.4020   3.201868    31.9739        325     0.2249 0.0000e+00
      9.000     6.3267   3.189528    31.9074        342     0.2370 0.0000e+00
     10.000     6.3264   3.184500    31.8515        361     0.2502 0.0000e+00
     11.000     6.3225   3.180041    31.8053        430     0.2980 0.0000e+00
     12.000     5.9721   3.154646    31.8509        472     0.3269 0.0000e+00
     13.000     5.8851   3.145451    31.8295        490     0.3397 0.0000e+00
     14.000     5.8600   3.142509    31.8197        510     0.3535 0.0000e+00
     15.000     5.8122   3.138115    31.8150        540     0.3740 0.0000e+00
     16.000     5.7607   3.133424    31.8104        576     0.3991 0.0000e+00
     17.000     5.7290   3.130627    31.8083        603     0.4181 0.0000e+00
     18.000     5.6725   3.125902    31.8081        630     0.4365 0.0000e+00
     19.000     5.6513   3.124066    31.8069        659     0.4570 0.0000e+00
     20.000     5.6451   3.123507    31.8060        686     0.4757 0.0000e+00
     21.000     5.6352   3.122710    31.8058        708     0.4908 0.0000e+00
     22.000     5.6241   3.121823    31.8059        727     0.5041 0.0000e+00
     23.000     5.6174   3.121377    31.8067        748     0.5189 0.0000e+00
     24.000     5.6123   3.120999    31.8067        777     0.5388 0.0000e+00
     25.000     5.6034   3.120327    31.8071        816     0.5661 0.0000e+00
     26.000     5.5923   3.119423    31.8069        852     0.5908 0.0000e+00
     27.000     5.5875   3.119046    31.8067        877     0.6086 0.0000e+00
     28.000     5.5855   3.118870    31.8062        899     0.6237 0.0000e+00
     29.000     5.5823   3.118649    31.8061        920     0.6380 0.0000e+00
     30.000     5.5821   3.118667    31.8061        941     0.6528 0.0000e+00
     31.000     5.5802   3.118562    31.8062        964     0.6688 0.0000e+00
     32.000     5.5828   3.118921    31.8073        990     0.6870 0.0000e+00
     33.000     5.5776   3.118610    31.8082       1024     0.7104 0.0000e+00
     34.000     5.5749   3.118520    31.8092       1063     0.7374 0.0000e+00
     35.000     5.5672   3.118213    31.8126       1091     0.7572 0.0000e+00
     36.000     5.5539   3.117992    31.8222       1113     0.7722 0.0000e+00
     37.000     5.5515   3.118119    31.8255       1133     0.7864 0.0000e+00
     38.000     5.5555   3.118178    31.8218       1155     0.8012 0.0000e+00
     39.000     5.5565   3.118204    31.8206       1180     0.8184 0.0000e+00
     40.000     5.5507   3.118278    31.8265       1210     0.8397 0.0000e+00
     41.000     5.5511   3.118847    31.8321       1245     0.8636 0.0000e+00
     42.000     5.5509   3.118816    31.8314       1273     0.8832 0.0000e+00
     43.000     5.5514   3.118868    31.8311       1296     0.8991 0.0000e+00
     44.000     5.5602   3.121836    31.8557       1317     0.9141 0.0000e+00
     45.000     5.5716   3.124179    31.8709       1342     0.9311 0.0000e+00
     46.000     5.5729   3.124319    31.8707       1375     0.9545 0.0000e+00
     47.000     5.5745   3.124701    31.8731       1411     0.9789 0.0000e+00
     48.000     5.5962   3.128653    31.8966       1435     0.9959 0.0000e+00
     49.000     5.6185   3.133065    31.9248       1456     1.0105 0.0000e+00
     50.000     5.6404   3.138149    31.9608       1477     1.0252 0.0000e+00
     51.000     5.6139   3.138663    31.9912       1504     1.0435 0.0000e+00
     52.000     5.6112   3.139169    31.9990       1536     1.0657 0.0000e+00
     53.000     5.6151   3.140043    32.0047       1564     1.0857 0.0000e+00
     54.000     5.6186   3.140615    32.0074       1590     1.1034 0.0000e+00
     55.000     5.6224   3.141245    32.0103       1615     1.1207 0.0000e+00
     56.000     5.6302   3.142494    32.0166       1642     1.1397 0.0000e+00
     57.000     5.6503   3.145630    32.0323       1672     1.1604 0.0000e+00
     58.000     5.6638   3.147492    32.0399       1701     1.1807 0.0000e+00
     59.000     5.6675   3.147975    32.0414       1729     1.2003 0.0000e+00
     60.000     5.6708   3.148491    32.0435       1753     1.2170 0.0000e+00
     61.000     5.6759   3.149239    32.0466       1776     1.2326 0.0000e+00
     62.000     5.6773   3.149491    32.0476       1798     1.2479 0.0000e+00
     63.000     5.6822   3.150209    32.0506       1826     1.2671 0.0000e+00
     64.000     5.6879   3.150968    32.0533       1862     1.2921 0.0000e+00
     65.000     5.6893   3.151209    32.0541       1893     1.3141 0.0000e+00
     66.000     5.6918   3.151507    32.0546       1917     1.3305 0.0000e+00
     67.000     5.6939   3.151783    32.0553       1939     1.3456 0.0000e+00
     68.000     5.6971   3.152186    32.0562       1963     1.3627 0.0000e+00
     69.000     5.7036   3.152985    32.0585       1992     1.3824 0.0000e+00
     70.000     5.7055   3.153249    32.0592       2019     1.4013 0.0000e+00
     71.000     5.7076   3.153512    32.0597       2044     1.4190 0.0000e+00
     72.000     5.7065   3.153473    32.0598       2072     1.4380 0.0000e+00
     73.000     5.7091   3.154007    32.0629       2104     1.4604 0.0000e+00
     74.000     5.7121   3.154525    32.0654       2133     1.4803 0.0000e+00
     75.000     5.7136   3.154825    32.0668       2156     1.4966 0.0000e+00
     76.000     5.7160   3.155223    32.0686       2178     1.5116 0.0000e+00
     77.000     5.7200   3.155750    32.0702       2200     1.5273 0.0000e+00
     78.000     5.7278   3.156862    32.0748       2228     1.5467 0.0000e+00
     79.000     5.7429   3.158695    32.0806       2263     1.5709 0.0000e+00
     80.000     5.7576   3.160936    32.0912       2296     1.5939 0.0000e+00
     81.000     5.7731   3.163186    32.1014       2322     1.6117 0.0000e+00
     82.000     5.7798   3.164538    32.1097       2344     1.6268 0.0000e+00
     83.000     5.7854   3.165625    32.1160       2363     1.6403 0.0000e+00
     84.000     5.7961   3.167571    32.1272       2383     1.6538 0.0000e+00
     85.000     5.8263   3.172515    32.1535       2406     1.6704 0.0000e+00
     86.000     5.8580   3.177748    32.1816       2449     1.7001 0.0000e+00
     87.000     5.8617   3.178411    32.1850       2492     1.7297 0.0000e+00
     88.000     5.8596   3.178183    32.1840       2513     1.7447 0.0000e+00
     89.000     5.8695   3.179945    32.1938       2532     1.7573 0.0000e+00
     90.000     5.8751   3.180748    32.1969       2549     1.7697 0.0000e+00
     91.000     5.8764   3.181074    32.1989       2568     1.7827 0.0000e+00
     92.000     5.8804   3.181686    32.2015       2594     1.8004 0.0000e+00
     93.000     5.8827   3.182150    32.2040       2629     1.8251 0.0000e+00
     94.000     5.8865   3.182790    32.2071       2667     1.8517 0.0000e+00
     95.000     5.8833   3.182337    32.2045       2698     1.8732 0.0000e+00
     96.000     5.8855   3.182761    32.2068       2725     1.8914 0.0000e+00
     97.000     5.8864   3.182953    32.2075       2746     1.9065 0.0000e+00
     98.000     5.8859   3.182945    32.2075       2766     1.9203 0.0000e+00
     99.000     5.8974   3.184892    32.2178       2785     1.9331 0.0000e+00
    100.000     5.8979   3.184946    32.2175       2806     1.9478 0.0000e+00
    101.000     5.9016   3.185591    32.2207       2921     2.0275 0.0000e+00
    102.000     5.9037   3.186047    32.2233       3087     2.1430 0.0000e+00
    101.000     5.9028   3.185806    32.2219       3045     2.1140 0.0000e+00
    100.000     5.8984   3.185050    32.2181       3170     2.2005 0.0000e+00
     99.000     5.9026   3.185703    32.2219       3456     2.3990 0.0000e+00
     98.000     5.9023   3.185614    32.2217       3491     2.4234 0.0000e+00
     97.000     5.8997   3.185163    32.2196       3518     2.4421 0.0000e+00
     96.000     5.8993   3.185071    32.2194       3564     2.4746 0.0000e+00
     95.000     5.8960   3.184448    32.2161       3598     2.4976 0.0000e+00
     94.000     5.8924   3.183810    32.2129       3619     2.5123 0.0000e+00
     93.000     5.8866   3.182818    32.2078       3638     2.5258 0.0000e+00
     92.000     5.8830   3.182218    32.2049       3659     2.5405 0.0000e+00
     91.000     5.8823   3.182011    32.2038       3684     2.5576 0.0000e+00
     90.000     5.8804   3.181683    32.2024       3711     2.5764 0.0000e+00
     89.000     5.8730   3.180417    32.1958       3737     2.5943 0.0000e+00
     88.000     5.8677   3.179490    32.1909       3763     2.6122 0.0000e+00
     87.000     5.8625   3.178715    32.1877       3793     2.6331 0.0000e+00
     86.000     5.8584   3.177913    32.1830       3828     2.6574 0.0000e+00
     85.000     5.8534   3.177017    32.1782       3854     2.6756 0.0000e+00
     84.000     5.8523   3.176808    32.1774       3873     2.6888 0.0000e+00
     83.000     5.8459   3.175763    32.1723       3890     2.7007 0.0000e+00
     82.000     5.8286   3.172911    32.1573       3909     2.7138 0.0000e+00
     81.000     5.8263   3.172180    32.1517       3936     2.7323 0.0000e+00
     80.000     5.7857   3.165511    32.1160       3978     2.7616 0.0000e+00
     79.000     5.7861   3.165343    32.1141       4006     2.7815 0.0000e+00
     78.000     5.7710   3.162859    32.1011       4027     2.7958 0.0000e+00
     77.000     5.7668   3.162049    32.0965       4047     2.8098 0.0000e+00
     76.000     5.7530   3.160146    32.0887       4071     2.8263 0.0000e+00
     75.000     5.7462   3.159018    32.0830       4101     2.8474 0.0000e+00
     74.000     5.7379   3.157863    32.0784       4132     2.8685 0.0000e+00
     73.000     5.7241   3.156058    32.0717       4156     2.8855 0.0000e+00
     72.000     5.7208   3.155646    32.0707       4178     2.9006 0.0000e+00
     71.000     5.7192   3.155371    32.0696       4199     2.9154 0.0000e+00
     70.000     5.7181   3.155054    32.0676       4223     2.9320 0.0000e+00
     69.000     5.7182   3.154913    32.0664       4251     2.9516 0.0000e+00
     68.000     5.7124   3.154001    32.0621       4280     2.9712 0.0000e+00
     67.000     5.7069   3.153279    32.0597       4307     2.9900 0.0000e+00
     66.000     5.7028   3.152750    32.0581       4336     3.0103 0.0000e+00
     65.000     5.6966   3.151975    32.0558       4364     3.0300 0.0000e+00
     64.000     5.6930   3.151508    32.0545       4388     3.0466 0.0000e+00
     63.000     5.6888   3.150911    32.0523       4408     3.0605 0.0000e+00
     62.000     5.6864   3.150499    32.0504       4427     3.0739 0.0000e+00
     61.000     5.6848   3.150215    32.0491       4448     3.0881 0.0000e+00
     60.000     5.6818   3.149738    32.0472       4473     3.1056 0.0000e+00
     59.000     5.6807   3.149554    32.0466       4508     3.1300 0.0000e+00
     58.000     5.6794   3.149302    32.0455       4545     3.1559 0.0000e+00
     57.000     5.6737   3.148534    32.0427       4573     3.1749 0.0000e+00
     56.000     5.6612   3.146828    32.0359       4594     3.1899 0.0000e+00
     55.000     5.6473   3.144778    32.0265       4612     3.2024 0.0000e+00
     54.000     5.6312   3.142492    32.0165       4629     3.2141 0.0000e+00
     53.000     5.6245   3.141481    32.0120       4646     3.2257 0.0000e+00
     52.000     5.6215   3.140981    32.0097       4667     3.2401 0.0000e+00
     51.000     5.6117   3.139239    31.9999       4710     3.2703 0.0000e+00
     50.000     5.6161   3.138717    31.9903       4762     3.3062 0.0000e+00
     49.000     5.6345   3.138548    31.9714       4783     3.3207 0.0000e+00
     48.000     5.6388   3.137574    31.9568       4800     3.3326 0.0000e+00
     47.000     5.6299   3.134541    31.9315       4816     3.3436 0.0000e+00
     46.000     5.6154   3.131493    31.9114       4832     3.3548 0.0000e+00
     45.000     5.6044   3.129509    31.8999       4851     3.3679 0.0000e+00
     44.000     5.5924   3.127389    31.8879       4878     3.3869 0.0000e+00
     43.000     5.5795   3.125024    31.8739       4924     3.4189 0.0000e+00
     42.000     5.5610   3.121290    31.8498       4963     3.4456 0.0000e+00
     41.000     5.5537   3.119675    31.8389       4985     3.4610 0.0000e+00
     40.000     5.5530   3.119245    31.8352       5003     3.4736 0.0000e+00
     39.000     5.5528   3.118899    31.8321       5020     3.4855 0.0000e+00
     38.000     5.5525   3.118856    31.8323       5039     3.4988 0.0000e+00
     37.000     5.5531   3.118696    31.8304       5065     3.5168 0.0000e+00
     36.000     5.5616   3.118282    31.8182       5109     3.5471 0.0000e+00
     35.000     5.5613   3.118228    31.8184       5144     3.5713 0.0000e+00
     34.000     5.5643   3.117810    31.8113       5166     3.5866 0.0000e+00
     33.000     5.5635   3.117715    31.8115       5185     3.6003 0.0000e+00
     32.000     5.5704   3.117897    31.8075       5205     3.6140 0.0000e+00
     31.000     5.5748   3.118018    31.8052       5228     3.6300 0.0000e+00
     30.000     5.5757   3.118042    31.8050       5257     3.6499 0.0000e+00
     29.000     5.5778   3.118084    31.8041       5291     3.6736 0.0000e+00
     28.000     5.5827   3.118358    31.8030       5320     3.6937 0.0000e+00
     27.000     5.5892   3.118854    31.8030       5344     3.7107 0.0000e+00
     26.000     5.5949   3.119268    31.8027       5368     3.7272 0.0000e+00
     25.000     5.6023   3.119768    31.8018       5394     3.7453 0.0000e+00
     24.000     5.6085   3.120141    31.8007       5421     3.7640 0.0000e+00
     23.000     5.6146   3.120518    31.7997       5447     3.7820 0.0000e+00
     22.000     5.6192   3.120821    31.7993       5471     3.7987 0.0000e+00
     21.000     5.6229   3.121060    31.7989       5497     3.8167 0.0000e+00
     20.000     5.6334   3.121793    31.7977       5526     3.8368 0.0000e+00
     19.000     5.6565   3.123476    31.7953       5554     3.8563 0.0000e+00
     18.000     5.6846   3.125762    31.7951       5578     3.8730 0.0000e+00
     17.000     5.7294   3.129543    31.7958       5601     3.8892 0.0000e+00
     16.000     5.7904   3.134492    31.7943       5627     3.9068 0.0000e+00
     15.000     5.8182   3.137010    31.7969       5657     3.9276 0.0000e+00
     14.000     5.8629   3.140624    31.7958       5686     3.9480 0.0000e+00
     13.000     5.8892   3.142967    31.7978       5710     3.9643 0.0000e+00
     12.000     5.9272   3.145937    31.7958       5731     3.9792 0.0000e+00
     11.000     5.9835   3.150324    31.7924       5753     3.9943 0.0000e+00
     10.000     6.0187   3.152886    31.7885       5778     4.0120 0.0000e+00
      9.000     6.0391   3.154390    31.7866       5807     4.0322 0.0000e+00
      8.000     6.0694   3.156438    31.7815       5836     4.0521 0.0000e+00
      7.000     6.0948   3.158407    31.7800       5863     4.0711 0.0000e+00
      6.000     6.1120   3.159770    31.7796       5897     4.0947 0.0000e+00
      5.000     6.1258   3.160707    31.7776       5922     4.1120 0.0000e+00
      4.000     6.2528   3.170418    31.7671       5946     4.1285 0.0000e+00
      3.000     6.7077   3.206493    31.7418       5994     4.1621 0.0000e+00
      2.000     7.4491   3.272367    31.7765       6124     4.2522 0.0000e+00
