HB2402/ctd119.cnv
* Sea-Bird SBE 9 Data File:
* FileName = C:\cruise\data\ctd119.hex
* Software Version Seasave V 7.26.7.121
* Temperature SN = 5253
* Conductivity SN = 4421
* Number of Bytes Per Scan = 37
* Number of Voltage Words = 4
* Number of Scans Averaged by the Deck Unit = 1
* NMEA Latitude = 40 50.99 N
* NMEA Longitude = 070 02.64 W
* NMEA UTC (Time) = Apr 09 2024 17:15:46
* NMEA baud rate = 4800
** Ship: Bigelow HB2304
** Program:  Fall Bottom Trawl Survey
** Chief Scientist: John Galbraith
# nquan = 7
# nvalues = 34                          
# units = specified
# name 0 = depSM: Depth [salt water, m]
# name 1 = t090C: Temperature [ITS-90, deg C]
# name 2 = c0S/m: Conductivity [S/m]
# name 3 = sal00: Salinity, Practical [PSU]
# name 4 = scan: Scan Count
# name 5 = timeM: Time, Elapsed [minutes]
# name 6 = flag: flag
# span 0 =      1.000,     19.000       
# span 1 =     5.7054,     5.9044       
# span 2 =   3.096726,   3.122022       
# span 3 =    31.4435,    31.6373       
# span 4 =        185,       3196       
# span 5 =     0.1280,     2.2187       
# span 6 = 0.0000e+00, 0.0000e+00       
# interval = meters: 1                  
# start_time = Apr 09 2024 17:15:46 [NMEA time, header]
# bad_flag = -9.990e-29
*END*
      4.000     5.8149   3.122022    31.6373        185     0.1280 0.0000e+00
      5.000     5.7942   3.110632    31.5285        346     0.2398 0.0000e+00
      6.000     5.7918   3.105717    31.4751        394     0.2730 0.0000e+00
      7.000     5.7699   3.102685    31.4611        441     0.3053 0.0000e+00
      8.000     5.7718   3.101918    31.4502        649     0.4501 0.0000e+00
      9.000     5.7725   3.102090    31.4510        827     0.5736 0.0000e+00
     10.000     5.7546   3.100688    31.4515        888     0.6162 0.0000e+00
     11.000     5.7227   3.097985    31.4505        991     0.6873 0.0000e+00
     12.000     5.7259   3.098277    31.4502       1067     0.7400 0.0000e+00
     13.000     5.7247   3.098206    31.4501       1158     0.8032 0.0000e+00
     14.000     5.7203   3.097864    31.4499       1225     0.8500 0.0000e+00
     15.000     5.7246   3.098263    31.4499       1335     0.9264 0.0000e+00
     16.000     5.7118   3.097224    31.4497       1404     0.9743 0.0000e+00
     17.000     5.7078   3.096916    31.4494       1482     1.0284 0.0000e+00
     18.000     5.7054   3.096726    31.4491       1571     1.0905 0.0000e+00
     19.000     5.7064   3.096863    31.4492       1756     1.2190 0.0000e+00
     18.000     5.7063   3.096801    31.4490       2262     1.5698 0.0000e+00
     17.000     5.7071   3.096830    31.4491       2292     1.5910 0.0000e+00
     16.000     5.7079   3.096856    31.4491       2340     1.6240 0.0000e+00
     15.000     5.7115   3.097102    31.4490       2397     1.6642 0.0000e+00
     14.000     5.7137   3.097246    31.4490       2432     1.6881 0.0000e+00
     13.000     5.7121   3.097088    31.4493       2459     1.7067 0.0000e+00
     12.000     5.7141   3.097247    31.4496       2486     1.7258 0.0000e+00
     11.000     5.7233   3.097967    31.4496       2514     1.7450 0.0000e+00
     10.000     5.7313   3.098543    31.4492       2546     1.7675 0.0000e+00
      9.000     5.7404   3.099254    31.4491       2576     1.7882 0.0000e+00
      8.000     5.7493   3.099954    31.4491       2600     1.8048 0.0000e+00
      7.000     5.7603   3.100813    31.4490       2622     1.8205 0.0000e+00
      6.000     5.7598   3.100787    31.4497       2647     1.8372 0.0000e+00
      5.000     5.7565   3.100498    31.4500       2672     1.8551 0.0000e+00
      4.000     5.7636   3.101020    31.4497       2732     1.8969 0.0000e+00
      3.000     5.7840   3.102615    31.4491       3020     2.0962 0.0000e+00
      2.000     5.8728   3.109549    31.4445       3170     2.2008 0.0000e+00
      1.000     5.9044   3.112051    31.4435       3196     2.2187 0.0000e+00
