HB2402/ctd100.cnv
* Sea-Bird SBE 9 Data File:
* FileName = C:\cruise\data\ctd100.hex
* Software Version Seasave V 7.26.7.121
* Temperature SN = 5253
* Conductivity SN = 4421
* Number of Bytes Per Scan = 37
* Number of Voltage Words = 4
* Number of Scans Averaged by the Deck Unit = 1
* NMEA Latitude = 40 55.75 N
* NMEA Longitude = 072 00.73 W
* NMEA UTC (Time) = Apr 06 2024 00:41:37
* NMEA baud rate = 4800
** Ship: Bigelow HB2304
** Program:  Fall Bottom Trawl Survey
** Chief Scientist: John Galbraith
# nquan = 7
# nvalues = 43                          
# units = specified
# name 0 = depSM: Depth [salt water, m]
# name 1 = t090C: Temperature [ITS-90, deg C]
# name 2 = c0S/m: Conductivity [S/m]
# name 3 = sal00: Salinity, Practical [PSU]
# name 4 = scan: Scan Count
# name 5 = timeM: Time, Elapsed [minutes]
# name 6 = flag: flag
# span 0 =      1.000,     23.000       
# span 1 =     5.7570,     5.9605       
# span 2 =   2.993642,   3.041445       
# span 3 =    30.0798,    30.7457       
# span 4 =         13,       2347       
# span 5 =     0.0083,     1.6290       
# span 6 = 0.0000e+00, 0.0000e+00       
# interval = meters: 1                  
# start_time = Apr 06 2024 00:41:37 [NMEA time, header]
# bad_flag = -9.990e-29
*END*
      3.000     5.9461   2.995804    30.1098         13     0.0083 0.0000e+00
      4.000     5.9488   2.993642    30.0830        239     0.1654 0.0000e+00
      5.000     5.9524   2.993692    30.0798        275     0.1906 0.0000e+00
      6.000     5.9572   2.994307    30.0820        326     0.2255 0.0000e+00
      7.000     5.9602   2.994898    30.0854        371     0.2568 0.0000e+00
      8.000     5.9590   2.995174    30.0890        419     0.2903 0.0000e+00
      9.000     5.9565   2.995337    30.0926        462     0.3204 0.0000e+00
     10.000     5.9544   2.995533    30.0962        513     0.3558 0.0000e+00
     11.000     5.9149   2.999429    30.1742        563     0.3905 0.0000e+00
     12.000     5.8590   3.008245    30.3219        605     0.4198 0.0000e+00
     13.000     5.7907   3.021218    30.5275        664     0.4604 0.0000e+00
     14.000     5.7570   3.025309    30.6032        726     0.5033 0.0000e+00
     15.000     5.7588   3.026542    30.6149        781     0.5414 0.0000e+00
     16.000     5.7634   3.027554    30.6216        844     0.5856 0.0000e+00
     17.000     5.7675   3.028313    30.6259        881     0.6109 0.0000e+00
     18.000     5.7712   3.029076    30.6305        915     0.6348 0.0000e+00
     19.000     5.7815   3.032069    30.6542        976     0.6772 0.0000e+00
     20.000     5.7883   3.035933    30.6907       1022     0.7092 0.0000e+00
     21.000     5.7914   3.038726    30.7186       1056     0.7327 0.0000e+00
     22.000     5.7932   3.040659    30.7381       1103     0.7654 0.0000e+00
     23.000     5.7940   3.041445    30.7457       1226     0.8507 0.0000e+00
     22.000     5.7939   3.041116    30.7426       1468     1.0191 0.0000e+00
     21.000     5.7921   3.038848    30.7193       1582     1.0978 0.0000e+00
     20.000     5.7916   3.038401    30.7153       1613     1.1194 0.0000e+00
     19.000     5.7894   3.036771    30.6995       1641     1.1386 0.0000e+00
     18.000     5.7831   3.033273    30.6666       1666     1.1565 0.0000e+00
     17.000     5.7772   3.031052    30.6476       1692     1.1741 0.0000e+00
     16.000     5.7708   3.029145    30.6326       1717     1.1917 0.0000e+00
     15.000     5.7668   3.028196    30.6262       1743     1.2101 0.0000e+00
     14.000     5.7639   3.027563    30.6222       1771     1.2292 0.0000e+00
     13.000     5.7626   3.025678    30.6027       1798     1.2479 0.0000e+00
     12.000     5.8070   3.017828    30.4754       1820     1.2635 0.0000e+00
     11.000     5.8648   3.007275    30.3062       1840     1.2774 0.0000e+00
     10.000     5.8977   3.003212    30.2320       1861     1.2917 0.0000e+00
      9.000     5.9141   3.001390    30.1976       1886     1.3093 0.0000e+00
      8.000     5.9184   3.000963    30.1894       1919     1.3323 0.0000e+00
      7.000     5.9469   2.995999    30.1094       1950     1.3534 0.0000e+00
      6.000     5.9561   2.994591    30.0860       1974     1.3702 0.0000e+00
      5.000     5.9582   2.994459    30.0832       1997     1.3864 0.0000e+00
      4.000     5.9589   2.994470    30.0832       2024     1.4048 0.0000e+00
      3.000     5.9589   2.994416    30.0830       2080     1.4436 0.0000e+00
      2.000     5.9600   2.994399    30.0823       2333     1.6191 0.0000e+00
      1.000     5.9605   2.994466    30.0830       2347     1.6290 0.0000e+00
