HB2402/ctd158.cnv
* Sea-Bird SBE 9 Data File:
* FileName = C:\cruise\data\ctd158.hex
* Software Version Seasave V 7.26.7.121
* Temperature SN = 5253
* Conductivity SN = 4421
* Number of Bytes Per Scan = 37
* Number of Voltage Words = 4
* Number of Scans Averaged by the Deck Unit = 1
* NMEA Latitude = 41 46.91 N
* NMEA Longitude = 069 53.40 W
* NMEA UTC (Time) = Apr 16 2024 02:24:04
* NMEA baud rate = 4800
** Ship: Bigelow HB2304
** Program:  Fall Bottom Trawl Survey
** Chief Scientist: John Galbraith
# nquan = 7
# nvalues = 39                          
# units = specified
# name 0 = depSM: Depth [salt water, m]
# name 1 = t090C: Temperature [ITS-90, deg C]
# name 2 = c0S/m: Conductivity [S/m]
# name 3 = sal00: Salinity, Practical [PSU]
# name 4 = scan: Scan Count
# name 5 = timeM: Time, Elapsed [minutes]
# name 6 = flag: flag
# span 0 =      1.000,     21.000       
# span 1 =     5.8467,     6.5941       
# span 2 =   3.063085,   3.110150       
# span 3 =    30.5575,    30.9723       
# span 4 =       -124,       2437       
# span 5 =    -0.0871,     1.6919       
# span 6 = 0.0000e+00, 0.0000e+00       
# interval = meters: 1                  
# start_time = Apr 16 2024 02:24:04 [NMEA time, header]
# bad_flag = -9.990e-29
*END*
      3.000     6.4209   3.078980    30.6042       -124    -0.0871 0.0000e+00
      4.000     6.5941   3.088915    30.5575        271     0.1875 0.0000e+00
      5.000     6.5714   3.100887    30.7084        377     0.2608 0.0000e+00
      6.000     6.5541   3.104166    30.7594        425     0.2945 0.0000e+00
      7.000     6.5111   3.105177    30.8088        468     0.3243 0.0000e+00
      8.000     6.4141   3.100956    30.8496        508     0.3518 0.0000e+00
      9.000     6.1211   3.080979    30.8944        543     0.3766 0.0000e+00
     10.000     6.0689   3.077071    30.8981        577     0.4000 0.0000e+00
     11.000     6.0236   3.074258    30.9077        613     0.4252 0.0000e+00
     12.000     5.9326   3.068457    30.9258        651     0.4512 0.0000e+00
     13.000     5.8521   3.063085    30.9391        685     0.4749 0.0000e+00
     14.000     5.8467   3.063424    30.9473        718     0.4978 0.0000e+00
     15.000     5.8551   3.064794    30.9544        754     0.5230 0.0000e+00
     16.000     5.8590   3.065613    30.9595        791     0.5484 0.0000e+00
     17.000     5.8612   3.066017    30.9615        825     0.5721 0.0000e+00
     18.000     5.8679   3.067080    30.9668        856     0.5936 0.0000e+00
     19.000     5.8771   3.068373    30.9723        886     0.6147 0.0000e+00
     20.000     5.8756   3.068172    30.9710        920     0.6382 0.0000e+00
     21.000     5.8839   3.068963    30.9717       1498     1.0393 0.0000e+00
     20.000     5.8794   3.068273    30.9686       1797     1.2474 0.0000e+00
     19.000     5.8840   3.068725    30.9700       1712     1.1879 0.0000e+00
     18.000     5.8856   3.068857    30.9704       1737     1.2053 0.0000e+00
     17.000     5.8772   3.067852    30.9674       1760     1.2215 0.0000e+00
     16.000     5.8636   3.066032    30.9599       1782     1.2369 0.0000e+00
     15.000     5.8596   3.065227    30.9552       1805     1.2529 0.0000e+00
     14.000     5.8593   3.065095    30.9544       1834     1.2727 0.0000e+00
     13.000     5.8571   3.064632    30.9518       1867     1.2961 0.0000e+00
     12.000     5.8578   3.063528    30.9392       1900     1.3184 0.0000e+00
     11.000     5.8862   3.064672    30.9265       1931     1.3403 0.0000e+00
     10.000     5.9602   3.069104    30.9087       1965     1.3642 0.0000e+00
      9.000     6.0096   3.072071    30.8971       2001     1.3888 0.0000e+00
      8.000     6.0653   3.075281    30.8824       2032     1.4105 0.0000e+00
      7.000     6.2076   3.083422    30.8438       2061     1.4303 0.0000e+00
      6.000     6.3459   3.093309    30.8281       2086     1.4479 0.0000e+00
      5.000     6.4282   3.099297    30.8200       2114     1.4670 0.0000e+00
      4.000     6.5047   3.104787    30.8117       2150     1.4920 0.0000e+00
      3.000     6.5540   3.108991    30.8138       2304     1.5995 0.0000e+00
      2.000     6.5585   3.109375    30.8144       2404     1.6687 0.0000e+00
      1.000     6.5663   3.110150    30.8163       2437     1.6919 0.0000e+00
