HB2402/ctd128.cnv
* Sea-Bird SBE 9 Data File:
* FileName = C:\cruise\data\ctd128.hex
* Software Version Seasave V 7.26.7.121
* Temperature SN = 5253
* Conductivity SN = 4421
* Number of Bytes Per Scan = 37
* Number of Voltage Words = 4
* Number of Scans Averaged by the Deck Unit = 1
* NMEA Latitude = 40 54.98 N
* NMEA Longitude = 068 53.26 W
* NMEA UTC (Time) = Apr 11 2024 18:13:20
* NMEA baud rate = 4800
** Ship: Bigelow HB2304
** Program:  Fall Bottom Trawl Survey
** Chief Scientist: John Galbraith
# nquan = 7
# nvalues = 135                         
# units = specified
# name 0 = depSM: Depth [salt water, m]
# name 1 = t090C: Temperature [ITS-90, deg C]
# name 2 = c0S/m: Conductivity [S/m]
# name 3 = sal00: Salinity, Practical [PSU]
# name 4 = scan: Scan Count
# name 5 = timeM: Time, Elapsed [minutes]
# name 6 = flag: flag
# span 0 =      2.000,     70.000       
# span 1 =     6.0518,     6.1242       
# span 2 =   3.188644,   3.193092       
# span 3 =    32.1402,    32.1544       
# span 4 =        156,       4821       
# span 5 =     0.1079,     3.3471       
# span 6 = 0.0000e+00, 0.0000e+00       
# interval = meters: 1                  
# start_time = Apr 11 2024 18:13:20 [NMEA time, header]
# bad_flag = -9.990e-29
*END*
      4.000     6.1242   3.193092    32.1402        156     0.1079 0.0000e+00
      5.000     6.1160   3.192681    32.1430        304     0.2106 0.0000e+00
      6.000     6.0944   3.191329    32.1479        330     0.2287 0.0000e+00
      7.000     6.0759   3.190091    32.1511        358     0.2477 0.0000e+00
      8.000     6.0743   3.189982    32.1509        384     0.2660 0.0000e+00
      9.000     6.0748   3.190046    32.1507        410     0.2839 0.0000e+00
     10.000     6.0767   3.190206    32.1502        440     0.3050 0.0000e+00
     11.000     6.0758   3.190191    32.1504        472     0.3269 0.0000e+00
     12.000     6.0802   3.190528    32.1495        496     0.3437 0.0000e+00
     13.000     6.0759   3.190282    32.1503        516     0.3577 0.0000e+00
     14.000     6.0738   3.190187    32.1508        537     0.3719 0.0000e+00
     15.000     6.0770   3.190439    32.1500        562     0.3899 0.0000e+00
     16.000     6.0770   3.190484    32.1501        596     0.4135 0.0000e+00
     17.000     6.0674   3.189877    32.1519        628     0.4352 0.0000e+00
     18.000     6.0702   3.190103    32.1513        653     0.4529 0.0000e+00
     19.000     6.0690   3.190058    32.1515        675     0.4683 0.0000e+00
     20.000     6.0627   3.189699    32.1529        696     0.4829 0.0000e+00
     21.000     6.0586   3.189475    32.1538        720     0.4996 0.0000e+00
     22.000     6.0582   3.189483    32.1539        753     0.5222 0.0000e+00
     23.000     6.0585   3.189548    32.1537        789     0.5475 0.0000e+00
     24.000     6.0588   3.189607    32.1536        812     0.5632 0.0000e+00
     25.000     6.0600   3.189748    32.1536        835     0.5790 0.0000e+00
     26.000     6.0603   3.189809    32.1535        860     0.5963 0.0000e+00
     27.000     6.0610   3.189912    32.1535        887     0.6155 0.0000e+00
     28.000     6.0604   3.189905    32.1536        913     0.6336 0.0000e+00
     29.000     6.0608   3.189986    32.1536        940     0.6518 0.0000e+00
     30.000     6.0607   3.189947    32.1527        966     0.6700 0.0000e+00
     31.000     6.0606   3.190013    32.1531        993     0.6891 0.0000e+00
     32.000     6.0594   3.190001    32.1536       1024     0.7105 0.0000e+00
     33.000     6.0580   3.189953    32.1539       1054     0.7309 0.0000e+00
     34.000     6.0583   3.190027    32.1539       1077     0.7475 0.0000e+00
     35.000     6.0592   3.190125    32.1538       1098     0.7620 0.0000e+00
     36.000     6.0596   3.190194    32.1536       1120     0.7773 0.0000e+00
     37.000     6.0601   3.190262    32.1535       1152     0.7994 0.0000e+00
     38.000     6.0600   3.190311    32.1536       1193     0.8275 0.0000e+00
     39.000     6.0602   3.190374    32.1537       1218     0.8452 0.0000e+00
     40.000     6.0576   3.190235    32.1540       1237     0.8585 0.0000e+00
     41.000     6.0596   3.190424    32.1537       1256     0.8714 0.0000e+00
     42.000     6.0564   3.190223    32.1541       1276     0.8856 0.0000e+00
     43.000     6.0572   3.190307    32.1538       1307     0.9071 0.0000e+00
     44.000     6.0560   3.190273    32.1540       1352     0.9383 0.0000e+00
     45.000     6.0550   3.190261    32.1543       1379     0.9568 0.0000e+00
     46.000     6.0562   3.190387    32.1541       1398     0.9704 0.0000e+00
     47.000     6.0554   3.190374    32.1543       1417     0.9834 0.0000e+00
     48.000     6.0561   3.190469    32.1542       1439     0.9986 0.0000e+00
     49.000     6.0572   3.190580    32.1539       1470     1.0202 0.0000e+00
     50.000     6.0560   3.190536    32.1540       1512     1.0495 0.0000e+00
     51.000     6.0569   3.190651    32.1540       1543     1.0706 0.0000e+00
     52.000     6.0572   3.190726    32.1541       1563     1.0845 0.0000e+00
     53.000     6.0572   3.190773    32.1541       1580     1.0967 0.0000e+00
     54.000     6.0573   3.190821    32.1540       1600     1.1101 0.0000e+00
     55.000     6.0582   3.190914    32.1537       1629     1.1304 0.0000e+00
     56.000     6.0586   3.190997    32.1538       1670     1.1592 0.0000e+00
     57.000     6.0577   3.190987    32.1541       1695     1.1767 0.0000e+00
     58.000     6.0563   3.190930    32.1542       1715     1.1899 0.0000e+00
     59.000     6.0577   3.191072    32.1540       1734     1.2034 0.0000e+00
     60.000     6.0560   3.190967    32.1540       1760     1.2217 0.0000e+00
     61.000     6.0550   3.190938    32.1541       1800     1.2492 0.0000e+00
     62.000     6.0548   3.190968    32.1542       1830     1.2698 0.0000e+00
     63.000     6.0548   3.191025    32.1543       1851     1.2848 0.0000e+00
     64.000     6.0546   3.191048    32.1543       1874     1.3010 0.0000e+00
     65.000     6.0547   3.191086    32.1541       1909     1.3248 0.0000e+00
     66.000     6.0552   3.191187    32.1543       1937     1.3447 0.0000e+00
     67.000     6.0556   3.191263    32.1543       1955     1.3570 0.0000e+00
     68.000     6.0556   3.191320    32.1544       1972     1.3685 0.0000e+00
     69.000     6.0546   3.191264    32.1542       1991     1.3821 0.0000e+00
     70.000     6.0546   3.191266    32.1538       2147     1.4900 0.0000e+00
     69.000     6.0559   3.191339    32.1538       2504     1.7384 0.0000e+00
     68.000     6.0564   3.191323    32.1537       2582     1.7922 0.0000e+00
     67.000     6.0563   3.191273    32.1537       2595     1.8011 0.0000e+00
     66.000     6.0561   3.191219    32.1538       2622     1.8200 0.0000e+00
     65.000     6.0558   3.191147    32.1538       2658     1.8451 0.0000e+00
     64.000     6.0558   3.191099    32.1537       2686     1.8643 0.0000e+00
     63.000     6.0557   3.191052    32.1538       2707     1.8793 0.0000e+00
     62.000     6.0560   3.191029    32.1537       2729     1.8942 0.0000e+00
     61.000     6.0565   3.191020    32.1536       2753     1.9113 0.0000e+00
     60.000     6.0567   3.190993    32.1536       2783     1.9319 0.0000e+00
     59.000     6.0568   3.190956    32.1536       2813     1.9527 0.0000e+00
     58.000     6.0575   3.190967    32.1536       2840     1.9713 0.0000e+00
     57.000     6.0573   3.190904    32.1535       2864     1.9884 0.0000e+00
     56.000     6.0567   3.190817    32.1536       2888     2.0046 0.0000e+00
     55.000     6.0568   3.190787    32.1536       2910     2.0205 0.0000e+00
     54.000     6.0568   3.190733    32.1536       2934     2.0367 0.0000e+00
     53.000     6.0562   3.190649    32.1537       2959     2.0545 0.0000e+00
     52.000     6.0558   3.190577    32.1538       2990     2.0754 0.0000e+00
     51.000     6.0553   3.190483    32.1537       3021     2.0973 0.0000e+00
     50.000     6.0546   3.190398    32.1538       3047     2.1152 0.0000e+00
     49.000     6.0544   3.190312    32.1536       3069     2.1308 0.0000e+00
     48.000     6.0539   3.190243    32.1538       3091     2.1460 0.0000e+00
     47.000     6.0535   3.190175    32.1539       3116     2.1629 0.0000e+00
     46.000     6.0529   3.190082    32.1539       3145     2.1834 0.0000e+00
     45.000     6.0527   3.190019    32.1538       3178     2.2063 0.0000e+00
     44.000     6.0526   3.189968    32.1538       3206     2.2258 0.0000e+00
     43.000     6.0527   3.189922    32.1537       3229     2.2413 0.0000e+00
     42.000     6.0530   3.189840    32.1530       3248     2.2549 0.0000e+00
     41.000     6.0531   3.189867    32.1536       3267     2.2683 0.0000e+00
     40.000     6.0531   3.189820    32.1536       3289     2.2833 0.0000e+00
     39.000     6.0531   3.189773    32.1537       3316     2.3017 0.0000e+00
     38.000     6.0529   3.189728    32.1538       3352     2.3274 0.0000e+00
     37.000     6.0532   3.189681    32.1535       3392     2.3549 0.0000e+00
     36.000     6.0530   3.189615    32.1534       3415     2.3707 0.0000e+00
     35.000     6.0534   3.189605    32.1535       3432     2.3824 0.0000e+00
     34.000     6.0536   3.189597    32.1536       3448     2.3940 0.0000e+00
     33.000     6.0527   3.189485    32.1537       3467     2.4068 0.0000e+00
     32.000     6.0521   3.189396    32.1538       3501     2.4304 0.0000e+00
     31.000     6.0518   3.189308    32.1535       3551     2.4652 0.0000e+00
     30.000     6.0523   3.189314    32.1536       3573     2.4804 0.0000e+00
     29.000     6.0522   3.189250    32.1535       3590     2.4921 0.0000e+00
     28.000     6.0523   3.189223    32.1536       3605     2.5031 0.0000e+00
     27.000     6.0528   3.189219    32.1535       3622     2.5148 0.0000e+00
     26.000     6.0532   3.189213    32.1536       3648     2.5325 0.0000e+00
     25.000     6.0533   3.189179    32.1536       3695     2.5655 0.0000e+00
     24.000     6.0532   3.189111    32.1535       3727     2.5875 0.0000e+00
     23.000     6.0538   3.189121    32.1534       3747     2.6014 0.0000e+00
     22.000     6.0542   3.189102    32.1534       3765     2.6138 0.0000e+00
     21.000     6.0547   3.189104    32.1534       3784     2.6271 0.0000e+00
     20.000     6.0544   3.189037    32.1534       3809     2.6444 0.0000e+00
     19.000     6.0541   3.188971    32.1534       3843     2.6682 0.0000e+00
     18.000     6.0541   3.188928    32.1535       3875     2.6901 0.0000e+00
     17.000     6.0541   3.188874    32.1534       3901     2.7081 0.0000e+00
     16.000     6.0541   3.188823    32.1532       3923     2.7236 0.0000e+00
     15.000     6.0541   3.188784    32.1533       3945     2.7386 0.0000e+00
     14.000     6.0543   3.188759    32.1533       3968     2.7546 0.0000e+00
     13.000     6.0548   3.188755    32.1533       3994     2.7726 0.0000e+00
     12.000     6.0548   3.188712    32.1533       4020     2.7913 0.0000e+00
     11.000     6.0545   3.188644    32.1534       4047     2.8099 0.0000e+00
     10.000     6.0593   3.188916    32.1523       4073     2.8278 0.0000e+00
      9.000     6.0657   3.189306    32.1511       4097     2.8445 0.0000e+00
      8.000     6.0705   3.189605    32.1503       4120     2.8604 0.0000e+00
      7.000     6.0712   3.189581    32.1499       4144     2.8773 0.0000e+00
      6.000     6.0663   3.189245    32.1513       4175     2.8987 0.0000e+00
      5.000     6.0669   3.189233    32.1511       4205     2.9192 0.0000e+00
      4.000     6.0710   3.189475    32.1504       4228     2.9354 0.0000e+00
      3.000     6.0791   3.190022    32.1493       4291     2.9794 0.0000e+00
      2.000     6.1075   3.191797    32.1426       4821     3.3471 0.0000e+00
