HB2402/ctd191.cnv
* Sea-Bird SBE 9 Data File:
* FileName = C:\cruise\data\ctd191.hex
* Software Version Seasave V 7.26.7.121
* Temperature SN = 5253
* Conductivity SN = 4421
* Number of Bytes Per Scan = 37
* Number of Voltage Words = 4
* Number of Scans Averaged by the Deck Unit = 1
* NMEA Latitude = 41 56.05 N
* NMEA Longitude = 066 58.17 W
* NMEA UTC (Time) = May 01 2024 04:57:29
* NMEA baud rate = 4800
** Ship: Bigelow HB2402
** Program:  Spring Bottom Trawl Survey
** Chief Scientist: John Galbraith
# nquan = 7
# nvalues = 121                         
# units = specified
# name 0 = depSM: Depth [salt water, m]
# name 1 = t090C: Temperature [ITS-90, deg C]
# name 2 = c0S/m: Conductivity [S/m]
# name 3 = sal00: Salinity, Practical [PSU]
# name 4 = scan: Scan Count
# name 5 = timeM: Time, Elapsed [minutes]
# name 6 = flag: flag
# span 0 =      1.000,     62.000       
# span 1 =     6.5052,     6.5139       
# span 2 =   3.208701,   3.211732       
# span 3 =    31.9343,    31.9645       
# span 4 =          7,       4740       
# span 5 =     0.0041,     3.2911       
# span 6 = 0.0000e+00, 0.0000e+00       
# interval = meters: 1                  
# start_time = May 01 2024 04:57:29 [NMEA time, header]
# bad_flag = -9.990e-29
*END*
      3.000     6.5078   3.209785    31.9645          7     0.0041 0.0000e+00
      4.000     6.5052   3.209136    31.9594        270     0.1870 0.0000e+00
      5.000     6.5059   3.208701    31.9534        373     0.2584 0.0000e+00
      6.000     6.5071   3.208849    31.9534        390     0.2699 0.0000e+00
      7.000     6.5076   3.208923    31.9533        411     0.2844 0.0000e+00
      8.000     6.5076   3.208987    31.9535        434     0.3008 0.0000e+00
      9.000     6.5069   3.208976    31.9535        466     0.3228 0.0000e+00
     10.000     6.5080   3.209118    31.9536        498     0.3451 0.0000e+00
     11.000     6.5063   3.209037    31.9538        522     0.3615 0.0000e+00
     12.000     6.5065   3.209090    31.9538        543     0.3766 0.0000e+00
     13.000     6.5062   3.209105    31.9537        567     0.3929 0.0000e+00
     14.000     6.5066   3.209179    31.9537        595     0.4125 0.0000e+00
     15.000     6.5070   3.209250    31.9536        625     0.4333 0.0000e+00
     16.000     6.5071   3.209305    31.9537        652     0.4521 0.0000e+00
     17.000     6.5072   3.209355    31.9537        678     0.4700 0.0000e+00
     18.000     6.5071   3.209395    31.9537        704     0.4883 0.0000e+00
     19.000     6.5071   3.209445    31.9537        729     0.5057 0.0000e+00
     20.000     6.5072   3.209492    31.9537        753     0.5220 0.0000e+00
     21.000     6.5074   3.209554    31.9537        776     0.5383 0.0000e+00
     22.000     6.5078   3.209638    31.9538        803     0.5572 0.0000e+00
     23.000     6.5081   3.209698    31.9537        835     0.5792 0.0000e+00
     24.000     6.5082   3.209750    31.9537        867     0.6014 0.0000e+00
     25.000     6.5083   3.209814    31.9539        894     0.6201 0.0000e+00
     26.000     6.5083   3.209862    31.9539        918     0.6367 0.0000e+00
     27.000     6.5084   3.209916    31.9539        940     0.6522 0.0000e+00
     28.000     6.5089   3.210007    31.9539        963     0.6678 0.0000e+00
     29.000     6.5090   3.210054    31.9539        989     0.6858 0.0000e+00
     30.000     6.5093   3.210120    31.9539       1021     0.7087 0.0000e+00
     31.000     6.5094   3.210170    31.9539       1054     0.7310 0.0000e+00
     32.000     6.5094   3.210222    31.9540       1078     0.7480 0.0000e+00
     33.000     6.5094   3.210273    31.9540       1100     0.7629 0.0000e+00
     34.000     6.5096   3.210330    31.9540       1123     0.7794 0.0000e+00
     35.000     6.5097   3.210374    31.9539       1154     0.8006 0.0000e+00
     36.000     6.5098   3.210436    31.9540       1188     0.8240 0.0000e+00
     37.000     6.5099   3.210482    31.9539       1213     0.8418 0.0000e+00
     38.000     6.5100   3.210547    31.9541       1235     0.8567 0.0000e+00
     39.000     6.5100   3.210574    31.9539       1257     0.8721 0.0000e+00
     40.000     6.5102   3.210629    31.9539       1285     0.8916 0.0000e+00
     41.000     6.5104   3.208909    31.9343       1318     0.9144 0.0000e+00
     42.000     6.5104   3.210781    31.9544       1345     0.9333 0.0000e+00
     43.000     6.5105   3.210813    31.9542       1369     0.9497 0.0000e+00
     44.000     6.5106   3.210852    31.9540       1392     0.9662 0.0000e+00
     45.000     6.5107   3.210894    31.9540       1420     0.9852 0.0000e+00
     46.000     6.5107   3.210953    31.9541       1447     1.0044 0.0000e+00
     47.000     6.5109   3.211009    31.9541       1474     1.0226 0.0000e+00
     48.000     6.5109   3.211049    31.9540       1502     1.0422 0.0000e+00
     49.000     6.5111   3.211110    31.9541       1531     1.0628 0.0000e+00
     50.000     6.5114   3.211173    31.9540       1559     1.0818 0.0000e+00
     51.000     6.5113   3.211223    31.9541       1583     1.0989 0.0000e+00
     52.000     6.5113   3.211262    31.9541       1609     1.1165 0.0000e+00
     53.000     6.5114   3.211313    31.9541       1635     1.1350 0.0000e+00
     54.000     6.5115   3.211365    31.9541       1661     1.1530 0.0000e+00
     55.000     6.5115   3.211413    31.9541       1686     1.1704 0.0000e+00
     56.000     6.5116   3.211445    31.9539       1712     1.1880 0.0000e+00
     57.000     6.5117   3.211504    31.9541       1738     1.2064 0.0000e+00
     58.000     6.5116   3.211539    31.9540       1767     1.2265 0.0000e+00
     59.000     6.5118   3.211600    31.9540       1798     1.2479 0.0000e+00
     60.000     6.5120   3.211662    31.9541       1827     1.2678 0.0000e+00
     61.000     6.5123   3.211722    31.9539       1948     1.3518 0.0000e+00
     62.000     6.5123   3.211725    31.9534       2134     1.4815 0.0000e+00
     61.000     6.5124   3.211732    31.9539       2089     1.4501 0.0000e+00
     60.000     6.5125   3.211696    31.9539       2680     1.8605 0.0000e+00
     59.000     6.5125   3.211645    31.9539       2823     1.9594 0.0000e+00
     58.000     6.5123   3.211586    31.9539       2846     1.9757 0.0000e+00
     57.000     6.5122   3.211529    31.9538       2868     1.9909 0.0000e+00
     56.000     6.5121   3.211498    31.9540       2890     2.0064 0.0000e+00
     55.000     6.5119   3.211431    31.9539       2915     2.0235 0.0000e+00
     54.000     6.5118   3.211370    31.9539       2946     2.0451 0.0000e+00
     53.000     6.5116   3.211312    31.9539       2982     2.0700 0.0000e+00
     52.000     6.5117   3.211260    31.9537       3009     2.0891 0.0000e+00
     51.000     6.5115   3.211214    31.9538       3029     2.1031 0.0000e+00
     50.000     6.5114   3.211155    31.9538       3050     2.1171 0.0000e+00
     49.000     6.5113   3.211101    31.9538       3071     2.1320 0.0000e+00
     48.000     6.5111   3.211057    31.9539       3098     2.1508 0.0000e+00
     47.000     6.5110   3.210992    31.9538       3132     2.1743 0.0000e+00
     46.000     6.5110   3.210931    31.9536       3162     2.1950 0.0000e+00
     45.000     6.5109   3.210885    31.9536       3185     2.2113 0.0000e+00
     44.000     6.5108   3.210831    31.9537       3207     2.2267 0.0000e+00
     43.000     6.5107   3.210785    31.9537       3231     2.2432 0.0000e+00
     42.000     6.5106   3.210730    31.9536       3257     2.2612 0.0000e+00
     41.000     6.5106   3.210684    31.9537       3283     2.2789 0.0000e+00
     40.000     6.5106   3.210642    31.9537       3306     2.2950 0.0000e+00
     39.000     6.5104   3.210591    31.9537       3329     2.3112 0.0000e+00
     38.000     6.5102   3.210534    31.9538       3359     2.3321 0.0000e+00
     37.000     6.5100   3.210473    31.9538       3396     2.3575 0.0000e+00
     36.000     6.5102   3.210445    31.9538       3425     2.3779 0.0000e+00
     35.000     6.5103   3.210404    31.9537       3447     2.3927 0.0000e+00
     34.000     6.5101   3.210341    31.9537       3466     2.4061 0.0000e+00
     33.000     6.5100   3.210289    31.9537       3486     2.4204 0.0000e+00
     32.000     6.5098   3.210251    31.9539       3511     2.4373 0.0000e+00
     31.000     6.5097   3.210193    31.9538       3538     2.4560 0.0000e+00
     30.000     6.5097   3.210148    31.9538       3565     2.4749 0.0000e+00
     29.000     6.5096   3.210101    31.9538       3593     2.4943 0.0000e+00
     28.000     6.5096   3.210041    31.9537       3623     2.5150 0.0000e+00
     27.000     6.5094   3.209976    31.9536       3651     2.5344 0.0000e+00
     26.000     6.5092   3.209907    31.9535       3676     2.5518 0.0000e+00
     25.000     6.5091   3.209858    31.9536       3699     2.5684 0.0000e+00
     24.000     6.5089   3.209805    31.9537       3723     2.5846 0.0000e+00
     23.000     6.5089   3.209757    31.9536       3747     2.6015 0.0000e+00
     22.000     6.5088   3.209706    31.9536       3774     2.6198 0.0000e+00
     21.000     6.5086   3.209663    31.9538       3802     2.6395 0.0000e+00
     20.000     6.5086   3.209609    31.9536       3829     2.6584 0.0000e+00
     19.000     6.5081   3.209516    31.9536       3853     2.6747 0.0000e+00
     18.000     6.5080   3.209472    31.9537       3875     2.6903 0.0000e+00
     17.000     6.5079   3.209424    31.9537       3901     2.7081 0.0000e+00
     16.000     6.5079   3.209375    31.9537       3930     2.7284 0.0000e+00
     15.000     6.5077   3.209310    31.9536       3957     2.7475 0.0000e+00
     14.000     6.5072   3.209229    31.9537       3981     2.7642 0.0000e+00
     13.000     6.5072   3.209181    31.9537       4005     2.7802 0.0000e+00
     12.000     6.5070   3.209125    31.9537       4030     2.7977 0.0000e+00
     11.000     6.5070   3.209082    31.9537       4058     2.8172 0.0000e+00
     10.000     6.5070   3.209039    31.9537       4084     2.8355 0.0000e+00
      9.000     6.5067   3.208984    31.9538       4107     2.8517 0.0000e+00
      8.000     6.5066   3.208919    31.9537       4130     2.8672 0.0000e+00
      7.000     6.5066   3.208875    31.9537       4154     2.8841 0.0000e+00
      6.000     6.5069   3.208863    31.9537       4180     2.9024 0.0000e+00
      5.000     6.5070   3.208825    31.9537       4206     2.9200 0.0000e+00
      4.000     6.5081   3.208833    31.9533       4230     2.9365 0.0000e+00
      3.000     6.5080   3.208793    31.9534       4462     3.0981 0.0000e+00
      2.000     6.5092   3.208848    31.9534       4705     3.2667 0.0000e+00
      1.000     6.5139   3.209172    31.9530       4740     3.2911 0.0000e+00
