HB2402/ctd141.cnv
* Sea-Bird SBE 9 Data File:
* FileName = C:\cruise\data\ctd141.hex
* Software Version Seasave V 7.26.7.121
* Temperature SN = 5253
* Conductivity SN = 4421
* Number of Bytes Per Scan = 37
* Number of Voltage Words = 4
* Number of Scans Averaged by the Deck Unit = 1
* NMEA Latitude = 42 12.60 N
* NMEA Longitude = 070 15.13 W
* NMEA UTC (Time) = Apr 13 2024 14:23:20
* NMEA baud rate = 4800
** Ship: Bigelow HB2304
** Program:  Fall Bottom Trawl Survey
** Chief Scientist: John Galbraith
# nquan = 7
# nvalues = 38                          
# units = specified
# name 0 = depSM: Depth [salt water, m]
# name 1 = t090C: Temperature [ITS-90, deg C]
# name 2 = c0S/m: Conductivity [S/m]
# name 3 = sal00: Salinity, Practical [PSU]
# name 4 = scan: Scan Count
# name 5 = timeM: Time, Elapsed [minutes]
# name 6 = flag: flag
# span 0 =      1.000,     21.000       
# span 1 =     5.3095,     6.0455       
# span 2 =   3.007270,   3.034784       
# span 3 =    30.3936,    30.8058       
# span 4 =        154,       2670       
# span 5 =     0.1063,     1.8535       
# span 6 = 0.0000e+00, 0.0000e+00       
# interval = meters: 1                  
# start_time = Apr 13 2024 14:23:20 [NMEA time, header]
# bad_flag = -9.990e-29
*END*
      4.000     6.0292   3.034784    30.4676        154     0.1063 0.0000e+00
      5.000     6.0323   3.030676    30.4188        261     0.1809 0.0000e+00
      6.000     5.9748   3.030255    30.4653        299     0.2066 0.0000e+00
      7.000     5.8295   3.023402    30.5196        338     0.2343 0.0000e+00
      8.000     5.6440   3.017501    30.6213        364     0.2522 0.0000e+00
      9.000     5.5236   3.013735    30.6882        387     0.2682 0.0000e+00
     10.000     5.4797   3.011953    30.7079        418     0.2898 0.0000e+00
     11.000     5.4537   3.011017    30.7206        459     0.3181 0.0000e+00
     12.000     5.4340   3.010424    30.7315        492     0.3412 0.0000e+00
     13.000     5.4182   3.009983    30.7406        521     0.3614 0.0000e+00
     14.000     5.3818   3.009232    30.7649        551     0.3821 0.0000e+00
     15.000     5.3793   3.009163    30.7660        581     0.4024 0.0000e+00
     16.000     5.3693   3.008930    30.7720        607     0.4210 0.0000e+00
     17.000     5.3577   3.008646    30.7790        638     0.4420 0.0000e+00
     18.000     5.3527   3.008515    30.7817        681     0.4726 0.0000e+00
     19.000     5.3427   3.008295    30.7878        721     0.5003 0.0000e+00
     20.000     5.3356   3.008161    30.7924        776     0.5385 0.0000e+00
     21.000     5.3095   3.007270    30.8058       1218     0.8448 0.0000e+00
     20.000     5.3310   3.007846    30.7930       1377     0.9554 0.0000e+00
     19.000     5.3309   3.007806    30.7932       1529     1.0613 0.0000e+00
     18.000     5.3336   3.007824    30.7914       1536     1.0658 0.0000e+00
     17.000     5.3390   3.007839    30.7871       1559     1.0820 0.0000e+00
     16.000     5.3431   3.007860    30.7840       1587     1.1013 0.0000e+00
     15.000     5.3462   3.007863    30.7817       1653     1.1471 0.0000e+00
     14.000     5.3529   3.007958    30.7771       1699     1.1793 0.0000e+00
     13.000     5.3635   3.008184    30.7703       1726     1.1980 0.0000e+00
     12.000     5.3754   3.008441    30.7628       1781     1.2360 0.0000e+00
     11.000     5.3971   3.008806    30.7475       1833     1.2722 0.0000e+00
     10.000     5.4282   3.009351    30.7257       1852     1.2858 0.0000e+00
      9.000     5.4622   3.009964    30.7019       1874     1.3004 0.0000e+00
      8.000     5.6229   3.013678    30.5976       1949     1.3528 0.0000e+00
      7.000     5.7966   3.017857    30.4874       2003     1.3905 0.0000e+00
      6.000     5.9306   3.022863    30.4229       2021     1.4028 0.0000e+00
      5.000     5.9375   3.023218    30.4211       2044     1.4189 0.0000e+00
      4.000     5.9962   3.025587    30.3951       2106     1.4619 0.0000e+00
      3.000     6.0012   3.025809    30.3936       2153     1.4943 0.0000e+00
      2.000     6.0455   3.029439    30.3946       2517     1.7469 0.0000e+00
      1.000     6.0424   3.029235    30.3955       2670     1.8535 0.0000e+00
