HB2402/ctd181.cnv
* Sea-Bird SBE 9 Data File:
* FileName = C:\cruise\data\ctd181.hex
* Software Version Seasave V 7.26.7.121
* Temperature SN = 5253
* Conductivity SN = 4421
* Number of Bytes Per Scan = 37
* Number of Voltage Words = 4
* Number of Scans Averaged by the Deck Unit = 1
* NMEA Latitude = 41 51.58 N
* NMEA Longitude = 065 52.60 W
* NMEA UTC (Time) = Apr 29 2024 05:44:41
* NMEA baud rate = 4800
** Ship: Bigelow HB2402
** Program:  Spring Bottom Trawl Survey
** Chief Scientist: John Galbraith
# nquan = 7
# nvalues = 226                         
# units = specified
# name 0 = depSM: Depth [salt water, m]
# name 1 = t090C: Temperature [ITS-90, deg C]
# name 2 = c0S/m: Conductivity [S/m]
# name 3 = sal00: Salinity, Practical [PSU]
# name 4 = scan: Scan Count
# name 5 = timeM: Time, Elapsed [minutes]
# name 6 = flag: flag
# span 0 =      3.000,    117.000       
# span 1 =     8.9654,     9.7975       
# span 2 =   3.593757,   3.756287       
# span 3 =    33.5699,    34.6007       
# span 4 =         -3,       7278       
# span 5 =    -0.0028,     5.0535       
# span 6 = 0.0000e+00, 0.0000e+00       
# interval = meters: 1                  
# start_time = Apr 29 2024 05:44:41 [NMEA time, header]
# bad_flag = -9.990e-29
*END*
      3.000     9.1723   3.593757    33.5699         -3    -0.0028 0.0000e+00
      4.000     9.1750   3.594097    33.5704        335     0.2318 0.0000e+00
      5.000     9.1759   3.594264    33.5709        358     0.2480 0.0000e+00
      6.000     9.1812   3.595076    33.5739        378     0.2616 0.0000e+00
      7.000     9.1837   3.595547    33.5759        406     0.2811 0.0000e+00
      8.000     9.1898   3.597144    33.5863        446     0.3090 0.0000e+00
      9.000     9.1868   3.599913    33.6174        480     0.3326 0.0000e+00
     10.000     9.1856   3.600451    33.6237        502     0.3477 0.0000e+00
     11.000     9.1858   3.600415    33.6227        520     0.3605 0.0000e+00
     12.000     9.1870   3.601163    33.6288        539     0.3733 0.0000e+00
     13.000     9.1863   3.602019    33.6379        559     0.3874 0.0000e+00
     14.000     9.1804   3.603225    33.6555        588     0.4077 0.0000e+00
     15.000     9.1633   3.603057    33.6695        627     0.4349 0.0000e+00
     16.000     9.1173   3.599825    33.6789        704     0.4884 0.0000e+00
     17.000     9.0671   3.595822    33.6843        782     0.5421 0.0000e+00
     18.000     9.0630   3.599003    33.7208        809     0.5613 0.0000e+00
     19.000     9.0777   3.602106    33.7387        837     0.5804 0.0000e+00
     20.000     9.1041   3.606932    33.7636        870     0.6034 0.0000e+00
     21.000     9.1420   3.614301    33.8038        906     0.6284 0.0000e+00
     22.000     9.1727   3.618059    33.8133        934     0.6479 0.0000e+00
     23.000     9.2107   3.625441    33.8535        956     0.6631 0.0000e+00
     24.000     9.1626   3.623693    33.8805        977     0.6774 0.0000e+00
     25.000     9.0586   3.613839    33.8764        998     0.6927 0.0000e+00
     26.000     9.0098   3.610990    33.8927       1026     0.7116 0.0000e+00
     27.000     9.0460   3.618241    33.9334       1060     0.7355 0.0000e+00
     28.000     9.0692   3.621934    33.9493       1093     0.7581 0.0000e+00
     29.000     9.0472   3.621239    33.9626       1118     0.7759 0.0000e+00
     30.000     9.0191   3.619690    33.9728       1138     0.7899 0.0000e+00
     31.000     8.9896   3.617364    33.9762       1159     0.8042 0.0000e+00
     32.000     8.9708   3.617395    33.9941       1183     0.8208 0.0000e+00
     33.000     8.9660   3.618685    34.0117       1216     0.8437 0.0000e+00
     34.000     9.0852   3.635754    34.0753       1252     0.8684 0.0000e+00
     35.000     9.1738   3.648197    34.1197       1277     0.8864 0.0000e+00
     36.000     9.2294   3.655697    34.1441       1302     0.9034 0.0000e+00
     37.000     9.2505   3.659699    34.1649       1329     0.9222 0.0000e+00
     38.000     9.2713   3.663941    34.1887       1356     0.9407 0.0000e+00
     39.000     9.2660   3.664889    34.2031       1379     0.9572 0.0000e+00
     40.000     9.2967   3.670255    34.2289       1401     0.9720 0.0000e+00
     41.000     9.3456   3.677584    34.2576       1423     0.9878 0.0000e+00
     42.000     9.3731   3.681817    34.2747       1455     1.0095 0.0000e+00
     43.000     9.4240   3.689311    34.3031       1494     1.0367 0.0000e+00
     44.000     9.4247   3.689354    34.3023       1523     1.0569 0.0000e+00
     45.000     9.4305   3.690418    34.3073       1546     1.0728 0.0000e+00
     46.000     9.4407   3.692047    34.3139       1569     1.0887 0.0000e+00
     47.000     9.4441   3.692695    34.3169       1594     1.1061 0.0000e+00
     48.000     9.4545   3.694350    34.3236       1621     1.1247 0.0000e+00
     49.000     9.4616   3.695519    34.3284       1647     1.1431 0.0000e+00
     50.000     9.4926   3.700655    34.3514       1672     1.1605 0.0000e+00
     51.000     9.5673   3.712699    34.4036       1698     1.1788 0.0000e+00
     52.000     9.5963   3.717495    34.4249       1730     1.2005 0.0000e+00
     53.000     9.6522   3.726769    34.4663       1765     1.2248 0.0000e+00
     54.000     9.6927   3.733514    34.4964       1791     1.2434 0.0000e+00
     55.000     9.7124   3.736820    34.5110       1814     1.2587 0.0000e+00
     56.000     9.7527   3.743276    34.5383       1835     1.2734 0.0000e+00
     57.000     9.7750   3.746915    34.5538       1858     1.2898 0.0000e+00
     58.000     9.7915   3.749584    34.5650       1887     1.3095 0.0000e+00
     59.000     9.7864   3.748867    34.5620       1917     1.3303 0.0000e+00
     60.000     9.7847   3.749750    34.5723       1946     1.3507 0.0000e+00
     61.000     9.7818   3.750402    34.5813       1975     1.3707 0.0000e+00
     62.000     9.7818   3.750611    34.5830       2004     1.3911 0.0000e+00
     63.000     9.7818   3.750664    34.5830       2034     1.4117 0.0000e+00
     64.000     9.7833   3.750713    34.5817       2060     1.4300 0.0000e+00
     65.000     9.7849   3.750699    34.5795       2083     1.4456 0.0000e+00
     66.000     9.7856   3.750711    34.5785       2103     1.4600 0.0000e+00
     67.000     9.7861   3.750882    34.5793       2123     1.4739 0.0000e+00
     68.000     9.7859   3.751037    34.5806       2144     1.4884 0.0000e+00
     69.000     9.7847   3.751000    34.5809       2174     1.5093 0.0000e+00
     70.000     9.7851   3.751204    34.5821       2226     1.5451 0.0000e+00
     71.000     9.7804   3.751193    34.5861       2262     1.5700 0.0000e+00
     72.000     9.7840   3.751288    34.5832       2281     1.5836 0.0000e+00
     73.000     9.7807   3.750725    34.5801       2298     1.5949 0.0000e+00
     74.000     9.7813   3.750922    34.5811       2314     1.6062 0.0000e+00
     75.000     9.7815   3.750902    34.5802       2332     1.6188 0.0000e+00
     76.000     9.7833   3.750882    34.5778       2358     1.6366 0.0000e+00
     77.000     9.7847   3.751063    34.5778       2396     1.6630 0.0000e+00
     78.000     9.7856   3.751307    34.5791       2431     1.6874 0.0000e+00
     79.000     9.7851   3.751277    34.5787       2459     1.7068 0.0000e+00
     80.000     9.7847   3.751309    34.5790       2487     1.7264 0.0000e+00
     81.000     9.7837   3.751316    34.5795       2513     1.7443 0.0000e+00
     82.000     9.7825   3.751346    34.5805       2537     1.7608 0.0000e+00
     83.000     9.7781   3.751257    34.5834       2559     1.7763 0.0000e+00
     84.000     9.7785   3.751166    34.5816       2582     1.7927 0.0000e+00
     85.000     9.7648   3.750940    34.5920       2607     1.8097 0.0000e+00
     86.000     9.7646   3.751040    34.5928       2633     1.8280 0.0000e+00
     87.000     9.7648   3.751121    34.5929       2664     1.8491 0.0000e+00
     88.000     9.7713   3.751460    34.5897       2696     1.8712 0.0000e+00
     89.000     9.7696   3.751518    34.5915       2726     1.8925 0.0000e+00
     90.000     9.7693   3.751566    34.5918       2753     1.9108 0.0000e+00
     91.000     9.7687   3.751590    34.5921       2776     1.9271 0.0000e+00
     92.000     9.7690   3.751678    34.5923       2800     1.9437 0.0000e+00
     93.000     9.7686   3.751702    34.5924       2824     1.9607 0.0000e+00
     94.000     9.7694   3.751800    34.5922       2848     1.9770 0.0000e+00
     95.000     9.7654   3.751521    34.5927       2871     1.9930 0.0000e+00
     96.000     9.7657   3.751583    34.5926       2896     2.0102 0.0000e+00
     97.000     9.7656   3.751605    34.5925       2926     2.0314 0.0000e+00
     98.000     9.7657   3.751685    34.5927       2965     2.0586 0.0000e+00
     99.000     9.7666   3.751829    34.5929       2998     2.0812 0.0000e+00
    100.000     9.7661   3.751833    34.5929       3021     2.0971 0.0000e+00
    101.000     9.7670   3.751990    34.5932       3040     2.1107 0.0000e+00
    102.000     9.7673   3.752066    34.5933       3060     2.1240 0.0000e+00
    103.000     9.7674   3.752119    34.5932       3080     2.1383 0.0000e+00
    104.000     9.7672   3.752131    34.5930       3105     2.1559 0.0000e+00
    105.000     9.7669   3.752131    34.5929       3139     2.1789 0.0000e+00
    106.000     9.7676   3.752261    34.5931       3173     2.2026 0.0000e+00
    107.000     9.7684   3.752384    34.5931       3201     2.2220 0.0000e+00
    108.000     9.7676   3.752350    34.5931       3226     2.2396 0.0000e+00
    109.000     9.7670   3.752329    34.5930       3253     2.2581 0.0000e+00
    110.000     9.7654   3.752190    34.5927       3281     2.2778 0.0000e+00
    111.000     9.7689   3.752655    34.5936       3307     2.2961 0.0000e+00
    112.000     9.7668   3.752435    34.5929       3330     2.3117 0.0000e+00
    113.000     9.7718   3.753099    34.5945       3351     2.3261 0.0000e+00
    114.000     9.7714   3.753073    34.5941       3372     2.3412 0.0000e+00
    115.000     9.7722   3.753180    34.5940       3398     2.3588 0.0000e+00
    116.000     9.7790   3.754056    34.5960       3712     2.5768 0.0000e+00
    117.000     9.7975   3.756287    34.6007       4262     2.9589 0.0000e+00
    116.000     9.7859   3.754917    34.5982       4114     2.8561 0.0000e+00
    115.000     9.7883   3.755158    34.5988       4350     3.0200 0.0000e+00
    114.000     9.7881   3.755097    34.5988       4372     3.0354 0.0000e+00
    113.000     9.7879   3.755033    34.5988       4394     3.0504 0.0000e+00
    112.000     9.7869   3.754871    34.5986       4416     3.0663 0.0000e+00
    111.000     9.7862   3.754752    34.5985       4448     3.0884 0.0000e+00
    110.000     9.7855   3.754612    34.5982       4491     3.1178 0.0000e+00
    109.000     9.7837   3.754353    34.5978       4521     3.1389 0.0000e+00
    108.000     9.7781   3.753603    34.5959       4542     3.1533 0.0000e+00
    107.000     9.7762   3.753322    34.5953       4561     3.1665 0.0000e+00
    106.000     9.7756   3.753213    34.5952       4581     3.1807 0.0000e+00
    105.000     9.7743   3.753056    34.5953       4605     3.1970 0.0000e+00
    104.000     9.7742   3.752991    34.5952       4633     3.2168 0.0000e+00
    103.000     9.7740   3.752930    34.5952       4662     3.2367 0.0000e+00
    102.000     9.7736   3.752843    34.5952       4686     3.2534 0.0000e+00
    101.000     9.7736   3.752806    34.5952       4710     3.2698 0.0000e+00
    100.000     9.7732   3.752725    34.5952       4735     3.2877 0.0000e+00
     99.000     9.7725   3.752581    34.5949       4766     3.3088 0.0000e+00
     98.000     9.7705   3.752279    34.5942       4795     3.3291 0.0000e+00
     97.000     9.7708   3.752267    34.5943       4820     3.3464 0.0000e+00
     96.000     9.7715   3.752293    34.5944       4843     3.3625 0.0000e+00
     95.000     9.7714   3.752236    34.5944       4869     3.3806 0.0000e+00
     94.000     9.7699   3.752056    34.5943       4900     3.4018 0.0000e+00
     93.000     9.7692   3.751920    34.5941       4928     3.4215 0.0000e+00
     92.000     9.7690   3.751867    34.5942       4951     3.4373 0.0000e+00
     91.000     9.7693   3.751845    34.5942       4972     3.4520 0.0000e+00
     90.000     9.7692   3.751801    34.5943       4993     3.4670 0.0000e+00
     89.000     9.7690   3.751724    34.5942       5018     3.4838 0.0000e+00
     88.000     9.7679   3.751539    34.5938       5047     3.5044 0.0000e+00
     87.000     9.7690   3.751517    34.5929       5078     3.5259 0.0000e+00
     86.000     9.7728   3.751492    34.5896       5103     3.5433 0.0000e+00
     85.000     9.7743   3.751476    34.5884       5126     3.5593 0.0000e+00
     84.000     9.7752   3.751526    34.5885       5152     3.5769 0.0000e+00
     83.000     9.7749   3.751465    34.5886       5181     3.5972 0.0000e+00
     82.000     9.7754   3.751395    34.5879       5212     3.6187 0.0000e+00
     81.000     9.7765   3.751381    34.5871       5240     3.6379 0.0000e+00
     80.000     9.7770   3.751343    34.5868       5265     3.6554 0.0000e+00
     79.000     9.7777   3.751258    34.5857       5289     3.6721 0.0000e+00
     78.000     9.7782   3.751187    34.5849       5311     3.6875 0.0000e+00
     77.000     9.7789   3.751004    34.5828       5332     3.7022 0.0000e+00
     76.000     9.7828   3.751114    34.5806       5353     3.7166 0.0000e+00
     75.000     9.7860   3.751216    34.5791       5376     3.7324 0.0000e+00
     74.000     9.7874   3.751240    34.5784       5405     3.7529 0.0000e+00
     73.000     9.7882   3.751010    34.5758       5444     3.7798 0.0000e+00
     72.000     9.7839   3.749935    34.5694       5478     3.8032 0.0000e+00
     71.000     9.7804   3.749324    34.5669       5501     3.8195 0.0000e+00
     70.000     9.7767   3.748782    34.5653       5523     3.8346 0.0000e+00
     69.000     9.7748   3.748391    34.5637       5545     3.8500 0.0000e+00
     68.000     9.7743   3.748216    34.5628       5570     3.8671 0.0000e+00
     67.000     9.7662   3.746828    34.5568       5595     3.8846 0.0000e+00
     66.000     9.7482   3.743797    34.5433       5619     3.9012 0.0000e+00
     65.000     9.7396   3.742279    34.5365       5641     3.9164 0.0000e+00
     64.000     9.7352   3.741612    34.5343       5663     3.9317 0.0000e+00
     63.000     9.7293   3.740715    34.5312       5691     3.9511 0.0000e+00
     62.000     9.7242   3.739898    34.5282       5730     3.9784 0.0000e+00
     61.000     9.6711   3.731705    34.4953       5764     4.0019 0.0000e+00
     60.000     9.6165   3.722175    34.4500       5787     4.0180 0.0000e+00
     59.000     9.5962   3.718948    34.4366       5807     4.0321 0.0000e+00
     58.000     9.5759   3.715577    34.4218       5826     4.0453 0.0000e+00
     57.000     9.5633   3.713180    34.4096       5846     4.0593 0.0000e+00
     56.000     9.5487   3.710755    34.3991       5869     4.0750 0.0000e+00
     55.000     9.5339   3.708199    34.3873       5897     4.0946 0.0000e+00
     54.000     9.5107   3.704330    34.3701       5929     4.1166 0.0000e+00
     53.000     9.4651   3.696952    34.3381       5959     4.1375 0.0000e+00
     52.000     9.4474   3.694156    34.3266       5986     4.1566 0.0000e+00
     51.000     9.4110   3.688775    34.3062       6013     4.1751 0.0000e+00
     50.000     9.3834   3.684499    34.2889       6039     4.1931 0.0000e+00
     49.000     9.3739   3.682789    34.2807       6062     4.2092 0.0000e+00
     48.000     9.3706   3.682232    34.2786       6084     4.2241 0.0000e+00
     47.000     9.3649   3.681226    34.2741       6105     4.2390 0.0000e+00
     46.000     9.3497   3.678859    34.2646       6128     4.2549 0.0000e+00
     45.000     9.3414   3.677435    34.2582       6155     4.2734 0.0000e+00
     44.000     9.3235   3.674873    34.2493       6187     4.2961 0.0000e+00
     43.000     9.2906   3.669698    34.2276       6220     4.3190 0.0000e+00
     42.000     9.2769   3.667550    34.2188       6246     4.3369 0.0000e+00
     41.000     9.2620   3.664692    34.2040       6268     4.3521 0.0000e+00
     40.000     9.2537   3.662532    34.1900       6291     4.3677 0.0000e+00
     39.000     9.2190   3.656190    34.1577       6314     4.3839 0.0000e+00
     38.000     9.1687   3.648333    34.1246       6340     4.4022 0.0000e+00
     37.000     9.0997   3.638463    34.0883       6369     4.4225 0.0000e+00
     36.000     9.0121   3.626696    34.0499       6398     4.4421 0.0000e+00
     35.000     8.9769   3.621757    34.0324       6424     4.4607 0.0000e+00
     34.000     8.9654   3.618791    34.0129       6450     4.4787 0.0000e+00
     33.000     8.9778   3.618697    34.0005       6473     4.4946 0.0000e+00
     32.000     8.9965   3.619247    33.9889       6495     4.5097 0.0000e+00
     31.000     9.0254   3.620609    33.9760       6518     4.5256 0.0000e+00
     30.000     9.0536   3.621992    33.9639       6546     4.5448 0.0000e+00
     29.000     9.0471   3.621370    33.9640       6586     4.5729 0.0000e+00
     28.000     9.0126   3.613142    33.9116       6617     4.5948 0.0000e+00
     27.000     9.0278   3.611808    33.8836       6638     4.6089 0.0000e+00
