HB2402/ctd123.cnv
* Sea-Bird SBE 9 Data File:
* FileName = C:\cruise\data\ctd123.hex
* Software Version Seasave V 7.26.7.121
* Temperature SN = 5253
* Conductivity SN = 4421
* Number of Bytes Per Scan = 37
* Number of Voltage Words = 4
* Number of Scans Averaged by the Deck Unit = 1
* NMEA Latitude = 40 00.30 N
* NMEA Longitude = 069 13.61 W
* NMEA UTC (Time) = Apr 10 2024 14:48:18
* NMEA baud rate = 4800
** Ship: Bigelow HB2304
** Program:  Fall Bottom Trawl Survey
** Chief Scientist: John Galbraith
# nquan = 7
# nvalues = 376                         
# units = specified
# name 0 = depSM: Depth [salt water, m]
# name 1 = t090C: Temperature [ITS-90, deg C]
# name 2 = c0S/m: Conductivity [S/m]
# name 3 = sal00: Salinity, Practical [PSU]
# name 4 = scan: Scan Count
# name 5 = timeM: Time, Elapsed [minutes]
# name 6 = flag: flag
# span 0 =      1.000,    190.000       
# span 1 =     6.1330,    10.8930       
# span 2 =   3.228655,   3.898734       
# span 3 =    32.4641,    35.0650       
# span 4 =        154,      11321       
# span 5 =     0.1065,     7.8611       
# span 6 = 0.0000e+00, 0.0000e+00       
# interval = meters: 1                  
# start_time = Apr 10 2024 14:48:18 [NMEA time, header]
# bad_flag = -9.990e-29
*END*
      4.000     6.4363   3.248928    32.4641        154     0.1065 0.0000e+00
      5.000     6.4432   3.249568    32.4642        293     0.2026 0.0000e+00
      6.000     6.4495   3.250156    32.4642        344     0.2379 0.0000e+00
      7.000     6.4556   3.250723    32.4642        372     0.2576 0.0000e+00
      8.000     6.4586   3.251171    32.4658        393     0.2720 0.0000e+00
      9.000     6.4496   3.250680    32.4684        416     0.2885 0.0000e+00
     10.000     6.4499   3.250846    32.4695        445     0.3085 0.0000e+00
     11.000     6.4513   3.251050    32.4699        476     0.3300 0.0000e+00
     12.000     6.4430   3.250614    32.4725        503     0.3484 0.0000e+00
     13.000     6.4197   3.249071    32.4771        527     0.3650 0.0000e+00
     14.000     6.3311   3.243400    32.4982        550     0.3813 0.0000e+00
     15.000     6.2555   3.238913    32.5201        576     0.3992 0.0000e+00
     16.000     6.1874   3.233352    32.5229        607     0.4211 0.0000e+00
     17.000     6.1373   3.228655    32.5180        639     0.4431 0.0000e+00
     18.000     6.1330   3.229437    32.5304        663     0.4599 0.0000e+00
     19.000     6.1496   3.234648    32.5722        682     0.4732 0.0000e+00
     20.000     6.1746   3.241926    32.6288        702     0.4868 0.0000e+00
     21.000     6.2743   3.256198    32.6915        728     0.5048 0.0000e+00
     22.000     6.3453   3.265339    32.7244        778     0.5397 0.0000e+00
     23.000     6.3459   3.265402    32.7240        811     0.5622 0.0000e+00
     24.000     6.3379   3.264645    32.7228        828     0.5740 0.0000e+00
     25.000     6.3559   3.266891    32.7300        844     0.5854 0.0000e+00
     26.000     6.3700   3.268468    32.7334        861     0.5975 0.0000e+00
     27.000     6.3705   3.268538    32.7333        886     0.6143 0.0000e+00
     28.000     6.3713   3.268658    32.7333        928     0.6436 0.0000e+00
     29.000     6.3711   3.268701    32.7335        961     0.6665 0.0000e+00
     30.000     6.3713   3.268805    32.7339        983     0.6818 0.0000e+00
     31.000     6.3746   3.269251    32.7352       1005     0.6973 0.0000e+00
     32.000     6.3763   3.269483    32.7357       1036     0.7191 0.0000e+00
     33.000     6.3975   3.272211    32.7451       1073     0.7448 0.0000e+00
     34.000     6.5019   3.285872    32.7956       1098     0.7617 0.0000e+00
     35.000     6.6827   3.310459    32.8930       1118     0.7759 0.0000e+00
     36.000     6.8145   3.328689    32.9664       1139     0.7902 0.0000e+00
     37.000     6.8333   3.331536    32.9792       1163     0.8069 0.0000e+00
     38.000     6.8555   3.335154    32.9971       1192     0.8267 0.0000e+00
     39.000     6.9431   3.349688    33.0718       1222     0.8479 0.0000e+00
     40.000     6.9789   3.355447    33.0998       1249     0.8669 0.0000e+00
     41.000     7.0180   3.362101    33.1346       1275     0.8848 0.0000e+00
     42.000     7.0447   3.368141    33.1744       1303     0.9044 0.0000e+00
     43.000     7.1383   3.383124    33.2473       1337     0.9275 0.0000e+00
     44.000     7.1764   3.388614    33.2700       1365     0.9470 0.0000e+00
     45.000     7.2054   3.392692    33.2860       1387     0.9622 0.0000e+00
     46.000     7.2676   3.400436    33.3098       1408     0.9771 0.0000e+00
     47.000     7.5018   3.429736    33.4014       1433     0.9944 0.0000e+00
     48.000     7.6694   3.448989    33.4477       1463     1.0155 0.0000e+00
     49.000     7.7920   3.463299    33.4833       1495     1.0373 0.0000e+00
     50.000     7.8365   3.468554    33.4965       1519     1.0542 0.0000e+00
     51.000     7.8608   3.471657    33.5060       1540     1.0688 0.0000e+00
     52.000     8.0422   3.492284    33.5522       1560     1.0826 0.0000e+00
     53.000     8.7498   3.573892    33.7388       1584     1.0991 0.0000e+00
     54.000     9.2451   3.627964    33.8328       1617     1.1220 0.0000e+00
     55.000     9.4697   3.656098    33.9105       1652     1.1464 0.0000e+00
     56.000     9.6453   3.677291    33.9623       1681     1.1669 0.0000e+00
     57.000     9.7123   3.685628    33.9841       1706     1.1841 0.0000e+00
     58.000     9.9021   3.708452    34.0382       1728     1.1996 0.0000e+00
     59.000    10.1465   3.737174    34.1001       1751     1.2153 0.0000e+00
     60.000    10.2499   3.749071    34.1230       1778     1.2341 0.0000e+00
     61.000    10.1581   3.739399    34.1108       1809     1.2555 0.0000e+00
     62.000     9.9279   3.713639    34.0648       1834     1.2732 0.0000e+00
     63.000     9.7062   3.690662    34.0388       1855     1.2877 0.0000e+00
     64.000     9.6442   3.683614    34.0246       1877     1.3026 0.0000e+00
     65.000     9.5089   3.668721    33.9990       1904     1.3213 0.0000e+00
     66.000     9.4047   3.657439    33.9809       1942     1.3478 0.0000e+00
     67.000     9.1173   3.626325    33.9309       1975     1.3710 0.0000e+00
     68.000     8.9221   3.605724    33.9017       1997     1.3863 0.0000e+00
     69.000     8.8782   3.600922    33.8929       2017     1.3999 0.0000e+00
     70.000     8.7462   3.586010    33.8621       2038     1.4143 0.0000e+00
     71.000     8.4305   3.552946    33.8155       2064     1.4326 0.0000e+00
     72.000     8.3556   3.545623    33.8095       2097     1.4554 0.0000e+00
     73.000     8.2637   3.537526    33.8114       2126     1.4759 0.0000e+00
     74.000     8.2049   3.535588    33.8470       2152     1.4936 0.0000e+00
     75.000     8.2125   3.536737    33.8514       2178     1.5120 0.0000e+00
     76.000     8.2471   3.541010    33.8630       2208     1.5325 0.0000e+00
     77.000     8.3166   3.549635    33.8871       2236     1.5523 0.0000e+00
     78.000     8.4947   3.571413    33.9458       2261     1.5697 0.0000e+00
     79.000     8.7796   3.607177    34.0481       2283     1.5847 0.0000e+00
     80.000     9.0053   3.635562    34.1283       2305     1.6002 0.0000e+00
     81.000     8.9914   3.634532    34.1305       2330     1.6174 0.0000e+00
     82.000     8.9611   3.631554    34.1280       2359     1.6374 0.0000e+00
     83.000     8.9099   3.626843    34.1274       2393     1.6609 0.0000e+00
     84.000     9.0806   3.648961    34.1939       2427     1.6844 0.0000e+00
     85.000     9.2004   3.663411    34.2291       2452     1.7019 0.0000e+00
     86.000     9.2050   3.664706    34.2377       2474     1.7170 0.0000e+00
     87.000     9.2358   3.668917    34.2514       2497     1.7332 0.0000e+00
     88.000     9.2050   3.666437    34.2548       2524     1.7519 0.0000e+00
     89.000     9.1422   3.660233    34.2501       2554     1.7728 0.0000e+00
     90.000     9.1280   3.661243    34.2737       2580     1.7912 0.0000e+00
     91.000     9.1161   3.661750    34.2901       2606     1.8087 0.0000e+00
     92.000     9.0871   3.660713    34.3067       2632     1.8268 0.0000e+00
     93.000     9.1193   3.665514    34.3252       2658     1.8452 0.0000e+00
     94.000     9.1491   3.668964    34.3320       2683     1.8627 0.0000e+00
     95.000     9.2189   3.677185    34.3499       2711     1.8819 0.0000e+00
     96.000     9.3389   3.691900    34.3868       2743     1.9041 0.0000e+00
     97.000     9.7077   3.738243    34.5105       2773     1.9250 0.0000e+00
     98.000    10.0171   3.777213    34.6131       2798     1.9423 0.0000e+00
     99.000    10.0397   3.781347    34.6332       2820     1.9576 0.0000e+00
    100.000    10.0864   3.790092    34.6771       2843     1.9734 0.0000e+00
    101.000    10.2329   3.808473    34.7235       2867     1.9904 0.0000e+00
    102.000    10.3727   3.826900    34.7762       2896     2.0104 0.0000e+00
    103.000    10.3493   3.825138    34.7803       2929     2.0336 0.0000e+00
    104.000    10.2833   3.818675    34.7775       2960     2.0547 0.0000e+00
    105.000    10.2867   3.819213    34.7792       2983     2.0710 0.0000e+00
    106.000    10.2870   3.819531    34.7817       3004     2.0854 0.0000e+00
    107.000    10.2855   3.819526    34.7827       3025     2.1002 0.0000e+00
    108.000    10.2959   3.820929    34.7865       3052     2.1188 0.0000e+00
    109.000    10.3532   3.828011    34.8030       3088     2.1438 0.0000e+00
    110.000    10.3839   3.831894    34.8125       3123     2.1683 0.0000e+00
    111.000    10.4051   3.835044    34.8237       3151     2.1873 0.0000e+00
    112.000    10.4586   3.842597    34.8483       3172     2.2020 0.0000e+00
    113.000    10.7926   3.883545    34.9411       3191     2.2154 0.0000e+00
    114.000    10.8840   3.894088    34.9591       3211     2.2289 0.0000e+00
    115.000    10.8637   3.892638    34.9635       3233     2.2443 0.0000e+00
    116.000    10.8480   3.892040    34.9721       3262     2.2645 0.0000e+00
    117.000    10.8677   3.895034    34.9829       3296     2.2881 0.0000e+00
    118.000    10.8868   3.897707    34.9908       3326     2.3093 0.0000e+00
    119.000    10.8930   3.898734    34.9948       3355     2.3292 0.0000e+00
    120.000    10.8811   3.897638    34.9947       3384     2.3494 0.0000e+00
    121.000    10.8081   3.889770    34.9852       3413     2.3696 0.0000e+00
    122.000    10.7356   3.882373    34.9797       3439     2.3875 0.0000e+00
    123.000    10.7085   3.879820    34.9795       3462     2.4037 0.0000e+00
    124.000    10.6877   3.878184    34.9825       3482     2.4177 0.0000e+00
    125.000    10.6389   3.873964    34.9864       3504     2.4323 0.0000e+00
    126.000    10.6289   3.872928    34.9850       3527     2.4487 0.0000e+00
    127.000    10.5996   3.870049    34.9836       3557     2.4691 0.0000e+00
    128.000    10.5955   3.869889    34.9855       3586     2.4893 0.0000e+00
    129.000    10.5963   3.870274    34.9882       3614     2.5088 0.0000e+00
    130.000    10.5937   3.871200    34.9995       3643     2.5292 0.0000e+00
    131.000    10.5974   3.871896    35.0025       3675     2.5513 0.0000e+00
    132.000    10.5990   3.872339    35.0050       3705     2.5720 0.0000e+00
    133.000    10.5957   3.872327    35.0076       3730     2.5898 0.0000e+00
    134.000    10.5743   3.870828    35.0126       3754     2.6063 0.0000e+00
    135.000    10.5539   3.869492    35.0182       3777     2.6219 0.0000e+00
    136.000    10.5526   3.869624    35.0203       3798     2.6370 0.0000e+00
    137.000    10.5477   3.869332    35.0217       3820     2.6519 0.0000e+00
    138.000    10.5390   3.868737    35.0235       3844     2.6685 0.0000e+00
    139.000    10.5302   3.868389    35.0281       3874     2.6893 0.0000e+00
    140.000    10.5273   3.868335    35.0299       3907     2.7124 0.0000e+00
    141.000    10.5241   3.868404    35.0331       3940     2.7353 0.0000e+00
    142.000    10.5165   3.868075    35.0366       3971     2.7566 0.0000e+00
    143.000    10.5192   3.868969    35.0427       3995     2.7734 0.0000e+00
    144.000    10.5139   3.868582    35.0434       4017     2.7892 0.0000e+00
    145.000    10.5070   3.868078    35.0445       4042     2.8064 0.0000e+00
    146.000    10.4966   3.866950    35.0426       4068     2.8245 0.0000e+00
    147.000    10.4932   3.866644    35.0423       4092     2.8410 0.0000e+00
    148.000    10.4886   3.866225    35.0420       4116     2.8577 0.0000e+00
    149.000    10.4744   3.864983    35.0427       4141     2.8753 0.0000e+00
    150.000    10.4656   3.864447    35.0453       4166     2.8922 0.0000e+00
    151.000    10.4426   3.862495    35.0472       4193     2.9109 0.0000e+00
    152.000    10.4314   3.861810    35.0506       4226     2.9343 0.0000e+00
    153.000    10.3676   3.856119    35.0539       4258     2.9562 0.0000e+00
    154.000    10.3237   3.852737    35.0615       4285     2.9752 0.0000e+00
    155.000    10.2986   3.850733    35.0650       4315     2.9955 0.0000e+00
    156.000    10.2245   3.843584    35.0633       4341     3.0141 0.0000e+00
    157.000    10.1341   3.834894    35.0618       4363     3.0291 0.0000e+00
    158.000    10.0749   3.829620    35.0649       4383     3.0430 0.0000e+00
    159.000    10.0563   3.827835    35.0642       4405     3.0581 0.0000e+00
    160.000    10.0435   3.826680    35.0643       4432     3.0769 0.0000e+00
    161.000    10.0323   3.825578    35.0635       4464     3.0996 0.0000e+00
    162.000    10.0099   3.823602    35.0646       4495     3.1205 0.0000e+00
    163.000    10.0088   3.823503    35.0641       4520     3.1380 0.0000e+00
    164.000    10.0047   3.823131    35.0638       4545     3.1555 0.0000e+00
    165.000     9.9876   3.821611    35.0643       4574     3.1759 0.0000e+00
    166.000     9.9768   3.820623    35.0643       4606     3.1978 0.0000e+00
    167.000     9.9677   3.819835    35.0646       4631     3.2155 0.0000e+00
    168.000     9.9642   3.819563    35.0647       4655     3.2322 0.0000e+00
    169.000     9.9624   3.819423    35.0646       4686     3.2532 0.0000e+00
    170.000     9.9577   3.818978    35.0641       4716     3.2742 0.0000e+00
    171.000     9.9570   3.819028    35.0648       4738     3.2897 0.0000e+00
    172.000     9.9565   3.818887    35.0635       4759     3.3039 0.0000e+00
    173.000     9.9431   3.817649    35.0633       4784     3.3218 0.0000e+00
    174.000     9.9402   3.817368    35.0628       4819     3.3457 0.0000e+00
    175.000     9.9289   3.816339    35.0627       4850     3.3672 0.0000e+00
    176.000     9.9261   3.816088    35.0624       4874     3.3841 0.0000e+00
    177.000     9.9170   3.815213    35.0618       4896     3.3995 0.0000e+00
    178.000     9.9083   3.814432    35.0617       4919     3.4152 0.0000e+00
    179.000     9.9027   3.813903    35.0614       4945     3.4333 0.0000e+00
    180.000     9.8996   3.813631    35.0611       4979     3.4569 0.0000e+00
    181.000     9.8865   3.812410    35.0608       5015     3.4821 0.0000e+00
    182.000     9.8741   3.811350    35.0615       5042     3.5009 0.0000e+00
    183.000     9.8770   3.811637    35.0612       5065     3.5170 0.0000e+00
    184.000     9.8756   3.811533    35.0610       5086     3.5314 0.0000e+00
    185.000     9.8736   3.811374    35.0609       5108     3.5464 0.0000e+00
    186.000     9.8677   3.810827    35.0606       5134     3.5647 0.0000e+00
    187.000     9.8693   3.811039    35.0607       5168     3.5881 0.0000e+00
    188.000     9.8701   3.811162    35.0607       5196     3.6075 0.0000e+00
    189.000     9.8750   3.811678    35.0608       5219     3.6234 0.0000e+00
    190.000     9.8758   3.811769    35.0605       5286     3.6703 0.0000e+00
    189.000     9.8907   3.813124    35.0603       5944     4.1268 0.0000e+00
    188.000     9.8841   3.812447    35.0603       6104     4.2385 0.0000e+00
    187.000     9.8831   3.812313    35.0603       6137     4.2611 0.0000e+00
    186.000     9.8855   3.812500    35.0604       6156     4.2746 0.0000e+00
    185.000     9.8861   3.812516    35.0605       6180     4.2909 0.0000e+00
    184.000     9.8946   3.813299    35.0607       6211     4.3123 0.0000e+00
    183.000     9.8984   3.813521    35.0598       6248     4.3381 0.0000e+00
    182.000     9.9243   3.815958    35.0600       6276     4.3578 0.0000e+00
    181.000     9.9256   3.816071    35.0604       6299     4.3739 0.0000e+00
    180.000     9.9272   3.816196    35.0606       6322     4.3895 0.0000e+00
    179.000     9.9317   3.816600    35.0608       6348     4.4077 0.0000e+00
    178.000     9.9420   3.817501    35.0606       6376     4.4269 0.0000e+00
    177.000     9.9539   3.818637    35.0611       6399     4.4431 0.0000e+00
    176.000     9.9564   3.818849    35.0612       6419     4.4569 0.0000e+00
    175.000     9.9661   3.819695    35.0610       6441     4.4724 0.0000e+00
    174.000     9.9716   3.820237    35.0617       6471     4.4934 0.0000e+00
    173.000     9.9757   3.820539    35.0613       6509     4.5192 0.0000e+00
    172.000     9.9835   3.821264    35.0616       6534     4.5368 0.0000e+00
