HB2402/ctd169.cnv
* Sea-Bird SBE 9 Data File:
* FileName = C:\cruise\data\ctd169.hex
* Software Version Seasave V 7.26.7.121
* Temperature SN = 5253
* Conductivity SN = 4421
* Number of Bytes Per Scan = 37
* Number of Voltage Words = 4
* Number of Scans Averaged by the Deck Unit = 1
* NMEA Latitude = 40 26.82 N
* NMEA Longitude = 067 46.33 W
* NMEA UTC (Time) = Apr 26 2024 07:31:33
* NMEA baud rate = 4800
** Ship: Bigelow HB2402
** Program:  Spring Bottom Trawl Survey
** Chief Scientist: John Galbraith
# nquan = 7
# nvalues = 270                         
# units = specified
# name 0 = depSM: Depth [salt water, m]
# name 1 = t090C: Temperature [ITS-90, deg C]
# name 2 = c0S/m: Conductivity [S/m]
# name 3 = sal00: Salinity, Practical [PSU]
# name 4 = scan: Scan Count
# name 5 = timeM: Time, Elapsed [minutes]
# name 6 = flag: flag
# span 0 =      1.000,    137.000       
# span 1 =     5.3866,     7.1569       
# span 2 =   3.143054,   3.429034       
# span 3 =    31.9599,    33.6844       
# span 4 =         10,       9228       
# span 5 =     0.0063,     6.4078       
# span 6 = 0.0000e+00, 0.0000e+00       
# interval = meters: 1                  
# start_time = Apr 26 2024 07:31:33 [NMEA time, header]
# bad_flag = -9.990e-29
*END*
[from data line 206]
     64.000     5.4337   3.168562    32.4961       6769     4.7001 0.0000e+00
     63.000     5.4301   3.167788    32.4913       6799     4.7209 0.0000e+00
     62.000     5.4271   3.167199    32.4881       6842     4.7505 0.0000e+00
     61.000     5.4106   3.164230    32.4708       6870     4.7700 0.0000e+00
     60.000     5.3989   3.160401    32.4391       6891     4.7849 0.0000e+00
     59.000     5.3957   3.159051    32.4274       6913     4.8000 0.0000e+00
     58.000     5.3928   3.157946    32.4181       6939     4.8181 0.0000e+00
     57.000     5.3903   3.157115    32.4116       6967     4.8373 0.0000e+00
     56.000     5.3883   3.156482    32.4068       6992     4.8550 0.0000e+00
     55.000     5.3868   3.155975    32.4030       7020     4.8740 0.0000e+00
     54.000     5.3866   3.155677    32.4003       7057     4.9000 0.0000e+00
     53.000     5.3891   3.155278    32.3939       7091     4.9235 0.0000e+00
     52.000     5.3910   3.154746    32.3865       7113     4.9386 0.0000e+00
     51.000     5.3916   3.154446    32.3830       7131     4.9511 0.0000e+00
     50.000     5.3928   3.153975    32.3770       7149     4.9642 0.0000e+00
     49.000     5.3938   3.153161    32.3673       7177     4.9837 0.0000e+00
     48.000     5.3950   3.152538    32.3596       7227     5.0181 0.0000e+00
     47.000     5.4008   3.151258    32.3398       7253     5.0361 0.0000e+00
     46.000     5.4055   3.149681    32.3179       7270     5.0478 0.0000e+00
     45.000     5.4082   3.148576    32.3033       7287     5.0595 0.0000e+00
     44.000     5.4081   3.148290    32.3006       7307     5.0738 0.0000e+00
     43.000     5.3987   3.146768    32.2929       7347     5.1012 0.0000e+00
     42.000     5.3937   3.145872    32.2880       7387     5.1292 0.0000e+00
     41.000     5.3901   3.145079    32.2829       7408     5.1438 0.0000e+00
     40.000     5.3886   3.144399    32.2772       7427     5.1571 0.0000e+00
     39.000     5.3894   3.143813    32.2702       7448     5.1718 0.0000e+00
     38.000     5.3903   3.143579    32.2672       7478     5.1924 0.0000e+00
     37.000     5.3954   3.143270    32.2593       7511     5.2154 0.0000e+00
     36.000     5.4099   3.143054    32.2434       7535     5.2321 0.0000e+00
     35.000     5.4243   3.143141    32.2311       7555     5.2459 0.0000e+00
     34.000     5.4355   3.143341    32.2231       7575     5.2600 0.0000e+00
     33.000     5.4677   3.143999    32.2001       7604     5.2799 0.0000e+00
     32.000     5.5371   3.145673    32.1530       7645     5.3084 0.0000e+00
     31.000     5.5433   3.145951    32.1507       7672     5.3269 0.0000e+00
     30.000     5.5851   3.147032    32.1235       7693     5.3417 0.0000e+00
     29.000     5.6288   3.148287    32.0965       7714     5.3563 0.0000e+00
     28.000     5.6315   3.148362    32.0952       7737     5.3720 0.0000e+00
     27.000     5.6358   3.148477    32.0929       7761     5.3888 0.0000e+00
     26.000     5.6411   3.148498    32.0886       7787     5.4066 0.0000e+00
     25.000     5.6415   3.148394    32.0875       7817     5.4278 0.0000e+00
     24.000     5.6467   3.148351    32.0826       7849     5.4497 0.0000e+00
     23.000     5.6573   3.148482    32.0745       7873     5.4667 0.0000e+00
     22.000     5.6629   3.148727    32.0724       7895     5.4819 0.0000e+00
     21.000     5.6992   3.150265    32.0556       7918     5.4979 0.0000e+00
     20.000     5.7124   3.150893    32.0507       7945     5.5168 0.0000e+00
     19.000     5.7377   3.152236    32.0422       7978     5.5394 0.0000e+00
     18.000     5.7520   3.152787    32.0353       8007     5.5595 0.0000e+00
     17.000     5.7905   3.154621    32.0199       8029     5.5747 0.0000e+00
     16.000     5.7983   3.154995    32.0171       8048     5.5880 0.0000e+00
     15.000     5.8024   3.155249    32.0166       8067     5.6017 0.0000e+00
     14.000     5.8174   3.156195    32.0135       8093     5.6193 0.0000e+00
     13.000     5.8497   3.158130    32.0051       8132     5.6462 0.0000e+00
     12.000     5.8660   3.158510    31.9943       8162     5.6671 0.0000e+00
     11.000     5.8854   3.158835    31.9801       8181     5.6807 0.0000e+00
     10.000     5.8890   3.158467    31.9731       8199     5.6928 0.0000e+00
      9.000     5.8952   3.158223    31.9650       8218     5.7064 0.0000e+00
      8.000     5.8965   3.158248    31.9645       8248     5.7274 0.0000e+00
      7.000     5.8947   3.157772    31.9613       8286     5.7537 0.0000e+00
      6.000     5.9000   3.158046    31.9599       8713     6.0501 0.0000e+00
      5.000     5.9018   3.158331    31.9619       9076     6.3018 0.0000e+00
      4.000     5.9021   3.158283    31.9616       9077     6.3026 0.0000e+00
      3.000     5.8986   3.157829    31.9603       9109     6.3248 0.0000e+00
      2.000     5.8908   3.157275    31.9619       9201     6.3891 0.0000e+00
      1.000     5.8926   3.157339    31.9614       9228     6.4078 0.0000e+00
