HB2402/ctd129.cnv
* Sea-Bird SBE 9 Data File:
* FileName = C:\cruise\data\ctd129.hex
* Software Version Seasave V 7.26.7.121
* Temperature SN = 5253
* Conductivity SN = 4421
* Number of Bytes Per Scan = 37
* Number of Voltage Words = 4
* Number of Scans Averaged by the Deck Unit = 1
* NMEA Latitude = 41 02.68 N
* NMEA Longitude = 069 05.96 W
* NMEA UTC (Time) = Apr 11 2024 22:16:57
* NMEA baud rate = 4800
** Ship: Bigelow HB2304
** Program:  Fall Bottom Trawl Survey
** Chief Scientist: John Galbraith
# nquan = 7
# nvalues = 148                         
# units = specified
# name 0 = depSM: Depth [salt water, m]
# name 1 = t090C: Temperature [ITS-90, deg C]
# name 2 = c0S/m: Conductivity [S/m]
# name 3 = sal00: Salinity, Practical [PSU]
# name 4 = scan: Scan Count
# name 5 = timeM: Time, Elapsed [minutes]
# name 6 = flag: flag
# span 0 =      1.000,     76.000       
# span 1 =     5.6399,     5.6898       
# span 2 =   3.132925,   3.137443       
# span 3 =    31.9037,    31.9329       
# span 4 =        164,       5226       
# span 5 =     0.1134,     3.6283       
# span 6 = 0.0000e+00, 0.0000e+00       
# interval = meters: 1                  
# start_time = Apr 11 2024 22:16:57 [NMEA time, header]
# bad_flag = -9.990e-29
*END*
      4.000     5.6822   3.134822    31.9062        164     0.1134 0.0000e+00
      5.000     5.6813   3.134839    31.9067        307     0.2122 0.0000e+00
      6.000     5.6819   3.134835    31.9056        346     0.2394 0.0000e+00
      7.000     5.6827   3.134936    31.9055        394     0.2731 0.0000e+00
      8.000     5.6785   3.134730    31.9066        414     0.2870 0.0000e+00
      9.000     5.6530   3.133448    31.9160        430     0.2980 0.0000e+00
     10.000     5.6409   3.132925    31.9210        444     0.3080 0.0000e+00
     11.000     5.6401   3.133035    31.9226        459     0.3183 0.0000e+00
     12.000     5.6399   3.133142    31.9234        478     0.3313 0.0000e+00
     13.000     5.6400   3.133130    31.9227        529     0.3668 0.0000e+00
     14.000     5.6400   3.133151    31.9225        588     0.4074 0.0000e+00
     15.000     5.6403   3.133259    31.9229        601     0.4169 0.0000e+00
     16.000     5.6406   3.133371    31.9234        615     0.4261 0.0000e+00
     17.000     5.6410   3.133544    31.9245        627     0.4349 0.0000e+00
     18.000     5.6428   3.134048    31.9280        643     0.4455 0.0000e+00
     19.000     5.6434   3.134209    31.9287        682     0.4732 0.0000e+00
     20.000     5.6435   3.134185    31.9278        734     0.5092 0.0000e+00
     21.000     5.6440   3.134506    31.9305        751     0.5209 0.0000e+00
     22.000     5.6440   3.134562    31.9306        769     0.5333 0.0000e+00
     23.000     5.6443   3.134622    31.9306        792     0.5492 0.0000e+00
     24.000     5.6445   3.134694    31.9307        831     0.5766 0.0000e+00
     25.000     5.6446   3.134769    31.9310        863     0.5984 0.0000e+00
     26.000     5.6445   3.134835    31.9312        880     0.6103 0.0000e+00
     27.000     5.6446   3.134856    31.9309        897     0.6223 0.0000e+00
     28.000     5.6446   3.134824    31.9300        917     0.6362 0.0000e+00
     29.000     5.6448   3.134905    31.9303        953     0.6613 0.0000e+00
     30.000     5.6450   3.135091    31.9317       1002     0.6954 0.0000e+00
     31.000     5.6451   3.135200    31.9324       1025     0.7111 0.0000e+00
     32.000     5.6449   3.135164    31.9317       1040     0.7215 0.0000e+00
     33.000     5.6450   3.135228    31.9318       1056     0.7330 0.0000e+00
     34.000     5.6451   3.135267    31.9316       1076     0.7466 0.0000e+00
     35.000     5.6454   3.135325    31.9315       1118     0.7759 0.0000e+00
     36.000     5.6454   3.135386    31.9317       1165     0.8080 0.0000e+00
     37.000     5.6455   3.135458    31.9319       1184     0.8217 0.0000e+00
     38.000     5.6456   3.135514    31.9321       1200     0.8329 0.0000e+00
     39.000     5.6456   3.135545    31.9319       1216     0.8436 0.0000e+00
     40.000     5.6456   3.135570    31.9317       1235     0.8567 0.0000e+00
     41.000     5.6460   3.135696    31.9322       1276     0.8858 0.0000e+00
     42.000     5.6460   3.135774    31.9326       1324     0.9189 0.0000e+00
     43.000     5.6460   3.135828    31.9327       1344     0.9327 0.0000e+00
     44.000     5.6460   3.135864    31.9327       1363     0.9456 0.0000e+00
     45.000     5.6461   3.135846    31.9319       1381     0.9583 0.0000e+00
     46.000     5.6461   3.135906    31.9320       1401     0.9723 0.0000e+00
     47.000     5.6464   3.136001    31.9324       1429     0.9918 0.0000e+00
     48.000     5.6465   3.136072    31.9325       1470     1.0205 0.0000e+00
     49.000     5.6465   3.136093    31.9323       1500     1.0408 0.0000e+00
     50.000     5.6466   3.136089    31.9317       1520     1.0551 0.0000e+00
     51.000     5.6467   3.136118    31.9315       1542     1.0699 0.0000e+00
     52.000     5.6469   3.136167    31.9314       1572     1.0907 0.0000e+00
     53.000     5.6470   3.136261    31.9318       1614     1.1204 0.0000e+00
     54.000     5.6469   3.136329    31.9322       1643     1.1405 0.0000e+00
     55.000     5.6470   3.136393    31.9323       1661     1.1530 0.0000e+00
     56.000     5.6470   3.136461    31.9325       1677     1.1637 0.0000e+00
     57.000     5.6471   3.136491    31.9323       1692     1.1744 0.0000e+00
     58.000     5.6473   3.136555    31.9323       1710     1.1869 0.0000e+00
     59.000     5.6474   3.136613    31.9324       1750     1.2147 0.0000e+00
     60.000     5.6476   3.136678    31.9325       1820     1.2629 0.0000e+00
     61.000     5.6476   3.136731    31.9326       1836     1.2742 0.0000e+00
     62.000     5.6476   3.136783    31.9327       1852     1.2855 0.0000e+00
     63.000     5.6477   3.136845    31.9328       1868     1.2965 0.0000e+00
     64.000     5.6478   3.136901    31.9329       1884     1.3079 0.0000e+00
     65.000     5.6479   3.136919    31.9325       1904     1.3217 0.0000e+00
     66.000     5.6481   3.136963    31.9323       1938     1.3450 0.0000e+00
     67.000     5.6483   3.137030    31.9324       1995     1.3847 0.0000e+00
     68.000     5.6482   3.137085    31.9327       2018     1.4004 0.0000e+00
     69.000     5.6482   3.137082    31.9321       2033     1.4114 0.0000e+00
     70.000     5.6482   3.137175    31.9326       2049     1.4220 0.0000e+00
     71.000     5.6483   3.137233    31.9327       2067     1.4344 0.0000e+00
     72.000     5.6485   3.137260    31.9323       2117     1.4692 0.0000e+00
     73.000     5.6485   3.137328    31.9326       2168     1.5051 0.0000e+00
     74.000     5.6486   3.137376    31.9326       2189     1.5195 0.0000e+00
     75.000     5.6487   3.137400    31.9323       2215     1.5374 0.0000e+00
     76.000     5.6490   3.137443    31.9320       2263     1.5709 0.0000e+00
     75.000     5.6491   3.137427    31.9322       2284     1.5854 0.0000e+00
     74.000     5.6489   3.137380    31.9323       2315     1.6071 0.0000e+00
     73.000     5.6488   3.137281    31.9318       2766     1.9198 0.0000e+00
     72.000     5.6488   3.137246    31.9319       2874     1.9952 0.0000e+00
     71.000     5.6488   3.137205    31.9319       2887     2.0045 0.0000e+00
     70.000     5.6487   3.137161    31.9320       2904     2.0162 0.0000e+00
     69.000     5.6485   3.137099    31.9320       2924     2.0301 0.0000e+00
     68.000     5.6483   3.137025    31.9318       2953     2.0500 0.0000e+00
     67.000     5.6483   3.136992    31.9319       2992     2.0771 0.0000e+00
     66.000     5.6484   3.136960    31.9320       3022     2.0976 0.0000e+00
     65.000     5.6483   3.136899    31.9319       3043     2.1128 0.0000e+00
     64.000     5.6481   3.136852    31.9320       3065     2.1275 0.0000e+00
     63.000     5.6480   3.136806    31.9321       3090     2.1449 0.0000e+00
     62.000     5.6478   3.136732    31.9319       3124     2.1689 0.0000e+00
     61.000     5.6479   3.136681    31.9318       3155     2.1902 0.0000e+00
     60.000     5.6478   3.136606    31.9314       3175     2.2045 0.0000e+00
     59.000     5.6477   3.136563    31.9316       3194     2.2174 0.0000e+00
     58.000     5.6476   3.136527    31.9318       3214     2.2315 0.0000e+00
     57.000     5.6474   3.136465    31.9317       3245     2.2525 0.0000e+00
     56.000     5.6475   3.136419    31.9316       3277     2.2752 0.0000e+00
     55.000     5.6473   3.136345    31.9315       3300     2.2910 0.0000e+00
     54.000     5.6471   3.136291    31.9315       3321     2.3055 0.0000e+00
     53.000     5.6469   3.136235    31.9316       3348     2.3245 0.0000e+00
     52.000     5.6468   3.136186    31.9316       3393     2.3556 0.0000e+00
     51.000     5.6470   3.136141    31.9314       3419     2.3736 0.0000e+00
     50.000     5.6469   3.136066    31.9312       3437     2.3860 0.0000e+00
     49.000     5.6468   3.136025    31.9313       3453     2.3973 0.0000e+00
     48.000     5.6467   3.135992    31.9315       3471     2.4098 0.0000e+00
     47.000     5.6465   3.135934    31.9315       3496     2.4271 0.0000e+00
     46.000     5.6463   3.135904    31.9318       3533     2.4527 0.0000e+00
     45.000     5.6465   3.135862    31.9317       3569     2.4776 0.0000e+00
     44.000     5.6464   3.135830    31.9319       3594     2.4955 0.0000e+00
     43.000     5.6463   3.135779    31.9319       3617     2.5113 0.0000e+00
     42.000     5.6463   3.135705    31.9316       3640     2.5268 0.0000e+00
     41.000     5.6461   3.135681    31.9319       3662     2.5424 0.0000e+00
     40.000     5.6461   3.135616    31.9317       3687     2.5595 0.0000e+00
     39.000     5.6459   3.135569    31.9319       3716     2.5799 0.0000e+00
     38.000     5.6459   3.135473    31.9313       3747     2.6017 0.0000e+00
     37.000     5.6457   3.135385    31.9310       3774     2.6202 0.0000e+00
     36.000     5.6457   3.135377    31.9314       3797     2.6364 0.0000e+00
     35.000     5.6455   3.135294    31.9311       3820     2.6524 0.0000e+00
     34.000     5.6451   3.135144    31.9303       3849     2.6720 0.0000e+00
     33.000     5.6448   3.134979    31.9292       3877     2.6918 0.0000e+00
     32.000     5.6445   3.134853    31.9285       3900     2.7076 0.0000e+00
     31.000     5.6441   3.134730    31.9280       3921     2.7219 0.0000e+00
     30.000     5.6439   3.134679    31.9281       3945     2.7385 0.0000e+00
     29.000     5.6439   3.134565    31.9274       3979     2.7626 0.0000e+00
     28.000     5.6438   3.134580    31.9281       4014     2.7865 0.0000e+00
     27.000     5.6437   3.134517    31.9280       4037     2.8028 0.0000e+00
     26.000     5.6436   3.134450    31.9278       4058     2.8171 0.0000e+00
     25.000     5.6432   3.134328    31.9273       4079     2.8317 0.0000e+00
     24.000     5.6428   3.134190    31.9267       4103     2.8489 0.0000e+00
     23.000     5.6421   3.133976    31.9253       4132     2.8690 0.0000e+00
     22.000     5.6419   3.133828    31.9244       4159     2.8878 0.0000e+00
     21.000     5.6415   3.133705    31.9239       4183     2.9038 0.0000e+00
     20.000     5.6413   3.133625    31.9236       4207     2.9210 0.0000e+00
     19.000     5.6412   3.133532    31.9232       4239     2.9430 0.0000e+00
     18.000     5.6411   3.133467    31.9230       4270     2.9648 0.0000e+00
     17.000     5.6411   3.133380    31.9226       4294     2.9813 0.0000e+00
     16.000     5.6408   3.133270    31.9221       4316     2.9962 0.0000e+00
     15.000     5.6407   3.133279    31.9227       4338     3.0120 0.0000e+00
     14.000     5.6405   3.133231    31.9229       4367     3.0316 0.0000e+00
     13.000     5.6404   3.133123    31.9222       4397     3.0525 0.0000e+00
     12.000     5.6407   3.133029    31.9214       4420     3.0687 0.0000e+00
     11.000     5.6411   3.132975    31.9209       4440     3.0828 0.0000e+00
     10.000     5.6419   3.132955    31.9204       4461     3.0973 0.0000e+00
      9.000     5.6457   3.133104    31.9190       4486     3.1142 0.0000e+00
      8.000     5.6578   3.133665    31.9143       4518     3.1365 0.0000e+00
      7.000     5.6599   3.133722    31.9135       4556     3.1631 0.0000e+00
      6.000     5.6702   3.134226    31.9098       4582     3.1811 0.0000e+00
      5.000     5.6830   3.134831    31.9050       4602     3.1952 0.0000e+00
      4.000     5.6847   3.134858    31.9042       4621     3.2086 0.0000e+00
      3.000     5.6886   3.135120    31.9040       4926     3.4203 0.0000e+00
      2.000     5.6898   3.135158    31.9037       5189     3.6026 0.0000e+00
      1.000     5.6895   3.135103    31.9039       5226     3.6283 0.0000e+00
