HB2402/ctd136.cnv
* Sea-Bird SBE 9 Data File:
* FileName = C:\cruise\data\ctd136.hex
* Software Version Seasave V 7.26.7.121
* Temperature SN = 5253
* Conductivity SN = 4421
* Number of Bytes Per Scan = 37
* Number of Voltage Words = 4
* Number of Scans Averaged by the Deck Unit = 1
* NMEA Latitude = 41 57.67 N
* NMEA Longitude = 070 26.64 W
* NMEA UTC (Time) = Apr 13 2024 04:06:25
* NMEA baud rate = 4800
** Ship: Bigelow HB2304
** Program:  Fall Bottom Trawl Survey
** Chief Scientist: John Galbraith
# nquan = 7
# nvalues = 71                          
# units = specified
# name 0 = depSM: Depth [salt water, m]
# name 1 = t090C: Temperature [ITS-90, deg C]
# name 2 = c0S/m: Conductivity [S/m]
# name 3 = sal00: Salinity, Practical [PSU]
# name 4 = scan: Scan Count
# name 5 = timeM: Time, Elapsed [minutes]
# name 6 = flag: flag
# span 0 =      1.000,     37.000       
# span 1 =     5.1431,     5.7185       
# span 2 =   2.994784,   3.011022       
# span 3 =    30.4342,    30.8152       
# span 4 =        -55,       3052       
# span 5 =    -0.0391,     2.1190       
# span 6 = 0.0000e+00, 0.0000e+00       
# interval = meters: 1                  
# start_time = Apr 13 2024 04:06:25 [NMEA time, header]
# bad_flag = -9.990e-29
*END*
      3.000     5.7122   3.006321    30.4367        -55    -0.0391 0.0000e+00
      4.000     5.7185   3.006815    30.4360        219     0.1513 0.0000e+00
      5.000     5.7177   3.006793    30.4360        261     0.1808 0.0000e+00
      6.000     5.7147   3.006606    30.4362        287     0.1988 0.0000e+00
      7.000     5.7122   3.006439    30.4360        313     0.2167 0.0000e+00
      8.000     5.7117   3.006422    30.4359        341     0.2358 0.0000e+00
      9.000     5.7118   3.006472    30.4359        367     0.2540 0.0000e+00
     10.000     5.7119   3.006511    30.4357        394     0.2728 0.0000e+00
     11.000     5.7117   3.006546    30.4358        421     0.2917 0.0000e+00
     12.000     5.7115   3.006569    30.4358        448     0.3103 0.0000e+00
     13.000     5.7108   3.006599    30.4363        474     0.3286 0.0000e+00
     14.000     5.7107   3.006646    30.4365        501     0.3475 0.0000e+00
     15.000     5.7110   3.006727    30.4366        528     0.3662 0.0000e+00
     16.000     5.7108   3.006816    30.4373        555     0.3848 0.0000e+00
     17.000     5.7106   3.006893    30.4379        581     0.4029 0.0000e+00
     18.000     5.7108   3.006955    30.4380        607     0.4211 0.0000e+00
     19.000     5.7096   3.007232    30.4416        634     0.4398 0.0000e+00
     20.000     5.7073   3.007453    30.4457        662     0.4593 0.0000e+00
     21.000     5.6995   3.007896    30.4573        691     0.4788 0.0000e+00
     22.000     5.6940   3.008300    30.4663        717     0.4974 0.0000e+00
     23.000     5.6789   3.009008    30.4874        744     0.5161 0.0000e+00
     24.000     5.6492   3.008986    30.5136        771     0.5346 0.0000e+00
     25.000     5.6413   3.009427    30.5252        798     0.5536 0.0000e+00
     26.000     5.6385   3.010099    30.5348        827     0.5736 0.0000e+00
     27.000     5.6402   3.010678    30.5393        855     0.5934 0.0000e+00
     28.000     5.6342   3.011022    30.5482        883     0.6122 0.0000e+00
     29.000     5.6031   3.010462    30.5696        909     0.6305 0.0000e+00
     30.000     5.5438   3.008621    30.6024        936     0.6490 0.0000e+00
     31.000     5.3665   3.001634    30.6851        962     0.6674 0.0000e+00
     32.000     5.1715   2.995484    30.7940        990     0.6865 0.0000e+00
     33.000     5.1592   2.995363    30.8035       1018     0.7064 0.0000e+00
     34.000     5.1527   2.995359    30.8090       1046     0.7257 0.0000e+00
     35.000     5.1476   2.995327    30.8129       1073     0.7447 0.0000e+00
     36.000     5.1440   2.995280    30.8152       1100     0.7632 0.0000e+00
     37.000     5.1431   2.995254    30.8152       1127     0.7818 0.0000e+00
     36.000     5.1467   2.994824    30.8074       2212     1.5355 0.0000e+00
     35.000     5.1470   2.995057    30.8103       1882     1.3062 0.0000e+00
     34.000     5.1481   2.994978    30.8089       1916     1.3295 0.0000e+00
     33.000     5.1518   2.994913    30.8052       1941     1.3475 0.0000e+00
     32.000     5.1598   2.994784    30.7969       1967     1.3656 0.0000e+00
     31.000     5.2006   2.995442    30.7673       1994     1.3838 0.0000e+00
     30.000     5.3648   3.000686    30.6763       2020     1.4017 0.0000e+00
     29.000     5.4961   3.005462    30.6108       2045     1.4197 0.0000e+00
     28.000     5.5807   3.008445    30.5678       2071     1.4373 0.0000e+00
     27.000     5.6060   3.009417    30.5562       2096     1.4551 0.0000e+00
     26.000     5.6185   3.009814    30.5498       2122     1.4733 0.0000e+00
     25.000     5.6258   3.009936    30.5450       2149     1.4919 0.0000e+00
     24.000     5.6322   3.009722    30.5372       2176     1.5101 0.0000e+00
     23.000     5.6344   3.009542    30.5336       2202     1.5283 0.0000e+00
     22.000     5.6348   3.009311    30.5312       2228     1.5468 0.0000e+00
     21.000     5.6377   3.008891    30.5243       2254     1.5645 0.0000e+00
     20.000     5.6407   3.008633    30.5193       2280     1.5828 0.0000e+00
     19.000     5.6532   3.008471    30.5065       2306     1.6009 0.0000e+00
     18.000     5.6663   3.008495    30.4954       2332     1.6191 0.0000e+00
     17.000     5.6772   3.008283    30.4837       2359     1.6375 0.0000e+00
     16.000     5.6874   3.007723    30.4686       2386     1.6560 0.0000e+00
     15.000     5.6962   3.007300    30.4564       2411     1.6739 0.0000e+00
     14.000     5.7015   3.006956    30.4483       2437     1.6918 0.0000e+00
     13.000     5.7056   3.006730    30.4425       2463     1.7100 0.0000e+00
     12.000     5.7078   3.006588    30.4394       2490     1.7287 0.0000e+00
     11.000     5.7088   3.006407    30.4369       2517     1.7474 0.0000e+00
     10.000     5.7100   3.006292    30.4351       2544     1.7658 0.0000e+00
      9.000     5.7104   3.006226    30.4344       2569     1.7837 0.0000e+00
      8.000     5.7106   3.006187    30.4342       2595     1.8011 0.0000e+00
      7.000     5.7107   3.006163    30.4344       2620     1.8185 0.0000e+00
      6.000     5.7105   3.006136    30.4347       2645     1.8365 0.0000e+00
      5.000     5.7104   3.006127    30.4352       2672     1.8547 0.0000e+00
      4.000     5.7100   3.006058    30.4352       2699     1.8735 0.0000e+00
      3.000     5.7106   3.006059    30.4352       2865     1.9890 0.0000e+00
      2.000     5.7106   3.006038    30.4354       2985     2.0720 0.0000e+00
      1.000     5.7107   3.006005    30.4354       3052     2.1190 0.0000e+00
