HB2402/ctd109.cnv
* Sea-Bird SBE 9 Data File:
* FileName = C:\cruise\data\ctd109.hex
* Software Version Seasave V 7.26.7.121
* Temperature SN = 5253
* Conductivity SN = 4421
* Number of Bytes Per Scan = 37
* Number of Voltage Words = 4
* Number of Scans Averaged by the Deck Unit = 1
* NMEA Latitude = 40 02.63 N
* NMEA Longitude = 071 07.64 W
* NMEA UTC (Time) = Apr 07 2024 15:56:12
* NMEA baud rate = 4800
** Ship: Bigelow HB2304
** Program:  Fall Bottom Trawl Survey
** Chief Scientist: John Galbraith
# nquan = 7
# nvalues = 436                         
# units = specified
# name 0 = depSM: Depth [salt water, m]
# name 1 = t090C: Temperature [ITS-90, deg C]
# name 2 = c0S/m: Conductivity [S/m]
# name 3 = sal00: Salinity, Practical [PSU]
# name 4 = scan: Scan Count
# name 5 = timeM: Time, Elapsed [minutes]
# name 6 = flag: flag
# span 0 =      1.000,    220.000       
# span 1 =     6.0256,    13.0644       
# span 2 =   3.210100,   4.117895       
# span 3 =    32.4147,    35.1509       
# span 4 =        -17,      14702       
# span 5 =    -0.0122,    10.2090       
# span 6 = 0.0000e+00, 0.0000e+00       
# interval = meters: 1                  
# start_time = Apr 07 2024 15:56:12 [NMEA time, header]
# bad_flag = -9.990e-29
*END*
[from data line 206]
    210.000     9.7707   3.802426    35.0573       6700     4.6518 0.0000e+00
    211.000     9.4852   3.773639    35.0380       6724     4.6690 0.0000e+00
    212.000     9.1260   3.742600    35.0670       6743     4.6820 0.0000e+00
    213.000     9.1221   3.741827    35.0623       6762     4.6949 0.0000e+00
    214.000     9.1089   3.739762    35.0532       6841     4.7498 0.0000e+00
    215.000     9.0350   3.732712    35.0517       6892     4.7856 0.0000e+00
    216.000     8.9947   3.728953    35.0515       6907     4.7957 0.0000e+00
    217.000     8.9608   3.725998    35.0534       6921     4.8057 0.0000e+00
    218.000     8.9258   3.722740    35.0533       6939     4.8180 0.0000e+00
    219.000     8.8869   3.718759    35.0493       7053     4.8969 0.0000e+00
    220.000     8.6290   3.693939    35.0423       7166     4.9758 0.0000e+00
    219.000     8.8467   3.714598    35.0453       7173     4.9804 0.0000e+00
    218.000     8.8944   3.719022    35.0453       7195     4.9960 0.0000e+00
    217.000     8.9469   3.723969    35.0458       7389     5.1303 0.0000e+00
    216.000     8.9759   3.726563    35.0450       7525     5.2251 0.0000e+00
    215.000     9.0142   3.730167    35.0455       7562     5.2507 0.0000e+00
    214.000     9.0970   3.737229    35.0385       7595     5.2735 0.0000e+00
    213.000     9.1422   3.741756    35.0418       7617     5.2892 0.0000e+00
    212.000     9.1554   3.743004    35.0423       7637     5.3029 0.0000e+00
    211.000     9.1601   3.743558    35.0440       7658     5.3170 0.0000e+00
    210.000     9.3251   3.758971    35.0431       7682     5.3339 0.0000e+00
    209.000     9.5604   3.781230    35.0442       7709     5.3530 0.0000e+00
    208.000     9.7772   3.800454    35.0317       7734     5.3702 0.0000e+00
    207.000     9.8656   3.809354    35.0377       7752     5.3828 0.0000e+00
    206.000     9.8917   3.811998    35.0399       7769     5.3944 0.0000e+00
    205.000     9.9306   3.815419    35.0377       7787     5.4070 0.0000e+00
    204.000    10.0157   3.823788    35.0413       7813     5.4251 0.0000e+00
    203.000    10.0982   3.831174    35.0373       7854     5.4534 0.0000e+00
    202.000    10.2515   3.845996    35.0406       7884     5.4746 0.0000e+00
    201.000    10.3814   3.858370    35.0414       7906     5.4899 0.0000e+00
    200.000    10.5508   3.874005    35.0370       7924     5.5018 0.0000e+00
    199.000    10.6279   3.880618    35.0301       7939     5.5126 0.0000e+00
    198.000    10.6521   3.882732    35.0287       7955     5.5233 0.0000e+00
    197.000    10.6822   3.885749    35.0307       7972     5.5354 0.0000e+00
    196.000    10.7017   3.887902    35.0341       7996     5.5523 0.0000e+00
    195.000    10.8130   3.898539    35.0348       8036     5.5800 0.0000e+00
    194.000    10.9929   3.916900    35.0472       8072     5.6050 0.0000e+00
    193.000    11.0566   3.923857    35.0563       8094     5.6200 0.0000e+00
    192.000    11.0935   3.927876    35.0616       8113     5.6333 0.0000e+00
    191.000    11.1232   3.931014    35.0651       8132     5.6464 0.0000e+00
    190.000    11.1481   3.933958    35.0711       8154     5.6622 0.0000e+00
    189.000    11.2053   3.939990    35.0771       8185     5.6833 0.0000e+00
    188.000    11.4027   3.960924    35.0974       8215     5.7044 0.0000e+00
    187.000    11.6250   3.984729    35.1221       8239     5.7209 0.0000e+00
    186.000    11.7757   3.998253    35.1129       8260     5.7351 0.0000e+00
    185.000    11.8069   3.999607    35.0972       8280     5.7495 0.0000e+00
    184.000    11.8175   3.998988    35.0815       8306     5.7677 0.0000e+00
    183.000    11.8101   3.997477    35.0741       8338     5.7897 0.0000e+00
    182.000    11.8017   3.995814    35.0662       8370     5.8121 0.0000e+00
    181.000    11.7867   3.993393    35.0571       8398     5.8312 0.0000e+00
    180.000    11.7641   3.989956    35.0451       8421     5.8473 0.0000e+00
    179.000    11.7700   3.989692    35.0374       8443     5.8627 0.0000e+00
    178.000    11.7957   3.992019    35.0364       8466     5.8785 0.0000e+00
    177.000    11.8277   3.995207    35.0379       8487     5.8930 0.0000e+00
    176.000    11.8657   3.998748    35.0373       8512     5.9101 0.0000e+00
    175.000    11.9116   4.003318    35.0393       8549     5.9361 0.0000e+00
    174.000    11.9573   4.007736    35.0399       8592     5.9662 0.0000e+00
    173.000    11.9853   4.010327    35.0394       8615     5.9821 0.0000e+00
    172.000    12.0219   4.013533    35.0366       8634     5.9950 0.0000e+00
    171.000    12.0579   4.016984    35.0370       8651     6.0066 0.0000e+00
    170.000    12.0836   4.019504    35.0378       8670     6.0201 0.0000e+00
    169.000    12.1136   4.022474    35.0390       8701     6.0420 0.0000e+00
    168.000    12.1376   4.025008    35.0417       8751     6.0767 0.0000e+00
    167.000    12.1843   4.029799    35.0449       8777     6.0948 0.0000e+00
    166.000    12.2984   4.040315    35.0405       8798     6.1088 0.0000e+00
    165.000    12.3811   4.047323    35.0316       8816     6.1217 0.0000e+00
    164.000    12.4328   4.052140    35.0304       8838     6.1369 0.0000e+00
    163.000    12.4746   4.056416    35.0331       8868     6.1575 0.0000e+00
    162.000    12.5068   4.059371    35.0320       8906     6.1842 0.0000e+00
    161.000    12.5221   4.060823    35.0321       8943     6.2098 0.0000e+00
    160.000    12.4480   4.050938    35.0062       8964     6.2244 0.0000e+00
    159.000    12.3632   4.039922    34.9793       8986     6.2398 0.0000e+00
    158.000    12.3258   4.034208    34.9593       9009     6.2553 0.0000e+00
    157.000    12.3266   4.033895    34.9560       9036     6.2746 0.0000e+00
    156.000    12.3320   4.034256    34.9548       9073     6.2997 0.0000e+00
    155.000    12.3368   4.034629    34.9545       9101     6.3193 0.0000e+00
    154.000    12.3457   4.035551    34.9555       9127     6.3377 0.0000e+00
    153.000    12.3613   4.037275    34.9581       9159     6.3594 0.0000e+00
    152.000    12.4196   4.044022    34.9695       9189     6.3808 0.0000e+00
    151.000    12.5171   4.054958    34.9846       9213     6.3970 0.0000e+00
    150.000    12.5846   4.062666    34.9965       9235     6.4128 0.0000e+00
    149.000    12.6233   4.067260    35.0052       9261     6.4303 0.0000e+00
    148.000    12.6368   4.068895    35.0088       9293     6.4529 0.0000e+00
    147.000    12.6990   4.076061    35.0203       9332     6.4799 0.0000e+00
    146.000    12.7242   4.078970    35.0252       9365     6.5026 0.0000e+00
    145.000    12.7143   4.077900    35.0246       9395     6.5235 0.0000e+00
    144.000    12.7086   4.077256    35.0241       9420     6.5413 0.0000e+00
    143.000    12.7229   4.078874    35.0268       9444     6.5574 0.0000e+00
    142.000    12.7607   4.083076    35.0324       9466     6.5732 0.0000e+00
    141.000    12.8126   4.088866    35.0402       9494     6.5927 0.0000e+00
    140.000    12.8630   4.094318    35.0461       9557     6.6359 0.0000e+00
    139.000    12.8910   4.097587    35.0518       9581     6.6526 0.0000e+00
    138.000    12.8968   4.098209    35.0528       9594     6.6621 0.0000e+00
    137.000    12.9022   4.098808    35.0540       9609     6.6724 0.0000e+00
    136.000    12.9060   4.099239    35.0550       9627     6.6848 0.0000e+00
    135.000    12.9193   4.100816    35.0582       9707     6.7401 0.0000e+00
    134.000    12.9224   4.101171    35.0591       9741     6.7641 0.0000e+00
    133.000    12.9292   4.101950    35.0606       9759     6.7761 0.0000e+00
    132.000    12.9383   4.102983    35.0625       9777     6.7886 0.0000e+00
    131.000    12.9535   4.104787    35.0661       9799     6.8039 0.0000e+00
    130.000    12.9791   4.107751    35.0711       9835     6.8294 0.0000e+00
    129.000    13.0346   4.114199    35.0816       9880     6.8601 0.0000e+00
    128.000    13.0511   4.116027    35.0842       9914     6.8837 0.0000e+00
    127.000    13.0368   4.114157    35.0801       9958     6.9142 0.0000e+00
    126.000    13.0297   4.113171    35.0776       9989     6.9365 0.0000e+00
    125.000    13.0137   4.110958    35.0718      10014     6.9536 0.0000e+00
    124.000    12.9933   4.108290    35.0657      10040     6.9715 0.0000e+00
    123.000    12.9660   4.104718    35.0573      10070     6.9925 0.0000e+00
    122.000    12.9389   4.101135    35.0486      10110     7.0199 0.0000e+00
    121.000    12.9234   4.099142    35.0444      10150     7.0481 0.0000e+00
    120.000    12.9133   4.097698    35.0404      10178     7.0675 0.0000e+00
    119.000    12.8813   4.093399    35.0294      10205     7.0858 0.0000e+00
    118.000    12.8552   4.090002    35.0215      10241     7.1111 0.0000e+00
    117.000    12.8381   4.087798    35.0166      10288     7.1439 0.0000e+00
    116.000    12.8362   4.087490    35.0159      10313     7.1611 0.0000e+00
    115.000    12.8367   4.087510    35.0161      10336     7.1769 0.0000e+00
    114.000    12.8328   4.086966    35.0149      10383     7.2100 0.0000e+00
    113.000    12.8298   4.086523    35.0139      10442     7.2504 0.0000e+00
    112.000    12.8290   4.086375    35.0136      10455     7.2598 0.0000e+00
    111.000    12.8246   4.085759    35.0122      10473     7.2721 0.0000e+00
    110.000    12.8144   4.084426    35.0093      10491     7.2847 0.0000e+00
    109.000    12.8078   4.083529    35.0074      10514     7.3004 0.0000e+00
    108.000    12.7991   4.082354    35.0046      10586     7.3504 0.0000e+00
    107.000    12.7998   4.082372    35.0046      10628     7.3796 0.0000e+00
    106.000    12.7901   4.081051    35.0013      10650     7.3949 0.0000e+00
    105.000    12.7643   4.077742    34.9939      10671     7.4100 0.0000e+00
    104.000    12.7376   4.074335    34.9864      10700     7.4300 0.0000e+00
    103.000    12.7235   4.072532    34.9827      10738     7.4566 0.0000e+00
    102.000    12.7042   4.070033    34.9770      10778     7.4839 0.0000e+00
    101.000    12.6551   4.063800    34.9631      10815     7.5094 0.0000e+00
    100.000    12.5766   4.053966    34.9419      10847     7.5317 0.0000e+00
     99.000    12.5112   4.045633    34.9227      10881     7.5559 0.0000e+00
     98.000    12.4890   4.042688    34.9154      10911     7.5767 0.0000e+00
     97.000    12.4314   4.035396    34.8990      10935     7.5930 0.0000e+00
     96.000    12.3939   4.030630    34.8883      10964     7.6130 0.0000e+00
     95.000    12.3577   4.026088    34.8784      11028     7.6578 0.0000e+00
     94.000    12.3405   4.023706    34.8718      11061     7.6806 0.0000e+00
     93.000    12.2931   4.017641    34.8576      11083     7.6959 0.0000e+00
     92.000    12.2249   4.008660    34.8345      11110     7.7145 0.0000e+00
     91.000    12.1587   4.000056    34.8130      11138     7.7338 0.0000e+00
     90.000    12.0335   3.984000    34.7739      11172     7.7578 0.0000e+00
     89.000    11.8956   3.966398    34.7313      11227     7.7956 0.0000e+00
     88.000    11.8656   3.962625    34.7228      11259     7.8183 0.0000e+00
     87.000    11.8611   3.961937    34.7206      11280     7.8324 0.0000e+00
     86.000    11.8541   3.960988    34.7184      11305     7.8498 0.0000e+00
     85.000    11.8422   3.959452    34.7149      11355     7.8844 0.0000e+00
     84.000    11.8233   3.957026    34.7092      11393     7.9113 0.0000e+00
     83.000    11.8141   3.955822    34.7065      11419     7.9290 0.0000e+00
     82.000    11.7639   3.949386    34.6907      11444     7.9467 0.0000e+00
     81.000    11.6396   3.933529    34.6517      11493     7.9807 0.0000e+00
     80.000    11.5345   3.919799    34.6153      11534     8.0092 0.0000e+00
     79.000    11.5079   3.916457    34.6076      11559     8.0265 0.0000e+00
     78.000    11.4574   3.909709    34.5888      11592     8.0492 0.0000e+00
     77.000    11.3591   3.896224    34.5479      11636     8.0800 0.0000e+00
     76.000    11.2819   3.885940    34.5188      11674     8.1061 0.0000e+00
     75.000    11.2333   3.879460    34.5006      11703     8.1265 0.0000e+00
     74.000    11.1889   3.873736    34.4859      11728     8.1436 0.0000e+00
     73.000    11.0350   3.853800    34.4322      11755     8.1624 0.0000e+00
     72.000    10.8335   3.828031    34.3644      11812     8.2023 0.0000e+00
     71.000    10.7497   3.816934    34.3325      11865     8.2386 0.0000e+00
     70.000    10.7038   3.810770    34.3142      11888     8.2546 0.0000e+00
     69.000    10.6170   3.799024    34.2782      11906     8.2672 0.0000e+00
     68.000    10.5174   3.785906    34.2402      11925     8.2802 0.0000e+00
     67.000    10.4418   3.776192    34.2137      11952     8.2995 0.0000e+00
     66.000    10.3767   3.767763    34.1903      12040     8.3604 0.0000e+00
     65.000    10.3315   3.761853    34.1735      12064     8.3772 0.0000e+00
     64.000    10.2098   3.746305    34.1309      12083     8.3906 0.0000e+00
     63.000    10.0163   3.721125    34.0575      12109     8.4087 0.0000e+00
     62.000     9.7900   3.692743    33.9814      12152     8.4384 0.0000e+00
     61.000     9.5952   3.667720    33.9089      12191     8.4652 0.0000e+00
     60.000     9.4218   3.646070    33.8501      12221     8.4859 0.0000e+00
     59.000     9.2495   3.624966    33.7950      12249     8.5054 0.0000e+00
     58.000     9.1200   3.608692    33.7491      12293     8.5360 0.0000e+00
     57.000     9.0870   3.603897    33.7309      12346     8.5730 0.0000e+00
     56.000     8.9807   3.591069    33.6984      12370     8.5894 0.0000e+00
     55.000     8.9015   3.581921    33.6785      12391     8.6039 0.0000e+00
     54.000     8.8609   3.576990    33.6658      12413     8.6196 0.0000e+00
     53.000     8.8073   3.570148    33.6456      12446     8.6425 0.0000e+00
     52.000     8.6611   3.552289    33.5974      12502     8.6810 0.0000e+00
     51.000     8.5640   3.540200    33.5629      12545     8.7109 0.0000e+00
     50.000     8.5051   3.532534    33.5384      12571     8.7291 0.0000e+00
     49.000     8.4571   3.526455    33.5204      12592     8.7436 0.0000e+00
     48.000     8.3771   3.516029    33.4867      12614     8.7593 0.0000e+00
     47.000     8.2170   3.495579    33.4227      12650     8.7840 0.0000e+00
     46.000     7.8690   3.453468    33.3058      12717     8.8304 0.0000e+00
     45.000     7.6941   3.431324    33.2355      12738     8.8452 0.0000e+00
     44.000     7.4614   3.402445    33.1466      12758     8.8592 0.0000e+00
     43.000     7.3634   3.389059    33.0958      12783     8.8764 0.0000e+00
     42.000     7.3286   3.382684    33.0605      12819     8.9011 0.0000e+00
     41.000     7.3116   3.378321    33.0298      12858     8.9282 0.0000e+00
     40.000     7.3523   3.379661    33.0060      12886     8.9477 0.0000e+00
     39.000     7.3469   3.377851    32.9920      12918     8.9698 0.0000e+00
     38.000     7.3380   3.376319    32.9843      12962     9.0008 0.0000e+00
     37.000     7.2877   3.370141    32.9658      13004     9.0300 0.0000e+00
     36.000     7.2542   3.365941    32.9526      13026     9.0451 0.0000e+00
     35.000     7.2410   3.364294    32.9477      13043     9.0572 0.0000e+00
     34.000     7.1908   3.358613    32.9344      13060     9.0690 0.0000e+00
     33.000     7.1495   3.354022    32.9242      13082     9.0843 0.0000e+00
     32.000     7.0539   3.343473    32.9010      13140     9.1246 0.0000e+00
     31.000     7.0064   3.338217    32.8894      13185     9.1557 0.0000e+00
     30.000     6.9679   3.333450    32.8745      13206     9.1698 0.0000e+00
     29.000     6.9371   3.329668    32.8631      13224     9.1824 0.0000e+00
     28.000     6.9036   3.325466    32.8496      13243     9.1960 0.0000e+00
     27.000     6.8620   3.320393    32.8343      13270     9.2147 0.0000e+00
