HB2402/ctd143.cnv
* Sea-Bird SBE 9 Data File:
* FileName = C:\cruise\data\ctd143.hex
* Software Version Seasave V 7.26.7.121
* Temperature SN = 5253
* Conductivity SN = 4421
* Number of Bytes Per Scan = 37
* Number of Voltage Words = 4
* Number of Scans Averaged by the Deck Unit = 1
* NMEA Latitude = 42 20.17 N
* NMEA Longitude = 070 40.16 W
* NMEA UTC (Time) = Apr 13 2024 20:00:21
* NMEA baud rate = 4800
** Ship: Bigelow HB2304
** Program:  Fall Bottom Trawl Survey
** Chief Scientist: John Galbraith
# nquan = 7
# nvalues = 106                         
# units = specified
# name 0 = depSM: Depth [salt water, m]
# name 1 = t090C: Temperature [ITS-90, deg C]
# name 2 = c0S/m: Conductivity [S/m]
# name 3 = sal00: Salinity, Practical [PSU]
# name 4 = scan: Scan Count
# name 5 = timeM: Time, Elapsed [minutes]
# name 6 = flag: flag
# span 0 =      2.000,     55.000       
# span 1 =     4.8284,     6.5460       
# span 2 =   2.965858,   3.043447       
# span 3 =    30.0930,    31.1025       
# span 4 =        210,       5079       
# span 5 =     0.1449,     3.5264       
# span 6 = 0.0000e+00, 0.0000e+00       
# interval = meters: 1                  
# start_time = Apr 13 2024 20:00:21 [NMEA time, header]
# bad_flag = -9.990e-29
*END*
      3.000     6.5352   3.041610    30.0930        210     0.1449 0.0000e+00
      4.000     6.5405   3.042298    30.0954        430     0.2980 0.0000e+00
      5.000     6.5400   3.042231    30.0946        447     0.3100 0.0000e+00
      6.000     6.5359   3.042086    30.0961        494     0.3422 0.0000e+00
      7.000     6.5460   3.043447    30.1017        554     0.3838 0.0000e+00
      8.000     6.2087   3.023118    30.1763        592     0.4101 0.0000e+00
      9.000     5.9491   3.006172    30.2195        635     0.4405 0.0000e+00
     10.000     5.8114   3.002813    30.3049        677     0.4693 0.0000e+00
     11.000     5.8459   3.010328    30.3572        718     0.4978 0.0000e+00
     12.000     5.7692   3.006012    30.3776        762     0.5283 0.0000e+00
     13.000     5.7062   3.002573    30.3954        803     0.5571 0.0000e+00
     14.000     5.6609   2.999223    30.3984        848     0.5880 0.0000e+00
     15.000     5.3869   2.981341    30.4450        891     0.6182 0.0000e+00
     16.000     5.1839   2.971555    30.5188        935     0.6486 0.0000e+00
     17.000     5.0673   2.969018    30.5962        981     0.6805 0.0000e+00
     18.000     4.9701   2.967996    30.6734       1024     0.7107 0.0000e+00
     19.000     4.9134   2.965858    30.7008       1067     0.7403 0.0000e+00
     20.000     4.8955   2.966182    30.7206       1112     0.7719 0.0000e+00
     21.000     4.9033   2.968675    30.7413       1154     0.8008 0.0000e+00
     22.000     4.9005   2.969134    30.7487       1197     0.8304 0.0000e+00
     23.000     4.8908   2.969504    30.7614       1247     0.8651 0.0000e+00
     24.000     4.8656   2.972453    30.8180       1298     0.9004 0.0000e+00
     25.000     4.8539   2.974122    30.8475       1338     0.9285 0.0000e+00
     26.000     4.8477   2.975001    30.8628       1375     0.9539 0.0000e+00
     27.000     4.8382   2.974968    30.8709       1415     0.9817 0.0000e+00
     28.000     4.8370   2.975115    30.8731       1462     1.0148 0.0000e+00
     29.000     4.8348   2.975177    30.8754       1512     1.0490 0.0000e+00
     30.000     4.8336   2.975480    30.8795       1558     1.0816 0.0000e+00
     31.000     4.8284   2.976065    30.8906       1601     1.1113 0.0000e+00
     32.000     4.8353   2.979458    30.9226       1639     1.1375 0.0000e+00
     33.000     4.8692   2.984122    30.9440       1677     1.1637 0.0000e+00
     34.000     4.8765   2.985161    30.9486       1725     1.1974 0.0000e+00
     35.000     4.8751   2.985562    30.9539       1774     1.2310 0.0000e+00
     36.000     4.8721   2.986156    30.9631       1811     1.2570 0.0000e+00
     37.000     4.8696   2.987740    30.9831       1853     1.2861 0.0000e+00
     38.000     4.8685   2.988429    30.9915       1906     1.3228 0.0000e+00
     39.000     4.8680   2.988785    30.9956       1953     1.3554 0.0000e+00
     40.000     4.8628   2.991902    31.0357       1991     1.3823 0.0000e+00
     41.000     4.8607   2.993591    31.0565       2018     1.4009 0.0000e+00
     42.000     4.8560   2.994178    31.0672       2045     1.4194 0.0000e+00
     43.000     4.8491   2.993920    31.0701       2077     1.4414 0.0000e+00
     44.000     4.8483   2.993930    31.0705       2115     1.4682 0.0000e+00
     45.000     4.8473   2.993961    31.0713       2156     1.4967 0.0000e+00
     46.000     4.8428   2.993949    31.0749       2193     1.5222 0.0000e+00
     47.000     4.8405   2.994047    31.0776       2227     1.5461 0.0000e+00
     48.000     4.8406   2.994153    31.0783       2261     1.5697 0.0000e+00
     49.000     4.8406   2.994313    31.0797       2293     1.5917 0.0000e+00
     50.000     4.8401   2.994523    31.0820       2322     1.6120 0.0000e+00
     51.000     4.8398   2.994770    31.0847       2350     1.6315 0.0000e+00
     52.000     4.8402   2.995148    31.0881       2380     1.6524 0.0000e+00
     53.000     4.8416   2.995815    31.0940       2419     1.6793 0.0000e+00
     54.000     4.8430   2.996476    31.0998       2461     1.7086 0.0000e+00
     55.000     4.8443   2.996870    31.1025       2869     1.9917 0.0000e+00
     54.000     4.8450   2.996830    31.1019       3119     2.1650 0.0000e+00
     53.000     4.8445   2.996703    31.1014       3149     2.1864 0.0000e+00
     52.000     4.8439   2.996400    31.0990       3173     2.2030 0.0000e+00
     51.000     4.8425   2.995902    31.0951       3200     2.2215 0.0000e+00
     50.000     4.8415   2.995409    31.0909       3229     2.2417 0.0000e+00
     49.000     4.8405   2.994843    31.0859       3259     2.2628 0.0000e+00
     48.000     4.8410   2.994535    31.0823       3288     2.2827 0.0000e+00
     47.000     4.8411   2.994325    31.0803       3314     2.3008 0.0000e+00
     46.000     4.8410   2.994094    31.0783       3338     2.3173 0.0000e+00
     45.000     4.8415   2.993961    31.0768       3361     2.3333 0.0000e+00
     44.000     4.8436   2.993893    31.0745       3386     2.3504 0.0000e+00
     43.000     4.8465   2.993848    31.0717       3413     2.3692 0.0000e+00
     42.000     4.8482   2.993798    31.0701       3440     2.3881 0.0000e+00
     41.000     4.8500   2.993823    31.0692       3466     2.4062 0.0000e+00
     40.000     4.8549   2.993767    31.0644       3491     2.4238 0.0000e+00
     39.000     4.8583   2.993134    31.0545       3517     2.4414 0.0000e+00
     38.000     4.8629   2.991067    31.0270       3542     2.4589 0.0000e+00
     37.000     4.8657   2.989538    31.0073       3568     2.4771 0.0000e+00
     36.000     4.8667   2.988925    30.9998       3596     2.4967 0.0000e+00
     35.000     4.8686   2.987776    30.9854       3627     2.5184 0.0000e+00
     34.000     4.8715   2.986183    30.9649       3656     2.5380 0.0000e+00
     33.000     4.8737   2.985926    30.9605       3679     2.5542 0.0000e+00
     32.000     4.8749   2.985604    30.9561       3701     2.5695 0.0000e+00
     31.000     4.8744   2.985006    30.9502       3723     2.5851 0.0000e+00
     30.000     4.8597   2.982864    30.9398       3748     2.6020 0.0000e+00
     29.000     4.8529   2.980971    30.9250       3777     2.6220 0.0000e+00
     28.000     4.8405   2.977354    30.8956       3807     2.6433 0.0000e+00
     27.000     4.8377   2.975685    30.8795       3834     2.6615 0.0000e+00
     26.000     4.8382   2.975533    30.8778       3858     2.6783 0.0000e+00
     25.000     4.8375   2.975072    30.8737       3883     2.6958 0.0000e+00
     24.000     4.8383   2.974658    30.8686       3911     2.7151 0.0000e+00
     23.000     4.8419   2.974102    30.8594       3938     2.7342 0.0000e+00
     22.000     4.8475   2.973020    30.8423       3963     2.7517 0.0000e+00
     21.000     4.8589   2.971816    30.8184       3989     2.7693 0.0000e+00
     20.000     4.8813   2.969855    30.7756       4013     2.7864 0.0000e+00
     19.000     4.8972   2.967731    30.7372       4038     2.8032 0.0000e+00
     18.000     4.9113   2.966638    30.7121       4062     2.8203 0.0000e+00
     17.000     4.9295   2.966702    30.6966       4088     2.8385 0.0000e+00
     16.000     4.9753   2.966989    30.6581       4115     2.8572 0.0000e+00
     15.000     5.0694   2.968069    30.5844       4142     2.8758 0.0000e+00
     14.000     5.1628   2.970854    30.5310       4170     2.8953 0.0000e+00
     13.000     5.3334   2.979260    30.4711       4199     2.9152 0.0000e+00
     12.000     5.5423   2.990705    30.4110       4224     2.9326 0.0000e+00
     11.000     5.6043   2.995085    30.4045       4246     2.9481 0.0000e+00
     10.000     5.6918   2.999789    30.3786       4268     2.9633 0.0000e+00
      9.000     5.7522   3.002125    30.3509       4292     2.9799 0.0000e+00
      8.000     5.7784   3.000943    30.3146       4318     2.9982 0.0000e+00
      7.000     5.8189   2.999250    30.2599       4346     3.0170 0.0000e+00
      6.000     6.0520   3.012547    30.1997       4372     3.0358 0.0000e+00
      5.000     6.2493   3.024607    30.1580       4397     3.0530 0.0000e+00
      4.000     6.3031   3.028611    30.1550       4425     3.0724 0.0000e+00
      3.000     6.3626   3.032425    30.1446       4472     3.1052 0.0000e+00
      2.000     6.4533   3.039355    30.1410       5079     3.5264 0.0000e+00
