HB2402/ctd168.cnv
* Sea-Bird SBE 9 Data File:
* FileName = C:\cruise\data\ctd168.hex
* Software Version Seasave V 7.26.7.121
* Temperature SN = 5253
* Conductivity SN = 4421
* Number of Bytes Per Scan = 37
* Number of Voltage Words = 4
* Number of Scans Averaged by the Deck Unit = 1
* NMEA Latitude = 41 11.23 N
* NMEA Longitude = 067 41.73 W
* NMEA UTC (Time) = Apr 18 2024 15:46:30
* NMEA baud rate = 4800
** Ship: Bigelow HB2304
** Program:  Fall Bottom Trawl Survey
** Chief Scientist: John Galbraith
# nquan = 7
# nvalues = 89                          
# units = specified
# name 0 = depSM: Depth [salt water, m]
# name 1 = t090C: Temperature [ITS-90, deg C]
# name 2 = c0S/m: Conductivity [S/m]
# name 3 = sal00: Salinity, Practical [PSU]
# name 4 = scan: Scan Count
# name 5 = timeM: Time, Elapsed [minutes]
# name 6 = flag: flag
# span 0 =      1.000,     46.000       
# span 1 =     6.3380,     6.5983       
# span 2 =   3.185230,   3.205820       
# span 3 =    31.8219,    31.8714       
# span 4 =        -53,       3857       
# span 5 =    -0.0378,     2.6777       
# span 6 = 0.0000e+00, 0.0000e+00       
# interval = meters: 1                  
# start_time = Apr 18 2024 15:46:30 [NMEA time, header]
# bad_flag = -9.990e-29
*END*
      3.000     6.5607   3.205820    31.8714        -53    -0.0378 0.0000e+00
      4.000     6.5816   3.203715    31.8283        348     0.2407 0.0000e+00
      5.000     6.5983   3.204600    31.8219        394     0.2730 0.0000e+00
      6.000     6.5666   3.205223    31.8579        426     0.2953 0.0000e+00
      7.000     6.4999   3.200505    31.8676        457     0.3168 0.0000e+00
      8.000     6.3940   3.190750    31.8584        484     0.3352 0.0000e+00
      9.000     6.4033   3.190570    31.8472        506     0.3510 0.0000e+00
     10.000     6.3607   3.186966    31.8467        528     0.3656 0.0000e+00
     11.000     6.3566   3.186497    31.8449        549     0.3806 0.0000e+00
     12.000     6.3516   3.186028    31.8439        575     0.3984 0.0000e+00
     13.000     6.3588   3.186473    31.8416        607     0.4205 0.0000e+00
     14.000     6.3622   3.186841    31.8421        638     0.4422 0.0000e+00
     15.000     6.3469   3.185642    31.8426        666     0.4619 0.0000e+00
     16.000     6.3463   3.185610    31.8423        692     0.4797 0.0000e+00
     17.000     6.3443   3.185457    31.8420        716     0.4968 0.0000e+00
     18.000     6.3427   3.185387    31.8423        742     0.5148 0.0000e+00
     19.000     6.3440   3.185509    31.8419        769     0.5330 0.0000e+00
     20.000     6.3425   3.185417    31.8418        793     0.5502 0.0000e+00
     21.000     6.3449   3.185651    31.8417        818     0.5674 0.0000e+00
     22.000     6.3432   3.185562    31.8418        845     0.5861 0.0000e+00
     23.000     6.3426   3.185546    31.8417        873     0.6056 0.0000e+00
     24.000     6.3434   3.185621    31.8413        902     0.6260 0.0000e+00
     25.000     6.3430   3.185643    31.8415        931     0.6457 0.0000e+00
     26.000     6.3432   3.185687    31.8413        957     0.6638 0.0000e+00
     27.000     6.3444   3.185828    31.8412        983     0.6817 0.0000e+00
     28.000     6.3479   3.186143    31.8410       1009     0.7000 0.0000e+00
     29.000     6.3472   3.186124    31.8409       1037     0.7196 0.0000e+00
     30.000     6.3458   3.186066    31.8411       1066     0.7393 0.0000e+00
     31.000     6.3432   3.185903    31.8413       1092     0.7577 0.0000e+00
     32.000     6.3409   3.185759    31.8413       1118     0.7757 0.0000e+00
     33.000     6.3398   3.185707    31.8413       1143     0.7933 0.0000e+00
     34.000     6.3401   3.185776    31.8413       1169     0.8110 0.0000e+00
     35.000     6.3397   3.185773    31.8412       1197     0.8304 0.0000e+00
     36.000     6.3389   3.185777    31.8415       1224     0.8493 0.0000e+00
     37.000     6.3400   3.185899    31.8413       1251     0.8677 0.0000e+00
     38.000     6.3394   3.185898    31.8414       1276     0.8855 0.0000e+00
     39.000     6.3391   3.185912    31.8414       1303     0.9041 0.0000e+00
     40.000     6.3384   3.185230    31.8340       1332     0.9240 0.0000e+00
     41.000     6.3382   3.185939    31.8416       1363     0.9460 0.0000e+00
     42.000     6.3382   3.185969    31.8414       1393     0.9667 0.0000e+00
     43.000     6.3382   3.186023    31.8415       1417     0.9836 0.0000e+00
     44.000     6.3382   3.186064    31.8415       1440     0.9990 0.0000e+00
     45.000     6.3380   3.186086    31.8415       1462     1.0145 0.0000e+00
     46.000     6.3385   3.186091    31.8405       1901     1.3195 0.0000e+00
     45.000     6.3388   3.186114    31.8410       2333     1.6195 0.0000e+00
     44.000     6.3388   3.186096    31.8413       2358     1.6365 0.0000e+00
     43.000     6.3388   3.186042    31.8412       2382     1.6534 0.0000e+00
     42.000     6.3388   3.186009    31.8413       2406     1.6700 0.0000e+00
     41.000     6.3389   3.185968    31.8413       2429     1.6862 0.0000e+00
     40.000     6.3388   3.185913    31.8412       2454     1.7035 0.0000e+00
     39.000     6.3389   3.185867    31.8411       2482     1.7228 0.0000e+00
     38.000     6.3389   3.185833    31.8412       2509     1.7419 0.0000e+00
     37.000     6.3387   3.185771    31.8412       2536     1.7604 0.0000e+00
     36.000     6.3384   3.185705    31.8411       2562     1.7785 0.0000e+00
     35.000     6.3384   3.185651    31.8411       2588     1.7963 0.0000e+00
     34.000     6.3385   3.185622    31.8411       2613     1.8140 0.0000e+00
     33.000     6.3387   3.185590    31.8411       2640     1.8325 0.0000e+00
     32.000     6.3388   3.185545    31.8410       2666     1.8508 0.0000e+00
     31.000     6.3387   3.185499    31.8410       2690     1.8676 0.0000e+00
     30.000     6.3387   3.185459    31.8410       2713     1.8834 0.0000e+00
     29.000     6.3388   3.185425    31.8411       2737     1.8999 0.0000e+00
     28.000     6.3389   3.185378    31.8409       2764     1.9189 0.0000e+00
     27.000     6.3387   3.185325    31.8410       2793     1.9390 0.0000e+00
     26.000     6.3395   3.185337    31.8408       2822     1.9589 0.0000e+00
     25.000     6.3405   3.185378    31.8409       2850     1.9784 0.0000e+00
     24.000     6.3414   3.185409    31.8408       2876     1.9968 0.0000e+00
     23.000     6.3416   3.185376    31.8407       2903     2.0152 0.0000e+00
     22.000     6.3429   3.185435    31.8407       2928     2.0327 0.0000e+00
     21.000     6.3448   3.185559    31.8407       2951     2.0484 0.0000e+00
     20.000     6.3474   3.185707    31.8404       2972     2.0629 0.0000e+00
     19.000     6.3519   3.186029    31.8403       2994     2.0782 0.0000e+00
     18.000     6.3552   3.186277    31.8404       3018     2.0954 0.0000e+00
     17.000     6.3593   3.186581    31.8404       3048     2.1156 0.0000e+00
     16.000     6.3667   3.187129    31.8400       3079     2.1375 0.0000e+00
     15.000     6.3644   3.186914    31.8402       3110     2.1587 0.0000e+00
     14.000     6.3748   3.187724    31.8400       3138     2.1785 0.0000e+00
     13.000     6.3864   3.188600    31.8394       3164     2.1964 0.0000e+00
     12.000     6.3983   3.189548    31.8391       3187     2.2122 0.0000e+00
     11.000     6.4052   3.190066    31.8389       3207     2.2267 0.0000e+00
     10.000     6.4089   3.190344    31.8391       3228     2.2409 0.0000e+00
      9.000     6.4098   3.190378    31.8391       3250     2.2561 0.0000e+00
      8.000     6.4101   3.190378    31.8393       3275     2.2733 0.0000e+00
      7.000     6.4399   3.192699    31.8375       3302     2.2924 0.0000e+00
      6.000     6.4704   3.194939    31.8342       3331     2.3125 0.0000e+00
      5.000     6.5249   3.199344    31.8324       3362     2.3340 0.0000e+00
      4.000     6.5612   3.202509    31.8340       3394     2.3560 0.0000e+00
      3.000     6.5766   3.204080    31.8374       3612     2.5078 0.0000e+00
      2.000     6.5650   3.203119    31.8381       3799     2.6377 0.0000e+00
      1.000     6.5686   3.203204    31.8362       3857     2.6777 0.0000e+00
