HB2402/ctd167.cnv
* Sea-Bird SBE 9 Data File:
* FileName = C:\cruise\data\ctd167.hex
* Software Version Seasave V 7.26.7.121
* Temperature SN = 5253
* Conductivity SN = 4421
* Number of Bytes Per Scan = 37
* Number of Voltage Words = 4
* Number of Scans Averaged by the Deck Unit = 1
* NMEA Latitude = 40 47.04 N
* NMEA Longitude = 067 25.09 W
* NMEA UTC (Time) = Apr 18 2024 05:51:14
* NMEA baud rate = 4800
** Ship: Bigelow HB2304
** Program:  Fall Bottom Trawl Survey
** Chief Scientist: John Galbraith
# nquan = 7
# nvalues = 164                         
# units = specified
# name 0 = depSM: Depth [salt water, m]
# name 1 = t090C: Temperature [ITS-90, deg C]
# name 2 = c0S/m: Conductivity [S/m]
# name 3 = sal00: Salinity, Practical [PSU]
# name 4 = scan: Scan Count
# name 5 = timeM: Time, Elapsed [minutes]
# name 6 = flag: flag
# span 0 =      1.000,     84.000       
# span 1 =     4.8483,     6.5047       
# span 2 =   3.088614,   3.214115       
# span 3 =    32.0119,    32.4917       
# span 4 =        116,       5865       
# span 5 =     0.0796,     4.0722       
# span 6 = 0.0000e+00, 0.0000e+00       
# interval = meters: 1                  
# start_time = Apr 18 2024 05:51:14 [NMEA time, header]
# bad_flag = -9.990e-29
*END*
      4.000     6.3969   3.205493    32.0207        116     0.0796 0.0000e+00
      5.000     6.4416   3.209062    32.0177        236     0.1635 0.0000e+00
      6.000     6.4592   3.210761    32.0194        264     0.1825 0.0000e+00
      7.000     6.4168   3.207380    32.0213        292     0.2021 0.0000e+00
      8.000     6.3480   3.202070    32.0268        322     0.2228 0.0000e+00
      9.000     6.1736   3.188219    32.0368        351     0.2431 0.0000e+00
     10.000     6.0272   3.176160    32.0402        376     0.2606 0.0000e+00
     11.000     5.9915   3.173075    32.0391        399     0.2767 0.0000e+00
     12.000     5.9724   3.171462    32.0387        423     0.2931 0.0000e+00
     13.000     5.9563   3.170075    32.0379        449     0.3114 0.0000e+00
     14.000     5.9301   3.167808    32.0368        476     0.3301 0.0000e+00
     15.000     5.8919   3.164561    32.0362        501     0.3473 0.0000e+00
     16.000     5.8319   3.159450    32.0353        526     0.3647 0.0000e+00
     17.000     5.7771   3.154701    32.0335        554     0.3841 0.0000e+00
     18.000     5.7259   3.150190    32.0309        585     0.4056 0.0000e+00
     19.000     5.6770   3.146127    32.0311        614     0.4254 0.0000e+00
     20.000     5.6648   3.145382    32.0338        638     0.4424 0.0000e+00
     21.000     5.6568   3.144988    32.0365        662     0.4591 0.0000e+00
     22.000     5.6306   3.142825    32.0365        689     0.4778 0.0000e+00
     23.000     5.5790   3.138665    32.0382        718     0.4982 0.0000e+00
     24.000     5.5539   3.136957    32.0424        744     0.5163 0.0000e+00
     25.000     5.5300   3.134876    32.0411        768     0.5329 0.0000e+00
     26.000     5.4633   3.128673    32.0341        795     0.5512 0.0000e+00
     27.000     5.3752   3.120809    32.0285        823     0.5708 0.0000e+00
     28.000     5.3598   3.119482    32.0276        849     0.5887 0.0000e+00
     29.000     5.3844   3.121820    32.0302        874     0.6062 0.0000e+00
     30.000     5.3636   3.119992    32.0289        904     0.6270 0.0000e+00
     31.000     5.3514   3.118905    32.0276        936     0.6496 0.0000e+00
     32.000     5.3481   3.118649    32.0274        963     0.6681 0.0000e+00
     33.000     5.3436   3.118285    32.0271        987     0.6846 0.0000e+00
     34.000     5.3436   3.118322    32.0270       1011     0.7016 0.0000e+00
     35.000     5.3385   3.117919    32.0268       1038     0.7199 0.0000e+00
     36.000     5.3162   3.115932    32.0250       1063     0.7377 0.0000e+00
     37.000     5.3166   3.116078    32.0258       1088     0.7546 0.0000e+00
     38.000     5.3256   3.117021    32.0275       1115     0.7733 0.0000e+00
     39.000     5.3150   3.116211    32.0279       1147     0.7955 0.0000e+00
     40.000     5.3076   3.115602    32.0275       1175     0.8151 0.0000e+00
     41.000     5.2869   3.113800    32.0263       1200     0.8326 0.0000e+00
     42.000     5.2731   3.112724    32.0268       1228     0.8520 0.0000e+00
     43.000     5.2701   3.112475    32.0264       1257     0.8722 0.0000e+00
     44.000     5.2676   3.112299    32.0262       1284     0.8907 0.0000e+00
     45.000     5.2258   3.108981    32.0280       1308     0.9074 0.0000e+00
     46.000     5.1555   3.104506    32.0438       1332     0.9246 0.0000e+00
     47.000     5.1352   3.103387    32.0500       1359     0.9428 0.0000e+00
     48.000     5.1291   3.103010    32.0510       1386     0.9615 0.0000e+00
     49.000     5.1006   3.101239    32.0577       1413     0.9809 0.0000e+00
     50.000     5.0549   3.099288    32.0788       1441     1.0003 0.0000e+00
     51.000     5.0637   3.100611    32.0850       1468     1.0189 0.0000e+00
     52.000     5.0851   3.103350    32.0953       1494     1.0369 0.0000e+00
     53.000     5.1083   3.106426    32.1076       1523     1.0567 0.0000e+00
     54.000     5.1004   3.107473    32.1267       1552     1.0772 0.0000e+00
     55.000     5.0675   3.104883    32.1282       1578     1.0953 0.0000e+00
     56.000     5.0338   3.101887    32.1259       1603     1.1126 0.0000e+00
     57.000     5.0130   3.100044    32.1243       1631     1.1316 0.0000e+00
     58.000     5.0019   3.099068    32.1233       1658     1.1507 0.0000e+00
     59.000     4.9773   3.096895    32.1217       1681     1.1667 0.0000e+00
     60.000     4.9434   3.094406    32.1252       1704     1.1827 0.0000e+00
     61.000     4.9431   3.094515    32.1263       1729     1.2002 0.0000e+00
     62.000     4.9087   3.091535    32.1248       1764     1.2243 0.0000e+00
     63.000     4.8738   3.088614    32.1244       1797     1.2474 0.0000e+00
     64.000     4.8714   3.088955    32.1301       1823     1.2653 0.0000e+00
     65.000     4.8746   3.090645    32.1459       1846     1.2814 0.0000e+00
     66.000     4.8797   3.092505    32.1619       1870     1.2980 0.0000e+00
     67.000     4.8849   3.093430    32.1670       1896     1.3160 0.0000e+00
     68.000     4.8813   3.093280    32.1683       1925     1.3364 0.0000e+00
     69.000     4.8805   3.093342    32.1693       1955     1.3572 0.0000e+00
     70.000     4.8839   3.093824    32.1711       1981     1.3751 0.0000e+00
     71.000     4.8483   3.090711    32.1691       2003     1.3902 0.0000e+00
     72.000     4.8906   3.096901    32.1989       2025     1.4058 0.0000e+00
     73.000     4.9532   3.104146    32.2212       2051     1.4234 0.0000e+00
     74.000     4.9419   3.104299    32.2333       2085     1.4473 0.0000e+00
     75.000     4.9983   3.113487    32.2838       2118     1.4704 0.0000e+00
     76.000     5.0504   3.121468    32.3242       2147     1.4902 0.0000e+00
     77.000     5.0727   3.125090    32.3436       2173     1.5087 0.0000e+00
     78.000     5.1077   3.130145    32.3671       2198     1.5255 0.0000e+00
     79.000     5.1387   3.134666    32.3882       2220     1.5407 0.0000e+00
     80.000     5.1726   3.139925    32.4150       2242     1.5561 0.0000e+00
     81.000     5.2024   3.144236    32.4349       2267     1.5736 0.0000e+00
     82.000     5.2287   3.148157    32.4536       2298     1.5950 0.0000e+00
     83.000     5.2462   3.150686    32.4650       2348     1.6297 0.0000e+00
     84.000     5.2824   3.156157    32.4917       2933     2.0359 0.0000e+00
     83.000     5.2573   3.152516    32.4751       3278     2.2759 0.0000e+00
     82.000     5.2437   3.150472    32.4654       3383     2.3484 0.0000e+00
     81.000     5.2347   3.149139    32.4595       3399     2.3596 0.0000e+00
     80.000     5.2259   3.147769    32.4528       3430     2.3812 0.0000e+00
     79.000     5.2156   3.146255    32.4460       3463     2.4045 0.0000e+00
     78.000     5.1676   3.139101    32.4114       3490     2.4227 0.0000e+00
     77.000     5.1363   3.134474    32.3894       3514     2.4393 0.0000e+00
     76.000     5.1105   3.130714    32.3719       3538     2.4566 0.0000e+00
     75.000     5.0954   3.128234    32.3586       3564     2.4745 0.0000e+00
     74.000     5.0551   3.122242    32.3295       3589     2.4919 0.0000e+00
     73.000     5.0354   3.118836    32.3101       3613     2.5084 0.0000e+00
     72.000     4.9857   3.111111    32.2702       3637     2.5253 0.0000e+00
     71.000     4.9677   3.107519    32.2469       3663     2.5430 0.0000e+00
     70.000     4.9113   3.099706    32.2122       3689     2.5608 0.0000e+00
     69.000     4.8768   3.094719    32.1887       3714     2.5784 0.0000e+00
     68.000     4.8776   3.093738    32.1772       3742     2.5980 0.0000e+00
     67.000     4.8810   3.093599    32.1728       3771     2.6183 0.0000e+00
     66.000     4.8817   3.093301    32.1691       3797     2.6361 0.0000e+00
     65.000     4.8803   3.093056    32.1682       3821     2.6531 0.0000e+00
     64.000     4.8809   3.092686    32.1638       3848     2.6716 0.0000e+00
     63.000     4.8797   3.091537    32.1523       3876     2.6907 0.0000e+00
     62.000     4.8786   3.090392    32.1407       3900     2.7076 0.0000e+00
     61.000     4.8863   3.090563    32.1357       3922     2.7230 0.0000e+00
     60.000     4.9041   3.091689    32.1320       3946     2.7395 0.0000e+00
     59.000     4.9548   3.095584    32.1283       3976     2.7604 0.0000e+00
     58.000     4.9956   3.098963    32.1282       4007     2.7819 0.0000e+00
     57.000     5.0150   3.100538    32.1281       4031     2.7983 0.0000e+00
     56.000     5.0270   3.101504    32.1281       4052     2.8132 0.0000e+00
     55.000     5.0362   3.102325    32.1291       4075     2.8292 0.0000e+00
     54.000     5.0506   3.103431    32.1284       4105     2.8502 0.0000e+00
     53.000     5.0707   3.104272    32.1192       4136     2.8714 0.0000e+00
     52.000     5.0796   3.103954    32.1074       4162     2.8897 0.0000e+00
     51.000     5.0732   3.102263    32.0948       4187     2.9072 0.0000e+00
     50.000     5.0650   3.100777    32.0861       4212     2.9245 0.0000e+00
     49.000     5.0656   3.100264    32.0802       4236     2.9410 0.0000e+00
     48.000     5.0778   3.100160    32.0678       4259     2.9567 0.0000e+00
     47.000     5.0984   3.101011    32.0582       4284     2.9742 0.0000e+00
     46.000     5.1182   3.101936    32.0503       4315     2.9955 0.0000e+00
     45.000     5.1280   3.102434    32.0470       4349     3.0197 0.0000e+00
     44.000     5.1587   3.104152    32.0376       4377     3.0389 0.0000e+00
     43.000     5.2177   3.108117    32.0269       4399     3.0543 0.0000e+00
     42.000     5.2390   3.109714    32.0252       4419     3.0683 0.0000e+00
     41.000     5.2608   3.111227    32.0220       4440     3.0824 0.0000e+00
     40.000     5.2687   3.111887    32.0225       4463     3.0988 0.0000e+00
     39.000     5.2783   3.112696    32.0230       4495     3.1206 0.0000e+00
     38.000     5.2937   3.113914    32.0226       4528     3.1440 0.0000e+00
     37.000     5.3152   3.115734    32.0233       4558     3.1643 0.0000e+00
     36.000     5.3246   3.116411    32.0224       4584     3.1829 0.0000e+00
     35.000     5.3198   3.115946    32.0223       4609     3.1997 0.0000e+00
     34.000     5.3189   3.115760    32.0215       4631     3.2154 0.0000e+00
     33.000     5.3251   3.116257    32.0217       4653     3.2308 0.0000e+00
     32.000     5.3336   3.116931    32.0218       4677     3.2475 0.0000e+00
     31.000     5.3363   3.117121    32.0218       4705     3.2665 0.0000e+00
     30.000     5.3422   3.117600    32.0221       4734     3.2866 0.0000e+00
     29.000     5.3467   3.117933    32.0221       4759     3.3042 0.0000e+00
     28.000     5.3621   3.119249    32.0228       4785     3.3221 0.0000e+00
     27.000     5.3865   3.121407    32.0245       4815     3.3433 0.0000e+00
     26.000     5.4009   3.122593    32.0246       4847     3.3651 0.0000e+00
     25.000     5.4170   3.123910    32.0248       4872     3.3826 0.0000e+00
     24.000     5.4275   3.124967    32.0272       4894     3.3979 0.0000e+00
     23.000     5.4608   3.127838    32.0285       4915     3.4128 0.0000e+00
     22.000     5.4959   3.130831    32.0294       4937     3.4278 0.0000e+00
     21.000     5.5206   3.132867    32.0293       4961     3.4445 0.0000e+00
     20.000     5.5522   3.135606    32.0307       4990     3.4644 0.0000e+00
     19.000     5.5768   3.137202    32.0258       5023     3.4875 0.0000e+00
     18.000     5.6060   3.139680    32.0265       5052     3.5075 0.0000e+00
     17.000     5.6214   3.140678    32.0236       5077     3.5248 0.0000e+00
     16.000     5.6375   3.141787    32.0212       5101     3.5418 0.0000e+00
     15.000     5.6604   3.143648    32.0210       5126     3.5592 0.0000e+00
     14.000     5.7073   3.147486    32.0200       5151     3.5765 0.0000e+00
     13.000     5.7557   3.151343    32.0179       5174     3.5927 0.0000e+00
     12.000     5.7947   3.155410    32.0272       5198     3.6093 0.0000e+00
     11.000     5.8647   3.161048    32.0246       5225     3.6278 0.0000e+00
     10.000     5.9047   3.164418    32.0249       5250     3.6453 0.0000e+00
      9.000     5.9221   3.165822    32.0246       5273     3.6611 0.0000e+00
      8.000     5.9419   3.167579    32.0260       5297     3.6777 0.0000e+00
      7.000     5.9759   3.170418    32.0261       5328     3.6995 0.0000e+00
      6.000     6.0510   3.176082    32.0188       5358     3.7204 0.0000e+00
      5.000     6.2089   3.189420    32.0188       5382     3.7367 0.0000e+00
      4.000     6.4114   3.205935    32.0119       5415     3.7596 0.0000e+00
      3.000     6.4089   3.206103    32.0166       5461     3.7918 0.0000e+00
      2.000     6.5047   3.214115    32.0157       5750     3.9920 0.0000e+00
      1.000     6.4892   3.212846    32.0167       5865     4.0722 0.0000e+00
