HB2402/ctd105.cnv
* Sea-Bird SBE 9 Data File:
* FileName = C:\cruise\data\ctd105.hex
* Software Version Seasave V 7.26.7.121
* Temperature SN = 5253
* Conductivity SN = 4421
* Number of Bytes Per Scan = 37
* Number of Voltage Words = 4
* Number of Scans Averaged by the Deck Unit = 1
* NMEA Latitude = 39 40.07 N
* NMEA Longitude = 072 05.31 W
* NMEA UTC (Time) = Apr 07 2024 01:23:46
* NMEA baud rate = 4800
** Ship: Bigelow HB2304
** Program:  Fall Bottom Trawl Survey
** Chief Scientist: John Galbraith
# nquan = 7
# nvalues = 9861                                  
# units = specified
# name 0 = depSM: Depth [salt water, m]
# name 1 = t090C: Temperature [ITS-90, deg C]
# name 2 = c0S/m: Conductivity [S/m]
# name 3 = sal00: Salinity, Practical [PSU]
# name 4 = scan: Scan Count
# name 5 = timeM: Time, Elapsed [minutes]
# name 6 = flag:  0.000e+00
# span 0 =      0.982,    145.405                 
# span 1 =     6.1015,    11.6329                 
# span 2 =   3.210807,   3.952435                 
# span 3 =    32.3256,    35.1932                 
# span 4 =          1,       9861                 
# span 5 =     0.0000,     6.8472                 
# span 6 = 0.0000e+00, 0.0000e+00                 
# interval = seconds: 0.0416667
# start_time = Apr 07 2024 01:23:46 [NMEA time, header]
# bad_flag = -9.990e-29
*END*
[from data line 8001]
     35.115     6.2649   3.234789    32.4554       8002     5.5563  0.000e+00
     35.115     6.2643   3.234749    32.4556       8003     5.5569  0.000e+00
     35.008     6.2644   3.234656    32.4545       8004     5.5576  0.000e+00
     35.040     6.2644   3.234623    32.4541       8005     5.5583  0.000e+00
     34.954     6.2646   3.234603    32.4538       8006     5.5590  0.000e+00
     34.954     6.2644   3.234596    32.4538       8007     5.5597  0.000e+00
     34.868     6.2640   3.234483    32.4531       8008     5.5604  0.000e+00
     34.954     6.2635   3.234430    32.4529       8009     5.5611  0.000e+00
     34.761     6.2630   3.234310    32.4521       8010     5.5618  0.000e+00
     34.868     6.2628   3.234204    32.4511       8011     5.5625  0.000e+00
     34.782     6.2625   3.234098    32.4502       8012     5.5632  0.000e+00
     34.782     6.2614   3.234111    32.4514       8013     5.5639  0.000e+00
     34.610     6.2612   3.234124    32.4518       8014     5.5646  0.000e+00
     34.782     6.2606   3.234131    32.4524       8015     5.5653  0.000e+00
     34.610     6.2606   3.234171    32.4530       8016     5.5660  0.000e+00
     34.589     6.2602   3.234184    32.4535       8017     5.5667  0.000e+00
     34.535     6.2599   3.234144    32.4534       8018     5.5674  0.000e+00
     34.610     6.2599   3.234104    32.4529       8019     5.5681  0.000e+00
     34.449     6.2596   3.234024    32.4524       8020     5.5687  0.000e+00
     34.535     6.2593   3.233965    32.4519       8021     5.5694  0.000e+00
     34.449     6.2592   3.233991    32.4523       8022     5.5701  0.000e+00
     34.417     6.2597   3.234031    32.4523       8023     5.5708  0.000e+00
     34.449     6.2606   3.234104    32.4523       8024     5.5715  0.000e+00
     34.363     6.2607   3.234131    32.4525       8025     5.5722  0.000e+00
     34.363     6.2607   3.234191    32.4532       8026     5.5729  0.000e+00
     34.277     6.2615   3.234230    32.4529       8027     5.5736  0.000e+00
     34.277     6.2620   3.234197    32.4520       8028     5.5743  0.000e+00
     34.255     6.2619   3.234204    32.4523       8029     5.5750  0.000e+00
     34.277     6.2617   3.234217    32.4526       8030     5.5757  0.000e+00
     34.105     6.2614   3.234190    32.4527       8031     5.5764  0.000e+00
     34.191     6.2614   3.234164    32.4523       8032     5.5771  0.000e+00
     34.105     6.2611   3.234111    32.4521       8033     5.5778  0.000e+00
     34.169     6.2612   3.234137    32.4522       8034     5.5785  0.000e+00
     34.105     6.2615   3.234197    32.4526       8035     5.5792  0.000e+00
     34.030     6.2622   3.234257    32.4527       8036     5.5799  0.000e+00
     34.030     6.2626   3.234250    32.4522       8037     5.5806  0.000e+00
     34.029     6.2628   3.234263    32.4521       8038     5.5812  0.000e+00
     34.029     6.2628   3.234230    32.4518       8039     5.5819  0.000e+00
     33.911     6.2627   3.234190    32.4515       8040     5.5826  0.000e+00
     33.943     6.2623   3.234177    32.4517       8041     5.5833  0.000e+00
     33.858     6.2622   3.234157    32.4516       8042     5.5840  0.000e+00
     33.943     6.2627   3.234137    32.4509       8043     5.5847  0.000e+00
     33.772     6.2627   3.234104    32.4506       8044     5.5854  0.000e+00
     33.857     6.2620   3.234077    32.4509       8045     5.5861  0.000e+00
     33.836     6.2615   3.234044    32.4510       8046     5.5868  0.000e+00
     33.686     6.2612   3.233998    32.4509       8047     5.5875  0.000e+00
     33.771     6.2607   3.233971    32.4510       8048     5.5882  0.000e+00
     33.685     6.2606   3.233931    32.4508       8049     5.5889  0.000e+00
     33.685     6.2604   3.233945    32.4511       8050     5.5896  0.000e+00
     33.492     6.2609   3.233931    32.4505       8051     5.5903  0.000e+00
     33.771     6.2604   3.233878    32.4503       8052     5.5910  0.000e+00
     33.685     6.2604   3.233818    32.4497       8053     5.5917  0.000e+00
     33.524     6.2600   3.233825    32.4502       8054     5.5924  0.000e+00
     33.599     6.2596   3.233778    32.4501       8055     5.5931  0.000e+00
     33.524     6.2594   3.233745    32.4499       8056     5.5938  0.000e+00
     33.406     6.2589   3.233725    32.4502       8057     5.5944  0.000e+00
     33.524     6.2592   3.233739    32.4500       8058     5.5951  0.000e+00
     33.438     6.2583   3.233679    32.4503       8059     5.5958  0.000e+00
     33.438     6.2566   3.233433    32.4492       8060     5.5965  0.000e+00
     33.352     6.2562   3.233114    32.4460       8061     5.5972  0.000e+00
     33.159     6.2559   3.232729    32.4421       8062     5.5979  0.000e+00
     33.599     6.2531   3.232390    32.4408       8063     5.5986  0.000e+00
     33.266     6.2507   3.232310    32.4423       8064     5.5993  0.000e+00
     33.266     6.2498   3.232330    32.4435       8065     5.6000  0.000e+00
     33.266     6.2501   3.232470    32.4447       8066     5.6007  0.000e+00
     33.180     6.2518   3.232815    32.4469       8067     5.6014  0.000e+00
     33.159     6.2538   3.233121    32.4485       8068     5.6021  0.000e+00
     33.180     6.2552   3.233300    32.4491       8069     5.6028  0.000e+00
     33.094     6.2551   3.233360    32.4500       8070     5.6035  0.000e+00
     33.094     6.2552   3.233366    32.4499       8071     5.6042  0.000e+00
     33.019     6.2559   3.233346    32.4491       8072     5.6049  0.000e+00
     32.987     6.2568   3.233346    32.4482       8073     5.6056  0.000e+00
     33.019     6.2578   3.233426    32.4481       8074     5.6063  0.000e+00
     32.933     6.2591   3.233586    32.4487       8075     5.6069  0.000e+00
     32.933     6.2597   3.233652    32.4488       8076     5.6076  0.000e+00
     32.933     6.2600   3.233639    32.4484       8077     5.6083  0.000e+00
     32.568     6.2589   3.233519    32.4483       8078     5.6090  0.000e+00
     33.094     6.2584   3.233486    32.4481       8079     5.6097  0.000e+00
     32.761     6.2584   3.233453    32.4479       8080     5.6104  0.000e+00
     32.675     6.2576   3.233473    32.4490       8081     5.6111  0.000e+00
     32.761     6.2573   3.233592    32.4506       8082     5.6118  0.000e+00
     32.589     6.2580   3.233712    32.4514       8083     5.6125  0.000e+00
     32.653     6.2589   3.233745    32.4508       8084     5.6132  0.000e+00
     32.589     6.2596   3.233765    32.4504       8085     5.6139  0.000e+00
     32.589     6.2602   3.233838    32.4506       8086     5.6146  0.000e+00
     32.514     6.2602   3.233818    32.4504       8087     5.6153  0.000e+00
     32.428     6.2594   3.233738    32.4503       8088     5.6160  0.000e+00
     32.481     6.2584   3.233453    32.4481       8089     5.6167  0.000e+00
     32.342     6.2531   3.232901    32.4471       8090     5.6174  0.000e+00
     32.342     6.2480   3.232303    32.4453       8091     5.6181  0.000e+00
     32.256     6.2453   3.231971    32.4443       8092     5.6188  0.000e+00
     32.256     6.2453   3.231925    32.4438       8093     5.6194  0.000e+00
     32.234     6.2454   3.231885    32.4432       8094     5.6201  0.000e+00
     32.170     6.2449   3.231805    32.4428       8095     5.6208  0.000e+00
     32.084     6.2454   3.231785    32.4421       8096     5.6215  0.000e+00
     32.009     6.2443   3.231593    32.4411       8097     5.6222  0.000e+00
     32.084     6.2416   3.231347    32.4410       8098     5.6229  0.000e+00
     31.976     6.2411   3.231221    32.4401       8099     5.6236  0.000e+00
     31.923     6.2411   3.231201    32.4399       8100     5.6243  0.000e+00
     31.837     6.2406   3.231108    32.4393       8101     5.6250  0.000e+00
     31.837     6.2397   3.230975    32.4387       8102     5.6257  0.000e+00
     31.751     6.2385   3.230915    32.4392       8103     5.6264  0.000e+00
     31.729     6.2375   3.230816    32.4391       8104     5.6271  0.000e+00
     31.751     6.2367   3.230723    32.4388       8105     5.6278  0.000e+00
     31.579     6.2364   3.230596    32.4378       8106     5.6285  0.000e+00
     31.579     6.2346   3.230424    32.4375       8107     5.6292  0.000e+00
     31.471     6.2338   3.230377    32.4379       8108     5.6299  0.000e+00
     31.579     6.2351   3.230484    32.4377       8109     5.6306  0.000e+00
     31.418     6.2358   3.230563    32.4381       8110     5.6312  0.000e+00
     31.332     6.2359   3.230603    32.4384       8111     5.6319  0.000e+00
     31.332     6.2361   3.230590    32.4381       8112     5.6326  0.000e+00
     31.299     6.2356   3.230563    32.4383       8113     5.6333  0.000e+00
     31.246     6.2361   3.230530    32.4375       8114     5.6340  0.000e+00
     31.160     6.2363   3.230550    32.4375       8115     5.6347  0.000e+00
     31.074     6.2362   3.230603    32.4382       8116     5.6354  0.000e+00
     31.160     6.2362   3.230616    32.4383       8117     5.6361  0.000e+00
     31.052     6.2372   3.230809    32.4396       8118     5.6368  0.000e+00
     30.913     6.2396   3.231028    32.4398       8119     5.6375  0.000e+00
     30.913     6.2412   3.231240    32.4406       8120     5.6382  0.000e+00
     30.913     6.2425   3.231307    32.4402       8121     5.6389  0.000e+00
     30.794     6.2428   3.231400    32.4409       8122     5.6396  0.000e+00
     30.827     6.2430   3.231366    32.4404       8123     5.6403  0.000e+00
     30.741     6.2432   3.231347    32.4401       8124     5.6410  0.000e+00
     30.655     6.2430   3.231280    32.4395       8125     5.6417  0.000e+00
     30.655     6.2403   3.231054    32.4396       8126     5.6424  0.000e+00
     30.547     6.2379   3.230769    32.4388       8127     5.6431  0.000e+00
     30.569     6.2328   3.230277    32.4381       8128     5.6437  0.000e+00
     30.493     6.2286   3.229839    32.4373       8129     5.6444  0.000e+00
     30.408     6.2261   3.229600    32.4371       8130     5.6451  0.000e+00
     30.375     6.2251   3.229427    32.4361       8131     5.6458  0.000e+00
     30.407     6.2244   3.229228    32.4345       8132     5.6465  0.000e+00
     30.322     6.2227   3.229062    32.4344       8133     5.6472  0.000e+00
     30.236     6.2246   3.229381    32.4361       8134     5.6479  0.000e+00
     30.214     6.2285   3.229700    32.4360       8135     5.6486  0.000e+00
     30.150     6.2301   3.229826    32.4359       8136     5.6493  0.000e+00
     30.064     6.2304   3.229872    32.4362       8137     5.6500  0.000e+00
     30.064     6.2298   3.229839    32.4364       8138     5.6507  0.000e+00
     30.064     6.2272   3.229753    32.4379       8139     5.6514  0.000e+00
     29.956     6.2280   3.229733    32.4370       8140     5.6521  0.000e+00
     29.988     6.2286   3.229753    32.4366       8141     5.6528  0.000e+00
     29.902     6.2277   3.229560    32.4354       8142     5.6535  0.000e+00
     29.817     6.2261   3.229321    32.4343       8143     5.6542  0.000e+00
     29.784     6.2248   3.229155    32.4337       8144     5.6549  0.000e+00
     29.816     6.2228   3.229142    32.4354       8145     5.6556  0.000e+00
     29.730     6.2224   3.229215    32.4367       8146     5.6563  0.000e+00
     29.730     6.2228   3.229261    32.4368       8147     5.6569  0.000e+00
     29.623     6.2228   3.229195    32.4361       8148     5.6576  0.000e+00
     29.644     6.2238   3.229195    32.4351       8149     5.6583  0.000e+00
     29.559     6.2246   3.229162    32.4340       8150     5.6590  0.000e+00
     29.483     6.2249   3.229235    32.4346       8151     5.6597  0.000e+00
     29.537     6.2253   3.229308    32.4351       8152     5.6604  0.000e+00
     29.483     6.2254   3.229235    32.4341       8153     5.6611  0.000e+00
     29.397     6.2240   3.229095    32.4340       8154     5.6618  0.000e+00
     29.397     6.2233   3.228976    32.4333       8155     5.6625  0.000e+00
     29.365     6.2235   3.229009    32.4335       8156     5.6632  0.000e+00
     29.311     6.2233   3.228942    32.4329       8157     5.6639  0.000e+00
     29.311     6.2225   3.228869    32.4329       8158     5.6646  0.000e+00
     29.225     6.2225   3.228836    32.4326       8159     5.6653  0.000e+00
     29.032     6.2225   3.228889    32.4333       8160     5.6660  0.000e+00
     29.397     6.2232   3.228869    32.4322       8161     5.6667  0.000e+00
     29.139     6.2232   3.228836    32.4320       8162     5.6674  0.000e+00
     29.139     6.2233   3.228783    32.4313       8163     5.6681  0.000e+00
     29.053     6.2228   3.228630    32.4301       8164     5.6688  0.000e+00
     29.032     6.2201   3.228411    32.4302       8165     5.6694  0.000e+00
     29.053     6.2186   3.228318    32.4306       8166     5.6701  0.000e+00
     28.978     6.2188   3.228451    32.4319       8167     5.6708  0.000e+00
     28.978     6.2188   3.228464    32.4321       8168     5.6715  0.000e+00
     28.946     6.2188   3.228378    32.4311       8169     5.6722  0.000e+00
     28.892     6.2183   3.228358    32.4314       8170     5.6729  0.000e+00
     28.892     6.2174   3.228239    32.4310       8171     5.6736  0.000e+00
     28.806     6.2154   3.227794    32.4279       8172     5.6743  0.000e+00
     28.860     6.2111   3.227150    32.4248       8173     5.6750  0.000e+00
     28.806     6.2080   3.226845    32.4244       8174     5.6757  0.000e+00
     28.720     6.2108   3.226957    32.4231       8175     5.6764  0.000e+00
     28.527     6.2096   3.226791    32.4224       8176     5.6771  0.000e+00
     28.892     6.2035   3.226201    32.4215       8177     5.6778  0.000e+00
     28.720     6.1973   3.225849    32.4237       8178     5.6785  0.000e+00
     28.634     6.1954   3.225696    32.4238       8179     5.6792  0.000e+00
     28.613     6.1942   3.225544    32.4232       8180     5.6799  0.000e+00
     28.559     6.1913   3.225384    32.4243       8181     5.6806  0.000e+00
     28.559     6.1891   3.225331    32.4258       8182     5.6813  0.000e+00
     28.473     6.1910   3.225437    32.4252       8183     5.6819  0.000e+00
     28.527     6.1943   3.225690    32.4248       8184     5.6826  0.000e+00
     28.473     6.1974   3.225909    32.4243       8185     5.6833  0.000e+00
     28.473     6.1990   3.226035    32.4242       8186     5.6840  0.000e+00
     28.387     6.1992   3.225962    32.4233       8187     5.6847  0.000e+00
     28.355     6.1994   3.225955    32.4230       8188     5.6854  0.000e+00
     28.387     6.1983   3.226101    32.4256       8189     5.6861  0.000e+00
     28.301     6.1984   3.226274    32.4275       8190     5.6868  0.000e+00
     28.215     6.2013   3.226400    32.4262       8191     5.6875  0.000e+00
     28.269     6.2040   3.226333    32.4228       8192     5.6882  0.000e+00
     28.215     6.2048   3.226134    32.4199       8193     5.6889  0.000e+00
     28.215     6.2039   3.225835    32.4175       8194     5.6896  0.000e+00
     28.129     6.2031   3.225563    32.4153       8195     5.6903  0.000e+00
     28.107     6.2003   3.225563    32.4179       8196     5.6910  0.000e+00
     28.129     6.2010   3.225676    32.4185       8197     5.6917  0.000e+00
     28.054     6.1987   3.225504    32.4188       8198     5.6924  0.000e+00
     27.968     6.1924   3.224973    32.4189       8199     5.6931  0.000e+00
     28.021     6.1915   3.224475    32.4142       8200     5.6937  0.000e+00
     27.968     6.1944   3.224289    32.4094       8201     5.6944  0.000e+00
     27.882     6.1919   3.223984    32.4084       8202     5.6951  0.000e+00
     27.935     6.1913   3.223513    32.4037       8203     5.6958  0.000e+00
     27.882     6.1857   3.223015    32.4036       8204     5.6965  0.000e+00
     27.796     6.1752   3.222412    32.4069       8205     5.6972  0.000e+00
