HB2402/ctd178.cnv
* Sea-Bird SBE 9 Data File:
* FileName = C:\cruise\data\ctd178.hex
* Software Version Seasave V 7.26.7.121
* Temperature SN = 5253
* Conductivity SN = 4421
* Number of Bytes Per Scan = 37
* Number of Voltage Words = 4
* Number of Scans Averaged by the Deck Unit = 1
* NMEA Latitude = 42 14.25 N
* NMEA Longitude = 066 15.93 W
* NMEA UTC (Time) = Apr 28 2024 21:42:47
* NMEA baud rate = 4800
** Ship: Bigelow HB2402
** Program:  Spring Bottom Trawl Survey
** Chief Scientist: John Galbraith
# nquan = 7
# nvalues = 417                         
# units = specified
# name 0 = depSM: Depth [salt water, m]
# name 1 = t090C: Temperature [ITS-90, deg C]
# name 2 = c0S/m: Conductivity [S/m]
# name 3 = sal00: Salinity, Practical [PSU]
# name 4 = scan: Scan Count
# name 5 = timeM: Time, Elapsed [minutes]
# name 6 = flag: flag
# span 0 =      1.000,    210.000       
# span 1 =     5.0368,     8.2926       
# span 2 =   3.113860,   3.637357       
# span 3 =    30.8581,    34.7813       
# span 4 =       -130,      12055       
# span 5 =    -0.0910,     8.3708       
# span 6 = 0.0000e+00, 0.0000e+00       
# interval = meters: 1                  
# start_time = Apr 28 2024 21:42:47 [NMEA time, header]
# bad_flag = -9.990e-29
*END*
[from data line 206]
    209.000     8.2918   3.637318    34.7804       5636     3.9132 0.0000e+00
    210.000     8.2906   3.637334    34.7813       5729     3.9779 0.0000e+00
    209.000     8.2825   3.636281    34.7785       6229     4.3248 0.0000e+00
    208.000     8.2888   3.637046    34.7810       6446     4.4755 0.0000e+00
    207.000     8.2884   3.636942    34.7807       6465     4.4888 0.0000e+00
    206.000     8.2870   3.636745    34.7805       6492     4.5076 0.0000e+00
    205.000     8.2827   3.636161    34.7790       6518     4.5260 0.0000e+00
    204.000     8.2798   3.635732    34.7778       6544     4.5437 0.0000e+00
    203.000     8.2787   3.635522    34.7771       6567     4.5596 0.0000e+00
    202.000     8.2781   3.635410    34.7770       6589     4.5753 0.0000e+00
    201.000     8.2767   3.635187    34.7764       6612     4.5911 0.0000e+00
    200.000     8.2726   3.634589    34.7746       6637     4.6083 0.0000e+00
    199.000     8.2690   3.634138    34.7738       6665     4.6279 0.0000e+00
    198.000     8.2641   3.633423    34.7716       6694     4.6480 0.0000e+00
    197.000     8.2601   3.632867    34.7701       6721     4.6664 0.0000e+00
    196.000     8.2583   3.632609    34.7697       6746     4.6842 0.0000e+00
    195.000     8.2583   3.632561    34.7696       6770     4.7007 0.0000e+00
    194.000     8.2510   3.631618    34.7672       6794     4.7171 0.0000e+00
    193.000     8.2071   3.625896    34.7501       6818     4.7341 0.0000e+00
    192.000     8.1673   3.620780    34.7353       6844     4.7521 0.0000e+00
    191.000     8.1326   3.616060    34.7197       6872     4.7719 0.0000e+00
    190.000     8.1149   3.613763    34.7131       6901     4.7915 0.0000e+00
    189.000     8.1054   3.612457    34.7090       6926     4.8092 0.0000e+00
    188.000     8.0970   3.611276    34.7052       6949     4.8250 0.0000e+00
    187.000     8.0855   3.609690    34.7001       6971     4.8404 0.0000e+00
    186.000     8.0674   3.607064    34.6904       6995     4.8573 0.0000e+00
    185.000     8.0346   3.602740    34.6770       7024     4.8770 0.0000e+00
    184.000     8.0216   3.600854    34.6701       7057     4.9002 0.0000e+00
    183.000     7.9900   3.596432    34.6545       7089     4.9222 0.0000e+00
    182.000     7.9679   3.593148    34.6417       7113     4.9389 0.0000e+00
    181.000     7.9529   3.590843    34.6323       7134     4.9534 0.0000e+00
    180.000     7.9421   3.588949    34.6231       7155     4.9678 0.0000e+00
    179.000     7.9385   3.588064    34.6176       7177     4.9830 0.0000e+00
    178.000     7.9394   3.587641    34.6126       7201     5.0003 0.0000e+00
    177.000     7.9497   3.587541    34.6018       7229     5.0196 0.0000e+00
    176.000     7.9669   3.588157    34.5920       7261     5.0419 0.0000e+00
    175.000     7.9870   3.588373    34.5750       7293     5.0640 0.0000e+00
    174.000     7.9968   3.587863    34.5602       7319     5.0821 0.0000e+00
    173.000     8.0076   3.587281    34.5439       7343     5.0985 0.0000e+00
    172.000     8.0163   3.586728    34.5298       7366     5.1145 0.0000e+00
    171.000     8.0481   3.585099    34.4816       7390     5.1313 0.0000e+00
    170.000     8.0557   3.584526    34.4685       7415     5.1485 0.0000e+00
    169.000     8.0623   3.582558    34.4413       7440     5.1663 0.0000e+00
    168.000     8.0749   3.580880    34.4115       7466     5.1841 0.0000e+00
    167.000     8.0864   3.580414    34.3957       7492     5.2020 0.0000e+00
    166.000     8.0925   3.580239    34.3884       7519     5.2209 0.0000e+00
    165.000     8.1038   3.579371    34.3685       7550     5.2421 0.0000e+00
    164.000     8.0904   3.574498    34.3300       7580     5.2629 0.0000e+00
    163.000     8.0672   3.568514    34.2893       7607     5.2819 0.0000e+00
    162.000     8.0457   3.564103    34.2636       7631     5.2987 0.0000e+00
    161.000     8.0074   3.556980    34.2253       7654     5.3148 0.0000e+00
    160.000     7.9699   3.550521    34.1932       7678     5.3314 0.0000e+00
    159.000     7.9165   3.542029    34.1549       7704     5.3494 0.0000e+00
    158.000     7.8896   3.538125    34.1397       7732     5.3686 0.0000e+00
    157.000     7.8678   3.534738    34.1251       7758     5.3869 0.0000e+00
    156.000     7.8362   3.530128    34.1070       7784     5.4046 0.0000e+00
    155.000     7.7690   3.520504    34.0696       7809     5.4223 0.0000e+00
    154.000     7.7309   3.515162    34.0498       7836     5.4409 0.0000e+00
    153.000     7.6615   3.504933    34.0077       7865     5.4613 0.0000e+00
    152.000     7.6229   3.499728    33.9898       7893     5.4805 0.0000e+00
    151.000     7.6054   3.497209    33.9802       7918     5.4979 0.0000e+00
    150.000     7.5586   3.490993    33.9592       7942     5.5149 0.0000e+00
    149.000     7.4875   3.480723    33.9179       7968     5.5324 0.0000e+00
    148.000     7.4214   3.472039    33.8889       7994     5.5507 0.0000e+00
    147.000     7.4029   3.469274    33.8774       8020     5.5690 0.0000e+00
    146.000     7.3746   3.465540    33.8650       8047     5.5872 0.0000e+00
    145.000     7.3511   3.462381    33.8541       8073     5.6054 0.0000e+00
    144.000     7.3128   3.457523    33.8393       8100     5.6243 0.0000e+00
    143.000     7.2698   3.451575    33.8170       8128     5.6435 0.0000e+00
    142.000     7.2119   3.443071    33.7814       8154     5.6617 0.0000e+00
    141.000     7.1637   3.436488    33.7573       8179     5.6794 0.0000e+00
    140.000     7.0860   3.425638    33.7151       8205     5.6972 0.0000e+00
    139.000     7.0400   3.418270    33.6800       8231     5.7153 0.0000e+00
    138.000     7.0022   3.412621    33.6556       8258     5.7339 0.0000e+00
    137.000     6.9720   3.407630    33.6308       8285     5.7525 0.0000e+00
    136.000     6.9414   3.402999    33.6105       8311     5.7708 0.0000e+00
    135.000     6.9153   3.399025    33.5928       8337     5.7887 0.0000e+00
    134.000     6.9023   3.397031    33.5842       8361     5.8059 0.0000e+00
    133.000     6.8822   3.394141    33.5725       8387     5.8239 0.0000e+00
    132.000     6.8742   3.392508    33.5628       8415     5.8432 0.0000e+00
    131.000     6.8536   3.389106    33.5461       8444     5.8634 0.0000e+00
    130.000     6.8253   3.384731    33.5261       8472     5.8824 0.0000e+00
    129.000     6.7973   3.380805    33.5107       8496     5.8996 0.0000e+00
    128.000     6.7552   3.374495    33.4828       8521     5.9166 0.0000e+00
    127.000     6.6985   3.365821    33.4430       8546     5.9341 0.0000e+00
    126.000     6.6229   3.355828    33.4069       8573     5.9530 0.0000e+00
    125.000     6.5623   3.347745    33.3772       8602     5.9727 0.0000e+00
    124.000     6.4618   3.335113    33.3359       8629     5.9915 0.0000e+00
    123.000     6.4085   3.328506    33.3151       8655     6.0096 0.0000e+00
    122.000     6.3817   3.324454    33.2967       8680     6.0273 0.0000e+00
    121.000     6.3566   3.321357    33.2873       8706     6.0449 0.0000e+00
    120.000     6.2815   3.312276    33.2601       8732     6.0629 0.0000e+00
    119.000     6.2206   3.303996    33.2277       8759     6.0820 0.0000e+00
    118.000     6.1776   3.297864    33.2018       8788     6.1019 0.0000e+00
    117.000     6.1086   3.288886    33.1694       8817     6.1225 0.0000e+00
    116.000     6.0797   3.284708    33.1514       8845     6.1417 0.0000e+00
    115.000     6.0396   3.279795    33.1360       8869     6.1587 0.0000e+00
    114.000     5.9857   3.272719    33.1099       8892     6.1743 0.0000e+00
    113.000     5.9674   3.269972    33.0974       8914     6.1898 0.0000e+00
    112.000     5.9268   3.264483    33.0759       8938     6.2063 0.0000e+00
    111.000     5.8885   3.259557    33.0585       8965     6.2250 0.0000e+00
    110.000     5.8040   3.247487    33.0057       8997     6.2469 0.0000e+00
    109.000     5.7786   3.244285    32.9950       9029     6.2695 0.0000e+00
    108.000     5.6320   3.224277    32.9128       9058     6.2895 0.0000e+00
    107.000     5.6179   3.222330    32.9050       9084     6.3076 0.0000e+00
    106.000     5.5799   3.216982    32.8821       9108     6.3240 0.0000e+00
    105.000     5.5702   3.215474    32.8750       9130     6.3398 0.0000e+00
    104.000     5.5457   3.212319    32.8637       9152     6.3551 0.0000e+00
    103.000     5.5253   3.209653    32.8539       9176     6.3712 0.0000e+00
    102.000     5.5085   3.207492    32.8463       9201     6.3886 0.0000e+00
    101.000     5.4611   3.201011    32.8195       9228     6.4079 0.0000e+00
    100.000     5.4609   3.200829    32.8182       9260     6.4297 0.0000e+00
     99.000     5.4340   3.196550    32.7964       9292     6.4519 0.0000e+00
     98.000     5.3825   3.188730    32.7583       9319     6.4709 0.0000e+00
     97.000     5.3669   3.185988    32.7427       9342     6.4869 0.0000e+00
     96.000     5.3313   3.180605    32.7167       9364     6.5020 0.0000e+00
     95.000     5.2966   3.174710    32.6839       9386     6.5175 0.0000e+00
     94.000     5.2986   3.174793    32.6834       9410     6.5344 0.0000e+00
     93.000     5.2876   3.172512    32.6687       9439     6.5540 0.0000e+00
     92.000     5.2863   3.171836    32.6627       9468     6.5740 0.0000e+00
     91.000     5.2440   3.165009    32.6265       9495     6.5931 0.0000e+00
     90.000     5.1770   3.152927    32.5543       9521     6.6113 0.0000e+00
     89.000     5.1423   3.146399    32.5139       9546     6.6285 0.0000e+00
     88.000     5.1279   3.143344    32.4935       9571     6.6461 0.0000e+00
     87.000     5.1045   3.139163    32.4689       9597     6.6641 0.0000e+00
     86.000     5.0876   3.134979    32.4379       9624     6.6824 0.0000e+00
     85.000     5.0713   3.131773    32.4175       9649     6.7001 0.0000e+00
     84.000     5.0592   3.129353    32.4021       9675     6.7178 0.0000e+00
     83.000     5.0519   3.127245    32.3855       9700     6.7357 0.0000e+00
     82.000     5.0487   3.125361    32.3674       9726     6.7536 0.0000e+00
     81.000     5.0481   3.123371    32.3457       9752     6.7718 0.0000e+00
     80.000     5.0474   3.121497    32.3255       9778     6.7897 0.0000e+00
     79.000     5.0521   3.121158    32.3176       9804     6.8075 0.0000e+00
     78.000     5.0512   3.120453    32.3108       9830     6.8258 0.0000e+00
     77.000     5.0509   3.119884    32.3051       9856     6.8439 0.0000e+00
     76.000     5.0494   3.119062    32.2977       9882     6.8616 0.0000e+00
     75.000     5.0488   3.118700    32.2945       9907     6.8795 0.0000e+00
     74.000     5.0510   3.118132    32.2864       9934     6.8981 0.0000e+00
     73.000     5.0540   3.117609    32.2780       9961     6.9165 0.0000e+00
     72.000     5.0576   3.116855    32.2664       9986     6.9340 0.0000e+00
     71.000     5.0634   3.116125    32.2529      10010     6.9508 0.0000e+00
     70.000     5.0717   3.115374    32.2368      10034     6.9674 0.0000e+00
     69.000     5.0808   3.114872    32.2228      10060     6.9851 0.0000e+00
     68.000     5.0941   3.114623    32.2076      10088     7.0052 0.0000e+00
     67.000     5.1232   3.114075    32.1737      10119     7.0265 0.0000e+00
     66.000     5.1495   3.113860    32.1465      10147     7.0460 0.0000e+00
     65.000     5.1605   3.113976    32.1377      10172     7.0629 0.0000e+00
     64.000     5.1699   3.114074    32.1303      10193     7.0780 0.0000e+00
     63.000     5.1760   3.114148    32.1258      10215     7.0931 0.0000e+00
     62.000     5.1825   3.114226    32.1209      10239     7.1096 0.0000e+00
     61.000     5.1913   3.114349    32.1144      10267     7.1292 0.0000e+00
     60.000     5.1967   3.114523    32.1116      10300     7.1522 0.0000e+00
     59.000     5.2353   3.115709    32.0886      10330     7.1731 0.0000e+00
     58.000     5.2814   3.117352    32.0636      10354     7.1898 0.0000e+00
     57.000     5.2996   3.118161    32.0559      10376     7.2046 0.0000e+00
     56.000     5.3148   3.118830    32.0495      10397     7.2193 0.0000e+00
     55.000     5.3180   3.119058    32.0495      10421     7.2358 0.0000e+00
     54.000     5.3176   3.119112    32.0509      10450     7.2560 0.0000e+00
     53.000     5.3268   3.119517    32.0472      10483     7.2789 0.0000e+00
     52.000     5.3449   3.120519    32.0419      10513     7.2998 0.0000e+00
     51.000     5.3541   3.121016    32.0391      10538     7.3171 0.0000e+00
     50.000     5.3540   3.121013    32.0397      10560     7.3327 0.0000e+00
     49.000     5.3571   3.121170    32.0390      10582     7.3478 0.0000e+00
     48.000     5.3648   3.121596    32.0370      10605     7.3639 0.0000e+00
     47.000     5.3808   3.122569    32.0333      10631     7.3818 0.0000e+00
     46.000     5.3934   3.123461    32.0319      10659     7.4014 0.0000e+00
     45.000     5.4014   3.124138    32.0324      10687     7.4209 0.0000e+00
     44.000     5.4408   3.126900    32.0266      10714     7.4396 0.0000e+00
     43.000     5.4836   3.129573    32.0165      10741     7.4581 0.0000e+00
     42.000     5.5170   3.132115    32.0140      10767     7.4766 0.0000e+00
     41.000     5.5453   3.134451    32.0139      10794     7.4950 0.0000e+00
     40.000     5.5614   3.135522    32.0111      10820     7.5131 0.0000e+00
     39.000     5.5901   3.137590    32.0077      10845     7.5304 0.0000e+00
     38.000     5.6004   3.138362    32.0071      10869     7.5472 0.0000e+00
     37.000     5.6675   3.142532    31.9908      10892     7.5631 0.0000e+00
     36.000     5.7678   3.149423    31.9737      10917     7.5807 0.0000e+00
     35.000     5.8187   3.153872    31.9759      10944     7.5995 0.0000e+00
     34.000     5.8800   3.158692    31.9724      10972     7.6189 0.0000e+00
     33.000     5.9029   3.160714    31.9739      11000     7.6381 0.0000e+00
     32.000     5.9038   3.160345    31.9693      11026     7.6565 0.0000e+00
     31.000     5.9668   3.165434    31.9673      11052     7.6740 0.0000e+00
     30.000     5.9801   3.166717    31.9696      11076     7.6912 0.0000e+00
     29.000     5.9919   3.167659    31.9694      11101     7.7085 0.0000e+00
     28.000     6.0022   3.168548    31.9701      11127     7.7265 0.0000e+00
     27.000     6.0122   3.169266    31.9691      11154     7.7455 0.0000e+00
     26.000     6.0293   3.170589    31.9683      11182     7.7643 0.0000e+00
     25.000     6.0340   3.171057    31.9696      11207     7.7821 0.0000e+00
     24.000     6.0440   3.171753    31.9684      11231     7.7989 0.0000e+00
     23.000     6.0493   3.172046    31.9672      11256     7.8158 0.0000e+00
     22.000     6.0761   3.174250    31.9670      11282     7.8337 0.0000e+00
     21.000     6.0947   3.176019    31.9696      11308     7.8522 0.0000e+00
     20.000     6.1086   3.176989    31.9678      11335     7.8709 0.0000e+00
     19.000     6.1278   3.178642    31.9686      11361     7.8891 0.0000e+00
     18.000     6.1562   3.180854    31.9670      11387     7.9072 0.0000e+00
     17.000     6.1688   3.181896    31.9672      11414     7.9254 0.0000e+00
     16.000     6.1654   3.181658    31.9682      11439     7.9433 0.0000e+00
     15.000     6.2096   3.184924    31.9634      11465     7.9611 0.0000e+00
     14.000     6.3493   3.195263    31.9473      11490     7.9787 0.0000e+00
     13.000     6.3233   3.193837    31.9564      11516     7.9962 0.0000e+00
     12.000     6.3774   3.197935    31.9515      11541     8.0137 0.0000e+00
     11.000     6.4745   3.205504    31.9447      11564     8.0301 0.0000e+00
     10.000     6.5790   3.213965    31.9406      11589     8.0469 0.0000e+00
      9.000     6.6859   3.222942    31.9399      11614     8.0643 0.0000e+00
      8.000     6.7857   3.231141    31.9373      11640     8.0826 0.0000e+00
