HB2402/ctd185.cnv
* Sea-Bird SBE 9 Data File:
* FileName = C:\cruise\data\ctd185.hex
* Software Version Seasave V 7.26.7.121
* Temperature SN = 5253
* Conductivity SN = 4421
* Number of Bytes Per Scan = 37
* Number of Voltage Words = 4
* Number of Scans Averaged by the Deck Unit = 1
* NMEA Latitude = 42 34.43 N
* NMEA Longitude = 066 52.03 W
* NMEA UTC (Time) = Apr 29 2024 23:35:18
* NMEA baud rate = 4800
** Ship: Bigelow HB2402
** Program:  Spring Bottom Trawl Survey
** Chief Scientist: John Galbraith
# nquan = 7
# nvalues = 513                         
# units = specified
# name 0 = depSM: Depth [salt water, m]
# name 1 = t090C: Temperature [ITS-90, deg C]
# name 2 = c0S/m: Conductivity [S/m]
# name 3 = sal00: Salinity, Practical [PSU]
# name 4 = scan: Scan Count
# name 5 = timeM: Time, Elapsed [minutes]
# name 6 = flag: flag
# span 0 =      1.000,    258.000       
# span 1 =     5.3416,     8.4215       
# span 2 =   3.161543,   3.631968       
# span 3 =    32.1248,    34.7807       
# span 4 =        -36,      14544       
# span 5 =    -0.0255,    10.0995       
# span 6 = 0.0000e+00, 0.0000e+00       
# interval = meters: 1                  
# start_time = Apr 29 2024 23:35:18 [NMEA time, header]
# bad_flag = -9.990e-29
*END*
[from data line 411]
    102.000     8.1508   3.555071    34.0935      11632     8.0770 0.0000e+00
    101.000     8.1287   3.551390    34.0762      11651     8.0904 0.0000e+00
    100.000     8.0951   3.547018    34.0626      11670     8.1038 0.0000e+00
     99.000     8.0360   3.539967    34.0452      11691     8.1181 0.0000e+00
     98.000     7.9994   3.534524    34.0231      11715     8.1349 0.0000e+00
     97.000     7.8560   3.516139    33.9658      11744     8.1551 0.0000e+00
     96.000     7.7871   3.506881    33.9338      11781     8.1803 0.0000e+00
     95.000     7.6756   3.493055    33.8940      11821     8.2084 0.0000e+00
     94.000     7.4584   3.465513    33.8083      11850     8.2287 0.0000e+00
     93.000     7.3496   3.451088    33.7582      11871     8.2432 0.0000e+00
     92.000     7.3136   3.446382    33.7426      11889     8.2557 0.0000e+00
     91.000     7.2751   3.441415    33.7266      11906     8.2674 0.0000e+00
     90.000     7.2493   3.438015    33.7153      11923     8.2795 0.0000e+00
     89.000     7.2308   3.435259    33.7037      11944     8.2940 0.0000e+00
     88.000     7.2077   3.432288    33.6944      11976     8.3158 0.0000e+00
     87.000     7.1797   3.428647    33.6824      12021     8.3474 0.0000e+00
     86.000     7.1405   3.423292    33.6627      12058     8.3732 0.0000e+00
     85.000     7.1145   3.419832    33.6507      12084     8.3907 0.0000e+00
     84.000     7.0963   3.417312    33.6415      12104     8.4051 0.0000e+00
     83.000     7.0757   3.414610    33.6325      12125     8.4191 0.0000e+00
     82.000     7.0590   3.412280    33.6238      12147     8.4344 0.0000e+00
     81.000     7.0455   3.410325    33.6161      12171     8.4516 0.0000e+00
     80.000     7.0233   3.407538    33.6076      12197     8.4691 0.0000e+00
     79.000     7.0051   3.405164    33.6000      12220     8.4858 0.0000e+00
     78.000     6.9882   3.402775    33.5907      12248     8.5050 0.0000e+00
     77.000     6.9430   3.396805    33.5699      12279     8.5262 0.0000e+00
     76.000     6.8274   3.380948    33.5089      12305     8.5445 0.0000e+00
     75.000     6.7532   3.370129    33.4627      12331     8.5623 0.0000e+00
     74.000     6.6780   3.360116    33.4261      12364     8.5856 0.0000e+00
     73.000     6.5672   3.344707    33.3644      12402     8.6117 0.0000e+00
     72.000     6.4728   3.330298    33.2974      12427     8.6292 0.0000e+00
     71.000     6.4395   3.325608    33.2784      12446     8.6425 0.0000e+00
     70.000     6.4108   3.321334    33.2593      12464     8.6546 0.0000e+00
     69.000     6.3993   3.319239    33.2477      12482     8.6670 0.0000e+00
     68.000     6.3961   3.318554    33.2437      12502     8.6814 0.0000e+00
     67.000     6.3923   3.317887    33.2406      12531     8.7016 0.0000e+00
     66.000     6.3866   3.316494    33.2312      12572     8.7297 0.0000e+00
     65.000     6.3868   3.315860    33.2243      12609     8.7555 0.0000e+00
     64.000     6.3850   3.315434    33.2219      12634     8.7730 0.0000e+00
     63.000     6.3865   3.315531    33.2220      12654     8.7868 0.0000e+00
     62.000     6.3861   3.315101    33.2181      12673     8.8001 0.0000e+00
     61.000     6.3866   3.314782    33.2145      12693     8.8141 0.0000e+00
     60.000     6.3864   3.314263    33.2095      12717     8.8304 0.0000e+00
     59.000     6.3746   3.311240    33.1879      12747     8.8516 0.0000e+00
     58.000     6.3616   3.308125    33.1664      12786     8.8782 0.0000e+00
     57.000     6.3224   3.298039    33.0929      12817     8.9003 0.0000e+00
     56.000     6.3109   3.294261    33.0624      12840     8.9160 0.0000e+00
     55.000     6.3031   3.292447    33.0503      12860     8.9298 0.0000e+00
     54.000     6.2833   3.288742    33.0288      12880     8.9440 0.0000e+00
     53.000     6.2723   3.286789    33.0182      12904     8.9606 0.0000e+00
     52.000     6.2378   3.282324    33.0024      12931     8.9793 0.0000e+00
     51.000     6.0997   3.263735    32.9294      12959     8.9985 0.0000e+00
     50.000     5.9478   3.245311    32.8710      12988     9.0191 0.0000e+00
     49.000     5.8234   3.230277    32.8234      13019     9.0406 0.0000e+00
     48.000     5.7556   3.222273    32.7996      13045     9.0586 0.0000e+00
     47.000     5.7524   3.221260    32.7918      13069     9.0750 0.0000e+00
     46.000     5.7045   3.215310    32.7717      13094     9.0926 0.0000e+00
     45.000     5.6766   3.211449    32.7557      13122     9.1118 0.0000e+00
     44.000     5.6459   3.206933    32.7351      13147     9.1295 0.0000e+00
     43.000     5.6159   3.202501    32.7146      13170     9.1450 0.0000e+00
     42.000     5.5676   3.195800    32.6862      13192     9.1603 0.0000e+00
     41.000     5.5491   3.192467    32.6669      13217     9.1778 0.0000e+00
     40.000     5.5259   3.190119    32.6634      13247     9.1989 0.0000e+00
     39.000     5.4818   3.182936    32.6252      13279     9.2206 0.0000e+00
     38.000     5.4303   3.171072    32.5409      13307     9.2406 0.0000e+00
     37.000     5.4777   3.173596    32.5241      13332     9.2574 0.0000e+00
     36.000     5.5563   3.176237    32.4785      13355     9.2733 0.0000e+00
     35.000     5.6289   3.178331    32.4326      13378     9.2898 0.0000e+00
     34.000     5.6534   3.177496    32.4001      13403     9.3067 0.0000e+00
     33.000     5.6482   3.175196    32.3796      13426     9.3232 0.0000e+00
     32.000     5.6422   3.173605    32.3680      13452     9.3410 0.0000e+00
     31.000     5.6385   3.172460    32.3590      13481     9.3611 0.0000e+00
     30.000     5.6389   3.171597    32.3494      13510     9.3816 0.0000e+00
     29.000     5.6407   3.170972    32.3412      13539     9.4012 0.0000e+00
     28.000     5.6412   3.170810    32.3393      13565     9.4193 0.0000e+00
     27.000     5.6417   3.170602    32.3371      13589     9.4360 0.0000e+00
     26.000     5.6440   3.170029    32.3289      13611     9.4516 0.0000e+00
     25.000     5.6457   3.169600    32.3228      13635     9.4678 0.0000e+00
     24.000     5.6498   3.169319    32.3162      13661     9.4861 0.0000e+00
     23.000     5.6605   3.169407    32.3074      13689     9.5056 0.0000e+00
     22.000     5.6685   3.169128    32.2971      13717     9.5249 0.0000e+00
     21.000     5.6845   3.168999    32.2808      13744     9.5439 0.0000e+00
     20.000     5.7109   3.170154    32.2691      13770     9.5615 0.0000e+00
     19.000     5.7206   3.170730    32.2668      13793     9.5779 0.0000e+00
     18.000     5.7551   3.172380    32.2527      13818     9.5948 0.0000e+00
     17.000     5.7712   3.173202    32.2471      13844     9.6135 0.0000e+00
     16.000     5.8496   3.178265    32.2296      13873     9.6332 0.0000e+00
     15.000     5.9662   3.186753    32.2142      13900     9.6517 0.0000e+00
     14.000     6.0180   3.190083    32.2026      13925     9.6692 0.0000e+00
     13.000     6.0906   3.194669    32.1853      13948     9.6854 0.0000e+00
     12.000     6.2544   3.206421    32.1615      13971     9.7015 0.0000e+00
     11.000     6.3967   3.218277    32.1589      13996     9.7187 0.0000e+00
     10.000     6.5623   3.230946    32.1433      14023     9.7377 0.0000e+00
      9.000     6.7750   3.247458    32.1256      14051     9.7572 0.0000e+00
      8.000     6.8560   3.254270    32.1248      14080     9.7774 0.0000e+00
      7.000     6.8775   3.256098    32.1251      14107     9.7956 0.0000e+00
      6.000     6.8801   3.256650    32.1293      14127     9.8100 0.0000e+00
      5.000     6.8916   3.257752    32.1310      14146     9.8226 0.0000e+00
      4.000     6.9121   3.259464    32.1310      14167     9.8373 0.0000e+00
      3.000     6.9429   3.262130    32.1318      14283     9.9183 0.0000e+00
      2.000     6.9349   3.261664    32.1347      14467    10.0461 0.0000e+00
      1.000     6.9359   3.261685    32.1345      14544    10.0995 0.0000e+00
