HB2402/ctd151.cnv
* Sea-Bird SBE 9 Data File:
* FileName = C:\cruise\data\ctd151.hex
* Software Version Seasave V 7.26.7.121
* Temperature SN = 5253
* Conductivity SN = 4421
* Number of Bytes Per Scan = 37
* Number of Voltage Words = 4
* Number of Scans Averaged by the Deck Unit = 1
* NMEA Latitude = 42 38.47 N
* NMEA Longitude = 070 18.92 W
* NMEA UTC (Time) = Apr 14 2024 21:44:09
* NMEA baud rate = 4800
** Ship: Bigelow HB2304
** Program:  Fall Bottom Trawl Survey
** Chief Scientist: John Galbraith
# nquan = 7
# nvalues = 155                         
# units = specified
# name 0 = depSM: Depth [salt water, m]
# name 1 = t090C: Temperature [ITS-90, deg C]
# name 2 = c0S/m: Conductivity [S/m]
# name 3 = sal00: Salinity, Practical [PSU]
# name 4 = scan: Scan Count
# name 5 = timeM: Time, Elapsed [minutes]
# name 6 = flag: flag
# span 0 =      1.000,     79.000       
# span 1 =     4.8876,     6.0814       
# span 2 =   3.012832,   3.091801       
# span 3 =    30.1893,    31.8155       
# span 4 =       -141,       5406       
# span 5 =    -0.0987,     3.7534       
# span 6 = 0.0000e+00, 0.0000e+00       
# interval = meters: 1                  
# start_time = Apr 14 2024 21:44:09 [NMEA time, header]
# bad_flag = -9.990e-29
*END*
      3.000     6.0680   3.047830    30.5777       -141    -0.0987 0.0000e+00
      4.000     6.0806   3.015691    30.2099        439     0.3042 0.0000e+00
      5.000     6.0761   3.016679    30.2245        453     0.3139 0.0000e+00
      6.000     6.0755   3.015387    30.2102        482     0.3343 0.0000e+00
      7.000     6.0605   3.014541    30.2138        510     0.3532 0.0000e+00
      8.000     6.0186   3.013512    30.2393        538     0.3728 0.0000e+00
      9.000     5.9134   3.019418    30.3988        573     0.3970 0.0000e+00
     10.000     5.8592   3.021982    30.4755        608     0.4218 0.0000e+00
     11.000     5.8336   3.022714    30.5063        641     0.4446 0.0000e+00
     12.000     5.8079   3.023382    30.5366        669     0.4640 0.0000e+00
     13.000     5.7799   3.024827    30.5775        696     0.4826 0.0000e+00
     14.000     5.7590   3.026977    30.6200        723     0.5015 0.0000e+00
     15.000     5.7437   3.029072    30.6569        749     0.5198 0.0000e+00
     16.000     5.7222   3.031640    30.7047        774     0.5369 0.0000e+00
     17.000     5.6592   3.038525    30.8389        800     0.5547 0.0000e+00
     18.000     5.6043   3.039218    30.8966        826     0.5727 0.0000e+00
     19.000     5.5566   3.041429    30.9649        852     0.5908 0.0000e+00
     20.000     5.5256   3.044340    31.0257        882     0.6117 0.0000e+00
     21.000     5.5004   3.044797    31.0536        917     0.6359 0.0000e+00
     22.000     5.4656   3.045215    31.0901        949     0.6585 0.0000e+00
     23.000     5.4168   3.045952    31.1432        975     0.6765 0.0000e+00
     24.000     5.3323   3.047764    31.2419        997     0.6913 0.0000e+00
     25.000     5.2390   3.048128    31.3327       1016     0.7050 0.0000e+00
     26.000     5.2173   3.048652    31.3585       1036     0.7190 0.0000e+00
     27.000     5.2027   3.048475    31.3697       1060     0.7354 0.0000e+00
     28.000     5.1742   3.047756    31.3878       1091     0.7572 0.0000e+00
     29.000     5.1499   3.047045    31.4021       1125     0.7808 0.0000e+00
     30.000     5.1395   3.046743    31.4079       1155     0.8012 0.0000e+00
     31.000     5.0879   3.044549    31.4310       1183     0.8208 0.0000e+00
     32.000     4.9755   3.039724    31.4815       1210     0.8397 0.0000e+00
     33.000     4.9629   3.039131    31.4861       1237     0.8583 0.0000e+00
     34.000     4.9623   3.039054    31.4853       1262     0.8759 0.0000e+00
     35.000     4.9454   3.038447    31.4938       1285     0.8917 0.0000e+00
     36.000     4.9418   3.038328    31.4953       1307     0.9067 0.0000e+00
     37.000     4.9236   3.037749    31.5055       1332     0.9241 0.0000e+00
     38.000     4.9105   3.037683    31.5167       1364     0.9462 0.0000e+00
     39.000     4.9100   3.037923    31.5194       1396     0.9684 0.0000e+00
     40.000     4.9059   3.038657    31.5312       1421     0.9862 0.0000e+00
     41.000     4.8977   3.039987    31.5537       1444     1.0019 0.0000e+00
     42.000     4.8953   3.041134    31.5687       1467     1.0183 0.0000e+00
     43.000     4.8909   3.041139    31.5723       1495     1.0373 0.0000e+00
     44.000     4.8893   3.041283    31.5751       1526     1.0589 0.0000e+00
     45.000     4.8895   3.041492    31.5768       1557     1.0803 0.0000e+00
     46.000     4.8896   3.041723    31.5788       1583     1.0988 0.0000e+00
     47.000     4.8905   3.042070    31.5815       1609     1.1166 0.0000e+00
     48.000     4.8876   3.042157    31.5847       1634     1.1341 0.0000e+00
     49.000     4.8888   3.042825    31.5907       1657     1.1503 0.0000e+00
     50.000     4.8901   3.043325    31.5948       1680     1.1657 0.0000e+00
     51.000     4.8935   3.044263    31.6018       1703     1.1821 0.0000e+00
     52.000     4.8943   3.044506    31.6033       1730     1.2005 0.0000e+00
     53.000     4.9049   3.045919    31.6090       1761     1.2219 0.0000e+00
     54.000     4.9148   3.047335    31.6153       1794     1.2453 0.0000e+00
     55.000     4.9284   3.049412    31.6258       1824     1.2656 0.0000e+00
     56.000     4.9430   3.051617    31.6366       1850     1.2840 0.0000e+00
     57.000     4.9391   3.051460    31.6380       1877     1.3025 0.0000e+00
     58.000     4.9378   3.051409    31.6382       1903     1.3210 0.0000e+00
     59.000     4.9381   3.051485    31.6383       1928     1.3381 0.0000e+00
     60.000     4.9385   3.051562    31.6384       1950     1.3534 0.0000e+00
     61.000     4.9372   3.051560    31.6390       1971     1.3682 0.0000e+00
     62.000     4.9382   3.051885    31.6413       1995     1.3848 0.0000e+00
     63.000     4.9461   3.052972    31.6457       2023     1.4040 0.0000e+00
     64.000     4.9582   3.054403    31.6502       2055     1.4264 0.0000e+00
     65.000     4.9637   3.055145    31.6529       2091     1.4511 0.0000e+00
     66.000     4.9496   3.054532    31.6589       2119     1.4709 0.0000e+00
     67.000     4.9521   3.055252    31.6642       2145     1.4886 0.0000e+00
     68.000     4.9548   3.055745    31.6668       2170     1.5061 0.0000e+00
     69.000     5.0040   3.061831    31.6892       2194     1.5229 0.0000e+00
     70.000     5.0584   3.069763    31.7277       2217     1.5386 0.0000e+00
     71.000     5.0991   3.075172    31.7502       2239     1.5542 0.0000e+00
     72.000     5.1107   3.076761    31.7569       2263     1.5711 0.0000e+00
     73.000     5.1279   3.079019    31.7658       2292     1.5913 0.0000e+00
     74.000     5.1382   3.080371    31.7710       2325     1.6140 0.0000e+00
     75.000     5.1392   3.080572    31.7718       2354     1.6340 0.0000e+00
     76.000     5.1507   3.082154    31.7784       2378     1.6510 0.0000e+00
     77.000     5.1988   3.088249    31.8017       2405     1.6698 0.0000e+00
     78.000     5.2131   3.090141    31.8091       2466     1.7115 0.0000e+00
     79.000     5.2257   3.091801    31.8155       2613     1.8139 0.0000e+00
     78.000     5.2185   3.090932    31.8130       2888     2.0052 0.0000e+00
     77.000     5.2119   3.090011    31.8093       2968     2.0607 0.0000e+00
     76.000     5.1899   3.087332    31.8002       2994     2.0786 0.0000e+00
     75.000     5.1659   3.084066    31.7863       3022     2.0981 0.0000e+00
     74.000     5.1499   3.082049    31.7790       3048     2.1162 0.0000e+00
     73.000     5.1439   3.081213    31.7757       3070     2.1311 0.0000e+00
     72.000     5.1381   3.080460    31.7731       3090     2.1448 0.0000e+00
     71.000     5.1312   3.079489    31.7691       3109     2.1583 0.0000e+00
     70.000     5.1277   3.078978    31.7670       3131     2.1736 0.0000e+00
     69.000     5.1041   3.075781    31.7535       3162     2.1949 0.0000e+00
     68.000     5.0296   3.065424    31.7065       3209     2.2278 0.0000e+00
     67.000     4.9988   3.061435    31.6907       3241     2.2499 0.0000e+00
     66.000     4.9656   3.057125    31.6733       3260     2.2631 0.0000e+00
     65.000     4.9578   3.055725    31.6652       3276     2.2744 0.0000e+00
     64.000     4.9615   3.055527    31.6599       3292     2.2854 0.0000e+00
     63.000     4.9666   3.055673    31.6572       3309     2.2974 0.0000e+00
     62.000     4.9637   3.055162    31.6546       3331     2.3122 0.0000e+00
     61.000     4.9499   3.053237    31.6462       3367     2.3375 0.0000e+00
     60.000     4.9452   3.052486    31.6425       3412     2.3686 0.0000e+00
     59.000     4.9425   3.052018    31.6403       3440     2.3883 0.0000e+00
     58.000     4.9402   3.051662    31.6388       3463     2.4040 0.0000e+00
     57.000     4.9398   3.051528    31.6382       3482     2.4175 0.0000e+00
     56.000     4.9393   3.051383    31.6375       3502     2.4312 0.0000e+00
     55.000     4.9397   3.051358    31.6373       3523     2.4459 0.0000e+00
     54.000     4.9401   3.051328    31.6371       3547     2.4625 0.0000e+00
     53.000     4.9370   3.050587    31.6320       3573     2.4805 0.0000e+00
     52.000     4.9289   3.049415    31.6268       3605     2.5029 0.0000e+00
     51.000     4.9310   3.049809    31.6298       3641     2.5280 0.0000e+00
     50.000     4.9037   3.045526    31.6071       3670     2.5480 0.0000e+00
     49.000     4.9035   3.045363    31.6059       3692     2.5632 0.0000e+00
     48.000     4.8955   3.043795    31.5960       3712     2.5770 0.0000e+00
     47.000     4.8920   3.042825    31.5887       3732     2.5908 0.0000e+00
     46.000     4.8923   3.042389    31.5840       3753     2.6057 0.0000e+00
     45.000     4.8920   3.042226    31.5828       3779     2.6237 0.0000e+00
     44.000     4.8913   3.041931    31.5806       3813     2.6475 0.0000e+00
     43.000     4.8922   3.041357    31.5736       3849     2.6724 0.0000e+00
     42.000     4.8941   3.041027    31.5686       3876     2.6911 0.0000e+00
     41.000     4.8945   3.040810    31.5662       3898     2.7065 0.0000e+00
     40.000     4.8983   3.039742    31.5508       3918     2.7202 0.0000e+00
     39.000     4.9039   3.038813    31.5354       3938     2.7341 0.0000e+00
     38.000     4.9119   3.038245    31.5217       3961     2.7501 0.0000e+00
     37.000     4.9191   3.037930    31.5118       3988     2.7684 0.0000e+00
     36.000     4.9237   3.037743    31.5058       4018     2.7893 0.0000e+00
     35.000     4.9295   3.037630    31.4995       4050     2.8117 0.0000e+00
     34.000     4.9396   3.037838    31.4928       4078     2.8316 0.0000e+00
     33.000     4.9412   3.037908    31.4926       4104     2.8492 0.0000e+00
     32.000     4.9482   3.038038    31.4879       4129     2.8665 0.0000e+00
     31.000     4.9529   3.038128    31.4851       4153     2.8831 0.0000e+00
     30.000     4.9697   3.038712    31.4763       4174     2.8980 0.0000e+00
     29.000     5.0202   3.040781    31.4528       4196     2.9131 0.0000e+00
     28.000     5.0642   3.042717    31.4339       4220     2.9297 0.0000e+00
     27.000     5.1222   3.044877    31.4044       4248     2.9491 0.0000e+00
     26.000     5.1535   3.045759    31.3855       4278     2.9701 0.0000e+00
     25.000     5.1921   3.046609    31.3594       4308     2.9908 0.0000e+00
     24.000     5.2024   3.046432    31.3482       4333     3.0085 0.0000e+00
     23.000     5.2220   3.046518    31.3313       4357     3.0251 0.0000e+00
     22.000     5.2336   3.046695    31.3229       4384     3.0440 0.0000e+00
     21.000     5.3041   3.045853    31.2480       4413     3.0637 0.0000e+00
     20.000     5.3759   3.044717    31.1686       4438     3.0812 0.0000e+00
     19.000     5.4234   3.044069    31.1177       4461     3.0972 0.0000e+00
     18.000     5.4644   3.043380    31.0724       4483     3.1124 0.0000e+00
     17.000     5.5011   3.042566    31.0298       4506     3.1282 0.0000e+00
     16.000     5.5343   3.040810    30.9798       4531     3.1460 0.0000e+00
     15.000     5.6244   3.036308    30.8469       4561     3.1665 0.0000e+00
     14.000     5.6797   3.032407    30.7530       4590     3.1866 0.0000e+00
     13.000     5.7152   3.029701    30.6908       4616     3.2049 0.0000e+00
     12.000     5.7372   3.027183    30.6431       4643     3.2236 0.0000e+00
     11.000     5.7712   3.024431    30.5820       4669     3.2417 0.0000e+00
     10.000     5.7903   3.023488    30.5546       4695     3.2601 0.0000e+00
      9.000     5.8118   3.022435    30.5238       4722     3.2784 0.0000e+00
      8.000     5.8532   3.020928    30.4702       4746     3.2949 0.0000e+00
      7.000     5.9372   3.016474    30.3455       4767     3.3095 0.0000e+00
      6.000     6.0000   3.013408    30.2557       4788     3.3246 0.0000e+00
      5.000     6.0445   3.012832    30.2101       4814     3.3426 0.0000e+00
      4.000     6.0643   3.012961    30.1943       4845     3.3636 0.0000e+00
      3.000     6.0767   3.013463    30.1893       4936     3.4274 0.0000e+00
      2.000     6.0809   3.013932    30.1912       5347     3.7126 0.0000e+00
      1.000     6.0814   3.013940    30.1913       5406     3.7534 0.0000e+00
