HB2402/ctd144.cnv
* Sea-Bird SBE 9 Data File:
* FileName = C:\cruise\data\ctd144.hex
* Software Version Seasave V 7.26.7.121
* Temperature SN = 5253
* Conductivity SN = 4421
* Number of Bytes Per Scan = 37
* Number of Voltage Words = 4
* Number of Scans Averaged by the Deck Unit = 1
* NMEA Latitude = 42 19.60 N
* NMEA Longitude = 070 42.07 W
* NMEA UTC (Time) = Apr 13 2024 23:06:08
* NMEA baud rate = 4800
** Ship: Bigelow HB2304
** Program:  Fall Bottom Trawl Survey
** Chief Scientist: John Galbraith
# nquan = 7
# nvalues = 77                          
# units = specified
# name 0 = depSM: Depth [salt water, m]
# name 1 = t090C: Temperature [ITS-90, deg C]
# name 2 = c0S/m: Conductivity [S/m]
# name 3 = sal00: Salinity, Practical [PSU]
# name 4 = scan: Scan Count
# name 5 = timeM: Time, Elapsed [minutes]
# name 6 = flag: flag
# span 0 =      1.000,     40.000       
# span 1 =     4.8514,     6.3162       
# span 2 =   2.973997,   3.022703       
# span 3 =    30.0782,    31.0900       
# span 4 =         36,       3875       
# span 5 =     0.0244,     2.6906       
# span 6 = 0.0000e+00, 0.0000e+00       
# interval = meters: 1                  
# start_time = Apr 13 2024 23:06:08 [NMEA time, header]
# bad_flag = -9.990e-29
*END*
      3.000     6.3162   3.022647    30.0782         36     0.0244 0.0000e+00
      4.000     6.3149   3.022649    30.0789        435     0.3013 0.0000e+00
      5.000     6.3146   3.022703    30.0793        510     0.3532 0.0000e+00
      6.000     6.3100   3.022586    30.0816        544     0.3770 0.0000e+00
      7.000     6.3060   3.022491    30.0837        572     0.3968 0.0000e+00
      8.000     6.3057   3.022519    30.0838        605     0.4192 0.0000e+00
      9.000     6.2989   3.022310    30.0871        642     0.4453 0.0000e+00
     10.000     6.2749   3.021357    30.0973        675     0.4683 0.0000e+00
     11.000     6.2763   3.021457    30.0967        708     0.4909 0.0000e+00
     12.000     6.1806   3.017476    30.1372        747     0.5184 0.0000e+00
     13.000     6.0891   3.013719    30.1765        783     0.5432 0.0000e+00
     14.000     6.0001   3.009997    30.2141        817     0.5664 0.0000e+00
     15.000     5.7037   2.996177    30.3254        855     0.5930 0.0000e+00
     16.000     5.2579   2.976539    30.5077        892     0.6188 0.0000e+00
     17.000     5.1539   2.975986    30.5960        923     0.6400 0.0000e+00
     18.000     5.0338   2.974765    30.6919        954     0.6621 0.0000e+00
     19.000     4.9564   2.976813    30.7863        992     0.6884 0.0000e+00
     20.000     4.9390   2.977182    30.8061       1034     0.7176 0.0000e+00
     21.000     4.9094   2.976530    30.8255       1078     0.7480 0.0000e+00
     22.000     4.8990   2.976718    30.8369       1114     0.7728 0.0000e+00
     23.000     4.8877   2.978647    30.8690       1144     0.7941 0.0000e+00
     24.000     4.8832   2.980319    30.8918       1174     0.8145 0.0000e+00
     25.000     4.8817   2.980916    30.8995       1206     0.8371 0.0000e+00
     26.000     4.8802   2.981422    30.9062       1248     0.8659 0.0000e+00
     27.000     4.8777   2.982141    30.9163       1290     0.8954 0.0000e+00
     28.000     4.8762   2.982572    30.9221       1325     0.9192 0.0000e+00
     29.000     4.8732   2.983744    30.9379       1360     0.9434 0.0000e+00
     30.000     4.8672   2.986633    30.9760       1393     0.9665 0.0000e+00
     31.000     4.8669   2.988761    31.0002       1428     0.9908 0.0000e+00
     32.000     4.8682   2.990142    31.0143       1467     1.0183 0.0000e+00
     33.000     4.8683   2.991528    31.0297       1504     1.0436 0.0000e+00
     34.000     4.8654   2.992737    31.0457       1535     1.0652 0.0000e+00
     35.000     4.8632   2.993411    31.0551       1566     1.0865 0.0000e+00
     36.000     4.8593   2.994234    31.0676       1606     1.1147 0.0000e+00
     37.000     4.8559   2.994853    31.0774       1652     1.1468 0.0000e+00
     38.000     4.8538   2.995307    31.0840       1688     1.1713 0.0000e+00
     39.000     4.8524   2.995536    31.0875       1717     1.1920 0.0000e+00
     40.000     4.8514   2.995713    31.0900       2278     1.5810 0.0000e+00
     39.000     4.8528   2.995682    31.0888       2540     1.7630 0.0000e+00
     38.000     4.8527   2.995553    31.0879       2524     1.7523 0.0000e+00
     37.000     4.8530   2.995418    31.0866       2550     1.7703 0.0000e+00
     36.000     4.8548   2.995027    31.0809       2577     1.7891 0.0000e+00
     35.000     4.8581   2.994427    31.0714       2604     1.8076 0.0000e+00
     34.000     4.8607   2.993831    31.0627       2632     1.8270 0.0000e+00
     33.000     4.8648   2.992441    31.0434       2663     1.8486 0.0000e+00
     32.000     4.8665   2.991562    31.0322       2692     1.8688 0.0000e+00
     31.000     4.8671   2.990856    31.0240       2716     1.8857 0.0000e+00
     30.000     4.8669   2.990118    31.0163       2739     1.9015 0.0000e+00
     29.000     4.8667   2.989261    31.0071       2762     1.9177 0.0000e+00
     28.000     4.8667   2.987551    30.9880       2787     1.9349 0.0000e+00
     27.000     4.8686   2.985366    30.9617       2813     1.9525 0.0000e+00
     26.000     4.8730   2.983450    30.9361       2837     1.9698 0.0000e+00
     25.000     4.8775   2.981858    30.9142       2862     1.9871 0.0000e+00
     24.000     4.8805   2.980984    30.9019       2891     2.0067 0.0000e+00
     23.000     4.8842   2.979901    30.8866       2920     2.0271 0.0000e+00
     22.000     4.8887   2.978835    30.8706       2949     2.0469 0.0000e+00
     21.000     4.8928   2.977867    30.8562       2977     2.0667 0.0000e+00
     20.000     4.8982   2.976964    30.8413       3003     2.0846 0.0000e+00
     19.000     4.9099   2.976564    30.8264       3026     2.1009 0.0000e+00
     18.000     4.9238   2.976605    30.8146       3049     2.1169 0.0000e+00
     17.000     4.9443   2.976325    30.7929       3073     2.1336 0.0000e+00
     16.000     5.0158   2.974288    30.7041       3099     2.1512 0.0000e+00
     15.000     5.1552   2.973997    30.5732       3125     2.1697 0.0000e+00
     14.000     5.4416   2.982591    30.4100       3153     2.1891 0.0000e+00
     13.000     5.7389   2.995755    30.2899       3180     2.2078 0.0000e+00
     12.000     5.9743   3.006261    30.1966       3207     2.2267 0.0000e+00
     11.000     6.0567   3.009994    30.1650       3234     2.2453 0.0000e+00
     10.000     6.1340   3.013441    30.1349       3260     2.2635 0.0000e+00
      9.000     6.1651   3.014903    30.1239       3285     2.2805 0.0000e+00
      8.000     6.1967   3.016427    30.1132       3309     2.2975 0.0000e+00
      7.000     6.2137   3.017330    30.1086       3335     2.3152 0.0000e+00
      6.000     6.2292   3.018125    30.1040       3364     2.3351 0.0000e+00
      5.000     6.2478   3.018804    30.0955       3392     2.3547 0.0000e+00
      4.000     6.2591   3.019291    30.0913       3414     2.3702 0.0000e+00
      3.000     6.2654   3.019762    30.0914       3434     2.3840 0.0000e+00
      2.000     6.2840   3.020922    30.0882       3785     2.6280 0.0000e+00
      1.000     6.2860   3.021005    30.0877       3875     2.6906 0.0000e+00
