HB2402/ctd153.cnv
* Sea-Bird SBE 9 Data File:
* FileName = C:\cruise\data\ctd153.hex
* Software Version Seasave V 7.26.7.121
* Temperature SN = 5253
* Conductivity SN = 4421
* Number of Bytes Per Scan = 37
* Number of Voltage Words = 4
* Number of Scans Averaged by the Deck Unit = 1
* NMEA Latitude = 42 19.15 N
* NMEA Longitude = 069 36.16 W
* NMEA UTC (Time) = Apr 15 2024 08:42:39
* NMEA baud rate = 4800
** Ship: Bigelow HB2304
** Program:  Fall Bottom Trawl Survey
** Chief Scientist: John Galbraith
# nquan = 7
# nvalues = 477                         
# units = specified
# name 0 = depSM: Depth [salt water, m]
# name 1 = t090C: Temperature [ITS-90, deg C]
# name 2 = c0S/m: Conductivity [S/m]
# name 3 = sal00: Salinity, Practical [PSU]
# name 4 = scan: Scan Count
# name 5 = timeM: Time, Elapsed [minutes]
# name 6 = flag: flag
# span 0 =      1.000,    240.000       
# span 1 =     4.9302,     8.1834       
# span 2 =   3.058525,   3.566642       
# span 3 =    31.5079,    34.1654       
# span 4 =        -36,      14482       
# span 5 =    -0.0260,    10.0563       
# span 6 = 0.0000e+00, 0.0000e+00       
# interval = meters: 1                  
# start_time = Apr 15 2024 08:42:39 [NMEA time, header]
# bad_flag = -9.990e-29
*END*
[from data line 206]
    209.000     8.1557   3.556443    34.0523       5732     3.9796 0.0000e+00
    210.000     8.1574   3.556968    34.0557       5761     4.0000 0.0000e+00
    211.000     8.1577   3.557100    34.0564       5789     4.0196 0.0000e+00
    212.000     8.1574   3.557118    34.0564       5816     4.0383 0.0000e+00
    213.000     8.1612   3.558362    34.0655       5843     4.0568 0.0000e+00
    214.000     8.1777   3.561689    34.0844       5867     4.0737 0.0000e+00
    215.000     8.1806   3.562663    34.0915       5889     4.0892 0.0000e+00
    216.000     8.1809   3.563272    34.0972       5911     4.1044 0.0000e+00
    217.000     8.1808   3.563392    34.0981       5934     4.1201 0.0000e+00
    218.000     8.1834   3.564443    34.1063       5961     4.1387 0.0000e+00
    219.000     8.1808   3.564910    34.1133       5995     4.1628 0.0000e+00
    220.000     8.1776   3.565282    34.1200       6033     4.1888 0.0000e+00
    221.000     8.1635   3.564548    34.1253       6063     4.2097 0.0000e+00
    222.000     8.1615   3.564749    34.1290       6086     4.2257 0.0000e+00
    223.000     8.1578   3.565540    34.1405       6109     4.2413 0.0000e+00
    224.000     8.1521   3.566010    34.1506       6130     4.2561 0.0000e+00
    225.000     8.1435   3.566178    34.1602       6152     4.2716 0.0000e+00
    226.000     8.1365   3.565988    34.1645       6176     4.2883 0.0000e+00
    227.000     8.1356   3.565981    34.1648       6202     4.3065 0.0000e+00
    228.000     8.1345   3.565944    34.1651       6232     4.3272 0.0000e+00
    229.000     8.1345   3.565998    34.1651       6263     4.3485 0.0000e+00
    230.000     8.1347   3.566058    34.1652       6290     4.3676 0.0000e+00
    231.000     8.1349   3.566112    34.1650       6316     4.3857 0.0000e+00
    232.000     8.1350   3.566164    34.1650       6345     4.4053 0.0000e+00
    233.000     8.1349   3.566202    34.1650       6375     4.4261 0.0000e+00
    234.000     8.1346   3.566253    34.1654       6402     4.4451 0.0000e+00
    235.000     8.1348   3.566304    34.1653       6424     4.4607 0.0000e+00
    236.000     8.1348   3.566367    34.1654       6445     4.4753 0.0000e+00
    237.000     8.1349   3.566410    34.1653       6468     4.4911 0.0000e+00
    238.000     8.1353   3.566469    34.1651       6496     4.5105 0.0000e+00
    239.000     8.1354   3.566508    34.1650       6747     4.6847 0.0000e+00
    240.000     8.1368   3.566642    34.1646       7520     5.2215 0.0000e+00
    239.000     8.1361   3.566538    34.1646       7298     5.0673 0.0000e+00
    238.000     8.1361   3.566490    34.1646       7356     5.1077 0.0000e+00
    237.000     8.1360   3.566429    34.1645       7382     5.1255 0.0000e+00
    236.000     8.1359   3.566383    34.1645       7404     5.1412 0.0000e+00
    235.000     8.1357   3.566320    34.1646       7428     5.1577 0.0000e+00
    234.000     8.1355   3.566266    34.1646       7456     5.1774 0.0000e+00
    233.000     8.1355   3.566211    34.1646       7492     5.2021 0.0000e+00
    232.000     8.1353   3.566148    34.1645       7522     5.2228 0.0000e+00
    231.000     8.1351   3.566096    34.1647       7544     5.2383 0.0000e+00
    230.000     8.1350   3.566032    34.1646       7565     5.2526 0.0000e+00
    229.000     8.1348   3.565991    34.1647       7587     5.2678 0.0000e+00
    228.000     8.1347   3.565935    34.1648       7612     5.2852 0.0000e+00
    227.000     8.1347   3.565881    34.1647       7642     5.3063 0.0000e+00
    226.000     8.1350   3.565829    34.1643       7672     5.3268 0.0000e+00
    225.000     8.1401   3.565892    34.1605       7696     5.3435 0.0000e+00
    224.000     8.1445   3.565893    34.1567       7718     5.3590 0.0000e+00
    223.000     8.1478   3.565816    34.1531       7742     5.3757 0.0000e+00
    222.000     8.1474   3.565731    34.1531       7771     5.3958 0.0000e+00
    221.000     8.1512   3.565326    34.1455       7801     5.4165 0.0000e+00
    220.000     8.1644   3.564948    34.1292       7826     5.4341 0.0000e+00
    219.000     8.1713   3.565136    34.1250       7851     5.4513 0.0000e+00
    218.000     8.1731   3.565023    34.1225       7877     5.4698 0.0000e+00
    217.000     8.1751   3.564749    34.1181       7905     5.4890 0.0000e+00
    216.000     8.1779   3.564067    34.1086       7932     5.5078 0.0000e+00
    215.000     8.1793   3.563390    34.1005       7957     5.5253 0.0000e+00
    214.000     8.1793   3.562983    34.0966       7980     5.5411 0.0000e+00
    213.000     8.1789   3.562528    34.0926       8002     5.5561 0.0000e+00
    212.000     8.1774   3.562073    34.0898       8024     5.5716 0.0000e+00
    211.000     8.1736   3.560991    34.0824       8051     5.5899 0.0000e+00
    210.000     8.1658   3.559235    34.0717       8086     5.6149 0.0000e+00
    209.000     8.1626   3.558341    34.0658       8125     5.6418 0.0000e+00
    208.000     8.1566   3.556688    34.0544       8152     5.6602 0.0000e+00
    207.000     8.1563   3.556506    34.0533       8170     5.6732 0.0000e+00
    206.000     8.1547   3.556062    34.0506       8187     5.6847 0.0000e+00
    205.000     8.1540   3.555832    34.0493       8203     5.6961 0.0000e+00
    204.000     8.1533   3.555617    34.0482       8222     5.7088 0.0000e+00
    203.000     8.1532   3.555575    34.0483       8247     5.7267 0.0000e+00
    202.000     8.1492   3.554058    34.0365       8301     5.7639 0.0000e+00
    201.000     8.1477   3.553456    34.0320       8346     5.7950 0.0000e+00
    200.000     8.1428   3.551755    34.0191       8362     5.8063 0.0000e+00
    199.000     8.1407   3.550985    34.0134       8378     5.8175 0.0000e+00
    198.000     8.1397   3.550623    34.0110       8394     5.8281 0.0000e+00
    197.000     8.1393   3.550408    34.0096       8409     5.8392 0.0000e+00
    196.000     8.1395   3.549911    34.0046       8429     5.8528 0.0000e+00
    195.000     8.1400   3.549703    34.0023       8461     5.8747 0.0000e+00
    194.000     8.1421   3.549100    33.9944       8507     5.9071 0.0000e+00
    193.000     8.1421   3.548554    33.9890       8537     5.9281 0.0000e+00
    192.000     8.1402   3.547055    33.9753       8559     5.9431 0.0000e+00
    191.000     8.1322   3.544981    33.9614       8580     5.9579 0.0000e+00
    190.000     8.1278   3.543839    33.9541       8602     5.9728 0.0000e+00
    189.000     8.1253   3.543217    33.9503       8627     5.9902 0.0000e+00
    188.000     8.1244   3.542900    33.9482       8657     6.0111 0.0000e+00
    187.000     8.1220   3.541939    33.9408       8687     6.0320 0.0000e+00
    186.000     8.1138   3.537948    33.9067       8712     6.0493 0.0000e+00
    185.000     8.1113   3.536525    33.8944       8735     6.0652 0.0000e+00
    184.000     8.1107   3.536300    33.8931       8757     6.0806 0.0000e+00
    183.000     8.1087   3.535327    33.8851       8779     6.0955 0.0000e+00
    182.000     8.1071   3.534775    33.8812       8800     6.1106 0.0000e+00
    181.000     8.1068   3.534685    33.8810       8827     6.1295 0.0000e+00
    180.000     8.1029   3.533540    33.8731       8870     6.1590 0.0000e+00
    179.000     8.1024   3.533282    33.8713       8903     6.1822 0.0000e+00
    178.000     8.0965   3.531409    33.8575       8925     6.1970 0.0000e+00
    177.000     8.0931   3.530471    33.8512       8944     6.2104 0.0000e+00
    176.000     8.0885   3.529020    33.8406       8964     6.2242 0.0000e+00
    175.000     8.0853   3.528019    33.8336       8986     6.2394 0.0000e+00
    174.000     8.0813   3.527041    33.8275       9011     6.2571 0.0000e+00
    173.000     8.0765   3.526237    33.8240       9038     6.2757 0.0000e+00
    172.000     8.0540   3.521521    33.7959       9063     6.2931 0.0000e+00
    171.000     8.0452   3.519584    33.7841       9089     6.3114 0.0000e+00
    170.000     8.0371   3.517696    33.7723       9123     6.3348 0.0000e+00
    169.000     8.0274   3.515517    33.7588       9159     6.3596 0.0000e+00
    168.000     7.9872   3.507787    33.7155       9184     6.3774 0.0000e+00
    167.000     7.9711   3.504677    33.6981       9206     6.3923 0.0000e+00
    166.000     7.9658   3.503502    33.6912       9226     6.4064 0.0000e+00
    165.000     7.9597   3.502117    33.6827       9248     6.4212 0.0000e+00
    164.000     7.9387   3.497730    33.6565       9271     6.4376 0.0000e+00
    163.000     7.9321   3.495505    33.6395       9297     6.4555 0.0000e+00
    162.000     7.9290   3.493928    33.6261       9323     6.4738 0.0000e+00
    161.000     7.9149   3.488324    33.5801       9350     6.4922 0.0000e+00
    160.000     7.9144   3.487494    33.5723       9378     6.5117 0.0000e+00
    159.000     7.9126   3.486033    33.5588       9409     6.5335 0.0000e+00
    158.000     7.9033   3.482327    33.5285       9440     6.5546 0.0000e+00
    157.000     7.8938   3.478836    33.5008       9465     6.5725 0.0000e+00
    156.000     7.8611   3.473567    33.4761       9488     6.5882 0.0000e+00
    155.000     7.8374   3.469595    33.4568       9509     6.6030 0.0000e+00
    154.000     7.8171   3.465564    33.4335       9530     6.6177 0.0000e+00
    153.000     7.8007   3.460775    33.3983       9552     6.6329 0.0000e+00
    152.000     7.7938   3.458760    33.3838       9577     6.6497 0.0000e+00
    151.000     7.7790   3.455081    33.3589       9605     6.6691 0.0000e+00
    150.000     7.7681   3.452825    33.3456       9635     6.6906 0.0000e+00
    149.000     7.7497   3.448694    33.3194       9666     6.7121 0.0000e+00
    148.000     7.7079   3.440028    33.2667       9694     6.7312 0.0000e+00
    147.000     7.7004   3.437714    33.2494       9719     6.7484 0.0000e+00
    146.000     7.6954   3.436146    33.2379       9741     6.7640 0.0000e+00
    145.000     7.6476   3.428396    33.2005       9764     6.7800 0.0000e+00
    144.000     7.5937   3.421129    33.1743       9789     6.7969 0.0000e+00
    143.000     7.5220   3.412144    33.1462       9813     6.8138 0.0000e+00
    142.000     7.4639   3.403685    33.1108       9835     6.8292 0.0000e+00
    141.000     7.4290   3.398461    33.0881       9857     6.8446 0.0000e+00
    140.000     7.4152   3.396162    33.0769       9883     6.8628 0.0000e+00
    139.000     7.3098   3.382869    33.0340       9920     6.8882 0.0000e+00
    138.000     7.2577   3.376626    33.0164       9951     6.9099 0.0000e+00
    137.000     7.1519   3.362819    32.9678       9974     6.9260 0.0000e+00
    136.000     7.0955   3.356148    32.9495       9997     6.9419 0.0000e+00
    135.000     7.0708   3.352860    32.9377      10021     6.9582 0.0000e+00
    134.000     7.0522   3.350370    32.9288      10044     6.9741 0.0000e+00
    133.000     7.0197   3.346054    32.9132      10066     6.9894 0.0000e+00
    132.000     6.9825   3.340937    32.8933      10090     7.0061 0.0000e+00
    131.000     6.9380   3.334364    32.8645      10118     7.0255 0.0000e+00
    130.000     6.8476   3.321791    32.8136      10150     7.0478 0.0000e+00
    129.000     6.6603   3.295384    32.7029      10179     7.0682 0.0000e+00
    128.000     6.5940   3.286219    32.6657      10203     7.0848 0.0000e+00
    127.000     6.5683   3.282450    32.6491      10225     7.1002 0.0000e+00
    126.000     6.5380   3.278142    32.6310      10248     7.1162 0.0000e+00
    125.000     6.5069   3.273169    32.6063      10276     7.1352 0.0000e+00
    124.000     6.4842   3.270242    32.5960      10307     7.1570 0.0000e+00
    123.000     6.4844   3.269874    32.5923      10336     7.1769 0.0000e+00
    122.000     6.4593   3.266548    32.5799      10359     7.1932 0.0000e+00
    121.000     6.4533   3.265713    32.5769      10381     7.2084 0.0000e+00
    120.000     6.4273   3.262293    32.5644      10780     7.4857 0.0000e+00
    119.000     6.4308   3.262374    32.5624      11026     7.6559 0.0000e+00
    118.000     6.4271   3.261736    32.5594      11063     7.6823 0.0000e+00
    117.000     6.4185   3.260614    32.5556      11090     7.7008 0.0000e+00
    116.000     6.4104   3.259456    32.5510      11117     7.7192 0.0000e+00
    115.000     6.4019   3.258280    32.5465      11149     7.7417 0.0000e+00
    114.000     6.3764   3.254756    32.5323      11184     7.7657 0.0000e+00
    113.000     6.3195   3.246711    32.4979      11208     7.7826 0.0000e+00
    112.000     6.2424   3.236526    32.4589      11228     7.7963 0.0000e+00
    111.000     6.1821   3.228475    32.4274      11246     7.8090 0.0000e+00
    110.000     6.1344   3.222143    32.4027      11264     7.8218 0.0000e+00
    109.000     6.0994   3.217233    32.3819      11285     7.8359 0.0000e+00
    108.000     6.0125   3.205733    32.3368      11310     7.8537 0.0000e+00
    107.000     5.8869   3.188808    32.2677      11349     7.8807 0.0000e+00
    106.000     5.8170   3.179060    32.2256      11391     7.9099 0.0000e+00
    105.000     5.7353   3.168503    32.1854      11417     7.9278 0.0000e+00
    104.000     5.7224   3.167035    32.1816      11437     7.9418 0.0000e+00
    103.000     5.7048   3.164486    32.1702      11456     7.9550 0.0000e+00
    102.000     5.6900   3.162460    32.1621      11477     7.9692 0.0000e+00
    101.000     5.6807   3.161170    32.1568      11501     7.9859 0.0000e+00
    100.000     5.6649   3.158702    32.1446      11528     8.0049 0.0000e+00
     99.000     5.6280   3.153685    32.1238      11556     8.0245 0.0000e+00
     98.000     5.6011   3.149983    32.1082      11586     8.0452 0.0000e+00
     97.000     5.5892   3.148103    32.0988      11615     8.0655 0.0000e+00
     96.000     5.5703   3.145653    32.0896      11641     8.0830 0.0000e+00
     95.000     5.5390   3.141457    32.0725      11663     8.0985 0.0000e+00
     94.000     5.5084   3.136910    32.0508      11685     8.1138 0.0000e+00
     93.000     5.4563   3.129660    32.0190      11712     8.1325 0.0000e+00
     92.000     5.4177   3.124333    31.9958      11748     8.1575 0.0000e+00
     91.000     5.4034   3.122287    31.9868      11780     8.1798 0.0000e+00
     90.000     5.3765   3.118639    31.9715      11802     8.1954 0.0000e+00
     89.000     5.3649   3.117022    31.9647      11822     8.2089 0.0000e+00
     88.000     5.3517   3.115210    31.9572      11841     8.2221 0.0000e+00
     87.000     5.3451   3.114195    31.9525      11862     8.2366 0.0000e+00
     86.000     5.3432   3.113793    31.9502      11888     8.2545 0.0000e+00
     85.000     5.3249   3.111120    31.9379      11921     8.2776 0.0000e+00
     84.000     5.3086   3.108908    31.9287      11956     8.3024 0.0000e+00
     83.000     5.2806   3.104684    31.9079      11988     8.3245 0.0000e+00
     82.000     5.2775   3.104085    31.9045      12014     8.3421 0.0000e+00
     81.000     5.2692   3.103019    31.9008      12036     8.3576 0.0000e+00
     80.000     5.2614   3.101841    31.8954      12056     8.3716 0.0000e+00
     79.000     5.2577   3.101286    31.8931      12076     8.3851 0.0000e+00
     78.000     5.2561   3.101010    31.8919      12096     8.3996 0.0000e+00
     77.000     5.2493   3.100048    31.8879      12121     8.4169 0.0000e+00
     76.000     5.2442   3.099296    31.8847      12155     8.4403 0.0000e+00
     75.000     5.2390   3.098565    31.8818      12192     8.4658 0.0000e+00
     74.000     5.2261   3.096794    31.8745      12221     8.4861 0.0000e+00
     73.000     5.2223   3.096258    31.8725      12246     8.5034 0.0000e+00
     72.000     5.2183   3.095781    31.8714      12268     8.5185 0.0000e+00
     71.000     5.2159   3.095400    31.8698      12288     8.5329 0.0000e+00
     70.000     5.2135   3.095094    31.8690      12310     8.5476 0.0000e+00
     69.000     5.2114   3.094810    31.8684      12332     8.5634 0.0000e+00
     68.000     5.2070   3.094225    31.8664      12360     8.5827 0.0000e+00
