HB2402/ctd186.cnv
* Sea-Bird SBE 9 Data File:
* FileName = C:\cruise\data\ctd186.hex
* Software Version Seasave V 7.26.7.121
* Temperature SN = 5253
* Conductivity SN = 4421
* Number of Bytes Per Scan = 37
* Number of Voltage Words = 4
* Number of Scans Averaged by the Deck Unit = 1
* NMEA Latitude = 42 48.33 N
* NMEA Longitude = 067 16.33 W
* NMEA UTC (Time) = Apr 30 2024 08:40:30
* NMEA baud rate = 4800
** Ship: Bigelow HB2402
** Program:  Spring Bottom Trawl Survey
** Chief Scientist: John Galbraith
# nquan = 7
# nvalues = 410                         
# units = specified
# name 0 = depSM: Depth [salt water, m]
# name 1 = t090C: Temperature [ITS-90, deg C]
# name 2 = c0S/m: Conductivity [S/m]
# name 3 = sal00: Salinity, Practical [PSU]
# name 4 = scan: Scan Count
# name 5 = timeM: Time, Elapsed [minutes]
# name 6 = flag: flag
# span 0 =      1.000,    207.000       
# span 1 =     5.2487,     8.2753       
# span 2 =   3.141620,   3.607221       
# span 3 =    31.8554,    34.6395       
# span 4 =        150,      13588       
# span 5 =     0.1034,     9.4354       
# span 6 = 0.0000e+00, 0.0000e+00       
# interval = meters: 1                  
# start_time = Apr 30 2024 08:40:30 [NMEA time, header]
# bad_flag = -9.990e-29
*END*
[from data line 206]
    204.000     8.1099   3.607021    34.6392       7077     4.9140 0.0000e+00
    203.000     8.1100   3.606985    34.6392       7081     4.9165 0.0000e+00
    202.000     8.1097   3.606928    34.6393       7107     4.9349 0.0000e+00
    201.000     8.1094   3.606862    34.6394       7156     4.9688 0.0000e+00
    200.000     8.1095   3.606825    34.6395       7195     4.9961 0.0000e+00
    199.000     8.1094   3.606743    34.6392       7214     5.0089 0.0000e+00
    198.000     8.1091   3.606681    34.6393       7229     5.0195 0.0000e+00
    197.000     8.1089   3.606613    34.6392       7244     5.0297 0.0000e+00
    196.000     8.1087   3.606547    34.6392       7259     5.0405 0.0000e+00
    195.000     8.1084   3.606493    34.6394       7279     5.0540 0.0000e+00
    194.000     8.1082   3.606421    34.6393       7306     5.0731 0.0000e+00
    193.000     8.1080   3.606363    34.6393       7352     5.1046 0.0000e+00
    192.000     8.1078   3.606278    34.6392       7385     5.1278 0.0000e+00
    191.000     8.1076   3.606205    34.6390       7404     5.1410 0.0000e+00
    190.000     8.1075   3.606160    34.6391       7420     5.1524 0.0000e+00
    189.000     8.1072   3.606101    34.6392       7437     5.1640 0.0000e+00
    188.000     8.1072   3.606044    34.6391       7458     5.1787 0.0000e+00
    187.000     8.1076   3.606026    34.6391       7489     5.1999 0.0000e+00
    186.000     8.1097   3.606110    34.6383       7528     5.2270 0.0000e+00
    185.000     8.1111   3.606101    34.6374       7556     5.2468 0.0000e+00
    184.000     8.1119   3.606031    34.6363       7578     5.2617 0.0000e+00
    183.000     8.1125   3.605960    34.6355       7597     5.2750 0.0000e+00
    182.000     8.1132   3.605884    34.6345       7616     5.2879 0.0000e+00
    181.000     8.1134   3.605807    34.6339       7636     5.3019 0.0000e+00
    180.000     8.1141   3.605743    34.6330       7660     5.3184 0.0000e+00
    179.000     8.1145   3.605679    34.6324       7691     5.3406 0.0000e+00
    178.000     8.1146   3.605618    34.6322       7731     5.3682 0.0000e+00
    177.000     8.1149   3.605561    34.6317       7763     5.3900 0.0000e+00
    176.000     8.1150   3.605506    34.6315       7784     5.4046 0.0000e+00
    175.000     8.1151   3.605423    34.6310       7801     5.4168 0.0000e+00
    174.000     8.1150   3.605347    34.6308       7818     5.4287 0.0000e+00
    173.000     8.1149   3.605290    34.6308       7838     5.4426 0.0000e+00
    172.000     8.1165   3.605267    34.6294       7871     5.4652 0.0000e+00
    171.000     8.1224   3.605297    34.6244       7912     5.4937 0.0000e+00
    170.000     8.1250   3.605291    34.6223       7937     5.5112 0.0000e+00
    169.000     8.1253   3.605244    34.6220       7958     5.5259 0.0000e+00
    168.000     8.1255   3.605195    34.6217       7980     5.5412 0.0000e+00
    167.000     8.1292   3.605184    34.6184       8006     5.5587 0.0000e+00
    166.000     8.1365   3.605217    34.6120       8033     5.5780 0.0000e+00
    165.000     8.1433   3.605203    34.6057       8059     5.5961 0.0000e+00
    164.000     8.1639   3.605052    34.5843       8086     5.6149 0.0000e+00
    163.000     8.2029   3.604924    34.5450       8122     5.6398 0.0000e+00
    162.000     8.2301   3.604209    34.5111       8157     5.6641 0.0000e+00
    161.000     8.2446   3.604671    34.5022       8180     5.6797 0.0000e+00
    160.000     8.2454   3.604628    34.5015       8198     5.6924 0.0000e+00
    159.000     8.2461   3.604581    34.5008       8216     5.7045 0.0000e+00
    158.000     8.2496   3.604190    34.4937       8234     5.7176 0.0000e+00
    157.000     8.2566   3.603411    34.4790       8258     5.7337 0.0000e+00
    156.000     8.2589   3.603077    34.4737       8293     5.7580 0.0000e+00
    155.000     8.2618   3.601981    34.4597       8348     5.7967 0.0000e+00
    154.000     8.2632   3.600629    34.4443       8386     5.8229 0.0000e+00
    153.000     8.2636   3.599731    34.4349       8405     5.8363 0.0000e+00
    152.000     8.2636   3.599074    34.4284       8421     5.8470 0.0000e+00
    151.000     8.2613   3.597671    34.4162       8436     5.8576 0.0000e+00
    150.000     8.2580   3.596336    34.4056       8452     5.8688 0.0000e+00
    149.000     8.2545   3.595208    34.3976       8473     5.8834 0.0000e+00
    148.000     8.2497   3.593986    34.3897       8521     5.9165 0.0000e+00
    147.000     8.2440   3.592510    34.3800       8574     5.9535 0.0000e+00
    146.000     8.2392   3.591271    34.3720       8599     5.9709 0.0000e+00
    145.000     8.2346   3.589909    34.3625       8621     5.9863 0.0000e+00
    144.000     8.2302   3.588451    34.3517       8642     6.0009 0.0000e+00
    143.000     8.2269   3.586066    34.3301       8666     6.0172 0.0000e+00
    142.000     8.2331   3.584112    34.3037       8692     6.0355 0.0000e+00
    141.000     8.2546   3.581811    34.2587       8724     6.0579 0.0000e+00
    140.000     8.2349   3.576701    34.2240       8773     6.0914 0.0000e+00
    139.000     8.2167   3.572207    34.1943       8805     6.1139 0.0000e+00
    138.000     8.2182   3.571899    34.1900       8824     6.1274 0.0000e+00
    137.000     8.2171   3.571645    34.1889       8842     6.1399 0.0000e+00
    136.000     8.2134   3.570937    34.1855       8861     6.1529 0.0000e+00
    135.000     8.2031   3.569246    34.1779       8893     6.1749 0.0000e+00
    134.000     8.1884   3.566987    34.1686       8961     6.2221 0.0000e+00
    133.000     8.1398   3.560330    34.1454       8988     6.2408 0.0000e+00
    132.000     8.1072   3.555794    34.1292       9008     6.2547 0.0000e+00
    131.000     8.0763   3.551319    34.1120       9026     6.2675 0.0000e+00
    130.000     8.0261   3.544587    34.0893       9046     6.2814 0.0000e+00
    129.000     7.9901   3.539699    34.0726       9070     6.2980 0.0000e+00
    128.000     7.9700   3.537012    34.0638       9099     6.3180 0.0000e+00
    127.000     7.9446   3.533550    34.0520       9151     6.3539 0.0000e+00
    126.000     7.9336   3.531854    34.0450       9207     6.3927 0.0000e+00
    125.000     7.9310   3.531325    34.0423       9225     6.4053 0.0000e+00
    124.000     7.9398   3.532175    34.0434       9240     6.4160 0.0000e+00
    123.000     7.9505   3.533159    34.0439       9255     6.4263 0.0000e+00
    122.000     7.9501   3.532935    34.0424       9271     6.4376 0.0000e+00
    121.000     7.9405   3.531847    34.0406       9298     6.4562 0.0000e+00
    120.000     7.9404   3.531546    34.0379       9367     6.5043 0.0000e+00
    119.000     7.9364   3.530796    34.0343       9407     6.5320 0.0000e+00
    118.000     7.9342   3.530396    34.0326       9431     6.5486 0.0000e+00
    117.000     7.9276   3.529363    34.0285       9452     6.5631 0.0000e+00
    116.000     7.9138   3.527245    34.0197       9470     6.5760 0.0000e+00
    115.000     7.9082   3.526274    34.0152       9490     6.5893 0.0000e+00
    114.000     7.9042   3.525569    34.0120       9515     6.6067 0.0000e+00
    113.000     7.9001   3.524819    34.0084       9558     6.6369 0.0000e+00
    112.000     7.8854   3.522468    33.9979       9607     6.6708 0.0000e+00
    111.000     7.8801   3.521672    33.9951       9641     6.6943 0.0000e+00
    110.000     7.8558   3.518514    33.9852       9665     6.7114 0.0000e+00
    109.000     7.7913   3.510032    33.9574       9687     6.7261 0.0000e+00
    108.000     7.6870   3.496666    33.9155       9707     6.7404 0.0000e+00
    107.000     7.6158   3.487461    33.8860       9730     6.7564 0.0000e+00
    106.000     7.5507   3.478989    33.8584       9760     6.7771 0.0000e+00
    105.000     7.4508   3.466195    33.8177       9802     6.8059 0.0000e+00
    104.000     7.3634   3.454757    33.7792       9845     6.8358 0.0000e+00
    103.000     7.3306   3.450397    33.7644       9873     6.8555 0.0000e+00
    102.000     7.3041   3.446781    33.7513       9898     6.8732 0.0000e+00
    101.000     7.2636   3.441429    33.7330       9925     6.8914 0.0000e+00
    100.000     7.1586   3.427011    33.6788       9954     6.9120 0.0000e+00
     99.000     7.0627   3.414051    33.6312       9984     6.9328 0.0000e+00
     98.000     7.0325   3.410240    33.6194      10012     6.9518 0.0000e+00
     97.000     6.9863   3.404027    33.5970      10037     6.9695 0.0000e+00
     96.000     6.9423   3.397972    33.5740      10063     6.9874 0.0000e+00
     95.000     6.9145   3.394141    33.5596      10094     7.0094 0.0000e+00
     94.000     6.8891   3.390723    33.5473      10142     7.0423 0.0000e+00
     93.000     6.8509   3.385397    33.5266      10180     7.0688 0.0000e+00
     92.000     6.8157   3.380595    33.5086      10203     7.0844 0.0000e+00
     91.000     6.7827   3.376084    33.4917      10222     7.0978 0.0000e+00
     90.000     6.7677   3.373841    33.4821      10241     7.1109 0.0000e+00
     89.000     6.7490   3.371093    33.4705      10264     7.1269 0.0000e+00
     88.000     6.7195   3.367064    33.4554      10298     7.1504 0.0000e+00
     87.000     6.6714   3.360663    33.4322      10335     7.1766 0.0000e+00
     86.000     6.5307   3.342081    33.3646      10366     7.1982 0.0000e+00
     85.000     6.3604   3.320019    33.2865      10399     7.2210 0.0000e+00
     84.000     6.2683   3.307872    33.2417      10430     7.2422 0.0000e+00
     83.000     6.2160   3.300913    33.2157      10455     7.2599 0.0000e+00
     82.000     6.1835   3.296841    33.2025      10479     7.2765 0.0000e+00
     81.000     6.1501   3.292311    33.1850      10505     7.2941 0.0000e+00
     80.000     6.1239   3.288652    33.1702      10533     7.3141 0.0000e+00
     79.000     6.1023   3.285691    33.1587      10561     7.3332 0.0000e+00
     78.000     6.0870   3.283829    33.1533      10584     7.3496 0.0000e+00
     77.000     6.0702   3.281574    33.1449      10607     7.3656 0.0000e+00
     76.000     6.0533   3.279205    33.1354      10638     7.3867 0.0000e+00
     75.000     6.0377   3.277050    33.1270      10681     7.4167 0.0000e+00
     74.000     6.0233   3.274876    33.1172      10713     7.4386 0.0000e+00
     73.000     6.0086   3.272940    33.1104      10736     7.4550 0.0000e+00
     72.000     5.9969   3.271442    33.1055      10760     7.4713 0.0000e+00
     71.000     5.9814   3.269006    33.0938      10783     7.4876 0.0000e+00
     70.000     5.9371   3.262756    33.0674      10804     7.5021 0.0000e+00
     69.000     5.8995   3.257625    33.0470      10823     7.5155 0.0000e+00
     68.000     5.8795   3.254549    33.0324      10843     7.5292 0.0000e+00
     67.000     5.8607   3.251439    33.0163      10871     7.5485 0.0000e+00
     66.000     5.8019   3.241005    32.9567      10928     7.5885 0.0000e+00
     65.000     5.7792   3.236885    32.9329      10960     7.6103 0.0000e+00
     64.000     5.5886   3.205819    32.7682      10978     7.6231 0.0000e+00
     63.000     5.5163   3.195456    32.7217      10995     7.6349 0.0000e+00
     62.000     5.4520   3.187032    32.6891      11014     7.6476 0.0000e+00
     61.000     5.4611   3.187878    32.6904      11036     7.6630 0.0000e+00
     60.000     5.4374   3.184655    32.6773      11066     7.6838 0.0000e+00
     59.000     5.4013   3.180035    32.6605      11098     7.7063 0.0000e+00
     58.000     5.3209   3.168841    32.6119      11126     7.7254 0.0000e+00
     57.000     5.2816   3.160305    32.5533      11150     7.7422 0.0000e+00
     56.000     5.2857   3.158395    32.5280      11174     7.7591 0.0000e+00
     55.000     5.2897   3.155990    32.4972      11200     7.7769 0.0000e+00
     54.000     5.3113   3.155847    32.4752      11226     7.7954 0.0000e+00
     53.000     5.3324   3.157043    32.4688      11252     7.8132 0.0000e+00
     52.000     5.3579   3.158749    32.4640      11279     7.8322 0.0000e+00
     51.000     5.3674   3.159662    32.4657      11309     7.8529 0.0000e+00
     50.000     5.3933   3.161698    32.4643      11337     7.8725 0.0000e+00
     49.000     5.4255   3.164180    32.4618      11360     7.8884 0.0000e+00
     48.000     5.4422   3.165430    32.4603      11381     7.9028 0.0000e+00
     47.000     5.4512   3.165793    32.4563      11402     7.9174 0.0000e+00
     46.000     5.4634   3.166383    32.4517      11426     7.9339 0.0000e+00
     45.000     5.4690   3.166571    32.4489      11454     7.9533 0.0000e+00
     44.000     5.4645   3.166420    32.4520      11483     7.9736 0.0000e+00
     43.000     5.4957   3.167893    32.4391      11512     7.9940 0.0000e+00
     42.000     5.5155   3.168777    32.4305      11542     8.0147 0.0000e+00
     41.000     5.5150   3.168825    32.4320      11570     8.0338 0.0000e+00
     40.000     5.5382   3.169685    32.4198      11595     8.0512 0.0000e+00
     39.000     5.5564   3.169926    32.4055      11621     8.0691 0.0000e+00
     38.000     5.5621   3.169163    32.3919      11645     8.0863 0.0000e+00
     37.000     5.5602   3.165685    32.3548      11666     8.1008 0.0000e+00
     36.000     5.5558   3.163054    32.3298      11684     8.1135 0.0000e+00
     35.000     5.5533   3.161573    32.3160      11703     8.1262 0.0000e+00
     34.000     5.5482   3.158312    32.2845      11727     8.1432 0.0000e+00
     33.000     5.5492   3.150483    32.1953      11782     8.1812 0.0000e+00
     32.000     5.5476   3.151016    32.2034      11814     8.2035 0.0000e+00
     31.000     5.5410   3.148447    32.1812      11831     8.2156 0.0000e+00
     30.000     5.5486   3.146006    32.1468      11848     8.2271 0.0000e+00
     29.000     5.5628   3.146819    32.1429      11867     8.2401 0.0000e+00
     28.000     5.5705   3.147225    32.1406      11891     8.2568 0.0000e+00
     27.000     5.5690   3.147083    32.1410      11922     8.2786 0.0000e+00
     26.000     5.5774   3.147366    32.1366      11952     8.2990 0.0000e+00
     25.000     5.5904   3.148148    32.1335      11977     8.3167 0.0000e+00
     24.000     5.6098   3.149414    32.1298      12002     8.3344 0.0000e+00
     23.000     5.6315   3.150836    32.1256      12029     8.3531 0.0000e+00
     22.000     5.7146   3.156526    32.1110      12058     8.3727 0.0000e+00
     21.000     5.8260   3.163836    32.0877      12084     8.3907 0.0000e+00
     20.000     5.9155   3.170119    32.0736      12107     8.4069 0.0000e+00
     19.000     5.9466   3.172551    32.0718      12130     8.4226 0.0000e+00
     18.000     6.0141   3.176972    32.0578      12155     8.4404 0.0000e+00
     17.000     6.0760   3.181963    32.0555      12187     8.4623 0.0000e+00
     16.000     6.2164   3.192294    32.0384      12215     8.4820 0.0000e+00
     15.000     6.2775   3.196258    32.0254      12237     8.4971 0.0000e+00
     14.000     6.2905   3.196459    32.0159      12256     8.5104 0.0000e+00
     13.000     6.2839   3.195457    32.0114      12276     8.5243 0.0000e+00
     12.000     6.2694   3.194231    32.0120      12302     8.5423 0.0000e+00
     11.000     6.2541   3.190557    31.9860      12338     8.5673 0.0000e+00
     10.000     6.2528   3.187750    31.9566      12369     8.5887 0.0000e+00
      9.000     6.2317   3.183468    31.9294      12392     8.6051 0.0000e+00
      8.000     6.2493   3.183651    31.9154      12414     8.6202 0.0000e+00
      7.000     6.3294   3.188515    31.8946      12437     8.6361 0.0000e+00
      6.000     6.4593   3.198390    31.8827      12465     8.6553 0.0000e+00
      5.000     6.6087   3.209985    31.8715      13395     9.3011 0.0000e+00
      4.000     6.6065   3.209875    31.8728      13425     9.3223 0.0000e+00
      3.000     6.6085   3.209834    31.8710      13503     9.3764 0.0000e+00
      2.000     6.6093   3.209607    31.8682      13553     9.4112 0.0000e+00
      1.000     6.6093   3.209544    31.8680      13588     9.4354 0.0000e+00
