HB2402/ctd126.cnv
* Sea-Bird SBE 9 Data File:
* FileName = C:\cruise\data\ctd126.hex
* Software Version Seasave V 7.26.7.121
* Temperature SN = 5253
* Conductivity SN = 4421
* Number of Bytes Per Scan = 37
* Number of Voltage Words = 4
* Number of Scans Averaged by the Deck Unit = 1
* NMEA Latitude = 40 14.49 N
* NMEA Longitude = 068 43.70 W
* NMEA UTC (Time) = Apr 10 2024 22:36:37
* NMEA baud rate = 4800
** Ship: Bigelow HB2304
** Program:  Fall Bottom Trawl Survey
** Chief Scientist: John Galbraith
# nquan = 7
# nvalues = 226                         
# units = specified
# name 0 = depSM: Depth [salt water, m]
# name 1 = t090C: Temperature [ITS-90, deg C]
# name 2 = c0S/m: Conductivity [S/m]
# name 3 = sal00: Salinity, Practical [PSU]
# name 4 = scan: Scan Count
# name 5 = timeM: Time, Elapsed [minutes]
# name 6 = flag: flag
# span 0 =      1.000,    114.000       
# span 1 =     6.1391,     8.9400       
# span 2 =   3.221630,   3.624577       
# span 3 =    32.3921,    34.0814       
# span 4 =        -22,       7164       
# span 5 =    -0.0162,     4.9740       
# span 6 = 0.0000e+00, 0.0000e+00       
# interval = meters: 1                  
# start_time = Apr 10 2024 22:36:37 [NMEA time, header]
# bad_flag = -9.990e-29
*END*
      2.000     6.6292   3.258913    32.3921        -22    -0.0162 0.0000e+00
      3.000     6.6287   3.259291    32.3963         32     0.0216 0.0000e+00
      4.000     6.6298   3.259403    32.3961        188     0.1295 0.0000e+00
      5.000     6.6332   3.259694    32.3955        333     0.2309 0.0000e+00
      6.000     6.6332   3.259733    32.3955        375     0.2597 0.0000e+00
      7.000     6.6331   3.259783    32.3957        399     0.2767 0.0000e+00
      8.000     6.6318   3.259737    32.3958        419     0.2900 0.0000e+00
      9.000     6.6152   3.258476    32.3972        442     0.3063 0.0000e+00
     10.000     6.6054   3.257724    32.3977        477     0.3309 0.0000e+00
     11.000     6.6076   3.257949    32.3977        512     0.3547 0.0000e+00
     12.000     6.6054   3.257870    32.3984        534     0.3699 0.0000e+00
     13.000     6.5945   3.257032    32.3990        553     0.3831 0.0000e+00
     14.000     6.5417   3.253185    32.4062        570     0.3954 0.0000e+00
     15.000     6.4839   3.248685    32.4108        592     0.4105 0.0000e+00
     16.000     6.3594   3.238571    32.4167        627     0.4349 0.0000e+00
     17.000     6.2149   3.226707    32.4221        671     0.4651 0.0000e+00
     18.000     6.1776   3.223906    32.4260        693     0.4807 0.0000e+00
     19.000     6.1736   3.223505    32.4249        713     0.4941 0.0000e+00
     20.000     6.1654   3.222845    32.4249        735     0.5094 0.0000e+00
     21.000     6.1563   3.222109    32.4249        763     0.5291 0.0000e+00
     22.000     6.1475   3.221630    32.4275        797     0.5530 0.0000e+00
     23.000     6.1457   3.221930    32.4321        823     0.5706 0.0000e+00
     24.000     6.1453   3.222361    32.4367        844     0.5855 0.0000e+00
     25.000     6.1454   3.223029    32.4436        868     0.6019 0.0000e+00
     26.000     6.1408   3.223319    32.4507        898     0.6227 0.0000e+00
     27.000     6.1399   3.223361    32.4516        930     0.6452 0.0000e+00
     28.000     6.1391   3.223467    32.4530        956     0.6633 0.0000e+00
     29.000     6.1396   3.223621    32.4538        980     0.6802 0.0000e+00
     30.000     6.1487   3.225362    32.4640       1006     0.6977 0.0000e+00
     31.000     6.1904   3.231812    32.4955       1033     0.7167 0.0000e+00
     32.000     6.2032   3.234176    32.5091       1061     0.7360 0.0000e+00
     33.000     6.1974   3.233775    32.5098       1087     0.7541 0.0000e+00
     34.000     6.2003   3.235634    32.5271       1114     0.7726 0.0000e+00
     35.000     6.2600   3.244474    32.5679       1141     0.7915 0.0000e+00
     36.000     6.3693   3.259446    32.6290       1166     0.8090 0.0000e+00
     37.000     6.5282   3.280363    32.7080       1191     0.8264 0.0000e+00
     38.000     6.7326   3.309303    32.8309       1221     0.8475 0.0000e+00
     39.000     6.8891   3.330437    32.9127       1254     0.8699 0.0000e+00
     40.000     7.0238   3.349504    32.9917       1278     0.8868 0.0000e+00
     41.000     7.1814   3.369753    33.0612       1299     0.9011 0.0000e+00
     42.000     7.2820   3.383198    33.1106       1322     0.9174 0.0000e+00
     43.000     7.3389   3.391318    33.1437       1351     0.9374 0.0000e+00
     44.000     7.3672   3.395556    33.1621       1381     0.9586 0.0000e+00
     45.000     7.4105   3.401640    33.1861       1407     0.9764 0.0000e+00
     46.000     7.4706   3.409510    33.2132       1430     0.9925 0.0000e+00
     47.000     7.4993   3.413770    33.2313       1458     1.0121 0.0000e+00
     48.000     7.5346   3.418646    33.2497       1493     1.0359 0.0000e+00
     49.000     7.5608   3.422117    33.2616       1519     1.0539 0.0000e+00
     50.000     7.5676   3.423495    33.2696       1544     1.0714 0.0000e+00
     51.000     7.5675   3.424061    33.2752       1571     1.0905 0.0000e+00
     52.000     7.5708   3.425301    33.2849       1599     1.1099 0.0000e+00
     53.000     7.5830   3.427331    33.2947       1623     1.1265 0.0000e+00
     54.000     7.5980   3.429959    33.3083       1645     1.1415 0.0000e+00
     55.000     7.6020   3.431852    33.3243       1669     1.1582 0.0000e+00
     56.000     7.7198   3.449667    33.4026       1700     1.1798 0.0000e+00
     57.000     7.8732   3.470703    33.4810       1734     1.2037 0.0000e+00
     58.000     7.9409   3.480138    33.5167       1766     1.2258 0.0000e+00
     59.000     8.0540   3.495108    33.5677       1792     1.2439 0.0000e+00
     60.000     8.1428   3.507276    33.6118       1814     1.2591 0.0000e+00
     61.000     8.2488   3.520760    33.6532       1835     1.2734 0.0000e+00
     62.000     8.3148   3.529342    33.6806       1858     1.2896 0.0000e+00
     63.000     8.4643   3.548950    33.7446       1887     1.3094 0.0000e+00
     64.000     8.5907   3.566440    33.8079       1921     1.3334 0.0000e+00
     65.000     8.6302   3.572152    33.8297       1957     1.3583 0.0000e+00
     66.000     8.6369   3.573197    33.8339       1985     1.3777 0.0000e+00
     67.000     8.6512   3.575260    33.8415       2007     1.3930 0.0000e+00
     68.000     8.6994   3.582400    33.8699       2027     1.4070 0.0000e+00
     69.000     8.7901   3.593920    33.9037       2050     1.4228 0.0000e+00
     70.000     8.8382   3.600261    33.9238       2081     1.4447 0.0000e+00
     71.000     8.8550   3.602704    33.9328       2115     1.4678 0.0000e+00
     72.000     8.8617   3.604020    33.9397       2139     1.4847 0.0000e+00
     73.000     8.8573   3.603802    33.9412       2160     1.4995 0.0000e+00
     74.000     8.8455   3.603212    33.9458       2186     1.5171 0.0000e+00
     75.000     8.8481   3.604210    33.9534       2218     1.5398 0.0000e+00
     76.000     8.8500   3.605050    33.9598       2245     1.5586 0.0000e+00
     77.000     8.8512   3.605690    33.9649       2268     1.5741 0.0000e+00
     78.000     8.8545   3.606555    33.9703       2295     1.5929 0.0000e+00
     79.000     8.8739   3.609846    33.9858       2334     1.6203 0.0000e+00
     80.000     8.8794   3.610734    33.9893       2364     1.6409 0.0000e+00
     81.000     8.8820   3.611240    33.9917       2385     1.6556 0.0000e+00
     82.000     8.8916   3.612724    33.9975       2405     1.6692 0.0000e+00
     83.000     8.9040   3.614634    34.0052       2426     1.6842 0.0000e+00
     84.000     8.9145   3.616112    34.0101       2454     1.7034 0.0000e+00
     85.000     8.9101   3.615968    34.0124       2484     1.7244 0.0000e+00
     86.000     8.9086   3.616018    34.0139       2509     1.7419 0.0000e+00
     87.000     8.9063   3.615837    34.0137       2534     1.7587 0.0000e+00
     88.000     8.9041   3.615620    34.0131       2567     1.7817 0.0000e+00
     89.000     8.8986   3.615099    34.0124       2605     1.8084 0.0000e+00
     90.000     8.8981   3.615330    34.0149       2628     1.8243 0.0000e+00
     91.000     8.9039   3.616119    34.0171       2646     1.8369 0.0000e+00
     92.000     8.9080   3.617035    34.0223       2665     1.8503 0.0000e+00
     93.000     8.9156   3.618536    34.0302       2696     1.8714 0.0000e+00
     94.000     8.9344   3.621746    34.0454       2732     1.8967 0.0000e+00
     95.000     8.9357   3.622184    34.0482       2755     1.9122 0.0000e+00
     96.000     8.9400   3.623380    34.0562       2774     1.9260 0.0000e+00
     97.000     8.9387   3.623636    34.0596       2795     1.9405 0.0000e+00
     98.000     8.9385   3.624020    34.0633       2835     1.9679 0.0000e+00
     99.000     8.9339   3.624269    34.0699       2876     1.9968 0.0000e+00
    100.000     8.9347   3.624417    34.0702       2896     2.0101 0.0000e+00
    101.000     8.9342   3.624577    34.0718       2913     2.0220 0.0000e+00
    102.000     8.9283   3.624078    34.0718       2932     2.0356 0.0000e+00
    103.000     8.9113   3.622656    34.0728       2962     2.0565 0.0000e+00
    104.000     8.8934   3.621155    34.0738       3004     2.0854 0.0000e+00
    105.000     8.8852   3.620547    34.0748       3029     2.1026 0.0000e+00
    106.000     8.8817   3.620451    34.0767       3048     2.1160 0.0000e+00
    107.000     8.8818   3.620523    34.0769       3067     2.1294 0.0000e+00
    108.000     8.8821   3.620560    34.0765       3091     2.1460 0.0000e+00
    109.000     8.8806   3.620561    34.0775       3138     2.1785 0.0000e+00
    110.000     8.8805   3.620909    34.0808       3182     2.2091 0.0000e+00
    111.000     8.8804   3.620999    34.0814       3210     2.2287 0.0000e+00
    112.000     8.8806   3.621060    34.0813       3238     2.2479 0.0000e+00
    113.000     8.8808   3.621131    34.0814       3268     2.2689 0.0000e+00
    114.000     8.8806   3.621123    34.0810       3653     2.5361 0.0000e+00
    113.000     8.8806   3.621047    34.0807       3931     2.7290 0.0000e+00
    112.000     8.8804   3.620890    34.0797       3951     2.7428 0.0000e+00
    111.000     8.8801   3.620795    34.0795       3986     2.7672 0.0000e+00
    110.000     8.8800   3.620701    34.0791       4027     2.7961 0.0000e+00
    109.000     8.8800   3.620628    34.0788       4051     2.8127 0.0000e+00
    108.000     8.8802   3.620585    34.0786       4071     2.8263 0.0000e+00
    107.000     8.8798   3.620549    34.0791       4091     2.8404 0.0000e+00
    106.000     8.8798   3.620507    34.0791       4118     2.8589 0.0000e+00
    105.000     8.8799   3.620442    34.0788       4150     2.8814 0.0000e+00
    104.000     8.8804   3.620332    34.0776       4175     2.8985 0.0000e+00
    103.000     8.8865   3.620688    34.0759       4195     2.9122 0.0000e+00
    102.000     8.8987   3.621610    34.0744       4216     2.9272 0.0000e+00
    101.000     8.9107   3.622598    34.0737       4248     2.9495 0.0000e+00
    100.000     8.9161   3.622943    34.0726       4283     2.9734 0.0000e+00
     99.000     8.9244   3.623569    34.0717       4306     2.9896 0.0000e+00
     98.000     8.9285   3.623780    34.0704       4327     3.0040 0.0000e+00
     97.000     8.9337   3.623960    34.0677       4348     3.0191 0.0000e+00
     96.000     8.9349   3.623779    34.0652       4377     3.0387 0.0000e+00
     95.000     8.9342   3.623408    34.0624       4409     3.0611 0.0000e+00
     94.000     8.9340   3.622610    34.0547       4435     3.0789 0.0000e+00
     93.000     8.9305   3.621678    34.0488       4459     3.0961 0.0000e+00
     92.000     8.9240   3.620313    34.0413       4489     3.1164 0.0000e+00
     91.000     8.9142   3.618312    34.0302       4517     3.1360 0.0000e+00
     90.000     8.9111   3.617390    34.0239       4540     3.1523 0.0000e+00
     89.000     8.9102   3.617085    34.0221       4561     3.1669 0.0000e+00
     88.000     8.9087   3.616657    34.0195       4582     3.1815 0.0000e+00
     87.000     8.9077   3.616388    34.0181       4608     3.1993 0.0000e+00
     86.000     8.9077   3.616335    34.0181       4638     3.2205 0.0000e+00
     85.000     8.9077   3.616053    34.0156       4669     3.2417 0.0000e+00
     84.000     8.9034   3.615141    34.0106       4697     3.2609 0.0000e+00
     83.000     8.9033   3.615117    34.0110       4722     3.2782 0.0000e+00
     82.000     8.8920   3.613379    34.0040       4746     3.2955 0.0000e+00
     81.000     8.8860   3.612305    33.9990       4772     3.3130 0.0000e+00
     80.000     8.8825   3.611659    33.9961       4798     3.3310 0.0000e+00
     79.000     8.8789   3.610974    33.9928       4824     3.3493 0.0000e+00
     78.000     8.8758   3.610408    33.9903       4855     3.3711 0.0000e+00
     77.000     8.8669   3.608879    33.9833       4889     3.3948 0.0000e+00
     76.000     8.8569   3.606830    33.9719       4914     3.4117 0.0000e+00
     75.000     8.8522   3.605826    33.9663       4932     3.4245 0.0000e+00
     74.000     8.8500   3.604839    33.9585       4948     3.4355 0.0000e+00
     73.000     8.8518   3.604493    33.9536       4964     3.4463 0.0000e+00
     72.000     8.8533   3.604506    33.9528       4982     3.4591 0.0000e+00
     71.000     8.8429   3.602224    33.9393       5031     3.4930 0.0000e+00
     70.000     8.8251   3.599629    33.9296       5078     3.5254 0.0000e+00
     69.000     8.8075   3.597211    33.9216       5097     3.5386 0.0000e+00
     68.000     8.7739   3.592773    33.9077       5113     3.5502 0.0000e+00
     67.000     8.7145   3.585091    33.8843       5130     3.5620 0.0000e+00
     66.000     8.6777   3.579890    33.8653       5153     3.5778 0.0000e+00
     65.000     8.6552   3.576783    33.8546       5191     3.6043 0.0000e+00
     64.000     8.6289   3.573156    33.8421       5222     3.6255 0.0000e+00
     63.000     8.6063   3.570160    33.8326       5241     3.6390 0.0000e+00
     62.000     8.5666   3.564216    33.8084       5260     3.6523 0.0000e+00
     61.000     8.4725   3.551280    33.7623       5285     3.6694 0.0000e+00
     60.000     8.4248   3.544466    33.7364       5316     3.6907 0.0000e+00
     59.000     8.2833   3.526916    33.6865       5345     3.7109 0.0000e+00
     58.000     8.1925   3.514836    33.6457       5369     3.7279 0.0000e+00
     57.000     8.1195   3.505335    33.6150       5391     3.7430 0.0000e+00
     56.000     8.0648   3.497323    33.5824       5413     3.7584 0.0000e+00
     55.000     7.9600   3.483183    33.5323       5441     3.7777 0.0000e+00
     54.000     7.9021   3.475771    33.5090       5478     3.8033 0.0000e+00
     53.000     7.7095   3.448278    33.3991       5504     3.8215 0.0000e+00
     52.000     7.6472   3.437851    33.3470       5523     3.8348 0.0000e+00
     51.000     7.6252   3.434320    33.3306       5545     3.8498 0.0000e+00
     50.000     7.6123   3.431634    33.3145       5579     3.8737 0.0000e+00
     49.000     7.6073   3.430523    33.3077       5616     3.8990 0.0000e+00
     48.000     7.5852   3.426855    33.2899       5635     3.9127 0.0000e+00
     47.000     7.5825   3.426051    33.2842       5651     3.9239 0.0000e+00
     46.000     7.5680   3.423665    33.2729       5669     3.9364 0.0000e+00
     45.000     7.5247   3.417666    33.2501       5698     3.9561 0.0000e+00
     44.000     7.4960   3.413884    33.2371       5740     3.9855 0.0000e+00
     43.000     7.4324   3.405254    33.2052       5768     4.0048 0.0000e+00
     42.000     7.3799   3.398137    33.1789       5790     4.0199 0.0000e+00
     41.000     7.3521   3.393850    33.1595       5813     4.0363 0.0000e+00
     40.000     7.2691   3.382505    33.1164       5843     4.0567 0.0000e+00
     39.000     7.1293   3.363163    33.0402       5875     4.0793 0.0000e+00
     38.000     6.9912   3.345554    32.9808       5901     4.0970 0.0000e+00
     37.000     6.8072   3.320577    32.8838       5922     4.1115 0.0000e+00
     36.000     6.6333   3.296286    32.7837       5944     4.1268 0.0000e+00
     35.000     6.5076   3.278741    32.7108       5971     4.1459 0.0000e+00
     34.000     6.3839   3.260560    32.6284       6002     4.1674 0.0000e+00
     33.000     6.2655   3.244371    32.5625       6030     4.1865 0.0000e+00
     32.000     6.2488   3.241188    32.5435       6056     4.2049 0.0000e+00
     31.000     6.2269   3.237499    32.5239       6083     4.2239 0.0000e+00
     30.000     6.2085   3.234360    32.5071       6109     4.2413 0.0000e+00
     29.000     6.1823   3.230247    32.4868       6132     4.2578 0.0000e+00
     28.000     6.1639   3.227399    32.4731       6158     4.2757 0.0000e+00
     27.000     6.1578   3.226045    32.4644       6186     4.2952 0.0000e+00
     26.000     6.1539   3.225051    32.4575       6216     4.3163 0.0000e+00
     25.000     6.1506   3.224074    32.4503       6244     4.3356 0.0000e+00
     24.000     6.1448   3.222948    32.4437       6266     4.3510 0.0000e+00
     23.000     6.1468   3.222557    32.4379       6285     4.3642 0.0000e+00
     22.000     6.1467   3.222376    32.4366       6307     4.3789 0.0000e+00
