HB2402/ctd131.cnv
* Sea-Bird SBE 9 Data File:
* FileName = C:\cruise\data\ctd131.hex
* Software Version Seasave V 7.26.7.121
* Temperature SN = 5253
* Conductivity SN = 4421
* Number of Bytes Per Scan = 37
* Number of Voltage Words = 4
* Number of Scans Averaged by the Deck Unit = 1
* NMEA Latitude = 41 15.70 N
* NMEA Longitude = 069 25.24 W
* NMEA UTC (Time) = Apr 12 2024 05:58:28
* NMEA baud rate = 4800
** Ship: Bigelow HB2304
** Program:  Fall Bottom Trawl Survey
** Chief Scientist: John Galbraith
# nquan = 7
# nvalues = 77                          
# units = specified
# name 0 = depSM: Depth [salt water, m]
# name 1 = t090C: Temperature [ITS-90, deg C]
# name 2 = c0S/m: Conductivity [S/m]
# name 3 = sal00: Salinity, Practical [PSU]
# name 4 = scan: Scan Count
# name 5 = timeM: Time, Elapsed [minutes]
# name 6 = flag: flag
# span 0 =      1.000,     40.000       
# span 1 =     5.3193,     5.3314       
# span 2 =   3.080475,   3.084884       
# span 3 =    31.6297,    31.6561       
# span 4 =       -201,       4661       
# span 5 =    -0.1403,     3.2365       
# span 6 = 0.0000e+00, 0.0000e+00       
# interval = meters: 1                  
# start_time = Apr 12 2024 05:58:28 [NMEA time, header]
# bad_flag = -9.990e-29
*END*
      3.000     5.3239   3.080475    31.6311       -201    -0.1403 0.0000e+00
      4.000     5.3249   3.080478    31.6297        276     0.1908 0.0000e+00
      5.000     5.3255   3.080595    31.6300        269     0.1860 0.0000e+00
      6.000     5.3255   3.080676    31.6303        297     0.2054 0.0000e+00
      7.000     5.3255   3.080721    31.6303        322     0.2232 0.0000e+00
      8.000     5.3251   3.080750    31.6306        347     0.2402 0.0000e+00
      9.000     5.3250   3.080806    31.6308        377     0.2611 0.0000e+00
     10.000     5.3240   3.080785    31.6310        428     0.2963 0.0000e+00
     11.000     5.3232   3.080808    31.6316        461     0.3191 0.0000e+00
     12.000     5.3227   3.080870    31.6322        481     0.3331 0.0000e+00
     13.000     5.3233   3.080928    31.6318        498     0.3454 0.0000e+00
     14.000     5.3235   3.080990    31.6319        519     0.3598 0.0000e+00
     15.000     5.3215   3.081124    31.6348        573     0.3973 0.0000e+00
     16.000     5.3227   3.081148    31.6334        619     0.4292 0.0000e+00
     17.000     5.3193   3.081647    31.6418        638     0.4424 0.0000e+00
     18.000     5.3200   3.081797    31.6424        658     0.4561 0.0000e+00
     19.000     5.3215   3.082205    31.6451        682     0.4730 0.0000e+00
     20.000     5.3217   3.082265    31.6451        721     0.4998 0.0000e+00
     21.000     5.3220   3.082363    31.6454        764     0.5301 0.0000e+00
     22.000     5.3222   3.082457    31.6459        786     0.5451 0.0000e+00
     23.000     5.3222   3.082512    31.6460        804     0.5574 0.0000e+00
     24.000     5.3229   3.082677    31.6467        822     0.5703 0.0000e+00
     25.000     5.3245   3.083002    31.6483        853     0.5918 0.0000e+00
     26.000     5.3251   3.083127    31.6488        914     0.6337 0.0000e+00
     27.000     5.3246   3.083092    31.6483        935     0.6483 0.0000e+00
     28.000     5.3249   3.083196    31.6488        950     0.6590 0.0000e+00
     29.000     5.3265   3.083599    31.6513        966     0.6699 0.0000e+00
     30.000     5.3297   3.084257    31.6553        984     0.6826 0.0000e+00
     31.000     5.3303   3.084383    31.6557       1022     0.7090 0.0000e+00
     32.000     5.3304   3.084409    31.6554       1082     0.7507 0.0000e+00
     33.000     5.3305   3.084480    31.6556       1103     0.7651 0.0000e+00
     34.000     5.3305   3.084560    31.6560       1120     0.7773 0.0000e+00
     35.000     5.3306   3.084601    31.6559       1137     0.7888 0.0000e+00
     36.000     5.3306   3.084671    31.6561       1155     0.8014 0.0000e+00
     37.000     5.3308   3.084723    31.6561       1179     0.8183 0.0000e+00
     38.000     5.3309   3.084755    31.6558       1241     0.8608 0.0000e+00
     39.000     5.3311   3.084816    31.6559       1301     0.9028 0.0000e+00
     40.000     5.3313   3.084884    31.6560       1351     0.9376 0.0000e+00
     39.000     5.3314   3.084839    31.6559       1401     0.9723 0.0000e+00
     38.000     5.3309   3.084752    31.6558       2034     1.4115 0.0000e+00
     37.000     5.3305   3.084594    31.6549       2287     1.5875 0.0000e+00
     36.000     5.3307   3.084579    31.6551       2274     1.5788 0.0000e+00
     35.000     5.3306   3.084522    31.6550       2293     1.5916 0.0000e+00
     34.000     5.3303   3.084460    31.6551       2315     1.6069 0.0000e+00
     33.000     5.3297   3.084323    31.6545       2371     1.6457 0.0000e+00
     32.000     5.3301   3.084301    31.6545       2418     1.6784 0.0000e+00
     31.000     5.3296   3.084174    31.6540       2439     1.6929 0.0000e+00
     30.000     5.3278   3.083789    31.6517       2884     2.0024 0.0000e+00
     29.000     5.3273   3.083579    31.6504       3115     2.1624 0.0000e+00
     28.000     5.3274   3.083563    31.6506       3143     2.1819 0.0000e+00
     27.000     5.3273   3.083524    31.6507       3171     2.2011 0.0000e+00
     26.000     5.3276   3.083555    31.6512       3199     2.2205 0.0000e+00
     25.000     5.3280   3.083603    31.6519       3226     2.2393 0.0000e+00
     24.000     5.3280   3.083600    31.6524       3262     2.2642 0.0000e+00
     23.000     5.3279   3.083524    31.6520       3305     2.2948 0.0000e+00
     22.000     5.3274   3.083338    31.6509       3333     2.3136 0.0000e+00
     21.000     5.3268   3.083168    31.6501       3355     2.3291 0.0000e+00
     20.000     5.3266   3.083100    31.6500       3377     2.3441 0.0000e+00
     19.000     5.3266   3.083047    31.6499       3398     2.3593 0.0000e+00
     18.000     5.3263   3.082953    31.6496       3422     2.3758 0.0000e+00
     17.000     5.3256   3.082789    31.6488       3449     2.3945 0.0000e+00
     16.000     5.3251   3.082617    31.6479       3477     2.4137 0.0000e+00
     15.000     5.3245   3.082404    31.6465       3503     2.4322 0.0000e+00
     14.000     5.3239   3.082230    31.6456       3531     2.4515 0.0000e+00
     13.000     5.3235   3.082108    31.6450       3562     2.4730 0.0000e+00
     12.000     5.3236   3.082041    31.6447       3592     2.4940 0.0000e+00
     11.000     5.3235   3.081772    31.6422       3614     2.5089 0.0000e+00
     10.000     5.3238   3.081170    31.6356       3630     2.5204 0.0000e+00
      9.000     5.3237   3.080943    31.6336       3647     2.5319 0.0000e+00
      8.000     5.3249   3.080895    31.6324       3676     2.5518 0.0000e+00
      7.000     5.3266   3.080954    31.6320       3726     2.5869 0.0000e+00
      6.000     5.3273   3.080931    31.6316       3745     2.6002 0.0000e+00
      5.000     5.3269   3.080885    31.6319       3761     2.6114 0.0000e+00
      4.000     5.3272   3.080873    31.6320       3781     2.6253 0.0000e+00
      3.000     5.3276   3.080867    31.6320       4027     2.7955 0.0000e+00
      2.000     5.3280   3.080838    31.6318       4639     3.2205 0.0000e+00
      1.000     5.3277   3.080772    31.6319       4661     3.2365 0.0000e+00
