HB2402/ctd104.cnv
* Sea-Bird SBE 9 Data File:
* FileName = C:\cruise\data\ctd104.hex
* Software Version Seasave V 7.26.7.121
* Temperature SN = 5253
* Conductivity SN = 4421
* Number of Bytes Per Scan = 37
* Number of Voltage Words = 4
* Number of Scans Averaged by the Deck Unit = 1
* NMEA Latitude = 40 42.99 N
* NMEA Longitude = 072 45.62 W
* NMEA UTC (Time) = Apr 06 2024 09:04:45
* NMEA baud rate = 4800
** Ship: Bigelow HB2304
** Program:  Fall Bottom Trawl Survey
** Chief Scientist: John Galbraith
# nquan = 7
# nvalues = 38                          
# units = specified
# name 0 = depSM: Depth [salt water, m]
# name 1 = t090C: Temperature [ITS-90, deg C]
# name 2 = c0S/m: Conductivity [S/m]
# name 3 = sal00: Salinity, Practical [PSU]
# name 4 = scan: Scan Count
# name 5 = timeM: Time, Elapsed [minutes]
# name 6 = flag: flag
# span 0 =      1.000,     21.000       
# span 1 =     6.2048,     6.2476       
# span 2 =   2.948585,   3.046799       
# span 3 =    29.3597,    30.3968       
# span 4 =        159,       2547       
# span 5 =     0.1095,     1.7679       
# span 6 = 0.0000e+00, 0.0000e+00       
# interval = meters: 1                  
# start_time = Apr 06 2024 09:04:45 [NMEA time, header]
# bad_flag = -9.990e-29
*END*
      4.000     6.2063   2.948585    29.3597        159     0.1095 0.0000e+00
      5.000     6.2077   2.953234    29.4091        271     0.1873 0.0000e+00
      6.000     6.2071   2.953543    29.4126        324     0.2240 0.0000e+00
      7.000     6.2073   2.954306    29.4204        362     0.2508 0.0000e+00
      8.000     6.2075   2.955147    29.4290        396     0.2745 0.0000e+00
      9.000     6.2114   2.956715    29.4424        428     0.2968 0.0000e+00
     10.000     6.2149   2.960127    29.4764        463     0.3208 0.0000e+00
     11.000     6.2203   2.999122    29.9003        498     0.3452 0.0000e+00
     12.000     6.2109   3.026884    30.2140        535     0.3706 0.0000e+00
     13.000     6.2410   3.036460    30.2924        572     0.3964 0.0000e+00
     14.000     6.2382   3.037653    30.3075        605     0.4196 0.0000e+00
     15.000     6.2144   3.037697    30.3288        641     0.4444 0.0000e+00
     16.000     6.2137   3.038873    30.3419        680     0.4712 0.0000e+00
     17.000     6.2188   3.039647    30.3454        714     0.4953 0.0000e+00
     18.000     6.2291   3.041110    30.3520        744     0.5157 0.0000e+00
     19.000     6.2449   3.044167    30.3711        771     0.5345 0.0000e+00
     20.000     6.2474   3.045624    30.3845        802     0.5560 0.0000e+00
     21.000     6.2476   3.046799    30.3968       1436     0.9964 0.0000e+00
     20.000     6.2472   3.046378    30.3929       1691     1.1737 0.0000e+00
     19.000     6.2473   3.045755    30.3865       1669     1.1587 0.0000e+00
     18.000     6.2458   3.044676    30.3764       1727     1.1988 0.0000e+00
     17.000     6.2308   3.041798    30.3585       1757     1.2194 0.0000e+00
     16.000     6.2170   3.039496    30.3459       1780     1.2358 0.0000e+00
     15.000     6.2158   3.039093    30.3429       1805     1.2529 0.0000e+00
     14.000     6.2197   3.038464    30.3331       1830     1.2704 0.0000e+00
     13.000     6.2333   3.037722    30.3132       1853     1.2863 0.0000e+00
     12.000     6.2332   3.035679    30.2911       1875     1.3012 0.0000e+00
     11.000     6.2193   3.030455    30.2464       1897     1.3169 0.0000e+00
     10.000     6.2169   3.018672    30.1191       1926     1.3369 0.0000e+00
      9.000     6.2164   2.997187    29.8833       1960     1.3601 0.0000e+00
      8.000     6.2127   2.965908    29.5427       1988     1.3800 0.0000e+00
      7.000     6.2111   2.960879    29.4893       2014     1.3978 0.0000e+00
      6.000     6.2093   2.956987    29.4485       2046     1.4201 0.0000e+00
      5.000     6.2091   2.956977    29.4491       2082     1.4455 0.0000e+00
      4.000     6.2081   2.956530    29.4454       2111     1.4654 0.0000e+00
      3.000     6.2048   2.955454    29.4369       2337     1.6220 0.0000e+00
      2.000     6.2052   2.955548    29.4380       2490     1.7288 0.0000e+00
      1.000     6.2048   2.955456    29.4379       2547     1.7679 0.0000e+00
