HB2402/ctd199.cnv
* Sea-Bird SBE 9 Data File:
* FileName = C:\cruise\data\ctd199.hex
* Software Version Seasave V 7.26.7.121
* Temperature SN = 5253
* Conductivity SN = 4421
* Number of Bytes Per Scan = 37
* Number of Voltage Words = 4
* Number of Scans Averaged by the Deck Unit = 1
* NMEA Latitude = 42 16.29 N
* NMEA Longitude = 068 35.19 W
* NMEA UTC (Time) = May 03 2024 05:36:40
* NMEA baud rate = 4800
** Ship: Bigelow HB2402
** Program:  Spring Bottom Trawl Survey
** Chief Scientist: John Galbraith
# nquan = 7
# nvalues = 306                         
# units = specified
# name 0 = depSM: Depth [salt water, m]
# name 1 = t090C: Temperature [ITS-90, deg C]
# name 2 = c0S/m: Conductivity [S/m]
# name 3 = sal00: Salinity, Practical [PSU]
# name 4 = scan: Scan Count
# name 5 = timeM: Time, Elapsed [minutes]
# name 6 = flag: flag
# span 0 =      1.000,    155.000       
# span 1 =     5.0224,     7.8374       
# span 2 =   3.068981,   3.487240       
# span 3 =    31.4777,    33.6460       
# span 4 =        207,      10877       
# span 5 =     0.1429,     7.5527       
# span 6 = 0.0000e+00, 0.0000e+00       
# interval = meters: 1                  
# start_time = May 03 2024 05:36:40 [NMEA time, header]
# bad_flag = -9.990e-29
*END*
[from data line 206]
    100.000     6.3962   3.252534    32.4956       7250     5.0342 0.0000e+00
     99.000     6.3785   3.249890    32.4837       7275     5.0516 0.0000e+00
     98.000     6.3516   3.246215    32.4691       7301     5.0693 0.0000e+00
     97.000     6.3381   3.244462    32.4631       7325     5.0859 0.0000e+00
     96.000     6.3321   3.243539    32.4589       7348     5.1019 0.0000e+00
     95.000     6.3105   3.240591    32.4474       7372     5.1186 0.0000e+00
     94.000     6.2749   3.235516    32.4253       7401     5.1390 0.0000e+00
     93.000     6.2098   3.226622    32.3890       7433     5.1611 0.0000e+00
     92.000     6.1414   3.217442    32.3525       7461     5.1808 0.0000e+00
     91.000     6.0843   3.209578    32.3197       7489     5.2000 0.0000e+00
     90.000     6.0166   3.200445    32.2827       7515     5.2183 0.0000e+00
     89.000     5.9455   3.191218    32.2477       7540     5.2355 0.0000e+00
     88.000     5.8960   3.184617    32.2214       7562     5.2509 0.0000e+00
     87.000     5.8090   3.173482    32.1799       7586     5.2676 0.0000e+00
     86.000     5.7192   3.161674    32.1332       7614     5.2865 0.0000e+00
     85.000     5.6542   3.153384    32.1023       7643     5.3071 0.0000e+00
     84.000     5.6036   3.146777    32.0765       7674     5.3285 0.0000e+00
     83.000     5.5709   3.142529    32.0602       7702     5.3481 0.0000e+00
     82.000     5.5564   3.140609    32.0527       7728     5.3660 0.0000e+00
     81.000     5.5508   3.139834    32.0498       7754     5.3840 0.0000e+00
     80.000     5.5419   3.138612    32.0450       7780     5.4021 0.0000e+00
     79.000     5.5278   3.136750    32.0378       7807     5.4207 0.0000e+00
     78.000     5.5205   3.135763    32.0342       7834     5.4398 0.0000e+00
     77.000     5.5139   3.134892    32.0311       7860     5.4578 0.0000e+00
     76.000     5.5077   3.134047    32.0279       7885     5.4750 0.0000e+00
     75.000     5.4984   3.132864    32.0239       7915     5.4957 0.0000e+00
     74.000     5.4884   3.131519    32.0187       7948     5.5187 0.0000e+00
     73.000     5.4671   3.128633    32.0068       7978     5.5393 0.0000e+00
     72.000     5.4427   3.125229    31.9920       8002     5.5564 0.0000e+00
     71.000     5.4083   3.120522    31.9720       8026     5.5729 0.0000e+00
     70.000     5.3847   3.117301    31.9584       8051     5.5901 0.0000e+00
     69.000     5.3662   3.114698    31.9469       8078     5.6094 0.0000e+00
     68.000     5.3271   3.109592    31.9267       8109     5.6307 0.0000e+00
     67.000     5.2962   3.105791    31.9135       8145     5.6554 0.0000e+00
     66.000     5.2830   3.103979    31.9059       8177     5.6776 0.0000e+00
     65.000     5.2701   3.102324    31.8999       8203     5.6955 0.0000e+00
     64.000     5.2341   3.097962    31.8851       8227     5.7126 0.0000e+00
     63.000     5.2052   3.094466    31.8733       8253     5.7303 0.0000e+00
     62.000     5.1696   3.090299    31.8603       8282     5.7509 0.0000e+00
     61.000     5.1389   3.086449    31.8461       8317     5.7749 0.0000e+00
     60.000     5.1177   3.083808    31.8366       8347     5.7957 0.0000e+00
     59.000     5.1037   3.081908    31.8288       8374     5.8144 0.0000e+00
     58.000     5.0856   3.078977    31.8131       8401     5.8332 0.0000e+00
     57.000     5.0633   3.075698    31.7974       8429     5.8527 0.0000e+00
     56.000     5.0513   3.074291    31.7932       8458     5.8729 0.0000e+00
     55.000     5.0479   3.073682    31.7899       8491     5.8957 0.0000e+00
     54.000     5.0529   3.073417    31.7826       8521     5.9166 0.0000e+00
     53.000     5.0653   3.074261    31.7810       8547     5.9351 0.0000e+00
     52.000     5.0632   3.073636    31.7763       8576     5.9548 0.0000e+00
     51.000     5.0527   3.072200    31.7704       8605     5.9748 0.0000e+00
     50.000     5.0439   3.070694    31.7620       8630     5.9923 0.0000e+00
     49.000     5.0354   3.069447    31.7564       8656     6.0101 0.0000e+00
     48.000     5.0386   3.069365    31.7529       8689     6.0333 0.0000e+00
     47.000     5.0493   3.069866    31.7489       8723     6.0570 0.0000e+00
     46.000     5.0554   3.070136    31.7467       8751     6.0762 0.0000e+00
     45.000     5.0618   3.070404    31.7442       8777     6.0947 0.0000e+00
     44.000     5.0827   3.071664    31.7392       8807     6.1151 0.0000e+00
     43.000     5.1069   3.073123    31.7333       8835     6.1347 0.0000e+00
     42.000     5.1305   3.074605    31.7283       8863     6.1545 0.0000e+00
     41.000     5.1347   3.074703    31.7259       8893     6.1751 0.0000e+00
     40.000     5.1273   3.073650    31.7214       8918     6.1927 0.0000e+00
     39.000     5.1151   3.072253    31.7176       8944     6.2102 0.0000e+00
     38.000     5.1060   3.071251    31.7152       8976     6.2327 0.0000e+00
     37.000     5.0990   3.070253    31.7110       9010     6.2566 0.0000e+00
     36.000     5.1010   3.070226    31.7093       9039     6.2763 0.0000e+00
     35.000     5.1080   3.070647    31.7079       9066     6.2954 0.0000e+00
     34.000     5.1238   3.071666    31.7051       9093     6.3136 0.0000e+00
     33.000     5.1450   3.073174    31.7027       9118     6.3310 0.0000e+00
     32.000     5.1543   3.073824    31.7017       9144     6.3495 0.0000e+00
     31.000     5.1647   3.074520    31.7002       9174     6.3705 0.0000e+00
     30.000     5.2571   3.080888    31.6856       9206     6.3925 0.0000e+00
     29.000     5.3697   3.088018    31.6606       9234     6.4117 0.0000e+00
     28.000     5.4531   3.093105    31.6400       9260     6.4301 0.0000e+00
     27.000     5.5034   3.096084    31.6268       9287     6.4488 0.0000e+00
     26.000     5.5653   3.100085    31.6142       9313     6.4666 0.0000e+00
     25.000     5.6708   3.108513    31.6106       9339     6.4851 0.0000e+00
     24.000     5.8817   3.126454    31.6147       9370     6.5066 0.0000e+00
     23.000     6.0940   3.143834    31.6109       9400     6.5268 0.0000e+00
     22.000     6.3227   3.160663    31.5854       9425     6.5441 0.0000e+00
     21.000     6.4765   3.171969    31.5682       9449     6.5611 0.0000e+00
     20.000     6.5671   3.178712    31.5591       9475     6.5793 0.0000e+00
     19.000     6.6244   3.183077    31.5547       9502     6.5982 0.0000e+00
     18.000     6.6682   3.186264    31.5498       9533     6.6192 0.0000e+00
     17.000     6.7146   3.189471    31.5426       9564     6.6411 0.0000e+00
     16.000     6.7496   3.191861    31.5371       9589     6.6582 0.0000e+00
     15.000     6.7688   3.193319    31.5358       9610     6.6727 0.0000e+00
     14.000     6.7853   3.194639    31.5356       9632     6.6879 0.0000e+00
     13.000     6.8460   3.198973    31.5275       9660     6.7078 0.0000e+00
     12.000     7.0173   3.212134    31.5143       9692     6.7300 0.0000e+00
     11.000     7.2857   3.232822    31.4937       9720     6.7493 0.0000e+00
     10.000     7.5008   3.249544    31.4787       9747     6.7680 0.0000e+00
      9.000     7.5492   3.253556    31.4783       9770     6.7841 0.0000e+00
      8.000     7.5901   3.256915    31.4777       9793     6.7998 0.0000e+00
      7.000     7.6041   3.258247    31.4797       9817     6.8170 0.0000e+00
      6.000     7.6253   3.260838    31.4887      10228     7.1022 0.0000e+00
      5.000     7.6228   3.260869    31.4918      10673     7.4113 0.0000e+00
      4.000     7.6249   3.260999    31.4917      10699     7.4293 0.0000e+00
      3.000     7.6220   3.260759    31.4923      10762     7.4730 0.0000e+00
      2.000     7.6202   3.260649    31.4931      10823     7.5155 0.0000e+00
      1.000     7.6213   3.260659    31.4927      10877     7.5527 0.0000e+00
