HB2402/ctd132.cnv
* Sea-Bird SBE 9 Data File:
* FileName = C:\cruise\data\ctd132.hex
* Software Version Seasave V 7.26.7.121
* Temperature SN = 5253
* Conductivity SN = 4421
* Number of Bytes Per Scan = 37
* Number of Voltage Words = 4
* Number of Scans Averaged by the Deck Unit = 1
* NMEA Latitude = 41 51.48 N
* NMEA Longitude = 070 16.69 W
* NMEA UTC (Time) = Apr 12 2024 18:21:12
* NMEA baud rate = 4800
** Ship: Bigelow HB2304
** Program:  Fall Bottom Trawl Survey
** Chief Scientist: John Galbraith
# nquan = 7
# nvalues = 45                          
# units = specified
# name 0 = depSM: Depth [salt water, m]
# name 1 = t090C: Temperature [ITS-90, deg C]
# name 2 = c0S/m: Conductivity [S/m]
# name 3 = sal00: Salinity, Practical [PSU]
# name 4 = scan: Scan Count
# name 5 = timeM: Time, Elapsed [minutes]
# name 6 = flag: flag
# span 0 =      2.000,     25.000       
# span 1 =     5.6482,     5.8836       
# span 2 =   3.007578,   3.037215       
# span 3 =    30.3991,    30.6338       
# span 4 =        144,       2035       
# span 5 =     0.0995,     1.4123       
# span 6 = 0.0000e+00, 0.0000e+00       
# interval = meters: 1                  
# start_time = Apr 12 2024 18:21:12 [NMEA time, header]
# bad_flag = -9.990e-29
*END*
      4.000     5.8751   3.037215    30.6338        144     0.0995 0.0000e+00
      5.000     5.8749   3.021734    30.4610        286     0.1978 0.0000e+00
      6.000     5.8760   3.018701    30.4257        306     0.2119 0.0000e+00
      7.000     5.8769   3.017368    30.4096        329     0.2276 0.0000e+00
      8.000     5.8801   3.017135    30.4037        360     0.2492 0.0000e+00
      9.000     5.8836   3.017331    30.4022        389     0.2695 0.0000e+00
     10.000     5.8797   3.017009    30.4017        415     0.2875 0.0000e+00
     11.000     5.8778   3.016833    30.4010        441     0.3058 0.0000e+00
     12.000     5.8771   3.016752    30.4002        469     0.3252 0.0000e+00
     13.000     5.8748   3.016590    30.4000        502     0.3482 0.0000e+00
     14.000     5.8645   3.015831    30.4004        536     0.3718 0.0000e+00
     15.000     5.8561   3.015346    30.4020        567     0.3932 0.0000e+00
     16.000     5.8621   3.015722    30.4004        604     0.4185 0.0000e+00
     17.000     5.8500   3.015008    30.4028        643     0.4458 0.0000e+00
     18.000     5.8552   3.015373    30.4017        675     0.4678 0.0000e+00
     19.000     5.8518   3.015196    30.4024        709     0.4916 0.0000e+00
     20.000     5.8412   3.014636    30.4052        751     0.5212 0.0000e+00
     21.000     5.8231   3.013627    30.4098        782     0.5422 0.0000e+00
     22.000     5.8044   3.012670    30.4155        814     0.5646 0.0000e+00
     23.000     5.7837   3.011885    30.4249        854     0.5922 0.0000e+00
     24.000     5.7121   3.009496    30.4624        886     0.6143 0.0000e+00
     25.000     5.6482   3.007578    30.4982        978     0.6788 0.0000e+00
     24.000     5.7016   3.008861    30.4648       1423     0.9874 0.0000e+00
     23.000     5.7360   3.009969    30.4466       1440     0.9992 0.0000e+00
     22.000     5.7971   3.012053    30.4152       1467     1.0178 0.0000e+00
     21.000     5.8212   3.013025    30.4048       1493     1.0364 0.0000e+00
     20.000     5.8257   3.013226    30.4034       1520     1.0548 0.0000e+00
     19.000     5.8263   3.013220    30.4033       1547     1.0734 0.0000e+00
     18.000     5.8275   3.013256    30.4031       1573     1.0919 0.0000e+00
     17.000     5.8296   3.013333    30.4026       1599     1.1098 0.0000e+00
     16.000     5.8320   3.013437    30.4020       1625     1.1280 0.0000e+00
     15.000     5.8316   3.013374    30.4021       1652     1.1463 0.0000e+00
     14.000     5.8325   3.013363    30.4017       1679     1.1649 0.0000e+00
     13.000     5.8347   3.013468    30.4014       1706     1.1842 0.0000e+00
     12.000     5.8372   3.013613    30.4012       1735     1.2040 0.0000e+00
     11.000     5.8372   3.013578    30.4012       1761     1.2225 0.0000e+00
     10.000     5.8407   3.013800    30.4010       1787     1.2403 0.0000e+00
      9.000     5.8457   3.014113    30.4004       1816     1.2602 0.0000e+00
      8.000     5.8539   3.014672    30.3998       1849     1.2837 0.0000e+00
      7.000     5.8550   3.014722    30.3998       1877     1.3028 0.0000e+00
      6.000     5.8551   3.014692    30.3999       1900     1.3189 0.0000e+00
      5.000     5.8557   3.014688    30.3998       1924     1.3356 0.0000e+00
      4.000     5.8596   3.014909    30.3992       1964     1.3633 0.0000e+00
      3.000     5.8587   3.014793    30.3991       1993     1.3835 0.0000e+00
      2.000     5.8617   3.014997    30.3992       2035     1.4123 0.0000e+00
