HB2402/ctd152.cnv
* Sea-Bird SBE 9 Data File:
* FileName = C:\cruise\data\ctd152.hex
* Software Version Seasave V 7.26.7.121
* Temperature SN = 5253
* Conductivity SN = 4421
* Number of Bytes Per Scan = 37
* Number of Voltage Words = 4
* Number of Scans Averaged by the Deck Unit = 1
* NMEA Latitude = 42 35.74 N
* NMEA Longitude = 070 10.23 W
* NMEA UTC (Time) = Apr 15 2024 00:25:22
* NMEA baud rate = 4800
** Ship: Bigelow HB2304
** Program:  Fall Bottom Trawl Survey
** Chief Scientist: John Galbraith
# nquan = 7
# nvalues = 140                         
# units = specified
# name 0 = depSM: Depth [salt water, m]
# name 1 = t090C: Temperature [ITS-90, deg C]
# name 2 = c0S/m: Conductivity [S/m]
# name 3 = sal00: Salinity, Practical [PSU]
# name 4 = scan: Scan Count
# name 5 = timeM: Time, Elapsed [minutes]
# name 6 = flag: flag
# span 0 =      2.000,     72.000       
# span 1 =     4.8209,     6.1300       
# span 2 =   3.038624,   3.082130       
# span 3 =    30.4400,    31.7729       
# span 4 =          1,       5003       
# span 5 =     0.0000,     3.4733       
# span 6 = 0.0000e+00, 0.0000e+00       
# interval = meters: 1                  
# start_time = Apr 15 2024 00:25:22 [NMEA time, header]
# bad_flag = -9.990e-29
*END*
      3.000     6.1300   3.050144    30.5476          1     0.0000 0.0000e+00
      4.000     6.1291   3.043888    30.4787        296     0.2047 0.0000e+00
      5.000     6.1290   3.042545    30.4634        309     0.2139 0.0000e+00
      6.000     6.1285   3.041471    30.4516        339     0.2344 0.0000e+00
      7.000     6.1267   3.040972    30.4471        361     0.2500 0.0000e+00
      8.000     6.1235   3.040808    30.4478        382     0.2648 0.0000e+00
      9.000     6.1177   3.040811    30.4525        407     0.2819 0.0000e+00
     10.000     6.0401   3.041771    30.5326        439     0.3042 0.0000e+00
     11.000     5.8518   3.044968    30.7381        473     0.3275 0.0000e+00
     12.000     5.6913   3.047110    30.9083        503     0.3484 0.0000e+00
     13.000     5.6278   3.047914    30.9751        527     0.3653 0.0000e+00
     14.000     5.6149   3.048284    30.9906        549     0.3803 0.0000e+00
     15.000     5.5912   3.049031    31.0204        570     0.3950 0.0000e+00
     16.000     5.5723   3.049443    31.0419        594     0.4118 0.0000e+00
     17.000     5.5591   3.049770    31.0574        622     0.4314 0.0000e+00
     18.000     5.5445   3.050212    31.0753        652     0.4518 0.0000e+00
     19.000     5.5275   3.050502    31.0938        681     0.4724 0.0000e+00
     20.000     5.5212   3.051010    31.1049        711     0.4930 0.0000e+00
     21.000     5.5228   3.051640    31.1101        738     0.5120 0.0000e+00
     22.000     5.5234   3.052499    31.1187        764     0.5296 0.0000e+00
     23.000     5.4997   3.053727    31.1541        787     0.5458 0.0000e+00
     24.000     5.4355   3.054171    31.2183        810     0.5619 0.0000e+00
     25.000     5.3891   3.054239    31.2618        838     0.5813 0.0000e+00
     26.000     5.3557   3.054882    31.2997        872     0.6051 0.0000e+00
     27.000     5.3362   3.055274    31.3219        904     0.6271 0.0000e+00
     28.000     5.3286   3.055697    31.3333        929     0.6447 0.0000e+00
     29.000     5.3318   3.056130    31.3347        951     0.6594 0.0000e+00
     30.000     5.3270   3.056674    31.3449        971     0.6733 0.0000e+00
     31.000     5.2990   3.055625    31.3587        994     0.6892 0.0000e+00
     32.000     5.2625   3.053680    31.3703       1025     0.7109 0.0000e+00
     33.000     5.2437   3.052762    31.3771       1066     0.7395 0.0000e+00
     34.000     5.2317   3.052172    31.3811       1100     0.7630 0.0000e+00
     35.000     5.2032   3.050401    31.3872       1122     0.7785 0.0000e+00
     36.000     5.1617   3.048107    31.3997       1142     0.7927 0.0000e+00
     37.000     5.1113   3.046220    31.4251       1163     0.8068 0.0000e+00
     38.000     5.1099   3.046661    31.4310       1184     0.8219 0.0000e+00
     39.000     5.1107   3.046673    31.4298       1209     0.8389 0.0000e+00
     40.000     5.1142   3.047042    31.4302       1237     0.8585 0.0000e+00
     41.000     5.1291   3.048783    31.4356       1272     0.8829 0.0000e+00
     42.000     5.1345   3.050552    31.4502       1309     0.9083 0.0000e+00
     43.000     5.1135   3.049820    31.4611       1341     0.9309 0.0000e+00
     44.000     5.1093   3.049636    31.4625       1367     0.9489 0.0000e+00
     45.000     5.0969   3.048997    31.4664       1388     0.9633 0.0000e+00
     46.000     5.0622   3.047306    31.4794       1407     0.9766 0.0000e+00
     47.000     5.0298   3.045806    31.4923       1427     0.9904 0.0000e+00
     48.000     4.9925   3.044153    31.5082       1449     1.0059 0.0000e+00
     49.000     4.9639   3.042882    31.5202       1477     1.0247 0.0000e+00
     50.000     4.9496   3.042250    31.5260       1509     1.0471 0.0000e+00
     51.000     4.9250   3.041476    31.5400       1547     1.0738 0.0000e+00
     52.000     4.8846   3.040578    31.5675       1581     1.0969 0.0000e+00
     53.000     4.8458   3.040458    31.6025       1606     1.1146 0.0000e+00
     54.000     4.8209   3.039579    31.6155       1628     1.1296 0.0000e+00
     55.000     4.8270   3.041453    31.6308       1648     1.1437 0.0000e+00
     56.000     4.8910   3.050450    31.6727       1670     1.1591 0.0000e+00
     57.000     4.9758   3.060959    31.7120       1695     1.1762 0.0000e+00
     58.000     5.0320   3.067166    31.7291       1723     1.1960 0.0000e+00
     59.000     5.0554   3.069757    31.7360       1754     1.2171 0.0000e+00
     60.000     5.0584   3.070220    31.7378       1783     1.2373 0.0000e+00
     61.000     5.0588   3.070304    31.7379       1809     1.2559 0.0000e+00
     62.000     5.0627   3.070810    31.7396       1836     1.2740 0.0000e+00
     63.000     5.0655   3.071170    31.7405       1862     1.2927 0.0000e+00
     64.000     5.0678   3.071464    31.7412       1890     1.3119 0.0000e+00
     65.000     5.0724   3.072011    31.7426       1918     1.3315 0.0000e+00
     66.000     5.0866   3.073596    31.7467       1946     1.3506 0.0000e+00
     67.000     5.1389   3.079656    31.7656       1971     1.3680 0.0000e+00
     68.000     5.1548   3.081364    31.7695       1996     1.3852 0.0000e+00
     69.000     5.1567   3.081708    31.7711       2018     1.4005 0.0000e+00
     70.000     5.1575   3.081858    31.7716       2040     1.4161 0.0000e+00
     71.000     5.1586   3.082056    31.7723       2064     1.4329 0.0000e+00
     72.000     5.1586   3.082130    31.7726       2329     1.6167 0.0000e+00
     71.000     5.1581   3.082037    31.7725       2498     1.7339 0.0000e+00
     70.000     5.1593   3.082122    31.7729       2653     1.8418 0.0000e+00
     69.000     5.1576   3.081888    31.7723       2683     1.8623 0.0000e+00
     68.000     5.1557   3.081613    31.7714       2716     1.8853 0.0000e+00
     67.000     5.1539   3.081312    31.7703       2759     1.9151 0.0000e+00
     66.000     5.1486   3.080635    31.7680       2796     1.9411 0.0000e+00
     65.000     5.1019   3.075364    31.7528       2819     1.9569 0.0000e+00
     64.000     5.0829   3.073251    31.7472       2838     1.9705 0.0000e+00
     63.000     5.0778   3.072605    31.7452       2857     1.9835 0.0000e+00
     62.000     5.0776   3.072516    31.7448       2876     1.9966 0.0000e+00
     61.000     5.0765   3.072335    31.7444       2895     2.0100 0.0000e+00
     60.000     5.0738   3.071984    31.7434       2918     2.0255 0.0000e+00
     59.000     5.0702   3.071552    31.7424       2949     2.0471 0.0000e+00
     58.000     5.0714   3.071618    31.7425       2982     2.0701 0.0000e+00
     57.000     5.0580   3.070039    31.7377       3010     2.0894 0.0000e+00
     56.000     5.0342   3.067309    31.7296       3041     2.1111 0.0000e+00
     55.000     4.9918   3.062503    31.7155       3073     2.1332 0.0000e+00
     54.000     4.9267   3.053909    31.6794       3096     2.1496 0.0000e+00
     53.000     4.8490   3.044077    31.6410       3116     2.1631 0.0000e+00
     52.000     4.8336   3.041740    31.6293       3134     2.1759 0.0000e+00
     51.000     4.8314   3.040466    31.6173       3153     2.1891 0.0000e+00
     50.000     4.8467   3.040680    31.6057       3174     2.2038 0.0000e+00
     49.000     4.8721   3.040586    31.5809       3204     2.2241 0.0000e+00
     48.000     4.8956   3.040918    31.5630       3244     2.2521 0.0000e+00
     47.000     4.9173   3.041171    31.5457       3274     2.2727 0.0000e+00
     46.000     4.9448   3.041536    31.5244       3296     2.2879 0.0000e+00
     45.000     4.9531   3.041884    31.5209       3316     2.3020 0.0000e+00
     44.000     4.9733   3.042672    31.5114       3336     2.3163 0.0000e+00
     43.000     4.9845   3.043183    31.5071       3359     2.3323 0.0000e+00
     42.000     5.0168   3.044568    31.4929       3388     2.3524 0.0000e+00
     41.000     5.0466   3.045946    31.4810       3427     2.3789 0.0000e+00
     40.000     5.0810   3.047512    31.4669       3456     2.3991 0.0000e+00
     39.000     5.1018   3.048557    31.4597       3477     2.4136 0.0000e+00
     38.000     5.1055   3.048697    31.4583       3496     2.4268 0.0000e+00
     37.000     5.1139   3.048451    31.4481       3515     2.4404 0.0000e+00
     36.000     5.1153   3.047675    31.4384       3537     2.4553 0.0000e+00
     35.000     5.1105   3.046757    31.4329       3564     2.4743 0.0000e+00
     34.000     5.1096   3.046511    31.4315       3600     2.4996 0.0000e+00
     33.000     5.1127   3.045403    31.4164       3635     2.5234 0.0000e+00
     32.000     5.1247   3.045324    31.4047       3662     2.5422 0.0000e+00
     31.000     5.1647   3.047181    31.3887       3685     2.5584 0.0000e+00
     30.000     5.1994   3.049149    31.3790       3706     2.5727 0.0000e+00
     29.000     5.2139   3.049997    31.3755       3726     2.5869 0.0000e+00
     28.000     5.2280   3.050726    31.3711       3749     2.6029 0.0000e+00
     27.000     5.2457   3.051621    31.3652       3777     2.6220 0.0000e+00
     26.000     5.2661   3.052749    31.3593       3808     2.6439 0.0000e+00
     25.000     5.3034   3.054557    31.3454       3838     2.6643 0.0000e+00
     24.000     5.3270   3.055402    31.3334       3865     2.6830 0.0000e+00
     23.000     5.3342   3.055308    31.3261       3890     2.7009 0.0000e+00
     22.000     5.3335   3.054739    31.3207       3916     2.7188 0.0000e+00
     21.000     5.3403   3.054245    31.3093       3943     2.7375 0.0000e+00
     20.000     5.3612   3.053530    31.2821       3969     2.7559 0.0000e+00
     19.000     5.3914   3.052899    31.2474       3996     2.7741 0.0000e+00
     18.000     5.4569   3.052583    31.1832       4022     2.7925 0.0000e+00
     17.000     5.4977   3.051716    31.1361       4048     2.8107 0.0000e+00
     16.000     5.5167   3.050677    31.1073       4073     2.8279 0.0000e+00
     15.000     5.5199   3.049852    31.0955       4098     2.8454 0.0000e+00
     14.000     5.5280   3.049334    31.0826       4126     2.8643 0.0000e+00
     13.000     5.5430   3.048836    31.0636       4155     2.8845 0.0000e+00
     12.000     5.5661   3.048106    31.0345       4183     2.9042 0.0000e+00
     11.000     5.5944   3.047214    30.9989       4209     2.9221 0.0000e+00
     10.000     5.6098   3.046672    30.9791       4234     2.9395 0.0000e+00
      9.000     5.6348   3.045976    30.9487       4258     2.9565 0.0000e+00
      8.000     5.7573   3.043907    30.8139       4281     2.9724 0.0000e+00
      7.000     5.9775   3.040267    30.5738       4305     2.9891 0.0000e+00
      6.000     6.0411   3.039674    30.5102       4333     3.0084 0.0000e+00
      5.000     6.0993   3.038624    30.4467       4362     3.0285 0.0000e+00
      4.000     6.1077   3.038847    30.4421       4387     3.0461 0.0000e+00
      3.000     6.1245   3.039977    30.4400       4646     3.2257 0.0000e+00
      2.000     6.1217   3.039959    30.4428       5003     3.4733 0.0000e+00
