HB2402/ctd111.cnv
* Sea-Bird SBE 9 Data File:
* FileName = C:\cruise\data\ctd111.hex
* Software Version Seasave V 7.26.7.121
* Temperature SN = 5253
* Conductivity SN = 4421
* Number of Bytes Per Scan = 37
* Number of Voltage Words = 4
* Number of Scans Averaged by the Deck Unit = 1
* NMEA Latitude = 40 12.94 N
* NMEA Longitude = 070 47.12 W
* NMEA UTC (Time) = Apr 07 2024 22:42:32
* NMEA baud rate = 4800
** Ship: Bigelow HB2304
** Program:  Fall Bottom Trawl Survey
** Chief Scientist: John Galbraith
# nquan = 7
# nvalues = 240                         
# units = specified
# name 0 = depSM: Depth [salt water, m]
# name 1 = t090C: Temperature [ITS-90, deg C]
# name 2 = c0S/m: Conductivity [S/m]
# name 3 = sal00: Salinity, Practical [PSU]
# name 4 = scan: Scan Count
# name 5 = timeM: Time, Elapsed [minutes]
# name 6 = flag: flag
# span 0 =      2.000,    122.000       
# span 1 =     5.4122,     9.8342       
# span 2 =   3.146257,   3.721863       
# span 3 =    32.1618,    34.2135       
# span 4 =        -35,       8551       
# span 5 =    -0.0251,     5.9375       
# span 6 = 0.0000e+00, 0.0000e+00       
# interval = meters: 1                  
# start_time = Apr 07 2024 22:42:32 [NMEA time, header]
# bad_flag = -9.990e-29
*END*
      3.000     5.8443   3.171206    32.1618        -35    -0.0251 0.0000e+00
      4.000     5.8433   3.171169    32.1619        103     0.0710 0.0000e+00
      5.000     5.8438   3.171257    32.1619        389     0.2694 0.0000e+00
      6.000     5.8430   3.171281    32.1624        391     0.2711 0.0000e+00
      7.000     5.8415   3.171204    32.1625        407     0.2819 0.0000e+00
      8.000     5.8410   3.171221    32.1627        425     0.2946 0.0000e+00
      9.000     5.8419   3.171315    32.1624        451     0.3126 0.0000e+00
     10.000     5.8398   3.171187    32.1624        491     0.3404 0.0000e+00
     11.000     5.8366   3.171004    32.1629        517     0.3584 0.0000e+00
     12.000     5.8348   3.170911    32.1631        536     0.3715 0.0000e+00
     13.000     5.8348   3.170928    32.1628        559     0.3872 0.0000e+00
     14.000     5.8291   3.170533    32.1634        588     0.4077 0.0000e+00
     15.000     5.8309   3.170713    32.1632        622     0.4311 0.0000e+00
     16.000     5.8329   3.170919    32.1631        647     0.4483 0.0000e+00
     17.000     5.8308   3.170812    32.1634        667     0.4622 0.0000e+00
     18.000     5.8336   3.171054    32.1630        723     0.5014 0.0000e+00
     19.000     5.8351   3.171236    32.1631        793     0.5501 0.0000e+00
     20.000     5.8212   3.170183    32.1640        810     0.5617 0.0000e+00
     21.000     5.8058   3.169125    32.1663        829     0.5747 0.0000e+00
     22.000     5.8058   3.169154    32.1661        897     0.6223 0.0000e+00
     23.000     5.8015   3.168883    32.1667       1009     0.7002 0.0000e+00
     24.000     5.7962   3.168516    32.1671       1076     0.7463 0.0000e+00
     25.000     5.7814   3.167485    32.1692       1129     0.7831 0.0000e+00
     26.000     5.7796   3.167388    32.1693       1145     0.7945 0.0000e+00
     27.000     5.7759   3.167182    32.1700       1161     0.8059 0.0000e+00
     28.000     5.7692   3.166730    32.1709       1188     0.8240 0.0000e+00
     29.000     5.7572   3.165941    32.1729       1235     0.8568 0.0000e+00
     30.000     5.7498   3.165497    32.1745       1260     0.8743 0.0000e+00
     31.000     5.7432   3.165082    32.1757       1277     0.8860 0.0000e+00
     32.000     5.7367   3.164700    32.1771       1295     0.8986 0.0000e+00
     33.000     5.7277   3.164158    32.1790       1320     0.9163 0.0000e+00
     34.000     5.7249   3.164040    32.1799       1362     0.9451 0.0000e+00
     35.000     5.7222   3.163951    32.1810       1392     0.9661 0.0000e+00
     36.000     5.7204   3.163875    32.1813       1416     0.9827 0.0000e+00
     37.000     5.7178   3.163805    32.1825       1442     1.0007 0.0000e+00
     38.000     5.7172   3.163826    32.1828       1470     1.0203 0.0000e+00
     39.000     5.7159   3.163827    32.1836       1498     1.0397 0.0000e+00
     40.000     5.7131   3.163717    32.1845       1526     1.0594 0.0000e+00
     41.000     5.7109   3.163641    32.1853       1552     1.0767 0.0000e+00
     42.000     5.7103   3.163632    32.1853       1573     1.0917 0.0000e+00
     43.000     5.7090   3.163616    32.1858       1595     1.1069 0.0000e+00
     44.000     5.7068   3.163516    32.1863       1620     1.1242 0.0000e+00
     45.000     5.7042   3.163389    32.1869       1652     1.1463 0.0000e+00
     46.000     5.6993   3.163081    32.1877       1688     1.1713 0.0000e+00
     47.000     5.6941   3.162757    32.1884       1723     1.1961 0.0000e+00
     48.000     5.6925   3.162692    32.1888       1752     1.2158 0.0000e+00
     49.000     5.6883   3.162432    32.1893       1772     1.2296 0.0000e+00
     50.000     5.6859   3.162328    32.1900       1787     1.2405 0.0000e+00
     51.000     5.6842   3.162233    32.1901       1804     1.2519 0.0000e+00
     52.000     5.6807   3.162039    32.1907       1825     1.2666 0.0000e+00
     53.000     5.6759   3.161755    32.1916       1882     1.3064 0.0000e+00
     54.000     5.6700   3.161384    32.1925       1922     1.3338 0.0000e+00
     55.000     5.6624   3.160896    32.1939       1941     1.3471 0.0000e+00
     56.000     5.6538   3.160323    32.1951       1959     1.3594 0.0000e+00
     57.000     5.6486   3.159979    32.1957       1976     1.3715 0.0000e+00
     58.000     5.6363   3.159096    32.1971       1995     1.3847 0.0000e+00
     59.000     5.6267   3.158462    32.1986       2022     1.4038 0.0000e+00
     60.000     5.6153   3.157648    32.1997       2069     1.4361 0.0000e+00
     61.000     5.6069   3.157040    32.2005       2102     1.4590 0.0000e+00
     62.000     5.5861   3.155525    32.2028       2123     1.4734 0.0000e+00
     63.000     5.5549   3.153331    32.2073       2142     1.4869 0.0000e+00
     64.000     5.5167   3.150518    32.2116       2164     1.5022 0.0000e+00
     65.000     5.4628   3.146717    32.2198       2199     1.5262 0.0000e+00
     66.000     5.4522   3.146257    32.2242       2242     1.5563 0.0000e+00
     67.000     5.4601   3.147189    32.2267       2266     1.5730 0.0000e+00
     68.000     5.4652   3.147870    32.2291       2283     1.5849 0.0000e+00
     69.000     5.4698   3.148536    32.2317       2300     1.5968 0.0000e+00
     70.000     5.4811   3.149947    32.2364       2321     1.6111 0.0000e+00
     71.000     5.4869   3.150843    32.2405       2356     1.6357 0.0000e+00
     72.000     5.4775   3.150553    32.2456       2400     1.6662 0.0000e+00
     73.000     5.4602   3.149513    32.2500       2426     1.6840 0.0000e+00
     74.000     5.4374   3.148139    32.2558       2448     1.6993 0.0000e+00
     75.000     5.4257   3.147705    32.2617       2470     1.7148 0.0000e+00
     76.000     5.4138   3.147855    32.2743       2498     1.7343 0.0000e+00
     77.000     5.4122   3.150421    32.3045       2543     1.7655 0.0000e+00
     78.000     5.4140   3.153303    32.3349       2576     1.7879 0.0000e+00
     79.000     5.4132   3.154884    32.3532       2592     1.7994 0.0000e+00
     80.000     5.4189   3.156357    32.3639       2607     1.8095 0.0000e+00
     81.000     5.4325   3.159241    32.3830       2621     1.8195 0.0000e+00
     82.000     5.4701   3.166168    32.4248       2639     1.8320 0.0000e+00
     83.000     5.5141   3.172131    32.4494       2710     1.8815 0.0000e+00
     84.000     5.5484   3.178122    32.4837       2747     1.9067 0.0000e+00
     85.000     5.5758   3.182274    32.5037       2760     1.9160 0.0000e+00
     86.000     5.6142   3.187517    32.5254       2775     1.9264 0.0000e+00
     87.000     5.7190   3.200613    32.5714       2799     1.9427 0.0000e+00
     88.000     5.9104   3.224595    32.6559       2848     1.9769 0.0000e+00
     89.000     6.1351   3.250295    32.7264       2870     1.9926 0.0000e+00
     90.000     6.2184   3.259639    32.7498       2886     2.0034 0.0000e+00
     91.000     6.3070   3.270821    32.7883       2903     2.0151 0.0000e+00
     92.000     6.6891   3.317481    32.9361       2933     2.0358 0.0000e+00
     93.000     6.9100   3.344491    33.0205       2998     2.0814 0.0000e+00
     94.000     6.9230   3.346505    33.0295       3018     2.0954 0.0000e+00
     95.000     7.0012   3.357127    33.0701       3037     2.1083 0.0000e+00
     96.000     7.2759   3.391453    33.1799       3058     2.1230 0.0000e+00
     97.000     7.4888   3.418158    33.2648       3087     2.1433 0.0000e+00
     98.000     7.6946   3.445086    33.3573       3118     2.1644 0.0000e+00
     99.000     8.1257   3.499645    33.5283       3140     2.1795 0.0000e+00
    100.000     8.4877   3.544846    33.6615       3159     2.1929 0.0000e+00
    101.000     8.6384   3.563311    33.7119       3183     2.2098 0.0000e+00
    102.000     8.8704   3.594833    33.8209       3258     2.2617 0.0000e+00
    103.000     9.3325   3.654095    33.9977       3282     2.2786 0.0000e+00
    104.000     9.5802   3.685589    34.0872       3297     2.2892 0.0000e+00
    105.000     9.6818   3.697876    34.1167       3312     2.2993 0.0000e+00
    106.000     9.7344   3.704891    34.1384       3329     2.3110 0.0000e+00
    107.000     9.7667   3.709449    34.1541       3353     2.3275 0.0000e+00
    108.000     9.7752   3.711485    34.1664       3414     2.3702 0.0000e+00
    109.000     9.7814   3.712580    34.1713       3454     2.3981 0.0000e+00
    110.000     9.7963   3.715046    34.1820       3475     2.4128 0.0000e+00
    111.000     9.8024   3.715945    34.1849       3495     2.4266 0.0000e+00
    112.000     9.8060   3.716575    34.1875       3516     2.4409 0.0000e+00
    113.000     9.8090   3.717121    34.1899       3539     2.4570 0.0000e+00
    114.000     9.8174   3.718482    34.1954       3575     2.4820 0.0000e+00
    115.000     9.8247   3.719728    34.2007       3617     2.5114 0.0000e+00
    116.000     9.8264   3.720111    34.2026       3645     2.5306 0.0000e+00
    117.000     9.8319   3.721036    34.2063       3671     2.5488 0.0000e+00
    118.000     9.8305   3.720921    34.2060       3702     2.5699 0.0000e+00
    119.000     9.8320   3.721260    34.2077       3731     2.5900 0.0000e+00
    120.000     9.8310   3.721198    34.2075       3755     2.6070 0.0000e+00
    121.000     9.8342   3.721798    34.2102       3781     2.6248 0.0000e+00
    122.000     9.8327   3.721863    34.2118       3828     2.6573 0.0000e+00
    121.000     9.8317   3.721780    34.2124       3997     2.7749 0.0000e+00
    120.000     9.8296   3.721558    34.2125       4373     3.0362 0.0000e+00
    119.000     9.8280   3.721342    34.2123       4503     3.1267 0.0000e+00
    118.000     9.8289   3.721435    34.2128       4531     3.1457 0.0000e+00
    117.000     9.8295   3.721509    34.2135       4558     3.1648 0.0000e+00
    116.000     9.8276   3.721193    34.2125       4582     3.1809 0.0000e+00
    115.000     9.8227   3.720388    34.2093       4599     3.1930 0.0000e+00
    114.000     9.8212   3.720082    34.2082       4615     3.2039 0.0000e+00
    113.000     9.8194   3.719752    34.2069       4633     3.2166 0.0000e+00
    112.000     9.8005   3.716955    34.1967       4691     3.2573 0.0000e+00
    111.000     9.7983   3.716639    34.1960       4731     3.2849 0.0000e+00
    110.000     9.7981   3.716525    34.1955       4745     3.2946 0.0000e+00
    109.000     9.7891   3.715153    34.1904       4758     3.3035 0.0000e+00
    108.000     9.7865   3.714754    34.1892       4772     3.3129 0.0000e+00
    107.000     9.7832   3.714204    34.1872       4788     3.3243 0.0000e+00
    106.000     9.7730   3.712692    34.1818       4818     3.3448 0.0000e+00
    105.000     9.7200   3.705605    34.1599       4865     3.3780 0.0000e+00
    104.000     9.6505   3.696092    34.1286       4892     3.3965 0.0000e+00
    103.000     9.5436   3.682252    34.0881       4910     3.4092 0.0000e+00
    102.000     9.2945   3.650789    34.0001       4928     3.4218 0.0000e+00
    101.000     8.9702   3.608522    33.8696       4947     3.4350 0.0000e+00
    100.000     8.6286   3.565386    33.7435       4975     3.4541 0.0000e+00
     99.000     8.2997   3.524790    33.6288       5023     3.4878 0.0000e+00
     98.000     7.8826   3.470950    33.4552       5052     3.5076 0.0000e+00
     97.000     7.5690   3.430776    33.3244       5072     3.5214 0.0000e+00
     96.000     7.4859   3.420862    33.2973       5090     3.5343 0.0000e+00
     95.000     7.3116   3.397023    33.2068       5114     3.5508 0.0000e+00
     94.000     7.1089   3.372138    33.1311       5152     3.5769 0.0000e+00
     93.000     6.9350   3.350333    33.0604       5188     3.6021 0.0000e+00
     92.000     6.8539   3.340105    33.0267       5209     3.6170 0.0000e+00
     91.000     6.7356   3.325109    32.9763       5227     3.6289 0.0000e+00
     90.000     6.5900   3.306643    32.9132       5244     3.6406 0.0000e+00
     89.000     6.4207   3.286001    32.8483       5266     3.6564 0.0000e+00
     88.000     6.1790   3.257035    32.7598       5327     3.6987 0.0000e+00
     87.000     6.0602   3.242930    32.7172       5360     3.7218 0.0000e+00
     86.000     5.8711   3.220714    32.6513       5381     3.7361 0.0000e+00
     85.000     5.7625   3.206486    32.5966       5401     3.7497 0.0000e+00
     84.000     5.6681   3.194589    32.5542       5422     3.7644 0.0000e+00
     83.000     5.6035   3.185635    32.5159       5447     3.7818 0.0000e+00
     82.000     5.5653   3.180279    32.4927       5479     3.8039 0.0000e+00
     81.000     5.4984   3.169875    32.4401       5521     3.8336 0.0000e+00
     80.000     5.4561   3.162337    32.3959       5556     3.8578 0.0000e+00
     79.000     5.4296   3.157867    32.3712       5575     3.8710 0.0000e+00
     78.000     5.4280   3.156602    32.3589       5591     3.8820 0.0000e+00
     77.000     5.4258   3.154793    32.3410       5607     3.8934 0.0000e+00
     76.000     5.4209   3.151130    32.3047       5638     3.9147 0.0000e+00
     75.000     5.4283   3.149395    32.2783       5715     3.9682 0.0000e+00
     74.000     5.4344   3.149229    32.2711       5738     3.9838 0.0000e+00
     73.000     5.4352   3.148983    32.2680       5752     3.9939 0.0000e+00
     72.000     5.4466   3.149464    32.2630       5768     4.0050 0.0000e+00
     71.000     5.4635   3.150434    32.2583       5784     4.0161 0.0000e+00
     70.000     5.4840   3.151577    32.2520       5803     4.0291 0.0000e+00
     69.000     5.4888   3.151112    32.2427       5847     4.0594 0.0000e+00
     68.000     5.4861   3.150204    32.2354       5908     4.1020 0.0000e+00
     67.000     5.4847   3.149782    32.2325       5928     4.1161 0.0000e+00
     66.000     5.4801   3.149163    32.2304       5946     4.1284 0.0000e+00
     65.000     5.4770   3.148606    32.2275       5966     4.1424 0.0000e+00
     64.000     5.4755   3.148193    32.2247       5997     4.1639 0.0000e+00
     63.000     5.4980   3.149514    32.2187       6033     4.1890 0.0000e+00
     62.000     5.5349   3.151919    32.2110       6055     4.2042 0.0000e+00
     61.000     5.5490   3.152952    32.2096       6075     4.2181 0.0000e+00
     60.000     5.5672   3.154280    32.2078       6106     4.2394 0.0000e+00
     59.000     5.5900   3.155783    32.2034       6162     4.2788 0.0000e+00
     58.000     5.6107   3.157356    32.2018       6188     4.2965 0.0000e+00
     57.000     5.6255   3.158388    32.1998       6208     4.3107 0.0000e+00
     56.000     5.6331   3.158931    32.1992       6229     4.3250 0.0000e+00
     55.000     5.6430   3.159602    32.1978       6252     4.3409 0.0000e+00
     54.000     5.6546   3.160400    32.1962       6276     4.3576 0.0000e+00
     53.000     5.6638   3.161038    32.1951       6305     4.3779 0.0000e+00
     52.000     5.6744   3.161737    32.1934       6368     4.4218 0.0000e+00
     51.000     5.6764   3.161844    32.1931       6394     4.4399 0.0000e+00
     50.000     5.6807   3.162083    32.1922       6409     4.4497 0.0000e+00
     49.000     5.6815   3.162070    32.1917       6425     4.4612 0.0000e+00
     48.000     5.6825   3.162121    32.1919       6445     4.4748 0.0000e+00
     47.000     5.6842   3.162186    32.1915       6472     4.4936 0.0000e+00
     46.000     5.6862   3.162273    32.1911       6507     4.5184 0.0000e+00
     45.000     5.6891   3.162425    32.1905       6554     4.5507 0.0000e+00
     44.000     5.6908   3.162492    32.1901       6592     4.5770 0.0000e+00
     43.000     5.6948   3.162727    32.1894       6611     4.5906 0.0000e+00
     42.000     5.6964   3.162781    32.1890       6629     4.6028 0.0000e+00
     41.000     5.6977   3.162826    32.1888       6647     4.6156 0.0000e+00
     40.000     5.6998   3.162941    32.1885       6671     4.6319 0.0000e+00
     39.000     5.7010   3.162961    32.1881       6705     4.6555 0.0000e+00
     38.000     5.7056   3.163230    32.1872       6741     4.6806 0.0000e+00
     37.000     5.7096   3.163449    32.1864       6774     4.7031 0.0000e+00
