HB2402/ctd164.cnv
* Sea-Bird SBE 9 Data File:
* FileName = C:\cruise\data\ctd164.hex
* Software Version Seasave V 7.26.7.121
* Temperature SN = 5253
* Conductivity SN = 4421
* Number of Bytes Per Scan = 37
* Number of Voltage Words = 4
* Number of Scans Averaged by the Deck Unit = 1
* NMEA Latitude = 41 00.22 N
* NMEA Longitude = 068 44.58 W
* NMEA UTC (Time) = Apr 17 2024 14:44:24
* NMEA baud rate = 4800
** Ship: Bigelow HB2304
** Program:  Fall Bottom Trawl Survey
** Chief Scientist: John Galbraith
# nquan = 7
# nvalues = 125                         
# units = specified
# name 0 = depSM: Depth [salt water, m]
# name 1 = t090C: Temperature [ITS-90, deg C]
# name 2 = c0S/m: Conductivity [S/m]
# name 3 = sal00: Salinity, Practical [PSU]
# name 4 = scan: Scan Count
# name 5 = timeM: Time, Elapsed [minutes]
# name 6 = flag: flag
# span 0 =      1.000,     64.000       
# span 1 =     6.3117,     6.6599       
# span 2 =   3.203543,   3.231683       
# span 3 =    32.0641,    32.1211       
# span 4 =       -220,       4900       
# span 5 =    -0.1537,     3.4023       
# span 6 = 0.0000e+00, 0.0000e+00       
# interval = meters: 1                  
# start_time = Apr 17 2024 14:44:24 [NMEA time, header]
# bad_flag = -9.990e-29
*END*
      3.000     6.5130   3.223586    32.1120       -220    -0.1537 0.0000e+00
      4.000     6.5235   3.220404    32.0664        286     0.1978 0.0000e+00
      5.000     6.5073   3.220585    32.0832        285     0.1975 0.0000e+00
      6.000     6.4578   3.219842    32.1211        318     0.2202 0.0000e+00
      7.000     6.4201   3.215018    32.1027        348     0.2413 0.0000e+00
      8.000     6.4025   3.211848    32.0838        372     0.2578 0.0000e+00
      9.000     6.3927   3.210554    32.0781        395     0.2740 0.0000e+00
     10.000     6.3758   3.208984    32.0763        422     0.2922 0.0000e+00
     11.000     6.3649   3.208037    32.0755        453     0.3136 0.0000e+00
     12.000     6.3532   3.207059    32.0752        483     0.3349 0.0000e+00
     13.000     6.3488   3.206693    32.0749        508     0.3524 0.0000e+00
     14.000     6.3417   3.206155    32.0751        531     0.3681 0.0000e+00
     15.000     6.3271   3.204983    32.0754        554     0.3840 0.0000e+00
     16.000     6.3239   3.204726    32.0750        579     0.4011 0.0000e+00
     17.000     6.3237   3.204734    32.0748        606     0.4203 0.0000e+00
     18.000     6.3235   3.204742    32.0747        638     0.4426 0.0000e+00
     19.000     6.3241   3.204804    32.0743        672     0.4657 0.0000e+00
     20.000     6.3206   3.204543    32.0742        698     0.4842 0.0000e+00
     21.000     6.3184   3.204376    32.0740        723     0.5012 0.0000e+00
     22.000     6.3171   3.204322    32.0741        745     0.5167 0.0000e+00
     23.000     6.3151   3.204193    32.0741        768     0.5323 0.0000e+00
     24.000     6.3147   3.204193    32.0740        793     0.5502 0.0000e+00
     25.000     6.3149   3.204249    32.0739        828     0.5746 0.0000e+00
     26.000     6.3155   3.204345    32.0739        863     0.5986 0.0000e+00
     27.000     6.3162   3.204449    32.0739        890     0.6171 0.0000e+00
     28.000     6.3163   3.204490    32.0738        913     0.6331 0.0000e+00
     29.000     6.3162   3.204516    32.0738        937     0.6503 0.0000e+00
     30.000     6.3164   3.204574    32.0737        963     0.6678 0.0000e+00
     31.000     6.3155   3.204539    32.0736        990     0.6869 0.0000e+00
     32.000     6.3157   3.204585    32.0735       1023     0.7095 0.0000e+00
     33.000     6.3166   3.204716    32.0736       1056     0.7323 0.0000e+00
     34.000     6.3166   3.204761    32.0737       1084     0.7518 0.0000e+00
     35.000     6.3165   3.204800    32.0737       1108     0.7690 0.0000e+00
     36.000     6.3166   3.204847    32.0736       1132     0.7857 0.0000e+00
     37.000     6.3170   3.204924    32.0737       1156     0.8019 0.0000e+00
     38.000     6.3168   3.204946    32.0736       1182     0.8202 0.0000e+00
     39.000     6.3167   3.204982    32.0735       1214     0.8425 0.0000e+00
     40.000     6.3158   3.204940    32.0735       1250     0.8673 0.0000e+00
     41.000     6.3153   3.204929    32.0733       1282     0.8893 0.0000e+00
     42.000     6.3152   3.204963    32.0733       1307     0.9073 0.0000e+00
     43.000     6.3152   3.205002    32.0734       1332     0.9241 0.0000e+00
     44.000     6.3152   3.205034    32.0732       1356     0.9407 0.0000e+00
     45.000     6.3165   3.205205    32.0734       1383     0.9596 0.0000e+00
     46.000     6.3166   3.205262    32.0734       1413     0.9805 0.0000e+00
     47.000     6.3180   3.205432    32.0735       1443     1.0013 0.0000e+00
     48.000     6.3187   3.205545    32.0736       1473     1.0221 0.0000e+00
     49.000     6.3192   3.205633    32.0736       1503     1.0431 0.0000e+00
     50.000     6.3201   3.205760    32.0737       1533     1.0640 0.0000e+00
     51.000     6.3202   3.205788    32.0735       1563     1.0846 0.0000e+00
     52.000     6.3204   3.205871    32.0738       1591     1.1045 0.0000e+00
     53.000     6.3204   3.205916    32.0737       1616     1.1212 0.0000e+00
     54.000     6.3204   3.205972    32.0739       1639     1.1374 0.0000e+00
     55.000     6.3203   3.206002    32.0738       1659     1.1515 0.0000e+00
     56.000     6.3206   3.206056    32.0736       1687     1.1710 0.0000e+00
     57.000     6.3208   3.206117    32.0737       1730     1.2009 0.0000e+00
     58.000     6.3208   3.206179    32.0738       1763     1.2234 0.0000e+00
     59.000     6.3208   3.206224    32.0738       1787     1.2401 0.0000e+00
     60.000     6.3209   3.206281    32.0740       1809     1.2556 0.0000e+00
     61.000     6.3210   3.206338    32.0740       1831     1.2711 0.0000e+00
     62.000     6.3211   3.206380    32.0739       1853     1.2862 0.0000e+00
     63.000     6.3212   3.206330    32.0728       1883     1.3070 0.0000e+00
     64.000     6.3213   3.206523    32.0743       2549     1.7697 0.0000e+00
     63.000     6.3210   3.206413    32.0739       2976     2.0662 0.0000e+00
     62.000     6.3204   3.206307    32.0738       2809     1.9502 0.0000e+00
     61.000     6.3198   3.206199    32.0736       2830     1.9647 0.0000e+00
     60.000     6.3197   3.206151    32.0737       2854     1.9813 0.0000e+00
     59.000     6.3194   3.206095    32.0737       2878     1.9978 0.0000e+00
     58.000     6.3193   3.206036    32.0737       2902     2.0143 0.0000e+00
     57.000     6.3194   3.206003    32.0736       2927     2.0320 0.0000e+00
     56.000     6.3194   3.205963    32.0738       2954     2.0504 0.0000e+00
     55.000     6.3193   3.205894    32.0736       2982     2.0702 0.0000e+00
     54.000     6.3193   3.205879    32.0738       3008     2.0883 0.0000e+00
     53.000     6.3191   3.205810    32.0738       3035     2.1072 0.0000e+00
     52.000     6.3189   3.205656    32.0727       3063     2.1264 0.0000e+00
     51.000     6.3186   3.205670    32.0737       3091     2.1456 0.0000e+00
     50.000     6.3184   3.205610    32.0736       3116     2.1632 0.0000e+00
     49.000     6.3183   3.205550    32.0735       3140     2.1796 0.0000e+00
     48.000     6.3183   3.205509    32.0736       3161     2.1948 0.0000e+00
     47.000     6.3182   3.205458    32.0736       3182     2.2093 0.0000e+00
     46.000     6.3181   3.205412    32.0737       3204     2.2243 0.0000e+00
     45.000     6.3178   3.205349    32.0737       3230     2.2422 0.0000e+00
     44.000     6.3178   3.205302    32.0737       3265     2.2668 0.0000e+00
     43.000     6.3178   3.205258    32.0737       3302     2.2922 0.0000e+00
     42.000     6.3180   3.205236    32.0737       3329     2.3111 0.0000e+00
     41.000     6.3177   3.205163    32.0737       3353     2.3278 0.0000e+00
     40.000     6.3167   3.205017    32.0736       3375     2.3431 0.0000e+00
     39.000     6.3165   3.204956    32.0735       3394     2.3566 0.0000e+00
     38.000     6.3168   3.204944    32.0736       3414     2.3704 0.0000e+00
     37.000     6.3170   3.204914    32.0735       3437     2.3861 0.0000e+00
     36.000     6.3168   3.204855    32.0736       3469     2.4084 0.0000e+00
     35.000     6.3166   3.204784    32.0734       3513     2.4389 0.0000e+00
     34.000     6.3161   3.204710    32.0735       3541     2.4586 0.0000e+00
     33.000     6.3157   3.204607    32.0733       3562     2.4729 0.0000e+00
     32.000     6.3156   3.204560    32.0733       3581     2.4860 0.0000e+00
     31.000     6.3153   3.204505    32.0735       3601     2.4999 0.0000e+00
     30.000     6.3152   3.204453    32.0735       3625     2.5167 0.0000e+00
     29.000     6.3151   3.204400    32.0735       3657     2.5387 0.0000e+00
     28.000     6.3152   3.204349    32.0733       3695     2.5656 0.0000e+00
     27.000     6.3153   3.204310    32.0733       3727     2.5875 0.0000e+00
     26.000     6.3154   3.204282    32.0734       3752     2.6052 0.0000e+00
     25.000     6.3153   3.204237    32.0734       3770     2.6176 0.0000e+00
     24.000     6.3152   3.204193    32.0735       3789     2.6304 0.0000e+00
     23.000     6.3151   3.204135    32.0734       3812     2.6465 0.0000e+00
     22.000     6.3146   3.204042    32.0734       3847     2.6706 0.0000e+00
     21.000     6.3127   3.203814    32.0731       3882     2.6951 0.0000e+00
     20.000     6.3118   3.203675    32.0729       3908     2.7134 0.0000e+00
     19.000     6.3117   3.203624    32.0728       3931     2.7295 0.0000e+00
     18.000     6.3117   3.203567    32.0728       3955     2.7460 0.0000e+00
     17.000     6.3118   3.203543    32.0729       3980     2.7630 0.0000e+00
     16.000     6.3137   3.203644    32.0727       4007     2.7816 0.0000e+00
     15.000     6.3162   3.203799    32.0725       4035     2.8016 0.0000e+00
     14.000     6.3192   3.204010    32.0725       4064     2.8213 0.0000e+00
     13.000     6.3202   3.204054    32.0725       4087     2.8378 0.0000e+00
     12.000     6.3265   3.204531    32.0724       4112     2.8547 0.0000e+00
     11.000     6.3357   3.205290    32.0726       4137     2.8723 0.0000e+00
     10.000     6.3420   3.205770    32.0724       4164     2.8912 0.0000e+00
      9.000     6.3507   3.206430    32.0721       4191     2.9100 0.0000e+00
      8.000     6.3568   3.206878    32.0717       4217     2.9278 0.0000e+00
      7.000     6.3600   3.207094    32.0717       4244     2.9464 0.0000e+00
      6.000     6.3670   3.207605    32.0711       4271     2.9652 0.0000e+00
      5.000     6.3771   3.208368    32.0706       4295     2.9816 0.0000e+00
      4.000     6.4173   3.211520    32.0681       4321     3.0001 0.0000e+00
      3.000     6.5201   3.220471    32.0708       4679     3.2487 0.0000e+00
      2.000     6.5948   3.226513    32.0678       4818     3.3454 0.0000e+00
      1.000     6.6599   3.231683    32.0641       4900     3.4023 0.0000e+00
