HB2402/ctd157.cnv
* Sea-Bird SBE 9 Data File:
* FileName = C:\cruise\data\ctd157.hex
* Software Version Seasave V 7.26.7.121
* Temperature SN = 5253
* Conductivity SN = 4421
* Number of Bytes Per Scan = 37
* Number of Voltage Words = 4
* Number of Scans Averaged by the Deck Unit = 1
* NMEA Latitude = 41 52.49 N
* NMEA Longitude = 069 47.83 W
* NMEA UTC (Time) = Apr 16 2024 00:01:09
* NMEA baud rate = 4800
** Ship: Bigelow HB2304
** Program:  Fall Bottom Trawl Survey
** Chief Scientist: John Galbraith
# nquan = 7
# nvalues = 205                         
# units = specified
# name 0 = depSM: Depth [salt water, m]
# name 1 = t090C: Temperature [ITS-90, deg C]
# name 2 = c0S/m: Conductivity [S/m]
# name 3 = sal00: Salinity, Practical [PSU]
# name 4 = scan: Scan Count
# name 5 = timeM: Time, Elapsed [minutes]
# name 6 = flag: flag
# span 0 =      3.000,    105.000       
# span 1 =     5.1750,     6.2641       
# span 2 =   3.049573,   3.162723       
# span 3 =    31.0605,    32.1421       
# span 4 =       -102,       6720       
# span 5 =    -0.0717,     4.6660       
# span 6 = 0.0000e+00, 0.0000e+00       
# interval = meters: 1                  
# start_time = Apr 16 2024 00:01:09 [NMEA time, header]
# bad_flag = -9.990e-29
*END*
      3.000     6.2575   3.116225    31.1630       -102    -0.0717 0.0000e+00
      4.000     6.2641   3.107554    31.0605        315     0.2184 0.0000e+00
      5.000     6.2339   3.108212    31.0950        377     0.2611 0.0000e+00
      6.000     6.1700   3.106608    31.1352        403     0.2789 0.0000e+00
      7.000     6.0543   3.102541    31.1960        429     0.2974 0.0000e+00
      8.000     5.8238   3.085540    31.2185        454     0.3148 0.0000e+00
      9.000     5.6849   3.071010    31.1836        481     0.3335 0.0000e+00
     10.000     5.6545   3.066838    31.1645        511     0.3539 0.0000e+00
     11.000     5.6356   3.064992    31.1607        540     0.3742 0.0000e+00
     12.000     5.6146   3.063442    31.1622        566     0.3924 0.0000e+00
     13.000     5.5950   3.062312    31.1672        589     0.4084 0.0000e+00
     14.000     5.5554   3.060169    31.1793        675     0.4682 0.0000e+00
     15.000     5.5185   3.057934    31.1879        782     0.5425 0.0000e+00
     16.000     5.4832   3.055942    31.1977        809     0.5613 0.0000e+00
     17.000     5.4283   3.053265    31.2180        833     0.5777 0.0000e+00
     18.000     5.4102   3.052280    31.2232        856     0.5938 0.0000e+00
     19.000     5.3985   3.051638    31.2264        881     0.6112 0.0000e+00
     20.000     5.3885   3.051237    31.2307        910     0.6310 0.0000e+00
     21.000     5.3704   3.050545    31.2393        941     0.6525 0.0000e+00
     22.000     5.3503   3.049797    31.2490        970     0.6732 0.0000e+00
     23.000     5.3387   3.049573    31.2569        998     0.6920 0.0000e+00
     24.000     5.3301   3.049694    31.2658       1023     0.7095 0.0000e+00
     25.000     5.3303   3.050249    31.2715       1047     0.7261 0.0000e+00
     26.000     5.3289   3.052068    31.2929       1071     0.7430 0.0000e+00
     27.000     5.3331   3.055335    31.3254       1097     0.7614 0.0000e+00
     28.000     5.2812   3.053119    31.3484       1126     0.7813 0.0000e+00
     29.000     5.2495   3.054191    31.3898       1155     0.8013 0.0000e+00
     30.000     5.2749   3.060275    31.4346       1183     0.8205 0.0000e+00
     31.000     5.2638   3.062738    31.4725       1207     0.8376 0.0000e+00
     32.000     5.2557   3.064223    31.4965       1232     0.8548 0.0000e+00
     33.000     5.2516   3.064690    31.5052       1259     0.8737 0.0000e+00
     34.000     5.2487   3.065424    31.5158       1288     0.8936 0.0000e+00
     35.000     5.2469   3.066577    31.5301       1315     0.9125 0.0000e+00
     36.000     5.2416   3.067357    31.5435       1342     0.9311 0.0000e+00
     37.000     5.2352   3.068704    31.5643       1368     0.9494 0.0000e+00
     38.000     5.2234   3.071338    31.6050       1395     0.9681 0.0000e+00
     39.000     5.2097   3.073554    31.6427       1420     0.9857 0.0000e+00
     40.000     5.1897   3.073322    31.6585       1445     1.0029 0.0000e+00
     41.000     5.1795   3.074132    31.6769       1470     1.0200 0.0000e+00
     42.000     5.1750   3.076273    31.7050       1497     1.0388 0.0000e+00
     43.000     5.2024   3.081940    31.7431       1527     1.0600 0.0000e+00
     44.000     5.2051   3.083735    31.7605       1557     1.0806 0.0000e+00
     45.000     5.2056   3.084146    31.7642       1583     1.0986 0.0000e+00
     46.000     5.2073   3.084632    31.7677       1607     1.1156 0.0000e+00
     47.000     5.2103   3.085691    31.7764       1633     1.1333 0.0000e+00
     48.000     5.2180   3.087584    31.7901       1661     1.1525 0.0000e+00
     49.000     5.2205   3.088296    31.7954       1688     1.1717 0.0000e+00
     50.000     5.2214   3.088637    31.7979       1714     1.1894 0.0000e+00
     51.000     5.2216   3.088795    31.7990       1736     1.2052 0.0000e+00
     52.000     5.2216   3.089108    31.8020       1761     1.2222 0.0000e+00
     53.000     5.2210   3.089257    31.8038       1788     1.2411 0.0000e+00
     54.000     5.2238   3.090071    31.8100       1818     1.2619 0.0000e+00
     55.000     5.2290   3.091240    31.8179       1847     1.2821 0.0000e+00
     56.000     5.2441   3.093716    31.8312       1875     1.3015 0.0000e+00
     57.000     5.2599   3.096326    31.8453       1904     1.3218 0.0000e+00
     58.000     5.2635   3.097878    31.8591       1931     1.3403 0.0000e+00
     59.000     5.2750   3.100176    31.8738       1955     1.3569 0.0000e+00
     60.000     5.2945   3.102991    31.8867       1976     1.3714 0.0000e+00
     61.000     5.3208   3.106674    31.9031       1997     1.3862 0.0000e+00
     62.000     5.3334   3.108306    31.9091       2021     1.4029 0.0000e+00
     63.000     5.3509   3.110508    31.9169       2051     1.4237 0.0000e+00
     64.000     5.3739   3.113507    31.9286       2086     1.4476 0.0000e+00
     65.000     5.4181   3.119526    31.9543       2116     1.4689 0.0000e+00
     66.000     5.4450   3.123040    31.9680       2143     1.4873 0.0000e+00
     67.000     5.4566   3.124621    31.9744       2167     1.5040 0.0000e+00
     68.000     5.4641   3.125777    31.9798       2190     1.5205 0.0000e+00
     69.000     5.4682   3.126407    31.9825       2215     1.5375 0.0000e+00
     70.000     5.4730   3.127089    31.9852       2240     1.5550 0.0000e+00
     71.000     5.4765   3.127652    31.9877       2265     1.5726 0.0000e+00
     72.000     5.4896   3.129551    31.9962       2290     1.5897 0.0000e+00
     73.000     5.5075   3.132021    32.0067       2316     1.6075 0.0000e+00
     74.000     5.5182   3.133486    32.0126       2345     1.6275 0.0000e+00
     75.000     5.5345   3.135765    32.0223       2377     1.6498 0.0000e+00
     76.000     5.5454   3.137376    32.0297       2407     1.6710 0.0000e+00
     77.000     5.5516   3.138550    32.0365       2434     1.6895 0.0000e+00
     78.000     5.5573   3.139347    32.0396       2458     1.7064 0.0000e+00
     79.000     5.5711   3.141331    32.0484       2482     1.7228 0.0000e+00
     80.000     5.5739   3.141725    32.0497       2505     1.7392 0.0000e+00
     81.000     5.5742   3.141817    32.0499       2529     1.7556 0.0000e+00
     82.000     5.5739   3.141850    32.0501       2553     1.7720 0.0000e+00
     83.000     5.5729   3.141842    32.0505       2578     1.7892 0.0000e+00
     84.000     5.5753   3.142340    32.0533       2606     1.8093 0.0000e+00
     85.000     5.5793   3.142880    32.0552       2642     1.8339 0.0000e+00
     86.000     5.5818   3.143323    32.0572       2676     1.8573 0.0000e+00
     87.000     5.5821   3.143425    32.0577       2702     1.8759 0.0000e+00
     88.000     5.5823   3.143579    32.0586       2726     1.8926 0.0000e+00
     89.000     5.5827   3.143686    32.0590       2748     1.9079 0.0000e+00
     90.000     5.5825   3.143762    32.0595       2770     1.9226 0.0000e+00
     91.000     5.5877   3.144725    32.0650       2790     1.9371 0.0000e+00
     92.000     5.5915   3.145317    32.0676       2813     1.9526 0.0000e+00
     93.000     5.5963   3.146049    32.0708       2839     1.9709 0.0000e+00
     94.000     5.5998   3.146596    32.0731       2874     1.9953 0.0000e+00
     95.000     5.6021   3.146975    32.0748       2912     2.0218 0.0000e+00
     96.000     5.6073   3.147727    32.0777       2942     2.0420 0.0000e+00
     97.000     5.6123   3.148407    32.0802       2966     2.0593 0.0000e+00
     98.000     5.6244   3.149887    32.0848       2989     2.0752 0.0000e+00
     99.000     5.6447   3.152440    32.0939       3012     2.0906 0.0000e+00
    100.000     5.6639   3.155338    32.1077       3033     2.1056 0.0000e+00
    101.000     5.6846   3.158530    32.1234       3056     2.1214 0.0000e+00
    102.000     5.6982   3.160521    32.1324       3080     2.1381 0.0000e+00
    103.000     5.7094   3.162115    32.1391       3107     2.1571 0.0000e+00
    104.000     5.7092   3.162211    32.1399       3254     2.2593 0.0000e+00
    105.000     5.7124   3.162723    32.1421       3451     2.3956 0.0000e+00
    104.000     5.7083   3.162123    32.1399       3604     2.5023 0.0000e+00
    103.000     5.7046   3.161553    32.1374       3960     2.7496 0.0000e+00
    102.000     5.7020   3.161117    32.1355       3992     2.7714 0.0000e+00
    101.000     5.7003   3.160830    32.1344       4024     2.7939 0.0000e+00
    100.000     5.6903   3.159396    32.1283       4065     2.8221 0.0000e+00
     99.000     5.6838   3.158291    32.1225       4111     2.8543 0.0000e+00
     98.000     5.6803   3.157839    32.1212       4152     2.8824 0.0000e+00
     97.000     5.6700   3.156191    32.1130       4180     2.9023 0.0000e+00
     96.000     5.6339   3.151434    32.0943       4202     2.9174 0.0000e+00
     95.000     5.6230   3.149822    32.0869       4224     2.9324 0.0000e+00
     94.000     5.6123   3.148441    32.0820       4247     2.9484 0.0000e+00
     93.000     5.6199   3.149508    32.0873       4274     2.9671 0.0000e+00
     92.000     5.6138   3.148599    32.0834       4306     2.9897 0.0000e+00
     91.000     5.6045   3.147131    32.0761       4338     3.0116 0.0000e+00
     90.000     5.6004   3.146587    32.0744       4365     3.0305 0.0000e+00
     89.000     5.5982   3.146176    32.0723       4389     3.0474 0.0000e+00
     88.000     5.5885   3.144781    32.0663       4412     3.0632 0.0000e+00
     87.000     5.5845   3.144098    32.0630       4434     3.0786 0.0000e+00
     86.000     5.5839   3.143818    32.0609       4457     3.0943 0.0000e+00
     85.000     5.5836   3.143725    32.0606       4481     3.1109 0.0000e+00
     84.000     5.5827   3.143512    32.0595       4507     3.1294 0.0000e+00
     83.000     5.5827   3.143420    32.0590       4537     3.1501 0.0000e+00
     82.000     5.5818   3.143291    32.0589       4567     3.1709 0.0000e+00
     81.000     5.5790   3.142854    32.0570       4594     3.1898 0.0000e+00
     80.000     5.5773   3.142503    32.0552       4620     3.2073 0.0000e+00
     79.000     5.5764   3.142240    32.0536       4644     3.2242 0.0000e+00
     78.000     5.5750   3.141952    32.0522       4668     3.2410 0.0000e+00
     77.000     5.5723   3.141492    32.0501       4692     3.2575 0.0000e+00
     76.000     5.5689   3.141049    32.0488       4716     3.2745 0.0000e+00
     75.000     5.5608   3.139834    32.0433       4743     3.2929 0.0000e+00
     74.000     5.5571   3.139527    32.0438       4772     3.3133 0.0000e+00
     73.000     5.5537   3.138705    32.0382       4801     3.3335 0.0000e+00
     72.000     5.5516   3.138235    32.0354       4826     3.3509 0.0000e+00
     71.000     5.5401   3.136663    32.0290       4849     3.3667 0.0000e+00
     70.000     5.5140   3.133032    32.0134       4872     3.3825 0.0000e+00
     69.000     5.4995   3.130966    32.0044       4896     3.3994 0.0000e+00
     68.000     5.4873   3.129282    31.9974       4923     3.4182 0.0000e+00
     67.000     5.5007   3.131133    32.0061       4953     3.4386 0.0000e+00
     66.000     5.4844   3.129014    31.9981       4981     3.4586 0.0000e+00
     65.000     5.4857   3.128812    31.9951       5009     3.4775 0.0000e+00
     64.000     5.4644   3.125976    31.9837       5034     3.4950 0.0000e+00
     63.000     5.4518   3.124110    31.9752       5057     3.5110 0.0000e+00
     62.000     5.4245   3.120706    31.9630       5080     3.5268 0.0000e+00
     61.000     5.3844   3.115254    31.9399       5103     3.5428 0.0000e+00
     60.000     5.3606   3.112096    31.9272       5128     3.5606 0.0000e+00
     59.000     5.3636   3.112288    31.9270       5156     3.5799 0.0000e+00
     58.000     5.3567   3.111368    31.9237       5184     3.5996 0.0000e+00
     57.000     5.3238   3.107051    31.9064       5212     3.6185 0.0000e+00
     56.000     5.3164   3.105593    31.8974       5240     3.6380 0.0000e+00
     55.000     5.3089   3.104390    31.8914       5268     3.6574 0.0000e+00
     54.000     5.2959   3.102119    31.8784       5292     3.6746 0.0000e+00
     53.000     5.2660   3.097277    31.8524       5315     3.6904 0.0000e+00
     52.000     5.2442   3.093533    31.8310       5338     3.7060 0.0000e+00
     51.000     5.2487   3.094093    31.8336       5362     3.7230 0.0000e+00
     50.000     5.2476   3.093445    31.8277       5389     3.7413 0.0000e+00
     49.000     5.2324   3.090927    31.8140       5415     3.7600 0.0000e+00
     48.000     5.2342   3.090887    31.8123       5442     3.7786 0.0000e+00
     47.000     5.2278   3.089646    31.8048       5470     3.7978 0.0000e+00
     46.000     5.2247   3.089016    31.8010       5498     3.8174 0.0000e+00
     45.000     5.2222   3.088157    31.7941       5525     3.8364 0.0000e+00
     44.000     5.2200   3.087355    31.7876       5550     3.8534 0.0000e+00
     43.000     5.2168   3.086344    31.7796       5573     3.8695 0.0000e+00
     42.000     5.2076   3.083873    31.7607       5596     3.8858 0.0000e+00
     41.000     5.1988   3.081440    31.7418       5622     3.9032 0.0000e+00
     40.000     5.1972   3.080630    31.7346       5649     3.9221 0.0000e+00
     39.000     5.1987   3.079338    31.7190       5675     3.9405 0.0000e+00
     38.000     5.1983   3.075897    31.6807       5700     3.9578 0.0000e+00
     37.000     5.1950   3.075463    31.6793       5727     3.9762 0.0000e+00
     36.000     5.2049   3.074690    31.6616       5756     3.9963 0.0000e+00
     35.000     5.2196   3.072113    31.6189       5784     4.0159 0.0000e+00
     34.000     5.2310   3.069952    31.5840       5809     4.0337 0.0000e+00
     33.000     5.2365   3.068766    31.5658       5833     4.0500 0.0000e+00
     32.000     5.2368   3.068261    31.5602       5856     4.0659 0.0000e+00
     31.000     5.2453   3.066097    31.5281       5880     4.0824 0.0000e+00
     30.000     5.2477   3.065505    31.5197       5905     4.1002 0.0000e+00
     29.000     5.2576   3.062906    31.4812       5934     4.1201 0.0000e+00
     28.000     5.2570   3.062016    31.4722       5963     4.1403 0.0000e+00
     27.000     5.2591   3.057884    31.4237       5989     4.1580 0.0000e+00
     26.000     5.2640   3.057264    31.4126       6012     4.1742 0.0000e+00
     25.000     5.2792   3.055872    31.3830       6036     4.1908 0.0000e+00
     24.000     5.2958   3.054495    31.3523       6062     4.2093 0.0000e+00
     23.000     5.3053   3.053183    31.3290       6091     4.2290 0.0000e+00
     22.000     5.3208   3.050689    31.2867       6118     4.2480 0.0000e+00
     21.000     5.3272   3.049983    31.2732       6144     4.2661 0.0000e+00
     20.000     5.3411   3.049812    31.2589       6169     4.2833 0.0000e+00
     19.000     5.3552   3.050023    31.2485       6193     4.2999 0.0000e+00
     18.000     5.3749   3.050328    31.2341       6217     4.3166 0.0000e+00
     17.000     5.3866   3.050700    31.2279       6242     4.3339 0.0000e+00
     16.000     5.4047   3.051445    31.2200       6268     4.3523 0.0000e+00
     15.000     5.4380   3.052888    31.2057       6295     4.3705 0.0000e+00
     14.000     5.4843   3.055274    31.1902       6320     4.3882 0.0000e+00
     13.000     5.5198   3.057306    31.1806       6346     4.4066 0.0000e+00
     12.000     5.5459   3.058566    31.1710       6375     4.4262 0.0000e+00
     11.000     5.5880   3.060584    31.1552       6401     4.4447 0.0000e+00
     10.000     5.5918   3.060858    31.1552       6425     4.4611 0.0000e+00
      9.000     5.6179   3.062360    31.1484       6448     4.4771 0.0000e+00
      8.000     5.6469   3.064222    31.1431       6472     4.4936 0.0000e+00
      7.000     5.7302   3.069418    31.1249       6497     4.5109 0.0000e+00
      6.000     5.7741   3.072655    31.1211       6521     4.5279 0.0000e+00
      5.000     5.8609   3.078346    31.1052       6546     4.5451 0.0000e+00
      4.000     5.9255   3.083333    31.1020       6572     4.5631 0.0000e+00
      3.000     6.1911   3.102502    31.0718       6720     4.6660 0.0000e+00
