HB2402/ctd114.cnv
* Sea-Bird SBE 9 Data File:
* FileName = C:\cruise\data\ctd114.hex
* Software Version Seasave V 7.26.7.121
* Temperature SN = 5253
* Conductivity SN = 4421
* Number of Bytes Per Scan = 37
* Number of Voltage Words = 4
* Number of Scans Averaged by the Deck Unit = 1
* NMEA Latitude = 40 00.01 N
* NMEA Longitude = 070 22.78 W
* NMEA UTC (Time) = Apr 08 2024 14:22:58
* NMEA baud rate = 4800
** Ship: Bigelow HB2304
** Program:  Fall Bottom Trawl Survey
** Chief Scientist: John Galbraith
# nquan = 7
# nvalues = 505                         
# units = specified
# name 0 = depSM: Depth [salt water, m]
# name 1 = t090C: Temperature [ITS-90, deg C]
# name 2 = c0S/m: Conductivity [S/m]
# name 3 = sal00: Salinity, Practical [PSU]
# name 4 = scan: Scan Count
# name 5 = timeM: Time, Elapsed [minutes]
# name 6 = flag: flag
# span 0 =      1.000,    255.000       
# span 1 =     7.5913,    11.4652       
# span 2 =   3.403896,   3.962079       
# span 3 =    33.0535,    35.2265       
# span 4 =         18,      15784       
# span 5 =     0.0121,    10.9606       
# span 6 = 0.0000e+00, 0.0000e+00       
# interval = meters: 1                  
# start_time = Apr 08 2024 14:22:58 [NMEA time, header]
# bad_flag = -9.990e-29
*END*
      5.000     7.5925   3.404362    33.0610         18     0.0121 0.0000e+00
      6.000     7.5913   3.404307    33.0610        183     0.1266 0.0000e+00
      7.000     7.5979   3.405380    33.0658        268     0.1855 0.0000e+00
      8.000     7.5987   3.405581    33.0667        292     0.2022 0.0000e+00
      9.000     7.5982   3.405596    33.0669        319     0.2205 0.0000e+00
     10.000     7.6500   3.412880    33.0955        340     0.2356 0.0000e+00
     11.000     7.7336   3.424306    33.1384        366     0.2536 0.0000e+00
     12.000     7.8100   3.434577    33.1755        402     0.2788 0.0000e+00
     13.000     7.8979   3.445976    33.2136        432     0.2992 0.0000e+00
     14.000     7.9804   3.456773    33.2500        453     0.3140 0.0000e+00
     15.000     8.0444   3.465178    33.2784        472     0.3271 0.0000e+00
     16.000     8.0570   3.467070    33.2862        492     0.3408 0.0000e+00
     17.000     8.0677   3.469136    33.2976        517     0.3584 0.0000e+00
     18.000     8.0857   3.472324    33.3139        554     0.3842 0.0000e+00
     19.000     8.0937   3.473766    33.3212        584     0.4049 0.0000e+00
     20.000     8.1083   3.476016    33.3308        606     0.4202 0.0000e+00
     21.000     8.1260   3.478483    33.3397        630     0.4371 0.0000e+00
     22.000     8.1380   3.480089    33.3450        666     0.4620 0.0000e+00
     23.000     8.1454   3.481194    33.3492        700     0.4853 0.0000e+00
     24.000     8.1541   3.482375    33.3530        720     0.4992 0.0000e+00
     25.000     8.1570   3.482860    33.3550        737     0.5114 0.0000e+00
     26.000     8.1836   3.486293    33.3657        755     0.5236 0.0000e+00
     27.000     8.2603   3.495389    33.3889        776     0.5381 0.0000e+00
     28.000     8.2702   3.496570    33.3916        813     0.5638 0.0000e+00
     29.000     8.2707   3.496778    33.3928        863     0.5984 0.0000e+00
     30.000     8.2696   3.496794    33.3936        890     0.6170 0.0000e+00
     31.000     8.2828   3.498696    33.4007        911     0.6317 0.0000e+00
     32.000     8.2951   3.500451    33.4072        931     0.6457 0.0000e+00
     33.000     8.2977   3.501326    33.4135        951     0.6600 0.0000e+00
     34.000     8.3006   3.501972    33.4172        973     0.6749 0.0000e+00
     35.000     8.3020   3.502470    33.4206        997     0.6916 0.0000e+00
     36.000     8.3021   3.502830    33.4239       1026     0.7115 0.0000e+00
     37.000     8.5352   3.536352    33.5556       1062     0.7369 0.0000e+00
     38.000     8.9017   3.585394    33.7227       1101     0.7641 0.0000e+00
     39.000     9.3560   3.647705    33.9388       1127     0.7820 0.0000e+00
     40.000     9.5679   3.674724    34.0165       1149     0.7970 0.0000e+00
     41.000     9.8207   3.707996    34.1183       1169     0.8114 0.0000e+00
     42.000     9.8767   3.715172    34.1383       1193     0.8277 0.0000e+00
     43.000     9.8938   3.718159    34.1522       1221     0.8469 0.0000e+00
     44.000     9.9478   3.728730    34.2087       1248     0.8660 0.0000e+00
     45.000     9.9280   3.728277    34.2224       1273     0.8831 0.0000e+00
     46.000     9.9168   3.727580    34.2254       1299     0.9013 0.0000e+00
     47.000     9.8903   3.725475    34.2285       1329     0.9223 0.0000e+00
     48.000     9.8786   3.724412    34.2283       1361     0.9445 0.0000e+00
     49.000     9.8681   3.723488    34.2283       1391     0.9654 0.0000e+00
     50.000     9.8603   3.722793    34.2282       1419     0.9846 0.0000e+00
     51.000     9.8603   3.723395    34.2339       1448     1.0049 0.0000e+00
     52.000     9.8669   3.725061    34.2442       1477     1.0251 0.0000e+00
     53.000     9.9160   3.732923    34.2775       1500     1.0409 0.0000e+00
     54.000     9.9583   3.738447    34.2933       1518     1.0538 0.0000e+00
     55.000     9.9683   3.739917    34.2985       1537     1.0664 0.0000e+00
     56.000     9.9797   3.741665    34.3050       1558     1.0812 0.0000e+00
     57.000     9.9846   3.742483    34.3082       1585     1.0998 0.0000e+00
     58.000     9.9877   3.743187    34.3120       1619     1.1234 0.0000e+00
     59.000     9.9954   3.744491    34.3175       1666     1.1565 0.0000e+00
     60.000     9.9990   3.745225    34.3211       1709     1.1862 0.0000e+00
     61.000    10.0075   3.747104    34.3318       1731     1.2017 0.0000e+00
     62.000    10.0541   3.754699    34.3645       1749     1.2142 0.0000e+00
     63.000    10.0858   3.759643    34.3843       1766     1.2254 0.0000e+00
     64.000    10.1019   3.762129    34.3939       1783     1.2372 0.0000e+00
     65.000    10.1346   3.766839    34.4103       1801     1.2497 0.0000e+00
     66.000    10.1415   3.767767    34.4128       1822     1.2648 0.0000e+00
     67.000    10.1617   3.770500    34.4209       1851     1.2846 0.0000e+00
     68.000    10.2008   3.776016    34.4393       1898     1.3173 0.0000e+00
     69.000    10.2021   3.776429    34.4419       1956     1.3573 0.0000e+00
     70.000    10.2027   3.776671    34.4433       1980     1.3744 0.0000e+00
     71.000    10.2244   3.780157    34.4576       1998     1.3871 0.0000e+00
     72.000    10.2681   3.785836    34.4733       2015     1.3989 0.0000e+00
     73.000    10.2808   3.787427    34.4769       2032     1.4107 0.0000e+00
     74.000    10.2854   3.788062    34.4785       2052     1.4240 0.0000e+00
     75.000    10.2935   3.789120    34.4811       2077     1.4417 0.0000e+00
     76.000    10.3163   3.792223    34.4905       2111     1.4656 0.0000e+00
     77.000    10.3517   3.796886    34.5036       2144     1.4882 0.0000e+00
     78.000    10.3901   3.801876    34.5172       2175     1.5099 0.0000e+00
     79.000    10.4357   3.807995    34.5353       2212     1.5353 0.0000e+00
     80.000    10.5348   3.820769    34.5698       2247     1.5596 0.0000e+00
     81.000    10.5872   3.827882    34.5914       2271     1.5767 0.0000e+00
     82.000    10.6279   3.833291    34.6067       2291     1.5900 0.0000e+00
     83.000    10.7000   3.842768    34.6333       2311     1.6038 0.0000e+00
     84.000    10.7023   3.843115    34.6341       2335     1.6210 0.0000e+00
     85.000    10.7112   3.844501    34.6391       2369     1.6445 0.0000e+00
     86.000    10.7405   3.848537    34.6514       2406     1.6699 0.0000e+00
     87.000    10.7918   3.855724    34.6745       2436     1.6913 0.0000e+00
     88.000    10.9729   3.880556    34.7510       2464     1.7104 0.0000e+00
     89.000    10.9987   3.883389    34.7544       2487     1.7265 0.0000e+00
     90.000    10.9980   3.883466    34.7554       2510     1.7421 0.0000e+00
     91.000    11.0032   3.884278    34.7581       2536     1.7606 0.0000e+00
     92.000    11.0206   3.886695    34.7653       2580     1.7911 0.0000e+00
     93.000    11.0262   3.887483    34.7673       2617     1.8170 0.0000e+00
     94.000    11.0289   3.887925    34.7688       2639     1.8319 0.0000e+00
     95.000    11.0416   3.889736    34.7744       2658     1.8451 0.0000e+00
     96.000    11.0556   3.891500    34.7782       2679     1.8600 0.0000e+00
     97.000    11.0859   3.895715    34.7912       2706     1.8782 0.0000e+00
     98.000    11.1173   3.899760    34.8013       2737     1.9003 0.0000e+00
     99.000    11.1673   3.906811    34.8236       2770     1.9231 0.0000e+00
    100.000    11.2134   3.913641    34.8475       2803     1.9456 0.0000e+00
    101.000    11.2322   3.916393    34.8566       2835     1.9677 0.0000e+00
    102.000    11.2303   3.916734    34.8614       2863     1.9876 0.0000e+00
    103.000    11.2254   3.916305    34.8613       2889     2.0054 0.0000e+00
    104.000    11.2245   3.916545    34.8640       2913     2.0224 0.0000e+00
    105.000    11.2337   3.918080    34.8701       2941     2.0415 0.0000e+00
    106.000    11.2738   3.924605    34.8965       2970     2.0622 0.0000e+00
    107.000    11.3160   3.931284    34.9224       2997     2.0808 0.0000e+00
    108.000    11.3559   3.937251    34.9433       3021     2.0969 0.0000e+00
    109.000    11.3641   3.939517    34.9575       3044     2.1132 0.0000e+00
    110.000    11.3738   3.941600    34.9685       3071     2.1323 0.0000e+00
    111.000    11.3854   3.943933    34.9802       3124     2.1688 0.0000e+00
    112.000    11.4106   3.948525    35.0013       3173     2.2029 0.0000e+00
    113.000    11.4239   3.950944    35.0122       3192     2.2160 0.0000e+00
    114.000    11.4303   3.952201    35.0181       3208     2.2269 0.0000e+00
    115.000    11.4328   3.952706    35.0203       3222     2.2371 0.0000e+00
    116.000    11.4347   3.953253    35.0234       3238     2.2482 0.0000e+00
    117.000    11.4417   3.954848    35.0322       3258     2.2617 0.0000e+00
    118.000    11.4430   3.955869    35.0405       3298     2.2896 0.0000e+00
    119.000    11.4440   3.956780    35.0482       3364     2.3353 0.0000e+00
    120.000    11.4500   3.958040    35.0544       3396     2.3579 0.0000e+00
    121.000    11.4536   3.959773    35.0678       3419     2.3735 0.0000e+00
    122.000    11.4529   3.959977    35.0699       3438     2.3870 0.0000e+00
    123.000    11.4529   3.960269    35.0724       3457     2.4001 0.0000e+00
    124.000    11.4521   3.960248    35.0725       3476     2.4134 0.0000e+00
    125.000    11.4539   3.961048    35.0783       3499     2.4291 0.0000e+00
    126.000    11.4511   3.961082    35.0808       3534     2.4533 0.0000e+00
    127.000    11.4479   3.961202    35.0846       3576     2.4827 0.0000e+00
    128.000    11.4239   3.959141    35.0865       3611     2.5066 0.0000e+00
    129.000    11.3868   3.957417    35.1043       3640     2.5271 0.0000e+00
    130.000    11.3730   3.957650    35.1192       3664     2.5440 0.0000e+00
    131.000    11.3631   3.957738    35.1291       3689     2.5611 0.0000e+00
    132.000    11.3608   3.957877    35.1322       3716     2.5801 0.0000e+00
    133.000    11.3592   3.957956    35.1341       3748     2.6022 0.0000e+00
    134.000    11.3571   3.958042    35.1364       3777     2.6223 0.0000e+00
    135.000    11.3525   3.958057    35.1406       3803     2.6401 0.0000e+00
    136.000    11.3456   3.958162    35.1478       3828     2.6577 0.0000e+00
    137.000    11.3443   3.958243    35.1493       3854     2.6756 0.0000e+00
    138.000    11.3438   3.958333    35.1502       3881     2.6946 0.0000e+00
    139.000    11.3405   3.958405    35.1537       3921     2.7222 0.0000e+00
    140.000    11.3360   3.958402    35.1574       3967     2.7539 0.0000e+00
    141.000    11.3314   3.958291    35.1602       3990     2.7704 0.0000e+00
    142.000    11.3209   3.957837    35.1653       4009     2.7830 0.0000e+00
    143.000    11.3033   3.956808    35.1715       4026     2.7954 0.0000e+00
    144.000    11.2935   3.956299    35.1752       4046     2.8090 0.0000e+00
    145.000    11.2873   3.955954    35.1774       4072     2.8274 0.0000e+00
    146.000    11.2701   3.954819    35.1820       4113     2.8555 0.0000e+00
    147.000    11.2562   3.953887    35.1856       4166     2.8924 0.0000e+00
    148.000    11.2415   3.952785    35.1882       4200     2.9158 0.0000e+00
    149.000    11.2301   3.952012    35.1909       4222     2.9315 0.0000e+00
    150.000    11.2119   3.950381    35.1916       4242     2.9449 0.0000e+00
    151.000    11.1741   3.947238    35.1960       4261     2.9581 0.0000e+00
    152.000    11.1311   3.943830    35.2028       4280     2.9718 0.0000e+00
    153.000    11.0876   3.940279    35.2086       4303     2.9877 0.0000e+00
    154.000    11.0171   3.934326    35.2162       4334     3.0087 0.0000e+00
    155.000    10.9557   3.928631    35.2177       4388     3.0468 0.0000e+00
    156.000    10.9075   3.924302    35.2202       4430     3.0756 0.0000e+00
    157.000    10.9049   3.924120    35.2204       4455     3.0931 0.0000e+00
    158.000    10.8976   3.923312    35.2189       4478     3.1091 0.0000e+00
    159.000    10.9158   3.924894    35.2168       4500     3.1245 0.0000e+00
    160.000    10.9134   3.924611    35.2158       4521     3.1389 0.0000e+00
    161.000    10.9014   3.923597    35.2168       4542     3.1537 0.0000e+00
    162.000    10.8745   3.921373    35.2198       4570     3.1728 0.0000e+00
    163.000    10.8825   3.922051    35.2185       4613     3.2025 0.0000e+00
    164.000    10.8783   3.921749    35.2190       4651     3.2290 0.0000e+00
    165.000    10.9081   3.924412    35.2166       4678     3.2480 0.0000e+00
    166.000    10.9179   3.925162    35.2143       4706     3.2674 0.0000e+00
    167.000    10.9198   3.925457    35.2150       4736     3.2885 0.0000e+00
    168.000    10.9137   3.924907    35.2149       4765     3.3080 0.0000e+00
    169.000    10.8968   3.923525    35.2167       4789     3.3248 0.0000e+00
    170.000    10.8832   3.922368    35.2178       4814     3.3421 0.0000e+00
    171.000    10.8765   3.921812    35.2182       4844     3.3629 0.0000e+00
    172.000    10.8832   3.922405    35.2173       4884     3.3908 0.0000e+00
    173.000    10.8800   3.922209    35.2180       4920     3.4162 0.0000e+00
    174.000    10.8720   3.921385    35.2169       4944     3.4330 0.0000e+00
    175.000    10.7769   3.913060    35.2244       4966     3.4476 0.0000e+00
    176.000    10.7476   3.910416    35.2255       4988     3.4634 0.0000e+00
    177.000    10.7135   3.907288    35.2264       5015     3.4819 0.0000e+00
    178.000    10.6935   3.905430    35.2265       5047     3.5040 0.0000e+00
    179.000    10.6787   3.904012    35.2261       5084     3.5299 0.0000e+00
    180.000    10.6245   3.898728    35.2247       5115     3.5517 0.0000e+00
    181.000    10.5607   3.892517    35.2231       5139     3.5680 0.0000e+00
    182.000    10.4982   3.886389    35.2211       5163     3.5847 0.0000e+00
    183.000    10.4631   3.883000    35.2203       5194     3.6059 0.0000e+00
    184.000    10.4334   3.880038    35.2185       5232     3.6327 0.0000e+00
    185.000    10.4006   3.877061    35.2197       5265     3.6556 0.0000e+00
    186.000    10.4002   3.877023    35.2192       5289     3.6720 0.0000e+00
    187.000    10.3890   3.875925    35.2184       5307     3.6850 0.0000e+00
    188.000    10.3665   3.873811    35.2183       5325     3.6970 0.0000e+00
    189.000    10.3552   3.872783    35.2184       5345     3.7111 0.0000e+00
    190.000    10.3374   3.870989    35.2170       5392     3.7436 0.0000e+00
    191.000    10.3075   3.867979    35.2149       5457     3.7890 0.0000e+00
    192.000    10.2872   3.865883    35.2128       5474     3.8006 0.0000e+00
    193.000    10.2594   3.863038    35.2104       5490     3.8118 0.0000e+00
    194.000    10.2256   3.859219    35.2039       5505     3.8226 0.0000e+00
    195.000    10.0818   3.844924    35.1973       5522     3.8343 0.0000e+00
    196.000    10.0155   3.838336    35.1940       5543     3.8484 0.0000e+00
    197.000     9.9851   3.835449    35.1936       5571     3.8681 0.0000e+00
    198.000     9.9761   3.834373    35.1909       5623     3.9043 0.0000e+00
    199.000     9.9293   3.829138    35.1823       5681     3.9447 0.0000e+00
    200.000     9.8814   3.823904    35.1749       5700     3.9574 0.0000e+00
    201.000     9.8409   3.820171    35.1756       5715     3.9681 0.0000e+00
    202.000     9.8287   3.819154    35.1766       5729     3.9780 0.0000e+00
    203.000     9.8361   3.820413    35.1818       5745     3.9889 0.0000e+00
    204.000     9.8224   3.818947    35.1796       5764     4.0024 0.0000e+00
    205.000     9.8118   3.817970    35.1795       5803     4.0288 0.0000e+00
    206.000     9.8117   3.817976    35.1792       5851     4.0626 0.0000e+00
    207.000     9.8203   3.819048    35.1813       5883     4.0850 0.0000e+00
    208.000     9.8194   3.818913    35.1803       5910     4.1038 0.0000e+00
    209.000     9.8207   3.819159    35.1812       5933     4.1193 0.0000e+00
