HB2402/ctd107.cnv
* Sea-Bird SBE 9 Data File:
* FileName = C:\cruise\data\ctd107.hex
* Software Version Seasave V 7.26.7.121
* Temperature SN = 5253
* Conductivity SN = 4421
* Number of Bytes Per Scan = 37
* Number of Voltage Words = 4
* Number of Scans Averaged by the Deck Unit = 1
* NMEA Latitude = 39 50.41 N
* NMEA Longitude = 071 49.03 W
* NMEA UTC (Time) = Apr 07 2024 06:22:45
* NMEA baud rate = 4800
** Ship: Bigelow HB2304
** Program:  Fall Bottom Trawl Survey
** Chief Scientist: John Galbraith
# nquan = 7
# nvalues = 357                         
# units = specified
# name 0 = depSM: Depth [salt water, m]
# name 1 = t090C: Temperature [ITS-90, deg C]
# name 2 = c0S/m: Conductivity [S/m]
# name 3 = sal00: Salinity, Practical [PSU]
# name 4 = scan: Scan Count
# name 5 = timeM: Time, Elapsed [minutes]
# name 6 = flag: flag
# span 0 =      1.000,    180.000       
# span 1 =     5.7750,    11.9748       
# span 2 =   3.181391,   4.008710       
# span 3 =    32.1194,    35.1497       
# span 4 =       -266,      10956       
# span 5 =    -0.1851,     7.6077       
# span 6 = 0.0000e+00, 0.0000e+00       
# interval = meters: 1                  
# start_time = Apr 07 2024 06:22:45 [NMEA time, header]
# bad_flag = -9.990e-29
*END*
[from data line 206]
    151.000    11.1753   3.940035    35.1232       6533     4.5362 0.0000e+00
    150.000    11.2415   3.945941    35.1193       6560     4.5549 0.0000e+00
    149.000    11.3302   3.954539    35.1206       6588     4.5743 0.0000e+00
    148.000    11.3997   3.961420    35.1231       6612     4.5911 0.0000e+00
    147.000    11.4404   3.965682    35.1270       6635     4.6068 0.0000e+00
    146.000    11.4644   3.967955    35.1272       6662     4.6254 0.0000e+00
    145.000    11.4896   3.970076    35.1247       6694     4.6476 0.0000e+00
    144.000    11.5330   3.973316    35.1159       6724     4.6688 0.0000e+00
    143.000    11.5715   3.976501    35.1113       6753     4.6886 0.0000e+00
    142.000    11.6102   3.980072    35.1102       6777     4.7053 0.0000e+00
    141.000    11.6217   3.981003    35.1090       6799     4.7207 0.0000e+00
    140.000    11.6250   3.981022    35.1064       6821     4.7362 0.0000e+00
    139.000    11.6486   3.982575    35.0999       6844     4.7521 0.0000e+00
    138.000    11.6802   3.984529    35.0897       6869     4.7697 0.0000e+00
    137.000    11.7016   3.985801    35.0824       6896     4.7884 0.0000e+00
    136.000    11.7140   3.986499    35.0779       6922     4.8061 0.0000e+00
    135.000    11.7258   3.987349    35.0756       6951     4.8260 0.0000e+00
    134.000    11.7463   3.989048    35.0734       6989     4.8526 0.0000e+00
    133.000    11.7677   3.991015    35.0730       7022     4.8756 0.0000e+00
    132.000    11.8020   3.994278    35.0731       7043     4.8900 0.0000e+00
    131.000    11.8320   3.997086    35.0727       7061     4.9030 0.0000e+00
    130.000    11.8679   4.000275    35.0705       7081     4.9167 0.0000e+00
    129.000    11.9046   4.003404    35.0670       7107     4.9346 0.0000e+00
    128.000    11.9230   4.005133    35.0671       7137     4.9555 0.0000e+00
    127.000    11.9321   4.006093    35.0683       7160     4.9715 0.0000e+00
    126.000    11.9354   4.006444    35.0691       7181     4.9862 0.0000e+00
    125.000    11.9444   4.007411    35.0705       7206     5.0038 0.0000e+00
    124.000    11.9563   4.008129    35.0667       7252     5.0357 0.0000e+00
    123.000    11.9688   4.006757    35.0420       7288     5.0608 0.0000e+00
    122.000    11.9605   4.003683    35.0202       7308     5.0741 0.0000e+00
    121.000    11.9445   4.000432    35.0039       7325     5.0862 0.0000e+00
    120.000    11.9209   3.995657    34.9799       7344     5.0993 0.0000e+00
    119.000    11.8948   3.990989    34.9592       7368     5.1158 0.0000e+00
    118.000    11.8187   3.979414    34.9178       7396     5.1356 0.0000e+00
    117.000    11.5802   3.944331    34.7976       7425     5.1553 0.0000e+00
    116.000    11.4152   3.920487    34.7179       7455     5.1761 0.0000e+00
    115.000    11.3378   3.908525    34.6728       7485     5.1972 0.0000e+00
    114.000    11.3123   3.904776    34.6600       7515     5.2183 0.0000e+00
    113.000    11.2674   3.897783    34.6333       7543     5.2373 0.0000e+00
    112.000    11.1416   3.879496    34.5705       7565     5.2531 0.0000e+00
    111.000    11.0403   3.864777    34.5196       7587     5.2682 0.0000e+00
    110.000    10.9948   3.857843    34.4938       7614     5.2866 0.0000e+00
    109.000    11.0033   3.858203    34.4898       7644     5.3078 0.0000e+00
    108.000    11.0185   3.859243    34.4864       7671     5.3265 0.0000e+00
    107.000    11.0198   3.859351    34.4866       7696     5.3440 0.0000e+00
    106.000    11.0209   3.859311    34.4857       7726     5.3649 0.0000e+00
    105.000    11.0302   3.859870    34.4830       7757     5.3861 0.0000e+00
    104.000    11.0299   3.859193    34.4770       7780     5.4020 0.0000e+00
    103.000    11.0149   3.856781    34.4674       7802     5.4175 0.0000e+00
    102.000    10.9822   3.852304    34.4539       7826     5.4340 0.0000e+00
    101.000    10.9060   3.842995    34.4330       7853     5.4528 0.0000e+00
    100.000    10.8418   3.834506    34.4089       7885     5.4753 0.0000e+00
     99.000    10.7800   3.826863    34.3909       7921     5.5001 0.0000e+00
     98.000    10.7136   3.818424    34.3692       7951     5.5206 0.0000e+00
     97.000    10.6674   3.812575    34.3544       7973     5.5360 0.0000e+00
     96.000    10.6392   3.808653    34.3419       7995     5.5513 0.0000e+00
     95.000    10.5652   3.798929    34.3142       8018     5.5672 0.0000e+00
     94.000    10.4293   3.780861    34.2604       8043     5.5845 0.0000e+00
     93.000    10.2904   3.763549    34.2166       8068     5.6023 0.0000e+00
     92.000    10.1719   3.748118    34.1723       8099     5.6234 0.0000e+00
     91.000    10.0570   3.733784    34.1354       8144     5.6550 0.0000e+00
     90.000     9.8700   3.710336    34.0731       8178     5.6782 0.0000e+00
     89.000     9.7618   3.696145    34.0306       8198     5.6926 0.0000e+00
     88.000     9.7335   3.692250    34.0178       8220     5.7073 0.0000e+00
     87.000     9.6622   3.682675    33.9874       8243     5.7238 0.0000e+00
     86.000     9.5035   3.661581    33.9209       8271     5.7432 0.0000e+00
     85.000     9.1960   3.622271    33.8056       8299     5.7622 0.0000e+00
     84.000     8.8039   3.573161    33.6658       8324     5.7797 0.0000e+00
     83.000     8.6574   3.555062    33.6155       8360     5.8049 0.0000e+00
     82.000     8.5764   3.544458    33.5814       8404     5.8356 0.0000e+00
     81.000     8.5270   3.537655    33.5571       8427     5.8517 0.0000e+00
     80.000     8.4802   3.531625    33.5385       8449     5.8667 0.0000e+00
     79.000     8.4524   3.527575    33.5226       8472     5.8824 0.0000e+00
     78.000     8.3287   3.510086    33.4557       8496     5.8992 0.0000e+00
     77.000     8.1286   3.484407    33.3738       8520     5.9160 0.0000e+00
     76.000     7.8884   3.453214    33.2701       8548     5.9355 0.0000e+00
     75.000     7.5776   3.413083    33.1357       8591     5.9653 0.0000e+00
     74.000     7.3419   3.382663    33.0322       8629     5.9919 0.0000e+00
     73.000     7.2905   3.375326    33.0021       8653     6.0082 0.0000e+00
     72.000     7.1991   3.363460    32.9608       8676     6.0242 0.0000e+00
     71.000     7.0561   3.346387    32.9119       8701     6.0418 0.0000e+00
     70.000     6.8821   3.325009    32.8448       8730     6.0617 0.0000e+00
     69.000     6.7482   3.309140    32.7992       8759     6.0821 0.0000e+00
     68.000     6.7108   3.304622    32.7858       8788     6.1024 0.0000e+00
     67.000     6.7028   3.303590    32.7826       8816     6.1215 0.0000e+00
     66.000     6.6927   3.302215    32.7775       8842     6.1398 0.0000e+00
     65.000     6.6109   3.292640    32.7508       8879     6.1655 0.0000e+00
     64.000     6.4649   3.275457    32.7013       8920     6.1937 0.0000e+00
     63.000     6.3388   3.259621    32.6471       8945     6.2110 0.0000e+00
     62.000     6.2788   3.251652    32.6165       8968     6.2271 0.0000e+00
     61.000     6.2332   3.245961    32.5974       8993     6.2446 0.0000e+00
     60.000     6.1858   3.239818    32.5749       9020     6.2630 0.0000e+00
     59.000     6.1334   3.233707    32.5576       9046     6.2811 0.0000e+00
     58.000     6.0785   3.226926    32.5351       9071     6.2987 0.0000e+00
     57.000     6.0198   3.219662    32.5106       9101     6.3192 0.0000e+00
     56.000     5.9497   3.210568    32.4766       9152     6.3546 0.0000e+00
     55.000     5.8933   3.202997    32.4463       9191     6.3821 0.0000e+00
     54.000     5.8753   3.200161    32.4322       9210     6.3951 0.0000e+00
     53.000     5.8626   3.198544    32.4267       9227     6.4069 0.0000e+00
     52.000     5.8519   3.197150    32.4218       9245     6.4194 0.0000e+00
     51.000     5.8438   3.196062    32.4179       9268     6.4354 0.0000e+00
     50.000     5.8300   3.194353    32.4124       9305     6.4608 0.0000e+00
     49.000     5.8063   3.191329    32.4017       9346     6.4894 0.0000e+00
     48.000     5.7941   3.189736    32.3960       9379     6.5125 0.0000e+00
     47.000     5.7894   3.189012    32.3928       9411     6.5346 0.0000e+00
     46.000     5.7873   3.188646    32.3912       9436     6.5520 0.0000e+00
     45.000     5.7854   3.188207    32.3886       9456     6.5663 0.0000e+00
     44.000     5.7825   3.187688    32.3860       9477     6.5804 0.0000e+00
     43.000     5.7797   3.187104    32.3826       9506     6.6008 0.0000e+00
     42.000     5.7863   3.186920    32.3747       9539     6.6239 0.0000e+00
     41.000     5.7894   3.186337    32.3656       9563     6.6402 0.0000e+00
     40.000     5.7899   3.185380    32.3549       9589     6.6587 0.0000e+00
     39.000     5.8105   3.185987    32.3424       9632     6.6884 0.0000e+00
     38.000     5.8246   3.186470    32.3349       9663     6.7098 0.0000e+00
     37.000     5.8528   3.187757    32.3228       9682     6.7226 0.0000e+00
     36.000     5.8703   3.188565    32.3157       9701     6.7364 0.0000e+00
     35.000     5.8950   3.188939    32.2968       9730     6.7561 0.0000e+00
     34.000     5.9062   3.188470    32.2813       9763     6.7794 0.0000e+00
     33.000     5.9483   3.187006    32.2252       9785     6.7945 0.0000e+00
     32.000     5.9610   3.186360    32.2064       9803     6.8072 0.0000e+00
     31.000     5.9640   3.186434    32.2048       9823     6.8205 0.0000e+00
     30.000     5.9802   3.186319    32.1886       9863     6.8483 0.0000e+00
     29.000     5.9880   3.186675    32.1857       9909     6.8804 0.0000e+00
     28.000     6.0016   3.186897    32.1758       9927     6.8932 0.0000e+00
     27.000     6.0064   3.186826    32.1709       9944     6.9049 0.0000e+00
     26.000     6.0090   3.186508    32.1654       9966     6.9199 0.0000e+00
     25.000     6.0121   3.186224    32.1597      10004     6.9466 0.0000e+00
     24.000     6.0168   3.185930    32.1524      10031     6.9656 0.0000e+00
     23.000     6.0200   3.185621    32.1464      10049     6.9779 0.0000e+00
     22.000     6.0202   3.185406    32.1444      10066     6.9895 0.0000e+00
     21.000     6.0208   3.185024    32.1400      10092     7.0074 0.0000e+00
     20.000     6.0224   3.184640    32.1347      10148     7.0466 0.0000e+00
     19.000     6.0208   3.183987    32.1294      10168     7.0605 0.0000e+00
     18.000     6.0186   3.183398    32.1253      10185     7.0722 0.0000e+00
     17.000     6.0182   3.183243    32.1245      10202     7.0842 0.0000e+00
     16.000     6.0178   3.183143    32.1243      10229     7.1026 0.0000e+00
     15.000     6.0178   3.182919    32.1223      10265     7.1277 0.0000e+00
     14.000     6.0167   3.182639    32.1206      10291     7.1456 0.0000e+00
     13.000     6.0162   3.182559    32.1207      10313     7.1611 0.0000e+00
     12.000     6.0161   3.182548    32.1212      10339     7.1794 0.0000e+00
     11.000     6.0160   3.182488    32.1211      10372     7.2023 0.0000e+00
     10.000     6.0157   3.182377    32.1206      10398     7.2201 0.0000e+00
      9.000     6.0152   3.182265    32.1203      10418     7.2340 0.0000e+00
      8.000     6.0137   3.182053    32.1199      10437     7.2475 0.0000e+00
      7.000     6.0114   3.181775    32.1195      10468     7.2685 0.0000e+00
      6.000     6.0122   3.181804    32.1194      10506     7.2951 0.0000e+00
      5.000     6.0118   3.181721    32.1194      10528     7.3107 0.0000e+00
      4.000     6.0117   3.181702    32.1198      10546     7.3228 0.0000e+00
      3.000     6.0115   3.181660    32.1200      10565     7.3359 0.0000e+00
      2.000     6.0102   3.181612    32.1212      10883     7.5567 0.0000e+00
      1.000     6.0090   3.181391    32.1204      10956     7.6077 0.0000e+00
