HB2402/ctd174.cnv
* Sea-Bird SBE 9 Data File:
* FileName = C:\cruise\data\ctd174.hex
* Software Version Seasave V 7.26.7.121
* Temperature SN = 5253
* Conductivity SN = 4421
* Number of Bytes Per Scan = 37
* Number of Voltage Words = 4
* Number of Scans Averaged by the Deck Unit = 1
* NMEA Latitude = 41 22.78 N
* NMEA Longitude = 066 07.14 W
* NMEA UTC (Time) = Apr 27 2024 21:35:20
* NMEA baud rate = 4800
** Ship: Bigelow HB2402
** Program:  Spring Bottom Trawl Survey
** Chief Scientist: John Galbraith
# nquan = 7
# nvalues = 276                         
# units = specified
# name 0 = depSM: Depth [salt water, m]
# name 1 = t090C: Temperature [ITS-90, deg C]
# name 2 = c0S/m: Conductivity [S/m]
# name 3 = sal00: Salinity, Practical [PSU]
# name 4 = scan: Scan Count
# name 5 = timeM: Time, Elapsed [minutes]
# name 6 = flag: flag
# span 0 =      1.000,    140.000       
# span 1 =     7.2259,     8.8915       
# span 2 =   3.333723,   3.654063       
# span 3 =    32.6418,    34.5369       
# span 4 =         71,       8462       
# span 5 =     0.0485,     5.8754       
# span 6 = 0.0000e+00, 0.0000e+00       
# interval = meters: 1                  
# start_time = Apr 27 2024 21:35:20 [NMEA time, header]
# bad_flag = -9.990e-29
*END*
      4.000     7.2283   3.333798    32.6434         71     0.0485 0.0000e+00
      5.000     7.2285   3.333757    32.6423        139     0.0960 0.0000e+00
      6.000     7.2280   3.333768    32.6423        168     0.1163 0.0000e+00
      7.000     7.2276   3.333723    32.6418        195     0.1350 0.0000e+00
      8.000     7.2305   3.336906    32.6731        221     0.1529 0.0000e+00
      9.000     7.2350   3.340762    32.7103        247     0.1711 0.0000e+00
     10.000     7.2386   3.342128    32.7212        273     0.1889 0.0000e+00
     11.000     7.2507   3.348733    32.7810        297     0.2055 0.0000e+00
     12.000     7.2573   3.351172    32.8007        322     0.2226 0.0000e+00
     13.000     7.2643   3.354056    32.8249        350     0.2421 0.0000e+00
     14.000     7.2878   3.360335    32.8703        379     0.2625 0.0000e+00
     15.000     7.3282   3.367254    32.9064        407     0.2818 0.0000e+00
     16.000     7.3608   3.372530    32.9322        432     0.2991 0.0000e+00
     17.000     7.3736   3.376694    32.9646        456     0.3162 0.0000e+00
     18.000     7.3989   3.381638    32.9936        483     0.3346 0.0000e+00
     19.000     7.4248   3.385947    33.0150        513     0.3555 0.0000e+00
     20.000     7.4793   3.393017    33.0391        543     0.3761 0.0000e+00
     21.000     7.5282   3.399850    33.0658        570     0.3953 0.0000e+00
     22.000     7.5402   3.402885    33.0866        596     0.4129 0.0000e+00
     23.000     7.5414   3.404580    33.1033        620     0.4300 0.0000e+00
     24.000     7.5475   3.407231    33.1257        646     0.4481 0.0000e+00
     25.000     7.5369   3.407718    33.1406        674     0.4676 0.0000e+00
     26.000     7.5225   3.408192    33.1589        705     0.4888 0.0000e+00
     27.000     7.5348   3.410376    33.1703        736     0.5103 0.0000e+00
     28.000     7.5285   3.410699    33.1794        763     0.5295 0.0000e+00
     29.000     7.5323   3.412027    33.1895        789     0.5469 0.0000e+00
     30.000     7.5437   3.414136    33.2009        813     0.5640 0.0000e+00
     31.000     7.5489   3.416531    33.2214        840     0.5829 0.0000e+00
     32.000     7.5231   3.414808    33.2270        870     0.6034 0.0000e+00
     33.000     7.5168   3.415055    33.2352        898     0.6227 0.0000e+00
     34.000     7.4776   3.411805    33.2371        923     0.6401 0.0000e+00
     35.000     7.4059   3.405343    33.2354        948     0.6579 0.0000e+00
     36.000     7.3011   3.402768    33.3077        977     0.6778 0.0000e+00
     37.000     7.4186   3.418350    33.3632       1008     0.6993 0.0000e+00
     38.000     7.4809   3.427901    33.4062       1036     0.7185 0.0000e+00
     39.000     7.5380   3.434992    33.4274       1061     0.7364 0.0000e+00
     40.000     7.5892   3.443138    33.4655       1088     0.7547 0.0000e+00
     41.000     7.7341   3.467061    33.5833       1114     0.7732 0.0000e+00
     42.000     7.7777   3.476228    33.6393       1141     0.7916 0.0000e+00
     43.000     7.8908   3.496255    33.7447       1168     0.8102 0.0000e+00
     44.000     8.1290   3.528410    33.8580       1197     0.8303 0.0000e+00
     45.000     8.1598   3.532157    33.8678       1227     0.8515 0.0000e+00
     46.000     8.1661   3.533164    33.8719       1256     0.8718 0.0000e+00
     47.000     8.1669   3.533383    33.8730       1282     0.8895 0.0000e+00
     48.000     8.1983   3.537836    33.8897       1305     0.9057 0.0000e+00
     49.000     8.2740   3.547898    33.9231       1328     0.9217 0.0000e+00
     50.000     8.3072   3.552171    33.9360       1354     0.9395 0.0000e+00
     51.000     8.3132   3.553059    33.9392       1386     0.9618 0.0000e+00
     52.000     8.3384   3.556719    33.9532       1419     0.9850 0.0000e+00
     53.000     8.3929   3.564079    33.9782       1448     1.0052 0.0000e+00
     54.000     8.4159   3.567266    33.9893       1476     1.0242 0.0000e+00
     55.000     8.4287   3.569088    33.9958       1500     1.0411 0.0000e+00
     56.000     8.4711   3.575348    34.0207       1523     1.0569 0.0000e+00
     57.000     8.6660   3.602956    34.1235       1546     1.0732 0.0000e+00
     58.000     8.7699   3.616827    34.1689       1572     1.0910 0.0000e+00
     59.000     8.8385   3.626641    34.2053       1600     1.1108 0.0000e+00
     60.000     8.8915   3.633952    34.2305       1632     1.1325 0.0000e+00
     61.000     8.8794   3.633498    34.2369       1664     1.1547 0.0000e+00
     62.000     8.8510   3.631668    34.2446       1694     1.1759 0.0000e+00
     63.000     8.7495   3.622380    34.2446       1722     1.1954 0.0000e+00
     64.000     8.7454   3.622372    34.2480       1748     1.2133 0.0000e+00
     65.000     8.7552   3.623249    34.2473       1772     1.2297 0.0000e+00
     66.000     8.7390   3.621727    34.2465       1797     1.2469 0.0000e+00
     67.000     8.7346   3.621304    34.2458       1823     1.2655 0.0000e+00
     68.000     8.7339   3.621307    34.2461       1850     1.2842 0.0000e+00
     69.000     8.7288   3.620773    34.2449       1876     1.3022 0.0000e+00
     70.000     8.7406   3.622205    34.2481       1905     1.3221 0.0000e+00
     71.000     8.7459   3.623109    34.2519       1936     1.3434 0.0000e+00
     72.000     8.7570   3.623936    34.2495       1969     1.3670 0.0000e+00
     73.000     8.7157   3.619729    34.2447       2003     1.3901 0.0000e+00
     74.000     8.7157   3.619524    34.2421       2029     1.4080 0.0000e+00
     75.000     8.6895   3.616637    34.2365       2050     1.4228 0.0000e+00
     76.000     8.6923   3.617075    34.2380       2071     1.4372 0.0000e+00
     77.000     8.6802   3.615775    34.2355       2094     1.4533 0.0000e+00
     78.000     8.6795   3.615753    34.2355       2122     1.4727 0.0000e+00
     79.000     8.6739   3.615108    34.2336       2154     1.4951 0.0000e+00
     80.000     8.6896   3.616997    34.2378       2187     1.5180 0.0000e+00
     81.000     8.7043   3.618423    34.2381       2217     1.5388 0.0000e+00
     82.000     8.6951   3.617485    34.2367       2243     1.5570 0.0000e+00
     83.000     8.6908   3.617041    34.2358       2268     1.5743 0.0000e+00
     84.000     8.6877   3.616738    34.2351       2294     1.5923 0.0000e+00
     85.000     8.6856   3.616506    34.2342       2321     1.6110 0.0000e+00
     86.000     8.6835   3.616410    34.2347       2349     1.6307 0.0000e+00
     87.000     8.6827   3.616401    34.2350       2379     1.6511 0.0000e+00
     88.000     8.6735   3.615338    34.2322       2405     1.6698 0.0000e+00
     89.000     8.6743   3.615828    34.2361       2430     1.6865 0.0000e+00
     90.000     8.6756   3.616093    34.2371       2453     1.7027 0.0000e+00
     91.000     8.6629   3.614767    34.2350       2479     1.7207 0.0000e+00
     92.000     8.6833   3.617247    34.2409       2511     1.7431 0.0000e+00
     93.000     8.6778   3.616610    34.2390       2546     1.7672 0.0000e+00
     94.000     8.6778   3.616610    34.2386       2575     1.7876 0.0000e+00
     95.000     8.6828   3.617271    34.2402       2599     1.8041 0.0000e+00
     96.000     8.6785   3.616827    34.2392       2620     1.8184 0.0000e+00
     97.000     8.6733   3.616140    34.2366       2642     1.8343 0.0000e+00
     98.000     8.6775   3.616753    34.2384       2672     1.8548 0.0000e+00
     99.000     8.6878   3.618070    34.2419       2709     1.8804 0.0000e+00
    100.000     8.6743   3.616726    34.2403       2738     1.9006 0.0000e+00
    101.000     8.6648   3.615538    34.2365       2760     1.9157 0.0000e+00
    102.000     8.6546   3.614555    34.2355       2779     1.9293 0.0000e+00
    103.000     8.6607   3.615406    34.2382       2801     1.9444 0.0000e+00
    104.000     8.6670   3.616137    34.2393       2827     1.9626 0.0000e+00
    105.000     8.6595   3.615395    34.2383       2868     1.9910 0.0000e+00
    106.000     8.6590   3.615587    34.2403       2907     2.0182 0.0000e+00
    107.000     8.6705   3.616902    34.2425       2932     2.0356 0.0000e+00
    108.000     8.6668   3.616470    34.2411       2953     2.0498 0.0000e+00
    109.000     8.6619   3.615893    34.2393       2972     2.0634 0.0000e+00
    110.000     8.6621   3.615883    34.2385       2993     2.0777 0.0000e+00
    111.000     8.6636   3.616069    34.2385       3016     2.0941 0.0000e+00
    112.000     8.6646   3.616326    34.2399       3047     2.1152 0.0000e+00
    113.000     8.6682   3.616692    34.2397       3087     2.1433 0.0000e+00
    114.000     8.6784   3.617564    34.2385       3121     2.1668 0.0000e+00
    115.000     8.6706   3.616839    34.2380       3144     2.1830 0.0000e+00
    116.000     8.6656   3.616759    34.2414       3164     2.1968 0.0000e+00
    117.000     8.6669   3.617007    34.2423       3184     2.2105 0.0000e+00
    118.000     8.6677   3.617330    34.2445       3207     2.2265 0.0000e+00
    119.000     8.6654   3.616885    34.2416       3241     2.2501 0.0000e+00
    120.000     8.6657   3.616757    34.2395       3281     2.2779 0.0000e+00
    121.000     8.6651   3.616615    34.2381       3306     2.2951 0.0000e+00
    122.000     8.6648   3.616595    34.2377       3326     2.3089 0.0000e+00
    123.000     8.6656   3.617024    34.2410       3345     2.3225 0.0000e+00
    124.000     8.6657   3.617653    34.2470       3370     2.3392 0.0000e+00
    125.000     8.6679   3.618071    34.2488       3405     2.3639 0.0000e+00
    126.000     8.6650   3.617936    34.2497       3445     2.3917 0.0000e+00
    127.000     8.6637   3.617658    34.2476       3472     2.4104 0.0000e+00
    128.000     8.6574   3.618034    34.2572       3493     2.4250 0.0000e+00
    129.000     8.6537   3.618823    34.2686       3513     2.4391 0.0000e+00
    130.000     8.6548   3.621022    34.2903       3534     2.4537 0.0000e+00
    131.000     8.6408   3.621219    34.3054       3558     2.4705 0.0000e+00
    132.000     8.6580   3.632642    34.4087       3590     2.4922 0.0000e+00
    133.000     8.6974   3.643540    34.4848       3626     2.5176 0.0000e+00
    134.000     8.7042   3.645102    34.4941       3658     2.5393 0.0000e+00
    135.000     8.7101   3.645999    34.4973       3684     2.5579 0.0000e+00
    136.000     8.7050   3.645387    34.4953       3709     2.5750 0.0000e+00
    137.000     8.7235   3.649034    34.5153       3733     2.5918 0.0000e+00
    138.000     8.7356   3.651426    34.5282       3758     2.6094 0.0000e+00
    139.000     8.7547   3.654063    34.5369       3786     2.6285 0.0000e+00
    140.000     8.7321   3.650905    34.5252       4187     2.9072 0.0000e+00
    139.000     8.7476   3.653073    34.5334       4528     3.1434 0.0000e+00
    138.000     8.7358   3.651271    34.5263       4531     3.1456 0.0000e+00
    137.000     8.7368   3.651408    34.5273       4557     3.1637 0.0000e+00
    136.000     8.7345   3.651024    34.5260       4586     3.1841 0.0000e+00
    135.000     8.7308   3.650414    34.5236       4612     3.2021 0.0000e+00
    134.000     8.7271   3.649784    34.5211       4634     3.2176 0.0000e+00
    133.000     8.7229   3.649042    34.5179       4654     3.2314 0.0000e+00
    132.000     8.7139   3.647087    34.5065       4675     3.2460 0.0000e+00
    131.000     8.6711   3.637093    34.4433       4708     3.2691 0.0000e+00
    130.000     8.6565   3.633286    34.4179       4758     3.3034 0.0000e+00
    129.000     8.6240   3.623133    34.3428       4783     3.3208 0.0000e+00
    128.000     8.6064   3.617405    34.2999       4801     3.3331 0.0000e+00
    127.000     8.6019   3.614098    34.2700       4817     3.3444 0.0000e+00
    126.000     8.6058   3.612894    34.2539       4833     3.3559 0.0000e+00
    125.000     8.6107   3.613037    34.2512       4853     3.3692 0.0000e+00
    124.000     8.6196   3.613533    34.2482       4880     3.3881 0.0000e+00
    123.000     8.6526   3.616110    34.2439       4923     3.4178 0.0000e+00
    122.000     8.6910   3.619495    34.2429       4961     3.4442 0.0000e+00
    121.000     8.7010   3.620546    34.2448       4989     3.4641 0.0000e+00
    120.000     8.6790   3.618119    34.2410       5014     3.4810 0.0000e+00
    119.000     8.6560   3.615435    34.2355       5034     3.4953 0.0000e+00
    118.000     8.6483   3.614551    34.2341       5053     3.5084 0.0000e+00
    117.000     8.6454   3.614057    34.2321       5073     3.5222 0.0000e+00
    116.000     8.6414   3.613550    34.2311       5096     3.5380 0.0000e+00
    115.000     8.6423   3.613525    34.2304       5123     3.5567 0.0000e+00
    114.000     8.6432   3.613575    34.2306       5155     3.5789 0.0000e+00
    113.000     8.6429   3.613403    34.2295       5189     3.6027 0.0000e+00
    112.000     8.6402   3.613011    34.2284       5219     3.6238 0.0000e+00
    111.000     8.6592   3.615139    34.2330       5245     3.6418 0.0000e+00
    110.000     8.6852   3.618140    34.2399       5269     3.6583 0.0000e+00
    109.000     8.6975   3.619558    34.2434       5293     3.6751 0.0000e+00
    108.000     8.7095   3.620868    34.2461       5318     3.6926 0.0000e+00
    107.000     8.7056   3.620448    34.2459       5345     3.7111 0.0000e+00
    106.000     8.6984   3.619538    34.2438       5369     3.7278 0.0000e+00
    105.000     8.6951   3.619147    34.2434       5391     3.7433 0.0000e+00
    104.000     8.6878   3.618244    34.2413       5415     3.7597 0.0000e+00
    103.000     8.6863   3.618060    34.2413       5445     3.7803 0.0000e+00
    102.000     8.6769   3.616943    34.2392       5478     3.8032 0.0000e+00
    101.000     8.6618   3.615075    34.2345       5507     3.8235 0.0000e+00
    100.000     8.6507   3.613693    34.2312       5534     3.8423 0.0000e+00
     99.000     8.6481   3.613345    34.2305       5561     3.8612 0.0000e+00
     98.000     8.6488   3.613349    34.2304       5589     3.8805 0.0000e+00
     97.000     8.6486   3.613242    34.2299       5615     3.8983 0.0000e+00
     96.000     8.6516   3.613543    34.2306       5636     3.9132 0.0000e+00
     95.000     8.6534   3.613698    34.2310       5656     3.9271 0.0000e+00
     94.000     8.6498   3.613207    34.2298       5678     3.9423 0.0000e+00
     93.000     8.6474   3.612928    34.2296       5705     3.9610 0.0000e+00
     92.000     8.6506   3.613286    34.2308       5741     3.9859 0.0000e+00
     91.000     8.6543   3.613723    34.2324       5777     4.0111 0.0000e+00
     90.000     8.6680   3.615266    34.2358       5804     4.0296 0.0000e+00
     89.000     8.6790   3.616565    34.2393       5826     4.0448 0.0000e+00
     88.000     8.6916   3.617998    34.2426       5846     4.0589 0.0000e+00
     87.000     8.7006   3.619133    34.2464       5868     4.0743 0.0000e+00
     86.000     8.7136   3.620563    34.2494       5896     4.0936 0.0000e+00
     85.000     8.7323   3.622562    34.2528       5930     4.1177 0.0000e+00
     84.000     8.7631   3.626187    34.2615       5961     4.1387 0.0000e+00
     83.000     8.7835   3.628451    34.2662       5983     4.1544 0.0000e+00
     82.000     8.7883   3.628967    34.2674       6004     4.1691 0.0000e+00
     81.000     8.7927   3.629367    34.2678       6027     4.1845 0.0000e+00
     80.000     8.7998   3.630046    34.2685       6052     4.2024 0.0000e+00
     79.000     8.8009   3.630132    34.2688       6083     4.2235 0.0000e+00
     78.000     8.8028   3.630273    34.2690       6114     4.2454 0.0000e+00
     77.000     8.8031   3.630234    34.2688       6142     4.2648 0.0000e+00
     76.000     8.8028   3.630140    34.2685       6169     4.2836 0.0000e+00
     75.000     8.8036   3.630174    34.2686       6195     4.3012 0.0000e+00
     74.000     8.8055   3.630327    34.2688       6219     4.3177 0.0000e+00
     73.000     8.8073   3.630442    34.2687       6242     4.3343 0.0000e+00
     72.000     8.8082   3.630495    34.2689       6267     4.3512 0.0000e+00
