HB2402/ctd124.cnv
* Sea-Bird SBE 9 Data File:
* FileName = C:\cruise\data\ctd124.hex
* Software Version Seasave V 7.26.7.121
* Temperature SN = 5253
* Conductivity SN = 4421
* Number of Bytes Per Scan = 37
* Number of Voltage Words = 4
* Number of Scans Averaged by the Deck Unit = 1
* NMEA Latitude = 40 03.41 N
* NMEA Longitude = 069 09.56 W
* NMEA UTC (Time) = Apr 10 2024 16:51:03
* NMEA baud rate = 4800
** Ship: Bigelow HB2304
** Program:  Fall Bottom Trawl Survey
** Chief Scientist: John Galbraith
# nquan = 7
# nvalues = 303                         
# units = specified
# name 0 = depSM: Depth [salt water, m]
# name 1 = t090C: Temperature [ITS-90, deg C]
# name 2 = c0S/m: Conductivity [S/m]
# name 3 = sal00: Salinity, Practical [PSU]
# name 4 = scan: Scan Count
# name 5 = timeM: Time, Elapsed [minutes]
# name 6 = flag: flag
# span 0 =      1.000,    153.000       
# span 1 =     5.9539,    10.0869       
# span 2 =   3.209600,   3.804463       
# span 3 =    32.4488,    34.7991       
# span 4 =        -96,      10048       
# span 5 =    -0.0674,     6.9768       
# span 6 = 0.0000e+00, 0.0000e+00       
# interval = meters: 1                  
# start_time = Apr 10 2024 16:51:03 [NMEA time, header]
# bad_flag = -9.990e-29
*END*
[from data line 206]
     97.000     9.2838   3.695113    34.4728       6602     4.5841 0.0000e+00
     96.000     9.2239   3.688006    34.4572       6632     4.6046 0.0000e+00
     95.000     9.2044   3.685090    34.4461       6665     4.6278 0.0000e+00
     94.000     9.1982   3.684068    34.4420       6690     4.6453 0.0000e+00
     93.000     9.1919   3.682658    34.4338       6712     4.6602 0.0000e+00
     92.000     9.1766   3.680489    34.4265       6734     4.6756 0.0000e+00
     91.000     9.1667   3.678636    34.4172       6763     4.6957 0.0000e+00
     90.000     9.1538   3.676287    34.4056       6797     4.7193 0.0000e+00
     89.000     9.1310   3.672677    34.3905       6820     4.7357 0.0000e+00
     88.000     9.1095   3.669458    34.3782       6841     4.7497 0.0000e+00
     87.000     9.0552   3.662848    34.3620       6862     4.7647 0.0000e+00
     86.000     9.0041   3.656095    34.3414       6889     4.7834 0.0000e+00
     85.000     8.9782   3.651110    34.3147       6922     4.8062 0.0000e+00
     84.000     8.9643   3.648145    34.2975       6952     4.8274 0.0000e+00
     83.000     8.9747   3.649030    34.2972       6979     4.8460 0.0000e+00
     82.000     9.0016   3.650926    34.2915       7004     4.8629 0.0000e+00
     81.000     9.0030   3.649684    34.2777       7028     4.8798 0.0000e+00
     80.000     8.9843   3.646319    34.2610       7053     4.8970 0.0000e+00
     79.000     8.9442   3.641170    34.2463       7077     4.9138 0.0000e+00
     78.000     8.8630   3.631004    34.2185       7100     4.9299 0.0000e+00
     77.000     8.7762   3.620184    34.1892       7124     4.9467 0.0000e+00
     76.000     8.6714   3.607130    34.1534       7157     4.9693 0.0000e+00
     75.000     8.7077   3.610647    34.1559       7192     4.9937 0.0000e+00
     74.000     8.7043   3.608403    34.1360       7216     5.0108 0.0000e+00
     73.000     8.6990   3.606992    34.1267       7240     5.0270 0.0000e+00
     72.000     8.6347   3.598670    34.1016       7267     5.0459 0.0000e+00
     71.000     8.5211   3.586135    34.0794       7293     5.0640 0.0000e+00
     70.000     8.4767   3.579828    34.0561       7313     5.0778 0.0000e+00
     69.000     8.4306   3.573980    34.0391       7331     5.0905 0.0000e+00
     68.000     8.4087   3.569717    34.0156       7352     5.1048 0.0000e+00
     67.000     8.3563   3.562284    33.9878       7384     5.1274 0.0000e+00
     66.000     8.3096   3.555737    33.9640       7427     5.1571 0.0000e+00
     65.000     8.2594   3.547864    33.9292       7457     5.1777 0.0000e+00
     64.000     8.2188   3.541401    33.9001       7482     5.1949 0.0000e+00
     63.000     8.1997   3.537568    33.8782       7504     5.2106 0.0000e+00
     62.000     8.1640   3.531097    33.8443       7525     5.2252 0.0000e+00
     61.000     8.1270   3.522247    33.7861       7546     5.2398 0.0000e+00
     60.000     8.1149   3.515775    33.7292       7569     5.2558 0.0000e+00
     59.000     8.1613   3.517255    33.7008       7596     5.2746 0.0000e+00
     58.000     8.2510   3.524834    33.6958       7626     5.2948 0.0000e+00
     57.000     8.2033   3.517455    33.6636       7653     5.3140 0.0000e+00
     56.000     8.0385   3.496199    33.5956       7682     5.3340 0.0000e+00
     55.000     7.8380   3.470787    33.5165       7713     5.3558 0.0000e+00
     54.000     7.6955   3.454645    33.4806       7742     5.3755 0.0000e+00
     53.000     7.6663   3.450584    33.4654       7764     5.3913 0.0000e+00
     52.000     7.6410   3.447172    33.4535       7785     5.4059 0.0000e+00
     51.000     7.6291   3.445498    33.4473       7808     5.4214 0.0000e+00
     50.000     7.5909   3.440055    33.4258       7835     5.4403 0.0000e+00
     49.000     7.5418   3.432589    33.3929       7867     5.4624 0.0000e+00
     48.000     7.3599   3.407551    33.2973       7895     5.4819 0.0000e+00
     47.000     7.3327   3.402922    33.2737       7919     5.4987 0.0000e+00
     46.000     7.2700   3.394190    33.2396       7945     5.5164 0.0000e+00
     45.000     7.2407   3.389847    33.2211       7972     5.5357 0.0000e+00
     44.000     7.1956   3.383070    33.1911       7999     5.5541 0.0000e+00
     43.000     7.1496   3.376955    33.1692       8023     5.5707 0.0000e+00
     42.000     7.0677   3.365561    33.1241       8046     5.5868 0.0000e+00
     41.000     7.0005   3.355808    33.0826       8071     5.6039 0.0000e+00
     40.000     6.7530   3.323624    32.9679       8098     5.6231 0.0000e+00
     39.000     6.6651   3.311245    32.9166       8128     5.6441 0.0000e+00
     38.000     6.5862   3.300899    32.8788       8155     5.6624 0.0000e+00
     37.000     6.5229   3.292844    32.8511       8179     5.6789 0.0000e+00
     36.000     6.4502   3.283140    32.8141       8202     5.6954 0.0000e+00
     35.000     6.3942   3.275274    32.7812       8228     5.7130 0.0000e+00
     34.000     6.3598   3.270790    32.7651       8257     5.7334 0.0000e+00
     33.000     6.3159   3.265238    32.7461       8290     5.7559 0.0000e+00
     32.000     6.2197   3.253844    32.7124       8316     5.7744 0.0000e+00
     31.000     6.1485   3.243559    32.6667       8336     5.7883 0.0000e+00
     30.000     6.0991   3.235238    32.6218       8354     5.8008 0.0000e+00
     29.000     6.0741   3.230157    32.5896       8374     5.8144 0.0000e+00
     28.000     6.0519   3.225911    32.5639       8405     5.8363 0.0000e+00
     27.000     6.0559   3.225386    32.5547       8446     5.8642 0.0000e+00
     26.000     6.0223   3.219835    32.5254       8471     5.8818 0.0000e+00
     25.000     6.0047   3.217548    32.5172       8494     5.8977 0.0000e+00
     24.000     5.9990   3.216540    32.5118       8518     5.9147 0.0000e+00
     23.000     5.9851   3.214480    32.5026       8544     5.9329 0.0000e+00
     22.000     5.9762   3.212932    32.4943       8570     5.9504 0.0000e+00
     21.000     5.9777   3.212126    32.4843       8592     5.9662 0.0000e+00
     20.000     5.9817   3.211554    32.4746       8616     5.9826 0.0000e+00
     19.000     5.9864   3.211194    32.4666       8647     6.0041 0.0000e+00
     18.000     5.9910   3.211167    32.4623       8678     6.0257 0.0000e+00
     17.000     5.9944   3.211114    32.4589       8700     6.0410 0.0000e+00
     16.000     5.9951   3.210987    32.4574       8719     6.0540 0.0000e+00
     15.000     6.0012   3.211233    32.4548       8739     6.0683 0.0000e+00
     14.000     6.0121   3.211906    32.4524       8778     6.0955 0.0000e+00
     13.000     6.0149   3.212029    32.4515       8815     6.1209 0.0000e+00
     12.000     6.0256   3.212746    32.4498       8834     6.1339 0.0000e+00
     11.000     6.0287   3.212940    32.4495       8850     6.1452 0.0000e+00
     10.000     6.0437   3.214116    32.4488       8868     6.1579 0.0000e+00
      9.000     6.1152   3.220373    32.4507       8898     6.1786 0.0000e+00
      8.000     6.1429   3.222645    32.4501       8937     6.2056 0.0000e+00
      7.000     6.1743   3.225364    32.4508       8960     6.2217 0.0000e+00
      6.000     6.3672   3.242751    32.4605       9407     6.5316 0.0000e+00
      5.000     6.3838   3.244311    32.4625       9900     6.8746 0.0000e+00
      4.000     6.3764   3.243600    32.4621       9928     6.8935 0.0000e+00
      3.000     6.3682   3.242830    32.4619       9982     6.9310 0.0000e+00
      2.000     6.3690   3.242798    32.4613      10005     6.9471 0.0000e+00
      1.000     6.3696   3.242778    32.4610      10048     6.9768 0.0000e+00
