HB2402/ctd148.cnv
* Sea-Bird SBE 9 Data File:
* FileName = C:\cruise\data\ctd148.hex
* Software Version Seasave V 7.26.7.121
* Temperature SN = 5253
* Conductivity SN = 4421
* Number of Bytes Per Scan = 37
* Number of Voltage Words = 4
* Number of Scans Averaged by the Deck Unit = 1
* NMEA Latitude = 42 42.83 N
* NMEA Longitude = 070 40.58 W
* NMEA UTC (Time) = Apr 14 2024 13:59:31
* NMEA baud rate = 4800
** Ship: Bigelow HB2304
** Program:  Fall Bottom Trawl Survey
** Chief Scientist: John Galbraith
# nquan = 7
# nvalues = 3448                                  
# units = specified
# name 0 = depSM: Depth [salt water, m]
# name 1 = t090C: Temperature [ITS-90, deg C]
# name 2 = c0S/m: Conductivity [S/m]
# name 3 = sal00: Salinity, Practical [PSU]
# name 4 = scan: Scan Count
# name 5 = timeM: Time, Elapsed [minutes]
# name 6 = flag:  0.000e+00
# span 0 =      0.531,     25.767                 
# span 1 =     4.8707,     6.1595                 
# span 2 =   2.882524,   3.006640                 
# span 3 =    28.6908,    31.1991                 
# span 4 =          1,       3448                 
# span 5 =     0.0000,     2.3937                 
# span 6 = 0.0000e+00, 0.0000e+00                 
# interval = seconds: 0.0416667
# start_time = Apr 14 2024 13:59:31 [NMEA time, header]
# bad_flag = -9.990e-29
*END*
[from data line 2667]
      9.180     5.9617   2.931266    29.3782       2668     1.8521  0.000e+00
      9.137     5.9464   2.931964    29.3992       2669     1.8528  0.000e+00
      9.094     5.9118   2.934013    29.4520       2670     1.8535  0.000e+00
      9.137     5.8895   2.936139    29.4950       2671     1.8542  0.000e+00
      9.019     5.8922   2.937054    29.5028       2672     1.8549  0.000e+00
      9.051     5.9230   2.935773    29.4617       2673     1.8556  0.000e+00
      9.019     5.9284   2.934314    29.4409       2674     1.8563  0.000e+00
      8.965     5.9375   2.933424    29.4231       2675     1.8569  0.000e+00
      9.019     5.9591   2.932310    29.3920       2676     1.8576  0.000e+00
      8.965     5.9746   2.931004    29.3642       2677     1.8583  0.000e+00
      8.933     5.9733   2.930018    29.3544       2678     1.8590  0.000e+00
      8.804     5.9678   2.928675    29.3444       2679     1.8597  0.000e+00
      8.879     5.9746   2.927114    29.3212       2680     1.8604  0.000e+00
      8.847     5.9795   2.927127    29.3171       2681     1.8611  0.000e+00
      8.804     5.9754   2.928272    29.3333       2682     1.8618  0.000e+00
      8.847     5.9693   2.928560    29.3418       2683     1.8625  0.000e+00
      8.804     5.9773   2.928528    29.3345       2684     1.8632  0.000e+00
      8.675     5.9786   2.928636    29.3347       2685     1.8639  0.000e+00
      8.718     5.9952   2.927530    29.3080       2686     1.8646  0.000e+00
      8.675     6.0148   2.925726    29.2712       2687     1.8653  0.000e+00
      8.717     6.0261   2.924415    29.2469       2688     1.8660  0.000e+00
      8.674     6.0326   2.924121    29.2381       2689     1.8667  0.000e+00
      8.631     6.0368   2.924459    29.2383       2690     1.8674  0.000e+00
      8.588     6.0347   2.924779    29.2436       2691     1.8681  0.000e+00
      8.545     6.0388   2.924466    29.2367       2692     1.8687  0.000e+00
      8.588     6.0368   2.924089    29.2342       2693     1.8694  0.000e+00
      8.459     6.0331   2.924574    29.2428       2694     1.8701  0.000e+00
      8.502     6.0325   2.925809    29.2569       2695     1.8708  0.000e+00
      8.459     6.0253   2.926947    29.2757       2696     1.8715  0.000e+00
      8.502     6.0023   2.927868    29.3057       2697     1.8722  0.000e+00
      8.459     5.9808   2.928259    29.3286       2698     1.8729  0.000e+00
      8.341     5.9736   2.928611    29.3388       2699     1.8736  0.000e+00
      8.373     5.9602   2.929366    29.3588       2700     1.8743  0.000e+00
      8.341     5.9570   2.929174    29.3594       2701     1.8750  0.000e+00
      8.298     5.9636   2.927805    29.3386       2702     1.8757  0.000e+00
      8.083     5.9686   2.926685    29.3220       2703     1.8764  0.000e+00
      8.545     5.9759   2.925777    29.3055       2704     1.8771  0.000e+00
      8.298     5.9874   2.924568    29.2822       2705     1.8778  0.000e+00
      8.169     5.9963   2.923673    29.2647       2706     1.8785  0.000e+00
      8.298     5.9981   2.923488    29.2611       2707     1.8792  0.000e+00
      8.169     5.9968   2.923565    29.2631       2708     1.8799  0.000e+00
      8.126     5.9955   2.923718    29.2659       2709     1.8806  0.000e+00
      8.169     5.9960   2.923782    29.2662       2710     1.8813  0.000e+00
      8.040     5.9966   2.923571    29.2634       2711     1.8819  0.000e+00
      8.083     5.9968   2.923143    29.2585       2712     1.8826  0.000e+00
      8.125     5.9991   2.922695    29.2516       2713     1.8833  0.000e+00
      7.997     6.0016   2.922407    29.2462       2714     1.8840  0.000e+00
      8.039     6.0031   2.922017    29.2406       2715     1.8847  0.000e+00
      7.996     6.0068   2.921685    29.2338       2716     1.8854  0.000e+00
      8.039     6.0124   2.921308    29.2248       2717     1.8861  0.000e+00
      7.921     6.0132   2.920611    29.2164       2718     1.8868  0.000e+00
      7.953     6.0118   2.920049    29.2115       2719     1.8875  0.000e+00
      7.921     6.0091   2.919646    29.2094       2720     1.8882  0.000e+00
      7.867     6.0068   2.919282    29.2073       2721     1.8889  0.000e+00
      7.835     6.0058   2.918809    29.2029       2722     1.8896  0.000e+00
      7.792     6.0073   2.917602    29.1884       2723     1.8903  0.000e+00
      7.835     6.0131   2.915494    29.1601       2724     1.8910  0.000e+00
      7.792     6.0175   2.913674    29.1363       2725     1.8917  0.000e+00
      7.663     6.0227   2.912569    29.1196       2726     1.8924  0.000e+00
      7.867     6.0319   2.911905    29.1043       2727     1.8931  0.000e+00
      7.749     6.0292   2.911548    29.1028       2728     1.8938  0.000e+00
      7.706     6.0239   2.911663    29.1086       2729     1.8944  0.000e+00
      7.663     6.0294   2.911924    29.1068       2730     1.8951  0.000e+00
      7.706     6.0360   2.911975    29.1017       2731     1.8958  0.000e+00
      7.663     6.0375   2.912339    29.1044       2732     1.8965  0.000e+00
      7.620     6.0308   2.912901    29.1164       2733     1.8972  0.000e+00
      7.577     6.0242   2.913431    29.1279       2734     1.8979  0.000e+00
      7.619     6.0132   2.914434    29.1484       2735     1.8986  0.000e+00
      7.576     6.0050   2.915500    29.1672       2736     1.8993  0.000e+00
      7.533     6.0018   2.915960    29.1751       2737     1.9000  0.000e+00
      7.490     6.0063   2.915679    29.1681       2738     1.9007  0.000e+00
      7.447     6.0139   2.914606    29.1498       2739     1.9014  0.000e+00
      7.490     6.0215   2.913125    29.1269       2740     1.9021  0.000e+00
      7.447     6.0231   2.912199    29.1154       2741     1.9028  0.000e+00
      7.415     6.0256   2.911554    29.1060       2742     1.9035  0.000e+00
      7.447     6.0271   2.910705    29.0954       2743     1.9042  0.000e+00
      7.415     6.0250   2.909888    29.0882       2744     1.9049  0.000e+00
      7.372     6.0261   2.909556    29.0836       2745     1.9056  0.000e+00
      7.329     6.0285   2.909588    29.0819       2746     1.9063  0.000e+00
      7.372     6.0320   2.909716    29.0803       2747     1.9069  0.000e+00
      7.329     6.0324   2.909607    29.0788       2748     1.9076  0.000e+00
      7.286     6.0323   2.909173    29.0742       2749     1.9083  0.000e+00
      7.243     6.0317   2.908644    29.0688       2750     1.9090  0.000e+00
      7.286     6.0316   2.908140    29.0633       2751     1.9097  0.000e+00
      7.243     6.0334   2.907540    29.0552       2752     1.9104  0.000e+00
      7.200     6.0364   2.907048    29.0472       2753     1.9111  0.000e+00
      7.243     6.0373   2.906838    29.0442       2754     1.9118  0.000e+00
      7.200     6.0376   2.906570    29.0409       2755     1.9125  0.000e+00
      7.157     6.0364   2.906136    29.0372       2756     1.9132  0.000e+00
      7.114     6.0355   2.905964    29.0361       2757     1.9139  0.000e+00
      7.071     6.0348   2.906174    29.0390       2758     1.9146  0.000e+00
      7.114     6.0304   2.906870    29.0504       2759     1.9153  0.000e+00
      7.071     6.0244   2.907725    29.0651       2760     1.9160  0.000e+00
      7.114     6.0255   2.907546    29.0621       2761     1.9167  0.000e+00
      6.985     6.0302   2.906755    29.0494       2762     1.9174  0.000e+00
      7.028     6.0306   2.906436    29.0455       2763     1.9181  0.000e+00
      6.985     6.0295   2.906857    29.0511       2764     1.9188  0.000e+00
      6.942     6.0276   2.907629    29.0613       2765     1.9194  0.000e+00
      6.985     6.0213   2.908803    29.0796       2766     1.9201  0.000e+00
      6.942     6.0142   2.910488    29.1043       2767     1.9208  0.000e+00
      6.910     6.0116   2.911943    29.1226       2768     1.9215  0.000e+00
      6.867     6.0161   2.912103    29.1205       2769     1.9222  0.000e+00
      6.910     6.0209   2.911133    29.1057       2770     1.9229  0.000e+00
      6.867     6.0221   2.910118    29.0935       2771     1.9236  0.000e+00
      6.824     6.0216   2.909869    29.0912       2772     1.9243  0.000e+00
      6.781     6.0205   2.910041    29.0941       2773     1.9250  0.000e+00
      6.738     6.0218   2.910201    29.0947       2774     1.9257  0.000e+00
      6.781     6.0248   2.910335    29.0936       2775     1.9264  0.000e+00
      6.824     6.0250   2.910392    29.0940       2776     1.9271  0.000e+00
      6.695     6.0237   2.910130    29.0923       2777     1.9278  0.000e+00
      6.738     6.0198   2.909945    29.0936       2778     1.9285  0.000e+00
      6.609     6.0150   2.910399    29.1028       2779     1.9292  0.000e+00
      6.652     6.0150   2.911337    29.1131       2780     1.9299  0.000e+00
      6.695     6.0120   2.912058    29.1236       2781     1.9306  0.000e+00
      6.566     6.0126   2.911956    29.1221       2782     1.9312  0.000e+00
      6.609     6.0156   2.911254    29.1117       2783     1.9319  0.000e+00
      6.566     6.0189   2.910539    29.1010       2784     1.9326  0.000e+00
      6.609     6.0221   2.909907    29.0912       2785     1.9333  0.000e+00
      6.480     6.0231   2.909850    29.0899       2786     1.9340  0.000e+00
      6.523     6.0239   2.909964    29.0904       2787     1.9347  0.000e+00
      6.480     6.0232   2.910130    29.0928       2788     1.9354  0.000e+00
      6.437     6.0215   2.910424    29.0976       2789     1.9361  0.000e+00
      6.480     6.0203   2.910584    29.1003       2790     1.9368  0.000e+00
      6.362     6.0200   2.910347    29.0980       2791     1.9375  0.000e+00
      6.404     6.0204   2.909696    29.0905       2792     1.9382  0.000e+00
      6.361     6.0232   2.908892    29.0792       2793     1.9389  0.000e+00
      6.404     6.0247   2.908197    29.0703       2794     1.9396  0.000e+00
      6.361     6.0253   2.907763    29.0650       2795     1.9403  0.000e+00
      6.233     6.0245   2.907425    29.0620       2796     1.9410  0.000e+00
      6.275     6.0261   2.906978    29.0557       2797     1.9417  0.000e+00
      6.318     6.0335   2.905626    29.0344       2798     1.9424  0.000e+00
      6.189     6.0418   2.903285    29.0016       2799     1.9431  0.000e+00
      6.232     6.0466   2.900894    28.9711       2800     1.9438  0.000e+00
      6.189     6.0529   2.898848    28.9432       2801     1.9444  0.000e+00
      6.232     6.0588   2.897064    28.9185       2802     1.9451  0.000e+00
      6.103     6.0592   2.895535    28.9014       2803     1.9458  0.000e+00
      6.146     6.0591   2.894356    28.8885       2804     1.9465  0.000e+00
      6.103     6.0612   2.893420    28.8764       2805     1.9472  0.000e+00
      6.060     6.0655   2.892573    28.8634       2806     1.9479  0.000e+00
      6.060     6.0701   2.892051    28.8538       2807     1.9486  0.000e+00
      6.017     6.0704   2.891854    28.8514       2808     1.9493  0.000e+00
      5.974     6.0694   2.891904    28.8528       2809     1.9500  0.000e+00
      6.017     6.0713   2.891943    28.8516       2810     1.9507  0.000e+00
      5.899     6.0739   2.891962    28.8496       2811     1.9514  0.000e+00
      5.931     6.0744   2.891943    28.8490       2812     1.9521  0.000e+00
      5.899     6.0734   2.891720    28.8474       2813     1.9528  0.000e+00
      5.931     6.0729   2.891395    28.8442       2814     1.9535  0.000e+00
      5.813     6.0723   2.891338    28.8442       2815     1.9542  0.000e+00
      5.856     6.0715   2.891242    28.8438       2816     1.9549  0.000e+00
      5.813     6.0763   2.890185    28.8281       2817     1.9556  0.000e+00
      5.770     6.0794   2.888721    28.8094       2818     1.9563  0.000e+00
      5.813     6.0818   2.887843    28.7977       2819     1.9569  0.000e+00
      5.770     6.0834   2.887493    28.7924       2820     1.9576  0.000e+00
      5.641     6.0819   2.887678    28.7958       2821     1.9583  0.000e+00
      5.684     6.0799   2.888467    28.8062       2822     1.9590  0.000e+00
      5.641     6.0795   2.889307    28.8158       2823     1.9597  0.000e+00
      5.684     6.0786   2.889511    28.8188       2824     1.9604  0.000e+00
      5.555     6.0790   2.889390    28.8171       2825     1.9611  0.000e+00
      5.598     6.0791   2.889262    28.8157       2826     1.9618  0.000e+00
      5.555     6.0783   2.889218    28.8159       2827     1.9625  0.000e+00
      5.512     6.0773   2.889294    28.8176       2828     1.9632  0.000e+00
      5.555     6.0773   2.889441    28.8192       2829     1.9639  0.000e+00
      5.469     6.0771   2.889562    28.8207       2830     1.9646  0.000e+00
      5.426     6.0778   2.889530    28.8198       2831     1.9653  0.000e+00
      5.394     6.0794   2.889307    28.8160       2832     1.9660  0.000e+00
      5.426     6.0791   2.889078    28.8137       2833     1.9667  0.000e+00
      5.394     6.0789   2.888963    28.8127       2834     1.9674  0.000e+00
      5.351     6.0783   2.888982    28.8134       2835     1.9681  0.000e+00
      5.308     6.0789   2.888976    28.8128       2836     1.9688  0.000e+00
      5.351     6.0823   2.888810    28.8081       2837     1.9694  0.000e+00
      5.308     6.0844   2.888549    28.8034       2838     1.9701  0.000e+00
      5.265     6.0866   2.888225    28.7981       2839     1.9708  0.000e+00
      5.222     6.0884   2.887849    28.7924       2840     1.9715  0.000e+00
      5.179     6.0899   2.887512    28.7874       2841     1.9722  0.000e+00
      5.136     6.0912   2.887168    28.7825       2842     1.9729  0.000e+00
      5.179     6.0932   2.886818    28.7770       2843     1.9736  0.000e+00
      5.136     6.0945   2.886468    28.7721       2844     1.9743  0.000e+00
      5.093     6.0952   2.886252    28.7691       2845     1.9750  0.000e+00
      5.136     6.0953   2.886220    28.7687       2846     1.9757  0.000e+00
      4.964     6.0947   2.886322    28.7704       2847     1.9764  0.000e+00
      5.093     6.0945   2.886456    28.7720       2848     1.9771  0.000e+00
      4.964     6.0938   2.886494    28.7731       2849     1.9778  0.000e+00
      5.007     6.0936   2.886494    28.7731       2850     1.9785  0.000e+00
      4.964     6.0938   2.886430    28.7724       2851     1.9792  0.000e+00
      4.921     6.0935   2.886277    28.7709       2852     1.9799  0.000e+00
      4.964     6.0932   2.886182    28.7701       2853     1.9806  0.000e+00
      4.921     6.0940   2.886131    28.7689       2854     1.9813  0.000e+00
      4.888     6.0942   2.885915    28.7663       2855     1.9819  0.000e+00
      4.921     6.0940   2.885660    28.7637       2856     1.9826  0.000e+00
      4.802     6.0938   2.885565    28.7629       2857     1.9833  0.000e+00
      4.845     6.0940   2.885469    28.7617       2858     1.9840  0.000e+00
      4.888     6.0941   2.885247    28.7591       2859     1.9847  0.000e+00
      4.759     6.0940   2.885075    28.7574       2860     1.9854  0.000e+00
      4.802     6.0946   2.884960    28.7556       2861     1.9861  0.000e+00
      4.802     6.0953   2.884935    28.7547       2862     1.9868  0.000e+00
      4.673     6.0979   2.884935    28.7525       2863     1.9875  0.000e+00
      4.802     6.1011   2.884789    28.7482       2864     1.9882  0.000e+00
      4.673     6.1026   2.884560    28.7444       2865     1.9889  0.000e+00
      4.802     6.1035   2.884420    28.7421       2866     1.9896  0.000e+00
      4.673     6.1052   2.884375    28.7402       2867     1.9903  0.000e+00
      4.630     6.1069   2.884280    28.7378       2868     1.9910  0.000e+00
      4.587     6.1087   2.884197    28.7353       2869     1.9917  0.000e+00
      4.630     6.1101   2.884140    28.7335       2870     1.9924  0.000e+00
      4.673     6.1103   2.884082    28.7327       2871     1.9931  0.000e+00
