HB2402/ctd193.cnv
* Sea-Bird SBE 9 Data File:
* FileName = C:\cruise\data\ctd193.hex
* Software Version Seasave V 7.26.7.121
* Temperature SN = 5253
* Conductivity SN = 4421
* Number of Bytes Per Scan = 37
* Number of Voltage Words = 4
* Number of Scans Averaged by the Deck Unit = 1
* NMEA Latitude = 41 38.91 N
* NMEA Longitude = 067 46.96 W
* NMEA UTC (Time) = May 02 2024 05:08:11
* NMEA baud rate = 4800
** Ship: Bigelow HB2402
** Program:  Spring Bottom Trawl Survey
** Chief Scientist: John Galbraith
# nquan = 7
# nvalues = 59                          
# units = specified
# name 0 = depSM: Depth [salt water, m]
# name 1 = t090C: Temperature [ITS-90, deg C]
# name 2 = c0S/m: Conductivity [S/m]
# name 3 = sal00: Salinity, Practical [PSU]
# name 4 = scan: Scan Count
# name 5 = timeM: Time, Elapsed [minutes]
# name 6 = flag: flag
# span 0 =      1.000,     31.000       
# span 1 =     7.5511,     7.5630       
# span 2 =   3.300160,   3.302358       
# span 3 =    31.9770,    31.9796       
# span 4 =        137,       2766       
# span 5 =     0.0942,     1.9203       
# span 6 = 0.0000e+00, 0.0000e+00       
# interval = meters: 1                  
# start_time = May 02 2024 05:08:11 [NMEA time, header]
# bad_flag = -9.990e-29
*END*
      3.000     7.5531   3.300291    31.9789        137     0.0942 0.0000e+00
      4.000     7.5520   3.300265    31.9792        285     0.1972 0.0000e+00
      5.000     7.5511   3.300160    31.9785        313     0.2169 0.0000e+00
      6.000     7.5527   3.300396    31.9790        344     0.2385 0.0000e+00
      7.000     7.5531   3.300478    31.9791        368     0.2549 0.0000e+00
      8.000     7.5523   3.300440    31.9790        393     0.2726 0.0000e+00
      9.000     7.5524   3.300309    31.9770        427     0.2961 0.0000e+00
     10.000     7.5529   3.300611    31.9793        461     0.3195 0.0000e+00
     11.000     7.5529   3.300581    31.9786        486     0.3370 0.0000e+00
     12.000     7.5528   3.300667    31.9791        509     0.3526 0.0000e+00
     13.000     7.5535   3.300786    31.9792        532     0.3685 0.0000e+00
     14.000     7.5536   3.300829    31.9791        557     0.3862 0.0000e+00
     15.000     7.5535   3.300867    31.9792        589     0.4081 0.0000e+00
     16.000     7.5535   3.300908    31.9792        624     0.4328 0.0000e+00
     17.000     7.5548   3.301068    31.9792        653     0.4528 0.0000e+00
     18.000     7.5557   3.301182    31.9791        677     0.4694 0.0000e+00
     19.000     7.5548   3.301162    31.9793        701     0.4859 0.0000e+00
     20.000     7.5547   3.301201    31.9793        727     0.5040 0.0000e+00
     21.000     7.5571   3.301453    31.9794        755     0.5234 0.0000e+00
     22.000     7.5597   3.301702    31.9791        784     0.5440 0.0000e+00
     23.000     7.5608   3.301830    31.9791        820     0.5685 0.0000e+00
     24.000     7.5615   3.301945    31.9792        851     0.5901 0.0000e+00
     25.000     7.5616   3.301986    31.9791        875     0.6071 0.0000e+00
     26.000     7.5615   3.302031    31.9792        899     0.6235 0.0000e+00
     27.000     7.5609   3.302023    31.9792        925     0.6419 0.0000e+00
     28.000     7.5610   3.302082    31.9793        955     0.6622 0.0000e+00
     29.000     7.5616   3.302167    31.9791        984     0.6826 0.0000e+00
     30.000     7.5621   3.302261    31.9792       1014     0.7033 0.0000e+00
     31.000     7.5630   3.302358    31.9790       1189     0.8249 0.0000e+00
     30.000     7.5626   3.302224    31.9784       1791     1.2432 0.0000e+00
     29.000     7.5624   3.302244    31.9793       1834     1.2731 0.0000e+00
     28.000     7.5624   3.302198    31.9792       1862     1.2922 0.0000e+00
     27.000     7.5620   3.302118    31.9792       1887     1.3100 0.0000e+00
     26.000     7.5617   3.302045    31.9792       1910     1.3260 0.0000e+00
     25.000     7.5603   3.301903    31.9794       1933     1.3416 0.0000e+00
     24.000     7.5581   3.301667    31.9794       1957     1.3584 0.0000e+00
     23.000     7.5578   3.301614    31.9795       1986     1.3783 0.0000e+00
     22.000     7.5585   3.301588    31.9791       2015     1.3989 0.0000e+00
     21.000     7.5589   3.301598    31.9792       2041     1.4167 0.0000e+00
     20.000     7.5587   3.301534    31.9792       2065     1.4331 0.0000e+00
     19.000     7.5586   3.301478    31.9792       2089     1.4501 0.0000e+00
     18.000     7.5587   3.301442    31.9792       2115     1.4681 0.0000e+00
     17.000     7.5590   3.301433    31.9792       2141     1.4858 0.0000e+00
     16.000     7.5590   3.301384    31.9792       2167     1.5043 0.0000e+00
     15.000     7.5577   3.301247    31.9794       2196     1.5240 0.0000e+00
     14.000     7.5563   3.301075    31.9793       2223     1.5433 0.0000e+00
     13.000     7.5561   3.301004    31.9792       2245     1.5585 0.0000e+00
     12.000     7.5549   3.300846    31.9791       2266     1.5731 0.0000e+00
     11.000     7.5547   3.300812    31.9794       2289     1.5888 0.0000e+00
     10.000     7.5542   3.300732    31.9794       2317     1.6085 0.0000e+00
      9.000     7.5544   3.300689    31.9792       2348     1.6302 0.0000e+00
      8.000     7.5547   3.300676    31.9792       2374     1.6483 0.0000e+00
      7.000     7.5547   3.300633    31.9793       2398     1.6648 0.0000e+00
      6.000     7.5546   3.300574    31.9792       2420     1.6801 0.0000e+00
      5.000     7.5547   3.300411    31.9778       2443     1.6955 0.0000e+00
      4.000     7.5546   3.300485    31.9792       2468     1.7129 0.0000e+00
      3.000     7.5544   3.300433    31.9793       2539     1.7627 0.0000e+00
      2.000     7.5542   3.300353    31.9791       2731     1.8958 0.0000e+00
      1.000     7.5546   3.300399    31.9796       2766     1.9203 0.0000e+00
