HB2402/ctd165.cnv
* Sea-Bird SBE 9 Data File:
* FileName = C:\cruise\data\ctd165.hex
* Software Version Seasave V 7.26.7.121
* Temperature SN = 5253
* Conductivity SN = 4421
* Number of Bytes Per Scan = 37
* Number of Voltage Words = 4
* Number of Scans Averaged by the Deck Unit = 1
* NMEA Latitude = 40 39.83 N
* NMEA Longitude = 067 59.19 W
* NMEA UTC (Time) = Apr 18 2024 00:41:40
* NMEA baud rate = 4800
** Ship: Bigelow HB2304
** Program:  Fall Bottom Trawl Survey
** Chief Scientist: John Galbraith
# nquan = 7
# nvalues = 158                         
# units = specified
# name 0 = depSM: Depth [salt water, m]
# name 1 = t090C: Temperature [ITS-90, deg C]
# name 2 = c0S/m: Conductivity [S/m]
# name 3 = sal00: Salinity, Practical [PSU]
# name 4 = scan: Scan Count
# name 5 = timeM: Time, Elapsed [minutes]
# name 6 = flag: flag
# span 0 =      1.000,     81.000       
# span 1 =     5.2523,     6.8160       
# span 2 =   3.143250,   3.254686       
# span 3 =    32.0313,    32.5416       
# span 4 =         78,       5843       
# span 5 =     0.0536,     4.0569       
# span 6 = 0.0000e+00, 0.0000e+00       
# interval = meters: 1                  
# start_time = Apr 18 2024 00:41:40 [NMEA time, header]
# bad_flag = -9.990e-29
*END*
      4.000     6.5773   3.221791    32.0313         78     0.0536 0.0000e+00
      5.000     6.5048   3.229711    32.1864        176     0.1214 0.0000e+00
      6.000     6.3224   3.218207    32.2308        196     0.1353 0.0000e+00
      7.000     6.2869   3.212255    32.1979        217     0.1501 0.0000e+00
      8.000     6.2696   3.210063    32.1895        248     0.1714 0.0000e+00
      9.000     6.2610   3.209135    32.1868        283     0.1962 0.0000e+00
     10.000     6.2562   3.208725    32.1863        310     0.2145 0.0000e+00
     11.000     6.2402   3.207466    32.1870        331     0.2293 0.0000e+00
     12.000     6.2405   3.207486    32.1864        352     0.2436 0.0000e+00
     13.000     6.2389   3.207375    32.1862        375     0.2597 0.0000e+00
     14.000     6.2182   3.205791    32.1877        404     0.2795 0.0000e+00
     15.000     6.1834   3.202998    32.1892        434     0.3004 0.0000e+00
     16.000     6.1501   3.200350    32.1908        461     0.3193 0.0000e+00
     17.000     6.1223   3.198055    32.1910        488     0.3381 0.0000e+00
     18.000     6.1012   3.196307    32.1911        517     0.3580 0.0000e+00
     19.000     6.0319   3.190620    32.1930        544     0.3771 0.0000e+00
     20.000     5.9802   3.186143    32.1916        570     0.3949 0.0000e+00
     21.000     5.9663   3.184860    32.1899        593     0.4112 0.0000e+00
     22.000     5.9621   3.184433    32.1886        616     0.4273 0.0000e+00
     23.000     5.9591   3.184117    32.1875        640     0.4440 0.0000e+00
     24.000     5.9416   3.182545    32.1861        667     0.4628 0.0000e+00
     25.000     5.9190   3.180552    32.1848        699     0.4844 0.0000e+00
     26.000     5.9040   3.179238    32.1838        731     0.5067 0.0000e+00
     27.000     5.8851   3.177611    32.1831        757     0.5249 0.0000e+00
     28.000     5.8595   3.175369    32.1818        781     0.5414 0.0000e+00
     29.000     5.7933   3.169742    32.1812        805     0.5581 0.0000e+00
     30.000     5.7735   3.168133    32.1815        833     0.5778 0.0000e+00
     31.000     5.7574   3.166841    32.1818        862     0.5979 0.0000e+00
     32.000     5.7321   3.164874    32.1833        889     0.6169 0.0000e+00
     33.000     5.7169   3.163695    32.1842        914     0.6342 0.0000e+00
     34.000     5.7089   3.163084    32.1844        937     0.6502 0.0000e+00
     35.000     5.7014   3.162477    32.1843        961     0.6665 0.0000e+00
     36.000     5.6886   3.161492    32.1849        987     0.6847 0.0000e+00
     37.000     5.6657   3.159781    32.1870       1017     0.7057 0.0000e+00
     38.000     5.6450   3.158223    32.1886       1050     0.7285 0.0000e+00
     39.000     5.6077   3.155451    32.1926       1080     0.7495 0.0000e+00
     40.000     5.5861   3.153918    32.1955       1108     0.7684 0.0000e+00
     41.000     5.5763   3.153241    32.1967       1132     0.7854 0.0000e+00
     42.000     5.5497   3.151954    32.2071       1155     0.8011 0.0000e+00
     43.000     5.5482   3.152823    32.2179       1177     0.8170 0.0000e+00
     44.000     5.5478   3.153455    32.2249       1202     0.8337 0.0000e+00
     45.000     5.5392   3.153562    32.2339       1228     0.8522 0.0000e+00
     46.000     5.4658   3.150590    32.2702       1258     0.8732 0.0000e+00
     47.000     5.3416   3.145719    32.3340       1292     0.8962 0.0000e+00
     48.000     5.2638   3.143250    32.3806       1321     0.9169 0.0000e+00
     49.000     5.2523   3.146201    32.4249       1346     0.9338 0.0000e+00
     50.000     5.2645   3.150546    32.4621       1369     0.9500 0.0000e+00
     51.000     5.2969   3.156948    32.5032       1394     0.9672 0.0000e+00
     52.000     5.3283   3.161944    32.5291       1421     0.9860 0.0000e+00
     53.000     5.3293   3.162037    32.5287       1448     1.0049 0.0000e+00
     54.000     5.3321   3.162526    32.5311       1475     1.0234 0.0000e+00
     55.000     5.3407   3.163793    32.5367       1503     1.0431 0.0000e+00
     56.000     5.3438   3.164245    32.5383       1533     1.0641 0.0000e+00
     57.000     5.3456   3.164541    32.5394       1560     1.0829 0.0000e+00
     58.000     5.3476   3.164786    32.5397       1584     1.0992 0.0000e+00
     59.000     5.3495   3.164971    32.5395       1607     1.1151 0.0000e+00
     60.000     5.3495   3.165015    32.5394       1633     1.1332 0.0000e+00
     61.000     5.3499   3.165086    32.5394       1664     1.1545 0.0000e+00
     62.000     5.3491   3.165047    32.5392       1695     1.1761 0.0000e+00
     63.000     5.3487   3.165039    32.5391       1721     1.1942 0.0000e+00
     64.000     5.3485   3.165076    32.5392       1744     1.2104 0.0000e+00
     65.000     5.3484   3.165091    32.5389       1767     1.2267 0.0000e+00
     66.000     5.3494   3.165206    32.5388       1795     1.2459 0.0000e+00
     67.000     5.3511   3.165451    32.5394       1827     1.2679 0.0000e+00
     68.000     5.3500   3.165364    32.5389       1856     1.2879 0.0000e+00
     69.000     5.3500   3.165410    32.5390       1881     1.3056 0.0000e+00
     70.000     5.3510   3.165572    32.5394       1906     1.3226 0.0000e+00
     71.000     5.3513   3.165625    32.5392       1930     1.3397 0.0000e+00
     72.000     5.3514   3.165678    32.5392       1956     1.3576 0.0000e+00
     73.000     5.3510   3.165669    32.5390       1982     1.3758 0.0000e+00
     74.000     5.3524   3.165934    32.5401       2009     1.3945 0.0000e+00
     75.000     5.3536   3.166123    32.5406       2038     1.4148 0.0000e+00
     76.000     5.3540   3.166219    32.5408       2069     1.4361 0.0000e+00
     77.000     5.3545   3.166325    32.5410       2097     1.4552 0.0000e+00
     78.000     5.3556   3.166514    32.5416       2121     1.4721 0.0000e+00
     79.000     5.3558   3.166560    32.5415       2145     1.4886 0.0000e+00
     80.000     5.3559   3.166610    32.5414       2170     1.5063 0.0000e+00
     81.000     5.3553   3.166552    32.5408       2356     1.6354 0.0000e+00
     80.000     5.3546   3.166377    32.5401       2814     1.9535 0.0000e+00
     79.000     5.3551   3.166412    32.5404       3010     2.0899 0.0000e+00
     78.000     5.3549   3.166328    32.5402       3063     2.1261 0.0000e+00
     77.000     5.3538   3.166132    32.5395       3107     2.1568 0.0000e+00
     76.000     5.3532   3.166022    32.5394       3143     2.1816 0.0000e+00
     75.000     5.3529   3.165962    32.5394       3200     2.2213 0.0000e+00
     74.000     5.3532   3.165942    32.5394       3277     2.2752 0.0000e+00
     73.000     5.3532   3.165884    32.5393       3335     2.3155 0.0000e+00
     72.000     5.3525   3.165750    32.5390       3370     2.3394 0.0000e+00
     71.000     5.3519   3.165646    32.5388       3401     2.3610 0.0000e+00
     70.000     5.3517   3.165589    32.5389       3728     2.5883 0.0000e+00
     69.000     5.3513   3.165469    32.5384       3845     2.6691 0.0000e+00
     68.000     5.3504   3.165315    32.5380       3870     2.6869 0.0000e+00
     67.000     5.3500   3.165215    32.5378       3893     2.7025 0.0000e+00
     66.000     5.3498   3.165141    32.5377       3914     2.7173 0.0000e+00
     65.000     5.3498   3.165115    32.5378       3935     2.7319 0.0000e+00
     64.000     5.3494   3.165026    32.5377       3957     2.7473 0.0000e+00
     63.000     5.3493   3.164970    32.5376       3983     2.7653 0.0000e+00
     62.000     5.3490   3.164882    32.5375       4014     2.7869 0.0000e+00
     61.000     5.3487   3.164809    32.5375       4047     2.8100 0.0000e+00
     60.000     5.3460   3.164579    32.5379       4079     2.8317 0.0000e+00
     59.000     5.3446   3.164393    32.5377       4106     2.8509 0.0000e+00
     58.000     5.3441   3.164296    32.5375       4130     2.8674 0.0000e+00
     57.000     5.3442   3.164251    32.5374       4152     2.8826 0.0000e+00
     56.000     5.3435   3.164119    32.5371       4173     2.8970 0.0000e+00
     55.000     5.3427   3.163991    32.5370       4193     2.9114 0.0000e+00
     54.000     5.3424   3.163918    32.5369       4216     2.9268 0.0000e+00
     53.000     5.3413   3.163745    32.5364       4241     2.9444 0.0000e+00
     52.000     5.3400   3.163514    32.5357       4273     2.9668 0.0000e+00
     51.000     5.3382   3.163213    32.5345       4311     2.9933 0.0000e+00
     50.000     5.3327   3.162365    32.5307       4341     3.0140 0.0000e+00
     49.000     5.3305   3.161996    32.5291       4362     3.0287 0.0000e+00
     48.000     5.3241   3.161057    32.5250       4381     3.0420 0.0000e+00
     47.000     5.3113   3.159295    32.5179       4402     3.0565 0.0000e+00
     46.000     5.3020   3.157660    32.5088       4427     3.0738 0.0000e+00
     45.000     5.2945   3.155538    32.4925       4456     3.0938 0.0000e+00
     44.000     5.3114   3.148773    32.3995       4484     3.1129 0.0000e+00
     43.000     5.3837   3.147986    32.3212       4510     3.1315 0.0000e+00
     42.000     5.4252   3.149659    32.3007       4539     3.1510 0.0000e+00
     41.000     5.4753   3.151002    32.2682       4566     3.1701 0.0000e+00
     40.000     5.5082   3.151714    32.2452       4590     3.1866 0.0000e+00
     39.000     5.5285   3.151551    32.2244       4612     3.2020 0.0000e+00
     38.000     5.5297   3.151478    32.2229       4637     3.2192 0.0000e+00
     37.000     5.5600   3.152116    32.2015       4666     3.2393 0.0000e+00
     36.000     5.5754   3.152848    32.1956       4695     3.2597 0.0000e+00
     35.000     5.5987   3.154269    32.1898       4722     3.2783 0.0000e+00
     34.000     5.6236   3.155988    32.1859       4746     3.2952 0.0000e+00
     33.000     5.6434   3.157558    32.1852       4769     3.3112 0.0000e+00
     32.000     5.6680   3.159066    32.1792       4793     3.3277 0.0000e+00
     31.000     5.6768   3.159857    32.1801       4818     3.3452 0.0000e+00
     30.000     5.6848   3.160462    32.1798       4846     3.3643 0.0000e+00
     29.000     5.7011   3.161495    32.1764       4874     3.3843 0.0000e+00
     28.000     5.7211   3.163249    32.1776       4902     3.4037 0.0000e+00
     27.000     5.7333   3.164122    32.1763       4928     3.4218 0.0000e+00
     26.000     5.7629   3.166445    32.1746       4953     3.4391 0.0000e+00
     25.000     5.8219   3.171243    32.1728       4978     3.4559 0.0000e+00
     24.000     5.8511   3.173680    32.1729       5002     3.4732 0.0000e+00
     23.000     5.8604   3.174690    32.1758       5028     3.4909 0.0000e+00
     22.000     5.8769   3.176119    32.1766       5054     3.5090 0.0000e+00
     21.000     5.8882   3.177064    32.1769       5080     3.5270 0.0000e+00
     20.000     5.8999   3.178087    32.1777       5106     3.5448 0.0000e+00
     19.000     5.9087   3.178842    32.1784       5132     3.5629 0.0000e+00
     18.000     5.9215   3.179922    32.1788       5158     3.5816 0.0000e+00
     17.000     5.9506   3.182404    32.1794       5186     3.6008 0.0000e+00
     16.000     5.9912   3.185809    32.1793       5213     3.6194 0.0000e+00
     15.000     6.0085   3.187384    32.1810       5238     3.6365 0.0000e+00
     14.000     6.0807   3.193174    32.1776       5261     3.6527 0.0000e+00
     13.000     6.1027   3.195128    32.1789       5284     3.6685 0.0000e+00
     12.000     6.0830   3.193973    32.1853       5306     3.6840 0.0000e+00
     11.000     6.1260   3.197328    32.1824       5330     3.7007 0.0000e+00
     10.000     6.1340   3.198112    32.1840       5358     3.7202 0.0000e+00
      9.000     6.1687   3.201038    32.1842       5390     3.7423 0.0000e+00
      8.000     6.2046   3.203525    32.1783       5420     3.7632 0.0000e+00
      7.000     6.2273   3.205497    32.1792       5445     3.7808 0.0000e+00
      6.000     6.2439   3.206899    32.1796       5466     3.7955 0.0000e+00
      5.000     6.2583   3.207976    32.1784       5486     3.8091 0.0000e+00
      4.000     6.2648   3.208313    32.1764       5507     3.8235 0.0000e+00
      3.000     6.5227   3.229854    32.1719       5676     3.9411 0.0000e+00
      2.000     6.7598   3.248723    32.1570       5819     4.0404 0.0000e+00
      1.000     6.8160   3.254686    32.1701       5843     4.0569 0.0000e+00
