HB2402/ctd184.cnv
* Sea-Bird SBE 9 Data File:
* FileName = C:\cruise\data\ctd184.hex
* Software Version Seasave V 7.26.7.121
* Temperature SN = 5253
* Conductivity SN = 4421
* Number of Bytes Per Scan = 37
* Number of Voltage Words = 4
* Number of Scans Averaged by the Deck Unit = 1
* NMEA Latitude = 42 33.71 N
* NMEA Longitude = 066 42.11 W
* NMEA UTC (Time) = Apr 29 2024 20:24:13
* NMEA baud rate = 4800
** Ship: Bigelow HB2402
** Program:  Spring Bottom Trawl Survey
** Chief Scientist: John Galbraith
# nquan = 7
# nvalues = 456                         
# units = specified
# name 0 = depSM: Depth [salt water, m]
# name 1 = t090C: Temperature [ITS-90, deg C]
# name 2 = c0S/m: Conductivity [S/m]
# name 3 = sal00: Salinity, Practical [PSU]
# name 4 = scan: Scan Count
# name 5 = timeM: Time, Elapsed [minutes]
# name 6 = flag: flag
# span 0 =      2.000,    230.000       
# span 1 =     5.1132,     9.6285       
# span 2 =   3.121392,   3.761975       
# span 3 =    31.7969,    34.8287       
# span 4 =       -177,      13623       
# span 5 =    -0.1239,     9.4595       
# span 6 = 0.0000e+00, 0.0000e+00       
# interval = meters: 1                  
# start_time = Apr 29 2024 20:24:13 [NMEA time, header]
# bad_flag = -9.990e-29
*END*
      3.000     6.9558   3.232514    31.7969       -177    -0.1239 0.0000e+00
      4.000     6.9542   3.234203    31.8163        294     0.2035 0.0000e+00
      5.000     6.8844   3.231199    31.8477        352     0.2440 0.0000e+00
      6.000     6.7138   3.222209    31.9074        377     0.2608 0.0000e+00
      7.000     6.7342   3.224223    31.9100        403     0.2794 0.0000e+00
      8.000     6.5409   3.210645    31.9406        431     0.2985 0.0000e+00
      9.000     6.4805   3.205726    31.9424        456     0.3162 0.0000e+00
     10.000     6.3219   3.192692    31.9465        484     0.3351 0.0000e+00
     11.000     6.2375   3.185679    31.9475        514     0.3563 0.0000e+00
     12.000     6.1590   3.179823    31.9558        542     0.3759 0.0000e+00
     13.000     6.1368   3.178917    31.9661        567     0.3931 0.0000e+00
     14.000     6.1207   3.177802    31.9683        593     0.4112 0.0000e+00
     15.000     6.0840   3.174996    31.9712        620     0.4298 0.0000e+00
     16.000     5.9359   3.162395    31.9698        645     0.4474 0.0000e+00
     17.000     5.5514   3.130944    31.9802        668     0.4634 0.0000e+00
     18.000     5.4339   3.123255    32.0047        691     0.4793 0.0000e+00
     19.000     5.4181   3.122760    32.0136        717     0.4969 0.0000e+00
     20.000     5.4039   3.123876    32.0394        746     0.5177 0.0000e+00
     21.000     5.3933   3.125014    32.0620        775     0.5375 0.0000e+00
     22.000     5.3860   3.125627    32.0754        802     0.5564 0.0000e+00
     23.000     5.3830   3.125811    32.0798        832     0.5767 0.0000e+00
     24.000     5.3737   3.127583    32.1083        862     0.5980 0.0000e+00
     25.000     5.3778   3.131472    32.1481        890     0.6174 0.0000e+00
     26.000     5.3797   3.133593    32.1699        915     0.6349 0.0000e+00
     27.000     5.3994   3.136356    32.1819        938     0.6509 0.0000e+00
     28.000     5.4100   3.138714    32.1980        960     0.6660 0.0000e+00
     29.000     5.4110   3.139328    32.2035        982     0.6814 0.0000e+00
     30.000     5.3906   3.138603    32.2144       1010     0.7005 0.0000e+00
     31.000     5.3465   3.135761    32.2240       1045     0.7248 0.0000e+00
     32.000     5.3243   3.134230    32.2274       1079     0.7484 0.0000e+00
     33.000     5.2893   3.132313    32.2388       1104     0.7661 0.0000e+00
     34.000     5.2680   3.131717    32.2520       1129     0.7837 0.0000e+00
     35.000     5.2530   3.131497    32.2635       1155     0.8014 0.0000e+00
     36.000     5.2107   3.128412    32.2687       1181     0.8195 0.0000e+00
     37.000     5.2095   3.129363    32.2801       1208     0.8379 0.0000e+00
     38.000     5.1717   3.127161    32.2910       1234     0.8559 0.0000e+00
     39.000     5.1540   3.127043    32.3063       1259     0.8734 0.0000e+00
     40.000     5.1329   3.127526    32.3318       1285     0.8914 0.0000e+00
     41.000     5.1269   3.130226    32.3680       1316     0.9134 0.0000e+00
     42.000     5.1406   3.133145    32.3875       1351     0.9377 0.0000e+00
     43.000     5.1534   3.135640    32.4032       1379     0.9569 0.0000e+00
     44.000     5.1751   3.139702    32.4281       1401     0.9725 0.0000e+00
     45.000     5.1935   3.143338    32.4513       1424     0.9879 0.0000e+00
     46.000     5.2036   3.145448    32.4651       1447     1.0043 0.0000e+00
     47.000     5.2166   3.147715    32.4778       1475     1.0235 0.0000e+00
     48.000     5.2577   3.155415    32.5253       1508     1.0462 0.0000e+00
     49.000     5.2986   3.162893    32.5703       1543     1.0709 0.0000e+00
     50.000     5.3492   3.172109    32.6256       1573     1.0915 0.0000e+00
     51.000     5.4018   3.180887    32.6738       1596     1.1074 0.0000e+00
     52.000     5.4360   3.186515    32.7039       1616     1.1218 0.0000e+00
     53.000     5.4751   3.192758    32.7362       1638     1.1371 0.0000e+00
     54.000     5.5071   3.197661    32.7601       1666     1.1563 0.0000e+00
     55.000     5.5584   3.205147    32.7945       1700     1.1800 0.0000e+00
     56.000     5.5924   3.210135    32.8174       1735     1.2041 0.0000e+00
     57.000     5.6368   3.216938    32.8506       1766     1.2255 0.0000e+00
     58.000     5.6753   3.222408    32.8744       1791     1.2430 0.0000e+00
     59.000     5.7215   3.229180    32.9053       1814     1.2587 0.0000e+00
     60.000     5.7952   3.239634    32.9508       1837     1.2747 0.0000e+00
     61.000     5.8474   3.247163    32.9842       1863     1.2929 0.0000e+00
     62.000     5.9198   3.256770    33.0211       1893     1.3140 0.0000e+00
     63.000     5.9452   3.260406    33.0366       1924     1.3356 0.0000e+00
     64.000     5.9653   3.263246    33.0484       1952     1.3552 0.0000e+00
     65.000     6.0246   3.271920    33.0873       1977     1.3723 0.0000e+00
     66.000     6.0776   3.278887    33.1131       2001     1.3891 0.0000e+00
     67.000     6.1008   3.282331    33.1285       2027     1.4073 0.0000e+00
     68.000     6.1432   3.288027    33.1503       2058     1.4285 0.0000e+00
     69.000     6.2110   3.297821    33.1930       2090     1.4504 0.0000e+00
     70.000     6.3111   3.313097    33.2651       2117     1.4697 0.0000e+00
     71.000     6.4174   3.327162    33.3171       2141     1.4861 0.0000e+00
     72.000     6.4997   3.338389    33.3609       2163     1.5017 0.0000e+00
     73.000     6.6251   3.355217    33.4241       2187     1.5180 0.0000e+00
     74.000     6.6985   3.364769    33.4575       2215     1.5375 0.0000e+00
     75.000     6.7304   3.369620    33.4793       2248     1.5605 0.0000e+00
     76.000     6.7296   3.369895    33.4826       2280     1.5828 0.0000e+00
     77.000     6.7386   3.371312    33.4891       2309     1.6024 0.0000e+00
     78.000     6.7610   3.374744    33.5044       2334     1.6200 0.0000e+00
     79.000     6.8242   3.383798    33.5419       2357     1.6360 0.0000e+00
     80.000     7.1019   3.419392    33.6607       2379     1.6512 0.0000e+00
     81.000     7.1973   3.430615    33.6897       2402     1.6673 0.0000e+00
     82.000     7.2284   3.434771    33.7041       2431     1.6875 0.0000e+00
     83.000     7.2260   3.434944    33.7079       2467     1.7126 0.0000e+00
     84.000     7.2356   3.436463    33.7146       2498     1.7341 0.0000e+00
     85.000     7.2638   3.440070    33.7258       2523     1.7515 0.0000e+00
     86.000     7.3134   3.446700    33.7492       2546     1.7675 0.0000e+00
     87.000     7.3848   3.456049    33.7807       2570     1.7844 0.0000e+00
     88.000     7.4610   3.465738    33.8111       2597     1.8029 0.0000e+00
     89.000     7.5127   3.471927    33.8273       2626     1.8230 0.0000e+00
     90.000     7.5416   3.475345    33.8356       2658     1.8449 0.0000e+00
     91.000     7.5642   3.478709    33.8495       2688     1.8658 0.0000e+00
     92.000     7.5779   3.481317    33.8638       2712     1.8824 0.0000e+00
     93.000     7.6164   3.486849    33.8856       2733     1.8969 0.0000e+00
     94.000     7.6391   3.489731    33.8941       2755     1.9127 0.0000e+00
     95.000     7.6405   3.490018    33.8954       2784     1.9328 0.0000e+00
     96.000     7.6514   3.491595    33.9013       2819     1.9567 0.0000e+00
     97.000     7.6610   3.492930    33.9059       2848     1.9767 0.0000e+00
     98.000     7.6741   3.494898    33.9138       2872     1.9938 0.0000e+00
     99.000     7.7289   3.502138    33.9381       2898     2.0119 0.0000e+00
    100.000     7.8868   3.520670    33.9830       2925     2.0307 0.0000e+00
    101.000     8.0639   3.541395    34.0324       2952     2.0490 0.0000e+00
    102.000     8.3519   3.576089    34.1218       2978     2.0673 0.0000e+00
    103.000     8.4971   3.592576    34.1555       3004     2.0856 0.0000e+00
    104.000     8.5602   3.599709    34.1693       3029     2.1031 0.0000e+00
    105.000     8.5488   3.599120    34.1736       3055     2.1208 0.0000e+00
    106.000     8.5303   3.598811    34.1878       3083     2.1400 0.0000e+00
    107.000     8.7033   3.618691    34.2296       3115     2.1625 0.0000e+00
    108.000     8.9599   3.650198    34.3119       3151     2.1873 0.0000e+00
    109.000     9.0127   3.658404    34.3463       3181     2.2082 0.0000e+00
    110.000     9.0390   3.663055    34.3690       3204     2.2243 0.0000e+00
    111.000     9.0845   3.668751    34.3841       3223     2.2375 0.0000e+00
    112.000     9.0488   3.664779    34.3767       3241     2.2502 0.0000e+00
    113.000     8.9712   3.657097    34.3708       3261     2.2641 0.0000e+00
    114.000     8.9060   3.650727    34.3668       3287     2.2820 0.0000e+00
    115.000     8.8565   3.645609    34.3605       3333     2.3137 0.0000e+00
    116.000     8.7085   3.629173    34.3307       3378     2.3454 0.0000e+00
    117.000     8.5766   3.615128    34.3101       3403     2.3624 0.0000e+00
    118.000     8.4852   3.605717    34.2989       3423     2.3766 0.0000e+00
    119.000     8.4798   3.605255    34.2988       3442     2.3897 0.0000e+00
    120.000     8.4618   3.604654    34.3095       3462     2.4031 0.0000e+00
    121.000     8.4582   3.605131    34.3175       3484     2.4185 0.0000e+00
    122.000     8.4647   3.606830    34.3287       3511     2.4375 0.0000e+00
    123.000     8.4646   3.607032    34.3305       3543     2.4598 0.0000e+00
    124.000     8.4562   3.606715    34.3348       3578     2.4841 0.0000e+00
    125.000     8.4371   3.605727    34.3425       3614     2.5089 0.0000e+00
    126.000     8.4227   3.604288    34.3408       3646     2.5309 0.0000e+00
    127.000     8.3791   3.599790    34.3351       3672     2.5491 0.0000e+00
    128.000     8.3661   3.598910    34.3380       3692     2.5629 0.0000e+00
    129.000     8.3940   3.602362    34.3469       3710     2.5758 0.0000e+00
    130.000     8.4078   3.604243    34.3530       3729     2.5892 0.0000e+00
    131.000     8.4236   3.606449    34.3604       3754     2.6063 0.0000e+00
    132.000     8.4585   3.610709    34.3711       3789     2.6306 0.0000e+00
    133.000     8.5886   3.627187    34.4180       3824     2.6549 0.0000e+00
    134.000     9.0466   3.682147    34.5498       3858     2.6784 0.0000e+00
    135.000     9.2700   3.707855    34.6007       3892     2.7021 0.0000e+00
    136.000     9.3555   3.718254    34.6255       3918     2.7201 0.0000e+00
    137.000     9.4385   3.728057    34.6463       3939     2.7345 0.0000e+00
    138.000     9.4438   3.729136    34.6519       3958     2.7482 0.0000e+00
    139.000     9.4890   3.734732    34.6656       3981     2.7636 0.0000e+00
    140.000     9.4961   3.735711    34.6684       4006     2.7814 0.0000e+00
    141.000     9.4861   3.734712    34.6672       4033     2.8003 0.0000e+00
    142.000     9.4570   3.731859    34.6654       4064     2.8214 0.0000e+00
    143.000     9.4573   3.732111    34.6672       4100     2.8464 0.0000e+00
    144.000     9.4693   3.733369    34.6682       4138     2.8729 0.0000e+00
    145.000     9.4614   3.732606    34.6675       4164     2.8912 0.0000e+00
    146.000     9.4062   3.726900    34.6614       4185     2.9057 0.0000e+00
    147.000     9.3645   3.723875    34.6699       4206     2.9203 0.0000e+00
    148.000     9.4576   3.739485    34.7409       4230     2.9366 0.0000e+00
    149.000     9.5660   3.753576    34.7812       4256     2.9551 0.0000e+00
    150.000     9.6285   3.761975    34.8068       4286     2.9757 0.0000e+00
    151.000     9.4768   3.746106    34.7894       4319     2.9985 0.0000e+00
    152.000     9.2443   3.723814    34.7837       4348     3.0184 0.0000e+00
    153.000     9.2200   3.721201    34.7797       4373     3.0360 0.0000e+00
    154.000     9.1760   3.716439    34.7725       4399     3.0541 0.0000e+00
    155.000     9.0154   3.700397    34.7611       4428     3.0740 0.0000e+00
    156.000     8.6968   3.664669    34.6968       4458     3.0949 0.0000e+00
    157.000     8.2106   3.616438    34.6632       4489     3.1164 0.0000e+00
    158.000     8.4478   3.643184    34.7135       4517     3.1362 0.0000e+00
    159.000     8.5112   3.649318    34.7156       4542     3.1534 0.0000e+00
    160.000     8.5492   3.653913    34.7264       4566     3.1699 0.0000e+00
    161.000     8.6184   3.661397    34.7371       4592     3.1880 0.0000e+00
    162.000     8.6439   3.664321    34.7424       4621     3.2083 0.0000e+00
    163.000     8.7675   3.678467    34.7698       4649     3.2279 0.0000e+00
    164.000     8.9530   3.699257    34.8060       4679     3.2486 0.0000e+00
    165.000     9.0658   3.711987    34.8283       4713     3.2723 0.0000e+00
    166.000     9.0598   3.711502    34.8287       4744     3.2940 0.0000e+00
    167.000     9.0047   3.705470    34.8190       4773     3.3138 0.0000e+00
    168.000     8.9453   3.698847    34.8072       4802     3.3338 0.0000e+00
    169.000     8.6214   3.662743    34.7444       4828     3.3519 0.0000e+00
    170.000     8.4263   3.642628    34.7229       4851     3.3684 0.0000e+00
    171.000     8.3610   3.635540    34.7115       4875     3.3851 0.0000e+00
    172.000     8.3449   3.635967    34.7314       4901     3.4029 0.0000e+00
    173.000     8.4005   3.644860    34.7706       4930     3.4231 0.0000e+00
    174.000     8.4256   3.648300    34.7819       4965     3.4474 0.0000e+00
    175.000     8.4309   3.649261    34.7864       5003     3.4738 0.0000e+00
    176.000     8.4284   3.649953    34.7958       5032     3.4934 0.0000e+00
    177.000     8.4373   3.651891    34.8071       5054     3.5093 0.0000e+00
    178.000     8.4357   3.651766    34.8068       5079     3.5264 0.0000e+00
    179.000     8.4343   3.652084    34.8110       5106     3.5452 0.0000e+00
    180.000     8.4384   3.653353    34.8201       5132     3.5635 0.0000e+00
    181.000     8.4317   3.652730    34.8196       5160     3.5825 0.0000e+00
    182.000     8.4186   3.651565    34.8196       5193     3.6057 0.0000e+00
    183.000     8.4061   3.650381    34.8189       5228     3.6301 0.0000e+00
    184.000     8.3998   3.649758    34.8180       5257     3.6500 0.0000e+00
    185.000     8.3997   3.649753    34.8176       5282     3.6675 0.0000e+00
    186.000     8.3845   3.648305    34.8168       5306     3.6842 0.0000e+00
    187.000     8.3671   3.646434    34.8135       5332     3.7018 0.0000e+00
    188.000     8.3379   3.643688    34.8127       5359     3.7208 0.0000e+00
    189.000     8.3300   3.642938    34.8121       5389     3.7416 0.0000e+00
    190.000     8.3565   3.645696    34.8148       5422     3.7645 0.0000e+00
    191.000     8.3721   3.647237    34.8152       5456     3.7885 0.0000e+00
    192.000     8.3674   3.646812    34.8149       5486     3.8089 0.0000e+00
    193.000     8.3696   3.647036    34.8147       5511     3.8262 0.0000e+00
    194.000     8.3484   3.644926    34.8126       5535     3.8432 0.0000e+00
    195.000     8.3233   3.642360    34.8097       5562     3.8617 0.0000e+00
    196.000     8.2971   3.639773    34.8076       5591     3.8818 0.0000e+00
    197.000     8.3072   3.640897    34.8090       5621     3.9029 0.0000e+00
    198.000     8.3178   3.641985    34.8097       5650     3.9230 0.0000e+00
    199.000     8.3246   3.642726    34.8103       5678     3.9421 0.0000e+00
    200.000     8.3164   3.641869    34.8089       5706     3.9617 0.0000e+00
    201.000     8.3003   3.640314    34.8077       5735     3.9818 0.0000e+00
    202.000     8.2927   3.639582    34.8069       5765     4.0030 0.0000e+00
    203.000     8.2911   3.639464    34.8068       5797     4.0249 0.0000e+00
    204.000     8.2924   3.639639    34.8069       5828     4.0463 0.0000e+00
    205.000     8.2920   3.639636    34.8068       5855     4.0651 0.0000e+00
    206.000     8.2873   3.639122    34.8055       5880     4.0825 0.0000e+00
    207.000     8.2811   3.638534    34.8048       5906     4.1009 0.0000e+00
