HB2402/ctd154.cnv
* Sea-Bird SBE 9 Data File:
* FileName = C:\cruise\data\ctd154.hex
* Software Version Seasave V 7.26.7.121
* Temperature SN = 5253
* Conductivity SN = 4421
* Number of Bytes Per Scan = 37
* Number of Voltage Words = 4
* Number of Scans Averaged by the Deck Unit = 1
* NMEA Latitude = 42 11.84 N
* NMEA Longitude = 069 31.39 W
* NMEA UTC (Time) = Apr 15 2024 11:33:34
* NMEA baud rate = 4800
** Ship: Bigelow HB2304
** Program:  Fall Bottom Trawl Survey
** Chief Scientist: John Galbraith
# nquan = 7
# nvalues = 439                         
# units = specified
# name 0 = depSM: Depth [salt water, m]
# name 1 = t090C: Temperature [ITS-90, deg C]
# name 2 = c0S/m: Conductivity [S/m]
# name 3 = sal00: Salinity, Practical [PSU]
# name 4 = scan: Scan Count
# name 5 = timeM: Time, Elapsed [minutes]
# name 6 = flag: flag
# span 0 =      1.000,    221.000       
# span 1 =     4.5915,     8.1951       
# span 2 =   3.029988,   3.559053       
# span 3 =    31.6303,    34.0466       
# span 4 =        -33,      12974       
# span 5 =    -0.0237,     9.0091       
# span 6 = 0.0000e+00, 0.0000e+00       
# interval = meters: 1                  
# start_time = Apr 15 2024 11:33:34 [NMEA time, header]
# bad_flag = -9.990e-29
*END*
[from data line 206]
    209.000     8.1755   3.554784    34.0154       5720     3.9713 0.0000e+00
    210.000     8.1767   3.555182    34.0180       5740     3.9855 0.0000e+00
    211.000     8.1764   3.555360    34.0197       5767     4.0038 0.0000e+00
    212.000     8.1770   3.555901    34.0245       5802     4.0287 0.0000e+00
    213.000     8.1775   3.556215    34.0268       5833     4.0503 0.0000e+00
    214.000     8.1782   3.556571    34.0294       5858     4.0670 0.0000e+00
    215.000     8.1806   3.557331    34.0347       5882     4.0837 0.0000e+00
    216.000     8.1826   3.558109    34.0407       5907     4.1015 0.0000e+00
    217.000     8.1838   3.558551    34.0436       5933     4.1194 0.0000e+00
    218.000     8.1843   3.558703    34.0444       5959     4.1374 0.0000e+00
    219.000     8.1848   3.558866    34.0451       5988     4.1574 0.0000e+00
    220.000     8.1850   3.558940    34.0453       6047     4.1988 0.0000e+00
    221.000     8.1850   3.559005    34.0454       6487     4.5044 0.0000e+00
    220.000     8.1849   3.559053    34.0466       6591     4.5764 0.0000e+00
    219.000     8.1846   3.558824    34.0448       6849     4.7556 0.0000e+00
    218.000     8.1842   3.558721    34.0446       6907     4.7961 0.0000e+00
    217.000     8.1838   3.558589    34.0440       6939     4.8183 0.0000e+00
    216.000     8.1833   3.558359    34.0426       6969     4.8389 0.0000e+00
    215.000     8.1821   3.557883    34.0391       6992     4.8551 0.0000e+00
    214.000     8.1804   3.557215    34.0342       7012     4.8690 0.0000e+00
    213.000     8.1785   3.556543    34.0293       7032     4.8827 0.0000e+00
    212.000     8.1781   3.556393    34.0286       7053     4.8974 0.0000e+00
    211.000     8.1780   3.556254    34.0277       7079     4.9155 0.0000e+00
    210.000     8.1773   3.555769    34.0237       7111     4.9373 0.0000e+00
    209.000     8.1771   3.555625    34.0229       7144     4.9603 0.0000e+00
    208.000     8.1751   3.554517    34.0135       7173     4.9805 0.0000e+00
    207.000     8.1745   3.554041    34.0094       7198     4.9982 0.0000e+00
    206.000     8.1746   3.553737    34.0066       7221     5.0141 0.0000e+00
    205.000     8.1747   3.553232    34.0015       7243     5.0294 0.0000e+00
    204.000     8.1751   3.552759    33.9966       7267     5.0455 0.0000e+00
    203.000     8.1770   3.551872    33.9858       7291     5.0626 0.0000e+00
    202.000     8.1786   3.551375    33.9795       7316     5.0795 0.0000e+00
    201.000     8.1795   3.551028    33.9754       7339     5.0960 0.0000e+00
    200.000     8.1809   3.550751    33.9715       7366     5.1146 0.0000e+00
    199.000     8.1822   3.550576    33.9689       7402     5.1393 0.0000e+00
    198.000     8.1829   3.550445    33.9673       7437     5.1641 0.0000e+00
    197.000     8.1907   3.549965    33.9551       7460     5.1798 0.0000e+00
    196.000     8.1935   3.549778    33.9510       7478     5.1927 0.0000e+00
    195.000     8.1942   3.549565    33.9484       7497     5.2057 0.0000e+00
    194.000     8.1943   3.549236    33.9453       7519     5.2207 0.0000e+00
    193.000     8.1931   3.548800    33.9424       7549     5.2418 0.0000e+00
    192.000     8.1916   3.548368    33.9396       7584     5.2660 0.0000e+00
    191.000     8.1894   3.547790    33.9361       7609     5.2837 0.0000e+00
    190.000     8.1873   3.547141    33.9317       7631     5.2990 0.0000e+00
    189.000     8.1854   3.546465    33.9268       7653     5.3142 0.0000e+00
    188.000     8.1839   3.545999    33.9238       7678     5.3309 0.0000e+00
    187.000     8.1798   3.544936    33.9169       7705     5.3502 0.0000e+00
    186.000     8.1739   3.543298    33.9056       7736     5.3713 0.0000e+00
    185.000     8.1506   3.537881    33.8709       7765     5.3914 0.0000e+00
    184.000     8.1386   3.534868    33.8509       7791     5.4095 0.0000e+00
    183.000     8.1282   3.532228    33.8333       7816     5.4273 0.0000e+00
    182.000     8.1238   3.531088    33.8258       7843     5.4457 0.0000e+00
    181.000     8.1210   3.530288    33.8205       7869     5.4640 0.0000e+00
    180.000     8.1171   3.529337    33.8146       7892     5.4795 0.0000e+00
    179.000     8.1129   3.528416    33.8093       7912     5.4934 0.0000e+00
    178.000     8.1085   3.527445    33.8037       7932     5.5073 0.0000e+00
    177.000     8.1057   3.526868    33.8007       7955     5.5236 0.0000e+00
    176.000     8.1016   3.525663    33.7923       7989     5.5470 0.0000e+00
    175.000     8.0955   3.524262    33.7836       8027     5.5737 0.0000e+00
    174.000     8.0840   3.521629    33.7671       8055     5.5930 0.0000e+00
    173.000     8.0758   3.519771    33.7557       8077     5.6081 0.0000e+00
    172.000     8.0605   3.516546    33.7364       8096     5.6219 0.0000e+00
    171.000     8.0460   3.513005    33.7132       8117     5.6359 0.0000e+00
    170.000     8.0380   3.510629    33.6960       8140     5.6521 0.0000e+00
    169.000     8.0276   3.508641    33.6852       8169     5.6725 0.0000e+00
    168.000     7.9990   3.503591    33.6593       8201     5.6943 0.0000e+00
    167.000     7.9337   3.491769    33.5961       8230     5.7145 0.0000e+00
    166.000     7.9059   3.487120    33.5735       8256     5.7329 0.0000e+00
    165.000     7.8895   3.484043    33.5568       8282     5.7504 0.0000e+00
    164.000     7.8750   3.481740    33.5466       8305     5.7664 0.0000e+00
    163.000     7.8573   3.478518    33.5295       8327     5.7823 0.0000e+00
    162.000     7.8400   3.475158    33.5105       8352     5.7991 0.0000e+00
    161.000     7.8406   3.474794    33.5066       8378     5.8177 0.0000e+00
    160.000     7.8241   3.472102    33.4940       8406     5.8371 0.0000e+00
    159.000     7.7893   3.465636    33.4585       8433     5.8556 0.0000e+00
    158.000     7.7591   3.460107    33.4286       8461     5.8747 0.0000e+00
    157.000     7.7452   3.457234    33.4116       8488     5.8938 0.0000e+00
    156.000     7.7314   3.454583    33.3968       8512     5.9107 0.0000e+00
    155.000     7.6911   3.448942    33.3752       8534     5.9255 0.0000e+00
    154.000     7.6234   3.439822    33.3424       8556     5.9409 0.0000e+00
    153.000     7.5740   3.432054    33.3065       8583     5.9599 0.0000e+00
    152.000     7.5517   3.429330    33.2989       8618     5.9838 0.0000e+00
    151.000     7.4768   3.418217    33.2511       8649     6.0058 0.0000e+00
    150.000     7.3494   3.399673    33.1730       8674     6.0226 0.0000e+00
    149.000     7.3102   3.393592    33.1450       8695     6.0375 0.0000e+00
    148.000     7.3004   3.391798    33.1354       8715     6.0515 0.0000e+00
    147.000     7.2721   3.387622    33.1177       8736     6.0660 0.0000e+00
    146.000     7.2634   3.385755    33.1062       8760     6.0823 0.0000e+00
    145.000     7.2553   3.384085    33.0964       8788     6.1022 0.0000e+00
    144.000     7.2273   3.379375    33.0724       8824     6.1274 0.0000e+00
    143.000     7.2233   3.376086    33.0410       8857     6.1498 0.0000e+00
    142.000     7.2239   3.372801    33.0052       8882     6.1675 0.0000e+00
    141.000     7.2267   3.372662    33.0015       8904     6.1828 0.0000e+00
    140.000     7.2295   3.372458    32.9971       8927     6.1985 0.0000e+00
    139.000     7.2260   3.371982    32.9958       8952     6.2158 0.0000e+00
    138.000     7.1795   3.364829    32.9629       8979     6.2345 0.0000e+00
    137.000     7.0927   3.351343    32.8993       9003     6.2510 0.0000e+00
    136.000     7.0596   3.347305    32.8874       9023     6.2653 0.0000e+00
    135.000     7.0256   3.342648    32.8695       9045     6.2804 0.0000e+00
    134.000     7.0003   3.339876    32.8639       9072     6.2993 0.0000e+00
    133.000     6.9523   3.332191    32.8260       9115     6.3289 0.0000e+00
    132.000     6.9405   3.330456    32.8189       9150     6.3535 0.0000e+00
    131.000     6.9028   3.325125    32.7970       9173     6.3695 0.0000e+00
    130.000     6.8871   3.322749    32.7864       9193     6.3835 0.0000e+00
    129.000     6.8744   3.321062    32.7806       9212     6.3964 0.0000e+00
    128.000     6.8673   3.319917    32.7752       9232     6.4102 0.0000e+00
    127.000     6.8694   3.319981    32.7744       9253     6.4253 0.0000e+00
    126.000     6.8627   3.319139    32.7721       9282     6.4451 0.0000e+00
    125.000     6.8566   3.318312    32.7693       9318     6.4699 0.0000e+00
    124.000     6.8434   3.316167    32.7589       9349     6.4914 0.0000e+00
    123.000     6.7923   3.308525    32.7243       9374     6.5090 0.0000e+00
    122.000     6.7561   3.303382    32.7028       9397     6.5249 0.0000e+00
    121.000     6.7014   3.295985    32.6741       9420     6.5410 0.0000e+00
    120.000     6.6090   3.284267    32.6338       9444     6.5577 0.0000e+00
    119.000     6.5125   3.271712    32.5877       9470     6.5754 0.0000e+00
    118.000     6.5019   3.267597    32.5529       9498     6.5948 0.0000e+00
    117.000     6.5540   3.270148    32.5319       9526     6.6149 0.0000e+00
    116.000     6.5806   3.271176    32.5184       9555     6.6344 0.0000e+00
    115.000     6.5506   3.267345    32.5051       9582     6.6536 0.0000e+00
    114.000     6.4871   3.258912    32.4730       9608     6.6714 0.0000e+00
    113.000     6.4368   3.252138    32.4463       9631     6.6872 0.0000e+00
    112.000     6.4012   3.247587    32.4303       9651     6.7012 0.0000e+00
    111.000     6.3867   3.245492    32.4214       9671     6.7151 0.0000e+00
    110.000     6.3771   3.244298    32.4178       9694     6.7313 0.0000e+00
    109.000     6.3811   3.244518    32.4169       9726     6.7538 0.0000e+00
    108.000     6.3729   3.243480    32.4137       9765     6.7805 0.0000e+00
    107.000     6.3627   3.241800    32.4053       9796     6.8018 0.0000e+00
    106.000     6.3412   3.239031    32.3955       9819     6.8178 0.0000e+00
    105.000     6.3141   3.235615    32.3838       9839     6.8320 0.0000e+00
    104.000     6.2948   3.233077    32.3745       9860     6.8463 0.0000e+00
    103.000     6.2816   3.231223    32.3670       9884     6.8630 0.0000e+00
    102.000     6.2664   3.228894    32.3561       9911     6.8820 0.0000e+00
    101.000     6.0945   3.208017    32.2876       9937     6.9003 0.0000e+00
    100.000     5.9852   3.194353    32.2396       9962     6.9176 0.0000e+00
     99.000     5.9373   3.189144    32.2274       9989     6.9363 0.0000e+00
     98.000     5.8614   3.179947    32.1971      10020     6.9578 0.0000e+00
     97.000     5.8193   3.174562    32.1773      10049     6.9780 0.0000e+00
     96.000     5.7788   3.169836    32.1633      10075     6.9957 0.0000e+00
     95.000     5.7472   3.166200    32.1531      10098     7.0119 0.0000e+00
     94.000     5.7273   3.163604    32.1433      10122     7.0288 0.0000e+00
     93.000     5.6568   3.155863    32.1238      10148     7.0464 0.0000e+00
     92.000     5.5759   3.146571    32.0966      10172     7.0629 0.0000e+00
     91.000     5.4940   3.136557    32.0620      10194     7.0785 0.0000e+00
     90.000     5.3569   3.120122    32.0070      10218     7.0953 0.0000e+00
     89.000     5.2089   3.104300    31.9690      10252     7.1186 0.0000e+00
     88.000     5.1776   3.099577    31.9455      10289     7.1446 0.0000e+00
     87.000     4.9948   3.078366    31.8785      10313     7.1609 0.0000e+00
     86.000     4.9781   3.076408    31.8724      10330     7.1730 0.0000e+00
     85.000     4.9226   3.070059    31.8533      10348     7.1851 0.0000e+00
     84.000     4.9070   3.068040    31.8455      10368     7.1993 0.0000e+00
     83.000     4.8709   3.063472    31.8280      10400     7.2219 0.0000e+00
     82.000     4.8424   3.059948    31.8153      10442     7.2508 0.0000e+00
     81.000     4.7692   3.051207    31.7853      10471     7.2705 0.0000e+00
     80.000     4.7427   3.047786    31.7717      10493     7.2861 0.0000e+00
     79.000     4.7261   3.045385    31.7605      10513     7.3001 0.0000e+00
     78.000     4.7169   3.043842    31.7520      10533     7.3140 0.0000e+00
     77.000     4.7097   3.042769    31.7470      10554     7.3283 0.0000e+00
     76.000     4.6965   3.041212    31.7422      10579     7.3456 0.0000e+00
     75.000     4.6903   3.040613    31.7417      10611     7.3683 0.0000e+00
     74.000     4.6869   3.040120    31.7398      10649     7.3941 0.0000e+00
     73.000     4.6422   3.035401    31.7285      10676     7.4129 0.0000e+00
     72.000     4.6159   3.032651    31.7224      10697     7.4274 0.0000e+00
     71.000     4.6126   3.032062    31.7193      10717     7.4414 0.0000e+00
     70.000     4.6109   3.031666    31.7168      10739     7.4572 0.0000e+00
     69.000     4.6117   3.031588    31.7157      10770     7.4782 0.0000e+00
     68.000     4.6169   3.031877    31.7145      10802     7.5006 0.0000e+00
     67.000     4.6294   3.032803    31.7138      10826     7.5174 0.0000e+00
     66.000     4.6459   3.034135    31.7139      10847     7.5316 0.0000e+00
     65.000     4.6531   3.034655    31.7135      10867     7.5458 0.0000e+00
     64.000     4.6577   3.034958    31.7131      10892     7.5635 0.0000e+00
     63.000     4.6601   3.035067    31.7126      10928     7.5884 0.0000e+00
     62.000     4.6680   3.035651    31.7123      10961     7.6109 0.0000e+00
     61.000     4.6822   3.036844    31.7129      10985     7.6276 0.0000e+00
     60.000     4.6898   3.037474    31.7134      11007     7.6430 0.0000e+00
     59.000     4.7025   3.038479    31.7133      11029     7.6585 0.0000e+00
     58.000     4.7421   3.041729    31.7135      11052     7.6741 0.0000e+00
     57.000     4.7979   3.046264    31.7129      11075     7.6901 0.0000e+00
     56.000     4.8146   3.047680    31.7138      11102     7.7087 0.0000e+00
     55.000     4.8302   3.048920    31.7136      11136     7.7325 0.0000e+00
     54.000     4.8642   3.051772    31.7144      11170     7.7562 0.0000e+00
     53.000     4.9380   3.057477    31.7101      11194     7.7732 0.0000e+00
     52.000     4.9918   3.061731    31.7080      11214     7.7869 0.0000e+00
     51.000     5.0583   3.067223    31.7081      11234     7.8005 0.0000e+00
     50.000     5.0946   3.070230    31.7085      11256     7.8158 0.0000e+00
     49.000     5.1150   3.071901    31.7087      11285     7.8364 0.0000e+00
     48.000     5.1143   3.071889    31.7097      11321     7.8610 0.0000e+00
     47.000     5.1629   3.075770    31.7083      11348     7.8800 0.0000e+00
     46.000     5.1711   3.076429    31.7086      11370     7.8951 0.0000e+00
     45.000     5.1771   3.076927    31.7090      11392     7.9104 0.0000e+00
     44.000     5.1889   3.077847    31.7088      11417     7.9281 0.0000e+00
     43.000     5.1951   3.078376    31.7094      11447     7.9487 0.0000e+00
     42.000     5.2107   3.079602    31.7091      11477     7.9692 0.0000e+00
     41.000     5.2141   3.079836    31.7091      11501     7.9864 0.0000e+00
     40.000     5.2157   3.079944    31.7092      11525     8.0031 0.0000e+00
     39.000     5.2237   3.080524    31.7088      11549     8.0198 0.0000e+00
     38.000     5.2358   3.081385    31.7076      11575     8.0377 0.0000e+00
     37.000     5.2456   3.082185    31.7079      11604     8.0575 0.0000e+00
     36.000     5.2587   3.083135    31.7068      11633     8.0779 0.0000e+00
     35.000     5.2659   3.083640    31.7062      11660     8.0963 0.0000e+00
     34.000     5.2726   3.084094    31.7055      11684     8.1130 0.0000e+00
     33.000     5.2807   3.084677    31.7049      11707     8.1295 0.0000e+00
     32.000     5.2900   3.085280    31.7035      11734     8.1476 0.0000e+00
     31.000     5.3109   3.086577    31.6989      11763     8.1677 0.0000e+00
     30.000     5.3227   3.087351    31.6970      11790     8.1871 0.0000e+00
