HB2402/ctd176.cnv
* Sea-Bird SBE 9 Data File:
* FileName = C:\cruise\data\ctd176.hex
* Software Version Seasave V 7.26.7.121
* Temperature SN = 5253
* Conductivity SN = 4421
* Number of Bytes Per Scan = 37
* Number of Voltage Words = 4
* Number of Scans Averaged by the Deck Unit = 1
* NMEA Latitude = 41 35.28 N
* NMEA Longitude = 066 22.62 W
* NMEA UTC (Time) = Apr 28 2024 06:15:00
* NMEA baud rate = 4800
** Ship: Bigelow HB2402
** Program:  Spring Bottom Trawl Survey
** Chief Scientist: John Galbraith
# nquan = 7
# nvalues = 6392                                  
# units = specified
# name 0 = depSM: Depth [salt water, m]
# name 1 = t090C: Temperature [ITS-90, deg C]
# name 2 = c0S/m: Conductivity [S/m]
# name 3 = sal00: Salinity, Practical [PSU]
# name 4 = scan: Scan Count
# name 5 = timeM: Time, Elapsed [minutes]
# name 6 = flag:  0.000e+00
# span 0 =      0.482,     82.145                 
# span 1 =     5.3883,     5.7840                 
# span 2 =   3.060235,   3.155964                 
# span 3 =    31.3398,    32.2311                 
# span 4 =          1,       6392                 
# span 5 =     0.0000,     4.4382                 
# span 6 = 0.0000e+00, 0.0000e+00                 
# interval = seconds: 0.0416667
# start_time = Apr 28 2024 06:15:00 [NMEA time, header]
# bad_flag = -9.990e-29
*END*
[from data line 2462]
     81.265     5.5515   3.155885    32.2305       2463     1.7097  0.000e+00
     81.845     5.5517   3.155898    32.2302       2464     1.7104  0.000e+00
     81.673     5.5517   3.155898    32.2302       2465     1.7111  0.000e+00
     81.770     5.5517   3.155872    32.2299       2466     1.7118  0.000e+00
     81.845     5.5517   3.155905    32.2302       2467     1.7125  0.000e+00
     81.770     5.5517   3.155879    32.2300       2468     1.7132  0.000e+00
     81.673     5.5515   3.155865    32.2300       2469     1.7139  0.000e+00
     81.770     5.5516   3.155846    32.2296       2470     1.7146  0.000e+00
     81.673     5.5515   3.155859    32.2299       2471     1.7153  0.000e+00
     81.598     5.5517   3.155879    32.2301       2472     1.7160  0.000e+00
     81.931     5.5518   3.155892    32.2299       2473     1.7167  0.000e+00
     81.598     5.5522   3.155918    32.2300       2474     1.7174  0.000e+00
     81.759     5.5517   3.155905    32.2303       2475     1.7181  0.000e+00
     81.770     5.5520   3.155918    32.2301       2476     1.7188  0.000e+00
     81.845     5.5518   3.155905    32.2301       2477     1.7194  0.000e+00
     81.770     5.5518   3.155918    32.2303       2478     1.7201  0.000e+00
     81.845     5.5518   3.155879    32.2298       2479     1.7208  0.000e+00
     81.770     5.5513   3.155846    32.2299       2480     1.7215  0.000e+00
     81.845     5.5523   3.155879    32.2293       2481     1.7222  0.000e+00
     81.770     5.5517   3.155938    32.2306       2482     1.7229  0.000e+00
     81.845     5.5518   3.155951    32.2306       2483     1.7236  0.000e+00
     81.684     5.5519   3.155931    32.2303       2484     1.7243  0.000e+00
     81.845     5.5520   3.155944    32.2304       2485     1.7250  0.000e+00
     81.845     5.5520   3.155951    32.2304       2486     1.7257  0.000e+00
     81.845     5.5522   3.155898    32.2297       2487     1.7264  0.000e+00
     81.845     5.5522   3.155912    32.2298       2488     1.7271  0.000e+00
     81.844     5.5520   3.155905    32.2299       2489     1.7278  0.000e+00
     81.930     5.5520   3.155872    32.2295       2490     1.7285  0.000e+00
     81.930     5.5519   3.155905    32.2299       2491     1.7292  0.000e+00
     81.930     5.5523   3.155905    32.2296       2492     1.7299  0.000e+00
     81.844     5.5522   3.155898    32.2297       2493     1.7306  0.000e+00
     81.930     5.5520   3.155938    32.2302       2494     1.7313  0.000e+00
     82.016     5.5522   3.155931    32.2300       2495     1.7319  0.000e+00
     82.016     5.5522   3.155905    32.2297       2496     1.7326  0.000e+00
     81.930     5.5522   3.155938    32.2301       2497     1.7333  0.000e+00
     82.016     5.5522   3.155931    32.2300       2498     1.7340  0.000e+00
     82.016     5.5521   3.155905    32.2297       2499     1.7347  0.000e+00
     82.016     5.5522   3.155872    32.2293       2500     1.7354  0.000e+00
     81.930     5.5520   3.155885    32.2297       2501     1.7361  0.000e+00
     82.016     5.5522   3.155912    32.2298       2502     1.7368  0.000e+00
     81.930     5.5523   3.155918    32.2297       2503     1.7375  0.000e+00
     81.930     5.5523   3.155925    32.2298       2504     1.7382  0.000e+00
     81.930     5.5523   3.155905    32.2296       2505     1.7389  0.000e+00
     82.016     5.5524   3.155938    32.2298       2506     1.7396  0.000e+00
     81.930     5.5522   3.155912    32.2298       2507     1.7403  0.000e+00
     81.930     5.5524   3.155918    32.2296       2508     1.7410  0.000e+00
     81.930     5.5523   3.155905    32.2296       2509     1.7417  0.000e+00
     81.930     5.5522   3.155938    32.2301       2510     1.7424  0.000e+00
     81.930     5.5522   3.155931    32.2300       2511     1.7431  0.000e+00
     81.844     5.5523   3.155944    32.2301       2512     1.7437  0.000e+00
     82.015     5.5523   3.155951    32.2301       2513     1.7444  0.000e+00
     81.930     5.5524   3.155931    32.2298       2514     1.7451  0.000e+00
     81.930     5.5523   3.155925    32.2298       2515     1.7458  0.000e+00
     81.929     5.5523   3.155925    32.2298       2516     1.7465  0.000e+00
     82.015     5.5522   3.155892    32.2295       2517     1.7472  0.000e+00
     81.929     5.5526   3.155912    32.2294       2518     1.7479  0.000e+00
     81.929     5.5522   3.155905    32.2297       2519     1.7486  0.000e+00
     81.929     5.5524   3.155898    32.2294       2520     1.7493  0.000e+00
     82.015     5.5523   3.155918    32.2297       2521     1.7500  0.000e+00
     81.929     5.5523   3.155944    32.2300       2522     1.7507  0.000e+00
     81.929     5.5522   3.155931    32.2300       2523     1.7514  0.000e+00
     81.929     5.5522   3.155925    32.2299       2524     1.7521  0.000e+00
     82.015     5.5524   3.155925    32.2296       2525     1.7528  0.000e+00
     81.929     5.5523   3.155944    32.2300       2526     1.7535  0.000e+00
     81.929     5.5523   3.155931    32.2299       2527     1.7542  0.000e+00
     81.929     5.5522   3.155925    32.2299       2528     1.7549  0.000e+00
     81.929     5.5524   3.155944    32.2299       2529     1.7556  0.000e+00
     81.929     5.5522   3.155912    32.2298       2530     1.7563  0.000e+00
     81.843     5.5523   3.155918    32.2298       2531     1.7569  0.000e+00
     81.843     5.5523   3.155872    32.2292       2532     1.7576  0.000e+00
     81.929     5.5524   3.155885    32.2292       2533     1.7583  0.000e+00
     81.768     5.5526   3.155872    32.2290       2534     1.7590  0.000e+00
     81.929     5.5526   3.155885    32.2291       2535     1.7597  0.000e+00
     81.596     5.5523   3.155898    32.2297       2536     1.7604  0.000e+00
     82.090     5.5524   3.155898    32.2293       2537     1.7611  0.000e+00
     81.843     5.5524   3.155898    32.2294       2538     1.7618  0.000e+00
     81.767     5.5523   3.155918    32.2298       2539     1.7625  0.000e+00
     81.843     5.5526   3.155879    32.2290       2540     1.7632  0.000e+00
     81.843     5.5526   3.155865    32.2289       2541     1.7639  0.000e+00
     81.757     5.5526   3.155905    32.2294       2542     1.7646  0.000e+00
     81.843     5.5524   3.155925    32.2297       2543     1.7653  0.000e+00
     81.757     5.5526   3.155905    32.2294       2544     1.7660  0.000e+00
     81.767     5.5524   3.155852    32.2289       2545     1.7667  0.000e+00
     81.842     5.5528   3.155859    32.2287       2546     1.7674  0.000e+00
     81.767     5.5529   3.155859    32.2286       2547     1.7681  0.000e+00
     81.756     5.5528   3.155859    32.2287       2548     1.7688  0.000e+00
     81.767     5.5529   3.155865    32.2286       2549     1.7694  0.000e+00
     81.756     5.5529   3.155865    32.2286       2550     1.7701  0.000e+00
     81.767     5.5528   3.155819    32.2283       2551     1.7708  0.000e+00
     81.756     5.5529   3.155872    32.2287       2552     1.7715  0.000e+00
     81.681     5.5528   3.155852    32.2287       2553     1.7722  0.000e+00
     81.670     5.5526   3.155879    32.2291       2554     1.7729  0.000e+00
     81.767     5.5529   3.155898    32.2290       2555     1.7736  0.000e+00
     81.670     5.5526   3.155898    32.2294       2556     1.7743  0.000e+00
     81.595     5.5528   3.155898    32.2292       2557     1.7750  0.000e+00
     81.670     5.5529   3.155918    32.2293       2558     1.7757  0.000e+00
     81.681     5.5528   3.155859    32.2287       2559     1.7764  0.000e+00
     81.670     5.5529   3.155859    32.2286       2560     1.7771  0.000e+00
     81.595     5.5526   3.155846    32.2288       2561     1.7778  0.000e+00
     81.670     5.5529   3.155852    32.2285       2562     1.7785  0.000e+00
     81.595     5.5529   3.155859    32.2286       2563     1.7792  0.000e+00
     81.670     5.5526   3.155846    32.2288       2564     1.7799  0.000e+00
     81.595     5.5529   3.155839    32.2284       2565     1.7806  0.000e+00
     81.584     5.5528   3.155859    32.2288       2566     1.7813  0.000e+00
     81.594     5.5528   3.155846    32.2286       2567     1.7819  0.000e+00
     81.670     5.5524   3.155839    32.2288       2568     1.7826  0.000e+00
     81.508     5.5531   3.155859    32.2285       2569     1.7833  0.000e+00
     81.583     5.5526   3.155865    32.2290       2570     1.7840  0.000e+00
     81.594     5.5531   3.155865    32.2286       2571     1.7847  0.000e+00
     81.583     5.5528   3.155865    32.2289       2572     1.7854  0.000e+00
     81.508     5.5526   3.155865    32.2291       2573     1.7861  0.000e+00
     81.583     5.5528   3.155865    32.2289       2574     1.7868  0.000e+00
     81.508     5.5528   3.155846    32.2287       2575     1.7875  0.000e+00
     81.583     5.5528   3.155852    32.2287       2576     1.7882  0.000e+00
     81.508     5.5528   3.155819    32.2284       2577     1.7889  0.000e+00
     81.508     5.5528   3.155846    32.2287       2578     1.7896  0.000e+00
     81.508     5.5528   3.155846    32.2287       2579     1.7903  0.000e+00
     81.583     5.5526   3.155839    32.2287       2580     1.7910  0.000e+00
     81.508     5.5526   3.155879    32.2292       2581     1.7917  0.000e+00
     81.422     5.5529   3.155898    32.2292       2582     1.7924  0.000e+00
     81.593     5.5528   3.155898    32.2292       2583     1.7931  0.000e+00
     81.507     5.5529   3.155872    32.2288       2584     1.7938  0.000e+00
     81.421     5.5528   3.155865    32.2290       2585     1.7944  0.000e+00
     81.507     5.5528   3.155865    32.2289       2586     1.7951  0.000e+00
     81.507     5.5529   3.155885    32.2290       2587     1.7958  0.000e+00
     81.421     5.5526   3.155872    32.2292       2588     1.7965  0.000e+00
     81.593     5.5526   3.155885    32.2292       2589     1.7972  0.000e+00
     81.421     5.5526   3.155872    32.2292       2590     1.7979  0.000e+00
     81.507     5.5528   3.155859    32.2288       2591     1.7986  0.000e+00
     81.507     5.5523   3.155839    32.2290       2592     1.7993  0.000e+00
     81.507     5.5528   3.155859    32.2288       2593     1.8000  0.000e+00
     81.421     5.5526   3.155846    32.2289       2594     1.8007  0.000e+00
     81.421     5.5526   3.155839    32.2288       2595     1.8014  0.000e+00
     81.507     5.5524   3.155839    32.2289       2596     1.8021  0.000e+00
     81.507     5.5524   3.155879    32.2294       2597     1.8028  0.000e+00
     81.421     5.5526   3.155826    32.2287       2598     1.8035  0.000e+00
     81.506     5.5524   3.155846    32.2290       2599     1.8042  0.000e+00
     81.420     5.5526   3.155865    32.2291       2600     1.8049  0.000e+00
     81.506     5.5524   3.155865    32.2292       2601     1.8056  0.000e+00
     81.506     5.5526   3.155865    32.2291       2602     1.8062  0.000e+00
     81.420     5.5526   3.155865    32.2291       2603     1.8069  0.000e+00
     81.506     5.5526   3.155865    32.2291       2604     1.8076  0.000e+00
     81.420     5.5524   3.155865    32.2293       2605     1.8083  0.000e+00
     81.506     5.5523   3.155813    32.2288       2606     1.8090  0.000e+00
     81.420     5.5524   3.155846    32.2290       2607     1.8097  0.000e+00
     81.506     5.5524   3.155846    32.2290       2608     1.8104  0.000e+00
     81.506     5.5524   3.155813    32.2286       2609     1.8111  0.000e+00
     81.506     5.5526   3.155846    32.2288       2610     1.8118  0.000e+00
     81.420     5.5524   3.155846    32.2290       2611     1.8125  0.000e+00
     81.506     5.5524   3.155859    32.2291       2612     1.8132  0.000e+00
     81.505     5.5523   3.155846    32.2292       2613     1.8139  0.000e+00
     81.505     5.5524   3.155859    32.2291       2614     1.8146  0.000e+00
     81.505     5.5524   3.155865    32.2292       2615     1.8153  0.000e+00
     81.419     5.5523   3.155885    32.2296       2616     1.8160  0.000e+00
     81.505     5.5523   3.155852    32.2292       2617     1.8167  0.000e+00
     81.505     5.5524   3.155879    32.2294       2618     1.8174  0.000e+00
     81.505     5.5522   3.155852    32.2293       2619     1.8181  0.000e+00
     81.505     5.5523   3.155859    32.2293       2620     1.8188  0.000e+00
     81.505     5.5523   3.155859    32.2293       2621     1.8194  0.000e+00
     81.505     5.5523   3.155839    32.2290       2622     1.8201  0.000e+00
     81.591     5.5524   3.155839    32.2289       2623     1.8208  0.000e+00
     81.419     5.5523   3.155839    32.2291       2624     1.8215  0.000e+00
     81.505     5.5524   3.155813    32.2286       2625     1.8222  0.000e+00
     81.580     5.5523   3.155846    32.2291       2626     1.8229  0.000e+00
     81.591     5.5524   3.155846    32.2290       2627     1.8236  0.000e+00
     81.505     5.5524   3.155859    32.2291       2628     1.8243  0.000e+00
     81.504     5.5523   3.155885    32.2295       2629     1.8250  0.000e+00
     81.504     5.5524   3.155898    32.2296       2630     1.8257  0.000e+00
     81.590     5.5524   3.155872    32.2293       2631     1.8264  0.000e+00
     81.579     5.5524   3.155865    32.2292       2632     1.8271  0.000e+00
     81.504     5.5523   3.155885    32.2295       2633     1.8278  0.000e+00
     81.579     5.5524   3.155898    32.2296       2634     1.8285  0.000e+00
     81.590     5.5524   3.155865    32.2292       2635     1.8292  0.000e+00
     81.504     5.5523   3.155839    32.2290       2636     1.8299  0.000e+00
     81.590     5.5524   3.155839    32.2289       2637     1.8306  0.000e+00
     81.579     5.5524   3.155859    32.2291       2638     1.8313  0.000e+00
     81.590     5.5523   3.155865    32.2293       2639     1.8319  0.000e+00
     81.504     5.5523   3.155865    32.2293       2640     1.8326  0.000e+00
     81.590     5.5524   3.155865    32.2292       2641     1.8333  0.000e+00
     81.579     5.5524   3.155846    32.2290       2642     1.8340  0.000e+00
     81.590     5.5524   3.155879    32.2293       2643     1.8347  0.000e+00
     81.579     5.5523   3.155872    32.2294       2644     1.8354  0.000e+00
     81.589     5.5524   3.155865    32.2292       2645     1.8361  0.000e+00
     81.579     5.5522   3.155865    32.2294       2646     1.8368  0.000e+00
     81.589     5.5523   3.155885    32.2295       2647     1.8375  0.000e+00
     81.503     5.5523   3.155872    32.2295       2648     1.8382  0.000e+00
     81.675     5.5523   3.155885    32.2295       2649     1.8389  0.000e+00
     81.578     5.5522   3.155865    32.2294       2650     1.8396  0.000e+00
     81.675     5.5523   3.155859    32.2292       2651     1.8403  0.000e+00
     81.578     5.5523   3.155865    32.2293       2652     1.8410  0.000e+00
     81.589     5.5522   3.155846    32.2292       2653     1.8417  0.000e+00
     81.578     5.5522   3.155859    32.2294       2654     1.8424  0.000e+00
     81.589     5.5523   3.155865    32.2293       2655     1.8431  0.000e+00
     81.664     5.5522   3.155885    32.2296       2656     1.8438  0.000e+00
     81.589     5.5522   3.155872    32.2295       2657     1.8444  0.000e+00
     81.578     5.5523   3.155885    32.2295       2658     1.8451  0.000e+00
     81.589     5.5522   3.155898    32.2298       2659     1.8458  0.000e+00
     81.578     5.5522   3.155918    32.2300       2660     1.8465  0.000e+00
     81.588     5.5522   3.155905    32.2299       2661     1.8472  0.000e+00
     81.578     5.5520   3.155918    32.2302       2662     1.8479  0.000e+00
     81.588     5.5521   3.155925    32.2302       2663     1.8486  0.000e+00
     81.663     5.5522   3.155879    32.2296       2664     1.8493  0.000e+00
     81.588     5.5523   3.155905    32.2297       2665     1.8500  0.000e+00
     81.577     5.5523   3.155898    32.2297       2666     1.8507  0.000e+00
