HB2402/ctd175.cnv
* Sea-Bird SBE 9 Data File:
* FileName = C:\cruise\data\ctd175.hex
* Software Version Seasave V 7.26.7.121
* Temperature SN = 5253
* Conductivity SN = 4421
* Number of Bytes Per Scan = 37
* Number of Voltage Words = 4
* Number of Scans Averaged by the Deck Unit = 1
* NMEA Latitude = 41 22.19 N
* NMEA Longitude = 066 03.80 W
* NMEA UTC (Time) = Apr 27 2024 23:35:19
* NMEA baud rate = 4800
** Ship: Bigelow HB2402
** Program:  Spring Bottom Trawl Survey
** Chief Scientist: John Galbraith
# nquan = 7
# nvalues = 416                         
# units = specified
# name 0 = depSM: Depth [salt water, m]
# name 1 = t090C: Temperature [ITS-90, deg C]
# name 2 = c0S/m: Conductivity [S/m]
# name 3 = sal00: Salinity, Practical [PSU]
# name 4 = scan: Scan Count
# name 5 = timeM: Time, Elapsed [minutes]
# name 6 = flag: flag
# span 0 =      1.000,    210.000       
# span 1 =     7.5789,     9.3638       
# span 2 =   3.404451,   3.730027       
# span 3 =    32.9626,    34.9384       
# span 4 =        105,      12179       
# span 5 =     0.0720,     8.4568       
# span 6 = 0.0000e+00, 0.0000e+00       
# interval = meters: 1                  
# start_time = Apr 27 2024 23:35:19 [NMEA time, header]
# bad_flag = -9.990e-29
*END*
      4.000     7.6976   3.404451    32.9626        105     0.0720 0.0000e+00
      5.000     7.7045   3.408005    32.9937        206     0.1426 0.0000e+00
      6.000     7.7046   3.406943    32.9818        228     0.1575 0.0000e+00
      7.000     7.7059   3.408535    32.9972        255     0.1762 0.0000e+00
      8.000     7.7117   3.409986    33.0068        284     0.1966 0.0000e+00
      9.000     7.7190   3.413490    33.0370        308     0.2133 0.0000e+00
     10.000     7.7195   3.415711    33.0599        332     0.2302 0.0000e+00
     11.000     7.7220   3.418524    33.0873        362     0.2507 0.0000e+00
     12.000     7.7104   3.420547    33.1196        391     0.2706 0.0000e+00
     13.000     7.6831   3.420252    33.1420        415     0.2875 0.0000e+00
     14.000     7.6595   3.418991    33.1504        438     0.3035 0.0000e+00
     15.000     7.6615   3.419563    33.1542        464     0.3216 0.0000e+00
     16.000     7.6496   3.418819    33.1570        494     0.3420 0.0000e+00
     17.000     7.6398   3.418039    33.1575        522     0.3616 0.0000e+00
     18.000     7.6183   3.416310    33.1589        547     0.3789 0.0000e+00
     19.000     7.6107   3.415687    33.1590        571     0.3955 0.0000e+00
     20.000     7.6068   3.415458    33.1597        595     0.4127 0.0000e+00
     21.000     7.5948   3.415010    33.1659        623     0.4316 0.0000e+00
     22.000     7.5910   3.416094    33.1807        650     0.4509 0.0000e+00
     23.000     7.5917   3.416689    33.1860        675     0.4683 0.0000e+00
     24.000     7.5931   3.417066    33.1882        700     0.4858 0.0000e+00
     25.000     7.5846   3.416758    33.1926        729     0.5055 0.0000e+00
     26.000     7.5789   3.416740    33.1973        762     0.5283 0.0000e+00
     27.000     7.6018   3.426398    33.2791        792     0.5493 0.0000e+00
     28.000     7.7021   3.453279    33.4720        817     0.5665 0.0000e+00
     29.000     7.7142   3.456356    33.4930        839     0.5820 0.0000e+00
     30.000     7.7149   3.456758    33.4962        860     0.5966 0.0000e+00
     31.000     7.7155   3.457346    33.5015        882     0.6121 0.0000e+00
     32.000     7.7232   3.459465    33.5164        910     0.6310 0.0000e+00
     33.000     7.8157   3.475080    33.5946        944     0.6552 0.0000e+00
     34.000     7.9631   3.497500    33.6926        977     0.6778 0.0000e+00
     35.000     8.0192   3.505570    33.7243       1001     0.6945 0.0000e+00
     36.000     8.0326   3.507446    33.7310       1023     0.7096 0.0000e+00
     37.000     8.0537   3.510518    33.7430       1046     0.7256 0.0000e+00
     38.000     8.0820   3.514531    33.7582       1073     0.7442 0.0000e+00
     39.000     8.1536   3.524526    33.7953       1107     0.7678 0.0000e+00
     40.000     8.2179   3.533790    33.8315       1138     0.7898 0.0000e+00
     41.000     8.2336   3.536361    33.8432       1161     0.8053 0.0000e+00
     42.000     8.2461   3.538353    33.8519       1181     0.8193 0.0000e+00
     43.000     8.2561   3.540004    33.8593       1203     0.8345 0.0000e+00
     44.000     8.2734   3.542709    33.8710       1230     0.8538 0.0000e+00
     45.000     8.2900   3.545386    33.8829       1264     0.8769 0.0000e+00
     46.000     8.4007   3.561236    33.9439       1294     0.8979 0.0000e+00
     47.000     8.4541   3.568544    33.9693       1322     0.9173 0.0000e+00
     48.000     8.4769   3.571734    33.9807       1347     0.9344 0.0000e+00
     49.000     8.4947   3.574345    33.9907       1369     0.9502 0.0000e+00
     50.000     8.5351   3.580035    34.0114       1393     0.9664 0.0000e+00
     51.000     8.5642   3.584053    34.0253       1419     0.9844 0.0000e+00
     52.000     8.5964   3.588711    34.0430       1448     1.0047 0.0000e+00
     53.000     8.6111   3.590831    34.0507       1477     1.0253 0.0000e+00
     54.000     8.6180   3.592040    34.0563       1505     1.0443 0.0000e+00
     55.000     8.6640   3.598909    34.0839       1530     1.0620 0.0000e+00
     56.000     8.7222   3.607183    34.1145       1554     1.0784 0.0000e+00
     57.000     8.7810   3.615613    34.1460       1581     1.0969 0.0000e+00
     58.000     8.7840   3.616031    34.1470       1611     1.1184 0.0000e+00
     59.000     8.7849   3.616382    34.1493       1641     1.1386 0.0000e+00
     60.000     8.7918   3.617385    34.1527       1664     1.1551 0.0000e+00
     61.000     8.7975   3.618273    34.1561       1687     1.1710 0.0000e+00
     62.000     8.7963   3.618152    34.1555       1713     1.1889 0.0000e+00
     63.000     8.7964   3.618263    34.1561       1741     1.2085 0.0000e+00
     64.000     8.8004   3.618887    34.1583       1770     1.2282 0.0000e+00
     65.000     8.8027   3.619261    34.1595       1796     1.2466 0.0000e+00
     66.000     8.8037   3.619507    34.1607       1822     1.2648 0.0000e+00
     67.000     8.8054   3.619783    34.1614       1849     1.2831 0.0000e+00
     68.000     8.8049   3.619758    34.1613       1878     1.3033 0.0000e+00
     69.000     8.8057   3.619946    34.1619       1906     1.3230 0.0000e+00
     70.000     8.8048   3.619873    34.1616       1932     1.3412 0.0000e+00
     71.000     8.8034   3.619711    34.1608       1955     1.3572 0.0000e+00
     72.000     8.8060   3.620268    34.1636       1978     1.3729 0.0000e+00
     73.000     8.8266   3.623303    34.1752       2002     1.3898 0.0000e+00
     74.000     8.8353   3.624551    34.1794       2034     1.4115 0.0000e+00
     75.000     8.8369   3.624944    34.1815       2070     1.4368 0.0000e+00
     76.000     8.8494   3.626754    34.1879       2098     1.4564 0.0000e+00
     77.000     8.8642   3.629307    34.2000       2120     1.4716 0.0000e+00
     78.000     8.8939   3.633754    34.2175       2141     1.4859 0.0000e+00
     79.000     8.8988   3.634655    34.2218       2163     1.5013 0.0000e+00
     80.000     8.9080   3.636773    34.2346       2189     1.5194 0.0000e+00
     81.000     8.9139   3.637989    34.2412       2220     1.5411 0.0000e+00
     82.000     8.9150   3.638465    34.2447       2253     1.5636 0.0000e+00
     83.000     8.9166   3.639173    34.2501       2281     1.5831 0.0000e+00
     84.000     8.9184   3.639707    34.2534       2304     1.5996 0.0000e+00
     85.000     8.9202   3.640255    34.2570       2326     1.6149 0.0000e+00
     86.000     8.9211   3.640468    34.2579       2350     1.6316 0.0000e+00
     87.000     8.9222   3.640707    34.2589       2379     1.6513 0.0000e+00
     88.000     8.9231   3.640942    34.2600       2411     1.6738 0.0000e+00
     89.000     8.9227   3.640985    34.2603       2441     1.6946 0.0000e+00
     90.000     8.9231   3.641320    34.2630       2467     1.7123 0.0000e+00
     91.000     8.9212   3.641328    34.2644       2489     1.7281 0.0000e+00
     92.000     8.9253   3.641805    34.2650       2511     1.7429 0.0000e+00
     93.000     8.9233   3.641690    34.2653       2533     1.7583 0.0000e+00
     94.000     8.9186   3.641427    34.2665       2560     1.7771 0.0000e+00
     95.000     8.9146   3.641127    34.2668       2597     1.8025 0.0000e+00
     96.000     8.9198   3.641948    34.2699       2630     1.8256 0.0000e+00
     97.000     8.9181   3.641767    34.2692       2654     1.8424 0.0000e+00
     98.000     8.9203   3.642109    34.2702       2675     1.8571 0.0000e+00
     99.000     8.9193   3.642080    34.2703       2697     1.8722 0.0000e+00
    100.000     8.9231   3.642671    34.2725       2722     1.8895 0.0000e+00
    101.000     8.9232   3.642770    34.2729       2752     1.9105 0.0000e+00
    102.000     8.9230   3.642858    34.2735       2783     1.9323 0.0000e+00
    103.000     8.9190   3.642466    34.2728       2811     1.9517 0.0000e+00
    104.000     8.9061   3.641317    34.2728       2835     1.9683 0.0000e+00
    105.000     8.8901   3.639969    34.2736       2858     1.9840 0.0000e+00
    106.000     8.8811   3.639583    34.2777       2881     2.0000 0.0000e+00
    107.000     8.8791   3.639757    34.2810       2907     2.0182 0.0000e+00
    108.000     8.8797   3.640192    34.2846       2940     2.0408 0.0000e+00
    109.000     8.8790   3.640341    34.2864       2974     2.0645 0.0000e+00
    110.000     8.8772   3.640366    34.2878       3000     2.0826 0.0000e+00
    111.000     8.8774   3.640787    34.2916       3023     2.0987 0.0000e+00
    112.000     8.8773   3.641293    34.2965       3047     2.1153 0.0000e+00
    113.000     8.8760   3.641495    34.2994       3072     2.1325 0.0000e+00
    114.000     8.8774   3.642008    34.3030       3095     2.1489 0.0000e+00
    115.000     8.8744   3.642099    34.3064       3120     2.1656 0.0000e+00
    116.000     8.8748   3.642804    34.3129       3148     2.1855 0.0000e+00
    117.000     8.8840   3.644584    34.3222       3181     2.2085 0.0000e+00
    118.000     8.8939   3.646457    34.3318       3211     2.2292 0.0000e+00
    119.000     8.8980   3.647436    34.3376       3236     2.2467 0.0000e+00
    120.000     8.9080   3.649080    34.3447       3261     2.2638 0.0000e+00
    121.000     8.9170   3.651006    34.3557       3286     2.2813 0.0000e+00
    122.000     8.9187   3.652650    34.3708       3312     2.2994 0.0000e+00
    123.000     8.9351   3.656148    34.3911       3338     2.3177 0.0000e+00
    124.000     8.9444   3.658432    34.4056       3366     2.3371 0.0000e+00
    125.000     8.9492   3.659810    34.4149       3395     2.3566 0.0000e+00
    126.000     8.9622   3.661921    34.4239       3420     2.3743 0.0000e+00
    127.000     8.9691   3.663450    34.4327       3443     2.3906 0.0000e+00
    128.000     8.9730   3.664491    34.4394       3468     2.4078 0.0000e+00
    129.000     8.9753   3.665525    34.4476       3497     2.4276 0.0000e+00
    130.000     8.9772   3.666277    34.4530       3527     2.4486 0.0000e+00
    131.000     8.9788   3.666731    34.4558       3557     2.4693 0.0000e+00
    132.000     8.9831   3.667915    34.4635       3585     2.4888 0.0000e+00
    133.000     8.9851   3.668472    34.4670       3610     2.5065 0.0000e+00
    134.000     8.9992   3.671415    34.4836       3634     2.5227 0.0000e+00
    135.000     9.0066   3.672857    34.4910       3655     2.5378 0.0000e+00
    136.000     9.0208   3.675695    34.5065       3679     2.5541 0.0000e+00
    137.000     9.0313   3.677573    34.5155       3709     2.5750 0.0000e+00
    138.000     9.0405   3.679271    34.5238       3742     2.5981 0.0000e+00
    139.000     9.0565   3.682246    34.5389       3768     2.6160 0.0000e+00
    140.000     9.0590   3.682664    34.5404       3790     2.6311 0.0000e+00
    141.000     9.0631   3.683423    34.5439       3813     2.6470 0.0000e+00
    142.000     9.0666   3.684089    34.5470       3844     2.6687 0.0000e+00
    143.000     9.0700   3.684781    34.5504       3885     2.6970 0.0000e+00
    144.000     9.0698   3.685270    34.5552       3913     2.7169 0.0000e+00
    145.000     9.0690   3.685801    34.5611       3933     2.7307 0.0000e+00
    146.000     9.0688   3.685900    34.5618       3950     2.7426 0.0000e+00
    147.000     9.0688   3.686006    34.5625       3967     2.7540 0.0000e+00
    148.000     9.0688   3.686074    34.5628       3985     2.7666 0.0000e+00
    149.000     9.0684   3.686293    34.5649       4015     2.7878 0.0000e+00
    150.000     9.0686   3.686485    34.5663       4077     2.8302 0.0000e+00
    151.000     9.0679   3.687140    34.5733       4107     2.8516 0.0000e+00
    152.000     9.0650   3.687096    34.5752       4125     2.8640 0.0000e+00
    153.000     9.0661   3.687939    34.5825       4141     2.8750 0.0000e+00
    154.000     9.1056   3.694049    34.6074       4156     2.8858 0.0000e+00
    155.000     9.1203   3.696949    34.6229       4174     2.8980 0.0000e+00
    156.000     9.1600   3.702222    34.6389       4201     2.9164 0.0000e+00
    157.000     9.2208   3.709903    34.6594       4252     2.9522 0.0000e+00
    158.000     9.2885   3.719194    34.6899       4289     2.9779 0.0000e+00
    159.000     9.3217   3.723764    34.7046       4309     2.9914 0.0000e+00
    160.000     9.3460   3.727039    34.7146       4326     3.0035 0.0000e+00
    161.000     9.3524   3.728116    34.7191       4344     3.0156 0.0000e+00
    162.000     9.3638   3.729703    34.7240       4365     3.0304 0.0000e+00
    163.000     9.3618   3.729920    34.7278       4394     3.0510 0.0000e+00
    164.000     9.3607   3.730027    34.7294       4432     3.0770 0.0000e+00
    165.000     9.3443   3.728503    34.7291       4465     3.0998 0.0000e+00
    166.000     9.3361   3.727935    34.7307       4490     3.1175 0.0000e+00
    167.000     9.3389   3.728333    34.7316       4513     3.1332 0.0000e+00
    168.000     9.3191   3.726379    34.7301       4534     3.1482 0.0000e+00
    169.000     9.3078   3.725256    34.7289       4558     3.1644 0.0000e+00
    170.000     9.2934   3.723957    34.7290       4584     3.1828 0.0000e+00
    171.000     9.2803   3.722809    34.7293       4613     3.2029 0.0000e+00
    172.000     9.2757   3.722278    34.7277       4646     3.2256 0.0000e+00
    173.000     9.2467   3.719294    34.7244       4677     3.2474 0.0000e+00
    174.000     9.2278   3.717572    34.7244       4703     3.2650 0.0000e+00
    175.000     9.2425   3.720263    34.7376       4724     3.2796 0.0000e+00
    176.000     9.2546   3.721662    34.7400       4745     3.2943 0.0000e+00
    177.000     9.2529   3.721480    34.7393       4770     3.3115 0.0000e+00
    178.000     9.2499   3.721213    34.7390       4804     3.3352 0.0000e+00
    179.000     9.2428   3.720971    34.7429       4836     3.3574 0.0000e+00
    180.000     9.2390   3.720644    34.7427       4859     3.3738 0.0000e+00
    181.000     9.2333   3.720222    34.7434       4881     3.3886 0.0000e+00
    182.000     9.2327   3.720335    34.7446       4902     3.4035 0.0000e+00
    183.000     9.2324   3.720297    34.7441       4927     3.4208 0.0000e+00
    184.000     9.2325   3.720362    34.7441       4960     3.4437 0.0000e+00
    185.000     9.2331   3.720569    34.7453       4993     3.4669 0.0000e+00
    186.000     9.2333   3.720643    34.7454       5018     3.4842 0.0000e+00
    187.000     9.2338   3.720804    34.7461       5040     3.4995 0.0000e+00
    188.000     9.2357   3.721191    34.7479       5064     3.5158 0.0000e+00
    189.000     9.2375   3.721506    34.7489       5091     3.5346 0.0000e+00
    190.000     9.2389   3.721799    34.7501       5120     3.5548 0.0000e+00
    191.000     9.2424   3.722430    34.7527       5148     3.5746 0.0000e+00
    192.000     9.2473   3.723211    34.7557       5176     3.5935 0.0000e+00
    193.000     9.2550   3.724357    34.7597       5200     3.6105 0.0000e+00
    194.000     9.2587   3.724991    34.7621       5223     3.6263 0.0000e+00
    195.000     9.2581   3.725126    34.7637       5246     3.6423 0.0000e+00
    196.000     9.2589   3.725369    34.7649       5272     3.6605 0.0000e+00
    197.000     9.2605   3.725734    34.7667       5305     3.6830 0.0000e+00
    198.000     9.2608   3.725898    34.7676       5339     3.7072 0.0000e+00
    199.000     9.2611   3.726106    34.7691       5365     3.7253 0.0000e+00
    200.000     9.2533   3.727108    34.7866       5386     3.7398 0.0000e+00
    201.000     9.2019   3.726814    34.8331       5407     3.7540 0.0000e+00
    202.000     9.2225   3.727454    34.8192       5430     3.7700 0.0000e+00
    203.000     9.1537   3.725096    34.8614       5459     3.7906 0.0000e+00
    204.000     9.0789   3.721952    34.9012       5491     3.8126 0.0000e+00
    205.000     9.0492   3.720122    34.9107       5519     3.8316 0.0000e+00
    206.000     9.0238   3.718484    34.9180       5543     3.8488 0.0000e+00
    207.000     8.9889   3.716129    34.9271       5568     3.8663 0.0000e+00
    208.000     8.9674   3.714748    34.9333       5598     3.8866 0.0000e+00
