HB2402/ctd180.cnv
* Sea-Bird SBE 9 Data File:
* FileName = C:\cruise\data\ctd180.hex
* Software Version Seasave V 7.26.7.121
* Temperature SN = 5253
* Conductivity SN = 4421
* Number of Bytes Per Scan = 37
* Number of Voltage Words = 4
* Number of Scans Averaged by the Deck Unit = 1
* NMEA Latitude = 41 58.91 N
* NMEA Longitude = 066 11.62 W
* NMEA UTC (Time) = Apr 29 2024 02:35:27
* NMEA baud rate = 4800
** Ship: Bigelow HB2402
** Program:  Spring Bottom Trawl Survey
** Chief Scientist: John Galbraith
# nquan = 7
# nvalues = 169                         
# units = specified
# name 0 = depSM: Depth [salt water, m]
# name 1 = t090C: Temperature [ITS-90, deg C]
# name 2 = c0S/m: Conductivity [S/m]
# name 3 = sal00: Salinity, Practical [PSU]
# name 4 = scan: Scan Count
# name 5 = timeM: Time, Elapsed [minutes]
# name 6 = flag: flag
# span 0 =      1.000,     86.000       
# span 1 =     5.4011,     6.9371       
# span 2 =   3.112104,   3.228004       
# span 3 =    31.5229,    32.4078       
# span 4 =        -36,       5790       
# span 5 =    -0.0255,     4.0200       
# span 6 = 0.0000e+00, 0.0000e+00       
# interval = meters: 1                  
# start_time = Apr 29 2024 02:35:27 [NMEA time, header]
# bad_flag = -9.990e-29
*END*
      3.000     6.8590   3.199219    31.5229        -36    -0.0255 0.0000e+00
      4.000     6.8201   3.216844    31.7509        224     0.1552 0.0000e+00
      5.000     6.7615   3.214924    31.7837        255     0.1767 0.0000e+00
      6.000     6.6745   3.214531    31.8597        281     0.1946 0.0000e+00
      7.000     6.5157   3.208111    31.9368        314     0.2171 0.0000e+00
      8.000     6.4536   3.191806    31.8144        347     0.2403 0.0000e+00
      9.000     6.4390   3.187721    31.7824        374     0.2593 0.0000e+00
     10.000     6.4437   3.187563    31.7758        398     0.2759 0.0000e+00
     11.000     6.4028   3.184206    31.7764        420     0.2910 0.0000e+00
     12.000     6.3823   3.182489    31.7761        441     0.3056 0.0000e+00
     13.000     6.3545   3.180465    31.7792        464     0.3212 0.0000e+00
     14.000     6.2766   3.175342    31.7947        491     0.3404 0.0000e+00
     15.000     6.2383   3.173665    31.8115        526     0.3645 0.0000e+00
     16.000     6.1541   3.167089    31.8168        559     0.3873 0.0000e+00
     17.000     6.1226   3.164726    31.8195        584     0.4048 0.0000e+00
     18.000     6.1309   3.165889    31.8242        606     0.4201 0.0000e+00
     19.000     6.0368   3.158256    31.8270        628     0.4352 0.0000e+00
     20.000     5.9929   3.154613    31.8272        651     0.4517 0.0000e+00
     21.000     5.9817   3.153631    31.8262        679     0.4706 0.0000e+00
     22.000     5.9564   3.151505    31.8257        708     0.4911 0.0000e+00
     23.000     5.9379   3.150054    31.8264        737     0.5113 0.0000e+00
     24.000     5.9282   3.149547    31.8295        765     0.5305 0.0000e+00
     25.000     5.9148   3.148483    31.8297        793     0.5497 0.0000e+00
     26.000     5.8881   3.146162    31.8283        821     0.5692 0.0000e+00
     27.000     5.8678   3.144446    31.8278        848     0.5879 0.0000e+00
     28.000     5.8566   3.143544    31.8276        872     0.6050 0.0000e+00
     29.000     5.8393   3.142157    31.8280        897     0.6222 0.0000e+00
     30.000     5.8297   3.141411    31.8282        924     0.6408 0.0000e+00
     31.000     5.8069   3.139525    31.8280        952     0.6605 0.0000e+00
     32.000     5.7816   3.137533    31.8291        980     0.6798 0.0000e+00
     33.000     5.7556   3.135371    31.8288       1007     0.6984 0.0000e+00
     34.000     5.7288   3.133239    31.8296       1034     0.7173 0.0000e+00
     35.000     5.6874   3.129895    31.8306       1061     0.7363 0.0000e+00
     36.000     5.6398   3.126626    31.8383       1090     0.7561 0.0000e+00
     37.000     5.6119   3.124961    31.8454       1118     0.7758 0.0000e+00
     38.000     5.6039   3.124440    31.8467       1145     0.7943 0.0000e+00
     39.000     5.5650   3.122167    31.8574       1171     0.8124 0.0000e+00
     40.000     5.5341   3.120644    31.8690       1197     0.8304 0.0000e+00
     41.000     5.5102   3.118793    31.8702       1225     0.8497 0.0000e+00
     42.000     5.4761   3.116152    31.8722       1252     0.8691 0.0000e+00
     43.000     5.4720   3.115807    31.8717       1281     0.8886 0.0000e+00
     44.000     5.4817   3.116450    31.8693       1309     0.9083 0.0000e+00
     45.000     5.4735   3.115849    31.8698       1337     0.9280 0.0000e+00
     46.000     5.4238   3.112443    31.8779       1365     0.9472 0.0000e+00
     47.000     5.4051   3.112104    31.8913       1390     0.9649 0.0000e+00
     48.000     5.4011   3.113024    31.9051       1417     0.9834 0.0000e+00
     49.000     5.4300   3.122112    31.9801       1445     1.0030 0.0000e+00
     50.000     5.5074   3.136759    32.0717       1475     1.0237 0.0000e+00
     51.000     5.5745   3.150220    32.1593       1504     1.0439 0.0000e+00
     52.000     5.6570   3.163087    32.2252       1531     1.0623 0.0000e+00
     53.000     5.7183   3.172793    32.2754       1555     1.0794 0.0000e+00
     54.000     5.7665   3.180054    32.3105       1581     1.0969 0.0000e+00
     55.000     5.7886   3.183536    32.3280       1609     1.1168 0.0000e+00
     56.000     5.7963   3.184742    32.3337       1641     1.1386 0.0000e+00
     57.000     5.8020   3.185646    32.3379       1671     1.1599 0.0000e+00
     58.000     5.8187   3.188366    32.3520       1700     1.1796 0.0000e+00
     59.000     5.8390   3.191367    32.3658       1727     1.1985 0.0000e+00
     60.000     5.8570   3.194285    32.3808       1752     1.2161 0.0000e+00
     61.000     5.8772   3.197170    32.3933       1776     1.2325 0.0000e+00
     62.000     5.8749   3.196884    32.3919       1799     1.2488 0.0000e+00
     63.000     5.8760   3.197141    32.3932       1826     1.2674 0.0000e+00
     64.000     5.8793   3.197656    32.3953       1857     1.2888 0.0000e+00
     65.000     5.8828   3.198180    32.3974       1892     1.3130 0.0000e+00
     66.000     5.8790   3.197675    32.3949       1926     1.3370 0.0000e+00
     67.000     5.8797   3.197925    32.3965       1954     1.3563 0.0000e+00
     68.000     5.8905   3.199416    32.4024       1977     1.3725 0.0000e+00
     69.000     5.8857   3.198772    32.3992       1999     1.3876 0.0000e+00
     70.000     5.8873   3.199081    32.4007       2022     1.4037 0.0000e+00
     71.000     5.8885   3.199296    32.4014       2049     1.4221 0.0000e+00
     72.000     5.8899   3.199507    32.4020       2079     1.4430 0.0000e+00
     73.000     5.8913   3.199712    32.4025       2114     1.4677 0.0000e+00
     74.000     5.8901   3.199607    32.4020       2149     1.4916 0.0000e+00
     75.000     5.8950   3.200238    32.4039       2176     1.5102 0.0000e+00
     76.000     5.8914   3.199860    32.4026       2199     1.5262 0.0000e+00
     77.000     5.8994   3.200860    32.4056       2221     1.5416 0.0000e+00
     78.000     5.8989   3.200819    32.4051       2245     1.5582 0.0000e+00
     79.000     5.8992   3.200905    32.4053       2273     1.5777 0.0000e+00
     80.000     5.8998   3.201012    32.4055       2304     1.5990 0.0000e+00
     81.000     5.8986   3.200932    32.4052       2332     1.6187 0.0000e+00
     82.000     5.9006   3.201242    32.4063       2359     1.6373 0.0000e+00
     83.000     5.8954   3.200679    32.4045       2388     1.6577 0.0000e+00
     84.000     5.8971   3.200920    32.4051       2419     1.6792 0.0000e+00
     85.000     5.8998   3.201293    32.4061       2461     1.7086 0.0000e+00
     86.000     5.9016   3.201536    32.4067       3124     2.1684 0.0000e+00
     85.000     5.9048   3.201866    32.4078       3293     2.2863 0.0000e+00
     84.000     5.9035   3.201667    32.4073       3275     2.2739 0.0000e+00
     83.000     5.9020   3.201466    32.4070       3300     2.2907 0.0000e+00
     82.000     5.9011   3.201324    32.4067       3326     2.3094 0.0000e+00
     81.000     5.9002   3.201159    32.4063       3355     2.3290 0.0000e+00
     80.000     5.8991   3.200976    32.4058       3383     2.3484 0.0000e+00
     79.000     5.8995   3.201009    32.4062       3410     2.3673 0.0000e+00
     78.000     5.8996   3.200981    32.4063       3437     2.3863 0.0000e+00
     77.000     5.8977   3.200743    32.4059       3463     2.4045 0.0000e+00
     76.000     5.8934   3.200252    32.4050       3487     2.4210 0.0000e+00
     75.000     5.8926   3.200083    32.4045       3510     2.4371 0.0000e+00
     74.000     5.8916   3.199922    32.4040       3536     2.4549 0.0000e+00
     73.000     5.8921   3.199912    32.4040       3567     2.4761 0.0000e+00
     72.000     5.8920   3.199854    32.4039       3597     2.4971 0.0000e+00
     71.000     5.8908   3.199662    32.4034       3622     2.5144 0.0000e+00
     70.000     5.8887   3.199359    32.4025       3643     2.5294 0.0000e+00
     69.000     5.8886   3.199294    32.4023       3665     2.5447 0.0000e+00
     68.000     5.8881   3.199188    32.4021       3692     2.5631 0.0000e+00
     67.000     5.8881   3.199145    32.4022       3726     2.5868 0.0000e+00
     66.000     5.8876   3.199035    32.4018       3758     2.6091 0.0000e+00
     65.000     5.8860   3.198758    32.4008       3782     2.6257 0.0000e+00
     64.000     5.8851   3.198609    32.4005       3804     2.6406 0.0000e+00
     63.000     5.8822   3.198196    32.3991       3825     2.6558 0.0000e+00
     62.000     5.8813   3.198022    32.3985       3851     2.6734 0.0000e+00
     61.000     5.8805   3.197858    32.3979       3880     2.6934 0.0000e+00
     60.000     5.8760   3.197196    32.3953       3908     2.7131 0.0000e+00
     59.000     5.8723   3.196625    32.3930       3936     2.7325 0.0000e+00
     58.000     5.8709   3.196378    32.3920       3965     2.7528 0.0000e+00
     57.000     5.8651   3.195535    32.3886       3993     2.7722 0.0000e+00
     56.000     5.8591   3.194607    32.3844       4016     2.7883 0.0000e+00
     55.000     5.8468   3.192744    32.3758       4037     2.8029 0.0000e+00
     54.000     5.8383   3.191285    32.3680       4059     2.8177 0.0000e+00
     53.000     5.8000   3.185313    32.3381       4084     2.8356 0.0000e+00
     52.000     5.7555   3.178400    32.3034       4116     2.8578 0.0000e+00
     51.000     5.7072   3.169180    32.2463       4148     2.8797 0.0000e+00
     50.000     5.5973   3.152189    32.1603       4176     2.8991 0.0000e+00
     49.000     5.5426   3.141891    32.0966       4202     2.9172 0.0000e+00
     48.000     5.4862   3.131934    32.0383       4227     2.9346 0.0000e+00
     47.000     5.4485   3.123776    31.9824       4250     2.9506 0.0000e+00
     46.000     5.4259   3.117966    31.9385       4271     2.9655 0.0000e+00
     45.000     5.4162   3.114691    31.9111       4292     2.9802 0.0000e+00
     44.000     5.4247   3.113530    31.8904       4316     2.9963 0.0000e+00
     43.000     5.4464   3.114306    31.8790       4346     3.0173 0.0000e+00
     42.000     5.4553   3.114936    31.8782       4382     3.0423 0.0000e+00
     41.000     5.5043   3.118012    31.8669       4413     3.0638 0.0000e+00
     40.000     5.5172   3.118931    31.8656       4438     3.0813 0.0000e+00
     39.000     5.5308   3.119944    31.8646       4460     3.0968 0.0000e+00
     38.000     5.5437   3.120632    31.8608       4480     3.1107 0.0000e+00
     37.000     5.5763   3.122359    31.8498       4501     3.1248 0.0000e+00
     36.000     5.6027   3.123922    31.8430       4522     3.1393 0.0000e+00
     35.000     5.6384   3.126276    31.8362       4547     3.1569 0.0000e+00
     34.000     5.6570   3.127661    31.8347       4583     3.1822 0.0000e+00
     33.000     5.6917   3.130130    31.8301       4622     3.2093 0.0000e+00
     32.000     5.7473   3.134175    31.8237       4646     3.2258 0.0000e+00
     31.000     5.7696   3.135952    31.8231       4666     3.2392 0.0000e+00
     30.000     5.7848   3.137211    31.8234       4685     3.2526 0.0000e+00
     29.000     5.8086   3.139122    31.8229       4708     3.2685 0.0000e+00
     28.000     5.8261   3.140465    31.8219       4737     3.2887 0.0000e+00
     27.000     5.8557   3.142797    31.8207       4767     3.3097 0.0000e+00
     26.000     5.8919   3.145733    31.8199       4792     3.3274 0.0000e+00
     25.000     5.9265   3.148668    31.8207       4817     3.3443 0.0000e+00
     24.000     5.9474   3.150291    31.8197       4843     3.3624 0.0000e+00
     23.000     5.9685   3.151773    31.8169       4872     3.3826 0.0000e+00
     22.000     5.9776   3.152480    31.8167       4900     3.4024 0.0000e+00
     21.000     5.9884   3.153309    31.8163       4927     3.4212 0.0000e+00
     20.000     5.9984   3.154101    31.8163       4953     3.4392 0.0000e+00
     19.000     6.0104   3.155054    31.8161       4978     3.4560 0.0000e+00
     18.000     6.0488   3.158137    31.8149       5001     3.4721 0.0000e+00
     17.000     6.0925   3.161680    31.8139       5023     3.4874 0.0000e+00
     16.000     6.1242   3.164065    31.8112       5047     3.5040 0.0000e+00
     15.000     6.1424   3.165360    31.8090       5076     3.5241 0.0000e+00
     14.000     6.1946   3.169109    31.8022       5109     3.5471 0.0000e+00
     13.000     6.2607   3.174097    31.7963       5139     3.5678 0.0000e+00
     12.000     6.2822   3.175304    31.7900       5163     3.5847 0.0000e+00
     11.000     6.2944   3.175673    31.7832       5185     3.6002 0.0000e+00
     10.000     6.3477   3.178989    31.7706       5209     3.6164 0.0000e+00
      9.000     6.4099   3.183624    31.7643       5234     3.6338 0.0000e+00
      8.000     6.4586   3.187365    31.7607       5260     3.6522 0.0000e+00
      7.000     6.5912   3.197719    31.7520       5286     3.6702 0.0000e+00
      6.000     6.7277   3.209520    31.7553       5313     3.6886 0.0000e+00
      5.000     6.8316   3.218190    31.7545       5340     3.7078 0.0000e+00
      4.000     6.8740   3.221923    31.7565       5368     3.7272 0.0000e+00
      3.000     6.9054   3.224549    31.7566       5394     3.7454 0.0000e+00
      2.000     6.9368   3.228004    31.7658       5661     3.9308 0.0000e+00
      1.000     6.9371   3.227991    31.7657       5790     4.0200 0.0000e+00
