HB2402/ctd179.cnv
* Sea-Bird SBE 9 Data File:
* FileName = C:\cruise\data\ctd179.hex
* Software Version Seasave V 7.26.7.121
* Temperature SN = 5253
* Conductivity SN = 4421
* Number of Bytes Per Scan = 37
* Number of Voltage Words = 4
* Number of Scans Averaged by the Deck Unit = 1
* NMEA Latitude = 42 05.97 N
* NMEA Longitude = 066 09.65 W
* NMEA UTC (Time) = Apr 29 2024 00:18:05
* NMEA baud rate = 4800
** Ship: Bigelow HB2402
** Program:  Spring Bottom Trawl Survey
** Chief Scientist: John Galbraith
# nquan = 7
# nvalues = 179                         
# units = specified
# name 0 = depSM: Depth [salt water, m]
# name 1 = t090C: Temperature [ITS-90, deg C]
# name 2 = c0S/m: Conductivity [S/m]
# name 3 = sal00: Salinity, Practical [PSU]
# name 4 = scan: Scan Count
# name 5 = timeM: Time, Elapsed [minutes]
# name 6 = flag: flag
# span 0 =      1.000,     91.000       
# span 1 =     5.1356,     7.4024       
# span 2 =   3.107710,   3.278645       
# span 3 =    31.1310,    32.9178       
# span 4 =        135,       6040       
# span 5 =     0.0932,     4.1935       
# span 6 = 0.0000e+00, 0.0000e+00       
# interval = meters: 1                  
# start_time = Apr 29 2024 00:18:05 [NMEA time, header]
# bad_flag = -9.990e-29
*END*
      3.000     7.2518   3.196009    31.1310        135     0.0932 0.0000e+00
      4.000     7.2691   3.235169    31.5375        311     0.2155 0.0000e+00
      5.000     6.9097   3.250492    32.0347        345     0.2391 0.0000e+00
      6.000     6.8140   3.232198    31.9235        370     0.2566 0.0000e+00
      7.000     6.7820   3.228430    31.9115        397     0.2751 0.0000e+00
      8.000     6.6433   3.218363    31.9299        425     0.2944 0.0000e+00
      9.000     6.6053   3.215054    31.9285        453     0.3136 0.0000e+00
     10.000     6.5300   3.209135    31.9332        479     0.3316 0.0000e+00
     11.000     6.3138   3.192674    31.9534        504     0.3491 0.0000e+00
     12.000     6.2568   3.187743    31.9518        530     0.3672 0.0000e+00
     13.000     6.1563   3.180329    31.9634        556     0.3857 0.0000e+00
     14.000     6.0997   3.175833    31.9662        583     0.4039 0.0000e+00
     15.000     6.0825   3.174230    31.9641        608     0.4215 0.0000e+00
     16.000     6.0753   3.173541    31.9627        632     0.4385 0.0000e+00
     17.000     6.0635   3.172514    31.9619        657     0.4557 0.0000e+00
     18.000     6.0488   3.171262    31.9613        684     0.4740 0.0000e+00
     19.000     6.0296   3.169570    31.9601        712     0.4938 0.0000e+00
     20.000     6.0182   3.168565    31.9591        741     0.5140 0.0000e+00
     21.000     6.0099   3.167815    31.9581        770     0.5339 0.0000e+00
     22.000     6.0049   3.167361    31.9572        797     0.5529 0.0000e+00
     23.000     5.9976   3.166725    31.9565        823     0.5706 0.0000e+00
     24.000     5.9942   3.166469    31.9564        845     0.5862 0.0000e+00
     25.000     5.9942   3.166482    31.9560        867     0.6016 0.0000e+00
     26.000     5.9852   3.165637    31.9546        890     0.6173 0.0000e+00
     27.000     5.9807   3.165255    31.9541        917     0.6363 0.0000e+00
     28.000     5.9680   3.164181    31.9536        954     0.6616 0.0000e+00
     29.000     5.9517   3.162817    31.9533        990     0.6865 0.0000e+00
     30.000     5.8906   3.157970    31.9562       1016     0.7049 0.0000e+00
     31.000     5.8756   3.156789    31.9567       1037     0.7196 0.0000e+00
     32.000     5.8618   3.155689    31.9569       1057     0.7331 0.0000e+00
     33.000     5.8058   3.150993    31.9568       1076     0.7467 0.0000e+00
     34.000     5.7180   3.144095    31.9620       1099     0.7624 0.0000e+00
     35.000     5.6408   3.138130    31.9676       1130     0.7841 0.0000e+00
     36.000     5.6171   3.136138    31.9671       1171     0.8127 0.0000e+00
     37.000     5.6181   3.136163    31.9660       1202     0.8343 0.0000e+00
     38.000     5.6188   3.136183    31.9650       1225     0.8499 0.0000e+00
     39.000     5.5890   3.133817    31.9662       1245     0.8640 0.0000e+00
     40.000     5.5203   3.128968    31.9762       1267     0.8790 0.0000e+00
     41.000     5.4711   3.125255    31.9806       1291     0.8960 0.0000e+00
     42.000     5.4248   3.121625    31.9830       1319     0.9155 0.0000e+00
     43.000     5.4051   3.119971    31.9825       1349     0.9362 0.0000e+00
     44.000     5.3854   3.118369    31.9827       1378     0.9560 0.0000e+00
     45.000     5.3703   3.117490    31.9866       1406     0.9755 0.0000e+00
     46.000     5.3455   3.115917    31.9919       1434     0.9954 0.0000e+00
     47.000     5.2950   3.113220    32.0090       1461     1.0140 0.0000e+00
     48.000     5.2571   3.111771    32.0282       1486     1.0313 0.0000e+00
     49.000     5.2266   3.110614    32.0438       1509     1.0475 0.0000e+00
     50.000     5.1897   3.108821    32.0583       1533     1.0639 0.0000e+00
     51.000     5.1630   3.107713    32.0708       1558     1.0812 0.0000e+00
     52.000     5.1590   3.107710    32.0741       1585     1.1003 0.0000e+00
     53.000     5.1549   3.107861    32.0792       1618     1.1226 0.0000e+00
     54.000     5.1526   3.107959    32.0820       1650     1.1451 0.0000e+00
     55.000     5.1474   3.108015    32.0872       1677     1.1639 0.0000e+00
     56.000     5.1423   3.108268    32.0944       1700     1.1796 0.0000e+00
     57.000     5.1389   3.109277    32.1087       1721     1.1945 0.0000e+00
     58.000     5.1356   3.111193    32.1334       1744     1.2103 0.0000e+00
     59.000     5.1379   3.113543    32.1575       1770     1.2288 0.0000e+00
     60.000     5.1523   3.117838    32.1922       1801     1.2501 0.0000e+00
     61.000     5.3410   3.147286    32.3454       1831     1.2707 0.0000e+00
     62.000     5.3915   3.154091    32.3735       1857     1.2890 0.0000e+00
     63.000     5.4201   3.158547    32.3961       1882     1.3061 0.0000e+00
     64.000     5.4584   3.164269    32.4236       1908     1.3242 0.0000e+00
     65.000     5.5639   3.179739    32.4964       1939     1.3455 0.0000e+00
     66.000     5.7428   3.207505    32.6364       1970     1.3673 0.0000e+00
     67.000     5.8406   3.222656    32.7120       1995     1.3851 0.0000e+00
     68.000     5.9437   3.240142    32.8080       2017     1.3999 0.0000e+00
     69.000     5.9944   3.248212    32.8489       2037     1.4138 0.0000e+00
     70.000     6.0180   3.251703    32.8646       2059     1.4291 0.0000e+00
     71.000     6.0409   3.255168    32.8807       2086     1.4481 0.0000e+00
     72.000     6.0524   3.256891    32.8884       2124     1.4745 0.0000e+00
     73.000     6.0542   3.257235    32.8900       2161     1.5003 0.0000e+00
     74.000     6.0760   3.260334    32.9030       2187     1.5182 0.0000e+00
     75.000     6.0764   3.260341    32.9022       2207     1.5319 0.0000e+00
     76.000     6.0736   3.260058    32.9012       2226     1.5453 0.0000e+00
     77.000     6.0850   3.261647    32.9075       2247     1.5595 0.0000e+00
     78.000     6.0842   3.261569    32.9069       2273     1.5775 0.0000e+00
     79.000     6.0772   3.260728    32.9038       2308     1.6023 0.0000e+00
     80.000     6.0831   3.261555    32.9068       2344     1.6268 0.0000e+00
     81.000     6.0844   3.261801    32.9078       2369     1.6444 0.0000e+00
     82.000     6.0821   3.261550    32.9068       2391     1.6594 0.0000e+00
     83.000     6.0762   3.260930    32.9050       2412     1.6743 0.0000e+00
     84.000     6.0971   3.263555    32.9136       2437     1.6915 0.0000e+00
     85.000     6.1076   3.264802    32.9168       2466     1.7120 0.0000e+00
     86.000     6.1081   3.264914    32.9171       2500     1.7351 0.0000e+00
     87.000     6.1086   3.264978    32.9169       2532     1.7574 0.0000e+00
     88.000     6.1097   3.265131    32.9170       2561     1.7775 0.0000e+00
     89.000     6.1098   3.265201    32.9172       2591     1.7987 0.0000e+00
     90.000     6.1102   3.265287    32.9173       2628     1.8242 0.0000e+00
     91.000     6.1010   3.264475    32.9167       2972     2.0632 0.0000e+00
     90.000     6.1026   3.264677    32.9178       3374     2.3427 0.0000e+00
     89.000     6.1013   3.264418    32.9167       3293     2.2858 0.0000e+00
     88.000     6.1014   3.264405    32.9170       3317     2.3029 0.0000e+00
     87.000     6.0968   3.263875    32.9160       3343     2.3212 0.0000e+00
     86.000     6.0957   3.263682    32.9154       3369     2.3392 0.0000e+00
     85.000     6.0924   3.263268    32.9144       3394     2.3561 0.0000e+00
     84.000     6.0882   3.262731    32.9131       3418     2.3727 0.0000e+00
     83.000     6.0871   3.262549    32.9126       3443     2.3904 0.0000e+00
     82.000     6.0855   3.262337    32.9122       3472     2.4101 0.0000e+00
     81.000     6.0859   3.262336    32.9124       3502     2.4312 0.0000e+00
     80.000     6.0852   3.262187    32.9118       3532     2.4518 0.0000e+00
     79.000     6.0837   3.261950    32.9112       3557     2.4697 0.0000e+00
     78.000     6.0803   3.261441    32.9093       3579     2.4848 0.0000e+00
     77.000     6.0737   3.260597    32.9067       3600     2.4994 0.0000e+00
     76.000     6.0657   3.259564    32.9034       3623     2.5150 0.0000e+00
     75.000     6.0629   3.258998    32.9003       3650     2.5339 0.0000e+00
     74.000     6.0623   3.258872    32.8999       3681     2.5555 0.0000e+00
     73.000     6.0541   3.257608    32.8942       3710     2.5760 0.0000e+00
     72.000     6.0394   3.255576    32.8863       3736     2.5936 0.0000e+00
     71.000     6.0324   3.254582    32.8824       3759     2.6094 0.0000e+00
     70.000     6.0256   3.253487    32.8772       3781     2.6248 0.0000e+00
     69.000     6.0067   3.250556    32.8632       3804     2.6407 0.0000e+00
     68.000     5.9922   3.248508    32.8548       3830     2.6592 0.0000e+00
     67.000     5.9766   3.246377    32.8465       3862     2.6815 0.0000e+00
     66.000     5.9420   3.239864    32.8075       3895     2.7041 0.0000e+00
     65.000     5.8091   3.218699    32.6989       3923     2.7234 0.0000e+00
     64.000     5.7876   3.215369    32.6828       3945     2.7390 0.0000e+00
     63.000     5.6799   3.198882    32.6015       3965     2.7529 0.0000e+00
     62.000     5.5730   3.182355    32.5187       3986     2.7671 0.0000e+00
     61.000     5.5055   3.172021    32.4675       4008     2.7825 0.0000e+00
     60.000     5.3938   3.156072    32.3949       4034     2.8005 0.0000e+00
     59.000     5.3606   3.150344    32.3623       4065     2.8225 0.0000e+00
     58.000     5.2909   3.136976    32.2779       4098     2.8453 0.0000e+00
     57.000     5.1905   3.120323    32.1853       4126     2.8648 0.0000e+00
     56.000     5.2017   3.121801    32.1919       4151     2.8820 0.0000e+00
     55.000     5.1861   3.118103    32.1652       4175     2.8986 0.0000e+00
     54.000     5.1694   3.113855    32.1332       4199     2.9151 0.0000e+00
     53.000     5.1652   3.111186    32.1073       4222     2.9315 0.0000e+00
     52.000     5.1617   3.110289    32.1009       4247     2.9484 0.0000e+00
     51.000     5.1608   3.109476    32.0930       4272     2.9660 0.0000e+00
     50.000     5.1646   3.109657    32.0919       4298     2.9840 0.0000e+00
     49.000     5.1911   3.109640    32.0668       4324     3.0022 0.0000e+00
     48.000     5.2043   3.110178    32.0608       4350     3.0202 0.0000e+00
     47.000     5.2469   3.111253    32.0326       4377     3.0392 0.0000e+00
     46.000     5.2550   3.111641    32.0299       4407     3.0597 0.0000e+00
     45.000     5.3027   3.113718    32.0083       4436     3.0800 0.0000e+00
     44.000     5.3267   3.114956    31.9999       4462     3.0979 0.0000e+00
     43.000     5.3512   3.116176    31.9909       4485     3.1141 0.0000e+00
     42.000     5.3433   3.115828    31.9950       4508     3.1298 0.0000e+00
     41.000     5.3861   3.118121    31.9807       4530     3.1452 0.0000e+00
     40.000     5.4076   3.119583    31.9773       4553     3.1610 0.0000e+00
     39.000     5.4432   3.122352    31.9752       4578     3.1781 0.0000e+00
     38.000     5.4401   3.122558    31.9810       4606     3.1978 0.0000e+00
     37.000     5.4937   3.126169    31.9713       4637     3.2191 0.0000e+00
     36.000     5.5480   3.130112    31.9648       4667     3.2406 0.0000e+00
     35.000     5.6044   3.134052    31.9561       4696     3.2603 0.0000e+00
     34.000     5.6626   3.138572    31.9523       4721     3.2781 0.0000e+00
     33.000     5.7003   3.141784    31.9532       4745     3.2941 0.0000e+00
     32.000     5.7493   3.145482    31.9488       4766     3.3091 0.0000e+00
     31.000     5.7911   3.148896    31.9482       4787     3.3235 0.0000e+00
     30.000     5.8222   3.151462    31.9480       4808     3.3382 0.0000e+00
     29.000     5.8172   3.151209    31.9504       4832     3.3552 0.0000e+00
     28.000     5.8914   3.157265    31.9486       4864     3.3772 0.0000e+00
     27.000     5.9269   3.160186    31.9482       4901     3.4029 0.0000e+00
     26.000     5.9701   3.163659    31.9467       4929     3.4226 0.0000e+00
     25.000     5.9903   3.165242    31.9459       4952     3.4384 0.0000e+00
     24.000     5.9912   3.165371    31.9470       4972     3.4521 0.0000e+00
     23.000     5.9945   3.165689    31.9479       4992     3.4660 0.0000e+00
     22.000     5.9973   3.165925    31.9484       5015     3.4821 0.0000e+00
     21.000     5.9979   3.166042    31.9496       5046     3.5033 0.0000e+00
     20.000     6.0022   3.166342    31.9494       5080     3.5268 0.0000e+00
     19.000     6.0116   3.167146    31.9500       5106     3.5450 0.0000e+00
     18.000     6.0194   3.167825    31.9506       5128     3.5601 0.0000e+00
     17.000     6.0306   3.168726    31.9506       5149     3.5749 0.0000e+00
     16.000     6.0361   3.169256    31.9519       5172     3.5908 0.0000e+00
     15.000     6.0452   3.170044    31.9526       5200     3.6107 0.0000e+00
     14.000     6.0530   3.170643    31.9523       5234     3.6338 0.0000e+00
     13.000     6.0789   3.172721    31.9516       5261     3.6527 0.0000e+00
     12.000     6.0997   3.174447    31.9517       5283     3.6679 0.0000e+00
     11.000     6.1322   3.176942    31.9494       5303     3.6818 0.0000e+00
     10.000     6.1814   3.180253    31.9405       5324     3.6964 0.0000e+00
      9.000     6.2360   3.184764    31.9397       5348     3.7132 0.0000e+00
      8.000     6.2780   3.188006    31.9367       5376     3.7327 0.0000e+00
      7.000     6.3263   3.191518    31.9308       5407     3.7541 0.0000e+00
      6.000     6.5225   3.206799    31.9164       5435     3.7739 0.0000e+00
      5.000     6.6614   3.217974    31.9101       5461     3.7917 0.0000e+00
      4.000     6.8015   3.228144    31.8917       5486     3.8092 0.0000e+00
      3.000     7.0967   3.251042    31.8680       5517     3.8305 0.0000e+00
      2.000     7.4024   3.278645    31.8853       5839     4.0540 0.0000e+00
      1.000     7.3155   3.271744    31.8913       6040     4.1935 0.0000e+00
