HB2402/ctd110.cnv
* Sea-Bird SBE 9 Data File:
* FileName = C:\cruise\data\ctd110.hex
* Software Version Seasave V 7.26.7.121
* Temperature SN = 5253
* Conductivity SN = 4421
* Number of Bytes Per Scan = 37
* Number of Voltage Words = 4
* Number of Scans Averaged by the Deck Unit = 1
* NMEA Latitude = 40 20.67 N
* NMEA Longitude = 071 03.63 W
* NMEA UTC (Time) = Apr 07 2024 19:28:22
* NMEA baud rate = 4800
** Ship: Bigelow HB2304
** Program:  Fall Bottom Trawl Survey
** Chief Scientist: John Galbraith
# nquan = 7
# nvalues = 175                         
# units = specified
# name 0 = depSM: Depth [salt water, m]
# name 1 = t090C: Temperature [ITS-90, deg C]
# name 2 = c0S/m: Conductivity [S/m]
# name 3 = sal00: Salinity, Practical [PSU]
# name 4 = scan: Scan Count
# name 5 = timeM: Time, Elapsed [minutes]
# name 6 = flag: flag
# span 0 =      1.000,     89.000       
# span 1 =     5.8237,     6.1177       
# span 2 =   3.181170,   3.194356       
# span 3 =    32.1434,    32.3351       
# span 4 =         24,       6425       
# span 5 =     0.0162,     4.4608       
# span 6 = 0.0000e+00, 0.0000e+00       
# interval = meters: 1                  
# start_time = Apr 07 2024 19:28:22 [NMEA time, header]
# bad_flag = -9.990e-29
*END*
      3.000     6.0925   3.190641    32.1434         24     0.0162 0.0000e+00
      4.000     6.0926   3.190871    32.1455        124     0.0857 0.0000e+00
      5.000     6.1004   3.191771    32.1476        444     0.3078 0.0000e+00
      6.000     6.1066   3.192289    32.1470        439     0.3038 0.0000e+00
      7.000     6.1137   3.192936    32.1470        451     0.3122 0.0000e+00
      8.000     6.1125   3.192901    32.1473        481     0.3331 0.0000e+00
      9.000     6.1143   3.193131    32.1477        527     0.3654 0.0000e+00
     10.000     6.1177   3.193466    32.1477        546     0.3783 0.0000e+00
     11.000     6.1097   3.192858    32.1480        566     0.3927 0.0000e+00
     12.000     6.1038   3.192381    32.1478        596     0.4130 0.0000e+00
     13.000     6.1000   3.192101    32.1478        632     0.4381 0.0000e+00
     14.000     6.0941   3.191693    32.1483        653     0.4524 0.0000e+00
     15.000     6.0779   3.190496    32.1498        673     0.4666 0.0000e+00
     16.000     6.0531   3.188385    32.1493        759     0.5261 0.0000e+00
     17.000     6.0552   3.188593    32.1492        821     0.5698 0.0000e+00
     18.000     6.0561   3.188625    32.1482        875     0.6071 0.0000e+00
     19.000     6.0568   3.188802    32.1490        920     0.6385 0.0000e+00
     20.000     6.0432   3.187728    32.1494        941     0.6525 0.0000e+00
     21.000     6.0337   3.187061    32.1505        961     0.6667 0.0000e+00
     22.000     6.0282   3.186650    32.1506        985     0.6835 0.0000e+00
     23.000     6.0259   3.186528    32.1510       1018     0.7061 0.0000e+00
     24.000     6.0233   3.186363    32.1512       1050     0.7282 0.0000e+00
     25.000     6.0251   3.186544    32.1509       1076     0.7468 0.0000e+00
     26.000     6.0225   3.186151    32.1486       1103     0.7655 0.0000e+00
     27.000     6.0179   3.186092    32.1518       1133     0.7858 0.0000e+00
     28.000     6.0111   3.185609    32.1523       1162     0.8060 0.0000e+00
     29.000     6.0117   3.185696    32.1522       1186     0.8227 0.0000e+00
     30.000     6.0091   3.185511    32.1521       1208     0.8385 0.0000e+00
     31.000     5.9988   3.184739    32.1528       1237     0.8583 0.0000e+00
     32.000     5.9951   3.184491    32.1530       1273     0.8835 0.0000e+00
     33.000     5.9963   3.184629    32.1529       1298     0.9008 0.0000e+00
     34.000     5.9949   3.184550    32.1529       1316     0.9130 0.0000e+00
     35.000     5.9943   3.184566    32.1532       1333     0.9253 0.0000e+00
     36.000     5.9947   3.184637    32.1531       1357     0.9418 0.0000e+00
     37.000     5.9945   3.184657    32.1531       1418     0.9844 0.0000e+00
     38.000     5.9949   3.184740    32.1531       1451     1.0069 0.0000e+00
     39.000     5.9939   3.184687    32.1530       1468     1.0188 0.0000e+00
     40.000     5.9894   3.184400    32.1536       1484     1.0296 0.0000e+00
     41.000     5.9859   3.184172    32.1538       1499     1.0402 0.0000e+00
     42.000     5.9880   3.184368    32.1536       1517     1.0525 0.0000e+00
     43.000     5.9837   3.184043    32.1535       1545     1.0724 0.0000e+00
     44.000     5.9827   3.184012    32.1536       1607     1.1154 0.0000e+00
     45.000     5.9833   3.184120    32.1538       1636     1.1353 0.0000e+00
     46.000     5.9825   3.184095    32.1538       1653     1.1473 0.0000e+00
     47.000     5.9809   3.184021    32.1540       1670     1.1589 0.0000e+00
     48.000     5.9789   3.183939    32.1545       1688     1.1715 0.0000e+00
     49.000     5.9790   3.183969    32.1543       1711     1.1878 0.0000e+00
     50.000     5.9747   3.183702    32.1548       1749     1.2140 0.0000e+00
     51.000     5.9733   3.183635    32.1550       1794     1.2452 0.0000e+00
     52.000     5.9704   3.183504    32.1557       1817     1.2609 0.0000e+00
     53.000     5.9670   3.183316    32.1564       1836     1.2742 0.0000e+00
     54.000     5.9622   3.183020    32.1572       1856     1.2882 0.0000e+00
     55.000     5.9578   3.182735    32.1576       1881     1.3056 0.0000e+00
     56.000     5.9565   3.182671    32.1577       1915     1.3293 0.0000e+00
     57.000     5.9559   3.182654    32.1576       1948     1.3524 0.0000e+00
     58.000     5.9535   3.182542    32.1581       1972     1.3686 0.0000e+00
     59.000     5.9530   3.182550    32.1582       1993     1.3833 0.0000e+00
     60.000     5.9526   3.182568    32.1583       2019     1.4016 0.0000e+00
     61.000     5.9515   3.182531    32.1584       2052     1.4246 0.0000e+00
     62.000     5.9512   3.182555    32.1585       2082     1.4451 0.0000e+00
     63.000     5.9477   3.182402    32.1596       2105     1.4615 0.0000e+00
     64.000     5.9477   3.182435    32.1595       2127     1.4765 0.0000e+00
     65.000     5.9456   3.182362    32.1602       2153     1.4942 0.0000e+00
     66.000     5.9445   3.182354    32.1606       2191     1.5206 0.0000e+00
     67.000     5.9430   3.182322    32.1613       2227     1.5455 0.0000e+00
     68.000     5.9412   3.182301    32.1622       2247     1.5594 0.0000e+00
     69.000     5.9342   3.182101    32.1662       2265     1.5719 0.0000e+00
     70.000     5.9281   3.182097    32.1714       2285     1.5863 0.0000e+00
     71.000     5.9261   3.182170    32.1737       2319     1.6097 0.0000e+00
     72.000     5.9173   3.182408    32.1842       2353     1.6333 0.0000e+00
     73.000     5.9074   3.182648    32.1959       2375     1.6489 0.0000e+00
     74.000     5.8944   3.182461    32.2056       2396     1.6629 0.0000e+00
     75.000     5.8775   3.182004    32.2161       2421     1.6803 0.0000e+00
     76.000     5.8629   3.181600    32.2250       2463     1.7096 0.0000e+00
     77.000     5.8523   3.181330    32.2316       2501     1.7360 0.0000e+00
     78.000     5.8411   3.181274    32.2412       2524     1.7521 0.0000e+00
     79.000     5.8240   3.181170    32.2559       2544     1.7658 0.0000e+00
     80.000     5.8255   3.183323    32.2781       2562     1.7783 0.0000e+00
     81.000     5.8237   3.183924    32.2861       2581     1.7914 0.0000e+00
     82.000     5.8415   3.187058    32.3038       2604     1.8079 0.0000e+00
     83.000     5.8668   3.190747    32.3205       2647     1.8375 0.0000e+00
     84.000     5.8671   3.190869    32.3210       2693     1.8696 0.0000e+00
     85.000     5.8675   3.190990    32.3216       2717     1.8861 0.0000e+00
     86.000     5.8790   3.192617    32.3283       2736     1.8992 0.0000e+00
     87.000     5.8761   3.192259    32.3266       2753     1.9115 0.0000e+00
     88.000     5.8913   3.194356    32.3351       2772     1.9246 0.0000e+00
     89.000     5.8914   3.194345    32.3344       2819     1.9568 0.0000e+00
     88.000     5.8907   3.194241    32.3344       2938     2.0397 0.0000e+00
     87.000     5.8837   3.193236    32.3303       3560     2.4714 0.0000e+00
     86.000     5.8796   3.192620    32.3277       3673     2.5503 0.0000e+00
     85.000     5.8767   3.192196    32.3263       3739     2.5955 0.0000e+00
     84.000     5.8777   3.192248    32.3264       3776     2.6213 0.0000e+00
     83.000     5.8745   3.191764    32.3245       3792     2.6325 0.0000e+00
     82.000     5.8698   3.191042    32.3214       3807     2.6428 0.0000e+00
     81.000     5.8642   3.190245    32.3183       3823     2.6540 0.0000e+00
     80.000     5.8612   3.189763    32.3163       3843     2.6680 0.0000e+00
     79.000     5.8479   3.187527    32.3043       3879     2.6931 0.0000e+00
     78.000     5.8263   3.183197    32.2769       3915     2.7184 0.0000e+00
     77.000     5.8252   3.181402    32.2583       3938     2.7339 0.0000e+00
     76.000     5.8323   3.181240    32.2502       3960     2.7491 0.0000e+00
     75.000     5.8455   3.181171    32.2373       3989     2.7696 0.0000e+00
     74.000     5.8564   3.181325    32.2291       4024     2.7941 0.0000e+00
     73.000     5.8763   3.181716    32.2150       4048     2.8101 0.0000e+00
     72.000     5.8902   3.182046    32.2059       4067     2.8233 0.0000e+00
     71.000     5.9002   3.182219    32.1988       4087     2.8372 0.0000e+00
     70.000     5.9110   3.182219    32.1891       4115     2.8571 0.0000e+00
     69.000     5.9138   3.182117    32.1857       4151     2.8819 0.0000e+00
     68.000     5.9252   3.181877    32.1727       4183     2.9041 0.0000e+00
     67.000     5.9288   3.181746    32.1683       4212     2.9243 0.0000e+00
     66.000     5.9322   3.181771    32.1659       4232     2.9385 0.0000e+00
     65.000     5.9340   3.181824    32.1652       4251     2.9515 0.0000e+00
     64.000     5.9365   3.181861    32.1638       4273     2.9670 0.0000e+00
     63.000     5.9401   3.181934    32.1616       4309     2.9917 0.0000e+00
     62.000     5.9432   3.182001    32.1599       4343     3.0150 0.0000e+00
     61.000     5.9460   3.182096    32.1588       4367     3.0323 0.0000e+00
     60.000     5.9471   3.182098    32.1583       4392     3.0494 0.0000e+00
     59.000     5.9474   3.182073    32.1582       4418     3.0671 0.0000e+00
     58.000     5.9497   3.182172    32.1576       4444     3.0854 0.0000e+00
     57.000     5.9518   3.182273    32.1572       4471     3.1044 0.0000e+00
     56.000     5.9534   3.182341    32.1569       4501     3.1252 0.0000e+00
     55.000     5.9559   3.182474    32.1565       4531     3.1458 0.0000e+00
     54.000     5.9586   3.182624    32.1562       4558     3.1645 0.0000e+00
     53.000     5.9601   3.182694    32.1560       4582     3.1816 0.0000e+00
     52.000     5.9616   3.182762    32.1558       4605     3.1973 0.0000e+00
     51.000     5.9629   3.182828    32.1558       4628     3.2132 0.0000e+00
     50.000     5.9633   3.182826    32.1559       4655     3.2323 0.0000e+00
     49.000     5.9639   3.182826    32.1558       4693     3.2581 0.0000e+00
     48.000     5.9655   3.182898    32.1556       4729     3.2832 0.0000e+00
     47.000     5.9689   3.183083    32.1549       4753     3.2997 0.0000e+00
     46.000     5.9720   3.183251    32.1543       4772     3.3134 0.0000e+00
     45.000     5.9744   3.183393    32.1541       4792     3.3274 0.0000e+00
     44.000     5.9760   3.183462    32.1538       4814     3.3426 0.0000e+00
     43.000     5.9771   3.183498    32.1537       4841     3.3610 0.0000e+00
     42.000     5.9786   3.183554    32.1534       4876     3.3853 0.0000e+00
     41.000     5.9794   3.183574    32.1533       4914     3.4115 0.0000e+00
     40.000     5.9807   3.183612    32.1530       4945     3.4332 0.0000e+00
     39.000     5.9815   3.183620    32.1529       4967     3.4484 0.0000e+00
     38.000     5.9818   3.183597    32.1528       4986     3.4621 0.0000e+00
     37.000     5.9820   3.183575    32.1528       5007     3.4764 0.0000e+00
     36.000     5.9826   3.183588    32.1529       5032     3.4940 0.0000e+00
     35.000     5.9833   3.183586    32.1527       5065     3.5163 0.0000e+00
     34.000     5.9844   3.183623    32.1525       5098     3.5395 0.0000e+00
     33.000     5.9861   3.183688    32.1522       5125     3.5585 0.0000e+00
     32.000     5.9877   3.183774    32.1521       5148     3.5743 0.0000e+00
     31.000     5.9889   3.183822    32.1520       5170     3.5899 0.0000e+00
     30.000     5.9902   3.183895    32.1520       5200     3.6104 0.0000e+00
     29.000     5.9922   3.184016    32.1519       5238     3.6370 0.0000e+00
     28.000     6.0002   3.184581    32.1512       5263     3.6542 0.0000e+00
     27.000     6.0014   3.184648    32.1513       5282     3.6673 0.0000e+00
     26.000     6.0026   3.184699    32.1512       5302     3.6815 0.0000e+00
     25.000     6.0039   3.184766    32.1513       5331     3.7015 0.0000e+00
     24.000     6.0060   3.184883    32.1510       5362     3.7228 0.0000e+00
     23.000     6.0096   3.185131    32.1508       5384     3.7381 0.0000e+00
     22.000     6.0094   3.185077    32.1510       5404     3.7524 0.0000e+00
     21.000     6.0157   3.185549    32.1507       5444     3.7795 0.0000e+00
     20.000     6.0199   3.185831    32.1504       5490     3.8121 0.0000e+00
     19.000     6.0261   3.186296    32.1502       5508     3.8240 0.0000e+00
     18.000     6.0371   3.187168    32.1500       5523     3.8345 0.0000e+00
     17.000     6.0522   3.188263    32.1483       5538     3.8450 0.0000e+00
     16.000     6.0490   3.188027    32.1492       5556     3.8576 0.0000e+00
     15.000     6.0513   3.188194    32.1494       5588     3.8795 0.0000e+00
     14.000     6.0537   3.188344    32.1493       5634     3.9119 0.0000e+00
     13.000     6.0542   3.188353    32.1494       5661     3.9303 0.0000e+00
     12.000     6.0534   3.188229    32.1492       5681     3.9444 0.0000e+00
     11.000     6.0528   3.188160    32.1496       5701     3.9581 0.0000e+00
     10.000     6.0535   3.188187    32.1496       5724     3.9740 0.0000e+00
      9.000     6.0537   3.188155    32.1496       5755     3.9958 0.0000e+00
      8.000     6.0534   3.188084    32.1496       5785     4.0170 0.0000e+00
      7.000     6.0525   3.187967    32.1496       5808     4.0326 0.0000e+00
      6.000     6.0525   3.187928    32.1497       5829     4.0473 0.0000e+00
      5.000     6.0530   3.187922    32.1496       5854     4.0648 0.0000e+00
      4.000     6.0557   3.188087    32.1494       5883     4.0847 0.0000e+00
      3.000     6.0587   3.188292    32.1493       5906     4.1006 0.0000e+00
      2.000     6.0627   3.188582    32.1492       6257     4.3446 0.0000e+00
      1.000     6.0601   3.188316    32.1492       6425     4.4608 0.0000e+00
