HB2402/ctd142.cnv
* Sea-Bird SBE 9 Data File:
* FileName = C:\cruise\data\ctd142.hex
* Software Version Seasave V 7.26.7.121
* Temperature SN = 5253
* Conductivity SN = 4421
* Number of Bytes Per Scan = 37
* Number of Voltage Words = 4
* Number of Scans Averaged by the Deck Unit = 1
* NMEA Latitude = 42 25.91 N
* NMEA Longitude = 070 32.84 W
* NMEA UTC (Time) = Apr 13 2024 17:51:27
* NMEA baud rate = 4800
** Ship: Bigelow HB2304
** Program:  Fall Bottom Trawl Survey
** Chief Scientist: John Galbraith
# nquan = 7
# nvalues = 101                         
# units = specified
# name 0 = depSM: Depth [salt water, m]
# name 1 = t090C: Temperature [ITS-90, deg C]
# name 2 = c0S/m: Conductivity [S/m]
# name 3 = sal00: Salinity, Practical [PSU]
# name 4 = scan: Scan Count
# name 5 = timeM: Time, Elapsed [minutes]
# name 6 = flag: flag
# span 0 =      1.000,     52.000       
# span 1 =     4.8345,     6.2857       
# span 2 =   2.968938,   3.025128       
# span 3 =    30.1060,    31.3861       
# span 4 =        133,       4772       
# span 5 =     0.0914,     3.3131       
# span 6 = 0.0000e+00, 0.0000e+00       
# interval = meters: 1                  
# start_time = Apr 13 2024 17:51:27 [NMEA time, header]
# bad_flag = -9.990e-29
*END*
      3.000     6.2797   3.022823    30.1124        133     0.0914 0.0000e+00
      4.000     6.2857   3.023345    30.1124        339     0.2347 0.0000e+00
      5.000     6.2854   3.023392    30.1127        358     0.2480 0.0000e+00
      6.000     6.2771   3.022848    30.1137        400     0.2771 0.0000e+00
      7.000     6.2083   3.017896    30.1195        451     0.3124 0.0000e+00
      8.000     6.1528   3.013821    30.1233        482     0.3340 0.0000e+00
      9.000     6.0912   3.008781    30.1218        527     0.3650 0.0000e+00
     10.000     6.0463   3.005419    30.1240        590     0.4088 0.0000e+00
     11.000     5.8790   2.991627    30.1194        632     0.4384 0.0000e+00
     12.000     5.8183   2.986529    30.1164        667     0.4624 0.0000e+00
     13.000     5.7814   2.983628    30.1165        703     0.4873 0.0000e+00
     14.000     5.7673   2.982504    30.1161        754     0.5229 0.0000e+00
     15.000     5.7208   2.979385    30.1224        794     0.5509 0.0000e+00
     16.000     5.7084   2.978638    30.1246        831     0.5766 0.0000e+00
     17.000     5.6939   2.977676    30.1263        894     0.6204 0.0000e+00
     18.000     5.6829   2.977027    30.1285        927     0.6434 0.0000e+00
     19.000     5.6714   2.976379    30.1310        957     0.6641 0.0000e+00
     20.000     5.6577   2.975612    30.1342        997     0.6915 0.0000e+00
     21.000     5.6484   2.975196    30.1374       1047     0.7263 0.0000e+00
     22.000     5.6409   2.975088    30.1425       1091     0.7571 0.0000e+00
     23.000     5.6375   2.975573    30.1505       1127     0.7817 0.0000e+00
     24.000     5.6329   2.975312    30.1512       1162     0.8064 0.0000e+00
     25.000     5.6255   2.974837    30.1521       1217     0.8442 0.0000e+00
     26.000     5.6080   2.973373    30.1508       1256     0.8717 0.0000e+00
     27.000     5.5976   2.972665    30.1518       1286     0.8923 0.0000e+00
     28.000     5.5834   2.971432    30.1502       1325     0.9194 0.0000e+00
     29.000     5.5640   2.970514    30.1569       1384     0.9603 0.0000e+00
     30.000     5.5368   2.970340    30.1789       1421     0.9859 0.0000e+00
     31.000     5.4223   2.974003    30.3228       1449     1.0056 0.0000e+00
     32.000     5.2263   2.985672    30.6325       1497     1.0392 0.0000e+00
     33.000     5.1653   2.991787    30.7572       1554     1.0782 0.0000e+00
     34.000     5.1436   2.992885    30.7892       1576     1.0939 0.0000e+00
     35.000     5.1105   2.994271    30.8350       1600     1.1104 0.0000e+00
     36.000     5.0879   2.994840    30.8620       1666     1.1560 0.0000e+00
     37.000     4.9965   2.992773    30.9226       1729     1.2002 0.0000e+00
     38.000     4.9078   2.991268    30.9874       1751     1.2156 0.0000e+00
     39.000     4.8573   2.991358    31.0351       1780     1.2356 0.0000e+00
     40.000     4.8345   2.990815    31.0496       1833     1.2724 0.0000e+00
     41.000     4.8358   2.992307    31.0651       1874     1.3010 0.0000e+00
     42.000     4.8405   2.994876    31.0897       1907     1.3238 0.0000e+00
     43.000     4.8511   2.997167    31.1055       1970     1.3674 0.0000e+00
     44.000     4.8630   2.999360    31.1190       2016     1.3995 0.0000e+00
     45.000     4.8769   3.002450    31.1409       2046     1.4202 0.0000e+00
     46.000     4.8827   3.006380    31.1800       2077     1.4418 0.0000e+00
     47.000     4.8855   3.011074    31.2307       2123     1.4737 0.0000e+00
     48.000     4.8870   3.017074    31.2975       2169     1.5055 0.0000e+00
     49.000     4.8883   3.021312    31.3445       2205     1.5307 0.0000e+00
     50.000     4.8894   3.024883    31.3838       2255     1.5651 0.0000e+00
     51.000     4.8895   3.025128    31.3861       2302     1.5981 0.0000e+00
     52.000     4.8891   3.023645    31.3689       3013     2.0915 0.0000e+00
     51.000     4.8893   3.022089    31.3514       2978     2.0673 0.0000e+00
     50.000     4.8887   3.020747    31.3371       3015     2.0929 0.0000e+00
     49.000     4.8877   3.017587    31.3023       3039     2.1100 0.0000e+00
     48.000     4.8863   3.014283    31.2662       3063     2.1262 0.0000e+00
     47.000     4.8850   3.011729    31.2387       3086     2.1420 0.0000e+00
     46.000     4.8806   3.008158    31.2024       3111     2.1599 0.0000e+00
     45.000     4.8733   3.005012    31.1736       3147     2.1845 0.0000e+00
     44.000     4.8613   3.000783    31.1369       3182     2.2093 0.0000e+00
     43.000     4.8553   2.998862    31.1210       3206     2.2255 0.0000e+00
     42.000     4.8470   2.996481    31.1019       3225     2.2391 0.0000e+00
     41.000     4.8423   2.994768    31.0872       3245     2.2530 0.0000e+00
     40.000     4.8403   2.993770    31.0780       3268     2.2686 0.0000e+00
     39.000     4.8385   2.992472    31.0654       3298     2.2895 0.0000e+00
     38.000     4.8452   2.990591    31.0380       3331     2.3126 0.0000e+00
     37.000     4.8834   2.990238    30.9988       3359     2.3320 0.0000e+00
     36.000     4.9370   2.991082    30.9590       3385     2.3503 0.0000e+00
     35.000     5.0324   2.992956    30.8923       3411     2.3682 0.0000e+00
     34.000     5.0798   2.993031    30.8499       3438     2.3865 0.0000e+00
     33.000     5.1149   2.992294    30.8095       3466     2.4064 0.0000e+00
     32.000     5.1552   2.990899    30.7570       3494     2.4256 0.0000e+00
     31.000     5.1849   2.988226    30.6998       3520     2.4436 0.0000e+00
     30.000     5.2850   2.979672    30.5118       3550     2.4645 0.0000e+00
     29.000     5.4511   2.971862    30.2736       3583     2.4877 0.0000e+00
     28.000     5.5267   2.969085    30.1748       3612     2.5076 0.0000e+00
     27.000     5.5437   2.968938    30.1583       3635     2.5237 0.0000e+00
     26.000     5.5597   2.969356    30.1491       3658     2.5396 0.0000e+00
     25.000     5.5734   2.969993    30.1445       3687     2.5597 0.0000e+00
     24.000     5.5821   2.970504    30.1428       3724     2.5856 0.0000e+00
     23.000     5.5920   2.971167    30.1419       3751     2.6044 0.0000e+00
     22.000     5.6106   2.972489    30.1406       3775     2.6205 0.0000e+00
     21.000     5.6110   2.972565    30.1415       3800     2.6381 0.0000e+00
     20.000     5.6121   2.972632    30.1417       3829     2.6583 0.0000e+00
     19.000     5.6226   2.973147    30.1385       3861     2.6808 0.0000e+00
     18.000     5.6329   2.973615    30.1351       3891     2.7015 0.0000e+00
     17.000     5.6521   2.974462    30.1278       3915     2.7182 0.0000e+00
     16.000     5.6676   2.975212    30.1228       3938     2.7338 0.0000e+00
     15.000     5.6781   2.975749    30.1198       3962     2.7510 0.0000e+00
     14.000     5.6885   2.976344    30.1176       3995     2.7738 0.0000e+00
     13.000     5.6977   2.976827    30.1153       4028     2.7965 0.0000e+00
     12.000     5.7162   2.977957    30.1119       4052     2.8131 0.0000e+00
     11.000     5.7467   2.979985    30.1077       4073     2.8280 0.0000e+00
     10.000     5.7578   2.980845    30.1079       4096     2.8439 0.0000e+00
      9.000     5.8006   2.984225    30.1079       4121     2.8611 0.0000e+00
      8.000     5.8508   2.988244    30.1083       4147     2.8793 0.0000e+00
      7.000     5.9260   2.994375    30.1100       4176     2.8990 0.0000e+00
      6.000     6.0683   3.005386    30.1060       4208     2.9213 0.0000e+00
      5.000     6.1783   3.014369    30.1081       4238     2.9425 0.0000e+00
      4.000     6.2493   3.020031    30.1081       4266     2.9618 0.0000e+00
      3.000     6.2698   3.021657    30.1083       4290     2.9784 0.0000e+00
      2.000     6.2771   3.022659    30.1134       4555     3.1626 0.0000e+00
      1.000     6.2775   3.022790    30.1149       4772     3.3131 0.0000e+00
