HB2402/ctd188.cnv
* Sea-Bird SBE 9 Data File:
* FileName = C:\cruise\data\ctd188.hex
* Software Version Seasave V 7.26.7.121
* Temperature SN = 5253
* Conductivity SN = 4421
* Number of Bytes Per Scan = 37
* Number of Voltage Words = 4
* Number of Scans Averaged by the Deck Unit = 1
* NMEA Latitude = 42 26.25 N
* NMEA Longitude = 067 07.41 W
* NMEA UTC (Time) = Apr 30 2024 17:03:33
* NMEA baud rate = 4800
** Ship: Bigelow HB2402
** Program:  Spring Bottom Trawl Survey
** Chief Scientist: John Galbraith
# nquan = 7
# nvalues = 742                         
# units = specified
# name 0 = depSM: Depth [salt water, m]
# name 1 = t090C: Temperature [ITS-90, deg C]
# name 2 = c0S/m: Conductivity [S/m]
# name 3 = sal00: Salinity, Practical [PSU]
# name 4 = scan: Scan Count
# name 5 = timeM: Time, Elapsed [minutes]
# name 6 = flag: flag
# span 0 =      1.000,    373.000       
# span 1 =     5.2554,     8.6919       
# span 2 =   3.133185,   3.647698       
# span 3 =    31.5933,    34.8574       
# span 4 =        218,      21628       
# span 5 =     0.1508,    15.0186       
# span 6 = 0.0000e+00, 0.0000e+00       
# interval = meters: 1                  
# start_time = Apr 30 2024 17:03:33 [NMEA time, header]
# bad_flag = -9.990e-29
*END*
[from data line 616]
    126.000     8.6365   3.625546    34.3575      17729    12.3110 0.0000e+00
    125.000     8.6353   3.624903    34.3524      17766    12.3370 0.0000e+00
    124.000     8.6307   3.623693    34.3446      17804    12.3629 0.0000e+00
    123.000     8.6231   3.622115    34.3358      17830    12.3810 0.0000e+00
    122.000     8.6124   3.620424    34.3288      17850    12.3955 0.0000e+00
    121.000     8.5960   3.617924    34.3189      17877    12.4136 0.0000e+00
    120.000     8.5671   3.613913    34.3051      17918    12.4425 0.0000e+00
    119.000     8.5197   3.607649    34.2854      17954    12.4674 0.0000e+00
    118.000     8.4986   3.604876    34.2770      17977    12.4834 0.0000e+00
    117.000     8.4800   3.602522    34.2706      17997    12.4973 0.0000e+00
    116.000     8.4569   3.599267    34.2591      18023    12.5152 0.0000e+00
    115.000     8.4588   3.598171    34.2461      18068    12.5466 0.0000e+00
    114.000     8.4596   3.596715    34.2304      18098    12.5674 0.0000e+00
    113.000     8.4465   3.594520    34.2204      18120    12.5827 0.0000e+00
    112.000     8.4336   3.592608    34.2130      18144    12.5996 0.0000e+00
    111.000     8.4197   3.590715    34.2070      18184    12.6273 0.0000e+00
    110.000     8.4024   3.588367    34.1994      18220    12.6523 0.0000e+00
    109.000     8.3861   3.586261    34.1933      18245    12.6695 0.0000e+00
    108.000     8.3767   3.585034    34.1900      18269    12.6863 0.0000e+00
    107.000     8.3685   3.584024    34.1876      18300    12.7078 0.0000e+00
    106.000     8.3543   3.582159    34.1821      18335    12.7317 0.0000e+00
    105.000     8.3377   3.580142    34.1774      18362    12.7506 0.0000e+00
    104.000     8.3133   3.577079    34.1689      18387    12.7680 0.0000e+00
    103.000     8.2792   3.572768    34.1567      18418    12.7899 0.0000e+00
    102.000     8.1968   3.562083    34.1235      18459    12.8179 0.0000e+00
    101.000     8.1324   3.553649    34.0967      18495    12.8431 0.0000e+00
    100.000     8.1247   3.552331    34.0906      18525    12.8640 0.0000e+00
     99.000     8.1157   3.550752    34.0830      18551    12.8823 0.0000e+00
     98.000     8.1105   3.549840    34.0788      18575    12.8989 0.0000e+00
     97.000     8.1081   3.549232    34.0751      18600    12.9158 0.0000e+00
     96.000     8.1047   3.548579    34.0719      18629    12.9360 0.0000e+00
     95.000     8.1004   3.547733    34.0675      18662    12.9591 0.0000e+00
     94.000     8.0775   3.544040    34.0508      18698    12.9841 0.0000e+00
     93.000     8.0461   3.539597    34.0343      18735    13.0100 0.0000e+00
     92.000     8.0269   3.536771    34.0232      18767    13.0320 0.0000e+00
     91.000     7.9932   3.531991    34.0053      18788    13.0467 0.0000e+00
     90.000     7.9703   3.528724    33.9931      18812    13.0630 0.0000e+00
     89.000     7.9114   3.520578    33.9634      18842    13.0843 0.0000e+00
     88.000     7.8053   3.506782    33.9190      18879    13.1095 0.0000e+00
     87.000     7.7566   3.500761    33.9020      18903    13.1262 0.0000e+00
     86.000     7.6839   3.490913    33.8671      18928    13.1440 0.0000e+00
     85.000     7.6001   3.479926    33.8306      18965    13.1696 0.0000e+00
     84.000     7.3740   3.450709    33.7347      19006    13.1982 0.0000e+00
     83.000     7.2439   3.433533    33.6751      19029    13.2140 0.0000e+00
     82.000     7.1585   3.422510    33.6385      19051    13.2291 0.0000e+00
     81.000     7.1034   3.415097    33.6118      19077    13.2473 0.0000e+00
     80.000     7.0328   3.406143    33.5831      19110    13.2701 0.0000e+00
     79.000     6.8791   3.386619    33.5193      19142    13.2924 0.0000e+00
     78.000     6.7161   3.365487    33.4462      19171    13.3127 0.0000e+00
     77.000     6.6655   3.358203    33.4157      19202    13.3341 0.0000e+00
     76.000     6.6234   3.352556    33.3949      19234    13.3561 0.0000e+00
     75.000     6.5867   3.347873    33.3795      19262    13.3755 0.0000e+00
     74.000     6.5272   3.340467    33.3560      19286    13.3926 0.0000e+00
     73.000     6.4788   3.334367    33.3362      19310    13.4088 0.0000e+00
     72.000     6.4421   3.329773    33.3215      19336    13.4270 0.0000e+00
     71.000     6.4040   3.325053    33.3069      19369    13.4503 0.0000e+00
     70.000     6.3423   3.317265    33.2810      19404    13.4740 0.0000e+00
     69.000     6.2961   3.310946    33.2562      19436    13.4964 0.0000e+00
     68.000     6.2586   3.305925    33.2374      19467    13.5182 0.0000e+00
     67.000     6.2388   3.303216    33.2270      19493    13.5364 0.0000e+00
     66.000     6.1989   3.298026    33.2086      19515    13.5515 0.0000e+00
     65.000     6.1536   3.292205    33.1883      19537    13.5670 0.0000e+00
     64.000     6.1278   3.288280    33.1701      19569    13.5885 0.0000e+00
     63.000     6.1034   3.284039    33.1471      19614    13.6198 0.0000e+00
     62.000     6.0684   3.278578    33.1206      19645    13.6418 0.0000e+00
     61.000     6.0411   3.274515    33.1023      19668    13.6578 0.0000e+00
     60.000     5.9935   3.267400    33.0695      19691    13.6737 0.0000e+00
     59.000     5.9592   3.262292    33.0461      19716    13.6907 0.0000e+00
     58.000     5.9080   3.255486    33.0201      19745    13.7108 0.0000e+00
     57.000     5.8631   3.249061    32.9922      19778    13.7340 0.0000e+00
     56.000     5.8149   3.242423    32.9650      19815    13.7598 0.0000e+00
     55.000     5.7666   3.235496    32.9346      19847    13.7816 0.0000e+00
     54.000     5.7014   3.225413    32.8849      19870    13.7976 0.0000e+00
     53.000     5.6698   3.219461    32.8489      19891    13.8125 0.0000e+00
     52.000     5.6446   3.214617    32.8192      19916    13.8299 0.0000e+00
     51.000     5.6375   3.212631    32.8042      19950    13.8538 0.0000e+00
     50.000     5.6320   3.210414    32.7849      19989    13.8804 0.0000e+00
     49.000     5.6140   3.205990    32.7529      20011    13.8961 0.0000e+00
     48.000     5.5463   3.193670    32.6798      20033    13.9114 0.0000e+00
     47.000     5.5164   3.187725    32.6419      20057    13.9281 0.0000e+00
     46.000     5.5008   3.184751    32.6238      20089    13.9500 0.0000e+00
     45.000     5.4862   3.181035    32.5964      20125    13.9752 0.0000e+00
     44.000     5.4957   3.179434    32.5695      20152    13.9936 0.0000e+00
     43.000     5.5121   3.177489    32.5320      20174    14.0092 0.0000e+00
     42.000     5.5164   3.175849    32.5098      20203    14.0291 0.0000e+00
     41.000     5.5088   3.173989    32.4965      20244    14.0574 0.0000e+00
     40.000     5.4573   3.165771    32.4536      20270    14.0755 0.0000e+00
     39.000     5.3094   3.145448    32.3661      20289    14.0889 0.0000e+00
     38.000     5.2982   3.142707    32.3461      20309    14.1026 0.0000e+00
     37.000     5.3580   3.147225    32.3402      20336    14.1216 0.0000e+00
     36.000     5.4184   3.150905    32.3244      20381    14.1526 0.0000e+00
     35.000     5.4853   3.154877    32.3055      20414    14.1758 0.0000e+00
     34.000     5.5072   3.155869    32.2962      20438    14.1925 0.0000e+00
     33.000     5.5269   3.156077    32.2801      20461    14.2086 0.0000e+00
     32.000     5.5135   3.153219    32.2611      20487    14.2264 0.0000e+00
     31.000     5.5048   3.151915    32.2551      20514    14.2454 0.0000e+00
     30.000     5.5072   3.151476    32.2484      20541    14.2641 0.0000e+00
     29.000     5.5180   3.150618    32.2288      20570    14.2837 0.0000e+00
     28.000     5.5613   3.152720    32.2115      20600    14.3047 0.0000e+00
     27.000     5.6366   3.157243    32.1911      20633    14.3277 0.0000e+00
     26.000     5.6886   3.159449    32.1668      20665    14.3503 0.0000e+00
     25.000     5.6961   3.157038    32.1329      20688    14.3663 0.0000e+00
     24.000     5.6454   3.149668    32.0986      20708    14.3798 0.0000e+00
     23.000     5.5809   3.141810    32.0720      20729    14.3941 0.0000e+00
     22.000     5.5544   3.137394    32.0478      20760    14.4163 0.0000e+00
     21.000     5.5476   3.134693    32.0243      20797    14.4415 0.0000e+00
     20.000     5.5537   3.133185    32.0019      20823    14.4599 0.0000e+00
     19.000     5.5707   3.133945    31.9948      20850    14.4783 0.0000e+00
     18.000     5.6001   3.135532    31.9853      20879    14.4986 0.0000e+00
     17.000     5.7426   3.144725    31.9541      20903    14.5154 0.0000e+00
     16.000     5.9666   3.160038    31.9145      20925    14.5305 0.0000e+00
     15.000     6.1502   3.172373    31.8797      20949    14.5473 0.0000e+00
     14.000     6.2192   3.177184    31.8689      20986    14.5732 0.0000e+00
     13.000     6.2704   3.180843    31.8620      21019    14.5957 0.0000e+00
     12.000     6.3064   3.183333    31.8564      21040    14.6102 0.0000e+00
     11.000     6.3184   3.184271    31.8559      21060    14.6246 0.0000e+00
     10.000     6.3371   3.185610    31.8537      21086    14.6426 0.0000e+00
      9.000     6.3711   3.188187    31.8509      21115    14.6627 0.0000e+00
      8.000     6.4376   3.193079    31.8434      21141    14.6805 0.0000e+00
      7.000     6.5328   3.200084    31.8323      21166    14.6981 0.0000e+00
      6.000     6.5979   3.205064    31.8270      21195    14.7183 0.0000e+00
      5.000     6.6533   3.209386    31.8234      21224    14.7381 0.0000e+00
      4.000     6.6787   3.211512    31.8235      21247    14.7539 0.0000e+00
      3.000     6.6631   3.210659    31.8293      21454    14.8977 0.0000e+00
      2.000     6.6592   3.210366    31.8301      21619    15.0127 0.0000e+00
      1.000     6.6569   3.210159    31.8304      21628    15.0186 0.0000e+00
