HB2402/ctd177.cnv
* Sea-Bird SBE 9 Data File:
* FileName = C:\cruise\data\ctd177.hex
* Software Version Seasave V 7.26.7.121
* Temperature SN = 5253
* Conductivity SN = 4421
* Number of Bytes Per Scan = 37
* Number of Voltage Words = 4
* Number of Scans Averaged by the Deck Unit = 1
* NMEA Latitude = 42 09.32 N
* NMEA Longitude = 066 17.37 W
* NMEA UTC (Time) = Apr 28 2024 19:24:59
* NMEA baud rate = 4800
** Ship: Bigelow HB2402
** Program:  Spring Bottom Trawl Survey
** Chief Scientist: John Galbraith
# nquan = 7
# nvalues = 361                         
# units = specified
# name 0 = depSM: Depth [salt water, m]
# name 1 = t090C: Temperature [ITS-90, deg C]
# name 2 = c0S/m: Conductivity [S/m]
# name 3 = sal00: Salinity, Practical [PSU]
# name 4 = scan: Scan Count
# name 5 = timeM: Time, Elapsed [minutes]
# name 6 = flag: flag
# span 0 =      1.000,    182.000       
# span 1 =     5.0872,     8.9819       
# span 2 =   3.102480,   3.569656       
# span 3 =    30.3305,    34.5086       
# span 4 =         38,      10169       
# span 5 =     0.0258,     7.0612       
# span 6 = 0.0000e+00, 0.0000e+00       
# interval = meters: 1                  
# start_time = Apr 28 2024 19:24:59 [NMEA time, header]
# bad_flag = -9.990e-29
*END*
      3.000     8.5200   3.225711    30.3305         38     0.0258 0.0000e+00
      4.000     8.9819   3.316281    30.8724        217     0.1502 0.0000e+00
      5.000     8.9143   3.355940    31.3378        264     0.1830 0.0000e+00
      6.000     7.9962   3.371921    32.3447        287     0.1984 0.0000e+00
      7.000     6.6996   3.351670    33.3435        312     0.2158 0.0000e+00
      8.000     6.4410   3.258478    32.5634        339     0.2350 0.0000e+00
      9.000     6.3635   3.208076    32.0783        368     0.2549 0.0000e+00
     10.000     6.3903   3.200866    31.9728        394     0.2729 0.0000e+00
     11.000     6.3825   3.198374    31.9521        418     0.2893 0.0000e+00
     12.000     6.3824   3.197636    31.9435        442     0.3061 0.0000e+00
     13.000     6.3836   3.197353    31.9387        470     0.3258 0.0000e+00
     14.000     6.3910   3.198123    31.9398        500     0.3468 0.0000e+00
     15.000     6.3985   3.199152    31.9438        527     0.3653 0.0000e+00
     16.000     6.3995   3.199285    31.9438        551     0.3819 0.0000e+00
     17.000     6.3978   3.199170    31.9436        576     0.3990 0.0000e+00
     18.000     6.3917   3.198683    31.9435        602     0.4174 0.0000e+00
     19.000     6.3754   3.197347    31.9435        629     0.4362 0.0000e+00
     20.000     6.3472   3.194835    31.9417        656     0.4546 0.0000e+00
     21.000     6.3315   3.193325    31.9391        682     0.4731 0.0000e+00
     22.000     6.3258   3.192720    31.9373        709     0.4915 0.0000e+00
     23.000     6.2929   3.189604    31.9332        737     0.5112 0.0000e+00
     24.000     6.2852   3.189006    31.9334        764     0.5300 0.0000e+00
     25.000     6.2730   3.188002    31.9331        788     0.5468 0.0000e+00
     26.000     6.2244   3.183600    31.9295        813     0.5638 0.0000e+00
     27.000     6.2061   3.181960    31.9279        841     0.5833 0.0000e+00
     28.000     6.2040   3.181683    31.9264        873     0.6059 0.0000e+00
     29.000     6.2001   3.181310    31.9254        904     0.6269 0.0000e+00
     30.000     6.1878   3.180223    31.9244        929     0.6441 0.0000e+00
     31.000     6.1658   3.178424    31.9246        950     0.6591 0.0000e+00
     32.000     6.1801   3.179852    31.9266        972     0.6744 0.0000e+00
     33.000     6.1801   3.179931    31.9269        998     0.6924 0.0000e+00
     34.000     6.1495   3.177179    31.9246       1028     0.7135 0.0000e+00
     35.000     6.2268   3.185650    31.9456       1058     0.7341 0.0000e+00
     36.000     6.1540   3.179537    31.9457       1086     0.7534 0.0000e+00
     37.000     6.1316   3.177909    31.9482       1113     0.7725 0.0000e+00
     38.000     6.0497   3.170808    31.9457       1140     0.7909 0.0000e+00
     39.000     5.9684   3.163828    31.9440       1165     0.8087 0.0000e+00
     40.000     5.9209   3.159924    31.9446       1191     0.8266 0.0000e+00
     41.000     5.8536   3.154391    31.9457       1217     0.8448 0.0000e+00
     42.000     5.8125   3.150680    31.9425       1243     0.8626 0.0000e+00
     43.000     5.6987   3.140299    31.9331       1268     0.8801 0.0000e+00
     44.000     5.6426   3.135588    31.9328       1296     0.8996 0.0000e+00
     45.000     5.6523   3.136678    31.9354       1327     0.9205 0.0000e+00
     46.000     5.6044   3.132460    31.9328       1357     0.9414 0.0000e+00
     47.000     5.5763   3.130246    31.9339       1384     0.9603 0.0000e+00
     48.000     5.5719   3.130104    31.9360       1407     0.9763 0.0000e+00
     49.000     5.5726   3.130340    31.9375       1430     0.9921 0.0000e+00
     50.000     5.5797   3.131259    31.9407       1454     1.0092 0.0000e+00
     51.000     5.5913   3.132431    31.9424       1483     1.0292 0.0000e+00
     52.000     5.5982   3.133155    31.9436       1514     1.0504 0.0000e+00
     53.000     5.5810   3.131760    31.9436       1543     1.0709 0.0000e+00
     54.000     5.5232   3.126695    31.9409       1571     1.0900 0.0000e+00
     55.000     5.4424   3.119816    31.9393       1597     1.1084 0.0000e+00
     56.000     5.3779   3.114625    31.9414       1622     1.1254 0.0000e+00
     57.000     5.2736   3.106720    31.9506       1644     1.1413 0.0000e+00
     58.000     5.1987   3.103536    31.9854       1668     1.1576 0.0000e+00
     59.000     5.2013   3.103928    31.9869       1696     1.1772 0.0000e+00
     60.000     5.2025   3.104123    31.9875       1731     1.2013 0.0000e+00
     61.000     5.2035   3.104427    31.9894       1760     1.2219 0.0000e+00
     62.000     5.2047   3.104880    31.9930       1785     1.2388 0.0000e+00
     63.000     5.1952   3.105217    32.0055       1808     1.2551 0.0000e+00
     64.000     5.1804   3.105426    32.0215       1833     1.2719 0.0000e+00
     65.000     5.1553   3.104963    32.0397       1857     1.2891 0.0000e+00
     66.000     5.1087   3.104644    32.0804       1883     1.3072 0.0000e+00
     67.000     5.0872   3.107504    32.1333       1914     1.3287 0.0000e+00
     68.000     5.1121   3.115250    32.1974       1947     1.3514 0.0000e+00
     69.000     5.1535   3.122364    32.2383       1974     1.3704 0.0000e+00
     70.000     5.1853   3.127678    32.2678       1997     1.3858 0.0000e+00
     71.000     5.2201   3.133136    32.2959       2021     1.4028 0.0000e+00
     72.000     5.2676   3.139383    32.3208       2048     1.4218 0.0000e+00
     73.000     5.2842   3.141560    32.3291       2077     1.4414 0.0000e+00
     74.000     5.3078   3.144679    32.3413       2103     1.4599 0.0000e+00
     75.000     5.3256   3.147048    32.3507       2129     1.4779 0.0000e+00
     76.000     5.3492   3.150037    32.3614       2156     1.4964 0.0000e+00
     77.000     5.3709   3.153050    32.3741       2187     1.5178 0.0000e+00
     78.000     5.3982   3.156935    32.3915       2214     1.5370 0.0000e+00
     79.000     5.4228   3.160253    32.4049       2240     1.5552 0.0000e+00
     80.000     5.4371   3.162208    32.4128       2264     1.5716 0.0000e+00
     81.000     5.4439   3.163149    32.4164       2288     1.5883 0.0000e+00
     82.000     5.4477   3.163709    32.4186       2313     1.6054 0.0000e+00
     83.000     5.4533   3.164573    32.4225       2338     1.6230 0.0000e+00
     84.000     5.4613   3.165855    32.4288       2366     1.6421 0.0000e+00
     85.000     5.4641   3.166358    32.4313       2396     1.6633 0.0000e+00
     86.000     5.4678   3.167007    32.4346       2429     1.6860 0.0000e+00
     87.000     5.4732   3.167787    32.4377       2457     1.7056 0.0000e+00
     88.000     5.4773   3.168387    32.4401       2482     1.7228 0.0000e+00
     89.000     5.4937   3.170620    32.4490       2504     1.7385 0.0000e+00
     90.000     5.5090   3.172685    32.4572       2528     1.7545 0.0000e+00
     91.000     5.5319   3.175692    32.4686       2551     1.7705 0.0000e+00
     92.000     5.5568   3.179021    32.4817       2575     1.7876 0.0000e+00
     93.000     5.5628   3.180131    32.4880       2603     1.8068 0.0000e+00
     94.000     5.5694   3.181397    32.4955       2634     1.8287 0.0000e+00
     95.000     5.5934   3.184932    32.5118       2667     1.8512 0.0000e+00
     96.000     5.6074   3.187257    32.5240       2695     1.8711 0.0000e+00
     97.000     5.6654   3.196261    32.5692       2720     1.8881 0.0000e+00
     98.000     5.7486   3.208814    32.6299       2741     1.9028 0.0000e+00
     99.000     5.8334   3.221922    32.6949       2762     1.9175 0.0000e+00
    100.000     5.9024   3.232521    32.7467       2786     1.9343 0.0000e+00
    101.000     5.9385   3.238491    32.7782       2817     1.9554 0.0000e+00
    102.000     5.9509   3.240826    32.7920       2851     1.9794 0.0000e+00
    103.000     5.9788   3.246417    32.8271       2879     1.9984 0.0000e+00
    104.000     6.0016   3.253007    32.8784       2901     2.0139 0.0000e+00
    105.000     6.0221   3.257091    32.9037       2923     2.0289 0.0000e+00
    106.000     6.0411   3.259975    32.9171       2947     2.0461 0.0000e+00
    107.000     6.0551   3.262462    32.9308       2979     2.0681 0.0000e+00
    108.000     6.0664   3.267315    32.9737       3011     2.0901 0.0000e+00
    109.000     6.0662   3.273952    33.0476       3035     2.1071 0.0000e+00
    110.000     6.0615   3.276830    33.0839       3057     2.1219 0.0000e+00
    111.000     6.0933   3.284748    33.1410       3080     2.1379 0.0000e+00
    112.000     6.1329   3.291225    33.1743       3108     2.1577 0.0000e+00
    113.000     6.1705   3.296556    33.1966       3140     2.1797 0.0000e+00
    114.000     6.2582   3.308395    33.2425       3167     2.1987 0.0000e+00
    115.000     6.3570   3.322096    33.2980       3190     2.2147 0.0000e+00
    116.000     6.4533   3.335514    33.3525       3213     2.2303 0.0000e+00
    117.000     6.4887   3.340208    33.3695       3237     2.2472 0.0000e+00
    118.000     6.4934   3.340979    33.3730       3267     2.2683 0.0000e+00
    119.000     6.5409   3.348070    33.4046       3299     2.2905 0.0000e+00
    120.000     6.6387   3.361496    33.4571       3325     2.3084 0.0000e+00
    121.000     6.6621   3.365014    33.4726       3349     2.3248 0.0000e+00
    122.000     6.7026   3.370703    33.4953       3376     2.3434 0.0000e+00
    123.000     6.7070   3.371406    33.4983       3406     2.3645 0.0000e+00
    124.000     6.7142   3.372532    33.5032       3432     2.3829 0.0000e+00
    125.000     6.7288   3.374634    33.5116       3455     2.3989 0.0000e+00
    126.000     6.7558   3.378616    33.5286       3478     2.4149 0.0000e+00
    127.000     6.7578   3.378931    33.5296       3503     2.4320 0.0000e+00
    128.000     6.7831   3.382636    33.5453       3531     2.4517 0.0000e+00
    129.000     6.8226   3.387935    33.5644       3565     2.4748 0.0000e+00
    130.000     6.8177   3.387481    33.5638       3597     2.4969 0.0000e+00
    131.000     6.8397   3.390615    33.5762       3621     2.5142 0.0000e+00
    132.000     6.9202   3.402190    33.6242       3643     2.5295 0.0000e+00
    133.000     6.9749   3.410100    33.6570       3667     2.5457 0.0000e+00
    134.000     6.9884   3.411959    33.6637       3694     2.5648 0.0000e+00
    135.000     6.9871   3.411923    33.6641       3724     2.5855 0.0000e+00
    136.000     6.9899   3.412383    33.6660       3752     2.6047 0.0000e+00
    137.000     6.9893   3.412476    33.6671       3777     2.6225 0.0000e+00
    138.000     6.9909   3.412850    33.6691       3802     2.6399 0.0000e+00
    139.000     6.9939   3.413298    33.6707       3829     2.6582 0.0000e+00
    140.000     6.9954   3.413539    33.6713       3858     2.6782 0.0000e+00
    141.000     6.9959   3.413776    33.6729       3888     2.6993 0.0000e+00
    142.000     6.9979   3.414191    33.6750       3916     2.7191 0.0000e+00
    143.000     7.0286   3.419850    33.7065       3942     2.7368 0.0000e+00
    144.000     7.1045   3.431052    33.7543       3966     2.7538 0.0000e+00
    145.000     7.1281   3.434470    33.7681       3991     2.7708 0.0000e+00
    146.000     7.1502   3.438418    33.7890       4016     2.7882 0.0000e+00
    147.000     7.2167   3.448795    33.8367       4044     2.8074 0.0000e+00
    148.000     7.3036   3.463936    33.9160       4075     2.8292 0.0000e+00
    149.000     7.4044   3.480989    34.0022       4105     2.8501 0.0000e+00
    150.000     7.4406   3.487402    34.0357       4132     2.8687 0.0000e+00
    151.000     7.4733   3.494094    34.0758       4158     2.8866 0.0000e+00
    152.000     7.5022   3.499448    34.1050       4183     2.9041 0.0000e+00
    153.000     7.5246   3.503400    34.1253       4209     2.9224 0.0000e+00
    154.000     7.5418   3.506776    34.1444       4237     2.9419 0.0000e+00
    155.000     7.5594   3.510371    34.1656       4266     2.9619 0.0000e+00
    156.000     7.5909   3.516836    34.2041       4293     2.9808 0.0000e+00
    157.000     7.6022   3.519161    34.2177       4318     2.9976 0.0000e+00
    158.000     7.6118   3.522479    34.2436       4342     3.0148 0.0000e+00
    159.000     7.6385   3.529179    34.2892       4372     3.0356 0.0000e+00
    160.000     7.6750   3.536454    34.3313       4406     3.0592 0.0000e+00
    161.000     7.7046   3.542728    34.3694       4435     3.0791 0.0000e+00
    162.000     7.7357   3.549339    34.4096       4461     3.0972 0.0000e+00
    163.000     7.7618   3.554990    34.4442       4486     3.1146 0.0000e+00
    164.000     7.7720   3.557038    34.4558       4512     3.1325 0.0000e+00
    165.000     7.7787   3.558216    34.4613       4537     3.1503 0.0000e+00
    166.000     7.7841   3.559108    34.4651       4565     3.1694 0.0000e+00
    167.000     7.7947   3.560874    34.4731       4594     3.1899 0.0000e+00
    168.000     7.8006   3.561812    34.4770       4621     3.2086 0.0000e+00
    169.000     7.8010   3.561923    34.4773       4646     3.2254 0.0000e+00
    170.000     7.8039   3.562301    34.4780       4672     3.2434 0.0000e+00
    171.000     7.8044   3.562468    34.4789       4703     3.2654 0.0000e+00
    172.000     7.8099   3.563335    34.4823       4735     3.2873 0.0000e+00
    173.000     7.8179   3.564488    34.4863       4759     3.3039 0.0000e+00
    174.000     7.8207   3.564961    34.4881       4782     3.3202 0.0000e+00
    175.000     7.8299   3.566372    34.4937       4808     3.3385 0.0000e+00
    176.000     7.8342   3.567041    34.4962       4839     3.3594 0.0000e+00
    177.000     7.8367   3.567528    34.4984       4869     3.3804 0.0000e+00
    178.000     7.8370   3.567638    34.4989       4896     3.3995 0.0000e+00
    179.000     7.8416   3.568471    34.5028       4922     3.4171 0.0000e+00
    180.000     7.8437   3.568858    34.5044       4949     3.4364 0.0000e+00
    181.000     7.8455   3.569257    34.5065       4982     3.4591 0.0000e+00
    182.000     7.8470   3.569656    34.5086       5007     3.4764 0.0000e+00
    181.000     7.8442   3.569148    34.5066       5284     3.6686 0.0000e+00
    180.000     7.8433   3.568947    34.5058       5535     3.8429 0.0000e+00
    179.000     7.8424   3.568768    34.5052       5539     3.8458 0.0000e+00
    178.000     7.8422   3.568669    34.5048       5564     3.8631 0.0000e+00
    177.000     7.8414   3.568451    34.5037       5587     3.8789 0.0000e+00
    176.000     7.8340   3.567194    34.4980       5609     3.8944 0.0000e+00
    175.000     7.8259   3.565954    34.4932       5631     3.9099 0.0000e+00
    174.000     7.8216   3.565277    34.4906       5656     3.9268 0.0000e+00
    173.000     7.8176   3.564654    34.4884       5685     3.9473 0.0000e+00
    172.000     7.8137   3.564063    34.4863       5715     3.9680 0.0000e+00
    171.000     7.8109   3.563638    34.4850       5740     3.9855 0.0000e+00
    170.000     7.8100   3.563480    34.4846       5763     4.0013 0.0000e+00
    169.000     7.8074   3.563067    34.4833       5787     4.0182 0.0000e+00
    168.000     7.8061   3.562825    34.4825       5814     4.0370 0.0000e+00
    167.000     7.8037   3.562427    34.4810       5841     4.0558 0.0000e+00
    166.000     7.7981   3.561577    34.4779       5866     4.0732 0.0000e+00
    165.000     7.7937   3.560856    34.4749       5891     4.0904 0.0000e+00
    164.000     7.7882   3.559995    34.4716       5918     4.1090 0.0000e+00
    163.000     7.7844   3.559373    34.4691       5944     4.1270 0.0000e+00
    162.000     7.7791   3.558458    34.4650       5968     4.1435 0.0000e+00
    161.000     7.7743   3.557617    34.4611       5991     4.1594 0.0000e+00
    160.000     7.7627   3.555163    34.4467       6016     4.1768 0.0000e+00
    159.000     7.7372   3.549652    34.4129       6045     4.1971 0.0000e+00
    158.000     7.6984   3.541366    34.3623       6075     4.2179 0.0000e+00
    157.000     7.6771   3.537124    34.3380       6100     4.2355 0.0000e+00
