HB2402/ctd120.cnv
* Sea-Bird SBE 9 Data File:
* FileName = C:\cruise\data\ctd120.hex
* Software Version Seasave V 7.26.7.121
* Temperature SN = 5253
* Conductivity SN = 4421
* Number of Bytes Per Scan = 37
* Number of Voltage Words = 4
* Number of Scans Averaged by the Deck Unit = 1
* NMEA Latitude = 40 29.55 N
* NMEA Longitude = 069 47.99 W
* NMEA UTC (Time) = Apr 10 2024 00:57:31
* NMEA baud rate = 4800
** Ship: Bigelow HB2304
** Program:  Fall Bottom Trawl Survey
** Chief Scientist: John Galbraith
# nquan = 7
# nvalues = 131                         
# units = specified
# name 0 = depSM: Depth [salt water, m]
# name 1 = t090C: Temperature [ITS-90, deg C]
# name 2 = c0S/m: Conductivity [S/m]
# name 3 = sal00: Salinity, Practical [PSU]
# name 4 = scan: Scan Count
# name 5 = timeM: Time, Elapsed [minutes]
# name 6 = flag: flag
# span 0 =      2.000,     68.000       
# span 1 =     5.8448,     6.7524       
# span 2 =   3.167067,   3.241161       
# span 3 =    32.0657,    32.1079       
# span 4 =        211,       5088       
# span 5 =     0.1456,     3.5323       
# span 6 = 0.0000e+00, 0.0000e+00       
# interval = meters: 1                  
# start_time = Apr 10 2024 00:57:31 [NMEA time, header]
# bad_flag = -9.990e-29
*END*
      4.000     6.6563   3.233184    32.0825        211     0.1456 0.0000e+00
      5.000     6.5749   3.227055    32.0909        366     0.2536 0.0000e+00
      6.000     6.2729   3.202657    32.1050        392     0.2713 0.0000e+00
      7.000     6.1117   3.189259    32.1079        417     0.2889 0.0000e+00
      8.000     6.0866   3.186918    32.1051        442     0.3063 0.0000e+00
      9.000     6.0619   3.184802    32.1043        469     0.3252 0.0000e+00
     10.000     6.0513   3.183861    32.1034        498     0.3455 0.0000e+00
     11.000     6.0074   3.180177    32.1034        523     0.3626 0.0000e+00
     12.000     5.9532   3.175679    32.1040        548     0.3802 0.0000e+00
     13.000     5.9385   3.174362    32.1027        575     0.3988 0.0000e+00
     14.000     5.9359   3.174086    32.1016        604     0.4185 0.0000e+00
     15.000     5.9323   3.173741    32.1007        628     0.4356 0.0000e+00
     16.000     5.9180   3.172576    32.1008        651     0.4515 0.0000e+00
     17.000     5.9136   3.172214    32.1004        677     0.4691 0.0000e+00
     18.000     5.9083   3.171772    32.1000        706     0.4893 0.0000e+00
     19.000     5.9033   3.171353    32.0995        732     0.5078 0.0000e+00
     20.000     5.8977   3.170901    32.0993        756     0.5244 0.0000e+00
     21.000     5.8915   3.170400    32.0991        782     0.5422 0.0000e+00
     22.000     5.8871   3.170047    32.0988        813     0.5640 0.0000e+00
     23.000     5.8829   3.169713    32.0985        846     0.5872 0.0000e+00
     24.000     5.8755   3.169171    32.0991        875     0.6069 0.0000e+00
     25.000     5.8763   3.169235    32.0984        898     0.6227 0.0000e+00
     26.000     5.8732   3.169055    32.0990        918     0.6368 0.0000e+00
     27.000     5.8669   3.168630    32.0997        938     0.6508 0.0000e+00
     28.000     5.8585   3.168102    32.1013        961     0.6665 0.0000e+00
     29.000     5.8517   3.167645    32.1021        990     0.6866 0.0000e+00
     30.000     5.8516   3.167661    32.1018       1024     0.7107 0.0000e+00
     31.000     5.8481   3.167459    32.1024       1057     0.7330 0.0000e+00
     32.000     5.8477   3.167471    32.1025       1087     0.7541 0.0000e+00
     33.000     5.8480   3.167521    32.1022       1116     0.7743 0.0000e+00
     34.000     5.8478   3.167545    32.1023       1140     0.7909 0.0000e+00
     35.000     5.8463   3.167519    32.1029       1162     0.8060 0.0000e+00
     36.000     5.8464   3.167572    32.1028       1182     0.8202 0.0000e+00
     37.000     5.8459   3.167589    32.1031       1203     0.8349 0.0000e+00
     38.000     5.8458   3.167634    32.1031       1226     0.8509 0.0000e+00
     39.000     5.8452   3.167666    32.1036       1254     0.8704 0.0000e+00
     40.000     5.8448   3.167688    32.1037       1293     0.8971 0.0000e+00
     41.000     5.8450   3.167732    32.1036       1330     0.9226 0.0000e+00
     42.000     5.8449   3.167791    32.1038       1356     0.9408 0.0000e+00
     43.000     5.8451   3.167841    32.1037       1379     0.9568 0.0000e+00
     44.000     5.8452   3.167880    32.1035       1401     0.9721 0.0000e+00
     45.000     5.8454   3.167942    32.1036       1424     0.9881 0.0000e+00
     46.000     5.8455   3.168000    32.1036       1448     1.0048 0.0000e+00
     47.000     5.8456   3.168052    32.1036       1473     1.0225 0.0000e+00
     48.000     5.8457   3.168111    32.1037       1499     1.0406 0.0000e+00
     49.000     5.8458   3.168152    32.1036       1529     1.0610 0.0000e+00
     50.000     5.8458   3.168184    32.1034       1562     1.0838 0.0000e+00
     51.000     5.8459   3.168280    32.1040       1591     1.1042 0.0000e+00
     52.000     5.8460   3.168346    32.1042       1616     1.1216 0.0000e+00
     53.000     5.8460   3.168390    32.1041       1641     1.1389 0.0000e+00
     54.000     5.8461   3.168449    32.1042       1666     1.1561 0.0000e+00
     55.000     5.8462   3.168505    32.1043       1691     1.1733 0.0000e+00
     56.000     5.8462   3.168551    32.1042       1716     1.1909 0.0000e+00
     57.000     5.8464   3.168607    32.1043       1743     1.2096 0.0000e+00
     58.000     5.8465   3.168647    32.1041       1771     1.2293 0.0000e+00
     59.000     5.8465   3.168688    32.1041       1799     1.2484 0.0000e+00
     60.000     5.8466   3.168718    32.1038       1825     1.2669 0.0000e+00
     61.000     5.8467   3.168784    32.1039       1855     1.2877 0.0000e+00
     62.000     5.8468   3.168831    32.1039       1890     1.3118 0.0000e+00
     63.000     5.8468   3.168841    32.1036       1923     1.3348 0.0000e+00
     64.000     5.8469   3.168897    32.1036       1958     1.3588 0.0000e+00
     65.000     5.8470   3.168957    32.1037       1993     1.3833 0.0000e+00
     66.000     5.8471   3.169022    32.1038       2028     1.4077 0.0000e+00
     67.000     5.8472   3.169095    32.1041       2065     1.4334 0.0000e+00
     68.000     5.8477   3.169140    32.1036       2286     1.5868 0.0000e+00
     67.000     5.8474   3.169021    32.1031       2819     1.9568 0.0000e+00
     66.000     5.8477   3.169014    32.1032       2723     1.8901 0.0000e+00
     65.000     5.8475   3.168972    32.1034       2745     1.9052 0.0000e+00
     64.000     5.8474   3.168910    32.1033       2768     1.9216 0.0000e+00
     63.000     5.8474   3.168867    32.1033       2792     1.9384 0.0000e+00
     62.000     5.8473   3.168827    32.1034       2819     1.9568 0.0000e+00
     61.000     5.8471   3.168777    32.1035       2848     1.9769 0.0000e+00
     60.000     5.8473   3.168741    32.1034       2877     1.9971 0.0000e+00
     59.000     5.8471   3.168697    32.1036       2904     2.0159 0.0000e+00
     58.000     5.8471   3.168646    32.1035       2931     2.0344 0.0000e+00
     57.000     5.8469   3.168589    32.1035       2958     2.0534 0.0000e+00
     56.000     5.8468   3.168518    32.1033       2984     2.0713 0.0000e+00
     55.000     5.8467   3.168449    32.1031       3006     2.0869 0.0000e+00
     54.000     5.8466   3.168385    32.1030       3027     2.1013 0.0000e+00
     53.000     5.8464   3.168335    32.1031       3049     2.1169 0.0000e+00
     52.000     5.8463   3.168294    32.1033       3075     2.1350 0.0000e+00
     51.000     5.8462   3.168244    32.1032       3104     2.1549 0.0000e+00
     50.000     5.8463   3.168204    32.1032       3131     2.1739 0.0000e+00
     49.000     5.8462   3.168146    32.1032       3159     2.1932 0.0000e+00
     48.000     5.8461   3.168098    32.1032       3189     2.2140 0.0000e+00
     47.000     5.8461   3.168067    32.1033       3219     2.2346 0.0000e+00
     46.000     5.8459   3.167970    32.1029       3243     2.2517 0.0000e+00
     45.000     5.8460   3.167902    32.1026       3265     2.2669 0.0000e+00
     44.000     5.8459   3.167851    32.1026       3286     2.2814 0.0000e+00
     43.000     5.8457   3.167794    32.1026       3308     2.2969 0.0000e+00
     42.000     5.8455   3.167751    32.1028       3335     2.3149 0.0000e+00
     41.000     5.8454   3.167692    32.1027       3364     2.3352 0.0000e+00
     40.000     5.8454   3.167641    32.1026       3392     2.3548 0.0000e+00
     39.000     5.8457   3.167612    32.1026       3418     2.3731 0.0000e+00
     38.000     5.8461   3.167564    32.1021       3444     2.3908 0.0000e+00
     37.000     5.8465   3.167518    32.1017       3471     2.4095 0.0000e+00
     36.000     5.8464   3.167468    32.1017       3498     2.4284 0.0000e+00
     35.000     5.8466   3.167434    32.1016       3525     2.4473 0.0000e+00
     34.000     5.8466   3.167385    32.1015       3552     2.4658 0.0000e+00
     33.000     5.8466   3.167335    32.1015       3577     2.4835 0.0000e+00
     32.000     5.8468   3.167293    32.1013       3601     2.4997 0.0000e+00
     31.000     5.8470   3.167236    32.1010       3623     2.5154 0.0000e+00
     30.000     5.8474   3.167200    32.1007       3646     2.5312 0.0000e+00
     29.000     5.8474   3.167161    32.1007       3670     2.5478 0.0000e+00
     28.000     5.8474   3.167119    32.1007       3696     2.5661 0.0000e+00
     27.000     5.8474   3.167067    32.1006       3729     2.5886 0.0000e+00
     26.000     5.8489   3.167116    32.1003       3762     2.6116 0.0000e+00
     25.000     5.8591   3.167706    32.0977       3787     2.6294 0.0000e+00
     24.000     5.8597   3.167743    32.0980       3810     2.6451 0.0000e+00
     23.000     5.8663   3.168158    32.0969       3832     2.6607 0.0000e+00
     22.000     5.8770   3.168829    32.0948       3856     2.6769 0.0000e+00
     21.000     5.8800   3.169085    32.0953       3881     2.6943 0.0000e+00
     20.000     5.8841   3.169434    32.0958       3913     2.7164 0.0000e+00
     19.000     5.8869   3.169635    32.0958       3951     2.7432 0.0000e+00
     18.000     5.8876   3.169677    32.0961       3993     2.7722 0.0000e+00
     17.000     5.9021   3.170818    32.0957       4037     2.8027 0.0000e+00
     16.000     5.9064   3.171114    32.0954       4080     2.8327 0.0000e+00
     15.000     5.9084   3.171257    32.0956       4117     2.8583 0.0000e+00
     14.000     5.9130   3.171625    32.0958       4158     2.8870 0.0000e+00
     13.000     5.9210   3.172257    32.0957       4205     2.9193 0.0000e+00
     12.000     5.9276   3.172725    32.0952       4256     2.9549 0.0000e+00
     11.000     5.9633   3.175533    32.0933       4301     2.9863 0.0000e+00
     10.000     5.9847   3.177414    32.0945       4342     3.0149 0.0000e+00
      9.000     5.9970   3.178644    32.0971       4392     3.0490 0.0000e+00
      8.000     6.1204   3.187831    32.0833       4441     3.0836 0.0000e+00
      7.000     6.1779   3.193198    32.0892       4490     3.1174 0.0000e+00
      6.000     6.5365   3.221539    32.0657       4538     3.1507 0.0000e+00
      5.000     6.6654   3.233150    32.0731       4585     3.1833 0.0000e+00
      4.000     6.7090   3.237025    32.0754       4635     3.2183 0.0000e+00
      3.000     6.7524   3.241161    32.0806       4942     3.4312 0.0000e+00
      2.000     6.7409   3.240174    32.0809       5088     3.5323 0.0000e+00
