HB2402/ctd125.cnv
* Sea-Bird SBE 9 Data File:
* FileName = C:\cruise\data\ctd125.hex
* Software Version Seasave V 7.26.7.121
* Temperature SN = 5253
* Conductivity SN = 4421
* Number of Bytes Per Scan = 37
* Number of Voltage Words = 4
* Number of Scans Averaged by the Deck Unit = 1
* NMEA Latitude = 40 06.83 N
* NMEA Longitude = 068 45.54 W
* NMEA UTC (Time) = Apr 10 2024 20:15:43
* NMEA baud rate = 4800
** Ship: Bigelow HB2304
** Program:  Fall Bottom Trawl Survey
** Chief Scientist: John Galbraith
# nquan = 7
# nvalues = 344                         
# units = specified
# name 0 = depSM: Depth [salt water, m]
# name 1 = t090C: Temperature [ITS-90, deg C]
# name 2 = c0S/m: Conductivity [S/m]
# name 3 = sal00: Salinity, Practical [PSU]
# name 4 = scan: Scan Count
# name 5 = timeM: Time, Elapsed [minutes]
# name 6 = flag: flag
# span 0 =      2.000,    175.000       
# span 1 =     6.6536,     9.2596       
# span 2 =   3.294209,   3.718458       
# span 3 =    32.7361,    34.7095       
# span 4 =        208,      12597       
# span 5 =     0.1436,     8.7475       
# span 6 = 0.0000e+00, 0.0000e+00       
# interval = meters: 1                  
# start_time = Apr 10 2024 20:15:43 [NMEA time, header]
# bad_flag = -9.990e-29
*END*
      5.000     7.1902   3.339061    32.7361        208     0.1436 0.0000e+00
      6.000     7.1926   3.339683    32.7401        355     0.2461 0.0000e+00
      7.000     7.1908   3.339309    32.7373        378     0.2615 0.0000e+00
      8.000     7.1889   3.339089    32.7362        400     0.2768 0.0000e+00
      9.000     7.1936   3.341800    32.7608        423     0.2930 0.0000e+00
     10.000     7.1921   3.343150    32.7764        447     0.3100 0.0000e+00
     11.000     7.1741   3.342154    32.7821        472     0.3273 0.0000e+00
     12.000     7.1657   3.341890    32.7868        499     0.3461 0.0000e+00
     13.000     7.1609   3.341587    32.7876        529     0.3665 0.0000e+00
     14.000     7.1469   3.340207    32.7854        558     0.3869 0.0000e+00
     15.000     7.1230   3.338023    32.7838        586     0.4063 0.0000e+00
     16.000     7.0251   3.329203    32.7804        611     0.4238 0.0000e+00
     17.000     7.0219   3.328802    32.7785        639     0.4430 0.0000e+00
     18.000     6.9461   3.321707    32.7726        760     0.5272 0.0000e+00
     19.000     6.8570   3.313300    32.7651        817     0.5664 0.0000e+00
     20.000     6.7289   3.301110    32.7531        858     0.5953 0.0000e+00
     21.000     6.6630   3.294744    32.7455        886     0.6148 0.0000e+00
     22.000     6.6536   3.294209    32.7481        908     0.6296 0.0000e+00
     23.000     6.6680   3.296122    32.7549        930     0.6454 0.0000e+00
     24.000     6.6781   3.297880    32.7642        961     0.6663 0.0000e+00
     25.000     6.6884   3.299812    32.7751        992     0.6881 0.0000e+00
     26.000     6.7342   3.307531    32.8158       1019     0.7071 0.0000e+00
     27.000     6.7429   3.309794    32.8318       1044     0.7246 0.0000e+00
     28.000     6.7551   3.311833    32.8421       1070     0.7423 0.0000e+00
     29.000     6.7843   3.316614    32.8661       1094     0.7589 0.0000e+00
     30.000     6.8074   3.322983    32.9135       1117     0.7753 0.0000e+00
     31.000     6.8410   3.329658    32.9540       1145     0.7944 0.0000e+00
     32.000     6.9271   3.342643    33.0133       1180     0.8189 0.0000e+00
     33.000     6.9931   3.351741    33.0491       1214     0.8426 0.0000e+00
     34.000     7.0490   3.358995    33.0742       1239     0.8600 0.0000e+00
     35.000     7.0695   3.361583    33.0823       1261     0.8750 0.0000e+00
     36.000     7.0859   3.363727    33.0895       1283     0.8905 0.0000e+00
     37.000     7.0968   3.364987    33.0923       1307     0.9072 0.0000e+00
     38.000     7.1038   3.365739    33.0932       1335     0.9267 0.0000e+00
     39.000     7.1009   3.365481    33.0928       1364     0.9469 0.0000e+00
     40.000     7.1035   3.365892    33.0943       1395     0.9682 0.0000e+00
     41.000     7.1045   3.366116    33.0953       1429     0.9916 0.0000e+00
     42.000     7.1029   3.366017    33.0952       1461     1.0139 0.0000e+00
     43.000     7.1054   3.366438    33.0970       1486     1.0310 0.0000e+00
     44.000     7.1091   3.366931    33.0983       1505     1.0447 0.0000e+00
     45.000     7.1414   3.371617    33.1179       1524     1.0577 0.0000e+00
     46.000     7.2081   3.380246    33.1474       1547     1.0737 0.0000e+00
     47.000     7.2461   3.385630    33.1690       1580     1.0968 0.0000e+00
     48.000     7.2706   3.389220    33.1841       1617     1.1223 0.0000e+00
     49.000     7.2833   3.391068    33.1914       1645     1.1415 0.0000e+00
     50.000     7.2982   3.393132    33.1991       1671     1.1600 0.0000e+00
     51.000     7.3887   3.405695    33.2481       1701     1.1802 0.0000e+00
     52.000     7.4334   3.411736    33.2701       1733     1.2026 0.0000e+00
     53.000     7.4383   3.412788    33.2763       1761     1.2219 0.0000e+00
     54.000     7.4376   3.412906    33.2778       1783     1.2372 0.0000e+00
     55.000     7.4417   3.414196    33.2873       1803     1.2516 0.0000e+00
     56.000     7.4868   3.420717    33.3141       1824     1.2659 0.0000e+00
     57.000     7.6453   3.442525    33.3967       1847     1.2820 0.0000e+00
     58.000     7.8129   3.463901    33.4654       1878     1.3034 0.0000e+00
     59.000     7.8817   3.473018    33.4967       1918     1.3311 0.0000e+00
     60.000     7.9188   3.478340    33.5176       1948     1.3523 0.0000e+00
     61.000     8.0201   3.491880    33.5648       1974     1.3701 0.0000e+00
     62.000     8.0716   3.498580    33.5864       1998     1.3870 0.0000e+00
     63.000     8.1140   3.504676    33.6103       2025     1.4056 0.0000e+00
     64.000     8.1365   3.507798    33.6215       2056     1.4268 0.0000e+00
     65.000     8.1520   3.509790    33.6274       2084     1.4467 0.0000e+00
     66.000     8.1279   3.506834    33.6186       2106     1.4618 0.0000e+00
     67.000     8.1294   3.507153    33.6201       2125     1.4747 0.0000e+00
     68.000     8.1331   3.507668    33.6216       2144     1.4884 0.0000e+00
     69.000     8.1454   3.509496    33.6287       2173     1.5082 0.0000e+00
     70.000     8.1843   3.515081    33.6504       2216     1.5380 0.0000e+00
     71.000     8.2472   3.523741    33.6817       2246     1.5591 0.0000e+00
     72.000     8.3003   3.530861    33.7059       2269     1.5751 0.0000e+00
     73.000     8.4579   3.553720    33.7965       2293     1.5914 0.0000e+00
     74.000     8.5280   3.563028    33.8272       2318     1.6092 0.0000e+00
     75.000     8.5570   3.567682    33.8480       2347     1.6288 0.0000e+00
     76.000     8.5590   3.568363    33.8528       2374     1.6482 0.0000e+00
     77.000     8.5630   3.569340    33.8588       2404     1.6689 0.0000e+00
     78.000     8.5877   3.573670    33.8804       2434     1.6895 0.0000e+00
     79.000     8.6398   3.582277    33.9206       2459     1.7070 0.0000e+00
     80.000     8.6746   3.587752    33.9444       2480     1.7213 0.0000e+00
     81.000     8.7244   3.595722    33.9799       2501     1.7360 0.0000e+00
     82.000     8.7850   3.604983    34.0186       2530     1.7559 0.0000e+00
     83.000     8.8405   3.613628    34.0555       2566     1.7816 0.0000e+00
     84.000     8.9072   3.623558    34.0951       2597     1.8024 0.0000e+00
     85.000     8.9339   3.628054    34.1161       2620     1.8188 0.0000e+00
     86.000     8.9472   3.630435    34.1277       2643     1.8350 0.0000e+00
     87.000     8.9523   3.631780    34.1364       2669     1.8531 0.0000e+00
     88.000     8.9506   3.631869    34.1385       2700     1.8746 0.0000e+00
     89.000     8.9501   3.632515    34.1453       2734     1.8977 0.0000e+00
     90.000     8.9522   3.633515    34.1533       2762     1.9175 0.0000e+00
     91.000     8.9492   3.634023    34.1610       2786     1.9341 0.0000e+00
     92.000     8.9425   3.635519    34.1826       2809     1.9499 0.0000e+00
     93.000     8.9682   3.640503    34.2095       2833     1.9663 0.0000e+00
     94.000     8.9958   3.645056    34.2301       2861     1.9861 0.0000e+00
     95.000     9.0288   3.650857    34.2585       2894     2.0087 0.0000e+00
     96.000     8.9940   3.647370    34.2551       2927     2.0317 0.0000e+00
     97.000     8.9559   3.643823    34.2542       2953     2.0502 0.0000e+00
     98.000     8.9543   3.643748    34.2545       2975     2.0653 0.0000e+00
     99.000     8.9715   3.647094    34.2725       2996     2.0795 0.0000e+00
    100.000     8.9717   3.648112    34.2825       3020     2.0967 0.0000e+00
    101.000     8.9427   3.647722    34.3059       3054     2.1203 0.0000e+00
    102.000     8.9503   3.650199    34.3240       3091     2.1461 0.0000e+00
    103.000     8.9601   3.651616    34.3289       3123     2.1678 0.0000e+00
    104.000     8.9657   3.652571    34.3331       3150     2.1868 0.0000e+00
    105.000     8.9762   3.654248    34.3399       3174     2.2036 0.0000e+00
    106.000     8.9856   3.655593    34.3445       3195     2.2181 0.0000e+00
    107.000     8.9995   3.657532    34.3509       3215     2.2319 0.0000e+00
    108.000     9.0099   3.658910    34.3547       3236     2.2464 0.0000e+00
    109.000     9.0174   3.660015    34.3586       3264     2.2662 0.0000e+00
    110.000     9.0260   3.661395    34.3642       3310     2.2980 0.0000e+00
    111.000     9.0261   3.661634    34.3662       3350     2.3254 0.0000e+00
    112.000     9.0308   3.662374    34.3689       3373     2.3420 0.0000e+00
    113.000     9.0381   3.663510    34.3733       3397     2.3581 0.0000e+00
    114.000     9.0381   3.663659    34.3743       3422     2.3757 0.0000e+00
    115.000     9.0411   3.664185    34.3764       3451     2.3960 0.0000e+00
    116.000     9.0476   3.665321    34.3816       3479     2.4150 0.0000e+00
    117.000     9.0659   3.668661    34.3983       3500     2.4298 0.0000e+00
    118.000     9.0664   3.668774    34.3985       3519     2.4434 0.0000e+00
    119.000     9.0678   3.668988    34.3990       3542     2.4593 0.0000e+00
    120.000     9.0841   3.673187    34.4266       3593     2.4947 0.0000e+00
    121.000     9.0911   3.675640    34.4449       3627     2.5180 0.0000e+00
    122.000     9.0913   3.676003    34.4480       3648     2.5329 0.0000e+00
    123.000     9.0929   3.676692    34.4532       3670     2.5476 0.0000e+00
    124.000     9.0951   3.677601    34.4601       3699     2.5680 0.0000e+00
    125.000     9.0991   3.678648    34.4667       3739     2.5955 0.0000e+00
    126.000     9.1056   3.680480    34.4791       3769     2.6165 0.0000e+00
    127.000     9.1118   3.682391    34.4925       3791     2.6321 0.0000e+00
    128.000     9.1120   3.682854    34.4967       3814     2.6478 0.0000e+00
    129.000     9.1162   3.684671    34.5111       3839     2.6651 0.0000e+00
    130.000     9.1318   3.689003    34.5406       3865     2.6833 0.0000e+00
    131.000     9.1367   3.690063    34.5465       3892     2.7022 0.0000e+00
    132.000     9.1491   3.691891    34.5531       3927     2.7262 0.0000e+00
    133.000     9.1605   3.693574    34.5591       3966     2.7532 0.0000e+00
    134.000     9.1679   3.694698    34.5631       3989     2.7697 0.0000e+00
    135.000     9.1726   3.695682    34.5684       4012     2.7853 0.0000e+00
    136.000     9.1828   3.697687    34.5790       4040     2.8047 0.0000e+00
    137.000     9.1948   3.700030    34.5912       4073     2.8281 0.0000e+00
    138.000     9.2011   3.701132    34.5961       4103     2.8489 0.0000e+00
    139.000     9.2128   3.703582    34.6098       4136     2.8714 0.0000e+00
    140.000     9.2234   3.705477    34.6189       4168     2.8934 0.0000e+00
    141.000     9.2253   3.705852    34.6204       4194     2.9115 0.0000e+00
    142.000     9.2269   3.706202    34.6221       4219     2.9291 0.0000e+00
    143.000     9.2370   3.708218    34.6327       4245     2.9473 0.0000e+00
    144.000     9.2529   3.711125    34.6471       4270     2.9644 0.0000e+00
    145.000     9.2592   3.712038    34.6501       4294     2.9813 0.0000e+00
    146.000     9.2596   3.712441    34.6533       4330     3.0064 0.0000e+00
    147.000     9.2551   3.712644    34.6594       4374     3.0368 0.0000e+00
    148.000     9.2539   3.712678    34.6604       4394     3.0505 0.0000e+00
    149.000     9.2451   3.712502    34.6666       4411     3.0628 0.0000e+00
    150.000     9.2430   3.712557    34.6687       4434     3.0784 0.0000e+00
    151.000     9.2422   3.712721    34.6708       4496     3.1216 0.0000e+00
    152.000     9.2423   3.712787    34.6709       4529     3.1441 0.0000e+00
    153.000     9.2413   3.712964    34.6733       4545     3.1554 0.0000e+00
    154.000     9.2389   3.713109    34.6766       4561     3.1665 0.0000e+00
    155.000     9.2393   3.713132    34.6760       4583     3.1817 0.0000e+00
    156.000     9.2397   3.713191    34.6758       4621     3.2085 0.0000e+00
    157.000     9.2387   3.713321    34.6776       4654     3.2311 0.0000e+00
    158.000     9.2376   3.713728    34.6824       4677     3.2475 0.0000e+00
    159.000     9.2382   3.713958    34.6838       4706     3.2672 0.0000e+00
    160.000     9.2408   3.715052    34.6922       4739     3.2906 0.0000e+00
    161.000     9.2445   3.715735    34.6952       4772     3.3135 0.0000e+00
    162.000     9.2487   3.716813    34.7019       4802     3.3344 0.0000e+00
    163.000     9.2516   3.717531    34.7060       4828     3.3519 0.0000e+00
    164.000     9.2518   3.717675    34.7069       4853     3.3693 0.0000e+00
    165.000     9.2518   3.717750    34.7072       4891     3.3960 0.0000e+00
    166.000     9.2514   3.717709    34.7067       4936     3.4273 0.0000e+00
    167.000     9.2490   3.717576    34.7071       4961     3.4441 0.0000e+00
    168.000     9.2551   3.718221    34.7075       4981     3.4580 0.0000e+00
    169.000     9.2558   3.718317    34.7073       5001     3.4721 0.0000e+00
    170.000     9.2561   3.718395    34.7074       5029     3.4918 0.0000e+00
    171.000     9.2558   3.718442    34.7077       5069     3.5193 0.0000e+00
    172.000     9.2553   3.718458    34.7079       5394     3.7451 0.0000e+00
    173.000     9.2537   3.718407    34.7084       5939     4.1233 0.0000e+00
    174.000     9.2523   3.718328    34.7084       5981     4.1526 0.0000e+00
    175.000     9.2519   3.718333    34.7085       6025     4.1831 0.0000e+00
    174.000     9.2526   3.718365    34.7086       6110     4.2422 0.0000e+00
    173.000     9.2506   3.718099    34.7083       6292     4.3686 0.0000e+00
    172.000     9.2494   3.717968    34.7085       6413     4.4528 0.0000e+00
    171.000     9.2490   3.717955    34.7092       6606     4.5868 0.0000e+00
    170.000     9.2505   3.718032    34.7090       6676     4.6351 0.0000e+00
    169.000     9.2502   3.718009    34.7095       6694     4.6477 0.0000e+00
    168.000     9.2495   3.717882    34.7095       6714     4.6618 0.0000e+00
    167.000     9.2488   3.717769    34.7094       6739     4.6795 0.0000e+00
    166.000     9.2458   3.717225    34.7071       6769     4.7002 0.0000e+00
    165.000     9.2441   3.716624    34.7030       6803     4.7237 0.0000e+00
    164.000     9.2449   3.716504    34.7014       6850     4.7563 0.0000e+00
    163.000     9.2453   3.716118    34.6974       6925     4.8081 0.0000e+00
    162.000     9.2445   3.715910    34.6966       6954     4.8282 0.0000e+00
    161.000     9.2429   3.715557    34.6949       6972     4.8413 0.0000e+00
    160.000     9.2407   3.715059    34.6923       6990     4.8532 0.0000e+00
    159.000     9.2393   3.714546    34.6888       7011     4.8681 0.0000e+00
    158.000     9.2387   3.713990    34.6841       7039     4.8875 0.0000e+00
    157.000     9.2398   3.713499    34.6784       7067     4.9072 0.0000e+00
    156.000     9.2408   3.713180    34.6746       7090     4.9226 0.0000e+00
    155.000     9.2416   3.713054    34.6730       7107     4.9345 0.0000e+00
    154.000     9.2417   3.713010    34.6728       7125     4.9472 0.0000e+00
    153.000     9.2423   3.712889    34.6715       7146     4.9620 0.0000e+00
    152.000     9.2435   3.712776    34.6696       7183     4.9876 0.0000e+00
    151.000     9.2455   3.712669    34.6671       7217     5.0109 0.0000e+00
    150.000     9.2458   3.712614    34.6666       7237     5.0252 0.0000e+00
    149.000     9.2463   3.712515    34.6655       7256     5.0384 0.0000e+00
    148.000     9.2468   3.712372    34.6641       7275     5.0516 0.0000e+00
    147.000     9.2472   3.712110    34.6615       7296     5.0661 0.0000e+00
    146.000     9.2471   3.711880    34.6596       7319     5.0816 0.0000e+00
    145.000     9.2463   3.711191    34.6537       7343     5.0988 0.0000e+00
    144.000     9.2468   3.710373    34.6452       7373     5.1191 0.0000e+00
    143.000     9.2407   3.708837    34.6356       7402     5.1397 0.0000e+00
    142.000     9.2357   3.707803    34.6302       7427     5.1573 0.0000e+00
    141.000     9.2325   3.707208    34.6275       7452     5.1742 0.0000e+00
