HB2402/ctd111.cnv
* Sea-Bird SBE 9 Data File:
* FileName = C:\cruise\data\ctd111.hex
* Software Version Seasave V 7.26.7.121
* Temperature SN = 5253
* Conductivity SN = 4421
* Number of Bytes Per Scan = 37
* Number of Voltage Words = 4
* Number of Scans Averaged by the Deck Unit = 1
* NMEA Latitude = 40 12.94 N
* NMEA Longitude = 070 47.12 W
* NMEA UTC (Time) = Apr 07 2024 22:42:32
* NMEA baud rate = 4800
** Ship: Bigelow HB2304
** Program:  Fall Bottom Trawl Survey
** Chief Scientist: John Galbraith
# nquan = 7
# nvalues = 240                         
# units = specified
# name 0 = depSM: Depth [salt water, m]
# name 1 = t090C: Temperature [ITS-90, deg C]
# name 2 = c0S/m: Conductivity [S/m]
# name 3 = sal00: Salinity, Practical [PSU]
# name 4 = scan: Scan Count
# name 5 = timeM: Time, Elapsed [minutes]
# name 6 = flag: flag
# span 0 =      2.000,    122.000       
# span 1 =     5.4122,     9.8342       
# span 2 =   3.146257,   3.721863       
# span 3 =    32.1618,    34.2135       
# span 4 =        -35,       8551       
# span 5 =    -0.0251,     5.9375       
# span 6 = 0.0000e+00, 0.0000e+00       
# interval = meters: 1                  
# start_time = Apr 07 2024 22:42:32 [NMEA time, header]
# bad_flag = -9.990e-29
*END*
[from data line 206]
     35.000     5.7142   3.163625    32.1849       6824     4.7384 0.0000e+00
     34.000     5.7172   3.163738    32.1838       6844     4.7518 0.0000e+00
     33.000     5.7190   3.163782    32.1831       6864     4.7661 0.0000e+00
     32.000     5.7219   3.163885    32.1820       6894     4.7870 0.0000e+00
     31.000     5.7249   3.164001    32.1810       6942     4.8201 0.0000e+00
     30.000     5.7296   3.164201    32.1792       6966     4.8365 0.0000e+00
     29.000     5.7341   3.164421    32.1778       6983     4.8486 0.0000e+00
     28.000     5.7357   3.164490    32.1776       7001     4.8611 0.0000e+00
     27.000     5.7393   3.164691    32.1769       7028     4.8800 0.0000e+00
     26.000     5.7431   3.164887    32.1759       7070     4.9092 0.0000e+00
     25.000     5.7564   3.165671    32.1726       7097     4.9275 0.0000e+00
     24.000     5.7840   3.167557    32.1680       7117     4.9419 0.0000e+00
     23.000     5.7911   3.168091    32.1677       7138     4.9562 0.0000e+00
     22.000     5.8047   3.169009    32.1655       7163     4.9737 0.0000e+00
     21.000     5.8134   3.169603    32.1644       7200     4.9991 0.0000e+00
     20.000     5.8245   3.170366    32.1629       7241     5.0280 0.0000e+00
     19.000     5.8335   3.171023    32.1622       7262     5.0425 0.0000e+00
     18.000     5.8325   3.170908    32.1624       7278     5.0536 0.0000e+00
     17.000     5.8322   3.170857    32.1625       7294     5.0647 0.0000e+00
     16.000     5.8333   3.170915    32.1626       7314     5.0784 0.0000e+00
     15.000     5.8369   3.171158    32.1625       7349     5.1029 0.0000e+00
     14.000     5.8407   3.171395    32.1620       7392     5.1327 0.0000e+00
     13.000     5.8427   3.171514    32.1619       7418     5.1507 0.0000e+00
     12.000     5.8428   3.171481    32.1620       7438     5.1648 0.0000e+00
     11.000     5.8425   3.171419    32.1620       7457     5.1777 0.0000e+00
     10.000     5.8425   3.171384    32.1621       7477     5.1916 0.0000e+00
      9.000     5.8421   3.171313    32.1622       7506     5.2119 0.0000e+00
      8.000     5.8427   3.171313    32.1621       7543     5.2378 0.0000e+00
      7.000     5.8432   3.171303    32.1620       7569     5.2553 0.0000e+00
      6.000     5.8406   3.171070    32.1623       7668     5.3240 0.0000e+00
      5.000     5.8402   3.171014    32.1626       8426     5.8505 0.0000e+00
      4.000     5.8400   3.170946    32.1626       8452     5.8684 0.0000e+00
      3.000     5.8381   3.170755    32.1627       8515     5.9125 0.0000e+00
      2.000     5.8387   3.170754    32.1625       8551     5.9375 0.0000e+00
