HB2402/ctd117.cnv
* Sea-Bird SBE 9 Data File:
* FileName = C:\cruise\data\ctd117.hex
* Software Version Seasave V 7.26.7.121
* Temperature SN = 5253
* Conductivity SN = 4421
* Number of Bytes Per Scan = 37
* Number of Voltage Words = 4
* Number of Scans Averaged by the Deck Unit = 1
* NMEA Latitude = 40 12.96 N
* NMEA Longitude = 070 31.19 W
* NMEA UTC (Time) = Apr 08 2024 23:31:34
* NMEA baud rate = 4800
** Ship: Bigelow HB2304
** Program:  Fall Bottom Trawl Survey
** Chief Scientist: John Galbraith
# nquan = 7
# nvalues = 220                         
# units = specified
# name 0 = depSM: Depth [salt water, m]
# name 1 = t090C: Temperature [ITS-90, deg C]
# name 2 = c0S/m: Conductivity [S/m]
# name 3 = sal00: Salinity, Practical [PSU]
# name 4 = scan: Scan Count
# name 5 = timeM: Time, Elapsed [minutes]
# name 6 = flag: flag
# span 0 =      1.000,    113.000       
# span 1 =     5.6211,     9.8677       
# span 2 =   3.156688,   3.721029       
# span 3 =    32.1694,    34.1751       
# span 4 =          2,       8609       
# span 5 =     0.0007,     5.9775       
# span 6 = 0.0000e+00, 0.0000e+00       
# interval = meters: 1                  
# start_time = Apr 08 2024 23:31:34 [NMEA time, header]
# bad_flag = -9.990e-29
*END*
      6.000     6.0523   3.190300    32.1763          2     0.0007 0.0000e+00
      7.000     6.0328   3.188873    32.1784         20     0.0131 0.0000e+00
      8.000     6.0109   3.187077    32.1786         35     0.0235 0.0000e+00
      9.000     6.0022   3.186414    32.1790         50     0.0340 0.0000e+00
     10.000     5.9932   3.185663    32.1787         69     0.0472 0.0000e+00
     11.000     5.9238   3.179929    32.1801        102     0.0702 0.0000e+00
     12.000     5.8122   3.170863    32.1841        146     0.1009 0.0000e+00
     13.000     5.7771   3.167939    32.1842        175     0.1208 0.0000e+00
     14.000     5.7288   3.164146    32.1872        200     0.1385 0.0000e+00
     15.000     5.7055   3.162250    32.1876        225     0.1556 0.0000e+00
     16.000     5.6922   3.161173    32.1877        252     0.1741 0.0000e+00
     17.000     5.6732   3.159648    32.1882        281     0.1945 0.0000e+00
     18.000     5.6643   3.158815    32.1867        393     0.2723 0.0000e+00
     19.000     5.6596   3.158451    32.1867        460     0.3190 0.0000e+00
     20.000     5.6555   3.158124    32.1864        514     0.3566 0.0000e+00
     21.000     5.6528   3.157961    32.1867        541     0.3753 0.0000e+00
     22.000     5.6494   3.157715    32.1867        562     0.3898 0.0000e+00
     23.000     5.6463   3.157517    32.1869        581     0.4027 0.0000e+00
     24.000     5.6432   3.157318    32.1870        600     0.4159 0.0000e+00
     25.000     5.6410   3.157174    32.1871        625     0.4334 0.0000e+00
     26.000     5.6390   3.157064    32.1872        667     0.4625 0.0000e+00
     27.000     5.6377   3.157007    32.1874        701     0.4859 0.0000e+00
     28.000     5.6362   3.156960    32.1878        723     0.5015 0.0000e+00
     29.000     5.6334   3.156796    32.1881        745     0.5169 0.0000e+00
     30.000     5.6318   3.156717    32.1882        771     0.5349 0.0000e+00
     31.000     5.6311   3.156703    32.1883        801     0.5559 0.0000e+00
     32.000     5.6302   3.156688    32.1885        831     0.5764 0.0000e+00
     33.000     5.6297   3.156698    32.1885        857     0.5948 0.0000e+00
     34.000     5.6299   3.156759    32.1886        881     0.6110 0.0000e+00
     35.000     5.6300   3.156835    32.1888        904     0.6268 0.0000e+00
     36.000     5.6294   3.156832    32.1889        931     0.6460 0.0000e+00
     37.000     5.6290   3.156883    32.1894        966     0.6704 0.0000e+00
     38.000     5.6309   3.157240    32.1910        993     0.6890 0.0000e+00
     39.000     5.6322   3.157441    32.1916       1016     0.7046 0.0000e+00
     40.000     5.6332   3.157725    32.1934       1040     0.7214 0.0000e+00
     41.000     5.6362   3.158459    32.1983       1073     0.7443 0.0000e+00
     42.000     5.6361   3.158997    32.2040       1108     0.7685 0.0000e+00
     43.000     5.6358   3.159660    32.2112       1130     0.7841 0.0000e+00
     44.000     5.6325   3.160330    32.2215       1149     0.7974 0.0000e+00
     45.000     5.6277   3.161341    32.2370       1170     0.8115 0.0000e+00
     46.000     5.6241   3.162250    32.2502       1196     0.8296 0.0000e+00
     47.000     5.6211   3.162586    32.2564       1235     0.8567 0.0000e+00
     48.000     5.6212   3.164882    32.2817       1267     0.8795 0.0000e+00
     49.000     5.6392   3.171731    32.3413       1291     0.8956 0.0000e+00
     50.000     5.7094   3.182261    32.3921       1312     0.9105 0.0000e+00
     51.000     5.7407   3.186866    32.4135       1333     0.9253 0.0000e+00
     52.000     5.7766   3.192561    32.4426       1356     0.9411 0.0000e+00
     53.000     5.8327   3.201958    32.4938       1386     0.9620 0.0000e+00
     54.000     5.8737   3.209008    32.5331       1426     0.9892 0.0000e+00
     55.000     5.9113   3.215123    32.5651       1457     1.0108 0.0000e+00
     56.000     5.9173   3.216449    32.5736       1478     1.0260 0.0000e+00
     57.000     5.9203   3.217137    32.5780       1499     1.0404 0.0000e+00
     58.000     5.9382   3.219539    32.5872       1524     1.0577 0.0000e+00
     59.000     5.9541   3.221689    32.5955       1552     1.0768 0.0000e+00
     60.000     5.9600   3.222540    32.5988       1577     1.0941 0.0000e+00
     61.000     5.9715   3.223990    32.6036       1600     1.1104 0.0000e+00
     62.000     5.9906   3.226234    32.6098       1627     1.1295 0.0000e+00
     63.000     6.0101   3.228496    32.6159       1660     1.1518 0.0000e+00
     64.000     6.0276   3.231267    32.6295       1686     1.1705 0.0000e+00
     65.000     6.0947   3.243265    32.6985       1712     1.1879 0.0000e+00
     66.000     6.1728   3.254346    32.7465       1739     1.2067 0.0000e+00
     67.000     6.2018   3.258313    32.7622       1766     1.2254 0.0000e+00
     68.000     6.2715   3.266374    32.7843       1792     1.2436 0.0000e+00
     69.000     6.3301   3.273074    32.8019       1821     1.2638 0.0000e+00
     70.000     6.3465   3.275771    32.8156       1850     1.2839 0.0000e+00
     71.000     6.4107   3.283398    32.8379       1873     1.3003 0.0000e+00
     72.000     6.4705   3.290800    32.8619       1896     1.3163 0.0000e+00
     73.000     6.6111   3.306395    32.8985       1921     1.3331 0.0000e+00
     74.000     6.6649   3.312228    32.9106       1947     1.3514 0.0000e+00
     75.000     6.8434   3.332599    32.9626       1974     1.3704 0.0000e+00
     76.000     7.0125   3.350628    32.9975       2001     1.3889 0.0000e+00
     77.000     7.1606   3.368351    33.0484       2028     1.4077 0.0000e+00
     78.000     7.2983   3.384592    33.0928       2055     1.4265 0.0000e+00
     79.000     7.1893   3.377068    33.1150       2082     1.4455 0.0000e+00
     80.000     7.0023   3.362266    33.1325       2116     1.4689 0.0000e+00
     81.000     7.0058   3.364376    33.1517       2148     1.4913 0.0000e+00
     82.000     7.0229   3.366946    33.1630       2170     1.5063 0.0000e+00
     83.000     7.0547   3.372060    33.1878       2188     1.5189 0.0000e+00
     84.000     7.1027   3.379361    33.2207       2208     1.5326 0.0000e+00
     85.000     7.1652   3.387160    33.2451       2229     1.5474 0.0000e+00
     86.000     7.3109   3.405294    33.3016       2258     1.5671 0.0000e+00
     87.000     7.5693   3.436090    33.3859       2285     1.5862 0.0000e+00
     88.000     7.8982   3.473535    33.4725       2316     1.6077 0.0000e+00
     89.000     8.1514   3.504205    33.5572       2355     1.6346 0.0000e+00
     90.000     8.2683   3.519183    33.6041       2386     1.6560 0.0000e+00
     91.000     8.3333   3.527836    33.6333       2408     1.6714 0.0000e+00
     92.000     8.5792   3.558135    33.7180       2428     1.6854 0.0000e+00
     93.000     8.8617   3.591831    33.8021       2451     1.7014 0.0000e+00
     94.000     9.0016   3.609018    33.8482       2476     1.7188 0.0000e+00
     95.000     9.1229   3.624400    33.8926       2501     1.7362 0.0000e+00
     96.000     9.2350   3.638437    33.9314       2526     1.7537 0.0000e+00
     97.000     9.2956   3.646235    33.9543       2553     1.7725 0.0000e+00
     98.000     9.3450   3.652638    33.9732       2585     1.7942 0.0000e+00
     99.000     9.3780   3.657158    33.9881       2615     1.8153 0.0000e+00
    100.000     9.3985   3.659981    33.9975       2639     1.8321 0.0000e+00
    101.000     9.4109   3.661726    34.0032       2663     1.8490 0.0000e+00
    102.000     9.4317   3.664559    34.0123       2696     1.8718 0.0000e+00
    103.000     9.4564   3.667823    34.0221       2728     1.8940 0.0000e+00
    104.000     9.4671   3.669295    34.0266       2752     1.9103 0.0000e+00
    105.000     9.4881   3.672328    34.0376       2773     1.9253 0.0000e+00
    106.000     9.5556   3.680720    34.0596       2796     1.9406 0.0000e+00
    107.000     9.6115   3.687814    34.0791       2818     1.9566 0.0000e+00
    108.000     9.6398   3.691310    34.0878       2842     1.9731 0.0000e+00
    109.000     9.6456   3.692284    34.0918       2871     1.9930 0.0000e+00
    110.000     9.7667   3.707616    34.1339       2908     2.0188 0.0000e+00
    111.000     9.8313   3.715794    34.1560       2938     2.0395 0.0000e+00
    112.000     9.8565   3.719087    34.1654       3055     2.1211 0.0000e+00
    113.000     9.8672   3.720731    34.1716       3239     2.2484 0.0000e+00
    112.000     9.8428   3.718020    34.1675       3215     2.2318 0.0000e+00
    111.000     9.8677   3.721029    34.1751       3921     2.7226 0.0000e+00
    110.000     9.8086   3.713600    34.1555       4002     2.7786 0.0000e+00
    109.000     9.7543   3.706915    34.1390       4079     2.8320 0.0000e+00
    108.000     9.7090   3.701106    34.1228       4145     2.8777 0.0000e+00
    107.000     9.6774   3.697091    34.1120       4233     2.9392 0.0000e+00
    106.000     9.6206   3.689979    34.0932       4286     2.9760 0.0000e+00
    105.000     9.5687   3.683337    34.0746       4331     3.0070 0.0000e+00
    104.000     9.4817   3.672206    34.0429       4422     3.0700 0.0000e+00
    103.000     9.4733   3.671017    34.0390       4516     3.1357 0.0000e+00
    102.000     9.4637   3.669758    34.0356       4558     3.1643 0.0000e+00
    101.000     9.4121   3.663013    34.0154       5074     3.5230 0.0000e+00
    100.000     9.4180   3.663703    34.0173       5319     3.6934 0.0000e+00
     99.000     9.4092   3.662465    34.0134       5352     3.7157 0.0000e+00
     98.000     9.3975   3.660960    34.0094       5377     3.7334 0.0000e+00
     97.000     9.3751   3.658064    34.0012       5407     3.7542 0.0000e+00
     96.000     9.3444   3.654177    33.9906       5448     3.7827 0.0000e+00
     95.000     9.2579   3.643388    33.9615       5489     3.8108 0.0000e+00
     94.000     9.1027   3.624118    33.9094       5524     3.8355 0.0000e+00
     93.000     8.9176   3.600681    33.8416       5557     3.8586 0.0000e+00
     92.000     8.7596   3.582265    33.7996       5587     3.8789 0.0000e+00
     91.000     8.5091   3.550680    33.7068       5616     3.8996 0.0000e+00
     90.000     8.3466   3.529943    33.6434       5648     3.9214 0.0000e+00
     89.000     8.2044   3.512685    33.5966       5678     3.9421 0.0000e+00
     88.000     8.0988   3.498951    33.5520       5708     3.9633 0.0000e+00
     87.000     7.8545   3.470573    33.4831       5747     3.9902 0.0000e+00
     86.000     7.6962   3.452968    33.4464       5793     4.0226 0.0000e+00
     85.000     7.3363   3.410222    33.3312       5829     4.0472 0.0000e+00
     84.000     7.2004   3.392445    33.2693       5860     4.0687 0.0000e+00
     83.000     7.1377   3.384313    33.2415       5888     4.0882 0.0000e+00
     82.000     7.1094   3.379139    33.2128       5913     4.1058 0.0000e+00
     81.000     7.0843   3.375052    33.1929       5941     4.1251 0.0000e+00
     80.000     7.0850   3.373067    33.1710       5976     4.1495 0.0000e+00
     79.000     7.1938   3.380613    33.1492       6021     4.1806 0.0000e+00
     78.000     7.2381   3.383479    33.1384       6077     4.2194 0.0000e+00
     77.000     7.2274   3.377778    33.0871       6110     4.2427 0.0000e+00
     76.000     7.1052   3.362875    33.0424       6137     4.2612 0.0000e+00
     75.000     7.0579   3.357661    33.0312       6163     4.2794 0.0000e+00
     74.000     6.9311   3.342688    32.9896       6194     4.3006 0.0000e+00
     73.000     6.8420   3.333278    32.9725       6234     4.3287 0.0000e+00
     72.000     6.6428   3.310919    32.9184       6273     4.3557 0.0000e+00
     71.000     6.5580   3.301389    32.8952       6303     4.3767 0.0000e+00
     70.000     6.5003   3.294769    32.8781       6334     4.3978 0.0000e+00
     69.000     6.4323   3.287487    32.8634       6362     4.4175 0.0000e+00
     68.000     6.4036   3.283555    32.8479       6386     4.4342 0.0000e+00
     67.000     6.3826   3.280202    32.8315       6408     4.4496 0.0000e+00
     66.000     6.3496   3.276050    32.8177       6431     4.4656 0.0000e+00
     65.000     6.2920   3.269120    32.7966       6457     4.4832 0.0000e+00
     64.000     6.2255   3.260210    32.7620       6484     4.5019 0.0000e+00
     63.000     6.1300   3.247221    32.7096       6512     4.5213 0.0000e+00
     62.000     6.0851   3.239768    32.6702       6541     4.5415 0.0000e+00
     61.000     6.0432   3.234455    32.6516       6568     4.5606 0.0000e+00
     60.000     6.0125   3.230186    32.6339       6592     4.5774 0.0000e+00
     59.000     5.9947   3.227710    32.6238       6617     4.5945 0.0000e+00
     58.000     5.9714   3.224552    32.6114       6645     4.6136 0.0000e+00
     57.000     5.9550   3.222064    32.5998       6673     4.6334 0.0000e+00
     56.000     5.9432   3.220464    32.5937       6701     4.6525 0.0000e+00
     55.000     5.9337   3.218941    32.5863       6728     4.6715 0.0000e+00
     54.000     5.9272   3.217791    32.5801       6753     4.6890 0.0000e+00
     53.000     5.9101   3.214792    32.5634       6776     4.7050 0.0000e+00
     52.000     5.8756   3.209302    32.5355       6798     4.7200 0.0000e+00
     51.000     5.8416   3.203336    32.5017       6821     4.7359 0.0000e+00
     50.000     5.8057   3.196929    32.4647       6846     4.7535 0.0000e+00
     49.000     5.7835   3.193494    32.4479       6877     4.7749 0.0000e+00
     48.000     5.7292   3.184688    32.4014       6910     4.7982 0.0000e+00
     47.000     5.6484   3.169594    32.3094       6940     4.8189 0.0000e+00
     46.000     5.6533   3.169393    32.3028       6966     4.8368 0.0000e+00
     45.000     5.6408   3.166088    32.2780       6990     4.8535 0.0000e+00
     44.000     5.6401   3.164755    32.2641       7013     4.8697 0.0000e+00
     43.000     5.6412   3.162705    32.2404       7037     4.8860 0.0000e+00
     42.000     5.6429   3.161680    32.2277       7060     4.9023 0.0000e+00
     41.000     5.6415   3.160566    32.2170       7085     4.9191 0.0000e+00
     40.000     5.6409   3.160062    32.2124       7110     4.9370 0.0000e+00
     39.000     5.6397   3.159173    32.2040       7138     4.9562 0.0000e+00
     38.000     5.6393   3.158683    32.1993       7168     4.9773 0.0000e+00
     37.000     5.6368   3.158184    32.1966       7198     4.9980 0.0000e+00
     36.000     5.6345   3.157924    32.1963       7225     5.0164 0.0000e+00
     35.000     5.6343   3.157784    32.1954       7250     5.0342 0.0000e+00
     34.000     5.6335   3.157606    32.1947       7275     5.0513 0.0000e+00
     33.000     5.6326   3.157365    32.1933       7299     5.0679 0.0000e+00
     32.000     5.6326   3.157263    32.1927       7322     5.0839 0.0000e+00
     31.000     5.6321   3.157155    32.1924       7346     5.1009 0.0000e+00
     30.000     5.6322   3.157074    32.1919       7374     5.1200 0.0000e+00
     29.000     5.6354   3.157249    32.1913       7402     5.1396 0.0000e+00
     28.000     5.6360   3.157227    32.1909       7429     5.1581 0.0000e+00
     27.000     5.6356   3.157126    32.1907       7456     5.1768 0.0000e+00
     26.000     5.6378   3.157207    32.1900       7484     5.1964 0.0000e+00
     25.000     5.6377   3.157140    32.1899       7510     5.2143 0.0000e+00
     24.000     5.6386   3.157136    32.1894       7532     5.2301 0.0000e+00
     23.000     5.6388   3.157091    32.1892       7555     5.2458 0.0000e+00
     22.000     5.6409   3.157191    32.1888       7579     5.2626 0.0000e+00
     21.000     5.6418   3.157226    32.1889       7607     5.2817 0.0000e+00
     20.000     5.6466   3.157500    32.1879       7636     5.3022 0.0000e+00
     19.000     5.6508   3.157780    32.1875       7664     5.3215 0.0000e+00
     18.000     5.6530   3.157897    32.1872       7691     5.3400 0.0000e+00
     17.000     5.6565   3.158141    32.1871       7716     5.3577 0.0000e+00
     16.000     5.6613   3.158468    32.1867       7741     5.3752 0.0000e+00
