HB2402/ctd105.cnv
* Sea-Bird SBE 9 Data File:
* FileName = C:\cruise\data\ctd105.hex
* Software Version Seasave V 7.26.7.121
* Temperature SN = 5253
* Conductivity SN = 4421
* Number of Bytes Per Scan = 37
* Number of Voltage Words = 4
* Number of Scans Averaged by the Deck Unit = 1
* NMEA Latitude = 39 40.07 N
* NMEA Longitude = 072 05.31 W
* NMEA UTC (Time) = Apr 07 2024 01:23:46
* NMEA baud rate = 4800
** Ship: Bigelow HB2304
** Program:  Fall Bottom Trawl Survey
** Chief Scientist: John Galbraith
# nquan = 7
# nvalues = 9861                                  
# units = specified
# name 0 = depSM: Depth [salt water, m]
# name 1 = t090C: Temperature [ITS-90, deg C]
# name 2 = c0S/m: Conductivity [S/m]
# name 3 = sal00: Salinity, Practical [PSU]
# name 4 = scan: Scan Count
# name 5 = timeM: Time, Elapsed [minutes]
# name 6 = flag:  0.000e+00
# span 0 =      0.982,    145.405                 
# span 1 =     6.1015,    11.6329                 
# span 2 =   3.210807,   3.952435                 
# span 3 =    32.3256,    35.1932                 
# span 4 =          1,       9861                 
# span 5 =     0.0000,     6.8472                 
# span 6 = 0.0000e+00, 0.0000e+00                 
# interval = seconds: 0.0416667
# start_time = Apr 07 2024 01:23:46 [NMEA time, header]
# bad_flag = -9.990e-29
*END*
[from data line 1026]
     22.750     6.1417   3.216998    32.3810       1027     0.7125  0.000e+00
     22.632     6.1418   3.217051    32.3816       1028     0.7132  0.000e+00
     22.750     6.1416   3.217065    32.3818       1029     0.7139  0.000e+00
     22.750     6.1418   3.217045    32.3814       1030     0.7146  0.000e+00
     22.793     6.1418   3.217058    32.3816       1031     0.7153  0.000e+00
     22.825     6.1418   3.217045    32.3814       1032     0.7160  0.000e+00
     22.825     6.1417   3.217078    32.3819       1033     0.7167  0.000e+00
     22.879     6.1414   3.217071    32.3820       1034     0.7174  0.000e+00
     22.911     6.1413   3.217045    32.3818       1035     0.7181  0.000e+00
     22.911     6.1412   3.217078    32.3823       1036     0.7188  0.000e+00
     23.050     6.1414   3.217118    32.3824       1037     0.7194  0.000e+00
     22.911     6.1418   3.217144    32.3825       1038     0.7201  0.000e+00
     22.911     6.1421   3.217237    32.3832       1039     0.7208  0.000e+00
     23.222     6.1426   3.217270    32.3830       1040     0.7215  0.000e+00
     23.082     6.1431   3.217330    32.3832       1041     0.7222  0.000e+00
     23.050     6.1434   3.217376    32.3835       1042     0.7229  0.000e+00
     23.254     6.1439   3.217363    32.3827       1043     0.7236  0.000e+00
     23.082     6.1439   3.217443    32.3837       1044     0.7243  0.000e+00
     23.297     6.1440   3.217383    32.3828       1045     0.7250  0.000e+00
     23.168     6.1437   3.217376    32.3831       1046     0.7257  0.000e+00
     23.254     6.1436   3.217323    32.3826       1047     0.7264  0.000e+00
     23.297     6.1431   3.217277    32.3825       1048     0.7271  0.000e+00
     23.254     6.1423   3.217290    32.3835       1049     0.7278  0.000e+00
     23.329     6.1423   3.217257    32.3830       1050     0.7285  0.000e+00
     23.382     6.1421   3.217264    32.3833       1051     0.7292  0.000e+00
     23.329     6.1421   3.217270    32.3833       1052     0.7299  0.000e+00
     23.415     6.1421   3.217270    32.3833       1053     0.7306  0.000e+00
     23.468     6.1424   3.217310    32.3834       1054     0.7312  0.000e+00
     23.414     6.1428   3.217390    32.3840       1055     0.7319  0.000e+00
     23.500     6.1440   3.217522    32.3843       1056     0.7326  0.000e+00
     23.468     6.1447   3.217622    32.3848       1057     0.7333  0.000e+00
     23.500     6.1457   3.217754    32.3853       1058     0.7340  0.000e+00
     23.586     6.1463   3.217774    32.3849       1059     0.7347  0.000e+00
     23.468     6.1463   3.217721    32.3843       1060     0.7354  0.000e+00
     23.586     6.1460   3.217662    32.3839       1061     0.7361  0.000e+00
     23.672     6.1460   3.217668    32.3839       1062     0.7368  0.000e+00
     23.554     6.1461   3.217721    32.3844       1063     0.7375  0.000e+00
     23.586     6.1462   3.217774    32.3850       1064     0.7382  0.000e+00
     23.758     6.1471   3.217814    32.3845       1065     0.7389  0.000e+00
     23.639     6.1476   3.217933    32.3854       1066     0.7396  0.000e+00
     23.672     6.1483   3.218013    32.3856       1067     0.7403  0.000e+00
     23.757     6.1490   3.218093    32.3857       1068     0.7410  0.000e+00
     23.639     6.1506   3.218378    32.3874       1069     0.7417  0.000e+00
     23.757     6.1540   3.218795    32.3888       1070     0.7424  0.000e+00
     23.833     6.1563   3.219034    32.3893       1071     0.7431  0.000e+00
     23.725     6.1576   3.219127    32.3891       1072     0.7438  0.000e+00
     23.832     6.1586   3.219266    32.3896       1073     0.7444  0.000e+00
     23.832     6.1595   3.219313    32.3893       1074     0.7451  0.000e+00
     23.800     6.1598   3.219359    32.3895       1075     0.7458  0.000e+00
     23.918     6.1601   3.219346    32.3890       1076     0.7465  0.000e+00
     23.918     6.1601   3.219319    32.3887       1077     0.7472  0.000e+00
     23.886     6.1601   3.219286    32.3884       1078     0.7479  0.000e+00
     23.832     6.1596   3.219286    32.3888       1079     0.7486  0.000e+00
     24.004     6.1596   3.219233    32.3882       1080     0.7493  0.000e+00
     23.972     6.1598   3.219246    32.3882       1081     0.7500  0.000e+00
     24.004     6.1598   3.219227    32.3879       1082     0.7507  0.000e+00
     24.004     6.1595   3.219246    32.3885       1083     0.7514  0.000e+00
     24.057     6.1593   3.219253    32.3887       1084     0.7521  0.000e+00
     24.004     6.1595   3.219253    32.3885       1085     0.7528  0.000e+00
     24.090     6.1596   3.219273    32.3886       1086     0.7535  0.000e+00
     24.057     6.1596   3.219286    32.3887       1087     0.7542  0.000e+00
     24.261     6.1595   3.219280    32.3887       1088     0.7549  0.000e+00
     24.089     6.1598   3.219326    32.3890       1089     0.7556  0.000e+00
     24.229     6.1596   3.219359    32.3895       1090     0.7562  0.000e+00
     24.261     6.1600   3.219346    32.3890       1091     0.7569  0.000e+00
     24.175     6.1598   3.219339    32.3891       1092     0.7576  0.000e+00
     24.229     6.1598   3.219366    32.3894       1093     0.7583  0.000e+00
     24.336     6.1601   3.219326    32.3886       1094     0.7590  0.000e+00
     24.261     6.1601   3.219333    32.3887       1095     0.7597  0.000e+00
     24.336     6.1600   3.219320    32.3887       1096     0.7604  0.000e+00
     24.390     6.1596   3.219313    32.3889       1097     0.7611  0.000e+00
     24.422     6.1593   3.219240    32.3884       1098     0.7618  0.000e+00
     24.336     6.1589   3.219247    32.3888       1099     0.7625  0.000e+00
     24.475     6.1592   3.219320    32.3894       1100     0.7632  0.000e+00
     24.507     6.1595   3.219386    32.3898       1101     0.7639  0.000e+00
     24.507     6.1596   3.219373    32.3895       1102     0.7646  0.000e+00
     24.475     6.1596   3.219419    32.3900       1103     0.7653  0.000e+00
     24.593     6.1600   3.219472    32.3902       1104     0.7660  0.000e+00
     24.679     6.1603   3.219558    32.3909       1105     0.7667  0.000e+00
     24.561     6.1604   3.219525    32.3904       1106     0.7674  0.000e+00
     24.679     6.1604   3.219585    32.3910       1107     0.7681  0.000e+00
     24.765     6.1603   3.219558    32.3908       1108     0.7688  0.000e+00
     24.732     6.1601   3.219525    32.3906       1109     0.7694  0.000e+00
     24.765     6.1598   3.219539    32.3910       1110     0.7701  0.000e+00
     24.765     6.1596   3.219525    32.3911       1111     0.7708  0.000e+00
     24.893     6.1595   3.219539    32.3913       1112     0.7715  0.000e+00
     24.925     6.1596   3.219572    32.3915       1113     0.7722  0.000e+00
     24.839     6.1593   3.219525    32.3913       1114     0.7729  0.000e+00
     24.979     6.1593   3.219519    32.3912       1115     0.7736  0.000e+00
     25.011     6.1593   3.219512    32.3911       1116     0.7743  0.000e+00
     25.011     6.1592   3.219492    32.3910       1117     0.7750  0.000e+00
     25.097     6.1588   3.219505    32.3915       1118     0.7757  0.000e+00
     25.065     6.1588   3.219519    32.3916       1119     0.7764  0.000e+00
     25.183     6.1588   3.219512    32.3915       1120     0.7771  0.000e+00
     25.183     6.1587   3.219492    32.3914       1121     0.7778  0.000e+00
     25.236     6.1585   3.219486    32.3915       1122     0.7785  0.000e+00
     25.268     6.1585   3.219486    32.3914       1123     0.7792  0.000e+00
     25.343     6.1585   3.219439    32.3909       1124     0.7799  0.000e+00
     25.311     6.1577   3.219386    32.3911       1125     0.7806  0.000e+00
     25.429     6.1577   3.219366    32.3908       1126     0.7813  0.000e+00
     25.429     6.1577   3.219439    32.3916       1127     0.7819  0.000e+00
     25.483     6.1580   3.219479    32.3918       1128     0.7826  0.000e+00
     25.515     6.1584   3.219512    32.3918       1129     0.7833  0.000e+00
     25.601     6.1587   3.219512    32.3914       1130     0.7840  0.000e+00
     25.397     6.1581   3.219433    32.3911       1131     0.7847  0.000e+00
     25.934     6.1566   3.219221    32.3900       1132     0.7854  0.000e+00
     25.687     6.1550   3.219061    32.3899       1133     0.7861  0.000e+00
     25.772     6.1535   3.218909    32.3896       1134     0.7868  0.000e+00
     25.826     6.1519   3.218876    32.3907       1135     0.7875  0.000e+00
     25.848     6.1516   3.218829    32.3905       1136     0.7882  0.000e+00
     25.933     6.1509   3.218796    32.3907       1137     0.7889  0.000e+00
     25.987     6.1501   3.218790    32.3913       1138     0.7896  0.000e+00
     25.933     6.1503   3.218809    32.3914       1139     0.7903  0.000e+00
     26.019     6.1499   3.218637    32.3898       1140     0.7910  0.000e+00
     25.901     6.1466   3.218252    32.3888       1141     0.7917  0.000e+00
     26.352     6.1431   3.217967    32.3887       1142     0.7924  0.000e+00
     26.191     6.1409   3.217868    32.3898       1143     0.7931  0.000e+00
     26.277     6.1397   3.217788    32.3900       1144     0.7937  0.000e+00
     26.330     6.1390   3.217808    32.3908       1145     0.7944  0.000e+00
     26.352     6.1389   3.217755    32.3903       1146     0.7951  0.000e+00
     26.352     6.1355   3.217338    32.3889       1147     0.7958  0.000e+00
     26.330     6.1313   3.216880    32.3879       1148     0.7965  0.000e+00
     26.609     6.1280   3.216595    32.3877       1149     0.7972  0.000e+00
     26.609     6.1249   3.216430    32.3888       1150     0.7979  0.000e+00
     26.609     6.1222   3.216151    32.3882       1151     0.7986  0.000e+00
     26.663     6.1182   3.215760    32.3877       1152     0.7993  0.000e+00
     26.695     6.1143   3.215435    32.3878       1153     0.8000  0.000e+00
     26.781     6.1117   3.215329    32.3890       1154     0.8007  0.000e+00
     26.834     6.1109   3.215336    32.3898       1155     0.8014  0.000e+00
     26.856     6.1101   3.215343    32.3906       1156     0.8021  0.000e+00
     26.856     6.1097   3.215230    32.3898       1157     0.8028  0.000e+00
     26.941     6.1088   3.215197    32.3903       1158     0.8035  0.000e+00
     26.995     6.1088   3.215197    32.3902       1159     0.8042  0.000e+00
     27.113     6.1088   3.215197    32.3902       1160     0.8049  0.000e+00
     27.113     6.1084   3.215157    32.3901       1161     0.8056  0.000e+00
     27.167     6.1081   3.215137    32.3901       1162     0.8063  0.000e+00
     27.285     6.1077   3.215091    32.3899       1163     0.8069  0.000e+00
     27.285     6.1073   3.215104    32.3904       1164     0.8076  0.000e+00
     27.285     6.1074   3.215104    32.3904       1165     0.8083  0.000e+00
     27.413     6.1072   3.215064    32.3901       1166     0.8090  0.000e+00
     27.360     6.1069   3.215025    32.3899       1167     0.8097  0.000e+00
     27.445     6.1067   3.215018    32.3900       1168     0.8104  0.000e+00
     27.338     6.1063   3.214938    32.3896       1169     0.8111  0.000e+00
     27.789     6.1057   3.214925    32.3897       1170     0.8118  0.000e+00
     27.617     6.1052   3.214872    32.3897       1171     0.8125  0.000e+00
     27.617     6.1047   3.214760    32.3889       1172     0.8132  0.000e+00
     27.671     6.1038   3.214726    32.3894       1173     0.8139  0.000e+00
     27.789     6.1033   3.214647    32.3890       1174     0.8146  0.000e+00
     27.789     6.1027   3.214587    32.3889       1175     0.8153  0.000e+00
     27.864     6.1018   3.214561    32.3894       1176     0.8160  0.000e+00
     27.756     6.1020   3.214561    32.3892       1177     0.8167  0.000e+00
     28.035     6.1015   3.214574    32.3897       1178     0.8174  0.000e+00
     27.949     6.1015   3.214587    32.3899       1179     0.8181  0.000e+00
     28.035     6.1016   3.214581    32.3897       1180     0.8187  0.000e+00
     28.089     6.1017   3.214621    32.3900       1181     0.8194  0.000e+00
     28.121     6.1021   3.214581    32.3892       1182     0.8201  0.000e+00
     28.121     6.1022   3.214621    32.3896       1183     0.8208  0.000e+00
     28.260     6.1021   3.214601    32.3893       1184     0.8215  0.000e+00
     28.207     6.1023   3.214601    32.3891       1185     0.8222  0.000e+00
     28.292     6.1025   3.214647    32.3895       1186     0.8229  0.000e+00
     28.292     6.1023   3.214634    32.3895       1187     0.8236  0.000e+00
     28.346     6.1023   3.214607    32.3892       1188     0.8243  0.000e+00
     28.453     6.1022   3.214607    32.3892       1189     0.8250  0.000e+00
     28.453     6.1023   3.214594    32.3890       1190     0.8257  0.000e+00
     28.453     6.1023   3.214601    32.3890       1191     0.8264  0.000e+00
     28.507     6.1026   3.214687    32.3897       1192     0.8271  0.000e+00
     28.539     6.1028   3.214700    32.3896       1193     0.8278  0.000e+00
     28.539     6.1029   3.214720    32.3897       1194     0.8285  0.000e+00
     28.625     6.1032   3.214753    32.3899       1195     0.8292  0.000e+00
     28.678     6.1033   3.214733    32.3895       1196     0.8299  0.000e+00
     28.625     6.1031   3.214707    32.3894       1197     0.8306  0.000e+00
     28.710     6.1027   3.214660    32.3893       1198     0.8313  0.000e+00
     28.710     6.1026   3.214660    32.3893       1199     0.8319  0.000e+00
     28.850     6.1023   3.214607    32.3889       1200     0.8326  0.000e+00
     28.796     6.1021   3.214627    32.3894       1201     0.8333  0.000e+00
     28.796     6.1023   3.214660    32.3895       1202     0.8340  0.000e+00
     28.871     6.1029   3.214720    32.3896       1203     0.8347  0.000e+00
     28.925     6.1035   3.214773    32.3896       1204     0.8354  0.000e+00
     28.957     6.1034   3.214747    32.3894       1205     0.8361  0.000e+00
     28.957     6.1035   3.214773    32.3896       1206     0.8368  0.000e+00
     28.925     6.1037   3.214806    32.3898       1207     0.8375  0.000e+00
     29.043     6.1036   3.214773    32.3894       1208     0.8382  0.000e+00
     29.043     6.1037   3.214733    32.3889       1209     0.8389  0.000e+00
     29.128     6.1038   3.214787    32.3894       1210     0.8396  0.000e+00
     29.096     6.1034   3.214753    32.3894       1211     0.8403  0.000e+00
     29.128     6.1035   3.214773    32.3895       1212     0.8410  0.000e+00
     29.214     6.1033   3.214767    32.3896       1213     0.8417  0.000e+00
     29.214     6.1032   3.214753    32.3896       1214     0.8424  0.000e+00
     29.182     6.1028   3.214753    32.3900       1215     0.8431  0.000e+00
     29.214     6.1032   3.214720    32.3892       1216     0.8438  0.000e+00
     29.289     6.1029   3.214740    32.3896       1217     0.8444  0.000e+00
     29.375     6.1032   3.214760    32.3896       1218     0.8451  0.000e+00
     29.267     6.1033   3.214780    32.3898       1219     0.8458  0.000e+00
     29.461     6.1030   3.214760    32.3897       1220     0.8465  0.000e+00
     29.375     6.1034   3.214806    32.3898       1221     0.8472  0.000e+00
     29.461     6.1033   3.214747    32.3893       1222     0.8479  0.000e+00
     29.181     6.1035   3.214747    32.3892       1223     0.8486  0.000e+00
     29.718     6.1036   3.214787    32.3893       1224     0.8493  0.000e+00
     29.546     6.1035   3.214833    32.3900       1225     0.8500  0.000e+00
     29.460     6.1041   3.214826    32.3894       1226     0.8507  0.000e+00
     29.632     6.1038   3.214813    32.3894       1227     0.8514  0.000e+00
     29.600     6.1042   3.214919    32.3902       1228     0.8521  0.000e+00
     29.632     6.1043   3.214879    32.3897       1229     0.8528  0.000e+00
     29.632     6.1044   3.214932    32.3902       1230     0.8535  0.000e+00
