HB2402/ctd115.cnv
* Sea-Bird SBE 9 Data File:
* FileName = C:\cruise\data\ctd115.hex
* Software Version Seasave V 7.26.7.121
* Temperature SN = 5253
* Conductivity SN = 4421
* Number of Bytes Per Scan = 37
* Number of Voltage Words = 4
* Number of Scans Averaged by the Deck Unit = 1
* NMEA Latitude = 40 00.41 N
* NMEA Longitude = 070 13.30 W
* NMEA UTC (Time) = Apr 08 2024 16:55:40
* NMEA baud rate = 4800
** Ship: Bigelow HB2304
** Program:  Fall Bottom Trawl Survey
** Chief Scientist: John Galbraith
# nquan = 7
# nvalues = 520                         
# units = specified
# name 0 = depSM: Depth [salt water, m]
# name 1 = t090C: Temperature [ITS-90, deg C]
# name 2 = c0S/m: Conductivity [S/m]
# name 3 = sal00: Salinity, Practical [PSU]
# name 4 = scan: Scan Count
# name 5 = timeM: Time, Elapsed [minutes]
# name 6 = flag: flag
# span 0 =      1.000,    262.000       
# span 1 =     6.0704,    13.3274       
# span 2 =   3.210227,   4.164443       
# span 3 =    32.3702,    35.2913       
# span 4 =       -212,      15956       
# span 5 =    -0.1481,    11.0796       
# span 6 = 0.0000e+00, 0.0000e+00       
# interval = meters: 1                  
# start_time = Apr 08 2024 16:55:40 [NMEA time, header]
# bad_flag = -9.990e-29
*END*
[from data line 206]
    210.000    10.5827   3.894618    35.2098       6052     4.2017 0.0000e+00
    211.000    10.5302   3.889675    35.2100       6070     4.2148 0.0000e+00
    212.000    10.5156   3.888499    35.2119       6088     4.2268 0.0000e+00
    213.000    10.4989   3.886823    35.2105       6106     4.2395 0.0000e+00
    214.000    10.4893   3.886010    35.2112       6130     4.2561 0.0000e+00
    215.000    10.4855   3.885574    35.2099       6165     4.2807 0.0000e+00
    216.000    10.4571   3.882582    35.2067       6200     4.3046 0.0000e+00
    217.000    10.3859   3.875691    35.2053       6224     4.3213 0.0000e+00
    218.000    10.2981   3.867150    35.2031       6247     4.3372 0.0000e+00
    219.000    10.2814   3.865784    35.2050       6272     4.3551 0.0000e+00
    220.000    10.2729   3.864956    35.2043       6299     4.3738 0.0000e+00
    221.000    10.2706   3.864698    35.2035       6328     4.3938 0.0000e+00
    222.000    10.2677   3.864405    35.2029       6356     4.4135 0.0000e+00
    223.000    10.2583   3.863444    35.2017       6380     4.4298 0.0000e+00
    224.000    10.2076   3.858260    35.1977       6400     4.4436 0.0000e+00
    225.000    10.1672   3.854825    35.2014       6420     4.4575 0.0000e+00
    226.000    10.1273   3.850738    35.1981       6441     4.4723 0.0000e+00
    227.000    10.0888   3.847068    35.1975       6469     4.4918 0.0000e+00
    228.000    10.0801   3.846205    35.1968       6505     4.5164 0.0000e+00
    229.000    10.0597   3.844066    35.1942       6542     4.5421 0.0000e+00
    230.000    10.0486   3.842976    35.1934       6571     4.5627 0.0000e+00
    231.000    10.0408   3.842273    35.1934       6595     4.5795 0.0000e+00
    232.000    10.0363   3.841900    35.1935       6616     4.5940 0.0000e+00
    233.000    10.0170   3.839744    35.1897       6635     4.6073 0.0000e+00
    234.000     9.9984   3.838143    35.1910       6655     4.6207 0.0000e+00
    235.000     9.9916   3.837441    35.1900       6674     4.6341 0.0000e+00
    236.000     9.9825   3.836454    35.1883       6699     4.6512 0.0000e+00
    237.000     9.9687   3.835083    35.1872       6738     4.6784 0.0000e+00
    238.000     9.9582   3.833979    35.1856       6772     4.7022 0.0000e+00
    239.000     9.9454   3.832732    35.1848       6794     4.7173 0.0000e+00
    240.000     9.9043   3.828423    35.1803       6814     4.7310 0.0000e+00
    241.000     9.8714   3.825514    35.1820       6835     4.7456 0.0000e+00
    242.000     9.8476   3.823174    35.1807       6862     4.7645 0.0000e+00
    243.000     9.8367   3.822098    35.1799       6907     4.7956 0.0000e+00
    244.000     9.8316   3.821570    35.1790       6941     4.8196 0.0000e+00
    245.000     9.8291   3.821433    35.1795       6961     4.8337 0.0000e+00
    246.000     9.8220   3.820614    35.1776       6975     4.8429 0.0000e+00
    247.000     9.7975   3.817957    35.1737       6992     4.8545 0.0000e+00
    248.000     9.7598   3.814361    35.1730       7009     4.8664 0.0000e+00
    249.000     9.7041   3.809086    35.1726       7031     4.8817 0.0000e+00
    250.000     9.6920   3.807972    35.1725       7057     4.8997 0.0000e+00
    251.000     9.6828   3.807080    35.1719       7085     4.9193 0.0000e+00
    252.000     9.6802   3.806788    35.1709       7137     4.9556 0.0000e+00
    253.000     9.6660   3.805382    35.1699       7196     4.9963 0.0000e+00
    254.000     9.6545   3.804059    35.1669       7213     5.0081 0.0000e+00
    255.000     9.6251   3.801068    35.1644       7226     5.0173 0.0000e+00
    256.000     9.5750   3.795956    35.1601       7239     5.0262 0.0000e+00
    257.000     9.5219   3.790374    35.1539       7251     5.0345 0.0000e+00
    258.000     9.4484   3.783505    35.1543       7264     5.0441 0.0000e+00
    259.000     9.2894   3.767110    35.1396       7282     5.0560 0.0000e+00
    260.000     9.1456   3.753942    35.1434       7309     5.0751 0.0000e+00
    261.000     9.0391   3.743304    35.1366       7442     5.1671 0.0000e+00
    262.000     8.9930   3.737890    35.1250       8150     5.6591 0.0000e+00
    261.000     9.0424   3.743097    35.1312       8189     5.6858 0.0000e+00
    260.000     9.0950   3.748127    35.1324       8214     5.7035 0.0000e+00
    259.000     9.2675   3.765493    35.1443       8260     5.7353 0.0000e+00
    258.000     9.3331   3.771848    35.1465       8315     5.7735 0.0000e+00
    257.000     9.4233   3.780716    35.1505       8337     5.7886 0.0000e+00
    256.000     9.4806   3.786206    35.1517       8356     5.8019 0.0000e+00
    255.000     9.5121   3.789579    35.1562       8375     5.8153 0.0000e+00
    254.000     9.5652   3.794711    35.1578       8402     5.8340 0.0000e+00
    253.000     9.5940   3.797361    35.1575       8443     5.8626 0.0000e+00
    252.000     9.6216   3.800275    35.1610       8474     5.8840 0.0000e+00
    251.000     9.6689   3.804800    35.1619       8497     5.8999 0.0000e+00
    250.000     9.6783   3.805861    35.1642       8518     5.9143 0.0000e+00
    249.000     9.6972   3.807577    35.1639       8538     5.9282 0.0000e+00
    248.000     9.7229   3.810215    35.1664       8557     5.9420 0.0000e+00
    247.000     9.7357   3.811493    35.1675       8580     5.9573 0.0000e+00
    246.000     9.7437   3.812279    35.1683       8608     5.9772 0.0000e+00
    245.000     9.7595   3.813882    35.1698       8652     6.0080 0.0000e+00
    244.000     9.7764   3.815436    35.1698       8700     6.0408 0.0000e+00
    243.000     9.8071   3.818489    35.1717       8729     6.0609 0.0000e+00
    242.000     9.8250   3.820183    35.1721       8752     6.0768 0.0000e+00
    241.000     9.8378   3.821496    35.1736       8770     6.0896 0.0000e+00
    240.000     9.8602   3.823687    35.1747       8787     6.1012 0.0000e+00
    239.000     9.8837   3.825965    35.1756       8804     6.1135 0.0000e+00
    238.000     9.9055   3.828179    35.1775       8826     6.1284 0.0000e+00
    237.000     9.9155   3.829099    35.1777       8855     6.1489 0.0000e+00
    236.000     9.9335   3.831160    35.1818       8888     6.1719 0.0000e+00
    235.000     9.9790   3.835480    35.1822       8923     6.1955 0.0000e+00
    234.000     9.9877   3.836389    35.1835       8960     6.2218 0.0000e+00
    233.000     9.9955   3.837149    35.1842       9002     6.2506 0.0000e+00
    232.000    10.0060   3.838124    35.1843       9028     6.2690 0.0000e+00
    231.000    10.0145   3.838917    35.1847       9048     6.2827 0.0000e+00
    230.000    10.0179   3.839322    35.1860       9065     6.2946 0.0000e+00
    229.000    10.0277   3.840204    35.1859       9082     6.3064 0.0000e+00
    228.000    10.0347   3.840928    35.1869       9101     6.3191 0.0000e+00
    227.000    10.0450   3.841950    35.1879       9122     6.3341 0.0000e+00
    226.000    10.0604   3.843454    35.1887       9151     6.3540 0.0000e+00
    225.000    10.0837   3.845659    35.1891       9199     6.3873 0.0000e+00
    224.000    10.1425   3.851503    35.1921       9245     6.4194 0.0000e+00
    223.000    10.1780   3.855008    35.1938       9275     6.4402 0.0000e+00
    222.000    10.2253   3.859573    35.1949       9298     6.4563 0.0000e+00
    221.000    10.2570   3.862530    35.1946       9319     6.4711 0.0000e+00
    220.000    10.2644   3.863221    35.1950       9340     6.4853 0.0000e+00
    219.000    10.2693   3.863706    35.1956       9359     6.4987 0.0000e+00
    218.000    10.2753   3.864284    35.1961       9378     6.5117 0.0000e+00
    217.000    10.2978   3.866309    35.1954       9397     6.5252 0.0000e+00
    216.000    10.3300   3.869518    35.1972       9419     6.5406 0.0000e+00
    215.000    10.4132   3.877742    35.2006       9450     6.5621 0.0000e+00
    214.000    10.4622   3.882458    35.2015       9520     6.6101 0.0000e+00
    213.000    10.4889   3.885006    35.2019       9561     6.6392 0.0000e+00
    212.000    10.4977   3.885820    35.2021       9579     6.6517 0.0000e+00
    211.000    10.5044   3.886476    35.2026       9595     6.6623 0.0000e+00
    210.000    10.5330   3.889233    35.2034       9609     6.6720 0.0000e+00
    209.000    10.5577   3.891575    35.2037       9622     6.6814 0.0000e+00
    208.000    10.5741   3.892983    35.2025       9637     6.6920 0.0000e+00
    207.000    10.5898   3.894890    35.2071       9656     6.7050 0.0000e+00
    206.000    10.7049   3.906434    35.2129       9693     6.7307 0.0000e+00
    205.000    10.7844   3.914095    35.2138       9764     6.7798 0.0000e+00
    204.000    10.8335   3.918937    35.2157       9794     6.8005 0.0000e+00
    203.000    10.8616   3.921864    35.2185       9814     6.8143 0.0000e+00
    202.000    10.8731   3.923079    35.2201       9830     6.8258 0.0000e+00
    201.000    10.8904   3.924666    35.2199       9847     6.8377 0.0000e+00
    200.000    10.9064   3.926286    35.2211       9868     6.8518 0.0000e+00
    199.000    10.9199   3.927700    35.2228       9896     6.8715 0.0000e+00
    198.000    10.9292   3.928488    35.2222       9934     6.8982 0.0000e+00
    197.000    10.9650   3.932189    35.2253       9967     6.9210 0.0000e+00
    196.000    10.9970   3.935334    35.2266       9991     6.9377 0.0000e+00
    195.000    11.0008   3.935755    35.2276      10015     6.9540 0.0000e+00
    194.000    11.0128   3.936922    35.2282      10041     6.9719 0.0000e+00
    193.000    11.0243   3.937998    35.2283      10069     6.9919 0.0000e+00
    192.000    11.0444   3.939779    35.2274      10100     7.0129 0.0000e+00
    191.000    11.0773   3.942678    35.2252      10136     7.0383 0.0000e+00
    190.000    11.1038   3.944900    35.2224      10168     7.0607 0.0000e+00
    189.000    11.1162   3.946054    35.2225      10191     7.0764 0.0000e+00
    188.000    11.1286   3.947306    35.2236      10210     7.0893 0.0000e+00
    187.000    11.1434   3.948556    35.2223      10228     7.1019 0.0000e+00
    186.000    11.1584   3.950176    35.2245      10248     7.1158 0.0000e+00
    185.000    11.1787   3.952161    35.2253      10273     7.1332 0.0000e+00
    184.000    11.2151   3.955648    35.2257      10308     7.1574 0.0000e+00
    183.000    11.2491   3.959979    35.2366      10348     7.1854 0.0000e+00
    182.000    11.3837   3.973587    35.2436      10390     7.2145 0.0000e+00
    181.000    11.4757   3.983464    35.2541      10420     7.2352 0.0000e+00
    180.000    11.5295   3.988993    35.2579      10440     7.2492 0.0000e+00
    179.000    11.5648   3.992719    35.2615      10457     7.2611 0.0000e+00
    178.000    11.6099   3.997500    35.2662      10474     7.2727 0.0000e+00
    177.000    11.6358   4.000222    35.2688      10492     7.2853 0.0000e+00
    176.000    11.6863   4.005598    35.2742      10514     7.3008 0.0000e+00
    175.000    11.6760   4.004702    35.2756      10544     7.3213 0.0000e+00
    174.000    11.6982   4.007066    35.2782      10581     7.3471 0.0000e+00
    173.000    11.7430   4.011806    35.2827      10621     7.3752 0.0000e+00
    172.000    11.7577   4.011870    35.2698      10658     7.4008 0.0000e+00
    171.000    11.7131   4.004450    35.2396      10685     7.4195 0.0000e+00
    170.000    11.7115   4.003071    35.2281      10707     7.4346 0.0000e+00
    169.000    11.7074   4.001825    35.2202      10727     7.4485 0.0000e+00
    168.000    11.6947   3.999616    35.2109      10747     7.4622 0.0000e+00
    167.000    11.6833   3.997787    35.2042      10767     7.4762 0.0000e+00
    166.000    11.6695   3.995689    35.1971      10790     7.4927 0.0000e+00
    165.000    11.6492   3.992448    35.1849      10818     7.5115 0.0000e+00
    164.000    11.6217   3.988084    35.1685      10853     7.5358 0.0000e+00
    163.000    11.6297   3.988695    35.1673      10892     7.5632 0.0000e+00
    162.000    11.6380   3.987099    35.1442      10920     7.5825 0.0000e+00
    161.000    11.6376   3.985073    35.1251      10943     7.5989 0.0000e+00
    160.000    11.6396   3.984394    35.1169      10967     7.6152 0.0000e+00
    159.000    11.6368   3.982639    35.1028      10991     7.6322 0.0000e+00
    158.000    11.6413   3.981667    35.0894      11016     7.6491 0.0000e+00
    157.000    11.6532   3.981832    35.0802      11043     7.6678 0.0000e+00
    156.000    11.6809   3.983548    35.0713      11073     7.6888 0.0000e+00
    155.000    11.7019   3.985312    35.0693      11102     7.7087 0.0000e+00
    154.000    11.7054   3.985681    35.0700      11128     7.7268 0.0000e+00
    153.000    11.7107   3.986182    35.0704      11153     7.7445 0.0000e+00
    152.000    11.7177   3.986873    35.0710      11178     7.7620 0.0000e+00
    151.000    11.7271   3.987749    35.0712      11204     7.7800 0.0000e+00
    150.000    11.7390   3.988949    35.0722      11232     7.7996 0.0000e+00
    149.000    11.7782   3.992937    35.0748      11263     7.8206 0.0000e+00
    148.000    11.8024   3.995097    35.0736      11291     7.8401 0.0000e+00
    147.000    11.8173   3.996535    35.0740      11316     7.8573 0.0000e+00
    146.000    11.8332   3.998303    35.0768      11340     7.8742 0.0000e+00
    145.000    11.8586   4.000759    35.0773      11368     7.8934 0.0000e+00
    144.000    11.8884   4.003446    35.0760      11396     7.9133 0.0000e+00
    143.000    11.8927   4.003793    35.0759      11421     7.9303 0.0000e+00
    142.000    11.8942   4.003580    35.0727      11443     7.9456 0.0000e+00
    141.000    11.9021   4.004041    35.0703      11466     7.9621 0.0000e+00
    140.000    11.9306   4.006513    35.0681      11494     7.9810 0.0000e+00
    139.000    11.9741   4.010875    35.0702      11523     8.0017 0.0000e+00
    138.000    12.0224   4.015474    35.0701      11557     8.0253 0.0000e+00
    137.000    12.0462   4.017835    35.0712      11593     8.0497 0.0000e+00
    136.000    12.0531   4.018422    35.0709      11619     8.0683 0.0000e+00
    135.000    12.0620   4.019314    35.0716      11640     8.0827 0.0000e+00
    134.000    12.0665   4.019708    35.0717      11658     8.0950 0.0000e+00
    133.000    12.0901   4.022055    35.0728      11676     8.1073 0.0000e+00
    132.000    12.1421   4.028172    35.0840      11696     8.1215 0.0000e+00
    131.000    12.2058   4.035075    35.0918      11723     8.1405 0.0000e+00
    130.000    12.2782   4.042631    35.0976      11759     8.1653 0.0000e+00
    129.000    12.3636   4.052133    35.1102      11797     8.1919 0.0000e+00
    128.000    12.5248   4.070130    35.1338      11833     8.2166 0.0000e+00
    127.000    12.7170   4.093043    35.1752      11858     8.2340 0.0000e+00
    126.000    12.9093   4.115470    35.2114      11879     8.2486 0.0000e+00
    125.000    13.0809   4.135639    35.2447      11900     8.2632 0.0000e+00
    124.000    13.1932   4.148553    35.2637      11922     8.2781 0.0000e+00
    123.000    13.2315   4.153122    35.2720      11943     8.2933 0.0000e+00
    122.000    13.2650   4.156976    35.2779      11967     8.3094 0.0000e+00
    121.000    13.2871   4.159564    35.2824      11995     8.3289 0.0000e+00
    120.000    13.3023   4.161164    35.2839      12023     8.3488 0.0000e+00
    119.000    13.3113   4.162170    35.2855      12050     8.3670 0.0000e+00
    118.000    13.3246   4.163596    35.2871      12083     8.3900 0.0000e+00
    117.000    13.3262   4.163421    35.2844      12129     8.4221 0.0000e+00
    116.000    13.2625   4.153919    35.2538      12154     8.4397 0.0000e+00
    115.000    13.1692   4.141078    35.2187      12171     8.4515 0.0000e+00
    114.000    13.0684   4.127091    35.1796      12187     8.4623 0.0000e+00
    113.000    12.9991   4.117825    35.1560      12203     8.4739 0.0000e+00
    112.000    12.9621   4.113643    35.1509      12224     8.4885 0.0000e+00
    111.000    12.9106   4.106217    35.1282      12253     8.5085 0.0000e+00
