HB2402/ctd113.cnv
* Sea-Bird SBE 9 Data File:
* FileName = C:\cruise\data\ctd113.hex
* Software Version Seasave V 7.26.7.121
* Temperature SN = 5253
* Conductivity SN = 4421
* Number of Bytes Per Scan = 37
* Number of Voltage Words = 4
* Number of Scans Averaged by the Deck Unit = 1
* NMEA Latitude = 40 02.17 N
* NMEA Longitude = 070 31.62 W
* NMEA UTC (Time) = Apr 08 2024 10:42:18
* NMEA baud rate = 4800
** Ship: Bigelow HB2304
** Program:  Fall Bottom Trawl Survey
** Chief Scientist: John Galbraith
# nquan = 7
# nvalues = 432                         
# units = specified
# name 0 = depSM: Depth [salt water, m]
# name 1 = t090C: Temperature [ITS-90, deg C]
# name 2 = c0S/m: Conductivity [S/m]
# name 3 = sal00: Salinity, Practical [PSU]
# name 4 = scan: Scan Count
# name 5 = timeM: Time, Elapsed [minutes]
# name 6 = flag: flag
# span 0 =      1.000,    218.000       
# span 1 =     6.8273,    12.4309       
# span 2 =   3.314858,   4.040342       
# span 3 =    32.8191,    35.2039       
# span 4 =         40,      13193       
# span 5 =     0.0272,     9.1609       
# span 6 = 0.0000e+00, 0.0000e+00       
# interval = meters: 1                  
# start_time = Apr 08 2024 10:42:18 [NMEA time, header]
# bad_flag = -9.990e-29
*END*
      4.000     6.8435   3.316389    32.8191         40     0.0272 0.0000e+00
      5.000     6.8451   3.316573    32.8192        151     0.1039 0.0000e+00
      6.000     6.8479   3.316954    32.8202        274     0.1893 0.0000e+00
      7.000     6.8520   3.317404    32.8207        316     0.2187 0.0000e+00
      8.000     6.8529   3.317527    32.8207        372     0.2578 0.0000e+00
      9.000     6.8582   3.318106    32.8215        395     0.2734 0.0000e+00
     10.000     6.8606   3.318321    32.8211        413     0.2861 0.0000e+00
     11.000     6.8563   3.317925    32.8204        432     0.2995 0.0000e+00
     12.000     6.8618   3.318529    32.8212        455     0.3155 0.0000e+00
     13.000     6.8640   3.318800    32.8216        482     0.3339 0.0000e+00
     14.000     6.8601   3.318487    32.8215        506     0.3510 0.0000e+00
     15.000     6.8708   3.319693    32.8240        532     0.3684 0.0000e+00
     16.000     6.8613   3.318648    32.8211        564     0.3909 0.0000e+00
     17.000     6.8670   3.319390    32.8233        603     0.4180 0.0000e+00
     18.000     6.8732   3.320081    32.8244        634     0.4393 0.0000e+00
     19.000     6.8790   3.320882    32.8272        655     0.4544 0.0000e+00
     20.000     6.9172   3.325837    32.8445        673     0.4670 0.0000e+00
     21.000     6.9481   3.329368    32.8532        689     0.4781 0.0000e+00
     22.000     6.9491   3.329628    32.8545        707     0.4905 0.0000e+00
     23.000     6.9617   3.331253    32.8599        745     0.5165 0.0000e+00
     24.000     6.9865   3.334630    32.8726        806     0.5589 0.0000e+00
     25.000     6.9920   3.335268    32.8738        826     0.5733 0.0000e+00
     26.000     7.0499   3.343935    32.9127        843     0.5846 0.0000e+00
     27.000     7.1787   3.359909    32.9633        856     0.5941 0.0000e+00
     28.000     7.4032   3.389017    33.0645        871     0.6043 0.0000e+00
     29.000     7.6297   3.419008    33.1718        889     0.6168 0.0000e+00
     30.000     7.7666   3.436750    33.2315        941     0.6526 0.0000e+00
     31.000     7.8974   3.455389    33.3061       1001     0.6942 0.0000e+00
     32.000     8.1234   3.484333    33.3992       1014     0.7033 0.0000e+00
     33.000     8.3132   3.508321    33.4729       1027     0.7128 0.0000e+00
     34.000     8.7349   3.560848    33.6255       1040     0.7218 0.0000e+00
     35.000     8.9489   3.583602    33.6604       1056     0.7327 0.0000e+00
     36.000     9.0063   3.590984    33.6826       1091     0.7570 0.0000e+00
     37.000     9.0411   3.596220    33.7037       1138     0.7895 0.0000e+00
     38.000     9.3846   3.643298    33.8661       1157     0.8027 0.0000e+00
     39.000     9.8582   3.699464    33.9964       1174     0.8143 0.0000e+00
     40.000    10.0097   3.718571    34.0482       1194     0.8286 0.0000e+00
     41.000    10.1206   3.732429    34.0844       1234     0.8564 0.0000e+00
     42.000    10.1935   3.742288    34.1155       1292     0.8964 0.0000e+00
     43.000    10.3407   3.761825    34.1745       1316     0.9132 0.0000e+00
     44.000    10.4576   3.777568    34.2232       1332     0.9241 0.0000e+00
     45.000    10.5789   3.793407    34.2683       1345     0.9336 0.0000e+00
     46.000    10.6976   3.809844    34.3215       1358     0.9426 0.0000e+00
     47.000    10.8706   3.830922    34.3698       1372     0.9521 0.0000e+00
     48.000    10.9232   3.836994    34.3807       1389     0.9638 0.0000e+00
     49.000    10.9501   3.841059    34.3956       1420     0.9853 0.0000e+00
     50.000    10.9485   3.842496    34.4110       1519     1.0539 0.0000e+00
     51.000    10.9664   3.846664    34.4353       1544     1.0717 0.0000e+00
     52.000    11.0464   3.856758    34.4604       1558     1.0813 0.0000e+00
     53.000    11.0724   3.860587    34.4737       1572     1.0911 0.0000e+00
     54.000    11.1312   3.868799    34.4998       1585     1.0997 0.0000e+00
     55.000    11.1647   3.872861    34.5083       1596     1.1077 0.0000e+00
     56.000    11.2195   3.880073    34.5282       1609     1.1165 0.0000e+00
     57.000    11.2853   3.887966    34.5442       1624     1.1270 0.0000e+00
     58.000    11.4815   3.912862    34.6062       1685     1.1695 0.0000e+00
     59.000    11.5989   3.928051    34.6455       1763     1.2235 0.0000e+00
     60.000    11.6554   3.935334    34.6639       1780     1.2352 0.0000e+00
     61.000    11.7326   3.945379    34.6900       1794     1.2453 0.0000e+00
     62.000    11.8131   3.955717    34.7157       1806     1.2538 0.0000e+00
     63.000    11.9759   3.978122    34.7822       1818     1.2619 0.0000e+00
     64.000    12.0950   3.991482    34.8009       1830     1.2703 0.0000e+00
     65.000    12.1110   3.993313    34.8034       1846     1.2814 0.0000e+00
     66.000    12.1079   3.993565    34.8083       1909     1.3248 0.0000e+00
     67.000    12.1197   3.995369    34.8144       1956     1.3578 0.0000e+00
     68.000    12.1411   3.998497    34.8244       1974     1.3699 0.0000e+00
     69.000    12.1925   4.005181    34.8410       1991     1.3820 0.0000e+00
     70.000    12.2274   4.009652    34.8515       2011     1.3961 0.0000e+00
     71.000    12.2639   4.014767    34.8667       2035     1.4123 0.0000e+00
     72.000    12.2858   4.017561    34.8729       2061     1.4308 0.0000e+00
     73.000    12.3059   4.020312    34.8804       2100     1.4574 0.0000e+00
     74.000    12.3243   4.022937    34.8882       2143     1.4873 0.0000e+00
     75.000    12.3375   4.024739    34.8929       2168     1.5048 0.0000e+00
     76.000    12.3444   4.025910    34.8974       2187     1.5180 0.0000e+00
     77.000    12.3522   4.027242    34.9027       2204     1.5295 0.0000e+00
     78.000    12.3692   4.030205    34.9150       2220     1.5407 0.0000e+00
     79.000    12.3507   4.028548    34.9158       2238     1.5534 0.0000e+00
     80.000    12.3496   4.028811    34.9189       2270     1.5760 0.0000e+00
     81.000    12.3749   4.032298    34.9286       2325     1.6139 0.0000e+00
     82.000    12.3786   4.032797    34.9296       2351     1.6320 0.0000e+00
     83.000    12.4074   4.036887    34.9419       2376     1.6494 0.0000e+00
     84.000    12.4171   4.038073    34.9439       2404     1.6690 0.0000e+00
     85.000    12.4285   4.039706    34.9486       2433     1.6887 0.0000e+00
     86.000    12.4283   4.039842    34.9496       2456     1.7049 0.0000e+00
     87.000    12.4294   4.040042    34.9502       2475     1.7181 0.0000e+00
     88.000    12.4306   4.040220    34.9503       2493     1.7303 0.0000e+00
     89.000    12.4309   4.040342    34.9508       2510     1.7424 0.0000e+00
     90.000    12.4282   4.040302    34.9525       2531     1.7566 0.0000e+00
     91.000    12.4213   4.039874    34.9543       2578     1.7897 0.0000e+00
     92.000    12.4052   4.038581    34.9564       2649     1.8392 0.0000e+00
     93.000    12.3792   4.035861    34.9539       2665     1.8503 0.0000e+00
     94.000    12.3395   4.031739    34.9506       2680     1.8601 0.0000e+00
     95.000    12.3319   4.031267    34.9526       2692     1.8689 0.0000e+00
     96.000    12.2862   4.026310    34.9469       2705     1.8775 0.0000e+00
     97.000    12.2544   4.023241    34.9463       2718     1.8869 0.0000e+00
     98.000    12.1850   4.016466    34.9449       2738     1.9004 0.0000e+00
     99.000    12.1566   4.013718    34.9443       2799     1.9430 0.0000e+00
    100.000    12.1415   4.012260    34.9438       2850     1.9782 0.0000e+00
    101.000    12.1322   4.011286    34.9426       2868     1.9912 0.0000e+00
    102.000    12.0720   4.006324    34.9502       2887     2.0041 0.0000e+00
    103.000    12.0575   4.005173    34.9521       2905     2.0164 0.0000e+00
    104.000    12.0411   4.003864    34.9543       2924     2.0300 0.0000e+00
    105.000    12.0386   4.003883    34.9563       2947     2.0457 0.0000e+00
    106.000    12.0418   4.004332    34.9573       2972     2.0633 0.0000e+00
    107.000    12.0246   4.002823    34.9583       3005     2.0864 0.0000e+00
    108.000    11.9958   4.000012    34.9575       3050     2.1173 0.0000e+00
    109.000    11.9820   3.998617    34.9563       3072     2.1324 0.0000e+00
    110.000    11.9744   3.997803    34.9550       3090     2.1448 0.0000e+00
    111.000    11.9601   3.996449    34.9548       3109     2.1586 0.0000e+00
    112.000    11.9391   3.994549    34.9555       3149     2.1859 0.0000e+00
    113.000    11.8478   3.986692    34.9640       3190     2.2143 0.0000e+00
    114.000    11.8300   3.985067    34.9644       3208     2.2274 0.0000e+00
    115.000    11.8186   3.983916    34.9634       3225     2.2386 0.0000e+00
    116.000    11.8142   3.983561    34.9635       3241     2.2500 0.0000e+00
    117.000    11.8109   3.983223    34.9629       3261     2.2637 0.0000e+00
    118.000    11.8073   3.982876    34.9624       3297     2.2888 0.0000e+00
    119.000    11.8013   3.982349    34.9625       3347     2.3235 0.0000e+00
    120.000    11.7932   3.981818    34.9644       3372     2.3411 0.0000e+00
    121.000    11.7841   3.981288    34.9673       3392     2.3548 0.0000e+00
    122.000    11.7632   3.980003    34.9740       3411     2.3683 0.0000e+00
    123.000    11.7404   3.978925    34.9844       3434     2.3841 0.0000e+00
    124.000    11.7311   3.978746    34.9909       3462     2.4032 0.0000e+00
    125.000    11.7281   3.979299    34.9988       3490     2.4229 0.0000e+00
    126.000    11.7277   3.979397    34.9997       3520     2.4436 0.0000e+00
    127.000    11.7268   3.979508    35.0012       3550     2.4649 0.0000e+00
    128.000    11.7277   3.979795    35.0027       3573     2.4809 0.0000e+00
    129.000    11.7297   3.980163    35.0040       3593     2.4944 0.0000e+00
    130.000    11.7376   3.981792    35.0121       3615     2.5099 0.0000e+00
    131.000    11.7338   3.982072    35.0180       3655     2.5377 0.0000e+00
    132.000    11.7191   3.981025    35.0211       3701     2.5692 0.0000e+00
    133.000    11.7029   3.980020    35.0262       3726     2.5866 0.0000e+00
    134.000    11.6916   3.979106    35.0274       3744     2.5993 0.0000e+00
    135.000    11.6585   3.976951    35.0369       3757     2.6085 0.0000e+00
    136.000    11.6421   3.977100    35.0534       3770     2.6177 0.0000e+00
    137.000    11.6593   3.980181    35.0671       3784     2.6272 0.0000e+00
    138.000    11.6668   3.981586    35.0734       3832     2.6606 0.0000e+00
    139.000    11.6717   3.982727    35.0795       3906     2.7118 0.0000e+00
    140.000    11.6723   3.982866    35.0798       3918     2.7200 0.0000e+00
    141.000    11.6738   3.983207    35.0814       3932     2.7300 0.0000e+00
    142.000    11.6760   3.983711    35.0838       3947     2.7401 0.0000e+00
    143.000    11.6801   3.984653    35.0887       3962     2.7510 0.0000e+00
    144.000    11.6759   3.985048    35.0961       3982     2.7646 0.0000e+00
    145.000    11.6520   3.983310    35.1012       4016     2.7885 0.0000e+00
    146.000    11.6426   3.982747    35.1041       4065     2.8223 0.0000e+00
    147.000    11.6351   3.982305    35.1064       4094     2.8425 0.0000e+00
    148.000    11.6293   3.982028    35.1088       4116     2.8573 0.0000e+00
    149.000    11.6184   3.981377    35.1122       4135     2.8709 0.0000e+00
    150.000    11.6053   3.980655    35.1171       4156     2.8854 0.0000e+00
    151.000    11.6023   3.980560    35.1186       4183     2.9039 0.0000e+00
    152.000    11.6103   3.982757    35.1321       4215     2.9266 0.0000e+00
    153.000    11.6372   3.986732    35.1453       4242     2.9451 0.0000e+00
    154.000    11.6408   3.988325    35.1572       4267     2.9623 0.0000e+00
    155.000    11.6213   3.987278    35.1649       4294     2.9809 0.0000e+00
    156.000    11.6139   3.986876    35.1676       4324     3.0022 0.0000e+00
    157.000    11.6028   3.986220    35.1712       4353     3.0222 0.0000e+00
    158.000    11.5965   3.985873    35.1733       4380     3.0410 0.0000e+00
    159.000    11.5963   3.985893    35.1732       4406     3.0591 0.0000e+00
    160.000    11.5911   3.985492    35.1737       4430     3.0756 0.0000e+00
    161.000    11.5691   3.983627    35.1758       4450     3.0893 0.0000e+00
    162.000    11.5144   3.978433    35.1760       4467     3.1013 0.0000e+00
    163.000    11.4742   3.975035    35.1802       4485     3.1139 0.0000e+00
    164.000    11.4666   3.974987    35.1865       4549     3.1581 0.0000e+00
    165.000    11.4520   3.974210    35.1923       4598     3.1922 0.0000e+00
    166.000    11.4443   3.973780    35.1950       4612     3.2021 0.0000e+00
    167.000    11.4403   3.973497    35.1955       4622     3.2087 0.0000e+00
    168.000    11.4344   3.973139    35.1971       4631     3.2152 0.0000e+00
    169.000    11.4216   3.972157    35.1991       4641     3.2223 0.0000e+00
    170.000    11.4095   3.971249    35.2012       4656     3.2327 0.0000e+00
    171.000    11.3887   3.969433    35.2026       4676     3.2465 0.0000e+00
    172.000    11.3636   3.966914    35.2012       4770     3.3119 0.0000e+00
    173.000    11.3333   3.964103    35.2017       4815     3.3429 0.0000e+00
    174.000    11.3302   3.963826    35.2015       4828     3.3524 0.0000e+00
    175.000    11.3287   3.963726    35.2014       4840     3.3601 0.0000e+00
    176.000    11.3272   3.963624    35.2015       4851     3.3679 0.0000e+00
    177.000    11.3251   3.963470    35.2015       4861     3.3750 0.0000e+00
    178.000    11.3222   3.963257    35.2017       4874     3.3842 0.0000e+00
    179.000    11.3159   3.962746    35.2022       4892     3.3967 0.0000e+00
    180.000    11.3021   3.961525    35.2028       4969     3.4497 0.0000e+00
    181.000    11.2313   3.954881    35.2039       5011     3.4793 0.0000e+00
    182.000    11.1896   3.950891    35.2036       5031     3.4929 0.0000e+00
    183.000    11.1424   3.946418    35.2037       5051     3.5071 0.0000e+00
    184.000    11.0976   3.942045    35.2026       5075     3.5234 0.0000e+00
    185.000    11.0785   3.940250    35.2025       5099     3.5405 0.0000e+00
    186.000    11.0731   3.939683    35.2016       5120     3.5551 0.0000e+00
    187.000    11.0530   3.937705    35.2006       5141     3.5695 0.0000e+00
    188.000    11.0299   3.935208    35.1974       5161     3.5834 0.0000e+00
    189.000    10.9785   3.930239    35.1965       5183     3.5983 0.0000e+00
    190.000    10.9696   3.929320    35.1954       5213     3.6193 0.0000e+00
    191.000    10.9681   3.929118    35.1944       5264     3.6547 0.0000e+00
    192.000    10.9403   3.926143    35.1908       5292     3.6743 0.0000e+00
    193.000    10.8775   3.919861    35.1877       5322     3.6953 0.0000e+00
    194.000    10.8592   3.917938    35.1856       5351     3.7156 0.0000e+00
    195.000    10.8323   3.915237    35.1839       5371     3.7292 0.0000e+00
    196.000    10.8175   3.913740    35.1826       5388     3.7412 0.0000e+00
    197.000    10.7886   3.910891    35.1812       5407     3.7541 0.0000e+00
    198.000    10.7610   3.908194    35.1803       5430     3.7700 0.0000e+00
    199.000    10.7257   3.904540    35.1770       5455     3.7877 0.0000e+00
    200.000    10.6968   3.901864    35.1774       5478     3.8037 0.0000e+00
    201.000    10.6838   3.900688    35.1777       5506     3.8229 0.0000e+00
    202.000    10.6693   3.899278    35.1770       5591     3.8820 0.0000e+00
    203.000    10.6467   3.897231    35.1777       5617     3.8997 0.0000e+00
    204.000    10.6478   3.897482    35.1787       5632     3.9102 0.0000e+00
    205.000    10.6503   3.897781    35.1789       5644     3.9186 0.0000e+00
    206.000    10.6460   3.897146    35.1761       5656     3.9270 0.0000e+00
    207.000    10.6100   3.893412    35.1727       5667     3.9344 0.0000e+00
    208.000    10.5573   3.888535    35.1738       5677     3.9419 0.0000e+00
