HB2402/ctd170.cnv
* Sea-Bird SBE 9 Data File:
* FileName = C:\cruise\data\ctd170.hex
* Software Version Seasave V 7.26.7.121
* Temperature SN = 5253
* Conductivity SN = 4421
* Number of Bytes Per Scan = 37
* Number of Voltage Words = 4
* Number of Scans Averaged by the Deck Unit = 1
* NMEA Latitude = 40 28.85 N
* NMEA Longitude = 067 42.91 W
* NMEA UTC (Time) = Apr 26 2024 09:33:03
* NMEA baud rate = 4800
** Ship: Bigelow HB2402
** Program:  Spring Bottom Trawl Survey
** Chief Scientist: John Galbraith
# nquan = 7
# nvalues = 320                         
# units = specified
# name 0 = depSM: Depth [salt water, m]
# name 1 = t090C: Temperature [ITS-90, deg C]
# name 2 = c0S/m: Conductivity [S/m]
# name 3 = sal00: Salinity, Practical [PSU]
# name 4 = scan: Scan Count
# name 5 = timeM: Time, Elapsed [minutes]
# name 6 = flag: flag
# span 0 =      1.000,    162.000       
# span 1 =     5.2641,     7.0721       
# span 2 =   3.141660,   3.418325       
# span 3 =    31.9656,    33.6400       
# span 4 =        218,      11306       
# span 5 =     0.1510,     7.8508       
# span 6 = 0.0000e+00, 0.0000e+00       
# interval = meters: 1                  
# start_time = Apr 26 2024 09:33:03 [NMEA time, header]
# bad_flag = -9.990e-29
*END*
[from data line 206]
    114.000     5.3878   3.185280    32.7058       7286     5.0590 0.0000e+00
    113.000     5.3605   3.181679    32.6919       7325     5.0860 0.0000e+00
    112.000     5.3192   3.175805    32.6658       7359     5.1098 0.0000e+00
    111.000     5.2916   3.172185    32.6520       7383     5.1267 0.0000e+00
    110.000     5.2727   3.169361    32.6387       7409     5.1442 0.0000e+00
    109.000     5.2710   3.168174    32.6273       7437     5.1639 0.0000e+00
    108.000     5.2764   3.167819    32.6185       7464     5.1826 0.0000e+00
    107.000     5.2810   3.167655    32.6126       7488     5.1994 0.0000e+00
    106.000     5.2953   3.168502    32.6088       7511     5.2154 0.0000e+00
    105.000     5.3031   3.168918    32.6066       7540     5.2356 0.0000e+00
    104.000     5.3164   3.169750    32.6036       7583     5.2655 0.0000e+00
    103.000     5.3420   3.171690    32.6012       7616     5.2879 0.0000e+00
    102.000     5.3535   3.172585    32.6008       7640     5.3047 0.0000e+00
    101.000     5.3613   3.173264    32.6014       7662     5.3203 0.0000e+00
    100.000     5.4037   3.177117    32.6045       7686     5.3365 0.0000e+00
     99.000     5.4851   3.183865    32.6026       7713     5.3555 0.0000e+00
     98.000     5.5247   3.187352    32.6041       7745     5.3776 0.0000e+00
     97.000     5.5542   3.189586    32.6014       7772     5.3965 0.0000e+00
     96.000     5.5632   3.189592    32.5932       7798     5.4149 0.0000e+00
     95.000     5.5673   3.188319    32.5753       7832     5.4381 0.0000e+00
     94.000     5.5465   3.183022    32.5360       7862     5.4593 0.0000e+00
     93.000     5.5347   3.180781    32.5226       7887     5.4767 0.0000e+00
     92.000     5.5257   3.179283    32.5148       7914     5.4952 0.0000e+00
     91.000     5.5091   3.176807    32.5033       7943     5.5153 0.0000e+00
     90.000     5.4792   3.172811    32.4874       7970     5.5340 0.0000e+00
     89.000     5.4558   3.169881    32.4773       7996     5.5519 0.0000e+00
     88.000     5.4513   3.169246    32.4749       8024     5.5714 0.0000e+00
     87.000     5.4492   3.168935    32.4739       8054     5.5922 0.0000e+00
     86.000     5.4469   3.168548    32.4723       8084     5.6129 0.0000e+00
     85.000     5.4452   3.168275    32.4714       8113     5.6334 0.0000e+00
     84.000     5.4438   3.168045    32.4706       8142     5.6533 0.0000e+00
     83.000     5.4420   3.167330    32.4646       8171     5.6739 0.0000e+00
     82.000     5.4411   3.166850    32.4606       8198     5.6923 0.0000e+00
     81.000     5.4418   3.166611    32.4577       8223     5.7094 0.0000e+00
     80.000     5.4454   3.166253    32.4506       8250     5.7284 0.0000e+00
     79.000     5.4502   3.165996    32.4436       8281     5.7503 0.0000e+00
     78.000     5.4550   3.165811    32.4373       8312     5.7717 0.0000e+00
     77.000     5.4559   3.165736    32.4361       8339     5.7905 0.0000e+00
     76.000     5.4575   3.165546    32.4330       8365     5.8086 0.0000e+00
     75.000     5.4577   3.165288    32.4303       8396     5.8296 0.0000e+00
     74.000     5.4452   3.162879    32.4156       8428     5.8524 0.0000e+00
     73.000     5.4313   3.160638    32.4041       8462     5.8755 0.0000e+00
     72.000     5.4427   3.162342    32.4128       8492     5.8967 0.0000e+00
     71.000     5.4202   3.158896    32.3960       8515     5.9125 0.0000e+00
     70.000     5.4099   3.157357    32.3889       8536     5.9269 0.0000e+00
     69.000     5.4061   3.156823    32.3870       8556     5.9412 0.0000e+00
     68.000     5.4038   3.156490    32.3859       8585     5.9612 0.0000e+00
     67.000     5.4001   3.156022    32.3847       8634     5.9954 0.0000e+00
     66.000     5.3975   3.155669    32.3837       8671     6.0211 0.0000e+00
     65.000     5.3956   3.155421    32.3832       8694     6.0369 0.0000e+00
     64.000     5.3910   3.154865    32.3818       8716     6.0524 0.0000e+00
     63.000     5.3861   3.154119    32.3786       8738     6.0676 0.0000e+00
     62.000     5.3814   3.153455    32.3761       8762     6.0842 0.0000e+00
     61.000     5.3806   3.153199    32.3745       8791     6.1039 0.0000e+00
     60.000     5.3811   3.152913    32.3712       8826     6.1284 0.0000e+00
     59.000     5.3811   3.152370    32.3655       8864     6.1548 0.0000e+00
     58.000     5.3794   3.151381    32.3564       8892     6.1743 0.0000e+00
     57.000     5.3763   3.150239    32.3469       8915     6.1901 0.0000e+00
     56.000     5.3698   3.148789    32.3373       8937     6.2057 0.0000e+00
     55.000     5.3547   3.145974    32.3203       8964     6.2241 0.0000e+00
     54.000     5.3482   3.143601    32.3000       8999     6.2484 0.0000e+00
     53.000     5.3536   3.141660    32.2733       9032     6.2716 0.0000e+00
     52.000     5.3905   3.142308    32.2457       9059     6.2905 0.0000e+00
     51.000     5.4207   3.143716    32.2330       9084     6.3074 0.0000e+00
     50.000     5.4380   3.144493    32.2258       9109     6.3252 0.0000e+00
     49.000     5.4522   3.145023    32.2186       9139     6.3462 0.0000e+00
     48.000     5.4591   3.145224    32.2148       9171     6.3682 0.0000e+00
     47.000     5.4646   3.145332    32.2112       9199     6.3878 0.0000e+00
     46.000     5.4667   3.145316    32.2096       9228     6.4080 0.0000e+00
     45.000     5.4712   3.145238    32.2048       9259     6.4292 0.0000e+00
     44.000     5.4771   3.145126    32.1984       9287     6.4484 0.0000e+00
     43.000     5.4851   3.144936    32.1890       9312     6.4657 0.0000e+00
     42.000     5.5041   3.144988    32.1720       9337     6.4832 0.0000e+00
     41.000     5.5345   3.145227    32.1460       9372     6.5075 0.0000e+00
     40.000     5.5615   3.145404    32.1227       9404     6.5297 0.0000e+00
     39.000     5.5827   3.145716    32.1065       9425     6.5444 0.0000e+00
     38.000     5.5905   3.145889    32.1015       9445     6.5582 0.0000e+00
     37.000     5.6017   3.146097    32.0937       9470     6.5760 0.0000e+00
     36.000     5.6137   3.146167    32.0834       9511     6.6041 0.0000e+00
     35.000     5.6338   3.146262    32.0659       9543     6.6267 0.0000e+00
     34.000     5.6516   3.146536    32.0525       9568     6.6437 0.0000e+00
     33.000     5.6650   3.147122    32.0469       9590     6.6592 0.0000e+00
     32.000     5.6710   3.147397    32.0448       9612     6.6745 0.0000e+00
     31.000     5.6847   3.147965    32.0386       9637     6.6914 0.0000e+00
     30.000     5.6978   3.148539    32.0331       9666     6.7119 0.0000e+00
     29.000     5.7109   3.149139    32.0279       9702     6.7371 0.0000e+00
     28.000     5.7268   3.149859    32.0214       9732     6.7576 0.0000e+00
     27.000     5.7416   3.150582    32.0160       9757     6.7749 0.0000e+00
     26.000     5.7502   3.150917    32.0120       9779     6.7905 0.0000e+00
     25.000     5.7575   3.151320    32.0101       9801     6.8058 0.0000e+00
     24.000     5.7739   3.152125    32.0042       9822     6.8205 0.0000e+00
     23.000     5.7931   3.153227    31.9988       9848     6.8381 0.0000e+00
     22.000     5.8155   3.154421    31.9915       9892     6.8690 0.0000e+00
     21.000     5.8333   3.155484    31.9870       9930     6.8950 0.0000e+00
     20.000     5.8738   3.157989    31.9772       9947     6.9069 0.0000e+00
     19.000     5.8767   3.158177    31.9771       9963     6.9178 0.0000e+00
     18.000     5.8860   3.158786    31.9756       9979     6.9289 0.0000e+00
     17.000     5.8937   3.159247    31.9739      10001     6.9443 0.0000e+00
     16.000     5.9148   3.160537    31.9689      10046     6.9756 0.0000e+00
     15.000     5.9135   3.160463    31.9698      10079     6.9986 0.0000e+00
     14.000     5.9169   3.160681    31.9695      10098     7.0119 0.0000e+00
     13.000     5.9165   3.160628    31.9698      10119     7.0261 0.0000e+00
     12.000     5.9156   3.160509    31.9698      10145     7.0441 0.0000e+00
     11.000     5.9148   3.160413    31.9700      10173     7.0641 0.0000e+00
     10.000     5.9172   3.160554    31.9698      10196     7.0802 0.0000e+00
      9.000     5.9180   3.160589    31.9699      10218     7.0954 0.0000e+00
      8.000     5.9135   3.160179    31.9700      10504     7.2937 0.0000e+00
      7.000     5.9163   3.160389    31.9703      11105     7.7110 0.0000e+00
      6.000     5.9169   3.160395    31.9703      11073     7.6889 0.0000e+00
      5.000     5.9170   3.160365    31.9703      11137     7.7335 0.0000e+00
      4.000     5.9142   3.160084    31.9703      11172     7.7576 0.0000e+00
      3.000     5.9127   3.159930    31.9704      11232     7.7992 0.0000e+00
      2.000     5.9125   3.159869    31.9705      11269     7.8253 0.0000e+00
      1.000     5.9124   3.159839    31.9707      11306     7.8508 0.0000e+00
