HB2402/ctd134.cnv
* Sea-Bird SBE 9 Data File:
* FileName = C:\cruise\data\ctd134.hex
* Software Version Seasave V 7.26.7.121
* Temperature SN = 5253
* Conductivity SN = 4421
* Number of Bytes Per Scan = 37
* Number of Voltage Words = 4
* Number of Scans Averaged by the Deck Unit = 1
* NMEA Latitude = 41 51.59 N
* NMEA Longitude = 070 25.51 W
* NMEA UTC (Time) = Apr 12 2024 23:08:55
* NMEA baud rate = 4800
** Ship: Bigelow HB2304
** Program:  Fall Bottom Trawl Survey
** Chief Scientist: John Galbraith
# nquan = 7
# nvalues = 43                          
# units = specified
# name 0 = depSM: Depth [salt water, m]
# name 1 = t090C: Temperature [ITS-90, deg C]
# name 2 = c0S/m: Conductivity [S/m]
# name 3 = sal00: Salinity, Practical [PSU]
# name 4 = scan: Scan Count
# name 5 = timeM: Time, Elapsed [minutes]
# name 6 = flag: flag
# span 0 =      1.000,     23.000       
# span 1 =     5.6823,     5.8610       
# span 2 =   3.002608,   3.012626       
# span 3 =    30.3697,    30.4127       
# span 4 =        148,       2394       
# span 5 =     0.1022,     1.6615       
# span 6 = 0.0000e+00, 0.0000e+00       
# interval = meters: 1                  
# start_time = Apr 12 2024 23:08:55 [NMEA time, header]
# bad_flag = -9.990e-29
*END*
      3.000     5.8526   3.012566    30.3798        148     0.1022 0.0000e+00
      4.000     5.8549   3.012184    30.3730        280     0.1941 0.0000e+00
      5.000     5.8588   3.012394    30.3714        322     0.2231 0.0000e+00
      6.000     5.8597   3.012461    30.3709        359     0.2486 0.0000e+00
      7.000     5.8600   3.012507    30.3707        397     0.2752 0.0000e+00
      8.000     5.8610   3.012626    30.3706        433     0.2998 0.0000e+00
      9.000     5.8585   3.012478    30.3707        464     0.3212 0.0000e+00
     10.000     5.8488   3.011888    30.3725        493     0.3414 0.0000e+00
     11.000     5.8431   3.011554    30.3734        522     0.3615 0.0000e+00
     12.000     5.8419   3.011499    30.3733        550     0.3812 0.0000e+00
     13.000     5.8379   3.011299    30.3742        579     0.4011 0.0000e+00
     14.000     5.8215   3.010289    30.3772        608     0.4213 0.0000e+00
     15.000     5.8141   3.009824    30.3783        638     0.4421 0.0000e+00
     16.000     5.8129   3.009763    30.3782        668     0.4629 0.0000e+00
     17.000     5.8178   3.010076    30.3768        698     0.4842 0.0000e+00
     18.000     5.8117   3.009763    30.3783        729     0.5058 0.0000e+00
     19.000     5.8003   3.009094    30.3807        760     0.5274 0.0000e+00
     20.000     5.7985   3.009001    30.3808        791     0.5488 0.0000e+00
     21.000     5.7832   3.008102    30.3841        822     0.5698 0.0000e+00
     22.000     5.7464   3.006018    30.3935        852     0.5907 0.0000e+00
     23.000     5.6823   3.002608    30.4127       1141     0.7916 0.0000e+00
     22.000     5.6969   3.003252    30.4072       1492     1.0355 0.0000e+00
     21.000     5.7282   3.004779    30.3965       1494     1.0368 0.0000e+00
     20.000     5.7523   3.005995    30.3889       1529     1.0614 0.0000e+00
     19.000     5.7723   3.007115    30.3839       1566     1.0865 0.0000e+00
     18.000     5.7942   3.008377    30.3787       1596     1.1078 0.0000e+00
     17.000     5.8071   3.009138    30.3760       1622     1.1256 0.0000e+00
     16.000     5.8110   3.009392    30.3758       1647     1.1429 0.0000e+00
     15.000     5.8149   3.009568    30.3747       1672     1.1604 0.0000e+00
     14.000     5.8193   3.009829    30.3742       1697     1.1780 0.0000e+00
     13.000     5.8228   3.010023    30.3736       1723     1.1958 0.0000e+00
     12.000     5.8254   3.010158    30.3732       1749     1.2140 0.0000e+00
     11.000     5.8283   3.010307    30.3728       1775     1.2319 0.0000e+00
     10.000     5.8295   3.010363    30.3728       1800     1.2491 0.0000e+00
      9.000     5.8320   3.010477    30.3722       1824     1.2661 0.0000e+00
      8.000     5.8360   3.010696    30.3716       1849     1.2835 0.0000e+00
      7.000     5.8402   3.010939    30.3710       1875     1.3012 0.0000e+00
      6.000     5.8447   3.011198    30.3703       1901     1.3194 0.0000e+00
      5.000     5.8475   3.011359    30.3701       1927     1.3374 0.0000e+00
      4.000     5.8506   3.011530    30.3697       1952     1.3549 0.0000e+00
      3.000     5.8514   3.011572    30.3698       1981     1.3751 0.0000e+00
      2.000     5.8557   3.011879    30.3699       2372     1.6465 0.0000e+00
      1.000     5.8537   3.011669    30.3698       2394     1.6615 0.0000e+00
