HB2402/ctd192.cnv
* Sea-Bird SBE 9 Data File:
* FileName = C:\cruise\data\ctd192.hex
* Software Version Seasave V 7.26.7.121
* Temperature SN = 5253
* Conductivity SN = 4421
* Number of Bytes Per Scan = 37
* Number of Voltage Words = 4
* Number of Scans Averaged by the Deck Unit = 1
* NMEA Latitude = 41 18.55 N
* NMEA Longitude = 068 06.16 W
* NMEA UTC (Time) = May 01 2024 20:22:20
* NMEA baud rate = 4800
** Ship: Bigelow HB2402
** Program:  Spring Bottom Trawl Survey
** Chief Scientist: John Galbraith
# nquan = 7
# nvalues = 69                          
# units = specified
# name 0 = depSM: Depth [salt water, m]
# name 1 = t090C: Temperature [ITS-90, deg C]
# name 2 = c0S/m: Conductivity [S/m]
# name 3 = sal00: Salinity, Practical [PSU]
# name 4 = scan: Scan Count
# name 5 = timeM: Time, Elapsed [minutes]
# name 6 = flag: flag
# span 0 =      1.000,     36.000       
# span 1 =     7.5444,     7.5974       
# span 2 =   3.291656,   3.295372       
# span 3 =    31.8820,    31.8916       
# span 4 =        -36,       2529       
# span 5 =    -0.0256,     1.7557       
# span 6 = 0.0000e+00, 0.0000e+00       
# interval = meters: 1                  
# start_time = May 01 2024 20:22:20 [NMEA time, header]
# bad_flag = -9.990e-29
*END*
      3.000     7.5974   3.295056    31.8820        -36    -0.0256 0.0000e+00
      4.000     7.5924   3.295372    31.8895        113     0.0775 0.0000e+00
      5.000     7.5894   3.295318    31.8913        140     0.0967 0.0000e+00
      6.000     7.5884   3.295197    31.8904        163     0.1127 0.0000e+00
      7.000     7.5828   3.294651    31.8893        186     0.1287 0.0000e+00
      8.000     7.5791   3.294216    31.8875        215     0.1485 0.0000e+00
      9.000     7.5769   3.294015    31.8869        246     0.1704 0.0000e+00
     10.000     7.5706   3.293635    31.8882        277     0.1915 0.0000e+00
     11.000     7.5566   3.292492    31.8883        300     0.2078 0.0000e+00
     12.000     7.5640   3.293070    31.8872        321     0.2226 0.0000e+00
     13.000     7.5524   3.292225    31.8883        345     0.2385 0.0000e+00
     14.000     7.5480   3.291897    31.8883        375     0.2596 0.0000e+00
     15.000     7.5457   3.291755    31.8885        406     0.2816 0.0000e+00
     16.000     7.5456   3.291861    31.8892        430     0.2979 0.0000e+00
     17.000     7.5455   3.291996    31.8903        452     0.3129 0.0000e+00
     18.000     7.5450   3.292065    31.8911        475     0.3291 0.0000e+00
     19.000     7.5452   3.292103    31.8909        503     0.3483 0.0000e+00
     20.000     7.5448   3.292101    31.8907        535     0.3707 0.0000e+00
     21.000     7.5444   3.292091    31.8905        565     0.3916 0.0000e+00
     22.000     7.5445   3.292190    31.8910        590     0.4092 0.0000e+00
     23.000     7.5446   3.292230    31.8909        614     0.4258 0.0000e+00
     24.000     7.5445   3.292243    31.8907        640     0.4436 0.0000e+00
     25.000     7.5445   3.292262    31.8904        668     0.4635 0.0000e+00
     26.000     7.5446   3.292322    31.8905        697     0.4832 0.0000e+00
     27.000     7.5449   3.292383    31.8905        722     0.5007 0.0000e+00
     28.000     7.5450   3.292451    31.8906        745     0.5167 0.0000e+00
     29.000     7.5451   3.292456    31.8901        769     0.5331 0.0000e+00
     30.000     7.5455   3.292513    31.8898        797     0.5529 0.0000e+00
     31.000     7.5462   3.292685    31.8906        831     0.5767 0.0000e+00
     32.000     7.5464   3.292759    31.8908        860     0.5967 0.0000e+00
     33.000     7.5463   3.292792    31.8907        887     0.6153 0.0000e+00
     34.000     7.5462   3.292810    31.8906        913     0.6331 0.0000e+00
     35.000     7.5460   3.292831    31.8905        942     0.6534 0.0000e+00
     36.000     7.5475   3.293024    31.8907       1080     0.7494 0.0000e+00
     35.000     7.5475   3.293007    31.8910       1470     1.0204 0.0000e+00
     34.000     7.5483   3.292452    31.8848       1520     1.0551 0.0000e+00
     33.000     7.5482   3.292996    31.8912       1535     1.0651 0.0000e+00
     32.000     7.5483   3.292980    31.8914       1560     1.0827 0.0000e+00
     31.000     7.5483   3.292948    31.8916       1588     1.1021 0.0000e+00
     30.000     7.5483   3.292906    31.8916       1615     1.1208 0.0000e+00
     29.000     7.5480   3.292841    31.8916       1641     1.1389 0.0000e+00
     28.000     7.5479   3.292750    31.8911       1669     1.1580 0.0000e+00
     27.000     7.5477   3.292725    31.8916       1694     1.1758 0.0000e+00
     26.000     7.5474   3.292643    31.8914       1716     1.1913 0.0000e+00
     25.000     7.5472   3.292588    31.8914       1739     1.2071 0.0000e+00
     24.000     7.5468   3.292505    31.8914       1767     1.2261 0.0000e+00
     23.000     7.5466   3.292427    31.8912       1797     1.2469 0.0000e+00
     22.000     7.5463   3.292339    31.8910       1822     1.2648 0.0000e+00
     21.000     7.5459   3.292266    31.8910       1846     1.2815 0.0000e+00
     20.000     7.5457   3.292171    31.8906       1872     1.2992 0.0000e+00
     19.000     7.5455   3.292145    31.8910       1897     1.3166 0.0000e+00
     18.000     7.5453   3.292085    31.8910       1923     1.3349 0.0000e+00
     17.000     7.5452   3.292012    31.8908       1952     1.3547 0.0000e+00
     16.000     7.5451   3.291922    31.8904       1979     1.3735 0.0000e+00
     15.000     7.5449   3.291821    31.8900       2002     1.3894 0.0000e+00
     14.000     7.5449   3.291743    31.8896       2022     1.4038 0.0000e+00
     13.000     7.5448   3.291688    31.8895       2044     1.4191 0.0000e+00
     12.000     7.5455   3.291660    31.8890       2074     1.4393 0.0000e+00
     11.000     7.5464   3.291659    31.8887       2107     1.4624 0.0000e+00
     10.000     7.5471   3.291656    31.8885       2132     1.4798 0.0000e+00
      9.000     7.5487   3.291726    31.8882       2154     1.4949 0.0000e+00
      8.000     7.5499   3.291754    31.8879       2177     1.5111 0.0000e+00
      7.000     7.5526   3.291912    31.8875       2203     1.5290 0.0000e+00
      6.000     7.5585   3.292320    31.8870       2228     1.5462 0.0000e+00
      5.000     7.5617   3.292549    31.8870       2252     1.5633 0.0000e+00
      4.000     7.5620   3.292552    31.8871       2280     1.5824 0.0000e+00
      3.000     7.5605   3.292443    31.8878       2404     1.6690 0.0000e+00
      2.000     7.5567   3.292079    31.8880       2502     1.7367 0.0000e+00
      1.000     7.5542   3.291853    31.8882       2529     1.7557 0.0000e+00
