HB2402/ctd101.cnv
* Sea-Bird SBE 9 Data File:
* FileName = C:\cruise\data\ctd101.hex
* Software Version Seasave V 7.26.7.121
* Temperature SN = 5253
* Conductivity SN = 4421
* Number of Bytes Per Scan = 37
* Number of Voltage Words = 4
* Number of Scans Averaged by the Deck Unit = 1
* NMEA Latitude = 40 55.47 N
* NMEA Longitude = 072 03.22 W
* NMEA UTC (Time) = Apr 06 2024 02:04:46
* NMEA baud rate = 4800
** Ship: Bigelow HB2304
** Program:  Fall Bottom Trawl Survey
** Chief Scientist: John Galbraith
# nquan = 7
# nvalues = 44                          
# units = specified
# name 0 = depSM: Depth [salt water, m]
# name 1 = t090C: Temperature [ITS-90, deg C]
# name 2 = c0S/m: Conductivity [S/m]
# name 3 = sal00: Salinity, Practical [PSU]
# name 4 = scan: Scan Count
# name 5 = timeM: Time, Elapsed [minutes]
# name 6 = flag: flag
# span 0 =      1.000,     24.000       
# span 1 =     5.7725,     6.0120       
# span 2 =   3.002967,   3.045893       
# span 3 =    30.1400,    30.7996       
# span 4 =        151,       2015       
# span 5 =     0.1040,     1.3989       
# span 6 = 0.0000e+00, 0.0000e+00       
# interval = meters: 1                  
# start_time = Apr 06 2024 02:04:46 [NMEA time, header]
# bad_flag = -9.990e-29
*END*
      4.000     5.9957   3.002967    30.1446        151     0.1040 0.0000e+00
      5.000     5.9924   3.003345    30.1514        237     0.1641 0.0000e+00
      6.000     6.0032   3.003229    30.1400        279     0.1929 0.0000e+00
      7.000     6.0018   3.004057    30.1499        327     0.2264 0.0000e+00
      8.000     6.0005   3.004286    30.1532        374     0.2594 0.0000e+00
      9.000     6.0106   3.005794    30.1604        408     0.2824 0.0000e+00
     10.000     6.0120   3.007070    30.1729        441     0.3056 0.0000e+00
     11.000     6.0069   3.005798    30.1629        473     0.3280 0.0000e+00
     12.000     6.0058   3.006420    30.1703        505     0.3501 0.0000e+00
     13.000     5.9702   3.011352    30.2564        536     0.3719 0.0000e+00
     14.000     5.7876   3.028968    30.6163        569     0.3946 0.0000e+00
     15.000     5.7725   3.031825    30.6615        603     0.4180 0.0000e+00
     16.000     5.7815   3.035185    30.6904        634     0.4396 0.0000e+00
     17.000     5.7876   3.039780    30.7357        667     0.4624 0.0000e+00
     18.000     5.7887   3.041427    30.7527        702     0.4865 0.0000e+00
     19.000     5.7890   3.043573    30.7759        732     0.5078 0.0000e+00
     20.000     5.7891   3.044404    30.7846        762     0.5288 0.0000e+00
     21.000     5.7891   3.044908    30.7898        804     0.5579 0.0000e+00
     22.000     5.7890   3.045331    30.7941        847     0.5877 0.0000e+00
     23.000     5.7890   3.045865    30.7996        890     0.6175 0.0000e+00
     24.000     5.7894   3.045893    30.7991       1194     0.8287 0.0000e+00
     23.000     5.7895   3.045886    30.7994       1189     0.8248 0.0000e+00
     22.000     5.7897   3.045653    30.7971       1257     0.8725 0.0000e+00
     21.000     5.7895   3.045401    30.7949       1278     0.8868 0.0000e+00
     20.000     5.7893   3.045229    30.7936       1305     0.9058 0.0000e+00
     19.000     5.7893   3.045150    30.7932       1341     0.9306 0.0000e+00
     18.000     5.7898   3.044551    30.7866       1369     0.9497 0.0000e+00
     17.000     5.7899   3.043461    30.7748       1388     0.9632 0.0000e+00
     16.000     5.7897   3.042750    30.7675       1405     0.9753 0.0000e+00
     15.000     5.7883   3.041028    30.7500       1424     0.9882 0.0000e+00
     14.000     5.7856   3.038832    30.7284       1449     1.0054 0.0000e+00
     13.000     5.7817   3.036062    30.7014       1484     1.0301 0.0000e+00
     12.000     5.7814   3.035118    30.6916       1516     1.0522 0.0000e+00
     11.000     5.8074   3.028011    30.5892       1537     1.0670 0.0000e+00
     10.000     5.8742   3.019211    30.4311       1558     1.0810 0.0000e+00
      9.000     5.9283   3.013610    30.3207       1582     1.0981 0.0000e+00
      8.000     5.9784   3.008672    30.2215       1624     1.1268 0.0000e+00
      7.000     5.9647   3.010352    30.2529       1657     1.1499 0.0000e+00
      6.000     5.9914   3.006704    30.1890       1678     1.1643 0.0000e+00
      5.000     5.9924   3.004955    30.1692       1697     1.1775 0.0000e+00
      4.000     5.9938   3.003786    30.1554       1716     1.1913 0.0000e+00
      3.000     5.9946   3.003718    30.1544       1869     1.2969 0.0000e+00
      2.000     5.9928   3.003427    30.1532       1970     1.3675 0.0000e+00
      1.000     5.9927   3.003352    30.1530       2015     1.3989 0.0000e+00
