HB2402/ctd190.cnv
* Sea-Bird SBE 9 Data File:
* FileName = C:\cruise\data\ctd190.hex
* Software Version Seasave V 7.26.7.121
* Temperature SN = 5253
* Conductivity SN = 4421
* Number of Bytes Per Scan = 37
* Number of Voltage Words = 4
* Number of Scans Averaged by the Deck Unit = 1
* NMEA Latitude = 42 05.56 N
* NMEA Longitude = 066 58.70 W
* NMEA UTC (Time) = May 01 2024 02:15:30
* NMEA baud rate = 4800
** Ship: Bigelow HB2402
** Program:  Spring Bottom Trawl Survey
** Chief Scientist: John Galbraith
# nquan = 7
# nvalues = 110                         
# units = specified
# name 0 = depSM: Depth [salt water, m]
# name 1 = t090C: Temperature [ITS-90, deg C]
# name 2 = c0S/m: Conductivity [S/m]
# name 3 = sal00: Salinity, Practical [PSU]
# name 4 = scan: Scan Count
# name 5 = timeM: Time, Elapsed [minutes]
# name 6 = flag: flag
# span 0 =      1.000,     57.000       
# span 1 =     5.8212,     6.9726       
# span 2 =   3.148462,   3.220561       
# span 3 =    31.5141,    32.0498       
# span 4 =         77,       3810       
# span 5 =     0.0526,     2.6451       
# span 6 = 0.0000e+00, 0.0000e+00       
# interval = meters: 1                  
# start_time = May 01 2024 02:15:30 [NMEA time, header]
# bad_flag = -9.990e-29
*END*
      4.000     6.9689   3.207689    31.5141         77     0.0526 0.0000e+00
      5.000     6.9726   3.220561    31.6503        168     0.1163 0.0000e+00
      6.000     6.8298   3.219479    31.7699        191     0.1318 0.0000e+00
      7.000     6.5291   3.219501    32.0498        219     0.1513 0.0000e+00
      8.000     6.4374   3.205891    31.9851        256     0.1770 0.0000e+00
      9.000     6.1956   3.182725    31.9550        286     0.1982 0.0000e+00
     10.000     6.0618   3.165950    31.8936        311     0.2154 0.0000e+00
     11.000     5.9882   3.158543    31.8798        334     0.2311 0.0000e+00
     12.000     5.8922   3.150696    31.8820        356     0.2463 0.0000e+00
     13.000     5.8775   3.149917    31.8867        378     0.2616 0.0000e+00
     14.000     5.8552   3.149876    31.9068        403     0.2794 0.0000e+00
     15.000     5.8528   3.151422    31.9259        435     0.3013 0.0000e+00
     16.000     5.8575   3.151753    31.9247        469     0.3252 0.0000e+00
     17.000     5.8567   3.152268    31.9307        497     0.3442 0.0000e+00
     18.000     5.8589   3.152739    31.9334        519     0.3597 0.0000e+00
     19.000     5.8662   3.155010    31.9515        540     0.3740 0.0000e+00
     20.000     5.8599   3.154232    31.9482        559     0.3875 0.0000e+00
     21.000     5.8552   3.152581    31.9337        582     0.4036 0.0000e+00
     22.000     5.8553   3.154934    31.9595        614     0.4260 0.0000e+00
     23.000     5.8599   3.156351    31.9706        655     0.4543 0.0000e+00
     24.000     5.8603   3.156447    31.9708        685     0.4749 0.0000e+00
     25.000     5.8560   3.156667    31.9768        707     0.4905 0.0000e+00
     26.000     5.8564   3.156674    31.9761        728     0.5046 0.0000e+00
     27.000     5.8556   3.156749    31.9771        748     0.5190 0.0000e+00
     28.000     5.8533   3.156808    31.9795        772     0.5353 0.0000e+00
     29.000     5.8450   3.157004    31.9891        800     0.5550 0.0000e+00
     30.000     5.8447   3.157050    31.9894        832     0.5772 0.0000e+00
     31.000     5.8449   3.157117    31.9895        861     0.5970 0.0000e+00
     32.000     5.8451   3.157093    31.9885        886     0.6149 0.0000e+00
     33.000     5.8419   3.157155    31.9917        914     0.6342 0.0000e+00
     34.000     5.8408   3.157290    31.9938        944     0.6547 0.0000e+00
     35.000     5.8427   3.157306    31.9917        971     0.6739 0.0000e+00
     36.000     5.8421   3.157316    31.9919        995     0.6900 0.0000e+00
     37.000     5.8427   3.157385    31.9916       1017     0.7058 0.0000e+00
     38.000     5.8435   3.157451    31.9911       1042     0.7227 0.0000e+00
     39.000     5.8402   3.157644    31.9959       1067     0.7401 0.0000e+00
     40.000     5.8391   3.157597    31.9959       1095     0.7595 0.0000e+00
     41.000     5.8375   3.157655    31.9977       1123     0.7791 0.0000e+00
     42.000     5.8360   3.157786    32.0000       1153     0.8001 0.0000e+00
     43.000     5.8336   3.157964    32.0038       1185     0.8219 0.0000e+00
     44.000     5.8333   3.158070    32.0048       1213     0.8413 0.0000e+00
     45.000     5.8313   3.158302    32.0088       1236     0.8575 0.0000e+00
     46.000     5.8271   3.158537    32.0149       1258     0.8730 0.0000e+00
     47.000     5.8270   3.158603    32.0153       1281     0.8888 0.0000e+00
     48.000     5.8271   3.158605    32.0147       1306     0.9062 0.0000e+00
     49.000     5.8264   3.158637    32.0152       1334     0.9257 0.0000e+00
     50.000     5.8266   3.158678    32.0150       1364     0.9466 0.0000e+00
     51.000     5.8258   3.158732    32.0159       1395     0.9681 0.0000e+00
     52.000     5.8249   3.158813    32.0172       1423     0.9875 0.0000e+00
     53.000     5.8266   3.158789    32.0148       1447     1.0044 0.0000e+00
     54.000     5.8266   3.158877    32.0153       1472     1.0214 0.0000e+00
     55.000     5.8276   3.158925    32.0144       1498     1.0394 0.0000e+00
     56.000     5.8261   3.159076    32.0171       1800     1.2495 0.0000e+00
     57.000     5.8212   3.159184    32.0224       2373     1.6474 0.0000e+00
     56.000     5.8250   3.159194    32.0195       2151     1.4934 0.0000e+00
     55.000     5.8271   3.158993    32.0157       2170     1.5060 0.0000e+00
     54.000     5.8274   3.158825    32.0140       2188     1.5187 0.0000e+00
     53.000     5.8275   3.158740    32.0134       2207     1.5322 0.0000e+00
     52.000     5.8276   3.158674    32.0130       2232     1.5490 0.0000e+00
     51.000     5.8277   3.158601    32.0126       2264     1.5715 0.0000e+00
     50.000     5.8290   3.158481    32.0105       2301     1.5971 0.0000e+00
     49.000     5.8300   3.158449    32.0097       2331     1.6183 0.0000e+00
     48.000     5.8306   3.158406    32.0092       2356     1.6356 0.0000e+00
     47.000     5.8307   3.158382    32.0093       2378     1.6505 0.0000e+00
     46.000     5.8322   3.158298    32.0074       2397     1.6642 0.0000e+00
     45.000     5.8333   3.158201    32.0058       2417     1.6778 0.0000e+00
     44.000     5.8344   3.158100    32.0041       2439     1.6932 0.0000e+00
     43.000     5.8363   3.157947    32.0011       2466     1.7118 0.0000e+00
     42.000     5.8373   3.157828    31.9993       2500     1.7357 0.0000e+00
     41.000     5.8403   3.157678    31.9953       2535     1.7600 0.0000e+00
     40.000     5.8436   3.157471    31.9902       2561     1.7776 0.0000e+00
     39.000     5.8434   3.157452    31.9908       2581     1.7918 0.0000e+00
     38.000     5.8441   3.157387    31.9899       2602     1.8059 0.0000e+00
     37.000     5.8445   3.157346    31.9895       2626     1.8231 0.0000e+00
     36.000     5.8453   3.157341    31.9892       2658     1.8449 0.0000e+00
     35.000     5.8463   3.157288    31.9881       2685     1.8638 0.0000e+00
     34.000     5.8469   3.157259    31.9877       2706     1.8786 0.0000e+00
     33.000     5.8465   3.157202    31.9879       2726     1.8925 0.0000e+00
     32.000     5.8461   3.157176    31.9884       2749     1.9084 0.0000e+00
     31.000     5.8456   3.157138    31.9890       2781     1.9306 0.0000e+00
     30.000     5.8468   3.157067    31.9876       2821     1.9582 0.0000e+00
     29.000     5.8507   3.156907    31.9826       2848     1.9767 0.0000e+00
     28.000     5.8527   3.156767    31.9796       2867     1.9906 0.0000e+00
     27.000     5.8539   3.156622    31.9773       2885     2.0031 0.0000e+00
     26.000     5.8534   3.156489    31.9768       2905     2.0163 0.0000e+00
     25.000     5.8501   3.154894    31.9625       2929     2.0331 0.0000e+00
     24.000     5.8452   3.152384    31.9395       2964     2.0578 0.0000e+00
     23.000     5.8449   3.150968    31.9244       2998     2.0816 0.0000e+00
     22.000     5.8437   3.150316    31.9187       3024     2.0990 0.0000e+00
     21.000     5.8420   3.150186    31.9193       3045     2.1140 0.0000e+00
     20.000     5.8512   3.149939    31.9084       3065     2.1281 0.0000e+00
     19.000     5.8514   3.149664    31.9055       3087     2.1429 0.0000e+00
     18.000     5.8523   3.149459    31.9029       3113     2.1608 0.0000e+00
     17.000     5.8466   3.148462    31.8976       3148     2.1853 0.0000e+00
     16.000     5.8736   3.148519    31.8732       3180     2.2073 0.0000e+00
     15.000     5.9052   3.150078    31.8613       3202     2.2231 0.0000e+00
     14.000     5.9217   3.151207    31.8590       3222     2.2368 0.0000e+00
     13.000     5.9463   3.152908    31.8553       3242     2.2509 0.0000e+00
     12.000     5.9586   3.153870    31.8550       3265     2.2667 0.0000e+00
     11.000     5.9662   3.154366    31.8539       3292     2.2855 0.0000e+00
     10.000     5.9862   3.155754    31.8510       3323     2.3070 0.0000e+00
      9.000     6.0139   3.157490    31.8448       3352     2.3269 0.0000e+00
      8.000     6.0327   3.158904    31.8434       3377     2.3443 0.0000e+00
      7.000     6.0587   3.160921    31.8420       3401     2.3611 0.0000e+00
      6.000     6.1047   3.164617    31.8404       3425     2.3781 0.0000e+00
      5.000     6.1459   3.167694    31.8365       3449     2.3945 0.0000e+00
      4.000     6.2154   3.173058    31.8314       3472     2.4103 0.0000e+00
      3.000     6.4283   3.190819    31.8295       3558     2.4702 0.0000e+00
      2.000     6.4289   3.191245    31.8341       3755     2.6070 0.0000e+00
      1.000     6.4401   3.191856    31.8309       3810     2.6451 0.0000e+00
