HB2402/ctd122.cnv
* Sea-Bird SBE 9 Data File:
* FileName = C:\cruise\data\ctd122.hex
* Software Version Seasave V 7.26.7.121
* Temperature SN = 5253
* Conductivity SN = 4421
* Number of Bytes Per Scan = 37
* Number of Voltage Words = 4
* Number of Scans Averaged by the Deck Unit = 1
* NMEA Latitude = 40 11.36 N
* NMEA Longitude = 069 20.52 W
* NMEA UTC (Time) = Apr 10 2024 09:38:56
* NMEA baud rate = 4800
** Ship: Bigelow HB2304
** Program:  Fall Bottom Trawl Survey
** Chief Scientist: John Galbraith
# nquan = 7
# nvalues = 172                         
# units = specified
# name 0 = depSM: Depth [salt water, m]
# name 1 = t090C: Temperature [ITS-90, deg C]
# name 2 = c0S/m: Conductivity [S/m]
# name 3 = sal00: Salinity, Practical [PSU]
# name 4 = scan: Scan Count
# name 5 = timeM: Time, Elapsed [minutes]
# name 6 = flag: flag
# span 0 =      1.000,     88.000       
# span 1 =     5.4203,     6.0806       
# span 2 =   3.136620,   3.186861       
# span 3 =    32.0571,    32.2572       
# span 4 =         33,       6654       
# span 5 =     0.0225,     4.6199       
# span 6 = 0.0000e+00, 0.0000e+00       
# interval = meters: 1                  
# start_time = Apr 10 2024 09:38:56 [NMEA time, header]
# bad_flag = -9.990e-29
*END*
      4.000     6.0386   3.186861    32.1519         33     0.0225 0.0000e+00
      5.000     6.0425   3.181603    32.0890        232     0.1606 0.0000e+00
      6.000     6.0430   3.181073    32.0821        264     0.1828 0.0000e+00
      7.000     6.0437   3.181026    32.0804        293     0.2027 0.0000e+00
      8.000     6.0439   3.180640    32.0754        322     0.2230 0.0000e+00
      9.000     6.0519   3.180980    32.0712        350     0.2423 0.0000e+00
     10.000     6.0518   3.180974    32.0708        374     0.2593 0.0000e+00
     11.000     6.0517   3.180982    32.0704        397     0.2747 0.0000e+00
     12.000     6.0516   3.181006    32.0703        419     0.2904 0.0000e+00
     13.000     6.0541   3.181259    32.0702        446     0.3091 0.0000e+00
     14.000     6.0544   3.181345    32.0704        478     0.3315 0.0000e+00
     15.000     6.0549   3.181422    32.0703        512     0.3546 0.0000e+00
     16.000     5.9371   3.171078    32.0658        539     0.3736 0.0000e+00
     17.000     5.8776   3.166038    32.0653        561     0.3886 0.0000e+00
     18.000     5.8315   3.162195    32.0655        583     0.4040 0.0000e+00
     19.000     5.7955   3.159184    32.0654        608     0.4216 0.0000e+00
     20.000     5.7737   3.157340    32.0649        638     0.4422 0.0000e+00
     21.000     5.7529   3.155644    32.0651        668     0.4630 0.0000e+00
     22.000     5.7450   3.155035    32.0652        693     0.4809 0.0000e+00
     23.000     5.7278   3.153715    32.0663        718     0.4981 0.0000e+00
     24.000     5.7074   3.152144    32.0676        746     0.5173 0.0000e+00
     25.000     5.6920   3.151207    32.0711        781     0.5413 0.0000e+00
     26.000     5.6795   3.150464    32.0742        813     0.5637 0.0000e+00
     27.000     5.6576   3.149454    32.0831        836     0.5802 0.0000e+00
     28.000     5.6357   3.148131    32.0886        858     0.5953 0.0000e+00
     29.000     5.6264   3.147836    32.0937        880     0.6106 0.0000e+00
     30.000     5.6152   3.147456    32.0995        903     0.6265 0.0000e+00
     31.000     5.6023   3.146699    32.1028        931     0.6456 0.0000e+00
     32.000     5.5911   3.145979    32.1049        965     0.6693 0.0000e+00
     33.000     5.5841   3.145451    32.1051        999     0.6930 0.0000e+00
     34.000     5.5737   3.144615    32.1051       1027     0.7125 0.0000e+00
     35.000     5.5699   3.144366    32.1054       1051     0.7292 0.0000e+00
     36.000     5.5656   3.144226    32.1075       1075     0.7457 0.0000e+00
     37.000     5.5594   3.144126    32.1118       1101     0.7637 0.0000e+00
     38.000     5.5589   3.144446    32.1153       1130     0.7841 0.0000e+00
     39.000     5.5616   3.145057    32.1192       1160     0.8046 0.0000e+00
     40.000     5.5621   3.145231    32.1202       1186     0.8228 0.0000e+00
     41.000     5.5466   3.144555    32.1269       1210     0.8396 0.0000e+00
     42.000     5.5442   3.144515    32.1282       1236     0.8574 0.0000e+00
     43.000     5.5241   3.143146    32.1314       1263     0.8767 0.0000e+00
     44.000     5.4811   3.140175    32.1385       1294     0.8978 0.0000e+00
     45.000     5.4599   3.138603    32.1404       1322     0.9175 0.0000e+00
     46.000     5.4510   3.138530    32.1476       1349     0.9360 0.0000e+00
     47.000     5.4510   3.138806    32.1503       1376     0.9549 0.0000e+00
     48.000     5.4535   3.139406    32.1542       1404     0.9743 0.0000e+00
     49.000     5.4454   3.139170    32.1588       1433     0.9942 0.0000e+00
     50.000     5.4325   3.139399    32.1733       1461     1.0139 0.0000e+00
     51.000     5.4291   3.139544    32.1777       1486     1.0312 0.0000e+00
     52.000     5.4283   3.139382    32.1761       1510     1.0477 0.0000e+00
     53.000     5.4307   3.140251    32.1832       1537     1.0664 0.0000e+00
     54.000     5.4361   3.141314    32.1896       1568     1.0883 0.0000e+00
     55.000     5.4412   3.142267    32.1949       1598     1.1090 0.0000e+00
     56.000     5.4434   3.142977    32.2004       1624     1.1270 0.0000e+00
     57.000     5.4438   3.143279    32.2030       1648     1.1439 0.0000e+00
     58.000     5.4437   3.143374    32.2036       1673     1.1614 0.0000e+00
     59.000     5.4436   3.143583    32.2056       1703     1.1821 0.0000e+00
     60.000     5.4446   3.143868    32.2074       1738     1.2060 0.0000e+00
     61.000     5.4454   3.144098    32.2088       1765     1.2253 0.0000e+00
     62.000     5.4456   3.144179    32.2090       1789     1.2416 0.0000e+00
     63.000     5.4459   3.144304    32.2096       1811     1.2567 0.0000e+00
     64.000     5.4462   3.144393    32.2099       1833     1.2720 0.0000e+00
     65.000     5.4469   3.144597    32.2110       1860     1.2912 0.0000e+00
     66.000     5.4473   3.144727    32.2116       1902     1.3198 0.0000e+00
     67.000     5.4475   3.144812    32.2119       1932     1.3412 0.0000e+00
     68.000     5.4476   3.144918    32.2125       1955     1.3569 0.0000e+00
     69.000     5.4478   3.144987    32.2126       1976     1.3715 0.0000e+00
     70.000     5.4482   3.145106    32.2130       1998     1.3870 0.0000e+00
     71.000     5.4503   3.145671    32.2169       2027     1.4071 0.0000e+00
     72.000     5.4514   3.145977    32.2188       2064     1.4324 0.0000e+00
     73.000     5.4529   3.146375    32.2214       2095     1.4542 0.0000e+00
     74.000     5.4565   3.147266    32.2276       2120     1.4717 0.0000e+00
     75.000     5.4628   3.148715    32.2375       2143     1.4875 0.0000e+00
     76.000     5.4640   3.148911    32.2380       2165     1.5030 0.0000e+00
     77.000     5.4686   3.150046    32.2460       2189     1.5196 0.0000e+00
     78.000     5.4732   3.150933    32.2511       2215     1.5376 0.0000e+00
     79.000     5.4741   3.151163    32.2524       2245     1.5585 0.0000e+00
     80.000     5.4722   3.150782    32.2494       2277     1.5803 0.0000e+00
     81.000     5.4702   3.150399    32.2465       2308     1.6021 0.0000e+00
     82.000     5.4722   3.150907    32.2498       2338     1.6227 0.0000e+00
     83.000     5.4744   3.151363    32.2524       2364     1.6409 0.0000e+00
     84.000     5.4754   3.151584    32.2534       2386     1.6564 0.0000e+00
     85.000     5.4742   3.151392    32.2519       2408     1.6719 0.0000e+00
     86.000     5.4756   3.151337    32.2494       2433     1.6887 0.0000e+00
     87.000     5.4752   3.151650    32.2529       2460     1.7079 0.0000e+00
     88.000     5.4789   3.152389    32.2572       2743     1.9044 0.0000e+00
     87.000     5.4766   3.151933    32.2547       3369     2.3389 0.0000e+00
     86.000     5.4770   3.151891    32.2544       3367     2.3377 0.0000e+00
     85.000     5.4741   3.151322    32.2512       3385     2.3497 0.0000e+00
     84.000     5.4733   3.151113    32.2501       3407     2.3652 0.0000e+00
     83.000     5.4720   3.150845    32.2488       3430     2.3809 0.0000e+00
     82.000     5.4719   3.150799    32.2488       3456     2.3995 0.0000e+00
     81.000     5.4711   3.150587    32.2477       3489     2.4223 0.0000e+00
     80.000     5.4705   3.150399    32.2467       3521     2.4447 0.0000e+00
     79.000     5.4696   3.150200    32.2458       3548     2.4630 0.0000e+00
     78.000     5.4697   3.150203    32.2462       3572     2.4796 0.0000e+00
     77.000     5.4697   3.150165    32.2463       3595     2.4960 0.0000e+00
     76.000     5.4697   3.150131    32.2464       3619     2.5122 0.0000e+00
     75.000     5.4693   3.149990    32.2457       3645     2.5302 0.0000e+00
     74.000     5.4668   3.149434    32.2423       3670     2.5482 0.0000e+00
     73.000     5.4653   3.149095    32.2404       3695     2.5650 0.0000e+00
     72.000     5.4652   3.149028    32.2402       3720     2.5823 0.0000e+00
     71.000     5.4631   3.148480    32.2365       3748     2.6023 0.0000e+00
     70.000     5.4540   3.146388    32.2220       3778     2.6228 0.0000e+00
     69.000     5.4519   3.145845    32.2184       3804     2.6410 0.0000e+00
     68.000     5.4495   3.145269    32.2147       3828     2.6577 0.0000e+00
     67.000     5.4480   3.144904    32.2124       3850     2.6732 0.0000e+00
     66.000     5.4474   3.144719    32.2114       3874     2.6897 0.0000e+00
     65.000     5.4469   3.144595    32.2110       3901     2.7086 0.0000e+00
     64.000     5.4467   3.144492    32.2105       3933     2.7305 0.0000e+00
     63.000     5.4463   3.144346    32.2097       3960     2.7491 0.0000e+00
     62.000     5.4458   3.144199    32.2090       3983     2.7649 0.0000e+00
     61.000     5.4452   3.144033    32.2082       4005     2.7807 0.0000e+00
     60.000     5.4419   3.143220    32.2027       4338     3.0118 0.0000e+00
     59.000     5.4426   3.143320    32.2036       4703     3.2651 0.0000e+00
     58.000     5.4422   3.143154    32.2026       4734     3.2867 0.0000e+00
     57.000     5.4418   3.142944    32.2011       4759     3.3041 0.0000e+00
     56.000     5.4416   3.142754    32.1996       4783     3.3208 0.0000e+00
     55.000     5.4408   3.142465    32.1976       4806     3.3371 0.0000e+00
     54.000     5.4389   3.141994    32.1946       4832     3.3546 0.0000e+00
     53.000     5.4362   3.141478    32.1918       4863     3.3761 0.0000e+00
     52.000     5.4334   3.140861    32.1880       4897     3.3998 0.0000e+00
     51.000     5.4266   3.139396    32.1784       4925     3.4192 0.0000e+00
     50.000     5.4230   3.138252    32.1694       4947     3.4348 0.0000e+00
     49.000     5.4207   3.137484    32.1634       4966     3.4478 0.0000e+00
     48.000     5.4203   3.137043    32.1592       4983     3.4597 0.0000e+00
     47.000     5.4251   3.136620    32.1503       5002     3.4727 0.0000e+00
     46.000     5.4438   3.137313    32.1407       5028     3.4909 0.0000e+00
     45.000     5.4638   3.138601    32.1367       5068     3.5185 0.0000e+00
     44.000     5.5127   3.142091    32.1300       5104     3.5437 0.0000e+00
     43.000     5.5307   3.143351    32.1275       5132     3.5635 0.0000e+00
     42.000     5.5304   3.143142    32.1259       5156     3.5801 0.0000e+00
     41.000     5.5264   3.142546    32.1235       5179     3.5956 0.0000e+00
     40.000     5.5442   3.143790    32.1210       5201     3.6108 0.0000e+00
     39.000     5.5552   3.144376    32.1176       5223     3.6262 0.0000e+00
     38.000     5.5566   3.144159    32.1143       5246     3.6425 0.0000e+00
     37.000     5.5558   3.143781    32.1113       5273     3.6612 0.0000e+00
     36.000     5.5553   3.143506    32.1091       5301     3.6805 0.0000e+00
     35.000     5.5594   3.143622    32.1070       5329     3.7003 0.0000e+00
     34.000     5.5665   3.143961    32.1046       5360     3.7216 0.0000e+00
     33.000     5.5722   3.144223    32.1027       5393     3.7441 0.0000e+00
     32.000     5.5770   3.144330    32.0998       5422     3.7647 0.0000e+00
     31.000     5.5786   3.144293    32.0983       5447     3.7822 0.0000e+00
     30.000     5.5829   3.144580    32.0979       5469     3.7974 0.0000e+00
     29.000     5.5954   3.145534    32.0972       5490     3.8118 0.0000e+00
     28.000     5.6119   3.146477    32.0927       5511     3.8263 0.0000e+00
     27.000     5.6244   3.147024    32.0874       5536     3.8434 0.0000e+00
     26.000     5.6333   3.147359    32.0832       5565     3.8639 0.0000e+00
     25.000     5.6658   3.148906    32.0702       5595     3.8847 0.0000e+00
     24.000     5.6876   3.150263    32.0652       5627     3.9067 0.0000e+00
     23.000     5.7030   3.151286    32.0626       5659     3.9288 0.0000e+00
     22.000     5.7235   3.152802    32.0606       5686     3.9481 0.0000e+00
     21.000     5.7349   3.153649    32.0597       5712     3.9657 0.0000e+00
     20.000     5.7425   3.154167    32.0588       5736     3.9825 0.0000e+00
     19.000     5.7461   3.154411    32.0586       5761     4.0003 0.0000e+00
     18.000     5.7502   3.154679    32.0583       5788     4.0188 0.0000e+00
     17.000     5.7668   3.155971    32.0575       5812     4.0352 0.0000e+00
     16.000     5.8333   3.161508    32.0571       5834     4.0508 0.0000e+00
     15.000     5.8897   3.166265    32.0574       5858     4.0674 0.0000e+00
     14.000     5.9718   3.173250    32.0582       5885     4.0859 0.0000e+00
     13.000     6.0204   3.177514    32.0603       5916     4.1073 0.0000e+00
     12.000     6.0475   3.179843    32.0612       5948     4.1296 0.0000e+00
     11.000     6.0573   3.180776    32.0628       5977     4.1503 0.0000e+00
     10.000     6.0732   3.182144    32.0635       6004     4.1687 0.0000e+00
      9.000     6.0789   3.182637    32.0641       6029     4.1861 0.0000e+00
      8.000     6.0781   3.182552    32.0644       6052     4.2022 0.0000e+00
      7.000     6.0735   3.182123    32.0645       6074     4.2173 0.0000e+00
      6.000     6.0719   3.181914    32.0642       6098     4.2339 0.0000e+00
      5.000     6.0754   3.182187    32.0644       6126     4.2537 0.0000e+00
      4.000     6.0784   3.182425    32.0647       6156     4.2741 0.0000e+00
      3.000     6.0795   3.182609    32.0662       6388     4.4352 0.0000e+00
      2.000     6.0796   3.182570    32.0661       6654     4.6199 0.0000e+00
      1.000     6.0806   3.182616    32.0661       6649     4.6167 0.0000e+00
