HB2402/ctd130.cnv
* Sea-Bird SBE 9 Data File:
* FileName = C:\cruise\data\ctd130.hex
* Software Version Seasave V 7.26.7.121
* Temperature SN = 5253
* Conductivity SN = 4421
* Number of Bytes Per Scan = 37
* Number of Voltage Words = 4
* Number of Scans Averaged by the Deck Unit = 1
* NMEA Latitude = 41 23.98 N
* NMEA Longitude = 069 12.54 W
* NMEA UTC (Time) = Apr 12 2024 01:41:33
* NMEA baud rate = 4800
** Ship: Bigelow HB2304
** Program:  Fall Bottom Trawl Survey
** Chief Scientist: John Galbraith
# nquan = 7
# nvalues = 275                         
# units = specified
# name 0 = depSM: Depth [salt water, m]
# name 1 = t090C: Temperature [ITS-90, deg C]
# name 2 = c0S/m: Conductivity [S/m]
# name 3 = sal00: Salinity, Practical [PSU]
# name 4 = scan: Scan Count
# name 5 = timeM: Time, Elapsed [minutes]
# name 6 = flag: flag
# span 0 =      1.000,    139.000       
# span 1 =     5.2273,     6.2369       
# span 2 =   3.086043,   3.236771       
# span 3 =    31.5669,    32.4537       
# span 4 =        -34,       8180       
# span 5 =    -0.0240,     5.6795       
# span 6 = 0.0000e+00, 0.0000e+00       
# interval = meters: 1                  
# start_time = Apr 12 2024 01:41:33 [NMEA time, header]
# bad_flag = -9.990e-29
*END*
      3.000     5.4616   3.102833    31.7544        -34    -0.0240 0.0000e+00
      4.000     5.4595   3.091683    31.6296        242     0.1671 0.0000e+00
      5.000     5.4571   3.088157    31.5916        334     0.2314 0.0000e+00
      6.000     5.4576   3.086897    31.5763        369     0.2553 0.0000e+00
      7.000     5.4583   3.086279    31.5681        403     0.2790 0.0000e+00
      8.000     5.4570   3.086103    31.5669        427     0.2958 0.0000e+00
      9.000     5.4507   3.086183    31.5732        447     0.3098 0.0000e+00
     10.000     5.4305   3.086814    31.5990        468     0.3242 0.0000e+00
     11.000     5.4230   3.087186    31.6097        493     0.3416 0.0000e+00
     12.000     5.3959   3.088223    31.6465        528     0.3660 0.0000e+00
     13.000     5.3840   3.087808    31.6526        565     0.3915 0.0000e+00
     14.000     5.3845   3.088662    31.6613        590     0.4087 0.0000e+00
     15.000     5.3937   3.089784    31.6648        609     0.4223 0.0000e+00
     16.000     5.4016   3.090854    31.6690        628     0.4356 0.0000e+00
     17.000     5.4029   3.091429    31.6738        649     0.4503 0.0000e+00
     18.000     5.3827   3.090684    31.6840        675     0.4682 0.0000e+00
     19.000     5.3563   3.088861    31.6878        710     0.4923 0.0000e+00
     20.000     5.3231   3.086441    31.6912        748     0.5187 0.0000e+00
     21.000     5.3145   3.086258    31.6968        777     0.5392 0.0000e+00
     22.000     5.3099   3.086575    31.7043        801     0.5556 0.0000e+00
     23.000     5.3097   3.086835    31.7069        823     0.5705 0.0000e+00
     24.000     5.3086   3.086904    31.7082        844     0.5854 0.0000e+00
     25.000     5.3119   3.087420    31.7104        868     0.6023 0.0000e+00
     26.000     5.3159   3.088014    31.7130        897     0.6223 0.0000e+00
     27.000     5.3253   3.089426    31.7196        928     0.6440 0.0000e+00
     28.000     5.3332   3.090789    31.7270        960     0.6659 0.0000e+00
     29.000     5.3364   3.092248    31.7401        987     0.6850 0.0000e+00
     30.000     5.3248   3.094884    31.7806       1010     0.7008 0.0000e+00
     31.000     5.3161   3.095620    31.7967       1033     0.7165 0.0000e+00
     32.000     5.3093   3.097120    31.8197       1059     0.7347 0.0000e+00
     33.000     5.2951   3.096091    31.8210       1093     0.7586 0.0000e+00
     34.000     5.2689   3.094225    31.8242       1127     0.7818 0.0000e+00
     35.000     5.2347   3.091980    31.8307       1150     0.7981 0.0000e+00
     36.000     5.2388   3.092598    31.8334       1171     0.8124 0.0000e+00
     37.000     5.2377   3.092589    31.8339       1193     0.8275 0.0000e+00
     38.000     5.2311   3.092033    31.8333       1219     0.8457 0.0000e+00
     39.000     5.2304   3.091860    31.8315       1253     0.8697 0.0000e+00
     40.000     5.2273   3.091782    31.8330       1284     0.8911 0.0000e+00
     41.000     5.2312   3.092332    31.8351       1306     0.9062 0.0000e+00
     42.000     5.2381   3.093471    31.8410       1329     0.9223 0.0000e+00
     43.000     5.2471   3.094993    31.8493       1357     0.9419 0.0000e+00
     44.000     5.2489   3.095297    31.8505       1394     0.9676 0.0000e+00
     45.000     5.2498   3.095445    31.8508       1424     0.9881 0.0000e+00
     46.000     5.2495   3.095508    31.8513       1444     1.0023 0.0000e+00
     47.000     5.2493   3.095560    31.8517       1464     1.0159 0.0000e+00
     48.000     5.2489   3.095564    31.8516       1488     1.0330 0.0000e+00
     49.000     5.2454   3.095349    31.8519       1521     1.0553 0.0000e+00
     50.000     5.2446   3.095363    31.8524       1552     1.0769 0.0000e+00
     51.000     5.2427   3.095341    31.8535       1583     1.0983 0.0000e+00
     52.000     5.2418   3.095330    31.8537       1609     1.1165 0.0000e+00
     53.000     5.2412   3.095344    31.8540       1632     1.1326 0.0000e+00
     54.000     5.2417   3.095470    31.8545       1656     1.1492 0.0000e+00
     55.000     5.2408   3.095586    31.8561       1681     1.1668 0.0000e+00
     56.000     5.2442   3.096293    31.8604       1713     1.1889 0.0000e+00
     57.000     5.2458   3.096660    31.8626       1759     1.2207 0.0000e+00
     58.000     5.2482   3.097030    31.8640       1785     1.2391 0.0000e+00
     59.000     5.2490   3.097170    31.8644       1803     1.2517 0.0000e+00
     60.000     5.2495   3.097285    31.8647       1819     1.2625 0.0000e+00
     61.000     5.2509   3.097490    31.8652       1835     1.2733 0.0000e+00
     62.000     5.2513   3.097541    31.8649       1853     1.2859 0.0000e+00
     63.000     5.2524   3.097688    31.8651       1905     1.3222 0.0000e+00
     64.000     5.2542   3.097984    31.8662       1962     1.3615 0.0000e+00
     65.000     5.2577   3.098491    31.8681       1980     1.3740 0.0000e+00
     66.000     5.2605   3.098901    31.8697       1997     1.3861 0.0000e+00
     67.000     5.2639   3.099509    31.8728       2015     1.3985 0.0000e+00
     68.000     5.2676   3.100047    31.8749       2034     1.4115 0.0000e+00
     69.000     5.2726   3.100723    31.8774       2055     1.4264 0.0000e+00
     70.000     5.2778   3.101426    31.8799       2082     1.4454 0.0000e+00
     71.000     5.2815   3.101925    31.8816       2126     1.4760 0.0000e+00
     72.000     5.2873   3.102733    31.8847       2168     1.5049 0.0000e+00
     73.000     5.3035   3.105023    31.8949       2192     1.5213 0.0000e+00
     74.000     5.3146   3.106523    31.9008       2213     1.5359 0.0000e+00
     75.000     5.3190   3.107133    31.9032       2236     1.5518 0.0000e+00
     76.000     5.3240   3.107762    31.9050       2262     1.5700 0.0000e+00
     77.000     5.3268   3.108181    31.9066       2286     1.5871 0.0000e+00
     78.000     5.3295   3.108679    31.9092       2309     1.6029 0.0000e+00
     79.000     5.3312   3.108987    31.9106       2334     1.6203 0.0000e+00
     80.000     5.3343   3.109428    31.9122       2374     1.6482 0.0000e+00
     81.000     5.3378   3.110016    31.9150       2416     1.6770 0.0000e+00
     82.000     5.3406   3.110489    31.9172       2440     1.6935 0.0000e+00
     83.000     5.3435   3.110982    31.9195       2459     1.7072 0.0000e+00
     84.000     5.3483   3.111732    31.9230       2479     1.7211 0.0000e+00
     85.000     5.3576   3.113177    31.9300       2503     1.7374 0.0000e+00
     86.000     5.3752   3.115948    31.9442       2532     1.7577 0.0000e+00
     87.000     5.3930   3.118765    31.9587       2563     1.7794 0.0000e+00
     88.000     5.4086   3.121243    31.9715       2593     1.7999 0.0000e+00
     89.000     5.4238   3.123679    31.9841       2622     1.8200 0.0000e+00
     90.000     5.4331   3.125158    31.9915       2652     1.8407 0.0000e+00
     91.000     5.4358   3.125553    31.9929       2683     1.8625 0.0000e+00
     92.000     5.4499   3.127730    32.0037       2711     1.8822 0.0000e+00
     93.000     5.4864   3.132904    32.0270       2735     1.8985 0.0000e+00
     94.000     5.5081   3.135891    32.0396       2757     1.9142 0.0000e+00
     95.000     5.5362   3.139701    32.0553       2782     1.9312 0.0000e+00
     96.000     5.5884   3.146768    32.0849       2809     1.9499 0.0000e+00
     97.000     5.6342   3.153077    32.1120       2838     1.9705 0.0000e+00
     98.000     5.6797   3.159432    32.1397       2871     1.9934 0.0000e+00
     99.000     5.7031   3.162477    32.1512       2904     2.0162 0.0000e+00
    100.000     5.7160   3.164257    32.1585       2933     2.0361 0.0000e+00
    101.000     5.7513   3.168984    32.1775       2960     2.0551 0.0000e+00
    102.000     5.7727   3.172103    32.1916       2986     2.0730 0.0000e+00
    103.000     5.8750   3.186302    32.2530       3012     2.0908 0.0000e+00
    104.000     5.9749   3.199500    32.3050       3038     2.1091 0.0000e+00
    105.000     6.0337   3.207163    32.3342       3065     2.1275 0.0000e+00
    106.000     6.0332   3.207323    32.3359       3091     2.1456 0.0000e+00
    107.000     6.0588   3.210948    32.3515       3117     2.1638 0.0000e+00
    108.000     6.0708   3.212544    32.3574       3143     2.1822 0.0000e+00
    109.000     6.0814   3.214280    32.3661       3169     2.2002 0.0000e+00
    110.000     6.1524   3.223749    32.4036       3200     2.2217 0.0000e+00
    111.000     6.1524   3.223853    32.4042       3242     2.2506 0.0000e+00
    112.000     6.1495   3.223596    32.4036       3275     2.2739 0.0000e+00
    113.000     6.1580   3.224854    32.4090       3297     2.2892 0.0000e+00
    114.000     6.1625   3.225440    32.4107       3316     2.3018 0.0000e+00
    115.000     6.1537   3.224292    32.4059       3332     2.3135 0.0000e+00
    116.000     6.1530   3.224359    32.4068       3351     2.3262 0.0000e+00
    117.000     6.1588   3.225174    32.4099       3374     2.3427 0.0000e+00
    118.000     6.1691   3.226567    32.4151       3415     2.3709 0.0000e+00
    119.000     6.1691   3.226656    32.4156       3458     2.4010 0.0000e+00
    120.000     6.1717   3.227101    32.4175       3484     2.4187 0.0000e+00
    121.000     6.1754   3.227615    32.4193       3509     2.4362 0.0000e+00
    122.000     6.1768   3.227871    32.4203       3539     2.4566 0.0000e+00
    123.000     6.1811   3.228480    32.4225       3567     2.4763 0.0000e+00
    124.000     6.1805   3.228465    32.4225       3588     2.4910 0.0000e+00
    125.000     6.1802   3.228488    32.4224       3606     2.5037 0.0000e+00
    126.000     6.1798   3.228476    32.4223       3625     2.5165 0.0000e+00
    127.000     6.1840   3.229089    32.4246       3648     2.5325 0.0000e+00
    128.000     6.1856   3.229314    32.4251       3689     2.5608 0.0000e+00
    129.000     6.1859   3.229407    32.4253       3734     2.5920 0.0000e+00
    130.000     6.1875   3.229686    32.4265       3759     2.6098 0.0000e+00
    131.000     6.1885   3.229859    32.4269       3781     2.6249 0.0000e+00
    132.000     6.1878   3.229819    32.4267       3802     2.6397 0.0000e+00
    133.000     6.1922   3.230480    32.4293       3825     2.6556 0.0000e+00
    134.000     6.1994   3.231478    32.4331       3852     2.6745 0.0000e+00
    135.000     6.2020   3.231855    32.4343       3882     2.6955 0.0000e+00
    136.000     6.2013   3.231824    32.4342       3908     2.7134 0.0000e+00
    137.000     6.2030   3.232103    32.4351       3933     2.7304 0.0000e+00
    138.000     6.2115   3.233311    32.4399       4155     2.8846 0.0000e+00
    139.000     6.2369   3.236771    32.4537       4593     3.1887 0.0000e+00
    138.000     6.2171   3.234092    32.4433       4473     3.1057 0.0000e+00
    137.000     6.2090   3.232942    32.4387       4581     3.1805 0.0000e+00
    136.000     6.2042   3.232258    32.4363       4604     3.1962 0.0000e+00
    135.000     6.2032   3.232099    32.4359       4632     3.2158 0.0000e+00
    134.000     6.2024   3.231950    32.4355       4665     3.2388 0.0000e+00
    133.000     6.1907   3.230288    32.4286       4693     3.2583 0.0000e+00
    132.000     6.1861   3.229659    32.4265       4713     3.2722 0.0000e+00
    131.000     6.1843   3.229376    32.4255       4731     3.2846 0.0000e+00
    130.000     6.1847   3.229380    32.4257       4749     3.2972 0.0000e+00
    129.000     6.1851   3.229401    32.4260       4774     3.3147 0.0000e+00
    128.000     6.1844   3.229257    32.4256       4825     3.3497 0.0000e+00
    127.000     6.1837   3.229128    32.4253       4857     3.3724 0.0000e+00
    126.000     6.1821   3.228847    32.4242       4875     3.3845 0.0000e+00
    125.000     6.1813   3.228691    32.4237       4889     3.3944 0.0000e+00
    124.000     6.1811   3.228630    32.4237       4903     3.4042 0.0000e+00
    123.000     6.1806   3.228547    32.4238       4920     3.4159 0.0000e+00
    122.000     6.1794   3.228365    32.4233       4951     3.4378 0.0000e+00
    121.000     6.1775   3.228043    32.4221       5008     3.4770 0.0000e+00
    120.000     6.1737   3.227474    32.4198       5036     3.4963 0.0000e+00
    119.000     6.1697   3.226901    32.4178       5055     3.5097 0.0000e+00
    118.000     6.1668   3.226470    32.4162       5071     3.5206 0.0000e+00
    117.000     6.1660   3.226330    32.4158       5086     3.5311 0.0000e+00
    116.000     6.1660   3.226281    32.4158       5103     3.5428 0.0000e+00
    115.000     6.1505   3.224108    32.4069       5139     3.5679 0.0000e+00
    114.000     6.1330   3.221683    32.3971       5196     3.6076 0.0000e+00
    113.000     6.1275   3.220897    32.3940       5214     3.6200 0.0000e+00
    112.000     6.1257   3.220595    32.3928       5229     3.6307 0.0000e+00
    111.000     6.1257   3.220560    32.3930       5244     3.6407 0.0000e+00
    110.000     6.1154   3.219082    32.3868       5260     3.6523 0.0000e+00
    109.000     6.0867   3.215019    32.3693       5286     3.6702 0.0000e+00
    108.000     6.0322   3.207749    32.3407       5328     3.6996 0.0000e+00
    107.000     5.9795   3.200453    32.3099       5360     3.7213 0.0000e+00
    106.000     5.8945   3.189126    32.2646       5381     3.7362 0.0000e+00
    105.000     5.8547   3.183788    32.2432       5400     3.7496 0.0000e+00
    104.000     5.8149   3.178143    32.2182       5420     3.7634 0.0000e+00
    103.000     5.7812   3.173416    32.1978       5447     3.7820 0.0000e+00
    102.000     5.7458   3.168707    32.1791       5492     3.8129 0.0000e+00
    101.000     5.7273   3.166213    32.1692       5520     3.8327 0.0000e+00
    100.000     5.6856   3.160622    32.1465       5537     3.8444 0.0000e+00
     99.000     5.6630   3.157347    32.1316       5552     3.8547 0.0000e+00
     98.000     5.6269   3.152453    32.1114       5567     3.8652 0.0000e+00
     97.000     5.5807   3.146067    32.0839       5587     3.8790 0.0000e+00
     96.000     5.4923   3.134026    32.0325       5637     3.9140 0.0000e+00
     95.000     5.4600   3.129464    32.0122       5680     3.9437 0.0000e+00
     94.000     5.4387   3.126358    31.9978       5696     3.9546 0.0000e+00
     93.000     5.4310   3.125212    31.9927       5710     3.9643 0.0000e+00
     92.000     5.4285   3.124788    31.9908       5724     3.9740 0.0000e+00
     91.000     5.4260   3.124253    31.9875       5742     3.9871 0.0000e+00
     90.000     5.4108   3.121804    31.9747       5782     4.0142 0.0000e+00
     89.000     5.3969   3.119577    31.9633       5828     4.0465 0.0000e+00
     88.000     5.3831   3.117346    31.9516       5851     4.0623 0.0000e+00
     87.000     5.3742   3.115970    31.9450       5871     4.0762 0.0000e+00
     86.000     5.3640   3.114298    31.9362       5888     4.0882 0.0000e+00
     85.000     5.3559   3.113067    31.9305       5908     4.1018 0.0000e+00
     84.000     5.3506   3.112223    31.9264       5932     4.1190 0.0000e+00
     83.000     5.3482   3.111816    31.9246       5971     4.1455 0.0000e+00
     82.000     5.3431   3.111020    31.9209       6009     4.1724 0.0000e+00
     81.000     5.3387   3.110308    31.9174       6035     4.1903 0.0000e+00
     80.000     5.3338   3.109623    31.9149       6055     4.2040 0.0000e+00
     79.000     5.3300   3.109063    31.9126       6072     4.2160 0.0000e+00
     78.000     5.3242   3.108206    31.9088       6090     4.2285 0.0000e+00
     77.000     5.3158   3.106919    31.9027       6112     4.2436 0.0000e+00
     76.000     5.2959   3.104136    31.8906       6167     4.2817 0.0000e+00
     75.000     5.2968   3.104126    31.8901       6206     4.3087 0.0000e+00
     74.000     5.2920   3.103483    31.8878       6219     4.3182 0.0000e+00
     73.000     5.2891   3.103080    31.8865       6233     4.3280 0.0000e+00
     72.000     5.2843   3.102417    31.8840       6249     4.3391 0.0000e+00
     71.000     5.2828   3.102148    31.8829       6271     4.3539 0.0000e+00
