HB2402/ctd127.cnv
* Sea-Bird SBE 9 Data File:
* FileName = C:\cruise\data\ctd127.hex
* Software Version Seasave V 7.26.7.121
* Temperature SN = 5253
* Conductivity SN = 4421
* Number of Bytes Per Scan = 37
* Number of Voltage Words = 4
* Number of Scans Averaged by the Deck Unit = 1
* NMEA Latitude = 40 17.66 N
* NMEA Longitude = 068 55.02 W
* NMEA UTC (Time) = Apr 11 2024 00:44:30
* NMEA baud rate = 4800
** Ship: Bigelow HB2304
** Program:  Fall Bottom Trawl Survey
** Chief Scientist: John Galbraith
# nquan = 7
# nvalues = 189                         
# units = specified
# name 0 = depSM: Depth [salt water, m]
# name 1 = t090C: Temperature [ITS-90, deg C]
# name 2 = c0S/m: Conductivity [S/m]
# name 3 = sal00: Salinity, Practical [PSU]
# name 4 = scan: Scan Count
# name 5 = timeM: Time, Elapsed [minutes]
# name 6 = flag: flag
# span 0 =      1.000,     96.000       
# span 1 =     5.1749,     6.9769       
# span 2 =   3.111428,   3.374502       
# span 3 =    32.1005,    33.2845       
# span 4 =          2,       6145       
# span 5 =     0.0006,     4.2669       
# span 6 = 0.0000e+00, 0.0000e+00       
# interval = meters: 1                  
# start_time = Apr 11 2024 00:44:30 [NMEA time, header]
# bad_flag = -9.990e-29
*END*
      3.000     5.8737   3.170666    32.1278          2     0.0006 0.0000e+00
      4.000     5.8743   3.170747    32.1276         40     0.0270 0.0000e+00
      5.000     5.8718   3.170560    32.1274        306     0.2121 0.0000e+00
      6.000     5.8743   3.170843    32.1277        319     0.2206 0.0000e+00
      7.000     5.8726   3.170702    32.1273        344     0.2379 0.0000e+00
      8.000     5.8735   3.170837    32.1274        375     0.2597 0.0000e+00
      9.000     5.8733   3.170856    32.1274        408     0.2825 0.0000e+00
     10.000     5.8703   3.170634    32.1272        433     0.2999 0.0000e+00
     11.000     5.8698   3.170638    32.1273        454     0.3146 0.0000e+00
     12.000     5.8698   3.170744    32.1279        475     0.3290 0.0000e+00
     13.000     5.8662   3.170456    32.1277        499     0.3459 0.0000e+00
     14.000     5.8628   3.170235    32.1280        530     0.3671 0.0000e+00
     15.000     5.8578   3.169816    32.1275        565     0.3913 0.0000e+00
     16.000     5.8382   3.168092    32.1263        592     0.4108 0.0000e+00
     17.000     5.8236   3.166838    32.1257        614     0.4254 0.0000e+00
     18.000     5.7375   3.158782    32.1165        633     0.4387 0.0000e+00
     19.000     5.5413   3.141543    32.1087        654     0.4532 0.0000e+00
     20.000     5.4924   3.137337    32.1074        685     0.4751 0.0000e+00
     21.000     5.4325   3.132180    32.1057        728     0.5047 0.0000e+00
     22.000     5.4155   3.130936    32.1074        756     0.5246 0.0000e+00
     23.000     5.3623   3.126644    32.1092        778     0.5399 0.0000e+00
     24.000     5.2272   3.115663    32.1132        798     0.5535 0.0000e+00
     25.000     5.2293   3.117694    32.1339        818     0.5675 0.0000e+00
     26.000     5.3272   3.127098    32.1465        841     0.5833 0.0000e+00
     27.000     5.3172   3.127430    32.1594        869     0.6025 0.0000e+00
     28.000     5.3535   3.131519    32.1705        901     0.6248 0.0000e+00
     29.000     5.3737   3.133906    32.1778        937     0.6502 0.0000e+00
     30.000     5.3691   3.134381    32.1870        969     0.6725 0.0000e+00
     31.000     5.3748   3.135404    32.1927        993     0.6886 0.0000e+00
     32.000     5.3721   3.135483    32.1957       1011     0.7013 0.0000e+00
     33.000     5.3759   3.136086    32.1984       1027     0.7125 0.0000e+00
     34.000     5.3692   3.135945    32.2028       1044     0.7242 0.0000e+00
     35.000     5.2894   3.129913    32.2104       1081     0.7497 0.0000e+00
     36.000     5.2647   3.128732    32.2202       1145     0.7943 0.0000e+00
     37.000     5.2656   3.128911    32.2209       1163     0.8072 0.0000e+00
     38.000     5.2815   3.131346    32.2328       1178     0.8176 0.0000e+00
     39.000     5.3011   3.133688    32.2401       1192     0.8268 0.0000e+00
     40.000     5.3118   3.134961    32.2438       1206     0.8370 0.0000e+00
     41.000     5.3453   3.139158    32.2588       1227     0.8517 0.0000e+00
     42.000     5.3705   3.142546    32.2725       1295     0.8983 0.0000e+00
     43.000     5.3701   3.142559    32.2726       1320     0.9158 0.0000e+00
     44.000     5.3736   3.143222    32.2762       1335     0.9261 0.0000e+00
     45.000     5.3747   3.143464    32.2775       1350     0.9367 0.0000e+00
     46.000     5.3738   3.143428    32.2774       1369     0.9503 0.0000e+00
     47.000     5.3740   3.143490    32.2774       1412     0.9802 0.0000e+00
     48.000     5.3746   3.143705    32.2788       1448     1.0051 0.0000e+00
     49.000     5.3716   3.143481    32.2786       1468     1.0186 0.0000e+00
     50.000     5.3725   3.143710    32.2799       1487     1.0318 0.0000e+00
     51.000     5.3788   3.144649    32.2840       1509     1.0475 0.0000e+00
     52.000     5.3890   3.145969    32.2887       1540     1.0690 0.0000e+00
     53.000     5.3921   3.146466    32.2908       1569     1.0887 0.0000e+00
     54.000     5.3991   3.147279    32.2928       1594     1.1062 0.0000e+00
     55.000     5.4081   3.148600    32.2987       1628     1.1297 0.0000e+00
     56.000     5.4267   3.150920    32.3066       1660     1.1524 0.0000e+00
     57.000     5.4453   3.153261    32.3148       1680     1.1659 0.0000e+00
     58.000     5.4649   3.155845    32.3247       1696     1.1774 0.0000e+00
     59.000     5.4944   3.159167    32.3335       1714     1.1894 0.0000e+00
     60.000     5.5246   3.162663    32.3435       1741     1.2087 0.0000e+00
     61.000     5.5369   3.164277    32.3495       1806     1.2535 0.0000e+00
     62.000     5.5491   3.165867    32.3552       1827     1.2683 0.0000e+00
     63.000     5.5572   3.166870    32.3582       1843     1.2788 0.0000e+00
     64.000     5.5600   3.167284    32.3597       1857     1.2891 0.0000e+00
     65.000     5.5635   3.167820    32.3620       1874     1.3004 0.0000e+00
     66.000     5.5678   3.168373    32.3636       1898     1.3171 0.0000e+00
     67.000     5.5696   3.168621    32.3641       1948     1.3522 0.0000e+00
     68.000     5.5701   3.168749    32.3646       1984     1.3771 0.0000e+00
     69.000     5.5693   3.168830    32.3658       2002     1.3896 0.0000e+00
     70.000     5.5709   3.169136    32.3673       2017     1.4000 0.0000e+00
     71.000     5.5690   3.169019    32.3673       2032     1.4106 0.0000e+00
     72.000     5.5658   3.168809    32.3675       2071     1.4374 0.0000e+00
     73.000     5.5715   3.169653    32.3710       2134     1.4810 0.0000e+00
     74.000     5.5783   3.170487    32.3734       2147     1.4900 0.0000e+00
     75.000     5.5982   3.174110    32.3948       2160     1.4993 0.0000e+00
     76.000     5.6408   3.180774    32.4285       2173     1.5084 0.0000e+00
     77.000     5.6778   3.186160    32.4532       2189     1.5195 0.0000e+00
     78.000     5.7191   3.192198    32.4810       2222     1.5420 0.0000e+00
     79.000     5.7682   3.199723    32.5180       2275     1.5789 0.0000e+00
     80.000     5.8228   3.207840    32.5562       2299     1.5961 0.0000e+00
     81.000     5.8810   3.217056    32.6031       2318     1.6093 0.0000e+00
     82.000     6.0321   3.239721    32.7108       2337     1.6220 0.0000e+00
     83.000     6.2462   3.269580    32.8370       2358     1.6368 0.0000e+00
     84.000     6.3830   3.287861    32.9078       2397     1.6636 0.0000e+00
     85.000     6.4847   3.303114    32.9781       2437     1.6920 0.0000e+00
     86.000     6.5842   3.317282    33.0383       2454     1.7035 0.0000e+00
     87.000     6.6974   3.334385    33.1171       2469     1.7140 0.0000e+00
     88.000     6.8427   3.354834    33.2011       2486     1.7257 0.0000e+00
     89.000     6.9112   3.364073    33.2358       2525     1.7525 0.0000e+00
     90.000     6.9591   3.371428    33.2697       2581     1.7916 0.0000e+00
     91.000     6.9500   3.370284    33.2655       2600     1.8049 0.0000e+00
     92.000     6.9538   3.370921    33.2682       2616     1.8161 0.0000e+00
     93.000     6.9668   3.373061    33.2787       2635     1.8288 0.0000e+00
     94.000     6.9769   3.374502    33.2842       2662     1.8480 0.0000e+00
     95.000     6.9701   3.373984    33.2845       2799     1.9430 0.0000e+00
     96.000     6.9671   3.373646    33.2833       3101     2.1531 0.0000e+00
     95.000     6.9609   3.372798    33.2804       3105     2.1554 0.0000e+00
     94.000     6.9555   3.371935    33.2768       3268     2.2686 0.0000e+00
     93.000     6.9416   3.369948    33.2689       3388     2.3519 0.0000e+00
     92.000     6.9380   3.369361    33.2664       3396     2.3578 0.0000e+00
     91.000     6.9360   3.369008    33.2650       3412     2.3691 0.0000e+00
     90.000     6.9333   3.368587    33.2635       3435     2.3847 0.0000e+00
     89.000     6.9298   3.367993    33.2608       3473     2.4114 0.0000e+00
     88.000     6.9330   3.368392    33.2626       3508     2.4357 0.0000e+00
     87.000     6.9409   3.369508    33.2677       3533     2.4529 0.0000e+00
     86.000     6.9049   3.364002    33.2426       3558     2.4700 0.0000e+00
     85.000     6.8214   3.353419    33.2077       3584     2.4885 0.0000e+00
     84.000     6.7301   3.338345    33.1305       3609     2.5055 0.0000e+00
     83.000     6.5509   3.313665    33.0320       3629     2.5194 0.0000e+00
     82.000     6.5394   3.311869    33.0237       3647     2.5319 0.0000e+00
     81.000     6.4479   3.299444    32.9750       3666     2.5455 0.0000e+00
     80.000     6.3877   3.289744    32.9260       3693     2.5636 0.0000e+00
     79.000     6.0902   3.246958    32.7371       3737     2.5944 0.0000e+00
     78.000     6.1114   3.250225    32.7538       3774     2.6202 0.0000e+00
     77.000     5.8632   3.213592    32.5832       3795     2.6344 0.0000e+00
     76.000     5.7442   3.196840    32.5101       3813     2.6470 0.0000e+00
     75.000     5.7192   3.192762    32.4888       3833     2.6608 0.0000e+00
     74.000     5.7286   3.193799    32.4918       3860     2.6797 0.0000e+00
     73.000     5.6947   3.188747    32.4681       3892     2.7023 0.0000e+00
     72.000     5.6637   3.183447    32.4386       3919     2.7211 0.0000e+00
     71.000     5.6141   3.175986    32.4026       3941     2.7363 0.0000e+00
     70.000     5.6237   3.177508    32.4110       3962     2.7510 0.0000e+00
     69.000     5.6085   3.174909    32.3968       3986     2.7671 0.0000e+00
     68.000     5.5919   3.172513    32.3862       4013     2.7861 0.0000e+00
     67.000     5.5867   3.171746    32.3831       4044     2.8079 0.0000e+00
     66.000     5.5891   3.171820    32.3820       4077     2.8302 0.0000e+00
     65.000     5.5801   3.170242    32.3734       4103     2.8484 0.0000e+00
     64.000     5.5776   3.169815    32.3715       4124     2.8635 0.0000e+00
     63.000     5.5748   3.169462    32.3706       4145     2.8777 0.0000e+00
     62.000     5.5725   3.169120    32.3695       4169     2.8941 0.0000e+00
     61.000     5.5726   3.168999    32.3685       4197     2.9138 0.0000e+00
     60.000     5.5686   3.168485    32.3671       4223     2.9320 0.0000e+00
     59.000     5.5598   3.167246    32.3620       4245     2.9472 0.0000e+00
     58.000     5.5521   3.166258    32.3587       4269     2.9638 0.0000e+00
     57.000     5.5439   3.165203    32.3551       4303     2.9875 0.0000e+00
     56.000     5.5110   3.161281    32.3430       4343     3.0149 0.0000e+00
     55.000     5.4667   3.156050    32.3268       4367     3.0320 0.0000e+00
     54.000     5.4444   3.153229    32.3168       4387     3.0458 0.0000e+00
     53.000     5.4255   3.151038    32.3106       4406     3.0591 0.0000e+00
     52.000     5.4177   3.149852    32.3051       4426     3.0729 0.0000e+00
     51.000     5.4098   3.148796    32.3013       4447     3.0874 0.0000e+00
     50.000     5.4051   3.148109    32.2984       4471     3.1039 0.0000e+00
     49.000     5.3972   3.147051    32.2945       4504     3.1272 0.0000e+00
     48.000     5.3917   3.146254    32.2913       4543     3.1540 0.0000e+00
     47.000     5.3859   3.145437    32.2881       4565     3.1698 0.0000e+00
     46.000     5.3837   3.145072    32.2866       4585     3.1831 0.0000e+00
     45.000     5.3823   3.144839    32.2858       4606     3.1979 0.0000e+00
     44.000     5.3813   3.144527    32.2836       4642     3.2230 0.0000e+00
     43.000     5.3806   3.144103    32.2801       4676     3.2462 0.0000e+00
     42.000     5.3759   3.143582    32.2791       4694     3.2589 0.0000e+00
     41.000     5.3696   3.142750    32.2762       4711     3.2706 0.0000e+00
     40.000     5.3615   3.141593    32.2714       4729     3.2835 0.0000e+00
     39.000     5.3333   3.137625    32.2539       4759     3.3045 0.0000e+00
     38.000     5.3120   3.134661    32.2411       4797     3.3305 0.0000e+00
     37.000     5.2719   3.129133    32.2174       4819     3.3462 0.0000e+00
     36.000     5.2794   3.129537    32.2152       4839     3.3598 0.0000e+00
     35.000     5.2785   3.129124    32.2119       4861     3.3753 0.0000e+00
     34.000     5.3155   3.131911    32.2085       4899     3.4015 0.0000e+00
     33.000     5.3536   3.134905    32.2064       4936     3.4268 0.0000e+00
     32.000     5.3939   3.137710    32.2001       4956     3.4412 0.0000e+00
     31.000     5.3882   3.136687    32.1944       4973     3.4530 0.0000e+00
     30.000     5.3731   3.134844    32.1885       4990     3.4643 0.0000e+00
     29.000     5.3723   3.134706    32.1882       5008     3.4771 0.0000e+00
     28.000     5.3464   3.131644    32.1788       5039     3.4984 0.0000e+00
     27.000     5.3084   3.127565    32.1694       5086     3.5310 0.0000e+00
     26.000     5.3167   3.127596    32.1622       5111     3.5483 0.0000e+00
     25.000     5.3179   3.126944    32.1542       5131     3.5626 0.0000e+00
     24.000     5.3103   3.125860    32.1497       5152     3.5772 0.0000e+00
     23.000     5.2736   3.121980    32.1412       5178     3.5952 0.0000e+00
     22.000     5.2298   3.117414    32.1318       5208     3.6157 0.0000e+00
     21.000     5.1843   3.112698    32.1221       5234     3.6343 0.0000e+00
     20.000     5.1749   3.111428    32.1172       5259     3.6514 0.0000e+00
     19.000     5.2259   3.115142    32.1111       5284     3.6685 0.0000e+00
     18.000     5.2986   3.120637    32.1044       5309     3.6864 0.0000e+00
     17.000     5.3548   3.124991    32.1005       5336     3.7050 0.0000e+00
     16.000     5.3728   3.126546    32.1014       5362     3.7227 0.0000e+00
     15.000     5.4238   3.131137    32.1052       5386     3.7393 0.0000e+00
     14.000     5.5717   3.144128    32.1113       5412     3.7579 0.0000e+00
     13.000     5.7717   3.161321    32.1150       5441     3.7775 0.0000e+00
     12.000     5.8317   3.166659    32.1184       5464     3.7940 0.0000e+00
     11.000     5.8463   3.168208    32.1223       5487     3.8100 0.0000e+00
     10.000     5.8787   3.171167    32.1252       5514     3.8285 0.0000e+00
      9.000     5.8909   3.172249    32.1262       5545     3.8501 0.0000e+00
      8.000     5.8969   3.172820    32.1274       5568     3.8661 0.0000e+00
      7.000     5.9008   3.173142    32.1279       5587     3.8791 0.0000e+00
      6.000     5.9015   3.173260    32.1289       5607     3.8934 0.0000e+00
      5.000     5.9036   3.173426    32.1293       5653     3.9247 0.0000e+00
      4.000     5.9021   3.173262    32.1294       5693     3.9527 0.0000e+00
      3.000     5.8979   3.172851    32.1292       5716     3.9688 0.0000e+00
      2.000     5.8943   3.172557    32.1299       6060     4.2075 0.0000e+00
      1.000     5.8960   3.172681    32.1302       6145     4.2669 0.0000e+00
