HB2402/ctd108.cnv
* Sea-Bird SBE 9 Data File:
* FileName = C:\cruise\data\ctd108.hex
* Software Version Seasave V 7.26.7.121
* Temperature SN = 5253
* Conductivity SN = 4421
* Number of Bytes Per Scan = 37
* Number of Voltage Words = 4
* Number of Scans Averaged by the Deck Unit = 1
* NMEA Latitude = 39 57.42 N
* NMEA Longitude = 071 28.71 W
* NMEA UTC (Time) = Apr 07 2024 11:46:12
* NMEA baud rate = 4800
** Ship: Bigelow HB2304
** Program:  Fall Bottom Trawl Survey
** Chief Scientist: John Galbraith
# nquan = 7
# nvalues = 268                         
# units = specified
# name 0 = depSM: Depth [salt water, m]
# name 1 = t090C: Temperature [ITS-90, deg C]
# name 2 = c0S/m: Conductivity [S/m]
# name 3 = sal00: Salinity, Practical [PSU]
# name 4 = scan: Scan Count
# name 5 = timeM: Time, Elapsed [minutes]
# name 6 = flag: flag
# span 0 =      1.000,    136.000       
# span 1 =     6.4997,    12.2085       
# span 2 =   3.268960,   4.020599       
# span 3 =    32.6252,    34.9753       
# span 4 =       -215,       8639       
# span 5 =    -0.1497,     5.9986       
# span 6 = 0.0000e+00, 0.0000e+00       
# interval = meters: 1                  
# start_time = Apr 07 2024 11:46:12 [NMEA time, header]
# bad_flag = -9.990e-29
*END*
      4.000     6.5323   3.273006    32.6388       -215    -0.1497 0.0000e+00
      5.000     6.5318   3.273088    32.6398        275     0.1906 0.0000e+00
      6.000     6.5311   3.273054    32.6396        298     0.2063 0.0000e+00
      7.000     6.5322   3.273225    32.6399        340     0.2351 0.0000e+00
      8.000     6.5277   3.272749    32.6385        375     0.2600 0.0000e+00
      9.000     6.5224   3.272068    32.6355        404     0.2795 0.0000e+00
     10.000     6.5212   3.271944    32.6349        440     0.3051 0.0000e+00
     11.000     6.5184   3.271631    32.6336        473     0.3275 0.0000e+00
     12.000     6.5200   3.271869    32.6342        490     0.3394 0.0000e+00
     13.000     6.5203   3.271940    32.6342        504     0.3494 0.0000e+00
     14.000     6.5196   3.271916    32.6341        520     0.3602 0.0000e+00
     15.000     6.5212   3.272097    32.6340        542     0.3757 0.0000e+00
     16.000     6.5225   3.272277    32.6344        616     0.4271 0.0000e+00
     17.000     6.5221   3.272284    32.6344        633     0.4392 0.0000e+00
     18.000     6.5222   3.272385    32.6348        647     0.4489 0.0000e+00
     19.000     6.5239   3.272634    32.6355        661     0.4584 0.0000e+00
     20.000     6.5274   3.273102    32.6368        677     0.4696 0.0000e+00
     21.000     6.5280   3.273178    32.6366        721     0.5000 0.0000e+00
     22.000     6.5285   3.273324    32.6372        788     0.5467 0.0000e+00
     23.000     6.5301   3.273540    32.6376        797     0.5528 0.0000e+00
     24.000     6.5297   3.273521    32.6373        812     0.5634 0.0000e+00
     25.000     6.5288   3.273507    32.6376        826     0.5731 0.0000e+00
     26.000     6.5315   3.273829    32.6380        841     0.5837 0.0000e+00
     27.000     6.5308   3.273765    32.6375        860     0.5966 0.0000e+00
     28.000     6.5478   3.275884    32.6442        903     0.6267 0.0000e+00
     29.000     6.5523   3.276432    32.6455        977     0.6780 0.0000e+00
     30.000     6.5787   3.279838    32.6573        993     0.6890 0.0000e+00
     31.000     6.6089   3.283462    32.6680       1008     0.6991 0.0000e+00
     32.000     6.6616   3.290130    32.6907       1021     0.7084 0.0000e+00
     33.000     6.7630   3.302314    32.7274       1035     0.7182 0.0000e+00
     34.000     6.7816   3.304466    32.7329       1052     0.7299 0.0000e+00
     35.000     6.8364   3.311302    32.7551       1075     0.7460 0.0000e+00
     36.000     6.8644   3.314884    32.7672       1111     0.7709 0.0000e+00
     37.000     6.9006   3.320166    32.7900       1176     0.8159 0.0000e+00
     38.000     6.9498   3.327676    32.8248       1206     0.8370 0.0000e+00
     39.000     6.9941   3.334256    32.8540       1222     0.8478 0.0000e+00
     40.000     7.1290   3.351968    32.9181       1237     0.8584 0.0000e+00
     41.000     7.2162   3.364038    32.9657       1253     0.8695 0.0000e+00
     42.000     7.3055   3.375925    33.0092       1274     0.8840 0.0000e+00
     43.000     7.3901   3.387990    33.0588       1311     0.9100 0.0000e+00
     44.000     7.4344   3.394427    33.0856       1348     0.9354 0.0000e+00
     45.000     7.4605   3.398508    33.1044       1371     0.9514 0.0000e+00
     46.000     7.4933   3.403670    33.1284       1393     0.9668 0.0000e+00
     47.000     7.5501   3.412101    33.1648       1418     0.9840 0.0000e+00
     48.000     7.6104   3.420727    33.1997       1446     1.0033 0.0000e+00
     49.000     7.8013   3.444518    33.2728       1476     1.0246 0.0000e+00
     50.000     7.8528   3.451107    33.2938       1513     1.0498 0.0000e+00
     51.000     7.9300   3.461308    33.3290       1545     1.0723 0.0000e+00
     52.000     8.0087   3.471578    33.3632       1567     1.0874 0.0000e+00
     53.000     8.0804   3.480367    33.3881       1585     1.1001 0.0000e+00
     54.000     8.1480   3.488699    33.4120       1605     1.1136 0.0000e+00
     55.000     8.2344   3.499918    33.4484       1629     1.1306 0.0000e+00
     56.000     8.3790   3.518387    33.5061       1660     1.1518 0.0000e+00
     57.000     8.4233   3.524404    33.5271       1691     1.1734 0.0000e+00
     58.000     8.5132   3.535402    33.5573       1721     1.1944 0.0000e+00
     59.000     8.5832   3.544330    33.5844       1751     1.2152 0.0000e+00
     60.000     8.7155   3.561107    33.6346       1777     1.2336 0.0000e+00
     61.000     8.8762   3.581161    33.6917       1801     1.2503 0.0000e+00
     62.000     9.1456   3.614828    33.7867       1830     1.2705 0.0000e+00
     63.000     9.4035   3.646332    33.8686       1864     1.2937 0.0000e+00
     64.000     9.4810   3.656085    33.8956       1889     1.3110 0.0000e+00
     65.000     9.5366   3.663438    33.9183       1908     1.3243 0.0000e+00
     66.000     9.6357   3.675533    33.9487       1925     1.3364 0.0000e+00
     67.000     9.6909   3.682393    33.9665       1945     1.3498 0.0000e+00
     68.000     9.7000   3.683753    33.9715       1973     1.3695 0.0000e+00
     69.000     9.6980   3.684181    33.9773       2052     1.4246 0.0000e+00
     70.000     9.7191   3.687186    33.9878       2072     1.4385 0.0000e+00
     71.000     9.7610   3.692713    34.0044       2087     1.4486 0.0000e+00
     72.000     9.9273   3.715629    34.0812       2100     1.4579 0.0000e+00
     73.000    10.2519   3.754698    34.1722       2114     1.4674 0.0000e+00
     74.000    10.4107   3.773609    34.2137       2129     1.4780 0.0000e+00
     75.000    10.4611   3.780020    34.2306       2155     1.4956 0.0000e+00
     76.000    10.4694   3.782237    34.2447       2232     1.5496 0.0000e+00
     77.000    10.5203   3.789235    34.2669       2249     1.5608 0.0000e+00
     78.000    10.8147   3.827331    34.3722       2268     1.5741 0.0000e+00
     79.000    11.4605   3.909939    34.5870       2291     1.5904 0.0000e+00
     80.000    11.7414   3.945086    34.6705       2324     1.6129 0.0000e+00
     81.000    11.8546   3.960903    34.7193       2356     1.6357 0.0000e+00
     82.000    11.9037   3.967940    34.7418       2381     1.6526 0.0000e+00
     83.000    11.9502   3.974969    34.7666       2399     1.6653 0.0000e+00
     84.000    12.0147   3.984778    34.8017       2415     1.6766 0.0000e+00
     85.000    12.0765   3.994417    34.8375       2431     1.6878 0.0000e+00
     86.000    12.1068   3.999528    34.8585       2454     1.7037 0.0000e+00
     87.000    12.1223   4.002912    34.8765       2550     1.7702 0.0000e+00
     88.000    12.1678   4.011676    34.9188       2568     1.7830 0.0000e+00
     89.000    12.2025   4.017761    34.9451       2580     1.7910 0.0000e+00
     90.000    12.2078   4.019527    34.9568       2593     1.7997 0.0000e+00
     91.000    12.2085   4.020014    34.9605       2606     1.8090 0.0000e+00
     92.000    12.2075   4.020154    34.9623       2624     1.8217 0.0000e+00
     93.000    12.2066   4.020457    34.9657       2694     1.8702 0.0000e+00
     94.000    12.2054   4.020599    34.9678       2726     1.8925 0.0000e+00
     95.000    12.1989   4.020172    34.9693       2740     1.9021 0.0000e+00
     96.000    12.1760   4.017784    34.9671       2754     1.9120 0.0000e+00
     97.000    12.1517   4.015296    34.9651       2770     1.9231 0.0000e+00
     98.000    12.1293   4.013038    34.9637       2799     1.9430 0.0000e+00
     99.000    12.1347   4.013887    34.9664       2862     1.9867 0.0000e+00
    100.000    12.1421   4.014977    34.9697       2896     2.0103 0.0000e+00
    101.000    12.1357   4.014394    34.9696       2917     2.0253 0.0000e+00
    102.000    12.1362   4.014512    34.9698       2936     2.0380 0.0000e+00
    103.000    12.1214   4.012794    34.9665       2953     2.0498 0.0000e+00
    104.000    12.1230   4.013126    34.9678       2970     2.0617 0.0000e+00
    105.000    12.1327   4.014108    34.9679       2992     2.0771 0.0000e+00
    106.000    12.1169   4.012393    34.9655       3039     2.1095 0.0000e+00
    107.000    12.1152   4.012202    34.9648       3084     2.1412 0.0000e+00
    108.000    12.1012   4.010634    34.9622       3106     2.1561 0.0000e+00
    109.000    12.0993   4.010663    34.9638       3124     2.1691 0.0000e+00
    110.000    12.1020   4.011052    34.9646       3144     2.1827 0.0000e+00
    111.000    12.1016   4.011069    34.9648       3173     2.2027 0.0000e+00
    112.000    12.1011   4.011087    34.9649       3228     2.2408 0.0000e+00
    113.000    12.1019   4.011234    34.9652       3255     2.2599 0.0000e+00
    114.000    12.0922   4.010136    34.9632       3273     2.2720 0.0000e+00
    115.000    12.0767   4.008418    34.9605       3290     2.2838 0.0000e+00
    116.000    12.0763   4.008420    34.9605       3309     2.2974 0.0000e+00
    117.000    12.0746   4.008278    34.9602       3336     2.3160 0.0000e+00
    118.000    12.0749   4.008276    34.9594       3372     2.3413 0.0000e+00
    119.000    12.0662   4.007452    34.9591       3416     2.3714 0.0000e+00
    120.000    12.0684   4.007782    34.9599       3452     2.3967 0.0000e+00
    121.000    12.0672   4.007682    34.9596       3476     2.4131 0.0000e+00
    122.000    12.0557   4.006563    34.9590       3496     2.4269 0.0000e+00
    123.000    12.0390   4.004913    34.9582       3516     2.4412 0.0000e+00
    124.000    12.0278   4.003976    34.9590       3540     2.4577 0.0000e+00
    125.000    12.0274   4.003994    34.9591       3569     2.4781 0.0000e+00
    126.000    12.0273   4.004041    34.9593       3608     2.5051 0.0000e+00
    127.000    12.0263   4.004112    34.9605       3639     2.5263 0.0000e+00
    128.000    12.0265   4.004176    34.9605       3660     2.5409 0.0000e+00
    129.000    12.0248   4.004075    34.9607       3682     2.5560 0.0000e+00
    130.000    12.0121   4.003188    34.9634       3737     2.5948 0.0000e+00
    131.000    12.0049   4.002672    34.9647       3781     2.6247 0.0000e+00
    132.000    11.9974   4.002220    34.9669       3793     2.6332 0.0000e+00
    133.000    11.9967   4.002224    34.9672       3805     2.6419 0.0000e+00
    134.000    11.9922   4.001979    34.9686       3818     2.6510 0.0000e+00
    135.000    11.9914   4.001959    34.9687       3835     2.6624 0.0000e+00
    136.000    11.9884   4.001782    34.9693       3869     2.6862 0.0000e+00
    135.000    11.9905   4.001853    34.9685       3885     2.6971 0.0000e+00
    134.000    11.9875   4.001603    34.9693       4025     2.7948 0.0000e+00
    133.000    11.9878   4.001509    34.9685       4439     3.0822 0.0000e+00
    132.000    11.9888   4.001529    34.9682       4620     3.2078 0.0000e+00
    131.000    11.9902   4.001586    34.9679       4639     3.2210 0.0000e+00
    130.000    11.9921   4.001658    34.9673       4656     3.2326 0.0000e+00
    129.000    12.0142   4.003323    34.9632       4723     3.2793 0.0000e+00
    128.000    12.0269   4.004169    34.9600       4795     3.3292 0.0000e+00
    127.000    12.0276   4.004142    34.9595       4798     3.3314 0.0000e+00
    126.000    12.0286   4.004190    34.9595       4809     3.3387 0.0000e+00
    125.000    12.0319   4.004461    34.9594       4820     3.3465 0.0000e+00
    124.000    12.0359   4.004818    34.9597       4831     3.3544 0.0000e+00
    123.000    12.0415   4.005407    34.9606       4845     3.3642 0.0000e+00
    122.000    12.0627   4.007695    34.9635       4868     3.3796 0.0000e+00
    121.000    12.0992   4.011483    34.9667       4935     3.4264 0.0000e+00
    120.000    12.0956   4.011080    34.9665       4989     3.4639 0.0000e+00
    119.000    12.0972   4.011163    34.9663       5014     3.4810 0.0000e+00
    118.000    12.0973   4.011118    34.9662       5032     3.4936 0.0000e+00
    117.000    12.0950   4.010869    34.9663       5047     3.5044 0.0000e+00
    116.000    12.0930   4.010619    34.9662       5063     3.5155 0.0000e+00
    115.000    12.0899   4.010256    34.9660       5083     3.5294 0.0000e+00
    114.000    12.0827   4.009438    34.9652       5115     3.5515 0.0000e+00
    113.000    12.0812   4.009284    34.9656       5151     3.5762 0.0000e+00
    112.000    12.0902   4.010105    34.9656       5177     3.5945 0.0000e+00
    111.000    12.1030   4.011411    34.9668       5212     3.6190 0.0000e+00
    110.000    12.1050   4.011572    34.9669       5255     3.6485 0.0000e+00
    109.000    12.1076   4.011812    34.9672       5277     3.6637 0.0000e+00
    108.000    12.1058   4.011558    34.9669       5294     3.6760 0.0000e+00
    107.000    12.1039   4.011317    34.9667       5314     3.6897 0.0000e+00
    106.000    12.1050   4.011389    34.9669       5340     3.7080 0.0000e+00
    105.000    12.1065   4.011510    34.9671       5377     3.7333 0.0000e+00
    104.000    12.1049   4.011260    34.9666       5406     3.7532 0.0000e+00
    103.000    12.1038   4.011064    34.9662       5427     3.7683 0.0000e+00
    102.000    12.1032   4.010951    34.9661       5449     3.7835 0.0000e+00
    101.000    12.1056   4.011182    34.9665       5483     3.8070 0.0000e+00
    100.000    12.1072   4.011326    34.9668       5526     3.8371 0.0000e+00
     99.000    12.1263   4.013493    34.9704       5550     3.8536 0.0000e+00
     98.000    12.1303   4.013983    34.9720       5569     3.8667 0.0000e+00
     97.000    12.1299   4.013926    34.9722       5588     3.8796 0.0000e+00
     96.000    12.1304   4.013961    34.9725       5609     3.8946 0.0000e+00
     95.000    12.1350   4.014426    34.9732       5644     3.9190 0.0000e+00
     94.000    12.1461   4.015478    34.9735       5686     3.9478 0.0000e+00
     93.000    12.1586   4.016828    34.9753       5709     3.9637 0.0000e+00
     92.000    12.1637   4.017200    34.9746       5729     3.9777 0.0000e+00
     91.000    12.1689   4.017610    34.9741       5752     3.9937 0.0000e+00
     90.000    12.1770   4.018037    34.9712       5783     4.0149 0.0000e+00
     89.000    12.1854   4.017440    34.9580       5819     4.0402 0.0000e+00
     88.000    12.1915   4.015863    34.9374       5845     4.0586 0.0000e+00
     87.000    12.1750   4.011419    34.9100       5867     4.0739 0.0000e+00
     86.000    12.1583   4.008287    34.8956       5891     4.0906 0.0000e+00
     85.000    12.1152   4.001975    34.8750       5922     4.1118 0.0000e+00
     84.000    12.0498   3.991781    34.8372       5953     4.1335 0.0000e+00
     83.000    11.9808   3.981747    34.8042       5977     4.1499 0.0000e+00
     82.000    11.9317   3.974414    34.7789       5999     4.1652 0.0000e+00
     81.000    11.9029   3.969885    34.7620       6023     4.1823 0.0000e+00
     80.000    11.8208   3.958720    34.7298       6055     4.2044 0.0000e+00
     79.000    11.7252   3.946128    34.6962       6096     4.2325 0.0000e+00
     78.000    11.3244   3.894030    34.5582       6122     4.2508 0.0000e+00
     77.000    10.8914   3.838095    34.4086       6143     4.2649 0.0000e+00
     76.000    10.7215   3.816943    34.3568       6164     4.2797 0.0000e+00
     75.000    10.6013   3.801607    34.3162       6194     4.3004 0.0000e+00
     74.000    10.5613   3.795340    34.2912       6227     4.3239 0.0000e+00
     73.000    10.4788   3.784344    34.2585       6254     4.3425 0.0000e+00
     72.000    10.3891   3.772627    34.2251       6280     4.3608 0.0000e+00
     71.000    10.1438   3.741319    34.1391       6309     4.3806 0.0000e+00
     70.000     9.8642   3.708053    34.0644       6334     4.3977 0.0000e+00
     69.000     9.6923   3.686093    34.0024       6355     4.4123 0.0000e+00
     68.000     9.6389   3.679518    33.9857       6376     4.4271 0.0000e+00
     67.000     9.6081   3.674976    33.9686       6406     4.4477 0.0000e+00
     66.000     9.6026   3.673435    33.9584       6451     4.4794 0.0000e+00
     65.000     9.5592   3.668018    33.9442       6482     4.5007 0.0000e+00
     64.000     9.5299   3.664345    33.9345       6504     4.5162 0.0000e+00
