HB2402/ctd150.cnv
* Sea-Bird SBE 9 Data File:
* FileName = C:\cruise\data\ctd150.hex
* Software Version Seasave V 7.26.7.121
* Temperature SN = 5253
* Conductivity SN = 4421
* Number of Bytes Per Scan = 37
* Number of Voltage Words = 4
* Number of Scans Averaged by the Deck Unit = 1
* NMEA Latitude = 42 39.25 N
* NMEA Longitude = 070 25.17 W
* NMEA UTC (Time) = Apr 14 2024 20:05:30
* NMEA baud rate = 4800
** Ship: Bigelow HB2304
** Program:  Fall Bottom Trawl Survey
** Chief Scientist: John Galbraith
# nquan = 7
# nvalues = 100                         
# units = specified
# name 0 = depSM: Depth [salt water, m]
# name 1 = t090C: Temperature [ITS-90, deg C]
# name 2 = c0S/m: Conductivity [S/m]
# name 3 = sal00: Salinity, Practical [PSU]
# name 4 = scan: Scan Count
# name 5 = timeM: Time, Elapsed [minutes]
# name 6 = flag: flag
# span 0 =      1.000,     52.000       
# span 1 =     4.8112,     6.2360       
# span 2 =   2.983216,   3.041818       
# span 3 =    29.8257,    31.5474       
# span 4 =        209,       4164       
# span 5 =     0.1448,     2.8908       
# span 6 = 0.0000e+00, 0.0000e+00       
# interval = meters: 1                  
# start_time = Apr 14 2024 20:05:30 [NMEA time, header]
# bad_flag = -9.990e-29
*END*
      4.000     6.2256   2.997019    29.8756        209     0.1448 0.0000e+00
      5.000     6.2220   2.992849    29.8324        436     0.3024 0.0000e+00
      6.000     6.2255   2.993165    29.8323        454     0.3143 0.0000e+00
      7.000     5.9791   2.985628    29.9658        480     0.3324 0.0000e+00
      8.000     5.9398   2.983792    29.9797        505     0.3501 0.0000e+00
      9.000     5.8992   2.984502    30.0232        528     0.3662 0.0000e+00
     10.000     5.8194   2.985525    30.1051        553     0.3834 0.0000e+00
     11.000     5.8043   2.986075    30.1242        580     0.4021 0.0000e+00
     12.000     5.7949   2.985981    30.1311        608     0.4215 0.0000e+00
     13.000     5.7702   2.986819    30.1620        634     0.4392 0.0000e+00
     14.000     5.7264   2.988171    30.2159        658     0.4561 0.0000e+00
     15.000     5.6653   2.990066    30.2914        682     0.4728 0.0000e+00
     16.000     5.5357   2.996314    30.4787        710     0.4921 0.0000e+00
     17.000     5.1807   3.022012    31.0943        743     0.5151 0.0000e+00
     18.000     5.1626   3.035566    31.2648        774     0.5365 0.0000e+00
     19.000     5.1633   3.040720    31.3223        798     0.5533 0.0000e+00
     20.000     5.1286   3.041818    31.3669        820     0.5691 0.0000e+00
     21.000     5.0176   3.035026    31.3934        843     0.5851 0.0000e+00
     22.000     4.9646   3.030896    31.3956        869     0.6029 0.0000e+00
     23.000     4.8984   3.026762    31.4102        898     0.6231 0.0000e+00
     24.000     4.8629   3.025187    31.4252        926     0.6426 0.0000e+00
     25.000     4.8501   3.024398    31.4278        952     0.6603 0.0000e+00
     26.000     4.8161   3.022603    31.4388        977     0.6776 0.0000e+00
     27.000     4.8112   3.022483    31.4416       1008     0.6990 0.0000e+00
     28.000     4.8122   3.022681    31.4424       1047     0.7261 0.0000e+00
     29.000     4.8190   3.023920    31.4497       1076     0.7466 0.0000e+00
     30.000     4.8226   3.024497    31.4525       1097     0.7612 0.0000e+00
     31.000     4.8289   3.025413    31.4565       1116     0.7743 0.0000e+00
     32.000     4.8296   3.025510    31.4565       1136     0.7879 0.0000e+00
     33.000     4.8345   3.026239    31.4598       1158     0.8036 0.0000e+00
     34.000     4.8340   3.026071    31.4578       1188     0.8245 0.0000e+00
     35.000     4.8381   3.026817    31.4620       1224     0.8494 0.0000e+00
     36.000     4.8385   3.026884    31.4619       1259     0.8735 0.0000e+00
     37.000     4.8404   3.027189    31.4631       1289     0.8945 0.0000e+00
     38.000     4.8427   3.027562    31.4646       1316     0.9132 0.0000e+00
     39.000     4.8444   3.027812    31.4654       1340     0.9299 0.0000e+00
     40.000     4.8495   3.028802    31.4715       1362     0.9453 0.0000e+00
     41.000     4.8577   3.030259    31.4800       1384     0.9602 0.0000e+00
     42.000     4.8612   3.031008    31.4848       1406     0.9755 0.0000e+00
     43.000     4.8619   3.031163    31.4854       1431     0.9930 0.0000e+00
     44.000     4.8634   3.031495    31.4873       1459     1.0128 0.0000e+00
     45.000     4.8660   3.032079    31.4910       1491     1.0347 0.0000e+00
     46.000     4.8722   3.033444    31.5004       1526     1.0587 0.0000e+00
     47.000     4.8937   3.037778    31.5291       1557     1.0809 0.0000e+00
     48.000     4.9014   3.039883    31.5455       1583     1.0988 0.0000e+00
     49.000     4.9016   3.040011    31.5463       1606     1.1148 0.0000e+00
     50.000     4.9017   3.040084    31.5465       1628     1.1301 0.0000e+00
     51.000     4.9020   3.040178    31.5469       1651     1.1461 0.0000e+00
     52.000     4.9028   3.040334    31.5474       2036     1.4134 0.0000e+00
     51.000     4.9031   3.040242    31.5466       2536     1.7605 0.0000e+00
     50.000     4.9031   3.040174    31.5463       2433     1.6891 0.0000e+00
     49.000     4.9032   3.040181    31.5467       2457     1.7057 0.0000e+00
     48.000     4.9034   3.040143    31.5467       2485     1.7248 0.0000e+00
     47.000     4.9031   3.040063    31.5465       2519     1.7488 0.0000e+00
     46.000     4.8980   3.038763    31.5369       2555     1.7740 0.0000e+00
     45.000     4.8862   3.035972    31.5166       2584     1.7939 0.0000e+00
     44.000     4.8808   3.034899    31.5098       2609     1.8110 0.0000e+00
     43.000     4.8756   3.033829    31.5030       2634     1.8284 0.0000e+00
     42.000     4.8693   3.032513    31.4944       2662     1.8481 0.0000e+00
     41.000     4.8632   3.030988    31.4831       2691     1.8677 0.0000e+00
     40.000     4.8575   3.029849    31.4759       2718     1.8867 0.0000e+00
     39.000     4.8542   3.029140    31.4715       2745     1.9056 0.0000e+00
     38.000     4.8517   3.028720    31.4694       2774     1.9259 0.0000e+00
     37.000     4.8482   3.028073    31.4659       2808     1.9495 0.0000e+00
     36.000     4.8450   3.027523    31.4631       2840     1.9712 0.0000e+00
     35.000     4.8437   3.027308    31.4623       2864     1.9881 0.0000e+00
     34.000     4.8400   3.026790    31.4603       2885     2.0029 0.0000e+00
     33.000     4.8391   3.026581    31.4593       2905     2.0169 0.0000e+00
     32.000     4.8381   3.026358    31.4582       2926     2.0314 0.0000e+00
     31.000     4.8360   3.026033    31.4569       2950     2.0477 0.0000e+00
     30.000     4.8337   3.025631    31.4549       2978     2.0675 0.0000e+00
     29.000     4.8297   3.024954    31.4515       3010     2.0898 0.0000e+00
     28.000     4.8232   3.023861    31.4455       3041     2.1108 0.0000e+00
     27.000     4.8211   3.023373    31.4424       3067     2.1290 0.0000e+00
     26.000     4.8187   3.022841    31.4391       3091     2.1461 0.0000e+00
     25.000     4.8182   3.022592    31.4372       3116     2.1633 0.0000e+00
     24.000     4.8429   3.023480    31.4245       3141     2.1803 0.0000e+00
     23.000     4.8791   3.025106    31.4095       3164     2.1966 0.0000e+00
     22.000     4.9201   3.027064    31.3936       3187     2.2126 0.0000e+00
     21.000     4.9508   3.028851    31.3857       3212     2.2298 0.0000e+00
     20.000     4.9924   3.031862    31.3814       3239     2.2487 0.0000e+00
     19.000     5.0767   3.036753    31.3584       3270     2.2698 0.0000e+00
     18.000     5.1338   3.037365    31.3124       3297     2.2886 0.0000e+00
     17.000     5.1478   3.030611    31.2228       3321     2.3057 0.0000e+00
     16.000     5.3046   3.011808    30.8642       3346     2.3230 0.0000e+00
     15.000     5.4738   2.999668    30.5727       3374     2.3425 0.0000e+00
     14.000     5.6337   2.990497    30.3252       3405     2.3637 0.0000e+00
     13.000     5.7343   2.985393    30.1782       3432     2.3826 0.0000e+00
     12.000     5.7628   2.985129    30.1503       3453     2.3976 0.0000e+00
     11.000     5.7912   2.984731    30.1209       3474     2.4120 0.0000e+00
     10.000     5.8286   2.984270    30.0829       3497     2.4276 0.0000e+00
      9.000     5.9054   2.984204    30.0144       3524     2.4464 0.0000e+00
      8.000     5.9375   2.983216    29.9755       3555     2.4684 0.0000e+00
      7.000     6.0785   2.985611    29.8779       3582     2.4869 0.0000e+00
      6.000     6.1945   2.990756    29.8331       3604     2.5022 0.0000e+00
      5.000     6.2111   2.991659    29.8289       3627     2.5183 0.0000e+00
      4.000     6.2125   2.991758    29.8292       3656     2.5385 0.0000e+00
      3.000     6.2252   2.992417    29.8257       3684     2.5576 0.0000e+00
      2.000     6.2360   2.993825    29.8323       4045     2.8083 0.0000e+00
      1.000     6.2308   2.993220    29.8306       4164     2.8908 0.0000e+00
