HB2402/ctd102.cnv
* Sea-Bird SBE 9 Data File:
* FileName = C:\cruise\data\ctd102.hex
* Software Version Seasave V 7.26.7.121
* Temperature SN = 5253
* Conductivity SN = 4421
* Number of Bytes Per Scan = 37
* Number of Voltage Words = 4
* Number of Scans Averaged by the Deck Unit = 1
* NMEA Latitude = 40 50.91 N
* NMEA Longitude = 072 15.00 W
* NMEA UTC (Time) = Apr 06 2024 05:04:07
** Ship: Bigelow HB2304
** Program:  Fall Bottom Trawl Survey
** Chief Scientist: John Galbraith
# nquan = 7
# nvalues = 55                          
# units = specified
# name 0 = depSM: Depth [salt water, m]
# name 1 = t090C: Temperature [ITS-90, deg C]
# name 2 = c0S/m: Conductivity [S/m]
# name 3 = sal00: Salinity, Practical [PSU]
# name 4 = scan: Scan Count
# name 5 = timeM: Time, Elapsed [minutes]
# name 6 = flag: flag
# span 0 =      1.000,     29.000       
# span 1 =     5.8705,     6.0581       
# span 2 =   2.945012,   3.035571       
# span 3 =    29.4572,    30.6078       
# span 4 =         18,       4091       
# span 5 =     0.0120,     2.8402       
# span 6 = 0.0000e+00, 0.0000e+00       
# interval = meters: 1                  
# start_time = Apr 06 2024 05:04:07 [NMEA time, header]
# bad_flag = -9.990e-29
*END*
      3.000     6.0506   2.952630    29.5397         18     0.0120 0.0000e+00
      4.000     6.0536   2.946241    29.4661        303     0.2098 0.0000e+00
      5.000     6.0537   2.946030    29.4632        331     0.2293 0.0000e+00
      6.000     6.0515   2.945515    29.4590        374     0.2594 0.0000e+00
      7.000     6.0521   2.945451    29.4573        406     0.2814 0.0000e+00
      8.000     6.0538   2.945850    29.4599        439     0.3040 0.0000e+00
      9.000     6.0581   2.950249    29.5042        481     0.3334 0.0000e+00
     10.000     6.0559   2.957302    29.5836        520     0.3607 0.0000e+00
     11.000     6.0469   2.967328    29.7018        549     0.3805 0.0000e+00
     12.000     6.0413   2.976120    29.8034        576     0.3992 0.0000e+00
     13.000     6.0084   2.994393    30.0342        603     0.4181 0.0000e+00
     14.000     5.9764   3.003403    30.1620        630     0.4366 0.0000e+00
     15.000     5.9670   3.005698    30.1955        655     0.4540 0.0000e+00
     16.000     5.9683   3.006743    30.2054        681     0.4725 0.0000e+00
     17.000     5.9659   3.007705    30.2177        713     0.4941 0.0000e+00
     18.000     5.9680   3.009272    30.2328        745     0.5166 0.0000e+00
     19.000     5.9656   3.010518    30.2484        772     0.5354 0.0000e+00
     20.000     5.9556   3.011659    30.2695        795     0.5517 0.0000e+00
     21.000     5.9574   3.012727    30.2793        820     0.5686 0.0000e+00
     22.000     5.9497   3.012283    30.2808        852     0.5908 0.0000e+00
     23.000     5.9448   3.012020    30.2818        889     0.6167 0.0000e+00
     24.000     5.9425   3.013264    30.2972        916     0.6356 0.0000e+00
     25.000     5.9363   3.015985    30.3325        938     0.6507 0.0000e+00
     26.000     5.9305   3.017766    30.3570        959     0.6656 0.0000e+00
     27.000     5.9188   3.020885    30.4017        984     0.6825 0.0000e+00
     28.000     5.8941   3.028608    30.5094       1017     0.7056 0.0000e+00
     29.000     5.8705   3.035571    30.6078       1466     1.0172 0.0000e+00
     28.000     5.8789   3.032864    30.5706       2094     1.4535 0.0000e+00
     27.000     5.9071   3.024129    30.4484       1937     1.3441 0.0000e+00
     26.000     5.9149   3.021691    30.4147       2018     1.4010 0.0000e+00
     25.000     5.9274   3.018195    30.3650       2064     1.4330 0.0000e+00
     24.000     5.9378   3.015155    30.3224       2154     1.4951 0.0000e+00
     23.000     5.9397   3.013752    30.3056       2205     1.5306 0.0000e+00
     22.000     5.9441   3.012287    30.2858       2254     1.5646 0.0000e+00
     21.000     5.9550   3.012476    30.2786       2820     1.9577 0.0000e+00
     20.000     5.9571   3.012708    30.2798       3003     2.0850 0.0000e+00
     19.000     5.9570   3.012322    30.2760       3105     2.1554 0.0000e+00
     18.000     5.9582   3.011059    30.2614       3137     2.1777 0.0000e+00
     17.000     5.9665   3.009813    30.2407       3187     2.2125 0.0000e+00
     16.000     5.9658   3.009232    30.2352       3236     2.2466 0.0000e+00
     15.000     5.9681   3.008117    30.2213       3276     2.2743 0.0000e+00
     14.000     5.9695   3.007114    30.2094       3330     2.3116 0.0000e+00
     13.000     5.9708   3.005720    30.1932       3370     2.3399 0.0000e+00
     12.000     5.9873   3.000413    30.1201       3405     2.3642 0.0000e+00
     11.000     6.0194   2.984940    29.9207       3452     2.3967 0.0000e+00
     10.000     6.0332   2.975071    29.7998       3488     2.4214 0.0000e+00
      9.000     6.0498   2.953336    29.5455       3514     2.4395 0.0000e+00
      8.000     6.0503   2.949735    29.5058       3545     2.4609 0.0000e+00
      7.000     6.0502   2.947640    29.4832       3592     2.4936 0.0000e+00
      6.000     6.0498   2.945636    29.4619       3624     2.5160 0.0000e+00
      5.000     6.0498   2.945417    29.4599       3649     2.5334 0.0000e+00
      4.000     6.0494   2.945326    29.4597       3682     2.5565 0.0000e+00
      3.000     6.0493   2.945228    29.4591       3719     2.5822 0.0000e+00
      2.000     6.0494   2.945012    29.4572       3948     2.7411 0.0000e+00
      1.000     6.0496   2.945193    29.4594       4091     2.8402 0.0000e+00
