HB2402/ctd106.cnv
* Sea-Bird SBE 9 Data File:
* FileName = C:\cruise\data\ctd106.hex
* Software Version Seasave V 7.26.7.121
* Temperature SN = 5253
* Conductivity SN = 4421
* Number of Bytes Per Scan = 37
* Number of Voltage Words = 4
* Number of Scans Averaged by the Deck Unit = 1
* NMEA Latitude = 39 41.69 N
* NMEA Longitude = 071 58.95 W
* NMEA UTC (Time) = Apr 07 2024 03:33:47
* NMEA baud rate = 4800
** Ship: Bigelow HB2304
** Program:  Fall Bottom Trawl Survey
** Chief Scientist: John Galbraith
# nquan = 7
# nvalues = 379                         
# units = specified
# name 0 = depSM: Depth [salt water, m]
# name 1 = t090C: Temperature [ITS-90, deg C]
# name 2 = c0S/m: Conductivity [S/m]
# name 3 = sal00: Salinity, Practical [PSU]
# name 4 = scan: Scan Count
# name 5 = timeM: Time, Elapsed [minutes]
# name 6 = flag: flag
# span 0 =      1.000,    191.000       
# span 1 =     5.7519,    12.0855       
# span 2 =   3.188361,   4.039599       
# span 3 =    32.2620,    35.2687       
# span 4 =        -93,      12157       
# span 5 =    -0.0651,     8.4417       
# span 6 = 0.0000e+00, 0.0000e+00       
# interval = meters: 1                  
# start_time = Apr 07 2024 03:33:47 [NMEA time, header]
# bad_flag = -9.990e-29
*END*
[from data line 206]
    173.000    10.9091   3.922094    35.1889       6633     4.6055 0.0000e+00
    172.000    10.9128   3.922415    35.1890       6662     4.6255 0.0000e+00
    171.000    10.9153   3.922605    35.1889       6699     4.6512 0.0000e+00
    170.000    10.9207   3.923093    35.1891       6734     4.6759 0.0000e+00
    169.000    10.9322   3.924186    35.1894       6764     4.6967 0.0000e+00
    168.000    10.9432   3.925182    35.1893       6787     4.7124 0.0000e+00
    167.000    10.9527   3.926141    35.1903       6806     4.7255 0.0000e+00
    166.000    10.9632   3.927118    35.1904       6824     4.7381 0.0000e+00
    165.000    10.9683   3.927533    35.1901       6845     4.7529 0.0000e+00
    164.000    10.9789   3.928701    35.1921       6875     4.7736 0.0000e+00
    163.000    11.0083   3.931578    35.1931       6904     4.7939 0.0000e+00
    162.000    11.0644   3.937136    35.1953       6927     4.8099 0.0000e+00
    161.000    11.0753   3.938377    35.1977       6952     4.8274 0.0000e+00
    160.000    11.1021   3.941369    35.2024       6989     4.8530 0.0000e+00
    159.000    11.1903   3.949719    35.2016       7020     4.8744 0.0000e+00
    158.000    11.3615   3.966567    35.2060       7042     4.8896 0.0000e+00
    157.000    11.4574   3.976234    35.2108       7061     4.9030 0.0000e+00
    156.000    11.5537   3.986065    35.2167       7080     4.9158 0.0000e+00
    155.000    11.6340   3.994456    35.2235       7100     4.9298 0.0000e+00
    154.000    11.6615   3.997651    35.2294       7124     4.9466 0.0000e+00
    153.000    11.8277   4.015871    35.2511       7162     4.9727 0.0000e+00
    152.000    11.8949   4.022678    35.2547       7203     5.0016 0.0000e+00
    151.000    12.0445   4.035737    35.2412       7229     5.0194 0.0000e+00
    150.000    12.0514   4.036851    35.2460       7249     5.0334 0.0000e+00
    149.000    12.0668   4.037215    35.2354       7268     5.0466 0.0000e+00
    148.000    12.0632   4.035859    35.2261       7288     5.0607 0.0000e+00
    147.000    12.0544   4.034445    35.2211       7312     5.0768 0.0000e+00
    146.000    12.0462   4.033427    35.2193       7337     5.0947 0.0000e+00
    145.000    12.0387   4.031878    35.2118       7363     5.1122 0.0000e+00
    144.000    12.0251   4.028800    35.1949       7390     5.1314 0.0000e+00
    143.000    12.0212   4.028151    35.1928       7424     5.1549 0.0000e+00
    142.000    11.9949   4.023078    35.1684       7455     5.1762 0.0000e+00
    141.000    11.9675   4.018356    35.1486       7479     5.1933 0.0000e+00
    140.000    11.9127   4.009164    35.1108       7503     5.2095 0.0000e+00
    139.000    11.8807   4.002781    35.0790       7526     5.2255 0.0000e+00
    138.000    11.8358   3.994054    35.0363       7550     5.2424 0.0000e+00
    137.000    11.7996   3.986735    34.9990       7575     5.2597 0.0000e+00
    136.000    11.7784   3.982082    34.9739       7600     5.2773 0.0000e+00
    135.000    11.7656   3.979152    34.9576       7627     5.2960 0.0000e+00
    134.000    11.7555   3.976863    34.9451       7657     5.3168 0.0000e+00
    133.000    11.7376   3.972606    34.9206       7685     5.3358 0.0000e+00
    132.000    11.7250   3.969855    34.9059       7708     5.3519 0.0000e+00
    131.000    11.7077   3.965885    34.8837       7731     5.3683 0.0000e+00
    130.000    11.6675   3.958062    34.8449       7756     5.3852 0.0000e+00
    129.000    11.6367   3.951841    34.8131       7783     5.4040 0.0000e+00
    128.000    11.6095   3.946666    34.7882       7809     5.4225 0.0000e+00
    127.000    11.5921   3.943433    34.7732       7836     5.4410 0.0000e+00
    126.000    11.5812   3.941402    34.7638       7864     5.4603 0.0000e+00
    125.000    11.5616   3.937487    34.7441       7890     5.4784 0.0000e+00
    124.000    11.5366   3.932582    34.7197       7914     5.4954 0.0000e+00
    123.000    11.5005   3.926006    34.6892       7940     5.5130 0.0000e+00
    122.000    11.4694   3.920332    34.6629       7966     5.5314 0.0000e+00
    121.000    11.4463   3.916408    34.6462       7992     5.5491 0.0000e+00
    120.000    11.4202   3.912453    34.6320       8017     5.5669 0.0000e+00
    119.000    11.3997   3.908977    34.6174       8047     5.5873 0.0000e+00
    118.000    11.3292   3.897982    34.5752       8074     5.6065 0.0000e+00
    117.000    11.2456   3.885561    34.5309       8097     5.6226 0.0000e+00
    116.000    11.0703   3.862291    34.4645       8118     5.6371 0.0000e+00
    115.000    10.9899   3.850527    34.4232       8141     5.6527 0.0000e+00
    114.000    10.9005   3.837105    34.3734       8171     5.6734 0.0000e+00
    113.000    10.8228   3.827117    34.3470       8206     5.6981 0.0000e+00
    112.000    10.6225   3.800831    34.2718       8233     5.7169 0.0000e+00
    111.000    10.5178   3.786132    34.2227       8257     5.7331 0.0000e+00
    110.000    10.5045   3.784368    34.2178       8280     5.7494 0.0000e+00
    109.000    10.4196   3.772662    34.1799       8303     5.7655 0.0000e+00
    108.000    10.0932   3.730656    34.0616       8327     5.7818 0.0000e+00
    107.000     9.8081   3.694317    33.9596       8353     5.8000 0.0000e+00
    106.000     9.5685   3.664330    33.8785       8383     5.8207 0.0000e+00
    105.000     9.3340   3.634509    33.7927       8409     5.8390 0.0000e+00
    104.000     9.1006   3.604310    33.7005       8433     5.8559 0.0000e+00
    103.000     8.9769   3.588720    33.6557       8463     5.8762 0.0000e+00
    102.000     8.9555   3.584140    33.6285       8494     5.8980 0.0000e+00
    101.000     8.6727   3.548775    33.5265       8517     5.9136 0.0000e+00
    100.000     8.4180   3.519210    33.4570       8536     5.9273 0.0000e+00
     99.000     8.3287   3.506681    33.4097       8558     5.9422 0.0000e+00
     98.000     8.3068   3.502873    33.3907       8588     5.9630 0.0000e+00
     97.000     8.2274   3.493998    33.3724       8622     5.9871 0.0000e+00
     96.000     8.2092   3.491407    33.3627       8647     6.0042 0.0000e+00
     95.000     8.1710   3.486438    33.3467       8669     6.0195 0.0000e+00
     94.000     8.1210   3.480727    33.3339       8692     6.0356 0.0000e+00
     93.000     8.0096   3.465752    33.2807       8718     6.0534 0.0000e+00
     92.000     7.8452   3.449665    33.2656       8745     6.0719 0.0000e+00
     91.000     7.6418   3.424255    33.1872       8771     6.0905 0.0000e+00
     90.000     7.5573   3.413333    33.1506       8799     6.1097 0.0000e+00
     89.000     7.5425   3.410391    33.1335       8829     6.1302 0.0000e+00
     88.000     7.4064   3.394602    33.0933       8857     6.1497 0.0000e+00
     87.000     7.3309   3.385609    33.0684       8879     6.1656 0.0000e+00
     86.000     7.2193   3.373426    33.0432       8900     6.1795 0.0000e+00
     85.000     7.1632   3.365418    33.0102       8921     6.1948 0.0000e+00
     84.000     7.0592   3.351572    32.9592       8949     6.2142 0.0000e+00
     83.000     7.0359   3.349378    32.9580       8981     6.2358 0.0000e+00
     82.000     7.0200   3.344851    32.9243       9007     6.2541 0.0000e+00
     81.000     6.9908   3.340513    32.9053       9033     6.2721 0.0000e+00
     80.000     6.9767   3.338707    32.8995       9062     6.2922 0.0000e+00
     79.000     6.9650   3.336290    32.8848       9091     6.3128 0.0000e+00
     78.000     6.9189   3.330398    32.8648       9115     6.3295 0.0000e+00
     77.000     6.8847   3.326381    32.8540       9140     6.3463 0.0000e+00
     76.000     6.8922   3.326597    32.8497       9166     6.3644 0.0000e+00
     75.000     6.8890   3.324935    32.8350       9191     6.3819 0.0000e+00
     74.000     6.8492   3.319976    32.8191       9213     6.3972 0.0000e+00
     73.000     6.7671   3.311713    32.8075       9236     6.4133 0.0000e+00
     72.000     6.7346   3.306266    32.7791       9266     6.4341 0.0000e+00
     71.000     6.6552   3.297905    32.7635       9308     6.4632 0.0000e+00
     70.000     6.5162   3.281750    32.7189       9894     6.8699 0.0000e+00
     69.000     6.5540   3.285963    32.7296       9949     6.9080 0.0000e+00
     68.000     6.5474   3.285205    32.7281       9998     6.9422 0.0000e+00
     67.000     6.5423   3.284539    32.7261      10036     6.9684 0.0000e+00
     66.000     6.5320   3.283420    32.7241      10060     6.9857 0.0000e+00
     65.000     6.5214   3.282315    32.7225      10089     7.0058 0.0000e+00
     64.000     6.4955   3.279682    32.7187      10121     7.0278 0.0000e+00
     63.000     6.4059   3.269990    32.6977      10145     7.0445 0.0000e+00
     62.000     6.3294   3.261560    32.6781      10166     7.0592 0.0000e+00
     61.000     6.3078   3.258601    32.6664      10187     7.0735 0.0000e+00
     60.000     6.2456   3.251020    32.6423      10210     7.0893 0.0000e+00
     59.000     6.1846   3.242571    32.6072      10235     7.1068 0.0000e+00
     58.000     6.0926   3.231079    32.5679      10260     7.1245 0.0000e+00
     57.000     6.0556   3.226441    32.5521      10288     7.1434 0.0000e+00
     56.000     6.0442   3.225428    32.5521      10324     7.1686 0.0000e+00
     55.000     5.9945   3.219150    32.5301      10358     7.1923 0.0000e+00
     54.000     5.8810   3.206752    32.5007      10380     7.2079 0.0000e+00
     53.000     5.8504   3.202816    32.4865      10400     7.2215 0.0000e+00
     52.000     5.7994   3.196655    32.4667      10420     7.2351 0.0000e+00
     51.000     5.7884   3.194965    32.4588      10443     7.2512 0.0000e+00
     50.000     5.7739   3.192380    32.4441      10473     7.2722 0.0000e+00
     49.000     5.7838   3.191914    32.4298      10501     7.2914 0.0000e+00
     48.000     5.8280   3.194154    32.4131      10524     7.3074 0.0000e+00
     47.000     5.8523   3.196102    32.4121      10547     7.3239 0.0000e+00
     46.000     5.8594   3.196778    32.4135      10577     7.3447 0.0000e+00
     45.000     5.8805   3.198294    32.4107      10614     7.3700 0.0000e+00
     44.000     5.9432   3.203402    32.4084      10640     7.3884 0.0000e+00
     43.000     5.9869   3.206653    32.4035      10662     7.4034 0.0000e+00
     42.000     5.9929   3.207136    32.4036      10682     7.4171 0.0000e+00
     41.000     6.0006   3.207586    32.4017      10703     7.4322 0.0000e+00
     40.000     6.0006   3.207286    32.3989      10732     7.4520 0.0000e+00
     39.000     6.0010   3.206908    32.3947      10762     7.4729 0.0000e+00
     38.000     6.0034   3.206000    32.3828      10786     7.4897 0.0000e+00
     37.000     6.0038   3.205747    32.3801      10811     7.5069 0.0000e+00
     36.000     6.0037   3.205740    32.3806      10840     7.5271 0.0000e+00
     35.000     6.0075   3.205901    32.3792      10868     7.5467 0.0000e+00
     34.000     6.0112   3.206121    32.3787      10892     7.5634 0.0000e+00
     33.000     6.0143   3.206331    32.3785      10916     7.5797 0.0000e+00
     32.000     6.0173   3.206521    32.3783      10943     7.5983 0.0000e+00
     31.000     6.0187   3.206504    32.3773      10971     7.6180 0.0000e+00
     30.000     6.0303   3.206540    32.3670      10998     7.6371 0.0000e+00
     29.000     6.0301   3.205568    32.3568      11026     7.6562 0.0000e+00
     28.000     6.0250   3.203579    32.3399      11051     7.6735 0.0000e+00
     27.000     6.0213   3.202162    32.3281      11072     7.6883 0.0000e+00
     26.000     6.0204   3.201540    32.3226      11092     7.7024 0.0000e+00
     25.000     6.0188   3.200765    32.3159      11116     7.7186 0.0000e+00
     24.000     6.0212   3.200411    32.3102      11149     7.7417 0.0000e+00
     23.000     6.0244   3.200607    32.3098      11184     7.7660 0.0000e+00
     22.000     6.0387   3.200750    32.2982      11209     7.7835 0.0000e+00
     21.000     6.0441   3.200916    32.2954      11232     7.7992 0.0000e+00
     20.000     6.0726   3.202383    32.2852      11256     7.8158 0.0000e+00
     19.000     6.0912   3.203476    32.2801      11283     7.8345 0.0000e+00
     18.000     6.1166   3.205023    32.2737      11308     7.8522 0.0000e+00
     17.000     6.1359   3.206198    32.2689      11331     7.8680 0.0000e+00
     16.000     6.1482   3.206912    32.2656      11354     7.8838 0.0000e+00
     15.000     6.1435   3.206660    32.2678      11383     7.9041 0.0000e+00
     14.000     6.1479   3.206820    32.2659      11416     7.9270 0.0000e+00
     13.000     6.1586   3.207386    32.2626      11441     7.9443 0.0000e+00
     12.000     6.1613   3.207560    32.2624      11462     7.9592 0.0000e+00
     11.000     6.1621   3.207597    32.2625      11486     7.9758 0.0000e+00
     10.000     6.1621   3.207555    32.2625      11514     7.9952 0.0000e+00
      9.000     6.1633   3.207602    32.2624      11540     8.0134 0.0000e+00
      8.000     6.1666   3.207807    32.2621      11563     8.0294 0.0000e+00
      7.000     6.1720   3.208219    32.2620      11586     8.0452 0.0000e+00
      6.000     6.1743   3.208424    32.2625      11618     8.0673 0.0000e+00
      5.000     6.1776   3.208663    32.2626      11645     8.0865 0.0000e+00
      4.000     6.1773   3.208616    32.2628      11664     8.0991 0.0000e+00
      3.000     6.1752   3.208424    32.2632      11819     8.2068 0.0000e+00
      2.000     6.1764   3.208491    32.2632      12157     8.4417 0.0000e+00
      1.000     6.1764   3.208435    32.2632      12125     8.4193 0.0000e+00
