HB2402/ctd166.cnv
* Sea-Bird SBE 9 Data File:
* FileName = C:\cruise\data\ctd166.hex
* Software Version Seasave V 7.26.7.121
* Temperature SN = 5253
* Conductivity SN = 4421
* Number of Bytes Per Scan = 37
* Number of Voltage Words = 4
* Number of Scans Averaged by the Deck Unit = 1
* NMEA Latitude = 40 35.19 N
* NMEA Longitude = 067 49.27 W
* NMEA UTC (Time) = Apr 18 2024 02:49:36
* NMEA baud rate = 4800
** Ship: Bigelow HB2304
** Program:  Fall Bottom Trawl Survey
** Chief Scientist: John Galbraith
# nquan = 7
# nvalues = 167                         
# units = specified
# name 0 = depSM: Depth [salt water, m]
# name 1 = t090C: Temperature [ITS-90, deg C]
# name 2 = c0S/m: Conductivity [S/m]
# name 3 = sal00: Salinity, Practical [PSU]
# name 4 = scan: Scan Count
# name 5 = timeM: Time, Elapsed [minutes]
# name 6 = flag: flag
# span 0 =      1.000,     86.000       
# span 1 =     4.2182,     6.2660       
# span 2 =   3.000035,   3.295662       
# span 3 =    31.6257,    33.1071       
# span 4 =         57,       5969       
# span 5 =     0.0391,     4.1446       
# span 6 = 0.0000e+00, 0.0000e+00       
# interval = meters: 1                  
# start_time = Apr 18 2024 02:49:36 [NMEA time, header]
# bad_flag = -9.990e-29
*END*
      5.000     4.9986   3.053072    31.6257         57     0.0391 0.0000e+00
      6.000     4.9855   3.053767    31.6456        307     0.2128 0.0000e+00
      7.000     4.9566   3.053491    31.6695        310     0.2146 0.0000e+00
      8.000     4.8389   3.048776    31.7270        329     0.2276 0.0000e+00
      9.000     4.6289   3.034078    31.7581        350     0.2420 0.0000e+00
     10.000     4.4289   3.013858    31.7152        378     0.2615 0.0000e+00
     11.000     4.3130   3.003410    31.7046        409     0.2836 0.0000e+00
     12.000     4.3194   3.005816    31.7259        436     0.3024 0.0000e+00
     13.000     4.3879   3.012810    31.7409        461     0.3191 0.0000e+00
     14.000     4.3725   3.012269    31.7490        484     0.3356 0.0000e+00
     15.000     4.2519   3.002326    31.7488        511     0.3543 0.0000e+00
     16.000     4.2182   3.000035    31.7540        555     0.3850 0.0000e+00
     17.000     4.2866   3.006799    31.7665        681     0.4725 0.0000e+00
     18.000     4.3401   3.013330    31.7905        709     0.4917 0.0000e+00
     19.000     4.3484   3.015958    31.8127        746     0.5177 0.0000e+00
     20.000     4.3160   3.014349    31.8247        789     0.5471 0.0000e+00
     21.000     4.3553   3.020029    31.8525        812     0.5632 0.0000e+00
     22.000     4.3559   3.021406    31.8674        831     0.5762 0.0000e+00
     23.000     4.3385   3.020799    31.8767        851     0.5900 0.0000e+00
     24.000     4.3379   3.021238    31.8819        877     0.6085 0.0000e+00
     25.000     4.3293   3.020916    31.8859        915     0.6346 0.0000e+00
     26.000     4.3180   3.020256    31.8887        946     0.6560 0.0000e+00
     27.000     4.3135   3.020356    31.8937        966     0.6704 0.0000e+00
     28.000     4.3112   3.020698    31.8993        989     0.6858 0.0000e+00
     29.000     4.3152   3.021505    31.9044       1015     0.7042 0.0000e+00
     30.000     4.3192   3.022924    31.9165       1045     0.7249 0.0000e+00
     31.000     4.3333   3.025403    31.9314       1071     0.7432 0.0000e+00
     32.000     4.3760   3.031022    31.9549       1096     0.7604 0.0000e+00
     33.000     4.4235   3.036696    31.9745       1123     0.7794 0.0000e+00
     34.000     4.4737   3.042428    31.9920       1156     0.8024 0.0000e+00
     35.000     4.5213   3.047819    32.0080       1185     0.8226 0.0000e+00
     36.000     4.5539   3.051648    32.0204       1207     0.8373 0.0000e+00
     37.000     4.5895   3.056332    32.0397       1227     0.8516 0.0000e+00
     38.000     4.6104   3.059193    32.0521       1252     0.8689 0.0000e+00
     39.000     4.6215   3.061459    32.0670       1285     0.8916 0.0000e+00
     40.000     4.6020   3.063261    32.1063       1315     0.9125 0.0000e+00
     41.000     4.6802   3.077548    32.1953       1340     0.9300 0.0000e+00
     42.000     4.8507   3.094860    32.2292       1365     0.9472 0.0000e+00
     43.000     4.9153   3.102037    32.2487       1392     0.9662 0.0000e+00
     44.000     4.9995   3.111388    32.2740       1419     0.9849 0.0000e+00
     45.000     5.0220   3.114239    32.2845       1444     1.0022 0.0000e+00
     46.000     5.0226   3.114510    32.2864       1468     1.0190 0.0000e+00
     47.000     5.0241   3.114867    32.2886       1494     1.0368 0.0000e+00
     48.000     5.0305   3.116222    32.2974       1523     1.0567 0.0000e+00
     49.000     5.0307   3.116601    32.3010       1553     1.0780 0.0000e+00
     50.000     5.0339   3.117263    32.3050       1583     1.0984 0.0000e+00
     51.000     5.0403   3.118345    32.3108       1609     1.1166 0.0000e+00
     52.000     5.0536   3.120402    32.3210       1633     1.1336 0.0000e+00
     53.000     5.0746   3.123310    32.3335       1657     1.1501 0.0000e+00
     54.000     5.0817   3.124248    32.3368       1680     1.1662 0.0000e+00
     55.000     5.0888   3.125297    32.3414       1704     1.1830 0.0000e+00
     56.000     5.0958   3.126254    32.3451       1733     1.2027 0.0000e+00
     57.000     5.0983   3.126672    32.3469       1766     1.2259 0.0000e+00
     58.000     5.1002   3.127029    32.3487       1794     1.2455 0.0000e+00
     59.000     5.1042   3.127631    32.3512       1820     1.2630 0.0000e+00
     60.000     5.1053   3.127842    32.3521       1843     1.2789 0.0000e+00
     61.000     5.1061   3.128012    32.3527       1868     1.2965 0.0000e+00
     62.000     5.1074   3.128238    32.3536       1900     1.3184 0.0000e+00
     63.000     5.1119   3.128997    32.3574       1932     1.3410 0.0000e+00
     64.000     5.1239   3.130728    32.3650       1957     1.3583 0.0000e+00
     65.000     5.1237   3.130762    32.3651       1978     1.3729 0.0000e+00
     66.000     5.1256   3.131051    32.3661       1999     1.3877 0.0000e+00
     67.000     5.1275   3.131392    32.3677       2023     1.4042 0.0000e+00
     68.000     5.1279   3.131483    32.3678       2050     1.4227 0.0000e+00
     69.000     5.1285   3.131639    32.3685       2077     1.4420 0.0000e+00
     70.000     5.1304   3.131986    32.3702       2108     1.4629 0.0000e+00
     71.000     5.1324   3.132380    32.3722       2142     1.4868 0.0000e+00
     72.000     5.1336   3.132648    32.3736       2173     1.5083 0.0000e+00
     73.000     5.1409   3.133925    32.3807       2198     1.5256 0.0000e+00
     74.000     5.1472   3.135117    32.3877       2222     1.5423 0.0000e+00
     75.000     5.1544   3.136428    32.3952       2246     1.5592 0.0000e+00
     76.000     5.1778   3.140255    32.4157       2271     1.5761 0.0000e+00
     77.000     5.3260   3.161662    32.5156       2293     1.5919 0.0000e+00
     78.000     5.2851   3.154964    32.4785       2315     1.6068 0.0000e+00
     79.000     5.2718   3.153504    32.4742       2337     1.6223 0.0000e+00
     80.000     5.2788   3.155004    32.4840       2367     1.6430 0.0000e+00
     81.000     5.3418   3.163905    32.5238       2414     1.6758 0.0000e+00
     82.000     5.5334   3.193086    32.6684       2444     1.6963 0.0000e+00
     83.000     5.7956   3.229536    32.8252       2462     1.7092 0.0000e+00
     84.000     5.9894   3.256985    32.9447       2481     1.7221 0.0000e+00
     85.000     6.1023   3.272439    33.0074       2503     1.7372 0.0000e+00
     86.000     6.2660   3.295662    33.1071       2532     1.7575 0.0000e+00
     85.000     6.0777   3.270540    33.0102       3213     2.2307 0.0000e+00
     84.000     6.0695   3.268829    32.9995       3279     2.2764 0.0000e+00
     83.000     5.9926   3.258040    32.9539       3291     2.2847 0.0000e+00
     82.000     5.9081   3.246160    32.9032       3315     2.3016 0.0000e+00
     81.000     5.8193   3.233149    32.8438       3342     2.3203 0.0000e+00
     80.000     5.6939   3.217309    32.7877       3370     2.3399 0.0000e+00
     79.000     5.6025   3.202385    32.7083       3394     2.3566 0.0000e+00
     78.000     5.4809   3.185153    32.6316       3418     2.3726 0.0000e+00
     77.000     5.3998   3.173969    32.5840       3443     2.3899 0.0000e+00
     76.000     5.4106   3.175304    32.5891       3471     2.4096 0.0000e+00
     75.000     5.3100   3.160598    32.5200       3498     2.4282 0.0000e+00
     74.000     5.2252   3.147505    32.4536       3522     2.4451 0.0000e+00
     73.000     5.1965   3.143145    32.4321       3545     2.4614 0.0000e+00
     72.000     5.2181   3.145384    32.4372       3570     2.4787 0.0000e+00
     71.000     5.1922   3.142056    32.4248       3599     2.4986 0.0000e+00
     70.000     5.1781   3.139060    32.4047       3629     2.5194 0.0000e+00
     69.000     5.1502   3.135206    32.3883       3654     2.5371 0.0000e+00
     68.000     5.1399   3.133626    32.3807       3677     2.5529 0.0000e+00
     67.000     5.1442   3.134005    32.3814       3701     2.5695 0.0000e+00
     66.000     5.1466   3.134409    32.3841       3728     2.5880 0.0000e+00
     65.000     5.1442   3.133646    32.3783       3754     2.6063 0.0000e+00
     64.000     5.1329   3.132190    32.3730       3780     2.6242 0.0000e+00
     63.000     5.1309   3.131893    32.3721       3806     2.6421 0.0000e+00
     62.000     5.1291   3.131552    32.3704       3830     2.6592 0.0000e+00
     61.000     5.1214   3.130395    32.3651       3854     2.6757 0.0000e+00
     60.000     5.1198   3.130123    32.3641       3882     2.6950 0.0000e+00
     59.000     5.1200   3.130142    32.3647       3915     2.7179 0.0000e+00
     58.000     5.1162   3.129374    32.3600       3943     2.7377 0.0000e+00
     57.000     5.1109   3.128658    32.3575       3964     2.7523 0.0000e+00
     56.000     5.1095   3.128454    32.3570       3984     2.7661 0.0000e+00
     55.000     5.1042   3.127744    32.3545       4004     2.7802 0.0000e+00
     54.000     5.1025   3.127509    32.3539       4029     2.7969 0.0000e+00
     53.000     5.1018   3.127279    32.3525       4060     2.8189 0.0000e+00
     52.000     5.0924   3.125928    32.3467       4098     2.8449 0.0000e+00
     51.000     5.0905   3.125668    32.3460       4127     2.8651 0.0000e+00
     50.000     5.0908   3.125477    32.3440       4148     2.8801 0.0000e+00
     49.000     5.0624   3.121791    32.3299       4168     2.8935 0.0000e+00
     48.000     5.0610   3.121295    32.3261       4188     2.9078 0.0000e+00
     47.000     5.0562   3.120578    32.3230       4212     2.9243 0.0000e+00
     46.000     5.0463   3.119173    32.3170       4241     2.9446 0.0000e+00
     45.000     5.0413   3.118266    32.3119       4272     2.9658 0.0000e+00
     44.000     5.0376   3.117397    32.3060       4298     2.9842 0.0000e+00
     43.000     5.0354   3.116917    32.3031       4322     3.0009 0.0000e+00
     42.000     5.0300   3.116237    32.3011       4349     3.0195 0.0000e+00
     41.000     5.0213   3.115111    32.2971       4377     3.0392 0.0000e+00
     40.000     4.9966   3.112318    32.2895       4406     3.0592 0.0000e+00
     39.000     4.9973   3.111899    32.2845       4437     3.0804 0.0000e+00
     38.000     4.9794   3.109949    32.2800       4465     3.0997 0.0000e+00
     37.000     4.9179   3.103601    32.2671       4494     3.1200 0.0000e+00
     36.000     4.8358   3.092557    32.2201       4527     3.1429 0.0000e+00
     35.000     4.8004   3.087017    32.1911       4562     3.1677 0.0000e+00
     34.000     4.7029   3.071285    32.1044       4592     3.1885 0.0000e+00
     33.000     4.6810   3.067523    32.0827       4620     3.2075 0.0000e+00
     32.000     4.6189   3.060495    32.0620       4650     3.2287 0.0000e+00
     31.000     4.5587   3.053758    32.0427       4681     3.2500 0.0000e+00
     30.000     4.5049   3.046864    32.0153       4707     3.2684 0.0000e+00
     29.000     4.5034   3.046156    32.0090       4734     3.2867 0.0000e+00
     28.000     4.4624   3.041673    31.9972       4764     3.3074 0.0000e+00
     27.000     4.3736   3.030216    31.9504       4792     3.3269 0.0000e+00
     26.000     4.3494   3.026690    31.9333       4817     3.3441 0.0000e+00
     25.000     4.3558   3.027208    31.9336       4840     3.3607 0.0000e+00
     24.000     4.3540   3.026253    31.9247       4865     3.3780 0.0000e+00
     23.000     4.3386   3.024234    31.9166       4890     3.3952 0.0000e+00
     22.000     4.3386   3.023134    31.9043       4914     3.4120 0.0000e+00
     21.000     4.3365   3.021899    31.8924       4940     3.4297 0.0000e+00
     20.000     4.3369   3.021685    31.8901       4970     3.4509 0.0000e+00
     19.000     4.3375   3.021900    31.8925       5001     3.4723 0.0000e+00
     18.000     4.3533   3.021923    31.8780       5025     3.4888 0.0000e+00
     17.000     4.3500   3.021299    31.8744       5046     3.5036 0.0000e+00
     16.000     4.3458   3.019742    31.8608       5070     3.5202 0.0000e+00
     15.000     4.3407   3.017574    31.8410       5105     3.5444 0.0000e+00
     14.000     4.3179   3.013728    31.8187       5145     3.5720 0.0000e+00
     13.000     4.2649   3.006044    31.7807       5178     3.5948 0.0000e+00
     12.000     4.2587   3.003654    31.7592       5216     3.6215 0.0000e+00
     11.000     4.3220   3.007549    31.7441       5254     3.6479 0.0000e+00
     10.000     4.3442   3.009105    31.7414       5286     3.6701 0.0000e+00
      9.000     4.3276   3.006286    31.7250       5313     3.6888 0.0000e+00
      8.000     4.3375   3.005012    31.7011       5339     3.7067 0.0000e+00
      7.000     4.4079   3.009455    31.6856       5371     3.7295 0.0000e+00
      6.000     4.7395   3.033795    31.6504       5416     3.7603 0.0000e+00
      5.000     4.7611   3.035319    31.6479       5449     3.7831 0.0000e+00
      4.000     4.8682   3.043690    31.6427       5476     3.8022 0.0000e+00
      3.000     5.0626   3.060414    31.6500       5663     3.9322 0.0000e+00
      2.000     5.0854   3.062664    31.6545       5895     4.0928 0.0000e+00
      1.000     5.0832   3.062448    31.6547       5969     4.1446 0.0000e+00
