HB2402/ctd147.cnv
* Sea-Bird SBE 9 Data File:
* FileName = C:\cruise\data\ctd147.hex
* Software Version Seasave V 7.26.7.121
* Temperature SN = 5253
* Conductivity SN = 4421
* Number of Bytes Per Scan = 37
* Number of Voltage Words = 4
* Number of Scans Averaged by the Deck Unit = 1
* NMEA Latitude = 42 28.96 N
* NMEA Longitude = 070 45.45 W
* NMEA UTC (Time) = Apr 14 2024 04:48:37
* NMEA baud rate = 4800
** Ship: Bigelow HB2304
** Program:  Fall Bottom Trawl Survey
** Chief Scientist: John Galbraith
# nquan = 7
# nvalues = 75                          
# units = specified
# name 0 = depSM: Depth [salt water, m]
# name 1 = t090C: Temperature [ITS-90, deg C]
# name 2 = c0S/m: Conductivity [S/m]
# name 3 = sal00: Salinity, Practical [PSU]
# name 4 = scan: Scan Count
# name 5 = timeM: Time, Elapsed [minutes]
# name 6 = flag: flag
# span 0 =      1.000,     39.000       
# span 1 =     4.8627,     6.1006       
# span 2 =   2.988061,   3.026314       
# span 3 =    30.2558,    31.1065       
# span 4 =       -186,       3760       
# span 5 =    -0.1300,     2.6103       
# span 6 = 0.0000e+00, 0.0000e+00       
# interval = meters: 1                  
# start_time = Apr 14 2024 04:48:37 [NMEA time, header]
# bad_flag = -9.990e-29
*END*
      3.000     6.0941   3.026314    30.3161       -186    -0.1300 0.0000e+00
      4.000     6.0953   3.021797    30.2645        251     0.1734 0.0000e+00
      5.000     6.0900   3.021687    30.2675        276     0.1912 0.0000e+00
      6.000     6.0881   3.021643    30.2683        310     0.2145 0.0000e+00
      7.000     6.0867   3.021664    30.2693        347     0.2406 0.0000e+00
      8.000     6.0906   3.021853    30.2675        388     0.2684 0.0000e+00
      9.000     6.0871   3.021796    30.2695        424     0.2938 0.0000e+00
     10.000     6.0867   3.021801    30.2694        459     0.3177 0.0000e+00
     11.000     6.0815   3.021677    30.2723        493     0.3414 0.0000e+00
     12.000     6.0742   3.021512    30.2764        523     0.3623 0.0000e+00
     13.000     6.0430   3.020214    30.2895        551     0.3822 0.0000e+00
     14.000     6.0309   3.019684    30.2939        584     0.4048 0.0000e+00
     15.000     6.0125   3.018840    30.3006        624     0.4326 0.0000e+00
     16.000     6.0154   3.018884    30.2980        660     0.4576 0.0000e+00
     17.000     5.9525   3.016940    30.3324        692     0.4801 0.0000e+00
     18.000     5.6852   3.008533    30.4787        727     0.5041 0.0000e+00
     19.000     5.6435   3.007178    30.5009        764     0.5299 0.0000e+00
     20.000     5.5701   3.004863    30.5410        794     0.5508 0.0000e+00
     21.000     5.2353   2.994538    30.7299        821     0.5692 0.0000e+00
     22.000     5.1684   2.991193    30.7530        851     0.5902 0.0000e+00
     23.000     5.1140   2.989475    30.7831        891     0.6179 0.0000e+00
     24.000     5.0598   2.988570    30.8223        931     0.6462 0.0000e+00
     25.000     5.0300   2.989804    30.8635        963     0.6680 0.0000e+00
     26.000     4.9813   2.992060    30.9339        994     0.6894 0.0000e+00
     27.000     4.9391   2.993878    30.9935       1027     0.7124 0.0000e+00
     28.000     4.9226   2.994669    31.0174       1062     0.7365 0.0000e+00
     29.000     4.9013   2.995125    31.0420       1093     0.7586 0.0000e+00
     30.000     4.8891   2.994853    31.0498       1123     0.7794 0.0000e+00
     31.000     4.8807   2.994541    31.0536       1156     0.8021 0.0000e+00
     32.000     4.8753   2.994435    31.0569       1190     0.8258 0.0000e+00
     33.000     4.8764   2.994953    31.0613       1224     0.8495 0.0000e+00
     34.000     4.8775   2.995514    31.0663       1258     0.8731 0.0000e+00
     35.000     4.8769   2.995789    31.0694       1294     0.8983 0.0000e+00
     36.000     4.8722   2.996352    31.0798       1329     0.9221 0.0000e+00
     37.000     4.8640   2.996157    31.0847       1359     0.9433 0.0000e+00
     38.000     4.8627   2.997118    31.0965       1388     0.9633 0.0000e+00
     39.000     4.8663   2.998325    31.1065       1924     1.3357 0.0000e+00
     38.000     4.8676   2.997781    31.0996       2346     1.6283 0.0000e+00
     37.000     4.8674   2.997622    31.0983       2335     1.6211 0.0000e+00
     36.000     4.8654   2.996433    31.0871       2362     1.6398 0.0000e+00
     35.000     4.8688   2.996193    31.0817       2390     1.6590 0.0000e+00
     34.000     4.8744   2.995946    31.0741       2419     1.6794 0.0000e+00
     33.000     4.8776   2.995427    31.0656       2447     1.6985 0.0000e+00
     32.000     4.8779   2.994996    31.0609       2470     1.7149 0.0000e+00
     31.000     4.8810   2.994763    31.0558       2493     1.7308 0.0000e+00
     30.000     4.8847   2.994620    31.0512       2517     1.7473 0.0000e+00
     29.000     4.8940   2.994468    31.0413       2543     1.7654 0.0000e+00
     28.000     4.9099   2.994050    31.0222       2571     1.7850 0.0000e+00
     27.000     4.9456   2.992648    30.9733       2600     1.8049 0.0000e+00
     26.000     4.9731   2.990929    30.9286       2628     1.8240 0.0000e+00
     25.000     5.0134   2.988327    30.8620       2652     1.8412 0.0000e+00
     24.000     5.0630   2.988061    30.8136       2677     1.8586 0.0000e+00
     23.000     5.1089   2.989074    30.7832       2703     1.8761 0.0000e+00
     22.000     5.2216   2.992032    30.7136       2728     1.8938 0.0000e+00
     21.000     5.3073   2.995031    30.6694       2753     1.9108 0.0000e+00
     20.000     5.4451   2.999362    30.5928       2778     1.9281 0.0000e+00
     19.000     5.5768   3.002694    30.5110       2804     1.9465 0.0000e+00
     18.000     5.6226   3.004131    30.4861       2831     1.9656 0.0000e+00
     17.000     5.7227   3.007240    30.4309       2859     1.9845 0.0000e+00
     16.000     5.8508   3.011116    30.3592       2885     2.0026 0.0000e+00
     15.000     5.9666   3.015340    30.3028       2911     2.0206 0.0000e+00
     14.000     6.0317   3.018357    30.2785       2938     2.0398 0.0000e+00
     13.000     6.0560   3.019531    30.2703       2968     2.0602 0.0000e+00
     12.000     6.0648   3.019782    30.2657       2995     2.0792 0.0000e+00
     11.000     6.0723   3.020134    30.2633       3021     2.0975 0.0000e+00
     10.000     6.0812   3.020612    30.2612       3047     2.1149 0.0000e+00
      9.000     6.0870   3.020855    30.2591       3076     2.1353 0.0000e+00
      8.000     6.0936   3.021177    30.2573       3121     2.1667 0.0000e+00
      7.000     6.0912   3.021038    30.2583       3168     2.1991 0.0000e+00
      6.000     6.0944   3.021216    30.2579       3202     2.2230 0.0000e+00
      5.000     6.1006   3.021499    30.2560       3240     2.2492 0.0000e+00
      4.000     6.0999   3.021386    30.2558       3279     2.2762 0.0000e+00
      3.000     6.0973   3.021456    30.2594       3482     2.4171 0.0000e+00
      2.000     6.0954   3.021331    30.2602       3719     2.5822 0.0000e+00
      1.000     6.1006   3.021606    30.2590       3760     2.6103 0.0000e+00
