HB2402/ctd162.cnv
* Sea-Bird SBE 9 Data File:
* FileName = C:\cruise\data\ctd162.hex
* Software Version Seasave V 7.26.7.121
* Temperature SN = 5253
* Conductivity SN = 4421
* Number of Bytes Per Scan = 37
* Number of Voltage Words = 4
* Number of Scans Averaged by the Deck Unit = 1
* NMEA Latitude = 41 24.60 N
* NMEA Longitude = 068 28.13 W
* NMEA UTC (Time) = Apr 17 2024 00:03:13
* NMEA baud rate = 4800
** Ship: Bigelow HB2304
** Program:  Fall Bottom Trawl Survey
** Chief Scientist: John Galbraith
# nquan = 7
# nvalues = 146                         
# units = specified
# name 0 = depSM: Depth [salt water, m]
# name 1 = t090C: Temperature [ITS-90, deg C]
# name 2 = c0S/m: Conductivity [S/m]
# name 3 = sal00: Salinity, Practical [PSU]
# name 4 = scan: Scan Count
# name 5 = timeM: Time, Elapsed [minutes]
# name 6 = flag: flag
# span 0 =      1.000,     75.000       
# span 1 =     5.9560,     7.3840       
# span 2 =   3.172185,   3.278916       
# span 3 =    31.6647,    32.0484       
# span 4 =        220,       5344       
# span 5 =     0.1524,     3.7106       
# span 6 = 0.0000e+00, 0.0000e+00       
# interval = meters: 1                  
# start_time = Apr 17 2024 00:03:13 [NMEA time, header]
# bad_flag = -9.990e-29
*END*
      4.000     7.3329   3.252361    31.6647        220     0.1524 0.0000e+00
      5.000     7.3433   3.264124    31.7817        417     0.2888 0.0000e+00
      6.000     7.3840   3.272506    31.8341        438     0.3034 0.0000e+00
      7.000     7.2383   3.269549    31.9360        465     0.3224 0.0000e+00
      8.000     7.1651   3.264653    31.9502        501     0.3470 0.0000e+00
      9.000     6.6988   3.228506    31.9891        533     0.3692 0.0000e+00
     10.000     6.6435   3.222871    31.9783        555     0.3848 0.0000e+00
     11.000     6.5021   3.211263    31.9823        577     0.4002 0.0000e+00
     12.000     6.4678   3.208099    31.9791        600     0.4160 0.0000e+00
     13.000     6.3186   3.196792    31.9935        625     0.4330 0.0000e+00
     14.000     6.2238   3.189679    32.0033        651     0.4511 0.0000e+00
     15.000     6.2122   3.188692    32.0028        676     0.4691 0.0000e+00
     16.000     6.2089   3.188411    32.0023        703     0.4872 0.0000e+00
     17.000     6.2031   3.188017    32.0029        730     0.5061 0.0000e+00
     18.000     6.1648   3.185525    32.0108        762     0.5282 0.0000e+00
     19.000     6.1041   3.181377    32.0214        794     0.5509 0.0000e+00
     20.000     6.0895   3.180288    32.0226        823     0.5710 0.0000e+00
     21.000     6.0786   3.179514    32.0237        846     0.5866 0.0000e+00
     22.000     6.0461   3.177450    32.0309        865     0.5999 0.0000e+00
     23.000     6.0049   3.174990    32.0419        883     0.6124 0.0000e+00
     24.000     5.9969   3.174487    32.0434        903     0.6264 0.0000e+00
     25.000     5.9782   3.173373    32.0482        934     0.6481 0.0000e+00
     26.000     5.9749   3.173077    32.0475        983     0.6823 0.0000e+00
     27.000     5.9745   3.173028    32.0469       1015     0.7045 0.0000e+00
     28.000     5.9741   3.173023    32.0467       1037     0.7196 0.0000e+00
     29.000     5.9736   3.173027    32.0467       1056     0.7325 0.0000e+00
     30.000     5.9746   3.173094    32.0460       1075     0.7460 0.0000e+00
     31.000     5.9762   3.173217    32.0454       1096     0.7604 0.0000e+00
     32.000     5.9734   3.173080    32.0460       1120     0.7770 0.0000e+00
     33.000     5.9716   3.172984    32.0462       1151     0.7989 0.0000e+00
     34.000     5.9702   3.172922    32.0463       1196     0.8296 0.0000e+00
     35.000     5.9698   3.172921    32.0463       1229     0.8525 0.0000e+00
     36.000     5.9683   3.172857    32.0465       1250     0.8675 0.0000e+00
     37.000     5.9629   3.172605    32.0482       1269     0.8803 0.0000e+00
     38.000     5.9626   3.172626    32.0483       1287     0.8928 0.0000e+00
     39.000     5.9631   3.172680    32.0479       1306     0.9060 0.0000e+00
     40.000     5.9619   3.172630    32.0480       1332     0.9244 0.0000e+00
     41.000     5.9624   3.172678    32.0476       1376     0.9551 0.0000e+00
     42.000     5.9627   3.172727    32.0474       1413     0.9805 0.0000e+00
     43.000     5.9620   3.172737    32.0477       1435     0.9962 0.0000e+00
     44.000     5.9627   3.172822    32.0474       1455     1.0098 0.0000e+00
     45.000     5.9631   3.172889    32.0473       1474     1.0233 0.0000e+00
     46.000     5.9621   3.172866    32.0475       1496     1.0381 0.0000e+00
     47.000     5.9598   3.172740    32.0478       1521     1.0552 0.0000e+00
     48.000     5.9569   3.172571    32.0482       1558     1.0815 0.0000e+00
     49.000     5.9592   3.172754    32.0476       1604     1.1134 0.0000e+00
     50.000     5.9602   3.172864    32.0474       1629     1.1307 0.0000e+00
     51.000     5.9565   3.172683    32.0484       1647     1.1432 0.0000e+00
     52.000     5.9565   3.172724    32.0484       1663     1.1543 0.0000e+00
     53.000     5.9560   3.172723    32.0483       1680     1.1663 0.0000e+00
     54.000     5.9564   3.172787    32.0481       1703     1.1819 0.0000e+00
     55.000     5.9569   3.172845    32.0479       1741     1.2086 0.0000e+00
     56.000     5.9575   3.172916    32.0476       1782     1.2370 0.0000e+00
     57.000     5.9577   3.172984    32.0477       1810     1.2565 0.0000e+00
     58.000     5.9572   3.172994    32.0478       1835     1.2738 0.0000e+00
     59.000     5.9571   3.173026    32.0478       1859     1.2903 0.0000e+00
     60.000     5.9566   3.173045    32.0479       1881     1.3057 0.0000e+00
     61.000     5.9570   3.173101    32.0477       1903     1.3205 0.0000e+00
     62.000     5.9562   3.173081    32.0478       1924     1.3357 0.0000e+00
     63.000     5.9565   3.173138    32.0477       1951     1.3541 0.0000e+00
     64.000     5.9564   3.173172    32.0476       1990     1.3810 0.0000e+00
     65.000     5.9566   3.173234    32.0477       2028     1.4077 0.0000e+00
     66.000     5.9566   3.173292    32.0478       2053     1.4249 0.0000e+00
     67.000     5.9569   3.173347    32.0477       2070     1.4366 0.0000e+00
     68.000     5.9570   3.173397    32.0476       2088     1.4491 0.0000e+00
     69.000     5.9571   3.173445    32.0476       2110     1.4644 0.0000e+00
     70.000     5.9575   3.173496    32.0474       2154     1.4953 0.0000e+00
     71.000     5.9575   3.173557    32.0475       2196     1.5242 0.0000e+00
     72.000     5.9574   3.173606    32.0477       2216     1.5384 0.0000e+00
     73.000     5.9573   3.173636    32.0476       2235     1.5512 0.0000e+00
     74.000     5.9572   3.173654    32.0474       2255     1.5656 0.0000e+00
     75.000     5.9579   3.173738    32.0472       2297     1.5945 0.0000e+00
     74.000     5.9579   3.173701    32.0472       2689     1.8668 0.0000e+00
     73.000     5.9584   3.173697    32.0472       2954     2.0505 0.0000e+00
     72.000     5.9585   3.173653    32.0472       2960     2.0547 0.0000e+00
     71.000     5.9582   3.173581    32.0471       2980     2.0685 0.0000e+00
     70.000     5.9581   3.173525    32.0471       2999     2.0818 0.0000e+00
     69.000     5.9580   3.173470    32.0470       3019     2.0958 0.0000e+00
     68.000     5.9577   3.173420    32.0472       3043     2.1122 0.0000e+00
     67.000     5.9576   3.173365    32.0472       3070     2.1316 0.0000e+00
     66.000     5.9575   3.173321    32.0472       3102     2.1535 0.0000e+00
     65.000     5.9575   3.173276    32.0472       3140     2.1798 0.0000e+00
     64.000     5.9579   3.173259    32.0472       3172     2.2023 0.0000e+00
     63.000     5.9578   3.173195    32.0470       3192     2.2161 0.0000e+00
     62.000     5.9576   3.173146    32.0472       3210     2.2286 0.0000e+00
     61.000     5.9576   3.173091    32.0471       3227     2.2401 0.0000e+00
     60.000     5.9574   3.173053    32.0473       3244     2.2522 0.0000e+00
     59.000     5.9570   3.172987    32.0474       3266     2.2673 0.0000e+00
     58.000     5.9565   3.172897    32.0473       3305     2.2941 0.0000e+00
     57.000     5.9571   3.172875    32.0471       3355     2.3291 0.0000e+00
     56.000     5.9577   3.172872    32.0470       3378     2.3453 0.0000e+00
     55.000     5.9578   3.172846    32.0470       3398     2.3588 0.0000e+00
     54.000     5.9582   3.172840    32.0471       3415     2.3710 0.0000e+00
     53.000     5.9582   3.172806    32.0471       3434     2.3840 0.0000e+00
     52.000     5.9581   3.172759    32.0472       3455     2.3983 0.0000e+00
     51.000     5.9580   3.172703    32.0472       3480     2.4160 0.0000e+00
     50.000     5.9579   3.172653    32.0472       3516     2.4408 0.0000e+00
     49.000     5.9584   3.172638    32.0470       3553     2.4663 0.0000e+00
     48.000     5.9585   3.172591    32.0469       3580     2.4854 0.0000e+00
     47.000     5.9584   3.172552    32.0471       3603     2.5013 0.0000e+00
     46.000     5.9585   3.172500    32.0469       3624     2.5162 0.0000e+00
     45.000     5.9585   3.172461    32.0469       3645     2.5308 0.0000e+00
     44.000     5.9586   3.172423    32.0469       3667     2.5459 0.0000e+00
     43.000     5.9589   3.172406    32.0469       3693     2.5637 0.0000e+00
     42.000     5.9590   3.172364    32.0468       3725     2.5861 0.0000e+00
     41.000     5.9602   3.172393    32.0465       3758     2.6090 0.0000e+00
     40.000     5.9622   3.172472    32.0459       3784     2.6268 0.0000e+00
     39.000     5.9618   3.172400    32.0460       3806     2.6427 0.0000e+00
     38.000     5.9621   3.172375    32.0460       3829     2.6587 0.0000e+00
     37.000     5.9624   3.172356    32.0459       3854     2.6754 0.0000e+00
     36.000     5.9631   3.172350    32.0457       3879     2.6929 0.0000e+00
     35.000     5.9630   3.172295    32.0457       3905     2.7114 0.0000e+00
     34.000     5.9632   3.172269    32.0456       3934     2.7311 0.0000e+00
     33.000     5.9642   3.172268    32.0452       3963     2.7513 0.0000e+00
     32.000     5.9644   3.172238    32.0452       3991     2.7705 0.0000e+00
     31.000     5.9646   3.172200    32.0450       4015     2.7873 0.0000e+00
     30.000     5.9651   3.172185    32.0448       4037     2.8025 0.0000e+00
     29.000     5.9680   3.172317    32.0441       4059     2.8178 0.0000e+00
     28.000     5.9713   3.172464    32.0431       4084     2.8351 0.0000e+00
     27.000     5.9733   3.172542    32.0426       4115     2.8569 0.0000e+00
     26.000     5.9778   3.172766    32.0413       4148     2.8799 0.0000e+00
     25.000     5.9882   3.173309    32.0380       4173     2.8975 0.0000e+00
     24.000     5.9936   3.173575    32.0364       4194     2.9119 0.0000e+00
     23.000     5.9961   3.173682    32.0357       4214     2.9255 0.0000e+00
     22.000     5.9994   3.173858    32.0350       4236     2.9411 0.0000e+00
     21.000     6.0202   3.175142    32.0302       4268     2.9634 0.0000e+00
     20.000     6.0388   3.176116    32.0240       4304     2.9884 0.0000e+00
     19.000     6.0694   3.178012    32.0167       4330     3.0060 0.0000e+00
     18.000     6.0956   3.179711    32.0113       4350     3.0204 0.0000e+00
     17.000     6.1239   3.181652    32.0067       4370     3.0343 0.0000e+00
     16.000     6.1731   3.184994    31.9980       4393     3.0498 0.0000e+00
     15.000     6.1959   3.186522    31.9941       4424     3.0712 0.0000e+00
     14.000     6.2322   3.188905    31.9868       4461     3.0972 0.0000e+00
     13.000     6.5004   3.208342    31.9507       4491     3.1178 0.0000e+00
     12.000     6.8159   3.233203    31.9299       4518     3.1371 0.0000e+00
     11.000     6.8701   3.238228    31.9348       4547     3.1570 0.0000e+00
     10.000     6.9278   3.242950    31.9333       4575     3.1765 0.0000e+00
      9.000     7.0152   3.249774    31.9270       4606     3.1977 0.0000e+00
      8.000     7.1160   3.257619    31.9193       4638     3.2201 0.0000e+00
      7.000     7.1643   3.261668    31.9191       4670     3.2427 0.0000e+00
      6.000     7.2442   3.267953    31.9137       4707     3.2683 0.0000e+00
      5.000     7.3076   3.272627    31.9063       4746     3.2950 0.0000e+00
      4.000     7.3295   3.274588    31.9077       4778     3.3172 0.0000e+00
      3.000     7.3694   3.278916    31.9181       5212     3.6187 0.0000e+00
      2.000     7.3343   3.276209    31.9217       5307     3.6848 0.0000e+00
      1.000     7.3262   3.275337    31.9202       5344     3.7106 0.0000e+00
