HB2402/ctd137.cnv
* Sea-Bird SBE 9 Data File:
* FileName = C:\cruise\data\ctd137.hex
* Software Version Seasave V 7.26.7.121
* Temperature SN = 5253
* Conductivity SN = 4421
* Number of Bytes Per Scan = 37
* Number of Voltage Words = 4
* Number of Scans Averaged by the Deck Unit = 1
* NMEA Latitude = 42 00.92 N
* NMEA Longitude = 070 27.68 W
* NMEA UTC (Time) = Apr 13 2024 05:48:34
* NMEA baud rate = 4800
** Ship: Bigelow HB2304
** Program:  Fall Bottom Trawl Survey
** Chief Scientist: John Galbraith
# nquan = 7
# nvalues = 79                          
# units = specified
# name 0 = depSM: Depth [salt water, m]
# name 1 = t090C: Temperature [ITS-90, deg C]
# name 2 = c0S/m: Conductivity [S/m]
# name 3 = sal00: Salinity, Practical [PSU]
# name 4 = scan: Scan Count
# name 5 = timeM: Time, Elapsed [minutes]
# name 6 = flag: flag
# span 0 =      1.000,     41.000       
# span 1 =     4.9844,     5.6206       
# span 2 =   2.987938,   3.034042       
# span 3 =    30.4412,    30.9417       
# span 4 =       -468,       3268       
# span 5 =    -0.3255,     2.2687       
# span 6 = 0.0000e+00, 0.0000e+00       
# interval = meters: 1                  
# start_time = Apr 13 2024 05:48:34 [NMEA time, header]
# bad_flag = -9.990e-29
*END*
      3.000     5.6206   3.034042    30.8311       -468    -0.3255 0.0000e+00
      4.000     5.4993   2.996591    30.5199        472     0.3268 0.0000e+00
      5.000     5.5409   2.998271    30.5005        239     0.1650 0.0000e+00
      6.000     5.5412   2.996538    30.4803        261     0.1807 0.0000e+00
      7.000     5.5414   2.995657    30.4698        286     0.1977 0.0000e+00
      8.000     5.5417   2.994553    30.4566        313     0.2168 0.0000e+00
      9.000     5.5418   2.993848    30.4482        339     0.2347 0.0000e+00
     10.000     5.5420   2.993666    30.4455        364     0.2524 0.0000e+00
     11.000     5.5421   2.993630    30.4444        391     0.2706 0.0000e+00
     12.000     5.5424   2.993630    30.4437        418     0.2893 0.0000e+00
     13.000     5.5443   2.993992    30.4456        444     0.3079 0.0000e+00
     14.000     5.5445   2.994068    30.4458        471     0.3261 0.0000e+00
     15.000     5.5447   2.994148    30.4461        497     0.3441 0.0000e+00
     16.000     5.5450   2.994291    30.4469        523     0.3626 0.0000e+00
     17.000     5.5438   2.994278    30.4473        550     0.3809 0.0000e+00
     18.000     5.5437   2.994273    30.4469        576     0.3993 0.0000e+00
     19.000     5.5436   2.994475    30.4488        602     0.4175 0.0000e+00
     20.000     5.5430   2.994780    30.4523        629     0.4363 0.0000e+00
     21.000     5.5430   2.995065    30.4551        657     0.4555 0.0000e+00
     22.000     5.5426   2.995139    30.4557        684     0.4746 0.0000e+00
     23.000     5.5424   2.995696    30.4618        712     0.4935 0.0000e+00
     24.000     5.5373   2.996391    30.4737        738     0.5117 0.0000e+00
     25.000     5.5333   2.996675    30.4801        763     0.5294 0.0000e+00
     26.000     5.5284   2.996817    30.4857        791     0.5484 0.0000e+00
     27.000     5.5104   2.997238    30.5062        820     0.5685 0.0000e+00
     28.000     5.4632   2.997938    30.5565        848     0.5880 0.0000e+00
     29.000     5.4121   2.997735    30.6003        873     0.6057 0.0000e+00
     30.000     5.3512   2.995744    30.6330        898     0.6232 0.0000e+00
     31.000     5.2359   2.990436    30.6780        924     0.6412 0.0000e+00
     32.000     5.1222   2.987938    30.7537        953     0.6612 0.0000e+00
     33.000     5.0571   2.991414    30.8529        981     0.6809 0.0000e+00
     34.000     5.0271   2.992956    30.8977       1008     0.6993 0.0000e+00
     35.000     5.0150   2.993316    30.9125       1034     0.7176 0.0000e+00
     36.000     5.0063   2.993744    30.9251       1061     0.7359 0.0000e+00
     37.000     4.9960   2.993698    30.9336       1088     0.7550 0.0000e+00
     38.000     4.9860   2.993526    30.9405       1114     0.7732 0.0000e+00
     39.000     4.9844   2.993546    30.9417       1140     0.7909 0.0000e+00
     40.000     4.9846   2.993579    30.9414       1166     0.8088 0.0000e+00
     41.000     4.9858   2.993380    30.9376       1820     1.2635 0.0000e+00
     40.000     4.9850   2.993150    30.9361       3234     2.2450 0.0000e+00
     39.000     4.9856   2.993371    30.9385       2054     1.4258 0.0000e+00
     38.000     4.9856   2.993309    30.9384       2078     1.4422 0.0000e+00
     37.000     4.9857   2.993242    30.9380       2103     1.4598 0.0000e+00
     36.000     4.9914   2.993266    30.9335       2128     1.4770 0.0000e+00
     35.000     4.9960   2.993255    30.9295       2153     1.4942 0.0000e+00
     34.000     5.0061   2.993055    30.9184       2178     1.5117 0.0000e+00
     33.000     5.0127   2.992811    30.9099       2204     1.5301 0.0000e+00
     32.000     5.0300   2.991906    30.8841       2232     1.5491 0.0000e+00
     31.000     5.0801   2.989670    30.8128       2258     1.5674 0.0000e+00
     30.000     5.1476   2.989372    30.7475       2283     1.5850 0.0000e+00
     29.000     5.2264   2.991638    30.7014       2308     1.6023 0.0000e+00
     28.000     5.3078   2.993850    30.6522       2333     1.6197 0.0000e+00
     27.000     5.3744   2.995229    30.6074       2360     1.6383 0.0000e+00
     26.000     5.4151   2.995614    30.5751       2387     1.6568 0.0000e+00
     25.000     5.4492   2.995684    30.5453       2413     1.6751 0.0000e+00
     24.000     5.4958   2.995586    30.5023       2439     1.6928 0.0000e+00
     23.000     5.5001   2.995474    30.4976       2464     1.7101 0.0000e+00
     22.000     5.5143   2.995255    30.4827       2488     1.7273 0.0000e+00
     21.000     5.5277   2.994831    30.4663       2514     1.7453 0.0000e+00
     20.000     5.5351   2.994592    30.4574       2540     1.7635 0.0000e+00
     19.000     5.5366   2.994515    30.4556       2568     1.7824 0.0000e+00
     18.000     5.5391   2.994134    30.4495       2594     1.8010 0.0000e+00
     17.000     5.5393   2.993988    30.4482       2620     1.8186 0.0000e+00
     16.000     5.5411   2.993899    30.4460       2645     1.8359 0.0000e+00
     15.000     5.5412   2.993764    30.4449       2670     1.8533 0.0000e+00
     14.000     5.5410   2.993627    30.4440       2695     1.8710 0.0000e+00
     13.000     5.5416   2.993580    30.4434       2720     1.8885 0.0000e+00
     12.000     5.5420   2.993521    30.4429       2746     1.9060 0.0000e+00
     11.000     5.5423   2.993512    30.4430       2771     1.9239 0.0000e+00
     10.000     5.5415   2.993403    30.4429       2798     1.9422 0.0000e+00
      9.000     5.5425   2.993431    30.4428       2823     1.9601 0.0000e+00
      8.000     5.5425   2.993418    30.4431       2849     1.9775 0.0000e+00
      7.000     5.5421   2.993339    30.4431       2874     1.9948 0.0000e+00
      6.000     5.5413   2.993215    30.4429       2898     2.0120 0.0000e+00
      5.000     5.5406   2.993073    30.4424       2922     2.0284 0.0000e+00
      4.000     5.5396   2.992862    30.4414       2951     2.0489 0.0000e+00
      3.000     5.5400   2.992828    30.4412       2984     2.0716 0.0000e+00
      2.000     5.5401   2.992896    30.4423       3206     2.2258 0.0000e+00
      1.000     5.5394   2.992765    30.4419       3268     2.2687 0.0000e+00
