HB2402/ctd189.cnv
* Sea-Bird SBE 9 Data File:
* FileName = C:\cruise\data\ctd189.hex
* Software Version Seasave V 7.26.7.121
* Temperature SN = 5253
* Conductivity SN = 4421
* Number of Bytes Per Scan = 37
* Number of Voltage Words = 4
* Number of Scans Averaged by the Deck Unit = 1
* NMEA Latitude = 42 09.27 N
* NMEA Longitude = 067 19.70 W
* NMEA UTC (Time) = Apr 30 2024 21:38:39
* NMEA baud rate = 4800
** Ship: Bigelow HB2402
** Program:  Spring Bottom Trawl Survey
** Chief Scientist: John Galbraith
# nquan = 7
# nvalues = 292                         
# units = specified
# name 0 = depSM: Depth [salt water, m]
# name 1 = t090C: Temperature [ITS-90, deg C]
# name 2 = c0S/m: Conductivity [S/m]
# name 3 = sal00: Salinity, Practical [PSU]
# name 4 = scan: Scan Count
# name 5 = timeM: Time, Elapsed [minutes]
# name 6 = flag: flag
# span 0 =      2.000,    148.000       
# span 1 =     4.9950,     7.5929       
# span 2 =   3.067695,   3.323923       
# span 3 =    31.7129,    33.0257       
# span 4 =        -87,       8739       
# span 5 =    -0.0613,     6.0682       
# span 6 = 0.0000e+00, 0.0000e+00       
# interval = meters: 1                  
# start_time = Apr 30 2024 21:38:39 [NMEA time, header]
# bad_flag = -9.990e-29
*END*
      3.000     7.2038   3.247320    31.7291        -87    -0.0613 0.0000e+00
      4.000     7.2913   3.255286    31.7343        203     0.1401 0.0000e+00
      5.000     7.5048   3.272610    31.7250        247     0.1709 0.0000e+00
      6.000     7.4969   3.272192    31.7273        273     0.1887 0.0000e+00
      7.000     7.3811   3.263344    31.7376        295     0.2044 0.0000e+00
      8.000     7.3242   3.258260    31.7344        318     0.2202 0.0000e+00
      9.000     7.3010   3.256467    31.7359        345     0.2390 0.0000e+00
     10.000     7.3206   3.257913    31.7331        376     0.2606 0.0000e+00
     11.000     7.3790   3.262593    31.7295        404     0.2797 0.0000e+00
     12.000     7.1663   3.245640    31.7412        428     0.2965 0.0000e+00
     13.000     7.0961   3.239751    31.7415        451     0.3123 0.0000e+00
     14.000     7.0481   3.235737    31.7415        475     0.3290 0.0000e+00
     15.000     6.9980   3.231603    31.7423        502     0.3481 0.0000e+00
     16.000     6.9682   3.229270    31.7439        533     0.3696 0.0000e+00
     17.000     6.9626   3.228884    31.7444        562     0.3894 0.0000e+00
     18.000     6.9351   3.226614    31.7447        586     0.4062 0.0000e+00
     19.000     6.8493   3.219803    31.7491        608     0.4212 0.0000e+00
     20.000     6.7951   3.215381    31.7504        633     0.4386 0.0000e+00
     21.000     6.6633   3.204614    31.7541        665     0.4609 0.0000e+00
     22.000     6.3665   3.180310    31.7619        697     0.4831 0.0000e+00
     23.000     6.3005   3.174988    31.7642        721     0.5001 0.0000e+00
     24.000     6.2149   3.167652    31.7623        741     0.5141 0.0000e+00
     25.000     6.1833   3.164996    31.7619        764     0.5300 0.0000e+00
     26.000     6.1635   3.163200    31.7599        794     0.5508 0.0000e+00
     27.000     6.1412   3.161231    31.7584        829     0.5747 0.0000e+00
     28.000     6.1189   3.159182    31.7560        856     0.5936 0.0000e+00
     29.000     6.0684   3.154636    31.7522        879     0.6096 0.0000e+00
     30.000     6.0563   3.153578    31.7512        902     0.6259 0.0000e+00
     31.000     6.0417   3.152153    31.7486        927     0.6429 0.0000e+00
     32.000     5.9973   3.148295    31.7466        952     0.6606 0.0000e+00
     33.000     5.9872   3.147473    31.7465        980     0.6796 0.0000e+00
     34.000     5.9885   3.147794    31.7484       1011     0.7016 0.0000e+00
     35.000     5.9881   3.148121    31.7519       1043     0.7238 0.0000e+00
     36.000     5.9819   3.147964    31.7555       1069     0.7414 0.0000e+00
     37.000     5.9896   3.148829    31.7574       1091     0.7570 0.0000e+00
     38.000     5.9814   3.148182    31.7574       1115     0.7737 0.0000e+00
     39.000     5.9667   3.147010    31.7576       1143     0.7927 0.0000e+00
     40.000     5.9597   3.146478    31.7578       1171     0.8127 0.0000e+00
     41.000     5.9420   3.145011    31.7575       1196     0.8297 0.0000e+00
     42.000     5.9241   3.143532    31.7573       1219     0.8461 0.0000e+00
     43.000     5.9153   3.142871    31.7577       1245     0.8639 0.0000e+00
     44.000     5.9129   3.142696    31.7575       1279     0.8872 0.0000e+00
     45.000     5.9116   3.142599    31.7572       1312     0.9102 0.0000e+00
     46.000     5.9125   3.142746    31.7575       1337     0.9279 0.0000e+00
     47.000     5.8752   3.139440    31.7550       1359     0.9431 0.0000e+00
     48.000     5.8348   3.136144    31.7556       1382     0.9589 0.0000e+00
     49.000     5.8323   3.136154    31.7576       1408     0.9773 0.0000e+00
     50.000     5.8526   3.138241    31.7614       1439     0.9989 0.0000e+00
     51.000     5.8927   3.142297    31.7687       1468     1.0186 0.0000e+00
     52.000     5.9118   3.144200    31.7715       1493     1.0363 0.0000e+00
     53.000     5.8502   3.138323    31.7631       1518     1.0531 0.0000e+00
     54.000     5.6562   3.120138    31.7409       1543     1.0710 0.0000e+00
     55.000     5.4607   3.102751    31.7288       1571     1.0901 0.0000e+00
     56.000     5.4089   3.098245    31.7262       1599     1.1098 0.0000e+00
     57.000     5.3786   3.095672    31.7253       1629     1.1303 0.0000e+00
     58.000     5.3417   3.092635    31.7253       1657     1.1498 0.0000e+00
     59.000     5.2919   3.089012    31.7309       1683     1.1682 0.0000e+00
     60.000     5.2939   3.089911    31.7387       1708     1.1858 0.0000e+00
     61.000     5.2111   3.082704    31.7347       1734     1.2035 0.0000e+00
     62.000     5.1675   3.079003    31.7335       1760     1.2213 0.0000e+00
     63.000     5.1336   3.076153    31.7326       1785     1.2386 0.0000e+00
     64.000     5.1119   3.074379    31.7325       1811     1.2567 0.0000e+00
     65.000     5.0976   3.073274    31.7330       1839     1.2766 0.0000e+00
     66.000     5.0446   3.069536    31.7402       1870     1.2977 0.0000e+00
     67.000     5.0206   3.067976    31.7448       1897     1.3170 0.0000e+00
     68.000     5.0151   3.067890    31.7485       1922     1.3340 0.0000e+00
     69.000     5.0041   3.067695    31.7563       1948     1.3518 0.0000e+00
     70.000     5.0026   3.068283    31.7639       1977     1.3725 0.0000e+00
     71.000     5.0282   3.070584    31.7654       2008     1.3935 0.0000e+00
     72.000     5.0257   3.070515    31.7665       2031     1.4096 0.0000e+00
     73.000     5.0315   3.070998    31.7660       2053     1.4249 0.0000e+00
     74.000     5.0551   3.073557    31.7723       2077     1.4414 0.0000e+00
     75.000     5.0373   3.072169    31.7728       2107     1.4625 0.0000e+00
     76.000     5.0192   3.070779    31.7738       2140     1.4854 0.0000e+00
     77.000     4.9983   3.069317    31.7763       2167     1.5043 0.0000e+00
     78.000     4.9950   3.069469    31.7808       2192     1.5215 0.0000e+00
     79.000     5.0357   3.074643    31.8006       2217     1.5385 0.0000e+00
     80.000     5.2210   3.096071    31.8681       2242     1.5565 0.0000e+00
     81.000     5.3278   3.107924    31.9007       2270     1.5756 0.0000e+00
     82.000     5.4212   3.118286    31.9289       2299     1.5958 0.0000e+00
     83.000     5.4931   3.126550    31.9536       2328     1.6162 0.0000e+00
     84.000     5.5240   3.130570    31.9692       2356     1.6353 0.0000e+00
     85.000     5.5386   3.132847    31.9805       2380     1.6521 0.0000e+00
     86.000     5.5543   3.135024    31.9897       2404     1.6685 0.0000e+00
     87.000     5.5886   3.139147    32.0031       2429     1.6858 0.0000e+00
     88.000     5.5939   3.140269    32.0103       2457     1.7055 0.0000e+00
     89.000     5.6066   3.142405    32.0218       2487     1.7266 0.0000e+00
     90.000     5.6158   3.143634    32.0264       2514     1.7451 0.0000e+00
     91.000     5.6051   3.143224    32.0315       2539     1.7623 0.0000e+00
     92.000     5.6271   3.146430    32.0462       2563     1.7793 0.0000e+00
     93.000     5.6572   3.150631    32.0645       2590     1.7980 0.0000e+00
     94.000     5.6772   3.153793    32.0805       2620     1.8188 0.0000e+00
     95.000     5.6478   3.152634    32.0950       2651     1.8405 0.0000e+00
     96.000     5.6358   3.153172    32.1120       2678     1.8588 0.0000e+00
     97.000     5.6798   3.159298    32.1386       2699     1.8739 0.0000e+00
     98.000     5.7215   3.164216    32.1537       2722     1.8896 0.0000e+00
     99.000     5.8128   3.173804    32.1740       2747     1.9071 0.0000e+00
    100.000     5.8239   3.175576    32.1828       2778     1.9284 0.0000e+00
    101.000     5.8063   3.176076    32.2047       2810     1.9509 0.0000e+00
    102.000     5.8545   3.182417    32.2295       2838     1.9701 0.0000e+00
    103.000     5.9289   3.191776    32.2630       2861     1.9861 0.0000e+00
    104.000     6.0190   3.205149    32.3262       2884     2.0020 0.0000e+00
    105.000     6.0315   3.208266    32.3486       2908     2.0188 0.0000e+00
    106.000     6.0223   3.208889    32.3638       2937     2.0392 0.0000e+00
    107.000     6.0182   3.209416    32.3731       2969     2.0608 0.0000e+00
    108.000     6.0933   3.219886    32.4178       2995     2.0791 0.0000e+00
    109.000     6.1197   3.223454    32.4319       3020     2.0968 0.0000e+00
    110.000     6.1281   3.224822    32.4387       3047     2.1156 0.0000e+00
    111.000     6.1572   3.228599    32.4525       3075     2.1346 0.0000e+00
    112.000     6.1932   3.233271    32.4696       3101     2.1527 0.0000e+00
    113.000     6.2118   3.235938    32.4810       3126     2.1700 0.0000e+00
    114.000     6.2324   3.238967    32.4946       3150     2.1866 0.0000e+00
    115.000     6.2506   3.242341    32.5142       3176     2.2050 0.0000e+00
    116.000     6.2930   3.249490    32.5526       3205     2.2248 0.0000e+00
    117.000     6.2681   3.248888    32.5693       3234     2.2448 0.0000e+00
    118.000     6.2384   3.247087    32.5772       3261     2.2639 0.0000e+00
    119.000     6.2286   3.248495    32.6018       3288     2.2823 0.0000e+00
    120.000     6.2226   3.248366    32.6055       3313     2.3003 0.0000e+00
    121.000     6.1795   3.244745    32.6061       3340     2.3186 0.0000e+00
    122.000     6.2140   3.250407    32.6355       3366     2.3366 0.0000e+00
    123.000     6.2855   3.261156    32.6860       3390     2.3538 0.0000e+00
    124.000     6.2980   3.263860    32.7035       3416     2.3716 0.0000e+00
    125.000     6.3018   3.264564    32.7072       3444     2.3910 0.0000e+00
    126.000     6.3016   3.264852    32.7101       3474     2.4118 0.0000e+00
    127.000     6.3036   3.265002    32.7094       3502     2.4311 0.0000e+00
    128.000     6.3977   3.277279    32.7546       3526     2.4480 0.0000e+00
    129.000     6.5139   3.292562    32.8119       3549     2.4641 0.0000e+00
    130.000     6.4697   3.291981    32.8475       3574     2.4810 0.0000e+00
    131.000     6.4598   3.293284    32.8708       3601     2.5001 0.0000e+00
    132.000     6.4562   3.295773    32.9015       3630     2.5205 0.0000e+00
    133.000     6.5038   3.304008    32.9462       3658     2.5396 0.0000e+00
    134.000     6.5125   3.305566    32.9545       3684     2.5578 0.0000e+00
    135.000     6.5409   3.309627    32.9715       3712     2.5772 0.0000e+00
    136.000     6.5765   3.314774    32.9936       3743     2.5986 0.0000e+00
    137.000     6.5837   3.315858    32.9982       3772     2.6184 0.0000e+00
    138.000     6.5967   3.317373    33.0019       3795     2.6350 0.0000e+00
    139.000     6.6022   3.317966    33.0026       3816     2.6493 0.0000e+00
    140.000     6.6047   3.318394    33.0044       3836     2.6634 0.0000e+00
    141.000     6.6055   3.318525    33.0046       3860     2.6797 0.0000e+00
    142.000     6.6077   3.318753    33.0046       3893     2.7030 0.0000e+00
    143.000     6.6103   3.319162    33.0061       3931     2.7289 0.0000e+00
    144.000     6.6120   3.319305    33.0055       3958     2.7476 0.0000e+00
    145.000     6.6161   3.320057    33.0094       3980     2.7632 0.0000e+00
    146.000     6.6210   3.320976    33.0143       4003     2.7792 0.0000e+00
    147.000     6.6237   3.321571    33.0178       4031     2.7984 0.0000e+00
    148.000     6.6325   3.322913    33.0236       4177     2.9002 0.0000e+00
    147.000     6.6427   3.323923    33.0254       4692     3.2574 0.0000e+00
    146.000     6.6395   3.323542    33.0247       4699     3.2625 0.0000e+00
    145.000     6.6405   3.323677    33.0257       4720     3.2770 0.0000e+00
    144.000     6.6338   3.322656    33.0215       4740     3.2910 0.0000e+00
    143.000     6.6265   3.321565    33.0170       4765     3.3085 0.0000e+00
    142.000     6.6224   3.320930    33.0144       4799     3.3320 0.0000e+00
    141.000     6.6180   3.320303    33.0122       4830     3.3536 0.0000e+00
    140.000     6.6073   3.318763    33.0060       4854     3.3699 0.0000e+00
    139.000     6.6012   3.317834    33.0021       4875     3.3848 0.0000e+00
    138.000     6.6048   3.318233    33.0036       4898     3.4010 0.0000e+00
    137.000     6.6059   3.318316    33.0039       4926     3.4202 0.0000e+00
    136.000     6.6059   3.318260    33.0037       4957     3.4417 0.0000e+00
    135.000     6.6024   3.317630    33.0007       4985     3.4609 0.0000e+00
    134.000     6.5967   3.316841    32.9979       5009     3.4775 0.0000e+00
    133.000     6.5732   3.313888    32.9885       5030     3.4927 0.0000e+00
    132.000     6.5545   3.311304    32.9785       5053     3.5082 0.0000e+00
    131.000     6.5369   3.308646    32.9665       5077     3.5250 0.0000e+00
    130.000     6.5062   3.303277    32.9373       5105     3.5446 0.0000e+00
    129.000     6.4981   3.300428    32.9140       5135     3.5654 0.0000e+00
    128.000     6.5079   3.296412    32.8607       5163     3.5849 0.0000e+00
    127.000     6.5057   3.293647    32.8327       5189     3.6028 0.0000e+00
    126.000     6.4394   3.285706    32.8090       5213     3.6195 0.0000e+00
    125.000     6.4137   3.281986    32.7930       5237     3.6358 0.0000e+00
    124.000     6.3833   3.277790    32.7762       5261     3.6530 0.0000e+00
    123.000     6.3710   3.275716    32.7655       5287     3.6709 0.0000e+00
    122.000     6.3354   3.270210    32.7391       5313     3.6892 0.0000e+00
    121.000     6.3096   3.265196    32.7087       5339     3.7071 0.0000e+00
    120.000     6.2909   3.262575    32.6980       5365     3.7252 0.0000e+00
    119.000     6.2506   3.255945    32.6635       5391     3.7430 0.0000e+00
    118.000     6.2460   3.254581    32.6533       5417     3.7611 0.0000e+00
    117.000     6.2442   3.253306    32.6413       5443     3.7792 0.0000e+00
    116.000     6.2432   3.251434    32.6219       5467     3.7960 0.0000e+00
    115.000     6.2468   3.250842    32.6123       5493     3.8137 0.0000e+00
    114.000     6.2595   3.250488    32.5967       5519     3.8318 0.0000e+00
    113.000     6.2760   3.249447    32.5699       5546     3.8505 0.0000e+00
    112.000     6.2633   3.247053    32.5559       5573     3.8692 0.0000e+00
    111.000     6.2463   3.242571    32.5228       5597     3.8863 0.0000e+00
    110.000     6.2276   3.239259    32.5043       5620     3.9022 0.0000e+00
    109.000     6.2132   3.236915    32.4925       5643     3.9179 0.0000e+00
    108.000     6.1970   3.234843    32.4855       5667     3.9348 0.0000e+00
    107.000     6.1669   3.230844    32.4702       5694     3.9531 0.0000e+00
    106.000     6.1414   3.226953    32.4517       5721     3.9723 0.0000e+00
    105.000     6.0792   3.218301    32.4151       5749     3.9913 0.0000e+00
    104.000     6.0606   3.215028    32.3968       5775     4.0094 0.0000e+00
    103.000     6.0596   3.213462    32.3807       5798     4.0260 0.0000e+00
    102.000     6.0460   3.210652    32.3628       5822     4.0427 0.0000e+00
    101.000     5.9983   3.203163    32.3252       5847     4.0601 0.0000e+00
    100.000     5.9341   3.193859    32.2828       5875     4.0789 0.0000e+00
     99.000     5.8780   3.185593    32.2441       5900     4.0964 0.0000e+00
     98.000     5.8610   3.182256    32.2235       5923     4.1124 0.0000e+00
     97.000     5.8539   3.180706    32.2133       5945     4.1275 0.0000e+00
     96.000     5.8228   3.176212    32.1930       5968     4.1437 0.0000e+00
     95.000     5.7474   3.166809    32.1597       5995     4.1625 0.0000e+00
     94.000     5.7209   3.162730    32.1395       6025     4.1836 0.0000e+00
     93.000     5.7117   3.158752    32.1040       6054     4.2037 0.0000e+00
     92.000     5.7081   3.157556    32.0945       6079     4.2210 0.0000e+00
     91.000     5.7040   3.156303    32.0848       6102     4.2369 0.0000e+00
     90.000     5.6893   3.154109    32.0746       6125     4.2526 0.0000e+00
     89.000     5.6548   3.149769    32.0590       6148     4.2686 0.0000e+00
