HB2402/ctd145.cnv
* Sea-Bird SBE 9 Data File:
* FileName = C:\cruise\data\ctd145.hex
* Software Version Seasave V 7.26.7.121
* Temperature SN = 5253
* Conductivity SN = 4421
* Number of Bytes Per Scan = 37
* Number of Voltage Words = 4
* Number of Scans Averaged by the Deck Unit = 1
* NMEA Latitude = 42 21.71 N
* NMEA Longitude = 070 45.28 W
* NMEA UTC (Time) = Apr 14 2024 01:16:38
* NMEA baud rate = 4800
** Ship: Bigelow HB2304
** Program:  Fall Bottom Trawl Survey
** Chief Scientist: John Galbraith
# nquan = 7
# nvalues = 37                          
# units = specified
# name 0 = depSM: Depth [salt water, m]
# name 1 = t090C: Temperature [ITS-90, deg C]
# name 2 = c0S/m: Conductivity [S/m]
# name 3 = sal00: Salinity, Practical [PSU]
# name 4 = scan: Scan Count
# name 5 = timeM: Time, Elapsed [minutes]
# name 6 = flag: flag
# span 0 =      1.000,     20.000       
# span 1 =     5.6158,     6.5825       
# span 2 =   2.997333,   3.028447       
# span 3 =    29.8098,    30.4150       
# span 4 =       -102,       2674       
# span 5 =    -0.0717,     1.8563       
# span 6 = 0.0000e+00, 0.0000e+00       
# interval = meters: 1                  
# start_time = Apr 14 2024 01:16:38 [NMEA time, header]
# bad_flag = -9.990e-29
*END*
      3.000     6.5825   3.028447    29.9077       -102    -0.0717 0.0000e+00
      4.000     6.5795   3.022683    29.8469        344     0.2385 0.0000e+00
      5.000     6.5798   3.019617    29.8128        492     0.3409 0.0000e+00
      6.000     6.5799   3.019688    29.8131        525     0.3640 0.0000e+00
      7.000     6.5803   3.019812    29.8136        573     0.3972 0.0000e+00
      8.000     6.5799   3.019978    29.8153        616     0.4273 0.0000e+00
      9.000     6.5794   3.020429    29.8202        673     0.4666 0.0000e+00
     10.000     6.5428   3.020181    29.8490        730     0.5061 0.0000e+00
     11.000     6.4598   3.018561    29.9035        782     0.5424 0.0000e+00
     12.000     6.3632   3.016371    29.9637        833     0.5775 0.0000e+00
     13.000     6.2947   3.015058    30.0092        876     0.6074 0.0000e+00
     14.000     6.2646   3.014409    30.0282        922     0.6393 0.0000e+00
     15.000     6.2427   3.013926    30.0417        986     0.6838 0.0000e+00
     16.000     6.2396   3.013886    30.0435       1042     0.7226 0.0000e+00
     17.000     6.1986   3.012950    30.0690       1087     0.7543 0.0000e+00
     18.000     5.9115   3.005306    30.2393       1137     0.7888 0.0000e+00
     19.000     5.7195   3.000125    30.3533       1188     0.8246 0.0000e+00
     20.000     5.6158   2.997333    30.4150       1231     0.8543 0.0000e+00
     19.000     5.6424   2.998607    30.4059       1535     1.0653 0.0000e+00
     18.000     5.6478   2.998199    30.3968       1839     1.2764 0.0000e+00
     17.000     5.7128   2.999002    30.3477       1861     1.2915 0.0000e+00
     16.000     5.9240   3.003936    30.2138       1889     1.3111 0.0000e+00
     15.000     6.1778   3.009930    30.0551       1916     1.3296 0.0000e+00
     14.000     6.3170   3.013125    29.9678       1941     1.3474 0.0000e+00
     13.000     6.3637   3.014374    29.9409       1966     1.3649 0.0000e+00
     12.000     6.4106   3.015349    29.9110       1992     1.3830 0.0000e+00
     11.000     6.4671   3.016506    29.8746       2017     1.4002 0.0000e+00
     10.000     6.5030   3.017302    29.8523       2042     1.4176 0.0000e+00
      9.000     6.5212   3.017709    29.8413       2070     1.4368 0.0000e+00
      8.000     6.5477   3.018174    29.8237       2098     1.4565 0.0000e+00
      7.000     6.5675   3.018526    29.8107       2126     1.4759 0.0000e+00
      6.000     6.5706   3.018653    29.8099       2154     1.4953 0.0000e+00
      5.000     6.5724   3.018749    29.8098       2182     1.5143 0.0000e+00
      4.000     6.5734   3.018800    29.8099       2207     1.5318 0.0000e+00
      3.000     6.5756   3.018981    29.8104       2260     1.5684 0.0000e+00
      2.000     6.5713   3.018741    29.8120       2639     1.8318 0.0000e+00
      1.000     6.5683   3.018415    29.8115       2674     1.8563 0.0000e+00
