HB2402/ctd135.cnv
* Sea-Bird SBE 9 Data File:
* FileName = C:\cruise\data\ctd135.hex
* Software Version Seasave V 7.26.7.121
* Temperature SN = 5253
* Conductivity SN = 4421
* Number of Bytes Per Scan = 37
* Number of Voltage Words = 4
* Number of Scans Averaged by the Deck Unit = 1
* NMEA Latitude = 41 59.20 N
* NMEA Longitude = 070 09.52 W
* NMEA UTC (Time) = Apr 13 2024 01:47:20
* NMEA baud rate = 4800
** Ship: Bigelow HB2304
** Program:  Fall Bottom Trawl Survey
** Chief Scientist: John Galbraith
# nquan = 7
# nvalues = 40                          
# units = specified
# name 0 = depSM: Depth [salt water, m]
# name 1 = t090C: Temperature [ITS-90, deg C]
# name 2 = c0S/m: Conductivity [S/m]
# name 3 = sal00: Salinity, Practical [PSU]
# name 4 = scan: Scan Count
# name 5 = timeM: Time, Elapsed [minutes]
# name 6 = flag: flag
# span 0 =      1.000,     22.000       
# span 1 =     6.2899,     6.2972       
# span 2 =   3.052801,   3.054887       
# span 3 =    30.4310,    30.4411       
# span 4 =        265,       2794       
# span 5 =     0.1833,     1.9395       
# span 6 = 0.0000e+00, 0.0000e+00       
# interval = meters: 1                  
# start_time = Apr 13 2024 01:47:20 [NMEA time, header]
# bad_flag = -9.990e-29
*END*
      4.000     6.2913   3.053160    30.4357        265     0.1833 0.0000e+00
      5.000     6.2906   3.053074    30.4349        448     0.3107 0.0000e+00
      6.000     6.2902   3.053075    30.4348        511     0.3539 0.0000e+00
      7.000     6.2899   3.053008    30.4339        556     0.3856 0.0000e+00
      8.000     6.2905   3.053133    30.4342        602     0.4171 0.0000e+00
      9.000     6.2905   3.053147    30.4340        646     0.4481 0.0000e+00
     10.000     6.2906   3.053222    30.4342        687     0.4763 0.0000e+00
     11.000     6.2910   3.053312    30.4344        727     0.5043 0.0000e+00
     12.000     6.2912   3.053374    30.4344        770     0.5341 0.0000e+00
     13.000     6.2917   3.053467    30.4346        811     0.5622 0.0000e+00
     14.000     6.2921   3.053562    30.4348        851     0.5904 0.0000e+00
     15.000     6.2920   3.053613    30.4349        893     0.6192 0.0000e+00
     16.000     6.2928   3.053733    30.4352        935     0.6486 0.0000e+00
     17.000     6.2929   3.053808    30.4354        977     0.6780 0.0000e+00
     18.000     6.2942   3.054021    30.4361       1019     0.7067 0.0000e+00
     19.000     6.2964   3.054473    30.4386       1060     0.7351 0.0000e+00
     20.000     6.2971   3.054634    30.4394       1101     0.7636 0.0000e+00
     21.000     6.2972   3.054769    30.4403       1146     0.7952 0.0000e+00
     22.000     6.2972   3.054887    30.4411       1661     1.1530 0.0000e+00
     21.000     6.2970   3.054450    30.4370       1978     1.3728 0.0000e+00
     20.000     6.2968   3.054398    30.4370       2003     1.3900 0.0000e+00
     19.000     6.2965   3.054254    30.4362       2033     1.4109 0.0000e+00
     18.000     6.2954   3.053954    30.4343       2058     1.4286 0.0000e+00
     17.000     6.2943   3.053720    30.4332       2083     1.4460 0.0000e+00
     16.000     6.2937   3.053599    30.4328       2109     1.4638 0.0000e+00
     15.000     6.2935   3.053518    30.4326       2135     1.4821 0.0000e+00
     14.000     6.2934   3.053438    30.4323       2161     1.5001 0.0000e+00
     13.000     6.2932   3.053348    30.4320       2186     1.5170 0.0000e+00
     12.000     6.2928   3.053274    30.4319       2210     1.5339 0.0000e+00
     11.000     6.2926   3.053209    30.4319       2236     1.5520 0.0000e+00
     10.000     6.2927   3.053176    30.4319       2262     1.5705 0.0000e+00
      9.000     6.2926   3.053118    30.4317       2288     1.5882 0.0000e+00
      8.000     6.2926   3.053039    30.4313       2313     1.6055 0.0000e+00
      7.000     6.2924   3.052973    30.4312       2338     1.6231 0.0000e+00
      6.000     6.2923   3.052902    30.4310       2364     1.6408 0.0000e+00
      5.000     6.2915   3.052943    30.4326       2388     1.6580 0.0000e+00
      4.000     6.2911   3.052938    30.4334       2418     1.6787 0.0000e+00
      3.000     6.2909   3.052917    30.4338       2445     1.6972 0.0000e+00
      2.000     6.2908   3.052872    30.4339       2461     1.7085 0.0000e+00
      1.000     6.2903   3.052801    30.4340       2794     1.9395 0.0000e+00
