HB2402/ctd172.cnv
* Sea-Bird SBE 9 Data File:
* FileName = C:\cruise\data\ctd172.hex
* Software Version Seasave V 7.26.7.121
* Temperature SN = 5253
* Conductivity SN = 4421
* Number of Bytes Per Scan = 37
* Number of Voltage Words = 4
* Number of Scans Averaged by the Deck Unit = 1
* NMEA Latitude = 40 54.46 N
* NMEA Longitude = 066 46.57 W
* NMEA UTC (Time) = Apr 26 2024 21:35:12
* NMEA baud rate = 4800
** Ship: Bigelow HB2402
** Program:  Spring Bottom Trawl Survey
** Chief Scientist: John Galbraith
# nquan = 7
# nvalues = 178                         
# units = specified
# name 0 = depSM: Depth [salt water, m]
# name 1 = t090C: Temperature [ITS-90, deg C]
# name 2 = c0S/m: Conductivity [S/m]
# name 3 = sal00: Salinity, Practical [PSU]
# name 4 = scan: Scan Count
# name 5 = timeM: Time, Elapsed [minutes]
# name 6 = flag: flag
# span 0 =      1.000,     91.000       
# span 1 =     5.3653,     6.7937       
# span 2 =   3.181152,   3.258805       
# span 3 =    32.2335,    33.0642       
# span 4 =        137,       5788       
# span 5 =     0.0945,     4.0191       
# span 6 = 0.0000e+00, 0.0000e+00       
# interval = meters: 1                  
# start_time = Apr 26 2024 21:35:12 [NMEA time, header]
# bad_flag = -9.990e-29
*END*
      4.000     6.7922   3.258556    32.2335        137     0.0945 0.0000e+00
      5.000     6.7937   3.258805    32.2343        238     0.1646 0.0000e+00
      6.000     6.7677   3.257587    32.2449        278     0.1926 0.0000e+00
      7.000     6.7182   3.255166    32.2644        309     0.2136 0.0000e+00
      8.000     6.6953   3.253739    32.2699        335     0.2317 0.0000e+00
      9.000     6.6837   3.252874    32.2708        358     0.2481 0.0000e+00
     10.000     6.6695   3.251847    32.2725        382     0.2645 0.0000e+00
     11.000     6.6523   3.250516    32.2735        406     0.2811 0.0000e+00
     12.000     6.6509   3.250412    32.2732        431     0.2984 0.0000e+00
     13.000     6.6425   3.249725    32.2731        456     0.3160 0.0000e+00
     14.000     6.6350   3.249116    32.2730        485     0.3364 0.0000e+00
     15.000     6.6179   3.247648    32.2725        518     0.3588 0.0000e+00
     16.000     6.5575   3.242507    32.2723        545     0.3777 0.0000e+00
     17.000     6.5517   3.242029    32.2721        566     0.3924 0.0000e+00
     18.000     6.5425   3.241220    32.2714        586     0.4062 0.0000e+00
     19.000     6.5138   3.238886    32.2723        609     0.4223 0.0000e+00
     20.000     6.5019   3.237986    32.2731        644     0.4462 0.0000e+00
     21.000     6.5019   3.237979    32.2726        680     0.4715 0.0000e+00
     22.000     6.5031   3.238086    32.2721        705     0.4891 0.0000e+00
     23.000     6.5001   3.237907    32.2725        728     0.5046 0.0000e+00
     24.000     6.5026   3.238125    32.2721        750     0.5202 0.0000e+00
     25.000     6.4968   3.237740    32.2728        774     0.5368 0.0000e+00
     26.000     6.4947   3.237647    32.2732        799     0.5539 0.0000e+00
     27.000     6.5002   3.238061    32.2722        825     0.5722 0.0000e+00
     28.000     6.5008   3.238086    32.2714        858     0.5949 0.0000e+00
     29.000     6.4931   3.237590    32.2728        894     0.6202 0.0000e+00
     30.000     6.4886   3.237306    32.2733        920     0.6382 0.0000e+00
     31.000     6.4855   3.237098    32.2735        941     0.6527 0.0000e+00
     32.000     6.4479   3.233960    32.2739        962     0.6671 0.0000e+00
     33.000     6.4504   3.234245    32.2742        988     0.6852 0.0000e+00
     34.000     6.4462   3.233815    32.2729       1020     0.7075 0.0000e+00
     35.000     6.4306   3.232618    32.2740       1048     0.7268 0.0000e+00
     36.000     6.4250   3.232052    32.2725       1071     0.7428 0.0000e+00
     37.000     6.3844   3.228568    32.2719       1095     0.7595 0.0000e+00
     38.000     6.3453   3.225263    32.2719       1125     0.7804 0.0000e+00
     39.000     6.3300   3.223862    32.2704       1157     0.8029 0.0000e+00
     40.000     6.2786   3.219460    32.2697       1183     0.8211 0.0000e+00
     41.000     6.2327   3.215412    32.2678       1208     0.8379 0.0000e+00
     42.000     6.0894   3.202888    32.2640       1233     0.8554 0.0000e+00
     43.000     5.9000   3.186725    32.2632       1261     0.8749 0.0000e+00
     44.000     5.8449   3.182514    32.2681       1289     0.8945 0.0000e+00
     45.000     5.8353   3.182066    32.2718       1313     0.9114 0.0000e+00
     46.000     5.8395   3.183137    32.2793       1336     0.9270 0.0000e+00
     47.000     5.8386   3.183370    32.2823       1361     0.9447 0.0000e+00
     48.000     5.8441   3.184708    32.2916       1396     0.9687 0.0000e+00
     49.000     5.8405   3.185934    32.3082       1428     0.9912 0.0000e+00
     50.000     5.8328   3.188216    32.3407       1453     1.0080 0.0000e+00
     51.000     5.8833   3.195841    32.3775       1475     1.0239 0.0000e+00
     52.000     5.9136   3.200222    32.3972       1500     1.0410 0.0000e+00
     53.000     5.9505   3.205712    32.4228       1529     1.0608 0.0000e+00
     54.000     5.9607   3.211008    32.4719       1557     1.0803 0.0000e+00
     55.000     5.9228   3.210707    32.5044       1583     1.0984 0.0000e+00
     56.000     5.8938   3.209894    32.5227       1608     1.1162 0.0000e+00
     57.000     5.8852   3.210102    32.5328       1634     1.1340 0.0000e+00
     58.000     5.8790   3.210485    32.5425       1659     1.1516 0.0000e+00
     59.000     5.8809   3.211589    32.5527       1684     1.1688 0.0000e+00
     60.000     5.8533   3.210040    32.5613       1712     1.1880 0.0000e+00
     61.000     5.8125   3.207067    32.5668       1748     1.2135 0.0000e+00
     62.000     5.8062   3.207827    32.5809       1783     1.2376 0.0000e+00
     63.000     5.8227   3.210415    32.5936       1805     1.2525 0.0000e+00
     64.000     5.8293   3.211861    32.6030       1822     1.2647 0.0000e+00
     65.000     5.8248   3.213438    32.6246       1839     1.2765 0.0000e+00
     66.000     5.7938   3.216879    32.6928       1859     1.2905 0.0000e+00
     67.000     5.5378   3.196846    32.7144       1895     1.3151 0.0000e+00
     68.000     5.3798   3.187643    32.7636       1936     1.3436 0.0000e+00
     69.000     5.3653   3.193046    32.8388       1962     1.3616 0.0000e+00
     70.000     5.5574   3.220378    32.9606       1985     1.3777 0.0000e+00
     71.000     5.6351   3.229623    32.9888       2009     1.3944 0.0000e+00
     72.000     5.7258   3.241236    33.0307       2035     1.4128 0.0000e+00
     73.000     5.7694   3.246788    33.0503       2063     1.4322 0.0000e+00
     74.000     5.7711   3.247149    33.0521       2089     1.4500 0.0000e+00
     75.000     5.7750   3.247709    33.0541       2112     1.4658 0.0000e+00
     76.000     5.7819   3.248688    33.0579       2135     1.4820 0.0000e+00
     77.000     5.7860   3.249271    33.0600       2162     1.5008 0.0000e+00
     78.000     5.7870   3.249427    33.0603       2194     1.5231 0.0000e+00
     79.000     5.7842   3.249107    33.0589       2225     1.5447 0.0000e+00
     80.000     5.7853   3.249337    33.0599       2252     1.5631 0.0000e+00
     81.000     5.7883   3.249756    33.0612       2277     1.5803 0.0000e+00
     82.000     5.7893   3.249942    33.0617       2303     1.5983 0.0000e+00
     83.000     5.7896   3.250003    33.0617       2331     1.6178 0.0000e+00
     84.000     5.7882   3.249881    33.0611       2357     1.6361 0.0000e+00
     85.000     5.7894   3.250088    33.0618       2380     1.6520 0.0000e+00
     86.000     5.7938   3.250684    33.0637       2401     1.6667 0.0000e+00
     87.000     5.7944   3.250787    33.0638       2424     1.6827 0.0000e+00
     88.000     5.7937   3.250707    33.0631       2453     1.7028 0.0000e+00
     89.000     5.7940   3.250795    33.0633       2488     1.7273 0.0000e+00
     90.000     5.7945   3.250898    33.0635       2567     1.7820 0.0000e+00
     91.000     5.7960   3.251131    33.0641       2740     1.9023 0.0000e+00
     90.000     5.7967   3.251155    33.0642       3289     2.2836 0.0000e+00
     89.000     5.7954   3.250914    33.0633       3360     2.3326 0.0000e+00
     88.000     5.7958   3.250936    33.0636       3378     2.3454 0.0000e+00
     87.000     5.7954   3.250867    33.0637       3410     2.3671 0.0000e+00
     86.000     5.7955   3.250826    33.0637       3447     2.3931 0.0000e+00
     85.000     5.7955   3.250778    33.0636       3475     2.4122 0.0000e+00
     84.000     5.7953   3.250703    33.0635       3495     2.4261 0.0000e+00
     83.000     5.7951   3.250641    33.0635       3512     2.4385 0.0000e+00
     82.000     5.7949   3.250584    33.0635       3530     2.4509 0.0000e+00
     81.000     5.7947   3.250525    33.0636       3551     2.4653 0.0000e+00
     80.000     5.7941   3.250416    33.0634       3583     2.4877 0.0000e+00
     79.000     5.7938   3.250323    33.0632       3625     2.5166 0.0000e+00
     78.000     5.7938   3.250267    33.0631       3652     2.5355 0.0000e+00
     77.000     5.7934   3.250177    33.0629       3673     2.5498 0.0000e+00
     76.000     5.7920   3.249979    33.0625       3693     2.5637 0.0000e+00
     75.000     5.7910   3.249822    33.0623       3715     2.5794 0.0000e+00
     74.000     5.7905   3.249726    33.0622       3743     2.5983 0.0000e+00
     73.000     5.7889   3.249479    33.0614       3772     2.6190 0.0000e+00
     72.000     5.7789   3.248117    33.0564       3799     2.6374 0.0000e+00
     71.000     5.7678   3.246739    33.0522       3823     2.6544 0.0000e+00
     70.000     5.7407   3.243293    33.0404       3848     2.6717 0.0000e+00
     69.000     5.7217   3.240923    33.0327       3875     2.6901 0.0000e+00
     68.000     5.6883   3.236332    33.0140       3901     2.7086 0.0000e+00
     67.000     5.5667   3.220528    32.9547       3927     2.7265 0.0000e+00
     66.000     5.4806   3.205325    32.8671       3953     2.7441 0.0000e+00
     65.000     5.4829   3.200537    32.8109       3978     2.7616 0.0000e+00
     64.000     5.5744   3.205531    32.7788       4004     2.7797 0.0000e+00
     63.000     5.7036   3.210924    32.7146       4032     2.7993 0.0000e+00
     62.000     5.7577   3.211736    32.6719       4058     2.8177 0.0000e+00
     61.000     5.7827   3.209644    32.6246       4082     2.8341 0.0000e+00
     60.000     5.7854   3.207165    32.5946       4104     2.8496 0.0000e+00
     59.000     5.7807   3.205903    32.5853       4128     2.8661 0.0000e+00
     58.000     5.8113   3.207147    32.5704       4156     2.8852 0.0000e+00
     57.000     5.8120   3.207771    32.5772       4189     2.9081 0.0000e+00
     56.000     5.8461   3.208843    32.5569       4219     2.9293 0.0000e+00
     55.000     5.8726   3.209298    32.5369       4243     2.9457 0.0000e+00
     54.000     5.8814   3.209090    32.5266       4263     2.9600 0.0000e+00
     53.000     5.8901   3.209065    32.5184       4284     2.9743 0.0000e+00
     52.000     5.9001   3.209401    32.5130       4307     2.9901 0.0000e+00
     51.000     5.9359   3.209365    32.4788       4336     3.0107 0.0000e+00
     50.000     5.9328   3.206227    32.4471       4370     3.0341 0.0000e+00
     49.000     5.9182   3.201887    32.4129       4396     3.0518 0.0000e+00
     48.000     5.8827   3.196292    32.3846       4418     3.0670 0.0000e+00
     47.000     5.8600   3.191892    32.3575       4441     3.0832 0.0000e+00
     46.000     5.8599   3.190830    32.3461       4469     3.1030 0.0000e+00
     45.000     5.8535   3.188635    32.3281       4501     3.1251 0.0000e+00
     44.000     5.8400   3.184150    32.2912       4528     3.1434 0.0000e+00
     43.000     5.8346   3.182176    32.2746       4549     3.1584 0.0000e+00
     42.000     5.8331   3.181152    32.2650       4569     3.1724 0.0000e+00
     41.000     5.8427   3.181603    32.2614       4591     3.1873 0.0000e+00
     40.000     5.8619   3.183096    32.2604       4617     3.2053 0.0000e+00
     39.000     5.9593   3.190712    32.2533       4650     3.2282 0.0000e+00
     38.000     6.1094   3.203715    32.2562       4683     3.2513 0.0000e+00
     37.000     6.2511   3.215342    32.2515       4710     3.2700 0.0000e+00
     36.000     6.3307   3.222618    32.2573       4733     3.2864 0.0000e+00
     35.000     6.3525   3.224600    32.2591       4755     3.3011 0.0000e+00
     34.000     6.3802   3.227032    32.2603       4776     3.3158 0.0000e+00
     33.000     6.3906   3.228125    32.2631       4798     3.3313 0.0000e+00
     32.000     6.4045   3.229393    32.2644       4826     3.3507 0.0000e+00
     31.000     6.4070   3.229714    32.2661       4862     3.3754 0.0000e+00
     30.000     6.4400   3.232328    32.2643       4891     3.3960 0.0000e+00
     29.000     6.4456   3.232987    32.2667       4913     3.4110 0.0000e+00
     28.000     6.4550   3.233760    32.2669       4934     3.4257 0.0000e+00
     27.000     6.4610   3.234277    32.2674       4959     3.4433 0.0000e+00
     26.000     6.4694   3.235047    32.2685       4988     3.4635 0.0000e+00
     25.000     6.4837   3.236091    32.2670       5014     3.4812 0.0000e+00
     24.000     6.4873   3.236372    32.2671       5037     3.4975 0.0000e+00
     23.000     6.4957   3.236933    32.2659       5062     3.5147 0.0000e+00
     22.000     6.5002   3.237306    32.2662       5091     3.5347 0.0000e+00
     21.000     6.5037   3.237536    32.2660       5121     3.5554 0.0000e+00
     20.000     6.5103   3.238057    32.2659       5146     3.5731 0.0000e+00
     19.000     6.5157   3.238464    32.2658       5169     3.5889 0.0000e+00
     18.000     6.5185   3.238678    32.2660       5192     3.6051 0.0000e+00
     17.000     6.5220   3.238961    32.2663       5219     3.6238 0.0000e+00
     16.000     6.5250   3.239133    32.2659       5247     3.6431 0.0000e+00
     15.000     6.5260   3.239235    32.2665       5271     3.6598 0.0000e+00
     14.000     6.5333   3.239867    32.2671       5294     3.6754 0.0000e+00
     13.000     6.5606   3.242131    32.2668       5319     3.6930 0.0000e+00
     12.000     6.5757   3.243482    32.2679       5349     3.7139 0.0000e+00
     11.000     6.6137   3.246486    32.2656       5377     3.7334 0.0000e+00
     10.000     6.6295   3.247883    32.2666       5400     3.7495 0.0000e+00
      9.000     6.6348   3.248396    32.2677       5422     3.7646 0.0000e+00
      8.000     6.6398   3.248849    32.2684       5445     3.7804 0.0000e+00
      7.000     6.6645   3.250758    32.2666       5472     3.7991 0.0000e+00
      6.000     6.6840   3.251893    32.2611       5499     3.8182 0.0000e+00
      5.000     6.7070   3.253408    32.2567       5523     3.8348 0.0000e+00
      4.000     6.7270   3.254764    32.2532       5547     3.8516 0.0000e+00
      3.000     6.7589   3.256906    32.2472       5690     3.9509 0.0000e+00
      2.000     6.7616   3.256821    32.2442       5773     4.0082 0.0000e+00
      1.000     6.7612   3.256704    32.2437       5788     4.0191 0.0000e+00
