HB2402/ctd183.cnv
* Sea-Bird SBE 9 Data File:
* FileName = C:\cruise\data\ctd183.hex
* Software Version Seasave V 7.26.7.121
* Temperature SN = 5253
* Conductivity SN = 4421
* Number of Bytes Per Scan = 37
* Number of Voltage Words = 4
* Number of Scans Averaged by the Deck Unit = 1
* NMEA Latitude = 42 25.39 N
* NMEA Longitude = 066 07.36 W
* NMEA UTC (Time) = Apr 29 2024 13:03:28
* NMEA baud rate = 4800
** Ship: Bigelow HB2402
** Program:  Spring Bottom Trawl Survey
** Chief Scientist: John Galbraith
# nquan = 7
# nvalues = 474                         
# units = specified
# name 0 = depSM: Depth [salt water, m]
# name 1 = t090C: Temperature [ITS-90, deg C]
# name 2 = c0S/m: Conductivity [S/m]
# name 3 = sal00: Salinity, Practical [PSU]
# name 4 = scan: Scan Count
# name 5 = timeM: Time, Elapsed [minutes]
# name 6 = flag: flag
# span 0 =      1.000,    239.000       
# span 1 =     3.9861,     8.7725       
# span 2 =   2.967898,   3.683567       
# span 3 =    31.3680,    34.8455       
# span 4 =        186,      14746       
# span 5 =     0.1281,    10.2397       
# span 6 = 0.0000e+00, 0.0000e+00       
# interval = meters: 1                  
# start_time = Apr 29 2024 13:03:28 [NMEA time, header]
# bad_flag = -9.990e-29
*END*
[from data line 206]
    210.000     8.7265   3.683265    34.8382       6080     4.2218 0.0000e+00
    211.000     8.7288   3.683567    34.8386       6116     4.2464 0.0000e+00
    212.000     8.7203   3.682868    34.8391       6157     4.2752 0.0000e+00
    213.000     8.6998   3.681042    34.8395       6185     4.2947 0.0000e+00
    214.000     8.6882   3.679957    34.8391       6206     4.3091 0.0000e+00
    215.000     8.6603   3.677247    34.8374       6226     4.3227 0.0000e+00
    216.000     8.6024   3.672017    34.8386       6246     4.3365 0.0000e+00
    217.000     8.5900   3.670979    34.8395       6267     4.3512 0.0000e+00
    218.000     8.5903   3.671012    34.8390       6290     4.3677 0.0000e+00
    219.000     8.5778   3.669882    34.8389       6325     4.3914 0.0000e+00
    220.000     8.5705   3.669176    34.8382       6369     4.4219 0.0000e+00
    221.000     8.5613   3.668463    34.8392       6396     4.4410 0.0000e+00
    222.000     8.5524   3.667692    34.8394       6418     4.4559 0.0000e+00
    223.000     8.5457   3.667265    34.8409       6437     4.4696 0.0000e+00
    224.000     8.5473   3.667403    34.8403       6457     4.4836 0.0000e+00
    225.000     8.5459   3.667322    34.8404       6480     4.4996 0.0000e+00
    226.000     8.5404   3.666887    34.8408       6507     4.5183 0.0000e+00
    227.000     8.5337   3.666371    34.8414       6545     4.5446 0.0000e+00
    228.000     8.5308   3.666193    34.8419       6582     4.5699 0.0000e+00
    229.000     8.5268   3.665945    34.8427       6607     4.5877 0.0000e+00
    230.000     8.5208   3.665535    34.8439       6629     4.6026 0.0000e+00
    231.000     8.5207   3.665578    34.8439       6649     4.6169 0.0000e+00
    232.000     8.5202   3.665572    34.8439       6671     4.6318 0.0000e+00
    233.000     8.5132   3.665117    34.8455       6696     4.6491 0.0000e+00
    234.000     8.5138   3.665184    34.8451       6725     4.6698 0.0000e+00
    235.000     8.5143   3.665259    34.8450       6757     4.6916 0.0000e+00
    236.000     8.5143   3.665308    34.8450       6784     4.7107 0.0000e+00
    237.000     8.5132   3.665278    34.8453       6811     4.7295 0.0000e+00
    238.000     8.5139   3.665362    34.8450       6840     4.7496 0.0000e+00
    239.000     8.5160   3.665540    34.8443       7095     4.9262 0.0000e+00
    238.000     8.5130   3.665267    34.8449       7659     5.3180 0.0000e+00
    237.000     8.5132   3.665233    34.8448       7736     5.3716 0.0000e+00
    236.000     8.5132   3.665185    34.8447       7765     5.3920 0.0000e+00
    235.000     8.5131   3.665126    34.8447       7790     5.4093 0.0000e+00
    234.000     8.5151   3.665217    34.8442       7812     5.4246 0.0000e+00
    233.000     8.5172   3.665324    34.8437       7835     5.4401 0.0000e+00
    232.000     8.5179   3.665339    34.8437       7858     5.4563 0.0000e+00
    231.000     8.5178   3.665284    34.8437       7884     5.4742 0.0000e+00
    230.000     8.5215   3.665460    34.8423       7912     5.4935 0.0000e+00
    229.000     8.5257   3.665763    34.8419       7939     5.5122 0.0000e+00
    228.000     8.5301   3.666046    34.8411       7964     5.5298 0.0000e+00
    227.000     8.5356   3.666434    34.8402       7990     5.5477 0.0000e+00
    226.000     8.5380   3.666605    34.8401       8018     5.5676 0.0000e+00
    225.000     8.5386   3.666595    34.8399       8048     5.5885 0.0000e+00
    224.000     8.5417   3.666790    34.8394       8074     5.6063 0.0000e+00
    223.000     8.5446   3.666959    34.8389       8097     5.6222 0.0000e+00
    222.000     8.5468   3.667109    34.8387       8119     5.6374 0.0000e+00
    221.000     8.5479   3.667172    34.8388       8142     5.6534 0.0000e+00
    220.000     8.5543   3.667650    34.8380       8168     5.6715 0.0000e+00
    219.000     8.5635   3.668493    34.8384       8197     5.6918 0.0000e+00
    218.000     8.5756   3.669573    34.8384       8225     5.7111 0.0000e+00
    217.000     8.5822   3.670018    34.8370       8250     5.7285 0.0000e+00
    216.000     8.5876   3.670494    34.8372       8275     5.7462 0.0000e+00
    215.000     8.6149   3.672875    34.8359       8302     5.7646 0.0000e+00
    214.000     8.6383   3.674946    34.8352       8329     5.7831 0.0000e+00
    213.000     8.6550   3.676527    34.8360       8354     5.8009 0.0000e+00
    212.000     8.6710   3.678086    34.8372       8378     5.8172 0.0000e+00
    211.000     8.6848   3.679418    34.8381       8401     5.8330 0.0000e+00
    210.000     8.6951   3.680454    34.8394       8424     5.8496 0.0000e+00
    209.000     8.7142   3.681955    34.8370       8451     5.8680 0.0000e+00
    208.000     8.7121   3.681528    34.8350       8481     5.8887 0.0000e+00
    207.000     8.7057   3.680586    34.8318       8512     5.9101 0.0000e+00
    206.000     8.6967   3.679336    34.8280       8539     5.9295 0.0000e+00
    205.000     8.6920   3.678663    34.8260       8564     5.9465 0.0000e+00
    204.000     8.6879   3.678106    34.8246       8587     5.9623 0.0000e+00
    203.000     8.6867   3.677898    34.8240       8609     5.9776 0.0000e+00
    202.000     8.6848   3.677595    34.8232       8632     5.9934 0.0000e+00
    201.000     8.6825   3.677252    34.8224       8654     6.0093 0.0000e+00
    200.000     8.6815   3.677073    34.8219       8679     6.0263 0.0000e+00
    199.000     8.6804   3.676881    34.8214       8709     6.0472 0.0000e+00
    198.000     8.6791   3.676636    34.8206       8742     6.0702 0.0000e+00
    197.000     8.6687   3.674854    34.8125       8771     6.0903 0.0000e+00
    196.000     8.6607   3.673242    34.8039       8798     6.1093 0.0000e+00
    195.000     8.6553   3.672097    34.7975       8827     6.1289 0.0000e+00
    194.000     8.6524   3.671333    34.7928       8853     6.1469 0.0000e+00
    193.000     8.6484   3.670347    34.7868       8874     6.1615 0.0000e+00
    192.000     8.6433   3.668742    34.7753       8892     6.1741 0.0000e+00
    191.000     8.6379   3.667271    34.7655       8909     6.1862 0.0000e+00
    190.000     8.6282   3.665282    34.7546       8928     6.1993 0.0000e+00
    189.000     8.6325   3.665005    34.7480       8952     6.2163 0.0000e+00
    188.000     8.6270   3.662720    34.7296       8993     6.2442 0.0000e+00
    187.000     8.6013   3.658497    34.7108       9036     6.2742 0.0000e+00
    186.000     8.5804   3.654945    34.6942       9064     6.2936 0.0000e+00
    185.000     8.5671   3.652715    34.6842       9087     6.3098 0.0000e+00
    184.000     8.5615   3.651062    34.6727       9108     6.3241 0.0000e+00
    183.000     8.5584   3.649696    34.6617       9128     6.3384 0.0000e+00
    182.000     8.5599   3.648838    34.6517       9150     6.3538 0.0000e+00
    181.000     8.5644   3.648138    34.6404       9174     6.3705 0.0000e+00
    180.000     8.5701   3.647553    34.6290       9200     6.3883 0.0000e+00
    179.000     8.5823   3.647023    34.6120       9226     6.4063 0.0000e+00
    178.000     8.5872   3.644479    34.5807       9252     6.4241 0.0000e+00
    177.000     8.5646   3.637461    34.5292       9277     6.4419 0.0000e+00
    176.000     8.5352   3.629231    34.4713       9305     6.4610 0.0000e+00
    175.000     8.5218   3.624820    34.4383       9337     6.4834 0.0000e+00
    174.000     8.5113   3.621216    34.4109       9371     6.5066 0.0000e+00
    173.000     8.4953   3.617276    34.3853       9397     6.5251 0.0000e+00
    172.000     8.4822   3.614929    34.3736       9420     6.5408 0.0000e+00
    171.000     8.4763   3.613768    34.3676       9442     6.5561 0.0000e+00
    170.000     8.4723   3.612456    34.3581       9465     6.5720 0.0000e+00
    169.000     8.4658   3.610880    34.3482       9489     6.5887 0.0000e+00
    168.000     8.4233   3.605617    34.3342       9514     6.6064 0.0000e+00
    167.000     8.3988   3.601856    34.3187       9539     6.6239 0.0000e+00
    166.000     8.3948   3.600220    34.3057       9565     6.6418 0.0000e+00
    165.000     8.4029   3.600464    34.3009       9594     6.6621 0.0000e+00
    164.000     8.4332   3.602302    34.2914       9628     6.6856 0.0000e+00
    163.000     8.4582   3.602720    34.2720       9659     6.7068 0.0000e+00
    162.000     8.4450   3.599906    34.2555       9684     6.7241 0.0000e+00
    161.000     8.4395   3.598052    34.2417       9706     6.7393 0.0000e+00
    160.000     8.4661   3.600238    34.2394       9726     6.7536 0.0000e+00
    159.000     8.4864   3.601731    34.2361       9747     6.7679 0.0000e+00
    158.000     8.5544   3.606454    34.2205       9770     6.7839 0.0000e+00
    157.000     8.6368   3.612665    34.2068       9797     6.8025 0.0000e+00
    156.000     8.6218   3.610234    34.1962       9830     6.8256 0.0000e+00
    155.000     8.6150   3.607644    34.1759       9863     6.8488 0.0000e+00
    154.000     8.5741   3.601783    34.1541       9892     6.8684 0.0000e+00
    153.000     8.5376   3.595610    34.1247       9915     6.8849 0.0000e+00
    152.000     8.5413   3.594201    34.1066       9937     6.8998 0.0000e+00
    151.000     8.5530   3.594649    34.1005       9957     6.9142 0.0000e+00
    150.000     8.5871   3.596496    34.0876       9978     6.9288 0.0000e+00
    149.000     8.5964   3.596206    34.0761      10005     6.9469 0.0000e+00
    148.000     8.5904   3.595339    34.0732      10038     6.9704 0.0000e+00
    147.000     8.5591   3.590149    34.0491      10071     6.9931 0.0000e+00
    146.000     8.4866   3.579342    34.0053      10098     7.0118 0.0000e+00
    145.000     8.4355   3.571931    33.9766      10122     7.0287 0.0000e+00
    144.000     8.3916   3.566266    33.9594      10145     7.0444 0.0000e+00
    143.000     8.3634   3.562546    33.9477      10167     7.0598 0.0000e+00
    142.000     8.3309   3.558094    33.9322      10191     7.0761 0.0000e+00
    141.000     8.3126   3.555465    33.9225      10218     7.0952 0.0000e+00
    140.000     8.2676   3.549357    33.9015      10250     7.1177 0.0000e+00
    139.000     8.2032   3.540231    33.8670      10284     7.1409 0.0000e+00
    138.000     8.1089   3.528166    33.8300      10312     7.1602 0.0000e+00
    137.000     8.0162   3.516696    33.7975      10333     7.1751 0.0000e+00
    136.000     7.9249   3.505546    33.7668      10353     7.1889 0.0000e+00
    135.000     7.8671   3.497753    33.7396      10373     7.2031 0.0000e+00
    134.000     7.8137   3.491025    33.7195      10397     7.2194 0.0000e+00
    133.000     7.7872   3.487610    33.7088      10427     7.2402 0.0000e+00
    132.000     7.7354   3.482332    33.7026      10464     7.2662 0.0000e+00
    131.000     7.5647   3.461132    33.6396      10497     7.2887 0.0000e+00
    130.000     7.4519   3.448791    33.6160      10521     7.3058 0.0000e+00
    129.000     7.4347   3.446619    33.6095      10543     7.3209 0.0000e+00
    128.000     7.3957   3.442123    33.5991      10565     7.3361 0.0000e+00
    127.000     7.3669   3.438911    33.5927      10587     7.3516 0.0000e+00
    126.000     7.3076   3.431857    33.5740      10610     7.3677 0.0000e+00
    125.000     7.2648   3.426569    33.5585      10636     7.3855 0.0000e+00
    124.000     7.2764   3.427139    33.5539      10669     7.4081 0.0000e+00
    123.000     7.1882   3.417782    33.5381      10706     7.4337 0.0000e+00
    122.000     7.1007   3.406609    33.5017      10734     7.4535 0.0000e+00
    121.000     7.0170   3.396888    33.4772      10757     7.4694 0.0000e+00
    120.000     6.9553   3.388799    33.4490      10777     7.4834 0.0000e+00
    119.000     6.8747   3.378945    33.4198      10797     7.4974 0.0000e+00
    118.000     6.7953   3.369909    33.3981      10819     7.5123 0.0000e+00
    117.000     6.7922   3.368078    33.3816      10844     7.5298 0.0000e+00
    116.000     6.7153   3.358838    33.3551      10875     7.5517 0.0000e+00
    115.000     6.7479   3.361603    33.3543      10910     7.5757 0.0000e+00
    114.000     6.6720   3.352894    33.3326      10940     7.5968 0.0000e+00
    113.000     6.6465   3.349477    33.3202      10966     7.6144 0.0000e+00
    112.000     6.6340   3.348066    33.3173      10988     7.6300 0.0000e+00
    111.000     6.6197   3.346008    33.3089      11011     7.6456 0.0000e+00
    110.000     6.5983   3.343484    33.3024      11034     7.6621 0.0000e+00
    109.000     6.5757   3.340655    33.2936      11061     7.6806 0.0000e+00
    108.000     6.5297   3.335324    33.2799      11090     7.7009 0.0000e+00
    107.000     6.4781   3.327541    33.2444      11117     7.7192 0.0000e+00
    106.000     6.4126   3.320215    33.2274      11138     7.7344 0.0000e+00
    105.000     6.3986   3.318104    33.2180      11159     7.7487 0.0000e+00
    104.000     6.3372   3.310410    33.1929      11181     7.7642 0.0000e+00
    103.000     6.3315   3.309016    33.1834      11211     7.7845 0.0000e+00
    102.000     6.2569   3.300193    33.1583      11250     7.8115 0.0000e+00
    101.000     6.2343   3.297205    33.1476      11286     7.8365 0.0000e+00
    100.000     6.1871   3.291276    33.1279      11309     7.8529 0.0000e+00
     99.000     6.1795   3.290182    33.1236      11329     7.8666 0.0000e+00
     98.000     6.1624   3.288015    33.1166      11347     7.8794 0.0000e+00
     97.000     6.1591   3.287359    33.1129      11367     7.8931 0.0000e+00
     96.000     6.1522   3.286391    33.1094      11390     7.9088 0.0000e+00
     95.000     6.1537   3.286442    33.1089      11417     7.9281 0.0000e+00
     94.000     6.1413   3.284603    33.1010      11450     7.9509 0.0000e+00
     93.000     6.1430   3.284612    33.0999      11482     7.9731 0.0000e+00
     92.000     6.1348   3.283248    33.0932      11509     7.9914 0.0000e+00
     91.000     6.1111   3.280570    33.0869      11532     8.0076 0.0000e+00
     90.000     6.0812   3.276667    33.0728      11556     8.0241 0.0000e+00
     89.000     6.0318   3.270545    33.0529      11581     8.0418 0.0000e+00
     88.000     5.9893   3.264844    33.0309      11608     8.0605 0.0000e+00
     87.000     5.9472   3.259305    33.0104      11634     8.0787 0.0000e+00
     86.000     5.9053   3.254080    32.9930      11661     8.0971 0.0000e+00
     85.000     5.8340   3.244804    32.9587      11688     8.1160 0.0000e+00
     84.000     5.7877   3.236110    32.9064      11714     8.1341 0.0000e+00
     83.000     5.7723   3.235389    32.9138      11739     8.1514 0.0000e+00
     82.000     5.6384   3.216583    32.8325      11762     8.1676 0.0000e+00
     81.000     5.5949   3.210127    32.8023      11785     8.1836 0.0000e+00
     80.000     5.5695   3.206030    32.7812      11809     8.1998 0.0000e+00
     79.000     5.5527   3.203100    32.7649      11833     8.2168 0.0000e+00
     78.000     5.4689   3.192336    32.7249      11861     8.2359 0.0000e+00
     77.000     5.4531   3.191622    32.7327      11894     8.2592 0.0000e+00
     76.000     5.3615   3.178517    32.6735      11932     8.2854 0.0000e+00
     75.000     5.3177   3.172734    32.6508      11961     8.3056 0.0000e+00
     74.000     5.2799   3.167440    32.6278      11981     8.3195 0.0000e+00
     73.000     5.2597   3.162507    32.5918      11998     8.3315 0.0000e+00
     72.000     5.2702   3.161792    32.5739      12016     8.3434 0.0000e+00
     71.000     5.2780   3.160216    32.5488      12034     8.3561 0.0000e+00
     70.000     5.2573   3.156122    32.5227      12056     8.3714 0.0000e+00
     69.000     5.1784   3.142320    32.4423      12088     8.3935 0.0000e+00
     68.000     5.1608   3.139327    32.4256      12133     8.4251 0.0000e+00
     67.000     5.0826   3.123482    32.3205      12167     8.4486 0.0000e+00
     66.000     5.0752   3.120585    32.2951      12190     8.4644 0.0000e+00
     65.000     5.0288   3.112983    32.2534      12210     8.4782 0.0000e+00
