HB2402/ctd182.cnv
* Sea-Bird SBE 9 Data File:
* FileName = C:\cruise\data\ctd182.hex
* Software Version Seasave V 7.26.7.121
* Temperature SN = 5253
* Conductivity SN = 4421
* Number of Bytes Per Scan = 37
* Number of Voltage Words = 4
* Number of Scans Averaged by the Deck Unit = 1
* NMEA Latitude = 42 13.37 N
* NMEA Longitude = 065 47.06 W
* NMEA UTC (Time) = Apr 29 2024 09:28:47
* NMEA baud rate = 4800
** Ship: Bigelow HB2402
** Program:  Spring Bottom Trawl Survey
** Chief Scientist: John Galbraith
# nquan = 7
# nvalues = 435                         
# units = specified
# name 0 = depSM: Depth [salt water, m]
# name 1 = t090C: Temperature [ITS-90, deg C]
# name 2 = c0S/m: Conductivity [S/m]
# name 3 = sal00: Salinity, Practical [PSU]
# name 4 = scan: Scan Count
# name 5 = timeM: Time, Elapsed [minutes]
# name 6 = flag: flag
# span 0 =      1.000,    219.000       
# span 1 =     4.1157,     9.9151       
# span 2 =   2.971935,   3.776832       
# span 3 =    31.2432,    34.8683       
# span 4 =       -289,      13872       
# span 5 =    -0.2016,     9.6326       
# span 6 = 0.0000e+00, 0.0000e+00       
# interval = meters: 1                  
# start_time = Apr 29 2024 09:28:47 [NMEA time, header]
# bad_flag = -9.990e-29
*END*
[from data line 206]
    209.000     8.9317   3.705149    34.8672       6149     4.2695 0.0000e+00
    210.000     8.9318   3.705208    34.8673       6166     4.2816 0.0000e+00
    211.000     8.9285   3.704980    34.8676       6186     4.2951 0.0000e+00
    212.000     8.9270   3.704904    34.8678       6210     4.3121 0.0000e+00
    213.000     8.9268   3.704912    34.8676       6246     4.3370 0.0000e+00
    214.000     8.9267   3.704937    34.8675       6290     4.3674 0.0000e+00
    215.000     8.9264   3.704960    34.8676       6325     4.3916 0.0000e+00
    216.000     8.9266   3.705027    34.8676       6352     4.4102 0.0000e+00
    217.000     8.9266   3.705071    34.8677       6376     4.4268 0.0000e+00
    218.000     8.9272   3.705160    34.8675       6414     4.4532 0.0000e+00
    219.000     8.9274   3.705174    34.8669       6536     4.5381 0.0000e+00
    218.000     8.9275   3.705174    34.8673       6534     4.5365 0.0000e+00
    217.000     8.9261   3.704971    34.8671       7201     4.9998 0.0000e+00
    216.000     8.9265   3.704957    34.8670       7307     5.0736 0.0000e+00
    215.000     8.9266   3.704915    34.8669       7322     5.0844 0.0000e+00
    214.000     8.9266   3.704856    34.8668       7344     5.0993 0.0000e+00
    213.000     8.9263   3.704801    34.8670       7364     5.1131 0.0000e+00
    212.000     8.9261   3.704741    34.8670       7385     5.1275 0.0000e+00
    211.000     8.9258   3.704682    34.8671       7409     5.1441 0.0000e+00
    210.000     8.9256   3.704616    34.8671       7439     5.1654 0.0000e+00
    209.000     8.9257   3.704566    34.8670       7475     5.1900 0.0000e+00
    208.000     8.9261   3.704544    34.8669       7506     5.2119 0.0000e+00
    207.000     8.9266   3.704523    34.8666       7532     5.2296 0.0000e+00
    206.000     8.9268   3.704499    34.8666       7555     5.2457 0.0000e+00
    205.000     8.9276   3.704504    34.8664       7576     5.2604 0.0000e+00
    204.000     8.9310   3.704737    34.8660       7596     5.2746 0.0000e+00
    203.000     8.9405   3.705414    34.8642       7618     5.2896 0.0000e+00
    202.000     8.9459   3.705768    34.8631       7641     5.3059 0.0000e+00
    201.000     8.9480   3.705891    34.8629       7668     5.3240 0.0000e+00
    200.000     8.9481   3.705911    34.8633       7698     5.3450 0.0000e+00
    199.000     8.9630   3.706889    34.8596       7731     5.3678 0.0000e+00
    198.000     8.9939   3.709293    34.8549       7760     5.3884 0.0000e+00
    197.000     9.0222   3.711447    34.8502       7785     5.4054 0.0000e+00
    196.000     9.0655   3.714591    34.8412       7807     5.4208 0.0000e+00
    195.000     9.0902   3.716632    34.8389       7828     5.4355 0.0000e+00
    194.000     9.1110   3.718140    34.8347       7851     5.4513 0.0000e+00
    193.000     9.1345   3.719894    34.8306       7876     5.4689 0.0000e+00
    192.000     9.1527   3.721244    34.8274       7902     5.4870 0.0000e+00
    191.000     9.1605   3.721876    34.8268       7928     5.5048 0.0000e+00
    190.000     9.1656   3.722269    34.8264       7956     5.5242 0.0000e+00
    189.000     9.1714   3.722678    34.8255       7987     5.5458 0.0000e+00
    188.000     9.1747   3.722895    34.8250       8018     5.5676 0.0000e+00
    187.000     9.1777   3.723066    34.8243       8043     5.5850 0.0000e+00
    186.000     9.1841   3.723516    34.8232       8065     5.6001 0.0000e+00
    185.000     9.1909   3.723981    34.8219       8086     5.6146 0.0000e+00
    184.000     9.1977   3.724437    34.8205       8107     5.6293 0.0000e+00
    183.000     9.2009   3.724640    34.8200       8131     5.6462 0.0000e+00
    182.000     9.2064   3.725073    34.8196       8161     5.6664 0.0000e+00
    181.000     9.2245   3.726388    34.8161       8192     5.6882 0.0000e+00
    180.000     9.2412   3.727618    34.8131       8221     5.7087 0.0000e+00
    179.000     9.2547   3.728830    34.8130       8249     5.7276 0.0000e+00
    178.000     9.2660   3.729708    34.8116       8277     5.7469 0.0000e+00
    177.000     9.2730   3.730307    34.8115       8305     5.7664 0.0000e+00
    176.000     9.2776   3.730709    34.8116       8331     5.7844 0.0000e+00
    175.000     9.2872   3.731493    34.8110       8353     5.8002 0.0000e+00
    174.000     9.2976   3.732339    34.8101       8374     5.8148 0.0000e+00
    173.000     9.3129   3.733511    34.8078       8395     5.8293 0.0000e+00
    172.000     9.3430   3.735755    34.8023       8418     5.8450 0.0000e+00
    171.000     9.3750   3.737965    34.7946       8445     5.8637 0.0000e+00
    170.000     9.3897   3.738443    34.7857       8481     5.8888 0.0000e+00
    169.000     9.4032   3.737649    34.7649       8519     5.9155 0.0000e+00
    168.000     9.3941   3.735343    34.7502       8550     5.9370 0.0000e+00
    167.000     9.3804   3.733199    34.7418       8575     5.9539 0.0000e+00
    166.000     9.3626   3.730273    34.7292       8597     5.9694 0.0000e+00
    165.000     9.3404   3.726964    34.7169       8618     5.9843 0.0000e+00
    164.000     9.3115   3.722471    34.6987       8641     5.9998 0.0000e+00
    163.000     9.2753   3.716286    34.6701       8663     6.0155 0.0000e+00
    162.000     9.2450   3.710352    34.6382       8686     6.0313 0.0000e+00
    161.000     9.2438   3.708608    34.6218       8710     6.0480 0.0000e+00
    160.000     9.2582   3.708640    34.6085       8739     6.0678 0.0000e+00
    159.000     9.3018   3.712410    34.6060       8777     6.0943 0.0000e+00
    158.000     9.3810   3.719180    34.6001       8814     6.1199 0.0000e+00
    157.000     9.4237   3.723350    34.6025       8842     6.1396 0.0000e+00
    156.000     9.5067   3.731885    34.6112       8867     6.1566 0.0000e+00
    155.000     9.6790   3.750669    34.6392       8889     6.1719 0.0000e+00
    154.000     9.7714   3.760924    34.6562       8908     6.1856 0.0000e+00
    153.000     9.8168   3.766012    34.6652       8928     6.1993 0.0000e+00
    152.000     9.8652   3.771352    34.6739       8949     6.2136 0.0000e+00
    151.000     9.8941   3.774617    34.6800       8972     6.2297 0.0000e+00
    150.000     9.9032   3.775749    34.6833       9003     6.2511 0.0000e+00
    149.000     9.9092   3.776357    34.6842       9048     6.2825 0.0000e+00
    148.000     9.9043   3.775528    34.6809       9084     6.3075 0.0000e+00
    147.000     9.8822   3.772983    34.6766       9108     6.3244 0.0000e+00
    146.000     9.8588   3.770049    34.6695       9129     6.3390 0.0000e+00
    145.000     9.7402   3.756198    34.6418       9150     6.3532 0.0000e+00
    144.000     9.6639   3.746778    34.6188       9171     6.3678 0.0000e+00
    143.000     9.5742   3.736282    34.5975       9193     6.3835 0.0000e+00
    142.000     9.4728   3.723546    34.5641       9219     6.4014 0.0000e+00
    141.000     9.3290   3.706083    34.5224       9251     6.4233 0.0000e+00
    140.000     9.2978   3.702322    34.5140       9287     6.4486 0.0000e+00
    139.000     9.2047   3.691221    34.4890       9320     6.4712 0.0000e+00
    138.000     9.1906   3.689184    34.4819       9345     6.4890 0.0000e+00
    137.000     9.1935   3.689375    34.4816       9366     6.5038 0.0000e+00
    136.000     9.1807   3.687761    34.4776       9387     6.5181 0.0000e+00
    135.000     9.1539   3.684501    34.4700       9409     6.5336 0.0000e+00
    134.000     9.1424   3.683025    34.4662       9438     6.5532 0.0000e+00
    133.000     9.1399   3.682558    34.4642       9474     6.5788 0.0000e+00
    132.000     9.1300   3.681076    34.4588       9507     6.6016 0.0000e+00
    131.000     9.1271   3.680638    34.4575       9533     6.6194 0.0000e+00
    130.000     9.1278   3.680642    34.4573       9558     6.6369 0.0000e+00
    129.000     9.1242   3.680153    34.4562       9584     6.6549 0.0000e+00
    128.000     9.1158   3.679159    34.4544       9610     6.6729 0.0000e+00
    127.000     9.1092   3.678415    34.4535       9634     6.6894 0.0000e+00
    126.000     9.1051   3.677820    34.4518       9657     6.7058 0.0000e+00
    125.000     9.1024   3.677196    34.4484       9684     6.7241 0.0000e+00
    124.000     9.1028   3.676913    34.4455       9720     6.7490 0.0000e+00
    123.000     9.0989   3.676055    34.4408       9756     6.7745 0.0000e+00
    122.000     9.0893   3.674443    34.4337       9783     6.7928 0.0000e+00
    121.000     9.0711   3.671839    34.4246       9805     6.8083 0.0000e+00
    120.000     9.0141   3.663785    34.3959       9828     6.8242 0.0000e+00
    119.000     8.9753   3.658366    34.3773       9853     6.8420 0.0000e+00
    118.000     8.9504   3.654792    34.3645       9882     6.8621 0.0000e+00
    117.000     8.9355   3.652684    34.3573       9912     6.8824 0.0000e+00
    116.000     8.8725   3.644257    34.3304       9938     6.9010 0.0000e+00
    115.000     8.7915   3.633384    34.2951       9965     6.9194 0.0000e+00
    114.000     8.7418   3.626108    34.2672       9998     6.9420 0.0000e+00
    113.000     8.6985   3.619798    34.2431      10036     6.9689 0.0000e+00
    112.000     8.6130   3.608175    34.2038      10066     6.9899 0.0000e+00
    111.000     8.5449   3.598829    34.1715      10089     7.0053 0.0000e+00
    110.000     8.4993   3.592982    34.1543      10107     7.0183 0.0000e+00
    109.000     8.4587   3.587709    34.1382      10126     7.0314 0.0000e+00
    108.000     8.4018   3.580317    34.1156      10147     7.0456 0.0000e+00
    107.000     8.3131   3.568673    34.0784      10177     7.0670 0.0000e+00
    106.000     8.2388   3.557944    34.0368      10233     7.1055 0.0000e+00
    105.000     8.1694   3.548841    34.0075      10271     7.1320 0.0000e+00
    104.000     8.0246   3.529173    33.9384      10297     7.1498 0.0000e+00
    103.000     7.8696   3.509642    33.8801      10318     7.1644 0.0000e+00
    102.000     7.7751   3.497276    33.8393      10337     7.1775 0.0000e+00
    101.000     7.7237   3.490955    33.8216      10354     7.1898 0.0000e+00
    100.000     7.6611   3.482814    33.7952      10373     7.2024 0.0000e+00
     99.000     7.6075   3.475763    33.7717      10394     7.2172 0.0000e+00
     98.000     7.5362   3.466066    33.7366      10432     7.2437 0.0000e+00
     97.000     7.4476   3.454450    33.6974      10492     7.2856 0.0000e+00
     96.000     7.4080   3.448657    33.6735      10519     7.3041 0.0000e+00
     95.000     7.3981   3.447335    33.6693      10538     7.3175 0.0000e+00
     94.000     7.3941   3.446551    33.6651      10556     7.3300 0.0000e+00
     93.000     7.3883   3.445595    33.6609      10575     7.3428 0.0000e+00
     92.000     7.3763   3.443698    33.6524      10596     7.3580 0.0000e+00
     91.000     7.3574   3.441116    33.6432      10625     7.3776 0.0000e+00
     90.000     7.3277   3.437338    33.6315      10664     7.4046 0.0000e+00
     89.000     7.2412   3.426334    33.5964      10705     7.4336 0.0000e+00
     88.000     7.1757   3.417876    33.5683      10731     7.4517 0.0000e+00
     87.000     7.1274   3.411753    33.5489      10752     7.4663 0.0000e+00
     86.000     7.0809   3.406156    33.5335      10772     7.4798 0.0000e+00
     85.000     7.0537   3.402720    33.5229      10792     7.4936 0.0000e+00
     84.000     7.0023   3.396426    33.5045      10813     7.5085 0.0000e+00
     83.000     6.9376   3.388566    33.4818      10838     7.5260 0.0000e+00
     82.000     6.8842   3.381916    33.4612      10877     7.5529 0.0000e+00
     81.000     6.8256   3.374791    33.4405      10937     7.5942 0.0000e+00
     80.000     6.7672   3.367726    33.4201      10963     7.6127 0.0000e+00
     79.000     6.7238   3.362519    33.4056      10981     7.6251 0.0000e+00
     78.000     6.6700   3.355776    33.3841      10997     7.6360 0.0000e+00
     77.000     6.6149   3.349333    33.3671      11012     7.6468 0.0000e+00
     76.000     6.5864   3.345492    33.3530      11030     7.6592 0.0000e+00
     75.000     6.5456   3.340590    33.3389      11053     7.6750 0.0000e+00
     74.000     6.5055   3.335654    33.3239      11086     7.6982 0.0000e+00
     73.000     6.4261   3.325616    33.2904      11144     7.7383 0.0000e+00
     72.000     6.2867   3.309018    33.2424      11185     7.7669 0.0000e+00
     71.000     6.2732   3.307059    33.2343      11208     7.7827 0.0000e+00
     70.000     6.2508   3.304167    33.2244      11226     7.7952 0.0000e+00
     69.000     6.2211   3.300375    33.2117      11242     7.8065 0.0000e+00
     68.000     6.1641   3.293479    33.1908      11258     7.8177 0.0000e+00
     67.000     6.1455   3.291157    33.1835      11276     7.8302 0.0000e+00
     66.000     6.1212   3.287952    33.1719      11303     7.8483 0.0000e+00
     65.000     6.0421   3.278447    33.1433      11352     7.8824 0.0000e+00
     64.000     5.9529   3.267232    33.1052      11391     7.9098 0.0000e+00
     63.000     5.8696   3.256729    33.0692      11421     7.9303 0.0000e+00
     62.000     5.8074   3.249290    33.0468      11448     7.9495 0.0000e+00
     61.000     5.7634   3.243725    33.0275      11471     7.9655 0.0000e+00
     60.000     5.6901   3.235120    33.0026      11492     7.9796 0.0000e+00
     59.000     5.6334   3.227649    32.9741      11510     7.9926 0.0000e+00
     58.000     5.5242   3.214394    32.9314      11529     8.0058 0.0000e+00
     57.000     5.4149   3.201687    32.8945      11552     8.0213 0.0000e+00
     56.000     5.3441   3.191663    32.8503      11585     8.0442 0.0000e+00
     55.000     5.3324   3.189479    32.8374      11630     8.0754 0.0000e+00
     54.000     5.2825   3.182380    32.8059      11667     8.1011 0.0000e+00
     53.000     5.2318   3.175621    32.7789      11697     8.1223 0.0000e+00
     52.000     5.1434   3.164212    32.7354      11722     8.1394 0.0000e+00
     51.000     5.0142   3.147400    32.6698      11741     8.1531 0.0000e+00
     50.000     4.9574   3.139965    32.6404      11759     8.1652 0.0000e+00
     49.000     4.9015   3.132789    32.6131      11776     8.1771 0.0000e+00
     48.000     4.8426   3.123730    32.5670      11795     8.1905 0.0000e+00
     47.000     4.7752   3.113870    32.5197      11823     8.2101 0.0000e+00
     46.000     4.7083   3.103901    32.4704      11869     8.2419 0.0000e+00
     45.000     4.6320   3.093236    32.4221      11907     8.2677 0.0000e+00
     44.000     4.5545   3.082998    32.3797      11932     8.2857 0.0000e+00
     43.000     4.5236   3.078189    32.3546      11957     8.3030 0.0000e+00
     42.000     4.4229   3.062503    32.2710      11985     8.3223 0.0000e+00
     41.000     4.3609   3.052508    32.2156      12012     8.3409 0.0000e+00
     40.000     4.3327   3.045455    32.1614      12033     8.3556 0.0000e+00
     39.000     4.3322   3.043193    32.1360      12050     8.3676 0.0000e+00
     38.000     4.3162   3.038541    32.0978      12067     8.3790 0.0000e+00
     37.000     4.3055   3.035233    32.0700      12085     8.3915 0.0000e+00
     36.000     4.2720   3.027418    32.0118      12124     8.4189 0.0000e+00
     35.000     4.2595   3.021122    31.9509      12187     8.4627 0.0000e+00
     34.000     4.2296   3.011005    31.8621      12207     8.4765 0.0000e+00
     33.000     4.1766   2.999416    31.7783      12224     8.4885 0.0000e+00
     32.000     4.1497   2.990165    31.6966      12242     8.5004 0.0000e+00
     31.000     4.1430   2.987574    31.6732      12260     8.5130 0.0000e+00
     30.000     4.1599   2.988473    31.6679      12282     8.5283 0.0000e+00
     29.000     4.1634   2.987210    31.6502      12308     8.5466 0.0000e+00
     28.000     4.1533   2.978727    31.5611      12339     8.5678 0.0000e+00
     27.000     4.3250   2.981895    31.4342      12369     8.5892 0.0000e+00
     26.000     4.5423   2.996485    31.3971      12397     8.6083 0.0000e+00
