HB2402/ctd225.cnv
* Sea-Bird SBE 9 Data File:
* FileName = C:\cruise\data\ctd225.hex
* Software Version Seasave V 7.26.7.121
* Temperature SN = 5253
* Conductivity SN = 4421
* Number of Bytes Per Scan = 37
* Number of Voltage Words = 4
* Number of Scans Averaged by the Deck Unit = 1
* NMEA Latitude = 42 57.36 N
* NMEA Longitude = 069 04.13 W
* NMEA UTC (Time) = May 08 2024 16:32:34
* NMEA baud rate = 4800
** Ship: Bigelow HB2402
** Program:  Spring Bottom Trawl Survey
** Chief Scientist: John Galbraith
# nquan = 7
# nvalues = 360                         
# units = specified
# name 0 = depSM: Depth [salt water, m]
# name 1 = t090C: Temperature [ITS-90, deg C]
# name 2 = c0S/m: Conductivity [S/m]
# name 3 = sal00: Salinity, Practical [PSU]
# name 4 = scan: Scan Count
# name 5 = timeM: Time, Elapsed [minutes]
# name 6 = flag: flag
# span 0 =      2.000,    182.000       
# span 1 =     5.1209,     9.6090       
# span 2 =   3.086019,   3.414917       
# span 3 =    29.6941,    33.3425       
# span 4 =        -92,      11258       
# span 5 =    -0.0643,     7.8172       
# span 6 = 0.0000e+00, 0.0000e+00       
# interval = meters: 1                  
# start_time = May 08 2024 16:32:34 [NMEA time, header]
# bad_flag = -9.990e-29
*END*
      3.000     9.5474   3.248129    29.6941        -92    -0.0643 0.0000e+00
      4.000     9.6090   3.316502    30.3348        125     0.0861 0.0000e+00
      5.000     9.5221   3.313948    30.3820        169     0.1164 0.0000e+00
      6.000     9.4592   3.312599    30.4212        199     0.1375 0.0000e+00
      7.000     9.1572   3.321570    30.7709        225     0.1554 0.0000e+00
      8.000     8.8247   3.309462    30.9340        249     0.1722 0.0000e+00
      9.000     8.5472   3.291172    30.9861        277     0.1919 0.0000e+00
     10.000     7.9324   3.253067    31.1284        310     0.2143 0.0000e+00
     11.000     7.6562   3.233306    31.1644        340     0.2354 0.0000e+00
     12.000     7.5457   3.225341    31.1779        364     0.2523 0.0000e+00
     13.000     7.5171   3.222893    31.1769        386     0.2674 0.0000e+00
     14.000     7.1571   3.199797    31.2525        409     0.2836 0.0000e+00
     15.000     6.7138   3.167448    31.3033        438     0.3035 0.0000e+00
     16.000     6.5614   3.160728    31.3687        471     0.3261 0.0000e+00
     17.000     6.3041   3.146713    31.4507        501     0.3470 0.0000e+00
     18.000     6.2788   3.145571    31.4610        525     0.3641 0.0000e+00
     19.000     6.2289   3.143464    31.4833        549     0.3807 0.0000e+00
     20.000     5.9466   3.127236    31.5648        575     0.3989 0.0000e+00
     21.000     5.7753   3.116649    31.6059        608     0.4219 0.0000e+00
     22.000     5.7364   3.113257    31.6038        645     0.4469 0.0000e+00
     23.000     5.6843   3.109570    31.6107        672     0.4658 0.0000e+00
     24.000     5.6422   3.107272    31.6239        693     0.4807 0.0000e+00
     25.000     5.5869   3.103543    31.6334        713     0.4947 0.0000e+00
     26.000     5.5683   3.102229    31.6356        737     0.5109 0.0000e+00
     27.000     5.5438   3.100819    31.6423        771     0.5345 0.0000e+00
     28.000     5.5372   3.100392    31.6431        810     0.5616 0.0000e+00
     29.000     5.5120   3.099043    31.6511        839     0.5818 0.0000e+00
     30.000     5.5029   3.098822    31.6568        864     0.5991 0.0000e+00
     31.000     5.5052   3.099828    31.6654        888     0.6157 0.0000e+00
     32.000     5.5163   3.102078    31.6799        911     0.6321 0.0000e+00
     33.000     5.4928   3.102590    31.7074        938     0.6510 0.0000e+00
     34.000     5.3800   3.097121    31.7516        971     0.6739 0.0000e+00
     35.000     5.3588   3.096361    31.7626       1002     0.6949 0.0000e+00
     36.000     5.3458   3.095719    31.7672       1027     0.7127 0.0000e+00
     37.000     5.3211   3.094622    31.7777       1055     0.7321 0.0000e+00
     38.000     5.3047   3.093782    31.7832       1085     0.7530 0.0000e+00
     39.000     5.2658   3.091831    31.7975       1114     0.7727 0.0000e+00
     40.000     5.2539   3.091543    31.8050       1139     0.7902 0.0000e+00
     41.000     5.2417   3.091412    31.8146       1165     0.8087 0.0000e+00
     42.000     5.2293   3.091148    31.8229       1196     0.8299 0.0000e+00
     43.000     5.2247   3.093492    31.8535       1224     0.8496 0.0000e+00
     44.000     5.2426   3.096600    31.8714       1252     0.8691 0.0000e+00
     45.000     5.2341   3.095890    31.8709       1285     0.8918 0.0000e+00
     46.000     5.2176   3.094749    31.8731       1315     0.9125 0.0000e+00
     47.000     5.1872   3.092463    31.8755       1338     0.9286 0.0000e+00
     48.000     5.1446   3.089589    31.8829       1361     0.9443 0.0000e+00
     49.000     5.1221   3.088848    31.8954       1392     0.9663 0.0000e+00
     50.000     5.1209   3.090490    31.9149       1427     0.9904 0.0000e+00
     51.000     5.1374   3.092644    31.9232       1463     1.0155 0.0000e+00
     52.000     5.1506   3.095220    31.9395       1494     1.0370 0.0000e+00
     53.000     5.1677   3.097468    31.9483       1518     1.0534 0.0000e+00
     54.000     5.1819   3.099347    31.9556       1539     1.0678 0.0000e+00
     55.000     5.1934   3.100840    31.9612       1561     1.0830 0.0000e+00
     56.000     5.1960   3.101228    31.9626       1585     1.0998 0.0000e+00
     57.000     5.2190   3.103855    31.9701       1615     1.1208 0.0000e+00
     58.000     5.2324   3.105397    31.9744       1664     1.1548 0.0000e+00
     59.000     5.2436   3.106697    31.9780       1705     1.1832 0.0000e+00
     60.000     5.2942   3.113149    32.0025       1728     1.1995 0.0000e+00
     61.000     5.3347   3.118375    32.0228       1747     1.2125 0.0000e+00
     62.000     5.3641   3.123051    32.0472       1765     1.2250 0.0000e+00
     63.000     5.4450   3.133934    32.0929       1786     1.2396 0.0000e+00
     64.000     5.4314   3.136708    32.1368       1817     1.2614 0.0000e+00
     65.000     5.4828   3.146693    32.2003       1858     1.2896 0.0000e+00
     66.000     5.5013   3.149661    32.2156       1895     1.3155 0.0000e+00
     67.000     5.5208   3.151858    32.2213       1926     1.3369 0.0000e+00
     68.000     5.5046   3.150045    32.2159       1950     1.3535 0.0000e+00
     69.000     5.5398   3.154300    32.2297       1972     1.3688 0.0000e+00
     70.000     5.5928   3.160008    32.2431       1996     1.3852 0.0000e+00
     71.000     5.6537   3.166940    32.2625       2025     1.4058 0.0000e+00
     72.000     5.6907   3.172729    32.2918       2062     1.4313 0.0000e+00
     73.000     5.7466   3.181455    32.3360       2094     1.4537 0.0000e+00
     74.000     5.7901   3.187383    32.3605       2121     1.4719 0.0000e+00
     75.000     5.8141   3.190978    32.3774       2145     1.4889 0.0000e+00
     76.000     5.8439   3.195108    32.3948       2171     1.5067 0.0000e+00
     77.000     5.8950   3.202683    32.4303       2203     1.5289 0.0000e+00
     78.000     5.9247   3.207376    32.4539       2242     1.5561 0.0000e+00
     79.000     5.9230   3.207820    32.4600       2271     1.5767 0.0000e+00
     80.000     5.9224   3.208266    32.4651       2296     1.5935 0.0000e+00
     81.000     5.9368   3.210562    32.4766       2320     1.6105 0.0000e+00
     82.000     5.9731   3.215282    32.4941       2345     1.6281 0.0000e+00
     83.000     6.0083   3.219575    32.5079       2371     1.6459 0.0000e+00
     84.000     6.0277   3.221990    32.5158       2400     1.6661 0.0000e+00
     85.000     6.0522   3.225110    32.5267       2436     1.6912 0.0000e+00
     86.000     6.0756   3.228137    32.5376       2468     1.7134 0.0000e+00
     87.000     6.1116   3.233497    32.5624       2497     1.7335 0.0000e+00
     88.000     6.1490   3.239133    32.5890       2528     1.7546 0.0000e+00
     89.000     6.1793   3.242820    32.6005       2555     1.7738 0.0000e+00
     90.000     6.2046   3.245990    32.6110       2583     1.7930 0.0000e+00
     91.000     6.2126   3.247135    32.6156       2611     1.8125 0.0000e+00
     92.000     6.2212   3.248617    32.6234       2639     1.8321 0.0000e+00
     93.000     6.2295   3.250076    32.6312       2666     1.8506 0.0000e+00
     94.000     6.2593   3.254249    32.6485       2694     1.8699 0.0000e+00
     95.000     6.2737   3.256274    32.6567       2722     1.8893 0.0000e+00
     96.000     6.3943   3.272789    32.7238       2751     1.9100 0.0000e+00
     97.000     6.4066   3.274333    32.7287       2789     1.9359 0.0000e+00
     98.000     6.4092   3.274861    32.7315       2825     1.9614 0.0000e+00
     99.000     6.4156   3.275981    32.7373       2852     1.9797 0.0000e+00
    100.000     6.4329   3.278584    32.7491       2875     1.9957 0.0000e+00
    101.000     6.4548   3.281850    32.7637       2898     2.0120 0.0000e+00
    102.000     6.4782   3.285233    32.7782       2924     2.0301 0.0000e+00
    103.000     6.4993   3.288408    32.7926       2957     2.0527 0.0000e+00
    104.000     6.5313   3.293333    32.8159       2994     2.0788 0.0000e+00
    105.000     6.5483   3.295698    32.8251       3025     2.0997 0.0000e+00
    106.000     6.5638   3.298050    32.8357       3049     2.1169 0.0000e+00
    107.000     6.6086   3.304187    32.8600       3076     2.1358 0.0000e+00
    108.000     6.6551   3.310536    32.8848       3110     2.1588 0.0000e+00
    109.000     6.6903   3.315184    32.9018       3145     2.1832 0.0000e+00
    110.000     6.6917   3.315496    32.9033       3174     2.2032 0.0000e+00
    111.000     6.7191   3.319243    32.9178       3200     2.2217 0.0000e+00
    112.000     6.7748   3.326823    32.9472       3227     2.2405 0.0000e+00
    113.000     6.7979   3.329811    32.9574       3254     2.2588 0.0000e+00
    114.000     6.8014   3.330340    32.9594       3279     2.2765 0.0000e+00
    115.000     6.8072   3.331194    32.9626       3308     2.2967 0.0000e+00
    116.000     6.8214   3.333203    32.9706       3346     2.3230 0.0000e+00
    117.000     6.8352   3.335225    32.9790       3384     2.3491 0.0000e+00
    118.000     6.8543   3.337787    32.9884       3416     2.3718 0.0000e+00
    119.000     6.8632   3.339150    32.9943       3443     2.3900 0.0000e+00
    120.000     6.8688   3.340273    33.0007       3466     2.4063 0.0000e+00
    121.000     6.8475   3.338869    33.0053       3490     2.4228 0.0000e+00
    122.000     6.9371   3.349450    33.0347       3516     2.4411 0.0000e+00
    123.000     6.9365   3.349971    33.0405       3545     2.4610 0.0000e+00
    124.000     6.9173   3.349437    33.0526       3577     2.4830 0.0000e+00
    125.000     6.9212   3.350058    33.0552       3619     2.5124 0.0000e+00
    126.000     6.9237   3.350487    33.0571       3659     2.5400 0.0000e+00
    127.000     6.9246   3.350670    33.0577       3685     2.5582 0.0000e+00
    128.000     6.9374   3.352375    33.0635       3706     2.5732 0.0000e+00
    129.000     6.9422   3.352985    33.0651       3726     2.5871 0.0000e+00
    130.000     6.9415   3.353248    33.0682       3747     2.6012 0.0000e+00
    131.000     6.9712   3.358059    33.0918       3771     2.6181 0.0000e+00
    132.000     6.9744   3.358916    33.0976       3814     2.6476 0.0000e+00
    133.000     6.9795   3.360062    33.1048       3862     2.6815 0.0000e+00
    134.000     6.9811   3.360544    33.1080       3893     2.7027 0.0000e+00
    135.000     6.9820   3.360733    33.1088       3917     2.7195 0.0000e+00
    136.000     6.9887   3.361712    33.1126       3939     2.7344 0.0000e+00
    137.000     7.0069   3.364088    33.1205       3960     2.7493 0.0000e+00
    138.000     7.0207   3.365991    33.1276       3985     2.7664 0.0000e+00
    139.000     7.0284   3.367212    33.1331       4014     2.7867 0.0000e+00
    140.000     7.0278   3.367435    33.1355       4046     2.8091 0.0000e+00
    141.000     7.0285   3.367710    33.1373       4083     2.8349 0.0000e+00
    142.000     7.0396   3.369029    33.1407       4119     2.8595 0.0000e+00
    143.000     7.0513   3.371045    33.1509       4149     2.8806 0.0000e+00
    144.000     7.0786   3.375319    33.1708       4175     2.8985 0.0000e+00
    145.000     7.0879   3.377083    33.1807       4197     2.9136 0.0000e+00
    146.000     7.1293   3.381423    33.1877       4217     2.9279 0.0000e+00
    147.000     7.1442   3.383255    33.1928       4243     2.9459 0.0000e+00
    148.000     7.1628   3.385764    33.2018       4281     2.9722 0.0000e+00
    149.000     7.1743   3.387487    33.2090       4322     3.0004 0.0000e+00
    150.000     7.1869   3.389566    33.2191       4353     3.0223 0.0000e+00
    151.000     7.2070   3.392980    33.2364       4378     3.0393 0.0000e+00
    152.000     7.2163   3.394506    33.2436       4401     3.0555 0.0000e+00
    153.000     7.2211   3.395275    33.2469       4426     3.0728 0.0000e+00
    154.000     7.2265   3.396233    33.2516       4453     3.0914 0.0000e+00
    155.000     7.2321   3.397207    33.2563       4482     3.1116 0.0000e+00
    156.000     7.2393   3.398538    33.2634       4513     3.1332 0.0000e+00
    157.000     7.2429   3.399280    33.2675       4547     3.1572 0.0000e+00
    158.000     7.2452   3.399772    33.2702       4578     3.1785 0.0000e+00
    159.000     7.2458   3.399960    33.2712       4604     3.1965 0.0000e+00
    160.000     7.2482   3.400508    33.2743       4628     3.2133 0.0000e+00
    161.000     7.2610   3.402906    33.2876       4654     3.2313 0.0000e+00
    162.000     7.2647   3.403617    33.2913       4684     3.2524 0.0000e+00
    163.000     7.2659   3.403920    33.2930       4718     3.2759 0.0000e+00
    164.000     7.2665   3.404072    33.2935       4750     3.2979 0.0000e+00
    165.000     7.2662   3.404081    33.2934       4776     3.3161 0.0000e+00
    166.000     7.2670   3.404252    33.2941       4800     3.3329 0.0000e+00
    167.000     7.2678   3.404376    33.2942       4826     3.3508 0.0000e+00
    168.000     7.2681   3.404495    33.2946       4855     3.3705 0.0000e+00
    169.000     7.2714   3.405065    33.2972       4883     3.3903 0.0000e+00
    170.000     7.2882   3.407529    33.3074       4913     3.4113 0.0000e+00
    171.000     7.2995   3.409233    33.3145       4949     3.4363 0.0000e+00
    172.000     7.3023   3.409732    33.3167       4980     3.4575 0.0000e+00
    173.000     7.3033   3.409935    33.3175       5003     3.4738 0.0000e+00
    174.000     7.3043   3.410179    33.3187       5025     3.4888 0.0000e+00
    175.000     7.3151   3.411822    33.3256       5047     3.5042 0.0000e+00
    176.000     7.3206   3.412670    33.3291       5076     3.5243 0.0000e+00
    177.000     7.3231   3.413167    33.3316       5112     3.5496 0.0000e+00
    178.000     7.3234   3.413282    33.3320       5148     3.5740 0.0000e+00
    179.000     7.3242   3.413487    33.3331       5179     3.5955 0.0000e+00
    180.000     7.3247   3.413642    33.3338       5210     3.6171 0.0000e+00
    181.000     7.3266   3.414149    33.3370       5245     3.6414 0.0000e+00
    182.000     7.3290   3.414917    33.3425       5840     4.0548 0.0000e+00
    181.000     7.3291   3.414842    33.3421       6054     4.2032 0.0000e+00
    180.000     7.3281   3.414561    33.3405       6083     4.2235 0.0000e+00
    179.000     7.3268   3.414191    33.3382       6112     4.2437 0.0000e+00
    178.000     7.3257   3.413912    33.3367       6143     4.2654 0.0000e+00
    177.000     7.3243   3.413534    33.3344       6173     4.2864 0.0000e+00
    176.000     7.3225   3.413123    33.3322       6202     4.3064 0.0000e+00
    175.000     7.3218   3.412941    33.3314       6231     4.3261 0.0000e+00
    174.000     7.3211   3.412770    33.3306       6256     4.3438 0.0000e+00
    173.000     7.3194   3.412438    33.3291       6280     4.3603 0.0000e+00
    172.000     7.3146   3.411656    33.3258       6306     4.3784 0.0000e+00
    171.000     7.3113   3.411113    33.3236       6336     4.3993 0.0000e+00
    170.000     7.3097   3.410827    33.3225       6367     4.4210 0.0000e+00
    169.000     7.3077   3.410486    33.3212       6396     4.4409 0.0000e+00
    168.000     7.3034   3.409819    33.3185       6423     4.4598 0.0000e+00
    167.000     7.2996   3.409247    33.3165       6453     4.4806 0.0000e+00
    166.000     7.2897   3.407738    33.3101       6488     4.5049 0.0000e+00
    165.000     7.2788   3.406167    33.3040       6515     4.5239 0.0000e+00
    164.000     7.2732   3.405283    33.3002       6538     4.5398 0.0000e+00
    163.000     7.2701   3.404784    33.2983       6562     4.5563 0.0000e+00
    162.000     7.2682   3.404433    33.2968       6590     4.5759 0.0000e+00
    161.000     7.2657   3.403966    33.2946       6626     4.6008 0.0000e+00
    160.000     7.2615   3.403174    33.2905       6665     4.6279 0.0000e+00
    159.000     7.2559   3.402098    33.2847       6692     4.6463 0.0000e+00
    158.000     7.2522   3.401384    33.2810       6714     4.6617 0.0000e+00
    157.000     7.2495   3.400825    33.2780       6735     4.6766 0.0000e+00
