HB2402/ctd238.cnv
* Sea-Bird SBE 9 Data File:
* FileName = C:\cruise\data\ctd238.hex
* Software Version Seasave V 7.26.7.121
* Temperature SN = 5253
* Conductivity SN = 4421
* Number of Bytes Per Scan = 37
* Number of Voltage Words = 4
* Number of Scans Averaged by the Deck Unit = 1
* NMEA Latitude = 42 31.43 N
* NMEA Longitude = 069 50.30 W
* NMEA UTC (Time) = May 11 2024 08:52:43
* NMEA baud rate = 4800
** Ship: Bigelow HB2402
** Program:  Spring Bottom Trawl Survey
** Chief Scientist: John Galbraith
# nquan = 7
# nvalues = 434                         
# units = specified
# name 0 = depSM: Depth [salt water, m]
# name 1 = t090C: Temperature [ITS-90, deg C]
# name 2 = c0S/m: Conductivity [S/m]
# name 3 = sal00: Salinity, Practical [PSU]
# name 4 = scan: Scan Count
# name 5 = timeM: Time, Elapsed [minutes]
# name 6 = flag: flag
# span 0 =      1.000,    218.000       
# span 1 =     4.9443,     9.3585       
# span 2 =   3.063793,   3.535813       
# span 3 =    30.7693,    33.9795       
# span 4 =        191,      14014       
# span 5 =     0.1322,     9.7314       
# span 6 = 0.0000e+00, 0.0000e+00       
# interval = meters: 1                  
# start_time = May 11 2024 08:52:43 [NMEA time, header]
# bad_flag = -9.990e-29
*END*
      2.000     9.3514   3.338705    30.7811        191     0.1322 0.0000e+00
      3.000     9.3504   3.338683    30.7813        363     0.2511 0.0000e+00
      4.000     9.3510   3.338760    30.7812        391     0.2712 0.0000e+00
      5.000     9.3514   3.338853    30.7813        420     0.2909 0.0000e+00
      6.000     9.3514   3.338868    30.7810        442     0.3060 0.0000e+00
      7.000     9.3510   3.338928    30.7815        463     0.3211 0.0000e+00
      8.000     9.3523   3.339073    30.7815        492     0.3410 0.0000e+00
      9.000     9.3552   3.339379    30.7817        525     0.3636 0.0000e+00
     10.000     9.3585   3.339728    30.7820        549     0.3808 0.0000e+00
     11.000     9.3539   3.339371    30.7819        571     0.3960 0.0000e+00
     12.000     9.3504   3.339139    30.7821        596     0.4134 0.0000e+00
     13.000     9.3284   3.338103    30.7900        627     0.4347 0.0000e+00
     14.000     9.2553   3.333644    30.8070        657     0.4557 0.0000e+00
     15.000     9.0671   3.322186    30.8516        682     0.4727 0.0000e+00
     16.000     8.5524   3.294995    31.0184        705     0.4889 0.0000e+00
     17.000     8.2333   3.274843    31.0881        732     0.5074 0.0000e+00
     18.000     8.0930   3.265539    31.1140        760     0.5272 0.0000e+00
     19.000     7.6263   3.233584    31.1906        785     0.5442 0.0000e+00
     20.000     6.6333   3.169439    31.3964        807     0.5597 0.0000e+00
     21.000     6.5607   3.163587    31.3984        831     0.5764 0.0000e+00
     22.000     6.5092   3.162552    31.4339        861     0.5973 0.0000e+00
     23.000     6.5560   3.169814    31.4702        895     0.6211 0.0000e+00
     24.000     6.5432   3.171821    31.5036        928     0.6434 0.0000e+00
     25.000     6.4924   3.169524    31.5247        951     0.6598 0.0000e+00
     26.000     6.3006   3.157061    31.5642        973     0.6747 0.0000e+00
     27.000     6.1784   3.148347    31.5805       1098     0.7621 0.0000e+00
     28.000     6.1392   3.144608    31.5750       1206     0.8365 0.0000e+00
     29.000     6.1148   3.142439    31.5731       1237     0.8581 0.0000e+00
     30.000     6.0650   3.138391    31.5739       1261     0.8747 0.0000e+00
     31.000     6.0032   3.133620    31.5779       1284     0.8913 0.0000e+00
     32.000     5.9592   3.130140    31.5796       1312     0.9108 0.0000e+00
     33.000     5.9405   3.132637    31.6245       1345     0.9331 0.0000e+00
     34.000     5.9224   3.131508    31.6283       1376     0.9552 0.0000e+00
     35.000     5.9119   3.130883    31.6307       1404     0.9744 0.0000e+00
     36.000     5.9049   3.130483    31.6323       1427     0.9901 0.0000e+00
     37.000     5.8884   3.129406    31.6352       1448     1.0047 0.0000e+00
     38.000     5.8824   3.129109    31.6370       1470     1.0199 0.0000e+00
     39.000     5.8672   3.128194    31.6405       1498     1.0394 0.0000e+00
     40.000     5.8534   3.127252    31.6424       1532     1.0629 0.0000e+00
     41.000     5.8052   3.123684    31.6471       1562     1.0841 0.0000e+00
     42.000     5.7608   3.120804    31.6559       1591     1.1043 0.0000e+00
     43.000     5.7550   3.120420    31.6566       1617     1.1225 0.0000e+00
     44.000     5.7082   3.116141    31.6520       1640     1.1379 0.0000e+00
     45.000     5.6204   3.109573    31.6601       1660     1.1520 0.0000e+00
     46.000     5.5692   3.105461    31.6615       1682     1.1677 0.0000e+00
     47.000     5.5061   3.100376    31.6630       1715     1.1904 0.0000e+00
     48.000     5.4832   3.098402    31.6618       1752     1.2162 0.0000e+00
     49.000     5.4377   3.094946    31.6651       1778     1.2342 0.0000e+00
     50.000     5.4131   3.093429    31.6707       1799     1.2489 0.0000e+00
     51.000     5.3562   3.089386    31.6781       1821     1.2641 0.0000e+00
     52.000     5.3027   3.085328    31.6821       1847     1.2820 0.0000e+00
     53.000     5.2716   3.083088    31.6857       1882     1.3062 0.0000e+00
     54.000     5.2375   3.080767    31.6911       1917     1.3307 0.0000e+00
     55.000     5.1911   3.077583    31.6983       1941     1.3472 0.0000e+00
     56.000     5.1113   3.071917    31.7089       1960     1.3606 0.0000e+00
     57.000     5.0735   3.069564    31.7175       1980     1.3740 0.0000e+00
     58.000     5.0593   3.068577    31.7193       2003     1.3905 0.0000e+00
     59.000     5.0161   3.065924    31.7294       2038     1.4145 0.0000e+00
     60.000     4.9951   3.064804    31.7361       2075     1.4406 0.0000e+00
     61.000     4.9895   3.064435    31.7368       2101     1.4582 0.0000e+00
     62.000     4.9827   3.064430    31.7427       2123     1.4737 0.0000e+00
     63.000     4.9790   3.064635    31.7481       2145     1.4890 0.0000e+00
     64.000     4.9779   3.064759    31.7501       2170     1.5060 0.0000e+00
     65.000     4.9794   3.065305    31.7544       2198     1.5256 0.0000e+00
     66.000     4.9797   3.065673    31.7578       2228     1.5466 0.0000e+00
     67.000     4.9547   3.063796    31.7597       2259     1.5680 0.0000e+00
     68.000     4.9443   3.063793    31.7690       2291     1.5904 0.0000e+00
     69.000     4.9552   3.065125    31.7734       2316     1.6076 0.0000e+00
     70.000     4.9622   3.066758    31.7850       2336     1.6215 0.0000e+00
     71.000     4.9605   3.067789    31.7980       2357     1.6360 0.0000e+00
     72.000     4.9707   3.069018    31.8018       2383     1.6541 0.0000e+00
     73.000     4.9709   3.069428    31.8058       2414     1.6760 0.0000e+00
     74.000     4.9674   3.069499    31.8095       2447     1.6986 0.0000e+00
     75.000     4.9645   3.069616    31.8131       2478     1.7199 0.0000e+00
     76.000     4.9569   3.069525    31.8188       2503     1.7374 0.0000e+00
     77.000     4.9536   3.069895    31.8257       2523     1.7515 0.0000e+00
     78.000     4.9635   3.071546    31.8346       2543     1.7652 0.0000e+00
     79.000     4.9976   3.075875    31.8511       2568     1.7823 0.0000e+00
     80.000     5.0240   3.079267    31.8643       2605     1.8086 0.0000e+00
     81.000     5.0264   3.079876    31.8685       2642     1.8338 0.0000e+00
     82.000     5.0258   3.080047    31.8705       2666     1.8506 0.0000e+00
     83.000     5.0304   3.080863    31.8750       2687     1.8655 0.0000e+00
     84.000     5.0628   3.084421    31.8841       2709     1.8808 0.0000e+00
     85.000     5.1021   3.089137    31.9000       2734     1.8977 0.0000e+00
     86.000     5.1452   3.094710    31.9220       2761     1.9166 0.0000e+00
     87.000     5.1579   3.096800    31.9332       2791     1.9378 0.0000e+00
     88.000     5.1687   3.098344    31.9401       2826     1.9620 0.0000e+00
     89.000     5.1730   3.099037    31.9433       2857     1.9831 0.0000e+00
     90.000     5.1802   3.100256    31.9498       2879     1.9989 0.0000e+00
     91.000     5.1931   3.102159    31.9587       2898     2.0119 0.0000e+00
     92.000     5.1994   3.103176    31.9638       2917     2.0247 0.0000e+00
     93.000     5.2201   3.106342    31.9795       2939     2.0405 0.0000e+00
     94.000     5.2457   3.109782    31.9938       2977     2.0666 0.0000e+00
     95.000     5.2530   3.110827    31.9982       3012     2.0910 0.0000e+00
     96.000     5.2650   3.112519    32.0055       3035     2.1072 0.0000e+00
     97.000     5.2905   3.116187    32.0223       3057     2.1222 0.0000e+00
     98.000     5.3167   3.120158    32.0420       3083     2.1403 0.0000e+00
     99.000     5.3312   3.122368    32.0528       3127     2.1709 0.0000e+00
    100.000     5.3453   3.124403    32.0618       3155     2.1905 0.0000e+00
    101.000     5.3825   3.129674    32.0856       3173     2.2028 0.0000e+00
    102.000     5.4159   3.133366    32.0951       3190     2.2144 0.0000e+00
    103.000     5.4357   3.136192    32.1077       3208     2.2268 0.0000e+00
    104.000     5.4386   3.136594    32.1089       3232     2.2441 0.0000e+00
    105.000     5.4364   3.136391    32.1083       3270     2.2698 0.0000e+00
    106.000     5.4312   3.135801    32.1061       3304     2.2938 0.0000e+00
    107.000     5.4305   3.135818    32.1065       3334     2.3148 0.0000e+00
    108.000     5.4371   3.136756    32.1102       3361     2.3331 0.0000e+00
    109.000     5.4359   3.136662    32.1099       3381     2.3470 0.0000e+00
    110.000     5.4448   3.138008    32.1161       3398     2.3593 0.0000e+00
    111.000     5.4723   3.141753    32.1317       3418     2.3728 0.0000e+00
    112.000     5.4930   3.144312    32.1405       3457     2.4003 0.0000e+00
    113.000     5.5117   3.146981    32.1522       3510     2.4367 0.0000e+00
    114.000     5.5128   3.147221    32.1534       3530     2.4504 0.0000e+00
    115.000     5.5233   3.148547    32.1579       3545     2.4613 0.0000e+00
    116.000     5.5746   3.155147    32.1829       3561     2.4719 0.0000e+00
    117.000     5.5994   3.157568    32.1861       3578     2.4842 0.0000e+00
    118.000     5.6685   3.165871    32.2131       3608     2.5047 0.0000e+00
    119.000     5.7695   3.177188    32.2435       3656     2.5380 0.0000e+00
    120.000     5.9277   3.196722    32.3112       3682     2.5564 0.0000e+00
    121.000     6.0026   3.205018    32.3320       3702     2.5701 0.0000e+00
    122.000     6.0735   3.214350    32.3681       3722     2.5839 0.0000e+00
    123.000     6.1266   3.222459    32.4074       3750     2.6037 0.0000e+00
    124.000     6.1333   3.224617    32.4246       3788     2.6300 0.0000e+00
    125.000     6.1545   3.229501    32.4582       3813     2.6475 0.0000e+00
    126.000     6.2150   3.240961    32.5276       3833     2.6611 0.0000e+00
    127.000     6.2302   3.244202    32.5486       3857     2.6777 0.0000e+00
    128.000     6.2500   3.248156    32.5731       3896     2.7051 0.0000e+00
    129.000     6.2787   3.253352    32.6029       3930     2.7285 0.0000e+00
    130.000     6.3434   3.264246    32.6613       3951     2.7433 0.0000e+00
    131.000     6.4205   3.275730    32.7143       3969     2.7557 0.0000e+00
    132.000     6.4784   3.283904    32.7487       3988     2.7690 0.0000e+00
    133.000     6.5480   3.294015    32.7933       4014     2.7867 0.0000e+00
    134.000     6.5927   3.301672    32.8344       4055     2.8156 0.0000e+00
    135.000     6.6033   3.304340    32.8532       4090     2.8398 0.0000e+00
    136.000     6.6168   3.307466    32.8742       4111     2.8540 0.0000e+00
    137.000     6.6226   3.308833    32.8833       4130     2.8674 0.0000e+00
    138.000     6.6241   3.309246    32.8859       4152     2.8827 0.0000e+00
    139.000     6.6273   3.310002    32.8906       4184     2.9047 0.0000e+00
    140.000     6.6308   3.310797    32.8955       4220     2.9298 0.0000e+00
    141.000     6.6515   3.314350    32.9144       4248     2.9495 0.0000e+00
    142.000     6.7143   3.323538    32.9547       4273     2.9669 0.0000e+00
    143.000     6.8637   3.345409    33.0507       4297     2.9833 0.0000e+00
    144.000     6.9594   3.358015    33.0964       4321     3.0003 0.0000e+00
    145.000     6.9765   3.360563    33.1073       4350     3.0199 0.0000e+00
    146.000     7.0144   3.365533    33.1248       4380     3.0409 0.0000e+00
    147.000     7.0332   3.368616    33.1398       4404     3.0579 0.0000e+00
    148.000     7.0833   3.375153    33.1626       4426     3.0730 0.0000e+00
    149.000     7.1997   3.390254    33.2148       4448     3.0885 0.0000e+00
    150.000     7.1994   3.390131    33.2133       4476     3.1078 0.0000e+00
    151.000     7.1463   3.383434    33.1908       4511     3.1319 0.0000e+00
    152.000     7.1299   3.381556    33.1857       4542     3.1532 0.0000e+00
    153.000     7.2652   3.400213    33.2582       4566     3.1703 0.0000e+00
    154.000     7.2925   3.403632    33.2686       4591     3.1876 0.0000e+00
    155.000     7.3308   3.409624    33.2963       4618     3.2066 0.0000e+00
    156.000     7.3937   3.417949    33.3256       4646     3.2254 0.0000e+00
    157.000     7.3965   3.418500    33.3284       4672     3.2434 0.0000e+00
    158.000     7.4127   3.420909    33.3385       4698     3.2617 0.0000e+00
    159.000     7.4267   3.423174    33.3491       4724     3.2802 0.0000e+00
    160.000     7.4482   3.426339    33.3622       4750     3.2982 0.0000e+00
    161.000     7.4558   3.427677    33.3688       4775     3.3153 0.0000e+00
    162.000     7.4580   3.428137    33.3712       4800     3.3327 0.0000e+00
    163.000     7.4661   3.429474    33.3774       4825     3.3503 0.0000e+00
    164.000     7.4794   3.431825    33.3895       4856     3.3713 0.0000e+00
    165.000     7.4873   3.433223    33.3966       4884     3.3908 0.0000e+00
    166.000     7.4941   3.434388    33.4021       4909     3.4085 0.0000e+00
    167.000     7.4971   3.435101    33.4065       4935     3.4266 0.0000e+00
    168.000     7.5032   3.436678    33.4172       4965     3.4474 0.0000e+00
    169.000     7.5082   3.438298    33.4294       4996     3.4690 0.0000e+00
    170.000     7.5162   3.440108    33.4407       5024     3.4882 0.0000e+00
    171.000     7.5237   3.441728    33.4505       5047     3.5044 0.0000e+00
    172.000     7.5311   3.443819    33.4655       5070     3.5204 0.0000e+00
    173.000     7.5447   3.446582    33.4818       5098     3.5396 0.0000e+00
    174.000     7.5555   3.448713    33.4939       5128     3.5604 0.0000e+00
    175.000     7.5590   3.449381    33.4973       5153     3.5778 0.0000e+00
    176.000     7.5543   3.448448    33.4912       5176     3.5937 0.0000e+00
    177.000     7.5620   3.449997    33.5001       5199     3.6096 0.0000e+00
    178.000     7.5685   3.451163    33.5059       5225     3.6275 0.0000e+00
    179.000     7.5768   3.452576    33.5127       5257     3.6500 0.0000e+00
    180.000     7.5839   3.453936    33.5200       5290     3.6730 0.0000e+00
    181.000     7.5886   3.454764    33.5239       5318     3.6923 0.0000e+00
    182.000     7.5899   3.455086    33.5256       5343     3.7097 0.0000e+00
    183.000     7.5931   3.455728    33.5290       5366     3.7258 0.0000e+00
    184.000     7.5986   3.456703    33.5338       5391     3.7433 0.0000e+00
    185.000     7.5980   3.456663    33.5334       5417     3.7611 0.0000e+00
    186.000     7.5992   3.456924    33.5346       5442     3.7786 0.0000e+00
    187.000     7.6030   3.457529    33.5370       5470     3.7979 0.0000e+00
    188.000     7.6059   3.457954    33.5384       5503     3.8207 0.0000e+00
    189.000     7.6033   3.457582    33.5363       5531     3.8400 0.0000e+00
    190.000     7.6033   3.457677    33.5369       5553     3.8557 0.0000e+00
    191.000     7.6043   3.457990    33.5388       5574     3.8699 0.0000e+00
    192.000     7.6035   3.457898    33.5381       5595     3.8850 0.0000e+00
    193.000     7.6042   3.458015    33.5383       5626     3.9065 0.0000e+00
    194.000     7.6085   3.458675    33.5407       5668     3.9352 0.0000e+00
    195.000     7.6072   3.458527    33.5399       5693     3.9529 0.0000e+00
    196.000     7.6044   3.458208    33.5387       5714     3.9670 0.0000e+00
    197.000     7.6077   3.458930    33.5428       5734     3.9815 0.0000e+00
    198.000     7.6193   3.460871    33.5521       5758     3.9982 0.0000e+00
    199.000     7.6260   3.462158    33.5590       5787     4.0179 0.0000e+00
    200.000     7.6583   3.467830    33.5884       5820     4.0408 0.0000e+00
    201.000     7.6700   3.469945    33.5995       5857     4.0666 0.0000e+00
    202.000     7.6823   3.472228    33.6118       5885     4.0860 0.0000e+00
    203.000     7.6997   3.476142    33.6366       5905     4.1002 0.0000e+00
    204.000     7.7267   3.481541    33.6681       5925     4.1138 0.0000e+00
    205.000     7.7416   3.484163    33.6814       5947     4.1292 0.0000e+00
    206.000     7.7616   3.488093    33.7038       5974     4.1479 0.0000e+00
