HB2402/ctd207.cnv
* Sea-Bird SBE 9 Data File:
* FileName = C:\cruise\data\ctd207.hex
* Software Version Seasave V 7.26.7.121
* Temperature SN = 5253
* Conductivity SN = 4421
* Number of Bytes Per Scan = 37
* Number of Voltage Words = 4
* Number of Scans Averaged by the Deck Unit = 1
* NMEA Latitude = 43 34.56 N
* NMEA Longitude = 067 24.24 W
* NMEA UTC (Time) = May 05 2024 06:45:57
* NMEA baud rate = 4800
** Ship: Bigelow HB2402
** Program:  Spring Bottom Trawl Survey
** Chief Scientist: John Galbraith
# nquan = 7
# nvalues = 423                         
# units = specified
# name 0 = depSM: Depth [salt water, m]
# name 1 = t090C: Temperature [ITS-90, deg C]
# name 2 = c0S/m: Conductivity [S/m]
# name 3 = sal00: Salinity, Practical [PSU]
# name 4 = scan: Scan Count
# name 5 = timeM: Time, Elapsed [minutes]
# name 6 = flag: flag
# span 0 =      1.000,    213.000       
# span 1 =     4.9935,     7.5405       
# span 2 =   3.095815,   3.493321       
# span 3 =    31.7125,    33.9718       
# span 4 =       -266,      13583       
# span 5 =    -0.1858,     9.4318       
# span 6 = 0.0000e+00, 0.0000e+00       
# interval = meters: 1                  
# start_time = May 05 2024 06:45:57 [NMEA time, header]
# bad_flag = -9.990e-29
*END*
      3.000     6.7536   3.207680    31.7125       -266    -0.1858 0.0000e+00
      4.000     6.7247   3.228717    31.9695        513     0.3559 0.0000e+00
      5.000     6.7101   3.227048    31.9644        394     0.2731 0.0000e+00
      6.000     6.6061   3.224106    32.0288        434     0.3008 0.0000e+00
      7.000     6.4832   3.212693    32.0177        478     0.3312 0.0000e+00
      8.000     6.4214   3.207159    32.0141        511     0.3542 0.0000e+00
      9.000     6.4110   3.205713    32.0075        547     0.3793 0.0000e+00
     10.000     6.4120   3.205844    32.0074        587     0.4070 0.0000e+00
     11.000     6.4101   3.205651    32.0067        626     0.4338 0.0000e+00
     12.000     6.3971   3.204613    32.0069        664     0.4601 0.0000e+00
     13.000     6.3878   3.203864    32.0069        699     0.4846 0.0000e+00
     14.000     6.3741   3.202767    32.0070        737     0.5113 0.0000e+00
     15.000     6.3647   3.202004    32.0070        779     0.5403 0.0000e+00
     16.000     6.3583   3.201502    32.0070        815     0.5654 0.0000e+00
     17.000     6.3456   3.200483    32.0072        940     0.6520 0.0000e+00
     18.000     6.3234   3.198748    32.0083       1086     0.7538 0.0000e+00
     19.000     6.2796   3.195187    32.0096       1113     0.7721 0.0000e+00
     20.000     6.2267   3.190948    32.0118       1142     0.7922 0.0000e+00
     21.000     6.1177   3.181723    32.0115       1168     0.8103 0.0000e+00
     22.000     5.9608   3.168106    32.0072       1195     0.8292 0.0000e+00
     23.000     5.8317   3.156853    32.0029       1221     0.8472 0.0000e+00
     24.000     5.7233   3.147206    31.9968       1246     0.8649 0.0000e+00
     25.000     5.6407   3.139840    31.9918       1273     0.8835 0.0000e+00
     26.000     5.5094   3.128686    31.9902       1302     0.9032 0.0000e+00
     27.000     5.4337   3.122256    31.9891       1330     0.9227 0.0000e+00
     28.000     5.4148   3.120727    31.9893       1356     0.9412 0.0000e+00
     29.000     5.4066   3.120056    31.9890       1382     0.9593 0.0000e+00
     30.000     5.3847   3.118368    31.9902       1409     0.9780 0.0000e+00
     31.000     5.3693   3.117097    31.9900       1435     0.9961 0.0000e+00
     32.000     5.3420   3.114900    31.9907       1462     1.0146 0.0000e+00
     33.000     5.1941   3.104170    32.0095       1487     1.0323 0.0000e+00
     34.000     5.1461   3.100882    32.0174       1514     1.0505 0.0000e+00
     35.000     5.1319   3.099837    32.0186       1541     1.0696 0.0000e+00
     36.000     5.1263   3.099413    32.0186       1569     1.0887 0.0000e+00
     37.000     5.1223   3.099150    32.0189       1595     1.1069 0.0000e+00
     38.000     5.1092   3.098313    32.0215       1621     1.1247 0.0000e+00
     39.000     5.0936   3.097388    32.0253       1648     1.1440 0.0000e+00
     40.000     5.0860   3.096974    32.0274       1676     1.1635 0.0000e+00
     41.000     5.0573   3.096166    32.0452       1703     1.1821 0.0000e+00
     42.000     5.0228   3.095815    32.0739       1730     1.2006 0.0000e+00
     43.000     4.9992   3.097000    32.1097       1756     1.2185 0.0000e+00
     44.000     4.9937   3.097904    32.1249       1781     1.2364 0.0000e+00
     45.000     4.9935   3.098435    32.1307       1807     1.2545 0.0000e+00
     46.000     4.9942   3.100421    32.1522       1834     1.2732 0.0000e+00
     47.000     4.9986   3.101753    32.1628       1863     1.2928 0.0000e+00
     48.000     5.0047   3.103074    32.1715       1890     1.3118 0.0000e+00
     49.000     5.0022   3.103372    32.1770       1916     1.3296 0.0000e+00
     50.000     5.0144   3.108261    32.2207       1942     1.3480 0.0000e+00
     51.000     5.0444   3.114524    32.2630       1969     1.3668 0.0000e+00
     52.000     5.0574   3.116977    32.2780       1996     1.3854 0.0000e+00
     53.000     5.0891   3.121969    32.3040       2023     1.4044 0.0000e+00
     54.000     5.1368   3.128259    32.3293       2051     1.4235 0.0000e+00
     55.000     5.1398   3.129584    32.3410       2077     1.4418 0.0000e+00
     56.000     5.1651   3.134070    32.3673       2104     1.4601 0.0000e+00
     57.000     5.1945   3.138979    32.3944       2129     1.4778 0.0000e+00
     58.000     5.2295   3.143507    32.4117       2154     1.4955 0.0000e+00
     59.000     5.3005   3.152868    32.4491       2181     1.5136 0.0000e+00
     60.000     5.5825   3.185602    32.5473       2209     1.5333 0.0000e+00
     61.000     5.6257   3.192893    32.5874       2238     1.5537 0.0000e+00
     62.000     5.7271   3.206302    32.6401       2267     1.5734 0.0000e+00
     63.000     5.7460   3.209764    32.6604       2291     1.5905 0.0000e+00
     64.000     5.7647   3.212421    32.6718       2316     1.6073 0.0000e+00
     65.000     5.7829   3.214800    32.6804       2341     1.6248 0.0000e+00
     66.000     5.7893   3.215792    32.6849       2367     1.6431 0.0000e+00
     67.000     5.7935   3.216559    32.6890       2394     1.6620 0.0000e+00
     68.000     5.8030   3.217878    32.6941       2423     1.6822 0.0000e+00
     69.000     5.8092   3.218767    32.6976       2452     1.7019 0.0000e+00
     70.000     5.8187   3.220160    32.7036       2476     1.7191 0.0000e+00
     71.000     5.8389   3.222945    32.7149       2501     1.7361 0.0000e+00
     72.000     5.8988   3.230688    32.7434       2528     1.7549 0.0000e+00
     73.000     6.0282   3.246969    32.8002       2557     1.7749 0.0000e+00
     74.000     6.1400   3.261168    32.8503       2582     1.7923 0.0000e+00
     75.000     6.1617   3.265020    32.8719       2608     1.8103 0.0000e+00
     76.000     6.1881   3.269173    32.8921       2635     1.8295 0.0000e+00
     77.000     6.2126   3.272597    32.9061       2662     1.8482 0.0000e+00
     78.000     6.2093   3.275913    32.9458       2687     1.8654 0.0000e+00
     79.000     6.2691   3.285327    32.9923       2712     1.8825 0.0000e+00
     80.000     6.2856   3.288019    33.0057       2739     1.9013 0.0000e+00
     81.000     6.2769   3.288662    33.0208       2766     1.9201 0.0000e+00
     82.000     6.2377   3.286110    33.0299       2793     1.9389 0.0000e+00
     83.000     6.2441   3.288452    33.0493       2820     1.9578 0.0000e+00
     84.000     6.2556   3.290864    33.0645       2847     1.9765 0.0000e+00
     85.000     6.2634   3.292258    33.0720       2874     1.9952 0.0000e+00
     86.000     6.2627   3.292942    33.0798       2901     2.0138 0.0000e+00
     87.000     6.2614   3.293199    33.0835       2925     2.0306 0.0000e+00
     88.000     6.2635   3.293970    33.0895       2950     2.0477 0.0000e+00
     89.000     6.2973   3.299384    33.1164       2977     2.0665 0.0000e+00
     90.000     6.3521   3.306884    33.1460       3006     2.0870 0.0000e+00
     91.000     6.3764   3.309944    33.1560       3033     2.1055 0.0000e+00
     92.000     6.3976   3.312814    33.1667       3057     2.1225 0.0000e+00
     93.000     6.4111   3.314678    33.1738       3085     2.1417 0.0000e+00
     94.000     6.4172   3.316034    33.1823       3114     2.1620 0.0000e+00
     95.000     6.4243   3.317223    33.1882       3140     2.1802 0.0000e+00
     96.000     6.4384   3.319404    33.1981       3166     2.1980 0.0000e+00
     97.000     6.4845   3.325601    33.2216       3193     2.2165 0.0000e+00
     98.000     6.6889   3.350084    33.2931       3218     2.2344 0.0000e+00
     99.000     6.7376   3.356146    33.3121       3243     2.2516 0.0000e+00
    100.000     6.7510   3.358592    33.3255       3270     2.2703 0.0000e+00
    101.000     6.7444   3.358102    33.3260       3300     2.2913 0.0000e+00
    102.000     6.7446   3.358306    33.3275       3328     2.3103 0.0000e+00
    103.000     6.7418   3.358417    33.3310       3353     2.3278 0.0000e+00
    104.000     6.7434   3.359353    33.3393       3379     2.3458 0.0000e+00
    105.000     6.7509   3.360742    33.3468       3408     2.3657 0.0000e+00
    106.000     6.7935   3.366854    33.3721       3436     2.3853 0.0000e+00
    107.000     6.8546   3.374692    33.3984       3461     2.4028 0.0000e+00
    108.000     6.8720   3.376778    33.4040       3486     2.4203 0.0000e+00
    109.000     6.8934   3.379345    33.4109       3514     2.4394 0.0000e+00
    110.000     6.8509   3.375215    33.4063       3540     2.4579 0.0000e+00
    111.000     6.8557   3.377326    33.4244       3565     2.4748 0.0000e+00
    112.000     6.8825   3.381094    33.4392       3591     2.4934 0.0000e+00
    113.000     6.8776   3.381455    33.4475       3621     2.5142 0.0000e+00
    114.000     6.8776   3.381789    33.4506       3649     2.5332 0.0000e+00
    115.000     6.8765   3.381876    33.4522       3674     2.5507 0.0000e+00
    116.000     6.8736   3.381660    33.4522       3701     2.5694 0.0000e+00
    117.000     6.8722   3.381607    33.4524       3730     2.5894 0.0000e+00
    118.000     6.8723   3.381922    33.4552       3756     2.6076 0.0000e+00
    119.000     6.8870   3.384615    33.4701       3781     2.6253 0.0000e+00
    120.000     6.9045   3.387038    33.4791       3809     2.6446 0.0000e+00
    121.000     6.9164   3.388774    33.4861       3837     2.6636 0.0000e+00
    122.000     6.9401   3.392231    33.5004       3862     2.6811 0.0000e+00
    123.000     6.9678   3.395796    33.5121       3886     2.6982 0.0000e+00
    124.000     7.0040   3.401120    33.5347       3913     2.7169 0.0000e+00
    125.000     7.0209   3.404107    33.5504       3944     2.7379 0.0000e+00
    126.000     7.0370   3.407227    33.5685       3973     2.7585 0.0000e+00
    127.000     7.0626   3.411935    33.5945       4000     2.7770 0.0000e+00
    128.000     7.0648   3.412314    33.5960       4024     2.7939 0.0000e+00
    129.000     7.0620   3.412165    33.5966       4049     2.8114 0.0000e+00
    130.000     7.0586   3.411969    33.5973       4075     2.8294 0.0000e+00
    131.000     7.0546   3.411706    33.5979       4102     2.8478 0.0000e+00
    132.000     7.0541   3.411787    33.5988       4130     2.8670 0.0000e+00
    133.000     7.0612   3.412969    33.6042       4159     2.8874 0.0000e+00
    134.000     7.0765   3.415379    33.6152       4187     2.9067 0.0000e+00
    135.000     7.0835   3.416473    33.6199       4214     2.9255 0.0000e+00
    136.000     7.0986   3.418713    33.6291       4239     2.9431 0.0000e+00
    137.000     7.1151   3.421325    33.6411       4264     2.9602 0.0000e+00
    138.000     7.1352   3.424518    33.6559       4290     2.9788 0.0000e+00
    139.000     7.1500   3.426945    33.6674       4320     2.9994 0.0000e+00
    140.000     7.1563   3.428148    33.6739       4347     3.0181 0.0000e+00
    141.000     7.1705   3.430408    33.6842       4372     3.0353 0.0000e+00
    142.000     7.2101   3.435869    33.7047       4397     3.0529 0.0000e+00
    143.000     7.2397   3.440315    33.7238       4425     3.0719 0.0000e+00
    144.000     7.3061   3.449300    33.7563       4452     3.0913 0.0000e+00
    145.000     7.3171   3.450768    33.7611       4480     3.1106 0.0000e+00
    146.000     7.3247   3.451906    33.7655       4509     3.1304 0.0000e+00
    147.000     7.3353   3.453457    33.7716       4535     3.1486 0.0000e+00
    148.000     7.3385   3.453970    33.7736       4560     3.1659 0.0000e+00
    149.000     7.3445   3.454881    33.7772       4587     3.1845 0.0000e+00
    150.000     7.3488   3.455542    33.7796       4612     3.2022 0.0000e+00
    151.000     7.3507   3.455862    33.7808       4638     3.2201 0.0000e+00
    152.000     7.3535   3.456311    33.7824       4666     3.2394 0.0000e+00
    153.000     7.3556   3.456631    33.7834       4696     3.2605 0.0000e+00
    154.000     7.3557   3.456752    33.7841       4723     3.2794 0.0000e+00
    155.000     7.3555   3.456795    33.7843       4747     3.2962 0.0000e+00
    156.000     7.3545   3.456763    33.7845       4772     3.3135 0.0000e+00
    157.000     7.3530   3.456666    33.7844       4800     3.3324 0.0000e+00
    158.000     7.3526   3.456701    33.7846       4828     3.3518 0.0000e+00
    159.000     7.3521   3.456692    33.7845       4854     3.3698 0.0000e+00
    160.000     7.3518   3.456704    33.7845       4882     3.3897 0.0000e+00
    161.000     7.3507   3.456646    33.7845       4911     3.4100 0.0000e+00
    162.000     7.3507   3.456708    33.7846       4938     3.4284 0.0000e+00
    163.000     7.3499   3.456670    33.7845       4962     3.4454 0.0000e+00
    164.000     7.3492   3.456694    33.7850       4987     3.4625 0.0000e+00
    165.000     7.3512   3.457002    33.7859       5013     3.4803 0.0000e+00
    166.000     7.3513   3.457127    33.7866       5039     3.4985 0.0000e+00
    167.000     7.3531   3.457434    33.7878       5066     3.5177 0.0000e+00
    168.000     7.3564   3.457940    33.7895       5095     3.5376 0.0000e+00
    169.000     7.3683   3.459494    33.7944       5125     3.5582 0.0000e+00
    170.000     7.3714   3.460099    33.7974       5153     3.5780 0.0000e+00
    171.000     7.3718   3.460284    33.7986       5180     3.5963 0.0000e+00
    172.000     7.3721   3.460395    33.7990       5206     3.6147 0.0000e+00
    173.000     7.3722   3.460445    33.7990       5233     3.6333 0.0000e+00
    174.000     7.3711   3.460403    33.7991       5259     3.6515 0.0000e+00
    175.000     7.3685   3.460301    33.8000       5284     3.6690 0.0000e+00
    176.000     7.3605   3.459838    33.8023       5310     3.6868 0.0000e+00
    177.000     7.3592   3.459854    33.8033       5337     3.7054 0.0000e+00
    178.000     7.3549   3.459673    33.8050       5364     3.7245 0.0000e+00
    179.000     7.3531   3.459566    33.8051       5392     3.7436 0.0000e+00
    180.000     7.3594   3.460738    33.8112       5419     3.7627 0.0000e+00
    181.000     7.3656   3.461812    33.8164       5446     3.7815 0.0000e+00
    182.000     7.3674   3.462194    33.8183       5474     3.8004 0.0000e+00
    183.000     7.3899   3.466233    33.8397       5502     3.8198 0.0000e+00
    184.000     7.4218   3.471547    33.8657       5528     3.8379 0.0000e+00
    185.000     7.4308   3.473355    33.8760       5552     3.8548 0.0000e+00
    186.000     7.4394   3.475081    33.8859       5578     3.8729 0.0000e+00
    187.000     7.4419   3.475616    33.8887       5606     3.8925 0.0000e+00
    188.000     7.4501   3.477228    33.8977       5634     3.9119 0.0000e+00
    189.000     7.4538   3.477940    33.9013       5661     3.9305 0.0000e+00
    190.000     7.4612   3.479364    33.9090       5687     3.9489 0.0000e+00
    191.000     7.4645   3.479978    33.9119       5715     3.9678 0.0000e+00
    192.000     7.4690   3.480884    33.9169       5741     3.9861 0.0000e+00
    193.000     7.4779   3.482454    33.9247       5765     4.0030 0.0000e+00
    194.000     7.4818   3.483138    33.9278       5792     4.0215 0.0000e+00
    195.000     7.4849   3.483694    33.9304       5822     4.0426 0.0000e+00
    196.000     7.4924   3.485039    33.9371       5850     4.0617 0.0000e+00
    197.000     7.5070   3.487468    33.9487       5875     4.0791 0.0000e+00
    198.000     7.5098   3.487942    33.9506       5901     4.0970 0.0000e+00
    199.000     7.5189   3.489440    33.9574       5928     4.1157 0.0000e+00
    200.000     7.5244   3.490275    33.9606       5955     4.1346 0.0000e+00
    201.000     7.5255   3.490543    33.9620       5983     4.1544 0.0000e+00
    202.000     7.5292   3.491141    33.9643       6010     4.1732 0.0000e+00
    203.000     7.5319   3.491595    33.9661       6036     4.1912 0.0000e+00
    204.000     7.5386   3.492631    33.9703       6063     4.2100 0.0000e+00
    205.000     7.5391   3.492773    33.9708       6092     4.2297 0.0000e+00
    206.000     7.5398   3.492916    33.9712       6117     4.2475 0.0000e+00
    207.000     7.5398   3.492972    33.9713       6142     4.2647 0.0000e+00
