HB2402/ctd203.cnv
* Sea-Bird SBE 9 Data File:
* FileName = C:\cruise\data\ctd203.hex
* Software Version Seasave V 7.26.7.121
* Temperature SN = 5253
* Conductivity SN = 4421
* Number of Bytes Per Scan = 37
* Number of Voltage Words = 4
* Number of Scans Averaged by the Deck Unit = 1
* NMEA Latitude = 42 59.94 N
* NMEA Longitude = 068 25.46 W
* NMEA UTC (Time) = May 04 2024 14:01:06
* NMEA baud rate = 4800
** Ship: Bigelow HB2402
** Program:  Spring Bottom Trawl Survey
** Chief Scientist: John Galbraith
# nquan = 7
# nvalues = 377                         
# units = specified
# name 0 = depSM: Depth [salt water, m]
# name 1 = t090C: Temperature [ITS-90, deg C]
# name 2 = c0S/m: Conductivity [S/m]
# name 3 = sal00: Salinity, Practical [PSU]
# name 4 = scan: Scan Count
# name 5 = timeM: Time, Elapsed [minutes]
# name 6 = flag: flag
# span 0 =      1.000,    191.000       
# span 1 =     4.9590,     7.6475       
# span 2 =   3.079299,   3.497927       
# span 3 =    31.6807,    33.9291       
# span 4 =        128,      12184       
# span 5 =     0.0880,     8.4603       
# span 6 = 0.0000e+00, 0.0000e+00       
# interval = meters: 1                  
# start_time = May 04 2024 14:01:06 [NMEA time, header]
# bad_flag = -9.990e-29
*END*
      5.000     7.0330   3.232102    31.7202        128     0.0880 0.0000e+00
      6.000     7.0342   3.232265    31.7204        209     0.1445 0.0000e+00
      7.000     7.0419   3.232958    31.7203        237     0.1637 0.0000e+00
      8.000     7.0511   3.233800    31.7206        284     0.1965 0.0000e+00
      9.000     7.0464   3.233499    31.7212        307     0.2127 0.0000e+00
     10.000     7.0461   3.233518    31.7212        326     0.2260 0.0000e+00
     11.000     7.0449   3.233439    31.7209        346     0.2394 0.0000e+00
     12.000     7.0434   3.233303    31.7204        473     0.3277 0.0000e+00
     13.000     7.0119   3.230633    31.7199        551     0.3819 0.0000e+00
     14.000     6.9545   3.225497    31.7164        576     0.3990 0.0000e+00
     15.000     6.9491   3.225071    31.7163        606     0.4202 0.0000e+00
     16.000     6.9265   3.223040    31.7146        642     0.4453 0.0000e+00
     17.000     6.9214   3.222629    31.7143        672     0.4662 0.0000e+00
     18.000     6.9076   3.221355    31.7127        695     0.4819 0.0000e+00
     19.000     6.8736   3.218442    31.7118        717     0.4972 0.0000e+00
     20.000     6.8834   3.219336    31.7120        741     0.5139 0.0000e+00
     21.000     6.8810   3.219105    31.7113        770     0.5343 0.0000e+00
     22.000     6.8694   3.218143    31.7110        802     0.5565 0.0000e+00
     23.000     6.8338   3.214928    31.7083        832     0.5772 0.0000e+00
     24.000     6.8038   3.212295    31.7068        862     0.5979 0.0000e+00
     25.000     6.8090   3.212811    31.7071        888     0.6163 0.0000e+00
     26.000     6.7942   3.211357    31.7045        910     0.6310 0.0000e+00
     27.000     6.7387   3.206338    31.7003        930     0.6450 0.0000e+00
     28.000     6.6361   3.197676    31.6999        954     0.6621 0.0000e+00
     29.000     6.5803   3.193106    31.7009        991     0.6873 0.0000e+00
     30.000     6.5797   3.192927    31.6990       1024     0.7106 0.0000e+00
     31.000     6.5816   3.193033    31.6979       1049     0.7278 0.0000e+00
     32.000     6.5165   3.187339    31.6953       1073     0.7448 0.0000e+00
     33.000     6.4419   3.181341    31.6980       1102     0.7643 0.0000e+00
     34.000     6.3952   3.177338    31.6967       1131     0.7848 0.0000e+00
     35.000     6.3055   3.169762    31.6959       1158     0.8036 0.0000e+00
     36.000     6.1187   3.155020    31.7060       1183     0.8211 0.0000e+00
     37.000     5.9231   3.140162    31.7230       1209     0.8392 0.0000e+00
     38.000     5.7347   3.126682    31.7485       1236     0.8578 0.0000e+00
     39.000     5.6221   3.118773    31.7651       1265     0.8780 0.0000e+00
     40.000     5.5818   3.115625    31.7671       1295     0.8988 0.0000e+00
     41.000     5.5385   3.112281    31.7699       1325     0.9193 0.0000e+00
     42.000     5.4932   3.108943    31.7744       1353     0.9386 0.0000e+00
     43.000     5.3187   3.096372    31.7968       1380     0.9574 0.0000e+00
     44.000     5.2402   3.090922    31.8090       1407     0.9765 0.0000e+00
     45.000     5.2262   3.089881    31.8099       1435     0.9958 0.0000e+00
     46.000     5.1999   3.088392    31.8176       1462     1.0148 0.0000e+00
     47.000     5.1893   3.088130    31.8242       1489     1.0331 0.0000e+00
     48.000     5.1437   3.085866    31.8413       1516     1.0521 0.0000e+00
     49.000     5.1029   3.083864    31.8569       1546     1.0729 0.0000e+00
     50.000     5.0801   3.082752    31.8655       1576     1.0940 0.0000e+00
     51.000     5.0599   3.081450    31.8694       1603     1.1127 0.0000e+00
     52.000     5.0362   3.080416    31.8796       1628     1.1299 0.0000e+00
     53.000     4.9784   3.079299    31.9218       1653     1.1469 0.0000e+00
     54.000     4.9737   3.081485    31.9508       1681     1.1668 0.0000e+00
     55.000     4.9604   3.083006    31.9805       1715     1.1899 0.0000e+00
     56.000     4.9590   3.084418    31.9976       1746     1.2119 0.0000e+00
     57.000     4.9637   3.085432    32.0042       1773     1.2305 0.0000e+00
     58.000     4.9644   3.085694    32.0060       1796     1.2465 0.0000e+00
     59.000     4.9618   3.085661    32.0076       1820     1.2631 0.0000e+00
     60.000     4.9613   3.086359    32.0156       1851     1.2848 0.0000e+00
     61.000     4.9657   3.087712    32.0265       1886     1.3087 0.0000e+00
     62.000     4.9871   3.091597    32.0499       1913     1.3278 0.0000e+00
     63.000     5.0476   3.099508    32.0818       1936     1.3439 0.0000e+00
     64.000     5.0722   3.102605    32.0932       1959     1.3599 0.0000e+00
     65.000     5.0667   3.103603    32.1094       1987     1.3791 0.0000e+00
     66.000     5.0693   3.105247    32.1252       2021     1.4030 0.0000e+00
     67.000     5.0716   3.106182    32.1331       2057     1.4280 0.0000e+00
     68.000     5.0695   3.106645    32.1399       2084     1.4467 0.0000e+00
     69.000     5.0729   3.107277    32.1434       2107     1.4623 0.0000e+00
     70.000     5.0754   3.107678    32.1451       2129     1.4780 0.0000e+00
     71.000     5.0759   3.108172    32.1497       2154     1.4949 0.0000e+00
     72.000     5.1160   3.113814    32.1752       2183     1.5153 0.0000e+00
     73.000     5.1716   3.120681    32.1996       2216     1.5381 0.0000e+00
     74.000     5.2085   3.126706    32.2324       2246     1.5591 0.0000e+00
     75.000     5.2674   3.134539    32.2643       2274     1.5785 0.0000e+00
     76.000     5.3517   3.143678    32.2866       2303     1.5986 0.0000e+00
     77.000     5.3856   3.147493    32.2968       2332     1.6185 0.0000e+00
     78.000     5.4021   3.149411    32.3022       2357     1.6360 0.0000e+00
     79.000     5.4322   3.152780    32.3110       2380     1.6520 0.0000e+00
     80.000     5.4538   3.155054    32.3154       2404     1.6690 0.0000e+00
     81.000     5.4778   3.157812    32.3231       2433     1.6891 0.0000e+00
     82.000     5.5103   3.161574    32.3340       2465     1.7114 0.0000e+00
     83.000     5.5579   3.168155    32.3622       2497     1.7333 0.0000e+00
     84.000     5.6670   3.182689    32.4209       2524     1.7524 0.0000e+00
     85.000     5.8674   3.210419    32.5395       2550     1.7703 0.0000e+00
     86.000     6.1870   3.249782    32.6721       2575     1.7878 0.0000e+00
     87.000     6.2121   3.252440    32.6771       2600     1.8047 0.0000e+00
     88.000     6.2137   3.252878    32.6799       2624     1.8217 0.0000e+00
     89.000     6.2295   3.255195    32.6901       2654     1.8422 0.0000e+00
     90.000     6.2382   3.256690    32.6978       2690     1.8676 0.0000e+00
     91.000     6.2614   3.260772    32.7205       2721     1.8886 0.0000e+00
     92.000     6.3110   3.269550    32.7699       2744     1.9045 0.0000e+00
     93.000     6.3526   3.276434    32.8058       2765     1.9191 0.0000e+00
     94.000     6.3879   3.283227    32.8467       2788     1.9355 0.0000e+00
     95.000     6.4080   3.288603    32.8865       2818     1.9566 0.0000e+00
     96.000     6.4289   3.292706    32.9113       2851     1.9794 0.0000e+00
     97.000     6.4442   3.296888    32.9424       2879     1.9986 0.0000e+00
     98.000     6.4445   3.298355    32.9579       2905     2.0163 0.0000e+00
     99.000     6.4638   3.301057    32.9687       2932     2.0353 0.0000e+00
    100.000     6.4917   3.304182    32.9759       2959     2.0540 0.0000e+00
    101.000     6.5129   3.307084    32.9871       2984     2.0718 0.0000e+00
    102.000     6.5388   3.311007    33.0050       3009     2.0890 0.0000e+00
    103.000     6.5350   3.311831    33.0172       3034     2.1066 0.0000e+00
    104.000     6.5268   3.311323    33.0190       3062     2.1256 0.0000e+00
    105.000     6.5055   3.309719    33.0214       3095     2.1483 0.0000e+00
    106.000     6.4723   3.307487    33.0283       3130     2.1730 0.0000e+00
    107.000     6.4968   3.312227    33.0566       3156     2.1910 0.0000e+00
    108.000     6.5330   3.317798    33.0827       3177     2.2054 0.0000e+00
    109.000     6.5394   3.323421    33.1383       3196     2.2189 0.0000e+00
    110.000     6.5688   3.329634    33.1780       3218     2.2337 0.0000e+00
    111.000     6.6822   3.345014    33.2373       3246     2.2532 0.0000e+00
    112.000     6.7211   3.350188    33.2561       3282     2.2782 0.0000e+00
    113.000     6.7489   3.354224    33.2731       3314     2.3009 0.0000e+00
    114.000     6.7533   3.355577    33.2832       3340     2.3188 0.0000e+00
    115.000     6.7908   3.360862    33.3045       3364     2.3351 0.0000e+00
    116.000     6.8202   3.364794    33.3187       3387     2.3515 0.0000e+00
    117.000     6.8309   3.367155    33.3337       3412     2.3686 0.0000e+00
    118.000     6.8280   3.367646    33.3415       3439     2.3875 0.0000e+00
    119.000     6.8273   3.368127    33.3470       3469     2.4086 0.0000e+00
    120.000     6.8432   3.371566    33.3688       3498     2.4285 0.0000e+00
    121.000     6.8960   3.378612    33.3944       3523     2.4459 0.0000e+00
    122.000     6.9837   3.391430    33.4492       3548     2.4629 0.0000e+00
    123.000     7.0292   3.399794    33.4962       3575     2.4817 0.0000e+00
    124.000     7.0904   3.409363    33.5407       3603     2.5016 0.0000e+00
    125.000     7.1469   3.416554    33.5639       3630     2.5205 0.0000e+00
    126.000     7.1706   3.420319    33.5815       3657     2.5389 0.0000e+00
    127.000     7.1790   3.422107    33.5923       3687     2.5596 0.0000e+00
    128.000     7.1919   3.423982    33.5997       3718     2.5813 0.0000e+00
    129.000     7.1895   3.424205    33.6040       3742     2.5981 0.0000e+00
    130.000     7.1901   3.424622    33.6074       3763     2.6125 0.0000e+00
    131.000     7.1903   3.424775    33.6084       3784     2.6268 0.0000e+00
    132.000     7.1823   3.424225    33.6097       3807     2.6427 0.0000e+00
    133.000     7.1844   3.425198    33.6178       3839     2.6652 0.0000e+00
    134.000     7.2581   3.435838    33.6615       3879     2.6930 0.0000e+00
    135.000     7.2961   3.440254    33.6721       3909     2.7137 0.0000e+00
    136.000     7.2980   3.440475    33.6722       3932     2.7296 0.0000e+00
    137.000     7.3061   3.441987    33.6803       3956     2.7469 0.0000e+00
    138.000     7.3046   3.442303    33.6846       3984     2.7660 0.0000e+00
    139.000     7.2748   3.439628    33.6841       4010     2.7841 0.0000e+00
    140.000     7.2598   3.438674    33.6878       4032     2.7991 0.0000e+00
    141.000     7.2980   3.443271    33.7001       4052     2.8134 0.0000e+00
    142.000     7.3097   3.445159    33.7088       4077     2.8308 0.0000e+00
    143.000     7.3016   3.444877    33.7131       4113     2.8555 0.0000e+00
    144.000     7.2971   3.444977    33.7181       4151     2.8819 0.0000e+00
    145.000     7.2937   3.444812    33.7192       4179     2.9015 0.0000e+00
    146.000     7.2920   3.444866    33.7209       4206     2.9204 0.0000e+00
    147.000     7.2888   3.445052    33.7256       4232     2.9381 0.0000e+00
    148.000     7.2963   3.446632    33.7349       4253     2.9531 0.0000e+00
    149.000     7.3042   3.448294    33.7448       4274     2.9675 0.0000e+00
    150.000     7.3102   3.449705    33.7539       4300     2.9853 0.0000e+00
    151.000     7.3157   3.450883    33.7608       4335     3.0094 0.0000e+00
    152.000     7.3191   3.451599    33.7648       4364     3.0299 0.0000e+00
    153.000     7.3299   3.453821    33.7779       4388     3.0466 0.0000e+00
    154.000     7.3930   3.462814    33.8136       4415     3.0650 0.0000e+00
    155.000     7.4157   3.465580    33.8209       4453     3.0918 0.0000e+00
    156.000     7.4397   3.468537    33.8291       4487     3.1152 0.0000e+00
    157.000     7.4983   3.475888    33.8512       4509     3.1307 0.0000e+00
    158.000     7.5307   3.479578    33.8591       4529     3.1442 0.0000e+00
    159.000     7.5580   3.483381    33.8731       4548     3.1574 0.0000e+00
    160.000     7.6099   3.490271    33.8965       4570     3.1731 0.0000e+00
    161.000     7.6387   3.493862    33.9067       4611     3.2012 0.0000e+00
    162.000     7.6435   3.494578    33.9093       4654     3.2314 0.0000e+00
    163.000     7.6462   3.495157    33.9125       4678     3.2477 0.0000e+00
    164.000     7.6385   3.494749    33.9150       4699     3.2628 0.0000e+00
    165.000     7.6377   3.494755    33.9153       4724     3.2799 0.0000e+00
    166.000     7.6365   3.494713    33.9156       4754     3.3007 0.0000e+00
    167.000     7.6320   3.494432    33.9165       4783     3.3209 0.0000e+00
    168.000     7.6376   3.495146    33.9182       4807     3.3377 0.0000e+00
    169.000     7.6362   3.495105    33.9187       4833     3.3554 0.0000e+00
    170.000     7.6403   3.495631    33.9199       4866     3.3788 0.0000e+00
    171.000     7.6411   3.495727    33.9196       4901     3.4027 0.0000e+00
    172.000     7.6453   3.496511    33.9235       4927     3.4207 0.0000e+00
    173.000     7.6474   3.496874    33.9250       4952     3.4380 0.0000e+00
    174.000     7.6472   3.496948    33.9255       4980     3.4573 0.0000e+00
    175.000     7.6464   3.496970    33.9260       5009     3.4776 0.0000e+00
    176.000     7.6466   3.497042    33.9261       5037     3.4973 0.0000e+00
    177.000     7.6467   3.497100    33.9262       5067     3.5178 0.0000e+00
    178.000     7.6463   3.497134    33.9263       5096     3.5381 0.0000e+00
    179.000     7.6469   3.497229    33.9264       5122     3.5566 0.0000e+00
    180.000     7.6459   3.497202    33.9266       5149     3.5753 0.0000e+00
    181.000     7.6452   3.497197    33.9267       5180     3.5967 0.0000e+00
    182.000     7.6448   3.497267    33.9273       5210     3.6174 0.0000e+00
    183.000     7.6451   3.497325    33.9272       5236     3.6354 0.0000e+00
    184.000     7.6466   3.497498    33.9271       5262     3.6538 0.0000e+00
    185.000     7.6458   3.497493    33.9274       5295     3.6767 0.0000e+00
    186.000     7.6460   3.497610    33.9279       5328     3.6993 0.0000e+00
    187.000     7.6463   3.497766    33.9289       5354     3.7171 0.0000e+00
    188.000     7.6463   3.497795    33.9287       5379     3.7345 0.0000e+00
    189.000     7.6463   3.497857    33.9289       5407     3.7541 0.0000e+00
    190.000     7.6464   3.497897    33.9288       5437     3.7752 0.0000e+00
    191.000     7.6461   3.497927    33.9289       5494     3.8147 0.0000e+00
    190.000     7.6458   3.497877    33.9291       5704     3.9604 0.0000e+00
    189.000     7.6469   3.497811    33.9279       6092     4.2301 0.0000e+00
    188.000     7.6465   3.497750    33.9280       6237     4.3305 0.0000e+00
    187.000     7.6463   3.497685    33.9280       6259     4.3459 0.0000e+00
    186.000     7.6466   3.497657    33.9279       6282     4.3620 0.0000e+00
    185.000     7.6467   3.497634    33.9281       6303     4.3763 0.0000e+00
    184.000     7.6468   3.497598    33.9281       6324     4.3911 0.0000e+00
    183.000     7.6466   3.497535    33.9280       6349     4.4085 0.0000e+00
    182.000     7.6465   3.497477    33.9280       6379     4.4288 0.0000e+00
    181.000     7.6465   3.497431    33.9280       6407     4.4483 0.0000e+00
    180.000     7.6462   3.497356    33.9280       6431     4.4655 0.0000e+00
    179.000     7.6461   3.497302    33.9279       6453     4.4807 0.0000e+00
    178.000     7.6462   3.497266    33.9279       6476     4.4968 0.0000e+00
    177.000     7.6462   3.497209    33.9278       6502     4.5148 0.0000e+00
    176.000     7.6465   3.497201    33.9279       6531     4.5350 0.0000e+00
    175.000     7.6470   3.497205    33.9280       6560     4.5546 0.0000e+00
    174.000     7.6475   3.497202    33.9279       6584     4.5717 0.0000e+00
    173.000     7.6475   3.497143    33.9278       6607     4.5877 0.0000e+00
