HB2402/ctd227.cnv
* Sea-Bird SBE 9 Data File:
* FileName = C:\cruise\data\ctd227.hex
* Software Version Seasave V 7.26.7.121
* Temperature SN = 5253
* Conductivity SN = 4421
* Number of Bytes Per Scan = 37
* Number of Voltage Words = 4
* Number of Scans Averaged by the Deck Unit = 1
* NMEA Latitude = 43 08.57 N
* NMEA Longitude = 069 45.80 W
* NMEA UTC (Time) = May 09 2024 07:46:32
* NMEA baud rate = 4800
** Ship: Bigelow HB2402
** Program:  Spring Bottom Trawl Survey
** Chief Scientist: John Galbraith
# nquan = 7
# nvalues = 301                         
# units = specified
# name 0 = depSM: Depth [salt water, m]
# name 1 = t090C: Temperature [ITS-90, deg C]
# name 2 = c0S/m: Conductivity [S/m]
# name 3 = sal00: Salinity, Practical [PSU]
# name 4 = scan: Scan Count
# name 5 = timeM: Time, Elapsed [minutes]
# name 6 = flag: flag
# span 0 =      1.000,    152.000       
# span 1 =     4.8952,     9.4651       
# span 2 =   3.067406,   3.480213       
# span 3 =    30.9109,    33.5577       
# span 4 =        105,      10533       
# span 5 =     0.0720,     7.3141       
# span 6 = 0.0000e+00, 0.0000e+00       
# interval = meters: 1                  
# start_time = May 09 2024 07:46:32 [NMEA time, header]
# bad_flag = -9.990e-29
*END*
[from data line 206]
     95.000     6.3303   3.258416    32.6262       6740     4.6798 0.0000e+00
     94.000     6.3022   3.255296    32.6190       6765     4.6975 0.0000e+00
     93.000     6.2704   3.250879    32.6008       6791     4.7153 0.0000e+00
     92.000     6.2306   3.245278    32.5772       6815     4.7321 0.0000e+00
     91.000     6.2004   3.241279    32.5621       6841     4.7497 0.0000e+00
     90.000     6.1684   3.237143    32.5471       6869     4.7698 0.0000e+00
     89.000     6.1351   3.233004    32.5334       6901     4.7919 0.0000e+00
     88.000     6.1073   3.229528    32.5218       6931     4.8127 0.0000e+00
     87.000     6.0928   3.227193    32.5101       6957     4.8303 0.0000e+00
     86.000     6.0824   3.225571    32.5024       6980     4.8468 0.0000e+00
     85.000     6.0774   3.224739    32.4984       7006     4.8644 0.0000e+00
     84.000     6.0664   3.222956    32.4895       7034     4.8840 0.0000e+00
     83.000     6.0275   3.218090    32.4729       7063     4.9042 0.0000e+00
     82.000     5.8686   3.200222    32.4254       7092     4.9243 0.0000e+00
     81.000     5.7203   3.181021    32.3524       7121     4.9447 0.0000e+00
     80.000     5.5866   3.164736    32.2975       7149     4.9638 0.0000e+00
     79.000     5.5460   3.159294    32.2754       7173     4.9805 0.0000e+00
     78.000     5.5304   3.157381    32.2692       7196     4.9962 0.0000e+00
     77.000     5.5041   3.153813    32.2546       7221     5.0137 0.0000e+00
     76.000     5.3672   3.139115    32.2199       7249     5.0336 0.0000e+00
     75.000     5.2728   3.127172    32.1752       7281     5.0556 0.0000e+00
     74.000     5.1820   3.116783    32.1446       7310     5.0755 0.0000e+00
     73.000     5.1270   3.110480    32.1260       7337     5.0942 0.0000e+00
     72.000     5.0735   3.103693    32.1003       7362     5.1120 0.0000e+00
     71.000     5.0124   3.096407    32.0761       7387     5.1294 0.0000e+00
     70.000     4.9764   3.091886    32.0595       7413     5.1475 0.0000e+00
     69.000     4.9702   3.090598    32.0512       7441     5.1663 0.0000e+00
     68.000     4.9627   3.089445    32.0457       7468     5.1852 0.0000e+00
     67.000     4.9571   3.088331    32.0388       7494     5.2036 0.0000e+00
     66.000     4.9508   3.086697    32.0266       7520     5.2217 0.0000e+00
     65.000     4.9449   3.085059    32.0140       7546     5.2398 0.0000e+00
     64.000     4.9445   3.084472    32.0081       7574     5.2587 0.0000e+00
     63.000     4.9417   3.083479    31.9999       7601     5.2779 0.0000e+00
     62.000     4.9392   3.082802    31.9951       7629     5.2972 0.0000e+00
     61.000     4.9327   3.081622    31.9882       7656     5.3161 0.0000e+00
     60.000     4.9283   3.080807    31.9836       7682     5.3342 0.0000e+00
     59.000     4.9272   3.080081    31.9768       7706     5.3506 0.0000e+00
     58.000     4.9249   3.079123    31.9685       7731     5.3680 0.0000e+00
     57.000     4.9259   3.078593    31.9620       7757     5.3862 0.0000e+00
     56.000     4.9279   3.078229    31.9564       7785     5.4052 0.0000e+00
     55.000     4.9334   3.078179    31.9510       7812     5.4246 0.0000e+00
     54.000     4.9449   3.078464    31.9437       7840     5.4437 0.0000e+00
     53.000     4.9456   3.078308    31.9418       7866     5.4621 0.0000e+00
     52.000     4.9495   3.078167    31.9369       7891     5.4793 0.0000e+00
     51.000     4.9519   3.078056    31.9339       7915     5.4961 0.0000e+00
     50.000     4.9563   3.077952    31.9290       7940     5.5134 0.0000e+00
     49.000     4.9594   3.077658    31.9231       7967     5.5319 0.0000e+00
     48.000     4.9627   3.076593    31.9082       7995     5.5517 0.0000e+00
     47.000     4.9609   3.075446    31.8973       8023     5.5711 0.0000e+00
     46.000     4.9559   3.074504    31.8918       8049     5.5892 0.0000e+00
     45.000     4.9500   3.073783    31.8896       8075     5.6072 0.0000e+00
     44.000     4.9413   3.072493    31.8837       8100     5.6243 0.0000e+00
     43.000     4.9242   3.070231    31.8746       8126     5.6423 0.0000e+00
     42.000     4.9128   3.068342    31.8643       8152     5.6606 0.0000e+00
     41.000     4.9531   3.070865    31.8551       8177     5.6780 0.0000e+00
     40.000     5.0007   3.073868    31.8446       8202     5.6952 0.0000e+00
     39.000     5.0976   3.079960    31.8222       8229     5.7136 0.0000e+00
     38.000     5.1797   3.084980    31.8019       8258     5.7343 0.0000e+00
     37.000     5.2513   3.089066    31.7808       8286     5.7535 0.0000e+00
     36.000     5.2685   3.089921    31.7746       8310     5.7699 0.0000e+00
     35.000     5.2794   3.090399    31.7702       8333     5.7860 0.0000e+00
     34.000     5.3004   3.091464    31.7629       8358     5.8032 0.0000e+00
     33.000     5.3328   3.093081    31.7510       8383     5.8211 0.0000e+00
     32.000     5.3604   3.094554    31.7421       8410     5.8394 0.0000e+00
     31.000     5.3898   3.096112    31.7325       8436     5.8579 0.0000e+00
     30.000     5.4111   3.097353    31.7268       8464     5.8771 0.0000e+00
     29.000     5.4412   3.099191    31.7197       8493     5.8974 0.0000e+00
     28.000     5.4787   3.101266    31.7082       8522     5.9172 0.0000e+00
     27.000     5.5174   3.103290    31.6951       8547     5.9347 0.0000e+00
     26.000     5.5637   3.105826    31.6805       8569     5.9503 0.0000e+00
     25.000     5.6263   3.108731    31.6549       8592     5.9658 0.0000e+00
     24.000     5.7005   3.111928    31.6215       8615     5.9819 0.0000e+00
     23.000     5.7896   3.114942    31.5724       8640     5.9990 0.0000e+00
     22.000     5.9106   3.120898    31.5266       8667     6.0179 0.0000e+00
     21.000     6.0659   3.128432    31.4667       8696     6.0381 0.0000e+00
     20.000     6.2932   3.138751    31.3713       8725     6.0580 0.0000e+00
     19.000     6.2955   3.139377    31.3766       8752     6.0771 0.0000e+00
     18.000     6.3186   3.140814    31.3716       8778     6.0950 0.0000e+00
     17.000     6.3369   3.142518    31.3740       8802     6.1117 0.0000e+00
     16.000     6.4176   3.148377    31.3649       8826     6.1285 0.0000e+00
     15.000     6.6635   3.165849    31.3318       8852     6.1467 0.0000e+00
     14.000     7.1326   3.199097    31.2670       8878     6.1643 0.0000e+00
     13.000     7.4979   3.223645    31.2022       8901     6.1805 0.0000e+00
     12.000     7.8072   3.239984    31.1002       8925     6.1972 0.0000e+00
     11.000     8.1635   3.261974    31.0170       8951     6.2150 0.0000e+00
     10.000     8.8449   3.310734    30.9286       8979     6.2349 0.0000e+00
      9.000     8.9922   3.324170    30.9395       9006     6.2534 0.0000e+00
      8.000     9.1585   3.339472    30.9531       9029     6.2695 0.0000e+00
      7.000     9.2181   3.344230    30.9507       9052     6.2851 0.0000e+00
      6.000     9.4192   3.362130    30.9601       9574     6.6482 0.0000e+00
      5.000     9.4569   3.366024    30.9677      10349     7.1859 0.0000e+00
      4.000     9.4565   3.365872    30.9670      10324     7.1689 0.0000e+00
      3.000     9.4536   3.365576    30.9669      10388     7.2129 0.0000e+00
      2.000     9.4533   3.365541    30.9673      10456     7.2602 0.0000e+00
      1.000     9.4515   3.365282    30.9666      10533     7.3141 0.0000e+00
