HB2402/ctd231.cnv
* Sea-Bird SBE 9 Data File:
* FileName = C:\cruise\data\ctd231.hex
* Software Version Seasave V 7.26.7.121
* Temperature SN = 5253
* Conductivity SN = 4421
* Number of Bytes Per Scan = 37
* Number of Voltage Words = 4
* Number of Scans Averaged by the Deck Unit = 1
* NMEA Latitude = 43 34.94 N
* NMEA Longitude = 069 42.98 W
* NMEA UTC (Time) = May 10 2024 00:30:50
* NMEA baud rate = 4800
** Ship: Bigelow HB2402
** Program:  Spring Bottom Trawl Survey
** Chief Scientist: John Galbraith
# nquan = 7
# nvalues = 192                         
# units = specified
# name 0 = depSM: Depth [salt water, m]
# name 1 = t090C: Temperature [ITS-90, deg C]
# name 2 = c0S/m: Conductivity [S/m]
# name 3 = sal00: Salinity, Practical [PSU]
# name 4 = scan: Scan Count
# name 5 = timeM: Time, Elapsed [minutes]
# name 6 = flag: flag
# span 0 =      2.000,     98.000       
# span 1 =     4.6862,     9.9933       
# span 2 =   3.033306,   3.296986       
# span 3 =    29.0296,    32.0827       
# span 4 =         50,       6120       
# span 5 =     0.0344,     4.2496       
# span 6 = 0.0000e+00, 0.0000e+00       
# interval = meters: 1                  
# start_time = May 10 2024 00:30:50 [NMEA time, header]
# bad_flag = -9.990e-29
*END*
      3.000     9.6701   3.192206    29.0296         50     0.0344 0.0000e+00
      4.000     9.7632   3.232890    29.3630        151     0.1043 0.0000e+00
      5.000     9.7378   3.264359    29.7000        204     0.1411 0.0000e+00
      6.000     9.8071   3.272720    29.7266        229     0.1581 0.0000e+00
      7.000     9.7708   3.279940    29.8290        249     0.1725 0.0000e+00
      8.000     9.2755   3.275668    30.1996        272     0.1879 0.0000e+00
      9.000     8.9710   3.263374    30.3315        299     0.2066 0.0000e+00
     10.000     8.3843   3.226768    30.4551        329     0.2279 0.0000e+00
     11.000     7.6488   3.175199    30.5514        356     0.2464 0.0000e+00
     12.000     6.6146   3.103654    30.6968        381     0.2640 0.0000e+00
     13.000     6.2657   3.083344    30.7874        407     0.2822 0.0000e+00
     14.000     6.0750   3.069241    30.8038        436     0.3020 0.0000e+00
     15.000     5.8662   3.056674    30.8538        464     0.3214 0.0000e+00
     16.000     5.5288   3.044281    31.0241        490     0.3397 0.0000e+00
     17.000     5.3633   3.038215    31.1083        515     0.3572 0.0000e+00
     18.000     5.2788   3.037077    31.1736        540     0.3745 0.0000e+00
     19.000     5.1136   3.036939    31.3259        562     0.3895 0.0000e+00
     20.000     5.1807   3.051297    31.4259        585     0.4054 0.0000e+00
     21.000     5.0569   3.047445    31.4983        611     0.4239 0.0000e+00
     22.000     4.9913   3.046116    31.5446        644     0.4468 0.0000e+00
     23.000     4.9268   3.044026    31.5814        675     0.4680 0.0000e+00
     24.000     4.8799   3.040788    31.5882        702     0.4868 0.0000e+00
     25.000     4.8487   3.038448    31.5905        730     0.5062 0.0000e+00
     26.000     4.8345   3.037314    31.5905        758     0.5260 0.0000e+00
     27.000     4.8285   3.036819    31.5900        784     0.5435 0.0000e+00
     28.000     4.8274   3.036710    31.5893        805     0.5584 0.0000e+00
     29.000     4.8273   3.036719    31.5891        826     0.5726 0.0000e+00
     30.000     4.8273   3.036700    31.5883        849     0.5887 0.0000e+00
     31.000     4.8212   3.036429    31.5904        879     0.6095 0.0000e+00
     32.000     4.7942   3.034939    31.5985        912     0.6324 0.0000e+00
     33.000     4.7792   3.034237    31.6042        942     0.6532 0.0000e+00
     34.000     4.7736   3.034048    31.6069        969     0.6725 0.0000e+00
     35.000     4.7698   3.033757    31.6066        995     0.6902 0.0000e+00
     36.000     4.7662   3.033727    31.6093       1019     0.7067 0.0000e+00
     37.000     4.7672   3.034205    31.6133       1044     0.7241 0.0000e+00
     38.000     4.7485   3.035067    31.6406       1072     0.7435 0.0000e+00
     39.000     4.7351   3.036002    31.6636       1105     0.7666 0.0000e+00
     40.000     4.7274   3.035478    31.6644       1133     0.7858 0.0000e+00
     41.000     4.7016   3.033926    31.6707       1154     0.8005 0.0000e+00
     42.000     4.6890   3.033563    31.6781       1174     0.8145 0.0000e+00
     43.000     4.6862   3.035147    31.6985       1195     0.8292 0.0000e+00
     44.000     4.6982   3.037707    31.7161       1222     0.8482 0.0000e+00
     45.000     4.7042   3.038714    31.7214       1257     0.8721 0.0000e+00
     46.000     4.7057   3.039170    31.7247       1290     0.8954 0.0000e+00
     47.000     4.7065   3.039335    31.7254       1318     0.9145 0.0000e+00
     48.000     4.7114   3.040574    31.7345       1345     0.9331 0.0000e+00
     49.000     4.7321   3.044265    31.7568       1373     0.9526 0.0000e+00
     50.000     4.7542   3.047783    31.7757       1397     0.9696 0.0000e+00
     51.000     4.7542   3.047819    31.7756       1419     0.9844 0.0000e+00
     52.000     4.7539   3.047825    31.7755       1441     1.0000 0.0000e+00
     53.000     4.7582   3.048569    31.7794       1467     1.0184 0.0000e+00
     54.000     4.7685   3.050176    31.7876       1495     1.0378 0.0000e+00
     55.000     4.7861   3.053024    31.8030       1522     1.0564 0.0000e+00
     56.000     4.8094   3.056869    31.8245       1551     1.0764 0.0000e+00
     57.000     4.8434   3.062340    31.8544       1584     1.0995 0.0000e+00
     58.000     4.8500   3.063393    31.8596       1613     1.1197 0.0000e+00
     59.000     4.8632   3.065582    31.8716       1637     1.1358 0.0000e+00
     60.000     4.9034   3.071534    31.9010       1659     1.1515 0.0000e+00
     61.000     4.9428   3.077252    31.9284       1685     1.1696 0.0000e+00
     62.000     4.9903   3.083847    31.9579       1714     1.1899 0.0000e+00
     63.000     5.0366   3.090065    31.9842       1741     1.2086 0.0000e+00
     64.000     5.0505   3.091762    31.9899       1766     1.2257 0.0000e+00
     65.000     5.0625   3.093283    31.9953       1790     1.2427 0.0000e+00
     66.000     5.0850   3.096187    32.0064       1816     1.2603 0.0000e+00
     67.000     5.1036   3.098312    32.0124       1841     1.2776 0.0000e+00
     68.000     5.1113   3.099290    32.0157       1869     1.2972 0.0000e+00
     69.000     5.1163   3.099959    32.0180       1903     1.3211 0.0000e+00
     70.000     5.1231   3.100843    32.0211       1934     1.3424 0.0000e+00
     71.000     5.1222   3.100771    32.0206       1959     1.3597 0.0000e+00
     72.000     5.1272   3.101395    32.0225       1982     1.3755 0.0000e+00
     73.000     5.1343   3.102234    32.0247       2005     1.3919 0.0000e+00
     74.000     5.1421   3.103205    32.0278       2031     1.4095 0.0000e+00
     75.000     5.1478   3.103942    32.0304       2056     1.4273 0.0000e+00
     76.000     5.1666   3.106247    32.0381       2081     1.4444 0.0000e+00
     77.000     5.1702   3.106760    32.0400       2106     1.4618 0.0000e+00
     78.000     5.1795   3.108140    32.0464       2137     1.4836 0.0000e+00
     79.000     5.1856   3.109009    32.0499       2172     1.5077 0.0000e+00
     80.000     5.1861   3.109173    32.0508       2199     1.5266 0.0000e+00
     81.000     5.1895   3.109738    32.0535       2222     1.5423 0.0000e+00
     82.000     5.1911   3.110019    32.0547       2246     1.5590 0.0000e+00
     83.000     5.1940   3.110539    32.0573       2275     1.5790 0.0000e+00
     84.000     5.1967   3.111051    32.0601       2303     1.5984 0.0000e+00
     85.000     5.2124   3.113605    32.0737       2325     1.6141 0.0000e+00
     86.000     5.2153   3.114141    32.0765       2348     1.6298 0.0000e+00
     87.000     5.2135   3.113953    32.0756       2373     1.6474 0.0000e+00
     88.000     5.2132   3.113979    32.0757       2405     1.6691 0.0000e+00
     89.000     5.2134   3.114077    32.0762       2438     1.6925 0.0000e+00
     90.000     5.2126   3.114048    32.0760       2465     1.7114 0.0000e+00
     91.000     5.2114   3.113977    32.0759       2489     1.7280 0.0000e+00
     92.000     5.2110   3.114038    32.0765       2514     1.7448 0.0000e+00
     93.000     5.2103   3.114116    32.0775       2540     1.7631 0.0000e+00
     94.000     5.2103   3.114273    32.0788       2567     1.7820 0.0000e+00
     95.000     5.2101   3.114334    32.0792       2594     1.8008 0.0000e+00
     96.000     5.2096   3.114352    32.0794       2620     1.8191 0.0000e+00
     97.000     5.2088   3.114352    32.0797       2647     1.8375 0.0000e+00
     98.000     5.2104   3.114590    32.0803       3127     2.1707 0.0000e+00
     97.000     5.2112   3.114556    32.0797       3393     2.3553 0.0000e+00
     96.000     5.2126   3.114763    32.0812       3403     2.3623 0.0000e+00
     95.000     5.2132   3.114849    32.0822       3426     2.3785 0.0000e+00
     94.000     5.2124   3.114787    32.0827       3451     2.3961 0.0000e+00
     93.000     5.2114   3.114622    32.0823       3484     2.4186 0.0000e+00
     92.000     5.2113   3.114552    32.0820       3518     2.4426 0.0000e+00
     91.000     5.2114   3.114425    32.0810       3545     2.4608 0.0000e+00
     90.000     5.2132   3.114453    32.0801       3566     2.4756 0.0000e+00
     89.000     5.2156   3.114587    32.0798       3588     2.4907 0.0000e+00
     88.000     5.2169   3.114673    32.0800       3612     2.5079 0.0000e+00
     87.000     5.2190   3.114841    32.0805       3641     2.5276 0.0000e+00
     86.000     5.2209   3.115005    32.0810       3667     2.5457 0.0000e+00
     85.000     5.2208   3.114928    32.0807       3690     2.5621 0.0000e+00
     84.000     5.2171   3.114323    32.0779       3714     2.5786 0.0000e+00
     83.000     5.2081   3.112839    32.0700       3739     2.5959 0.0000e+00
     82.000     5.1988   3.111260    32.0615       3765     2.6141 0.0000e+00
     81.000     5.1941   3.110433    32.0570       3792     2.6327 0.0000e+00
     80.000     5.1923   3.110111    32.0556       3820     2.6523 0.0000e+00
     79.000     5.1887   3.109517    32.0527       3848     2.6713 0.0000e+00
     78.000     5.1876   3.109310    32.0520       3875     2.6904 0.0000e+00
     77.000     5.1855   3.108959    32.0505       3901     2.7084 0.0000e+00
     76.000     5.1808   3.108239    32.0472       3926     2.7256 0.0000e+00
     75.000     5.1749   3.107404    32.0438       3951     2.7427 0.0000e+00
     74.000     5.1602   3.105502    32.0367       3975     2.7600 0.0000e+00
     73.000     5.1530   3.104580    32.0337       4001     2.7775 0.0000e+00
     72.000     5.1439   3.103407    32.0294       4026     2.7953 0.0000e+00
     71.000     5.1361   3.102420    32.0261       4051     2.8127 0.0000e+00
     70.000     5.1317   3.101852    32.0244       4077     2.8307 0.0000e+00
     69.000     5.1273   3.101240    32.0222       4105     2.8500 0.0000e+00
     68.000     5.1156   3.099893    32.0185       4132     2.8688 0.0000e+00
     67.000     5.1109   3.099291    32.0165       4158     2.8871 0.0000e+00
     66.000     5.1052   3.098655    32.0152       4185     2.9057 0.0000e+00
     65.000     5.0966   3.097572    32.0116       4212     2.9245 0.0000e+00
     64.000     5.0760   3.095023    32.0027       4238     2.9426 0.0000e+00
     63.000     5.0597   3.092799    31.9934       4263     2.9595 0.0000e+00
     62.000     5.0277   3.088548    31.9760       4287     2.9761 0.0000e+00
     61.000     4.9832   3.082717    31.9523       4312     2.9935 0.0000e+00
     60.000     4.9156   3.073182    31.9082       4339     3.0127 0.0000e+00
     59.000     4.8915   3.069134    31.8854       4366     3.0312 0.0000e+00
     58.000     4.8641   3.065145    31.8663       4391     3.0484 0.0000e+00
     57.000     4.8573   3.064208    31.8625       4416     3.0657 0.0000e+00
     56.000     4.8337   3.060618    31.8444       4443     3.0844 0.0000e+00
     55.000     4.8186   3.057941    31.8285       4471     3.1039 0.0000e+00
     54.000     4.8013   3.055062    31.8125       4499     3.1235 0.0000e+00
     53.000     4.7929   3.053812    31.8066       4524     3.1411 0.0000e+00
     52.000     4.7920   3.053495    31.8043       4548     3.1573 0.0000e+00
     51.000     4.7799   3.051515    31.7936       4573     3.1747 0.0000e+00
     50.000     4.7672   3.049508    31.7831       4599     3.1933 0.0000e+00
     49.000     4.7558   3.047612    31.7727       4626     3.2118 0.0000e+00
     48.000     4.7477   3.046281    31.7656       4652     3.2296 0.0000e+00
     47.000     4.7411   3.045113    31.7589       4677     3.2470 0.0000e+00
     46.000     4.7289   3.042766    31.7441       4701     3.2639 0.0000e+00
     45.000     4.7154   3.040317    31.7292       4725     3.2802 0.0000e+00
     44.000     4.7076   3.038924    31.7211       4750     3.2977 0.0000e+00
     43.000     4.7009   3.037429    31.7108       4781     3.3196 0.0000e+00
     42.000     4.6975   3.034750    31.6836       4813     3.3420 0.0000e+00
     41.000     4.7081   3.034374    31.6696       4840     3.3603 0.0000e+00
     40.000     4.7176   3.034991    31.6682       4862     3.3760 0.0000e+00
     39.000     4.7335   3.035260    31.6566       4884     3.3911 0.0000e+00
     38.000     4.7363   3.035125    31.6528       4907     3.4068 0.0000e+00
     37.000     4.7437   3.034177    31.6354       4932     3.4241 0.0000e+00
     36.000     4.7508   3.033306    31.6191       4958     3.4426 0.0000e+00
     35.000     4.7629   3.033494    31.6101       4986     3.4615 0.0000e+00
     34.000     4.7699   3.033680    31.6061       5013     3.4807 0.0000e+00
     33.000     4.7729   3.033625    31.6032       5043     3.5011 0.0000e+00
     32.000     4.7769   3.033515    31.5986       5071     3.5207 0.0000e+00
     31.000     4.7825   3.033528    31.5940       5097     3.5389 0.0000e+00
     30.000     4.7913   3.033867    31.5899       5121     3.5559 0.0000e+00
     29.000     4.7976   3.034137    31.5875       5144     3.5715 0.0000e+00
     28.000     4.8045   3.034391    31.5844       5167     3.5878 0.0000e+00
     27.000     4.8095   3.034537    31.5818       5193     3.6053 0.0000e+00
     26.000     4.8167   3.034822    31.5788       5218     3.6231 0.0000e+00
     25.000     4.8212   3.034967    31.5767       5245     3.6418 0.0000e+00
     24.000     4.8235   3.035022    31.5756       5275     3.6622 0.0000e+00
     23.000     4.8393   3.035913    31.5713       5303     3.6823 0.0000e+00
     22.000     4.8528   3.036779    31.5689       5330     3.7006 0.0000e+00
     21.000     4.8688   3.037810    31.5660       5354     3.7176 0.0000e+00
     20.000     4.8929   3.039185    31.5594       5378     3.7343 0.0000e+00
     19.000     4.9525   3.041333    31.5280       5404     3.7520 0.0000e+00
     18.000     5.0709   3.045919    31.4691       5430     3.7703 0.0000e+00
     17.000     5.1072   3.043439    31.4070       5456     3.7885 0.0000e+00
     16.000     5.1670   3.038222    31.2920       5482     3.8064 0.0000e+00
     15.000     5.2305   3.035513    31.2023       5507     3.8236 0.0000e+00
     14.000     5.3088   3.035311    31.1275       5530     3.8397 0.0000e+00
     13.000     5.4911   3.038509    30.9952       5555     3.8570 0.0000e+00
     12.000     5.6685   3.043377    30.8872       5581     3.8752 0.0000e+00
     11.000     5.9874   3.057502    30.7544       5609     3.8943 0.0000e+00
     10.000     6.1293   3.064386    30.7027       5637     3.9137 0.0000e+00
      9.000     6.3736   3.076753    30.6195       5664     3.9324 0.0000e+00
      8.000     6.7925   3.103486    30.5377       5689     3.9497 0.0000e+00
      7.000     7.2800   3.136340    30.4619       5712     3.9660 0.0000e+00
      6.000     7.7948   3.172732    30.4001       5735     3.9818 0.0000e+00
      5.000     8.7442   3.229048    30.1723       5757     3.9972 0.0000e+00
      4.000     9.1466   3.250858    30.0562       5783     4.0154 0.0000e+00
      3.000     9.9096   3.291215    29.8293       5931     4.1182 0.0000e+00
      2.000     9.9933   3.296986    29.8182       6120     4.2496 0.0000e+00
