HB2402/ctd210.cnv
* Sea-Bird SBE 9 Data File:
* FileName = C:\cruise\data\ctd210.hex
* Software Version Seasave V 7.26.7.121
* Temperature SN = 5253
* Conductivity SN = 4421
* Number of Bytes Per Scan = 37
* Number of Voltage Words = 4
* Number of Scans Averaged by the Deck Unit = 1
* NMEA Latitude = 43 35.23 N
* NMEA Longitude = 066 52.41 W
* NMEA UTC (Time) = May 05 2024 21:36:43
* NMEA baud rate = 4800
** Ship: Bigelow HB2402
** Program:  Spring Bottom Trawl Survey
** Chief Scientist: John Galbraith
# nquan = 7
# nvalues = 280                         
# units = specified
# name 0 = depSM: Depth [salt water, m]
# name 1 = t090C: Temperature [ITS-90, deg C]
# name 2 = c0S/m: Conductivity [S/m]
# name 3 = sal00: Salinity, Practical [PSU]
# name 4 = scan: Scan Count
# name 5 = timeM: Time, Elapsed [minutes]
# name 6 = flag: flag
# span 0 =      1.000,    142.000       
# span 1 =     4.8822,     6.1448       
# span 2 =   3.089405,   3.289175       
# span 3 =    31.6091,    33.1261       
# span 4 =        146,       9209       
# span 5 =     0.1006,     6.3944       
# span 6 = 0.0000e+00, 0.0000e+00       
# interval = meters: 1                  
# start_time = May 05 2024 21:36:43 [NMEA time, header]
# bad_flag = -9.990e-29
*END*
[from data line 206]
     74.000     5.5488   3.201102    32.7486       6881     4.7776 0.0000e+00
     73.000     5.5293   3.198207    32.7352       6906     4.7952 0.0000e+00
     72.000     5.5020   3.194172    32.7166       6931     4.8126 0.0000e+00
     71.000     5.4717   3.189695    32.6957       6959     4.8317 0.0000e+00
     70.000     5.4392   3.184881    32.6731       6989     4.8525 0.0000e+00
     69.000     5.4031   3.179788    32.6509       7020     4.8741 0.0000e+00
     68.000     5.3670   3.174717    32.6289       7048     4.8938 0.0000e+00
     67.000     5.3534   3.172572    32.6182       7074     4.9120 0.0000e+00
     66.000     5.3313   3.169223    32.6020       7103     4.9323 0.0000e+00
     65.000     5.3023   3.164898    32.5816       7139     4.9571 0.0000e+00
     64.000     5.2723   3.160536    32.5615       7174     4.9815 0.0000e+00
     63.000     5.2489   3.156696    32.5410       7200     4.9990 0.0000e+00
     62.000     5.2247   3.152556    32.5177       7223     5.0154 0.0000e+00
     61.000     5.2099   3.150151    32.5052       7248     5.0325 0.0000e+00
     60.000     5.2009   3.148677    32.4975       7276     5.0522 0.0000e+00
     59.000     5.1938   3.147551    32.4921       7309     5.0747 0.0000e+00
     58.000     5.1769   3.144978    32.4796       7340     5.0967 0.0000e+00
     57.000     5.1593   3.142306    32.4666       7370     5.1177 0.0000e+00
     56.000     5.1532   3.141262    32.4612       7401     5.1387 0.0000e+00
     55.000     5.1386   3.138639    32.4458       7429     5.1586 0.0000e+00
     54.000     5.1164   3.135053    32.4269       7456     5.1771 0.0000e+00
     53.000     5.1023   3.132792    32.4152       7483     5.1961 0.0000e+00
     52.000     5.0963   3.131706    32.4090       7514     5.2172 0.0000e+00
     51.000     5.0936   3.131139    32.4057       7546     5.2393 0.0000e+00
     50.000     5.0903   3.130318    32.4000       7573     5.2586 0.0000e+00
     49.000     5.0867   3.129447    32.3940       7598     5.2760 0.0000e+00
     48.000     5.0791   3.127936    32.3845       7625     5.2943 0.0000e+00
     47.000     5.0605   3.125076    32.3704       7656     5.3160 0.0000e+00
     46.000     5.0294   3.119949    32.3423       7690     5.3397 0.0000e+00
     45.000     4.9808   3.111533    32.2933       7719     5.3599 0.0000e+00
     44.000     4.9336   3.102961    32.2411       7744     5.3773 0.0000e+00
     43.000     4.9107   3.098473    32.2121       7770     5.3952 0.0000e+00
     42.000     4.8914   3.094353    32.1839       7799     5.4152 0.0000e+00
     41.000     4.8919   3.091928    32.1561       7829     5.4363 0.0000e+00
     40.000     4.9036   3.090958    32.1341       7857     5.4556 0.0000e+00
     39.000     4.9075   3.090340    32.1237       7883     5.4737 0.0000e+00
     38.000     4.9129   3.089501    32.1094       7910     5.4923 0.0000e+00
     37.000     4.9306   3.089405    32.0917       7940     5.5129 0.0000e+00
     36.000     4.9688   3.090550    32.0685       7971     5.5346 0.0000e+00
     35.000     5.0231   3.092614    32.0404       7999     5.5544 0.0000e+00
     34.000     5.0578   3.094218    32.0260       8025     5.5725 0.0000e+00
     33.000     5.0892   3.096217    32.0192       8050     5.5897 0.0000e+00
     32.000     5.1129   3.097644    32.0132       8076     5.6078 0.0000e+00
     31.000     5.1226   3.098036    32.0089       8105     5.6279 0.0000e+00
     30.000     5.1338   3.098563    32.0047       8135     5.6484 0.0000e+00
     29.000     5.1458   3.099062    31.9994       8163     5.6678 0.0000e+00
     28.000     5.1643   3.099915    31.9919       8190     5.6865 0.0000e+00
     27.000     5.1942   3.101439    31.9812       8216     5.7051 0.0000e+00
     26.000     5.2184   3.102740    31.9734       8244     5.7241 0.0000e+00
     25.000     5.2616   3.105207    31.9606       8271     5.7430 0.0000e+00
     24.000     5.3126   3.107849    31.9425       8297     5.7609 0.0000e+00
     23.000     5.3435   3.109451    31.9318       8322     5.7788 0.0000e+00
     22.000     5.3690   3.110693    31.9220       8348     5.7968 0.0000e+00
     21.000     5.3958   3.112100    31.9130       8376     5.8161 0.0000e+00
     20.000     5.4323   3.113804    31.8980       8407     5.8372 0.0000e+00
     19.000     5.4784   3.115912    31.8786       8435     5.8572 0.0000e+00
     18.000     5.5047   3.117054    31.8670       8460     5.8746 0.0000e+00
     17.000     5.5295   3.117809    31.8525       8483     5.8904 0.0000e+00
     16.000     5.5474   3.118099    31.8394       8507     5.9070 0.0000e+00
     15.000     5.5672   3.118038    31.8204       8534     5.9258 0.0000e+00
     14.000     5.5837   3.115823    31.7803       8563     5.9456 0.0000e+00
     13.000     5.5924   3.114947    31.7627       8589     5.9642 0.0000e+00
     12.000     5.6664   3.117872    31.7263       8614     5.9815 0.0000e+00
     11.000     5.7248   3.119946    31.6951       8639     5.9986 0.0000e+00
     10.000     5.7548   3.121300    31.6826       8664     6.0162 0.0000e+00
      9.000     5.7856   3.122474    31.6674       8691     6.0345 0.0000e+00
      8.000     5.8117   3.123736    31.6576       8717     6.0529 0.0000e+00
      7.000     5.8191   3.124216    31.6565       8743     6.0709 0.0000e+00
      6.000     5.8368   3.125130    31.6506       8768     6.0884 0.0000e+00
      5.000     5.8442   3.125598    31.6495       8792     6.1051 0.0000e+00
      4.000     5.8407   3.125430    31.6513       8815     6.1210 0.0000e+00
      3.000     5.8644   3.127101    31.6483       9073     6.3000 0.0000e+00
      2.000     5.8549   3.126406    31.6499       9182     6.3756 0.0000e+00
      1.000     5.8548   3.126327    31.6496       9209     6.3944 0.0000e+00
