HB2402/ctd214.cnv
* Sea-Bird SBE 9 Data File:
* FileName = C:\cruise\data\ctd214.hex
* Software Version Seasave V 7.26.7.121
* Temperature SN = 5253
* Conductivity SN = 4421
* Number of Bytes Per Scan = 37
* Number of Voltage Words = 4
* Number of Scans Averaged by the Deck Unit = 1
* NMEA Latitude = 44 07.20 N
* NMEA Longitude = 066 58.83 W
* NMEA UTC (Time) = May 06 2024 11:35:04
* NMEA baud rate = 4800
** Ship: Bigelow HB2402
** Program:  Spring Bottom Trawl Survey
** Chief Scientist: John Galbraith
# nquan = 7
# nvalues = 307                         
# units = specified
# name 0 = depSM: Depth [salt water, m]
# name 1 = t090C: Temperature [ITS-90, deg C]
# name 2 = c0S/m: Conductivity [S/m]
# name 3 = sal00: Salinity, Practical [PSU]
# name 4 = scan: Scan Count
# name 5 = timeM: Time, Elapsed [minutes]
# name 6 = flag: flag
# span 0 =      1.000,    156.000       
# span 1 =     5.2499,     7.0938       
# span 2 =   3.134510,   3.412416       
# span 3 =    31.9857,    33.5560       
# span 4 =        208,      10292       
# span 5 =     0.1436,     7.1464       
# span 6 = 0.0000e+00, 0.0000e+00       
# interval = meters: 1                  
# start_time = May 06 2024 11:35:04 [NMEA time, header]
# bad_flag = -9.990e-29
*END*
[from data line 206]
    101.000     6.3582   3.309197    33.1604       6573     4.5641 0.0000e+00
    100.000     6.3369   3.306210    33.1484       6601     4.5833 0.0000e+00
     99.000     6.2272   3.291151    33.0879       6630     4.6036 0.0000e+00
     98.000     6.1080   3.275454    33.0292       6656     4.6213 0.0000e+00
     97.000     6.0449   3.266432    32.9901       6680     4.6385 0.0000e+00
     96.000     6.0055   3.260853    32.9664       6710     4.6591 0.0000e+00
     95.000     5.9585   3.254571    32.9422       6740     4.6801 0.0000e+00
     94.000     5.9178   3.249220    32.9222       6764     4.6968 0.0000e+00
     93.000     5.8367   3.238055    32.8761       6788     4.7131 0.0000e+00
     92.000     5.7918   3.232077    32.8530       6820     4.7355 0.0000e+00
     91.000     5.7540   3.226803    32.8308       6856     4.7606 0.0000e+00
     90.000     5.7095   3.220605    32.8047       6879     4.7761 0.0000e+00
     89.000     5.6896   3.217820    32.7932       6898     4.7899 0.0000e+00
     88.000     5.6701   3.214979    32.7805       6922     4.8066 0.0000e+00
     87.000     5.6481   3.211808    32.7666       6955     4.8294 0.0000e+00
     86.000     5.5921   3.203627    32.7291       6985     4.8502 0.0000e+00
     85.000     5.5536   3.198034    32.7036       7009     4.8664 0.0000e+00
     84.000     5.5405   3.196090    32.6948       7033     4.8831 0.0000e+00
     83.000     5.5136   3.192027    32.6754       7065     4.9052 0.0000e+00
     82.000     5.4564   3.182434    32.6227       7099     4.9291 0.0000e+00
     81.000     5.4030   3.173706    32.5758       7124     4.9463 0.0000e+00
     80.000     5.3513   3.165066    32.5283       7145     4.9612 0.0000e+00
     79.000     5.3399   3.162942    32.5157       7168     4.9768 0.0000e+00
     78.000     5.3207   3.159670    32.4976       7196     4.9963 0.0000e+00
     77.000     5.3037   3.156663    32.4803       7227     5.0179 0.0000e+00
     76.000     5.2894   3.154132    32.4658       7253     5.0363 0.0000e+00
     75.000     5.2852   3.153260    32.4605       7279     5.0539 0.0000e+00
     74.000     5.2778   3.151800    32.4515       7307     5.0734 0.0000e+00
     73.000     5.2668   3.148636    32.4266       7334     5.0924 0.0000e+00
     72.000     5.2722   3.146418    32.3965       7358     5.1093 0.0000e+00
     71.000     5.2764   3.144704    32.3735       7384     5.1274 0.0000e+00
     70.000     5.2879   3.142066    32.3328       7415     5.1484 0.0000e+00
     69.000     5.3006   3.139583    32.2927       7441     5.1668 0.0000e+00
     68.000     5.3054   3.138769    32.2794       7463     5.1822 0.0000e+00
     67.000     5.3093   3.138498    32.2730       7488     5.1993 0.0000e+00
     66.000     5.3201   3.137632    32.2532       7519     5.2207 0.0000e+00
     65.000     5.3322   3.137807    32.2441       7548     5.2413 0.0000e+00
     64.000     5.3493   3.137238    32.2217       7573     5.2583 0.0000e+00
     63.000     5.3533   3.136557    32.2106       7596     5.2743 0.0000e+00
     62.000     5.3553   3.136115    32.2041       7621     5.2918 0.0000e+00
     61.000     5.3593   3.135421    32.1929       7650     5.3120 0.0000e+00
     60.000     5.3630   3.134832    32.1832       7678     5.3310 0.0000e+00
     59.000     5.3662   3.134585    32.1778       7702     5.3476 0.0000e+00
     58.000     5.3838   3.134781    32.1636       7727     5.3651 0.0000e+00
     57.000     5.4586   3.137958    32.1285       7756     5.3855 0.0000e+00
     56.000     5.4919   3.139623    32.1160       7785     5.4052 0.0000e+00
     55.000     5.5455   3.142026    32.0925       7808     5.4217 0.0000e+00
     54.000     5.5628   3.142958    32.0870       7831     5.4376 0.0000e+00
     53.000     5.5797   3.143763    32.0804       7857     5.4552 0.0000e+00
     52.000     5.5931   3.144523    32.0767       7884     5.4744 0.0000e+00
     51.000     5.6072   3.145319    32.0727       7911     5.4928 0.0000e+00
     50.000     5.6641   3.148456    32.0545       7936     5.5102 0.0000e+00
     49.000     5.6782   3.149397    32.0521       7961     5.5280 0.0000e+00
     48.000     5.6912   3.150364    32.0511       7988     5.5468 0.0000e+00
     47.000     5.7023   3.151023    32.0485       8016     5.5659 0.0000e+00
     46.000     5.7148   3.151798    32.0458       8044     5.5856 0.0000e+00
     45.000     5.7504   3.153880    32.0358       8070     5.6037 0.0000e+00
     44.000     5.7475   3.153811    32.0384       8093     5.6195 0.0000e+00
     43.000     5.7511   3.154153    32.0393       8115     5.6350 0.0000e+00
     42.000     5.7827   3.156038    32.0309       8139     5.6511 0.0000e+00
     41.000     5.7738   3.155517    32.0340       8165     5.6694 0.0000e+00
     40.000     5.7966   3.157136    32.0311       8195     5.6904 0.0000e+00
     39.000     5.8105   3.157989    32.0279       8224     5.7107 0.0000e+00
     38.000     5.8232   3.159038    32.0281       8249     5.7276 0.0000e+00
     37.000     5.8351   3.159879    32.0268       8272     5.7439 0.0000e+00
     36.000     5.8541   3.161246    32.0246       8298     5.7619 0.0000e+00
     35.000     5.8591   3.161488    32.0230       8326     5.7811 0.0000e+00
     34.000     5.8689   3.162300    32.0233       8352     5.7995 0.0000e+00
     33.000     5.8974   3.164749    32.0243       8377     5.8164 0.0000e+00
     32.000     5.9309   3.166690    32.0148       8401     5.8331 0.0000e+00
     31.000     5.9668   3.169798    32.0160       8426     5.8506 0.0000e+00
     30.000     6.0360   3.174696    32.0059       8453     5.8692 0.0000e+00
     29.000     6.1316   3.181888    31.9963       8480     5.8881 0.0000e+00
     28.000     6.2380   3.190814    31.9959       8506     5.9062 0.0000e+00
     27.000     6.2678   3.193313    31.9961       8532     5.9242 0.0000e+00
     26.000     6.3099   3.196432    31.9915       8558     5.9420 0.0000e+00
     25.000     6.3248   3.197391    31.9886       8584     5.9602 0.0000e+00
     24.000     6.3322   3.198061    31.9895       8609     5.9781 0.0000e+00
     23.000     6.3437   3.198773    31.9871       8635     5.9960 0.0000e+00
     22.000     6.3548   3.199549    31.9857       8660     6.0134 0.0000e+00
     21.000     6.3582   3.199833    31.9862       8685     6.0304 0.0000e+00
     20.000     6.3609   3.200129    31.9874       8710     6.0477 0.0000e+00
     19.000     6.3573   3.199749    31.9871       8738     6.0672 0.0000e+00
     18.000     6.3641   3.200213    31.9863       8765     6.0863 0.0000e+00
     17.000     6.3705   3.200697    31.9862       8789     6.1029 0.0000e+00
     16.000     6.3695   3.200620    31.9867       8812     6.1189 0.0000e+00
     15.000     6.3726   3.200822    31.9865       8839     6.1375 0.0000e+00
     14.000     6.3745   3.200887    31.9859       8870     6.1590 0.0000e+00
     13.000     6.3728   3.200721    31.9862       8896     6.1771 0.0000e+00
     12.000     6.3742   3.200797    31.9862       8917     6.1916 0.0000e+00
     11.000     6.3769   3.200983    31.9862       8937     6.2054 0.0000e+00
     10.000     6.3761   3.200915    31.9866       8960     6.2215 0.0000e+00
      9.000     6.3770   3.200976    31.9869       8995     6.2455 0.0000e+00
      8.000     6.3771   3.200899    31.9865       9024     6.2661 0.0000e+00
      7.000     6.3765   3.200817    31.9866       9043     6.2795 0.0000e+00
      6.000     6.3794   3.200985    31.9862       9062     6.2921 0.0000e+00
      5.000     6.3807   3.201145    31.9873       9925     6.8914 0.0000e+00
      4.000     6.3806   3.201105    31.9874      10115     7.0238 0.0000e+00
      3.000     6.3804   3.201038    31.9873      10195     7.0791 0.0000e+00
      2.000     6.3803   3.200999    31.9875      10236     7.1078 0.0000e+00
      1.000     6.3801   3.200940    31.9875      10292     7.1464 0.0000e+00
