HB2402/ctd237.cnv
* Sea-Bird SBE 9 Data File:
* FileName = C:\cruise\data\ctd237.hex
* Software Version Seasave V 7.26.7.121
* Temperature SN = 5253
* Conductivity SN = 4421
* Number of Bytes Per Scan = 37
* Number of Voltage Words = 4
* Number of Scans Averaged by the Deck Unit = 1
* NMEA Latitude = 42 40.84 N
* NMEA Longitude = 069 57.23 W
* NMEA UTC (Time) = May 11 2024 06:13:31
* NMEA baud rate = 4800
** Ship: Bigelow HB2402
** Program:  Spring Bottom Trawl Survey
** Chief Scientist: John Galbraith
# nquan = 7
# nvalues = 360                         
# units = specified
# name 0 = depSM: Depth [salt water, m]
# name 1 = t090C: Temperature [ITS-90, deg C]
# name 2 = c0S/m: Conductivity [S/m]
# name 3 = sal00: Salinity, Practical [PSU]
# name 4 = scan: Scan Count
# name 5 = timeM: Time, Elapsed [minutes]
# name 6 = flag: flag
# span 0 =      2.000,    182.000       
# span 1 =     4.8860,     9.7435       
# span 2 =   3.045425,   3.533945       
# span 3 =    29.9796,    33.9379       
# span 4 =        248,      12318       
# span 5 =     0.1713,     8.5538       
# span 6 = 0.0000e+00, 0.0000e+00       
# interval = meters: 1                  
# start_time = May 11 2024 06:13:31 [NMEA time, header]
# bad_flag = -9.990e-29
*END*
[from data line 206]
    155.000     7.7896   3.473474    33.5443       7396     5.1355 0.0000e+00
    154.000     7.7832   3.471363    33.5281       7418     5.1505 0.0000e+00
    153.000     7.7743   3.469149    33.5135       7444     5.1687 0.0000e+00
    152.000     7.7545   3.465466    33.4934       7481     5.1944 0.0000e+00
    151.000     7.7033   3.457426    33.4567       7511     5.2155 0.0000e+00
    150.000     7.6284   3.444614    33.3911       7530     5.2282 0.0000e+00
    149.000     7.5881   3.438124    33.3603       7548     5.2409 0.0000e+00
    148.000     7.5109   3.427200    33.3170       7572     5.2578 0.0000e+00
    147.000     7.4694   3.420841    33.2886       7617     5.2889 0.0000e+00
    146.000     7.4553   3.418798    33.2804       7643     5.3071 0.0000e+00
    145.000     7.4260   3.414282    33.2602       7659     5.3180 0.0000e+00
    144.000     7.3908   3.408784    33.2349       7674     5.3288 0.0000e+00
    143.000     7.3667   3.404878    33.2161       7695     5.3430 0.0000e+00
    142.000     7.2803   3.391001    33.1489       7742     5.3759 0.0000e+00
    141.000     7.2706   3.389379    33.1411       7778     5.4004 0.0000e+00
    140.000     7.2543   3.386936    33.1306       7795     5.4127 0.0000e+00
    139.000     7.2421   3.384836    33.1200       7813     5.4247 0.0000e+00
    138.000     7.2338   3.383243    33.1111       7834     5.4396 0.0000e+00
    137.000     7.2281   3.381631    33.0996       7873     5.4666 0.0000e+00
    136.000     7.2317   3.381737    33.0978       7906     5.4897 0.0000e+00
    135.000     7.2284   3.380695    33.0900       7925     5.5027 0.0000e+00
    134.000     7.2241   3.379974    33.0869       7942     5.5147 0.0000e+00
    133.000     7.2172   3.378873    33.0820       7961     5.5279 0.0000e+00
    132.000     7.1908   3.374547    33.0606       7998     5.5537 0.0000e+00
    131.000     7.1700   3.370980    33.0422       8039     5.5821 0.0000e+00
    130.000     7.1318   3.364144    33.0047       8059     5.5962 0.0000e+00
    129.000     7.1267   3.362138    32.9883       8077     5.6080 0.0000e+00
    128.000     7.1211   3.360472    32.9760       8096     5.6214 0.0000e+00
    127.000     7.1185   3.359332    32.9666       8128     5.6434 0.0000e+00
    126.000     7.1156   3.358080    32.9561       8167     5.6711 0.0000e+00
    125.000     7.1017   3.354724    32.9333       8191     5.6872 0.0000e+00
    124.000     7.0953   3.353364    32.9251       8210     5.7009 0.0000e+00
    123.000     7.0902   3.352151    32.9173       8230     5.7147 0.0000e+00
    122.000     7.0793   3.350033    32.9050       8254     5.7314 0.0000e+00
    121.000     7.0588   3.347048    32.8925       8286     5.7537 0.0000e+00
    120.000     7.0476   3.344934    32.8806       8325     5.7803 0.0000e+00
    119.000     6.9988   3.337367    32.8450       8358     5.8033 0.0000e+00
    118.000     6.9177   3.326371    32.8027       8379     5.8181 0.0000e+00
    117.000     6.8689   3.319998    32.7799       8397     5.8308 0.0000e+00
    116.000     6.8048   3.311737    32.7509       8416     5.8439 0.0000e+00
    115.000     6.7732   3.307247    32.7323       8439     5.8599 0.0000e+00
    114.000     6.7597   3.305737    32.7291       8470     5.8810 0.0000e+00
    113.000     6.7070   3.298977    32.7056       8499     5.9015 0.0000e+00
    112.000     6.6767   3.295058    32.6918       8529     5.9223 0.0000e+00
    111.000     6.6459   3.291324    32.6806       8564     5.9464 0.0000e+00
    110.000     6.5839   3.283624    32.6554       8590     5.9646 0.0000e+00
    109.000     6.5542   3.279571    32.6395       8610     5.9788 0.0000e+00
    108.000     6.5165   3.274835    32.6237       8630     5.9925 0.0000e+00
    107.000     6.4788   3.270010    32.6068       8654     6.0092 0.0000e+00
    106.000     6.4746   3.269454    32.6052       8688     6.0326 0.0000e+00
    105.000     6.4023   3.260794    32.5789       8720     6.0549 0.0000e+00
    104.000     6.2970   3.248241    32.5407       8744     6.0713 0.0000e+00
    103.000     6.2597   3.243776    32.5273       8765     6.0860 0.0000e+00
    102.000     6.2171   3.238978    32.5151       8788     6.1018 0.0000e+00
    101.000     6.1661   3.232651    32.4939       8817     6.1223 0.0000e+00
    100.000     6.1575   3.231586    32.4908       8853     6.1471 0.0000e+00
     99.000     6.1058   3.225290    32.4706       8882     6.1677 0.0000e+00
     98.000     6.0587   3.219772    32.4545       8904     6.1824 0.0000e+00
     97.000     5.9944   3.212136    32.4312       8923     6.1955 0.0000e+00
     96.000     5.8478   3.196389    32.3956       8942     6.2087 0.0000e+00
     95.000     5.8317   3.193678    32.3810       8965     6.2252 0.0000e+00
     94.000     5.6330   3.171217    32.3192       8999     6.2487 0.0000e+00
     93.000     5.5748   3.164621    32.3010       9041     6.2778 0.0000e+00
     92.000     5.4742   3.151126    32.2455       9073     6.2997 0.0000e+00
     91.000     5.4795   3.150117    32.2294       9095     6.3150 0.0000e+00
     90.000     5.4423   3.146386    32.2233       9113     6.3279 0.0000e+00
     89.000     5.3661   3.137766    32.1991       9132     6.3407 0.0000e+00
     88.000     5.3322   3.133428    32.1829       9154     6.3566 0.0000e+00
     87.000     5.3270   3.132416    32.1768       9184     6.3774 0.0000e+00
     86.000     5.2916   3.128313    32.1647       9214     6.3977 0.0000e+00
     85.000     5.2222   3.120053    32.1378       9239     6.4152 0.0000e+00
     84.000     5.1753   3.114411    32.1190       9268     6.4354 0.0000e+00
     83.000     5.1003   3.105975    32.0952       9305     6.4608 0.0000e+00
     82.000     5.0650   3.101740    32.0812       9331     6.4793 0.0000e+00
     81.000     5.0439   3.099102    32.0718       9350     6.4925 0.0000e+00
     80.000     5.0175   3.096020    32.0624       9369     6.5052 0.0000e+00
     79.000     4.9948   3.093067    32.0508       9391     6.5206 0.0000e+00
     78.000     4.9473   3.087179    32.0295       9423     6.5434 0.0000e+00
     77.000     4.9331   3.083503    32.0014       9456     6.5663 0.0000e+00
     76.000     4.9764   3.085996    31.9889       9482     6.5842 0.0000e+00
     75.000     5.0736   3.093948    31.9873       9506     6.6009 0.0000e+00
     74.000     5.2047   3.104879    31.9870       9531     6.6184 0.0000e+00
     73.000     5.2565   3.109441    31.9899       9559     6.6376 0.0000e+00
     72.000     5.2647   3.109008    31.9777       9589     6.6580 0.0000e+00
     71.000     5.2410   3.106128    31.9680       9616     6.6770 0.0000e+00
     70.000     5.2284   3.104390    31.9608       9640     6.6935 0.0000e+00
     69.000     5.1854   3.099360    31.9450       9661     6.7085 0.0000e+00
     68.000     5.1631   3.096562    31.9349       9683     6.7238 0.0000e+00
     67.000     5.1445   3.093807    31.9218       9708     6.7412 0.0000e+00
     66.000     5.1338   3.092149    31.9135       9740     6.7635 0.0000e+00
     65.000     5.1314   3.091770    31.9120       9775     6.7876 0.0000e+00
     64.000     5.0923   3.086187    31.8861       9801     6.8056 0.0000e+00
     63.000     5.0784   3.084341    31.8788       9823     6.8207 0.0000e+00
     62.000     5.0591   3.081901    31.8698       9844     6.8356 0.0000e+00
     61.000     5.0427   3.079561    31.8592       9870     6.8538 0.0000e+00
     60.000     5.0287   3.077528    31.8498       9903     6.8764 0.0000e+00
     59.000     5.0078   3.074182    31.8319       9930     6.8952 0.0000e+00
     58.000     4.9944   3.072224    31.8228       9951     6.9096 0.0000e+00
     57.000     4.9856   3.070752    31.8148       9971     6.9238 0.0000e+00
     56.000     4.9684   3.068239    31.8029       9996     6.9409 0.0000e+00
     55.000     4.9623   3.066858    31.7935      10035     6.9679 0.0000e+00
     54.000     4.9874   3.068423    31.7880      10068     6.9908 0.0000e+00
     53.000     5.0151   3.070128    31.7816      10087     7.0042 0.0000e+00
     52.000     5.0201   3.070589    31.7826      10104     7.0161 0.0000e+00
     51.000     5.0305   3.071217    31.7803      10124     7.0299 0.0000e+00
     50.000     5.0482   3.072627    31.7801      10153     7.0500 0.0000e+00
     49.000     5.0655   3.073536    31.7745      10193     7.0780 0.0000e+00
     48.000     5.0530   3.070499    31.7521      10221     7.0972 0.0000e+00
     47.000     5.0034   3.064386    31.7300      10241     7.1111 0.0000e+00
     46.000     4.9891   3.062318    31.7203      10261     7.1250 0.0000e+00
     45.000     5.0245   3.064385    31.7108      10286     7.1421 0.0000e+00
     44.000     5.0337   3.064603    31.7050      10316     7.1632 0.0000e+00
     43.000     5.0149   3.061587    31.6889      10344     7.1829 0.0000e+00
     42.000     5.0109   3.060354    31.6791      10370     7.2010 0.0000e+00
     41.000     5.0085   3.059490    31.6720      10398     7.2199 0.0000e+00
     40.000     5.0128   3.058104    31.6526      10424     7.2381 0.0000e+00
     39.000     5.0199   3.057998    31.6451      10447     7.2538 0.0000e+00
     38.000     5.0148   3.056333    31.6313      10469     7.2693 0.0000e+00
     37.000     5.0077   3.054918    31.6224      10495     7.2874 0.0000e+00
     36.000     5.0066   3.053818    31.6114      10526     7.3088 0.0000e+00
     35.000     5.0099   3.051703    31.5845      10555     7.3289 0.0000e+00
     34.000     5.0129   3.050690    31.5705      10580     7.3467 0.0000e+00
     33.000     5.0183   3.049859    31.5565      10605     7.3636 0.0000e+00
     32.000     5.0244   3.049698    31.5494      10628     7.3797 0.0000e+00
     31.000     5.0326   3.049834    31.5436      10654     7.3979 0.0000e+00
     30.000     5.0611   3.051338    31.5343      10687     7.4211 0.0000e+00
     29.000     5.0795   3.051395    31.5181      10714     7.4393 0.0000e+00
     28.000     5.1221   3.049639    31.4584      10733     7.4527 0.0000e+00
     27.000     5.1598   3.048000    31.4046      10752     7.4659 0.0000e+00
     26.000     5.1785   3.047354    31.3802      10775     7.4819 0.0000e+00
     25.000     5.2151   3.046163    31.3328      10811     7.5072 0.0000e+00
     24.000     5.2560   3.045425    31.2866      10848     7.5328 0.0000e+00
     23.000     5.3216   3.046156    31.2341      10871     7.5488 0.0000e+00
     22.000     5.3728   3.047393    31.2009      10892     7.5633 0.0000e+00
     21.000     5.4234   3.048939    31.1718      10914     7.5787 0.0000e+00
     20.000     5.4671   3.050403    31.1482      10940     7.5964 0.0000e+00
     19.000     5.6109   3.055334    31.0712      10967     7.6155 0.0000e+00
     18.000     5.8282   3.063587    30.9643      10995     7.6345 0.0000e+00
     17.000     6.2126   3.079494    30.7912      11022     7.6537 0.0000e+00
     16.000     6.6338   3.100273    30.6408      11049     7.6720 0.0000e+00
     15.000     7.0306   3.121136    30.5147      11074     7.6896 0.0000e+00
     14.000     7.4646   3.147474    30.4159      11099     7.7068 0.0000e+00
     13.000     8.2964   3.195322    30.2008      11125     7.7247 0.0000e+00
     12.000     8.9696   3.239312    30.0837      11152     7.7435 0.0000e+00
     11.000     9.2516   3.257783    30.0357      11178     7.7621 0.0000e+00
     10.000     9.5283   3.276638    29.9959      11204     7.7801 0.0000e+00
      9.000     9.5826   3.281135    29.9966      11230     7.7977 0.0000e+00
      8.000     9.6631   3.286060    29.9796      11254     7.8144 0.0000e+00
      7.000     9.6879   3.288149    29.9805      11276     7.8301 0.0000e+00
      6.000     9.7184   3.290753    29.9817      11302     7.8482 0.0000e+00
      5.000     9.7435   3.294692    30.0010      12021     8.3470 0.0000e+00
      4.000     9.7377   3.294265    30.0019      12250     8.5060 0.0000e+00
      3.000     9.7388   3.294330    30.0021      12273     8.5220 0.0000e+00
      2.000     9.7397   3.294397    30.0024      12318     8.5538 0.0000e+00
