HB2402/ctd221.cnv
* Sea-Bird SBE 9 Data File:
* FileName = C:\cruise\data\ctd221.hex
* Software Version Seasave V 7.26.7.121
* Temperature SN = 5253
* Conductivity SN = 4421
* Number of Bytes Per Scan = 37
* Number of Voltage Words = 4
* Number of Scans Averaged by the Deck Unit = 1
* NMEA Latitude = 44 06.00 N
* NMEA Longitude = 067 46.72 W
* NMEA UTC (Time) = May 07 2024 12:14:56
* NMEA baud rate = 4800
** Ship: Bigelow HB2402
** Program:  Spring Bottom Trawl Survey
** Chief Scientist: John Galbraith
# nquan = 7
# nvalues = 251                         
# units = specified
# name 0 = depSM: Depth [salt water, m]
# name 1 = t090C: Temperature [ITS-90, deg C]
# name 2 = c0S/m: Conductivity [S/m]
# name 3 = sal00: Salinity, Practical [PSU]
# name 4 = scan: Scan Count
# name 5 = timeM: Time, Elapsed [minutes]
# name 6 = flag: flag
# span 0 =      1.000,    128.000       
# span 1 =     5.2773,     6.6044       
# span 2 =   3.124612,   3.226842       
# span 3 =    31.8848,    32.7013       
# span 4 =        178,       8553       
# span 5 =     0.1230,     5.9390       
# span 6 = 0.0000e+00, 0.0000e+00       
# interval = meters: 1                  
# start_time = May 07 2024 12:14:56 [NMEA time, header]
# bad_flag = -9.990e-29
*END*
      5.000     6.3136   3.197606    32.0111        178     0.1230 0.0000e+00
      6.000     6.2782   3.189954    31.9591        334     0.2316 0.0000e+00
      7.000     6.2311   3.184108    31.9380        369     0.2553 0.0000e+00
      8.000     6.2252   3.181681    31.9161        396     0.2744 0.0000e+00
      9.000     6.1963   3.179180    31.9150        419     0.2904 0.0000e+00
     10.000     6.1803   3.177752    31.9137        442     0.3060 0.0000e+00
     11.000     6.1703   3.176897    31.9130        468     0.3242 0.0000e+00
     12.000     6.1651   3.176386    31.9118        499     0.3457 0.0000e+00
     13.000     6.1742   3.177065    31.9103        527     0.3650 0.0000e+00
     14.000     6.1777   3.177338    31.9096        552     0.3825 0.0000e+00
     15.000     6.1712   3.176856    31.9098        598     0.4143 0.0000e+00
     16.000     6.1546   3.175596    31.9109        727     0.5045 0.0000e+00
     17.000     6.1448   3.174913    31.9121        765     0.5308 0.0000e+00
     18.000     6.1331   3.174091    31.9134        798     0.5535 0.0000e+00
     19.000     6.1099   3.172323    31.9150        826     0.5729 0.0000e+00
     20.000     6.0974   3.171502    31.9172        852     0.5907 0.0000e+00
     21.000     6.0947   3.171301    31.9170        877     0.6086 0.0000e+00
     22.000     6.0946   3.171318    31.9168        906     0.6283 0.0000e+00
     23.000     6.0976   3.171564    31.9163        934     0.6479 0.0000e+00
     24.000     6.0870   3.170829    31.9176        958     0.6647 0.0000e+00
     25.000     6.0909   3.171152    31.9170        982     0.6812 0.0000e+00
     26.000     6.0951   3.171505    31.9165       1007     0.6987 0.0000e+00
     27.000     6.0995   3.171836    31.9155       1034     0.7177 0.0000e+00
     28.000     6.1022   3.172095    31.9154       1064     0.7382 0.0000e+00
     29.000     6.0924   3.171399    31.9164       1094     0.7594 0.0000e+00
     30.000     6.0773   3.170337    31.9183       1123     0.7790 0.0000e+00
     31.000     6.0705   3.169861    31.9190       1148     0.7968 0.0000e+00
     32.000     6.0693   3.169799    31.9189       1172     0.8131 0.0000e+00
     33.000     6.0684   3.169771    31.9189       1196     0.8301 0.0000e+00
     34.000     6.0590   3.169121    31.9201       1221     0.8475 0.0000e+00
     35.000     6.0495   3.168466    31.9212       1247     0.8651 0.0000e+00
     36.000     6.0482   3.168409    31.9213       1274     0.8838 0.0000e+00
     37.000     6.0476   3.168430    31.9216       1304     0.9048 0.0000e+00
     38.000     6.0482   3.168540    31.9218       1334     0.9257 0.0000e+00
     39.000     6.0411   3.168050    31.9226       1362     0.9450 0.0000e+00
     40.000     6.0250   3.166866    31.9240       1388     0.9630 0.0000e+00
     41.000     6.0062   3.165541    31.9264       1413     0.9803 0.0000e+00
     42.000     6.0001   3.165116    31.9270       1437     0.9973 0.0000e+00
     43.000     5.9939   3.164651    31.9271       1460     1.0129 0.0000e+00
     44.000     5.9928   3.164566    31.9268       1485     1.0308 0.0000e+00
     45.000     5.9921   3.164554    31.9267       1515     1.0516 0.0000e+00
     46.000     5.9928   3.164617    31.9264       1547     1.0737 0.0000e+00
     47.000     5.9859   3.164082    31.9264       1574     1.0927 0.0000e+00
     48.000     5.9792   3.163604    31.9269       1598     1.1093 0.0000e+00
     49.000     5.9789   3.163609    31.9268       1623     1.1264 0.0000e+00
     50.000     5.9784   3.163592    31.9265       1649     1.1447 0.0000e+00
     51.000     5.9771   3.163537    31.9266       1678     1.1644 0.0000e+00
     52.000     5.9698   3.163075    31.9279       1705     1.1831 0.0000e+00
     53.000     5.9703   3.163154    31.9278       1731     1.2015 0.0000e+00
     54.000     5.9645   3.162814    31.9290       1757     1.2195 0.0000e+00
     55.000     5.9602   3.162613    31.9304       1783     1.2373 0.0000e+00
     56.000     5.9595   3.162646    31.9309       1808     1.2549 0.0000e+00
     57.000     5.9558   3.162395    31.9310       1835     1.2733 0.0000e+00
     58.000     5.9457   3.161706    31.9325       1861     1.2920 0.0000e+00
     59.000     5.9289   3.160486    31.9341       1888     1.3107 0.0000e+00
     60.000     5.9034   3.158554    31.9361       1917     1.3307 0.0000e+00
     61.000     5.8891   3.157527    31.9377       1948     1.3524 0.0000e+00
     62.000     5.8707   3.156060    31.9381       1977     1.3725 0.0000e+00
     63.000     5.8460   3.154192    31.9401       2002     1.3893 0.0000e+00
     64.000     5.8362   3.153506    31.9411       2023     1.4042 0.0000e+00
     65.000     5.8359   3.153662    31.9427       2043     1.4184 0.0000e+00
     66.000     5.8364   3.153754    31.9427       2067     1.4347 0.0000e+00
     67.000     5.8309   3.153374    31.9432       2097     1.4557 0.0000e+00
     68.000     5.8281   3.153199    31.9433       2131     1.4790 0.0000e+00
     69.000     5.8202   3.152655    31.9443       2160     1.4995 0.0000e+00
     70.000     5.8018   3.151357    31.9466       2187     1.5180 0.0000e+00
     71.000     5.7812   3.149879    31.9491       2213     1.5361 0.0000e+00
     72.000     5.7510   3.147731    31.9530       2238     1.5537 0.0000e+00
     73.000     5.7000   3.143440    31.9526       2263     1.5705 0.0000e+00
     74.000     5.6705   3.141181    31.9546       2286     1.5865 0.0000e+00
     75.000     5.6489   3.139460    31.9553       2310     1.6037 0.0000e+00
     76.000     5.6435   3.139101    31.9559       2340     1.6242 0.0000e+00
     77.000     5.6453   3.139563    31.9589       2371     1.6460 0.0000e+00
     78.000     5.6514   3.140183    31.9596       2398     1.6646 0.0000e+00
     79.000     5.5831   3.134743    31.9626       2421     1.6807 0.0000e+00
     80.000     5.5563   3.132807    31.9657       2445     1.6970 0.0000e+00
     81.000     5.4874   3.128111    31.9777       2471     1.7154 0.0000e+00
     82.000     5.4154   3.124612    32.0061       2503     1.7373 0.0000e+00
     83.000     5.4238   3.128129    32.0375       2535     1.7596 0.0000e+00
     84.000     5.4455   3.131139    32.0504       2562     1.7783 0.0000e+00
     85.000     5.4738   3.134745    32.0637       2585     1.7941 0.0000e+00
     86.000     5.4597   3.134985    32.0794       2606     1.8088 0.0000e+00
     87.000     5.4544   3.135032    32.0846       2628     1.8243 0.0000e+00
     88.000     5.4471   3.134550    32.0856       2654     1.8422 0.0000e+00
     89.000     5.4283   3.133364    32.0896       2685     1.8637 0.0000e+00
     90.000     5.4267   3.137081    32.1328       2717     1.8861 0.0000e+00
     91.000     5.3091   3.130594    32.1714       2745     1.9058 0.0000e+00
     92.000     5.2773   3.133318    32.2324       2771     1.9235 0.0000e+00
     93.000     5.2897   3.141820    32.3168       2797     1.9416 0.0000e+00
     94.000     5.3456   3.149678    32.3518       2822     1.9589 0.0000e+00
     95.000     5.3932   3.157275    32.3917       2846     1.9755 0.0000e+00
     96.000     5.4583   3.166488    32.4329       2872     1.9940 0.0000e+00
     97.000     5.4693   3.168264    32.4419       2900     2.0133 0.0000e+00
     98.000     5.5112   3.174360    32.4700       2926     2.0316 0.0000e+00
     99.000     5.5669   3.182646    32.5095       2952     2.0491 0.0000e+00
    100.000     5.6371   3.192582    32.5535       2978     2.0672 0.0000e+00
    101.000     5.6736   3.197566    32.5740       3005     2.0864 0.0000e+00
    102.000     5.7188   3.204377    32.6067       3035     2.1068 0.0000e+00
    103.000     5.7446   3.207983    32.6218       3064     2.1271 0.0000e+00
    104.000     5.7445   3.208061    32.6224       3090     2.1451 0.0000e+00
    105.000     5.7497   3.208895    32.6262       3113     2.1614 0.0000e+00
    106.000     5.7518   3.209259    32.6278       3137     2.1777 0.0000e+00
    107.000     5.7537   3.209549    32.6288       3163     2.1957 0.0000e+00
    108.000     5.7559   3.209942    32.6305       3192     2.2160 0.0000e+00
    109.000     5.7553   3.209916    32.6304       3221     2.2358 0.0000e+00
    110.000     5.7528   3.209567    32.6283       3247     2.2543 0.0000e+00
    111.000     5.7541   3.209872    32.6300       3274     2.2726 0.0000e+00
    112.000     5.7709   3.212277    32.6404       3299     2.2903 0.0000e+00
    113.000     5.7917   3.215034    32.6508       3324     2.3075 0.0000e+00
    114.000     5.8068   3.217409    32.6624       3348     2.3246 0.0000e+00
    115.000     5.8234   3.219560    32.6701       3375     2.3427 0.0000e+00
    116.000     5.8272   3.220204    32.6731       3404     2.3634 0.0000e+00
    117.000     5.8312   3.220794    32.6754       3436     2.3858 0.0000e+00
    118.000     5.8289   3.220543    32.6743       3463     2.4039 0.0000e+00
    119.000     5.8326   3.221143    32.6770       3485     2.4193 0.0000e+00
    120.000     5.8347   3.221465    32.6781       3507     2.4346 0.0000e+00
    121.000     5.8335   3.221380    32.6778       3532     2.4520 0.0000e+00
    122.000     5.8330   3.221337    32.6773       3562     2.4728 0.0000e+00
    123.000     5.8371   3.222020    32.6805       3594     2.4950 0.0000e+00
    124.000     5.8420   3.222718    32.6831       3623     2.5152 0.0000e+00
    125.000     5.8370   3.222026    32.6798       3647     2.5321 0.0000e+00
    126.000     5.8451   3.223360    32.6863       3669     2.5474 0.0000e+00
    127.000     5.8496   3.223937    32.6880       3692     2.5629 0.0000e+00
    128.000     5.8486   3.223849    32.6875       3787     2.6289 0.0000e+00
    127.000     5.8699   3.226842    32.7011       4344     3.0161 0.0000e+00
    126.000     5.8697   3.226767    32.7008       4354     3.0232 0.0000e+00
    125.000     5.8704   3.226824    32.7013       4383     3.0429 0.0000e+00
    124.000     5.8698   3.226715    32.7012       4416     3.0662 0.0000e+00
    123.000     5.8632   3.225771    32.6974       4446     3.0871 0.0000e+00
    122.000     5.8508   3.223938    32.6893       4470     3.1037 0.0000e+00
    121.000     5.8459   3.223161    32.6859       4492     3.1189 0.0000e+00
    120.000     5.8340   3.221554    32.6798       4515     3.1345 0.0000e+00
    119.000     5.8262   3.220454    32.6755       4539     3.1515 0.0000e+00
    118.000     5.8144   3.219035    32.6714       4566     3.1700 0.0000e+00
    117.000     5.8163   3.218796    32.6674       4594     3.1897 0.0000e+00
    116.000     5.8052   3.217162    32.6602       4622     3.2092 0.0000e+00
    115.000     5.7897   3.215048    32.6519       4648     3.2268 0.0000e+00
    114.000     5.7874   3.214727    32.6510       4670     3.2425 0.0000e+00
    113.000     5.7835   3.214172    32.6490       4694     3.2589 0.0000e+00
    112.000     5.7746   3.212710    32.6417       4721     3.2778 0.0000e+00
    111.000     5.7727   3.212411    32.6406       4751     3.2989 0.0000e+00
    110.000     5.7700   3.212079    32.6400       4780     3.3186 0.0000e+00
    109.000     5.7661   3.211428    32.6369       4805     3.3363 0.0000e+00
    108.000     5.7649   3.211237    32.6364       4829     3.3526 0.0000e+00
    107.000     5.7646   3.211172    32.6365       4852     3.3685 0.0000e+00
    106.000     5.7611   3.210663    32.6346       4876     3.3855 0.0000e+00
    105.000     5.7578   3.210159    32.6326       4901     3.4031 0.0000e+00
    104.000     5.7565   3.209916    32.6316       4928     3.4212 0.0000e+00
    103.000     5.7555   3.209746    32.6312       4954     3.4395 0.0000e+00
    102.000     5.7556   3.209728    32.6313       4981     3.4585 0.0000e+00
    101.000     5.7574   3.209889    32.6320       5010     3.4784 0.0000e+00
    100.000     5.7558   3.209680    32.6316       5037     3.4974 0.0000e+00
     99.000     5.7435   3.208026    32.6254       5062     3.5144 0.0000e+00
     98.000     5.7107   3.203318    32.6046       5085     3.5308 0.0000e+00
     97.000     5.7062   3.202273    32.5977       5111     3.5487 0.0000e+00
     96.000     5.6831   3.199466    32.5888       5138     3.5674 0.0000e+00
     95.000     5.6372   3.192841    32.5588       5164     3.5851 0.0000e+00
     94.000     5.5761   3.184593    32.5252       5188     3.6021 0.0000e+00
     93.000     5.5219   3.175975    32.4805       5213     3.6196 0.0000e+00
     92.000     5.4682   3.168780    32.4513       5240     3.6379 0.0000e+00
     91.000     5.4411   3.163680    32.4202       5265     3.6557 0.0000e+00
     90.000     5.3942   3.156392    32.3832       5291     3.6735 0.0000e+00
     89.000     5.3779   3.153566    32.3673       5317     3.6914 0.0000e+00
     88.000     5.3381   3.145080    32.3097       5344     3.7102 0.0000e+00
     87.000     5.3425   3.141551    32.2659       5372     3.7295 0.0000e+00
     86.000     5.3862   3.138459    32.1892       5400     3.7493 0.0000e+00
     85.000     5.4032   3.136960    32.1564       5427     3.7680 0.0000e+00
     84.000     5.4249   3.134903    32.1128       5450     3.7844 0.0000e+00
     83.000     5.4380   3.134671    32.0981       5472     3.7995 0.0000e+00
     82.000     5.4466   3.134534    32.0888       5495     3.8151 0.0000e+00
     81.000     5.4521   3.134710    32.0860       5519     3.8321 0.0000e+00
     80.000     5.4540   3.134527    32.0827       5548     3.8518 0.0000e+00
     79.000     5.4451   3.132565    32.0694       5576     3.8718 0.0000e+00
     78.000     5.4309   3.128321    32.0354       5603     3.8906 0.0000e+00
     77.000     5.4401   3.128000    32.0235       5630     3.9093 0.0000e+00
     76.000     5.4790   3.129039    31.9985       5658     3.9284 0.0000e+00
     75.000     5.5123   3.130750    31.9868       5685     3.9472 0.0000e+00
     74.000     5.5595   3.133591    31.9745       5709     3.9641 0.0000e+00
     73.000     5.5979   3.136066    31.9664       5733     3.9802 0.0000e+00
     72.000     5.6333   3.138598    31.9618       5756     3.9965 0.0000e+00
     71.000     5.6574   3.140603    31.9621       5780     4.0135 0.0000e+00
     70.000     5.6924   3.142992    31.9563       5806     4.0316 0.0000e+00
     69.000     5.7103   3.144148    31.9527       5833     4.0503 0.0000e+00
     68.000     5.7267   3.145382    31.9515       5861     4.0691 0.0000e+00
     67.000     5.7483   3.147061    31.9505       5887     4.0877 0.0000e+00
     66.000     5.7518   3.147256    31.9499       5914     4.1060 0.0000e+00
     65.000     5.7676   3.148307    31.9472       5941     4.1253 0.0000e+00
     64.000     5.7826   3.149246    31.9440       5970     4.1448 0.0000e+00
     63.000     5.7891   3.149630    31.9427       5996     4.1631 0.0000e+00
     62.000     5.8015   3.150480    31.9409       6019     4.1790 0.0000e+00
     61.000     5.8421   3.153267    31.9343       6040     4.1939 0.0000e+00
     60.000     5.8601   3.154713    31.9340       6063     4.2097 0.0000e+00
     59.000     5.8913   3.157255    31.9335       6088     4.2274 0.0000e+00
     58.000     5.9025   3.158101    31.9329       6117     4.2471 0.0000e+00
     57.000     5.8971   3.157292    31.9294       6146     4.2676 0.0000e+00
     56.000     5.9520   3.161677    31.9271       6174     4.2869 0.0000e+00
     55.000     5.9548   3.162049    31.9291       6202     4.3059 0.0000e+00
     54.000     5.9638   3.162610    31.9274       6228     4.3246 0.0000e+00
     53.000     5.9653   3.162721    31.9277       6253     4.3419 0.0000e+00
     52.000     5.9653   3.162659    31.9275       6276     4.3579 0.0000e+00
     51.000     5.9692   3.162769    31.9255       6300     4.3740 0.0000e+00
     50.000     5.9718   3.162912    31.9252       6325     4.3915 0.0000e+00
     49.000     5.9711   3.162822    31.9253       6351     4.4098 0.0000e+00
     48.000     5.9746   3.162992    31.9244       6377     4.4281 0.0000e+00
     47.000     5.9771   3.163098    31.9237       6403     4.4458 0.0000e+00
