HB2402/ctd205.cnv
* Sea-Bird SBE 9 Data File:
* FileName = C:\cruise\data\ctd205.hex
* Software Version Seasave V 7.26.7.121
* Temperature SN = 5253
* Conductivity SN = 4421
* Number of Bytes Per Scan = 37
* Number of Voltage Words = 4
* Number of Scans Averaged by the Deck Unit = 1
* NMEA Latitude = 43 36.06 N
* NMEA Longitude = 067 48.38 W
* NMEA UTC (Time) = May 05 2024 01:44:54
* NMEA baud rate = 4800
** Ship: Bigelow HB2402
** Program:  Spring Bottom Trawl Survey
** Chief Scientist: John Galbraith
# nquan = 7
# nvalues = 465                         
# units = specified
# name 0 = depSM: Depth [salt water, m]
# name 1 = t090C: Temperature [ITS-90, deg C]
# name 2 = c0S/m: Conductivity [S/m]
# name 3 = sal00: Salinity, Practical [PSU]
# name 4 = scan: Scan Count
# name 5 = timeM: Time, Elapsed [minutes]
# name 6 = flag: flag
# span 0 =      2.000,    235.000       
# span 1 =     5.0791,     8.1135       
# span 2 =   3.110438,   3.558340       
# span 3 =    31.6448,    34.1015       
# span 4 =        106,      13139       
# span 5 =     0.0729,     9.1236       
# span 6 = 0.0000e+00, 0.0000e+00       
# interval = meters: 1                  
# start_time = May 05 2024 01:44:54 [NMEA time, header]
# bad_flag = -9.990e-29
*END*
      4.000     7.4683   3.263759    31.6637        106     0.0729 0.0000e+00
      5.000     7.4514   3.262842    31.6688        195     0.1347 0.0000e+00
      6.000     7.3479   3.254479    31.6729        227     0.1571 0.0000e+00
      7.000     7.2676   3.247730    31.6731        251     0.1738 0.0000e+00
      8.000     7.2265   3.244242    31.6726        272     0.1879 0.0000e+00
      9.000     7.1970   3.241766    31.6724        293     0.2030 0.0000e+00
     10.000     7.1751   3.239915    31.6720        321     0.2224 0.0000e+00
     11.000     7.1599   3.238610    31.6713        355     0.2460 0.0000e+00
     12.000     7.1463   3.237480    31.6711        380     0.2632 0.0000e+00
     13.000     7.1404   3.237010    31.6709        400     0.2774 0.0000e+00
     14.000     7.1278   3.235981    31.6709        423     0.2934 0.0000e+00
     15.000     7.0946   3.233277    31.6716        455     0.3150 0.0000e+00
     16.000     7.0574   3.230240    31.6723        488     0.3379 0.0000e+00
     17.000     7.0234   3.227441    31.6727        512     0.3548 0.0000e+00
     18.000     6.9702   3.223166    31.6747        534     0.3698 0.0000e+00
     19.000     6.8600   3.214495    31.6813        557     0.3861 0.0000e+00
     20.000     6.7889   3.208854    31.6848        585     0.4053 0.0000e+00
     21.000     6.7465   3.205383    31.6856        613     0.4247 0.0000e+00
     22.000     6.5833   3.192287    31.6925        638     0.4420 0.0000e+00
     23.000     6.4123   3.179620    31.7112        664     0.4602 0.0000e+00
     24.000     6.3055   3.171410    31.7194        697     0.4831 0.0000e+00
     25.000     6.1954   3.163236    31.7310        727     0.5045 0.0000e+00
     26.000     6.1477   3.159606    31.7348        749     0.5197 0.0000e+00
     27.000     5.9877   3.149132    31.7674        769     0.5332 0.0000e+00
     28.000     5.7649   3.133136    31.7974        791     0.5487 0.0000e+00
     29.000     5.7140   3.131444    31.8258        824     0.5719 0.0000e+00
     30.000     5.7107   3.132323    31.8384        860     0.5964 0.0000e+00
     31.000     5.7186   3.134254    31.8521        884     0.6134 0.0000e+00
     32.000     5.7062   3.133722    31.8574        906     0.6286 0.0000e+00
     33.000     5.7035   3.133722    31.8595        929     0.6447 0.0000e+00
     34.000     5.7035   3.134483    31.8675        955     0.6628 0.0000e+00
     35.000     5.6776   3.133339    31.8787        982     0.6814 0.0000e+00
     36.000     5.6437   3.131769    31.8926       1010     0.7009 0.0000e+00
     37.000     5.5917   3.128456    31.9041       1041     0.7223 0.0000e+00
     38.000     5.5636   3.126740    31.9108       1072     0.7441 0.0000e+00
     39.000     5.5560   3.126415    31.9138       1098     0.7620 0.0000e+00
     40.000     5.5539   3.126299    31.9141       1120     0.7767 0.0000e+00
     41.000     5.5546   3.126527    31.9155       1140     0.7907 0.0000e+00
     42.000     5.5487   3.126630    31.9218       1162     0.8066 0.0000e+00
     43.000     5.5302   3.125994    31.9317       1196     0.8297 0.0000e+00
     44.000     5.5195   3.125499    31.9358       1234     0.8559 0.0000e+00
     45.000     5.5114   3.125088    31.9383       1260     0.8746 0.0000e+00
     46.000     5.4925   3.124044    31.9439       1282     0.8897 0.0000e+00
     47.000     5.4556   3.121637    31.9513       1304     0.9047 0.0000e+00
     48.000     5.4116   3.119556    31.9692       1328     0.9213 0.0000e+00
     49.000     5.4057   3.119823    31.9773       1354     0.9398 0.0000e+00
     50.000     5.3771   3.118293    31.9868       1381     0.9585 0.0000e+00
     51.000     5.3117   3.114864    32.0098       1410     0.9781 0.0000e+00
     52.000     5.2932   3.113649    32.0132       1441     0.9999 0.0000e+00
     53.000     5.2858   3.113204    32.0147       1473     1.0220 0.0000e+00
     54.000     5.2895   3.115316    32.0347       1498     1.0394 0.0000e+00
     55.000     5.3078   3.118786    32.0561       1519     1.0543 0.0000e+00
     56.000     5.2704   3.116067    32.0605       1540     1.0685 0.0000e+00
     57.000     5.2639   3.116427    32.0703       1564     1.0856 0.0000e+00
     58.000     5.2571   3.116277    32.0747       1602     1.1120 0.0000e+00
     59.000     5.2511   3.115993    32.0767       1634     1.1340 0.0000e+00
     60.000     5.2492   3.116055    32.0787       1654     1.1479 0.0000e+00
     61.000     5.2484   3.116138    32.0799       1672     1.1607 0.0000e+00
     62.000     5.2407   3.116003    32.0853       1696     1.1769 0.0000e+00
     63.000     5.2273   3.115276    32.0893       1731     1.2017 0.0000e+00
     64.000     5.2179   3.114766    32.0920       1766     1.2258 0.0000e+00
     65.000     5.2060   3.113988    32.0941       1790     1.2420 0.0000e+00
     66.000     5.1956   3.113357    32.0964       1811     1.2569 0.0000e+00
     67.000     5.1797   3.112245    32.0985       1836     1.2741 0.0000e+00
     68.000     5.1483   3.110438    32.1075       1865     1.2946 0.0000e+00
     69.000     5.1273   3.110738    32.1307       1893     1.3138 0.0000e+00
     70.000     5.1159   3.112610    32.1626       1917     1.3305 0.0000e+00
     71.000     5.1088   3.112806    32.1711       1941     1.3475 0.0000e+00
     72.000     5.0964   3.112148    32.1750       1968     1.3658 0.0000e+00
     73.000     5.0940   3.112279    32.1783       1996     1.3856 0.0000e+00
     74.000     5.0929   3.113525    32.1932       2027     1.4068 0.0000e+00
     75.000     5.0791   3.113042    32.2005       2059     1.4289 0.0000e+00
     76.000     5.1110   3.118966    32.2369       2086     1.4478 0.0000e+00
     77.000     5.1728   3.128261    32.2830       2108     1.4631 0.0000e+00
     78.000     5.1868   3.130414    32.2936       2128     1.4772 0.0000e+00
     79.000     5.1920   3.131295    32.2981       2149     1.4915 0.0000e+00
     80.000     5.2202   3.135809    32.3219       2174     1.5088 0.0000e+00
     81.000     5.2325   3.137772    32.3318       2210     1.5339 0.0000e+00
     82.000     5.2627   3.143174    32.3638       2247     1.5595 0.0000e+00
     83.000     5.3092   3.150425    32.4009       2271     1.5765 0.0000e+00
     84.000     5.3974   3.162864    32.4566       2291     1.5905 0.0000e+00
     85.000     5.4305   3.167342    32.4749       2312     1.6049 0.0000e+00
     86.000     5.4569   3.170575    32.4856       2338     1.6233 0.0000e+00
     87.000     5.5087   3.177384    32.5122       2374     1.6477 0.0000e+00
     88.000     5.5315   3.180301    32.5227       2403     1.6677 0.0000e+00
     89.000     5.5469   3.182451    32.5317       2424     1.6829 0.0000e+00
     90.000     5.5628   3.184592    32.5400       2446     1.6977 0.0000e+00
     91.000     5.5854   3.187705    32.5529       2472     1.7157 0.0000e+00
     92.000     5.6160   3.191828    32.5694       2506     1.7399 0.0000e+00
     93.000     5.6524   3.196795    32.5898       2536     1.7608 0.0000e+00
     94.000     5.6844   3.201191    32.6080       2558     1.7760 0.0000e+00
     95.000     5.7039   3.203737    32.6173       2579     1.7903 0.0000e+00
     96.000     5.7126   3.204867    32.6212       2604     1.8074 0.0000e+00
     97.000     5.7208   3.206074    32.6263       2637     1.8307 0.0000e+00
     98.000     5.7285   3.207192    32.6310       2669     1.8528 0.0000e+00
     99.000     5.7413   3.209010    32.6387       2693     1.8694 0.0000e+00
    100.000     5.7513   3.210404    32.6442       2714     1.8843 0.0000e+00
    101.000     5.7615   3.211825    32.6498       2737     1.9000 0.0000e+00
    102.000     5.7748   3.213681    32.6573       2764     1.9191 0.0000e+00
    103.000     5.7897   3.215678    32.6649       2798     1.9421 0.0000e+00
    104.000     5.8002   3.217193    32.6713       2827     1.9624 0.0000e+00
    105.000     5.8204   3.219990    32.6827       2852     1.9796 0.0000e+00
    106.000     5.8781   3.228128    32.7179       2874     1.9954 0.0000e+00
    107.000     5.9920   3.243595    32.7807       2897     2.0112 0.0000e+00
    108.000     6.0421   3.250039    32.8039       2923     2.0294 0.0000e+00
    109.000     6.1103   3.259535    32.8436       2957     2.0527 0.0000e+00
    110.000     6.1340   3.262733    32.8558       2988     2.0746 0.0000e+00
    111.000     6.1382   3.263570    32.8606       3013     2.0917 0.0000e+00
    112.000     6.1766   3.269274    32.8867       3034     2.1065 0.0000e+00
    113.000     6.2116   3.273951    32.9044       3056     2.1214 0.0000e+00
    114.000     6.2342   3.277309    32.9195       3080     2.1385 0.0000e+00
    115.000     6.3497   3.293846    32.9910       3112     2.1607 0.0000e+00
    116.000     6.5535   3.321452    33.0994       3148     2.1855 0.0000e+00
    117.000     6.6293   3.332050    33.1426       3176     2.2047 0.0000e+00
    118.000     6.6913   3.340472    33.1749       3198     2.2200 0.0000e+00
    119.000     6.7640   3.350335    33.2127       3218     2.2339 0.0000e+00
    120.000     6.8082   3.356457    33.2368       3240     2.2496 0.0000e+00
    121.000     6.8438   3.361336    33.2554       3270     2.2699 0.0000e+00
    122.000     6.9242   3.372300    33.2974       3305     2.2945 0.0000e+00
    123.000     6.9586   3.376980    33.3149       3333     2.3141 0.0000e+00
    124.000     7.0307   3.387445    33.3592       3356     2.3295 0.0000e+00
    125.000     7.1219   3.399968    33.4072       3377     2.3446 0.0000e+00
    126.000     7.2442   3.417090    33.4748       3402     2.3620 0.0000e+00
    127.000     7.2658   3.420071    33.4859       3432     2.3825 0.0000e+00
    128.000     7.2772   3.421776    33.4929       3464     2.4046 0.0000e+00
    129.000     7.2943   3.424402    33.5044       3493     2.4251 0.0000e+00
    130.000     7.3026   3.425502    33.5079       3516     2.4413 0.0000e+00
    131.000     7.3091   3.426490    33.5119       3540     2.4574 0.0000e+00
    132.000     7.3124   3.427007    33.5138       3563     2.4737 0.0000e+00
    133.000     7.3372   3.430594    33.5282       3590     2.4922 0.0000e+00
    134.000     7.3681   3.434887    33.5444       3620     2.5133 0.0000e+00
    135.000     7.4451   3.446319    33.5933       3650     2.5339 0.0000e+00
    136.000     7.4864   3.451973    33.6141       3676     2.5522 0.0000e+00
    137.000     7.4957   3.453703    33.6233       3700     2.5690 0.0000e+00
    138.000     7.5636   3.463533    33.6633       3725     2.5859 0.0000e+00
    139.000     7.6001   3.468792    33.6842       3751     2.6041 0.0000e+00
    140.000     7.6223   3.471943    33.6963       3778     2.6232 0.0000e+00
    141.000     7.6294   3.473062    33.7010       3805     2.6418 0.0000e+00
    142.000     7.6496   3.476083    33.7135       3832     2.6601 0.0000e+00
    143.000     7.6671   3.478556    33.7228       3861     2.6807 0.0000e+00
    144.000     7.6867   3.481478    33.7348       3894     2.7037 0.0000e+00
    145.000     7.7116   3.485060    33.7488       3921     2.7219 0.0000e+00
    146.000     7.7250   3.487115    33.7574       3939     2.7347 0.0000e+00
    147.000     7.7471   3.490031    33.7669       3956     2.7467 0.0000e+00
    148.000     7.7613   3.491962    33.7735       3975     2.7599 0.0000e+00
    149.000     7.7740   3.493762    33.7800       4020     2.7909 0.0000e+00
    150.000     7.7872   3.495932    33.7901       4068     2.8242 0.0000e+00
    151.000     7.8116   3.499699    33.8064       4085     2.8359 0.0000e+00
    152.000     7.8284   3.502511    33.8199       4099     2.8459 0.0000e+00
    153.000     7.8514   3.505940    33.8339       4115     2.8569 0.0000e+00
    154.000     7.8603   3.507338    33.8399       4136     2.8715 0.0000e+00
    155.000     7.8724   3.509318    33.8488       4172     2.8967 0.0000e+00
    156.000     7.8982   3.514322    33.8771       4209     2.9223 0.0000e+00
    157.000     7.9016   3.515547    33.8864       4234     2.9395 0.0000e+00
    158.000     7.9080   3.516793    33.8931       4259     2.9571 0.0000e+00
    159.000     7.9173   3.518771    33.9048       4286     2.9758 0.0000e+00
    160.000     7.9325   3.521782    33.9218       4315     2.9957 0.0000e+00
    161.000     7.9397   3.523473    33.9324       4342     3.0144 0.0000e+00
    162.000     7.9644   3.528629    33.9632       4366     3.0311 0.0000e+00
    163.000     7.9706   3.529704    33.9683       4388     3.0468 0.0000e+00
    164.000     7.9709   3.530078    33.9715       4412     3.0631 0.0000e+00
    165.000     7.9720   3.530511    33.9745       4436     3.0802 0.0000e+00
    166.000     7.9787   3.532557    33.9895       4462     3.0980 0.0000e+00
    167.000     7.9814   3.533594    33.9975       4492     3.1185 0.0000e+00
    168.000     7.9851   3.534994    34.0084       4530     3.1452 0.0000e+00
    169.000     7.9899   3.536758    34.0221       4563     3.1681 0.0000e+00
    170.000     8.0046   3.539756    34.0394       4586     3.1840 0.0000e+00
    171.000     8.0183   3.541823    34.0477       4605     3.1976 0.0000e+00
    172.000     8.0281   3.543175    34.0521       4626     3.2119 0.0000e+00
    173.000     8.0326   3.543801    34.0540       4652     3.2299 0.0000e+00
    174.000     8.0427   3.545259    34.0593       4682     3.2510 0.0000e+00
    175.000     8.0627   3.547930    34.0680       4710     3.2701 0.0000e+00
    176.000     8.0769   3.550019    34.0759       4733     3.2862 0.0000e+00
    177.000     8.0980   3.552774    34.0843       4755     3.3017 0.0000e+00
    178.000     8.1031   3.553620    34.0879       4784     3.3214 0.0000e+00
    179.000     8.1008   3.553516    34.0886       4824     3.3491 0.0000e+00
    180.000     8.0939   3.552851    34.0877       4854     3.3702 0.0000e+00
    181.000     8.0927   3.552829    34.0882       4875     3.3847 0.0000e+00
    182.000     8.0924   3.552854    34.0883       4894     3.3983 0.0000e+00
    183.000     8.0984   3.553910    34.0933       4916     3.4130 0.0000e+00
    184.000     8.1035   3.554560    34.0947       4943     3.4316 0.0000e+00
    185.000     8.1047   3.554750    34.0951       4977     3.4555 0.0000e+00
    186.000     8.1075   3.555232    34.0970       5004     3.4746 0.0000e+00
    187.000     8.1128   3.555938    34.0990       5026     3.4895 0.0000e+00
    188.000     8.1135   3.556081    34.0994       5047     3.5043 0.0000e+00
    189.000     8.1130   3.556083    34.0994       5075     3.5238 0.0000e+00
    190.000     8.1124   3.556087    34.0995       5118     3.5537 0.0000e+00
    191.000     8.1129   3.556190    34.0997       5147     3.5739 0.0000e+00
    192.000     8.1107   3.556043    34.0998       5167     3.5873 0.0000e+00
    193.000     8.1084   3.555903    34.1000       5185     3.5997 0.0000e+00
    194.000     8.1087   3.555958    34.0999       5204     3.6133 0.0000e+00
    195.000     8.1085   3.555982    34.0998       5232     3.6329 0.0000e+00
    196.000     8.1085   3.556024    34.0998       5273     3.6613 0.0000e+00
    197.000     8.1082   3.556047    34.0999       5301     3.6808 0.0000e+00
    198.000     8.1086   3.556136    34.1000       5321     3.6947 0.0000e+00
    199.000     8.1076   3.556093    34.1000       5341     3.7082 0.0000e+00
    200.000     8.1073   3.556122    34.1000       5367     3.7261 0.0000e+00
    201.000     8.1072   3.556143    34.1000       5406     3.7536 0.0000e+00
    202.000     8.1064   3.556140    34.1002       5437     3.7750 0.0000e+00
    203.000     8.1067   3.556245    34.1006       5457     3.7892 0.0000e+00
    204.000     8.1061   3.556270    34.1009       5476     3.8020 0.0000e+00
    205.000     8.1066   3.556354    34.1009       5497     3.8164 0.0000e+00
    206.000     8.1080   3.556526    34.1009       5527     3.8376 0.0000e+00
    207.000     8.1083   3.556612    34.1010       5567     3.8653 0.0000e+00
    208.000     8.1082   3.556667    34.1012       5594     3.8842 0.0000e+00
