HB2402/ctd223.cnv
* Sea-Bird SBE 9 Data File:
* FileName = C:\cruise\data\ctd223.hex
* Software Version Seasave V 7.26.7.121
* Temperature SN = 5253
* Conductivity SN = 4421
* Number of Bytes Per Scan = 37
* Number of Voltage Words = 4
* Number of Scans Averaged by the Deck Unit = 1
* NMEA Latitude = 43 46.87 N
* NMEA Longitude = 068 08.99 W
* NMEA UTC (Time) = May 07 2024 18:53:05
* NMEA baud rate = 4800
** Ship: Bigelow HB2402
** Program:  Spring Bottom Trawl Survey
** Chief Scientist: John Galbraith
# nquan = 7
# nvalues = 324                         
# units = specified
# name 0 = depSM: Depth [salt water, m]
# name 1 = t090C: Temperature [ITS-90, deg C]
# name 2 = c0S/m: Conductivity [S/m]
# name 3 = sal00: Salinity, Practical [PSU]
# name 4 = scan: Scan Count
# name 5 = timeM: Time, Elapsed [minutes]
# name 6 = flag: flag
# span 0 =      2.000,    164.000       
# span 1 =     5.2959,     7.4203       
# span 2 =   3.131400,   3.448628       
# span 3 =    31.7074,    33.6283       
# span 4 =        167,       9715       
# span 5 =     0.1151,     6.7460       
# span 6 = 0.0000e+00, 0.0000e+00       
# interval = meters: 1                  
# start_time = May 07 2024 18:53:05 [NMEA time, header]
# bad_flag = -9.990e-29
*END*
[from data line 206]
    119.000     6.9509   3.379911    33.3564       6568     4.5604 0.0000e+00
    118.000     6.9130   3.374773    33.3373       6592     4.5771 0.0000e+00
    117.000     6.8687   3.368169    33.3082       6615     4.5931 0.0000e+00
    116.000     6.6945   3.344863    33.2211       6638     4.6088 0.0000e+00
    115.000     6.5620   3.325657    33.1381       6661     4.6247 0.0000e+00
    114.000     6.4890   3.315313    33.0949       6683     4.6403 0.0000e+00
    113.000     6.4427   3.309522    33.0760       6707     4.6569 0.0000e+00
    112.000     6.4376   3.308163    33.0664       6737     4.6775 0.0000e+00
    111.000     6.4185   3.305107    33.0515       6771     4.7013 0.0000e+00
    110.000     6.3178   3.292112    33.0053       6801     4.7220 0.0000e+00
    109.000     6.3135   3.291331    33.0012       6826     4.7393 0.0000e+00
    108.000     6.2817   3.287162    32.9862       6849     4.7554 0.0000e+00
    107.000     6.2502   3.282787    32.9685       6871     4.7709 0.0000e+00
    106.000     6.2200   3.278131    32.9464       6894     4.7870 0.0000e+00
    105.000     6.1713   3.271143    32.9161       6920     4.8050 0.0000e+00
    104.000     6.1380   3.266350    32.8953       6949     4.8252 0.0000e+00
    103.000     6.1076   3.262051    32.8773       6975     4.8433 0.0000e+00
    102.000     6.1014   3.260975    32.8717       7000     4.8605 0.0000e+00
    101.000     6.0966   3.260330    32.8697       7024     4.8774 0.0000e+00
    100.000     6.0833   3.258386    32.8613       7050     4.8950 0.0000e+00
     99.000     6.0465   3.252746    32.8343       7079     4.9152 0.0000e+00
     98.000     5.9870   3.244301    32.7979       7108     4.9357 0.0000e+00
     97.000     5.9601   3.240579    32.7827       7134     4.9534 0.0000e+00
     96.000     5.9566   3.239782    32.7776       7158     4.9700 0.0000e+00
     95.000     5.9266   3.235104    32.7548       7183     4.9876 0.0000e+00
     94.000     5.8954   3.229961    32.7276       7211     5.0069 0.0000e+00
     93.000     5.8653   3.225547    32.7077       7237     5.0250 0.0000e+00
     92.000     5.8574   3.224209    32.7008       7261     5.0420 0.0000e+00
     91.000     5.8543   3.223525    32.6966       7286     5.0588 0.0000e+00
     90.000     5.8394   3.220706    32.6799       7310     5.0755 0.0000e+00
     89.000     5.8244   3.217502    32.6588       7334     5.0925 0.0000e+00
     88.000     5.8197   3.216433    32.6518       7361     5.1114 0.0000e+00
     87.000     5.8160   3.215614    32.6467       7393     5.1331 0.0000e+00
     86.000     5.8067   3.214379    32.6423       7422     5.1534 0.0000e+00
     85.000     5.8017   3.213691    32.6398       7447     5.1711 0.0000e+00
     84.000     5.7981   3.213230    32.6387       7471     5.1876 0.0000e+00
     83.000     5.7912   3.212330    32.6357       7495     5.2042 0.0000e+00
     82.000     5.7868   3.211588    32.6321       7519     5.2206 0.0000e+00
     81.000     5.7839   3.211085    32.6297       7544     5.2381 0.0000e+00
     80.000     5.7829   3.210672    32.6265       7571     5.2568 0.0000e+00
     79.000     5.7813   3.209619    32.6167       7597     5.2753 0.0000e+00
     78.000     5.7831   3.209202    32.6107       7623     5.2932 0.0000e+00
     77.000     5.7857   3.208846    32.6048       7650     5.3115 0.0000e+00
     76.000     5.7880   3.208568    32.5998       7677     5.3303 0.0000e+00
     75.000     5.7910   3.208280    32.5942       7705     5.3499 0.0000e+00
     74.000     5.7908   3.207192    32.5827       7735     5.3707 0.0000e+00
     73.000     5.7777   3.203661    32.5561       7761     5.3891 0.0000e+00
     72.000     5.7517   3.198448    32.5229       7783     5.4044 0.0000e+00
     71.000     5.7219   3.192560    32.4858       7804     5.4187 0.0000e+00
     70.000     5.7083   3.189920    32.4696       7825     5.4333 0.0000e+00
     69.000     5.6967   3.187887    32.4584       7850     5.4506 0.0000e+00
     68.000     5.6654   3.183012    32.4340       7880     5.4713 0.0000e+00
     67.000     5.6287   3.177297    32.4053       7914     5.4953 0.0000e+00
     66.000     5.5422   3.165748    32.3585       7945     5.5169 0.0000e+00
     65.000     5.5383   3.165099    32.3554       7971     5.5349 0.0000e+00
     64.000     5.5337   3.164215    32.3504       7995     5.5510 0.0000e+00
     63.000     5.5118   3.161396    32.3399       8016     5.5661 0.0000e+00
     62.000     5.4897   3.158476    32.3287       8038     5.5812 0.0000e+00
     61.000     5.4753   3.156680    32.3227       8062     5.5980 0.0000e+00
     60.000     5.4592   3.154687    32.3160       8092     5.6187 0.0000e+00
     59.000     5.4487   3.153435    32.3125       8126     5.6425 0.0000e+00
     58.000     5.4061   3.148189    32.2944       8153     5.6611 0.0000e+00
     57.000     5.3999   3.147245    32.2902       8175     5.6764 0.0000e+00
     56.000     5.3952   3.146521    32.2870       8196     5.6912 0.0000e+00
     55.000     5.3487   3.140610    32.2651       8220     5.7076 0.0000e+00
     54.000     5.3224   3.136175    32.2405       8248     5.7268 0.0000e+00
     53.000     5.3341   3.135348    32.2203       8278     5.7476 0.0000e+00
     52.000     5.3362   3.133310    32.1955       8305     5.7667 0.0000e+00
     51.000     5.3403   3.133493    32.1942       8330     5.7841 0.0000e+00
     50.000     5.3437   3.133001    32.1859       8355     5.8014 0.0000e+00
     49.000     5.3610   3.133615    32.1767       8382     5.8201 0.0000e+00
     48.000     5.3795   3.134501    32.1695       8411     5.8403 0.0000e+00
     47.000     5.4177   3.136694    32.1582       8438     5.8592 0.0000e+00
     46.000     5.4452   3.138407    32.1519       8462     5.8760 0.0000e+00
     45.000     5.4560   3.139131    32.1502       8484     5.8911 0.0000e+00
     44.000     5.4723   3.140149    32.1466       8507     5.9070 0.0000e+00
     43.000     5.4897   3.141212    32.1424       8532     5.9246 0.0000e+00
     42.000     5.5200   3.143012    32.1343       8562     5.9451 0.0000e+00
     41.000     5.5380   3.144187    32.1310       8591     5.9654 0.0000e+00
     40.000     5.5427   3.144518    32.1307       8617     5.9830 0.0000e+00
     39.000     5.5520   3.145047    32.1282       8639     5.9989 0.0000e+00
     38.000     5.5697   3.146181    32.1246       8665     6.0168 0.0000e+00
     37.000     5.5907   3.147292    32.1176       8697     6.0390 0.0000e+00
     36.000     5.5934   3.147526    32.1182       8726     6.0593 0.0000e+00
     35.000     5.6076   3.148358    32.1145       8750     6.0754 0.0000e+00
     34.000     5.6330   3.149902    32.1082       8771     6.0902 0.0000e+00
     33.000     5.6546   3.151334    32.1042       8793     6.1057 0.0000e+00
     32.000     5.6751   3.152770    32.1014       8819     6.1239 0.0000e+00
     31.000     5.7119   3.155090    32.0930       8849     6.1447 0.0000e+00
     30.000     5.7671   3.158740    32.0820       8877     6.1641 0.0000e+00
     29.000     5.7931   3.160418    32.0767       8901     6.1808 0.0000e+00
     28.000     5.8290   3.162611    32.0676       8925     6.1971 0.0000e+00
     27.000     5.8325   3.162707    32.0658       8951     6.2150 0.0000e+00
     26.000     5.8274   3.162727    32.0714       8980     6.2356 0.0000e+00
     25.000     5.8672   3.165098    32.0607       9008     6.2549 0.0000e+00
     24.000     5.8757   3.165599    32.0588       9033     6.2722 0.0000e+00
     23.000     5.9182   3.168155    32.0476       9057     6.2889 0.0000e+00
     22.000     5.9306   3.169258    32.0487       9082     6.3064 0.0000e+00
     21.000     6.1013   3.179449    32.0017       9109     6.3247 0.0000e+00
     20.000     6.2467   3.190876    31.9922       9134     6.3425 0.0000e+00
     19.000     6.3581   3.198174    31.9689       9159     6.3600 0.0000e+00
     18.000     6.4696   3.207397    31.9668       9186     6.3785 0.0000e+00
     17.000     6.6589   3.221323    31.9435       9213     6.3973 0.0000e+00
     16.000     6.8037   3.232570    31.9324       9238     6.4147 0.0000e+00
     15.000     6.8491   3.237051    31.9396       9262     6.4314 0.0000e+00
     14.000     6.9073   3.240417    31.9228       9287     6.4488 0.0000e+00
     13.000     7.0045   3.246759    31.9022       9313     6.4668 0.0000e+00
     12.000     7.0329   3.248952    31.9002       9339     6.4850 0.0000e+00
     11.000     7.0821   3.252089    31.8892       9366     6.5034 0.0000e+00
     10.000     7.1411   3.256056    31.8782       9391     6.5211 0.0000e+00
      9.000     7.1508   3.256754    31.8773       9415     6.5378 0.0000e+00
      8.000     7.1930   3.259444    31.8679       9439     6.5540 0.0000e+00
      7.000     7.2029   3.260315    31.8687       9463     6.5710 0.0000e+00
      6.000     7.2136   3.260493    31.8613       9490     6.5898 0.0000e+00
      5.000     7.2177   3.260184    31.8546       9520     6.6106 0.0000e+00
      4.000     7.2421   3.260363    31.8345       9546     6.6286 0.0000e+00
      3.000     7.2552   3.258798    31.8060       9579     6.6517 0.0000e+00
      2.000     7.2778   3.251567    31.7074       9715     6.7460 0.0000e+00
