HB2402/ctd225.cnv
* Sea-Bird SBE 9 Data File:
* FileName = C:\cruise\data\ctd225.hex
* Software Version Seasave V 7.26.7.121
* Temperature SN = 5253
* Conductivity SN = 4421
* Number of Bytes Per Scan = 37
* Number of Voltage Words = 4
* Number of Scans Averaged by the Deck Unit = 1
* NMEA Latitude = 42 57.36 N
* NMEA Longitude = 069 04.13 W
* NMEA UTC (Time) = May 08 2024 16:32:34
* NMEA baud rate = 4800
** Ship: Bigelow HB2402
** Program:  Spring Bottom Trawl Survey
** Chief Scientist: John Galbraith
# nquan = 7
# nvalues = 360                         
# units = specified
# name 0 = depSM: Depth [salt water, m]
# name 1 = t090C: Temperature [ITS-90, deg C]
# name 2 = c0S/m: Conductivity [S/m]
# name 3 = sal00: Salinity, Practical [PSU]
# name 4 = scan: Scan Count
# name 5 = timeM: Time, Elapsed [minutes]
# name 6 = flag: flag
# span 0 =      2.000,    182.000       
# span 1 =     5.1209,     9.6090       
# span 2 =   3.086019,   3.414917       
# span 3 =    29.6941,    33.3425       
# span 4 =        -92,      11258       
# span 5 =    -0.0643,     7.8172       
# span 6 = 0.0000e+00, 0.0000e+00       
# interval = meters: 1                  
# start_time = May 08 2024 16:32:34 [NMEA time, header]
# bad_flag = -9.990e-29
*END*
[from data line 206]
    155.000     7.2386   3.398726    33.2666       6782     4.7090 0.0000e+00
    154.000     7.2328   3.397603    33.2605       6815     4.7321 0.0000e+00
    153.000     7.2302   3.397086    33.2578       6864     4.7656 0.0000e+00
    152.000     7.2229   3.395711    33.2504       6893     4.7864 0.0000e+00
    151.000     7.2209   3.395362    33.2489       6915     4.8012 0.0000e+00
    150.000     7.2187   3.394953    33.2471       6933     4.8141 0.0000e+00
    149.000     7.2154   3.394421    33.2450       6953     4.8275 0.0000e+00
    148.000     7.2132   3.393947    33.2425       6977     4.8443 0.0000e+00
    147.000     7.2075   3.392996    33.2380       7014     4.8698 0.0000e+00
    146.000     7.1920   3.390406    33.2253       7052     4.8964 0.0000e+00
    145.000     7.1794   3.388347    33.2154       7079     4.9153 0.0000e+00
    144.000     7.1689   3.386768    33.2089       7104     4.9324 0.0000e+00
    143.000     7.1608   3.385552    33.2039       7129     4.9497 0.0000e+00
    142.000     7.1523   3.384389    33.1999       7153     4.9664 0.0000e+00
    141.000     7.1406   3.382771    33.1939       7179     4.9848 0.0000e+00
    140.000     7.1185   3.380152    33.1871       7209     5.0058 0.0000e+00
    139.000     7.0915   3.376629    33.1752       7239     5.0264 0.0000e+00
    138.000     7.0610   3.372133    33.1559       7266     5.0452 0.0000e+00
    137.000     7.0446   3.369748    33.1461       7295     5.0650 0.0000e+00
    136.000     7.0334   3.368160    33.1400       7323     5.0849 0.0000e+00
    135.000     7.0305   3.367674    33.1380       7347     5.1013 0.0000e+00
    134.000     7.0291   3.367430    33.1371       7374     5.1198 0.0000e+00
    133.000     7.0249   3.366797    33.1348       7406     5.1422 0.0000e+00
    132.000     7.0164   3.365585    33.1302       7437     5.1639 0.0000e+00
    131.000     7.0070   3.364276    33.1254       7463     5.1822 0.0000e+00
    130.000     6.9967   3.362802    33.1196       7487     5.1989 0.0000e+00
    129.000     6.9923   3.362095    33.1167       7510     5.2144 0.0000e+00
    128.000     6.9895   3.361626    33.1147       7535     5.2319 0.0000e+00
    127.000     6.9900   3.361478    33.1131       7564     5.2523 0.0000e+00
    126.000     6.9894   3.360610    33.1046       7595     5.2738 0.0000e+00
    125.000     6.9749   3.357661    33.0868       7627     5.2955 0.0000e+00
    124.000     6.9742   3.356922    33.0799       7655     5.3151 0.0000e+00
    123.000     6.9789   3.356960    33.0763       7680     5.3327 0.0000e+00
    122.000     6.9867   3.356880    33.0684       7704     5.3496 0.0000e+00
    121.000     6.9894   3.356658    33.0639       7728     5.3661 0.0000e+00
    120.000     6.9902   3.356507    33.0619       7753     5.3833 0.0000e+00
    119.000     6.9797   3.355013    33.0561       7781     5.4030 0.0000e+00
    118.000     6.9676   3.353227    33.0487       7816     5.4270 0.0000e+00
    117.000     6.9375   3.349282    33.0349       7847     5.4486 0.0000e+00
    116.000     6.8949   3.343862    33.0170       7872     5.4661 0.0000e+00
    115.000     6.8825   3.342137    33.0104       7895     5.4816 0.0000e+00
    114.000     6.8765   3.341045    33.0047       7917     5.4974 0.0000e+00
    113.000     6.8513   3.337700    32.9926       7940     5.5132 0.0000e+00
    112.000     6.8274   3.334335    32.9792       7966     5.5311 0.0000e+00
    111.000     6.7980   3.330602    32.9669       8001     5.5554 0.0000e+00
    110.000     6.7609   3.325127    32.9429       8035     5.5788 0.0000e+00
    109.000     6.7326   3.321303    32.9285       8060     5.5968 0.0000e+00
    108.000     6.7228   3.319923    32.9232       8085     5.6136 0.0000e+00
    107.000     6.7153   3.318779    32.9183       8112     5.6326 0.0000e+00
    106.000     6.6986   3.316516    32.9100       8141     5.6524 0.0000e+00
    105.000     6.6647   3.312229    32.8958       8165     5.6697 0.0000e+00
    104.000     6.6265   3.306922    32.8744       8188     5.6851 0.0000e+00
    103.000     6.6041   3.303824    32.8622       8210     5.7007 0.0000e+00
    102.000     6.5850   3.301136    32.8514       8236     5.7187 0.0000e+00
    101.000     6.5651   3.298289    32.8396       8265     5.7389 0.0000e+00
    100.000     6.5414   3.294872    32.8250       8295     5.7596 0.0000e+00
     99.000     6.5146   3.290866    32.8070       8325     5.7808 0.0000e+00
     98.000     6.5006   3.288608    32.7960       8355     5.8011 0.0000e+00
     97.000     6.4898   3.286945    32.7884       8382     5.8200 0.0000e+00
     96.000     6.4855   3.286272    32.7856       8406     5.8370 0.0000e+00
     95.000     6.4806   3.285521    32.7825       8429     5.8528 0.0000e+00
     94.000     6.4708   3.283973    32.7753       8452     5.8691 0.0000e+00
     93.000     6.4530   3.281424    32.7646       8479     5.8873 0.0000e+00
     92.000     6.4262   3.277489    32.7472       8508     5.9075 0.0000e+00
     91.000     6.4030   3.274218    32.7337       8536     5.9270 0.0000e+00
     90.000     6.3758   3.270419    32.7182       8562     5.9451 0.0000e+00
     89.000     6.3057   3.260811    32.6793       8587     5.9626 0.0000e+00
     88.000     6.2562   3.253926    32.6507       8610     5.9788 0.0000e+00
     87.000     6.2217   3.249152    32.6312       8635     5.9962 0.0000e+00
     86.000     6.1986   3.246078    32.6197       8662     6.0148 0.0000e+00
     85.000     6.1611   3.241281    32.6027       8691     6.0346 0.0000e+00
     84.000     6.1142   3.234870    32.5767       8717     6.0528 0.0000e+00
     83.000     6.0727   3.228734    32.5485       8743     6.0710 0.0000e+00
     82.000     6.0385   3.224131    32.5303       8772     6.0908 0.0000e+00
     81.000     5.9981   3.218904    32.5111       8799     6.1095 0.0000e+00
     80.000     5.9647   3.214299    32.4922       8824     6.1269 0.0000e+00
     79.000     5.9507   3.212132    32.4818       8851     6.1459 0.0000e+00
     78.000     5.9443   3.211023    32.4760       8877     6.1637 0.0000e+00
     77.000     5.9389   3.209729    32.4672       8901     6.1808 0.0000e+00
     76.000     5.8821   3.201156    32.4261       8925     6.1974 0.0000e+00
     75.000     5.8310   3.194166    32.3971       8949     6.2138 0.0000e+00
     74.000     5.8163   3.191973    32.3870       8974     6.2309 0.0000e+00
     73.000     5.8089   3.190790    32.3813       9000     6.2491 0.0000e+00
     72.000     5.7986   3.189229    32.3741       9031     6.2707 0.0000e+00
     71.000     5.7761   3.185668    32.3561       9059     6.2904 0.0000e+00
     70.000     5.7651   3.183051    32.3377       9088     6.3105 0.0000e+00
     69.000     5.7290   3.177346    32.3086       9118     6.3313 0.0000e+00
     68.000     5.6449   3.166603    32.2685       9145     6.3501 0.0000e+00
     67.000     5.6004   3.161520    32.2543       9168     6.3659 0.0000e+00
     66.000     5.5944   3.160746    32.2518       9189     6.3804 0.0000e+00
     65.000     5.5891   3.160079    32.2498       9212     6.3967 0.0000e+00
     64.000     5.5841   3.159514    32.2487       9238     6.4145 0.0000e+00
     63.000     5.5793   3.158892    32.2468       9269     6.4364 0.0000e+00
     62.000     5.5613   3.156464    32.2371       9300     6.4574 0.0000e+00
     61.000     5.4813   3.142565    32.1570       9328     6.4772 0.0000e+00
     60.000     5.4552   3.135556    32.1030       9354     6.4951 0.0000e+00
     59.000     5.3957   3.127158    32.0652       9382     6.5143 0.0000e+00
     58.000     5.3147   3.116375    32.0206       9413     6.5365 0.0000e+00
     57.000     5.2752   3.111279    32.0009       9444     6.5573 0.0000e+00
     56.000     5.2478   3.108082    31.9912       9469     6.5752 0.0000e+00
     55.000     5.2383   3.106858    31.9869       9497     6.5941 0.0000e+00
     54.000     5.2124   3.103812    31.9774       9524     6.6133 0.0000e+00
     53.000     5.1764   3.099199    31.9598       9548     6.6301 0.0000e+00
     52.000     5.1629   3.097279    31.9512       9571     6.6459 0.0000e+00
     51.000     5.1453   3.094492    31.9368       9598     6.6644 0.0000e+00
     50.000     5.1350   3.092527    31.9246       9634     6.6893 0.0000e+00
     49.000     5.1319   3.090970    31.9103       9671     6.7155 0.0000e+00
     48.000     5.1236   3.088636    31.8921       9701     6.7363 0.0000e+00
     47.000     5.1315   3.087913    31.8768       9725     6.7529 0.0000e+00
     46.000     5.1525   3.089097    31.8708       9745     6.7669 0.0000e+00
     45.000     5.1833   3.091453    31.8688       9769     6.7830 0.0000e+00
     44.000     5.2076   3.092425    31.8571       9797     6.8025 0.0000e+00
     43.000     5.1934   3.088378    31.8250       9829     6.8250 0.0000e+00
     42.000     5.1839   3.086240    31.8102       9866     6.8508 0.0000e+00
     41.000     5.1910   3.086019    31.8015       9903     6.8765 0.0000e+00
     40.000     5.1991   3.086362    31.7982       9931     6.8958 0.0000e+00
     39.000     5.2127   3.087330    31.7967       9955     6.9125 0.0000e+00
     38.000     5.2250   3.088107    31.7943       9981     6.9303 0.0000e+00
     37.000     5.2448   3.089161    31.7880      10007     6.9485 0.0000e+00
     36.000     5.2682   3.090257    31.7788      10037     6.9691 0.0000e+00
     35.000     5.2825   3.090584    31.7694      10071     6.9934 0.0000e+00
     34.000     5.3103   3.091634    31.7555      10106     7.0173 0.0000e+00
     33.000     5.3573   3.094468    31.7436      10138     7.0396 0.0000e+00
     32.000     5.4398   3.097092    31.6958      10167     7.0594 0.0000e+00
     31.000     5.4707   3.096708    31.6627      10195     7.0791 0.0000e+00
     30.000     5.4730   3.095617    31.6487      10224     7.0994 0.0000e+00
     29.000     5.4875   3.095891    31.6386      10251     7.1178 0.0000e+00
     28.000     5.4969   3.096191    31.6337      10279     7.1374 0.0000e+00
     27.000     5.5052   3.096552    31.6304      10313     7.1615 0.0000e+00
     26.000     5.5171   3.097019    31.6250      10349     7.1864 0.0000e+00
     25.000     5.5452   3.098661    31.6176      10377     7.2056 0.0000e+00
     24.000     5.5850   3.101148    31.6086      10402     7.2229 0.0000e+00
     23.000     5.5970   3.101845    31.6057      10427     7.2404 0.0000e+00
     22.000     5.6090   3.102539    31.6027      10457     7.2608 0.0000e+00
     21.000     5.6348   3.103913    31.5945      10490     7.2837 0.0000e+00
     20.000     5.7492   3.110933    31.5667      10520     7.3051 0.0000e+00
     19.000     5.8606   3.118207    31.5446      10547     7.3236 0.0000e+00
     18.000     6.0304   3.128512    31.5019      10578     7.3450 0.0000e+00
     17.000     6.2290   3.140173    31.4477      10607     7.3653 0.0000e+00
     16.000     6.3478   3.146223    31.4054      10634     7.3840 0.0000e+00
     15.000     6.3942   3.148577    31.3891      10662     7.4034 0.0000e+00
     14.000     6.4440   3.151577    31.3768      10689     7.4223 0.0000e+00
     13.000     6.5583   3.157690    31.3396      10715     7.4400 0.0000e+00
     12.000     6.7309   3.167389    31.2884      10742     7.4590 0.0000e+00
     11.000     7.0381   3.188982    31.2445      10772     7.4798 0.0000e+00
     10.000     7.4230   3.213521    31.1623      10801     7.5002 0.0000e+00
      9.000     7.9924   3.249232    31.0349      10829     7.5193 0.0000e+00
      8.000     8.4136   3.275114    30.9360      10853     7.5362 0.0000e+00
      7.000     8.7027   3.293062    30.8706      10877     7.5525 0.0000e+00
      6.000     8.7950   3.299793    30.8605      10906     7.5729 0.0000e+00
      5.000     8.9236   3.307750    30.8315      10945     7.6002 0.0000e+00
      4.000     9.0023   3.312919    30.8170      10974     7.6199 0.0000e+00
      3.000     9.1152   3.319060    30.7830      10996     7.6355 0.0000e+00
      2.000     9.3689   3.331077    30.6880      11258     7.8172 0.0000e+00
