HB2402/ctd222.cnv
* Sea-Bird SBE 9 Data File:
* FileName = C:\cruise\data\ctd222.hex
* Software Version Seasave V 7.26.7.121
* Temperature SN = 5253
* Conductivity SN = 4421
* Number of Bytes Per Scan = 37
* Number of Voltage Words = 4
* Number of Scans Averaged by the Deck Unit = 1
* NMEA Latitude = 44 04.27 N
* NMEA Longitude = 068 07.10 W
* NMEA UTC (Time) = May 07 2024 14:56:31
** Ship: Bigelow HB2402
** Program:  Spring Bottom Trawl Survey
** Chief Scientist: John Galbraith
# nquan = 7
# nvalues = 195                         
# units = specified
# name 0 = depSM: Depth [salt water, m]
# name 1 = t090C: Temperature [ITS-90, deg C]
# name 2 = c0S/m: Conductivity [S/m]
# name 3 = sal00: Salinity, Practical [PSU]
# name 4 = scan: Scan Count
# name 5 = timeM: Time, Elapsed [minutes]
# name 6 = flag: flag
# span 0 =      1.000,     99.000       
# span 1 =     5.4063,     6.5693       
# span 2 =   3.106418,   3.179564       
# span 3 =    31.3804,    32.0049       
# span 4 =       -230,       7140       
# span 5 =    -0.1605,     4.9578       
# span 6 = 0.0000e+00, 0.0000e+00       
# interval = meters: 1                  
# start_time = May 07 2024 14:56:31 [NMEA time, header]
# bad_flag = -9.990e-29
*END*
      3.000     6.5221   3.157963    31.3804       -230    -0.1605 0.0000e+00
      4.000     6.4443   3.168661    31.5696        373     0.2583 0.0000e+00
      5.000     6.3992   3.168776    31.6122        360     0.2496 0.0000e+00
      6.000     6.3303   3.167427    31.6608        386     0.2673 0.0000e+00
      7.000     6.2923   3.161434    31.6294        413     0.2860 0.0000e+00
      8.000     6.2850   3.159313    31.6121        439     0.3038 0.0000e+00
      9.000     6.2259   3.155612    31.6256        464     0.3218 0.0000e+00
     10.000     5.9826   3.136990    31.6448        492     0.3407 0.0000e+00
     11.000     5.8893   3.129316    31.6459        519     0.3597 0.0000e+00
     12.000     5.8238   3.124028    31.6475        544     0.3773 0.0000e+00
     13.000     5.8113   3.123227    31.6498        568     0.3940 0.0000e+00
     14.000     5.7996   3.122682    31.6542        592     0.4107 0.0000e+00
     15.000     5.7867   3.121977    31.6579        618     0.4285 0.0000e+00
     16.000     5.7548   3.120090    31.6661        645     0.4469 0.0000e+00
     17.000     5.7099   3.117508    31.6788        672     0.4657 0.0000e+00
     18.000     5.6904   3.116396    31.6842        699     0.4845 0.0000e+00
     19.000     5.6781   3.115710    31.6876        726     0.5035 0.0000e+00
     20.000     5.6690   3.115217    31.6901        754     0.5229 0.0000e+00
     21.000     5.6617   3.114940    31.6934        781     0.5417 0.0000e+00
     22.000     5.6590   3.114905    31.6950        807     0.5599 0.0000e+00
     23.000     5.6466   3.114411    31.7006        833     0.5776 0.0000e+00
     24.000     5.6011   3.112361    31.7200        857     0.5948 0.0000e+00
     25.000     5.5665   3.110801    31.7345        884     0.6132 0.0000e+00
     26.000     5.5083   3.108295    31.7607        911     0.6317 0.0000e+00
     27.000     5.4654   3.106991    31.7860        937     0.6499 0.0000e+00
     28.000     5.4386   3.107065    31.8118        962     0.6677 0.0000e+00
     29.000     5.4360   3.107366    31.8172        990     0.6865 0.0000e+00
     30.000     5.4362   3.107829    31.8218       1019     0.7068 0.0000e+00
     31.000     5.4355   3.107907    31.8228       1047     0.7266 0.0000e+00
     32.000     5.4340   3.107859    31.8232       1074     0.7451 0.0000e+00
     33.000     5.4339   3.107895    31.8232       1100     0.7631 0.0000e+00
     34.000     5.4337   3.107932    31.8233       1125     0.7805 0.0000e+00
     35.000     5.4335   3.107955    31.8233       1150     0.7977 0.0000e+00
     36.000     5.4334   3.108006    31.8234       1175     0.8153 0.0000e+00
     37.000     5.4333   3.108121    31.8243       1202     0.8342 0.0000e+00
     38.000     5.4323   3.108244    31.8262       1228     0.8522 0.0000e+00
     39.000     5.4310   3.108490    31.8297       1255     0.8709 0.0000e+00
     40.000     5.4305   3.108593    31.8309       1283     0.8901 0.0000e+00
     41.000     5.4293   3.108716    31.8329       1310     0.9093 0.0000e+00
     42.000     5.4271   3.109005    31.8377       1337     0.9279 0.0000e+00
     43.000     5.4270   3.109184    31.8394       1364     0.9468 0.0000e+00
     44.000     5.4260   3.109481    31.8432       1393     0.9663 0.0000e+00
     45.000     5.4255   3.109604    31.8447       1418     0.9842 0.0000e+00
     46.000     5.4252   3.109884    31.8476       1442     1.0008 0.0000e+00
     47.000     5.4249   3.110108    31.8499       1466     1.0173 0.0000e+00
     48.000     5.4244   3.110669    31.8562       1492     1.0355 0.0000e+00
     49.000     5.4214   3.111976    31.8734       1520     1.0548 0.0000e+00
     50.000     5.4197   3.112419    31.8796       1548     1.0742 0.0000e+00
     51.000     5.4189   3.112822    31.8845       1576     1.0938 0.0000e+00
     52.000     5.4182   3.113154    31.8883       1603     1.1125 0.0000e+00
     53.000     5.4174   3.113277    31.8901       1629     1.1305 0.0000e+00
     54.000     5.4167   3.113341    31.8909       1654     1.1480 0.0000e+00
     55.000     5.4152   3.113414    31.8927       1679     1.1653 0.0000e+00
     56.000     5.4140   3.113499    31.8943       1705     1.1835 0.0000e+00
     57.000     5.4129   3.113625    31.8963       1734     1.2033 0.0000e+00
     58.000     5.4110   3.113802    31.8996       1762     1.2232 0.0000e+00
     59.000     5.4092   3.113901    31.9019       1788     1.2413 0.0000e+00
     60.000     5.4088   3.113985    31.9027       1813     1.2583 0.0000e+00
     61.000     5.4082   3.114059    31.9037       1838     1.2759 0.0000e+00
     62.000     5.4073   3.114099    31.9045       1865     1.2942 0.0000e+00
     63.000     5.4070   3.114143    31.9048       1892     1.3129 0.0000e+00
     64.000     5.4067   3.114200    31.9052       1919     1.3323 0.0000e+00
     65.000     5.4065   3.114282    31.9059       1947     1.3516 0.0000e+00
     66.000     5.4063   3.114371    31.9066       1974     1.3702 0.0000e+00
     67.000     5.4063   3.114412    31.9066       2000     1.3882 0.0000e+00
     68.000     5.4064   3.114482    31.9068       2025     1.4058 0.0000e+00
     69.000     5.4064   3.114549    31.9070       2050     1.4231 0.0000e+00
     70.000     5.4064   3.114692    31.9081       2075     1.4406 0.0000e+00
     71.000     5.4065   3.114862    31.9096       2104     1.4601 0.0000e+00
     72.000     5.4065   3.114888    31.9093       2134     1.4812 0.0000e+00
     73.000     5.4066   3.114933    31.9092       2163     1.5013 0.0000e+00
     74.000     5.4066   3.115001    31.9095       2188     1.5187 0.0000e+00
     75.000     5.4067   3.115044    31.9094       2212     1.5356 0.0000e+00
     76.000     5.4068   3.115125    31.9097       2236     1.5521 0.0000e+00
     77.000     5.4070   3.115205    31.9100       2261     1.5695 0.0000e+00
     78.000     5.4072   3.115331    31.9107       2288     1.5881 0.0000e+00
     79.000     5.4073   3.115392    31.9108       2315     1.6069 0.0000e+00
     80.000     5.4075   3.115485    31.9112       2344     1.6271 0.0000e+00
     81.000     5.4080   3.115701    31.9127       2374     1.6478 0.0000e+00
     82.000     5.4087   3.116288    31.9182       2402     1.6672 0.0000e+00
     83.000     5.4095   3.116670    31.9213       2427     1.6844 0.0000e+00
     84.000     5.4099   3.116922    31.9232       2451     1.7013 0.0000e+00
     85.000     5.4103   3.117384    31.9276       2476     1.7184 0.0000e+00
     86.000     5.4113   3.118450    31.9382       2502     1.7365 0.0000e+00
     87.000     5.4116   3.118683    31.9401       2528     1.7549 0.0000e+00
     88.000     5.4119   3.119060    31.9436       2556     1.7742 0.0000e+00
     89.000     5.4121   3.119446    31.9472       2584     1.7936 0.0000e+00
     90.000     5.4121   3.119667    31.9493       2610     1.8121 0.0000e+00
     91.000     5.4122   3.119733    31.9495       2636     1.8298 0.0000e+00
     92.000     5.4123   3.119857    31.9502       2663     1.8486 0.0000e+00
     93.000     5.4123   3.120187    31.9535       2694     1.8702 0.0000e+00
     94.000     5.4123   3.120738    31.9593       2728     1.8940 0.0000e+00
     95.000     5.4145   3.121326    31.9633       2764     1.9185 0.0000e+00
     96.000     5.4178   3.122515    31.9731       2799     1.9434 0.0000e+00
     97.000     5.4195   3.123204    31.9789       2837     1.9692 0.0000e+00
     98.000     5.4210   3.123996    31.9859       2875     1.9958 0.0000e+00
     99.000     5.4228   3.125535    32.0011       3039     2.1098 0.0000e+00
     98.000     5.4239   3.125911    32.0049       3852     2.6745 0.0000e+00
     97.000     5.4228   3.124986    31.9959       3805     2.6416 0.0000e+00
     96.000     5.4208   3.123572    31.9824       3824     2.6546 0.0000e+00
     95.000     5.4196   3.123014    31.9776       3852     2.6740 0.0000e+00
     94.000     5.4178   3.122322    31.9720       3875     2.6904 0.0000e+00
     93.000     5.4158   3.121580    31.9660       3897     2.7059 0.0000e+00
     92.000     5.4144   3.120978    31.9610       3921     2.7223 0.0000e+00
     91.000     5.4137   3.120438    31.9561       3947     2.7405 0.0000e+00
     90.000     5.4144   3.120719    31.9590       3975     2.7597 0.0000e+00
     89.000     5.4137   3.120196    31.9543       4003     2.7788 0.0000e+00
     88.000     5.4129   3.119551    31.9482       4029     2.7974 0.0000e+00
     87.000     5.4126   3.119329    31.9464       4055     2.8150 0.0000e+00
     86.000     5.4124   3.119009    31.9435       4079     2.8322 0.0000e+00
     85.000     5.4121   3.118594    31.9396       4104     2.8492 0.0000e+00
     84.000     5.4119   3.118325    31.9372       4129     2.8666 0.0000e+00
     83.000     5.4118   3.118264    31.9371       4155     2.8848 0.0000e+00
     82.000     5.4115   3.117954    31.9344       4183     2.9045 0.0000e+00
     81.000     5.4110   3.117538    31.9306       4211     2.9237 0.0000e+00
     80.000     5.4104   3.116989    31.9255       4237     2.9414 0.0000e+00
     79.000     5.4100   3.116754    31.9236       4261     2.9580 0.0000e+00
     78.000     5.4094   3.116359    31.9202       4285     2.9753 0.0000e+00
     77.000     5.4088   3.115922    31.9164       4311     2.9929 0.0000e+00
     76.000     5.4084   3.115662    31.9143       4336     3.0104 0.0000e+00
     75.000     5.4082   3.115491    31.9130       4362     3.0286 0.0000e+00
     74.000     5.4078   3.115282    31.9115       4389     3.0473 0.0000e+00
     73.000     5.4077   3.115203    31.9112       4417     3.0664 0.0000e+00
     72.000     5.4076   3.115109    31.9108       4444     3.0853 0.0000e+00
     71.000     5.4075   3.115026    31.9104       4470     3.1035 0.0000e+00
     70.000     5.4072   3.114941    31.9102       4495     3.1211 0.0000e+00
     69.000     5.4071   3.114871    31.9100       4520     3.1383 0.0000e+00
     68.000     5.4070   3.114760    31.9094       4544     3.1550 0.0000e+00
     67.000     5.4068   3.114627    31.9085       4568     3.1719 0.0000e+00
     66.000     5.4066   3.114512    31.9079       4594     3.1898 0.0000e+00
     65.000     5.4067   3.114383    31.9068       4622     3.2089 0.0000e+00
     64.000     5.4070   3.114304    31.9061       4650     3.2282 0.0000e+00
     63.000     5.4075   3.114172    31.9046       4676     3.2466 0.0000e+00
     62.000     5.4080   3.114120    31.9041       4701     3.2637 0.0000e+00
     61.000     5.4085   3.114062    31.9034       4725     3.2807 0.0000e+00
     60.000     5.4087   3.114004    31.9031       4751     3.2987 0.0000e+00
     59.000     5.4092   3.113967    31.9027       4779     3.3182 0.0000e+00
     58.000     5.4099   3.113914    31.9019       4807     3.3376 0.0000e+00
     57.000     5.4110   3.113858    31.9007       4832     3.3547 0.0000e+00
     56.000     5.4116   3.113776    31.8997       4854     3.3704 0.0000e+00
     55.000     5.4123   3.113660    31.8982       4878     3.3871 0.0000e+00
     54.000     5.4142   3.113477    31.8948       4906     3.4065 0.0000e+00
     53.000     5.4146   3.113422    31.8943       4935     3.4262 0.0000e+00
     52.000     5.4172   3.113145    31.8892       4960     3.4440 0.0000e+00
     51.000     5.4177   3.113015    31.8877       4985     3.4610 0.0000e+00
     50.000     5.4181   3.112862    31.8861       5011     3.4789 0.0000e+00
     49.000     5.4196   3.112431    31.8803       5037     3.4970 0.0000e+00
     48.000     5.4220   3.111705    31.8703       5062     3.5147 0.0000e+00
     47.000     5.4232   3.111132    31.8631       5089     3.5330 0.0000e+00
     46.000     5.4238   3.110760    31.8588       5115     3.5516 0.0000e+00
     45.000     5.4240   3.110485    31.8560       5142     3.5701 0.0000e+00
     44.000     5.4245   3.110104    31.8517       5167     3.5878 0.0000e+00
     43.000     5.4254   3.109511    31.8446       5191     3.6042 0.0000e+00
     42.000     5.4254   3.109399    31.8438       5215     3.6207 0.0000e+00
     41.000     5.4257   3.109171    31.8415       5241     3.6387 0.0000e+00
     40.000     5.4265   3.108915    31.8383       5269     3.6585 0.0000e+00
     39.000     5.4277   3.108656    31.8347       5298     3.6783 0.0000e+00
     38.000     5.4289   3.108459    31.8318       5324     3.6969 0.0000e+00
     37.000     5.4294   3.108338    31.8305       5349     3.7141 0.0000e+00
     36.000     5.4306   3.108158    31.8278       5373     3.7307 0.0000e+00
     35.000     5.4318   3.107937    31.8247       5397     3.7472 0.0000e+00
     34.000     5.4320   3.107860    31.8241       5422     3.7643 0.0000e+00
     33.000     5.4328   3.107794    31.8231       5448     3.7825 0.0000e+00
     32.000     5.4336   3.107698    31.8218       5475     3.8015 0.0000e+00
     31.000     5.4344   3.107631    31.8208       5503     3.8210 0.0000e+00
     30.000     5.4353   3.107519    31.8191       5532     3.8408 0.0000e+00
     29.000     5.4353   3.107246    31.8165       5558     3.8591 0.0000e+00
     28.000     5.4360   3.106964    31.8131       5582     3.8754 0.0000e+00
     27.000     5.4393   3.106632    31.8067       5604     3.8912 0.0000e+00
     26.000     5.4552   3.106418    31.7897       5629     3.9083 0.0000e+00
     25.000     5.4634   3.106507    31.7834       5655     3.9266 0.0000e+00
     24.000     5.4862   3.107146    31.7696       5681     3.9445 0.0000e+00
     23.000     5.5396   3.108882    31.7392       5707     3.9625 0.0000e+00
     22.000     5.5605   3.109915    31.7317       5735     3.9818 0.0000e+00
     21.000     5.6089   3.111877    31.7086       5764     4.0018 0.0000e+00
     20.000     5.6225   3.112506    31.7034       5789     4.0197 0.0000e+00
     19.000     5.6401   3.113166    31.6947       5813     4.0362 0.0000e+00
     18.000     5.6536   3.113701    31.6885       5837     4.0529 0.0000e+00
     17.000     5.6590   3.113957    31.6868       5863     4.0709 0.0000e+00
     16.000     5.6695   3.114405    31.6825       5890     4.0893 0.0000e+00
     15.000     5.6893   3.115358    31.6750       5914     4.1066 0.0000e+00
     14.000     5.6994   3.115973    31.6729       5939     4.1237 0.0000e+00
     13.000     5.7438   3.118173    31.6564       5964     4.1410 0.0000e+00
     12.000     5.7547   3.118971    31.6557       5989     4.1587 0.0000e+00
     11.000     5.7805   3.120363    31.6475       6015     4.1765 0.0000e+00
     10.000     5.8097   3.121927    31.6382       6042     4.1949 0.0000e+00
      9.000     5.8345   3.123521    31.6333       6068     4.2134 0.0000e+00
      8.000     5.8837   3.127466    31.6318       6094     4.2313 0.0000e+00
      7.000     5.9943   3.135273    31.6162       6118     4.2481 0.0000e+00
      6.000     6.3017   3.159049    31.5947       6528     4.5326 0.0000e+00
      5.000     6.2969   3.158713    31.5959       6892     4.7854 0.0000e+00
      4.000     6.3068   3.159398    31.5947       6960     4.8330 0.0000e+00
      3.000     6.3585   3.163171    31.5889       7038     4.8869 0.0000e+00
      2.000     6.4973   3.174155    31.5820       7099     4.9293 0.0000e+00
      1.000     6.5693   3.179564    31.5755       7140     4.9578 0.0000e+00
