HB2402/ctd239.cnv
* Sea-Bird SBE 9 Data File:
* FileName = C:\cruise\data\ctd239.hex
* Software Version Seasave V 7.26.7.121
* Temperature SN = 5253
* Conductivity SN = 4421
* Number of Bytes Per Scan = 37
* Number of Voltage Words = 4
* Number of Scans Averaged by the Deck Unit = 1
* NMEA Latitude = 41 42.76 N
* NMEA Longitude = 069 52.45 W
* NMEA UTC (Time) = May 12 2024 00:36:06
* NMEA baud rate = 4800
** Ship: Bigelow HB2402
** Program:  Spring Bottom Trawl Survey
** Chief Scientist: John Galbraith
# nquan = 7
# nvalues = 32                          
# units = specified
# name 0 = depSM: Depth [salt water, m]
# name 1 = t090C: Temperature [ITS-90, deg C]
# name 2 = c0S/m: Conductivity [S/m]
# name 3 = sal00: Salinity, Practical [PSU]
# name 4 = scan: Scan Count
# name 5 = timeM: Time, Elapsed [minutes]
# name 6 = flag: flag
# span 0 =      2.000,     18.000       
# span 1 =     8.4326,     8.5017       
# span 2 =   3.286305,   3.292611       
# span 3 =    31.0313,    31.0493       
# span 4 =         16,       1634       
# span 5 =     0.0102,     1.1342       
# span 6 = 0.0000e+00, 0.0000e+00       
# interval = meters: 1                  
# start_time = May 12 2024 00:36:06 [NMEA time, header]
# bad_flag = -9.990e-29
*END*
      3.000     8.4954   3.292611    31.0493         16     0.0102 0.0000e+00
      4.000     8.4938   3.292024    31.0441         63     0.0433 0.0000e+00
      5.000     8.4945   3.291477    31.0373        176     0.1212 0.0000e+00
      6.000     8.4956   3.291462    31.0357        230     0.1589 0.0000e+00
      7.000     8.4973   3.291460    31.0338        275     0.1901 0.0000e+00
      8.000     8.4947   3.291290    31.0338        314     0.2176 0.0000e+00
      9.000     8.4921   3.291046    31.0332        341     0.2361 0.0000e+00
     10.000     8.4913   3.290993    31.0329        361     0.2497 0.0000e+00
     11.000     8.4753   3.289799    31.0341        378     0.2616 0.0000e+00
     12.000     8.4741   3.289560    31.0321        397     0.2748 0.0000e+00
     13.000     8.4764   3.289852    31.0328        426     0.2950 0.0000e+00
     14.000     8.4904   3.291051    31.0325        470     0.3260 0.0000e+00
     15.000     8.4837   3.290567    31.0329        501     0.3474 0.0000e+00
     16.000     8.4687   3.289334    31.0328        523     0.3628 0.0000e+00
     17.000     8.4582   3.288473    31.0325        554     0.3839 0.0000e+00
     18.000     8.4326   3.286305    31.0320        751     0.5205 0.0000e+00
     17.000     8.4421   3.287040    31.0318        778     0.5396 0.0000e+00
     16.000     8.4519   3.287838    31.0319       1003     0.6962 0.0000e+00
     15.000     8.4510   3.287711    31.0318       1161     0.8055 0.0000e+00
     14.000     8.4575   3.288163    31.0313       1186     0.8232 0.0000e+00
     13.000     8.4639   3.288668    31.0314       1209     0.8386 0.0000e+00
     12.000     8.4666   3.288883    31.0316       1228     0.8522 0.0000e+00
     11.000     8.4755   3.289575    31.0315       1251     0.8678 0.0000e+00
     10.000     8.4923   3.290995    31.0320       1287     0.8928 0.0000e+00
      9.000     8.4923   3.290943    31.0320       1321     0.9163 0.0000e+00
      8.000     8.4967   3.291269    31.0319       1341     0.9303 0.0000e+00
      7.000     8.4989   3.291446    31.0323       1358     0.9422 0.0000e+00
      6.000     8.4991   3.291395    31.0320       1375     0.9539 0.0000e+00
      5.000     8.5017   3.291581    31.0321       1397     0.9695 0.0000e+00
      4.000     8.4992   3.291377    31.0326       1462     1.0145 0.0000e+00
      3.000     8.4969   3.291178    31.0330       1547     1.0738 0.0000e+00
      2.000     8.4951   3.291005    31.0331       1634     1.1342 0.0000e+00
