HB2402/ctd242.cnv
* Sea-Bird SBE 9 Data File:
* FileName = C:\cruise\data\ctd242.hex
* Software Version Seasave V 7.26.7.121
* Temperature SN = 5253
* Conductivity SN = 4421
* Number of Bytes Per Scan = 37
* Number of Voltage Words = 4
* Number of Scans Averaged by the Deck Unit = 1
* NMEA Latitude = 40 11.78 N
* NMEA Longitude = 071 55.82 W
* NMEA UTC (Time) = May 13 2024 11:52:33
* NMEA baud rate = 4800
** Ship: Bigelow HB2402
** Program:  Spring Bottom Trawl Survey
** Chief Scientist: John Galbraith
# nquan = 7
# nvalues = 139                         
# units = specified
# name 0 = depSM: Depth [salt water, m]
# name 1 = t090C: Temperature [ITS-90, deg C]
# name 2 = c0S/m: Conductivity [S/m]
# name 3 = sal00: Salinity, Practical [PSU]
# name 4 = scan: Scan Count
# name 5 = timeM: Time, Elapsed [minutes]
# name 6 = flag: flag
# span 0 =      1.000,     71.000       
# span 1 =     6.1558,     9.0707       
# span 2 =   3.199025,   3.439679       
# span 3 =    32.0311,    32.1657       
# span 4 =       -396,       5614       
# span 5 =    -0.2760,     3.8977       
# span 6 = 0.0000e+00, 0.0000e+00       
# interval = meters: 1                  
# start_time = May 13 2024 11:52:33 [NMEA time, header]
# bad_flag = -9.990e-29
*END*
      3.000     9.0362   3.436768    32.0671       -396    -0.2760 0.0000e+00
      4.000     9.0707   3.439679    32.0656        454     0.3145 0.0000e+00
      5.000     9.0566   3.438512    32.0658        300     0.2073 0.0000e+00
      6.000     9.0389   3.437050    32.0662        326     0.2257 0.0000e+00
      7.000     9.0357   3.436807    32.0661        351     0.2429 0.0000e+00
      8.000     9.0356   3.436837    32.0661        377     0.2608 0.0000e+00
      9.000     9.0350   3.436821    32.0660        402     0.2785 0.0000e+00
     10.000     9.0343   3.436817    32.0661        427     0.2961 0.0000e+00
     11.000     9.0292   3.436383    32.0658        451     0.3128 0.0000e+00
     12.000     9.0347   3.436904    32.0658        477     0.3304 0.0000e+00
     13.000     9.0333   3.436786    32.0654        505     0.3499 0.0000e+00
     14.000     9.0241   3.436022    32.0653        534     0.3701 0.0000e+00
     15.000     9.0091   3.434716    32.0649        561     0.3888 0.0000e+00
     16.000     9.0050   3.434350    32.0643        586     0.4061 0.0000e+00
     17.000     8.9949   3.433434    32.0635        612     0.4246 0.0000e+00
     18.000     8.9696   3.431129    32.0619        647     0.4485 0.0000e+00
     19.000     8.9558   3.429893    32.0612        772     0.5351 0.0000e+00
     20.000     8.9380   3.428350    32.0607        873     0.6056 0.0000e+00
     21.000     8.9145   3.426234    32.0595        906     0.6281 0.0000e+00
     22.000     8.8857   3.423900    32.0609        935     0.6483 0.0000e+00
     23.000     8.8673   3.422409    32.0615        963     0.6678 0.0000e+00
     24.000     8.8467   3.420541    32.0603        990     0.6871 0.0000e+00
     25.000     8.8207   3.418394    32.0610       1019     0.7072 0.0000e+00
     26.000     8.7988   3.416580    32.0615       1048     0.7273 0.0000e+00
     27.000     8.7498   3.412374    32.0615       1075     0.7460 0.0000e+00
     28.000     8.6382   3.403190    32.0663       1100     0.7632 0.0000e+00
     29.000     8.5446   3.395536    32.0707       1124     0.7796 0.0000e+00
     30.000     8.4641   3.388963    32.0744       1148     0.7968 0.0000e+00
     31.000     8.2943   3.374472    32.0762       1176     0.8161 0.0000e+00
     32.000     8.1340   3.361330    32.0833       1208     0.8381 0.0000e+00
     33.000     7.7925   3.332536    32.0899       1238     0.8594 0.0000e+00
     34.000     7.4102   3.302251    32.1175       1265     0.8780 0.0000e+00
     35.000     7.2771   3.290629    32.1151       1290     0.8952 0.0000e+00
     36.000     7.1877   3.283426    32.1197       1313     0.9108 0.0000e+00
     37.000     7.1728   3.282038    32.1180       1335     0.9262 0.0000e+00
     38.000     7.1345   3.278435    32.1140       1359     0.9432 0.0000e+00
     39.000     6.9770   3.265041    32.1147       1386     0.9621 0.0000e+00
     40.000     6.9380   3.262131    32.1188       1418     0.9844 0.0000e+00
     41.000     6.9145   3.260181    32.1191       1454     1.0094 0.0000e+00
     42.000     6.9068   3.259461    32.1179       1484     1.0300 0.0000e+00
     43.000     6.8858   3.257691    32.1177       1506     1.0450 0.0000e+00
     44.000     6.8352   3.253798    32.1220       1527     1.0598 0.0000e+00
     45.000     6.8870   3.259769    32.1384       1549     1.0747 0.0000e+00
     46.000     6.8432   3.256001    32.1376       1572     1.0911 0.0000e+00
     47.000     6.7564   3.248634    32.1378       1599     1.1098 0.0000e+00
     48.000     6.7154   3.244843    32.1342       1629     1.1308 0.0000e+00
     49.000     6.6663   3.240508    32.1322       1661     1.1528 0.0000e+00
     50.000     6.6210   3.236775    32.1332       1691     1.1737 0.0000e+00
     51.000     6.6273   3.237704    32.1370       1718     1.1926 0.0000e+00
     52.000     6.6150   3.236811    32.1382       1744     1.2103 0.0000e+00
     53.000     6.5258   3.228683    32.1321       1769     1.2275 0.0000e+00
     54.000     6.4784   3.224618    32.1313       1792     1.2440 0.0000e+00
     55.000     6.4570   3.222552    32.1282       1816     1.2606 0.0000e+00
     56.000     6.4292   3.220004    32.1257       1842     1.2786 0.0000e+00
     57.000     6.4036   3.217800    32.1249       1871     1.2985 0.0000e+00
     58.000     6.3950   3.217096    32.1248       1900     1.3188 0.0000e+00
     59.000     6.3890   3.216602    32.1245       1928     1.3385 0.0000e+00
     60.000     6.3588   3.214056    32.1243       1955     1.3569 0.0000e+00
     61.000     6.3431   3.213344    32.1308       1980     1.3745 0.0000e+00
     62.000     6.3391   3.213378    32.1345       2004     1.3912 0.0000e+00
     63.000     6.3259   3.212342    32.1350       2032     1.4105 0.0000e+00
     64.000     6.2350   3.204638    32.1349       2061     1.4305 0.0000e+00
     65.000     6.1693   3.199328    32.1374       2088     1.4491 0.0000e+00
     66.000     6.1586   3.199110    32.1447       2113     1.4663 0.0000e+00
     67.000     6.1558   3.199722    32.1536       2139     1.4847 0.0000e+00
     68.000     6.1576   3.200282    32.1577       2166     1.5035 0.0000e+00
     69.000     6.1629   3.201502    32.1657       2195     1.5236 0.0000e+00
     70.000     6.1640   3.201497    32.1642       2283     1.5844 0.0000e+00
     71.000     6.1652   3.201497    32.1624       2473     1.7169 0.0000e+00
     70.000     6.1669   3.201733    32.1641       2714     1.8837 0.0000e+00
     69.000     6.1671   3.201529    32.1620       3029     2.1027 0.0000e+00
     68.000     6.1649   3.201089    32.1597       3055     2.1209 0.0000e+00
     67.000     6.1634   3.200744    32.1578       3082     2.1394 0.0000e+00
     66.000     6.1611   3.200206    32.1545       3108     2.1574 0.0000e+00
     65.000     6.1578   3.199251    32.1475       3132     2.1741 0.0000e+00
     64.000     6.1638   3.199025    32.1397       3153     2.1887 0.0000e+00
     63.000     6.1864   3.200426    32.1344       3175     2.2040 0.0000e+00
     62.000     6.2241   3.203216    32.1303       3201     2.2220 0.0000e+00
     61.000     6.2272   3.203630    32.1324       3233     2.2444 0.0000e+00
     60.000     6.2714   3.206909    32.1275       3266     2.2674 0.0000e+00
     59.000     6.3151   3.209936    32.1203       3293     2.2858 0.0000e+00
     58.000     6.3407   3.212068    32.1203       3316     2.3019 0.0000e+00
     57.000     6.3573   3.213287    32.1187       3338     2.3174 0.0000e+00
     56.000     6.3818   3.215023    32.1153       3362     2.3339 0.0000e+00
     55.000     6.3935   3.215973    32.1153       3387     2.3511 0.0000e+00
     54.000     6.3961   3.215995    32.1135       3414     2.3703 0.0000e+00
     53.000     6.4185   3.218158    32.1169       3441     2.3892 0.0000e+00
     52.000     6.4303   3.219132    32.1170       3467     2.4068 0.0000e+00
     51.000     6.4429   3.220005    32.1152       3492     2.4242 0.0000e+00
     50.000     6.5128   3.226085    32.1171       3516     2.4413 0.0000e+00
     49.000     6.5641   3.230754    32.1208       3542     2.4590 0.0000e+00
     48.000     6.5829   3.232024    32.1176       3570     2.4786 0.0000e+00
     47.000     6.5793   3.231547    32.1163       3599     2.4987 0.0000e+00
     46.000     6.5950   3.233380    32.1221       3627     2.5178 0.0000e+00
     45.000     6.6311   3.236304    32.1208       3651     2.5348 0.0000e+00
     44.000     6.6864   3.240859    32.1195       3674     2.5507 0.0000e+00
     43.000     6.7540   3.246487    32.1184       3697     2.5665 0.0000e+00
     42.000     6.8033   3.251174    32.1241       3722     2.5840 0.0000e+00
     41.000     6.8157   3.251041    32.1115       3750     2.6035 0.0000e+00
     40.000     6.8349   3.252545    32.1105       3779     2.6233 0.0000e+00
     39.000     6.8727   3.255011    32.1026       3806     2.6423 0.0000e+00
     38.000     6.8810   3.255865    32.1046       3831     2.6598 0.0000e+00
     37.000     6.8927   3.256943    32.1059       3855     2.6762 0.0000e+00
     36.000     6.9050   3.257736    32.1036       3878     2.6927 0.0000e+00
     35.000     6.9487   3.260831    32.0970       3903     2.7100 0.0000e+00
     34.000     7.0205   3.266246    32.0896       3931     2.7292 0.0000e+00
     33.000     7.0985   3.273111    32.0921       3960     2.7493 0.0000e+00
     32.000     7.1395   3.276200    32.0879       3987     2.7681 0.0000e+00
     31.000     7.1454   3.277406    32.0961       4012     2.7855 0.0000e+00
     30.000     7.1881   3.280403    32.0894       4036     2.8023 0.0000e+00
     29.000     7.2918   3.288153    32.0775       4061     2.8195 0.0000e+00
     28.000     7.3896   3.297271    32.0858       4087     2.8374 0.0000e+00
     27.000     7.7482   3.324581    32.0485       4114     2.8561 0.0000e+00
     26.000     7.9455   3.340534    32.0380       4141     2.8747 0.0000e+00
     25.000     8.1530   3.359196    32.0466       4166     2.8922 0.0000e+00
     24.000     8.2848   3.370280    32.0438       4190     2.9088 0.0000e+00
     23.000     8.3252   3.374609    32.0531       4214     2.9254 0.0000e+00
     22.000     8.4657   3.385382    32.0390       4240     2.9438 0.0000e+00
     21.000     8.6191   3.397877    32.0311       4269     2.9640 0.0000e+00
     20.000     8.5193   3.392146    32.0622       4298     2.9841 0.0000e+00
     19.000     8.6726   3.404008    32.0477       4324     3.0019 0.0000e+00
     18.000     8.7083   3.406862    32.0456       4347     3.0184 0.0000e+00
     17.000     8.7589   3.411339    32.0469       4372     3.0354 0.0000e+00
     16.000     8.8088   3.415618    32.0469       4398     3.0536 0.0000e+00
     15.000     8.8769   3.421497    32.0470       4425     3.0725 0.0000e+00
     14.000     8.9273   3.425674    32.0453       4452     3.0907 0.0000e+00
     13.000     8.9451   3.427654    32.0503       4475     3.1069 0.0000e+00
     12.000     8.9593   3.429022    32.0521       4497     3.1224 0.0000e+00
     11.000     8.9669   3.429594    32.0516       4520     3.1383 0.0000e+00
     10.000     8.9578   3.429060    32.0547       4545     3.1558 0.0000e+00
      9.000     8.9826   3.431162    32.0546       4574     3.1756 0.0000e+00
      8.000     8.9913   3.432003    32.0560       4604     3.1967 0.0000e+00
      7.000     9.0095   3.433730    32.0579       4632     3.2160 0.0000e+00
      6.000     9.0415   3.437092    32.0643       5129     3.5608 0.0000e+00
      5.000     9.0394   3.436882    32.0644       5471     3.7983 0.0000e+00
      4.000     9.0383   3.436785    32.0648       5493     3.8142 0.0000e+00
      3.000     9.0535   3.438049    32.0647       5545     3.8502 0.0000e+00
      2.000     9.0582   3.438424    32.0648       5578     3.8730 0.0000e+00
      1.000     9.0588   3.438482    32.0653       5614     3.8977 0.0000e+00
