HB2402/ctd235.cnv
* Sea-Bird SBE 9 Data File:
* FileName = C:\cruise\data\ctd235.hex
* Software Version Seasave V 7.26.7.121
* Temperature SN = 5253
* Conductivity SN = 4421
* Number of Bytes Per Scan = 37
* Number of Voltage Words = 4
* Number of Scans Averaged by the Deck Unit = 1
* NMEA Latitude = 43 01.59 N
* NMEA Longitude = 070 16.97 W
* NMEA UTC (Time) = May 11 2024 01:07:00
* NMEA baud rate = 4800
** Ship: Bigelow HB2402
** Program:  Spring Bottom Trawl Survey
** Chief Scientist: John Galbraith
# nquan = 7
# nvalues = 278                         
# units = specified
# name 0 = depSM: Depth [salt water, m]
# name 1 = t090C: Temperature [ITS-90, deg C]
# name 2 = c0S/m: Conductivity [S/m]
# name 3 = sal00: Salinity, Practical [PSU]
# name 4 = scan: Scan Count
# name 5 = timeM: Time, Elapsed [minutes]
# name 6 = flag: flag
# span 0 =      2.000,    141.000       
# span 1 =     4.7942,     9.8671       
# span 2 =   3.020624,   3.329011       
# span 3 =    29.8531,    32.8009       
# span 4 =         16,       8158       
# span 5 =     0.0103,     5.6646       
# span 6 = 0.0000e+00, 0.0000e+00       
# interval = meters: 1                  
# start_time = May 11 2024 01:07:00 [NMEA time, header]
# bad_flag = -9.990e-29
*END*
[from data line 206]
     73.000     4.9380   3.068671    31.8285       6203     4.3068 0.0000e+00
     72.000     4.9375   3.068528    31.8279       6228     4.3245 0.0000e+00
     71.000     4.9350   3.068184    31.8269       6256     4.3439 0.0000e+00
     70.000     4.9334   3.067930    31.8259       6285     4.3639 0.0000e+00
     69.000     4.9261   3.067097    31.8238       6315     4.3847 0.0000e+00
     68.000     4.9201   3.066432    31.8225       6342     4.4037 0.0000e+00
     67.000     4.9167   3.065952    31.8207       6364     4.4189 0.0000e+00
     66.000     4.9105   3.065192    31.8184       6384     4.4327 0.0000e+00
     65.000     4.9054   3.064427    31.8150       6407     4.4488 0.0000e+00
     64.000     4.9056   3.064035    31.8108       6438     4.4702 0.0000e+00
     63.000     4.9107   3.063064    31.7953       6468     4.4911 0.0000e+00
     62.000     4.9241   3.063114    31.7836       6491     4.5072 0.0000e+00
     61.000     4.9377   3.064021    31.7814       6514     4.5229 0.0000e+00
     60.000     4.9605   3.065104    31.7726       6539     4.5404 0.0000e+00
     59.000     4.9714   3.065545    31.7677       6570     4.5617 0.0000e+00
     58.000     4.9778   3.065708    31.7640       6599     4.5820 0.0000e+00
     57.000     4.9817   3.065300    31.7561       6623     4.5989 0.0000e+00
     56.000     4.9796   3.064425    31.7486       6645     4.6141 0.0000e+00
     55.000     4.9726   3.063047    31.7400       6669     4.6303 0.0000e+00
     54.000     4.9608   3.061144    31.7299       6697     4.6498 0.0000e+00
     53.000     4.9472   3.059236    31.7215       6730     4.6729 0.0000e+00
     52.000     4.9177   3.055239    31.7042       6757     4.6914 0.0000e+00
     51.000     4.8781   3.050446    31.6875       6777     4.7056 0.0000e+00
     50.000     4.8958   3.052094    31.6900       6795     4.7183 0.0000e+00
     49.000     4.8787   3.049303    31.6748       6819     4.7344 0.0000e+00
     48.000     4.8770   3.048718    31.6702       6851     4.7572 0.0000e+00
     47.000     4.8757   3.048232    31.6663       6884     4.7797 0.0000e+00
     46.000     4.8569   3.045559    31.6539       6908     4.7965 0.0000e+00
     45.000     4.8419   3.043625    31.6466       6930     4.8115 0.0000e+00
     44.000     4.8332   3.042339    31.6405       6953     4.8280 0.0000e+00
     43.000     4.8227   3.040657    31.6317       6981     4.8475 0.0000e+00
     42.000     4.8287   3.040917    31.6294       7010     4.8673 0.0000e+00
     41.000     4.8284   3.038541    31.6029       7039     4.8872 0.0000e+00
     40.000     4.8535   3.038834    31.5829       7067     4.9070 0.0000e+00
     39.000     4.8668   3.038885    31.5714       7091     4.9237 0.0000e+00
     38.000     4.8563   3.036759    31.5574       7113     4.9387 0.0000e+00
     37.000     4.9053   3.038840    31.5353       7134     4.9535 0.0000e+00
     36.000     4.9129   3.038703    31.5271       7158     4.9699 0.0000e+00
     35.000     4.8767   3.034550    31.5142       7184     4.9880 0.0000e+00
     34.000     4.8505   3.031539    31.5050       7211     5.0069 0.0000e+00
     33.000     4.8542   3.029043    31.4732       7242     5.0282 0.0000e+00
     32.000     4.8735   3.028844    31.4532       7274     5.0504 0.0000e+00
     31.000     4.8929   3.028055    31.4263       7300     5.0689 0.0000e+00
     30.000     4.9297   3.027802    31.3892       7323     5.0847 0.0000e+00
     29.000     4.9490   3.026863    31.3607       7345     5.1000 0.0000e+00
     28.000     4.9419   3.024256    31.3380       7368     5.1157 0.0000e+00
     27.000     4.9396   3.022595    31.3216       7392     5.1325 0.0000e+00
     26.000     4.9646   3.020624    31.2760       7420     5.1518 0.0000e+00
     25.000     4.9938   3.021656    31.2609       7449     5.1722 0.0000e+00
     24.000     5.1228   3.024470    31.1728       7476     5.1911 0.0000e+00
     23.000     5.3235   3.033946    31.0940       7500     5.2080 0.0000e+00
     22.000     5.4022   3.039097    31.0797       7524     5.2242 0.0000e+00
     21.000     5.4603   3.042037    31.0597       7548     5.2409 0.0000e+00
     20.000     5.5458   3.046637    31.0329       7575     5.2597 0.0000e+00
     19.000     5.6717   3.053565    30.9953       7606     5.2813 0.0000e+00
     18.000     6.0492   3.073422    30.8719       7633     5.3001 0.0000e+00
     17.000     6.4417   3.096547    30.7720       7655     5.3154 0.0000e+00
     16.000     6.9107   3.124171    30.6540       7676     5.3297 0.0000e+00
     15.000     7.6251   3.165118    30.4636       7700     5.3467 0.0000e+00
     14.000     7.9573   3.183221    30.3659       7734     5.3698 0.0000e+00
     13.000     8.4098   3.209357    30.2500       7762     5.3897 0.0000e+00
     12.000     8.6484   3.224868    30.2076       7784     5.4047 0.0000e+00
     11.000     8.8942   3.239416    30.1492       7803     5.4184 0.0000e+00
     10.000     9.0758   3.251054    30.1154       7826     5.4341 0.0000e+00
      9.000     9.1760   3.258265    30.1051       7855     5.4541 0.0000e+00
      8.000     9.5886   3.282369    30.0045       7884     5.4743 0.0000e+00
      7.000     9.7144   3.290881    29.9860       7909     5.4916 0.0000e+00
      6.000     9.7880   3.296275    29.9795       7937     5.5110 0.0000e+00
      5.000     9.8016   3.297091    29.9768       7968     5.5330 0.0000e+00
      4.000     9.8154   3.297982    29.9748       7991     5.5487 0.0000e+00
      3.000     9.8278   3.299026    29.9753       8010     5.5617 0.0000e+00
      2.000     9.8563   3.301823    29.9802       8158     5.6646 0.0000e+00
