HB2402/ctd216.cnv
* Sea-Bird SBE 9 Data File:
* FileName = C:\cruise\data\ctd216.hex
* Software Version Seasave V 7.26.7.121
* Temperature SN = 5253
* Conductivity SN = 4421
* Number of Bytes Per Scan = 37
* Number of Voltage Words = 4
* Number of Scans Averaged by the Deck Unit = 1
* NMEA Latitude = 44 13.76 N
* NMEA Longitude = 066 56.09 W
* NMEA UTC (Time) = May 06 2024 20:46:05
* NMEA baud rate = 4800
** Ship: Bigelow HB2402
** Program:  Spring Bottom Trawl Survey
** Chief Scientist: John Galbraith
# nquan = 7
# nvalues = 330                         
# units = specified
# name 0 = depSM: Depth [salt water, m]
# name 1 = t090C: Temperature [ITS-90, deg C]
# name 2 = c0S/m: Conductivity [S/m]
# name 3 = sal00: Salinity, Practical [PSU]
# name 4 = scan: Scan Count
# name 5 = timeM: Time, Elapsed [minutes]
# name 6 = flag: flag
# span 0 =      2.000,    167.000       
# span 1 =     5.1930,     6.8712       
# span 2 =   3.109188,   3.382787       
# span 3 =    31.5909,    33.4431       
# span 4 =         65,       9545       
# span 5 =     0.0442,     6.6281       
# span 6 = 0.0000e+00, 0.0000e+00       
# interval = meters: 1                  
# start_time = May 06 2024 20:46:05 [NMEA time, header]
# bad_flag = -9.990e-29
*END*
[from data line 206]
    125.000     5.9835   3.260252    32.9668       6235     4.3294 0.0000e+00
    124.000     5.9589   3.256768    32.9521       6259     4.3455 0.0000e+00
    123.000     5.9311   3.252416    32.9308       6282     4.3619 0.0000e+00
    122.000     5.8982   3.247523    32.9084       6309     4.3802 0.0000e+00
    121.000     5.8550   3.240731    32.8745       6338     4.4008 0.0000e+00
    120.000     5.8106   3.234583    32.8490       6368     4.4216 0.0000e+00
    119.000     5.8018   3.233293    32.8435       6394     4.4395 0.0000e+00
    118.000     5.7932   3.231904    32.8368       6418     4.4561 0.0000e+00
    117.000     5.7832   3.230431    32.8304       6442     4.4728 0.0000e+00
    116.000     5.7786   3.229614    32.8262       6469     4.4919 0.0000e+00
    115.000     5.7745   3.228907    32.8226       6500     4.5131 0.0000e+00
    114.000     5.7664   3.227741    32.8179       6526     4.5316 0.0000e+00
    113.000     5.7600   3.226829    32.8144       6549     4.5471 0.0000e+00
    112.000     5.7530   3.225824    32.8103       6572     4.5634 0.0000e+00
    111.000     5.7453   3.224549    32.8039       6600     4.5825 0.0000e+00
    110.000     5.7415   3.223847    32.8002       6629     4.6026 0.0000e+00
    109.000     5.7373   3.223177    32.7972       6656     4.6218 0.0000e+00
    108.000     5.7359   3.222928    32.7963       6684     4.6408 0.0000e+00
    107.000     5.7328   3.222386    32.7937       6710     4.6591 0.0000e+00
    106.000     5.7257   3.221375    32.7897       6734     4.6760 0.0000e+00
    105.000     5.7180   3.220135    32.7837       6759     4.6932 0.0000e+00
    104.000     5.7026   3.217905    32.7740       6787     4.7124 0.0000e+00
    103.000     5.6943   3.216564    32.7675       6814     4.7315 0.0000e+00
    102.000     5.6914   3.216174    32.7663       6840     4.7490 0.0000e+00
    101.000     5.6886   3.215659    32.7637       6864     4.7658 0.0000e+00
    100.000     5.6850   3.215021    32.7605       6890     4.7837 0.0000e+00
     99.000     5.6818   3.214216    32.7550       6917     4.8029 0.0000e+00
     98.000     5.6739   3.212596    32.7449       6944     4.8215 0.0000e+00
     97.000     5.6686   3.211504    32.7382       6972     4.8407 0.0000e+00
     96.000     5.6623   3.210390    32.7323       6999     4.8599 0.0000e+00
     95.000     5.6532   3.208621    32.7216       7025     4.8777 0.0000e+00
     94.000     5.6472   3.207667    32.7171       7049     4.8947 0.0000e+00
     93.000     5.6431   3.206916    32.7132       7075     4.9123 0.0000e+00
     92.000     5.6349   3.205646    32.7072       7102     4.9312 0.0000e+00
     91.000     5.6252   3.204206    32.7009       7129     4.9503 0.0000e+00
     90.000     5.6137   3.202619    32.6946       7154     4.9672 0.0000e+00
     89.000     5.6084   3.201824    32.6913       7177     4.9831 0.0000e+00
     88.000     5.6011   3.200720    32.6864       7201     5.0000 0.0000e+00
     87.000     5.5934   3.199092    32.6759       7228     5.0186 0.0000e+00
     86.000     5.5871   3.197196    32.6610       7259     5.0402 0.0000e+00
     85.000     5.5707   3.193425    32.6348       7291     5.0625 0.0000e+00
     84.000     5.5544   3.190464    32.6176       7318     5.0810 0.0000e+00
     83.000     5.5421   3.188365    32.6062       7339     5.0961 0.0000e+00
     82.000     5.5349   3.187057    32.5989       7360     5.1108 0.0000e+00
     81.000     5.5270   3.185603    32.5906       7384     5.1270 0.0000e+00
     80.000     5.5205   3.184362    32.5834       7413     5.1472 0.0000e+00
     79.000     5.5159   3.183370    32.5770       7442     5.1670 0.0000e+00
     78.000     5.5072   3.181853    32.5688       7466     5.1837 0.0000e+00
     77.000     5.5028   3.181055    32.5645       7488     5.1992 0.0000e+00
     76.000     5.5004   3.180535    32.5615       7514     5.2170 0.0000e+00
     75.000     5.4949   3.179517    32.5557       7546     5.2395 0.0000e+00
     74.000     5.4905   3.178591    32.5499       7577     5.2608 0.0000e+00
     73.000     5.4826   3.177256    32.5430       7601     5.2781 0.0000e+00
     72.000     5.4774   3.176365    32.5384       7626     5.2950 0.0000e+00
     71.000     5.4645   3.174243    32.5273       7651     5.3126 0.0000e+00
     70.000     5.4469   3.171448    32.5131       7675     5.3294 0.0000e+00
     69.000     5.4230   3.167288    32.4895       7698     5.3450 0.0000e+00
     68.000     5.4125   3.165444    32.4793       7722     5.3615 0.0000e+00
     67.000     5.4041   3.163788    32.4690       7749     5.3805 0.0000e+00
     66.000     5.3905   3.161128    32.4526       7777     5.4003 0.0000e+00
     65.000     5.3692   3.156844    32.4250       7806     5.4202 0.0000e+00
     64.000     5.3594   3.154486    32.4080       7836     5.4411 0.0000e+00
     63.000     5.3415   3.151762    32.3949       7864     5.4607 0.0000e+00
     62.000     5.3266   3.149030    32.3787       7888     5.4772 0.0000e+00
     61.000     5.3122   3.146853    32.3684       7910     5.4924 0.0000e+00
     60.000     5.2886   3.143051    32.3483       7933     5.5085 0.0000e+00
     59.000     5.2739   3.139874    32.3268       7960     5.5269 0.0000e+00
     58.000     5.2501   3.135633    32.3020       7987     5.5460 0.0000e+00
     57.000     5.2316   3.132075    32.2797       8013     5.5640 0.0000e+00
     56.000     5.2277   3.131278    32.2749       8039     5.5820 0.0000e+00
     55.000     5.2196   3.129743    32.2657       8067     5.6011 0.0000e+00
     54.000     5.2188   3.129649    32.2659       8094     5.6200 0.0000e+00
     53.000     5.2117   3.128346    32.2584       8119     5.6377 0.0000e+00
     52.000     5.2095   3.127979    32.2568       8145     5.6553 0.0000e+00
     51.000     5.2075   3.127478    32.2536       8171     5.6735 0.0000e+00
     50.000     5.2059   3.126981    32.2499       8197     5.6918 0.0000e+00
     49.000     5.2051   3.126740    32.2484       8222     5.7093 0.0000e+00
     48.000     5.2056   3.126653    32.2474       8247     5.7262 0.0000e+00
     47.000     5.2076   3.126700    32.2465       8273     5.7444 0.0000e+00
     46.000     5.2097   3.126647    32.2444       8301     5.7639 0.0000e+00
     45.000     5.2107   3.126475    32.2420       8327     5.7821 0.0000e+00
     44.000     5.2111   3.126367    32.2409       8352     5.7993 0.0000e+00
     43.000     5.2126   3.126409    32.2404       8377     5.8164 0.0000e+00
     42.000     5.2165   3.126542    32.2387       8402     5.8342 0.0000e+00
     41.000     5.2204   3.126646    32.2366       8429     5.8529 0.0000e+00
     40.000     5.2250   3.126616    32.2324       8456     5.8716 0.0000e+00
     39.000     5.2268   3.126444    32.2292       8482     5.8898 0.0000e+00
     38.000     5.2281   3.126147    32.2250       8509     5.9083 0.0000e+00
     37.000     5.2280   3.125210    32.2149       8536     5.9271 0.0000e+00
     36.000     5.2266   3.124427    32.2078       8562     5.9452 0.0000e+00
     35.000     5.2251   3.123936    32.2041       8586     5.9620 0.0000e+00
     34.000     5.2239   3.123516    32.2010       8610     5.9785 0.0000e+00
     33.000     5.2220   3.122855    32.1958       8634     5.9950 0.0000e+00
     32.000     5.2209   3.122579    32.1941       8659     6.0123 0.0000e+00
     31.000     5.2203   3.122328    32.1924       8688     6.0326 0.0000e+00
     30.000     5.2184   3.121875    32.1895       8719     6.0545 0.0000e+00
     29.000     5.2158   3.121341    32.1865       8746     6.0726 0.0000e+00
     28.000     5.2154   3.121272    32.1866       8769     6.0890 0.0000e+00
     27.000     5.2146   3.121096    32.1858       8793     6.1053 0.0000e+00
     26.000     5.2138   3.120912    32.1851       8817     6.1221 0.0000e+00
     25.000     5.2118   3.120383    32.1814       8843     6.1401 0.0000e+00
     24.000     5.2114   3.120036    32.1783       8870     6.1590 0.0000e+00
     23.000     5.2105   3.119556    32.1742       8897     6.1774 0.0000e+00
     22.000     5.2072   3.118698    32.1681       8923     6.1959 0.0000e+00
     21.000     5.2019   3.117338    32.1582       8950     6.2145 0.0000e+00
     20.000     5.1963   3.115598    32.1442       8975     6.2319 0.0000e+00
     19.000     5.1945   3.114425    32.1330       9000     6.2490 0.0000e+00
     18.000     5.1981   3.112640    32.1097       9026     6.2672 0.0000e+00
     17.000     5.2106   3.110286    32.0713       9052     6.2855 0.0000e+00
     16.000     5.2206   3.109188    32.0497       9076     6.3019 0.0000e+00
     15.000     5.2267   3.109264    32.0453       9100     6.3186 0.0000e+00
     14.000     5.3099   3.111037    31.9863       9129     6.3386 0.0000e+00
     13.000     5.4740   3.118895    31.9195       9157     6.3581 0.0000e+00
     12.000     5.5312   3.123489    31.9176       9179     6.3739 0.0000e+00
     11.000     5.6039   3.128612    31.9069       9201     6.3888 0.0000e+00
     10.000     5.7169   3.135997    31.8836       9224     6.4050 0.0000e+00
      9.000     5.7789   3.140859    31.8802       9254     6.4257 0.0000e+00
      8.000     5.9292   3.153701    31.8827       9284     6.4462 0.0000e+00
      7.000     6.0498   3.164195    31.8868       9308     6.4630 0.0000e+00
      6.000     6.1677   3.175079    31.8977       9330     6.4785 0.0000e+00
      5.000     6.2452   3.182195    31.9044       9355     6.4961 0.0000e+00
      4.000     6.3399   3.190799    31.9115       9382     6.5149 0.0000e+00
      3.000     6.3942   3.195907    31.9177       9405     6.5306 0.0000e+00
      2.000     6.5656   3.211433    31.9292       9545     6.6281 0.0000e+00
