HB2402/ctd227.cnv
* Sea-Bird SBE 9 Data File:
* FileName = C:\cruise\data\ctd227.hex
* Software Version Seasave V 7.26.7.121
* Temperature SN = 5253
* Conductivity SN = 4421
* Number of Bytes Per Scan = 37
* Number of Voltage Words = 4
* Number of Scans Averaged by the Deck Unit = 1
* NMEA Latitude = 43 08.57 N
* NMEA Longitude = 069 45.80 W
* NMEA UTC (Time) = May 09 2024 07:46:32
* NMEA baud rate = 4800
** Ship: Bigelow HB2402
** Program:  Spring Bottom Trawl Survey
** Chief Scientist: John Galbraith
# nquan = 7
# nvalues = 301                         
# units = specified
# name 0 = depSM: Depth [salt water, m]
# name 1 = t090C: Temperature [ITS-90, deg C]
# name 2 = c0S/m: Conductivity [S/m]
# name 3 = sal00: Salinity, Practical [PSU]
# name 4 = scan: Scan Count
# name 5 = timeM: Time, Elapsed [minutes]
# name 6 = flag: flag
# span 0 =      1.000,    152.000       
# span 1 =     4.8952,     9.4651       
# span 2 =   3.067406,   3.480213       
# span 3 =    30.9109,    33.5577       
# span 4 =        105,      10533       
# span 5 =     0.0720,     7.3141       
# span 6 = 0.0000e+00, 0.0000e+00       
# interval = meters: 1                  
# start_time = May 09 2024 07:46:32 [NMEA time, header]
# bad_flag = -9.990e-29
*END*
      3.000     9.4651   3.361061    30.9109        105     0.0720 0.0000e+00
      4.000     9.4646   3.365354    30.9547        318     0.2200 0.0000e+00
      5.000     9.4619   3.366028    30.9635        349     0.2417 0.0000e+00
      6.000     9.4611   3.366384    30.9673        385     0.2668 0.0000e+00
      7.000     9.4338   3.365461    30.9811        423     0.2928 0.0000e+00
      8.000     9.4002   3.362718    30.9818        456     0.3163 0.0000e+00
      9.000     9.3825   3.361296    30.9821        490     0.3396 0.0000e+00
     10.000     9.3349   3.357434    30.9834        527     0.3656 0.0000e+00
     11.000     9.2312   3.348731    30.9837        563     0.3901 0.0000e+00
     12.000     8.9911   3.328232    30.9811        593     0.4114 0.0000e+00
     13.000     8.3199   3.274899    31.0138        627     0.4349 0.0000e+00
     14.000     8.0902   3.263424    31.0959        664     0.4607 0.0000e+00
     15.000     8.0637   3.269986    31.1883        700     0.4852 0.0000e+00
     16.000     7.6651   3.243473    31.2627        740     0.5131 0.0000e+00
     17.000     6.9261   3.192161    31.3781        803     0.5566 0.0000e+00
     18.000     6.4566   3.153380    31.3834        965     0.6697 0.0000e+00
     19.000     6.4288   3.150521    31.3768       1057     0.7335 0.0000e+00
     20.000     6.3852   3.147492    31.3831       1089     0.7553 0.0000e+00
     21.000     6.3506   3.145223    31.3895       1116     0.7741 0.0000e+00
     22.000     6.2671   3.142054    31.4310       1141     0.7919 0.0000e+00
     23.000     6.1664   3.136784    31.4653       1169     0.8109 0.0000e+00
     24.000     5.9489   3.124887    31.5345       1197     0.8306 0.0000e+00
     25.000     5.8132   3.120535    31.6120       1225     0.8499 0.0000e+00
     26.000     5.8048   3.120885    31.6233       1251     0.8681 0.0000e+00
     27.000     5.7629   3.119818    31.6502       1277     0.8863 0.0000e+00
     28.000     5.6330   3.111811    31.6817       1306     0.9060 0.0000e+00
     29.000     5.5817   3.108853    31.6962       1334     0.9256 0.0000e+00
     30.000     5.5235   3.105732    31.7155       1360     0.9437 0.0000e+00
     31.000     5.4905   3.103911    31.7255       1386     0.9615 0.0000e+00
     32.000     5.4510   3.101403    31.7340       1413     0.9802 0.0000e+00
     33.000     5.4165   3.099246    31.7417       1440     0.9993 0.0000e+00
     34.000     5.3857   3.097501    31.7506       1468     1.0185 0.0000e+00
     35.000     5.3528   3.095716    31.7610       1494     1.0366 0.0000e+00
     36.000     5.3364   3.095055    31.7686       1518     1.0535 0.0000e+00
     37.000     5.3267   3.094602    31.7721       1543     1.0710 0.0000e+00
     38.000     5.3141   3.093905    31.7757       1571     1.0905 0.0000e+00
     39.000     5.2892   3.092908    31.7875       1601     1.1108 0.0000e+00
     40.000     5.2588   3.091623    31.8012       1630     1.1311 0.0000e+00
     41.000     5.2172   3.089127    31.8119       1657     1.1497 0.0000e+00
     42.000     5.1376   3.083391    31.8219       1681     1.1668 0.0000e+00
     43.000     4.9917   3.074029    31.8535       1707     1.1844 0.0000e+00
     44.000     4.9025   3.067406    31.8624       1737     1.2055 0.0000e+00
     45.000     4.8952   3.067415    31.8691       1770     1.2286 0.0000e+00
     46.000     4.9158   3.069901    31.8773       1797     1.2473 0.0000e+00
     47.000     4.9333   3.071776    31.8816       1821     1.2637 0.0000e+00
     48.000     4.9483   3.073531    31.8869       1843     1.2788 0.0000e+00
     49.000     4.9572   3.074534    31.8894       1865     1.2942 0.0000e+00
     50.000     4.9617   3.075264    31.8929       1889     1.3113 0.0000e+00
     51.000     4.9678   3.076224    31.8976       1918     1.3314 0.0000e+00
     52.000     4.9643   3.077718    31.9176       1950     1.3536 0.0000e+00
     53.000     4.9595   3.078233    31.9276       1985     1.3776 0.0000e+00
     54.000     4.9564   3.078462    31.9326       2018     1.4009 0.0000e+00
     55.000     4.9575   3.078636    31.9332       2045     1.4195 0.0000e+00
     56.000     4.9587   3.078887    31.9344       2069     1.4360 0.0000e+00
     57.000     4.9552   3.079003    31.9386       2090     1.4509 0.0000e+00
     58.000     4.9362   3.078347    31.9488       2111     1.4651 0.0000e+00
     59.000     4.9282   3.078017    31.9522       2132     1.4797 0.0000e+00
     60.000     4.9266   3.078094    31.9541       2157     1.4971 0.0000e+00
     61.000     4.9239   3.078225    31.9577       2191     1.5209 0.0000e+00
     62.000     4.9186   3.078416    31.9644       2231     1.5485 0.0000e+00
     63.000     4.9224   3.079843    31.9767       2264     1.5717 0.0000e+00
     64.000     4.9271   3.080752    31.9821       2291     1.5904 0.0000e+00
     65.000     4.9317   3.081595    31.9869       2313     1.6053 0.0000e+00
     66.000     4.9347   3.082581    31.9948       2332     1.6189 0.0000e+00
     67.000     4.9346   3.082887    31.9980       2352     1.6324 0.0000e+00
     68.000     4.9334   3.083351    32.0039       2374     1.6482 0.0000e+00
     69.000     4.9363   3.084667    32.0158       2406     1.6699 0.0000e+00
     70.000     4.9392   3.085768    32.0251       2445     1.6974 0.0000e+00
     71.000     4.9388   3.086155    32.0294       2478     1.7204 0.0000e+00
     72.000     4.9393   3.086660    32.0342       2505     1.7391 0.0000e+00
     73.000     4.9462   3.088068    32.0432       2529     1.7557 0.0000e+00
     74.000     5.0529   3.100634    32.0841       2552     1.7713 0.0000e+00
     75.000     5.1132   3.108027    32.1102       2574     1.7868 0.0000e+00
     76.000     5.1587   3.113921    32.1333       2598     1.8034 0.0000e+00
     77.000     5.1935   3.117886    32.1446       2626     1.8229 0.0000e+00
     78.000     5.1931   3.118195    32.1481       2659     1.8457 0.0000e+00
     79.000     5.3591   3.137121    32.2034       2691     1.8681 0.0000e+00
     80.000     5.4901   3.150922    32.2338       2720     1.8880 0.0000e+00
     81.000     5.4919   3.151498    32.2381       2745     1.9055 0.0000e+00
     82.000     5.4994   3.152770    32.2448       2769     1.9223 0.0000e+00
     83.000     5.5673   3.161678    32.2799       2792     1.9380 0.0000e+00
     84.000     5.8362   3.194882    32.3956       2816     1.9549 0.0000e+00
     85.000     5.9360   3.206144    32.4259       2843     1.9738 0.0000e+00
     86.000     6.0039   3.214500    32.4539       2875     1.9957 0.0000e+00
     87.000     6.0262   3.217372    32.4641       2904     2.0161 0.0000e+00
     88.000     6.0266   3.218176    32.4723       2932     2.0353 0.0000e+00
     89.000     6.0302   3.218810    32.4754       2958     2.0538 0.0000e+00
     90.000     6.0508   3.221374    32.4839       2987     2.0735 0.0000e+00
     91.000     6.0673   3.223476    32.4911       3014     2.0922 0.0000e+00
     92.000     6.0935   3.227457    32.5099       3038     2.1091 0.0000e+00
     93.000     6.1077   3.229349    32.5169       3061     2.1251 0.0000e+00
     94.000     6.1206   3.230906    32.5215       3086     2.1426 0.0000e+00
     95.000     6.1507   3.234537    32.5326       3114     2.1619 0.0000e+00
     96.000     6.1730   3.237205    32.5405       3145     2.1836 0.0000e+00
     97.000     6.1780   3.238134    32.5456       3176     2.2046 0.0000e+00
     98.000     6.2338   3.246316    32.5827       3202     2.2226 0.0000e+00
     99.000     6.2726   3.251289    32.6004       3228     2.2408 0.0000e+00
    100.000     6.2812   3.252403    32.6040       3255     2.2596 0.0000e+00
    101.000     6.3003   3.254588    32.6096       3281     2.2780 0.0000e+00
    102.000     6.3490   3.260153    32.6242       3307     2.2960 0.0000e+00
    103.000     6.4646   3.272927    32.6546       3335     2.3151 0.0000e+00
    104.000     6.5048   3.277404    32.6651       3362     2.3343 0.0000e+00
    105.000     6.6167   3.290874    32.7064       3387     2.3512 0.0000e+00
    106.000     6.7472   3.305486    32.7421       3410     2.3671 0.0000e+00
    107.000     6.8056   3.312527    32.7632       3436     2.3853 0.0000e+00
    108.000     6.8517   3.318467    32.7838       3466     2.4062 0.0000e+00
    109.000     6.9559   3.331827    32.8302       3500     2.4298 0.0000e+00
    110.000     7.0976   3.350119    32.8942       3533     2.4525 0.0000e+00
    111.000     7.1789   3.361340    32.9384       3560     2.4714 0.0000e+00
    112.000     7.1822   3.361873    32.9406       3582     2.4870 0.0000e+00
    113.000     7.1884   3.362925    32.9456       3603     2.5017 0.0000e+00
    114.000     7.1947   3.363957    32.9504       3626     2.5174 0.0000e+00
    115.000     7.2327   3.369628    32.9753       3652     2.5356 0.0000e+00
    116.000     7.2846   3.377675    33.0127       3683     2.5569 0.0000e+00
    117.000     7.3077   3.382365    33.0410       3715     2.5792 0.0000e+00
    118.000     7.2977   3.382549    33.0520       3747     2.6016 0.0000e+00
    119.000     7.3054   3.384124    33.0613       3776     2.6213 0.0000e+00
    120.000     7.3133   3.385129    33.0642       3801     2.6387 0.0000e+00
    121.000     7.3369   3.388003    33.0723       3823     2.6544 0.0000e+00
    122.000     7.3550   3.390039    33.0767       3846     2.6701 0.0000e+00
    123.000     7.3812   3.393511    33.0888       3870     2.6866 0.0000e+00
    124.000     7.3925   3.396304    33.1077       3895     2.7044 0.0000e+00
    125.000     7.4065   3.398828    33.1211       3927     2.7263 0.0000e+00
    126.000     7.4129   3.400620    33.1340       3966     2.7534 0.0000e+00
    127.000     7.4245   3.402603    33.1439       3998     2.7759 0.0000e+00
    128.000     7.4381   3.404855    33.1548       4023     2.7930 0.0000e+00
    129.000     7.4455   3.406059    33.1602       4046     2.8090 0.0000e+00
    130.000     7.4606   3.408248    33.1690       4067     2.8236 0.0000e+00
    131.000     7.5053   3.414032    33.1882       4087     2.8376 0.0000e+00
    132.000     7.5405   3.419591    33.2141       4109     2.8526 0.0000e+00
    133.000     7.5599   3.422726    33.2289       4134     2.8699 0.0000e+00
    134.000     7.5634   3.423369    33.2321       4169     2.8945 0.0000e+00
    135.000     7.5749   3.425596    33.2445       4213     2.9252 0.0000e+00
    136.000     7.5999   3.430080    33.2685       4246     2.9480 0.0000e+00
    137.000     7.6090   3.431754    33.2773       4270     2.9648 0.0000e+00
    138.000     7.6137   3.432647    33.2821       4291     2.9791 0.0000e+00
    139.000     7.6163   3.433128    33.2842       4310     2.9923 0.0000e+00
    140.000     7.6201   3.433832    33.2877       4330     3.0060 0.0000e+00
    141.000     7.6225   3.434264    33.2896       4352     3.0215 0.0000e+00
    142.000     7.6298   3.435793    33.2986       4380     3.0412 0.0000e+00
    143.000     7.6361   3.437234    33.3076       4415     3.0654 0.0000e+00
    144.000     7.6382   3.438133    33.3148       4447     3.0878 0.0000e+00
    145.000     7.6483   3.440320    33.3282       4476     3.1078 0.0000e+00
    146.000     7.6399   3.440312    33.3357       4505     3.1281 0.0000e+00
    147.000     7.6361   3.440222    33.3379       4533     3.1475 0.0000e+00
    148.000     7.6462   3.441791    33.3446       4562     3.1670 0.0000e+00
    149.000     7.7092   3.452244    33.3962       4587     3.1848 0.0000e+00
    150.000     7.7712   3.463010    33.4520       4610     3.2008 0.0000e+00
    151.000     7.8214   3.473401    33.5148       4631     3.2151 0.0000e+00
    152.000     7.8523   3.480213    33.5577       4693     3.2580 0.0000e+00
    151.000     7.8380   3.476705    33.5343       5157     3.5808 0.0000e+00
    150.000     7.8091   3.470802    33.4992       5298     3.6782 0.0000e+00
    149.000     7.7762   3.464051    33.4588       5321     3.6943 0.0000e+00
    148.000     7.7573   3.460523    33.4395       5344     3.7105 0.0000e+00
    147.000     7.7109   3.452516    33.3984       5369     3.7278 0.0000e+00
    146.000     7.6696   3.445715    33.3654       5396     3.7469 0.0000e+00
    145.000     7.6485   3.442329    33.3496       5423     3.7651 0.0000e+00
    144.000     7.6472   3.441553    33.3430       5446     3.7815 0.0000e+00
    143.000     7.6466   3.440599    33.3338       5470     3.7982 0.0000e+00
    142.000     7.6430   3.439364    33.3245       5498     3.8171 0.0000e+00
    141.000     7.6377   3.437879    33.3140       5527     3.8372 0.0000e+00
    140.000     7.6353   3.437059    33.3079       5554     3.8562 0.0000e+00
    139.000     7.6303   3.435962    33.3014       5580     3.8741 0.0000e+00
    138.000     7.6238   3.434692    33.2944       5606     3.8924 0.0000e+00
    137.000     7.6171   3.433434    33.2878       5631     3.9100 0.0000e+00
    136.000     7.6142   3.432892    33.2851       5655     3.9263 0.0000e+00
    135.000     7.6098   3.432046    33.2807       5678     3.9421 0.0000e+00
    134.000     7.6000   3.430262    33.2714       5701     3.9583 0.0000e+00
    133.000     7.5866   3.427762    33.2577       5726     3.9755 0.0000e+00
    132.000     7.5731   3.425409    33.2457       5754     3.9952 0.0000e+00
    131.000     7.5619   3.423359    33.2348       5786     4.0170 0.0000e+00
    130.000     7.5390   3.419627    33.2169       5814     4.0367 0.0000e+00
    129.000     7.5094   3.415325    33.1993       5840     4.0549 0.0000e+00
    128.000     7.4790   3.410919    33.1812       5865     4.0722 0.0000e+00
    127.000     7.4573   3.407977    33.1706       5889     4.0890 0.0000e+00
    126.000     7.4443   3.405884    33.1610       5911     4.1042 0.0000e+00
    125.000     7.4332   3.404171    33.1535       5934     4.1200 0.0000e+00
    124.000     7.4245   3.402678    33.1461       5959     4.1376 0.0000e+00
    123.000     7.4161   3.400946    33.1359       5988     4.1579 0.0000e+00
    122.000     7.4019   3.398395    33.1223       6017     4.1779 0.0000e+00
    121.000     7.3960   3.397088    33.1143       6044     4.1966 0.0000e+00
    120.000     7.3808   3.394213    33.0981       6072     4.2163 0.0000e+00
    119.000     7.3658   3.391737    33.0862       6099     4.2347 0.0000e+00
    118.000     7.3574   3.390492    33.0812       6123     4.2511 0.0000e+00
    117.000     7.3432   3.388738    33.0762       6147     4.2683 0.0000e+00
    116.000     7.3295   3.386779    33.0685       6174     4.2868 0.0000e+00
    115.000     7.3272   3.385568    33.0581       6201     4.3056 0.0000e+00
    114.000     7.3105   3.382357    33.0397       6225     4.3221 0.0000e+00
    113.000     7.2916   3.379110    33.0230       6252     4.3407 0.0000e+00
    112.000     7.2538   3.373324    32.9967       6280     4.3607 0.0000e+00
    111.000     7.2328   3.370078    32.9820       6309     4.3808 0.0000e+00
    110.000     7.2215   3.368329    32.9742       6337     4.3997 0.0000e+00
    109.000     7.2050   3.366064    32.9658       6361     4.4166 0.0000e+00
    108.000     7.1713   3.361325    32.9469       6384     4.4330 0.0000e+00
    107.000     7.1108   3.353007    32.9146       6409     4.4500 0.0000e+00
    106.000     7.0093   3.339040    32.8595       6436     4.4688 0.0000e+00
    105.000     6.9028   3.325648    32.8152       6464     4.4884 0.0000e+00
    104.000     6.8551   3.319555    32.7945       6494     4.5090 0.0000e+00
    103.000     6.8009   3.312819    32.7728       6524     4.5301 0.0000e+00
    102.000     6.7423   3.305569    32.7496       6551     4.5486 0.0000e+00
    101.000     6.6541   3.295585    32.7245       6575     4.5656 0.0000e+00
    100.000     6.5898   3.288080    32.7037       6599     4.5823 0.0000e+00
     99.000     6.5485   3.283422    32.6923       6624     4.5996 0.0000e+00
     98.000     6.5183   3.279708    32.6806       6651     4.6178 0.0000e+00
     97.000     6.4631   3.273189    32.6619       6680     4.6383 0.0000e+00
