HB2402/ctd215.cnv
* Sea-Bird SBE 9 Data File:
* FileName = C:\cruise\data\ctd215.hex
* Software Version Seasave V 7.26.7.121
* Temperature SN = 5253
* Conductivity SN = 4421
* Number of Bytes Per Scan = 37
* Number of Voltage Words = 4
* Number of Scans Averaged by the Deck Unit = 1
* NMEA Latitude = 44 16.67 N
* NMEA Longitude = 066 45.83 W
* NMEA UTC (Time) = May 06 2024 18:19:06
* NMEA baud rate = 4800
** Ship: Bigelow HB2402
** Program:  Spring Bottom Trawl Survey
** Chief Scientist: John Galbraith
# nquan = 7
# nvalues = 351                         
# units = specified
# name 0 = depSM: Depth [salt water, m]
# name 1 = t090C: Temperature [ITS-90, deg C]
# name 2 = c0S/m: Conductivity [S/m]
# name 3 = sal00: Salinity, Practical [PSU]
# name 4 = scan: Scan Count
# name 5 = timeM: Time, Elapsed [minutes]
# name 6 = flag: flag
# span 0 =      1.000,    177.000       
# span 1 =     4.9708,     6.2740       
# span 2 =   3.092881,   3.300549       
# span 3 =    31.7010,    33.1087       
# span 4 =        115,      10992       
# span 5 =     0.0791,     7.6327       
# span 6 = 0.0000e+00, 0.0000e+00       
# interval = meters: 1                  
# start_time = May 06 2024 18:19:06 [NMEA time, header]
# bad_flag = -9.990e-29
*END*
[from data line 206]
    145.000     6.2406   3.294257    33.0869       6547     4.5462 0.0000e+00
    144.000     6.2394   3.294041    33.0861       6573     4.5636 0.0000e+00
    143.000     6.2367   3.293607    33.0844       6597     4.5807 0.0000e+00
    142.000     6.2309   3.292719    33.0806       6621     4.5969 0.0000e+00
    141.000     6.2216   3.291276    33.0740       6644     4.6132 0.0000e+00
    140.000     6.2065   3.289057    33.0645       6668     4.6298 0.0000e+00
    139.000     6.2061   3.288870    33.0633       6692     4.6463 0.0000e+00
    138.000     6.2032   3.288374    33.0611       6716     4.6635 0.0000e+00
    137.000     6.1982   3.287595    33.0578       6743     4.6816 0.0000e+00
    136.000     6.1882   3.286073    33.0510       6769     4.7000 0.0000e+00
    135.000     6.1756   3.284211    33.0430       6795     4.7183 0.0000e+00
    134.000     6.1729   3.283763    33.0410       6820     4.7352 0.0000e+00
    133.000     6.1712   3.283467    33.0399       6844     4.7519 0.0000e+00
    132.000     6.1697   3.283184    33.0387       6869     4.7694 0.0000e+00
    131.000     6.1706   3.283321    33.0398       6895     4.7873 0.0000e+00
    130.000     6.1722   3.283512    33.0409       6920     4.8052 0.0000e+00
    129.000     6.1733   3.283608    33.0414       6946     4.8228 0.0000e+00
    128.000     6.1725   3.283458    33.0410       6970     4.8394 0.0000e+00
    127.000     6.1711   3.283183    33.0398       6995     4.8567 0.0000e+00
    126.000     6.1534   3.280485    33.0274       7022     4.8755 0.0000e+00
    125.000     6.1348   3.277755    33.0155       7050     4.8948 0.0000e+00
    124.000     6.1089   3.273908    32.9982       7076     4.9134 0.0000e+00
    123.000     6.0676   3.267933    32.9720       7102     4.9314 0.0000e+00
    122.000     5.9839   3.255890    32.9189       7128     4.9493 0.0000e+00
    121.000     5.8640   3.238531    32.8411       7154     4.9673 0.0000e+00
    120.000     5.8311   3.233692    32.8190       7178     4.9842 0.0000e+00
    119.000     5.8325   3.233850    32.8200       7202     5.0004 0.0000e+00
    118.000     5.8017   3.228813    32.7937       7226     5.0172 0.0000e+00
    117.000     5.7190   3.215918    32.7292       7254     5.0371 0.0000e+00
    116.000     5.6403   3.204367    32.6757       7287     5.0595 0.0000e+00
    115.000     5.5547   3.190895    32.6067       7315     5.0793 0.0000e+00
    114.000     5.4869   3.180639    32.5567       7340     5.0968 0.0000e+00
    113.000     5.4789   3.179152    32.5482       7365     5.1141 0.0000e+00
    112.000     5.4471   3.174376    32.5253       7391     5.1320 0.0000e+00
    111.000     5.3985   3.167022    32.4893       7418     5.1505 0.0000e+00
    110.000     5.3488   3.159434    32.4517       7445     5.1694 0.0000e+00
    109.000     5.3241   3.155695    32.4336       7473     5.1889 0.0000e+00
    108.000     5.3124   3.153933    32.4253       7503     5.2098 0.0000e+00
    107.000     5.3080   3.153232    32.4221       7533     5.2303 0.0000e+00
    106.000     5.3070   3.152997    32.4209       7560     5.2493 0.0000e+00
    105.000     5.3054   3.152694    32.4195       7588     5.2689 0.0000e+00
    104.000     5.3025   3.152248    32.4177       7617     5.2891 0.0000e+00
    103.000     5.3008   3.151929    32.4162       7649     5.3109 0.0000e+00
    102.000     5.2988   3.151606    32.4150       7681     5.3333 0.0000e+00
    101.000     5.2975   3.151245    32.4126       7707     5.3517 0.0000e+00
    100.000     5.2968   3.150986    32.4109       7733     5.3692 0.0000e+00
     99.000     5.2946   3.150532    32.4083       7761     5.3890 0.0000e+00
     98.000     5.2917   3.149957    32.4050       7793     5.4110 0.0000e+00
     97.000     5.2899   3.149556    32.4028       7825     5.4331 0.0000e+00
     96.000     5.2873   3.148999    32.3994       7856     5.4550 0.0000e+00
     95.000     5.2864   3.148796    32.3985       7886     5.4757 0.0000e+00
     94.000     5.2874   3.148939    32.3996       7916     5.4963 0.0000e+00
     93.000     5.2835   3.148238    32.3958       7946     5.5176 0.0000e+00
     92.000     5.2813   3.147800    32.3936       7976     5.5381 0.0000e+00
     91.000     5.2771   3.147056    32.3896       8007     5.5596 0.0000e+00
     90.000     5.2700   3.145833    32.3830       8036     5.5799 0.0000e+00
     89.000     5.2567   3.143472    32.3695       8066     5.6007 0.0000e+00
     88.000     5.2500   3.142278    32.3629       8100     5.6242 0.0000e+00
     87.000     5.2110   3.135775    32.3269       8134     5.6479 0.0000e+00
     86.000     5.1625   3.127664    32.2816       8164     5.6689 0.0000e+00
     85.000     5.1584   3.126963    32.2781       8195     5.6900 0.0000e+00
     84.000     5.1543   3.126227    32.2742       8227     5.7124 0.0000e+00
     83.000     5.1445   3.124554    32.2650       8260     5.7352 0.0000e+00
     82.000     5.1292   3.122038    32.2515       8294     5.7589 0.0000e+00
     81.000     5.1164   3.119908    32.2400       8329     5.7831 0.0000e+00
     80.000     5.0888   3.115756    32.2196       8361     5.8056 0.0000e+00
     79.000     5.0670   3.112350    32.2022       8391     5.8264 0.0000e+00
     78.000     5.0432   3.108452    32.1811       8422     5.8479 0.0000e+00
     77.000     5.0217   3.104625    32.1585       8458     5.8727 0.0000e+00
     76.000     5.0127   3.102923    32.1481       8498     5.9010 0.0000e+00
     75.000     5.0084   3.102081    32.1431       8534     5.9259 0.0000e+00
     74.000     5.0066   3.101694    32.1409       8564     5.9464 0.0000e+00
     73.000     5.0050   3.101349    32.1390       8593     5.9664 0.0000e+00
     72.000     5.0020   3.100724    32.1352       8625     5.9886 0.0000e+00
     71.000     4.9992   3.100133    32.1316       8663     6.0153 0.0000e+00
     70.000     4.9950   3.099381    32.1275       8700     6.0408 0.0000e+00
     69.000     4.9927   3.098975    32.1256       8734     6.0645 0.0000e+00
     68.000     4.9930   3.098955    32.1256       8767     6.0876 0.0000e+00
     67.000     4.9901   3.098483    32.1235       8798     6.1091 0.0000e+00
     66.000     4.9889   3.098265    32.1226       8830     6.1312 0.0000e+00
     65.000     4.9885   3.098156    32.1223       8863     6.1541 0.0000e+00
     64.000     4.9858   3.097672    32.1199       8895     6.1767 0.0000e+00
     63.000     4.9827   3.097100    32.1168       8929     6.1999 0.0000e+00
     62.000     4.9813   3.096809    32.1153       8963     6.2237 0.0000e+00
     61.000     4.9809   3.096674    32.1146       8996     6.2464 0.0000e+00
     60.000     4.9806   3.096613    32.1147       9028     6.2691 0.0000e+00
     59.000     4.9804   3.096525    32.1144       9065     6.2942 0.0000e+00
     58.000     4.9794   3.096239    32.1126       9097     6.3165 0.0000e+00
     57.000     4.9777   3.095749    32.1091       9125     6.3358 0.0000e+00
     56.000     4.9772   3.095503    32.1073       9155     6.3569 0.0000e+00
     55.000     4.9763   3.095102    32.1040       9186     6.3788 0.0000e+00
     54.000     4.9762   3.094629    32.0991       9216     6.3996 0.0000e+00
     53.000     4.9845   3.094223    32.0870       9250     6.4232 0.0000e+00
     52.000     4.9914   3.094034    32.0787       9288     6.4496 0.0000e+00
     51.000     4.9939   3.093982    32.0762       9320     6.4713 0.0000e+00
     50.000     4.9964   3.093962    32.0741       9348     6.4908 0.0000e+00
     49.000     5.0035   3.094022    32.0684       9377     6.5114 0.0000e+00
     48.000     5.0142   3.094167    32.0603       9411     6.5344 0.0000e+00
     47.000     5.0286   3.094321    32.0487       9441     6.5556 0.0000e+00
     46.000     5.0516   3.094478    32.0289       9468     6.5744 0.0000e+00
     45.000     5.0587   3.094513    32.0229       9496     6.5939 0.0000e+00
     44.000     5.0626   3.094488    32.0195       9531     6.6183 0.0000e+00
     43.000     5.0834   3.094596    32.0012       9567     6.6430 0.0000e+00
     42.000     5.1277   3.095608    31.9708       9596     6.6632 0.0000e+00
     41.000     5.1684   3.097483    31.9538       9625     6.6834 0.0000e+00
     40.000     5.2335   3.101239    31.9349       9656     6.7050 0.0000e+00
     39.000     5.2961   3.104992    31.9183       9686     6.7259 0.0000e+00
     38.000     5.3210   3.106407    31.9112       9715     6.7457 0.0000e+00
     37.000     5.3218   3.106377    31.9105       9744     6.7658 0.0000e+00
     36.000     5.3279   3.106419    31.9057       9772     6.7853 0.0000e+00
     35.000     5.3435   3.106650    31.8939       9801     6.8054 0.0000e+00
     34.000     5.3508   3.106552    31.8864       9832     6.8271 0.0000e+00
     33.000     5.3545   3.106320    31.8808       9864     6.8491 0.0000e+00
     32.000     5.3546   3.105928    31.8767       9893     6.8692 0.0000e+00
     31.000     5.3542   3.105249    31.8698       9918     6.8871 0.0000e+00
     30.000     5.3625   3.104648    31.8556       9944     6.9046 0.0000e+00
     29.000     5.3697   3.103859    31.8403       9971     6.9240 0.0000e+00
     28.000     5.3756   3.102896    31.8243      10001     6.9444 0.0000e+00
     27.000     5.3908   3.101987    31.8001      10027     6.9625 0.0000e+00
     26.000     5.4090   3.101641    31.7793      10051     6.9792 0.0000e+00
     25.000     5.4262   3.101862    31.7661      10079     6.9987 0.0000e+00
     24.000     5.4376   3.102202    31.7596      10112     7.0213 0.0000e+00
     23.000     5.4502   3.102613    31.7528      10138     7.0395 0.0000e+00
     22.000     5.4577   3.103018    31.7508      10161     7.0558 0.0000e+00
     21.000     5.4646   3.103276    31.7477      10185     7.0722 0.0000e+00
     20.000     5.4678   3.103377    31.7463      10213     7.0918 0.0000e+00
     19.000     5.4702   3.103332    31.7440      10242     7.1119 0.0000e+00
     18.000     5.4741   3.103354    31.7410      10267     7.1289 0.0000e+00
     17.000     5.4758   3.103336    31.7397      10290     7.1453 0.0000e+00
     16.000     5.4768   3.103299    31.7389      10315     7.1626 0.0000e+00
     15.000     5.4777   3.103269    31.7382      10341     7.1803 0.0000e+00
     14.000     5.4807   3.103221    31.7352      10366     7.1977 0.0000e+00
     13.000     5.4842   3.103136    31.7315      10392     7.2161 0.0000e+00
     12.000     5.4852   3.103076    31.7303      10421     7.2361 0.0000e+00
     11.000     5.4888   3.102925    31.7257      10448     7.2547 0.0000e+00
     10.000     5.4890   3.102908    31.7258      10471     7.2709 0.0000e+00
      9.000     5.4919   3.102952    31.7241      10493     7.2862 0.0000e+00
      8.000     5.5022   3.103415    31.7201      10517     7.3026 0.0000e+00
      7.000     5.5022   3.103428    31.7207      10545     7.3219 0.0000e+00
      6.000     5.5110   3.103806    31.7172      10573     7.3416 0.0000e+00
      5.000     5.5205   3.104238    31.7136      10596     7.3577 0.0000e+00
      4.000     5.5339   3.105024    31.7103      10617     7.3721 0.0000e+00
      3.000     5.5498   3.106013    31.7069      10646     7.3922 0.0000e+00
      2.000     5.5925   3.109159    31.7026      10907     7.5734 0.0000e+00
      1.000     5.6050   3.110016    31.7010      10992     7.6327 0.0000e+00
