HB2402/ctd205.cnv
* Sea-Bird SBE 9 Data File:
* FileName = C:\cruise\data\ctd205.hex
* Software Version Seasave V 7.26.7.121
* Temperature SN = 5253
* Conductivity SN = 4421
* Number of Bytes Per Scan = 37
* Number of Voltage Words = 4
* Number of Scans Averaged by the Deck Unit = 1
* NMEA Latitude = 43 36.06 N
* NMEA Longitude = 067 48.38 W
* NMEA UTC (Time) = May 05 2024 01:44:54
* NMEA baud rate = 4800
** Ship: Bigelow HB2402
** Program:  Spring Bottom Trawl Survey
** Chief Scientist: John Galbraith
# nquan = 7
# nvalues = 465                         
# units = specified
# name 0 = depSM: Depth [salt water, m]
# name 1 = t090C: Temperature [ITS-90, deg C]
# name 2 = c0S/m: Conductivity [S/m]
# name 3 = sal00: Salinity, Practical [PSU]
# name 4 = scan: Scan Count
# name 5 = timeM: Time, Elapsed [minutes]
# name 6 = flag: flag
# span 0 =      2.000,    235.000       
# span 1 =     5.0791,     8.1135       
# span 2 =   3.110438,   3.558340       
# span 3 =    31.6448,    34.1015       
# span 4 =        106,      13139       
# span 5 =     0.0729,     9.1236       
# span 6 = 0.0000e+00, 0.0000e+00       
# interval = meters: 1                  
# start_time = May 05 2024 01:44:54 [NMEA time, header]
# bad_flag = -9.990e-29
*END*
[from data line 206]
    210.000     8.1078   3.556709    34.1011       5635     3.9128 0.0000e+00
    211.000     8.1074   3.556712    34.1010       5658     3.9284 0.0000e+00
    212.000     8.1082   3.556827    34.1010       5685     3.9474 0.0000e+00
    213.000     8.1085   3.556906    34.1011       5719     3.9710 0.0000e+00
    214.000     8.1088   3.556970    34.1010       5754     3.9950 0.0000e+00
    215.000     8.1094   3.557086    34.1012       5783     4.0152 0.0000e+00
    216.000     8.1102   3.557222    34.1014       5806     4.0309 0.0000e+00
    217.000     8.1102   3.557264    34.1014       5826     4.0449 0.0000e+00
    218.000     8.1105   3.557334    34.1014       5845     4.0583 0.0000e+00
    219.000     8.1106   3.557385    34.1013       5867     4.0736 0.0000e+00
    220.000     8.1105   3.557405    34.1012       5901     4.0974 0.0000e+00
    221.000     8.1111   3.557528    34.1013       5941     4.1251 0.0000e+00
    222.000     8.1112   3.557589    34.1015       5966     4.1420 0.0000e+00
    223.000     8.1113   3.557653    34.1015       5986     4.1561 0.0000e+00
    224.000     8.1112   3.557682    34.1014       6007     4.1706 0.0000e+00
    225.000     8.1113   3.557723    34.1014       6033     4.1889 0.0000e+00
    226.000     8.1115   3.557782    34.1013       6065     4.2114 0.0000e+00
    227.000     8.1113   3.557823    34.1014       6095     4.2318 0.0000e+00
    228.000     8.1115   3.557872    34.1013       6120     4.2494 0.0000e+00
    229.000     8.1120   3.557965    34.1014       6145     4.2666 0.0000e+00
    230.000     8.1118   3.557993    34.1014       6171     4.2847 0.0000e+00
    231.000     8.1119   3.558051    34.1015       6197     4.3030 0.0000e+00
    232.000     8.1122   3.558119    34.1014       6224     4.3217 0.0000e+00
    233.000     8.1125   3.558198    34.1015       6252     4.3412 0.0000e+00
    234.000     8.1130   3.558276    34.1013       6455     4.4821 0.0000e+00
    235.000     8.1133   3.558340    34.1013       6832     4.7440 0.0000e+00
    234.000     8.1132   3.558298    34.1014       6874     4.7731 0.0000e+00
    233.000     8.1131   3.558228    34.1012       7065     4.9058 0.0000e+00
    232.000     8.1130   3.558184    34.1014       7094     4.9258 0.0000e+00
    231.000     8.1128   3.558120    34.1013       7125     4.9472 0.0000e+00
    230.000     8.1123   3.558033    34.1013       7152     4.9662 0.0000e+00
    229.000     8.1123   3.557984    34.1013       7176     4.9827 0.0000e+00
    228.000     8.1124   3.557949    34.1013       7199     4.9989 0.0000e+00
    227.000     8.1124   3.557904    34.1013       7225     5.0168 0.0000e+00
    226.000     8.1125   3.557873    34.1013       7252     5.0353 0.0000e+00
    225.000     8.1126   3.557841    34.1013       7277     5.0531 0.0000e+00
    224.000     8.1124   3.557774    34.1013       7303     5.0709 0.0000e+00
    223.000     8.1120   3.557690    34.1013       7331     5.0904 0.0000e+00
    222.000     8.1116   3.557600    34.1012       7359     5.1098 0.0000e+00
    221.000     8.1109   3.557486    34.1011       7383     5.1262 0.0000e+00
    220.000     8.1107   3.557416    34.1011       7404     5.1408 0.0000e+00
    219.000     8.1105   3.557363    34.1012       7425     5.1556 0.0000e+00
    218.000     8.1102   3.557293    34.1012       7451     5.1735 0.0000e+00
    217.000     8.1095   3.557186    34.1012       7487     5.1987 0.0000e+00
    216.000     8.1094   3.557117    34.1010       7521     5.2225 0.0000e+00
    215.000     8.1088   3.557007    34.1009       7544     5.2383 0.0000e+00
    214.000     8.1087   3.556947    34.1009       7563     5.2512 0.0000e+00
    213.000     8.1084   3.556875    34.1009       7581     5.2640 0.0000e+00
    212.000     8.1083   3.556841    34.1011       7603     5.2794 0.0000e+00
    211.000     8.1083   3.556811    34.1012       7637     5.3029 0.0000e+00
    210.000     8.1083   3.556760    34.1011       7672     5.3268 0.0000e+00
    209.000     8.1083   3.556699    34.1010       7696     5.3435 0.0000e+00
    208.000     8.1079   3.556616    34.1009       7716     5.3579 0.0000e+00
    207.000     8.1075   3.556551    34.1011       7738     5.3729 0.0000e+00
    206.000     8.1074   3.556494    34.1011       7766     5.3921 0.0000e+00
    205.000     8.1069   3.556388    34.1009       7798     5.4149 0.0000e+00
    204.000     8.1065   3.556299    34.1009       7824     5.4327 0.0000e+00
    203.000     8.1063   3.556230    34.1008       7845     5.4473 0.0000e+00
    202.000     8.1064   3.556193    34.1008       7867     5.4627 0.0000e+00
    201.000     8.1057   3.556090    34.1008       7894     5.4812 0.0000e+00
    200.000     8.1056   3.556035    34.1009       7927     5.5039 0.0000e+00
    199.000     8.1053   3.555957    34.1007       7955     5.5233 0.0000e+00
    198.000     8.1051   3.555893    34.1007       7976     5.5379 0.0000e+00
    197.000     8.1051   3.555837    34.1006       7997     5.5530 0.0000e+00
    196.000     8.1048   3.555766    34.1007       8024     5.5717 0.0000e+00
    195.000     8.1046   3.555698    34.1006       8060     5.5962 0.0000e+00
    194.000     8.1050   3.555666    34.1003       8085     5.6141 0.0000e+00
    193.000     8.1053   3.555641    34.1002       8104     5.6268 0.0000e+00
    192.000     8.1052   3.555586    34.1002       8121     5.6392 0.0000e+00
    191.000     8.1052   3.555552    34.1003       8146     5.6562 0.0000e+00
    190.000     8.1062   3.555580    34.1001       8195     5.6903 0.0000e+00
    189.000     8.1061   3.555507    34.1000       8222     5.7090 0.0000e+00
    188.000     8.1063   3.555497    34.1001       8238     5.7201 0.0000e+00
    187.000     8.1072   3.555514    34.0999       8252     5.7302 0.0000e+00
    186.000     8.1084   3.555579    34.0999       8269     5.7419 0.0000e+00
    185.000     8.1103   3.555710    34.0999       8298     5.7621 0.0000e+00
    184.000     8.1113   3.555727    34.0996       8350     5.7982 0.0000e+00
    183.000     8.1086   3.555306    34.0983       8373     5.8137 0.0000e+00
    182.000     8.1027   3.554447    34.0952       8391     5.8261 0.0000e+00
    181.000     8.1003   3.554015    34.0935       8409     5.8386 0.0000e+00
    180.000     8.1008   3.554037    34.0937       8433     5.8555 0.0000e+00
    179.000     8.1014   3.553948    34.0926       8469     5.8804 0.0000e+00
    178.000     8.1034   3.554065    34.0924       8498     5.9003 0.0000e+00
    177.000     8.1079   3.554462    34.0928       8519     5.9150 0.0000e+00
    176.000     8.1093   3.554522    34.0925       8539     5.9291 0.0000e+00
    175.000     8.1077   3.554211    34.0912       8563     5.9459 0.0000e+00
    174.000     8.1043   3.553740    34.0900       8595     5.9678 0.0000e+00
    173.000     8.0977   3.552862    34.0875       8624     5.9884 0.0000e+00
    172.000     8.0745   3.549662    34.0764       8647     6.0045 0.0000e+00
    171.000     8.0666   3.548528    34.0724       8670     6.0205 0.0000e+00
    170.000     8.0613   3.547679    34.0690       8698     6.0398 0.0000e+00
    169.000     8.0371   3.544398    34.0579       8732     6.0629 0.0000e+00
    168.000     8.0212   3.542197    34.0503       8758     6.0812 0.0000e+00
    167.000     8.0190   3.541720    34.0478       8778     6.0952 0.0000e+00
    166.000     8.0105   3.540154    34.0398       8796     6.1079 0.0000e+00
    165.000     7.9958   3.537442    34.0256       8816     6.1218 0.0000e+00
    164.000     7.9897   3.535993    34.0165       8847     6.1431 0.0000e+00
    163.000     7.9844   3.534640    34.0077       8891     6.1734 0.0000e+00
    162.000     7.9839   3.533950    34.0013       8918     6.1924 0.0000e+00
    161.000     7.9748   3.531252    33.9817       8938     6.2065 0.0000e+00
    160.000     7.9599   3.528093    33.9628       8958     6.2202 0.0000e+00
    159.000     7.9618   3.528312    33.9638       8981     6.2359 0.0000e+00
    158.000     7.9479   3.525226    33.9447       9008     6.2551 0.0000e+00
    157.000     7.9398   3.523547    33.9351       9037     6.2749 0.0000e+00
    156.000     7.9252   3.520518    33.9173       9062     6.2921 0.0000e+00
    155.000     7.9164   3.518790    33.9077       9085     6.3086 0.0000e+00
    154.000     7.9153   3.518426    33.9054       9110     6.3260 0.0000e+00
    153.000     7.9126   3.517713    33.9009       9139     6.3458 0.0000e+00
    152.000     7.8906   3.512811    33.8702       9167     6.3655 0.0000e+00
    151.000     7.8785   3.510763    33.8604       9193     6.3831 0.0000e+00
    150.000     7.8713   3.509591    33.8552       9219     6.4014 0.0000e+00
    149.000     7.8588   3.507680    33.8473       9248     6.4214 0.0000e+00
    148.000     7.8387   3.504331    33.8313       9274     6.4393 0.0000e+00
    147.000     7.8050   3.499187    33.8092       9296     6.4545 0.0000e+00
    146.000     7.7859   3.496198    33.7961       9317     6.4692 0.0000e+00
    145.000     7.7774   3.494925    33.7911       9341     6.4863 0.0000e+00
    144.000     7.7772   3.494937    33.7920       9371     6.5067 0.0000e+00
    143.000     7.7570   3.491963    33.7800       9400     6.5273 0.0000e+00
    142.000     7.7281   3.487799    33.7637       9427     6.5460 0.0000e+00
    141.000     7.7080   3.484869    33.7521       9452     6.5630 0.0000e+00
    140.000     7.6922   3.482753    33.7451       9476     6.5798 0.0000e+00
    139.000     7.6776   3.480664    33.7372       9501     6.5972 0.0000e+00
    138.000     7.6741   3.479921    33.7331       9527     6.6155 0.0000e+00
    137.000     7.6463   3.476132    33.7196       9554     6.6341 0.0000e+00
    136.000     7.6129   3.471154    33.6988       9580     6.6522 0.0000e+00
    135.000     7.5885   3.467519    33.6836       9606     6.6705 0.0000e+00
    134.000     7.5583   3.462850    33.6630       9634     6.6894 0.0000e+00
    133.000     7.5062   3.455486    33.6343       9660     6.7075 0.0000e+00
    132.000     7.4606   3.449000    33.6087       9684     6.7243 0.0000e+00
    131.000     7.4144   3.442421    33.5828       9708     6.7406 0.0000e+00
    130.000     7.3835   3.437851    33.5636       9733     6.7580 0.0000e+00
    129.000     7.3777   3.436888    33.5592       9759     6.7767 0.0000e+00
    128.000     7.3436   3.431942    33.5391       9786     6.7952 0.0000e+00
    127.000     7.3226   3.429012    33.5281       9812     6.8134 0.0000e+00
    126.000     7.3114   3.427390    33.5218       9839     6.8321 0.0000e+00
    125.000     7.3052   3.426048    33.5137       9867     6.8512 0.0000e+00
    124.000     7.2896   3.424119    33.5083       9894     6.8701 0.0000e+00
    123.000     7.2781   3.422356    33.5008       9920     6.8881 0.0000e+00
    122.000     7.1946   3.411439    33.4633       9943     6.9044 0.0000e+00
    121.000     7.1098   3.398503    33.4048       9965     6.9197 0.0000e+00
    120.000     7.0450   3.390371    33.3792       9988     6.9356 0.0000e+00
    119.000     7.0024   3.384015    33.3514      10015     6.9541 0.0000e+00
    118.000     6.9429   3.375842    33.3201      10048     6.9774 0.0000e+00
    117.000     6.9118   3.370950    33.2970      10079     6.9987 0.0000e+00
    116.000     6.8127   3.357739    33.2484      10102     7.0149 0.0000e+00
    115.000     6.7312   3.347100    33.2108      10124     7.0296 0.0000e+00
    114.000     6.6939   3.341525    33.1860      10147     7.0456 0.0000e+00
    113.000     6.6554   3.335733    33.1599      10176     7.0657 0.0000e+00
    112.000     6.6181   3.331752    33.1525      10206     7.0870 0.0000e+00
    111.000     6.3990   3.301346    33.0287      10231     7.1039 0.0000e+00
    110.000     6.3151   3.289377    32.9775      10251     7.1182 0.0000e+00
    109.000     6.2963   3.286475    32.9639      10272     7.1326 0.0000e+00
    108.000     6.2768   3.283412    32.9491      10297     7.1502 0.0000e+00
    107.000     6.1780   3.269328    32.8884      10333     7.1753 0.0000e+00
    106.000     6.1498   3.265504    32.8734      10369     7.2003 0.0000e+00
    105.000     6.0154   3.247748    32.8056      10392     7.2163 0.0000e+00
    104.000     5.9655   3.240360    32.7716      10411     7.2295 0.0000e+00
    103.000     5.9160   3.232971    32.7370      10430     7.2422 0.0000e+00
    102.000     5.8644   3.226625    32.7163      10451     7.2568 0.0000e+00
    101.000     5.8274   3.221270    32.6924      10483     7.2789 0.0000e+00
    100.000     5.8047   3.218338    32.6819      10524     7.3075 0.0000e+00
     99.000     5.8016   3.217380    32.6745      10548     7.3242 0.0000e+00
     98.000     5.7757   3.214070    32.6628      10566     7.3365 0.0000e+00
     97.000     5.7606   3.212173    32.6565      10583     7.3485 0.0000e+00
     96.000     5.7550   3.211194    32.6514      10603     7.3628 0.0000e+00
     95.000     5.7364   3.208745    32.6423      10643     7.3901 0.0000e+00
     94.000     5.7273   3.207373    32.6362      10689     7.4221 0.0000e+00
     93.000     5.7186   3.206093    32.6306      10709     7.4363 0.0000e+00
     92.000     5.6771   3.200422    32.6073      10725     7.4473 0.0000e+00
     91.000     5.6395   3.195549    32.5892      10741     7.4583 0.0000e+00
     90.000     5.6277   3.193659    32.5798      10759     7.4707 0.0000e+00
     89.000     5.6087   3.191173    32.5705      10787     7.4903 0.0000e+00
     88.000     5.5939   3.189141    32.5623      10831     7.5209 0.0000e+00
     87.000     5.5858   3.187914    32.5569      10861     7.5415 0.0000e+00
     86.000     5.5366   3.181499    32.5323      10882     7.5560 0.0000e+00
     85.000     5.4819   3.174562    32.5071      10902     7.5702 0.0000e+00
     84.000     5.4710   3.172997    32.5004      10925     7.5858 0.0000e+00
     83.000     5.4474   3.169619    32.4854      10954     7.6063 0.0000e+00
     82.000     5.4361   3.167861    32.4769      10987     7.6289 0.0000e+00
     81.000     5.3424   3.154710    32.4186      11012     7.6468 0.0000e+00
     80.000     5.3425   3.154288    32.4142      11033     7.6614 0.0000e+00
     79.000     5.2858   3.146363    32.3792      11054     7.6756 0.0000e+00
     78.000     5.2724   3.143733    32.3628      11076     7.6911 0.0000e+00
     77.000     5.2394   3.138170    32.3317      11105     7.7113 0.0000e+00
     76.000     5.1960   3.131679    32.3001      11142     7.7367 0.0000e+00
     75.000     5.2094   3.133146    32.3044      11174     7.7588 0.0000e+00
     74.000     5.1401   3.122817    32.2539      11195     7.7739 0.0000e+00
     73.000     5.1262   3.120069    32.2363      11215     7.7878 0.0000e+00
     72.000     5.1165   3.117897    32.2214      11236     7.8021 0.0000e+00
     71.000     5.1123   3.115774    32.2017      11259     7.8182 0.0000e+00
     70.000     5.1151   3.115495    32.1963      11286     7.8371 0.0000e+00
     69.000     5.1138   3.114601    32.1878      11318     7.8593 0.0000e+00
     68.000     5.1167   3.113558    32.1736      11350     7.8815 0.0000e+00
     67.000     5.1321   3.110516    32.1245      11375     7.8988 0.0000e+00
     66.000     5.1437   3.111052    32.1199      11396     7.9135 0.0000e+00
     65.000     5.1533   3.111574    32.1172      11418     7.9282 0.0000e+00
     64.000     5.1802   3.112269    32.0997      11442     7.9450 0.0000e+00
     63.000     5.1816   3.112337    32.0997      11471     7.9654 0.0000e+00
     62.000     5.1854   3.112507    32.0985      11503     7.9878 0.0000e+00
     61.000     5.2017   3.113197    32.0912      11532     8.0080 0.0000e+00
     60.000     5.2119   3.113634    32.0869      11557     8.0248 0.0000e+00
     59.000     5.2144   3.113704    32.0858      11577     8.0392 0.0000e+00
     58.000     5.2214   3.113991    32.0829      11598     8.0532 0.0000e+00
     57.000     5.2273   3.114299    32.0812      11619     8.0683 0.0000e+00
