HB2402/ctd206.cnv
* Sea-Bird SBE 9 Data File:
* FileName = C:\cruise\data\ctd206.hex
* Software Version Seasave V 7.26.7.121
* Temperature SN = 5253
* Conductivity SN = 4421
* Number of Bytes Per Scan = 37
* Number of Voltage Words = 4
* Number of Scans Averaged by the Deck Unit = 1
* NMEA Latitude = 43 38.69 N
* NMEA Longitude = 067 35.38 W
* NMEA UTC (Time) = May 05 2024 04:12:56
* NMEA baud rate = 4800
** Ship: Bigelow HB2402
** Program:  Spring Bottom Trawl Survey
** Chief Scientist: John Galbraith
# nquan = 7
# nvalues = 456                         
# units = specified
# name 0 = depSM: Depth [salt water, m]
# name 1 = t090C: Temperature [ITS-90, deg C]
# name 2 = c0S/m: Conductivity [S/m]
# name 3 = sal00: Salinity, Practical [PSU]
# name 4 = scan: Scan Count
# name 5 = timeM: Time, Elapsed [minutes]
# name 6 = flag: flag
# span 0 =      1.000,    230.000       
# span 1 =     5.0724,     8.0592       
# span 2 =   3.104720,   3.549354       
# span 3 =    31.8309,    34.0606       
# span 4 =       -577,      14134       
# span 5 =    -0.4017,     9.8147       
# span 6 = 0.0000e+00, 0.0000e+00       
# interval = meters: 1                  
# start_time = May 05 2024 04:12:56 [NMEA time, header]
# bad_flag = -9.990e-29
*END*
      4.000     7.0845   3.249403    31.8609       -577    -0.4017 0.0000e+00
      5.000     7.0322   3.244611    31.8571        582     0.4033 0.0000e+00
      6.000     7.0568   3.246848    31.8580        385     0.2665 0.0000e+00
      7.000     7.0570   3.247211    31.8614        409     0.2831 0.0000e+00
      8.000     7.0496   3.246702    31.8622        433     0.2998 0.0000e+00
      9.000     7.0195   3.244243    31.8628        456     0.3163 0.0000e+00
     10.000     6.9948   3.242178    31.8627        482     0.3339 0.0000e+00
     11.000     6.9705   3.240114    31.8623        509     0.3529 0.0000e+00
     12.000     6.9976   3.242200    31.8595        536     0.3718 0.0000e+00
     13.000     7.0188   3.243933    31.8582        561     0.3892 0.0000e+00
     14.000     7.0224   3.244275    31.8581        591     0.4096 0.0000e+00
     15.000     7.0412   3.245874    31.8576        626     0.4341 0.0000e+00
     16.000     6.9610   3.239126    31.8579        666     0.4615 0.0000e+00
     17.000     6.8676   3.231052    31.8559        817     0.5665 0.0000e+00
     18.000     6.7660   3.221764    31.8482        875     0.6068 0.0000e+00
     19.000     6.7192   3.217452    31.8439        909     0.6304 0.0000e+00
     20.000     6.6904   3.214745    31.8406        937     0.6497 0.0000e+00
     21.000     6.6725   3.213088    31.8386        963     0.6679 0.0000e+00
     22.000     6.6648   3.212437    31.8382        989     0.6863 0.0000e+00
     23.000     6.6575   3.211939    31.8390       1016     0.7047 0.0000e+00
     24.000     6.6109   3.208500    31.8441       1041     0.7226 0.0000e+00
     25.000     6.5529   3.204382    31.8524       1068     0.7408 0.0000e+00
     26.000     6.4881   3.200088    31.8650       1097     0.7609 0.0000e+00
     27.000     6.4804   3.199565    31.8659       1126     0.7812 0.0000e+00
     28.000     6.4689   3.198774    31.8674       1151     0.7986 0.0000e+00
     29.000     6.4715   3.199328    31.8707       1173     0.8141 0.0000e+00
     30.000     6.4777   3.200091    31.8728       1196     0.8300 0.0000e+00
     31.000     6.4736   3.200140    31.8768       1224     0.8493 0.0000e+00
     32.000     6.4193   3.196637    31.8884       1254     0.8704 0.0000e+00
     33.000     6.4090   3.195973    31.8902       1283     0.8906 0.0000e+00
     34.000     6.4033   3.195456    31.8893       1312     0.9101 0.0000e+00
     35.000     6.3865   3.194121    31.8898       1340     0.9295 0.0000e+00
     36.000     6.3268   3.189328    31.8921       1363     0.9460 0.0000e+00
     37.000     6.3000   3.187092    31.8920       1385     0.9612 0.0000e+00
     38.000     6.2391   3.181651    31.8883       1408     0.9774 0.0000e+00
     39.000     6.0935   3.169539    31.8898       1436     0.9966 0.0000e+00
     40.000     5.8224   3.147579    31.8994       1467     1.0183 0.0000e+00
     41.000     5.6211   3.131570    31.9093       1496     1.0383 0.0000e+00
     42.000     5.5145   3.122857    31.9116       1522     1.0565 0.0000e+00
     43.000     5.4568   3.118586    31.9177       1548     1.0740 0.0000e+00
     44.000     5.4602   3.118916    31.9176       1573     1.0919 0.0000e+00
     45.000     5.4974   3.123321    31.9316       1599     1.1099 0.0000e+00
     46.000     5.5101   3.125234    31.9407       1627     1.1288 0.0000e+00
     47.000     5.5050   3.125216    31.9448       1654     1.1476 0.0000e+00
     48.000     5.4803   3.123155    31.9445       1680     1.1663 0.0000e+00
     49.000     5.4605   3.121632    31.9456       1707     1.1847 0.0000e+00
     50.000     5.4421   3.120369    31.9483       1731     1.2016 0.0000e+00
     51.000     5.4580   3.122269    31.9543       1754     1.2176 0.0000e+00
     52.000     5.4800   3.124994    31.9636       1780     1.2353 0.0000e+00
     53.000     5.4588   3.123717    31.9689       1811     1.2567 0.0000e+00
     54.000     5.4485   3.123676    31.9777       1844     1.2798 0.0000e+00
     55.000     5.4737   3.126821    31.9889       1872     1.2993 0.0000e+00
     56.000     5.4650   3.126066    31.9881       1895     1.3152 0.0000e+00
     57.000     5.4577   3.125588    31.9892       1918     1.3312 0.0000e+00
     58.000     5.4785   3.128059    31.9968       1942     1.3478 0.0000e+00
     59.000     5.5381   3.134266    32.0098       1967     1.3654 0.0000e+00
     60.000     5.5134   3.132240    32.0100       1993     1.3836 0.0000e+00
     61.000     5.4811   3.129712    32.0116       2023     1.4044 0.0000e+00
     62.000     5.4880   3.130987    32.0189       2054     1.4259 0.0000e+00
     63.000     5.4637   3.129088    32.0202       2082     1.4449 0.0000e+00
     64.000     5.4077   3.124204    32.0177       2107     1.4622 0.0000e+00
     65.000     5.3575   3.120056    32.0180       2130     1.4784 0.0000e+00
     66.000     5.3177   3.116896    32.0198       2154     1.4952 0.0000e+00
     67.000     5.2071   3.109638    32.0425       2181     1.5141 0.0000e+00
     68.000     5.1377   3.104954    32.0551       2210     1.5339 0.0000e+00
     69.000     5.1069   3.104720    32.0815       2238     1.5535 0.0000e+00
     70.000     5.1021   3.105325    32.0925       2266     1.5731 0.0000e+00
     71.000     5.0896   3.105438    32.1053       2292     1.5913 0.0000e+00
     72.000     5.0724   3.105372    32.1206       2315     1.6073 0.0000e+00
     73.000     5.0757   3.107007    32.1357       2339     1.6238 0.0000e+00
     74.000     5.0739   3.107825    32.1463       2368     1.6435 0.0000e+00
     75.000     5.0810   3.109758    32.1610       2398     1.6648 0.0000e+00
     76.000     5.0862   3.111395    32.1742       2425     1.6836 0.0000e+00
     77.000     5.0891   3.112362    32.1820       2451     1.7015 0.0000e+00
     78.000     5.1081   3.115786    32.2024       2475     1.7184 0.0000e+00
     79.000     5.1150   3.118888    32.2308       2501     1.7360 0.0000e+00
     80.000     5.1231   3.121199    32.2488       2526     1.7535 0.0000e+00
     81.000     5.1468   3.125601    32.2757       2555     1.7734 0.0000e+00
     82.000     5.1521   3.126488    32.2803       2585     1.7947 0.0000e+00
     83.000     5.1601   3.127670    32.2855       2612     1.8133 0.0000e+00
     84.000     5.1783   3.129871    32.2926       2636     1.8299 0.0000e+00
     85.000     5.1958   3.131806    32.2973       2658     1.8452 0.0000e+00
     86.000     5.2051   3.132884    32.3001       2684     1.8629 0.0000e+00
     87.000     5.2101   3.133468    32.3014       2714     1.8839 0.0000e+00
     88.000     5.2216   3.134804    32.3050       2744     1.9049 0.0000e+00
     89.000     5.2477   3.137663    32.3120       2771     1.9233 0.0000e+00
     90.000     5.3083   3.145120    32.3379       2795     1.9406 0.0000e+00
     91.000     5.3817   3.154211    32.3700       2822     1.9590 0.0000e+00
     92.000     5.4725   3.166116    32.4169       2851     1.9790 0.0000e+00
     93.000     5.5394   3.174182    32.4433       2878     1.9980 0.0000e+00
     94.000     5.5775   3.178932    32.4598       2901     2.0139 0.0000e+00
     95.000     5.6464   3.188113    32.4966       2923     2.0293 0.0000e+00
     96.000     5.7123   3.196457    32.5266       2947     2.0461 0.0000e+00
     97.000     5.7914   3.206616    32.5642       2979     2.0683 0.0000e+00
     98.000     5.9547   3.228227    32.6489       3013     2.0916 0.0000e+00
     99.000     6.1226   3.250198    32.7323       3039     2.1101 0.0000e+00
    100.000     6.1858   3.259405    32.7737       3064     2.1270 0.0000e+00
    101.000     6.2360   3.266621    32.8051       3089     2.1443 0.0000e+00
    102.000     6.2909   3.274545    32.8399       3114     2.1618 0.0000e+00
    103.000     6.3248   3.279065    32.8569       3138     2.1783 0.0000e+00
    104.000     6.3575   3.284170    32.8816       3163     2.1956 0.0000e+00
    105.000     6.4313   3.295215    32.9323       3190     2.2144 0.0000e+00
    106.000     6.5201   3.307729    32.9848       3219     2.2350 0.0000e+00
    107.000     6.5997   3.319054    33.0326       3249     2.2557 0.0000e+00
    108.000     6.6588   3.326974    33.0624       3277     2.2748 0.0000e+00
    109.000     6.6902   3.332090    33.0880       3304     2.2939 0.0000e+00
    110.000     6.7575   3.342173    33.1336       3330     2.3118 0.0000e+00
    111.000     6.8180   3.351004    33.1717       3353     2.3280 0.0000e+00
    112.000     6.8621   3.357680    33.2020       3376     2.3435 0.0000e+00
    113.000     6.9035   3.363268    33.2228       3399     2.3597 0.0000e+00
    114.000     6.9178   3.365315    33.2309       3427     2.3795 0.0000e+00
    115.000     6.9451   3.369599    33.2510       3461     2.4029 0.0000e+00
    116.000     6.9939   3.376801    33.2822       3491     2.4235 0.0000e+00
    117.000     7.0169   3.380357    33.2984       3514     2.4399 0.0000e+00
    118.000     7.0500   3.385479    33.3219       3536     2.4550 0.0000e+00
    119.000     7.0744   3.388898    33.3352       3561     2.4719 0.0000e+00
    120.000     7.1030   3.393650    33.3589       3591     2.4929 0.0000e+00
    121.000     7.1484   3.399995    33.3838       3622     2.5143 0.0000e+00
    122.000     7.1851   3.404806    33.4002       3648     2.5325 0.0000e+00
    123.000     7.2078   3.407976    33.4124       3671     2.5488 0.0000e+00
    124.000     7.2560   3.414535    33.4366       3694     2.5648 0.0000e+00
    125.000     7.2816   3.418225    33.4516       3719     2.5816 0.0000e+00
    126.000     7.3021   3.421161    33.4631       3746     2.6008 0.0000e+00
    127.000     7.3202   3.423942    33.4753       3778     2.6230 0.0000e+00
    128.000     7.3170   3.423963    33.4782       3810     2.6453 0.0000e+00
    129.000     7.3257   3.426126    33.4928       3837     2.6636 0.0000e+00
    130.000     7.4207   3.438515    33.5348       3859     2.6794 0.0000e+00
    131.000     7.4553   3.442827    33.5476       3881     2.6941 0.0000e+00
    132.000     7.4903   3.447113    33.5597       3903     2.7100 0.0000e+00
    133.000     7.5169   3.450629    33.5715       3932     2.7296 0.0000e+00
    134.000     7.5541   3.455715    33.5900       3964     2.7519 0.0000e+00
    135.000     7.5646   3.457705    33.6008       3992     2.7713 0.0000e+00
    136.000     7.5850   3.460946    33.6156       4016     2.7879 0.0000e+00
    137.000     7.5969   3.462807    33.6237       4041     2.8054 0.0000e+00
    138.000     7.5988   3.463171    33.6253       4069     2.8253 0.0000e+00
    139.000     7.6003   3.463582    33.6278       4100     2.8467 0.0000e+00
    140.000     7.6081   3.465383    33.6393       4128     2.8656 0.0000e+00
    141.000     7.6207   3.467854    33.6532       4151     2.8822 0.0000e+00
    142.000     7.6269   3.469175    33.6610       4173     2.8972 0.0000e+00
    143.000     7.6375   3.471285    33.6730       4195     2.9123 0.0000e+00
    144.000     7.6295   3.471267    33.6801       4219     2.9292 0.0000e+00
    145.000     7.5932   3.468344    33.6832       4252     2.9519 0.0000e+00
    146.000     7.5993   3.469561    33.6900       4289     2.9775 0.0000e+00
    147.000     7.5815   3.468240    33.6925       4316     2.9968 0.0000e+00
    148.000     7.5146   3.462012    33.6895       4339     3.0122 0.0000e+00
    149.000     7.4807   3.459256    33.6921       4360     3.0273 0.0000e+00
    150.000     7.4805   3.460440    33.7046       4383     3.0433 0.0000e+00
    151.000     7.4923   3.462038    33.7100       4408     3.0605 0.0000e+00
    152.000     7.5083   3.464870    33.7247       4438     3.0809 0.0000e+00
    153.000     7.5279   3.467939    33.7383       4470     3.1037 0.0000e+00
    154.000     7.5400   3.469856    33.7468       4499     3.1233 0.0000e+00
    155.000     7.5702   3.474130    33.7632       4521     3.1389 0.0000e+00
    156.000     7.5908   3.477012    33.7738       4543     3.1539 0.0000e+00
    157.000     7.6085   3.479858    33.7868       4567     3.1710 0.0000e+00
    158.000     7.5849   3.477839    33.7875       4598     3.1920 0.0000e+00
    159.000     7.5709   3.477345    33.7953       4630     3.2146 0.0000e+00
    160.000     7.5862   3.479420    33.8024       4659     3.2345 0.0000e+00
    161.000     7.6108   3.482326    33.8094       4682     3.2509 0.0000e+00
    162.000     7.5846   3.480257    33.8120       4704     3.2657 0.0000e+00
    163.000     7.5757   3.479752    33.8147       4725     3.2808 0.0000e+00
    164.000     7.5701   3.479255    33.8144       4751     3.2984 0.0000e+00
    165.000     7.5684   3.479176    33.8146       4784     3.3216 0.0000e+00
    166.000     7.5800   3.480870    33.8211       4818     3.3452 0.0000e+00
    167.000     7.6078   3.484396    33.8317       4845     3.3636 0.0000e+00
    168.000     7.6227   3.486364    33.8380       4867     3.3792 0.0000e+00
    169.000     7.6300   3.487401    33.8416       4890     3.3952 0.0000e+00
    170.000     7.6421   3.489035    33.8470       4914     3.4117 0.0000e+00
    171.000     7.6382   3.489202    33.8521       4940     3.4297 0.0000e+00
    172.000     7.6529   3.491323    33.8602       4968     3.4494 0.0000e+00
    173.000     7.6563   3.491815    33.8617       4997     3.4696 0.0000e+00
    174.000     7.6593   3.492299    33.8636       5027     3.4900 0.0000e+00
    175.000     7.6673   3.493472    33.8679       5057     3.5115 0.0000e+00
    176.000     7.6729   3.494368    33.8717       5085     3.5306 0.0000e+00
    177.000     7.6884   3.497201    33.8867       5108     3.5463 0.0000e+00
    178.000     7.7007   3.498994    33.8935       5129     3.5612 0.0000e+00
    179.000     7.7094   3.500116    33.8967       5152     3.5774 0.0000e+00
    180.000     7.7042   3.499750    33.8972       5179     3.5960 0.0000e+00
    181.000     7.6978   3.499289    33.8980       5209     3.6165 0.0000e+00
    182.000     7.6981   3.499539    33.8999       5235     3.6349 0.0000e+00
    183.000     7.7170   3.502017    33.9078       5259     3.6517 0.0000e+00
    184.000     7.7265   3.503252    33.9114       5286     3.6699 0.0000e+00
    185.000     7.7420   3.505275    33.9176       5319     3.6929 0.0000e+00
    186.000     7.7640   3.508167    33.9268       5351     3.7156 0.0000e+00
    187.000     7.7729   3.509232    33.9292       5376     3.7326 0.0000e+00
    188.000     7.7803   3.510265    33.9326       5398     3.7478 0.0000e+00
    189.000     7.7878   3.511243    33.9353       5422     3.7643 0.0000e+00
    190.000     7.7962   3.512383    33.9390       5447     3.7822 0.0000e+00
    191.000     7.8022   3.513239    33.9418       5471     3.7987 0.0000e+00
    192.000     7.8211   3.515732    33.9497       5494     3.8146 0.0000e+00
    193.000     7.8349   3.517434    33.9542       5519     3.8321 0.0000e+00
    194.000     7.8476   3.519125    33.9594       5554     3.8563 0.0000e+00
    195.000     7.9308   3.529002    33.9840       5592     3.8825 0.0000e+00
    196.000     7.9787   3.535284    34.0043       5618     3.9004 0.0000e+00
    197.000     7.9911   3.537120    34.0114       5640     3.9157 0.0000e+00
    198.000     8.0147   3.540630    34.0255       5661     3.9305 0.0000e+00
    199.000     8.0253   3.542184    34.0314       5683     3.9458 0.0000e+00
    200.000     8.0295   3.542887    34.0344       5708     3.9633 0.0000e+00
    201.000     8.0389   3.544527    34.0423       5737     3.9835 0.0000e+00
    202.000     8.0442   3.545460    34.0466       5766     4.0034 0.0000e+00
    203.000     8.0464   3.545925    34.0489       5793     4.0221 0.0000e+00
    204.000     8.0497   3.546570    34.0522       5821     4.0420 0.0000e+00
    205.000     8.0521   3.547053    34.0545       5852     4.0631 0.0000e+00
    206.000     8.0521   3.547112    34.0547       5877     4.0806 0.0000e+00
    207.000     8.0527   3.547301    34.0556       5900     4.0963 0.0000e+00
    208.000     8.0528   3.547366    34.0557       5923     4.1123 0.0000e+00
