HB2402/ctd200.cnv
* Sea-Bird SBE 9 Data File:
* FileName = C:\cruise\data\ctd200.hex
* Software Version Seasave V 7.26.7.121
* Temperature SN = 5253
* Conductivity SN = 4421
* Number of Bytes Per Scan = 37
* Number of Voltage Words = 4
* Number of Scans Averaged by the Deck Unit = 1
* NMEA Latitude = 42 33.83 N
* NMEA Longitude = 067 52.97 W
* NMEA UTC (Time) = May 03 2024 18:18:52
* NMEA baud rate = 4800
** Ship: Bigelow HB2402
** Program:  Spring Bottom Trawl Survey
** Chief Scientist: John Galbraith
# nquan = 7
# nvalues = 443                         
# units = specified
# name 0 = depSM: Depth [salt water, m]
# name 1 = t090C: Temperature [ITS-90, deg C]
# name 2 = c0S/m: Conductivity [S/m]
# name 3 = sal00: Salinity, Practical [PSU]
# name 4 = scan: Scan Count
# name 5 = timeM: Time, Elapsed [minutes]
# name 6 = flag: flag
# span 0 =      1.000,    223.000       
# span 1 =     4.8501,     7.8367       
# span 2 =   3.057796,   3.579036       
# span 3 =    31.6773,    34.6926       
# span 4 =        -66,      12846       
# span 5 =    -0.0463,     8.9198       
# span 6 = 0.0000e+00, 0.0000e+00       
# interval = meters: 1                  
# start_time = May 03 2024 18:18:52 [NMEA time, header]
# bad_flag = -9.990e-29
*END*
[from data line 206]
    209.000     7.7620   3.576187    34.6502       5652     3.9245 0.0000e+00
    210.000     7.7598   3.576356    34.6536       5676     3.9407 0.0000e+00
    211.000     7.7567   3.576656    34.6595       5698     3.9564 0.0000e+00
    212.000     7.7528   3.577087    34.6675       5724     3.9740 0.0000e+00
    213.000     7.7489   3.577627    34.6767       5754     3.9951 0.0000e+00
    214.000     7.7465   3.578039    34.6830       5782     4.0144 0.0000e+00
    215.000     7.7447   3.578362    34.6879       5807     4.0319 0.0000e+00
    216.000     7.7440   3.578511    34.6897       5835     4.0512 0.0000e+00
    217.000     7.7439   3.578590    34.6902       5864     4.0713 0.0000e+00
    218.000     7.7438   3.578656    34.6904       5888     4.0879 0.0000e+00
    219.000     7.7433   3.578847    34.6925       5911     4.1041 0.0000e+00
    220.000     7.7434   3.578910    34.6926       5939     4.1236 0.0000e+00
    221.000     7.7435   3.578963    34.6925       5972     4.1467 0.0000e+00
    222.000     7.7437   3.579011    34.6924       6030     4.1871 0.0000e+00
    223.000     7.7440   3.579036    34.6919       7163     4.9737 0.0000e+00
    222.000     7.7441   3.579015    34.6920       6843     4.7515 0.0000e+00
    221.000     7.7439   3.578955    34.6921       6788     4.7129 0.0000e+00
    220.000     7.7438   3.578897    34.6921       6818     4.7338 0.0000e+00
    219.000     7.7437   3.578834    34.6920       6842     4.7508 0.0000e+00
    218.000     7.7436   3.578775    34.6920       6865     4.7667 0.0000e+00
    217.000     7.7435   3.578711    34.6919       6892     4.7857 0.0000e+00
    216.000     7.7435   3.578641    34.6915       6921     4.8059 0.0000e+00
    215.000     7.7438   3.578516    34.6904       6946     4.8229 0.0000e+00
    214.000     7.7436   3.578448    34.6903       6970     4.8399 0.0000e+00
    213.000     7.7441   3.578322    34.6889       7000     4.8602 0.0000e+00
    212.000     7.7449   3.578115    34.6864       7029     4.8808 0.0000e+00
    211.000     7.7478   3.577657    34.6791       7054     4.8977 0.0000e+00
    210.000     7.7491   3.577404    34.6756       7076     4.9131 0.0000e+00
    209.000     7.7536   3.576879    34.6660       7098     4.9284 0.0000e+00
    208.000     7.7556   3.576647    34.6619       7122     4.9453 0.0000e+00
    207.000     7.7536   3.576732    34.6653       7149     4.9639 0.0000e+00
    206.000     7.7566   3.576461    34.6599       7180     4.9855 0.0000e+00
    205.000     7.7636   3.575905    34.6474       7212     5.0077 0.0000e+00
    204.000     7.7659   3.575706    34.6435       7239     5.0262 0.0000e+00
    203.000     7.7699   3.575365    34.6364       7260     5.0412 0.0000e+00
    202.000     7.7814   3.574528    34.6164       7281     5.0559 0.0000e+00
    201.000     7.7848   3.574117    34.6091       7304     5.0715 0.0000e+00
    200.000     7.7858   3.573946    34.6068       7331     5.0905 0.0000e+00
    199.000     7.7859   3.573860    34.6062       7363     5.1128 0.0000e+00
    198.000     7.7934   3.573001    34.5900       7390     5.1316 0.0000e+00
    197.000     7.7948   3.572753    34.5865       7413     5.1469 0.0000e+00
    196.000     7.8004   3.571883    34.5720       7436     5.1634 0.0000e+00
    195.000     7.8015   3.571542    34.5678       7466     5.1842 0.0000e+00
    194.000     7.8024   3.571295    34.5647       7495     5.2038 0.0000e+00
    193.000     7.8036   3.570992    34.5607       7518     5.2205 0.0000e+00
    192.000     7.8060   3.570414    34.5526       7540     5.2357 0.0000e+00
    191.000     7.8064   3.570236    34.5507       7565     5.2529 0.0000e+00
    190.000     7.8070   3.570021    34.5484       7597     5.2751 0.0000e+00
    189.000     7.8093   3.569528    34.5412       7626     5.2953 0.0000e+00
    188.000     7.8116   3.569089    34.5347       7649     5.3108 0.0000e+00
    187.000     7.8090   3.567653    34.5223       7669     5.3251 0.0000e+00
    186.000     7.8055   3.566059    34.5091       7691     5.3406 0.0000e+00
    185.000     7.8073   3.565339    34.5001       7719     5.3600 0.0000e+00
    184.000     7.8100   3.565163    34.4959       7752     5.3829 0.0000e+00
    183.000     7.8186   3.565461    34.4912       7781     5.4028 0.0000e+00
    182.000     7.8268   3.564780    34.4763       7804     5.4189 0.0000e+00
    181.000     7.8170   3.562330    34.4600       7826     5.4342 0.0000e+00
    180.000     7.8092   3.560324    34.4466       7852     5.4518 0.0000e+00
    179.000     7.8114   3.561269    34.4551       7880     5.4718 0.0000e+00
    178.000     7.8025   3.558315    34.4326       7906     5.4895 0.0000e+00
    177.000     7.7999   3.556958    34.4210       7929     5.5055 0.0000e+00
    176.000     7.7986   3.555313    34.4050       7954     5.5227 0.0000e+00
    175.000     7.7993   3.554793    34.3993       7981     5.5416 0.0000e+00
    174.000     7.7978   3.553122    34.3832       8007     5.5601 0.0000e+00
    173.000     7.7964   3.551521    34.3678       8033     5.5781 0.0000e+00
    172.000     7.7959   3.551043    34.3637       8061     5.5970 0.0000e+00
    171.000     7.7913   3.549051    34.3473       8085     5.6142 0.0000e+00
    170.000     7.7843   3.546615    34.3284       8108     5.6299 0.0000e+00
    169.000     7.7758   3.544438    34.3138       8132     5.6469 0.0000e+00
    168.000     7.7477   3.537066    34.2625       8162     5.6670 0.0000e+00
    167.000     7.7426   3.536217    34.2588       8195     5.6901 0.0000e+00
    166.000     7.7193   3.531086    34.2270       8221     5.7085 0.0000e+00
    165.000     7.7149   3.529364    34.2132       8242     5.7230 0.0000e+00
    164.000     7.7017   3.525964    34.1899       8262     5.7365 0.0000e+00
    163.000     7.6862   3.521945    34.1623       8284     5.7520 0.0000e+00
    162.000     7.6799   3.520253    34.1507       8314     5.7726 0.0000e+00
    161.000     7.6801   3.520181    34.1502       8347     5.7960 0.0000e+00
    160.000     7.6678   3.517046    34.1289       8373     5.8139 0.0000e+00
    159.000     7.6633   3.516022    34.1228       8396     5.8298 0.0000e+00
    158.000     7.6436   3.511731    34.0962       8420     5.8468 0.0000e+00
    157.000     7.6224   3.506661    34.0627       8446     5.8649 0.0000e+00
    156.000     7.5975   3.500814    34.0244       8472     5.8829 0.0000e+00
    155.000     7.5785   3.495769    33.9889       8496     5.8995 0.0000e+00
    154.000     7.5690   3.493761    33.9770       8519     5.9155 0.0000e+00
    153.000     7.5533   3.490600    33.9586       8545     5.9333 0.0000e+00
    152.000     7.5543   3.490417    33.9561       8575     5.9538 0.0000e+00
    151.000     7.5322   3.484613    33.9155       8603     5.9733 0.0000e+00
    150.000     7.5232   3.481324    33.8891       8627     5.9904 0.0000e+00
    149.000     7.5276   3.480751    33.8791       8651     6.0071 0.0000e+00
    148.000     7.5317   3.481426    33.8829       8677     6.0249 0.0000e+00
    147.000     7.5492   3.482291    33.8757       8703     6.0434 0.0000e+00
    146.000     7.5796   3.484610    33.8717       8728     6.0606 0.0000e+00
    145.000     7.6160   3.488155    33.8749       8751     6.0763 0.0000e+00
    144.000     7.6392   3.489448    33.8668       8775     6.0930 0.0000e+00
    143.000     7.6656   3.487886    33.8248       8801     6.1108 0.0000e+00
    142.000     7.6782   3.486417    33.7972       8831     6.1319 0.0000e+00
    141.000     7.6985   3.482497    33.7358       8862     6.1535 0.0000e+00
    140.000     7.7036   3.479600    33.7002       8885     6.1698 0.0000e+00
    139.000     7.6999   3.477372    33.6802       8906     6.1838 0.0000e+00
    138.000     7.7021   3.476493    33.6691       8927     6.1985 0.0000e+00
    137.000     7.7057   3.476484    33.6660       8955     6.2179 0.0000e+00
    136.000     7.7125   3.476250    33.6573       8986     6.2396 0.0000e+00
    135.000     7.7251   3.475326    33.6357       9010     6.2565 0.0000e+00
    134.000     7.7283   3.474063    33.6196       9033     6.2720 0.0000e+00
    133.000     7.7209   3.472109    33.6062       9057     6.2886 0.0000e+00
    132.000     7.6939   3.466210    33.5692       9083     6.3071 0.0000e+00
    131.000     7.6464   3.456139    33.5071       9113     6.3277 0.0000e+00
    130.000     7.6192   3.450824    33.4764       9143     6.3487 0.0000e+00
    129.000     7.6000   3.447379    33.4582       9167     6.3656 0.0000e+00
    128.000     7.5990   3.446365    33.4487       9188     6.3800 0.0000e+00
    127.000     7.6010   3.445998    33.4434       9209     6.3945 0.0000e+00
    126.000     7.6018   3.445088    33.4332       9234     6.4119 0.0000e+00
    125.000     7.6015   3.444310    33.4256       9266     6.4343 0.0000e+00
    124.000     7.6013   3.443178    33.4141       9295     6.4544 0.0000e+00
    123.000     7.5987   3.442016    33.4045       9318     6.4699 0.0000e+00
    122.000     7.5945   3.441119    33.3993       9340     6.4852 0.0000e+00
    121.000     7.5832   3.439102    33.3889       9367     6.5044 0.0000e+00
    120.000     7.5713   3.437273    33.3811       9399     6.5263 0.0000e+00
    119.000     7.5409   3.432209    33.3561       9422     6.5426 0.0000e+00
    118.000     7.5153   3.428403    33.3401       9442     6.5560 0.0000e+00
    117.000     7.4970   3.425495    33.3267       9462     6.5699 0.0000e+00
    116.000     7.4581   3.419073    33.2951       9494     6.5922 0.0000e+00
    115.000     7.4352   3.415333    33.2771       9535     6.6210 0.0000e+00
    114.000     7.3976   3.408758    33.2424       9559     6.6374 0.0000e+00
    113.000     7.3480   3.401369    33.2105       9578     6.6507 0.0000e+00
    112.000     7.3240   3.397360    33.1904       9597     6.6638 0.0000e+00
    111.000     7.2897   3.392366    33.1696       9618     6.6787 0.0000e+00
    110.000     7.2745   3.389532    33.1539       9647     6.6989 0.0000e+00
    109.000     7.2363   3.384094    33.1319       9683     6.7239 0.0000e+00
    108.000     7.1960   3.377997    33.1047       9710     6.7424 0.0000e+00
    107.000     7.1765   3.375077    33.0920       9732     6.7578 0.0000e+00
    106.000     7.1742   3.374560    33.0892       9755     6.7738 0.0000e+00
    105.000     7.1577   3.372200    33.0797       9781     6.7918 0.0000e+00
    104.000     7.1532   3.371449    33.0763       9810     6.8118 0.0000e+00
    103.000     7.1354   3.368938    33.0665       9839     6.8319 0.0000e+00
    102.000     7.1267   3.367557    33.0603       9863     6.8484 0.0000e+00
    101.000     7.1157   3.366177    33.0562       9882     6.8620 0.0000e+00
    100.000     7.1046   3.364485    33.0489       9902     6.8760 0.0000e+00
     99.000     7.0890   3.362309    33.0407       9929     6.8945 0.0000e+00
     98.000     7.0561   3.357738    33.0228       9966     6.9201 0.0000e+00
     97.000     6.9690   3.345081    32.9683       9995     6.9404 0.0000e+00
     96.000     6.9232   3.337662    32.9315      10019     6.9571 0.0000e+00
     95.000     6.8980   3.333444    32.9099      10044     6.9744 0.0000e+00
     94.000     6.8071   3.320101    32.8511      10069     6.9915 0.0000e+00
     93.000     6.7336   3.308814    32.7979      10091     7.0069 0.0000e+00
     92.000     6.6728   3.299840    32.7578      10113     7.0221 0.0000e+00
     91.000     6.5996   3.289734    32.7170      10139     7.0401 0.0000e+00
     90.000     6.5558   3.283367    32.6890      10171     7.0626 0.0000e+00
     89.000     6.4598   3.270663    32.6410      10198     7.0812 0.0000e+00
     88.000     6.4363   3.267852    32.6328      10218     7.0952 0.0000e+00
     87.000     6.3802   3.260976    32.6107      10239     7.1096 0.0000e+00
     86.000     6.3176   3.253035    32.5830      10272     7.1327 0.0000e+00
     85.000     6.3067   3.251247    32.5742      10315     7.1623 0.0000e+00
     84.000     6.2396   3.243442    32.5521      10334     7.1757 0.0000e+00
     83.000     6.2314   3.242355    32.5483      10350     7.1869 0.0000e+00
     82.000     6.2179   3.240647    32.5427      10366     7.1977 0.0000e+00
     81.000     6.2084   3.239383    32.5381      10386     7.2121 0.0000e+00
     80.000     6.1812   3.235994    32.5270      10430     7.2425 0.0000e+00
     79.000     6.1773   3.235331    32.5238      10464     7.2662 0.0000e+00
     78.000     6.1646   3.233792    32.5194      10484     7.2799 0.0000e+00
     77.000     6.1551   3.232654    32.5162      10502     7.2926 0.0000e+00
     76.000     6.1452   3.231365    32.5118      10524     7.3073 0.0000e+00
     75.000     6.1226   3.228511    32.5021      10554     7.3285 0.0000e+00
     74.000     6.1116   3.227194    32.4984      10588     7.3519 0.0000e+00
     73.000     6.0833   3.223475    32.4845      10612     7.3686 0.0000e+00
     72.000     6.0516   3.219763    32.4739      10634     7.3839 0.0000e+00
     71.000     6.0232   3.216356    32.4635      10660     7.4018 0.0000e+00
     70.000     6.0000   3.213446    32.4537      10690     7.4226 0.0000e+00
     69.000     5.9722   3.210035    32.4426      10717     7.4416 0.0000e+00
     68.000     5.9635   3.208694    32.4364      10741     7.4585 0.0000e+00
     67.000     5.9331   3.205199    32.4269      10765     7.4750 0.0000e+00
     66.000     5.8837   3.198647    32.4012      10790     7.4924 0.0000e+00
     65.000     5.7677   3.184301    32.3518      10816     7.5103 0.0000e+00
     64.000     5.6799   3.173599    32.3159      10842     7.5284 0.0000e+00
     63.000     5.5946   3.162793    32.2763      10868     7.5467 0.0000e+00
     62.000     5.5608   3.158563    32.2614      10894     7.5646 0.0000e+00
     61.000     5.5360   3.155322    32.2490      10922     7.5839 0.0000e+00
     60.000     5.4937   3.149955    32.2293      10951     7.6043 0.0000e+00
     59.000     5.4315   3.142325    32.2030      10979     7.6233 0.0000e+00
     58.000     5.3608   3.133284    32.1686      11005     7.6419 0.0000e+00
     57.000     5.2930   3.124908    32.1389      11030     7.6593 0.0000e+00
     56.000     5.2369   3.116819    32.1011      11051     7.6739 0.0000e+00
     55.000     5.1882   3.110943    32.0814      11071     7.6877 0.0000e+00
     54.000     5.1741   3.108140    32.0635      11094     7.7036 0.0000e+00
     53.000     5.1069   3.099115    32.0254      11128     7.7267 0.0000e+00
     52.000     5.0478   3.090333    31.9820      11162     7.7504 0.0000e+00
     51.000     4.9496   3.076109    31.9138      11188     7.7687 0.0000e+00
     50.000     4.9362   3.073592    31.8982      11213     7.7858 0.0000e+00
     49.000     4.9169   3.070695    31.8840      11235     7.8015 0.0000e+00
     48.000     4.9068   3.068728    31.8715      11258     7.8173 0.0000e+00
     47.000     4.9023   3.067642    31.8638      11284     7.8357 0.0000e+00
     46.000     4.8920   3.065831    31.8534      11316     7.8575 0.0000e+00
     45.000     4.8795   3.063227    31.8359      11341     7.8748 0.0000e+00
     44.000     4.8734   3.062059    31.8289      11362     7.8897 0.0000e+00
     43.000     4.8661   3.059932    31.8119      11386     7.9063 0.0000e+00
     42.000     4.8682   3.059199    31.8020      11417     7.9275 0.0000e+00
     41.000     4.8739   3.058335    31.7871      11443     7.9461 0.0000e+00
     40.000     4.8740   3.058103    31.7848      11465     7.9609 0.0000e+00
     39.000     4.8910   3.058612    31.7749      11488     7.9768 0.0000e+00
     38.000     4.9134   3.059731    31.7668      11524     8.0018 0.0000e+00
     37.000     4.9400   3.061165    31.7584      11555     8.0238 0.0000e+00
     36.000     4.9760   3.063297    31.7490      11576     8.0380 0.0000e+00
     35.000     5.0041   3.065330    31.7460      11594     8.0509 0.0000e+00
     34.000     5.0640   3.069389    31.7359      11615     8.0652 0.0000e+00
