HB2402/ctd217.cnv
* Sea-Bird SBE 9 Data File:
* FileName = C:\cruise\data\ctd217.hex
* Software Version Seasave V 7.26.7.121
* Temperature SN = 5253
* Conductivity SN = 4421
* Number of Bytes Per Scan = 37
* Number of Voltage Words = 4
* Number of Scans Averaged by the Deck Unit = 1
* NMEA Latitude = 44 15.64 N
* NMEA Longitude = 067 10.35 W
* NMEA UTC (Time) = May 07 2024 00:17:31
* NMEA baud rate = 4800
** Ship: Bigelow HB2402
** Program:  Spring Bottom Trawl Survey
** Chief Scientist: John Galbraith
# nquan = 7
# nvalues = 325                         
# units = specified
# name 0 = depSM: Depth [salt water, m]
# name 1 = t090C: Temperature [ITS-90, deg C]
# name 2 = c0S/m: Conductivity [S/m]
# name 3 = sal00: Salinity, Practical [PSU]
# name 4 = scan: Scan Count
# name 5 = timeM: Time, Elapsed [minutes]
# name 6 = flag: flag
# span 0 =      1.000,    164.000       
# span 1 =     5.0926,     7.2955       
# span 2 =   3.099951,   3.433773       
# span 3 =    31.7485,    33.5892       
# span 4 =       -130,       9574       
# span 5 =    -0.0911,     6.6477       
# span 6 = 0.0000e+00, 0.0000e+00       
# interval = meters: 1                  
# start_time = May 07 2024 00:17:31 [NMEA time, header]
# bad_flag = -9.990e-29
*END*
      3.000     6.1242   3.158746    31.7582       -130    -0.0911 0.0000e+00
      4.000     6.1292   3.159762    31.7644        257     0.1778 0.0000e+00
      5.000     6.1317   3.160037    31.7646        281     0.1941 0.0000e+00
      6.000     6.1303   3.159991    31.7650        307     0.2125 0.0000e+00
      7.000     6.1380   3.160615    31.7642        335     0.2321 0.0000e+00
      8.000     6.0007   3.150845    31.7835        361     0.2503 0.0000e+00
      9.000     5.9323   3.145543    31.7881        385     0.2668 0.0000e+00
     10.000     5.8865   3.141795    31.7887        410     0.2837 0.0000e+00
     11.000     5.8403   3.137886    31.7879        438     0.3032 0.0000e+00
     12.000     5.8041   3.134820    31.7871        467     0.3238 0.0000e+00
     13.000     5.7838   3.133286    31.7885        493     0.3417 0.0000e+00
     14.000     5.7759   3.132737    31.7893        517     0.3580 0.0000e+00
     15.000     5.7663   3.131902    31.7884        541     0.3749 0.0000e+00
     16.000     5.6989   3.127614    31.8034        568     0.3938 0.0000e+00
     17.000     5.6534   3.125542    31.8225        595     0.4126 0.0000e+00
     18.000     5.6513   3.125993    31.8291        621     0.4304 0.0000e+00
     19.000     5.6476   3.125937    31.8315        645     0.4474 0.0000e+00
     20.000     5.6454   3.126071    31.8346        672     0.4659 0.0000e+00
     21.000     5.6447   3.126169    31.8359        700     0.4851 0.0000e+00
     22.000     5.6439   3.126268    31.8373        727     0.5039 0.0000e+00
     23.000     5.6424   3.126325    31.8388        753     0.5224 0.0000e+00
     24.000     5.6424   3.126352    31.8387        781     0.5416 0.0000e+00
     25.000     5.6425   3.126386    31.8385        809     0.5613 0.0000e+00
     26.000     5.6393   3.126363    31.8407        837     0.5802 0.0000e+00
     27.000     5.6379   3.126358    31.8415        861     0.5973 0.0000e+00
     28.000     5.6374   3.126382    31.8417        884     0.6133 0.0000e+00
     29.000     5.6356   3.126350    31.8426        908     0.6301 0.0000e+00
     30.000     5.6179   3.125476    31.8490        936     0.6493 0.0000e+00
     31.000     5.5578   3.122167    31.8681        968     0.6712 0.0000e+00
     32.000     5.5243   3.120421    31.8797        994     0.6898 0.0000e+00
     33.000     5.5182   3.120060    31.8809       1017     0.7057 0.0000e+00
     34.000     5.5062   3.119378    31.8841       1043     0.7236 0.0000e+00
     35.000     5.4884   3.118384    31.8893       1075     0.7457 0.0000e+00
     36.000     5.4625   3.116845    31.8959       1105     0.7667 0.0000e+00
     37.000     5.4413   3.115465    31.9000       1128     0.7829 0.0000e+00
     38.000     5.4362   3.115173    31.9010       1151     0.7985 0.0000e+00
     39.000     5.4337   3.114975    31.9006       1176     0.8158 0.0000e+00
     40.000     5.4006   3.112757    31.9065       1204     0.8355 0.0000e+00
     41.000     5.3904   3.112100    31.9083       1231     0.8542 0.0000e+00
     42.000     5.3672   3.110631    31.9131       1256     0.8715 0.0000e+00
     43.000     5.3559   3.110083    31.9172       1282     0.8897 0.0000e+00
     44.000     5.3514   3.110064    31.9208       1312     0.9107 0.0000e+00
     45.000     5.3502   3.110192    31.9229       1342     0.9315 0.0000e+00
     46.000     5.3559   3.110788    31.9237       1368     0.9492 0.0000e+00
     47.000     5.3512   3.110662    31.9263       1392     0.9663 0.0000e+00
     48.000     5.3151   3.108305    31.9334       1418     0.9844 0.0000e+00
     49.000     5.2868   3.106681    31.9414       1445     1.0029 0.0000e+00
     50.000     5.2820   3.106568    31.9442       1470     1.0198 0.0000e+00
     51.000     5.2649   3.105980    31.9534       1495     1.0374 0.0000e+00
     52.000     5.2435   3.105068    31.9629       1523     1.0572 0.0000e+00
     53.000     5.2288   3.104738    31.9728       1553     1.0779 0.0000e+00
     54.000     5.2100   3.104223    31.9844       1579     1.0955 0.0000e+00
     55.000     5.1844   3.103345    31.9984       1602     1.1117 0.0000e+00
     56.000     5.1807   3.103217    32.0000       1627     1.1294 0.0000e+00
     57.000     5.1764   3.103030    32.0014       1659     1.1513 0.0000e+00
     58.000     5.1507   3.101815    32.0117       1691     1.1738 0.0000e+00
     59.000     5.1177   3.100536    32.0283       1716     1.1910 0.0000e+00
     60.000     5.1000   3.099951    32.0380       1738     1.2065 0.0000e+00
     61.000     5.0969   3.101174    32.0545       1760     1.2217 0.0000e+00
     62.000     5.0926   3.103706    32.0871       1785     1.2387 0.0000e+00
     63.000     5.0970   3.105268    32.1002       1813     1.2584 0.0000e+00
     64.000     5.1020   3.106742    32.1118       1842     1.2787 0.0000e+00
     65.000     5.1075   3.108684    32.1282       1871     1.2988 0.0000e+00
     66.000     5.1183   3.110992    32.1438       1901     1.3193 0.0000e+00
     67.000     5.1264   3.112252    32.1498       1928     1.3383 0.0000e+00
     68.000     5.1269   3.112358    32.1500       1952     1.3547 0.0000e+00
     69.000     5.1301   3.112805    32.1515       1975     1.3710 0.0000e+00
     70.000     5.1451   3.114546    32.1565       2001     1.3889 0.0000e+00
     71.000     5.1754   3.118263    32.1693       2030     1.4088 0.0000e+00
     72.000     5.1770   3.119256    32.1786       2056     1.4272 0.0000e+00
     73.000     5.1740   3.119235    32.1808       2080     1.4435 0.0000e+00
     74.000     5.1806   3.120569    32.1891       2104     1.4606 0.0000e+00
     75.000     5.2101   3.126266    32.2252       2134     1.4811 0.0000e+00
     76.000     5.2159   3.129406    32.2550       2168     1.5046 0.0000e+00
     77.000     5.2405   3.134611    32.2900       2196     1.5242 0.0000e+00
     78.000     5.2798   3.140841    32.3227       2219     1.5400 0.0000e+00
     79.000     5.3034   3.144243    32.3382       2240     1.5552 0.0000e+00
     80.000     5.3407   3.149297    32.3591       2265     1.5721 0.0000e+00
     81.000     5.3556   3.151385    32.3680       2293     1.5916 0.0000e+00
     82.000     5.3593   3.152001    32.3709       2322     1.6116 0.0000e+00
     83.000     5.3614   3.152372    32.3726       2348     1.6296 0.0000e+00
     84.000     5.3674   3.153246    32.3763       2374     1.6478 0.0000e+00
     85.000     5.3713   3.153833    32.3787       2403     1.6681 0.0000e+00
     86.000     5.3776   3.154768    32.3828       2432     1.6884 0.0000e+00
     87.000     5.3867   3.156147    32.3891       2458     1.7061 0.0000e+00
     88.000     5.4221   3.161202    32.4118       2482     1.7226 0.0000e+00
     89.000     5.4319   3.162618    32.4180       2507     1.7405 0.0000e+00
     90.000     5.4536   3.165956    32.4344       2536     1.7602 0.0000e+00
     91.000     5.4905   3.171290    32.4587       2563     1.7790 0.0000e+00
     92.000     5.5181   3.175327    32.4773       2588     1.7965 0.0000e+00
     93.000     5.5391   3.178514    32.4926       2613     1.8141 0.0000e+00
     94.000     5.5556   3.180871    32.5028       2641     1.8332 0.0000e+00
     95.000     5.5699   3.183029    32.5130       2670     1.8532 0.0000e+00
     96.000     5.5727   3.183568    32.5158       2697     1.8719 0.0000e+00
     97.000     5.5903   3.186211    32.5283       2722     1.8895 0.0000e+00
     98.000     5.6041   3.188334    32.5384       2748     1.9077 0.0000e+00
     99.000     5.6180   3.190494    32.5489       2775     1.9265 0.0000e+00
    100.000     5.6277   3.191977    32.5558       2801     1.9446 0.0000e+00
    101.000     5.6420   3.194304    32.5677       2826     1.9618 0.0000e+00
    102.000     5.6526   3.196234    32.5788       2851     1.9791 0.0000e+00
    103.000     5.7012   3.204362    32.6231       2878     1.9977 0.0000e+00
    104.000     5.8315   3.224449    32.7226       2907     2.0183 0.0000e+00
    105.000     5.9032   3.234267    32.7631       2937     2.0386 0.0000e+00
    106.000     5.9087   3.235116    32.7667       2962     2.0564 0.0000e+00
    107.000     5.9137   3.235875    32.7699       2987     2.0737 0.0000e+00
    108.000     5.9222   3.237132    32.7753       3013     2.0918 0.0000e+00
    109.000     5.9393   3.239708    32.7872       3039     2.1099 0.0000e+00
    110.000     5.9899   3.247295    32.8227       3064     2.1270 0.0000e+00
    111.000     6.0211   3.252048    32.8452       3089     2.1447 0.0000e+00
    112.000     6.0321   3.253916    32.8549       3116     2.1635 0.0000e+00
    113.000     6.0330   3.254220    32.8570       3145     2.1836 0.0000e+00
    114.000     6.0461   3.256576    32.8702       3172     2.2022 0.0000e+00
    115.000     6.0525   3.257788    32.8771       3197     2.2192 0.0000e+00
    116.000     6.0531   3.258126    32.8797       3222     2.2371 0.0000e+00
    117.000     6.0545   3.258507    32.8821       3252     2.2574 0.0000e+00
    118.000     6.0565   3.258920    32.8843       3281     2.2777 0.0000e+00
    119.000     6.0990   3.265447    32.9157       3307     2.2956 0.0000e+00
    120.000     6.1234   3.268576    32.9265       3331     2.3125 0.0000e+00
    121.000     6.1489   3.272573    32.9459       3356     2.3296 0.0000e+00
    122.000     6.2013   3.279794    32.9751       3382     2.3477 0.0000e+00
    123.000     6.2278   3.283400    32.9891       3408     2.3659 0.0000e+00
    124.000     6.2460   3.285846    32.9982       3434     2.3842 0.0000e+00
    125.000     6.2571   3.287412    33.0044       3462     2.4033 0.0000e+00
    126.000     6.2781   3.290208    33.0147       3490     2.4227 0.0000e+00
    127.000     6.2886   3.291629    33.0199       3518     2.4424 0.0000e+00
    128.000     6.3027   3.293590    33.0275       3546     2.4618 0.0000e+00
    129.000     6.3159   3.295382    33.0341       3571     2.4794 0.0000e+00
    130.000     6.3270   3.296902    33.0398       3595     2.4958 0.0000e+00
    131.000     6.3357   3.298133    33.0445       3619     2.5125 0.0000e+00
    132.000     6.3456   3.299546    33.0502       3645     2.5305 0.0000e+00
    133.000     6.3559   3.301008    33.0559       3673     2.5498 0.0000e+00
    134.000     6.3687   3.302800    33.0629       3700     2.5687 0.0000e+00
    135.000     6.3769   3.303957    33.0673       3728     2.5883 0.0000e+00
    136.000     6.4330   3.312037    33.1020       3756     2.6075 0.0000e+00
    137.000     6.4762   3.317655    33.1219       3782     2.6258 0.0000e+00
    138.000     6.4855   3.319226    33.1298       3808     2.6440 0.0000e+00
    139.000     6.5426   3.327290    33.1633       3835     2.6625 0.0000e+00
    140.000     6.5988   3.334955    33.1929       3861     2.6803 0.0000e+00
    141.000     6.6204   3.338224    33.2076       3886     2.6981 0.0000e+00
    142.000     6.6842   3.346964    33.2417       3912     2.7159 0.0000e+00
    143.000     6.6903   3.348492    33.2521       3938     2.7339 0.0000e+00
    144.000     6.8067   3.364313    33.3129       3964     2.7520 0.0000e+00
    145.000     6.8718   3.373470    33.3498       3991     2.7710 0.0000e+00
    146.000     6.9078   3.378586    33.3706       4019     2.7904 0.0000e+00
    147.000     6.9464   3.384061    33.3926       4046     2.8093 0.0000e+00
    148.000     6.9757   3.388211    33.4092       4072     2.8270 0.0000e+00
    149.000     7.0008   3.391803    33.4236       4097     2.8446 0.0000e+00
    150.000     7.0489   3.398564    33.4504       4124     2.8635 0.0000e+00
    151.000     7.0920   3.404484    33.4728       4152     2.8828 0.0000e+00
    152.000     7.1272   3.409582    33.4938       4178     2.9009 0.0000e+00
    153.000     7.1775   3.416647    33.5216       4203     2.9182 0.0000e+00
    154.000     7.2261   3.423466    33.5482       4228     2.9356 0.0000e+00
    155.000     7.2524   3.427004    33.5608       4255     2.9541 0.0000e+00
    156.000     7.2643   3.428729    33.5675       4282     2.9728 0.0000e+00
    157.000     7.2760   3.430520    33.5751       4310     2.9921 0.0000e+00
    158.000     7.2862   3.431940    33.5802       4337     3.0109 0.0000e+00
    159.000     7.2893   3.432411    33.5818       4364     3.0296 0.0000e+00
    160.000     7.2895   3.432576    33.5829       4388     3.0467 0.0000e+00
    161.000     7.2931   3.433091    33.5845       4412     3.0634 0.0000e+00
    162.000     7.2946   3.433353    33.5854       4439     3.0822 0.0000e+00
    163.000     7.2946   3.433451    33.5860       4482     3.1117 0.0000e+00
    164.000     7.2879   3.432873    33.5857       5180     3.5964 0.0000e+00
    163.000     7.2871   3.432732    33.5855       5778     4.0116 0.0000e+00
    162.000     7.2955   3.433773    33.5892       5407     3.7540 0.0000e+00
    161.000     7.2946   3.433610    33.5887       5428     3.7689 0.0000e+00
    160.000     7.2914   3.433160    33.5874       5455     3.7878 0.0000e+00
    159.000     7.2855   3.432267    33.5840       5483     3.8069 0.0000e+00
    158.000     7.2831   3.431927    33.5831       5510     3.8254 0.0000e+00
    157.000     7.2809   3.431575    33.5818       5535     3.8433 0.0000e+00
    156.000     7.2778   3.431129    33.5805       5560     3.8607 0.0000e+00
    155.000     7.2754   3.430763    33.5793       5584     3.8774 0.0000e+00
    154.000     7.2732   3.430385    33.5778       5608     3.8936 0.0000e+00
    153.000     7.2679   3.429643    33.5754       5632     3.9104 0.0000e+00
    152.000     7.2375   3.425662    33.5620       5660     3.9297 0.0000e+00
    151.000     7.1958   3.420158    33.5431       5690     3.9508 0.0000e+00
    150.000     7.1474   3.412752    33.5098       5719     3.9708 0.0000e+00
    149.000     7.1017   3.406596    33.4874       5744     3.9879 0.0000e+00
    148.000     7.1047   3.406507    33.4840       5766     4.0031 0.0000e+00
    147.000     7.0740   3.402624    33.4719       5787     4.0184 0.0000e+00
    146.000     7.0171   3.395373    33.4483       5811     4.0346 0.0000e+00
    145.000     6.9965   3.391972    33.4316       5836     4.0520 0.0000e+00
    144.000     6.9720   3.388005    33.4125       5863     4.0710 0.0000e+00
    143.000     6.9264   3.382202    33.3936       5891     4.0906 0.0000e+00
    142.000     6.8618   3.372658    33.3520       5920     4.1106 0.0000e+00
    141.000     6.7723   3.360832    33.3094       5950     4.1309 0.0000e+00
    140.000     6.7191   3.353148    33.2769       5976     4.1493 0.0000e+00
    139.000     6.7261   3.353409    33.2735       5999     4.1651 0.0000e+00
    138.000     6.7024   3.350093    33.2605       6020     4.1801 0.0000e+00
    137.000     6.6281   3.339419    33.2153       6044     4.1964 0.0000e+00
    136.000     6.6075   3.337961    33.2197       6071     4.2155 0.0000e+00
    135.000     6.5545   3.329899    33.1824       6099     4.2347 0.0000e+00
    134.000     6.4706   3.317906    33.1316       6124     4.2523 0.0000e+00
    133.000     6.4104   3.309807    33.1007       6148     4.2690 0.0000e+00
    132.000     6.4109   3.309363    33.0958       6172     4.2857 0.0000e+00
    131.000     6.3884   3.305804    33.0786       6199     4.3044 0.0000e+00
    130.000     6.3583   3.301960    33.0656       6229     4.3249 0.0000e+00
    129.000     6.3461   3.300142    33.0577       6257     4.3442 0.0000e+00
    128.000     6.3399   3.299121    33.0529       6282     4.3621 0.0000e+00
    127.000     6.3299   3.297709    33.0474       6307     4.3795 0.0000e+00
    126.000     6.3108   3.294980    33.0361       6332     4.3969 0.0000e+00
    125.000     6.2773   3.291049    33.0253       6356     4.4131 0.0000e+00
    124.000     6.2734   3.289895    33.0167       6380     4.4295 0.0000e+00
    123.000     6.2528   3.287513    33.0107       6405     4.4476 0.0000e+00
    122.000     6.2430   3.286036    33.0042       6434     4.4675 0.0000e+00
    121.000     6.1989   3.280332    32.9840       6462     4.4868 0.0000e+00
