HB2402/ctd240.cnv
* Sea-Bird SBE 9 Data File:
* FileName = C:\cruise\data\ctd240.hex
* Software Version Seasave V 7.26.7.121
* Temperature SN = 5253
* Conductivity SN = 4421
* Number of Bytes Per Scan = 37
* Number of Voltage Words = 4
* Number of Scans Averaged by the Deck Unit = 1
* NMEA Latitude = 41 01.98 N
* NMEA Longitude = 069 15.55 W
* NMEA UTC (Time) = May 12 2024 09:37:29
* NMEA baud rate = 4800
** Ship: Bigelow HB2402
** Program:  Spring Bottom Trawl Survey
** Chief Scientist: John Galbraith
# nquan = 7
# nvalues = 101                         
# units = specified
# name 0 = depSM: Depth [salt water, m]
# name 1 = t090C: Temperature [ITS-90, deg C]
# name 2 = c0S/m: Conductivity [S/m]
# name 3 = sal00: Salinity, Practical [PSU]
# name 4 = scan: Scan Count
# name 5 = timeM: Time, Elapsed [minutes]
# name 6 = flag: flag
# span 0 =      1.000,     52.000       
# span 1 =     6.8442,     6.8605       
# span 2 =   3.243395,   3.247446       
# span 3 =    32.0084,    32.0334       
# span 4 =       -156,       4086       
# span 5 =    -0.1090,     2.8366       
# span 6 = 0.0000e+00, 0.0000e+00       
# interval = meters: 1                  
# start_time = May 12 2024 09:37:29 [NMEA time, header]
# bad_flag = -9.990e-29
*END*
      3.000     6.8442   3.243395    32.0192       -156    -0.1090 0.0000e+00
      4.000     6.8506   3.243913    32.0185        284     0.1965 0.0000e+00
      5.000     6.8500   3.243880    32.0182        351     0.2434 0.0000e+00
      6.000     6.8500   3.243967    32.0187        374     0.2591 0.0000e+00
      7.000     6.8545   3.244435    32.0191        391     0.2707 0.0000e+00
      8.000     6.8544   3.244483    32.0192        409     0.2834 0.0000e+00
      9.000     6.8542   3.244496    32.0191        433     0.3003 0.0000e+00
     10.000     6.8546   3.244545    32.0188        471     0.3261 0.0000e+00
     11.000     6.8545   3.244588    32.0189        506     0.3508 0.0000e+00
     12.000     6.8545   3.244654    32.0191        530     0.3675 0.0000e+00
     13.000     6.8546   3.244691    32.0190        551     0.3816 0.0000e+00
     14.000     6.8549   3.244771    32.0191        571     0.3958 0.0000e+00
     15.000     6.8545   3.244753    32.0188        594     0.4118 0.0000e+00
     16.000     6.8545   3.244793    32.0187        625     0.4332 0.0000e+00
     17.000     6.8535   3.244714    32.0183        663     0.4599 0.0000e+00
     18.000     6.8537   3.244794    32.0186        696     0.4825 0.0000e+00
     19.000     6.8554   3.245034    32.0192        720     0.4991 0.0000e+00
     20.000     6.8557   3.245098    32.0191        740     0.5135 0.0000e+00
     21.000     6.8557   3.245133    32.0190        761     0.5281 0.0000e+00
     22.000     6.8557   3.245162    32.0188        786     0.5448 0.0000e+00
     23.000     6.8564   3.245289    32.0191        812     0.5635 0.0000e+00
     24.000     6.8564   3.245314    32.0189        838     0.5815 0.0000e+00
     25.000     6.8571   3.245489    32.0197        864     0.5996 0.0000e+00
     26.000     6.8574   3.245554    32.0196        904     0.6272 0.0000e+00
     27.000     6.8575   3.245616    32.0198        950     0.6593 0.0000e+00
     28.000     6.8571   3.245658    32.0201        972     0.6743 0.0000e+00
     29.000     6.8559   3.245792    32.0222        990     0.6866 0.0000e+00
     30.000     6.8537   3.245940    32.0254       1006     0.6981 0.0000e+00
     31.000     6.8533   3.246007    32.0260       1023     0.7098 0.0000e+00
     32.000     6.8534   3.246046    32.0259       1043     0.7234 0.0000e+00
     33.000     6.8540   3.246081    32.0252       1083     0.7514 0.0000e+00
     34.000     6.8553   3.246085    32.0236       1135     0.7872 0.0000e+00
     35.000     6.8557   3.246131    32.0233       1157     0.8025 0.0000e+00
     36.000     6.8556   3.246182    32.0234       1177     0.8165 0.0000e+00
     37.000     6.8547   3.246264    32.0247       1197     0.8307 0.0000e+00
     38.000     6.8545   3.246326    32.0251       1220     0.8466 0.0000e+00
     39.000     6.8544   3.246379    32.0253       1245     0.8636 0.0000e+00
     40.000     6.8543   3.246437    32.0256       1273     0.8833 0.0000e+00
     41.000     6.8543   3.246491    32.0257       1311     0.9096 0.0000e+00
     42.000     6.8540   3.246584    32.0265       1345     0.9330 0.0000e+00
     43.000     6.8538   3.246641    32.0268       1368     0.9491 0.0000e+00
     44.000     6.8537   3.246704    32.0271       1388     0.9631 0.0000e+00
     45.000     6.8526   3.246847    32.0293       1411     0.9790 0.0000e+00
     46.000     6.8536   3.246822    32.0275       1439     0.9987 0.0000e+00
     47.000     6.8539   3.246868    32.0273       1468     1.0184 0.0000e+00
     48.000     6.8542   3.246898    32.0269       1493     1.0362 0.0000e+00
     49.000     6.8541   3.246972    32.0274       1524     1.0575 0.0000e+00
     50.000     6.8533   3.247098    32.0290       1559     1.0818 0.0000e+00
     51.000     6.8534   3.247146    32.0290       1603     1.1124 0.0000e+00
     52.000     6.8515   3.247446    32.0334       2449     1.7001 0.0000e+00
     51.000     6.8527   3.247294    32.0312       2324     1.6131 0.0000e+00
     50.000     6.8526   3.247219    32.0310       2410     1.6728 0.0000e+00
     49.000     6.8530   3.247121    32.0300       2468     1.7129 0.0000e+00
     48.000     6.8537   3.246999    32.0285       2495     1.7321 0.0000e+00
     47.000     6.8539   3.246909    32.0278       2515     1.7462 0.0000e+00
     46.000     6.8538   3.246857    32.0277       2532     1.7579 0.0000e+00
     45.000     6.8537   3.246820    32.0280       2549     1.7696 0.0000e+00
     44.000     6.8536   3.246762    32.0279       2567     1.7817 0.0000e+00
     43.000     6.8535   3.246708    32.0279       2589     1.7974 0.0000e+00
     42.000     6.8538   3.246604    32.0269       2631     1.8266 0.0000e+00
     41.000     6.8541   3.246539    32.0264       2670     1.8536 0.0000e+00
     40.000     6.8543   3.246472    32.0260       2692     1.8685 0.0000e+00
     39.000     6.8543   3.246433    32.0260       2710     1.8816 0.0000e+00
     38.000     6.8541   3.246363    32.0259       2731     1.8958 0.0000e+00
     37.000     6.8542   3.246301    32.0256       2757     1.9136 0.0000e+00
     36.000     6.8546   3.246237    32.0250       2786     1.9342 0.0000e+00
     35.000     6.8550   3.246175    32.0244       2815     1.9544 0.0000e+00
     34.000     6.8550   3.246112    32.0242       2845     1.9752 0.0000e+00
     33.000     6.8555   3.246053    32.0235       2876     1.9964 0.0000e+00
     32.000     6.8557   3.245984    32.0231       2901     2.0138 0.0000e+00
     31.000     6.8558   3.245945    32.0231       2920     2.0273 0.0000e+00
     30.000     6.8553   3.245918    32.0237       2938     2.0395 0.0000e+00
     29.000     6.8551   3.245889    32.0240       2955     2.0516 0.0000e+00
     28.000     6.8551   3.245826    32.0238       2976     2.0661 0.0000e+00
     27.000     6.8551   3.245756    32.0235       3017     2.0947 0.0000e+00
     26.000     6.8550   3.245714    32.0237       3065     2.1279 0.0000e+00
     25.000     6.8548   3.245681    32.0239       3088     2.1437 0.0000e+00
     24.000     6.8548   3.245610    32.0236       3107     2.1570 0.0000e+00
     23.000     6.8548   3.245494    32.0228       3126     2.1702 0.0000e+00
     22.000     6.8549   3.245395    32.0221       3147     2.1847 0.0000e+00
     21.000     6.8546   3.245431    32.0233       3169     2.2000 0.0000e+00
     20.000     6.8545   3.245414    32.0237       3192     2.2157 0.0000e+00
     19.000     6.8540   3.245385    32.0243       3215     2.2320 0.0000e+00
     18.000     6.8537   3.245349    32.0247       3247     2.2538 0.0000e+00
     17.000     6.8541   3.245241    32.0236       3295     2.2876 0.0000e+00
     16.000     6.8552   3.245035    32.0207       3325     2.3081 0.0000e+00
     15.000     6.8558   3.245016    32.0205       3345     2.3219 0.0000e+00
     14.000     6.8560   3.244959    32.0202       3362     2.3337 0.0000e+00
     13.000     6.8550   3.244996    32.0219       3379     2.3455 0.0000e+00
     12.000     6.8559   3.244927    32.0208       3396     2.3579 0.0000e+00
     11.000     6.8560   3.244792    32.0198       3418     2.3726 0.0000e+00
     10.000     6.8550   3.244578    32.0188       3445     2.3917 0.0000e+00
      9.000     6.8547   3.244433    32.0180       3479     2.4150 0.0000e+00
      8.000     6.8552   3.244376    32.0173       3514     2.4399 0.0000e+00
      7.000     6.8555   3.244175    32.0153       3548     2.4629 0.0000e+00
      6.000     6.8566   3.244154    32.0146       3570     2.4784 0.0000e+00
      5.000     6.8602   3.243963    32.0096       3588     2.4908 0.0000e+00
      4.000     6.8599   3.243822    32.0088       3605     2.5031 0.0000e+00
      3.000     6.8605   3.243786    32.0084       3882     2.6949 0.0000e+00
      2.000     6.8568   3.243643    32.0107       4056     2.8161 0.0000e+00
      1.000     6.8551   3.243564    32.0119       4086     2.8366 0.0000e+00
