HB2402/ctd224.cnv
* Sea-Bird SBE 9 Data File:
* FileName = C:\cruise\data\ctd224.hex
* Software Version Seasave V 7.26.7.121
* Temperature SN = 5253
* Conductivity SN = 4421
* Number of Bytes Per Scan = 37
* Number of Voltage Words = 4
* Number of Scans Averaged by the Deck Unit = 1
* NMEA Latitude = 43 41.78 N
* NMEA Longitude = 068 32.92 W
* NMEA UTC (Time) = May 08 2024 05:34:27
* NMEA baud rate = 4800
** Ship: Bigelow HB2402
** Program:  Spring Bottom Trawl Survey
** Chief Scientist: John Galbraith
# nquan = 7
# nvalues = 291                         
# units = specified
# name 0 = depSM: Depth [salt water, m]
# name 1 = t090C: Temperature [ITS-90, deg C]
# name 2 = c0S/m: Conductivity [S/m]
# name 3 = sal00: Salinity, Practical [PSU]
# name 4 = scan: Scan Count
# name 5 = timeM: Time, Elapsed [minutes]
# name 6 = flag: flag
# span 0 =      2.000,    148.000       
# span 1 =     5.2477,     7.0951       
# span 2 =   3.103917,   3.292662       
# span 3 =    31.5641,    32.9974       
# span 4 =        190,       9352       
# span 5 =     0.1312,     6.4940       
# span 6 = 0.0000e+00, 0.0000e+00       
# interval = meters: 1                  
# start_time = May 08 2024 05:34:27 [NMEA time, header]
# bad_flag = -9.990e-29
*END*
[from data line 206]
     86.000     5.2811   3.140090    32.3089       6454     4.4813 0.0000e+00
     85.000     5.3000   3.140961    32.3011       6476     4.4968 0.0000e+00
     84.000     5.3223   3.142048    32.2924       6499     4.5126 0.0000e+00
     83.000     5.3532   3.143749    32.2825       6524     4.5296 0.0000e+00
     82.000     5.3720   3.144959    32.2787       6550     4.5483 0.0000e+00
     81.000     5.4194   3.147414    32.2614       6577     4.5666 0.0000e+00
     80.000     5.4305   3.147438    32.2515       6603     4.5850 0.0000e+00
     79.000     5.4263   3.146269    32.2428       6633     4.6057 0.0000e+00
     78.000     5.4170   3.143154    32.2169       6664     4.6272 0.0000e+00
     77.000     5.4016   3.140397    32.2009       6690     4.6450 0.0000e+00
     76.000     5.3773   3.135728    32.1716       6712     4.6604 0.0000e+00
     75.000     5.3674   3.133675    32.1584       6734     4.6756 0.0000e+00
     74.000     5.3510   3.129718    32.1296       6759     4.6933 0.0000e+00
     73.000     5.3428   3.126819    32.1050       6787     4.7128 0.0000e+00
     72.000     5.3471   3.126587    32.0988       6814     4.7309 0.0000e+00
     71.000     5.3449   3.125706    32.0914       6838     4.7476 0.0000e+00
     70.000     5.3511   3.124793    32.0755       6862     4.7643 0.0000e+00
     69.000     5.3536   3.124198    32.0668       6888     4.7825 0.0000e+00
     68.000     5.3586   3.123607    32.0559       6916     4.8022 0.0000e+00
     67.000     5.3667   3.122442    32.0354       6945     4.8224 0.0000e+00
     66.000     5.3691   3.121752    32.0258       6972     4.8409 0.0000e+00
     65.000     5.3706   3.121302    32.0197       6997     4.8585 0.0000e+00
     64.000     5.3712   3.121087    32.0172       7023     4.8761 0.0000e+00
     63.000     5.3719   3.120816    32.0140       7048     4.8936 0.0000e+00
     62.000     5.3722   3.120658    32.0124       7073     4.9108 0.0000e+00
     61.000     5.3724   3.120503    32.0109       7097     4.9275 0.0000e+00
     60.000     5.3723   3.120374    32.0100       7121     4.9444 0.0000e+00
     59.000     5.3717   3.120126    32.0083       7147     4.9626 0.0000e+00
     58.000     5.3705   3.119716    32.0053       7175     4.9822 0.0000e+00
     57.000     5.3695   3.119379    32.0029       7202     5.0009 0.0000e+00
     56.000     5.3688   3.119196    32.0019       7228     5.0185 0.0000e+00
     55.000     5.3673   3.118922    32.0007       7252     5.0357 0.0000e+00
     54.000     5.3625   3.118189    31.9975       7279     5.0540 0.0000e+00
     53.000     5.3609   3.117744    31.9945       7306     5.0732 0.0000e+00
     52.000     5.3527   3.115404    31.9762       7334     5.0922 0.0000e+00
     51.000     5.3467   3.113379    31.9595       7359     5.1095 0.0000e+00
     50.000     5.3473   3.112743    31.9522       7383     5.1266 0.0000e+00
     49.000     5.3499   3.112175    31.9437       7407     5.1430 0.0000e+00
     48.000     5.3519   3.111551    31.9353       7431     5.1599 0.0000e+00
     47.000     5.3513   3.111019    31.9303       7456     5.1774 0.0000e+00
     46.000     5.3506   3.110482    31.9253       7485     5.1970 0.0000e+00
     45.000     5.3480   3.109422    31.9162       7514     5.2175 0.0000e+00
     44.000     5.3455   3.108742    31.9114       7541     5.2360 0.0000e+00
     43.000     5.3439   3.107787    31.9026       7565     5.2529 0.0000e+00
     42.000     5.3460   3.106772    31.8896       7589     5.2695 0.0000e+00
     41.000     5.3479   3.106596    31.8862       7615     5.2872 0.0000e+00
     40.000     5.3543   3.105907    31.8728       7641     5.3058 0.0000e+00
     39.000     5.3657   3.105354    31.8562       7668     5.3246 0.0000e+00
     38.000     5.3746   3.104847    31.8425       7694     5.3425 0.0000e+00
     37.000     5.3777   3.104690    31.8382       7718     5.3593 0.0000e+00
     36.000     5.3852   3.104492    31.8293       7743     5.3764 0.0000e+00
     35.000     5.3951   3.104440    31.8198       7770     5.3950 0.0000e+00
     34.000     5.4130   3.104190    31.8005       7798     5.4144 0.0000e+00
     33.000     5.4181   3.103962    31.7936       7824     5.4327 0.0000e+00
     32.000     5.4202   3.103917    31.7916       7849     5.4500 0.0000e+00
     31.000     5.4256   3.104031    31.7882       7874     5.4675 0.0000e+00
     30.000     5.4296   3.104120    31.7860       7900     5.4857 0.0000e+00
     29.000     5.4377   3.104246    31.7802       7926     5.5037 0.0000e+00
     28.000     5.4560   3.104675    31.7682       7952     5.5216 0.0000e+00
     27.000     5.4763   3.105681    31.7609       7978     5.5399 0.0000e+00
     26.000     5.5079   3.107614    31.7533       8005     5.5582 0.0000e+00
     25.000     5.5276   3.109044    31.7514       8030     5.5756 0.0000e+00
     24.000     5.5552   3.110584    31.7432       8054     5.5920 0.0000e+00
     23.000     5.5801   3.111592    31.7315       8078     5.6090 0.0000e+00
     22.000     5.6213   3.114545    31.7265       8106     5.6283 0.0000e+00
     21.000     5.6796   3.118041    31.7114       8136     5.6496 0.0000e+00
     20.000     5.7307   3.120873    31.6957       8163     5.6682 0.0000e+00
     19.000     5.7464   3.121604    31.6896       8186     5.6842 0.0000e+00
     18.000     5.7373   3.120586    31.6872       8209     5.6999 0.0000e+00
     17.000     5.7358   3.120060    31.6832       8234     5.7176 0.0000e+00
     16.000     5.7298   3.118507    31.6719       8263     5.7372 0.0000e+00
     15.000     5.7490   3.118804    31.6577       8289     5.7555 0.0000e+00
     14.000     5.8023   3.121886    31.6427       8313     5.7721 0.0000e+00
     13.000     5.8062   3.122617    31.6477       8336     5.7882 0.0000e+00
     12.000     5.8747   3.127148    31.6348       8361     5.8053 0.0000e+00
     11.000     5.9492   3.132506    31.6255       8388     5.8240 0.0000e+00
     10.000     5.9931   3.136112    31.6252       8415     5.8432 0.0000e+00
      9.000     6.0998   3.144274    31.6171       8442     5.8615 0.0000e+00
      8.000     6.1087   3.145174    31.6193       8467     5.8792 0.0000e+00
      7.000     6.2424   3.155260    31.6073       8492     5.8966 0.0000e+00
      6.000     6.7489   3.196861    31.5969       8828     6.1295 0.0000e+00
      5.000     6.9637   3.214437    31.5918       9311     6.4654 0.0000e+00
      4.000     7.0393   3.219987    31.5832       9297     6.4555 0.0000e+00
      3.000     7.0916   3.224828    31.5883       9323     6.4739 0.0000e+00
      2.000     7.0951   3.225276    31.5904       9352     6.4940 0.0000e+00
