HB2402/ctd201.cnv
* Sea-Bird SBE 9 Data File:
* FileName = C:\cruise\data\ctd201.hex
* Software Version Seasave V 7.26.7.121
* Temperature SN = 5253
* Conductivity SN = 4421
* Number of Bytes Per Scan = 37
* Number of Voltage Words = 4
* Number of Scans Averaged by the Deck Unit = 1
* NMEA Latitude = 42 49.21 N
* NMEA Longitude = 068 39.26 W
* NMEA UTC (Time) = May 04 2024 07:50:17
* NMEA baud rate = 4800
** Ship: Bigelow HB2402
** Program:  Spring Bottom Trawl Survey
** Chief Scientist: John Galbraith
# nquan = 7
# nvalues = 398                         
# units = specified
# name 0 = depSM: Depth [salt water, m]
# name 1 = t090C: Temperature [ITS-90, deg C]
# name 2 = c0S/m: Conductivity [S/m]
# name 3 = sal00: Salinity, Practical [PSU]
# name 4 = scan: Scan Count
# name 5 = timeM: Time, Elapsed [minutes]
# name 6 = flag: flag
# span 0 =      1.000,    201.000       
# span 1 =     4.9930,     8.0272       
# span 2 =   3.085653,   3.526139       
# span 3 =    31.3976,    34.0936       
# span 4 =        129,      13921       
# span 5 =     0.0888,     9.6665       
# span 6 = 0.0000e+00, 0.0000e+00       
# interval = meters: 1                  
# start_time = May 04 2024 07:50:17 [NMEA time, header]
# bad_flag = -9.990e-29
*END*
      4.000     8.0187   3.287227    31.4159        129     0.0888 0.0000e+00
      5.000     8.0222   3.287490    31.4150        290     0.2006 0.0000e+00
      6.000     8.0220   3.287535    31.4153        304     0.2102 0.0000e+00
      7.000     8.0220   3.287611    31.4157        324     0.2244 0.0000e+00
      8.000     8.0212   3.287620    31.4160        347     0.2401 0.0000e+00
      9.000     8.0209   3.287652    31.4162        380     0.2634 0.0000e+00
     10.000     7.9935   3.286767    31.4309        416     0.2884 0.0000e+00
     11.000     7.9863   3.286302    31.4320        437     0.3031 0.0000e+00
     12.000     7.9848   3.286283    31.4327        457     0.3169 0.0000e+00
     13.000     7.6107   3.263814    31.5307        513     0.3555 0.0000e+00
     14.000     7.8499   3.277766    31.4628        650     0.4508 0.0000e+00
     15.000     7.2061   3.235171    31.5899        668     0.4634 0.0000e+00
     16.000     7.0085   3.219514    31.6007        700     0.4855 0.0000e+00
     17.000     6.8276   3.204653    31.6046        743     0.5150 0.0000e+00
     18.000     6.6540   3.190657    31.6110        769     0.5332 0.0000e+00
     19.000     6.5179   3.179589    31.6148        790     0.5478 0.0000e+00
     20.000     6.2833   3.160949    31.6261        813     0.5638 0.0000e+00
     21.000     5.9680   3.136034    31.6425        841     0.5836 0.0000e+00
     22.000     5.7300   3.117264    31.6548        880     0.6106 0.0000e+00
     23.000     5.6889   3.115669    31.6750        914     0.6338 0.0000e+00
     24.000     5.7087   3.120295    31.7079        936     0.6495 0.0000e+00
     25.000     5.6612   3.117084    31.7160        959     0.6654 0.0000e+00
     26.000     5.6151   3.114636    31.7314        987     0.6849 0.0000e+00
     27.000     5.5640   3.111119    31.7395       1021     0.7085 0.0000e+00
     28.000     5.5312   3.109005    31.7460       1051     0.7292 0.0000e+00
     29.000     5.5990   3.118350    31.7870       1075     0.7459 0.0000e+00
     30.000     5.5889   3.119167    31.8053       1099     0.7626 0.0000e+00
     31.000     5.5546   3.116909    31.8117       1135     0.7874 0.0000e+00
     32.000     5.5286   3.115209    31.8167       1172     0.8131 0.0000e+00
     33.000     5.5296   3.115580    31.8195       1193     0.8276 0.0000e+00
     34.000     5.5306   3.115855    31.8211       1213     0.8420 0.0000e+00
     35.000     5.5313   3.116006    31.8216       1242     0.8618 0.0000e+00
     36.000     5.5329   3.116148    31.8213       1282     0.8899 0.0000e+00
     37.000     5.5185   3.115372    31.8256       1308     0.9080 0.0000e+00
     38.000     5.4523   3.111720    31.8466       1332     0.9244 0.0000e+00
     39.000     5.3897   3.108210    31.8658       1365     0.9471 0.0000e+00
     40.000     5.3444   3.105568    31.8784       1403     0.9737 0.0000e+00
     41.000     5.3039   3.102848    31.8855       1428     0.9910 0.0000e+00
     42.000     5.1358   3.093400    31.9378       1451     1.0068 0.0000e+00
     43.000     5.0865   3.091111    31.9583       1481     1.0278 0.0000e+00
     44.000     5.0650   3.089893    31.9645       1521     1.0558 0.0000e+00
     45.000     5.0242   3.087578    31.9766       1549     1.0747 0.0000e+00
     46.000     5.0089   3.087283    31.9875       1570     1.0895 0.0000e+00
     47.000     4.9995   3.087879    32.0028       1595     1.1069 0.0000e+00
     48.000     4.9930   3.088081    32.0109       1639     1.1373 0.0000e+00
     49.000     4.9945   3.088436    32.0130       1673     1.1610 0.0000e+00
     50.000     5.0011   3.090416    32.0289       1695     1.1765 0.0000e+00
     51.000     5.0107   3.092060    32.0380       1722     1.1951 0.0000e+00
     52.000     5.0151   3.092778    32.0415       1761     1.2219 0.0000e+00
     53.000     5.0214   3.093958    32.0485       1791     1.2430 0.0000e+00
     54.000     5.0551   3.099778    32.0822       1812     1.2579 0.0000e+00
     55.000     5.0735   3.104129    32.1138       1838     1.2756 0.0000e+00
     56.000     5.0775   3.106088    32.1319       1883     1.3072 0.0000e+00
     57.000     5.0810   3.107818    32.1478       1919     1.3317 0.0000e+00
     58.000     5.0895   3.109357    32.1567       1941     1.3473 0.0000e+00
     59.000     5.0946   3.110180    32.1608       1966     1.3644 0.0000e+00
     60.000     5.0960   3.110538    32.1630       2006     1.3921 0.0000e+00
     61.000     5.0970   3.110915    32.1659       2042     1.4176 0.0000e+00
     62.000     5.1016   3.111660    32.1695       2065     1.4331 0.0000e+00
     63.000     5.1094   3.113032    32.1771       2091     1.4512 0.0000e+00
     64.000     5.1292   3.116256    32.1944       2136     1.4825 0.0000e+00
     65.000     5.1416   3.118176    32.2039       2168     1.5049 0.0000e+00
     66.000     5.1413   3.118196    32.2040       2190     1.5199 0.0000e+00
     67.000     5.1413   3.118255    32.2040       2212     1.5355 0.0000e+00
     68.000     5.1424   3.118517    32.2055       2250     1.5617 0.0000e+00
     69.000     5.1442   3.118807    32.2066       2305     1.5998 0.0000e+00
     70.000     5.1480   3.119387    32.2091       2329     1.6166 0.0000e+00
     71.000     5.1516   3.119959    32.2116       2350     1.6310 0.0000e+00
     72.000     5.1566   3.120756    32.2154       2377     1.6503 0.0000e+00
     73.000     5.1683   3.122656    32.2254       2422     1.6812 0.0000e+00
     74.000     5.2043   3.128413    32.2558       2452     1.7021 0.0000e+00
     75.000     5.3729   3.152055    32.3619       2478     1.7201 0.0000e+00
     76.000     5.4652   3.163450    32.4018       2522     1.7506 0.0000e+00
     77.000     5.4878   3.166665    32.4159       2559     1.7765 0.0000e+00
     78.000     5.5111   3.170610    32.4376       2585     1.7943 0.0000e+00
     79.000     5.5385   3.175535    32.4664       2618     1.8173 0.0000e+00
     80.000     5.5755   3.181158    32.4939       2661     1.8472 0.0000e+00
     81.000     5.5630   3.180353    32.4963       2691     1.8682 0.0000e+00
     82.000     5.5528   3.180974    32.5126       2720     1.8883 0.0000e+00
     83.000     5.5697   3.183902    32.5290       2752     1.9107 0.0000e+00
     84.000     5.6012   3.189309    32.5592       2793     1.9390 0.0000e+00
     85.000     5.7152   3.205470    32.6309       2838     1.9700 0.0000e+00
     86.000     5.7375   3.208258    32.6402       2867     1.9903 0.0000e+00
     87.000     5.7487   3.210005    32.6486       2894     2.0089 0.0000e+00
     88.000     5.7520   3.210582    32.6515       2943     2.0428 0.0000e+00
     89.000     5.7716   3.213805    32.6683       2977     2.0664 0.0000e+00
     90.000     5.8376   3.223449    32.7124       3000     2.0826 0.0000e+00
     91.000     5.8876   3.230586    32.7438       3035     2.1066 0.0000e+00
     92.000     5.9108   3.233907    32.7580       3076     2.1357 0.0000e+00
     93.000     5.9320   3.236901    32.7706       3107     2.1567 0.0000e+00
     94.000     5.9522   3.239731    32.7823       3135     2.1767 0.0000e+00
     95.000     6.0067   3.247034    32.8110       3167     2.1989 0.0000e+00
     96.000     6.0948   3.257780    32.8453       3206     2.2255 0.0000e+00
     97.000     6.1148   3.260261    32.8532       3249     2.2554 0.0000e+00
     98.000     6.1532   3.265077    32.8693       3277     2.2753 0.0000e+00
     99.000     6.2112   3.272249    32.8928       3304     2.2937 0.0000e+00
    100.000     6.2311   3.274461    32.8976       3336     2.3159 0.0000e+00
    101.000     6.2490   3.276781    32.9057       3372     2.3407 0.0000e+00
    102.000     6.3053   3.283945    32.9305       3404     2.3634 0.0000e+00
    103.000     6.4389   3.300845    32.9885       3442     2.3892 0.0000e+00
    104.000     6.5091   3.310307    33.0249       3477     2.4139 0.0000e+00
    105.000     6.5313   3.314221    33.0462       3508     2.4356 0.0000e+00
    106.000     6.6177   3.324381    33.0745       3542     2.4592 0.0000e+00
    107.000     6.7271   3.338917    33.1286       3579     2.4847 0.0000e+00
    108.000     6.8045   3.349743    33.1724       3607     2.5039 0.0000e+00
    109.000     6.8222   3.352971    33.1902       3632     2.5215 0.0000e+00
    110.000     6.8563   3.359334    33.2267       3661     2.5420 0.0000e+00
    111.000     6.9019   3.364804    33.2422       3708     2.5741 0.0000e+00
    112.000     6.9465   3.370877    33.2651       3748     2.6019 0.0000e+00
    113.000     6.9864   3.376476    33.2873       3773     2.6194 0.0000e+00
    114.000     7.0789   3.390127    33.3467       3799     2.6374 0.0000e+00
    115.000     7.1816   3.404774    33.4066       3836     2.6633 0.0000e+00
    116.000     7.1795   3.404874    33.4093       3871     2.6877 0.0000e+00
    117.000     7.1880   3.408020    33.4349       3897     2.7055 0.0000e+00
    118.000     7.2231   3.413954    33.4650       3932     2.7298 0.0000e+00
    119.000     7.2387   3.416753    33.4800       3980     2.7630 0.0000e+00
    120.000     7.2486   3.418660    33.4906       4008     2.7828 0.0000e+00
    121.000     7.2524   3.419566    33.4963       4033     2.8002 0.0000e+00
    122.000     7.2562   3.420284    33.5000       4060     2.8186 0.0000e+00
    123.000     7.2681   3.422224    33.5090       4102     2.8477 0.0000e+00
    124.000     7.2692   3.424393    33.5311       4148     2.8800 0.0000e+00
    125.000     7.2576   3.425200    33.5506       4172     2.8962 0.0000e+00
    126.000     7.2803   3.429864    33.5788       4193     2.9113 0.0000e+00
    127.000     7.3036   3.433880    33.5994       4219     2.9292 0.0000e+00
    128.000     7.3174   3.436585    33.6149       4268     2.9631 0.0000e+00
    129.000     7.3241   3.437637    33.6193       4305     2.9890 0.0000e+00
    130.000     7.3271   3.438105    33.6210       4327     3.0039 0.0000e+00
    131.000     7.3318   3.438746    33.6230       4350     3.0204 0.0000e+00
    132.000     7.3345   3.439069    33.6234       4394     3.0507 0.0000e+00
    133.000     7.3370   3.439433    33.6244       4432     3.0773 0.0000e+00
    134.000     7.3651   3.442773    33.6329       4455     3.0929 0.0000e+00
    135.000     7.3930   3.446226    33.6428       4481     3.1110 0.0000e+00
    136.000     7.4294   3.450934    33.6581       4511     3.1319 0.0000e+00
    137.000     7.5777   3.469495    33.7145       4543     3.1543 0.0000e+00
    138.000     7.5999   3.473102    33.7315       4578     3.1788 0.0000e+00
    139.000     7.6232   3.477210    33.7527       4613     3.2025 0.0000e+00
    140.000     7.6221   3.477277    33.7541       4643     3.2236 0.0000e+00
    141.000     7.6321   3.479800    33.7711       4673     3.2443 0.0000e+00
    142.000     7.6836   3.488402    33.8134       4707     3.2680 0.0000e+00
    143.000     7.6984   3.490510    33.8212       4737     3.2891 0.0000e+00
    144.000     7.7006   3.491165    33.8257       4762     3.3065 0.0000e+00
    145.000     7.6988   3.491272    33.8281       4791     3.3264 0.0000e+00
    146.000     7.6984   3.491432    33.8297       4826     3.3507 0.0000e+00
    147.000     7.6984   3.491928    33.8345       4862     3.3759 0.0000e+00
    148.000     7.7114   3.495436    33.8592       4895     3.3985 0.0000e+00
    149.000     7.7124   3.498794    33.8939       4919     3.4151 0.0000e+00
    150.000     7.7156   3.500366    33.9073       4943     3.4316 0.0000e+00
    151.000     7.7158   3.501219    33.9158       4977     3.4556 0.0000e+00
    152.000     7.7158   3.501534    33.9187       5016     3.4824 0.0000e+00
    153.000     7.7156   3.501709    33.9203       5041     3.4998 0.0000e+00
    154.000     7.7161   3.502062    33.9231       5066     3.5170 0.0000e+00
    155.000     7.7164   3.502273    33.9246       5098     3.5394 0.0000e+00
    156.000     7.7149   3.502757    33.9308       5133     3.5641 0.0000e+00
    157.000     7.7133   3.503417    33.9390       5164     3.5852 0.0000e+00
    158.000     7.7110   3.503560    33.9424       5195     3.6067 0.0000e+00
    159.000     7.7090   3.503572    33.9439       5224     3.6271 0.0000e+00
    160.000     7.7044   3.503320    33.9452       5249     3.6442 0.0000e+00
    161.000     7.7010   3.503319    33.9480       5273     3.6608 0.0000e+00
    162.000     7.7037   3.504053    33.9528       5305     3.6836 0.0000e+00
    163.000     7.7062   3.504981    33.9598       5342     3.7088 0.0000e+00
    164.000     7.7139   3.507952    33.9839       5371     3.7292 0.0000e+00
    165.000     7.7242   3.510371    33.9994       5398     3.7481 0.0000e+00
    166.000     7.7225   3.511210    34.0097       5426     3.7670 0.0000e+00
    167.000     7.7212   3.511390    34.0123       5454     3.7866 0.0000e+00
    168.000     7.7186   3.511686    34.0176       5483     3.8069 0.0000e+00
    169.000     7.7223   3.512989    34.0275       5510     3.8256 0.0000e+00
    170.000     7.7258   3.513905    34.0335       5536     3.8438 0.0000e+00
    171.000     7.7316   3.515034    34.0395       5569     3.8664 0.0000e+00
    172.000     7.7345   3.515482    34.0411       5603     3.8904 0.0000e+00
    173.000     7.7388   3.516293    34.0451       5626     3.9061 0.0000e+00
    174.000     7.7400   3.516842    34.0494       5646     3.9204 0.0000e+00
    175.000     7.7449   3.517844    34.0548       5672     3.9383 0.0000e+00
    176.000     7.7595   3.520200    34.0654       5706     3.9615 0.0000e+00
    177.000     7.7629   3.520821    34.0684       5736     3.9824 0.0000e+00
    178.000     7.7765   3.522859    34.0765       5759     3.9984 0.0000e+00
    179.000     7.7803   3.523446    34.0787       5782     4.0147 0.0000e+00
    180.000     7.7819   3.523736    34.0797       5811     4.0344 0.0000e+00
    181.000     7.7852   3.524519    34.0844       5838     4.0535 0.0000e+00
    182.000     7.7891   3.525469    34.0903       5862     4.0699 0.0000e+00
    183.000     7.7892   3.525578    34.0909       5886     4.0869 0.0000e+00
    184.000     7.7887   3.525631    34.0915       5917     4.1083 0.0000e+00
    185.000     7.7884   3.525683    34.0919       5948     4.1296 0.0000e+00
    186.000     7.7879   3.525726    34.0924       5970     4.1448 0.0000e+00
    187.000     7.7871   3.525742    34.0929       5991     4.1596 0.0000e+00
    188.000     7.7872   3.525788    34.0927       6017     4.1776 0.0000e+00
    189.000     7.7873   3.525853    34.0929       6048     4.1992 0.0000e+00
    190.000     7.7867   3.525868    34.0931       6076     4.2184 0.0000e+00
    191.000     7.7867   3.525900    34.0930       6101     4.2364 0.0000e+00
    192.000     7.7862   3.525913    34.0931       6128     4.2547 0.0000e+00
    193.000     7.7858   3.525939    34.0933       6152     4.2718 0.0000e+00
    194.000     7.7863   3.526019    34.0932       6177     4.2888 0.0000e+00
    195.000     7.7866   3.526092    34.0932       6204     4.3075 0.0000e+00
    196.000     7.7867   3.526139    34.0932       6230     4.3255 0.0000e+00
    197.000     7.7852   3.526052    34.0933       6254     4.3421 0.0000e+00
    198.000     7.7857   3.526136    34.0932       6279     4.3598 0.0000e+00
    199.000     7.7838   3.526023    34.0933       6308     4.3800 0.0000e+00
    200.000     7.7839   3.526076    34.0933       6339     4.4011 0.0000e+00
    201.000     7.7836   3.526116    34.0935       6522     4.5283 0.0000e+00
    200.000     7.7836   3.526066    34.0935       6802     4.7226 0.0000e+00
    199.000     7.7843   3.526090    34.0936       7134     4.9533 0.0000e+00
    198.000     7.7848   3.526086    34.0935       7229     5.0193 0.0000e+00
    197.000     7.7857   3.526126    34.0935       7240     5.0271 0.0000e+00
    196.000     7.7862   3.526115    34.0934       7259     5.0404 0.0000e+00
    195.000     7.7860   3.526056    34.0935       7277     5.0531 0.0000e+00
    194.000     7.7862   3.526046    34.0936       7298     5.0677 0.0000e+00
