HB2402/ctd234.cnv
* Sea-Bird SBE 9 Data File:
* FileName = C:\cruise\data\ctd234.hex
* Software Version Seasave V 7.26.7.121
* Temperature SN = 5253
* Conductivity SN = 4421
* Number of Bytes Per Scan = 37
* Number of Voltage Words = 4
* Number of Scans Averaged by the Deck Unit = 1
* NMEA Latitude = 43 10.63 N
* NMEA Longitude = 070 05.55 W
* NMEA UTC (Time) = May 10 2024 22:37:12
* NMEA baud rate = 4800
** Ship: Bigelow HB2402
** Program:  Spring Bottom Trawl Survey
** Chief Scientist: John Galbraith
# nquan = 7
# nvalues = 277                         
# units = specified
# name 0 = depSM: Depth [salt water, m]
# name 1 = t090C: Temperature [ITS-90, deg C]
# name 2 = c0S/m: Conductivity [S/m]
# name 3 = sal00: Salinity, Practical [PSU]
# name 4 = scan: Scan Count
# name 5 = timeM: Time, Elapsed [minutes]
# name 6 = flag: flag
# span 0 =      1.000,    140.000       
# span 1 =     4.8800,    10.1500       
# span 2 =   3.035383,   3.365840       
# span 3 =    30.0337,    33.0304       
# span 4 =        180,       8528       
# span 5 =     0.1245,     5.9214       
# span 6 = 0.0000e+00, 0.0000e+00       
# interval = meters: 1                  
# start_time = May 10 2024 22:37:12 [NMEA time, header]
# bad_flag = -9.990e-29
*END*
      3.000    10.1451   3.331104    30.0337        180     0.1245 0.0000e+00
      4.000    10.1352   3.336047    30.0908        317     0.2194 0.0000e+00
      5.000    10.1383   3.336523    30.0926        341     0.2364 0.0000e+00
      6.000    10.1273   3.336783    30.1039        370     0.2560 0.0000e+00
      7.000    10.1478   3.336742    30.0861        396     0.2741 0.0000e+00
      8.000    10.1500   3.337527    30.0917        421     0.2915 0.0000e+00
      9.000    10.0238   3.334643    30.1675        447     0.3096 0.0000e+00
     10.000     9.8874   3.325105    30.1852        473     0.3280 0.0000e+00
     11.000     9.8247   3.320475    30.1906        501     0.3475 0.0000e+00
     12.000     9.7709   3.317188    30.2021        528     0.3657 0.0000e+00
     13.000     9.6667   3.310649    30.2231        552     0.3826 0.0000e+00
     14.000     9.5514   3.303180    30.2440        576     0.3996 0.0000e+00
     15.000     9.4183   3.294172    30.2643        603     0.4182 0.0000e+00
     16.000     9.1978   3.279364    30.2996        632     0.4380 0.0000e+00
     17.000     8.8357   3.254855    30.3557        658     0.4564 0.0000e+00
     18.000     7.7624   3.186430    30.5681        683     0.4737 0.0000e+00
     19.000     7.5650   3.173743    30.6060        708     0.4911 0.0000e+00
     20.000     7.2703   3.157209    30.6890        738     0.5115 0.0000e+00
     21.000     6.6998   3.124706    30.8462        769     0.5331 0.0000e+00
     22.000     6.1487   3.093204    30.9988        797     0.5526 0.0000e+00
     23.000     5.9423   3.080499    31.0459        822     0.5701 0.0000e+00
     24.000     5.7943   3.071993    31.0865        846     0.5869 0.0000e+00
     25.000     5.6995   3.066332    31.1100        871     0.6044 0.0000e+00
     26.000     5.5114   3.056770    31.1761        898     0.6231 0.0000e+00
     27.000     5.3209   3.049301    31.2685        928     0.6435 0.0000e+00
     28.000     5.2773   3.046625    31.2783        957     0.6636 0.0000e+00
     29.000     5.2554   3.045084    31.2808        983     0.6817 0.0000e+00
     30.000     5.2227   3.043652    31.2946       1007     0.6986 0.0000e+00
     31.000     5.1825   3.042359    31.3171       1033     0.7166 0.0000e+00
     32.000     5.1560   3.042877    31.3474       1063     0.7374 0.0000e+00
     33.000     5.1097   3.041464    31.3743       1093     0.7585 0.0000e+00
     34.000     5.0631   3.039667    31.3971       1120     0.7768 0.0000e+00
     35.000     4.9983   3.037312    31.4309       1143     0.7930 0.0000e+00
     36.000     4.9572   3.036186    31.4562       1166     0.8094 0.0000e+00
     37.000     4.9321   3.035886    31.4761       1193     0.8279 0.0000e+00
     38.000     4.9458   3.038359    31.4910       1225     0.8497 0.0000e+00
     39.000     4.9427   3.039094    31.5018       1254     0.8704 0.0000e+00
     40.000     4.9394   3.039885    31.5135       1279     0.8878 0.0000e+00
     41.000     4.9397   3.040277    31.5172       1303     0.9042 0.0000e+00
     42.000     4.9476   3.041485    31.5231       1328     0.9216 0.0000e+00
     43.000     4.9527   3.042322    31.5273       1357     0.9414 0.0000e+00
     44.000     4.9534   3.043690    31.5419       1387     0.9623 0.0000e+00
     45.000     4.9136   3.040952    31.5477       1414     0.9816 0.0000e+00
     46.000     4.8930   3.040473    31.5613       1439     0.9985 0.0000e+00
     47.000     4.8800   3.040893    31.5779       1462     1.0148 0.0000e+00
     48.000     4.8817   3.041525    31.5831       1488     1.0327 0.0000e+00
     49.000     4.8816   3.041549    31.5830       1516     1.0524 0.0000e+00
     50.000     4.8818   3.041648    31.5834       1547     1.0734 0.0000e+00
     51.000     4.8829   3.042120    31.5873       1575     1.0931 0.0000e+00
     52.000     4.8865   3.043030    31.5938       1600     1.1107 0.0000e+00
     53.000     4.8904   3.043971    31.6005       1625     1.1275 0.0000e+00
     54.000     4.8965   3.045618    31.6130       1650     1.1452 0.0000e+00
     55.000     4.9093   3.048814    31.6370       1681     1.1664 0.0000e+00
     56.000     4.9151   3.050577    31.6512       1711     1.1876 0.0000e+00
     57.000     4.9337   3.053966    31.6719       1738     1.2060 0.0000e+00
     58.000     4.9479   3.056271    31.6843       1761     1.2226 0.0000e+00
     59.000     4.9613   3.059141    31.7040       1785     1.2392 0.0000e+00
     60.000     4.9778   3.062534    31.7266       1811     1.2571 0.0000e+00
     61.000     4.9794   3.064997    31.7529       1838     1.2759 0.0000e+00
     62.000     5.0037   3.069120    31.7764       1865     1.2943 0.0000e+00
     63.000     5.0133   3.070913    31.7873       1892     1.3132 0.0000e+00
     64.000     5.0320   3.074082    31.8053       1922     1.3339 0.0000e+00
     65.000     5.0460   3.076559    31.8197       1953     1.3557 0.0000e+00
     66.000     5.0618   3.078480    31.8261       1981     1.3747 0.0000e+00
     67.000     5.0805   3.080597    31.8320       2004     1.3912 0.0000e+00
     68.000     5.0780   3.081304    31.8419       2027     1.4069 0.0000e+00
     69.000     5.1031   3.085510    31.8656       2052     1.4244 0.0000e+00
     70.000     5.1266   3.088747    31.8796       2082     1.4449 0.0000e+00
     71.000     5.1366   3.090892    31.8941       2111     1.4655 0.0000e+00
     72.000     5.1368   3.091337    31.8985       2137     1.4836 0.0000e+00
     73.000     5.1522   3.094296    31.9170       2162     1.5009 0.0000e+00
     74.000     5.1948   3.099588    31.9362       2189     1.5192 0.0000e+00
     75.000     5.2372   3.104782    31.9543       2215     1.5373 0.0000e+00
     76.000     5.2801   3.109887    31.9710       2242     1.5561 0.0000e+00
     77.000     5.3187   3.114605    31.9873       2270     1.5760 0.0000e+00
     78.000     5.3444   3.117846    31.9991       2299     1.5960 0.0000e+00
     79.000     5.3544   3.119292    32.0055       2326     1.6146 0.0000e+00
     80.000     5.3607   3.120275    32.0101       2351     1.6321 0.0000e+00
     81.000     5.3664   3.121121    32.0138       2377     1.6503 0.0000e+00
     82.000     5.3706   3.121801    32.0170       2404     1.6687 0.0000e+00
     83.000     5.3820   3.123457    32.0244       2430     1.6868 0.0000e+00
     84.000     5.4015   3.126141    32.0357       2457     1.7059 0.0000e+00
     85.000     5.4165   3.128179    32.0441       2485     1.7249 0.0000e+00
     86.000     5.4353   3.130876    32.0562       2511     1.7432 0.0000e+00
     87.000     5.4435   3.132261    32.0636       2536     1.7607 0.0000e+00
     88.000     5.4700   3.135772    32.0775       2563     1.7790 0.0000e+00
     89.000     5.5152   3.141179    32.0950       2591     1.7987 0.0000e+00
     90.000     5.5384   3.143886    32.1030       2618     1.8176 0.0000e+00
     91.000     5.5707   3.147791    32.1158       2645     1.8360 0.0000e+00
     92.000     5.6111   3.152444    32.1293       2672     1.8545 0.0000e+00
     93.000     5.6262   3.154289    32.1353       2699     1.8734 0.0000e+00
     94.000     5.6645   3.159297    32.1546       2726     1.8927 0.0000e+00
     95.000     5.7038   3.164345    32.1735       2752     1.9102 0.0000e+00
     96.000     5.7733   3.173746    32.2125       2776     1.9273 0.0000e+00
     97.000     5.8156   3.178971    32.2304       2802     1.9451 0.0000e+00
     98.000     5.8398   3.182242    32.2434       2831     1.9654 0.0000e+00
     99.000     5.8523   3.184666    32.2583       2861     1.9862 0.0000e+00
    100.000     5.8605   3.186777    32.2737       2887     2.0042 0.0000e+00
    101.000     5.8750   3.189303    32.2876       2911     2.0208 0.0000e+00
    102.000     5.8891   3.191501    32.2983       2936     2.0383 0.0000e+00
    103.000     5.9018   3.193386    32.3069       2965     2.0581 0.0000e+00
    104.000     5.9178   3.195628    32.3161       2993     2.0776 0.0000e+00
    105.000     5.9453   3.199633    32.3343       3019     2.0957 0.0000e+00
    106.000     5.9840   3.204901    32.3558       3043     2.1128 0.0000e+00
    107.000     6.0618   3.215618    32.4008       3069     2.1304 0.0000e+00
    108.000     6.1367   3.225494    32.4389       3096     2.1495 0.0000e+00
    109.000     6.1802   3.231247    32.4609       3125     2.1698 0.0000e+00
    110.000     6.1986   3.234147    32.4752       3153     2.1890 0.0000e+00
    111.000     6.2138   3.236713    32.4887       3179     2.2071 0.0000e+00
    112.000     6.2636   3.246067    32.5446       3204     2.2242 0.0000e+00
    113.000     6.4110   3.266905    32.6344       3230     2.2426 0.0000e+00
    114.000     6.4467   3.271663    32.6524       3259     2.2625 0.0000e+00
    115.000     6.4597   3.273473    32.6595       3287     2.2819 0.0000e+00
    116.000     6.4665   3.274529    32.6642       3313     2.2997 0.0000e+00
    117.000     6.4660   3.274644    32.6654       3337     2.3168 0.0000e+00
    118.000     6.4761   3.276189    32.6724       3362     2.3337 0.0000e+00
    119.000     6.4883   3.277742    32.6774       3387     2.3514 0.0000e+00
    120.000     6.4848   3.277322    32.6756       3416     2.3715 0.0000e+00
    121.000     6.4815   3.277067    32.6755       3447     2.3931 0.0000e+00
    122.000     6.4877   3.277829    32.6775       3474     2.4121 0.0000e+00
    123.000     6.4985   3.279196    32.6818       3497     2.4279 0.0000e+00
    124.000     6.5103   3.280632    32.6859       3519     2.4431 0.0000e+00
    125.000     6.5130   3.281041    32.6873       3545     2.4610 0.0000e+00
    126.000     6.5102   3.280840    32.6873       3579     2.4845 0.0000e+00
    127.000     6.5080   3.280784    32.6883       3610     2.5065 0.0000e+00
    128.000     6.5097   3.281106    32.6898       3633     2.5223 0.0000e+00
    129.000     6.5066   3.280997    32.6910       3654     2.5366 0.0000e+00
    130.000     6.5127   3.281613    32.6916       3676     2.5519 0.0000e+00
    131.000     6.5114   3.281551    32.6916       3704     2.5717 0.0000e+00
    132.000     6.5167   3.282269    32.6940       3738     2.5950 0.0000e+00
    133.000     6.5233   3.283349    32.6991       3765     2.6139 0.0000e+00
    134.000     6.5569   3.288008    32.7179       3787     2.6292 0.0000e+00
    135.000     6.5929   3.293312    32.7416       3809     2.6444 0.0000e+00
    136.000     6.6416   3.300054    32.7687       3836     2.6629 0.0000e+00
    137.000     6.7973   3.321476    32.8548       3867     2.6849 0.0000e+00
    138.000     7.0187   3.350739    32.9629       3896     2.7050 0.0000e+00
    139.000     7.0760   3.358950    32.9972       3921     2.7220 0.0000e+00
    140.000     7.1193   3.365840    33.0304       4373     3.0358 0.0000e+00
    139.000     7.0877   3.361284    33.0115       4821     3.3471 0.0000e+00
    138.000     7.0568   3.356816    32.9928       4828     3.3521 0.0000e+00
    137.000     7.0213   3.351716    32.9716       4857     3.3722 0.0000e+00
    136.000     6.8836   3.333639    32.9060       4884     3.3908 0.0000e+00
    135.000     6.7503   3.315739    32.8378       4908     3.4073 0.0000e+00
    134.000     6.7090   3.309709    32.8115       4932     3.4242 0.0000e+00
    133.000     6.6763   3.305458    32.7965       4959     3.4431 0.0000e+00
    132.000     6.6476   3.301547    32.7814       4989     3.4638 0.0000e+00
    131.000     6.5614   3.289280    32.7292       5016     3.4823 0.0000e+00
    130.000     6.5351   3.285914    32.7176       5038     3.4980 0.0000e+00
    129.000     6.5112   3.282780    32.7064       5059     3.5123 0.0000e+00
    128.000     6.5018   3.281561    32.7023       5080     3.5273 0.0000e+00
    127.000     6.5048   3.281575    32.7001       5108     3.5467 0.0000e+00
    126.000     6.4897   3.279773    32.6952       5144     3.5717 0.0000e+00
    125.000     6.4758   3.277688    32.6859       5172     3.5913 0.0000e+00
    124.000     6.4670   3.276463    32.6813       5194     3.6062 0.0000e+00
    123.000     6.4634   3.276016    32.6802       5214     3.6202 0.0000e+00
    122.000     6.4626   3.275855    32.6797       5237     3.6359 0.0000e+00
    121.000     6.4603   3.275457    32.6780       5266     3.6562 0.0000e+00
    120.000     6.4590   3.275211    32.6770       5297     3.6777 0.0000e+00
    119.000     6.4478   3.273731    32.6718       5323     3.6956 0.0000e+00
    118.000     6.4413   3.272843    32.6687       5347     3.7125 0.0000e+00
    117.000     6.4403   3.272608    32.6675       5372     3.7299 0.0000e+00
    116.000     6.4364   3.272048    32.6656       5398     3.7480 0.0000e+00
    115.000     6.4330   3.271488    32.6631       5424     3.7661 0.0000e+00
    114.000     6.4284   3.270780    32.6601       5449     3.7836 0.0000e+00
    113.000     6.4184   3.269452    32.6555       5474     3.8006 0.0000e+00
    112.000     6.3970   3.266387    32.6425       5498     3.8176 0.0000e+00
    111.000     6.3688   3.261810    32.6193       5525     3.8359 0.0000e+00
    110.000     6.3063   3.251802    32.5684       5552     3.8549 0.0000e+00
    109.000     6.2700   3.246031    32.5396       5578     3.8732 0.0000e+00
    108.000     6.2162   3.237949    32.5016       5604     3.8911 0.0000e+00
    107.000     6.1927   3.234212    32.4830       5630     3.9093 0.0000e+00
    106.000     6.1481   3.228574    32.4633       5657     3.9279 0.0000e+00
    105.000     6.1171   3.223607    32.4381       5683     3.9461 0.0000e+00
    104.000     6.0410   3.213021    32.3931       5708     3.9629 0.0000e+00
    103.000     5.9751   3.204624    32.3627       5733     3.9803 0.0000e+00
    102.000     5.9484   3.200767    32.3454       5759     3.9985 0.0000e+00
    101.000     5.9285   3.197284    32.3260       5786     4.0174 0.0000e+00
    100.000     5.8968   3.192471    32.3028       5812     4.0351 0.0000e+00
     99.000     5.8970   3.192202    32.3001       5836     4.0518 0.0000e+00
     98.000     5.8687   3.187644    32.2765       5859     4.0683 0.0000e+00
     97.000     5.8638   3.186622    32.2702       5885     4.0860 0.0000e+00
     96.000     5.8434   3.183257    32.2524       5913     4.1057 0.0000e+00
     95.000     5.8008   3.177681    32.2309       5942     4.1257 0.0000e+00
     94.000     5.7728   3.173763    32.2142       5968     4.1435 0.0000e+00
     93.000     5.7257   3.168088    32.1957       5991     4.1596 0.0000e+00
     92.000     5.6973   3.164248    32.1801       6015     4.1764 0.0000e+00
     91.000     5.6733   3.160908    32.1659       6041     4.1945 0.0000e+00
     90.000     5.6453   3.157534    32.1551       6070     4.2143 0.0000e+00
     89.000     5.5911   3.150419    32.1270       6097     4.2331 0.0000e+00
     88.000     5.5677   3.147720    32.1194       6121     4.2503 0.0000e+00
     87.000     5.5448   3.145019    32.1112       6146     4.2671 0.0000e+00
     86.000     5.5181   3.141420    32.0965       6170     4.2842 0.0000e+00
     85.000     5.5034   3.139600    32.0904       6196     4.3021 0.0000e+00
     84.000     5.4597   3.133933    32.0685       6224     4.3216 0.0000e+00
     83.000     5.4444   3.131898    32.0606       6251     4.3404 0.0000e+00
     82.000     5.4201   3.128652    32.0475       6275     4.3570 0.0000e+00
     81.000     5.3976   3.125670    32.0356       6298     4.3731 0.0000e+00
     80.000     5.3810   3.123400    32.0262       6324     4.3911 0.0000e+00
     79.000     5.3714   3.121898    32.0188       6352     4.4107 0.0000e+00
     78.000     5.3632   3.120632    32.0127       6380     4.4299 0.0000e+00
     77.000     5.3402   3.117699    32.0020       6404     4.4468 0.0000e+00
     76.000     5.3257   3.115793    31.9946       6430     4.4644 0.0000e+00
     75.000     5.3037   3.113011    31.9845       6457     4.4831 0.0000e+00
     74.000     5.2785   3.109968    31.9744       6484     4.5020 0.0000e+00
     73.000     5.2425   3.105769    31.9615       6510     4.5200 0.0000e+00
